lad22cd,category,count_21,count_11,change
E09000001,African language: Afrikaans,4,4,0
E09000001,African language: Akan,2,3,-1
E09000001,African language: Amharic,1,4,-3
E09000001,African language: Any other African language,2,2,0
E09000001,African language: Any other Nigerian language,2,0,2
E09000001,African language: Any other West African language,0,3,-3
E09000001,African language: Igbo,2,0,2
E09000001,African language: Krio,0,0,0
E09000001,African language: Lingala,0,3,-3
E09000001,African language: Luganda,0,0,0
E09000001,African language: Shona,0,2,-2
E09000001,African language: Somali,3,1,2
E09000001,African language: Swahili or Kiswahili,5,4,1
E09000001,African language: Tigrinya,2,4,-2
E09000001,African language: Yoruba,0,0,0
E09000001,Arabic,58,25,33
E09000001,Caribbean Creole: Any other Caribbean Creole,0,0,0
E09000001,Caribbean Creole: English-based Caribbean Creole,0,0,0
E09000001,East Asian language: All other Chinese,148,48,100
E09000001,East Asian language: Any other East Asian language,2,1,1
E09000001,East Asian language: Cantonese Chinese,30,12,18
E09000001,East Asian language: Japanese,50,45,5
E09000001,East Asian language: Korean,14,17,-3
E09000001,East Asian language: Malay,5,6,-1
E09000001,East Asian language: Mandarin Chinese,42,17,25
E09000001,East Asian language: Tagalog or Filipino,13,20,-7
E09000001,East Asian language: Thai,4,11,-7
E09000001,East Asian language: Vietnamese,7,3,4
E09000001,English (English or Welsh in Wales),6624,5976,648
E09000001,French,169,155,14
E09000001,North or South American language,0,0,0
E09000001,Oceanic or Australian language,0,0,0
E09000001,"Other European language (EU and non-EU): Bosnian, Croatian, Serbian, and Montenegrin",14,11,3
E09000001,Other European language (EU): Any other European language (EU),16,5,11
E09000001,Other European language (EU): Bulgarian,14,14,0
E09000001,Other European language (EU): Czech,9,7,2
E09000001,Other European language (EU): Danish,11,17,-6
E09000001,Other European language (EU): Dutch,31,30,1
E09000001,Other European language (EU): Estonian,4,0,4
E09000001,Other European language (EU): Finnish,11,7,4
E09000001,Other European language (EU): German,102,86,16
E09000001,Other European language (EU): Greek,93,58,35
E09000001,Other European language (EU): Hungarian,11,4,7
E09000001,Other European language (EU): Italian,168,80,88
E09000001,Other European language (EU): Latvian,2,0,2
E09000001,Other European language (EU): Lithuanian,15,13,2
E09000001,Other European language (EU): Maltese,0,1,-1
E09000001,Other European language (EU): Polish,86,29,57
E09000001,Other European language (EU): Romanian,26,8,18
E09000001,Other European language (EU): Slovak,13,3,10
E09000001,Other European language (EU): Slovenian,1,1,0
E09000001,Other European language (EU): Swedish,22,30,-8
E09000001,Other European language (non EU): Albanian,17,8,9
E09000001,Other European language (non EU): Any other Eastern European language (non EU),1,0,1
E09000001,Other European language (non EU): Northern European language (non EU),9,13,-4
E09000001,Other European language (non EU): Ukrainian,8,1,7
E09000001,Other European language (non-national): Any Romani language,0,0,0
E09000001,Other European language (non-national): Yiddish,0,0,0
E09000001,Other UK language: Cornish,0,0,0
E09000001,Other UK language: Gaelic (Irish),1,0,1
E09000001,Other UK language: Gaelic (Not otherwise specified),0,0,0
E09000001,Other UK language: Gaelic (Scottish),0,0,0
E09000001,Other UK language: Gypsy or Traveller languages,1,0,1
E09000001,Other UK language: Manx Gaelic,0,0,0
E09000001,Other UK language: Scots,1,0,1
E09000001,Other language,1,2,-1
E09000001,Portuguese,90,47,43
E09000001,Russian,69,42,27
E09000001,Sign language: Any other sign language,0,1,-1
E09000001,Sign language: Any sign communication system,0,2,-2
E09000001,Sign language: British Sign Language,0,0,0
E09000001,South Asian language: Any other South Asian language,1,4,-3
E09000001,South Asian language: Bengali (with Sylheti and Chatgaya),89,115,-26
E09000001,South Asian language: Gujarati,7,9,-2
E09000001,South Asian language: Hindi,11,11,0
E09000001,South Asian language: Malayalam,0,0,0
E09000001,South Asian language: Marathi,4,0,4
E09000001,South Asian language: Nepalese,0,0,0
E09000001,South Asian language: Pakistani Pahari (with Mirpuri and Potwari),0,0,0
E09000001,South Asian language: Panjabi,1,0,1
E09000001,South Asian language: Sinhala,0,1,-1
E09000001,South Asian language: Tamil,2,9,-7
E09000001,South Asian language: Telugu,3,2,1
E09000001,South Asian language: Urdu,3,0,3
E09000001,Spanish,243,127,116
E09000001,Turkish,28,13,15
E09000001,Welsh or Cymraeg (in England only),0,4,-4
E09000001,West or Central Asian language: Any other West or Central Asian language,5,11,-6
E09000001,West or Central Asian language: Hebrew,5,4,1
E09000001,West or Central Asian language: Kurdish,1,3,-2
E09000001,West or Central Asian language: Pashto,0,2,-2
E09000001,West or Central Asian language: Persian or Farsi,11,11,0
E09000002,African language: Afrikaans,5,17,-12
E09000002,African language: Akan,522,530,-8
E09000002,African language: Amharic,90,49,41
E09000002,African language: Any other African language,125,235,-110
E09000002,African language: Any other Nigerian language,107,166,-59
E09000002,African language: Any other West African language,161,156,5
E09000002,African language: Igbo,495,371,124
E09000002,African language: Krio,14,28,-14
E09000002,African language: Lingala,250,197,53
E09000002,African language: Luganda,68,103,-35
E09000002,African language: Shona,68,167,-99
E09000002,African language: Somali,368,424,-56
E09000002,African language: Swahili or Kiswahili,465,846,-381
E09000002,African language: Tigrinya,61,33,28
E09000002,African language: Yoruba,438,708,-270
E09000002,Arabic,677,478,199
E09000002,Caribbean Creole: Any other Caribbean Creole,21,0,21
E09000002,Caribbean Creole: English-based Caribbean Creole,0,0,0
E09000002,East Asian language: All other Chinese,338,416,-78
E09000002,East Asian language: Any other East Asian language,54,57,-3
E09000002,East Asian language: Cantonese Chinese,178,140,38
E09000002,East Asian language: Japanese,18,18,0
E09000002,East Asian language: Korean,17,28,-11
E09000002,East Asian language: Malay,20,22,-2
E09000002,East Asian language: Mandarin Chinese,140,55,85
E09000002,East Asian language: Tagalog or Filipino,393,601,-208
E09000002,East Asian language: Thai,53,141,-88
E09000002,East Asian language: Vietnamese,87,46,41
E09000002,English (English or Welsh in Wales),158652,141962,16690
E09000002,French,831,1270,-439
E09000002,North or South American language,0,0,0
E09000002,Oceanic or Australian language,1,5,-4
E09000002,"Other European language (EU and non-EU): Bosnian, Croatian, Serbian, and Montenegrin",78,79,-1
E09000002,Other European language (EU): Any other European language (EU),18,4,14
E09000002,Other European language (EU): Bulgarian,2343,812,1531
E09000002,Other European language (EU): Czech,48,72,-24
E09000002,Other European language (EU): Danish,13,7,6
E09000002,Other European language (EU): Dutch,51,113,-62
E09000002,Other European language (EU): Estonian,8,30,-22
E09000002,Other European language (EU): Finnish,11,17,-6
E09000002,Other European language (EU): German,104,181,-77
E09000002,Other European language (EU): Greek,204,110,94
E09000002,Other European language (EU): Hungarian,324,106,218
E09000002,Other European language (EU): Italian,734,215,519
E09000002,Other European language (EU): Latvian,119,83,36
E09000002,Other European language (EU): Lithuanian,4427,3935,492
E09000002,Other European language (EU): Maltese,13,29,-16
E09000002,Other European language (EU): Polish,1750,1786,-36
E09000002,Other European language (EU): Romanian,9988,1182,8806
E09000002,Other European language (EU): Slovak,76,80,-4
E09000002,Other European language (EU): Slovenian,2,1,1
E09000002,Other European language (EU): Swedish,8,23,-15
E09000002,Other European language (non EU): Albanian,1518,1399,119
E09000002,Other European language (non EU): Any other Eastern European language (non EU),2,5,-3
E09000002,Other European language (non EU): Northern European language (non EU),6,6,0
E09000002,Other European language (non EU): Ukrainian,326,64,262
E09000002,Other European language (non-national): Any Romani language,1,12,-11
E09000002,Other European language (non-national): Yiddish,0,0,0
E09000002,Other UK language: Cornish,1,0,1
E09000002,Other UK language: Gaelic (Irish),0,3,-3
E09000002,Other UK language: Gaelic (Not otherwise specified),0,1,-1
E09000002,Other UK language: Gaelic (Scottish),0,0,0
E09000002,Other UK language: Gypsy or Traveller languages,33,5,28
E09000002,Other UK language: Manx Gaelic,0,1,-1
E09000002,Other UK language: Scots,0,1,-1
E09000002,Other language,81,168,-87
E09000002,Portuguese,1953,1368,585
E09000002,Russian,921,558,363
E09000002,Sign language: Any other sign language,7,8,-1
E09000002,Sign language: Any sign communication system,8,9,-1
E09000002,Sign language: British Sign Language,149,87,62
E09000002,South Asian language: Any other South Asian language,154,144,10
E09000002,South Asian language: Bengali (with Sylheti and Chatgaya),6475,3512,2963
E09000002,South Asian language: Gujarati,635,585,50
E09000002,South Asian language: Hindi,424,381,43
E09000002,South Asian language: Malayalam,559,331,228
E09000002,South Asian language: Marathi,56,31,25
E09000002,South Asian language: Nepalese,233,112,121
E09000002,South Asian language: Pakistani Pahari (with Mirpuri and Potwari),8,3,5
E09000002,South Asian language: Panjabi,2448,1657,791
E09000002,South Asian language: Sinhala,84,135,-51
E09000002,South Asian language: Tamil,1113,816,297
E09000002,South Asian language: Telugu,438,291,147
E09000002,South Asian language: Urdu,3791,2975,816
E09000002,Spanish,734,393,341
E09000002,Turkish,722,804,-82
E09000002,Welsh or Cymraeg (in England only),1,5,-4
E09000002,West or Central Asian language: Any other West or Central Asian language,77,89,-12
E09000002,West or Central Asian language: Hebrew,0,12,-12
E09000002,West or Central Asian language: Kurdish,118,56,62
E09000002,West or Central Asian language: Pashto,379,205,174
E09000002,West or Central Asian language: Persian or Farsi,405,301,104
E09000003,African language: Afrikaans,29,81,-52
E09000003,African language: Akan,259,284,-25
E09000003,African language: Amharic,154,78,76
E09000003,African language: Any other African language,150,397,-247
E09000003,African language: Any other Nigerian language,40,138,-98
E09000003,African language: Any other West African language,117,101,16
E09000003,African language: Igbo,148,179,-31
E09000003,African language: Krio,9,25,-16
E09000003,African language: Lingala,107,83,24
E09000003,African language: Luganda,19,59,-40
E09000003,African language: Shona,26,90,-64
E09000003,African language: Somali,1124,1772,-648
E09000003,African language: Swahili or Kiswahili,188,388,-200
E09000003,African language: Tigrinya,145,90,55
E09000003,African language: Yoruba,89,170,-81
E09000003,Arabic,3806,3305,501
E09000003,Caribbean Creole: Any other Caribbean Creole,15,1,14
E09000003,Caribbean Creole: English-based Caribbean Creole,0,0,0
E09000003,East Asian language: All other Chinese,1968,2503,-535
E09000003,East Asian language: Any other East Asian language,239,414,-175
E09000003,East Asian language: Cantonese Chinese,1272,802,470
E09000003,East Asian language: Japanese,1653,2449,-796
E09000003,East Asian language: Korean,211,332,-121
E09000003,East Asian language: Malay,208,278,-70
E09000003,East Asian language: Mandarin Chinese,609,466,143
E09000003,East Asian language: Tagalog or Filipino,1799,1766,33
E09000003,East Asian language: Thai,165,218,-53
E09000003,East Asian language: Vietnamese,129,86,43
E09000003,English (English or Welsh in Wales),289057,260753,28304
E09000003,French,1611,2177,-566
E09000003,North or South American language,1,33,-32
E09000003,Oceanic or Australian language,5,8,-3
E09000003,"Other European language (EU and non-EU): Bosnian, Croatian, Serbian, and Montenegrin",515,438,77
E09000003,Other European language (EU): Any other European language (EU),64,38,26
E09000003,Other European language (EU): Bulgarian,2238,1190,1048
E09000003,Other European language (EU): Czech,419,570,-151
E09000003,Other European language (EU): Danish,65,155,-90
E09000003,Other European language (EU): Dutch,178,317,-139
E09000003,Other European language (EU): Estonian,25,34,-9
E09000003,Other European language (EU): Finnish,41,88,-47
E09000003,Other European language (EU): German,556,953,-397
E09000003,Other European language (EU): Greek,2928,2103,825
E09000003,Other European language (EU): Hungarian,1928,1715,213
E09000003,Other European language (EU): Italian,2954,1897,1057
E09000003,Other European language (EU): Latvian,115,147,-32
E09000003,Other European language (EU): Lithuanian,669,854,-185
E09000003,Other European language (EU): Maltese,10,30,-20
E09000003,Other European language (EU): Polish,5542,7930,-2388
E09000003,Other European language (EU): Romanian,11164,3995,7169
E09000003,Other European language (EU): Slovak,754,1400,-646
E09000003,Other European language (EU): Slovenian,33,13,20
E09000003,Other European language (EU): Swedish,165,254,-89
E09000003,Other European language (non EU): Albanian,3209,1757,1452
E09000003,Other European language (non EU): Any other Eastern European language (non EU),7,69,-62
E09000003,Other European language (non EU): Northern European language (non EU),90,162,-72
E09000003,Other European language (non EU): Ukrainian,296,90,206
E09000003,Other European language (non-national): Any Romani language,2,26,-24
E09000003,Other European language (non-national): Yiddish,9,47,-38
E09000003,Other UK language: Cornish,0,0,0
E09000003,Other UK language: Gaelic (Irish),12,13,-1
E09000003,Other UK language: Gaelic (Not otherwise specified),3,5,-2
E09000003,Other UK language: Gaelic (Scottish),1,1,0
E09000003,Other UK language: Gypsy or Traveller languages,39,1,38
E09000003,Other UK language: Manx Gaelic,0,0,0
E09000003,Other UK language: Scots,1,10,-9
E09000003,Other language,86,286,-200
E09000003,Portuguese,3926,2839,1087
E09000003,Russian,1506,1312,194
E09000003,Sign language: Any other sign language,13,11,2
E09000003,Sign language: Any sign communication system,21,35,-14
E09000003,Sign language: British Sign Language,182,92,90
E09000003,South Asian language: Any other South Asian language,267,368,-101
E09000003,South Asian language: Bengali (with Sylheti and Chatgaya),768,1062,-294
E09000003,South Asian language: Gujarati,5207,7278,-2071
E09000003,South Asian language: Hindi,721,845,-124
E09000003,South Asian language: Malayalam,293,179,114
E09000003,South Asian language: Marathi,182,134,48
E09000003,South Asian language: Nepalese,590,811,-221
E09000003,South Asian language: Pakistani Pahari (with Mirpuri and Potwari),1,0,1
E09000003,South Asian language: Panjabi,454,577,-123
E09000003,South Asian language: Sinhala,304,497,-193
E09000003,South Asian language: Tamil,1185,1324,-139
E09000003,South Asian language: Telugu,172,83,89
E09000003,South Asian language: Urdu,1178,1750,-572
E09000003,Spanish,3182,2164,1018
E09000003,Turkish,2336,2025,311
E09000003,Welsh or Cymraeg (in England only),24,39,-15
E09000003,West or Central Asian language: Any other West or Central Asian language,399,410,-11
E09000003,West or Central Asian language: Hebrew,1470,1542,-72
E09000003,West or Central Asian language: Kurdish,638,520,118
E09000003,West or Central Asian language: Pashto,2173,1781,392
E09000003,West or Central Asian language: Persian or Farsi,8442,6639,1803
E09000004,African language: Afrikaans,36,55,-19
E09000004,African language: Akan,141,160,-19
E09000004,African language: Amharic,30,11,19
E09000004,African language: Any other African language,44,113,-69
E09000004,African language: Any other Nigerian language,48,84,-36
E09000004,African language: Any other West African language,67,59,8
E09000004,African language: Igbo,315,171,144
E09000004,African language: Krio,15,26,-11
E09000004,African language: Lingala,13,9,4
E09000004,African language: Luganda,12,32,-20
E09000004,African language: Shona,55,163,-108
E09000004,African language: Somali,32,59,-27
E09000004,African language: Swahili or Kiswahili,28,47,-19
E09000004,African language: Tigrinya,38,5,33
E09000004,African language: Yoruba,360,554,-194
E09000004,Arabic,292,198,94
E09000004,Caribbean Creole: Any other Caribbean Creole,11,1,10
E09000004,Caribbean Creole: English-based Caribbean Creole,0,0,0
E09000004,East Asian language: All other Chinese,717,548,169
E09000004,East Asian language: Any other East Asian language,45,28,17
E09000004,East Asian language: Cantonese Chinese,450,400,50
E09000004,East Asian language: Japanese,62,43,19
E09000004,East Asian language: Korean,25,10,15
E09000004,East Asian language: Malay,22,19,3
E09000004,East Asian language: Mandarin Chinese,225,80,145
E09000004,East Asian language: Tagalog or Filipino,150,168,-18
E09000004,East Asian language: Thai,96,159,-63
E09000004,East Asian language: Vietnamese,262,188,74
E09000004,English (English or Welsh in Wales),214970,209507,5463
E09000004,French,543,499,44
E09000004,North or South American language,0,4,-4
E09000004,Oceanic or Australian language,1,1,0
E09000004,"Other European language (EU and non-EU): Bosnian, Croatian, Serbian, and Montenegrin",42,34,8
E09000004,Other European language (EU): Any other European language (EU),12,8,4
E09000004,Other European language (EU): Bulgarian,969,262,707
E09000004,Other European language (EU): Czech,50,65,-15
E09000004,Other European language (EU): Danish,19,26,-7
E09000004,Other European language (EU): Dutch,50,88,-38
E09000004,Other European language (EU): Estonian,6,11,-5
E09000004,Other European language (EU): Finnish,25,24,1
E09000004,Other European language (EU): German,103,146,-43
E09000004,Other European language (EU): Greek,213,104,109
E09000004,Other European language (EU): Hungarian,271,71,200
E09000004,Other European language (EU): Italian,489,205,284
E09000004,Other European language (EU): Latvian,117,64,53
E09000004,Other European language (EU): Lithuanian,922,567,355
E09000004,Other European language (EU): Maltese,10,20,-10
E09000004,Other European language (EU): Polish,1505,918,587
E09000004,Other European language (EU): Romanian,2258,188,2070
E09000004,Other European language (EU): Slovak,104,110,-6
E09000004,Other European language (EU): Slovenian,9,1,8
E09000004,Other European language (EU): Swedish,25,31,-6
E09000004,Other European language (non EU): Albanian,469,252,217
E09000004,Other European language (non EU): Any other Eastern European language (non EU),6,3,3
E09000004,Other European language (non EU): Northern European language (non EU),12,48,-36
E09000004,Other European language (non EU): Ukrainian,197,26,171
E09000004,Other European language (non-national): Any Romani language,0,4,-4
E09000004,Other European language (non-national): Yiddish,0,0,0
E09000004,Other UK language: Cornish,0,0,0
E09000004,Other UK language: Gaelic (Irish),4,3,1
E09000004,Other UK language: Gaelic (Not otherwise specified),4,2,2
E09000004,Other UK language: Gaelic (Scottish),0,0,0
E09000004,Other UK language: Gypsy or Traveller languages,5,0,5
E09000004,Other UK language: Manx Gaelic,0,0,0
E09000004,Other UK language: Scots,0,0,0
E09000004,Other language,23,83,-60
E09000004,Portuguese,725,315,410
E09000004,Russian,578,267,311
E09000004,Sign language: Any other sign language,1,14,-13
E09000004,Sign language: Any sign communication system,5,11,-6
E09000004,Sign language: British Sign Language,114,91,23
E09000004,South Asian language: Any other South Asian language,96,67,29
E09000004,South Asian language: Bengali (with Sylheti and Chatgaya),511,377,134
E09000004,South Asian language: Gujarati,691,533,158
E09000004,South Asian language: Hindi,378,161,217
E09000004,South Asian language: Malayalam,170,47,123
E09000004,South Asian language: Marathi,77,11,66
E09000004,South Asian language: Nepalese,1166,196,970
E09000004,South Asian language: Pakistani Pahari (with Mirpuri and Potwari),1,1,0
E09000004,South Asian language: Panjabi,2175,1655,520
E09000004,South Asian language: Sinhala,115,139,-24
E09000004,South Asian language: Tamil,1254,736,518
E09000004,South Asian language: Telugu,284,25,259
E09000004,South Asian language: Urdu,307,210,97
E09000004,Spanish,601,292,309
E09000004,Turkish,765,686,79
E09000004,Welsh or Cymraeg (in England only),12,12,0
E09000004,West or Central Asian language: Any other West or Central Asian language,72,44,28
E09000004,West or Central Asian language: Hebrew,6,5,1
E09000004,West or Central Asian language: Kurdish,154,93,61
E09000004,West or Central Asian language: Pashto,105,37,68
E09000004,West or Central Asian language: Persian or Farsi,240,164,76
E09000005,African language: Afrikaans,18,52,-34
E09000005,African language: Akan,298,554,-256
E09000005,African language: Amharic,245,276,-31
E09000005,African language: Any other African language,117,300,-183
E09000005,African language: Any other Nigerian language,38,171,-133
E09000005,African language: Any other West African language,119,216,-97
E09000005,African language: Igbo,110,168,-58
E09000005,African language: Krio,7,32,-25
E09000005,African language: Lingala,104,108,-4
E09000005,African language: Luganda,29,46,-17
E09000005,African language: Shona,13,38,-25
E09000005,African language: Somali,4201,6079,-1878
E09000005,African language: Swahili or Kiswahili,119,236,-117
E09000005,African language: Tigrinya,558,561,-3
E09000005,African language: Yoruba,103,183,-80
E09000005,Arabic,10618,7892,2726
E09000005,Caribbean Creole: Any other Caribbean Creole,15,6,9
E09000005,Caribbean Creole: English-based Caribbean Creole,6,8,-2
E09000005,East Asian language: All other Chinese,866,907,-41
E09000005,East Asian language: Any other East Asian language,236,524,-288
E09000005,East Asian language: Cantonese Chinese,384,298,86
E09000005,East Asian language: Japanese,227,364,-137
E09000005,East Asian language: Korean,66,72,-6
E09000005,East Asian language: Malay,130,185,-55
E09000005,East Asian language: Mandarin Chinese,237,187,50
E09000005,East Asian language: Tagalog or Filipino,2109,2324,-215
E09000005,East Asian language: Thai,128,191,-63
E09000005,East Asian language: Vietnamese,64,53,11
E09000005,English (English or Welsh in Wales),217371,186900,30471
E09000005,French,2004,2229,-225
E09000005,North or South American language,2,96,-94
E09000005,Oceanic or Australian language,6,15,-9
E09000005,"Other European language (EU and non-EU): Bosnian, Croatian, Serbian, and Montenegrin",258,289,-31
E09000005,Other European language (EU): Any other European language (EU),98,56,42
E09000005,Other European language (EU): Bulgarian,1086,939,147
E09000005,Other European language (EU): Czech,168,260,-92
E09000005,Other European language (EU): Danish,61,133,-72
E09000005,Other European language (EU): Dutch,205,368,-163
E09000005,Other European language (EU): Estonian,31,32,-1
E09000005,Other European language (EU): Finnish,46,61,-15
E09000005,Other European language (EU): German,449,723,-274
E09000005,Other European language (EU): Greek,1206,734,472
E09000005,Other European language (EU): Hungarian,1806,1418,388
E09000005,Other European language (EU): Italian,3486,1895,1591
E09000005,Other European language (EU): Latvian,100,172,-72
E09000005,Other European language (EU): Lithuanian,490,919,-429
E09000005,Other European language (EU): Maltese,12,18,-6
E09000005,Other European language (EU): Polish,5817,10153,-4336
E09000005,Other European language (EU): Romanian,15570,5722,9848
E09000005,Other European language (EU): Slovak,203,488,-285
E09000005,Other European language (EU): Slovenian,22,17,5
E09000005,Other European language (EU): Swedish,160,303,-143
E09000005,Other European language (non EU): Albanian,1118,1056,62
E09000005,Other European language (non EU): Any other Eastern European language (non EU),5,32,-27
E09000005,Other European language (non EU): Northern European language (non EU),122,107,15
E09000005,Other European language (non EU): Ukrainian,228,111,117
E09000005,Other European language (non-national): Any Romani language,5,24,-19
E09000005,Other European language (non-national): Yiddish,8,1,7
E09000005,Other UK language: Cornish,1,1,0
E09000005,Other UK language: Gaelic (Irish),18,58,-40
E09000005,Other UK language: Gaelic (Not otherwise specified),8,15,-7
E09000005,Other UK language: Gaelic (Scottish),0,0,0
E09000005,Other UK language: Gypsy or Traveller languages,85,7,78
E09000005,Other UK language: Manx Gaelic,0,0,0
E09000005,Other UK language: Scots,3,2,1
E09000005,Other language,82,306,-224
E09000005,Portuguese,7817,6442,1375
E09000005,Russian,584,577,7
E09000005,Sign language: Any other sign language,9,35,-26
E09000005,Sign language: Any sign communication system,17,19,-2
E09000005,Sign language: British Sign Language,210,108,102
E09000005,South Asian language: Any other South Asian language,1271,754,517
E09000005,South Asian language: Bengali (with Sylheti and Chatgaya),630,836,-206
E09000005,South Asian language: Gujarati,21513,23500,-1987
E09000005,South Asian language: Hindi,1612,1917,-305
E09000005,South Asian language: Malayalam,576,326,250
E09000005,South Asian language: Marathi,268,280,-12
E09000005,South Asian language: Nepalese,1351,2342,-991
E09000005,South Asian language: Pakistani Pahari (with Mirpuri and Potwari),28,34,-6
E09000005,South Asian language: Panjabi,1101,1530,-429
E09000005,South Asian language: Sinhala,431,1087,-656
E09000005,South Asian language: Tamil,4594,6141,-1547
E09000005,South Asian language: Telugu,271,368,-97
E09000005,South Asian language: Urdu,3015,4571,-1556
E09000005,Spanish,3203,2212,991
E09000005,Turkish,568,334,234
E09000005,Welsh or Cymraeg (in England only),41,56,-15
E09000005,West or Central Asian language: Any other West or Central Asian language,182,358,-176
E09000005,West or Central Asian language: Hebrew,89,98,-9
E09000005,West or Central Asian language: Kurdish,540,621,-81
E09000005,West or Central Asian language: Pashto,1713,1802,-89
E09000005,West or Central Asian language: Persian or Farsi,2636,3341,-705
E09000006,African language: Afrikaans,113,167,-54
E09000006,African language: Akan,99,116,-17
E09000006,African language: Amharic,66,23,43
E09000006,African language: Any other African language,63,103,-40
E09000006,African language: Any other Nigerian language,31,29,2
E09000006,African language: Any other West African language,58,37,21
E09000006,African language: Igbo,105,58,47
E09000006,African language: Krio,10,11,-1
E09000006,African language: Lingala,17,19,-2
E09000006,African language: Luganda,15,29,-14
E09000006,African language: Shona,52,81,-29
E09000006,African language: Somali,147,206,-59
E09000006,African language: Swahili or Kiswahili,24,47,-23
E09000006,African language: Tigrinya,54,45,9
E09000006,African language: Yoruba,99,150,-51
E09000006,Arabic,544,542,2
E09000006,Caribbean Creole: Any other Caribbean Creole,7,0,7
E09000006,Caribbean Creole: English-based Caribbean Creole,5,1,4
E09000006,East Asian language: All other Chinese,884,668,216
E09000006,East Asian language: Any other East Asian language,47,39,8
E09000006,East Asian language: Cantonese Chinese,396,235,161
E09000006,East Asian language: Japanese,254,235,19
E09000006,East Asian language: Korean,35,29,6
E09000006,East Asian language: Malay,25,39,-14
E09000006,East Asian language: Mandarin Chinese,298,97,201
E09000006,East Asian language: Tagalog or Filipino,595,429,166
E09000006,East Asian language: Thai,137,163,-26
E09000006,East Asian language: Vietnamese,114,60,54
E09000006,English (English or Welsh in Wales),292904,280077,12827
E09000006,French,896,1056,-160
E09000006,North or South American language,0,2,-2
E09000006,Oceanic or Australian language,1,0,1
E09000006,"Other European language (EU and non-EU): Bosnian, Croatian, Serbian, and Montenegrin",154,99,55
E09000006,Other European language (EU): Any other European language (EU),25,15,10
E09000006,Other European language (EU): Bulgarian,794,336,458
E09000006,Other European language (EU): Czech,119,112,7
E09000006,Other European language (EU): Danish,57,90,-33
E09000006,Other European language (EU): Dutch,123,188,-65
E09000006,Other European language (EU): Estonian,11,26,-15
E09000006,Other European language (EU): Finnish,39,42,-3
E09000006,Other European language (EU): German,311,483,-172
E09000006,Other European language (EU): Greek,553,194,359
E09000006,Other European language (EU): Hungarian,435,229,206
E09000006,Other European language (EU): Italian,1167,626,541
E09000006,Other European language (EU): Latvian,62,70,-8
E09000006,Other European language (EU): Lithuanian,702,455,247
E09000006,Other European language (EU): Maltese,16,29,-13
E09000006,Other European language (EU): Polish,1862,1597,265
E09000006,Other European language (EU): Romanian,1772,333,1439
E09000006,Other European language (EU): Slovak,138,143,-5
E09000006,Other European language (EU): Slovenian,8,4,4
E09000006,Other European language (EU): Swedish,91,114,-23
E09000006,Other European language (non EU): Albanian,685,417,268
E09000006,Other European language (non EU): Any other Eastern European language (non EU),3,25,-22
E09000006,Other European language (non EU): Northern European language (non EU),38,84,-46
E09000006,Other European language (non EU): Ukrainian,207,49,158
E09000006,Other European language (non-national): Any Romani language,0,6,-6
E09000006,Other European language (non-national): Yiddish,0,0,0
E09000006,Other UK language: Cornish,1,1,0
E09000006,Other UK language: Gaelic (Irish),12,13,-1
E09000006,Other UK language: Gaelic (Not otherwise specified),2,6,-4
E09000006,Other UK language: Gaelic (Scottish),0,0,0
E09000006,Other UK language: Gypsy or Traveller languages,13,0,13
E09000006,Other UK language: Manx Gaelic,0,0,0
E09000006,Other UK language: Scots,1,6,-5
E09000006,Other language,37,78,-41
E09000006,Portuguese,1880,765,1115
E09000006,Russian,935,558,377
E09000006,Sign language: Any other sign language,5,17,-12
E09000006,Sign language: Any sign communication system,15,18,-3
E09000006,Sign language: British Sign Language,154,107,47
E09000006,South Asian language: Any other South Asian language,216,92,124
E09000006,South Asian language: Bengali (with Sylheti and Chatgaya),483,532,-49
E09000006,South Asian language: Gujarati,477,542,-65
E09000006,South Asian language: Hindi,628,273,355
E09000006,South Asian language: Malayalam,424,119,305
E09000006,South Asian language: Marathi,154,25,129
E09000006,South Asian language: Nepalese,143,120,23
E09000006,South Asian language: Pakistani Pahari (with Mirpuri and Potwari),0,0,0
E09000006,South Asian language: Panjabi,229,180,49
E09000006,South Asian language: Sinhala,100,128,-28
E09000006,South Asian language: Tamil,1109,684,425
E09000006,South Asian language: Telugu,380,68,312
E09000006,South Asian language: Urdu,322,277,45
E09000006,Spanish,1727,798,929
E09000006,Turkish,1038,803,235
E09000006,Welsh or Cymraeg (in England only),40,40,0
E09000006,West or Central Asian language: Any other West or Central Asian language,45,43,2
E09000006,West or Central Asian language: Hebrew,27,23,4
E09000006,West or Central Asian language: Kurdish,128,97,31
E09000006,West or Central Asian language: Pashto,63,50,13
E09000006,West or Central Asian language: Persian or Farsi,350,277,73
E09000007,African language: Afrikaans,32,46,-14
E09000007,African language: Akan,56,94,-38
E09000007,African language: Amharic,307,343,-36
E09000007,African language: Any other African language,120,233,-113
E09000007,African language: Any other Nigerian language,16,44,-28
E09000007,African language: Any other West African language,40,49,-9
E09000007,African language: Igbo,18,45,-27
E09000007,African language: Krio,7,11,-4
E09000007,African language: Lingala,110,151,-41
E09000007,African language: Luganda,10,26,-16
E09000007,African language: Shona,5,9,-4
E09000007,African language: Somali,1651,2545,-894
E09000007,African language: Swahili or Kiswahili,37,63,-26
E09000007,African language: Tigrinya,386,484,-98
E09000007,African language: Yoruba,35,63,-28
E09000007,Arabic,2337,2171,166
E09000007,Caribbean Creole: Any other Caribbean Creole,12,0,12
E09000007,Caribbean Creole: English-based Caribbean Creole,0,1,-1
E09000007,East Asian language: All other Chinese,1881,1761,120
E09000007,East Asian language: Any other East Asian language,96,156,-60
E09000007,East Asian language: Cantonese Chinese,517,527,-10
E09000007,East Asian language: Japanese,1240,1609,-369
E09000007,East Asian language: Korean,262,523,-261
E09000007,East Asian language: Malay,143,139,4
E09000007,East Asian language: Mandarin Chinese,625,360,265
E09000007,East Asian language: Tagalog or Filipino,965,1012,-47
E09000007,East Asian language: Thai,173,317,-144
E09000007,East Asian language: Vietnamese,100,100,0
E09000007,English (English or Welsh in Wales),160655,162326,-1671
E09000007,French,4538,4225,313
E09000007,North or South American language,1,3,-2
E09000007,Oceanic or Australian language,1,2,-1
E09000007,"Other European language (EU and non-EU): Bosnian, Croatian, Serbian, and Montenegrin",327,438,-111
E09000007,Other European language (EU): Any other European language (EU),120,128,-8
E09000007,Other European language (EU): Bulgarian,283,244,39
E09000007,Other European language (EU): Czech,140,202,-62
E09000007,Other European language (EU): Danish,208,263,-55
E09000007,Other European language (EU): Dutch,379,480,-101
E09000007,Other European language (EU): Estonian,20,33,-13
E09000007,Other European language (EU): Finnish,120,203,-83
E09000007,Other European language (EU): German,1273,2193,-920
E09000007,Other European language (EU): Greek,1544,1714,-170
E09000007,Other European language (EU): Hungarian,377,368,9
E09000007,Other European language (EU): Italian,3080,2626,454
E09000007,Other European language (EU): Latvian,56,57,-1
E09000007,Other European language (EU): Lithuanian,210,172,38
E09000007,Other European language (EU): Maltese,12,28,-16
E09000007,Other European language (EU): Polish,1036,1944,-908
E09000007,Other European language (EU): Romanian,637,289,348
E09000007,Other European language (EU): Slovak,178,185,-7
E09000007,Other European language (EU): Slovenian,55,38,17
E09000007,Other European language (EU): Swedish,333,706,-373
E09000007,Other European language (non EU): Albanian,1457,2043,-586
E09000007,Other European language (non EU): Any other Eastern European language (non EU),14,28,-14
E09000007,Other European language (non EU): Northern European language (non EU),166,284,-118
E09000007,Other European language (non EU): Ukrainian,90,54,36
E09000007,Other European language (non-national): Any Romani language,0,3,-3
E09000007,Other European language (non-national): Yiddish,0,1,-1
E09000007,Other UK language: Cornish,0,0,0
E09000007,Other UK language: Gaelic (Irish),8,26,-18
E09000007,Other UK language: Gaelic (Not otherwise specified),4,12,-8
E09000007,Other UK language: Gaelic (Scottish),3,1,2
E09000007,Other UK language: Gypsy or Traveller languages,18,11,7
E09000007,Other UK language: Manx Gaelic,0,0,0
E09000007,Other UK language: Scots,2,4,-2
E09000007,Other language,37,140,-103
E09000007,Portuguese,1998,2004,-6
E09000007,Russian,1310,1147,163
E09000007,Sign language: Any other sign language,2,5,-3
E09000007,Sign language: Any sign communication system,8,9,-1
E09000007,Sign language: British Sign Language,87,65,22
E09000007,South Asian language: Any other South Asian language,75,149,-74
E09000007,South Asian language: Bengali (with Sylheti and Chatgaya),4080,6449,-2369
E09000007,South Asian language: Gujarati,142,260,-118
E09000007,South Asian language: Hindi,177,194,-17
E09000007,South Asian language: Malayalam,54,40,14
E09000007,South Asian language: Marathi,29,19,10
E09000007,South Asian language: Nepalese,67,129,-62
E09000007,South Asian language: Pakistani Pahari (with Mirpuri and Potwari),0,0,0
E09000007,South Asian language: Panjabi,41,43,-2
E09000007,South Asian language: Sinhala,43,66,-23
E09000007,South Asian language: Tamil,94,76,18
E09000007,South Asian language: Telugu,20,12,8
E09000007,South Asian language: Urdu,256,358,-102
E09000007,Spanish,3521,3107,414
E09000007,Turkish,901,708,193
E09000007,Welsh or Cymraeg (in England only),63,58,5
E09000007,West or Central Asian language: Any other West or Central Asian language,142,274,-132
E09000007,West or Central Asian language: Hebrew,600,650,-50
E09000007,West or Central Asian language: Kurdish,345,338,7
E09000007,West or Central Asian language: Pashto,245,308,-63
E09000007,West or Central Asian language: Persian or Farsi,1174,1265,-91
E09000008,African language: Afrikaans,63,121,-58
E09000008,African language: Akan,1010,1162,-152
E09000008,African language: Amharic,185,141,44
E09000008,African language: Any other African language,193,346,-153
E09000008,African language: Any other Nigerian language,54,104,-50
E09000008,African language: Any other West African language,374,282,92
E09000008,African language: Igbo,248,233,15
E09000008,African language: Krio,39,35,4
E09000008,African language: Lingala,158,130,28
E09000008,African language: Luganda,165,286,-121
E09000008,African language: Shona,84,218,-134
E09000008,African language: Somali,681,755,-74
E09000008,African language: Swahili or Kiswahili,100,175,-75
E09000008,African language: Tigrinya,279,194,85
E09000008,African language: Yoruba,238,341,-103
E09000008,Arabic,1142,1002,140
E09000008,Caribbean Creole: Any other Caribbean Creole,66,4,62
E09000008,Caribbean Creole: English-based Caribbean Creole,8,14,-6
E09000008,East Asian language: All other Chinese,760,1061,-301
E09000008,East Asian language: Any other East Asian language,126,134,-8
E09000008,East Asian language: Cantonese Chinese,423,373,50
E09000008,East Asian language: Japanese,181,304,-123
E09000008,East Asian language: Korean,106,64,42
E09000008,East Asian language: Malay,48,70,-22
E09000008,East Asian language: Mandarin Chinese,245,222,23
E09000008,East Asian language: Tagalog or Filipino,554,641,-87
E09000008,East Asian language: Thai,121,210,-89
E09000008,East Asian language: Vietnamese,275,144,131
E09000008,English (English or Welsh in Wales),315336,296232,19104
E09000008,French,1795,2408,-613
E09000008,North or South American language,4,22,-18
E09000008,Oceanic or Australian language,2,3,-1
E09000008,"Other European language (EU and non-EU): Bosnian, Croatian, Serbian, and Montenegrin",126,134,-8
E09000008,Other European language (EU): Any other European language (EU),45,16,29
E09000008,Other European language (EU): Bulgarian,1629,612,1017
E09000008,Other European language (EU): Czech,183,273,-90
E09000008,Other European language (EU): Danish,46,81,-35
E09000008,Other European language (EU): Dutch,122,202,-80
E09000008,Other European language (EU): Estonian,35,26,9
E09000008,Other European language (EU): Finnish,66,53,13
E09000008,Other European language (EU): German,300,548,-248
E09000008,Other European language (EU): Greek,713,416,297
E09000008,Other European language (EU): Hungarian,849,573,276
E09000008,Other European language (EU): Italian,2028,968,1060
E09000008,Other European language (EU): Latvian,117,61,56
E09000008,Other European language (EU): Lithuanian,695,714,-19
E09000008,Other European language (EU): Maltese,22,53,-31
E09000008,Other European language (EU): Polish,6262,4940,1322
E09000008,Other European language (EU): Romanian,4194,736,3458
E09000008,Other European language (EU): Slovak,236,354,-118
E09000008,Other European language (EU): Slovenian,12,10,2
E09000008,Other European language (EU): Swedish,88,118,-30
E09000008,Other European language (non EU): Albanian,803,427,376
E09000008,Other European language (non EU): Any other Eastern European language (non EU),0,18,-18
E09000008,Other European language (non EU): Northern European language (non EU),58,56,2
E09000008,Other European language (non EU): Ukrainian,215,54,161
E09000008,Other European language (non-national): Any Romani language,0,7,-7
E09000008,Other European language (non-national): Yiddish,1,0,1
E09000008,Other UK language: Cornish,0,1,-1
E09000008,Other UK language: Gaelic (Irish),5,13,-8
E09000008,Other UK language: Gaelic (Not otherwise specified),8,5,3
E09000008,Other UK language: Gaelic (Scottish),1,0,1
E09000008,Other UK language: Gypsy or Traveller languages,16,6,10
E09000008,Other UK language: Manx Gaelic,0,1,-1
E09000008,Other UK language: Scots,0,5,-5
E09000008,Other language,164,457,-293
E09000008,Portuguese,4876,2024,2852
E09000008,Russian,666,503,163
E09000008,Sign language: Any other sign language,9,30,-21
E09000008,Sign language: Any sign communication system,27,53,-26
E09000008,Sign language: British Sign Language,188,177,11
E09000008,South Asian language: Any other South Asian language,368,314,54
E09000008,South Asian language: Bengali (with Sylheti and Chatgaya),959,1166,-207
E09000008,South Asian language: Gujarati,3281,4214,-933
E09000008,South Asian language: Hindi,725,762,-37
E09000008,South Asian language: Malayalam,1814,1428,386
E09000008,South Asian language: Marathi,207,145,62
E09000008,South Asian language: Nepalese,138,215,-77
E09000008,South Asian language: Pakistani Pahari (with Mirpuri and Potwari),4,8,-4
E09000008,South Asian language: Panjabi,988,1096,-108
E09000008,South Asian language: Sinhala,225,271,-46
E09000008,South Asian language: Tamil,5215,5172,43
E09000008,South Asian language: Telugu,343,184,159
E09000008,South Asian language: Urdu,3604,3906,-302
E09000008,Spanish,3813,1378,2435
E09000008,Turkish,1264,1482,-218
E09000008,Welsh or Cymraeg (in England only),40,20,20
E09000008,West or Central Asian language: Any other West or Central Asian language,82,131,-49
E09000008,West or Central Asian language: Hebrew,11,10,1
E09000008,West or Central Asian language: Kurdish,748,714,34
E09000008,West or Central Asian language: Pashto,855,659,196
E09000008,West or Central Asian language: Persian or Farsi,1021,1020,1
E09000009,African language: Afrikaans,68,135,-67
E09000009,African language: Akan,74,181,-107
E09000009,African language: Amharic,301,163,138
E09000009,African language: Any other African language,136,282,-146
E09000009,African language: Any other Nigerian language,23,92,-69
E09000009,African language: Any other West African language,47,79,-32
E09000009,African language: Igbo,41,89,-48
E09000009,African language: Krio,5,10,-5
E09000009,African language: Lingala,41,43,-2
E09000009,African language: Luganda,13,38,-25
E09000009,African language: Shona,27,78,-51
E09000009,African language: Somali,3391,5611,-2220
E09000009,African language: Swahili or Kiswahili,122,202,-80
E09000009,African language: Tigrinya,296,212,84
E09000009,African language: Yoruba,46,100,-54
E09000009,Arabic,8775,6989,1786
E09000009,Caribbean Creole: Any other Caribbean Creole,16,4,12
E09000009,Caribbean Creole: English-based Caribbean Creole,0,4,-4
E09000009,East Asian language: All other Chinese,896,1044,-148
E09000009,East Asian language: Any other East Asian language,163,282,-119
E09000009,East Asian language: Cantonese Chinese,527,297,230
E09000009,East Asian language: Japanese,2755,2374,381
E09000009,East Asian language: Korean,100,151,-51
E09000009,East Asian language: Malay,104,126,-22
E09000009,East Asian language: Mandarin Chinese,312,168,144
E09000009,East Asian language: Tagalog or Filipino,828,914,-86
E09000009,East Asian language: Thai,228,330,-102
E09000009,East Asian language: Vietnamese,84,91,-7
E09000009,English (English or Welsh in Wales),244855,213470,31385
E09000009,French,2170,2696,-526
E09000009,North or South American language,0,25,-25
E09000009,Oceanic or Australian language,7,10,-3
E09000009,"Other European language (EU and non-EU): Bosnian, Croatian, Serbian, and Montenegrin",952,657,295
E09000009,Other European language (EU): Any other European language (EU),95,44,51
E09000009,Other European language (EU): Bulgarian,1325,960,365
E09000009,Other European language (EU): Czech,168,270,-102
E09000009,Other European language (EU): Danish,70,118,-48
E09000009,Other European language (EU): Dutch,216,315,-99
E09000009,Other European language (EU): Estonian,30,47,-17
E09000009,Other European language (EU): Finnish,63,91,-28
E09000009,Other European language (EU): German,523,934,-411
E09000009,Other European language (EU): Greek,1470,760,710
E09000009,Other European language (EU): Hungarian,1237,885,352
E09000009,Other European language (EU): Italian,3452,1539,1913
E09000009,Other European language (EU): Latvian,135,210,-75
E09000009,Other European language (EU): Lithuanian,768,1031,-263
E09000009,Other European language (EU): Maltese,15,40,-25
E09000009,Other European language (EU): Polish,15449,20463,-5014
E09000009,Other European language (EU): Romanian,4206,889,3317
E09000009,Other European language (EU): Slovak,260,520,-260
E09000009,Other European language (EU): Slovenian,26,20,6
E09000009,Other European language (EU): Swedish,183,257,-74
E09000009,Other European language (non EU): Albanian,1029,694,335
E09000009,Other European language (non EU): Any other Eastern European language (non EU),11,85,-74
E09000009,Other European language (non EU): Northern European language (non EU),121,114,7
E09000009,Other European language (non EU): Ukrainian,582,256,326
E09000009,Other European language (non-national): Any Romani language,0,6,-6
E09000009,Other European language (non-national): Yiddish,0,0,0
E09000009,Other UK language: Cornish,1,1,0
E09000009,Other UK language: Gaelic (Irish),12,10,2
E09000009,Other UK language: Gaelic (Not otherwise specified),1,7,-6
E09000009,Other UK language: Gaelic (Scottish),0,1,-1
E09000009,Other UK language: Gypsy or Traveller languages,25,8,17
E09000009,Other UK language: Manx Gaelic,0,2,-2
E09000009,Other UK language: Scots,4,8,-4
E09000009,Other language,88,358,-270
E09000009,Portuguese,3117,2088,1029
E09000009,Russian,1154,1203,-49
E09000009,Sign language: Any other sign language,5,26,-21
E09000009,Sign language: Any sign communication system,15,20,-5
E09000009,Sign language: British Sign Language,157,92,65
E09000009,South Asian language: Any other South Asian language,1141,586,555
E09000009,South Asian language: Bengali (with Sylheti and Chatgaya),1740,964,776
E09000009,South Asian language: Gujarati,4896,5903,-1007
E09000009,South Asian language: Hindi,1670,2190,-520
E09000009,South Asian language: Malayalam,542,467,75
E09000009,South Asian language: Marathi,99,101,-2
E09000009,South Asian language: Nepalese,2442,2302,140
E09000009,South Asian language: Pakistani Pahari (with Mirpuri and Potwari),20,19,1
E09000009,South Asian language: Panjabi,17286,16328,958
E09000009,South Asian language: Sinhala,285,434,-149
E09000009,South Asian language: Tamil,5552,6002,-450
E09000009,South Asian language: Telugu,171,130,41
E09000009,South Asian language: Urdu,3773,5128,-1355
E09000009,Spanish,3025,1908,1117
E09000009,Turkish,582,369,213
E09000009,Welsh or Cymraeg (in England only),66,83,-17
E09000009,West or Central Asian language: Any other West or Central Asian language,1074,1687,-613
E09000009,West or Central Asian language: Hebrew,35,63,-28
E09000009,West or Central Asian language: Kurdish,1064,1070,-6
E09000009,West or Central Asian language: Pashto,1670,1592,78
E09000009,West or Central Asian language: Persian or Farsi,3807,4200,-393
E09000010,African language: Afrikaans,7,73,-66
E09000010,African language: Akan,853,1004,-151
E09000010,African language: Amharic,262,179,83
E09000010,African language: Any other African language,136,355,-219
E09000010,African language: Any other Nigerian language,91,113,-22
E09000010,African language: Any other West African language,115,173,-58
E09000010,African language: Igbo,389,423,-34
E09000010,African language: Krio,18,19,-1
E09000010,African language: Lingala,542,459,83
E09000010,African language: Luganda,91,162,-71
E09000010,African language: Shona,46,199,-153
E09000010,African language: Somali,2511,3127,-616
E09000010,African language: Swahili or Kiswahili,113,236,-123
E09000010,African language: Tigrinya,328,129,199
E09000010,African language: Yoruba,105,215,-110
E09000010,Arabic,1242,1197,45
E09000010,Caribbean Creole: Any other Caribbean Creole,120,4,116
E09000010,Caribbean Creole: English-based Caribbean Creole,3,7,-4
E09000010,East Asian language: All other Chinese,582,618,-36
E09000010,East Asian language: Any other East Asian language,69,90,-21
E09000010,East Asian language: Cantonese Chinese,318,276,42
E09000010,East Asian language: Japanese,126,137,-11
E09000010,East Asian language: Korean,20,23,-3
E09000010,East Asian language: Malay,16,27,-11
E09000010,East Asian language: Mandarin Chinese,179,142,37
E09000010,East Asian language: Tagalog or Filipino,462,600,-138
E09000010,East Asian language: Thai,89,93,-4
E09000010,East Asian language: Vietnamese,261,196,65
E09000010,English (English or Welsh in Wales),242839,229660,13179
E09000010,French,1133,2360,-1227
E09000010,North or South American language,0,7,-7
E09000010,Oceanic or Australian language,2,3,-1
E09000010,"Other European language (EU and non-EU): Bosnian, Croatian, Serbian, and Montenegrin",184,170,14
E09000010,Other European language (EU): Any other European language (EU),24,21,3
E09000010,Other European language (EU): Bulgarian,5569,1721,3848
E09000010,Other European language (EU): Czech,252,391,-139
E09000010,Other European language (EU): Danish,25,69,-44
E09000010,Other European language (EU): Dutch,111,208,-97
E09000010,Other European language (EU): Estonian,7,9,-2
E09000010,Other European language (EU): Finnish,29,46,-17
E09000010,Other European language (EU): German,156,387,-231
E09000010,Other European language (EU): Greek,5116,4627,489
E09000010,Other European language (EU): Hungarian,872,480,392
E09000010,Other European language (EU): Italian,1914,1799,115
E09000010,Other European language (EU): Latvian,64,95,-31
E09000010,Other European language (EU): Lithuanian,466,765,-299
E09000010,Other European language (EU): Maltese,5,23,-18
E09000010,Other European language (EU): Polish,4804,5837,-1033
E09000010,Other European language (EU): Romanian,5734,1508,4226
E09000010,Other European language (EU): Slovak,206,327,-121
E09000010,Other European language (EU): Slovenian,5,1,4
E09000010,Other European language (EU): Swedish,63,95,-32
E09000010,Other European language (non EU): Albanian,3508,1742,1766
E09000010,Other European language (non EU): Any other Eastern European language (non EU),2,38,-36
E09000010,Other European language (non EU): Northern European language (non EU),27,51,-24
E09000010,Other European language (non EU): Ukrainian,266,72,194
E09000010,Other European language (non-national): Any Romani language,0,12,-12
E09000010,Other European language (non-national): Yiddish,2,1,1
E09000010,Other UK language: Cornish,2,3,-1
E09000010,Other UK language: Gaelic (Irish),8,21,-13
E09000010,Other UK language: Gaelic (Not otherwise specified),2,8,-6
E09000010,Other UK language: Gaelic (Scottish),1,0,1
E09000010,Other UK language: Gypsy or Traveller languages,61,11,50
E09000010,Other UK language: Manx Gaelic,0,1,-1
E09000010,Other UK language: Scots,2,4,-2
E09000010,Other language,189,587,-398
E09000010,Portuguese,2056,1279,777
E09000010,Russian,515,582,-67
E09000010,Sign language: Any other sign language,11,24,-13
E09000010,Sign language: Any sign communication system,13,17,-4
E09000010,Sign language: British Sign Language,193,126,67
E09000010,South Asian language: Any other South Asian language,143,139,4
E09000010,South Asian language: Bengali (with Sylheti and Chatgaya),2258,2594,-336
E09000010,South Asian language: Gujarati,1636,2490,-854
E09000010,South Asian language: Hindi,146,229,-83
E09000010,South Asian language: Malayalam,191,182,9
E09000010,South Asian language: Marathi,26,33,-7
E09000010,South Asian language: Nepalese,61,54,7
E09000010,South Asian language: Pakistani Pahari (with Mirpuri and Potwari),0,3,-3
E09000010,South Asian language: Panjabi,436,342,94
E09000010,South Asian language: Sinhala,237,376,-139
E09000010,South Asian language: Tamil,1221,1320,-99
E09000010,South Asian language: Telugu,40,80,-40
E09000010,South Asian language: Urdu,640,751,-111
E09000010,Spanish,2108,1105,1003
E09000010,Turkish,18765,18378,387
E09000010,Welsh or Cymraeg (in England only),18,31,-13
E09000010,West or Central Asian language: Any other West or Central Asian language,227,289,-62
E09000010,West or Central Asian language: Hebrew,43,49,-6
E09000010,West or Central Asian language: Kurdish,2133,1990,143
E09000010,West or Central Asian language: Pashto,258,241,17
E09000010,West or Central Asian language: Persian or Farsi,1527,1552,-25
E09000011,African language: Afrikaans,72,162,-90
E09000011,African language: Akan,252,343,-91
E09000011,African language: Amharic,122,44,78
E09000011,African language: Any other African language,153,300,-147
E09000011,African language: Any other Nigerian language,153,233,-80
E09000011,African language: Any other West African language,213,237,-24
E09000011,African language: Igbo,636,563,73
E09000011,African language: Krio,37,43,-6
E09000011,African language: Lingala,107,67,40
E09000011,African language: Luganda,72,135,-63
E09000011,African language: Shona,70,192,-122
E09000011,African language: Somali,1063,1476,-413
E09000011,African language: Swahili or Kiswahili,88,185,-97
E09000011,African language: Tigrinya,220,122,98
E09000011,African language: Yoruba,703,1380,-677
E09000011,Arabic,797,638,159
E09000011,Caribbean Creole: Any other Caribbean Creole,8,1,7
E09000011,Caribbean Creole: English-based Caribbean Creole,0,3,-3
E09000011,East Asian language: All other Chinese,1547,1773,-226
E09000011,East Asian language: Any other East Asian language,133,180,-47
E09000011,East Asian language: Cantonese Chinese,793,596,197
E09000011,East Asian language: Japanese,178,192,-14
E09000011,East Asian language: Korean,103,83,20
E09000011,East Asian language: Malay,75,67,8
E09000011,East Asian language: Mandarin Chinese,436,240,196
E09000011,East Asian language: Tagalog or Filipino,346,284,62
E09000011,East Asian language: Thai,106,148,-42
E09000011,East Asian language: Vietnamese,976,917,59
E09000011,English (English or Welsh in Wales),227031,200919,26112
E09000011,French,1887,2151,-264
E09000011,North or South American language,2,4,-2
E09000011,Oceanic or Australian language,10,26,-16
E09000011,"Other European language (EU and non-EU): Bosnian, Croatian, Serbian, and Montenegrin",175,109,66
E09000011,Other European language (EU): Any other European language (EU),74,18,56
E09000011,Other European language (EU): Bulgarian,1687,747,940
E09000011,Other European language (EU): Czech,154,201,-47
E09000011,Other European language (EU): Danish,84,82,2
E09000011,Other European language (EU): Dutch,189,256,-67
E09000011,Other European language (EU): Estonian,29,38,-9
E09000011,Other European language (EU): Finnish,74,85,-11
E09000011,Other European language (EU): German,442,720,-278
E09000011,Other European language (EU): Greek,806,279,527
E09000011,Other European language (EU): Hungarian,694,487,207
E09000011,Other European language (EU): Italian,2013,815,1198
E09000011,Other European language (EU): Latvian,262,230,32
E09000011,Other European language (EU): Lithuanian,1938,1882,56
E09000011,Other European language (EU): Maltese,13,23,-10
E09000011,Other European language (EU): Polish,2245,2232,13
E09000011,Other European language (EU): Romanian,4629,839,3790
E09000011,Other European language (EU): Slovak,204,277,-73
E09000011,Other European language (EU): Slovenian,30,2,28
E09000011,Other European language (EU): Swedish,158,171,-13
E09000011,Other European language (non EU): Albanian,795,630,165
E09000011,Other European language (non EU): Any other Eastern European language (non EU),7,27,-20
E09000011,Other European language (non EU): Northern European language (non EU),60,73,-13
E09000011,Other European language (non EU): Ukrainian,427,135,292
E09000011,Other European language (non-national): Any Romani language,1,40,-39
E09000011,Other European language (non-national): Yiddish,0,0,0
E09000011,Other UK language: Cornish,0,0,0
E09000011,Other UK language: Gaelic (Irish),6,18,-12
E09000011,Other UK language: Gaelic (Not otherwise specified),2,2,0
E09000011,Other UK language: Gaelic (Scottish),1,4,-3
E09000011,Other UK language: Gypsy or Traveller languages,25,24,1
E09000011,Other UK language: Manx Gaelic,0,1,-1
E09000011,Other UK language: Scots,0,5,-5
E09000011,Other language,59,230,-171
E09000011,Portuguese,2540,1090,1450
E09000011,Russian,1724,895,829
E09000011,Sign language: Any other sign language,7,19,-12
E09000011,Sign language: Any sign communication system,5,5,0
E09000011,Sign language: British Sign Language,127,111,16
E09000011,South Asian language: Any other South Asian language,142,162,-20
E09000011,South Asian language: Bengali (with Sylheti and Chatgaya),713,792,-79
E09000011,South Asian language: Gujarati,814,1052,-238
E09000011,South Asian language: Hindi,441,352,89
E09000011,South Asian language: Malayalam,141,62,79
E09000011,South Asian language: Marathi,66,31,35
E09000011,South Asian language: Nepalese,5854,5058,796
E09000011,South Asian language: Pakistani Pahari (with Mirpuri and Potwari),10,7,3
E09000011,South Asian language: Panjabi,1471,1714,-243
E09000011,South Asian language: Sinhala,84,178,-94
E09000011,South Asian language: Tamil,1305,1110,195
E09000011,South Asian language: Telugu,118,48,70
E09000011,South Asian language: Urdu,746,847,-101
E09000011,Spanish,2990,1277,1713
E09000011,Turkish,1454,1408,46
E09000011,Welsh or Cymraeg (in England only),28,33,-5
E09000011,West or Central Asian language: Any other West or Central Asian language,115,162,-47
E09000011,West or Central Asian language: Hebrew,25,15,10
E09000011,West or Central Asian language: Kurdish,416,390,26
E09000011,West or Central Asian language: Pashto,247,202,45
E09000011,West or Central Asian language: Persian or Farsi,342,269,73
E09000012,African language: Afrikaans,19,52,-33
E09000012,African language: Akan,543,947,-404
E09000012,African language: Amharic,331,298,33
E09000012,African language: Any other African language,92,227,-135
E09000012,African language: Any other Nigerian language,81,169,-88
E09000012,African language: Any other West African language,241,324,-83
E09000012,African language: Igbo,202,332,-130
E09000012,African language: Krio,33,55,-22
E09000012,African language: Lingala,311,315,-4
E09000012,African language: Luganda,45,68,-23
E09000012,African language: Shona,15,95,-80
E09000012,African language: Somali,774,1119,-345
E09000012,African language: Swahili or Kiswahili,133,331,-198
E09000012,African language: Tigrinya,385,341,44
E09000012,African language: Yoruba,382,791,-409
E09000012,Arabic,1107,1201,-94
E09000012,Caribbean Creole: Any other Caribbean Creole,14,0,14
E09000012,Caribbean Creole: English-based Caribbean Creole,2,14,-12
E09000012,East Asian language: All other Chinese,730,875,-145
E09000012,East Asian language: Any other East Asian language,77,88,-11
E09000012,East Asian language: Cantonese Chinese,345,405,-60
E09000012,East Asian language: Japanese,244,540,-296
E09000012,East Asian language: Korean,119,196,-77
E09000012,East Asian language: Malay,26,86,-60
E09000012,East Asian language: Mandarin Chinese,236,320,-84
E09000012,East Asian language: Tagalog or Filipino,196,310,-114
E09000012,East Asian language: Thai,67,129,-62
E09000012,East Asian language: Vietnamese,833,1013,-180
E09000012,English (English or Welsh in Wales),199667,177886,21781
E09000012,French,3315,3235,80
E09000012,North or South American language,0,8,-8
E09000012,Oceanic or Australian language,1,6,-5
E09000012,"Other European language (EU and non-EU): Bosnian, Croatian, Serbian, and Montenegrin",172,153,19
E09000012,Other European language (EU): Any other European language (EU),167,107,60
E09000012,Other European language (EU): Bulgarian,395,335,60
E09000012,Other European language (EU): Czech,188,143,45
E09000012,Other European language (EU): Danish,209,245,-36
E09000012,Other European language (EU): Dutch,369,310,59
E09000012,Other European language (EU): Estonian,32,33,-1
E09000012,Other European language (EU): Finnish,98,117,-19
E09000012,Other European language (EU): German,1125,1705,-580
E09000012,Other European language (EU): Greek,882,662,220
E09000012,Other European language (EU): Hungarian,309,341,-32
E09000012,Other European language (EU): Italian,2961,2046,915
E09000012,Other European language (EU): Latvian,73,105,-32
E09000012,Other European language (EU): Lithuanian,262,402,-140
E09000012,Other European language (EU): Maltese,22,43,-21
E09000012,Other European language (EU): Polish,2276,3944,-1668
E09000012,Other European language (EU): Romanian,779,408,371
E09000012,Other European language (EU): Slovak,103,162,-59
E09000012,Other European language (EU): Slovenian,38,27,11
E09000012,Other European language (EU): Swedish,389,662,-273
E09000012,Other European language (non EU): Albanian,330,407,-77
E09000012,Other European language (non EU): Any other Eastern European language (non EU),7,22,-15
E09000012,Other European language (non EU): Northern European language (non EU),109,272,-163
E09000012,Other European language (non EU): Ukrainian,67,65,2
E09000012,Other European language (non-national): Any Romani language,4,4,0
E09000012,Other European language (non-national): Yiddish,3174,2993,181
E09000012,Other UK language: Cornish,0,0,0
E09000012,Other UK language: Gaelic (Irish),23,34,-11
E09000012,Other UK language: Gaelic (Not otherwise specified),5,4,1
E09000012,Other UK language: Gaelic (Scottish),1,1,0
E09000012,Other UK language: Gypsy or Traveller languages,12,6,6
E09000012,Other UK language: Manx Gaelic,0,0,0
E09000012,Other UK language: Scots,2,10,-8
E09000012,Other language,140,326,-186
E09000012,Portuguese,3185,2739,446
E09000012,Russian,566,482,84
E09000012,Sign language: Any other sign language,4,20,-16
E09000012,Sign language: Any sign communication system,15,16,-1
E09000012,Sign language: British Sign Language,109,86,23
E09000012,South Asian language: Any other South Asian language,37,55,-18
E09000012,South Asian language: Bengali (with Sylheti and Chatgaya),1935,3003,-1068
E09000012,South Asian language: Gujarati,1376,1909,-533
E09000012,South Asian language: Hindi,140,95,45
E09000012,South Asian language: Malayalam,27,36,-9
E09000012,South Asian language: Marathi,15,6,9
E09000012,South Asian language: Nepalese,18,38,-20
E09000012,South Asian language: Pakistani Pahari (with Mirpuri and Potwari),3,3,0
E09000012,South Asian language: Panjabi,545,741,-196
E09000012,South Asian language: Sinhala,10,8,2
E09000012,South Asian language: Tamil,80,84,-4
E09000012,South Asian language: Telugu,9,3,6
E09000012,South Asian language: Urdu,562,734,-172
E09000012,Spanish,4984,3489,1495
E09000012,Turkish,8008,10551,-2543
E09000012,Welsh or Cymraeg (in England only),39,56,-17
E09000012,West or Central Asian language: Any other West or Central Asian language,112,189,-77
E09000012,West or Central Asian language: Hebrew,791,651,140
E09000012,West or Central Asian language: Kurdish,860,946,-86
E09000012,West or Central Asian language: Pashto,182,167,15
E09000012,West or Central Asian language: Persian or Farsi,290,354,-64
E09000013,African language: Afrikaans,26,51,-25
E09000013,African language: Akan,49,63,-14
E09000013,African language: Amharic,509,647,-138
E09000013,African language: Any other African language,81,120,-39
E09000013,African language: Any other Nigerian language,6,55,-49
E09000013,African language: Any other West African language,36,51,-15
E09000013,African language: Igbo,29,44,-15
E09000013,African language: Krio,8,12,-4
E09000013,African language: Lingala,26,31,-5
E09000013,African language: Luganda,12,12,0
E09000013,African language: Shona,5,37,-32
E09000013,African language: Somali,1327,2296,-969
E09000013,African language: Swahili or Kiswahili,31,46,-15
E09000013,African language: Tigrinya,456,479,-23
E09000013,African language: Yoruba,39,61,-22
E09000013,Arabic,2809,3379,-570
E09000013,Caribbean Creole: Any other Caribbean Creole,3,0,3
E09000013,Caribbean Creole: English-based Caribbean Creole,0,2,-2
E09000013,East Asian language: All other Chinese,1211,720,491
E09000013,East Asian language: Any other East Asian language,174,279,-105
E09000013,East Asian language: Cantonese Chinese,311,172,139
E09000013,East Asian language: Japanese,374,440,-66
E09000013,East Asian language: Korean,148,120,28
E09000013,East Asian language: Malay,88,124,-36
E09000013,East Asian language: Mandarin Chinese,309,131,178
E09000013,East Asian language: Tagalog or Filipino,1428,1325,103
E09000013,East Asian language: Thai,252,448,-196
E09000013,East Asian language: Vietnamese,77,68,9
E09000013,English (English or Welsh in Wales),139670,135236,4434
E09000013,French,4462,5406,-944
E09000013,North or South American language,1,3,-2
E09000013,Oceanic or Australian language,0,7,-7
E09000013,"Other European language (EU and non-EU): Bosnian, Croatian, Serbian, and Montenegrin",448,486,-38
E09000013,Other European language (EU): Any other European language (EU),122,71,51
E09000013,Other European language (EU): Bulgarian,412,265,147
E09000013,Other European language (EU): Czech,125,164,-39
E09000013,Other European language (EU): Danish,121,163,-42
E09000013,Other European language (EU): Dutch,280,473,-193
E09000013,Other European language (EU): Estonian,47,41,6
E09000013,Other European language (EU): Finnish,76,107,-31
E09000013,Other European language (EU): German,779,1149,-370
E09000013,Other European language (EU): Greek,1081,628,453
E09000013,Other European language (EU): Hungarian,421,439,-18
E09000013,Other European language (EU): Italian,4003,2473,1530
E09000013,Other European language (EU): Latvian,64,110,-46
E09000013,Other European language (EU): Lithuanian,307,285,22
E09000013,Other European language (EU): Maltese,5,21,-16
E09000013,Other European language (EU): Polish,1558,2719,-1161
E09000013,Other European language (EU): Romanian,719,323,396
E09000013,Other European language (EU): Slovak,110,245,-135
E09000013,Other European language (EU): Slovenian,38,15,23
E09000013,Other European language (EU): Swedish,360,576,-216
E09000013,Other European language (non EU): Albanian,623,700,-77
E09000013,Other European language (non EU): Any other Eastern European language (non EU),9,51,-42
E09000013,Other European language (non EU): Northern European language (non EU),109,146,-37
E09000013,Other European language (non EU): Ukrainian,142,76,66
E09000013,Other European language (non-national): Any Romani language,2,13,-11
E09000013,Other European language (non-national): Yiddish,0,0,0
E09000013,Other UK language: Cornish,0,1,-1
E09000013,Other UK language: Gaelic (Irish),3,16,-13
E09000013,Other UK language: Gaelic (Not otherwise specified),1,3,-2
E09000013,Other UK language: Gaelic (Scottish),3,0,3
E09000013,Other UK language: Gypsy or Traveller languages,7,39,-32
E09000013,Other UK language: Manx Gaelic,0,0,0
E09000013,Other UK language: Scots,3,8,-5
E09000013,Other language,37,138,-101
E09000013,Portuguese,2375,2227,148
E09000013,Russian,976,753,223
E09000013,Sign language: Any other sign language,7,6,1
E09000013,Sign language: Any sign communication system,9,6,3
E09000013,Sign language: British Sign Language,51,55,-4
E09000013,South Asian language: Any other South Asian language,45,75,-30
E09000013,South Asian language: Bengali (with Sylheti and Chatgaya),380,488,-108
E09000013,South Asian language: Gujarati,143,222,-79
E09000013,South Asian language: Hindi,92,133,-41
E09000013,South Asian language: Malayalam,66,45,21
E09000013,South Asian language: Marathi,17,17,0
E09000013,South Asian language: Nepalese,36,64,-28
E09000013,South Asian language: Pakistani Pahari (with Mirpuri and Potwari),1,2,-1
E09000013,South Asian language: Panjabi,81,124,-43
E09000013,South Asian language: Sinhala,34,48,-14
E09000013,South Asian language: Tamil,73,89,-16
E09000013,South Asian language: Telugu,9,6,3
E09000013,South Asian language: Urdu,335,450,-115
E09000013,Spanish,4389,3346,1043
E09000013,Turkish,655,559,96
E09000013,Welsh or Cymraeg (in England only),48,41,7
E09000013,West or Central Asian language: Any other West or Central Asian language,199,339,-140
E09000013,West or Central Asian language: Hebrew,51,52,-1
E09000013,West or Central Asian language: Kurdish,286,335,-49
E09000013,West or Central Asian language: Pashto,184,170,14
E09000013,West or Central Asian language: Persian or Farsi,1121,1460,-339
E09000014,African language: Afrikaans,23,80,-57
E09000014,African language: Akan,592,1073,-481
E09000014,African language: Amharic,394,344,50
E09000014,African language: Any other African language,186,343,-157
E09000014,African language: Any other Nigerian language,55,114,-59
E09000014,African language: Any other West African language,105,195,-90
E09000014,African language: Igbo,177,245,-68
E09000014,African language: Krio,11,17,-6
E09000014,African language: Lingala,290,304,-14
E09000014,African language: Luganda,87,193,-106
E09000014,African language: Shona,15,59,-44
E09000014,African language: Somali,1712,2948,-1236
E09000014,African language: Swahili or Kiswahili,112,243,-131
E09000014,African language: Tigrinya,457,436,21
E09000014,African language: Yoruba,98,203,-105
E09000014,Arabic,1457,1570,-113
E09000014,Caribbean Creole: Any other Caribbean Creole,32,3,29
E09000014,Caribbean Creole: English-based Caribbean Creole,1,6,-5
E09000014,East Asian language: All other Chinese,869,1179,-310
E09000014,East Asian language: Any other East Asian language,71,152,-81
E09000014,East Asian language: Cantonese Chinese,408,373,35
E09000014,East Asian language: Japanese,267,531,-264
E09000014,East Asian language: Korean,68,91,-23
E09000014,East Asian language: Malay,33,51,-18
E09000014,East Asian language: Mandarin Chinese,384,343,41
E09000014,East Asian language: Tagalog or Filipino,439,623,-184
E09000014,East Asian language: Thai,98,173,-75
E09000014,East Asian language: Vietnamese,395,488,-93
E09000014,English (English or Welsh in Wales),185666,171334,14332
E09000014,French,1927,2898,-971
E09000014,North or South American language,4,5,-1
E09000014,Oceanic or Australian language,0,9,-9
E09000014,"Other European language (EU and non-EU): Bosnian, Croatian, Serbian, and Montenegrin",203,190,13
E09000014,Other European language (EU): Any other European language (EU),105,79,26
E09000014,Other European language (EU): Bulgarian,4000,2393,1607
E09000014,Other European language (EU): Czech,184,356,-172
E09000014,Other European language (EU): Danish,81,158,-77
E09000014,Other European language (EU): Dutch,212,267,-55
E09000014,Other European language (EU): Estonian,20,48,-28
E09000014,Other European language (EU): Finnish,82,152,-70
E09000014,Other European language (EU): German,638,1161,-523
E09000014,Other European language (EU): Greek,3098,3015,83
E09000014,Other European language (EU): Hungarian,1669,1580,89
E09000014,Other European language (EU): Italian,3886,2489,1397
E09000014,Other European language (EU): Latvian,111,166,-55
E09000014,Other European language (EU): Lithuanian,552,789,-237
E09000014,Other European language (EU): Maltese,5,13,-8
E09000014,Other European language (EU): Polish,5921,10504,-4583
E09000014,Other European language (EU): Romanian,5369,2052,3317
E09000014,Other European language (EU): Slovak,211,487,-276
E09000014,Other European language (EU): Slovenian,22,32,-10
E09000014,Other European language (EU): Swedish,238,345,-107
E09000014,Other European language (non EU): Albanian,1983,1361,622
E09000014,Other European language (non EU): Any other Eastern European language (non EU),2,38,-36
E09000014,Other European language (non EU): Northern European language (non EU),126,145,-19
E09000014,Other European language (non EU): Ukrainian,230,99,131
E09000014,Other European language (non-national): Any Romani language,0,5,-5
E09000014,Other European language (non-national): Yiddish,797,407,390
E09000014,Other UK language: Cornish,1,13,-12
E09000014,Other UK language: Gaelic (Irish),10,32,-22
E09000014,Other UK language: Gaelic (Not otherwise specified),6,11,-5
E09000014,Other UK language: Gaelic (Scottish),1,1,0
E09000014,Other UK language: Gypsy or Traveller languages,29,12,17
E09000014,Other UK language: Manx Gaelic,1,0,1
E09000014,Other UK language: Scots,0,6,-6
E09000014,Other language,95,405,-310
E09000014,Portuguese,4204,3093,1111
E09000014,Russian,809,948,-139
E09000014,Sign language: Any other sign language,9,26,-17
E09000014,Sign language: Any sign communication system,10,8,2
E09000014,Sign language: British Sign Language,136,97,39
E09000014,South Asian language: Any other South Asian language,76,105,-29
E09000014,South Asian language: Bengali (with Sylheti and Chatgaya),1441,2287,-846
E09000014,South Asian language: Gujarati,656,994,-338
E09000014,South Asian language: Hindi,131,245,-114
E09000014,South Asian language: Malayalam,71,52,19
E09000014,South Asian language: Marathi,12,11,1
E09000014,South Asian language: Nepalese,120,86,34
E09000014,South Asian language: Pakistani Pahari (with Mirpuri and Potwari),6,2,4
E09000014,South Asian language: Panjabi,239,300,-61
E09000014,South Asian language: Sinhala,49,82,-33
E09000014,South Asian language: Tamil,186,247,-61
E09000014,South Asian language: Telugu,4,32,-28
E09000014,South Asian language: Urdu,467,653,-186
E09000014,Spanish,8011,3863,4148
E09000014,Turkish,9581,11994,-2413
E09000014,Welsh or Cymraeg (in England only),44,53,-9
E09000014,West or Central Asian language: Any other West or Central Asian language,215,274,-59
E09000014,West or Central Asian language: Hebrew,249,261,-12
E09000014,West or Central Asian language: Kurdish,1286,1660,-374
E09000014,West or Central Asian language: Pashto,182,232,-50
E09000014,West or Central Asian language: Persian or Farsi,611,728,-117
E09000015,African language: Afrikaans,11,50,-39
E09000015,African language: Akan,101,148,-47
E09000015,African language: Amharic,46,33,13
E09000015,African language: Any other African language,63,185,-122
E09000015,African language: Any other Nigerian language,23,67,-44
E09000015,African language: Any other West African language,35,58,-23
E09000015,African language: Igbo,45,44,1
E09000015,African language: Krio,1,4,-3
E09000015,African language: Lingala,32,23,9
E09000015,African language: Luganda,18,32,-14
E09000015,African language: Shona,10,48,-38
E09000015,African language: Somali,1245,1781,-536
E09000015,African language: Swahili or Kiswahili,56,112,-56
E09000015,African language: Tigrinya,44,22,22
E09000015,African language: Yoruba,17,50,-33
E09000015,Arabic,3224,2370,854
E09000015,Caribbean Creole: Any other Caribbean Creole,15,0,15
E09000015,Caribbean Creole: English-based Caribbean Creole,4,3,1
E09000015,East Asian language: All other Chinese,447,597,-150
E09000015,East Asian language: Any other East Asian language,75,73,2
E09000015,East Asian language: Cantonese Chinese,334,310,24
E09000015,East Asian language: Japanese,159,189,-30
E09000015,East Asian language: Korean,48,106,-58
E09000015,East Asian language: Malay,19,26,-7
E09000015,East Asian language: Mandarin Chinese,153,113,40
E09000015,East Asian language: Tagalog or Filipino,564,463,101
E09000015,East Asian language: Thai,60,79,-19
E09000015,East Asian language: Vietnamese,140,53,87
E09000015,English (English or Welsh in Wales),174443,164051,10392
E09000015,French,507,831,-324
E09000015,North or South American language,1,77,-76
E09000015,Oceanic or Australian language,0,4,-4
E09000015,"Other European language (EU and non-EU): Bosnian, Croatian, Serbian, and Montenegrin",105,101,4
E09000015,Other European language (EU): Any other European language (EU),37,12,25
E09000015,Other European language (EU): Bulgarian,577,336,241
E09000015,Other European language (EU): Czech,103,176,-73
E09000015,Other European language (EU): Danish,27,62,-35
E09000015,Other European language (EU): Dutch,93,214,-121
E09000015,Other European language (EU): Estonian,8,21,-13
E09000015,Other European language (EU): Finnish,22,35,-13
E09000015,Other European language (EU): German,178,409,-231
E09000015,Other European language (EU): Greek,348,268,80
E09000015,Other European language (EU): Hungarian,653,317,336
E09000015,Other European language (EU): Italian,723,406,317
E09000015,Other European language (EU): Latvian,38,41,-3
E09000015,Other European language (EU): Lithuanian,275,464,-189
E09000015,Other European language (EU): Maltese,5,12,-7
E09000015,Other European language (EU): Polish,2886,3699,-813
E09000015,Other European language (EU): Romanian,18987,4492,14495
E09000015,Other European language (EU): Slovak,120,246,-126
E09000015,Other European language (EU): Slovenian,6,4,2
E09000015,Other European language (EU): Swedish,51,70,-19
E09000015,Other European language (non EU): Albanian,652,622,30
E09000015,Other European language (non EU): Any other Eastern European language (non EU),3,16,-13
E09000015,Other European language (non EU): Northern European language (non EU),36,58,-22
E09000015,Other European language (non EU): Ukrainian,152,35,117
E09000015,Other European language (non-national): Any Romani language,2,35,-33
E09000015,Other European language (non-national): Yiddish,0,0,0
E09000015,Other UK language: Cornish,0,0,0
E09000015,Other UK language: Gaelic (Irish),3,13,-10
E09000015,Other UK language: Gaelic (Not otherwise specified),3,10,-7
E09000015,Other UK language: Gaelic (Scottish),0,0,0
E09000015,Other UK language: Gypsy or Traveller languages,68,3,65
E09000015,Other UK language: Manx Gaelic,0,0,0
E09000015,Other UK language: Scots,0,1,-1
E09000015,Other language,51,207,-156
E09000015,Portuguese,1250,875,375
E09000015,Russian,349,363,-14
E09000015,Sign language: Any other sign language,7,25,-18
E09000015,Sign language: Any sign communication system,6,9,-3
E09000015,Sign language: British Sign Language,155,119,36
E09000015,South Asian language: Any other South Asian language,540,649,-109
E09000015,South Asian language: Bengali (with Sylheti and Chatgaya),595,722,-127
E09000015,South Asian language: Gujarati,17298,20368,-3070
E09000015,South Asian language: Hindi,1823,1596,227
E09000015,South Asian language: Malayalam,586,184,402
E09000015,South Asian language: Marathi,472,383,89
E09000015,South Asian language: Nepalese,1327,1328,-1
E09000015,South Asian language: Pakistani Pahari (with Mirpuri and Potwari),7,15,-8
E09000015,South Asian language: Panjabi,1127,1376,-249
E09000015,South Asian language: Sinhala,618,805,-187
E09000015,South Asian language: Tamil,8696,8304,392
E09000015,South Asian language: Telugu,538,290,248
E09000015,South Asian language: Urdu,1866,2251,-385
E09000015,Spanish,786,579,207
E09000015,Turkish,336,372,-36
E09000015,Welsh or Cymraeg (in England only),29,46,-17
E09000015,West or Central Asian language: Any other West or Central Asian language,128,212,-84
E09000015,West or Central Asian language: Hebrew,45,91,-46
E09000015,West or Central Asian language: Kurdish,269,204,65
E09000015,West or Central Asian language: Pashto,2128,1297,831
E09000015,West or Central Asian language: Persian or Farsi,2716,2548,168
E09000016,African language: Afrikaans,35,76,-41
E09000016,African language: Akan,141,122,19
E09000016,African language: Amharic,34,11,23
E09000016,African language: Any other African language,41,58,-17
E09000016,African language: Any other Nigerian language,43,28,15
E09000016,African language: Any other West African language,32,26,6
E09000016,African language: Igbo,180,67,113
E09000016,African language: Krio,8,6,2
E09000016,African language: Lingala,23,17,6
E09000016,African language: Luganda,25,20,5
E09000016,African language: Shona,57,168,-111
E09000016,African language: Somali,66,16,50
E09000016,African language: Swahili or Kiswahili,48,24,24
E09000016,African language: Tigrinya,33,5,28
E09000016,African language: Yoruba,147,212,-65
E09000016,Arabic,371,174,197
E09000016,Caribbean Creole: Any other Caribbean Creole,6,0,6
E09000016,Caribbean Creole: English-based Caribbean Creole,0,1,-1
E09000016,East Asian language: All other Chinese,347,346,1
E09000016,East Asian language: Any other East Asian language,57,25,32
E09000016,East Asian language: Cantonese Chinese,258,208,50
E09000016,East Asian language: Japanese,35,33,2
E09000016,East Asian language: Korean,13,4,9
E09000016,East Asian language: Malay,11,19,-8
E09000016,East Asian language: Mandarin Chinese,102,60,42
E09000016,East Asian language: Tagalog or Filipino,482,430,52
E09000016,East Asian language: Thai,97,118,-21
E09000016,East Asian language: Vietnamese,71,29,42
E09000016,English (English or Welsh in Wales),227346,218645,8701
E09000016,French,326,334,-8
E09000016,North or South American language,0,0,0
E09000016,Oceanic or Australian language,1,0,1
E09000016,"Other European language (EU and non-EU): Bosnian, Croatian, Serbian, and Montenegrin",72,67,5
E09000016,Other European language (EU): Any other European language (EU),12,5,7
E09000016,Other European language (EU): Bulgarian,900,208,692
E09000016,Other European language (EU): Czech,57,44,13
E09000016,Other European language (EU): Danish,9,12,-3
E09000016,Other European language (EU): Dutch,28,60,-32
E09000016,Other European language (EU): Estonian,7,8,-1
E09000016,Other European language (EU): Finnish,5,14,-9
E09000016,Other European language (EU): German,111,129,-18
E09000016,Other European language (EU): Greek,197,95,102
E09000016,Other European language (EU): Hungarian,268,94,174
E09000016,Other European language (EU): Italian,426,166,260
E09000016,Other European language (EU): Latvian,115,101,14
E09000016,Other European language (EU): Lithuanian,2203,980,1223
E09000016,Other European language (EU): Maltese,8,24,-16
E09000016,Other European language (EU): Polish,1320,829,491
E09000016,Other European language (EU): Romanian,5742,401,5341
E09000016,Other European language (EU): Slovak,88,55,33
E09000016,Other European language (EU): Slovenian,3,1,2
E09000016,Other European language (EU): Swedish,19,25,-6
E09000016,Other European language (non EU): Albanian,659,234,425
E09000016,Other European language (non EU): Any other Eastern European language (non EU),0,3,-3
E09000016,Other European language (non EU): Northern European language (non EU),13,10,3
E09000016,Other European language (non EU): Ukrainian,257,34,223
E09000016,Other European language (non-national): Any Romani language,0,7,-7
E09000016,Other European language (non-national): Yiddish,0,0,0
E09000016,Other UK language: Cornish,0,0,0
E09000016,Other UK language: Gaelic (Irish),3,8,-5
E09000016,Other UK language: Gaelic (Not otherwise specified),0,4,-4
E09000016,Other UK language: Gaelic (Scottish),0,0,0
E09000016,Other UK language: Gypsy or Traveller languages,27,0,27
E09000016,Other UK language: Manx Gaelic,0,0,0
E09000016,Other UK language: Scots,1,2,-1
E09000016,Other language,36,70,-34
E09000016,Portuguese,730,260,470
E09000016,Russian,719,242,477
E09000016,Sign language: Any other sign language,5,12,-7
E09000016,Sign language: Any sign communication system,21,19,2
E09000016,Sign language: British Sign Language,139,85,54
E09000016,South Asian language: Any other South Asian language,121,42,79
E09000016,South Asian language: Bengali (with Sylheti and Chatgaya),1131,490,641
E09000016,South Asian language: Gujarati,599,419,180
E09000016,South Asian language: Hindi,250,88,162
E09000016,South Asian language: Malayalam,376,162,214
E09000016,South Asian language: Marathi,39,18,21
E09000016,South Asian language: Nepalese,85,30,55
E09000016,South Asian language: Pakistani Pahari (with Mirpuri and Potwari),0,0,0
E09000016,South Asian language: Panjabi,1393,595,798
E09000016,South Asian language: Sinhala,81,84,-3
E09000016,South Asian language: Tamil,669,269,400
E09000016,South Asian language: Telugu,225,28,197
E09000016,South Asian language: Urdu,1081,411,670
E09000016,Spanish,537,211,326
E09000016,Turkish,603,425,178
E09000016,Welsh or Cymraeg (in England only),8,22,-14
E09000016,West or Central Asian language: Any other West or Central Asian language,52,23,29
E09000016,West or Central Asian language: Hebrew,2,2,0
E09000016,West or Central Asian language: Kurdish,73,33,40
E09000016,West or Central Asian language: Pashto,97,24,73
E09000016,West or Central Asian language: Persian or Farsi,223,140,83
E09000017,African language: Afrikaans,37,82,-45
E09000017,African language: Akan,75,57,18
E09000017,African language: Amharic,195,177,18
E09000017,African language: Any other African language,92,234,-142
E09000017,African language: Any other Nigerian language,26,61,-35
E09000017,African language: Any other West African language,74,48,26
E09000017,African language: Igbo,35,47,-12
E09000017,African language: Krio,2,2,0
E09000017,African language: Lingala,41,22,19
E09000017,African language: Luganda,6,23,-17
E09000017,African language: Shona,53,144,-91
E09000017,African language: Somali,1992,2925,-933
E09000017,African language: Swahili or Kiswahili,54,133,-79
E09000017,African language: Tigrinya,208,153,55
E09000017,African language: Yoruba,42,68,-26
E09000017,Arabic,2243,1706,537
E09000017,Caribbean Creole: Any other Caribbean Creole,20,3,17
E09000017,Caribbean Creole: English-based Caribbean Creole,0,3,-3
E09000017,East Asian language: All other Chinese,661,1018,-357
E09000017,East Asian language: Any other East Asian language,95,160,-65
E09000017,East Asian language: Cantonese Chinese,397,244,153
E09000017,East Asian language: Japanese,132,163,-31
E09000017,East Asian language: Korean,44,99,-55
E09000017,East Asian language: Malay,41,109,-68
E09000017,East Asian language: Mandarin Chinese,184,190,-6
E09000017,East Asian language: Tagalog or Filipino,513,625,-112
E09000017,East Asian language: Thai,144,254,-110
E09000017,East Asian language: Vietnamese,143,78,65
E09000017,English (English or Welsh in Wales),229263,212834,16429
E09000017,French,662,851,-189
E09000017,North or South American language,0,10,-10
E09000017,Oceanic or Australian language,4,13,-9
E09000017,"Other European language (EU and non-EU): Bosnian, Croatian, Serbian, and Montenegrin",170,141,29
E09000017,Other European language (EU): Any other European language (EU),32,6,26
E09000017,Other European language (EU): Bulgarian,675,333,342
E09000017,Other European language (EU): Czech,75,107,-32
E09000017,Other European language (EU): Danish,35,80,-45
E09000017,Other European language (EU): Dutch,132,275,-143
E09000017,Other European language (EU): Estonian,18,73,-55
E09000017,Other European language (EU): Finnish,22,38,-16
E09000017,Other European language (EU): German,255,410,-155
E09000017,Other European language (EU): Greek,497,300,197
E09000017,Other European language (EU): Hungarian,522,323,199
E09000017,Other European language (EU): Italian,961,453,508
E09000017,Other European language (EU): Latvian,127,110,17
E09000017,Other European language (EU): Lithuanian,810,828,-18
E09000017,Other European language (EU): Maltese,19,29,-10
E09000017,Other European language (EU): Polish,5016,3994,1022
E09000017,Other European language (EU): Romanian,5284,707,4577
E09000017,Other European language (EU): Slovak,130,191,-61
E09000017,Other European language (EU): Slovenian,5,6,-1
E09000017,Other European language (EU): Swedish,72,116,-44
E09000017,Other European language (non EU): Albanian,617,319,298
E09000017,Other European language (non EU): Any other Eastern European language (non EU),4,17,-13
E09000017,Other European language (non EU): Northern European language (non EU),73,75,-2
E09000017,Other European language (non EU): Ukrainian,183,91,92
E09000017,Other European language (non-national): Any Romani language,0,4,-4
E09000017,Other European language (non-national): Yiddish,0,2,-2
E09000017,Other UK language: Cornish,0,2,-2
E09000017,Other UK language: Gaelic (Irish),4,14,-10
E09000017,Other UK language: Gaelic (Not otherwise specified),0,5,-5
E09000017,Other UK language: Gaelic (Scottish),0,1,-1
E09000017,Other UK language: Gypsy or Traveller languages,28,1,27
E09000017,Other UK language: Manx Gaelic,0,1,-1
E09000017,Other UK language: Scots,1,5,-4
E09000017,Other language,84,240,-156
E09000017,Portuguese,2058,1332,726
E09000017,Russian,670,455,215
E09000017,Sign language: Any other sign language,13,18,-5
E09000017,Sign language: Any sign communication system,4,8,-4
E09000017,Sign language: British Sign Language,128,71,57
E09000017,South Asian language: Any other South Asian language,532,372,160
E09000017,South Asian language: Bengali (with Sylheti and Chatgaya),1457,1259,198
E09000017,South Asian language: Gujarati,3167,3122,45
E09000017,South Asian language: Hindi,1926,1401,525
E09000017,South Asian language: Malayalam,677,376,301
E09000017,South Asian language: Marathi,271,103,168
E09000017,South Asian language: Nepalese,1924,1515,409
E09000017,South Asian language: Pakistani Pahari (with Mirpuri and Potwari),8,14,-6
E09000017,South Asian language: Panjabi,13677,8837,4840
E09000017,South Asian language: Sinhala,308,484,-176
E09000017,South Asian language: Tamil,4834,3556,1278
E09000017,South Asian language: Telugu,483,144,339
E09000017,South Asian language: Urdu,3237,3344,-107
E09000017,Spanish,976,669,307
E09000017,Turkish,429,344,85
E09000017,Welsh or Cymraeg (in England only),21,36,-15
E09000017,West or Central Asian language: Any other West or Central Asian language,144,181,-37
E09000017,West or Central Asian language: Hebrew,21,21,0
E09000017,West or Central Asian language: Kurdish,358,223,135
E09000017,West or Central Asian language: Pashto,1393,607,786
E09000017,West or Central Asian language: Persian or Farsi,2193,1664,529
E09000018,African language: Afrikaans,49,64,-15
E09000018,African language: Akan,117,123,-6
E09000018,African language: Amharic,162,149,13
E09000018,African language: Any other African language,108,275,-167
E09000018,African language: Any other Nigerian language,46,76,-30
E09000018,African language: Any other West African language,63,100,-37
E09000018,African language: Igbo,52,65,-13
E09000018,African language: Krio,7,9,-2
E09000018,African language: Lingala,34,39,-5
E09000018,African language: Luganda,46,99,-53
E09000018,African language: Shona,63,115,-52
E09000018,African language: Somali,1687,2336,-649
E09000018,African language: Swahili or Kiswahili,149,224,-75
E09000018,African language: Tigrinya,159,77,82
E09000018,African language: Yoruba,41,54,-13
E09000018,Arabic,3027,2499,528
E09000018,Caribbean Creole: Any other Caribbean Creole,19,1,18
E09000018,Caribbean Creole: English-based Caribbean Creole,3,5,-2
E09000018,East Asian language: All other Chinese,536,640,-104
E09000018,East Asian language: Any other East Asian language,317,514,-197
E09000018,East Asian language: Cantonese Chinese,361,288,73
E09000018,East Asian language: Japanese,260,263,-3
E09000018,East Asian language: Korean,74,81,-7
E09000018,East Asian language: Malay,30,48,-18
E09000018,East Asian language: Mandarin Chinese,172,97,75
E09000018,East Asian language: Tagalog or Filipino,1032,1174,-142
E09000018,East Asian language: Thai,172,270,-98
E09000018,East Asian language: Vietnamese,189,129,60
E09000018,English (English or Welsh in Wales),198853,172277,26576
E09000018,French,1073,1470,-397
E09000018,North or South American language,2,12,-10
E09000018,Oceanic or Australian language,22,3,19
E09000018,"Other European language (EU and non-EU): Bosnian, Croatian, Serbian, and Montenegrin",389,331,58
E09000018,Other European language (EU): Any other European language (EU),44,14,30
E09000018,Other European language (EU): Bulgarian,1459,640,819
E09000018,Other European language (EU): Czech,121,197,-76
E09000018,Other European language (EU): Danish,72,85,-13
E09000018,Other European language (EU): Dutch,137,228,-91
E09000018,Other European language (EU): Estonian,19,26,-7
E09000018,Other European language (EU): Finnish,39,64,-25
E09000018,Other European language (EU): German,289,588,-299
E09000018,Other European language (EU): Greek,631,224,407
E09000018,Other European language (EU): Hungarian,606,350,256
E09000018,Other European language (EU): Italian,1585,845,740
E09000018,Other European language (EU): Latvian,203,257,-54
E09000018,Other European language (EU): Lithuanian,1031,981,50
E09000018,Other European language (EU): Maltese,7,24,-17
E09000018,Other European language (EU): Polish,9219,9969,-750
E09000018,Other European language (EU): Romanian,5436,732,4704
E09000018,Other European language (EU): Slovak,230,453,-223
E09000018,Other European language (EU): Slovenian,26,14,12
E09000018,Other European language (EU): Swedish,108,184,-76
E09000018,Other European language (non EU): Albanian,815,493,322
E09000018,Other European language (non EU): Any other Eastern European language (non EU),2,21,-19
E09000018,Other European language (non EU): Northern European language (non EU),47,86,-39
E09000018,Other European language (non EU): Ukrainian,701,154,547
E09000018,Other European language (non-national): Any Romani language,5,4,1
E09000018,Other European language (non-national): Yiddish,0,0,0
E09000018,Other UK language: Cornish,2,0,2
E09000018,Other UK language: Gaelic (Irish),3,7,-4
E09000018,Other UK language: Gaelic (Not otherwise specified),0,2,-2
E09000018,Other UK language: Gaelic (Scottish),0,2,-2
E09000018,Other UK language: Gypsy or Traveller languages,16,3,13
E09000018,Other UK language: Manx Gaelic,0,0,0
E09000018,Other UK language: Scots,0,5,-5
E09000018,Other language,79,297,-218
E09000018,Portuguese,2584,1952,632
E09000018,Russian,1057,787,270
E09000018,Sign language: Any other sign language,6,22,-16
E09000018,Sign language: Any sign communication system,12,12,0
E09000018,Sign language: British Sign Language,155,113,42
E09000018,South Asian language: Any other South Asian language,1458,732,726
E09000018,South Asian language: Bengali (with Sylheti and Chatgaya),1308,1237,71
E09000018,South Asian language: Gujarati,2851,3869,-1018
E09000018,South Asian language: Hindi,2654,3072,-418
E09000018,South Asian language: Malayalam,674,464,210
E09000018,South Asian language: Marathi,435,448,-13
E09000018,South Asian language: Nepalese,3471,2287,1184
E09000018,South Asian language: Pakistani Pahari (with Mirpuri and Potwari),12,16,-4
E09000018,South Asian language: Panjabi,13059,11616,1443
E09000018,South Asian language: Sinhala,448,675,-227
E09000018,South Asian language: Tamil,1881,1776,105
E09000018,South Asian language: Telugu,2045,1370,675
E09000018,South Asian language: Urdu,4160,5095,-935
E09000018,Spanish,1875,1149,726
E09000018,Turkish,584,344,240
E09000018,Welsh or Cymraeg (in England only),21,40,-19
E09000018,West or Central Asian language: Any other West or Central Asian language,319,404,-85
E09000018,West or Central Asian language: Hebrew,40,21,19
E09000018,West or Central Asian language: Kurdish,339,303,36
E09000018,West or Central Asian language: Pashto,1218,944,274
E09000018,West or Central Asian language: Persian or Farsi,2496,2121,375
E09000019,African language: Afrikaans,16,55,-39
E09000019,African language: Akan,147,176,-29
E09000019,African language: Amharic,440,468,-28
E09000019,African language: Any other African language,111,219,-108
E09000019,African language: Any other Nigerian language,28,30,-2
E09000019,African language: Any other West African language,39,56,-17
E09000019,African language: Igbo,75,111,-36
E09000019,African language: Krio,10,8,2
E09000019,African language: Lingala,180,146,34
E09000019,African language: Luganda,13,26,-13
E09000019,African language: Shona,10,30,-20
E09000019,African language: Somali,2056,2197,-141
E09000019,African language: Swahili or Kiswahili,55,73,-18
E09000019,African language: Tigrinya,715,616,99
E09000019,African language: Yoruba,73,167,-94
E09000019,Arabic,1532,1439,93
E09000019,Caribbean Creole: Any other Caribbean Creole,28,0,28
E09000019,Caribbean Creole: English-based Caribbean Creole,0,4,-4
E09000019,East Asian language: All other Chinese,1369,1323,46
E09000019,East Asian language: Any other East Asian language,58,68,-10
E09000019,East Asian language: Cantonese Chinese,472,524,-52
E09000019,East Asian language: Japanese,351,557,-206
E09000019,East Asian language: Korean,167,221,-54
E09000019,East Asian language: Malay,77,98,-21
E09000019,East Asian language: Mandarin Chinese,344,221,123
E09000019,East Asian language: Tagalog or Filipino,301,406,-105
E09000019,East Asian language: Thai,107,213,-106
E09000019,East Asian language: Vietnamese,192,212,-20
E09000019,English (English or Welsh in Wales),169831,159026,10805
E09000019,French,3770,3143,627
E09000019,North or South American language,1,2,-1
E09000019,Oceanic or Australian language,0,3,-3
E09000019,"Other European language (EU and non-EU): Bosnian, Croatian, Serbian, and Montenegrin",197,173,24
E09000019,Other European language (EU): Any other European language (EU),167,104,63
E09000019,Other European language (EU): Bulgarian,353,265,88
E09000019,Other European language (EU): Czech,121,169,-48
E09000019,Other European language (EU): Danish,135,168,-33
E09000019,Other European language (EU): Dutch,365,402,-37
E09000019,Other European language (EU): Estonian,33,33,0
E09000019,Other European language (EU): Finnish,104,129,-25
E09000019,Other European language (EU): German,995,1549,-554
E09000019,Other European language (EU): Greek,1647,1760,-113
E09000019,Other European language (EU): Hungarian,450,333,117
E09000019,Other European language (EU): Italian,3711,2464,1247
E09000019,Other European language (EU): Latvian,54,56,-2
E09000019,Other European language (EU): Lithuanian,205,187,18
E09000019,Other European language (EU): Maltese,17,41,-24
E09000019,Other European language (EU): Polish,1054,1456,-402
E09000019,Other European language (EU): Romanian,676,256,420
E09000019,Other European language (EU): Slovak,117,182,-65
E09000019,Other European language (EU): Slovenian,29,20,9
E09000019,Other European language (EU): Swedish,298,520,-222
E09000019,Other European language (non EU): Albanian,763,742,21
E09000019,Other European language (non EU): Any other Eastern European language (non EU),3,26,-23
E09000019,Other European language (non EU): Northern European language (non EU),166,291,-125
E09000019,Other European language (non EU): Ukrainian,53,42,11
E09000019,Other European language (non-national): Any Romani language,0,0,0
E09000019,Other European language (non-national): Yiddish,10,7,3
E09000019,Other UK language: Cornish,0,2,-2
E09000019,Other UK language: Gaelic (Irish),19,30,-11
E09000019,Other UK language: Gaelic (Not otherwise specified),16,18,-2
E09000019,Other UK language: Gaelic (Scottish),2,2,0
E09000019,Other UK language: Gypsy or Traveller languages,6,0,6
E09000019,Other UK language: Manx Gaelic,0,0,0
E09000019,Other UK language: Scots,3,5,-2
E09000019,Other language,33,175,-142
E09000019,Portuguese,1974,1655,319
E09000019,Russian,753,660,93
E09000019,Sign language: Any other sign language,4,13,-9
E09000019,Sign language: Any sign communication system,7,8,-1
E09000019,Sign language: British Sign Language,163,124,39
E09000019,South Asian language: Any other South Asian language,30,69,-39
E09000019,South Asian language: Bengali (with Sylheti and Chatgaya),1798,2315,-517
E09000019,South Asian language: Gujarati,191,256,-65
E09000019,South Asian language: Hindi,129,139,-10
E09000019,South Asian language: Malayalam,52,16,36
E09000019,South Asian language: Marathi,16,13,3
E09000019,South Asian language: Nepalese,26,63,-37
E09000019,South Asian language: Pakistani Pahari (with Mirpuri and Potwari),0,0,0
E09000019,South Asian language: Panjabi,96,81,15
E09000019,South Asian language: Sinhala,14,25,-11
E09000019,South Asian language: Tamil,83,111,-28
E09000019,South Asian language: Telugu,7,5,2
E09000019,South Asian language: Urdu,163,228,-65
E09000019,Spanish,4645,3435,1210
E09000019,Turkish,3560,4194,-634
E09000019,Welsh or Cymraeg (in England only),49,59,-10
E09000019,West or Central Asian language: Any other West or Central Asian language,133,204,-71
E09000019,West or Central Asian language: Hebrew,164,105,59
E09000019,West or Central Asian language: Kurdish,647,543,104
E09000019,West or Central Asian language: Pashto,96,93,3
E09000019,West or Central Asian language: Persian or Farsi,466,570,-104
E09000020,African language: Afrikaans,16,47,-31
E09000020,African language: Akan,26,38,-12
E09000020,African language: Amharic,230,316,-86
E09000020,African language: Any other African language,59,107,-48
E09000020,African language: Any other Nigerian language,34,22,12
E09000020,African language: Any other West African language,18,15,3
E09000020,African language: Igbo,11,14,-3
E09000020,African language: Krio,0,1,-1
E09000020,African language: Lingala,25,34,-9
E09000020,African language: Luganda,6,13,-7
E09000020,African language: Shona,2,2,0
E09000020,African language: Somali,468,572,-104
E09000020,African language: Swahili or Kiswahili,50,29,21
E09000020,African language: Tigrinya,373,361,12
E09000020,African language: Yoruba,21,26,-5
E09000020,Arabic,3196,4447,-1251
E09000020,Caribbean Creole: Any other Caribbean Creole,4,1,3
E09000020,Caribbean Creole: English-based Caribbean Creole,0,1,-1
E09000020,East Asian language: All other Chinese,1254,963,291
E09000020,East Asian language: Any other East Asian language,98,255,-157
E09000020,East Asian language: Cantonese Chinese,265,215,50
E09000020,East Asian language: Japanese,633,873,-240
E09000020,East Asian language: Korean,123,147,-24
E09000020,East Asian language: Malay,105,127,-22
E09000020,East Asian language: Mandarin Chinese,254,164,90
E09000020,East Asian language: Tagalog or Filipino,1051,1387,-336
E09000020,East Asian language: Thai,216,481,-265
E09000020,East Asian language: Vietnamese,73,97,-24
E09000020,English (English or Welsh in Wales),106682,110239,-3557
E09000020,French,4711,7470,-2759
E09000020,North or South American language,0,0,0
E09000020,Oceanic or Australian language,0,2,-2
E09000020,"Other European language (EU and non-EU): Bosnian, Croatian, Serbian, and Montenegrin",274,430,-156
E09000020,Other European language (EU): Any other European language (EU),87,100,-13
E09000020,Other European language (EU): Bulgarian,224,208,16
E09000020,Other European language (EU): Czech,44,115,-71
E09000020,Other European language (EU): Danish,157,349,-192
E09000020,Other European language (EU): Dutch,370,802,-432
E09000020,Other European language (EU): Estonian,20,36,-16
E09000020,Other European language (EU): Finnish,107,139,-32
E09000020,Other European language (EU): German,1033,2072,-1039
E09000020,Other European language (EU): Greek,891,1067,-176
E09000020,Other European language (EU): Hungarian,174,210,-36
E09000020,Other European language (EU): Italian,3452,3733,-281
E09000020,Other European language (EU): Latvian,42,41,1
E09000020,Other European language (EU): Lithuanian,150,148,2
E09000020,Other European language (EU): Maltese,6,20,-14
E09000020,Other European language (EU): Polish,548,934,-386
E09000020,Other European language (EU): Romanian,375,176,199
E09000020,Other European language (EU): Slovak,52,103,-51
E09000020,Other European language (EU): Slovenian,47,22,25
E09000020,Other European language (EU): Swedish,472,1111,-639
E09000020,Other European language (non EU): Albanian,575,480,95
E09000020,Other European language (non EU): Any other Eastern European language (non EU),3,44,-41
E09000020,Other European language (non EU): Northern European language (non EU),219,319,-100
E09000020,Other European language (non EU): Ukrainian,90,83,7
E09000020,Other European language (non-national): Any Romani language,0,10,-10
E09000020,Other European language (non-national): Yiddish,0,0,0
E09000020,Other UK language: Cornish,0,0,0
E09000020,Other UK language: Gaelic (Irish),1,10,-9
E09000020,Other UK language: Gaelic (Not otherwise specified),0,0,0
E09000020,Other UK language: Gaelic (Scottish),0,1,-1
E09000020,Other UK language: Gypsy or Traveller languages,1,0,1
E09000020,Other UK language: Manx Gaelic,0,1,-1
E09000020,Other UK language: Scots,2,4,-2
E09000020,Other language,26,121,-95
E09000020,Portuguese,1840,2091,-251
E09000020,Russian,1332,1363,-31
E09000020,Sign language: Any other sign language,0,10,-10
E09000020,Sign language: Any sign communication system,9,8,1
E09000020,Sign language: British Sign Language,48,32,16
E09000020,South Asian language: Any other South Asian language,42,78,-36
E09000020,South Asian language: Bengali (with Sylheti and Chatgaya),469,390,79
E09000020,South Asian language: Gujarati,44,74,-30
E09000020,South Asian language: Hindi,81,112,-31
E09000020,South Asian language: Malayalam,38,21,17
E09000020,South Asian language: Marathi,12,2,10
E09000020,South Asian language: Nepalese,50,88,-38
E09000020,South Asian language: Pakistani Pahari (with Mirpuri and Potwari),0,1,-1
E09000020,South Asian language: Panjabi,40,30,10
E09000020,South Asian language: Sinhala,40,51,-11
E09000020,South Asian language: Tamil,49,39,10
E09000020,South Asian language: Telugu,2,4,-2
E09000020,South Asian language: Urdu,186,251,-65
E09000020,Spanish,3630,4150,-520
E09000020,Turkish,812,698,114
E09000020,Welsh or Cymraeg (in England only),22,31,-9
E09000020,West or Central Asian language: Any other West or Central Asian language,196,346,-150
E09000020,West or Central Asian language: Hebrew,64,62,2
E09000020,West or Central Asian language: Kurdish,234,346,-112
E09000020,West or Central Asian language: Pashto,67,18,49
E09000020,West or Central Asian language: Persian or Farsi,891,1364,-473
E09000021,African language: Afrikaans,66,148,-82
E09000021,African language: Akan,23,23,0
E09000021,African language: Amharic,19,15,4
E09000021,African language: Any other African language,31,73,-42
E09000021,African language: Any other Nigerian language,6,13,-7
E09000021,African language: Any other West African language,16,23,-7
E09000021,African language: Igbo,4,11,-7
E09000021,African language: Krio,3,1,2
E09000021,African language: Lingala,13,16,-3
E09000021,African language: Luganda,32,30,2
E09000021,African language: Shona,21,74,-53
E09000021,African language: Somali,74,68,6
E09000021,African language: Swahili or Kiswahili,16,24,-8
E09000021,African language: Tigrinya,25,23,2
E09000021,African language: Yoruba,7,13,-6
E09000021,Arabic,1766,1518,248
E09000021,Caribbean Creole: Any other Caribbean Creole,17,0,17
E09000021,Caribbean Creole: English-based Caribbean Creole,0,0,0
E09000021,East Asian language: All other Chinese,918,709,209
E09000021,East Asian language: Any other East Asian language,55,62,-7
E09000021,East Asian language: Cantonese Chinese,633,355,278
E09000021,East Asian language: Japanese,290,380,-90
E09000021,East Asian language: Korean,2113,2613,-500
E09000021,East Asian language: Malay,33,67,-34
E09000021,East Asian language: Mandarin Chinese,167,129,38
E09000021,East Asian language: Tagalog or Filipino,643,450,193
E09000021,East Asian language: Thai,127,170,-43
E09000021,East Asian language: Vietnamese,86,73,13
E09000021,English (English or Welsh in Wales),134395,128110,6285
E09000021,French,582,772,-190
E09000021,North or South American language,0,1,-1
E09000021,Oceanic or Australian language,2,17,-15
E09000021,"Other European language (EU and non-EU): Bosnian, Croatian, Serbian, and Montenegrin",128,117,11
E09000021,Other European language (EU): Any other European language (EU),31,22,9
E09000021,Other European language (EU): Bulgarian,1456,471,985
E09000021,Other European language (EU): Czech,86,145,-59
E09000021,Other European language (EU): Danish,34,65,-31
E09000021,Other European language (EU): Dutch,89,136,-47
E09000021,Other European language (EU): Estonian,24,26,-2
E09000021,Other European language (EU): Finnish,47,86,-39
E09000021,Other European language (EU): German,601,1076,-475
E09000021,Other European language (EU): Greek,586,452,134
E09000021,Other European language (EU): Hungarian,498,373,125
E09000021,Other European language (EU): Italian,1020,648,372
E09000021,Other European language (EU): Latvian,58,38,20
E09000021,Other European language (EU): Lithuanian,350,341,9
E09000021,Other European language (EU): Maltese,8,21,-13
E09000021,Other European language (EU): Polish,1699,1919,-220
E09000021,Other European language (EU): Romanian,865,172,693
E09000021,Other European language (EU): Slovak,111,234,-123
E09000021,Other European language (EU): Slovenian,13,3,10
E09000021,Other European language (EU): Swedish,85,164,-79
E09000021,Other European language (non EU): Albanian,428,172,256
E09000021,Other European language (non EU): Any other Eastern European language (non EU),7,12,-5
E09000021,Other European language (non EU): Northern European language (non EU),113,195,-82
E09000021,Other European language (non EU): Ukrainian,141,55,86
E09000021,Other European language (non-national): Any Romani language,0,4,-4
E09000021,Other European language (non-national): Yiddish,0,0,0
E09000021,Other UK language: Cornish,0,0,0
E09000021,Other UK language: Gaelic (Irish),0,6,-6
E09000021,Other UK language: Gaelic (Not otherwise specified),0,2,-2
E09000021,Other UK language: Gaelic (Scottish),0,0,0
E09000021,Other UK language: Gypsy or Traveller languages,6,1,5
E09000021,Other UK language: Manx Gaelic,0,0,0
E09000021,Other UK language: Scots,2,3,-1
E09000021,Other language,18,111,-93
E09000021,Portuguese,1377,814,563
E09000021,Russian,636,467,169
E09000021,Sign language: Any other sign language,2,7,-5
E09000021,Sign language: Any sign communication system,12,29,-17
E09000021,Sign language: British Sign Language,57,25,32
E09000021,South Asian language: Any other South Asian language,119,49,70
E09000021,South Asian language: Bengali (with Sylheti and Chatgaya),318,430,-112
E09000021,South Asian language: Gujarati,499,681,-182
E09000021,South Asian language: Hindi,289,235,54
E09000021,South Asian language: Malayalam,314,248,66
E09000021,South Asian language: Marathi,80,41,39
E09000021,South Asian language: Nepalese,113,97,16
E09000021,South Asian language: Pakistani Pahari (with Mirpuri and Potwari),0,1,-1
E09000021,South Asian language: Panjabi,480,620,-140
E09000021,South Asian language: Sinhala,195,269,-74
E09000021,South Asian language: Tamil,2593,2626,-33
E09000021,South Asian language: Telugu,131,33,98
E09000021,South Asian language: Urdu,1109,1039,70
E09000021,Spanish,1234,888,346
E09000021,Turkish,646,288,358
E09000021,Welsh or Cymraeg (in England only),26,31,-5
E09000021,West or Central Asian language: Any other West or Central Asian language,93,113,-20
E09000021,West or Central Asian language: Hebrew,19,23,-4
E09000021,West or Central Asian language: Kurdish,298,188,110
E09000021,West or Central Asian language: Pashto,363,171,192
E09000021,West or Central Asian language: Persian or Farsi,809,822,-13
E09000022,African language: Afrikaans,39,111,-72
E09000022,African language: Akan,629,1039,-410
E09000022,African language: Amharic,531,624,-93
E09000022,African language: Any other African language,178,309,-131
E09000022,African language: Any other Nigerian language,134,225,-91
E09000022,African language: Any other West African language,190,275,-85
E09000022,African language: Igbo,181,219,-38
E09000022,African language: Krio,37,63,-26
E09000022,African language: Lingala,230,220,10
E09000022,African language: Luganda,52,105,-53
E09000022,African language: Shona,18,57,-39
E09000022,African language: Somali,1636,2354,-718
E09000022,African language: Swahili or Kiswahili,60,111,-51
E09000022,African language: Tigrinya,1066,1107,-41
E09000022,African language: Yoruba,330,711,-381
E09000022,Arabic,1553,1485,68
E09000022,Caribbean Creole: Any other Caribbean Creole,12,1,11
E09000022,Caribbean Creole: English-based Caribbean Creole,6,22,-16
E09000022,East Asian language: All other Chinese,1266,1029,237
E09000022,East Asian language: Any other East Asian language,55,138,-83
E09000022,East Asian language: Cantonese Chinese,628,688,-60
E09000022,East Asian language: Japanese,181,299,-118
E09000022,East Asian language: Korean,138,237,-99
E09000022,East Asian language: Malay,70,42,28
E09000022,East Asian language: Mandarin Chinese,303,199,104
E09000022,East Asian language: Tagalog or Filipino,526,775,-249
E09000022,East Asian language: Thai,98,177,-79
E09000022,East Asian language: Vietnamese,391,372,19
E09000022,English (English or Welsh in Wales),253317,231326,21991
E09000022,French,3372,5098,-1726
E09000022,North or South American language,2,5,-3
E09000022,Oceanic or Australian language,2,1,1
E09000022,"Other European language (EU and non-EU): Bosnian, Croatian, Serbian, and Montenegrin",201,244,-43
E09000022,Other European language (EU): Any other European language (EU),140,89,51
E09000022,Other European language (EU): Bulgarian,742,579,163
E09000022,Other European language (EU): Czech,149,300,-151
E09000022,Other European language (EU): Danish,98,144,-46
E09000022,Other European language (EU): Dutch,301,380,-79
E09000022,Other European language (EU): Estonian,34,64,-30
E09000022,Other European language (EU): Finnish,82,116,-34
E09000022,Other European language (EU): German,864,1408,-544
E09000022,Other European language (EU): Greek,861,575,286
E09000022,Other European language (EU): Hungarian,419,624,-205
E09000022,Other European language (EU): Italian,4031,3110,921
E09000022,Other European language (EU): Latvian,94,143,-49
E09000022,Other European language (EU): Lithuanian,318,487,-169
E09000022,Other European language (EU): Maltese,44,104,-60
E09000022,Other European language (EU): Polish,3639,6451,-2812
E09000022,Other European language (EU): Romanian,1011,538,473
E09000022,Other European language (EU): Slovak,195,394,-199
E09000022,Other European language (EU): Slovenian,37,31,6
E09000022,Other European language (EU): Swedish,252,399,-147
E09000022,Other European language (non EU): Albanian,476,488,-12
E09000022,Other European language (non EU): Any other Eastern European language (non EU),3,22,-19
E09000022,Other European language (non EU): Northern European language (non EU),120,142,-22
E09000022,Other European language (non EU): Ukrainian,184,91,93
E09000022,Other European language (non-national): Any Romani language,0,5,-5
E09000022,Other European language (non-national): Yiddish,0,1,-1
E09000022,Other UK language: Cornish,0,2,-2
E09000022,Other UK language: Gaelic (Irish),11,36,-25
E09000022,Other UK language: Gaelic (Not otherwise specified),3,12,-9
E09000022,Other UK language: Gaelic (Scottish),0,0,0
E09000022,Other UK language: Gypsy or Traveller languages,8,13,-5
E09000022,Other UK language: Manx Gaelic,0,0,0
E09000022,Other UK language: Scots,4,8,-4
E09000022,Other language,91,329,-238
E09000022,Portuguese,9009,9897,-888
E09000022,Russian,704,642,62
E09000022,Sign language: Any other sign language,10,25,-15
E09000022,Sign language: Any sign communication system,13,21,-8
E09000022,Sign language: British Sign Language,129,92,37
E09000022,South Asian language: Any other South Asian language,77,145,-68
E09000022,South Asian language: Bengali (with Sylheti and Chatgaya),731,996,-265
E09000022,South Asian language: Gujarati,454,720,-266
E09000022,South Asian language: Hindi,142,216,-74
E09000022,South Asian language: Malayalam,118,22,96
E09000022,South Asian language: Marathi,6,16,-10
E09000022,South Asian language: Nepalese,39,93,-54
E09000022,South Asian language: Pakistani Pahari (with Mirpuri and Potwari),1,4,-3
E09000022,South Asian language: Panjabi,216,236,-20
E09000022,South Asian language: Sinhala,16,50,-34
E09000022,South Asian language: Tamil,242,189,53
E09000022,South Asian language: Telugu,35,15,20
E09000022,South Asian language: Urdu,728,1001,-273
E09000022,Spanish,12319,7152,5167
E09000022,Turkish,702,699,3
E09000022,Welsh or Cymraeg (in England only),68,82,-14
E09000022,West or Central Asian language: Any other West or Central Asian language,69,116,-47
E09000022,West or Central Asian language: Hebrew,51,50,1
E09000022,West or Central Asian language: Kurdish,260,266,-6
E09000022,West or Central Asian language: Pashto,224,231,-7
E09000022,West or Central Asian language: Persian or Farsi,298,351,-53
E09000023,African language: Afrikaans,62,162,-100
E09000023,African language: Akan,350,535,-185
E09000023,African language: Amharic,107,95,12
E09000023,African language: Any other African language,130,227,-97
E09000023,African language: Any other Nigerian language,143,319,-176
E09000023,African language: Any other West African language,392,222,170
E09000023,African language: Igbo,421,431,-10
E09000023,African language: Krio,53,82,-29
E09000023,African language: Lingala,122,124,-2
E09000023,African language: Luganda,59,150,-91
E09000023,African language: Shona,45,178,-133
E09000023,African language: Somali,764,878,-114
E09000023,African language: Swahili or Kiswahili,57,150,-93
E09000023,African language: Tigrinya,175,103,72
E09000023,African language: Yoruba,385,766,-381
E09000023,Arabic,887,964,-77
E09000023,Caribbean Creole: Any other Caribbean Creole,25,6,19
E09000023,Caribbean Creole: English-based Caribbean Creole,3,26,-23
E09000023,East Asian language: All other Chinese,1466,1791,-325
E09000023,East Asian language: Any other East Asian language,89,102,-13
E09000023,East Asian language: Cantonese Chinese,607,698,-91
E09000023,East Asian language: Japanese,257,431,-174
E09000023,East Asian language: Korean,83,137,-54
E09000023,East Asian language: Malay,41,65,-24
E09000023,East Asian language: Mandarin Chinese,598,432,166
E09000023,East Asian language: Tagalog or Filipino,555,280,275
E09000023,East Asian language: Thai,133,192,-59
E09000023,East Asian language: Vietnamese,991,990,1
E09000023,English (English or Welsh in Wales),242028,219035,22993
E09000023,French,2759,3929,-1170
E09000023,North or South American language,0,3,-3
E09000023,Oceanic or Australian language,0,6,-6
E09000023,"Other European language (EU and non-EU): Bosnian, Croatian, Serbian, and Montenegrin",122,141,-19
E09000023,Other European language (EU): Any other European language (EU),79,44,35
E09000023,Other European language (EU): Bulgarian,1063,718,345
E09000023,Other European language (EU): Czech,137,204,-67
E09000023,Other European language (EU): Danish,71,120,-49
E09000023,Other European language (EU): Dutch,179,321,-142
E09000023,Other European language (EU): Estonian,47,54,-7
E09000023,Other European language (EU): Finnish,81,112,-31
E09000023,Other European language (EU): German,634,952,-318
E09000023,Other European language (EU): Greek,760,411,349
E09000023,Other European language (EU): Hungarian,719,479,240
E09000023,Other European language (EU): Italian,2761,1543,1218
E09000023,Other European language (EU): Latvian,111,210,-99
E09000023,Other European language (EU): Lithuanian,816,1179,-363
E09000023,Other European language (EU): Maltese,15,29,-14
E09000023,Other European language (EU): Polish,2664,4088,-1424
E09000023,Other European language (EU): Romanian,3122,658,2464
E09000023,Other European language (EU): Slovak,159,245,-86
E09000023,Other European language (EU): Slovenian,39,7,32
E09000023,Other European language (EU): Swedish,212,299,-87
E09000023,Other European language (non EU): Albanian,831,1040,-209
E09000023,Other European language (non EU): Any other Eastern European language (non EU),5,9,-4
E09000023,Other European language (non EU): Northern European language (non EU),90,135,-45
E09000023,Other European language (non EU): Ukrainian,266,108,158
E09000023,Other European language (non-national): Any Romani language,2,3,-1
E09000023,Other European language (non-national): Yiddish,0,0,0
E09000023,Other UK language: Cornish,1,1,0
E09000023,Other UK language: Gaelic (Irish),14,23,-9
E09000023,Other UK language: Gaelic (Not otherwise specified),2,8,-6
E09000023,Other UK language: Gaelic (Scottish),2,0,2
E09000023,Other UK language: Gypsy or Traveller languages,7,3,4
E09000023,Other UK language: Manx Gaelic,0,0,0
E09000023,Other UK language: Scots,3,11,-8
E09000023,Other language,99,247,-148
E09000023,Portuguese,3130,1966,1164
E09000023,Russian,1013,940,73
E09000023,Sign language: Any other sign language,7,18,-11
E09000023,Sign language: Any sign communication system,4,17,-13
E09000023,Sign language: British Sign Language,166,125,41
E09000023,South Asian language: Any other South Asian language,60,103,-43
E09000023,South Asian language: Bengali (with Sylheti and Chatgaya),474,630,-156
E09000023,South Asian language: Gujarati,226,356,-130
E09000023,South Asian language: Hindi,198,224,-26
E09000023,South Asian language: Malayalam,140,136,4
E09000023,South Asian language: Marathi,46,20,26
E09000023,South Asian language: Nepalese,141,173,-32
E09000023,South Asian language: Pakistani Pahari (with Mirpuri and Potwari),4,26,-22
E09000023,South Asian language: Panjabi,240,210,30
E09000023,South Asian language: Sinhala,69,149,-80
E09000023,South Asian language: Tamil,3370,3338,32
E09000023,South Asian language: Telugu,67,115,-48
E09000023,South Asian language: Urdu,414,518,-104
E09000023,Spanish,6818,2477,4341
E09000023,Turkish,1822,2227,-405
E09000023,Welsh or Cymraeg (in England only),70,34,36
E09000023,West or Central Asian language: Any other West or Central Asian language,103,156,-53
E09000023,West or Central Asian language: Hebrew,63,38,25
E09000023,West or Central Asian language: Kurdish,397,308,89
E09000023,West or Central Asian language: Pashto,438,330,108
E09000023,West or Central Asian language: Persian or Farsi,517,711,-194
E09000024,African language: Afrikaans,173,442,-269
E09000024,African language: Akan,434,627,-193
E09000024,African language: Amharic,47,20,27
E09000024,African language: Any other African language,74,124,-50
E09000024,African language: Any other Nigerian language,21,43,-22
E09000024,African language: Any other West African language,98,92,6
E09000024,African language: Igbo,73,73,0
E09000024,African language: Krio,7,13,-6
E09000024,African language: Lingala,34,40,-6
E09000024,African language: Luganda,69,105,-36
E09000024,African language: Shona,33,86,-53
E09000024,African language: Somali,326,409,-83
E09000024,African language: Swahili or Kiswahili,18,37,-19
E09000024,African language: Tigrinya,98,37,61
E09000024,African language: Yoruba,42,98,-56
E09000024,Arabic,871,872,-1
E09000024,Caribbean Creole: Any other Caribbean Creole,36,4,32
E09000024,Caribbean Creole: English-based Caribbean Creole,2,0,2
E09000024,East Asian language: All other Chinese,608,634,-26
E09000024,East Asian language: Any other East Asian language,81,112,-31
E09000024,East Asian language: Cantonese Chinese,364,211,153
E09000024,East Asian language: Japanese,390,544,-154
E09000024,East Asian language: Korean,828,918,-90
E09000024,East Asian language: Malay,36,55,-19
E09000024,East Asian language: Mandarin Chinese,208,103,105
E09000024,East Asian language: Tagalog or Filipino,648,639,9
E09000024,East Asian language: Thai,170,178,-8
E09000024,East Asian language: Vietnamese,110,82,28
E09000024,English (English or Welsh in Wales),162563,150367,12196
E09000024,French,1180,1536,-356
E09000024,North or South American language,1,5,-4
E09000024,Oceanic or Australian language,10,3,7
E09000024,"Other European language (EU and non-EU): Bosnian, Croatian, Serbian, and Montenegrin",164,134,30
E09000024,Other European language (EU): Any other European language (EU),51,17,34
E09000024,Other European language (EU): Bulgarian,2421,885,1536
E09000024,Other European language (EU): Czech,134,183,-49
E09000024,Other European language (EU): Danish,54,152,-98
E09000024,Other European language (EU): Dutch,128,207,-79
E09000024,Other European language (EU): Estonian,19,41,-22
E09000024,Other European language (EU): Finnish,45,68,-23
E09000024,Other European language (EU): German,464,835,-371
E09000024,Other European language (EU): Greek,540,247,293
E09000024,Other European language (EU): Hungarian,606,390,216
E09000024,Other European language (EU): Italian,1773,969,804
E09000024,Other European language (EU): Latvian,66,59,7
E09000024,Other European language (EU): Lithuanian,456,566,-110
E09000024,Other European language (EU): Maltese,20,52,-32
E09000024,Other European language (EU): Polish,5761,6604,-843
E09000024,Other European language (EU): Romanian,2547,581,1966
E09000024,Other European language (EU): Slovak,225,363,-138
E09000024,Other European language (EU): Slovenian,22,13,9
E09000024,Other European language (EU): Swedish,136,197,-61
E09000024,Other European language (non EU): Albanian,438,249,189
E09000024,Other European language (non EU): Any other Eastern European language (non EU),2,20,-18
E09000024,Other European language (non EU): Northern European language (non EU),158,275,-117
E09000024,Other European language (non EU): Ukrainian,366,85,281
E09000024,Other European language (non-national): Any Romani language,0,1,-1
E09000024,Other European language (non-national): Yiddish,0,0,0
E09000024,Other UK language: Cornish,1,0,1
E09000024,Other UK language: Gaelic (Irish),7,6,1
E09000024,Other UK language: Gaelic (Not otherwise specified),1,4,-3
E09000024,Other UK language: Gaelic (Scottish),2,0,2
E09000024,Other UK language: Gypsy or Traveller languages,8,0,8
E09000024,Other UK language: Manx Gaelic,0,0,0
E09000024,Other UK language: Scots,0,1,-1
E09000024,Other language,68,217,-149
E09000024,Portuguese,3157,1625,1532
E09000024,Russian,825,646,179
E09000024,Sign language: Any other sign language,4,12,-8
E09000024,Sign language: Any sign communication system,12,7,5
E09000024,Sign language: British Sign Language,64,49,15
E09000024,South Asian language: Any other South Asian language,114,175,-61
E09000024,South Asian language: Bengali (with Sylheti and Chatgaya),709,970,-261
E09000024,South Asian language: Gujarati,1001,1313,-312
E09000024,South Asian language: Hindi,252,228,24
E09000024,South Asian language: Malayalam,225,178,47
E09000024,South Asian language: Marathi,52,50,2
E09000024,South Asian language: Nepalese,411,407,4
E09000024,South Asian language: Pakistani Pahari (with Mirpuri and Potwari),1,0,1
E09000024,South Asian language: Panjabi,369,388,-19
E09000024,South Asian language: Sinhala,170,263,-93
E09000024,South Asian language: Tamil,5271,5988,-717
E09000024,South Asian language: Telugu,69,52,17
E09000024,South Asian language: Urdu,3153,3363,-210
E09000024,Spanish,2779,1396,1383
E09000024,Turkish,921,446,475
E09000024,Welsh or Cymraeg (in England only),32,33,-1
E09000024,West or Central Asian language: Any other West or Central Asian language,74,90,-16
E09000024,West or Central Asian language: Hebrew,17,19,-2
E09000024,West or Central Asian language: Kurdish,218,167,51
E09000024,West or Central Asian language: Pashto,279,202,77
E09000024,West or Central Asian language: Persian or Farsi,446,503,-57
E09000025,African language: Afrikaans,28,122,-94
E09000025,African language: Akan,724,1210,-486
E09000025,African language: Amharic,213,217,-4
E09000025,African language: Any other African language,187,398,-211
E09000025,African language: Any other Nigerian language,97,304,-207
E09000025,African language: Any other West African language,417,492,-75
E09000025,African language: Igbo,281,372,-91
E09000025,African language: Krio,21,40,-19
E09000025,African language: Lingala,233,267,-34
E09000025,African language: Luganda,123,289,-166
E09000025,African language: Shona,38,134,-96
E09000025,African language: Somali,1910,3082,-1172
E09000025,African language: Swahili or Kiswahili,426,919,-493
E09000025,African language: Tigrinya,198,187,11
E09000025,African language: Yoruba,272,673,-401
E09000025,Arabic,1705,1690,15
E09000025,Caribbean Creole: Any other Caribbean Creole,60,6,54
E09000025,Caribbean Creole: English-based Caribbean Creole,5,12,-7
E09000025,East Asian language: All other Chinese,1555,1342,213
E09000025,East Asian language: Any other East Asian language,176,312,-136
E09000025,East Asian language: Cantonese Chinese,662,386,276
E09000025,East Asian language: Japanese,120,95,25
E09000025,East Asian language: Korean,97,52,45
E09000025,East Asian language: Malay,90,83,7
E09000025,East Asian language: Mandarin Chinese,443,179,264
E09000025,East Asian language: Tagalog or Filipino,1717,2632,-915
E09000025,East Asian language: Thai,147,178,-31
E09000025,East Asian language: Vietnamese,354,382,-28
E09000025,English (English or Welsh in Wales),220022,171384,48638
E09000025,French,1566,2532,-966
E09000025,North or South American language,0,55,-55
E09000025,Oceanic or Australian language,3,3,0
E09000025,"Other European language (EU and non-EU): Bosnian, Croatian, Serbian, and Montenegrin",137,105,32
E09000025,Other European language (EU): Any other European language (EU),70,24,46
E09000025,Other European language (EU): Bulgarian,3897,2022,1875
E09000025,Other European language (EU): Czech,149,214,-65
E09000025,Other European language (EU): Danish,46,56,-10
E09000025,Other European language (EU): Dutch,160,244,-84
E09000025,Other European language (EU): Estonian,34,46,-12
E09000025,Other European language (EU): Finnish,42,45,-3
E09000025,Other European language (EU): German,353,510,-157
E09000025,Other European language (EU): Greek,966,283,683
E09000025,Other European language (EU): Hungarian,1353,882,471
E09000025,Other European language (EU): Italian,3192,875,2317
E09000025,Other European language (EU): Latvian,341,590,-249
E09000025,Other European language (EU): Lithuanian,4813,7833,-3020
E09000025,Other European language (EU): Maltese,18,42,-24
E09000025,Other European language (EU): Polish,3208,5966,-2758
E09000025,Other European language (EU): Romanian,17694,4555,13139
E09000025,Other European language (EU): Slovak,313,589,-276
E09000025,Other European language (EU): Slovenian,37,6,31
E09000025,Other European language (EU): Swedish,83,116,-33
E09000025,Other European language (non EU): Albanian,847,703,144
E09000025,Other European language (non EU): Any other Eastern European language (non EU),12,24,-12
E09000025,Other European language (non EU): Northern European language (non EU),57,41,16
E09000025,Other European language (non EU): Ukrainian,698,246,452
E09000025,Other European language (non-national): Any Romani language,2,55,-53
E09000025,Other European language (non-national): Yiddish,0,0,0
E09000025,Other UK language: Cornish,0,0,0
E09000025,Other UK language: Gaelic (Irish),8,10,-2
E09000025,Other UK language: Gaelic (Not otherwise specified),1,2,-1
E09000025,Other UK language: Gaelic (Scottish),2,1,1
E09000025,Other UK language: Gypsy or Traveller languages,75,7,68
E09000025,Other UK language: Manx Gaelic,0,0,0
E09000025,Other UK language: Scots,3,12,-9
E09000025,Other language,152,553,-401
E09000025,Portuguese,5629,4061,1568
E09000025,Russian,1834,1774,60
E09000025,Sign language: Any other sign language,12,43,-31
E09000025,Sign language: Any sign communication system,6,10,-4
E09000025,Sign language: British Sign Language,188,126,62
E09000025,South Asian language: Any other South Asian language,294,516,-222
E09000025,South Asian language: Bengali (with Sylheti and Chatgaya),21407,21635,-228
E09000025,South Asian language: Gujarati,6294,9735,-3441
E09000025,South Asian language: Hindi,1346,2223,-877
E09000025,South Asian language: Malayalam,1998,2587,-589
E09000025,South Asian language: Marathi,122,129,-7
E09000025,South Asian language: Nepalese,383,915,-532
E09000025,South Asian language: Pakistani Pahari (with Mirpuri and Potwari),66,53,13
E09000025,South Asian language: Panjabi,3622,5224,-1602
E09000025,South Asian language: Sinhala,111,415,-304
E09000025,South Asian language: Tamil,5103,6818,-1715
E09000025,South Asian language: Telugu,922,1266,-344
E09000025,South Asian language: Urdu,7438,12802,-5364
E09000025,Spanish,4145,2211,1934
E09000025,Turkish,843,811,32
E09000025,Welsh or Cymraeg (in England only),16,13,3
E09000025,West or Central Asian language: Any other West or Central Asian language,243,216,27
E09000025,West or Central Asian language: Hebrew,17,5,12
E09000025,West or Central Asian language: Kurdish,121,104,17
E09000025,West or Central Asian language: Pashto,1213,1279,-66
E09000025,West or Central Asian language: Persian or Farsi,566,739,-173
E09000026,African language: Afrikaans,39,224,-185
E09000026,African language: Akan,159,196,-37
E09000026,African language: Amharic,99,19,80
E09000026,African language: Any other African language,84,205,-121
E09000026,African language: Any other Nigerian language,25,62,-37
E09000026,African language: Any other West African language,77,124,-47
E09000026,African language: Igbo,158,108,50
E09000026,African language: Krio,2,13,-11
E09000026,African language: Lingala,116,85,31
E09000026,African language: Luganda,56,77,-21
E09000026,African language: Shona,23,101,-78
E09000026,African language: Somali,570,946,-376
E09000026,African language: Swahili or Kiswahili,265,673,-408
E09000026,African language: Tigrinya,72,30,42
E09000026,African language: Yoruba,67,130,-63
E09000026,Arabic,895,845,50
E09000026,Caribbean Creole: Any other Caribbean Creole,50,1,49
E09000026,Caribbean Creole: English-based Caribbean Creole,3,4,-1
E09000026,East Asian language: All other Chinese,443,575,-132
E09000026,East Asian language: Any other East Asian language,62,80,-18
E09000026,East Asian language: Cantonese Chinese,341,350,-9
E09000026,East Asian language: Japanese,85,101,-16
E09000026,East Asian language: Korean,13,16,-3
E09000026,East Asian language: Malay,21,37,-16
E09000026,East Asian language: Mandarin Chinese,146,89,57
E09000026,East Asian language: Tagalog or Filipino,254,323,-69
E09000026,East Asian language: Thai,82,148,-66
E09000026,East Asian language: Vietnamese,115,64,51
E09000026,English (English or Welsh in Wales),218924,200597,18327
E09000026,French,781,1230,-449
E09000026,North or South American language,0,25,-25
E09000026,Oceanic or Australian language,0,5,-5
E09000026,"Other European language (EU and non-EU): Bosnian, Croatian, Serbian, and Montenegrin",95,100,-5
E09000026,Other European language (EU): Any other European language (EU),18,5,13
E09000026,Other European language (EU): Bulgarian,1924,570,1354
E09000026,Other European language (EU): Czech,92,119,-27
E09000026,Other European language (EU): Danish,19,36,-17
E09000026,Other European language (EU): Dutch,81,89,-8
E09000026,Other European language (EU): Estonian,9,12,-3
E09000026,Other European language (EU): Finnish,16,29,-13
E09000026,Other European language (EU): German,159,318,-159
E09000026,Other European language (EU): Greek,458,326,132
E09000026,Other European language (EU): Hungarian,371,159,212
E09000026,Other European language (EU): Italian,1126,469,657
E09000026,Other European language (EU): Latvian,139,148,-9
E09000026,Other European language (EU): Lithuanian,2398,2668,-270
E09000026,Other European language (EU): Maltese,14,12,2
E09000026,Other European language (EU): Polish,1908,2293,-385
E09000026,Other European language (EU): Romanian,12828,1783,11045
E09000026,Other European language (EU): Slovak,109,138,-29
E09000026,Other European language (EU): Slovenian,2,4,-2
E09000026,Other European language (EU): Swedish,38,72,-34
E09000026,Other European language (non EU): Albanian,1066,749,317
E09000026,Other European language (non EU): Any other Eastern European language (non EU),6,10,-4
E09000026,Other European language (non EU): Northern European language (non EU),14,36,-22
E09000026,Other European language (non EU): Ukrainian,457,84,373
E09000026,Other European language (non-national): Any Romani language,2,20,-18
E09000026,Other European language (non-national): Yiddish,0,3,-3
E09000026,Other UK language: Cornish,0,0,0
E09000026,Other UK language: Gaelic (Irish),1,11,-10
E09000026,Other UK language: Gaelic (Not otherwise specified),2,8,-6
E09000026,Other UK language: Gaelic (Scottish),1,0,1
E09000026,Other UK language: Gypsy or Traveller languages,36,4,32
E09000026,Other UK language: Manx Gaelic,0,0,0
E09000026,Other UK language: Scots,0,3,-3
E09000026,Other language,96,383,-287
E09000026,Portuguese,1561,1042,519
E09000026,Russian,1038,784,254
E09000026,Sign language: Any other sign language,8,28,-20
E09000026,Sign language: Any sign communication system,17,9,8
E09000026,Sign language: British Sign Language,149,111,38
E09000026,South Asian language: Any other South Asian language,552,387,165
E09000026,South Asian language: Bengali (with Sylheti and Chatgaya),9802,6633,3169
E09000026,South Asian language: Gujarati,4695,6141,-1446
E09000026,South Asian language: Hindi,1679,1882,-203
E09000026,South Asian language: Malayalam,815,564,251
E09000026,South Asian language: Marathi,305,209,96
E09000026,South Asian language: Nepalese,68,140,-72
E09000026,South Asian language: Pakistani Pahari (with Mirpuri and Potwari),45,35,10
E09000026,South Asian language: Panjabi,8481,8261,220
E09000026,South Asian language: Sinhala,239,505,-266
E09000026,South Asian language: Tamil,7134,6895,239
E09000026,South Asian language: Telugu,1226,580,646
E09000026,South Asian language: Urdu,8315,10093,-1778
E09000026,Spanish,1077,629,448
E09000026,Turkish,1032,1124,-92
E09000026,Welsh or Cymraeg (in England only),20,14,6
E09000026,West or Central Asian language: Any other West or Central Asian language,65,71,-6
E09000026,West or Central Asian language: Hebrew,21,51,-30
E09000026,West or Central Asian language: Kurdish,240,178,62
E09000026,West or Central Asian language: Pashto,870,695,175
E09000026,West or Central Asian language: Persian or Farsi,669,763,-94
E09000027,African language: Afrikaans,68,158,-90
E09000027,African language: Akan,17,14,3
E09000027,African language: Amharic,33,24,9
E09000027,African language: Any other African language,24,63,-39
E09000027,African language: Any other Nigerian language,1,8,-7
E09000027,African language: Any other West African language,3,18,-15
E09000027,African language: Igbo,2,0,2
E09000027,African language: Krio,1,0,1
E09000027,African language: Lingala,16,18,-2
E09000027,African language: Luganda,3,8,-5
E09000027,African language: Shona,28,40,-12
E09000027,African language: Somali,49,61,-12
E09000027,African language: Swahili or Kiswahili,12,22,-10
E09000027,African language: Tigrinya,29,25,4
E09000027,African language: Yoruba,3,11,-8
E09000027,Arabic,756,722,34
E09000027,Caribbean Creole: Any other Caribbean Creole,1,0,1
E09000027,Caribbean Creole: English-based Caribbean Creole,1,2,-1
E09000027,East Asian language: All other Chinese,514,388,126
E09000027,East Asian language: Any other East Asian language,35,59,-24
E09000027,East Asian language: Cantonese Chinese,403,149,254
E09000027,East Asian language: Japanese,350,435,-85
E09000027,East Asian language: Korean,98,90,8
E09000027,East Asian language: Malay,25,21,4
E09000027,East Asian language: Mandarin Chinese,161,85,76
E09000027,East Asian language: Tagalog or Filipino,143,213,-70
E09000027,East Asian language: Thai,128,154,-26
E09000027,East Asian language: Vietnamese,79,53,26
E09000027,English (English or Welsh in Wales),167514,159702,7812
E09000027,French,858,1169,-311
E09000027,North or South American language,0,4,-4
E09000027,Oceanic or Australian language,0,1,-1
E09000027,"Other European language (EU and non-EU): Bosnian, Croatian, Serbian, and Montenegrin",199,191,8
E09000027,Other European language (EU): Any other European language (EU),46,22,24
E09000027,Other European language (EU): Bulgarian,495,225,270
E09000027,Other European language (EU): Czech,110,171,-61
E09000027,Other European language (EU): Danish,91,179,-88
E09000027,Other European language (EU): Dutch,204,326,-122
E09000027,Other European language (EU): Estonian,17,35,-18
E09000027,Other European language (EU): Finnish,85,132,-47
E09000027,Other European language (EU): German,1130,1648,-518
E09000027,Other European language (EU): Greek,519,206,313
E09000027,Other European language (EU): Hungarian,469,303,166
E09000027,Other European language (EU): Italian,1215,889,326
E09000027,Other European language (EU): Latvian,69,33,36
E09000027,Other European language (EU): Lithuanian,238,155,83
E09000027,Other European language (EU): Maltese,4,14,-10
E09000027,Other European language (EU): Polish,1628,1712,-84
E09000027,Other European language (EU): Romanian,618,148,470
E09000027,Other European language (EU): Slovak,110,222,-112
E09000027,Other European language (EU): Slovenian,18,6,12
E09000027,Other European language (EU): Swedish,519,613,-94
E09000027,Other European language (non EU): Albanian,416,327,89
E09000027,Other European language (non EU): Any other Eastern European language (non EU),6,29,-23
E09000027,Other European language (non EU): Northern European language (non EU),94,167,-73
E09000027,Other European language (non EU): Ukrainian,140,33,107
E09000027,Other European language (non-national): Any Romani language,0,1,-1
E09000027,Other European language (non-national): Yiddish,0,0,0
E09000027,Other UK language: Cornish,3,0,3
E09000027,Other UK language: Gaelic (Irish),3,7,-4
E09000027,Other UK language: Gaelic (Not otherwise specified),0,2,-2
E09000027,Other UK language: Gaelic (Scottish),1,0,1
E09000027,Other UK language: Gypsy or Traveller languages,0,0,0
E09000027,Other UK language: Manx Gaelic,0,0,0
E09000027,Other UK language: Scots,0,2,-2
E09000027,Other language,21,85,-64
E09000027,Portuguese,1200,626,574
E09000027,Russian,873,589,284
E09000027,Sign language: Any other sign language,4,1,3
E09000027,Sign language: Any sign communication system,16,12,4
E09000027,Sign language: British Sign Language,49,23,26
E09000027,South Asian language: Any other South Asian language,67,54,13
E09000027,South Asian language: Bengali (with Sylheti and Chatgaya),240,401,-161
E09000027,South Asian language: Gujarati,335,424,-89
E09000027,South Asian language: Hindi,222,219,3
E09000027,South Asian language: Malayalam,53,36,17
E09000027,South Asian language: Marathi,70,18,52
E09000027,South Asian language: Nepalese,70,55,15
E09000027,South Asian language: Pakistani Pahari (with Mirpuri and Potwari),1,2,-1
E09000027,South Asian language: Panjabi,657,653,4
E09000027,South Asian language: Sinhala,67,104,-37
E09000027,South Asian language: Tamil,144,155,-11
E09000027,South Asian language: Telugu,53,26,27
E09000027,South Asian language: Urdu,243,317,-74
E09000027,Spanish,1791,1204,587
E09000027,Turkish,1446,300,1146
E09000027,Welsh or Cymraeg (in England only),44,66,-22
E09000027,West or Central Asian language: Any other West or Central Asian language,105,80,25
E09000027,West or Central Asian language: Hebrew,61,42,19
E09000027,West or Central Asian language: Kurdish,89,123,-34
E09000027,West or Central Asian language: Pashto,171,138,33
E09000027,West or Central Asian language: Persian or Farsi,988,1053,-65
E09000028,African language: Afrikaans,69,382,-313
E09000028,African language: Akan,595,1023,-428
E09000028,African language: Amharic,405,474,-69
E09000028,African language: Any other African language,165,294,-129
E09000028,African language: Any other Nigerian language,160,456,-296
E09000028,African language: Any other West African language,394,513,-119
E09000028,African language: Igbo,310,379,-69
E09000028,African language: Krio,183,285,-102
E09000028,African language: Lingala,138,91,47
E09000028,African language: Luganda,68,116,-48
E09000028,African language: Shona,15,112,-97
E09000028,African language: Somali,833,1359,-526
E09000028,African language: Swahili or Kiswahili,44,120,-76
E09000028,African language: Tigrinya,534,419,115
E09000028,African language: Yoruba,725,1715,-990
E09000028,Arabic,1621,1870,-249
E09000028,Caribbean Creole: Any other Caribbean Creole,19,2,17
E09000028,Caribbean Creole: English-based Caribbean Creole,2,17,-15
E09000028,East Asian language: All other Chinese,2224,2749,-525
E09000028,East Asian language: Any other East Asian language,76,208,-132
E09000028,East Asian language: Cantonese Chinese,836,830,6
E09000028,East Asian language: Japanese,288,453,-165
E09000028,East Asian language: Korean,179,337,-158
E09000028,East Asian language: Malay,71,77,-6
E09000028,East Asian language: Mandarin Chinese,605,495,110
E09000028,East Asian language: Tagalog or Filipino,949,803,146
E09000028,East Asian language: Thai,172,253,-81
E09000028,East Asian language: Vietnamese,788,937,-149
E09000028,English (English or Welsh in Wales),244002,221308,22694
E09000028,French,3527,4404,-877
E09000028,North or South American language,6,1,5
E09000028,Oceanic or Australian language,1,5,-4
E09000028,"Other European language (EU and non-EU): Bosnian, Croatian, Serbian, and Montenegrin",199,239,-40
E09000028,Other European language (EU): Any other European language (EU),162,96,66
E09000028,Other European language (EU): Bulgarian,531,539,-8
E09000028,Other European language (EU): Czech,168,240,-72
E09000028,Other European language (EU): Danish,143,190,-47
E09000028,Other European language (EU): Dutch,380,412,-32
E09000028,Other European language (EU): Estonian,41,63,-22
E09000028,Other European language (EU): Finnish,111,162,-51
E09000028,Other European language (EU): German,1054,1551,-497
E09000028,Other European language (EU): Greek,1253,919,334
E09000028,Other European language (EU): Hungarian,519,547,-28
E09000028,Other European language (EU): Italian,4254,2527,1727
E09000028,Other European language (EU): Latvian,105,183,-78
E09000028,Other European language (EU): Lithuanian,466,655,-189
E09000028,Other European language (EU): Maltese,15,38,-23
E09000028,Other European language (EU): Polish,1721,3171,-1450
E09000028,Other European language (EU): Romanian,1137,569,568
E09000028,Other European language (EU): Slovak,223,310,-87
E09000028,Other European language (EU): Slovenian,39,34,5
E09000028,Other European language (EU): Swedish,268,430,-162
E09000028,Other European language (non EU): Albanian,498,514,-16
E09000028,Other European language (non EU): Any other Eastern European language (non EU),6,29,-23
E09000028,Other European language (non EU): Northern European language (non EU),158,175,-17
E09000028,Other European language (non EU): Ukrainian,197,103,94
E09000028,Other European language (non-national): Any Romani language,0,2,-2
E09000028,Other European language (non-national): Yiddish,0,0,0
E09000028,Other UK language: Cornish,1,0,1
E09000028,Other UK language: Gaelic (Irish),13,36,-23
E09000028,Other UK language: Gaelic (Not otherwise specified),8,12,-4
E09000028,Other UK language: Gaelic (Scottish),0,2,-2
E09000028,Other UK language: Gypsy or Traveller languages,17,4,13
E09000028,Other UK language: Manx Gaelic,0,0,0
E09000028,Other UK language: Scots,4,11,-7
E09000028,Other language,145,407,-262
E09000028,Portuguese,3642,3653,-11
E09000028,Russian,1073,977,96
E09000028,Sign language: Any other sign language,9,25,-16
E09000028,Sign language: Any sign communication system,21,17,4
E09000028,Sign language: British Sign Language,120,111,9
E09000028,South Asian language: Any other South Asian language,66,144,-78
E09000028,South Asian language: Bengali (with Sylheti and Chatgaya),1563,1957,-394
E09000028,South Asian language: Gujarati,227,358,-131
E09000028,South Asian language: Hindi,211,369,-158
E09000028,South Asian language: Malayalam,161,98,63
E09000028,South Asian language: Marathi,28,39,-11
E09000028,South Asian language: Nepalese,43,64,-21
E09000028,South Asian language: Pakistani Pahari (with Mirpuri and Potwari),10,4,6
E09000028,South Asian language: Panjabi,106,126,-20
E09000028,South Asian language: Sinhala,27,50,-23
E09000028,South Asian language: Tamil,151,181,-30
E09000028,South Asian language: Telugu,23,53,-30
E09000028,South Asian language: Urdu,365,493,-128
E09000028,Spanish,12998,6429,6569
E09000028,Turkish,1452,1961,-509
E09000028,Welsh or Cymraeg (in England only),87,55,32
E09000028,West or Central Asian language: Any other West or Central Asian language,107,179,-72
E09000028,West or Central Asian language: Hebrew,66,43,23
E09000028,West or Central Asian language: Kurdish,423,429,-6
E09000028,West or Central Asian language: Pashto,335,256,79
E09000028,West or Central Asian language: Persian or Farsi,571,513,58
E09000029,African language: Afrikaans,82,114,-32
E09000029,African language: Akan,130,110,20
E09000029,African language: Amharic,16,10,6
E09000029,African language: Any other African language,61,128,-67
E09000029,African language: Any other Nigerian language,10,19,-9
E09000029,African language: Any other West African language,25,37,-12
E09000029,African language: Igbo,34,16,18
E09000029,African language: Krio,10,10,0
E09000029,African language: Lingala,27,20,7
E09000029,African language: Luganda,33,66,-33
E09000029,African language: Shona,55,134,-79
E09000029,African language: Somali,57,50,7
E09000029,African language: Swahili or Kiswahili,15,19,-4
E09000029,African language: Tigrinya,25,15,10
E09000029,African language: Yoruba,41,67,-26
E09000029,Arabic,603,593,10
E09000029,Caribbean Creole: Any other Caribbean Creole,35,0,35
E09000029,Caribbean Creole: English-based Caribbean Creole,1,1,0
E09000029,East Asian language: All other Chinese,717,567,150
E09000029,East Asian language: Any other East Asian language,53,51,2
E09000029,East Asian language: Cantonese Chinese,560,213,347
E09000029,East Asian language: Japanese,167,155,12
E09000029,East Asian language: Korean,443,511,-68
E09000029,East Asian language: Malay,27,26,1
E09000029,East Asian language: Mandarin Chinese,264,93,171
E09000029,East Asian language: Tagalog or Filipino,500,594,-94
E09000029,East Asian language: Thai,128,124,4
E09000029,East Asian language: Vietnamese,99,27,72
E09000029,English (English or Welsh in Wales),173379,164103,9276
E09000029,French,396,543,-147
E09000029,North or South American language,1,6,-5
E09000029,Oceanic or Australian language,1,2,-1
E09000029,"Other European language (EU and non-EU): Bosnian, Croatian, Serbian, and Montenegrin",121,70,51
E09000029,Other European language (EU): Any other European language (EU),20,4,16
E09000029,Other European language (EU): Bulgarian,1718,493,1225
E09000029,Other European language (EU): Czech,90,107,-17
E09000029,Other European language (EU): Danish,21,31,-10
E09000029,Other European language (EU): Dutch,53,82,-29
E09000029,Other European language (EU): Estonian,16,16,0
E09000029,Other European language (EU): Finnish,24,29,-5
E09000029,Other European language (EU): German,141,252,-111
E09000029,Other European language (EU): Greek,303,119,184
E09000029,Other European language (EU): Hungarian,367,148,219
E09000029,Other European language (EU): Italian,733,374,359
E09000029,Other European language (EU): Latvian,40,23,17
E09000029,Other European language (EU): Lithuanian,386,271,115
E09000029,Other European language (EU): Maltese,17,24,-7
E09000029,Other European language (EU): Polish,2640,1921,719
E09000029,Other European language (EU): Romanian,1504,287,1217
E09000029,Other European language (EU): Slovak,80,102,-22
E09000029,Other European language (EU): Slovenian,9,8,1
E09000029,Other European language (EU): Swedish,35,50,-15
E09000029,Other European language (non EU): Albanian,466,176,290
E09000029,Other European language (non EU): Any other Eastern European language (non EU),2,21,-19
E09000029,Other European language (non EU): Northern European language (non EU),16,33,-17
E09000029,Other European language (non EU): Ukrainian,158,43,115
E09000029,Other European language (non-national): Any Romani language,0,0,0
E09000029,Other European language (non-national): Yiddish,0,0,0
E09000029,Other UK language: Cornish,0,0,0
E09000029,Other UK language: Gaelic (Irish),9,8,1
E09000029,Other UK language: Gaelic (Not otherwise specified),1,2,-1
E09000029,Other UK language: Gaelic (Scottish),1,0,1
E09000029,Other UK language: Gypsy or Traveller languages,4,1,3
E09000029,Other UK language: Manx Gaelic,0,0,0
E09000029,Other UK language: Scots,3,2,1
E09000029,Other language,42,126,-84
E09000029,Portuguese,1485,812,673
E09000029,Russian,550,313,237
E09000029,Sign language: Any other sign language,12,12,0
E09000029,Sign language: Any sign communication system,11,11,0
E09000029,Sign language: British Sign Language,84,57,27
E09000029,South Asian language: Any other South Asian language,239,97,142
E09000029,South Asian language: Bengali (with Sylheti and Chatgaya),544,521,23
E09000029,South Asian language: Gujarati,852,738,114
E09000029,South Asian language: Hindi,615,215,400
E09000029,South Asian language: Malayalam,511,234,277
E09000029,South Asian language: Marathi,215,57,158
E09000029,South Asian language: Nepalese,385,231,154
E09000029,South Asian language: Pakistani Pahari (with Mirpuri and Potwari),0,1,-1
E09000029,South Asian language: Panjabi,214,144,70
E09000029,South Asian language: Sinhala,171,199,-28
E09000029,South Asian language: Tamil,4383,2715,1668
E09000029,South Asian language: Telugu,496,66,430
E09000029,South Asian language: Urdu,1872,961,911
E09000029,Spanish,986,535,451
E09000029,Turkish,783,397,386
E09000029,Welsh or Cymraeg (in England only),11,17,-6
E09000029,West or Central Asian language: Any other West or Central Asian language,71,90,-19
E09000029,West or Central Asian language: Hebrew,4,5,-1
E09000029,West or Central Asian language: Kurdish,176,164,12
E09000029,West or Central Asian language: Pashto,130,88,42
E09000029,West or Central Asian language: Persian or Farsi,432,453,-21
E09000030,African language: Afrikaans,38,124,-86
E09000030,African language: Akan,140,148,-8
E09000030,African language: Amharic,168,210,-42
E09000030,African language: Any other African language,75,180,-105
E09000030,African language: Any other Nigerian language,31,111,-80
E09000030,African language: Any other West African language,54,93,-39
E09000030,African language: Igbo,50,70,-20
E09000030,African language: Krio,12,12,0
E09000030,African language: Lingala,43,34,9
E09000030,African language: Luganda,12,24,-12
E09000030,African language: Shona,17,40,-23
E09000030,African language: Somali,1578,2465,-887
E09000030,African language: Swahili or Kiswahili,104,101,3
E09000030,African language: Tigrinya,221,145,76
E09000030,African language: Yoruba,56,91,-35
E09000030,Arabic,1575,1386,189
E09000030,Caribbean Creole: Any other Caribbean Creole,11,3,8
E09000030,Caribbean Creole: English-based Caribbean Creole,0,6,-6
E09000030,East Asian language: All other Chinese,2748,2790,-42
E09000030,East Asian language: Any other East Asian language,109,156,-47
E09000030,East Asian language: Cantonese Chinese,954,721,233
E09000030,East Asian language: Japanese,345,509,-164
E09000030,East Asian language: Korean,237,316,-79
E09000030,East Asian language: Malay,87,150,-63
E09000030,East Asian language: Mandarin Chinese,771,504,267
E09000030,East Asian language: Tagalog or Filipino,398,291,107
E09000030,East Asian language: Thai,150,214,-64
E09000030,East Asian language: Vietnamese,525,603,-78
E09000030,English (English or Welsh in Wales),218131,159488,58643
E09000030,French,3663,3286,377
E09000030,North or South American language,0,3,-3
E09000030,Oceanic or Australian language,1,3,-2
E09000030,"Other European language (EU and non-EU): Bosnian, Croatian, Serbian, and Montenegrin",255,147,108
E09000030,Other European language (EU): Any other European language (EU),189,100,89
E09000030,Other European language (EU): Bulgarian,798,515,283
E09000030,Other European language (EU): Czech,218,190,28
E09000030,Other European language (EU): Danish,221,242,-21
E09000030,Other European language (EU): Dutch,408,373,35
E09000030,Other European language (EU): Estonian,42,77,-35
E09000030,Other European language (EU): Finnish,105,163,-58
E09000030,Other European language (EU): German,1255,1757,-502
E09000030,Other European language (EU): Greek,1750,893,857
E09000030,Other European language (EU): Hungarian,823,637,186
E09000030,Other European language (EU): Italian,6643,2684,3959
E09000030,Other European language (EU): Latvian,131,191,-60
E09000030,Other European language (EU): Lithuanian,986,926,60
E09000030,Other European language (EU): Maltese,43,102,-59
E09000030,Other European language (EU): Polish,1740,2287,-547
E09000030,Other European language (EU): Romanian,1818,411,1407
E09000030,Other European language (EU): Slovak,188,244,-56
E09000030,Other European language (EU): Slovenian,45,39,6
E09000030,Other European language (EU): Swedish,370,597,-227
E09000030,Other European language (non EU): Albanian,299,203,96
E09000030,Other European language (non EU): Any other Eastern European language (non EU),3,20,-17
E09000030,Other European language (non EU): Northern European language (non EU),197,248,-51
E09000030,Other European language (non EU): Ukrainian,256,89,167
E09000030,Other European language (non-national): Any Romani language,0,0,0
E09000030,Other European language (non-national): Yiddish,14,11,3
E09000030,Other UK language: Cornish,0,0,0
E09000030,Other UK language: Gaelic (Irish),4,14,-10
E09000030,Other UK language: Gaelic (Not otherwise specified),1,2,-1
E09000030,Other UK language: Gaelic (Scottish),1,4,-3
E09000030,Other UK language: Gypsy or Traveller languages,16,2,14
E09000030,Other UK language: Manx Gaelic,0,1,-1
E09000030,Other UK language: Scots,2,7,-5
E09000030,Other language,36,203,-167
E09000030,Portuguese,3031,2033,998
E09000030,Russian,1906,1467,439
E09000030,Sign language: Any other sign language,29,20,9
E09000030,Sign language: Any sign communication system,8,6,2
E09000030,Sign language: British Sign Language,169,91,78
E09000030,South Asian language: Any other South Asian language,124,404,-280
E09000030,South Asian language: Bengali (with Sylheti and Chatgaya),32772,43525,-10753
E09000030,South Asian language: Gujarati,250,195,55
E09000030,South Asian language: Hindi,581,561,20
E09000030,South Asian language: Malayalam,188,160,28
E09000030,South Asian language: Marathi,124,51,73
E09000030,South Asian language: Nepalese,44,80,-36
E09000030,South Asian language: Pakistani Pahari (with Mirpuri and Potwari),1,1,0
E09000030,South Asian language: Panjabi,219,261,-42
E09000030,South Asian language: Sinhala,23,28,-5
E09000030,South Asian language: Tamil,169,146,23
E09000030,South Asian language: Telugu,186,52,134
E09000030,South Asian language: Urdu,633,670,-37
E09000030,Spanish,5022,2928,2094
E09000030,Turkish,1169,1069,100
E09000030,Welsh or Cymraeg (in England only),48,50,-2
E09000030,West or Central Asian language: Any other West or Central Asian language,215,309,-94
E09000030,West or Central Asian language: Hebrew,98,65,33
E09000030,West or Central Asian language: Kurdish,174,160,14
E09000030,West or Central Asian language: Pashto,117,74,43
E09000030,West or Central Asian language: Persian or Farsi,291,306,-15
E09000031,African language: Afrikaans,63,280,-217
E09000031,African language: Akan,371,677,-306
E09000031,African language: Amharic,210,142,68
E09000031,African language: Any other African language,150,305,-155
E09000031,African language: Any other Nigerian language,24,91,-67
E09000031,African language: Any other West African language,286,97,189
E09000031,African language: Igbo,177,165,12
E09000031,African language: Krio,10,17,-7
E09000031,African language: Lingala,105,123,-18
E09000031,African language: Luganda,34,61,-27
E09000031,African language: Shona,22,103,-81
E09000031,African language: Somali,1039,1840,-801
E09000031,African language: Swahili or Kiswahili,178,398,-220
E09000031,African language: Tigrinya,132,100,32
E09000031,African language: Yoruba,90,165,-75
E09000031,Arabic,1331,1914,-583
E09000031,Caribbean Creole: Any other Caribbean Creole,73,2,71
E09000031,Caribbean Creole: English-based Caribbean Creole,2,5,-3
E09000031,East Asian language: All other Chinese,613,815,-202
E09000031,East Asian language: Any other East Asian language,164,271,-107
E09000031,East Asian language: Cantonese Chinese,186,205,-19
E09000031,East Asian language: Japanese,131,144,-13
E09000031,East Asian language: Korean,35,26,9
E09000031,East Asian language: Malay,48,83,-35
E09000031,East Asian language: Mandarin Chinese,273,328,-55
E09000031,East Asian language: Tagalog or Filipino,512,725,-213
E09000031,East Asian language: Thai,100,142,-42
E09000031,East Asian language: Vietnamese,211,219,-8
E09000031,English (English or Welsh in Wales),206863,180543,26320
E09000031,French,1284,2297,-1013
E09000031,North or South American language,1,8,-7
E09000031,Oceanic or Australian language,2,3,-1
E09000031,"Other European language (EU and non-EU): Bosnian, Croatian, Serbian, and Montenegrin",114,100,14
E09000031,Other European language (EU): Any other European language (EU),74,39,35
E09000031,Other European language (EU): Bulgarian,4397,2155,2242
E09000031,Other European language (EU): Czech,291,486,-195
E09000031,Other European language (EU): Danish,33,52,-19
E09000031,Other European language (EU): Dutch,138,131,7
E09000031,Other European language (EU): Estonian,24,39,-15
E09000031,Other European language (EU): Finnish,58,34,24
E09000031,Other European language (EU): German,298,550,-252
E09000031,Other European language (EU): Greek,809,561,248
E09000031,Other European language (EU): Hungarian,1058,652,406
E09000031,Other European language (EU): Italian,1979,1014,965
E09000031,Other European language (EU): Latvian,224,390,-166
E09000031,Other European language (EU): Lithuanian,1786,3171,-1385
E09000031,Other European language (EU): Maltese,7,14,-7
E09000031,Other European language (EU): Polish,4279,8021,-3742
E09000031,Other European language (EU): Romanian,10573,4031,6542
E09000031,Other European language (EU): Slovak,342,857,-515
E09000031,Other European language (EU): Slovenian,17,11,6
E09000031,Other European language (EU): Swedish,172,116,56
E09000031,Other European language (non EU): Albanian,1272,924,348
E09000031,Other European language (non EU): Any other Eastern European language (non EU),4,15,-11
E09000031,Other European language (non EU): Northern European language (non EU),65,63,2
E09000031,Other European language (non EU): Ukrainian,702,206,496
E09000031,Other European language (non-national): Any Romani language,0,19,-19
E09000031,Other European language (non-national): Yiddish,0,0,0
E09000031,Other UK language: Cornish,0,1,-1
E09000031,Other UK language: Gaelic (Irish),3,14,-11
E09000031,Other UK language: Gaelic (Not otherwise specified),0,2,-2
E09000031,Other UK language: Gaelic (Scottish),0,1,-1
E09000031,Other UK language: Gypsy or Traveller languages,40,11,29
E09000031,Other UK language: Manx Gaelic,0,0,0
E09000031,Other UK language: Scots,0,5,-5
E09000031,Other language,130,444,-314
E09000031,Portuguese,2232,1927,305
E09000031,Russian,1046,1192,-146
E09000031,Sign language: Any other sign language,7,15,-8
E09000031,Sign language: Any sign communication system,12,9,3
E09000031,Sign language: British Sign Language,134,88,46
E09000031,South Asian language: Any other South Asian language,104,144,-40
E09000031,South Asian language: Bengali (with Sylheti and Chatgaya),1506,2346,-840
E09000031,South Asian language: Gujarati,1071,1737,-666
E09000031,South Asian language: Hindi,155,282,-127
E09000031,South Asian language: Malayalam,251,193,58
E09000031,South Asian language: Marathi,17,21,-4
E09000031,South Asian language: Nepalese,43,107,-64
E09000031,South Asian language: Pakistani Pahari (with Mirpuri and Potwari),44,61,-17
E09000031,South Asian language: Panjabi,2026,2971,-945
E09000031,South Asian language: Sinhala,92,173,-81
E09000031,South Asian language: Tamil,1819,2354,-535
E09000031,South Asian language: Telugu,74,82,-8
E09000031,South Asian language: Urdu,4786,8034,-3248
E09000031,Spanish,2476,1546,930
E09000031,Turkish,3460,3868,-408
E09000031,Welsh or Cymraeg (in England only),49,19,30
E09000031,West or Central Asian language: Any other West or Central Asian language,198,174,24
E09000031,West or Central Asian language: Hebrew,25,14,11
E09000031,West or Central Asian language: Kurdish,290,330,-40
E09000031,West or Central Asian language: Pashto,642,671,-29
E09000031,West or Central Asian language: Persian or Farsi,480,639,-159
E09000032,African language: Afrikaans,130,300,-170
E09000032,African language: Akan,222,370,-148
E09000032,African language: Amharic,168,182,-14
E09000032,African language: Any other African language,108,210,-102
E09000032,African language: Any other Nigerian language,34,65,-31
E09000032,African language: Any other West African language,80,137,-57
E09000032,African language: Igbo,72,100,-28
E09000032,African language: Krio,13,11,2
E09000032,African language: Lingala,45,39,6
E09000032,African language: Luganda,61,121,-60
E09000032,African language: Shona,12,28,-16
E09000032,African language: Somali,1639,2343,-704
E09000032,African language: Swahili or Kiswahili,33,73,-40
E09000032,African language: Tigrinya,280,251,29
E09000032,African language: Yoruba,53,132,-79
E09000032,Arabic,1839,1550,289
E09000032,Caribbean Creole: Any other Caribbean Creole,19,0,19
E09000032,Caribbean Creole: English-based Caribbean Creole,0,4,-4
E09000032,East Asian language: All other Chinese,912,766,146
E09000032,East Asian language: Any other East Asian language,122,127,-5
E09000032,East Asian language: Cantonese Chinese,428,282,146
E09000032,East Asian language: Japanese,342,547,-205
E09000032,East Asian language: Korean,250,224,26
E09000032,East Asian language: Malay,52,61,-9
E09000032,East Asian language: Mandarin Chinese,291,133,158
E09000032,East Asian language: Tagalog or Filipino,1378,1404,-26
E09000032,East Asian language: Thai,292,426,-134
E09000032,East Asian language: Vietnamese,136,145,-9
E09000032,English (English or Welsh in Wales),261751,241942,19809
E09000032,French,3873,4181,-308
E09000032,North or South American language,1,6,-5
E09000032,Oceanic or Australian language,2,6,-4
E09000032,"Other European language (EU and non-EU): Bosnian, Croatian, Serbian, and Montenegrin",476,342,134
E09000032,Other European language (EU): Any other European language (EU),168,74,94
E09000032,Other European language (EU): Bulgarian,950,642,308
E09000032,Other European language (EU): Czech,260,368,-108
E09000032,Other European language (EU): Danish,142,213,-71
E09000032,Other European language (EU): Dutch,372,502,-130
E09000032,Other European language (EU): Estonian,42,67,-25
E09000032,Other European language (EU): Finnish,99,116,-17
E09000032,Other European language (EU): German,1042,1645,-603
E09000032,Other European language (EU): Greek,1173,510,663
E09000032,Other European language (EU): Hungarian,704,745,-41
E09000032,Other European language (EU): Italian,5168,2897,2271
E09000032,Other European language (EU): Latvian,151,157,-6
E09000032,Other European language (EU): Lithuanian,428,456,-28
E09000032,Other European language (EU): Maltese,22,55,-33
E09000032,Other European language (EU): Polish,4048,6191,-2143
E09000032,Other European language (EU): Romanian,1194,346,848
E09000032,Other European language (EU): Slovak,250,542,-292
E09000032,Other European language (EU): Slovenian,55,24,31
E09000032,Other European language (EU): Swedish,396,579,-183
E09000032,Other European language (non EU): Albanian,525,353,172
E09000032,Other European language (non EU): Any other Eastern European language (non EU),6,81,-75
E09000032,Other European language (non EU): Northern European language (non EU),210,278,-68
E09000032,Other European language (non EU): Ukrainian,179,82,97
E09000032,Other European language (non-national): Any Romani language,0,3,-3
E09000032,Other European language (non-national): Yiddish,0,2,-2
E09000032,Other UK language: Cornish,0,1,-1
E09000032,Other UK language: Gaelic (Irish),15,22,-7
E09000032,Other UK language: Gaelic (Not otherwise specified),4,2,2
E09000032,Other UK language: Gaelic (Scottish),1,0,1
E09000032,Other UK language: Gypsy or Traveller languages,11,5,6
E09000032,Other UK language: Manx Gaelic,0,0,0
E09000032,Other UK language: Scots,8,10,-2
E09000032,Other language,91,256,-165
E09000032,Portuguese,4289,3009,1280
E09000032,Russian,1150,957,193
E09000032,Sign language: Any other sign language,4,23,-19
E09000032,Sign language: Any sign communication system,23,26,-3
E09000032,Sign language: British Sign Language,199,128,71
E09000032,South Asian language: Any other South Asian language,116,210,-94
E09000032,South Asian language: Bengali (with Sylheti and Chatgaya),521,656,-135
E09000032,South Asian language: Gujarati,911,1459,-548
E09000032,South Asian language: Hindi,204,269,-65
E09000032,South Asian language: Malayalam,141,145,-4
E09000032,South Asian language: Marathi,42,42,0
E09000032,South Asian language: Nepalese,87,112,-25
E09000032,South Asian language: Pakistani Pahari (with Mirpuri and Potwari),0,7,-7
E09000032,South Asian language: Panjabi,640,549,91
E09000032,South Asian language: Sinhala,47,89,-42
E09000032,South Asian language: Tamil,1010,1166,-156
E09000032,South Asian language: Telugu,27,33,-6
E09000032,South Asian language: Urdu,4576,4716,-140
E09000032,Spanish,6002,3400,2602
E09000032,Turkish,1325,727,598
E09000032,Welsh or Cymraeg (in England only),107,80,27
E09000032,West or Central Asian language: Any other West or Central Asian language,131,130,1
E09000032,West or Central Asian language: Hebrew,70,40,30
E09000032,West or Central Asian language: Kurdish,151,182,-31
E09000032,West or Central Asian language: Pashto,439,354,85
E09000032,West or Central Asian language: Persian or Farsi,802,739,63
E09000033,African language: Afrikaans,31,69,-38
E09000033,African language: Akan,19,38,-19
E09000033,African language: Amharic,288,388,-100
E09000033,African language: Any other African language,84,176,-92
E09000033,African language: Any other Nigerian language,15,65,-50
E09000033,African language: Any other West African language,20,42,-22
E09000033,African language: Igbo,16,39,-23
E09000033,African language: Krio,2,4,-2
E09000033,African language: Lingala,69,61,8
E09000033,African language: Luganda,6,16,-10
E09000033,African language: Shona,7,12,-5
E09000033,African language: Somali,374,752,-378
E09000033,African language: Swahili or Kiswahili,18,47,-29
E09000033,African language: Tigrinya,394,396,-2
E09000033,African language: Yoruba,29,51,-22
E09000033,Arabic,7446,11971,-4525
E09000033,Caribbean Creole: Any other Caribbean Creole,10,2,8
E09000033,Caribbean Creole: English-based Caribbean Creole,1,2,-1
E09000033,East Asian language: All other Chinese,1974,1549,425
E09000033,East Asian language: Any other East Asian language,155,254,-99
E09000033,East Asian language: Cantonese Chinese,471,546,-75
E09000033,East Asian language: Japanese,1420,1598,-178
E09000033,East Asian language: Korean,203,383,-180
E09000033,East Asian language: Malay,411,384,27
E09000033,East Asian language: Mandarin Chinese,429,276,153
E09000033,East Asian language: Tagalog or Filipino,1013,1238,-225
E09000033,East Asian language: Thai,197,357,-160
E09000033,East Asian language: Vietnamese,63,89,-26
E09000033,English (English or Welsh in Wales),146375,146205,170
E09000033,French,4876,6350,-1474
E09000033,North or South American language,0,3,-3
E09000033,Oceanic or Australian language,14,29,-15
E09000033,"Other European language (EU and non-EU): Bosnian, Croatian, Serbian, and Montenegrin",411,552,-141
E09000033,Other European language (EU): Any other European language (EU),134,119,15
E09000033,Other European language (EU): Bulgarian,326,398,-72
E09000033,Other European language (EU): Czech,136,155,-19
E09000033,Other European language (EU): Danish,201,342,-141
E09000033,Other European language (EU): Dutch,416,804,-388
E09000033,Other European language (EU): Estonian,28,47,-19
E09000033,Other European language (EU): Finnish,132,196,-64
E09000033,Other European language (EU): German,1352,2278,-926
E09000033,Other European language (EU): Greek,1917,2304,-387
E09000033,Other European language (EU): Hungarian,309,308,1
E09000033,Other European language (EU): Italian,4202,3745,457
E09000033,Other European language (EU): Latvian,99,111,-12
E09000033,Other European language (EU): Lithuanian,231,262,-31
E09000033,Other European language (EU): Maltese,18,28,-10
E09000033,Other European language (EU): Polish,976,1315,-339
E09000033,Other European language (EU): Romanian,877,338,539
E09000033,Other European language (EU): Slovak,92,195,-103
E09000033,Other European language (EU): Slovenian,36,49,-13
E09000033,Other European language (EU): Swedish,471,1085,-614
E09000033,Other European language (non EU): Albanian,1029,1325,-296
E09000033,Other European language (non EU): Any other Eastern European language (non EU),8,36,-28
E09000033,Other European language (non EU): Northern European language (non EU),201,405,-204
E09000033,Other European language (non EU): Ukrainian,208,96,112
E09000033,Other European language (non-national): Any Romani language,0,1,-1
E09000033,Other European language (non-national): Yiddish,0,6,-6
E09000033,Other UK language: Cornish,1,1,0
E09000033,Other UK language: Gaelic (Irish),7,18,-11
E09000033,Other UK language: Gaelic (Not otherwise specified),0,8,-8
E09000033,Other UK language: Gaelic (Scottish),0,1,-1
E09000033,Other UK language: Gypsy or Traveller languages,4,0,4
E09000033,Other UK language: Manx Gaelic,0,0,0
E09000033,Other UK language: Scots,0,9,-9
E09000033,Other language,35,215,-180
E09000033,Portuguese,3283,3575,-292
E09000033,Russian,2062,2158,-96
E09000033,Sign language: Any other sign language,4,13,-9
E09000033,Sign language: Any sign communication system,15,12,3
E09000033,Sign language: British Sign Language,113,62,51
E09000033,South Asian language: Any other South Asian language,60,135,-75
E09000033,South Asian language: Bengali (with Sylheti and Chatgaya),2169,2977,-808
E09000033,South Asian language: Gujarati,170,220,-50
E09000033,South Asian language: Hindi,429,384,45
E09000033,South Asian language: Malayalam,128,63,65
E09000033,South Asian language: Marathi,40,23,17
E09000033,South Asian language: Nepalese,91,76,15
E09000033,South Asian language: Pakistani Pahari (with Mirpuri and Potwari),2,1,1
E09000033,South Asian language: Panjabi,47,60,-13
E09000033,South Asian language: Sinhala,156,77,79
E09000033,South Asian language: Tamil,94,129,-35
E09000033,South Asian language: Telugu,13,22,-9
E09000033,South Asian language: Urdu,300,470,-170
E09000033,Spanish,4832,4745,87
E09000033,Turkish,1050,834,216
E09000033,Welsh or Cymraeg (in England only),51,51,0
E09000033,West or Central Asian language: Any other West or Central Asian language,228,478,-250
E09000033,West or Central Asian language: Hebrew,174,271,-97
E09000033,West or Central Asian language: Kurdish,1625,2146,-521
E09000033,West or Central Asian language: Pashto,151,176,-25
E09000033,West or Central Asian language: Persian or Farsi,1400,2065,-665
