lad22cd,category,count_21,count_11,change
E09000001,Buddhist,95,92,3
E09000001,Christian,2976,3344,-368
E09000001,Hindu,203,145,58
E09000001,Jewish,177,166,11
E09000001,Muslim,540,409,131
E09000001,No religion: Agnostic,17,1,16
E09000001,No religion: Atheist,5,8,-3
E09000001,No religion: Free Thinker,0,0,0
E09000001,No religion: Humanist,1,4,-3
E09000001,No religion: No religion,3739,2509,1230
E09000001,No religion: Realist,0,0,0
E09000001,Other religion: Animism,0,0,0
E09000001,Other religion: Baha'i,0,0,0
E09000001,Other religion: Believe in God,0,0,0
E09000001,Other religion: Brahma Kumari,0,0,0
E09000001,Other religion: Chinese Religion,0,0,0
E09000001,Other religion: Confucianist,0,1,-1
E09000001,Other religion: Deist,0,0,0
E09000001,Other religion: Druid,1,1,0
E09000001,Other religion: Druze,0,0,0
E09000001,Other religion: Eckankar,0,0,0
E09000001,Other religion: Heathen,0,0,0
E09000001,Other religion: Jain,4,3,1
E09000001,Other religion: Mixed Religion,1,0,1
E09000001,Other religion: Mysticism,0,0,0
E09000001,Other religion: Native American Church,0,0,0
E09000001,Other religion: New Age,0,0,0
E09000001,Other religion: Occult,0,0,0
E09000001,Other religion: Other religion,21,1,20
E09000001,Other religion: Own Belief System,0,1,-1
E09000001,Other religion: Pagan,5,3,2
E09000001,Other religion: Pantheism,0,2,-2
E09000001,Other religion: Rastafarian,1,3,-2
E09000001,Other religion: Ravidassia,0,0,0
E09000001,Other religion: Reconstructionist,0,0,0
E09000001,Other religion: Satanism,2,0,2
E09000001,Other religion: Scientology,0,1,-1
E09000001,Other religion: Shamanism,1,0,1
E09000001,Other religion: Shintoism,0,2,-2
E09000001,Other religion: Spiritual,9,2,7
E09000001,Other religion: Spiritualist,4,2,2
E09000001,Other religion: Taoist,0,2,-2
E09000001,Other religion: Theism,0,0,0
E09000001,Other religion: Thelemite,0,0,0
E09000001,Other religion: Traditional African Religion,2,1,1
E09000001,Other religion: Unification Church,0,0,0
E09000001,Other religion: Universalist,0,0,0
E09000001,Other religion: Vodun,0,0,0
E09000001,Other religion: Wicca,1,0,1
E09000001,Other religion: Witchcraft,0,0,0
E09000001,Other religion: Zoroastrian,1,3,-2
E09000001,Religion not stated,767,651,116
E09000001,Sikh,6,18,-12
E09000002,Buddhist,821,842,-21
E09000002,Christian,99342,104101,-4759
E09000002,Hindu,6596,4464,2132
E09000002,Jewish,272,425,-153
E09000002,Muslim,53389,25520,27869
E09000002,No religion: Agnostic,58,43,15
E09000002,No religion: Atheist,21,48,-27
E09000002,No religion: Free Thinker,0,2,-2
E09000002,No religion: Humanist,8,9,-1
E09000002,No religion: No religion,41105,35003,6102
E09000002,No religion: Realist,0,1,-1
E09000002,Other religion: Animism,1,1,0
E09000002,Other religion: Baha'i,9,20,-11
E09000002,Other religion: Believe in God,24,20,4
E09000002,Other religion: Brahma Kumari,0,0,0
E09000002,Other religion: Chinese Religion,0,0,0
E09000002,Other religion: Confucianist,0,0,0
E09000002,Other religion: Deist,3,4,-1
E09000002,Other religion: Druid,5,6,-1
E09000002,Other religion: Druze,11,5,6
E09000002,Other religion: Eckankar,1,3,-2
E09000002,Other religion: Heathen,7,2,5
E09000002,Other religion: Jain,31,20,11
E09000002,Other religion: Mixed Religion,154,32,122
E09000002,Other religion: Mysticism,0,0,0
E09000002,Other religion: Native American Church,1,0,1
E09000002,Other religion: New Age,2,2,0
E09000002,Other religion: Occult,0,2,-2
E09000002,Other religion: Other religion,343,41,302
E09000002,Other religion: Own Belief System,1,3,-2
E09000002,Other religion: Pagan,109,135,-26
E09000002,Other religion: Pantheism,0,1,-1
E09000002,Other religion: Rastafarian,45,20,25
E09000002,Other religion: Ravidassia,41,34,7
E09000002,Other religion: Reconstructionist,0,1,-1
E09000002,Other religion: Satanism,6,8,-2
E09000002,Other religion: Scientology,2,3,-1
E09000002,Other religion: Shamanism,32,0,32
E09000002,Other religion: Shintoism,2,2,0
E09000002,Other religion: Spiritual,64,28,36
E09000002,Other religion: Spiritualist,51,92,-41
E09000002,Other religion: Taoist,6,7,-1
E09000002,Other religion: Theism,0,0,0
E09000002,Other religion: Thelemite,0,0,0
E09000002,Other religion: Traditional African Religion,5,4,1
E09000002,Other religion: Unification Church,2,0,2
E09000002,Other religion: Universalist,0,2,-2
E09000002,Other religion: Vodun,0,0,0
E09000002,Other religion: Wicca,17,22,-5
E09000002,Other religion: Witchcraft,1,7,-6
E09000002,Other religion: Zoroastrian,6,6,0
E09000002,Religion not stated,11991,11968,23
E09000002,Sikh,4284,2952,1332
E09000003,Buddhist,4158,4521,-363
E09000003,Christian,142321,146866,-4545
E09000003,Hindu,22105,21924,181
E09000003,Jewish,56616,54084,2532
E09000003,Muslim,47688,36744,10944
E09000003,No religion: Agnostic,223,205,18
E09000003,No religion: Atheist,96,186,-90
E09000003,No religion: Free Thinker,1,3,-2
E09000003,No religion: Humanist,38,88,-50
E09000003,No religion: No religion,78326,56815,21511
E09000003,No religion: Realist,0,0,0
E09000003,Other religion: Animism,3,6,-3
E09000003,Other religion: Baha'i,105,104,1
E09000003,Other religion: Believe in God,58,56,2
E09000003,Other religion: Brahma Kumari,11,15,-4
E09000003,Other religion: Chinese Religion,0,2,-2
E09000003,Other religion: Confucianist,3,2,1
E09000003,Other religion: Deist,11,10,1
E09000003,Other religion: Druid,9,13,-4
E09000003,Other religion: Druze,15,9,6
E09000003,Other religion: Eckankar,13,19,-6
E09000003,Other religion: Heathen,5,12,-7
E09000003,Other religion: Jain,2459,2266,193
E09000003,Other religion: Mixed Religion,231,191,40
E09000003,Other religion: Mysticism,1,1,0
E09000003,Other religion: Native American Church,0,0,0
E09000003,Other religion: New Age,4,3,1
E09000003,Other religion: Occult,3,1,2
E09000003,Other religion: Other religion,1243,118,1125
E09000003,Other religion: Own Belief System,14,12,2
E09000003,Other religion: Pagan,142,181,-39
E09000003,Other religion: Pantheism,6,11,-5
E09000003,Other religion: Rastafarian,32,48,-16
E09000003,Other religion: Ravidassia,4,1,3
E09000003,Other religion: Reconstructionist,5,2,3
E09000003,Other religion: Satanism,14,4,10
E09000003,Other religion: Scientology,9,13,-4
E09000003,Other religion: Shamanism,15,5,10
E09000003,Other religion: Shintoism,56,52,4
E09000003,Other religion: Spiritual,238,113,125
E09000003,Other religion: Spiritualist,105,111,-6
E09000003,Other religion: Taoist,41,39,2
E09000003,Other religion: Theism,8,5,3
E09000003,Other religion: Thelemite,1,0,1
E09000003,Other religion: Traditional African Religion,73,4,69
E09000003,Other religion: Unification Church,3,12,-9
E09000003,Other religion: Universalist,7,9,-2
E09000003,Other religion: Vodun,0,2,-2
E09000003,Other religion: Wicca,31,41,-10
E09000003,Other religion: Witchcraft,2,1,1
E09000003,Other religion: Zoroastrian,210,269,-59
E09000003,Religion not stated,31056,29917,1139
E09000003,Sikh,1524,1269,255
E09000004,Buddhist,2048,1377,671
E09000004,Christian,123908,144093,-20185
E09000004,Hindu,7516,3547,3969
E09000004,Jewish,217,234,-17
E09000004,Muslim,9721,5645,4076
E09000004,No religion: Agnostic,90,87,3
E09000004,No religion: Atheist,41,68,-27
E09000004,No religion: Free Thinker,1,1,0
E09000004,No religion: Humanist,26,43,-17
E09000004,No religion: No religion,82658,55796,26862
E09000004,No religion: Realist,0,0,0
E09000004,Other religion: Animism,0,0,0
E09000004,Other religion: Baha'i,18,11,7
E09000004,Other religion: Believe in God,9,33,-24
E09000004,Other religion: Brahma Kumari,0,0,0
E09000004,Other religion: Chinese Religion,0,0,0
E09000004,Other religion: Confucianist,1,1,0
E09000004,Other religion: Deist,1,4,-3
E09000004,Other religion: Druid,5,7,-2
E09000004,Other religion: Druze,0,0,0
E09000004,Other religion: Eckankar,0,0,0
E09000004,Other religion: Heathen,19,8,11
E09000004,Other religion: Jain,39,26,13
E09000004,Other religion: Mixed Religion,43,47,-4
E09000004,Other religion: Mysticism,1,0,1
E09000004,Other religion: Native American Church,2,0,2
E09000004,Other religion: New Age,2,1,1
E09000004,Other religion: Occult,1,3,-2
E09000004,Other religion: Other religion,253,39,214
E09000004,Other religion: Own Belief System,4,3,1
E09000004,Other religion: Pagan,170,187,-17
E09000004,Other religion: Pantheism,2,1,1
E09000004,Other religion: Rastafarian,11,11,0
E09000004,Other religion: Ravidassia,72,49,23
E09000004,Other religion: Reconstructionist,0,1,-1
E09000004,Other religion: Satanism,13,8,5
E09000004,Other religion: Scientology,3,6,-3
E09000004,Other religion: Shamanism,16,2,14
E09000004,Other religion: Shintoism,5,2,3
E09000004,Other religion: Spiritual,94,44,50
E09000004,Other religion: Spiritualist,116,142,-26
E09000004,Other religion: Taoist,27,11,16
E09000004,Other religion: Theism,4,5,-1
E09000004,Other religion: Thelemite,1,0,1
E09000004,Other religion: Traditional African Religion,4,2,2
E09000004,Other religion: Unification Church,0,0,0
E09000004,Other religion: Universalist,1,4,-3
E09000004,Other religion: Vodun,2,1,1
E09000004,Other religion: Wicca,39,48,-9
E09000004,Other religion: Witchcraft,2,3,-1
E09000004,Other religion: Zoroastrian,13,14,-1
E09000004,Religion not stated,13986,16226,-2240
E09000004,Sikh,5272,4156,1116
E09000005,Buddhist,3117,4300,-1183
E09000005,Christian,131914,129080,2834
E09000005,Hindu,52876,55449,-2573
E09000005,Jewish,3723,4357,-634
E09000005,Muslim,72574,58036,14538
E09000005,No religion: Agnostic,139,151,-12
E09000005,No religion: Atheist,63,116,-53
E09000005,No religion: Free Thinker,2,5,-3
E09000005,No religion: Humanist,28,40,-12
E09000005,No religion: No religion,45921,32741,13180
E09000005,No religion: Realist,0,1,-1
E09000005,Other religion: Animism,2,0,2
E09000005,Other religion: Baha'i,34,47,-13
E09000005,Other religion: Believe in God,23,42,-19
E09000005,Other religion: Brahma Kumari,55,88,-33
E09000005,Other religion: Chinese Religion,0,2,-2
E09000005,Other religion: Confucianist,1,0,1
E09000005,Other religion: Deist,6,7,-1
E09000005,Other religion: Druid,0,12,-12
E09000005,Other religion: Druze,57,57,0
E09000005,Other religion: Eckankar,6,15,-9
E09000005,Other religion: Heathen,2,6,-4
E09000005,Other religion: Jain,2488,2462,26
E09000005,Other religion: Mixed Religion,144,122,22
E09000005,Other religion: Mysticism,1,1,0
E09000005,Other religion: Native American Church,0,0,0
E09000005,Other religion: New Age,2,4,-2
E09000005,Other religion: Occult,4,6,-2
E09000005,Other religion: Other religion,845,146,699
E09000005,Other religion: Own Belief System,13,8,5
E09000005,Other religion: Pagan,71,80,-9
E09000005,Other religion: Pantheism,6,7,-1
E09000005,Other religion: Rastafarian,127,178,-51
E09000005,Other religion: Ravidassia,9,22,-13
E09000005,Other religion: Reconstructionist,1,4,-3
E09000005,Other religion: Satanism,27,0,27
E09000005,Other religion: Scientology,2,7,-5
E09000005,Other religion: Shamanism,32,1,31
E09000005,Other religion: Shintoism,12,10,2
E09000005,Other religion: Spiritual,218,102,116
E09000005,Other religion: Spiritualist,92,71,21
E09000005,Other religion: Taoist,12,25,-13
E09000005,Other religion: Theism,3,8,-5
E09000005,Other religion: Thelemite,1,0,1
E09000005,Other religion: Traditional African Religion,10,16,-6
E09000005,Other religion: Unification Church,1,19,-18
E09000005,Other religion: Universalist,3,10,-7
E09000005,Other religion: Vodun,7,8,-1
E09000005,Other religion: Wicca,14,13,1
E09000005,Other religion: Witchcraft,3,1,2
E09000005,Other religion: Zoroastrian,87,152,-65
E09000005,Religion not stated,23506,21462,2044
E09000005,Sikh,1530,1709,-179
E09000006,Buddhist,2100,1580,520
E09000006,Christian,159452,187656,-28204
E09000006,Hindu,9644,4987,4657
E09000006,Jewish,966,957,9
E09000006,Muslim,10876,7841,3035
E09000006,No religion: Agnostic,204,199,5
E09000006,No religion: Atheist,91,137,-46
E09000006,No religion: Free Thinker,2,2,0
E09000006,No religion: Humanist,65,87,-22
E09000006,No religion: No religion,122580,79876,42704
E09000006,No religion: Realist,1,2,-1
E09000006,Other religion: Animism,2,0,2
E09000006,Other religion: Baha'i,27,26,1
E09000006,Other religion: Believe in God,9,27,-18
E09000006,Other religion: Brahma Kumari,0,2,-2
E09000006,Other religion: Chinese Religion,1,0,1
E09000006,Other religion: Confucianist,2,1,1
E09000006,Other religion: Deist,8,10,-2
E09000006,Other religion: Druid,9,22,-13
E09000006,Other religion: Druze,5,0,5
E09000006,Other religion: Eckankar,4,3,1
E09000006,Other religion: Heathen,12,13,-1
E09000006,Other religion: Jain,115,49,66
E09000006,Other religion: Mixed Religion,72,131,-59
E09000006,Other religion: Mysticism,2,0,2
E09000006,Other religion: Native American Church,0,0,0
E09000006,Other religion: New Age,1,2,-1
E09000006,Other religion: Occult,2,1,1
E09000006,Other religion: Other religion,518,83,435
E09000006,Other religion: Own Belief System,8,14,-6
E09000006,Other religion: Pagan,209,238,-29
E09000006,Other religion: Pantheism,11,6,5
E09000006,Other religion: Rastafarian,58,56,2
E09000006,Other religion: Ravidassia,4,0,4
E09000006,Other religion: Reconstructionist,4,3,1
E09000006,Other religion: Satanism,27,4,23
E09000006,Other religion: Scientology,1,7,-6
E09000006,Other religion: Shamanism,10,4,6
E09000006,Other religion: Shintoism,18,10,8
E09000006,Other religion: Spiritual,240,81,159
E09000006,Other religion: Spiritualist,151,165,-14
E09000006,Other religion: Taoist,20,14,6
E09000006,Other religion: Theism,9,8,1
E09000006,Other religion: Thelemite,4,2,2
E09000006,Other religion: Traditional African Religion,10,2,8
E09000006,Other religion: Unification Church,17,20,-3
E09000006,Other religion: Universalist,2,1,1
E09000006,Other religion: Vodun,0,0,0
E09000006,Other religion: Wicca,41,54,-13
E09000006,Other religion: Witchcraft,1,9,-8
E09000006,Other religion: Zoroastrian,69,67,2
E09000006,Religion not stated,21238,24194,-2956
E09000006,Sikh,1068,736,332
E09000007,Buddhist,2410,3162.90606062899,-752.90606062899
E09000007,Christian,65980,85100.466995018,-19120.466995018
E09000007,Hindu,3991,3566.75474147401,424.24525852599
E09000007,Jewish,10079,11242.180832608,-1163.180832608
E09000007,Muslim,33830,30376.094175912,3453.905824088
E09000007,No religion: Agnostic,247,299.678729063999,-52.678729063999
E09000007,No religion: Atheist,112,305.354462568999,-193.354462568999
E09000007,No religion: Free Thinker,2,2.270293402,-0.270293402
E09000007,No religion: Humanist,76,108.974083296,-32.974083296
E09000007,No religion: No religion,72339,62979.074118181,9359.925881819
E09000007,No religion: Realist,0,1.135146701,-1.135146701
E09000007,Other religion: Animism,7,10.118079621,-3.118079621
E09000007,Other religion: Baha'i,57,83.193099106,-26.193099106
E09000007,Other religion: Believe in God,21,51.714629174,-30.714629174
E09000007,Other religion: Brahma Kumari,2,4.496924276,-2.496924276
E09000007,Other religion: Chinese Religion,0,3.372693207,-3.372693207
E09000007,Other religion: Confucianist,2,2.248462138,-0.248462138
E09000007,Other religion: Deist,11,20.236159242,-9.236159242
E09000007,Other religion: Druid,7,10.118079621,-3.118079621
E09000007,Other religion: Druze,15,14.615003897,0.384996103000001
E09000007,Other religion: Eckankar,1,2.248462138,-1.248462138
E09000007,Other religion: Heathen,5,6.745386414,-1.745386414
E09000007,Other religion: Jain,190,187.746588523,2.25341147699999
E09000007,Other religion: Mixed Religion,109,165.261967143,-56.261967143
E09000007,Other religion: Mysticism,0,1.124231069,-1.124231069
E09000007,Other religion: Native American Church,0,0,0
E09000007,Other religion: New Age,5,5.621155345,-0.621155345
E09000007,Other religion: Occult,1,2.248462138,-1.248462138
E09000007,Other religion: Other religion,581,124.789648659,456.210351341
E09000007,Other religion: Own Belief System,18,14.615003897,3.384996103
E09000007,Other religion: Pagan,136,160.765042867,-24.765042867
E09000007,Other religion: Pantheism,18,29.230007794,-11.230007794
E09000007,Other religion: Rastafarian,44,78.69617483,-34.69617483
E09000007,Other religion: Ravidassia,4,1.124231069,2.875768931
E09000007,Other religion: Reconstructionist,1,0,1
E09000007,Other religion: Satanism,21,6.745386414,14.254613586
E09000007,Other religion: Scientology,9,16.863466035,-7.863466035
E09000007,Other religion: Shamanism,4,2.248462138,1.751537862
E09000007,Other religion: Shintoism,38,35.975394208,2.024605792
E09000007,Other religion: Spiritual,274,141.653114694,132.346885306
E09000007,Other religion: Spiritualist,80,87.690023382,-7.69002338200001
E09000007,Other religion: Taoist,41,35.975394208,5.024605792
E09000007,Other religion: Theism,12,4.496924276,7.503075724
E09000007,Other religion: Thelemite,0,2.248462138,-2.248462138
E09000007,Other religion: Traditional African Religion,6,7.869617483,-1.869617483
E09000007,Other religion: Unification Church,0,0,0
E09000007,Other religion: Universalist,9,11.24231069,-2.24231069
E09000007,Other religion: Vodun,2,2.248462138,-0.248462138
E09000007,Other religion: Wicca,27,25.857314587,1.142685413
E09000007,Other religion: Witchcraft,7,2.248462138,4.751537862
E09000007,Other religion: Zoroastrian,70,59.5842466569999,10.4157533430001
E09000007,Religion not stated,18743,21254.406550608,-2511.406550608
E09000007,Sikh,487,514.303022325,-27.303022325
E09000008,Buddhist,2371,2381,-10
E09000008,Christian,190880,205022,-14142
E09000008,Hindu,23145,21739,1406
E09000008,Jewish,609,709,-100
E09000008,Muslim,40717,29513,11204
E09000008,No religion: Agnostic,212,168,44
E09000008,No religion: Atheist,74,147,-73
E09000008,No religion: Free Thinker,3,7,-4
E09000008,No religion: Humanist,58,85,-27
E09000008,No religion: No religion,100773,72241,28532
E09000008,No religion: Realist,0,6,-6
E09000008,Other religion: Animism,2,0,2
E09000008,Other religion: Baha'i,22,24,-2
E09000008,Other religion: Believe in God,42,42,0
E09000008,Other religion: Brahma Kumari,0,0,0
E09000008,Other religion: Chinese Religion,0,2,-2
E09000008,Other religion: Confucianist,1,0,1
E09000008,Other religion: Deist,4,7,-3
E09000008,Other religion: Druid,8,30,-22
E09000008,Other religion: Druze,0,1,-1
E09000008,Other religion: Eckankar,12,14,-2
E09000008,Other religion: Heathen,15,8,7
E09000008,Other religion: Jain,863,746,117
E09000008,Other religion: Mixed Religion,131,140,-9
E09000008,Other religion: Mysticism,1,0,1
E09000008,Other religion: Native American Church,0,0,0
E09000008,Other religion: New Age,2,7,-5
E09000008,Other religion: Occult,0,3,-3
E09000008,Other religion: Other religion,887,140,747
E09000008,Other religion: Own Belief System,18,26,-8
E09000008,Other religion: Pagan,236,251,-15
E09000008,Other religion: Pantheism,9,9,0
E09000008,Other religion: Rastafarian,138,153,-15
E09000008,Other religion: Ravidassia,1,8,-7
E09000008,Other religion: Reconstructionist,7,6,1
E09000008,Other religion: Satanism,16,14,2
E09000008,Other religion: Scientology,15,7,8
E09000008,Other religion: Shamanism,10,6,4
E09000008,Other religion: Shintoism,13,9,4
E09000008,Other religion: Spiritual,321,105,216
E09000008,Other religion: Spiritualist,229,192,37
E09000008,Other religion: Taoist,27,16,11
E09000008,Other religion: Theism,6,8,-2
E09000008,Other religion: Thelemite,0,2,-2
E09000008,Other religion: Traditional African Religion,24,7,17
E09000008,Other religion: Unification Church,19,31,-12
E09000008,Other religion: Universalist,3,8,-5
E09000008,Other religion: Vodun,4,2,2
E09000008,Other religion: Wicca,54,72,-18
E09000008,Other religion: Witchcraft,5,9,-4
E09000008,Other religion: Zoroastrian,47,45,2
E09000008,Religion not stated,27035,27757,-722
E09000008,Sikh,1654,1450,204
E09000009,Buddhist,4003,4228,-225
E09000009,Christian,138937,148055,-9118
E09000009,Hindu,28236,28915,-679
E09000009,Jewish,1041,1131,-90
E09000009,Muslim,68907,53198,15709
E09000009,No religion: Agnostic,189,213,-24
E09000009,No religion: Atheist,43,169,-126
E09000009,No religion: Free Thinker,0,4,-4
E09000009,No religion: Humanist,37,91,-54
E09000009,No religion: No religion,69961,50369,19592
E09000009,No religion: Realist,0,2,-2
E09000009,Other religion: Animism,2,1,1
E09000009,Other religion: Baha'i,50,50,0
E09000009,Other religion: Believe in God,23,29,-6
E09000009,Other religion: Brahma Kumari,3,19,-16
E09000009,Other religion: Chinese Religion,1,3,-2
E09000009,Other religion: Confucianist,5,0,5
E09000009,Other religion: Deist,13,12,1
E09000009,Other religion: Druid,5,12,-7
E09000009,Other religion: Druze,89,68,21
E09000009,Other religion: Eckankar,6,2,4
E09000009,Other religion: Heathen,4,3,1
E09000009,Other religion: Jain,311,311,0
E09000009,Other religion: Mixed Religion,157,124,33
E09000009,Other religion: Mysticism,1,1,0
E09000009,Other religion: Native American Church,0,0,0
E09000009,Other religion: New Age,3,4,-1
E09000009,Other religion: Occult,3,0,3
E09000009,Other religion: Other religion,683,126,557
E09000009,Other religion: Own Belief System,27,11,16
E09000009,Other religion: Pagan,136,142,-6
E09000009,Other religion: Pantheism,9,11,-2
E09000009,Other religion: Rastafarian,65,61,4
E09000009,Other religion: Ravidassia,347,525,-178
E09000009,Other religion: Reconstructionist,2,1,1
E09000009,Other religion: Satanism,22,11,11
E09000009,Other religion: Scientology,12,27,-15
E09000009,Other religion: Shamanism,175,5,170
E09000009,Other religion: Shintoism,48,16,32
E09000009,Other religion: Spiritual,209,95,114
E09000009,Other religion: Spiritualist,129,97,32
E09000009,Other religion: Taoist,26,25,1
E09000009,Other religion: Theism,6,13,-7
E09000009,Other religion: Thelemite,2,3,-1
E09000009,Other religion: Traditional African Religion,6,1,5
E09000009,Other religion: Unification Church,8,12,-4
E09000009,Other religion: Universalist,5,10,-5
E09000009,Other religion: Vodun,5,1,4
E09000009,Other religion: Wicca,40,24,16
E09000009,Other religion: Witchcraft,2,3,-1
E09000009,Other religion: Zoroastrian,99,123,-24
E09000009,Religion not stated,24533,23309,1224
E09000009,Sikh,28491,26778,1713
E09000010,Buddhist,1716,1824,-108
E09000010,Christian,153015,167417,-14402
E09000010,Hindu,10231,10927,-696
E09000010,Jewish,3713,4412,-699
E09000010,Muslim,61477,52141,9336
E09000010,No religion: Agnostic,128,146,-18
E09000010,No religion: Atheist,42,126,-84
E09000010,No religion: Free Thinker,3,2,1
E09000010,No religion: Humanist,69,54,15
E09000010,No religion: No religion,65000,48194,16806
E09000010,No religion: Realist,0,0,0
E09000010,Other religion: Animism,0,1,-1
E09000010,Other religion: Baha'i,39,30,9
E09000010,Other religion: Believe in God,25,63,-38
E09000010,Other religion: Brahma Kumari,2,1,1
E09000010,Other religion: Chinese Religion,0,1,-1
E09000010,Other religion: Confucianist,0,0,0
E09000010,Other religion: Deist,13,7,6
E09000010,Other religion: Druid,4,20,-16
E09000010,Other religion: Druze,4,4,0
E09000010,Other religion: Eckankar,1,2,-1
E09000010,Other religion: Heathen,9,8,1
E09000010,Other religion: Jain,903,881,22
E09000010,Other religion: Mixed Religion,140,87,53
E09000010,Other religion: Mysticism,1,0,1
E09000010,Other religion: Native American Church,0,0,0
E09000010,Other religion: New Age,0,7,-7
E09000010,Other religion: Occult,3,2,1
E09000010,Other religion: Other religion,8552,165,8387
E09000010,Other religion: Own Belief System,7,5,2
E09000010,Other religion: Pagan,146,172,-26
E09000010,Other religion: Pantheism,10,12,-2
E09000010,Other religion: Rastafarian,84,91,-7
E09000010,Other religion: Ravidassia,4,1,3
E09000010,Other religion: Reconstructionist,1,2,-1
E09000010,Other religion: Satanism,10,6,4
E09000010,Other religion: Scientology,6,8,-2
E09000010,Other religion: Shamanism,3,2,1
E09000010,Other religion: Shintoism,9,4,5
E09000010,Other religion: Spiritual,174,68,106
E09000010,Other religion: Spiritualist,90,110,-20
E09000010,Other religion: Taoist,10,22,-12
E09000010,Other religion: Theism,0,3,-3
E09000010,Other religion: Thelemite,0,2,-2
E09000010,Other religion: Traditional African Religion,22,19,3
E09000010,Other religion: Unification Church,0,5,-5
E09000010,Other religion: Universalist,6,10,-4
E09000010,Other religion: Vodun,0,0,0
E09000010,Other religion: Wicca,21,43,-22
E09000010,Other religion: Witchcraft,2,2,0
E09000010,Other religion: Zoroastrian,47,77,-30
E09000010,Religion not stated,23041,24195,-1154
E09000010,Sikh,1199,1078,121
E09000011,Buddhist,5034,4223,811
E09000011,Christian,129112,134632,-5520
E09000011,Hindu,11647,9087,2560
E09000011,Jewish,603,492,111
E09000011,Muslim,24715,17349,7366
E09000011,No religion: Agnostic,208,156,52
E09000011,No religion: Atheist,65,164,-99
E09000011,No religion: Free Thinker,1,0,1
E09000011,No religion: Humanist,42,69,-27
E09000011,No religion: No religion,93890,64644,29246
E09000011,No religion: Realist,1,1,0
E09000011,Other religion: Animism,4,3,1
E09000011,Other religion: Baha'i,40,33,7
E09000011,Other religion: Believe in God,6,29,-23
E09000011,Other religion: Brahma Kumari,0,2,-2
E09000011,Other religion: Chinese Religion,1,2,-1
E09000011,Other religion: Confucianist,0,2,-2
E09000011,Other religion: Deist,8,5,3
E09000011,Other religion: Druid,10,10,0
E09000011,Other religion: Druze,3,1,2
E09000011,Other religion: Eckankar,7,9,-2
E09000011,Other religion: Heathen,22,13,9
E09000011,Other religion: Jain,59,22,37
E09000011,Other religion: Mixed Religion,85,81,4
E09000011,Other religion: Mysticism,0,0,0
E09000011,Other religion: Native American Church,0,0,0
E09000011,Other religion: New Age,1,1,0
E09000011,Other religion: Occult,3,2,1
E09000011,Other religion: Other religion,574,84,490
E09000011,Other religion: Own Belief System,16,3,13
E09000011,Other religion: Pagan,196,249,-53
E09000011,Other religion: Pantheism,13,10,3
E09000011,Other religion: Rastafarian,52,76,-24
E09000011,Other religion: Ravidassia,2,4,-2
E09000011,Other religion: Reconstructionist,10,2,8
E09000011,Other religion: Satanism,22,7,15
E09000011,Other religion: Scientology,12,8,4
E09000011,Other religion: Shamanism,187,8,179
E09000011,Other religion: Shintoism,12,7,5
E09000011,Other religion: Spiritual,195,76,119
E09000011,Other religion: Spiritualist,135,151,-16
E09000011,Other religion: Taoist,34,18,16
E09000011,Other religion: Theism,4,6,-2
E09000011,Other religion: Thelemite,1,3,-2
E09000011,Other religion: Traditional African Religion,15,1,14
E09000011,Other religion: Unification Church,4,1,3
E09000011,Other religion: Universalist,6,7,-1
E09000011,Other religion: Vodun,4,0,4
E09000011,Other religion: Wicca,40,41,-1
E09000011,Other religion: Witchcraft,2,11,-9
E09000011,Other religion: Zoroastrian,18,21,-3
E09000011,Religion not stated,18716,19237,-521
E09000011,Sikh,3229,3490,-261
E09000012,Buddhist,2343,3075,-732
E09000012,Christian,79499,95131,-15632
E09000012,Hindu,1998,1577,421
E09000012,Jewish,17426,15477,1949
E09000012,Muslim,34578,34727,-149
E09000012,No religion: Agnostic,253,278,-25
E09000012,No religion: Atheist,118,355,-237
E09000012,No religion: Free Thinker,0,0,0
E09000012,No religion: Humanist,44,81,-37
E09000012,No religion: No religion,93695,68738,24957
E09000012,No religion: Realist,0,2,-2
E09000012,Other religion: Animism,8,7,1
E09000012,Other religion: Baha'i,24,16,8
E09000012,Other religion: Believe in God,28,60,-32
E09000012,Other religion: Brahma Kumari,0,1,-1
E09000012,Other religion: Chinese Religion,2,14,-12
E09000012,Other religion: Confucianist,0,0,0
E09000012,Other religion: Deist,6,8,-2
E09000012,Other religion: Druid,4,12,-8
E09000012,Other religion: Druze,0,3,-3
E09000012,Other religion: Eckankar,9,12,-3
E09000012,Other religion: Heathen,5,3,2
E09000012,Other religion: Jain,29,21,8
E09000012,Other religion: Mixed Religion,78,121,-43
E09000012,Other religion: Mysticism,0,12,-12
E09000012,Other religion: Native American Church,2,1,1
E09000012,Other religion: New Age,2,3,-1
E09000012,Other religion: Occult,3,3,0
E09000012,Other religion: Other religion,3668,142,3526
E09000012,Other religion: Own Belief System,12,12,0
E09000012,Other religion: Pagan,165,209,-44
E09000012,Other religion: Pantheism,52,19,33
E09000012,Other religion: Rastafarian,157,227,-70
E09000012,Other religion: Ravidassia,6,15,-9
E09000012,Other religion: Reconstructionist,5,4,1
E09000012,Other religion: Satanism,22,18,4
E09000012,Other religion: Scientology,17,17,0
E09000012,Other religion: Shamanism,1,1,0
E09000012,Other religion: Shintoism,15,11,4
E09000012,Other religion: Spiritual,372,122,250
E09000012,Other religion: Spiritualist,72,63,9
E09000012,Other religion: Taoist,28,42,-14
E09000012,Other religion: Theism,6,14,-8
E09000012,Other religion: Thelemite,4,5,-1
E09000012,Other religion: Traditional African Religion,11,12,-1
E09000012,Other religion: Unification Church,0,0,0
E09000012,Other religion: Universalist,2,5,-3
E09000012,Other religion: Vodun,11,2,9
E09000012,Other religion: Wicca,22,34,-12
E09000012,Other religion: Witchcraft,8,9,-1
E09000012,Other religion: Zoroastrian,20,27,-7
E09000012,Religion not stated,22442,23646,-1204
E09000012,Sikh,1867,1872,-5
E09000013,Buddhist,1723,2060,-337
E09000013,Christian,83673,98808,-15135
E09000013,Hindu,2209,2097,112
E09000013,Jewish,1228,1161,67
E09000013,Muslim,21290,18242,3048
E09000013,No religion: Agnostic,159,162,-3
E09000013,No religion: Atheist,71,145,-74
E09000013,No religion: Free Thinker,3,4,-1
E09000013,No religion: Humanist,26,54,-28
E09000013,No religion: No religion,55800,43119,12681
E09000013,No religion: Realist,0,3,-3
E09000013,Other religion: Animism,4,5,-1
E09000013,Other religion: Baha'i,36,55,-19
E09000013,Other religion: Believe in God,24,25,-1
E09000013,Other religion: Brahma Kumari,0,1,-1
E09000013,Other religion: Chinese Religion,0,0,0
E09000013,Other religion: Confucianist,1,0,1
E09000013,Other religion: Deist,11,7,4
E09000013,Other religion: Druid,2,9,-7
E09000013,Other religion: Druze,20,11,9
E09000013,Other religion: Eckankar,0,1,-1
E09000013,Other religion: Heathen,6,1,5
E09000013,Other religion: Jain,46,48,-2
E09000013,Other religion: Mixed Religion,73,93,-20
E09000013,Other religion: Mysticism,2,2,0
E09000013,Other religion: Native American Church,0,0,0
E09000013,Other religion: New Age,2,7,-5
E09000013,Other religion: Occult,3,1,2
E09000013,Other religion: Other religion,398,101,297
E09000013,Other religion: Own Belief System,10,13,-3
E09000013,Other religion: Pagan,97,79,18
E09000013,Other religion: Pantheism,4,20,-16
E09000013,Other religion: Rastafarian,52,64,-12
E09000013,Other religion: Ravidassia,0,0,0
E09000013,Other religion: Reconstructionist,3,1,2
E09000013,Other religion: Satanism,16,6,10
E09000013,Other religion: Scientology,12,25,-13
E09000013,Other religion: Shamanism,3,0,3
E09000013,Other religion: Shintoism,17,15,2
E09000013,Other religion: Spiritual,183,91,92
E09000013,Other religion: Spiritualist,80,70,10
E09000013,Other religion: Taoist,25,8,17
E09000013,Other religion: Theism,5,6,-1
E09000013,Other religion: Thelemite,1,0,1
E09000013,Other religion: Traditional African Religion,5,7,-2
E09000013,Other religion: Unification Church,0,1,-1
E09000013,Other religion: Universalist,5,1,4
E09000013,Other religion: Vodun,3,3,0
E09000013,Other religion: Wicca,21,20,1
E09000013,Other religion: Witchcraft,5,1,4
E09000013,Other religion: Zoroastrian,56,56,0
E09000013,Religion not stated,15298,15339,-41
E09000013,Sikh,450,442,8
E09000014,Buddhist,2455,2829,-374
E09000014,Christian,103944,114659,-10715
E09000014,Hindu,3529,4539,-1010
E09000014,Jewish,9397,7643,1754
E09000014,Muslim,33295,36130,-2835
E09000014,No religion: Agnostic,282,269,13
E09000014,No religion: Atheist,89,301,-212
E09000014,No religion: Free Thinker,3,3,0
E09000014,No religion: Humanist,60,112,-52
E09000014,No religion: No religion,83100,63514,19586
E09000014,No religion: Realist,3,3,0
E09000014,Other religion: Animism,5,7,-2
E09000014,Other religion: Baha'i,43,41,2
E09000014,Other religion: Believe in God,24,39,-15
E09000014,Other religion: Brahma Kumari,1,2,-1
E09000014,Other religion: Chinese Religion,1,4,-3
E09000014,Other religion: Confucianist,1,1,0
E09000014,Other religion: Deist,14,8,6
E09000014,Other religion: Druid,6,11,-5
E09000014,Other religion: Druze,4,5,-1
E09000014,Other religion: Eckankar,3,5,-2
E09000014,Other religion: Heathen,7,7,0
E09000014,Other religion: Jain,124,139,-15
E09000014,Other religion: Mixed Religion,95,132,-37
E09000014,Other religion: Mysticism,4,1,3
E09000014,Other religion: Native American Church,0,0,0
E09000014,Other religion: New Age,0,3,-3
E09000014,Other religion: Occult,8,5,3
E09000014,Other religion: Other religion,4881,147,4734
E09000014,Other religion: Own Belief System,11,14,-3
E09000014,Other religion: Pagan,197,201,-4
E09000014,Other religion: Pantheism,29,14,15
E09000014,Other religion: Rastafarian,147,144,3
E09000014,Other religion: Ravidassia,1,4,-3
E09000014,Other religion: Reconstructionist,5,2,3
E09000014,Other religion: Satanism,26,9,17
E09000014,Other religion: Scientology,1,16,-15
E09000014,Other religion: Shamanism,8,8,0
E09000014,Other religion: Shintoism,12,16,-4
E09000014,Other religion: Spiritual,284,107,177
E09000014,Other religion: Spiritualist,68,70,-2
E09000014,Other religion: Taoist,30,41,-11
E09000014,Other religion: Theism,8,10,-2
E09000014,Other religion: Thelemite,4,0,4
E09000014,Other religion: Traditional African Religion,10,11,-1
E09000014,Other religion: Unification Church,0,0,0
E09000014,Other religion: Universalist,7,5,2
E09000014,Other religion: Vodun,8,0,8
E09000014,Other religion: Wicca,33,37,-4
E09000014,Other religion: Witchcraft,7,4,3
E09000014,Other religion: Zoroastrian,45,33,12
E09000014,Religion not stated,21027,22813,-1786
E09000014,Sikh,892,808,84
E09000015,Buddhist,2812,2700,112
E09000015,Christian,88602,89181,-579
E09000015,Hindu,67392,60407,6985
E09000015,Jewish,7304,10538,-3234
E09000015,Muslim,41503,29881,11622
E09000015,No religion: Agnostic,93,66,27
E09000015,No religion: Atheist,36,70,-34
E09000015,No religion: Free Thinker,1,0,1
E09000015,No religion: Humanist,28,64,-36
E09000015,No religion: No religion,27590,22671,4919
E09000015,No religion: Realist,0,0,0
E09000015,Other religion: Animism,1,2,-1
E09000015,Other religion: Baha'i,55,51,4
E09000015,Other religion: Believe in God,14,15,-1
E09000015,Other religion: Brahma Kumari,7,22,-15
E09000015,Other religion: Chinese Religion,4,1,3
E09000015,Other religion: Confucianist,1,1,0
E09000015,Other religion: Deist,5,2,3
E09000015,Other religion: Druid,2,6,-4
E09000015,Other religion: Druze,1,1,0
E09000015,Other religion: Eckankar,7,5,2
E09000015,Other religion: Heathen,7,5,2
E09000015,Other religion: Jain,6246,5188,1058
E09000015,Other religion: Mixed Religion,176,88,88
E09000015,Other religion: Mysticism,2,0,2
E09000015,Other religion: Native American Church,0,0,0
E09000015,Other religion: New Age,1,3,-2
E09000015,Other religion: Occult,0,0,0
E09000015,Other religion: Other religion,514,76,438
E09000015,Other religion: Own Belief System,5,3,2
E09000015,Other religion: Pagan,59,76,-17
E09000015,Other religion: Pantheism,5,1,4
E09000015,Other religion: Rastafarian,23,20,3
E09000015,Other religion: Ravidassia,1,14,-13
E09000015,Other religion: Reconstructionist,0,0,0
E09000015,Other religion: Satanism,5,0,5
E09000015,Other religion: Scientology,2,5,-3
E09000015,Other religion: Shamanism,136,2,134
E09000015,Other religion: Shintoism,5,8,-3
E09000015,Other religion: Spiritual,91,39,52
E09000015,Other religion: Spiritualist,95,53,42
E09000015,Other religion: Taoist,14,15,-1
E09000015,Other religion: Theism,3,3,0
E09000015,Other religion: Thelemite,0,0,0
E09000015,Other religion: Traditional African Religion,8,1,7
E09000015,Other religion: Unification Church,10,34,-24
E09000015,Other religion: Universalist,3,4,-1
E09000015,Other religion: Vodun,1,2,-1
E09000015,Other religion: Wicca,15,21,-6
E09000015,Other religion: Witchcraft,3,0,3
E09000015,Other religion: Zoroastrian,173,178,-5
E09000015,Religion not stated,15404,14781,623
E09000015,Sikh,2743,2752,-9
E09000016,Buddhist,1092,760,332
E09000016,Christian,136765,155597,-18832
E09000016,Hindu,6454,2963,3491
E09000016,Jewish,1305,1159,146
E09000016,Muslim,16135,4829,11306
E09000016,No religion: Agnostic,87,83,4
E09000016,No religion: Atheist,35,88,-53
E09000016,No religion: Free Thinker,0,3,-3
E09000016,No religion: Humanist,23,31,-8
E09000016,No religion: No religion,80090,53344,26746
E09000016,No religion: Realist,0,0,0
E09000016,Other religion: Animism,3,1,2
E09000016,Other religion: Baha'i,23,24,-1
E09000016,Other religion: Believe in God,4,4,0
E09000016,Other religion: Brahma Kumari,1,7,-6
E09000016,Other religion: Chinese Religion,1,0,1
E09000016,Other religion: Confucianist,0,1,-1
E09000016,Other religion: Deist,2,4,-2
E09000016,Other religion: Druid,3,5,-2
E09000016,Other religion: Druze,0,0,0
E09000016,Other religion: Eckankar,0,1,-1
E09000016,Other religion: Heathen,8,3,5
E09000016,Other religion: Jain,105,50,55
E09000016,Other religion: Mixed Religion,56,33,23
E09000016,Other religion: Mysticism,0,0,0
E09000016,Other religion: Native American Church,1,1,0
E09000016,Other religion: New Age,0,2,-2
E09000016,Other religion: Occult,1,0,1
E09000016,Other religion: Other religion,308,53,255
E09000016,Other religion: Own Belief System,4,3,1
E09000016,Other religion: Pagan,179,175,4
E09000016,Other religion: Pantheism,6,7,-1
E09000016,Other religion: Rastafarian,14,10,4
E09000016,Other religion: Ravidassia,33,20,13
E09000016,Other religion: Reconstructionist,8,0,8
E09000016,Other religion: Satanism,21,1,20
E09000016,Other religion: Scientology,1,2,-1
E09000016,Other religion: Shamanism,22,2,20
E09000016,Other religion: Shintoism,3,6,-3
E09000016,Other religion: Spiritual,83,35,48
E09000016,Other religion: Spiritualist,96,121,-25
E09000016,Other religion: Taoist,8,14,-6
E09000016,Other religion: Theism,1,5,-4
E09000016,Other religion: Thelemite,2,0,2
E09000016,Other religion: Traditional African Religion,6,1,5
E09000016,Other religion: Unification Church,0,0,0
E09000016,Other religion: Universalist,1,3,-2
E09000016,Other religion: Vodun,0,0,0
E09000016,Other religion: Wicca,37,33,4
E09000016,Other religion: Witchcraft,1,4,-3
E09000016,Other religion: Zoroastrian,14,16,-2
E09000016,Religion not stated,14512,15799,-1287
E09000016,Sikh,4498,1928,2570
E09000017,Buddhist,2621,2386,235
E09000017,Christian,119434,134813,-15379
E09000017,Hindu,33020,22033,10987
E09000017,Jewish,1392,1753,-361
E09000017,Muslim,44077,29065,15012
E09000017,No religion: Agnostic,114,95,19
E09000017,No religion: Atheist,53,93,-40
E09000017,No religion: Free Thinker,1,3,-2
E09000017,No religion: Humanist,28,50,-22
E09000017,No religion: No religion,59017,46250,12767
E09000017,No religion: Realist,0,1,-1
E09000017,Other religion: Animism,5,1,4
E09000017,Other religion: Baha'i,26,30,-4
E09000017,Other religion: Believe in God,14,20,-6
E09000017,Other religion: Brahma Kumari,1,3,-2
E09000017,Other religion: Chinese Religion,0,0,0
E09000017,Other religion: Confucianist,0,0,0
E09000017,Other religion: Deist,2,2,0
E09000017,Other religion: Druid,1,6,-5
E09000017,Other religion: Druze,20,16,4
E09000017,Other religion: Eckankar,2,3,-1
E09000017,Other religion: Heathen,5,6,-1
E09000017,Other religion: Jain,865,487,378
E09000017,Other religion: Mixed Religion,195,106,89
E09000017,Other religion: Mysticism,0,0,0
E09000017,Other religion: Native American Church,0,0,0
E09000017,Other religion: New Age,3,4,-1
E09000017,Other religion: Occult,1,1,0
E09000017,Other religion: Other religion,439,60,379
E09000017,Other religion: Own Belief System,10,4,6
E09000017,Other religion: Pagan,137,152,-15
E09000017,Other religion: Pantheism,2,7,-5
E09000017,Other religion: Rastafarian,19,30,-11
E09000017,Other religion: Ravidassia,305,342,-37
E09000017,Other religion: Reconstructionist,1,0,1
E09000017,Other religion: Satanism,8,6,2
E09000017,Other religion: Scientology,4,5,-1
E09000017,Other religion: Shamanism,198,5,193
E09000017,Other religion: Shintoism,5,6,-1
E09000017,Other religion: Spiritual,120,60,60
E09000017,Other religion: Spiritualist,114,138,-24
E09000017,Other religion: Taoist,19,14,5
E09000017,Other religion: Theism,1,4,-3
E09000017,Other religion: Thelemite,0,1,-1
E09000017,Other religion: Traditional African Religion,2,6,-4
E09000017,Other religion: Unification Church,0,0,0
E09000017,Other religion: Universalist,7,1,6
E09000017,Other religion: Vodun,0,0,0
E09000017,Other religion: Wicca,29,29,0
E09000017,Other religion: Witchcraft,2,2,0
E09000017,Other religion: Zoroastrian,119,109,10
E09000017,Religion not stated,17129,17495,-366
E09000017,Sikh,26339,18230,8109
E09000018,Buddhist,3932,3617,315
E09000018,Christian,110269,106660,3609
E09000018,Hindu,27360,26261,1099
E09000018,Jewish,622,651,-29
E09000018,Muslim,48028,35666,12362
E09000018,No religion: Agnostic,108,118,-10
E09000018,No religion: Atheist,43,120,-77
E09000018,No religion: Free Thinker,0,2,-2
E09000018,No religion: Humanist,29,50,-21
E09000018,No religion: No religion,53322,40060,13262
E09000018,No religion: Realist,0,1,-1
E09000018,Other religion: Animism,1,1,0
E09000018,Other religion: Baha'i,41,33,8
E09000018,Other religion: Believe in God,25,23,2
E09000018,Other religion: Brahma Kumari,0,3,-3
E09000018,Other religion: Chinese Religion,1,3,-2
E09000018,Other religion: Confucianist,0,0,0
E09000018,Other religion: Deist,4,5,-1
E09000018,Other religion: Druid,0,9,-9
E09000018,Other religion: Druze,44,35,9
E09000018,Other religion: Eckankar,5,4,1
E09000018,Other religion: Heathen,4,5,-1
E09000018,Other religion: Jain,586,495,91
E09000018,Other religion: Mixed Religion,153,114,39
E09000018,Other religion: Mysticism,1,0,1
E09000018,Other religion: Native American Church,0,0,0
E09000018,Other religion: New Age,2,5,-3
E09000018,Other religion: Occult,2,0,2
E09000018,Other religion: Other religion,399,108,291
E09000018,Other religion: Own Belief System,8,6,2
E09000018,Other religion: Pagan,145,124,21
E09000018,Other religion: Pantheism,6,5,1
E09000018,Other religion: Rastafarian,21,34,-13
E09000018,Other religion: Ravidassia,84,137,-53
E09000018,Other religion: Reconstructionist,4,1,3
E09000018,Other religion: Satanism,13,8,5
E09000018,Other religion: Scientology,3,4,-1
E09000018,Other religion: Shamanism,371,0,371
E09000018,Other religion: Shintoism,8,3,5
E09000018,Other religion: Spiritual,144,61,83
E09000018,Other religion: Spiritualist,92,109,-17
E09000018,Other religion: Taoist,11,13,-2
E09000018,Other religion: Theism,5,2,3
E09000018,Other religion: Thelemite,1,0,1
E09000018,Other religion: Traditional African Religion,2,6,-4
E09000018,Other religion: Unification Church,0,0,0
E09000018,Other religion: Universalist,2,2,0
E09000018,Other religion: Vodun,1,1,0
E09000018,Other religion: Wicca,27,34,-7
E09000018,Other religion: Witchcraft,2,2,0
E09000018,Other religion: Zoroastrian,98,140,-42
E09000018,Religion not stated,17469,16462,1007
E09000018,Sikh,24677,22749,1928
E09000019,Buddhist,1813,2313.37996325899,-500.37996325899
E09000019,Christian,75129,90575.2820164141,-15446.2820164141
E09000019,Hindu,2195,2302.43682285601,-107.43682285601
E09000019,Jewish,2714,2093.42283459499,620.57716540501
E09000019,Muslim,25840,21307.389432444,4532.610567556
E09000019,No religion: Agnostic,286,272.167317563999,13.832682436001
E09000019,No religion: Atheist,119,303.865519208,-184.865519208
E09000019,No religion: Free Thinker,1,2.186082872,-1.186082872
E09000019,No religion: Humanist,44,113.676309344,-69.676309344
E09000019,No religion: No religion,88015,66977.207032336,21037.792967664
E09000019,No religion: Realist,0,2.186082872,-2.186082872
E09000019,Other religion: Animism,9,5.465912105,3.534087895
E09000019,Other religion: Baha'i,34,27.329560525,6.670439475
E09000019,Other religion: Believe in God,29,38.261384735,-9.261384735
E09000019,Other religion: Brahma Kumari,0,0,0
E09000019,Other religion: Chinese Religion,0,2.186364842,-2.186364842
E09000019,Other religion: Confucianist,0,2.186364842,-2.186364842
E09000019,Other religion: Deist,12,13.118189052,-1.118189052
E09000019,Other religion: Druid,9,5.465912105,3.534087895
E09000019,Other religion: Druze,5,16.397736315,-11.397736315
E09000019,Other religion: Eckankar,4,1.093182421,2.906817579
E09000019,Other religion: Heathen,4,4.372729684,-0.372729684
E09000019,Other religion: Jain,54,76.52276947,-22.52276947
E09000019,Other religion: Mixed Religion,87,89.640958522,-2.64095852200001
E09000019,Other religion: Mysticism,2,2.186364842,-0.186364842
E09000019,Other religion: Native American Church,1,1.093182421,-0.0931824210000001
E09000019,Other religion: New Age,4,7.652276947,-3.652276947
E09000019,Other religion: Occult,3,3.279547263,-0.279547263
E09000019,Other religion: Other religion,1883,125.715978415,1757.284021585
E09000019,Other religion: Own Belief System,7,9.838641789,-2.838641789
E09000019,Other religion: Pagan,151,163.97736315,-12.97736315
E09000019,Other religion: Pantheism,22,19.677283578,2.322716422
E09000019,Other religion: Rastafarian,69,72.150039786,-3.15003978599999
E09000019,Other religion: Ravidassia,4,1.093182421,2.906817579
E09000019,Other religion: Reconstructionist,5,2.186364842,2.813635158
E09000019,Other religion: Satanism,25,10.93182421,14.06817579
E09000019,Other religion: Scientology,2,15.304553894,-13.304553894
E09000019,Other religion: Shamanism,2,2.186364842,-0.186364842
E09000019,Other religion: Shintoism,13,21.86364842,-8.86364842
E09000019,Other religion: Spiritual,294,121.343248731,172.656751269
E09000019,Other religion: Spiritualist,81,63.4045804180001,17.5954195819999
E09000019,Other religion: Taoist,40,32.79547263,7.20452737
E09000019,Other religion: Theism,3,10.93182421,-7.93182421
E09000019,Other religion: Thelemite,1,2.186364842,-1.186364842
E09000019,Other religion: Traditional African Religion,8,3.279547263,4.720452737
E09000019,Other religion: Unification Church,0,0,0
E09000019,Other religion: Universalist,9,4.372729684,4.627270316
E09000019,Other religion: Vodun,4,0,4
E09000019,Other religion: Wicca,21,31.702290209,-10.702290209
E09000019,Other religion: Witchcraft,6,6.559094526,-0.559094526
E09000019,Other religion: Zoroastrian,22,33.888655051,-11.888655051
E09000019,Religion not stated,16902,18182.028421986,-1280.028421986
E09000019,Sikh,603,622.664710951001,-19.664710951001
E09000020,Buddhist,1606,2447,-841
E09000020,Christian,69335,86005,-16670
E09000020,Hindu,1584,1386,198
E09000020,Jewish,2681,3320,-639
E09000020,Muslim,16865,15812,1053
E09000020,No religion: Agnostic,134,134,0
E09000020,No religion: Atheist,39,111,-72
E09000020,No religion: Free Thinker,2,1,1
E09000020,No religion: Humanist,14,64,-50
E09000020,No religion: No religion,35421,32359,3062
E09000020,No religion: Realist,0,0,0
E09000020,Other religion: Animism,2,3,-1
E09000020,Other religion: Baha'i,38,80,-42
E09000020,Other religion: Believe in God,15,20,-5
E09000020,Other religion: Brahma Kumari,0,6,-6
E09000020,Other religion: Chinese Religion,0,4,-4
E09000020,Other religion: Confucianist,0,0,0
E09000020,Other religion: Deist,7,7,0
E09000020,Other religion: Druid,0,13,-13
E09000020,Other religion: Druze,39,23,16
E09000020,Other religion: Eckankar,1,4,-3
E09000020,Other religion: Heathen,38,2,36
E09000020,Other religion: Jain,38,36,2
E09000020,Other religion: Mixed Religion,73,90,-17
E09000020,Other religion: Mysticism,1,0,1
E09000020,Other religion: Native American Church,0,0,0
E09000020,Other religion: New Age,1,12,-11
E09000020,Other religion: Occult,1,1,0
E09000020,Other religion: Other religion,374,94,280
E09000020,Other religion: Own Belief System,11,7,4
E09000020,Other religion: Pagan,54,45,9
E09000020,Other religion: Pantheism,5,2,3
E09000020,Other religion: Rastafarian,31,46,-15
E09000020,Other religion: Ravidassia,1,0,1
E09000020,Other religion: Reconstructionist,4,1,3
E09000020,Other religion: Satanism,7,3,4
E09000020,Other religion: Scientology,2,2,0
E09000020,Other religion: Shamanism,7,1,6
E09000020,Other religion: Shintoism,21,18,3
E09000020,Other religion: Spiritual,158,88,70
E09000020,Other religion: Spiritualist,44,37,7
E09000020,Other religion: Taoist,20,28,-8
E09000020,Other religion: Theism,4,3,1
E09000020,Other religion: Thelemite,0,0,0
E09000020,Other religion: Traditional African Religion,2,4,-2
E09000020,Other religion: Unification Church,0,0,0
E09000020,Other religion: Universalist,4,8,-4
E09000020,Other religion: Vodun,1,0,1
E09000020,Other religion: Wicca,9,6,3
E09000020,Other religion: Witchcraft,0,0,0
E09000020,Other religion: Zoroastrian,54,78,-24
E09000020,Religion not stated,14311,15969,-1658
E09000020,Sikh,319,263,56
E09000021,Buddhist,1726,1771,-45
E09000021,Christian,71670,84684,-13014
E09000021,Hindu,8456,7502,954
E09000021,Jewish,693,775,-82
E09000021,Muslim,13366,9474,3892
E09000021,No religion: Agnostic,132,137,-5
E09000021,No religion: Atheist,54,109,-55
E09000021,No religion: Free Thinker,1,0,1
E09000021,No religion: Humanist,25,58,-33
E09000021,No religion: No religion,57428,40879,16549
E09000021,No religion: Realist,2,0,2
E09000021,Other religion: Animism,3,2,1
E09000021,Other religion: Baha'i,22,39,-17
E09000021,Other religion: Believe in God,18,9,9
E09000021,Other religion: Brahma Kumari,1,1,0
E09000021,Other religion: Chinese Religion,0,0,0
E09000021,Other religion: Confucianist,1,2,-1
E09000021,Other religion: Deist,7,4,3
E09000021,Other religion: Druid,3,4,-1
E09000021,Other religion: Druze,14,12,2
E09000021,Other religion: Eckankar,0,1,-1
E09000021,Other religion: Heathen,9,1,8
E09000021,Other religion: Jain,175,134,41
E09000021,Other religion: Mixed Religion,75,67,8
E09000021,Other religion: Mysticism,1,0,1
E09000021,Other religion: Native American Church,0,1,-1
E09000021,Other religion: New Age,0,1,-1
E09000021,Other religion: Occult,2,1,1
E09000021,Other religion: Other religion,272,57,215
E09000021,Other religion: Own Belief System,3,6,-3
E09000021,Other religion: Pagan,121,111,10
E09000021,Other religion: Pantheism,5,4,1
E09000021,Other religion: Rastafarian,15,16,-1
E09000021,Other religion: Ravidassia,4,0,4
E09000021,Other religion: Reconstructionist,5,1,4
E09000021,Other religion: Satanism,10,10,0
E09000021,Other religion: Scientology,5,13,-8
E09000021,Other religion: Shamanism,2,1,1
E09000021,Other religion: Shintoism,10,18,-8
E09000021,Other religion: Spiritual,155,62,93
E09000021,Other religion: Spiritualist,69,83,-14
E09000021,Other religion: Taoist,26,23,3
E09000021,Other religion: Theism,7,9,-2
E09000021,Other religion: Thelemite,0,1,-1
E09000021,Other religion: Traditional African Religion,0,1,-1
E09000021,Other religion: Unification Church,1,1,0
E09000021,Other religion: Universalist,2,2,0
E09000021,Other religion: Vodun,0,1,-1
E09000021,Other religion: Wicca,14,27,-13
E09000021,Other religion: Witchcraft,4,6,-2
E09000021,Other religion: Zoroastrian,60,69,-9
E09000021,Religion not stated,11966,12633,-667
E09000021,Sikh,1428,1236,192
E09000022,Buddhist,2437,2963,-526
E09000022,Christian,138714,160944,-22230
E09000022,Hindu,3179,3119,60
E09000022,Jewish,1344,1134,210
E09000022,Muslim,25871,21500,4371
E09000022,No religion: Agnostic,392,353,39
E09000022,No religion: Atheist,138,332,-194
E09000022,No religion: Free Thinker,3,4,-1
E09000022,No religion: Humanist,70,122,-52
E09000022,No religion: No religion,118521,83990,34531
E09000022,No religion: Realist,0,2,-2
E09000022,Other religion: Animism,11,6,5
E09000022,Other religion: Baha'i,16,22,-6
E09000022,Other religion: Believe in God,33,56,-23
E09000022,Other religion: Brahma Kumari,2,2,0
E09000022,Other religion: Chinese Religion,0,0,0
E09000022,Other religion: Confucianist,2,2,0
E09000022,Other religion: Deist,7,8,-1
E09000022,Other religion: Druid,6,24,-18
E09000022,Other religion: Druze,1,0,1
E09000022,Other religion: Eckankar,6,7,-1
E09000022,Other religion: Heathen,10,12,-2
E09000022,Other religion: Jain,122,73,49
E09000022,Other religion: Mixed Religion,80,124,-44
E09000022,Other religion: Mysticism,0,6,-6
E09000022,Other religion: Native American Church,0,0,0
E09000022,Other religion: New Age,2,7,-5
E09000022,Other religion: Occult,3,3,0
E09000022,Other religion: Other religion,815,195,620
E09000022,Other religion: Own Belief System,22,13,9
E09000022,Other religion: Pagan,211,228,-17
E09000022,Other religion: Pantheism,9,33,-24
E09000022,Other religion: Rastafarian,229,316,-87
E09000022,Other religion: Ravidassia,3,2,1
E09000022,Other religion: Reconstructionist,11,1,10
E09000022,Other religion: Satanism,14,12,2
E09000022,Other religion: Scientology,11,14,-3
E09000022,Other religion: Shamanism,6,3,3
E09000022,Other religion: Shintoism,9,13,-4
E09000022,Other religion: Spiritual,407,170,237
E09000022,Other religion: Spiritualist,136,141,-5
E09000022,Other religion: Taoist,37,55,-18
E09000022,Other religion: Theism,8,6,2
E09000022,Other religion: Thelemite,3,5,-2
E09000022,Other religion: Traditional African Religion,26,15,11
E09000022,Other religion: Unification Church,7,19,-12
E09000022,Other religion: Universalist,8,4,4
E09000022,Other religion: Vodun,7,8,-1
E09000022,Other religion: Wicca,42,34,8
E09000022,Other religion: Witchcraft,0,5,-5
E09000022,Other religion: Zoroastrian,29,27,2
E09000022,Religion not stated,24110,26501,-2391
E09000022,Sikh,527,440,87
E09000023,Buddhist,3270,3664,-394
E09000023,Christian,131706,145588,-13882
E09000023,Hindu,6459,6562,-103
E09000023,Jewish,826,643,183
E09000023,Muslim,22264,17759,4505
E09000023,No religion: Agnostic,281,251,30
E09000023,No religion: Atheist,141,219,-78
E09000023,No religion: Free Thinker,0,3,-3
E09000023,No religion: Humanist,64,126,-62
E09000023,No religion: No religion,109893,74555,35338
E09000023,No religion: Realist,0,1,-1
E09000023,Other religion: Animism,12,4,8
E09000023,Other religion: Baha'i,35,25,10
E09000023,Other religion: Believe in God,19,33,-14
E09000023,Other religion: Brahma Kumari,1,3,-2
E09000023,Other religion: Chinese Religion,3,7,-4
E09000023,Other religion: Confucianist,1,4,-3
E09000023,Other religion: Deist,6,5,1
E09000023,Other religion: Druid,5,17,-12
E09000023,Other religion: Druze,2,5,-3
E09000023,Other religion: Eckankar,4,8,-4
E09000023,Other religion: Heathen,28,12,16
E09000023,Other religion: Jain,26,12,14
E09000023,Other religion: Mixed Religion,94,121,-27
E09000023,Other religion: Mysticism,4,4,0
E09000023,Other religion: Native American Church,0,2,-2
E09000023,Other religion: New Age,4,8,-4
E09000023,Other religion: Occult,4,7,-3
E09000023,Other religion: Other religion,800,187,613
E09000023,Other religion: Own Belief System,18,21,-3
E09000023,Other religion: Pagan,254,259,-5
E09000023,Other religion: Pantheism,28,20,8
E09000023,Other religion: Rastafarian,161,172,-11
E09000023,Other religion: Ravidassia,8,6,2
E09000023,Other religion: Reconstructionist,2,2,0
E09000023,Other religion: Satanism,25,9,16
E09000023,Other religion: Scientology,6,7,-1
E09000023,Other religion: Shamanism,1,7,-6
E09000023,Other religion: Shintoism,19,17,2
E09000023,Other religion: Spiritual,395,137,258
E09000023,Other religion: Spiritualist,117,153,-36
E09000023,Other religion: Taoist,47,34,13
E09000023,Other religion: Theism,5,5,0
E09000023,Other religion: Thelemite,4,2,2
E09000023,Other religion: Traditional African Religion,15,25,-10
E09000023,Other religion: Unification Church,0,33,-33
E09000023,Other religion: Universalist,5,6,-1
E09000023,Other religion: Vodun,4,5,-1
E09000023,Other religion: Wicca,57,62,-5
E09000023,Other religion: Witchcraft,13,4,9
E09000023,Other religion: Zoroastrian,35,25,10
E09000023,Religion not stated,22660,24505,-1845
E09000023,Sikh,720,531,189
E09000024,Buddhist,1899,1884,15
E09000024,Christian,101320,111993,-10673
E09000024,Hindu,12610,12203,407
E09000024,Jewish,754,791,-37
E09000024,Muslim,21673,16262,5411
E09000024,No religion: Agnostic,157,131,26
E09000024,No religion: Atheist,60,121,-61
E09000024,No religion: Free Thinker,0,2,-2
E09000024,No religion: Humanist,32,67,-35
E09000024,No religion: No religion,59975,40909,19066
E09000024,No religion: Realist,0,1,-1
E09000024,Other religion: Animism,3,0,3
E09000024,Other religion: Baha'i,32,33,-1
E09000024,Other religion: Believe in God,20,15,5
E09000024,Other religion: Brahma Kumari,0,2,-2
E09000024,Other religion: Chinese Religion,0,0,0
E09000024,Other religion: Confucianist,0,1,-1
E09000024,Other religion: Deist,6,10,-4
E09000024,Other religion: Druid,8,17,-9
E09000024,Other religion: Druze,7,3,4
E09000024,Other religion: Eckankar,1,3,-2
E09000024,Other religion: Heathen,7,7,0
E09000024,Other religion: Jain,114,74,40
E09000024,Other religion: Mixed Religion,79,82,-3
E09000024,Other religion: Mysticism,0,0,0
E09000024,Other religion: Native American Church,0,1,-1
E09000024,Other religion: New Age,0,1,-1
E09000024,Other religion: Occult,0,0,0
E09000024,Other religion: Other religion,362,83,279
E09000024,Other religion: Own Belief System,13,10,3
E09000024,Other religion: Pagan,118,103,15
E09000024,Other religion: Pantheism,9,6,3
E09000024,Other religion: Rastafarian,28,32,-4
E09000024,Other religion: Ravidassia,1,1,0
E09000024,Other religion: Reconstructionist,2,2,0
E09000024,Other religion: Satanism,11,4,7
E09000024,Other religion: Scientology,2,10,-8
E09000024,Other religion: Shamanism,4,0,4
E09000024,Other religion: Shintoism,13,6,7
E09000024,Other religion: Spiritual,158,66,92
E09000024,Other religion: Spiritualist,88,96,-8
E09000024,Other religion: Taoist,17,12,5
E09000024,Other religion: Theism,4,5,-1
E09000024,Other religion: Thelemite,0,1,-1
E09000024,Other religion: Traditional African Religion,9,2,7
E09000024,Other religion: Unification Church,4,11,-7
E09000024,Other religion: Universalist,0,6,-6
E09000024,Other religion: Vodun,6,1,5
E09000024,Other religion: Wicca,24,25,-1
E09000024,Other religion: Witchcraft,3,4,-1
E09000024,Other religion: Zoroastrian,50,74,-24
E09000024,Religion not stated,14888,14021,867
E09000024,Sikh,614,498,116
E09000025,Buddhist,2160,2446,-286
E09000025,Christian,123746,123119,627
E09000025,Hindu,21405,26962,-5557
E09000025,Jewish,448,342,106
E09000025,Muslim,122146,98456,23690
E09000025,No religion: Agnostic,175,105,70
E09000025,No religion: Atheist,46,77,-31
E09000025,No religion: Free Thinker,0,5,-5
E09000025,No religion: Humanist,17,29,-12
E09000025,No religion: No religion,50556,29157,21399
E09000025,No religion: Realist,0,0,0
E09000025,Other religion: Animism,2,1,1
E09000025,Other religion: Baha'i,18,32,-14
E09000025,Other religion: Believe in God,15,28,-13
E09000025,Other religion: Brahma Kumari,0,0,0
E09000025,Other religion: Chinese Religion,0,1,-1
E09000025,Other religion: Confucianist,0,0,0
E09000025,Other religion: Deist,3,4,-1
E09000025,Other religion: Druid,8,6,2
E09000025,Other religion: Druze,1,0,1
E09000025,Other religion: Eckankar,6,9,-3
E09000025,Other religion: Heathen,6,4,2
E09000025,Other religion: Jain,162,112,50
E09000025,Other religion: Mixed Religion,95,42,53
E09000025,Other religion: Mysticism,0,0,0
E09000025,Other religion: Native American Church,0,0,0
E09000025,Other religion: New Age,4,3,1
E09000025,Other religion: Occult,0,0,0
E09000025,Other religion: Other religion,674,110,564
E09000025,Other religion: Own Belief System,16,5,11
E09000025,Other religion: Pagan,96,118,-22
E09000025,Other religion: Pantheism,6,10,-4
E09000025,Other religion: Rastafarian,90,118,-28
E09000025,Other religion: Ravidassia,164,248,-84
E09000025,Other religion: Reconstructionist,5,0,5
E09000025,Other religion: Satanism,16,4,12
E09000025,Other religion: Scientology,22,13,9
E09000025,Other religion: Shamanism,17,1,16
E09000025,Other religion: Shintoism,4,1,3
E09000025,Other religion: Spiritual,187,59,128
E09000025,Other religion: Spiritualist,57,66,-9
E09000025,Other religion: Taoist,20,14,6
E09000025,Other religion: Theism,7,4,3
E09000025,Other religion: Thelemite,0,1,-1
E09000025,Other religion: Traditional African Religion,5,16,-11
E09000025,Other religion: Unification Church,1,0,1
E09000025,Other religion: Universalist,0,5,-5
E09000025,Other religion: Vodun,3,0,3
E09000025,Other religion: Wicca,32,17,15
E09000025,Other religion: Witchcraft,2,0,2
E09000025,Other religion: Zoroastrian,24,36,-12
E09000025,Religion not stated,22933,19775,3158
E09000025,Sikh,5638,6421,-783
E09000026,Buddhist,1611,1840,-229
E09000026,Christian,94473,102755,-8282
E09000026,Hindu,34372,31699,2673
E09000026,Jewish,6412,10213,-3801
E09000026,Muslim,97068,64999,32069
E09000026,No religion: Agnostic,125,102,23
E09000026,No religion: Atheist,45,97,-52
E09000026,No religion: Free Thinker,2,0,2
E09000026,No religion: Humanist,31,45,-14
E09000026,No religion: No religion,38798,30446,8352
E09000026,No religion: Realist,0,1,-1
E09000026,Other religion: Animism,0,1,-1
E09000026,Other religion: Baha'i,20,21,-1
E09000026,Other religion: Believe in God,16,5,11
E09000026,Other religion: Brahma Kumari,1,4,-3
E09000026,Other religion: Chinese Religion,0,0,0
E09000026,Other religion: Confucianist,1,0,1
E09000026,Other religion: Deist,3,4,-1
E09000026,Other religion: Druid,5,8,-3
E09000026,Other religion: Druze,0,5,-5
E09000026,Other religion: Eckankar,1,3,-2
E09000026,Other religion: Heathen,4,6,-2
E09000026,Other religion: Jain,544,545,-1
E09000026,Other religion: Mixed Religion,176,78,98
E09000026,Other religion: Mysticism,2,0,2
E09000026,Other religion: Native American Church,0,0,0
E09000026,Other religion: New Age,1,2,-1
E09000026,Other religion: Occult,1,1,0
E09000026,Other religion: Other religion,638,116,522
E09000026,Other religion: Own Belief System,4,5,-1
E09000026,Other religion: Pagan,66,101,-35
E09000026,Other religion: Pantheism,2,1,1
E09000026,Other religion: Rastafarian,36,32,4
E09000026,Other religion: Ravidassia,160,99,61
E09000026,Other religion: Reconstructionist,3,1,2
E09000026,Other religion: Satanism,12,7,5
E09000026,Other religion: Scientology,1,3,-2
E09000026,Other religion: Shamanism,1,0,1
E09000026,Other religion: Shintoism,9,6,3
E09000026,Other religion: Spiritual,113,45,68
E09000026,Other religion: Spiritualist,81,96,-15
E09000026,Other religion: Taoist,17,20,-3
E09000026,Other religion: Theism,2,5,-3
E09000026,Other religion: Thelemite,0,0,0
E09000026,Other religion: Traditional African Religion,4,9,-5
E09000026,Other religion: Unification Church,0,0,0
E09000026,Other religion: Universalist,1,0,1
E09000026,Other religion: Vodun,0,0,0
E09000026,Other religion: Wicca,18,21,-3
E09000026,Other religion: Witchcraft,4,1,3
E09000026,Other religion: Zoroastrian,77,96,-19
E09000026,Religion not stated,17675,18048,-373
E09000026,Sikh,17622,17377,245
E09000027,Buddhist,1593,1577,16
E09000027,Christian,88556,103319,-14763
E09000027,Hindu,4184,3051,1133
E09000027,Jewish,1262,1409,-147
E09000027,Muslim,8492,6128,2364
E09000027,No religion: Agnostic,161,181,-20
E09000027,No religion: Atheist,83,167,-84
E09000027,No religion: Free Thinker,1,2,-1
E09000027,No religion: Humanist,58,99,-41
E09000027,No religion: No religion,73773,52744,21029
E09000027,No religion: Realist,0,2,-2
E09000027,Other religion: Animism,4,2,2
E09000027,Other religion: Baha'i,39,39,0
E09000027,Other religion: Believe in God,15,14,1
E09000027,Other religion: Brahma Kumari,1,1,0
E09000027,Other religion: Chinese Religion,0,0,0
E09000027,Other religion: Confucianist,3,0,3
E09000027,Other religion: Deist,6,6,0
E09000027,Other religion: Druid,5,11,-6
E09000027,Other religion: Druze,3,4,-1
E09000027,Other religion: Eckankar,2,3,-1
E09000027,Other religion: Heathen,12,7,5
E09000027,Other religion: Jain,120,89,31
E09000027,Other religion: Mixed Religion,83,140,-57
E09000027,Other religion: Mysticism,0,3,-3
E09000027,Other religion: Native American Church,0,0,0
E09000027,Other religion: New Age,1,2,-1
E09000027,Other religion: Occult,0,3,-3
E09000027,Other religion: Other religion,343,49,294
E09000027,Other religion: Own Belief System,7,15,-8
E09000027,Other religion: Pagan,110,119,-9
E09000027,Other religion: Pantheism,10,12,-2
E09000027,Other religion: Rastafarian,16,15,1
E09000027,Other religion: Ravidassia,5,10,-5
E09000027,Other religion: Reconstructionist,5,1,4
E09000027,Other religion: Satanism,7,2,5
E09000027,Other religion: Scientology,8,4,4
E09000027,Other religion: Shamanism,5,1,4
E09000027,Other religion: Shintoism,17,11,6
E09000027,Other religion: Spiritual,210,86,124
E09000027,Other religion: Spiritualist,83,87,-4
E09000027,Other religion: Taoist,21,20,1
E09000027,Other religion: Theism,3,6,-3
E09000027,Other religion: Thelemite,1,0,1
E09000027,Other religion: Traditional African Religion,0,1,-1
E09000027,Other religion: Unification Church,0,4,-4
E09000027,Other religion: Universalist,8,8,0
E09000027,Other religion: Vodun,2,0,2
E09000027,Other religion: Wicca,19,23,-4
E09000027,Other religion: Witchcraft,4,0,4
E09000027,Other religion: Zoroastrian,97,90,7
E09000027,Religion not stated,13855,15840,-1985
E09000027,Sikh,1987,1581,406
E09000028,Buddhist,2965,3884,-919
E09000028,Christian,133298,151462,-18164
E09000028,Hindu,3444,3668,-224
E09000028,Jewish,1243,1006,237
E09000028,Muslim,29633,24551,5082
E09000028,No religion: Agnostic,311,279,32
E09000028,No religion: Atheist,124,357,-233
E09000028,No religion: Free Thinker,3,8,-5
E09000028,No religion: Humanist,62,95,-33
E09000028,No religion: No religion,111432,76358,35074
E09000028,No religion: Realist,0,1,-1
E09000028,Other religion: Animism,2,7,-5
E09000028,Other religion: Baha'i,38,38,0
E09000028,Other religion: Believe in God,28,39,-11
E09000028,Other religion: Brahma Kumari,0,1,-1
E09000028,Other religion: Chinese Religion,0,3,-3
E09000028,Other religion: Confucianist,0,2,-2
E09000028,Other religion: Deist,7,13,-6
E09000028,Other religion: Druid,5,13,-8
E09000028,Other religion: Druze,3,1,2
E09000028,Other religion: Eckankar,10,10,0
E09000028,Other religion: Heathen,9,7,2
E09000028,Other religion: Jain,79,64,15
E09000028,Other religion: Mixed Religion,85,84,1
E09000028,Other religion: Mysticism,1,2,-1
E09000028,Other religion: Native American Church,0,0,0
E09000028,Other religion: New Age,4,5,-1
E09000028,Other religion: Occult,4,10,-6
E09000028,Other religion: Other religion,719,155,564
E09000028,Other religion: Own Belief System,15,18,-3
E09000028,Other religion: Pagan,200,179,21
E09000028,Other religion: Pantheism,14,16,-2
E09000028,Other religion: Rastafarian,127,170,-43
E09000028,Other religion: Ravidassia,2,6,-4
E09000028,Other religion: Reconstructionist,4,2,2
E09000028,Other religion: Satanism,27,9,18
E09000028,Other religion: Scientology,44,14,30
E09000028,Other religion: Shamanism,9,5,4
E09000028,Other religion: Shintoism,13,14,-1
E09000028,Other religion: Spiritual,388,154,234
E09000028,Other religion: Spiritualist,116,119,-3
E09000028,Other religion: Taoist,45,47,-2
E09000028,Other religion: Theism,10,7,3
E09000028,Other religion: Thelemite,3,0,3
E09000028,Other religion: Traditional African Religion,23,32,-9
E09000028,Other religion: Unification Church,4,4,0
E09000028,Other religion: Universalist,6,7,-1
E09000028,Other religion: Vodun,6,3,3
E09000028,Other religion: Wicca,35,41,-6
E09000028,Other religion: Witchcraft,6,5,1
E09000028,Other religion: Zoroastrian,54,39,15
E09000028,Religion not stated,22338,24611,-2273
E09000028,Sikh,632,653,-21
E09000029,Buddhist,1822,1368,454
E09000029,Christian,95960,111086,-15126
E09000029,Hindu,14666,8038,6628
E09000029,Jewish,407,486,-79
E09000029,Muslim,14736,7726,7010
E09000029,No religion: Agnostic,122,100,22
E09000029,No religion: Atheist,33,95,-62
E09000029,No religion: Free Thinker,0,0,0
E09000029,No religion: Humanist,29,43,-14
E09000029,No religion: No religion,67584,46579,21005
E09000029,No religion: Realist,1,0,1
E09000029,Other religion: Animism,0,2,-2
E09000029,Other religion: Baha'i,15,21,-6
E09000029,Other religion: Believe in God,11,9,2
E09000029,Other religion: Brahma Kumari,0,0,0
E09000029,Other religion: Chinese Religion,0,0,0
E09000029,Other religion: Confucianist,1,0,1
E09000029,Other religion: Deist,5,7,-2
E09000029,Other religion: Druid,3,8,-5
E09000029,Other religion: Druze,2,5,-3
E09000029,Other religion: Eckankar,4,0,4
E09000029,Other religion: Heathen,11,10,1
E09000029,Other religion: Jain,160,73,87
E09000029,Other religion: Mixed Religion,75,68,7
E09000029,Other religion: Mysticism,0,0,0
E09000029,Other religion: Native American Church,0,0,0
E09000029,Other religion: New Age,0,1,-1
E09000029,Other religion: Occult,0,3,-3
E09000029,Other religion: Other religion,345,56,289
E09000029,Other religion: Own Belief System,2,8,-6
E09000029,Other religion: Pagan,167,148,19
E09000029,Other religion: Pantheism,6,7,-1
E09000029,Other religion: Rastafarian,15,15,0
E09000029,Other religion: Ravidassia,2,4,-2
E09000029,Other religion: Reconstructionist,0,0,0
E09000029,Other religion: Satanism,12,7,5
E09000029,Other religion: Scientology,6,5,1
E09000029,Other religion: Shamanism,11,2,9
E09000029,Other religion: Shintoism,10,15,-5
E09000029,Other religion: Spiritual,112,39,73
E09000029,Other religion: Spiritualist,137,142,-5
E09000029,Other religion: Taoist,10,14,-4
E09000029,Other religion: Theism,6,1,5
E09000029,Other religion: Thelemite,0,0,0
E09000029,Other religion: Traditional African Religion,1,0,1
E09000029,Other religion: Unification Church,22,16,6
E09000029,Other religion: Universalist,1,1,0
E09000029,Other religion: Vodun,1,0,1
E09000029,Other religion: Wicca,27,49,-22
E09000029,Other religion: Witchcraft,1,4,-3
E09000029,Other religion: Zoroastrian,62,54,8
E09000029,Religion not stated,12589,13504,-915
E09000029,Sikh,447,325,122
E09000030,Buddhist,2961,2992.99477971802,-31.9947797180198
E09000030,Christian,69223,75714.1723995359,-6491.17239953591
E09000030,Hindu,6298,4626.13846799998,1671.86153200002
E09000030,Jewish,1341,1412.746431106,-71.7464311060001
E09000030,Muslim,123912,96536.2034357281,27375.7965642719
E09000030,No religion: Agnostic,295,243.846407502,51.153592498
E09000030,No religion: Atheist,92,232.862335092,-140.862335092
E09000030,No religion: Free Thinker,0,2.196814482,-2.196814482
E09000030,No religion: Humanist,31,52.723547568,-21.723547568
E09000030,No religion: No religion,82217,52903.686355524,29313.313644476
E09000030,No religion: Realist,0,0,0
E09000030,Other religion: Animism,10,3.261879435,6.738120565
E09000030,Other religion: Baha'i,30,26.09503548,3.90496452
E09000030,Other religion: Believe in God,15,20.658569755,-5.658569755
E09000030,Other religion: Brahma Kumari,0,0,0
E09000030,Other religion: Chinese Religion,4,2.17458629,1.82541371
E09000030,Other religion: Confucianist,0,1.087293145,-1.087293145
E09000030,Other religion: Deist,7,17.39669032,-10.39669032
E09000030,Other religion: Druid,8,6.52375887,1.47624113
E09000030,Other religion: Druze,4,2.17458629,1.82541371
E09000030,Other religion: Eckankar,1,0,1
E09000030,Other religion: Heathen,5,7.611052015,-2.611052015
E09000030,Other religion: Jain,152,80.45969273,71.54030727
E09000030,Other religion: Mixed Religion,59,42.404432655,16.595567345
E09000030,Other religion: Mysticism,0,3.261879435,-3.261879435
E09000030,Other religion: Native American Church,0,1.087293145,-1.087293145
E09000030,Other religion: New Age,0,1.087293145,-1.087293145
E09000030,Other religion: Occult,1,5.436465725,-4.436465725
E09000030,Other religion: Other religion,547,102.20555563,444.79444437
E09000030,Other religion: Own Belief System,22,13.04751774,8.95248226
E09000030,Other religion: Pagan,147,148.959160865,-1.959160865
E09000030,Other religion: Pantheism,13,13.04751774,-0.04751774
E09000030,Other religion: Rastafarian,44,68.499468135,-24.499468135
E09000030,Other religion: Ravidassia,6,14.134810885,-8.134810885
E09000030,Other religion: Reconstructionist,7,3.261879435,3.738120565
E09000030,Other religion: Satanism,28,13.04751774,14.95248226
E09000030,Other religion: Scientology,7,13.04751774,-6.04751774
E09000030,Other religion: Shamanism,2,3.261879435,-1.261879435
E09000030,Other religion: Shintoism,21,10.87293145,10.12706855
E09000030,Other religion: Spiritual,283,94.594503615,188.405496385
E09000030,Other religion: Spiritualist,75,71.7613475699999,3.2386524300001
E09000030,Other religion: Taoist,42,38.055260075,3.944739925
E09000030,Other religion: Theism,10,6.52375887,3.47624113
E09000030,Other religion: Thelemite,0,1.087293145,-1.087293145
E09000030,Other religion: Traditional African Religion,13,7.611052015,5.388947985
E09000030,Other religion: Unification Church,0,0,0
E09000030,Other religion: Universalist,8,2.17458629,5.82541371
E09000030,Other religion: Vodun,7,1.087293145,5.912706855
E09000030,Other religion: Wicca,31,25.007742335,5.992257665
E09000030,Other religion: Witchcraft,6,1.087293145,4.912706855
E09000030,Other religion: Zoroastrian,38,20.658569755,17.341430245
E09000030,Religion not stated,21318,17576.681405644,3741.318594356
E09000030,Sikh,966,904.730748194998,61.269251805002
E09000031,Buddhist,1834,1987,-153
E09000031,Christian,108630,124939,-16309
E09000031,Hindu,5155,5917,-762
E09000031,Jewish,1268,1259,9
E09000031,Muslim,60157,56541,3616
E09000031,No religion: Agnostic,197,176,21
E09000031,No religion: Atheist,98,171,-73
E09000031,No religion: Free Thinker,1,3,-2
E09000031,No religion: Humanist,57,70,-13
E09000031,No religion: No religion,77385,46042,31343
E09000031,No religion: Realist,1,0,1
E09000031,Other religion: Animism,2,3,-1
E09000031,Other religion: Baha'i,17,18,-1
E09000031,Other religion: Believe in God,21,30,-9
E09000031,Other religion: Brahma Kumari,0,0,0
E09000031,Other religion: Chinese Religion,3,10,-7
E09000031,Other religion: Confucianist,0,0,0
E09000031,Other religion: Deist,5,6,-1
E09000031,Other religion: Druid,6,11,-5
E09000031,Other religion: Druze,8,2,6
E09000031,Other religion: Eckankar,1,3,-2
E09000031,Other religion: Heathen,5,4,1
E09000031,Other religion: Jain,41,34,7
E09000031,Other religion: Mixed Religion,67,98,-31
E09000031,Other religion: Mysticism,3,1,2
E09000031,Other religion: Native American Church,0,0,0
E09000031,Other religion: New Age,2,2,0
E09000031,Other religion: Occult,0,3,-3
E09000031,Other religion: Other religion,1922,109,1813
E09000031,Other religion: Own Belief System,5,10,-5
E09000031,Other religion: Pagan,170,200,-30
E09000031,Other religion: Pantheism,12,10,2
E09000031,Other religion: Rastafarian,85,132,-47
E09000031,Other religion: Ravidassia,4,8,-4
E09000031,Other religion: Reconstructionist,3,5,-2
E09000031,Other religion: Satanism,17,9,8
E09000031,Other religion: Scientology,12,13,-1
E09000031,Other religion: Shamanism,2,3,-1
E09000031,Other religion: Shintoism,12,9,3
E09000031,Other religion: Spiritual,201,78,123
E09000031,Other religion: Spiritualist,95,86,9
E09000031,Other religion: Taoist,16,24,-8
E09000031,Other religion: Theism,7,7,0
E09000031,Other religion: Thelemite,0,1,-1
E09000031,Other religion: Traditional African Religion,4,9,-5
E09000031,Other religion: Unification Church,0,0,0
E09000031,Other religion: Universalist,6,6,0
E09000031,Other religion: Vodun,2,2,0
E09000031,Other religion: Wicca,33,30,3
E09000031,Other religion: Witchcraft,2,4,-2
E09000031,Other religion: Zoroastrian,22,12,10
E09000031,Religion not stated,19548,18942,606
E09000031,Sikh,1285,1209,76
E09000032,Buddhist,2275,2574,-299
E09000032,Christian,139656,162590,-22934
E09000032,Hindu,6419,6496,-77
E09000032,Jewish,1756,1617,139
E09000032,Muslim,32519,24746,7773
E09000032,No religion: Agnostic,321,354,-33
E09000032,No religion: Atheist,113,307,-194
E09000032,No religion: Free Thinker,2,0,2
E09000032,No religion: Humanist,58,91,-33
E09000032,No religion: No religion,118049,81987,36062
E09000032,No religion: Realist,0,1,-1
E09000032,Other religion: Animism,6,4,2
E09000032,Other religion: Baha'i,38,55,-17
E09000032,Other religion: Believe in God,38,27,11
E09000032,Other religion: Brahma Kumari,3,4,-1
E09000032,Other religion: Chinese Religion,0,1,-1
E09000032,Other religion: Confucianist,1,0,1
E09000032,Other religion: Deist,16,11,5
E09000032,Other religion: Druid,6,9,-3
E09000032,Other religion: Druze,16,10,6
E09000032,Other religion: Eckankar,3,3,0
E09000032,Other religion: Heathen,10,5,5
E09000032,Other religion: Jain,76,72,4
E09000032,Other religion: Mixed Religion,138,137,1
E09000032,Other religion: Mysticism,0,5,-5
E09000032,Other religion: Native American Church,0,0,0
E09000032,Other religion: New Age,4,5,-1
E09000032,Other religion: Occult,2,2,0
E09000032,Other religion: Other religion,553,133,420
E09000032,Other religion: Own Belief System,28,23,5
E09000032,Other religion: Pagan,136,158,-22
E09000032,Other religion: Pantheism,15,18,-3
E09000032,Other religion: Rastafarian,66,90,-24
E09000032,Other religion: Ravidassia,1,0,1
E09000032,Other religion: Reconstructionist,7,1,6
E09000032,Other religion: Satanism,14,15,-1
E09000032,Other religion: Scientology,6,11,-5
E09000032,Other religion: Shamanism,12,2,10
E09000032,Other religion: Shintoism,18,12,6
E09000032,Other religion: Spiritual,330,165,165
E09000032,Other religion: Spiritualist,142,107,35
E09000032,Other religion: Taoist,29,42,-13
E09000032,Other religion: Theism,3,8,-5
E09000032,Other religion: Thelemite,0,0,0
E09000032,Other religion: Traditional African Religion,7,15,-8
E09000032,Other religion: Unification Church,3,6,-3
E09000032,Other religion: Universalist,8,4,4
E09000032,Other religion: Vodun,12,4,8
E09000032,Other religion: Wicca,36,30,6
E09000032,Other religion: Witchcraft,6,3,3
E09000032,Other religion: Zoroastrian,77,82,-5
E09000032,Religion not stated,23500,24117,-617
E09000032,Sikh,967,832,135
E09000033,Buddhist,2603,3194,-591
E09000033,Christian,76245,97877,-21632
E09000033,Hindu,4457,4178,279
E09000033,Jewish,5628,7237,-1609
E09000033,Muslim,40873,40073,800
E09000033,No religion: Agnostic,174,200,-26
E09000033,No religion: Atheist,50,176,-126
E09000033,No religion: Free Thinker,2,2,0
E09000033,No religion: Humanist,23,66,-43
E09000033,No religion: No religion,52688,44098,8590
E09000033,No religion: Realist,0,0,0
E09000033,Other religion: Animism,4,4,0
E09000033,Other religion: Baha'i,50,88,-38
E09000033,Other religion: Believe in God,23,54,-31
E09000033,Other religion: Brahma Kumari,0,0,0
E09000033,Other religion: Chinese Religion,2,1,1
E09000033,Other religion: Confucianist,1,7,-6
E09000033,Other religion: Deist,8,11,-3
E09000033,Other religion: Druid,2,9,-7
E09000033,Other religion: Druze,51,81,-30
E09000033,Other religion: Eckankar,1,1,0
E09000033,Other religion: Heathen,6,5,1
E09000033,Other religion: Jain,198,177,21
E09000033,Other religion: Mixed Religion,105,98,7
E09000033,Other religion: Mysticism,1,8,-7
E09000033,Other religion: Native American Church,1,0,1
E09000033,Other religion: New Age,1,6,-5
E09000033,Other religion: Occult,5,3,2
E09000033,Other religion: Other religion,577,132,445
E09000033,Other religion: Own Belief System,9,15,-6
E09000033,Other religion: Pagan,85,90,-5
E09000033,Other religion: Pantheism,8,10,-2
E09000033,Other religion: Rastafarian,25,50,-25
E09000033,Other religion: Ravidassia,1,0,1
E09000033,Other religion: Reconstructionist,3,2,1
E09000033,Other religion: Satanism,7,3,4
E09000033,Other religion: Scientology,13,10,3
E09000033,Other religion: Shamanism,1,4,-3
E09000033,Other religion: Shintoism,36,27,9
E09000033,Other religion: Spiritual,218,111,107
E09000033,Other religion: Spiritualist,87,70,17
E09000033,Other religion: Taoist,30,27,3
E09000033,Other religion: Theism,1,1,0
E09000033,Other religion: Thelemite,1,2,-1
E09000033,Other religion: Traditional African Religion,6,5,1
E09000033,Other religion: Unification Church,1,14,-13
E09000033,Other religion: Universalist,3,6,-3
E09000033,Other religion: Vodun,6,3,3
E09000033,Other religion: Wicca,15,17,-2
E09000033,Other religion: Witchcraft,1,7,-6
E09000033,Other religion: Zoroastrian,154,114,40
E09000033,Religion not stated,19179,20519,-1340
E09000033,Sikh,573,496,77
