lsoa21cd,category,count_21,count_11,change
E01000001,10km to less than 20km,11,23,-12
E01000001,20km to less than 30km,1,3,-2
E01000001,2km to less than 5km,53,152,-99
E01000001,30km to less than 40km,2,7,-5
E01000001,40km to less than 60km,3,3,0
E01000001,5km to less than 10km,34,83,-49
E01000001,60km and over,3,10,-7
E01000001,Less than 2km,84,452,-368
E01000001,"Works mainly at an offshore installation, in no fixed place, or outside the UK",33,48,-15
E01000001,Works mainly from home,639,145,494
E01000002,10km to less than 20km,6,21,-15
E01000002,20km to less than 30km,2,6,-4
E01000002,2km to less than 5km,40,187,-147
E01000002,30km to less than 40km,4,3,1
E01000002,40km to less than 60km,3,2,1
E01000002,5km to less than 10km,21,78,-57
E01000002,60km and over,2,15,-13
E01000002,Less than 2km,78,392,-314
E01000002,"Works mainly at an offshore installation, in no fixed place, or outside the UK",48,57,-9
E01000002,Works mainly from home,678,149,529
E01000003,10km to less than 20km,22,25,-3
E01000003,20km to less than 30km,3,5,-2
E01000003,2km to less than 5km,80,175,-95
E01000003,30km to less than 40km,0,1,-1
E01000003,40km to less than 60km,0,0,0
E01000003,5km to less than 10km,60,57,3
E01000003,60km and over,7,17,-10
E01000003,Less than 2km,145,349,-204
E01000003,"Works mainly at an offshore installation, in no fixed place, or outside the UK",67,56,11
E01000003,Works mainly from home,622,79,543
E01000005,10km to less than 20km,27,33,-6
E01000005,20km to less than 30km,4,3,1
E01000005,2km to less than 5km,78,135,-57
E01000005,30km to less than 40km,0,6,-6
E01000005,40km to less than 60km,2,4,-2
E01000005,5km to less than 10km,45,57,-12
E01000005,60km and over,2,8,-6
E01000005,Less than 2km,95,152,-57
E01000005,"Works mainly at an offshore installation, in no fixed place, or outside the UK",47,43,4
E01000005,Works mainly from home,204,35,169
E01000006,10km to less than 20km,160,229,-69
E01000006,20km to less than 30km,42,29,13
E01000006,2km to less than 5km,89,86,3
E01000006,30km to less than 40km,10,10,0
E01000006,40km to less than 60km,5,8,-3
E01000006,5km to less than 10km,108,121,-13
E01000006,60km and over,12,18,-6
E01000006,Less than 2km,61,90,-29
E01000006,"Works mainly at an offshore installation, in no fixed place, or outside the UK",205,129,76
E01000006,Works mainly from home,191,61,130
E01000007,10km to less than 20km,330,157,173
E01000007,20km to less than 30km,55,32,23
E01000007,2km to less than 5km,114,77,37
E01000007,30km to less than 40km,14,9,5
E01000007,40km to less than 60km,24,12,12
E01000007,5km to less than 10km,201,112,89
E01000007,60km and over,9,18,-9
E01000007,Less than 2km,78,71,7
E01000007,"Works mainly at an offshore installation, in no fixed place, or outside the UK",184,91,93
E01000007,Works mainly from home,367,28,339
E01000008,10km to less than 20km,142,144,-2
E01000008,20km to less than 30km,22,28,-6
E01000008,2km to less than 5km,62,56,6
E01000008,30km to less than 40km,3,5,-2
E01000008,40km to less than 60km,3,8,-5
E01000008,5km to less than 10km,114,125,-11
E01000008,60km and over,9,9,0
E01000008,Less than 2km,48,61,-13
E01000008,"Works mainly at an offshore installation, in no fixed place, or outside the UK",165,81,84
E01000008,Works mainly from home,80,28,52
E01000009,10km to less than 20km,153,243,-90
E01000009,20km to less than 30km,39,41,-2
E01000009,2km to less than 5km,71,94,-23
E01000009,30km to less than 40km,15,15,0
E01000009,40km to less than 60km,8,11,-3
E01000009,5km to less than 10km,88,131,-43
E01000009,60km and over,11,9,2
E01000009,Less than 2km,57,69,-12
E01000009,"Works mainly at an offshore installation, in no fixed place, or outside the UK",184,110,74
E01000009,Works mainly from home,159,46,113
E01000011,10km to less than 20km,127,184,-57
E01000011,20km to less than 30km,23,30,-7
E01000011,2km to less than 5km,76,84,-8
E01000011,30km to less than 40km,9,6,3
E01000011,40km to less than 60km,4,11,-7
E01000011,5km to less than 10km,106,135,-29
E01000011,60km and over,7,9,-2
E01000011,Less than 2km,46,76,-30
E01000011,"Works mainly at an offshore installation, in no fixed place, or outside the UK",203,106,97
E01000011,Works mainly from home,137,50,87
E01000012,10km to less than 20km,154,240,-86
E01000012,20km to less than 30km,31,30,1
E01000012,2km to less than 5km,79,88,-9
E01000012,30km to less than 40km,5,10,-5
E01000012,40km to less than 60km,3,2,1
E01000012,5km to less than 10km,142,118,24
E01000012,60km and over,12,21,-9
E01000012,Less than 2km,68,78,-10
E01000012,"Works mainly at an offshore installation, in no fixed place, or outside the UK",230,133,97
E01000012,Works mainly from home,186,49,137
E01000013,10km to less than 20km,141,165,-24
E01000013,20km to less than 30km,57,72,-15
E01000013,2km to less than 5km,97,162,-65
E01000013,30km to less than 40km,11,12,-1
E01000013,40km to less than 60km,6,6,0
E01000013,5km to less than 10km,76,100,-24
E01000013,60km and over,8,17,-9
E01000013,Less than 2km,76,99,-23
E01000013,"Works mainly at an offshore installation, in no fixed place, or outside the UK",199,118,81
E01000013,Works mainly from home,126,49,77
E01000014,10km to less than 20km,135,136,-1
E01000014,20km to less than 30km,38,39,-1
E01000014,2km to less than 5km,105,97,8
E01000014,30km to less than 40km,8,9,-1
E01000014,40km to less than 60km,4,4,0
E01000014,5km to less than 10km,84,76,8
E01000014,60km and over,11,8,3
E01000014,Less than 2km,69,68,1
E01000014,"Works mainly at an offshore installation, in no fixed place, or outside the UK",195,97,98
E01000014,Works mainly from home,146,31,115
E01000015,10km to less than 20km,172,229,-57
E01000015,20km to less than 30km,73,85,-12
E01000015,2km to less than 5km,140,134,6
E01000015,30km to less than 40km,16,13,3
E01000015,40km to less than 60km,3,10,-7
E01000015,5km to less than 10km,106,130,-24
E01000015,60km and over,11,9,2
E01000015,Less than 2km,78,106,-28
E01000015,"Works mainly at an offshore installation, in no fixed place, or outside the UK",263,122,141
E01000015,Works mainly from home,202,47,155
E01000016,10km to less than 20km,157,156,1
E01000016,20km to less than 30km,52,51,1
E01000016,2km to less than 5km,137,130,7
E01000016,30km to less than 40km,8,11,-3
E01000016,40km to less than 60km,8,5,3
E01000016,5km to less than 10km,80,107,-27
E01000016,60km and over,7,7,0
E01000016,Less than 2km,68,87,-19
E01000016,"Works mainly at an offshore installation, in no fixed place, or outside the UK",190,84,106
E01000016,Works mainly from home,149,40,109
E01000017,10km to less than 20km,136,157,-21
E01000017,20km to less than 30km,44,56,-12
E01000017,2km to less than 5km,121,133,-12
E01000017,30km to less than 40km,9,10,-1
E01000017,40km to less than 60km,4,9,-5
E01000017,5km to less than 10km,60,70,-10
E01000017,60km and over,13,4,9
E01000017,Less than 2km,55,65,-10
E01000017,"Works mainly at an offshore installation, in no fixed place, or outside the UK",168,103,65
E01000017,Works mainly from home,136,35,101
E01000018,10km to less than 20km,167,146,21
E01000018,20km to less than 30km,66,58,8
E01000018,2km to less than 5km,115,120,-5
E01000018,30km to less than 40km,4,18,-14
E01000018,40km to less than 60km,3,8,-5
E01000018,5km to less than 10km,61,84,-23
E01000018,60km and over,7,16,-9
E01000018,Less than 2km,63,91,-28
E01000018,"Works mainly at an offshore installation, in no fixed place, or outside the UK",204,73,131
E01000018,Works mainly from home,142,30,112
E01000019,10km to less than 20km,75,145,-70
E01000019,20km to less than 30km,35,29,6
E01000019,2km to less than 5km,120,116,4
E01000019,30km to less than 40km,6,12,-6
E01000019,40km to less than 60km,4,4,0
E01000019,5km to less than 10km,87,65,22
E01000019,60km and over,8,2,6
E01000019,Less than 2km,54,65,-11
E01000019,"Works mainly at an offshore installation, in no fixed place, or outside the UK",171,68,103
E01000019,Works mainly from home,130,52,78
E01000020,10km to less than 20km,143,194,-51
E01000020,20km to less than 30km,43,29,14
E01000020,2km to less than 5km,167,152,15
E01000020,30km to less than 40km,8,12,-4
E01000020,40km to less than 60km,4,3,1
E01000020,5km to less than 10km,77,108,-31
E01000020,60km and over,10,12,-2
E01000020,Less than 2km,48,76,-28
E01000020,"Works mainly at an offshore installation, in no fixed place, or outside the UK",212,94,118
E01000020,Works mainly from home,182,32,150
E01000021,10km to less than 20km,100,141,-41
E01000021,20km to less than 30km,24,31,-7
E01000021,2km to less than 5km,110,141,-31
E01000021,30km to less than 40km,7,6,1
E01000021,40km to less than 60km,3,8,-5
E01000021,5km to less than 10km,83,86,-3
E01000021,60km and over,9,12,-3
E01000021,Less than 2km,53,50,3
E01000021,"Works mainly at an offshore installation, in no fixed place, or outside the UK",179,98,81
E01000021,Works mainly from home,116,41,75
E01000022,10km to less than 20km,86,132,-46
E01000022,20km to less than 30km,30,26,4
E01000022,2km to less than 5km,106,131,-25
E01000022,30km to less than 40km,7,4,3
E01000022,40km to less than 60km,3,3,0
E01000022,5km to less than 10km,63,66,-3
E01000022,60km and over,6,7,-1
E01000022,Less than 2km,52,53,-1
E01000022,"Works mainly at an offshore installation, in no fixed place, or outside the UK",148,84,64
E01000022,Works mainly from home,137,26,111
E01000024,10km to less than 20km,109,140,-31
E01000024,20km to less than 30km,22,26,-4
E01000024,2km to less than 5km,118,111,7
E01000024,30km to less than 40km,6,7,-1
E01000024,40km to less than 60km,4,8,-4
E01000024,5km to less than 10km,83,90,-7
E01000024,60km and over,5,10,-5
E01000024,Less than 2km,31,42,-11
E01000024,"Works mainly at an offshore installation, in no fixed place, or outside the UK",145,69,76
E01000024,Works mainly from home,106,31,75
E01000025,10km to less than 20km,156,171,-15
E01000025,20km to less than 30km,42,27,15
E01000025,2km to less than 5km,125,140,-15
E01000025,30km to less than 40km,5,8,-3
E01000025,40km to less than 60km,3,11,-8
E01000025,5km to less than 10km,105,118,-13
E01000025,60km and over,9,31,-22
E01000025,Less than 2km,42,50,-8
E01000025,"Works mainly at an offshore installation, in no fixed place, or outside the UK",175,77,98
E01000025,Works mainly from home,176,45,131
E01000027,10km to less than 20km,126,125,1
E01000027,20km to less than 30km,49,43,6
E01000027,2km to less than 5km,120,134,-14
E01000027,30km to less than 40km,9,8,1
E01000027,40km to less than 60km,6,8,-2
E01000027,5km to less than 10km,95,127,-32
E01000027,60km and over,3,9,-6
E01000027,Less than 2km,42,49,-7
E01000027,"Works mainly at an offshore installation, in no fixed place, or outside the UK",212,92,120
E01000027,Works mainly from home,142,39,103
E01000028,10km to less than 20km,94,124,-30
E01000028,20km to less than 30km,37,35,2
E01000028,2km to less than 5km,110,107,3
E01000028,30km to less than 40km,21,8,13
E01000028,40km to less than 60km,3,3,0
E01000028,5km to less than 10km,80,100,-20
E01000028,60km and over,8,11,-3
E01000028,Less than 2km,39,42,-3
E01000028,"Works mainly at an offshore installation, in no fixed place, or outside the UK",166,70,96
E01000028,Works mainly from home,126,35,91
E01000029,10km to less than 20km,110,174,-64
E01000029,20km to less than 30km,43,60,-17
E01000029,2km to less than 5km,104,104,0
E01000029,30km to less than 40km,10,9,1
E01000029,40km to less than 60km,8,4,4
E01000029,5km to less than 10km,92,96,-4
E01000029,60km and over,6,14,-8
E01000029,Less than 2km,44,52,-8
E01000029,"Works mainly at an offshore installation, in no fixed place, or outside the UK",166,86,80
E01000029,Works mainly from home,188,37,151
E01000030,10km to less than 20km,141,143,-2
E01000030,20km to less than 30km,65,45,20
E01000030,2km to less than 5km,141,115,26
E01000030,30km to less than 40km,26,10,16
E01000030,40km to less than 60km,5,5,0
E01000030,5km to less than 10km,125,134,-9
E01000030,60km and over,10,16,-6
E01000030,Less than 2km,38,47,-9
E01000030,"Works mainly at an offshore installation, in no fixed place, or outside the UK",208,104,104
E01000030,Works mainly from home,221,46,175
E01000031,10km to less than 20km,130,212,-82
E01000031,20km to less than 30km,60,73,-13
E01000031,2km to less than 5km,96,126,-30
E01000031,30km to less than 40km,6,9,-3
E01000031,40km to less than 60km,4,5,-1
E01000031,5km to less than 10km,66,100,-34
E01000031,60km and over,5,9,-4
E01000031,Less than 2km,35,53,-18
E01000031,"Works mainly at an offshore installation, in no fixed place, or outside the UK",144,92,52
E01000031,Works mainly from home,244,49,195
E01000032,10km to less than 20km,141,191,-50
E01000032,20km to less than 30km,32,44,-12
E01000032,2km to less than 5km,94,132,-38
E01000032,30km to less than 40km,11,14,-3
E01000032,40km to less than 60km,4,8,-4
E01000032,5km to less than 10km,114,92,22
E01000032,60km and over,15,16,-1
E01000032,Less than 2km,62,67,-5
E01000032,"Works mainly at an offshore installation, in no fixed place, or outside the UK",207,87,120
E01000032,Works mainly from home,198,67,131
E01000033,10km to less than 20km,106,115,-9
E01000033,20km to less than 30km,31,54,-23
E01000033,2km to less than 5km,100,106,-6
E01000033,30km to less than 40km,8,7,1
E01000033,40km to less than 60km,6,6,0
E01000033,5km to less than 10km,74,70,4
E01000033,60km and over,4,11,-7
E01000033,Less than 2km,48,54,-6
E01000033,"Works mainly at an offshore installation, in no fixed place, or outside the UK",125,67,58
E01000033,Works mainly from home,86,22,64
E01000034,10km to less than 20km,87,141,-54
E01000034,20km to less than 30km,39,51,-12
E01000034,2km to less than 5km,91,105,-14
E01000034,30km to less than 40km,11,7,4
E01000034,40km to less than 60km,4,3,1
E01000034,5km to less than 10km,57,60,-3
E01000034,60km and over,10,9,1
E01000034,Less than 2km,61,82,-21
E01000034,"Works mainly at an offshore installation, in no fixed place, or outside the UK",154,69,85
E01000034,Works mainly from home,140,32,108
E01000035,10km to less than 20km,148,163,-15
E01000035,20km to less than 30km,46,58,-12
E01000035,2km to less than 5km,105,103,2
E01000035,30km to less than 40km,8,16,-8
E01000035,40km to less than 60km,2,3,-1
E01000035,5km to less than 10km,86,94,-8
E01000035,60km and over,9,17,-8
E01000035,Less than 2km,50,58,-8
E01000035,"Works mainly at an offshore installation, in no fixed place, or outside the UK",207,100,107
E01000035,Works mainly from home,154,72,82
E01000036,10km to less than 20km,135,163,-28
E01000036,20km to less than 30km,62,68,-6
E01000036,2km to less than 5km,63,109,-46
E01000036,30km to less than 40km,11,7,4
E01000036,40km to less than 60km,5,7,-2
E01000036,5km to less than 10km,61,70,-9
E01000036,60km and over,6,13,-7
E01000036,Less than 2km,30,67,-37
E01000036,"Works mainly at an offshore installation, in no fixed place, or outside the UK",170,102,68
E01000036,Works mainly from home,145,37,108
E01000037,10km to less than 20km,115,229,-114
E01000037,20km to less than 30km,62,99,-37
E01000037,2km to less than 5km,99,118,-19
E01000037,30km to less than 40km,8,15,-7
E01000037,40km to less than 60km,3,3,0
E01000037,5km to less than 10km,76,100,-24
E01000037,60km and over,7,10,-3
E01000037,Less than 2km,95,156,-61
E01000037,"Works mainly at an offshore installation, in no fixed place, or outside the UK",164,98,66
E01000037,Works mainly from home,226,62,164
E01000038,10km to less than 20km,122,142,-20
E01000038,20km to less than 30km,44,51,-7
E01000038,2km to less than 5km,84,105,-21
E01000038,30km to less than 40km,9,10,-1
E01000038,40km to less than 60km,2,5,-3
E01000038,5km to less than 10km,68,90,-22
E01000038,60km and over,10,6,4
E01000038,Less than 2km,88,130,-42
E01000038,"Works mainly at an offshore installation, in no fixed place, or outside the UK",154,65,89
E01000038,Works mainly from home,198,46,152
E01000039,10km to less than 20km,114,190,-76
E01000039,20km to less than 30km,54,81,-27
E01000039,2km to less than 5km,80,141,-61
E01000039,30km to less than 40km,10,4,6
E01000039,40km to less than 60km,2,7,-5
E01000039,5km to less than 10km,70,72,-2
E01000039,60km and over,7,10,-3
E01000039,Less than 2km,74,114,-40
E01000039,"Works mainly at an offshore installation, in no fixed place, or outside the UK",192,88,104
E01000039,Works mainly from home,216,41,175
E01000040,10km to less than 20km,143,155,-12
E01000040,20km to less than 30km,37,23,14
E01000040,2km to less than 5km,93,108,-15
E01000040,30km to less than 40km,4,7,-3
E01000040,40km to less than 60km,4,6,-2
E01000040,5km to less than 10km,77,120,-43
E01000040,60km and over,1,12,-11
E01000040,Less than 2km,64,91,-27
E01000040,"Works mainly at an offshore installation, in no fixed place, or outside the UK",168,74,94
E01000040,Works mainly from home,151,41,110
E01000041,10km to less than 20km,147,166,-19
E01000041,20km to less than 30km,30,32,-2
E01000041,2km to less than 5km,117,150,-33
E01000041,30km to less than 40km,11,9,2
E01000041,40km to less than 60km,8,6,2
E01000041,5km to less than 10km,114,100,14
E01000041,60km and over,10,16,-6
E01000041,Less than 2km,50,63,-13
E01000041,"Works mainly at an offshore installation, in no fixed place, or outside the UK",206,107,99
E01000041,Works mainly from home,128,34,94
E01000042,10km to less than 20km,146,187,-41
E01000042,20km to less than 30km,12,30,-18
E01000042,2km to less than 5km,89,77,12
E01000042,30km to less than 40km,9,9,0
E01000042,40km to less than 60km,4,9,-5
E01000042,5km to less than 10km,110,87,23
E01000042,60km and over,7,14,-7
E01000042,Less than 2km,40,74,-34
E01000042,"Works mainly at an offshore installation, in no fixed place, or outside the UK",161,94,67
E01000042,Works mainly from home,128,29,99
E01000043,10km to less than 20km,136,143,-7
E01000043,20km to less than 30km,16,22,-6
E01000043,2km to less than 5km,85,76,9
E01000043,30km to less than 40km,11,10,1
E01000043,40km to less than 60km,2,3,-1
E01000043,5km to less than 10km,72,93,-21
E01000043,60km and over,7,7,0
E01000043,Less than 2km,62,61,1
E01000043,"Works mainly at an offshore installation, in no fixed place, or outside the UK",171,75,96
E01000043,Works mainly from home,140,29,111
E01000044,10km to less than 20km,171,202,-31
E01000044,20km to less than 30km,22,36,-14
E01000044,2km to less than 5km,102,103,-1
E01000044,30km to less than 40km,6,6,0
E01000044,40km to less than 60km,11,13,-2
E01000044,5km to less than 10km,105,126,-21
E01000044,60km and over,11,10,1
E01000044,Less than 2km,66,86,-20
E01000044,"Works mainly at an offshore installation, in no fixed place, or outside the UK",259,130,129
E01000044,Works mainly from home,146,57,89
E01000045,10km to less than 20km,121,174,-53
E01000045,20km to less than 30km,30,23,7
E01000045,2km to less than 5km,88,144,-56
E01000045,30km to less than 40km,8,15,-7
E01000045,40km to less than 60km,2,3,-1
E01000045,5km to less than 10km,104,107,-3
E01000045,60km and over,9,10,-1
E01000045,Less than 2km,32,52,-20
E01000045,"Works mainly at an offshore installation, in no fixed place, or outside the UK",195,92,103
E01000045,Works mainly from home,136,44,92
E01000046,10km to less than 20km,166,183,-17
E01000046,20km to less than 30km,47,27,20
E01000046,2km to less than 5km,119,161,-42
E01000046,30km to less than 40km,5,11,-6
E01000046,40km to less than 60km,5,6,-1
E01000046,5km to less than 10km,118,124,-6
E01000046,60km and over,18,10,8
E01000046,Less than 2km,51,55,-4
E01000046,"Works mainly at an offshore installation, in no fixed place, or outside the UK",195,109,86
E01000046,Works mainly from home,133,52,81
E01000049,10km to less than 20km,147,163,-16
E01000049,20km to less than 30km,23,26,-3
E01000049,2km to less than 5km,97,43,54
E01000049,30km to less than 40km,4,5,-1
E01000049,40km to less than 60km,6,6,0
E01000049,5km to less than 10km,106,109,-3
E01000049,60km and over,6,13,-7
E01000049,Less than 2km,73,74,-1
E01000049,"Works mainly at an offshore installation, in no fixed place, or outside the UK",147,78,69
E01000049,Works mainly from home,72,55,17
E01000050,10km to less than 20km,159,159,0
E01000050,20km to less than 30km,25,22,3
E01000050,2km to less than 5km,71,59,12
E01000050,30km to less than 40km,13,6,7
E01000050,40km to less than 60km,8,6,2
E01000050,5km to less than 10km,115,93,22
E01000050,60km and over,11,9,2
E01000050,Less than 2km,63,74,-11
E01000050,"Works mainly at an offshore installation, in no fixed place, or outside the UK",159,105,54
E01000050,Works mainly from home,188,37,151
E01000051,10km to less than 20km,132,157,-25
E01000051,20km to less than 30km,24,29,-5
E01000051,2km to less than 5km,41,65,-24
E01000051,30km to less than 40km,6,7,-1
E01000051,40km to less than 60km,3,5,-2
E01000051,5km to less than 10km,64,106,-42
E01000051,60km and over,3,11,-8
E01000051,Less than 2km,42,78,-36
E01000051,"Works mainly at an offshore installation, in no fixed place, or outside the UK",98,93,5
E01000051,Works mainly from home,164,30,134
E01000052,10km to less than 20km,204,255,-51
E01000052,20km to less than 30km,28,36,-8
E01000052,2km to less than 5km,93,117,-24
E01000052,30km to less than 40km,7,11,-4
E01000052,40km to less than 60km,9,7,2
E01000052,5km to less than 10km,113,124,-11
E01000052,60km and over,14,22,-8
E01000052,Less than 2km,81,111,-30
E01000052,"Works mainly at an offshore installation, in no fixed place, or outside the UK",227,120,107
E01000052,Works mainly from home,195,55,140
E01000053,10km to less than 20km,125,149,-24
E01000053,20km to less than 30km,38,55,-17
E01000053,2km to less than 5km,67,106,-39
E01000053,30km to less than 40km,9,11,-2
E01000053,40km to less than 60km,4,1,3
E01000053,5km to less than 10km,95,83,12
E01000053,60km and over,11,12,-1
E01000053,Less than 2km,48,66,-18
E01000053,"Works mainly at an offshore installation, in no fixed place, or outside the UK",186,90,96
E01000053,Works mainly from home,110,44,66
E01000054,10km to less than 20km,151,177,-26
E01000054,20km to less than 30km,31,44,-13
E01000054,2km to less than 5km,111,133,-22
E01000054,30km to less than 40km,14,6,8
E01000054,40km to less than 60km,6,7,-1
E01000054,5km to less than 10km,89,95,-6
E01000054,60km and over,5,20,-15
E01000054,Less than 2km,68,89,-21
E01000054,"Works mainly at an offshore installation, in no fixed place, or outside the UK",196,93,103
E01000054,Works mainly from home,143,30,113
E01000055,10km to less than 20km,142,187,-45
E01000055,20km to less than 30km,50,33,17
E01000055,2km to less than 5km,90,109,-19
E01000055,30km to less than 40km,10,11,-1
E01000055,40km to less than 60km,7,4,3
E01000055,5km to less than 10km,108,97,11
E01000055,60km and over,10,6,4
E01000055,Less than 2km,58,77,-19
E01000055,"Works mainly at an offshore installation, in no fixed place, or outside the UK",165,105,60
E01000055,Works mainly from home,112,35,77
E01000056,10km to less than 20km,119,156,-37
E01000056,20km to less than 30km,32,40,-8
E01000056,2km to less than 5km,92,94,-2
E01000056,30km to less than 40km,5,8,-3
E01000056,40km to less than 60km,5,2,3
E01000056,5km to less than 10km,100,96,4
E01000056,60km and over,7,13,-6
E01000056,Less than 2km,57,76,-19
E01000056,"Works mainly at an offshore installation, in no fixed place, or outside the UK",169,86,83
E01000056,Works mainly from home,116,38,78
E01000057,10km to less than 20km,105,171,-66
E01000057,20km to less than 30km,43,25,18
E01000057,2km to less than 5km,71,116,-45
E01000057,30km to less than 40km,14,8,6
E01000057,40km to less than 60km,10,5,5
E01000057,5km to less than 10km,87,85,2
E01000057,60km and over,13,10,3
E01000057,Less than 2km,51,59,-8
E01000057,"Works mainly at an offshore installation, in no fixed place, or outside the UK",149,85,64
E01000057,Works mainly from home,112,31,81
E01000058,10km to less than 20km,192,225,-33
E01000058,20km to less than 30km,45,58,-13
E01000058,2km to less than 5km,107,147,-40
E01000058,30km to less than 40km,11,12,-1
E01000058,40km to less than 60km,1,5,-4
E01000058,5km to less than 10km,104,93,11
E01000058,60km and over,25,9,16
E01000058,Less than 2km,65,82,-17
E01000058,"Works mainly at an offshore installation, in no fixed place, or outside the UK",239,125,114
E01000058,Works mainly from home,136,40,96
E01000059,10km to less than 20km,152,154,-2
E01000059,20km to less than 30km,44,36,8
E01000059,2km to less than 5km,88,102,-14
E01000059,30km to less than 40km,11,15,-4
E01000059,40km to less than 60km,4,4,0
E01000059,5km to less than 10km,103,108,-5
E01000059,60km and over,9,5,4
E01000059,Less than 2km,59,86,-27
E01000059,"Works mainly at an offshore installation, in no fixed place, or outside the UK",192,78,114
E01000059,Works mainly from home,121,33,88
E01000060,10km to less than 20km,148,149,-1
E01000060,20km to less than 30km,62,57,5
E01000060,2km to less than 5km,134,114,20
E01000060,30km to less than 40km,11,10,1
E01000060,40km to less than 60km,2,4,-2
E01000060,5km to less than 10km,63,108,-45
E01000060,60km and over,13,6,7
E01000060,Less than 2km,69,96,-27
E01000060,"Works mainly at an offshore installation, in no fixed place, or outside the UK",196,91,105
E01000060,Works mainly from home,173,50,123
E01000061,10km to less than 20km,110,104,6
E01000061,20km to less than 30km,50,41,9
E01000061,2km to less than 5km,140,151,-11
E01000061,30km to less than 40km,3,13,-10
E01000061,40km to less than 60km,5,3,2
E01000061,5km to less than 10km,89,92,-3
E01000061,60km and over,14,9,5
E01000061,Less than 2km,70,89,-19
E01000061,"Works mainly at an offshore installation, in no fixed place, or outside the UK",129,62,67
E01000061,Works mainly from home,151,27,124
E01000062,10km to less than 20km,171,178,-7
E01000062,20km to less than 30km,64,67,-3
E01000062,2km to less than 5km,152,147,5
E01000062,30km to less than 40km,14,14,0
E01000062,40km to less than 60km,4,6,-2
E01000062,5km to less than 10km,90,100,-10
E01000062,60km and over,7,15,-8
E01000062,Less than 2km,69,106,-37
E01000062,"Works mainly at an offshore installation, in no fixed place, or outside the UK",259,96,163
E01000062,Works mainly from home,194,41,153
E01000063,10km to less than 20km,127,158,-31
E01000063,20km to less than 30km,31,45,-14
E01000063,2km to less than 5km,133,146,-13
E01000063,30km to less than 40km,8,9,-1
E01000063,40km to less than 60km,3,4,-1
E01000063,5km to less than 10km,95,92,3
E01000063,60km and over,8,9,-1
E01000063,Less than 2km,62,77,-15
E01000063,"Works mainly at an offshore installation, in no fixed place, or outside the UK",186,83,103
E01000063,Works mainly from home,152,38,114
E01000064,10km to less than 20km,197,170,27
E01000064,20km to less than 30km,78,46,32
E01000064,2km to less than 5km,149,172,-23
E01000064,30km to less than 40km,13,12,1
E01000064,40km to less than 60km,12,4,8
E01000064,5km to less than 10km,91,106,-15
E01000064,60km and over,6,12,-6
E01000064,Less than 2km,53,71,-18
E01000064,"Works mainly at an offshore installation, in no fixed place, or outside the UK",235,121,114
E01000064,Works mainly from home,194,40,154
E01000065,10km to less than 20km,123,173,-50
E01000065,20km to less than 30km,41,43,-2
E01000065,2km to less than 5km,116,149,-33
E01000065,30km to less than 40km,10,17,-7
E01000065,40km to less than 60km,5,3,2
E01000065,5km to less than 10km,87,81,6
E01000065,60km and over,7,9,-2
E01000065,Less than 2km,61,72,-11
E01000065,"Works mainly at an offshore installation, in no fixed place, or outside the UK",201,86,115
E01000065,Works mainly from home,159,28,131
E01000066,10km to less than 20km,144,194,-50
E01000066,20km to less than 30km,33,30,3
E01000066,2km to less than 5km,121,167,-46
E01000066,30km to less than 40km,14,15,-1
E01000066,40km to less than 60km,4,3,1
E01000066,5km to less than 10km,122,138,-16
E01000066,60km and over,10,19,-9
E01000066,Less than 2km,64,69,-5
E01000066,"Works mainly at an offshore installation, in no fixed place, or outside the UK",224,114,110
E01000066,Works mainly from home,233,53,180
E01000067,10km to less than 20km,173,236,-63
E01000067,20km to less than 30km,20,26,-6
E01000067,2km to less than 5km,141,124,17
E01000067,30km to less than 40km,9,7,2
E01000067,40km to less than 60km,4,3,1
E01000067,5km to less than 10km,123,178,-55
E01000067,60km and over,13,12,1
E01000067,Less than 2km,56,54,2
E01000067,"Works mainly at an offshore installation, in no fixed place, or outside the UK",171,131,40
E01000067,Works mainly from home,226,53,173
E01000068,10km to less than 20km,155,205,-50
E01000068,20km to less than 30km,30,31,-1
E01000068,2km to less than 5km,85,104,-19
E01000068,30km to less than 40km,11,11,0
E01000068,40km to less than 60km,4,4,0
E01000068,5km to less than 10km,99,116,-17
E01000068,60km and over,12,39,-27
E01000068,Less than 2km,54,74,-20
E01000068,"Works mainly at an offshore installation, in no fixed place, or outside the UK",182,102,80
E01000068,Works mainly from home,217,53,164
E01000069,10km to less than 20km,172,282,-110
E01000069,20km to less than 30km,21,25,-4
E01000069,2km to less than 5km,137,157,-20
E01000069,30km to less than 40km,6,15,-9
E01000069,40km to less than 60km,6,5,1
E01000069,5km to less than 10km,116,155,-39
E01000069,60km and over,6,12,-6
E01000069,Less than 2km,60,112,-52
E01000069,"Works mainly at an offshore installation, in no fixed place, or outside the UK",183,120,63
E01000069,Works mainly from home,307,85,222
E01000070,10km to less than 20km,132,181,-49
E01000070,20km to less than 30km,17,21,-4
E01000070,2km to less than 5km,94,94,0
E01000070,30km to less than 40km,11,11,0
E01000070,40km to less than 60km,5,6,-1
E01000070,5km to less than 10km,103,125,-22
E01000070,60km and over,7,11,-4
E01000070,Less than 2km,61,65,-4
E01000070,"Works mainly at an offshore installation, in no fixed place, or outside the UK",179,108,71
E01000070,Works mainly from home,281,51,230
E01000071,10km to less than 20km,203,297,-94
E01000071,20km to less than 30km,38,40,-2
E01000071,2km to less than 5km,115,129,-14
E01000071,30km to less than 40km,9,12,-3
E01000071,40km to less than 60km,14,6,8
E01000071,5km to less than 10km,137,182,-45
E01000071,60km and over,5,17,-12
E01000071,Less than 2km,85,91,-6
E01000071,"Works mainly at an offshore installation, in no fixed place, or outside the UK",263,130,133
E01000071,Works mainly from home,339,69,270
E01000072,10km to less than 20km,151,192,-41
E01000072,20km to less than 30km,27,38,-11
E01000072,2km to less than 5km,147,152,-5
E01000072,30km to less than 40km,5,10,-5
E01000072,40km to less than 60km,9,2,7
E01000072,5km to less than 10km,102,131,-29
E01000072,60km and over,9,8,1
E01000072,Less than 2km,34,54,-20
E01000072,"Works mainly at an offshore installation, in no fixed place, or outside the UK",206,97,109
E01000072,Works mainly from home,167,41,126
E01000073,10km to less than 20km,154,168,-14
E01000073,20km to less than 30km,21,22,-1
E01000073,2km to less than 5km,101,137,-36
E01000073,30km to less than 40km,8,8,0
E01000073,40km to less than 60km,9,4,5
E01000073,5km to less than 10km,106,110,-4
E01000073,60km and over,12,9,3
E01000073,Less than 2km,39,48,-9
E01000073,"Works mainly at an offshore installation, in no fixed place, or outside the UK",196,96,100
E01000073,Works mainly from home,143,50,93
E01000074,10km to less than 20km,124,180,-56
E01000074,20km to less than 30km,31,29,2
E01000074,2km to less than 5km,131,142,-11
E01000074,30km to less than 40km,10,12,-2
E01000074,40km to less than 60km,5,3,2
E01000074,5km to less than 10km,98,113,-15
E01000074,60km and over,5,8,-3
E01000074,Less than 2km,38,38,0
E01000074,"Works mainly at an offshore installation, in no fixed place, or outside the UK",167,84,83
E01000074,Works mainly from home,150,32,118
E01000075,10km to less than 20km,180,182,-2
E01000075,20km to less than 30km,45,31,14
E01000075,2km to less than 5km,118,156,-38
E01000075,30km to less than 40km,0,11,-11
E01000075,40km to less than 60km,4,3,1
E01000075,5km to less than 10km,139,93,46
E01000075,60km and over,10,11,-1
E01000075,Less than 2km,61,66,-5
E01000075,"Works mainly at an offshore installation, in no fixed place, or outside the UK",228,81,147
E01000075,Works mainly from home,171,44,127
E01000076,10km to less than 20km,158,174,-16
E01000076,20km to less than 30km,33,38,-5
E01000076,2km to less than 5km,130,179,-49
E01000076,30km to less than 40km,13,10,3
E01000076,40km to less than 60km,8,5,3
E01000076,5km to less than 10km,110,126,-16
E01000076,60km and over,10,14,-4
E01000076,Less than 2km,42,61,-19
E01000076,"Works mainly at an offshore installation, in no fixed place, or outside the UK",223,104,119
E01000076,Works mainly from home,124,29,95
E01000077,10km to less than 20km,134,146,-12
E01000077,20km to less than 30km,27,31,-4
E01000077,2km to less than 5km,103,138,-35
E01000077,30km to less than 40km,5,8,-3
E01000077,40km to less than 60km,6,3,3
E01000077,5km to less than 10km,97,96,1
E01000077,60km and over,11,14,-3
E01000077,Less than 2km,29,47,-18
E01000077,"Works mainly at an offshore installation, in no fixed place, or outside the UK",169,96,73
E01000077,Works mainly from home,129,29,100
E01000078,10km to less than 20km,142,154,-12
E01000078,20km to less than 30km,40,29,11
E01000078,2km to less than 5km,122,140,-18
E01000078,30km to less than 40km,7,10,-3
E01000078,40km to less than 60km,8,8,0
E01000078,5km to less than 10km,80,69,11
E01000078,60km and over,10,6,4
E01000078,Less than 2km,71,71,0
E01000078,"Works mainly at an offshore installation, in no fixed place, or outside the UK",174,81,93
E01000078,Works mainly from home,128,43,85
E01000079,10km to less than 20km,136,151,-15
E01000079,20km to less than 30km,27,28,-1
E01000079,2km to less than 5km,96,132,-36
E01000079,30km to less than 40km,10,9,1
E01000079,40km to less than 60km,2,2,0
E01000079,5km to less than 10km,67,73,-6
E01000079,60km and over,3,9,-6
E01000079,Less than 2km,64,67,-3
E01000079,"Works mainly at an offshore installation, in no fixed place, or outside the UK",178,81,97
E01000079,Works mainly from home,143,23,120
E01000080,10km to less than 20km,152,159,-7
E01000080,20km to less than 30km,37,34,3
E01000080,2km to less than 5km,124,141,-17
E01000080,30km to less than 40km,7,8,-1
E01000080,40km to less than 60km,5,4,1
E01000080,5km to less than 10km,77,63,14
E01000080,60km and over,6,11,-5
E01000080,Less than 2km,58,74,-16
E01000080,"Works mainly at an offshore installation, in no fixed place, or outside the UK",199,89,110
E01000080,Works mainly from home,159,29,130
E01000081,10km to less than 20km,175,150,25
E01000081,20km to less than 30km,46,44,2
E01000081,2km to less than 5km,126,150,-24
E01000081,30km to less than 40km,6,11,-5
E01000081,40km to less than 60km,8,4,4
E01000081,5km to less than 10km,99,97,2
E01000081,60km and over,9,8,1
E01000081,Less than 2km,72,96,-24
E01000081,"Works mainly at an offshore installation, in no fixed place, or outside the UK",197,105,92
E01000081,Works mainly from home,149,36,113
E01000082,10km to less than 20km,145,148,-3
E01000082,20km to less than 30km,43,52,-9
E01000082,2km to less than 5km,146,161,-15
E01000082,30km to less than 40km,9,10,-1
E01000082,40km to less than 60km,6,6,0
E01000082,5km to less than 10km,89,97,-8
E01000082,60km and over,9,8,1
E01000082,Less than 2km,55,78,-23
E01000082,"Works mainly at an offshore installation, in no fixed place, or outside the UK",216,81,135
E01000082,Works mainly from home,138,29,109
E01000083,10km to less than 20km,120,179,-59
E01000083,20km to less than 30km,34,34,0
E01000083,2km to less than 5km,125,156,-31
E01000083,30km to less than 40km,14,10,4
E01000083,40km to less than 60km,4,7,-3
E01000083,5km to less than 10km,79,87,-8
E01000083,60km and over,5,7,-2
E01000083,Less than 2km,83,61,22
E01000083,"Works mainly at an offshore installation, in no fixed place, or outside the UK",175,84,91
E01000083,Works mainly from home,138,46,92
E01000084,10km to less than 20km,108,125,-17
E01000084,20km to less than 30km,52,45,7
E01000084,2km to less than 5km,82,115,-33
E01000084,30km to less than 40km,7,8,-1
E01000084,40km to less than 60km,4,3,1
E01000084,5km to less than 10km,67,68,-1
E01000084,60km and over,10,10,0
E01000084,Less than 2km,53,87,-34
E01000084,"Works mainly at an offshore installation, in no fixed place, or outside the UK",160,70,90
E01000084,Works mainly from home,87,30,57
E01000085,10km to less than 20km,156,149,7
E01000085,20km to less than 30km,42,51,-9
E01000085,2km to less than 5km,101,97,4
E01000085,30km to less than 40km,7,10,-3
E01000085,40km to less than 60km,5,6,-1
E01000085,5km to less than 10km,72,103,-31
E01000085,60km and over,12,7,5
E01000085,Less than 2km,85,65,20
E01000085,"Works mainly at an offshore installation, in no fixed place, or outside the UK",164,94,70
E01000085,Works mainly from home,89,48,41
E01000086,10km to less than 20km,123,150,-27
E01000086,20km to less than 30km,50,51,-1
E01000086,2km to less than 5km,84,101,-17
E01000086,30km to less than 40km,4,8,-4
E01000086,40km to less than 60km,3,4,-1
E01000086,5km to less than 10km,59,99,-40
E01000086,60km and over,4,7,-3
E01000086,Less than 2km,54,91,-37
E01000086,"Works mainly at an offshore installation, in no fixed place, or outside the UK",160,59,101
E01000086,Works mainly from home,96,32,64
E01000087,10km to less than 20km,107,139,-32
E01000087,20km to less than 30km,52,32,20
E01000087,2km to less than 5km,64,82,-18
E01000087,30km to less than 40km,8,7,1
E01000087,40km to less than 60km,8,6,2
E01000087,5km to less than 10km,92,102,-10
E01000087,60km and over,15,6,9
E01000087,Less than 2km,53,73,-20
E01000087,"Works mainly at an offshore installation, in no fixed place, or outside the UK",166,73,93
E01000087,Works mainly from home,130,39,91
E01000088,10km to less than 20km,147,225,-78
E01000088,20km to less than 30km,79,78,1
E01000088,2km to less than 5km,85,84,1
E01000088,30km to less than 40km,12,10,2
E01000088,40km to less than 60km,2,7,-5
E01000088,5km to less than 10km,102,118,-16
E01000088,60km and over,9,17,-8
E01000088,Less than 2km,52,74,-22
E01000088,"Works mainly at an offshore installation, in no fixed place, or outside the UK",176,90,86
E01000088,Works mainly from home,142,50,92
E01000089,10km to less than 20km,140,190,-50
E01000089,20km to less than 30km,48,62,-14
E01000089,2km to less than 5km,65,85,-20
E01000089,30km to less than 40km,9,7,2
E01000089,40km to less than 60km,5,5,0
E01000089,5km to less than 10km,122,145,-23
E01000089,60km and over,8,5,3
E01000089,Less than 2km,73,90,-17
E01000089,"Works mainly at an offshore installation, in no fixed place, or outside the UK",176,82,94
E01000089,Works mainly from home,134,51,83
E01000090,10km to less than 20km,130,166,-36
E01000090,20km to less than 30km,47,50,-3
E01000090,2km to less than 5km,59,73,-14
E01000090,30km to less than 40km,11,13,-2
E01000090,40km to less than 60km,5,8,-3
E01000090,5km to less than 10km,117,114,3
E01000090,60km and over,11,9,2
E01000090,Less than 2km,60,71,-11
E01000090,"Works mainly at an offshore installation, in no fixed place, or outside the UK",167,110,57
E01000090,Works mainly from home,128,50,78
E01000091,10km to less than 20km,175,163,12
E01000091,20km to less than 30km,29,30,-1
E01000091,2km to less than 5km,128,98,30
E01000091,30km to less than 40km,4,12,-8
E01000091,40km to less than 60km,3,7,-4
E01000091,5km to less than 10km,115,84,31
E01000091,60km and over,17,11,6
E01000091,Less than 2km,51,57,-6
E01000091,"Works mainly at an offshore installation, in no fixed place, or outside the UK",147,91,56
E01000091,Works mainly from home,129,32,97
E01000093,10km to less than 20km,135,124,11
E01000093,20km to less than 30km,20,18,2
E01000093,2km to less than 5km,78,97,-19
E01000093,30km to less than 40km,9,14,-5
E01000093,40km to less than 60km,5,2,3
E01000093,5km to less than 10km,88,113,-25
E01000093,60km and over,8,8,0
E01000093,Less than 2km,67,65,2
E01000093,"Works mainly at an offshore installation, in no fixed place, or outside the UK",168,82,86
E01000093,Works mainly from home,120,53,67
E01000094,10km to less than 20km,261,215,46
E01000094,20km to less than 30km,47,45,2
E01000094,2km to less than 5km,110,81,29
E01000094,30km to less than 40km,19,8,11
E01000094,40km to less than 60km,9,5,4
E01000094,5km to less than 10km,170,102,68
E01000094,60km and over,12,12,0
E01000094,Less than 2km,52,34,18
E01000094,"Works mainly at an offshore installation, in no fixed place, or outside the UK",197,76,121
E01000094,Works mainly from home,247,48,199
E01000095,10km to less than 20km,188,212,-24
E01000095,20km to less than 30km,38,45,-7
E01000095,2km to less than 5km,72,107,-35
E01000095,30km to less than 40km,14,10,4
E01000095,40km to less than 60km,4,4,0
E01000095,5km to less than 10km,115,102,13
E01000095,60km and over,8,8,0
E01000095,Less than 2km,68,49,19
E01000095,"Works mainly at an offshore installation, in no fixed place, or outside the UK",201,97,104
E01000095,Works mainly from home,251,37,214
E01000096,10km to less than 20km,113,146,-33
E01000096,20km to less than 30km,25,37,-12
E01000096,2km to less than 5km,84,153,-69
E01000096,30km to less than 40km,6,5,1
E01000096,40km to less than 60km,6,4,2
E01000096,5km to less than 10km,94,94,0
E01000096,60km and over,11,15,-4
E01000096,Less than 2km,41,36,5
E01000096,"Works mainly at an offshore installation, in no fixed place, or outside the UK",120,84,36
E01000096,Works mainly from home,105,45,60
E01000097,10km to less than 20km,120,157,-37
E01000097,20km to less than 30km,33,33,0
E01000097,2km to less than 5km,130,142,-12
E01000097,30km to less than 40km,5,13,-8
E01000097,40km to less than 60km,3,5,-2
E01000097,5km to less than 10km,73,69,4
E01000097,60km and over,9,14,-5
E01000097,Less than 2km,59,65,-6
E01000097,"Works mainly at an offshore installation, in no fixed place, or outside the UK",203,99,104
E01000097,Works mainly from home,159,45,114
E01000098,10km to less than 20km,118,177,-59
E01000098,20km to less than 30km,32,30,2
E01000098,2km to less than 5km,126,154,-28
E01000098,30km to less than 40km,11,10,1
E01000098,40km to less than 60km,2,2,0
E01000098,5km to less than 10km,88,77,11
E01000098,60km and over,12,11,1
E01000098,Less than 2km,74,86,-12
E01000098,"Works mainly at an offshore installation, in no fixed place, or outside the UK",190,91,99
E01000098,Works mainly from home,134,41,93
E01000099,10km to less than 20km,207,191,16
E01000099,20km to less than 30km,75,33,42
E01000099,2km to less than 5km,195,152,43
E01000099,30km to less than 40km,9,18,-9
E01000099,40km to less than 60km,7,5,2
E01000099,5km to less than 10km,158,95,63
E01000099,60km and over,19,9,10
E01000099,Less than 2km,83,100,-17
E01000099,"Works mainly at an offshore installation, in no fixed place, or outside the UK",260,88,172
E01000099,Works mainly from home,287,35,252
E01000100,10km to less than 20km,112,154,-42
E01000100,20km to less than 30km,41,43,-2
E01000100,2km to less than 5km,122,131,-9
E01000100,30km to less than 40km,9,6,3
E01000100,40km to less than 60km,3,6,-3
E01000100,5km to less than 10km,86,87,-1
E01000100,60km and over,10,14,-4
E01000100,Less than 2km,77,70,7
E01000100,"Works mainly at an offshore installation, in no fixed place, or outside the UK",193,91,102
E01000100,Works mainly from home,156,38,118
E01000101,10km to less than 20km,127,149,-22
E01000101,20km to less than 30km,36,35,1
E01000101,2km to less than 5km,122,113,9
E01000101,30km to less than 40km,9,13,-4
E01000101,40km to less than 60km,0,4,-4
E01000101,5km to less than 10km,76,120,-44
E01000101,60km and over,9,5,4
E01000101,Less than 2km,65,97,-32
E01000101,"Works mainly at an offshore installation, in no fixed place, or outside the UK",179,67,112
E01000101,Works mainly from home,115,43,72
E01000102,10km to less than 20km,114,165,-51
E01000102,20km to less than 30km,31,34,-3
E01000102,2km to less than 5km,136,143,-7
E01000102,30km to less than 40km,9,8,1
E01000102,40km to less than 60km,5,8,-3
E01000102,5km to less than 10km,76,56,20
E01000102,60km and over,11,11,0
E01000102,Less than 2km,57,63,-6
E01000102,"Works mainly at an offshore installation, in no fixed place, or outside the UK",186,90,96
E01000102,Works mainly from home,128,38,90
E01000103,10km to less than 20km,143,151,-8
E01000103,20km to less than 30km,57,78,-21
E01000103,2km to less than 5km,81,114,-33
E01000103,30km to less than 40km,17,13,4
E01000103,40km to less than 60km,3,2,1
E01000103,5km to less than 10km,96,99,-3
E01000103,60km and over,9,15,-6
E01000103,Less than 2km,42,62,-20
E01000103,"Works mainly at an offshore installation, in no fixed place, or outside the UK",197,100,97
E01000103,Works mainly from home,161,36,125
E01000104,10km to less than 20km,128,142,-14
E01000104,20km to less than 30km,64,65,-1
E01000104,2km to less than 5km,100,128,-28
E01000104,30km to less than 40km,14,11,3
E01000104,40km to less than 60km,8,4,4
E01000104,5km to less than 10km,92,97,-5
E01000104,60km and over,10,12,-2
E01000104,Less than 2km,40,74,-34
E01000104,"Works mainly at an offshore installation, in no fixed place, or outside the UK",192,103,89
E01000104,Works mainly from home,175,42,133
E01000105,10km to less than 20km,191,184,7
E01000105,20km to less than 30km,70,65,5
E01000105,2km to less than 5km,134,144,-10
E01000105,30km to less than 40km,9,14,-5
E01000105,40km to less than 60km,5,7,-2
E01000105,5km to less than 10km,107,112,-5
E01000105,60km and over,6,15,-9
E01000105,Less than 2km,72,100,-28
E01000105,"Works mainly at an offshore installation, in no fixed place, or outside the UK",233,107,126
E01000105,Works mainly from home,190,36,154
E01000106,10km to less than 20km,169,213,-44
E01000106,20km to less than 30km,52,65,-13
E01000106,2km to less than 5km,110,118,-8
E01000106,30km to less than 40km,9,13,-4
E01000106,40km to less than 60km,9,7,2
E01000106,5km to less than 10km,94,100,-6
E01000106,60km and over,9,15,-6
E01000106,Less than 2km,64,82,-18
E01000106,"Works mainly at an offshore installation, in no fixed place, or outside the UK",219,94,125
E01000106,Works mainly from home,133,44,89
E01000107,10km to less than 20km,105,146,-41
E01000107,20km to less than 30km,69,83,-14
E01000107,2km to less than 5km,86,125,-39
E01000107,30km to less than 40km,11,13,-2
E01000107,40km to less than 60km,5,1,4
E01000107,5km to less than 10km,83,110,-27
E01000107,60km and over,4,17,-13
E01000107,Less than 2km,34,59,-25
E01000107,"Works mainly at an offshore installation, in no fixed place, or outside the UK",184,99,85
E01000107,Works mainly from home,156,40,116
E01000108,10km to less than 20km,149,185,-36
E01000108,20km to less than 30km,70,81,-11
E01000108,2km to less than 5km,91,128,-37
E01000108,30km to less than 40km,13,15,-2
E01000108,40km to less than 60km,5,10,-5
E01000108,5km to less than 10km,106,109,-3
E01000108,60km and over,7,8,-1
E01000108,Less than 2km,38,88,-50
E01000108,"Works mainly at an offshore installation, in no fixed place, or outside the UK",211,82,129
E01000108,Works mainly from home,166,40,126
E01000110,10km to less than 20km,118,187,-69
E01000110,20km to less than 30km,42,68,-26
E01000110,2km to less than 5km,88,116,-28
E01000110,30km to less than 40km,12,12,0
E01000110,40km to less than 60km,2,1,1
E01000110,5km to less than 10km,72,97,-25
E01000110,60km and over,8,7,1
E01000110,Less than 2km,48,57,-9
E01000110,"Works mainly at an offshore installation, in no fixed place, or outside the UK",152,74,78
E01000110,Works mainly from home,197,52,145
E01000111,10km to less than 20km,144,193,-49
E01000111,20km to less than 30km,71,56,15
E01000111,2km to less than 5km,123,112,11
E01000111,30km to less than 40km,12,13,-1
E01000111,40km to less than 60km,3,14,-11
E01000111,5km to less than 10km,103,121,-18
E01000111,60km and over,7,12,-5
E01000111,Less than 2km,33,89,-56
E01000111,"Works mainly at an offshore installation, in no fixed place, or outside the UK",265,97,168
E01000111,Works mainly from home,202,50,152
E01000112,10km to less than 20km,156,241,-85
E01000112,20km to less than 30km,55,90,-35
E01000112,2km to less than 5km,105,125,-20
E01000112,30km to less than 40km,11,15,-4
E01000112,40km to less than 60km,1,5,-4
E01000112,5km to less than 10km,93,130,-37
E01000112,60km and over,5,16,-11
E01000112,Less than 2km,66,85,-19
E01000112,"Works mainly at an offshore installation, in no fixed place, or outside the UK",189,116,73
E01000112,Works mainly from home,237,53,184
E01000113,10km to less than 20km,170,250,-80
E01000113,20km to less than 30km,47,75,-28
E01000113,2km to less than 5km,99,121,-22
E01000113,30km to less than 40km,10,10,0
E01000113,40km to less than 60km,2,6,-4
E01000113,5km to less than 10km,93,107,-14
E01000113,60km and over,2,12,-10
E01000113,Less than 2km,66,88,-22
E01000113,"Works mainly at an offshore installation, in no fixed place, or outside the UK",196,61,135
E01000113,Works mainly from home,259,40,219
E01000114,10km to less than 20km,180,208,-28
E01000114,20km to less than 30km,58,86,-28
E01000114,2km to less than 5km,133,149,-16
E01000114,30km to less than 40km,12,13,-1
E01000114,40km to less than 60km,7,7,0
E01000114,5km to less than 10km,117,142,-25
E01000114,60km and over,11,17,-6
E01000114,Less than 2km,79,98,-19
E01000114,"Works mainly at an offshore installation, in no fixed place, or outside the UK",210,117,93
E01000114,Works mainly from home,235,58,177
E01000115,10km to less than 20km,87,230,-143
E01000115,20km to less than 30km,6,14,-8
E01000115,2km to less than 5km,63,97,-34
E01000115,30km to less than 40km,6,11,-5
E01000115,40km to less than 60km,2,2,0
E01000115,5km to less than 10km,85,118,-33
E01000115,60km and over,4,8,-4
E01000115,Less than 2km,43,68,-25
E01000115,"Works mainly at an offshore installation, in no fixed place, or outside the UK",72,73,-1
E01000115,Works mainly from home,305,83,222
E01000116,10km to less than 20km,93,270,-177
E01000116,20km to less than 30km,8,14,-6
E01000116,2km to less than 5km,91,107,-16
E01000116,30km to less than 40km,2,4,-2
E01000116,40km to less than 60km,2,3,-1
E01000116,5km to less than 10km,97,143,-46
E01000116,60km and over,4,14,-10
E01000116,Less than 2km,69,97,-28
E01000116,"Works mainly at an offshore installation, in no fixed place, or outside the UK",120,108,12
E01000116,Works mainly from home,343,106,237
E01000117,10km to less than 20km,104,260,-156
E01000117,20km to less than 30km,5,26,-21
E01000117,2km to less than 5km,81,129,-48
E01000117,30km to less than 40km,3,13,-10
E01000117,40km to less than 60km,4,4,0
E01000117,5km to less than 10km,81,140,-59
E01000117,60km and over,2,3,-1
E01000117,Less than 2km,56,76,-20
E01000117,"Works mainly at an offshore installation, in no fixed place, or outside the UK",134,104,30
E01000117,Works mainly from home,347,124,223
E01000118,10km to less than 20km,118,297,-179
E01000118,20km to less than 30km,17,20,-3
E01000118,2km to less than 5km,102,140,-38
E01000118,30km to less than 40km,4,11,-7
E01000118,40km to less than 60km,2,7,-5
E01000118,5km to less than 10km,114,181,-67
E01000118,60km and over,5,4,1
E01000118,Less than 2km,76,98,-22
E01000118,"Works mainly at an offshore installation, in no fixed place, or outside the UK",169,101,68
E01000118,Works mainly from home,389,100,289
E01000119,10km to less than 20km,115,284,-169
E01000119,20km to less than 30km,8,16,-8
E01000119,2km to less than 5km,72,95,-23
E01000119,30km to less than 40km,3,8,-5
E01000119,40km to less than 60km,2,5,-3
E01000119,5km to less than 10km,92,147,-55
E01000119,60km and over,5,13,-8
E01000119,Less than 2km,38,66,-28
E01000119,"Works mainly at an offshore installation, in no fixed place, or outside the UK",111,87,24
E01000119,Works mainly from home,393,73,320
E01000120,10km to less than 20km,95,222,-127
E01000120,20km to less than 30km,14,13,1
E01000120,2km to less than 5km,80,108,-28
E01000120,30km to less than 40km,0,11,-11
E01000120,40km to less than 60km,0,5,-5
E01000120,5km to less than 10km,72,133,-61
E01000120,60km and over,4,10,-6
E01000120,Less than 2km,34,63,-29
E01000120,"Works mainly at an offshore installation, in no fixed place, or outside the UK",83,56,27
E01000120,Works mainly from home,326,74,252
E01000121,10km to less than 20km,85,161,-76
E01000121,20km to less than 30km,5,12,-7
E01000121,2km to less than 5km,70,103,-33
E01000121,30km to less than 40km,1,3,-2
E01000121,40km to less than 60km,2,4,-2
E01000121,5km to less than 10km,81,97,-16
E01000121,60km and over,1,5,-4
E01000121,Less than 2km,51,50,1
E01000121,"Works mainly at an offshore installation, in no fixed place, or outside the UK",108,61,47
E01000121,Works mainly from home,227,47,180
E01000122,10km to less than 20km,85,278,-193
E01000122,20km to less than 30km,9,14,-5
E01000122,2km to less than 5km,76,80,-4
E01000122,30km to less than 40km,5,4,1
E01000122,40km to less than 60km,3,6,-3
E01000122,5km to less than 10km,92,149,-57
E01000122,60km and over,4,5,-1
E01000122,Less than 2km,32,55,-23
E01000122,"Works mainly at an offshore installation, in no fixed place, or outside the UK",120,77,43
E01000122,Works mainly from home,312,78,234
E01000123,10km to less than 20km,131,296,-165
E01000123,20km to less than 30km,9,22,-13
E01000123,2km to less than 5km,85,130,-45
E01000123,30km to less than 40km,3,6,-3
E01000123,40km to less than 60km,1,3,-2
E01000123,5km to less than 10km,94,155,-61
E01000123,60km and over,8,10,-2
E01000123,Less than 2km,53,81,-28
E01000123,"Works mainly at an offshore installation, in no fixed place, or outside the UK",175,111,64
E01000123,Works mainly from home,412,86,326
E01000124,10km to less than 20km,120,260,-140
E01000124,20km to less than 30km,9,18,-9
E01000124,2km to less than 5km,78,96,-18
E01000124,30km to less than 40km,3,6,-3
E01000124,40km to less than 60km,3,8,-5
E01000124,5km to less than 10km,116,142,-26
E01000124,60km and over,7,5,2
E01000124,Less than 2km,46,75,-29
E01000124,"Works mainly at an offshore installation, in no fixed place, or outside the UK",182,114,68
E01000124,Works mainly from home,307,61,246
E01000126,10km to less than 20km,170,260,-90
E01000126,20km to less than 30km,10,21,-11
E01000126,2km to less than 5km,85,116,-31
E01000126,30km to less than 40km,4,7,-3
E01000126,40km to less than 60km,2,3,-1
E01000126,5km to less than 10km,161,199,-38
E01000126,60km and over,17,12,5
E01000126,Less than 2km,84,102,-18
E01000126,"Works mainly at an offshore installation, in no fixed place, or outside the UK",185,92,93
E01000126,Works mainly from home,299,63,236
E01000127,10km to less than 20km,101,189,-88
E01000127,20km to less than 30km,11,26,-15
E01000127,2km to less than 5km,68,70,-2
E01000127,30km to less than 40km,4,6,-2
E01000127,40km to less than 60km,4,4,0
E01000127,5km to less than 10km,98,91,7
E01000127,60km and over,4,5,-1
E01000127,Less than 2km,83,89,-6
E01000127,"Works mainly at an offshore installation, in no fixed place, or outside the UK",165,130,35
E01000127,Works mainly from home,153,57,96
E01000128,10km to less than 20km,123,181,-58
E01000128,20km to less than 30km,15,19,-4
E01000128,2km to less than 5km,80,95,-15
E01000128,30km to less than 40km,4,2,2
E01000128,40km to less than 60km,3,3,0
E01000128,5km to less than 10km,118,181,-63
E01000128,60km and over,6,11,-5
E01000128,Less than 2km,99,121,-22
E01000128,"Works mainly at an offshore installation, in no fixed place, or outside the UK",238,130,108
E01000128,Works mainly from home,223,67,156
E01000129,10km to less than 20km,123,182,-59
E01000129,20km to less than 30km,15,22,-7
E01000129,2km to less than 5km,71,93,-22
E01000129,30km to less than 40km,10,6,4
E01000129,40km to less than 60km,4,3,1
E01000129,5km to less than 10km,118,137,-19
E01000129,60km and over,10,4,6
E01000129,Less than 2km,77,75,2
E01000129,"Works mainly at an offshore installation, in no fixed place, or outside the UK",165,133,32
E01000129,Works mainly from home,130,68,62
E01000130,10km to less than 20km,150,196,-46
E01000130,20km to less than 30km,15,21,-6
E01000130,2km to less than 5km,88,91,-3
E01000130,30km to less than 40km,2,7,-5
E01000130,40km to less than 60km,4,2,2
E01000130,5km to less than 10km,151,148,3
E01000130,60km and over,7,8,-1
E01000130,Less than 2km,89,84,5
E01000130,"Works mainly at an offshore installation, in no fixed place, or outside the UK",207,101,106
E01000130,Works mainly from home,205,66,139
E01000131,10km to less than 20km,165,259,-94
E01000131,20km to less than 30km,11,14,-3
E01000131,2km to less than 5km,95,106,-11
E01000131,30km to less than 40km,6,9,-3
E01000131,40km to less than 60km,2,5,-3
E01000131,5km to less than 10km,131,152,-21
E01000131,60km and over,8,9,-1
E01000131,Less than 2km,52,75,-23
E01000131,"Works mainly at an offshore installation, in no fixed place, or outside the UK",221,139,82
E01000131,Works mainly from home,276,68,208
E01000132,10km to less than 20km,127,161,-34
E01000132,20km to less than 30km,10,20,-10
E01000132,2km to less than 5km,84,90,-6
E01000132,30km to less than 40km,2,4,-2
E01000132,40km to less than 60km,13,5,8
E01000132,5km to less than 10km,106,102,4
E01000132,60km and over,9,6,3
E01000132,Less than 2km,66,102,-36
E01000132,"Works mainly at an offshore installation, in no fixed place, or outside the UK",168,106,62
E01000132,Works mainly from home,151,35,116
E01000133,10km to less than 20km,97,168,-71
E01000133,20km to less than 30km,15,21,-6
E01000133,2km to less than 5km,81,101,-20
E01000133,30km to less than 40km,4,6,-2
E01000133,40km to less than 60km,2,3,-1
E01000133,5km to less than 10km,120,126,-6
E01000133,60km and over,9,8,1
E01000133,Less than 2km,77,69,8
E01000133,"Works mainly at an offshore installation, in no fixed place, or outside the UK",164,100,64
E01000133,Works mainly from home,169,46,123
E01000134,10km to less than 20km,147,207,-60
E01000134,20km to less than 30km,9,24,-15
E01000134,2km to less than 5km,71,76,-5
E01000134,30km to less than 40km,2,8,-6
E01000134,40km to less than 60km,5,7,-2
E01000134,5km to less than 10km,111,158,-47
E01000134,60km and over,7,7,0
E01000134,Less than 2km,87,92,-5
E01000134,"Works mainly at an offshore installation, in no fixed place, or outside the UK",177,118,59
E01000134,Works mainly from home,185,47,138
E01000135,10km to less than 20km,62,80,-18
E01000135,20km to less than 30km,2,10,-8
E01000135,2km to less than 5km,57,88,-31
E01000135,30km to less than 40km,0,2,-2
E01000135,40km to less than 60km,5,3,2
E01000135,5km to less than 10km,99,262,-163
E01000135,60km and over,2,6,-4
E01000135,Less than 2km,48,66,-18
E01000135,"Works mainly at an offshore installation, in no fixed place, or outside the UK",79,69,10
E01000135,Works mainly from home,425,127,298
E01000136,10km to less than 20km,14,61,-47
E01000136,20km to less than 30km,7,7,0
E01000136,2km to less than 5km,36,69,-33
E01000136,30km to less than 40km,0,3,-3
E01000136,40km to less than 60km,2,4,-2
E01000136,5km to less than 10km,105,304,-199
E01000136,60km and over,2,10,-8
E01000136,Less than 2km,19,37,-18
E01000136,"Works mainly at an offshore installation, in no fixed place, or outside the UK",60,49,11
E01000136,Works mainly from home,422,160,262
E01000137,10km to less than 20km,50,56,-6
E01000137,20km to less than 30km,9,3,6
E01000137,2km to less than 5km,99,148,-49
E01000137,30km to less than 40km,1,3,-2
E01000137,40km to less than 60km,0,3,-3
E01000137,5km to less than 10km,121,251,-130
E01000137,60km and over,4,5,-1
E01000137,Less than 2km,38,59,-21
E01000137,"Works mainly at an offshore installation, in no fixed place, or outside the UK",126,92,34
E01000137,Works mainly from home,238,62,176
E01000138,10km to less than 20km,40,41,-1
E01000138,20km to less than 30km,4,7,-3
E01000138,2km to less than 5km,77,129,-52
E01000138,30km to less than 40km,1,1,0
E01000138,40km to less than 60km,2,3,-1
E01000138,5km to less than 10km,152,237,-85
E01000138,60km and over,9,6,3
E01000138,Less than 2km,58,61,-3
E01000138,"Works mainly at an offshore installation, in no fixed place, or outside the UK",138,111,27
E01000138,Works mainly from home,279,68,211
E01000139,10km to less than 20km,34,63,-29
E01000139,20km to less than 30km,1,12,-11
E01000139,2km to less than 5km,54,92,-38
E01000139,30km to less than 40km,1,4,-3
E01000139,40km to less than 60km,3,6,-3
E01000139,5km to less than 10km,121,300,-179
E01000139,60km and over,7,9,-2
E01000139,Less than 2km,34,47,-13
E01000139,"Works mainly at an offshore installation, in no fixed place, or outside the UK",75,78,-3
E01000139,Works mainly from home,390,131,259
E01000140,10km to less than 20km,42,78,-36
E01000140,20km to less than 30km,7,9,-2
E01000140,2km to less than 5km,93,127,-34
E01000140,30km to less than 40km,2,6,-4
E01000140,40km to less than 60km,3,4,-1
E01000140,5km to less than 10km,151,331,-180
E01000140,60km and over,3,13,-10
E01000140,Less than 2km,39,52,-13
E01000140,"Works mainly at an offshore installation, in no fixed place, or outside the UK",130,119,11
E01000140,Works mainly from home,560,103,457
E01000141,10km to less than 20km,49,130,-81
E01000141,20km to less than 30km,9,15,-6
E01000141,2km to less than 5km,110,179,-69
E01000141,30km to less than 40km,2,4,-2
E01000141,40km to less than 60km,4,4,0
E01000141,5km to less than 10km,224,429,-205
E01000141,60km and over,8,8,0
E01000141,Less than 2km,78,63,15
E01000141,"Works mainly at an offshore installation, in no fixed place, or outside the UK",198,197,1
E01000141,Works mainly from home,318,113,205
E01000142,10km to less than 20km,54,159,-105
E01000142,20km to less than 30km,17,20,-3
E01000142,2km to less than 5km,113,144,-31
E01000142,30km to less than 40km,4,9,-5
E01000142,40km to less than 60km,1,10,-9
E01000142,5km to less than 10km,218,453,-235
E01000142,60km and over,10,15,-5
E01000142,Less than 2km,56,121,-65
E01000142,"Works mainly at an offshore installation, in no fixed place, or outside the UK",192,172,20
E01000142,Works mainly from home,406,110,296
E01000143,10km to less than 20km,43,61,-18
E01000143,20km to less than 30km,10,9,1
E01000143,2km to less than 5km,74,106,-32
E01000143,30km to less than 40km,7,1,6
E01000143,40km to less than 60km,1,2,-1
E01000143,5km to less than 10km,177,205,-28
E01000143,60km and over,10,8,2
E01000143,Less than 2km,46,45,1
E01000143,"Works mainly at an offshore installation, in no fixed place, or outside the UK",103,96,7
E01000143,Works mainly from home,275,58,217
E01000144,10km to less than 20km,39,134,-95
E01000144,20km to less than 30km,8,10,-2
E01000144,2km to less than 5km,74,88,-14
E01000144,30km to less than 40km,3,9,-6
E01000144,40km to less than 60km,4,6,-2
E01000144,5km to less than 10km,133,322,-189
E01000144,60km and over,1,2,-1
E01000144,Less than 2km,53,56,-3
E01000144,"Works mainly at an offshore installation, in no fixed place, or outside the UK",97,104,-7
E01000144,Works mainly from home,402,108,294
E01000145,10km to less than 20km,44,75,-31
E01000145,20km to less than 30km,2,10,-8
E01000145,2km to less than 5km,62,68,-6
E01000145,30km to less than 40km,6,4,2
E01000145,40km to less than 60km,1,4,-3
E01000145,5km to less than 10km,106,199,-93
E01000145,60km and over,4,4,0
E01000145,Less than 2km,59,65,-6
E01000145,"Works mainly at an offshore installation, in no fixed place, or outside the UK",66,78,-12
E01000145,Works mainly from home,301,118,183
E01000146,10km to less than 20km,51,111,-60
E01000146,20km to less than 30km,5,13,-8
E01000146,2km to less than 5km,102,96,6
E01000146,30km to less than 40km,1,6,-5
E01000146,40km to less than 60km,1,6,-5
E01000146,5km to less than 10km,199,362,-163
E01000146,60km and over,3,11,-8
E01000146,Less than 2km,48,59,-11
E01000146,"Works mainly at an offshore installation, in no fixed place, or outside the UK",121,135,-14
E01000146,Works mainly from home,500,143,357
E01000147,10km to less than 20km,128,189,-61
E01000147,20km to less than 30km,17,20,-3
E01000147,2km to less than 5km,107,127,-20
E01000147,30km to less than 40km,9,5,4
E01000147,40km to less than 60km,2,9,-7
E01000147,5km to less than 10km,133,139,-6
E01000147,60km and over,17,14,3
E01000147,Less than 2km,75,112,-37
E01000147,"Works mainly at an offshore installation, in no fixed place, or outside the UK",255,157,98
E01000147,Works mainly from home,225,76,149
E01000150,10km to less than 20km,161,278,-117
E01000150,20km to less than 30km,21,18,3
E01000150,2km to less than 5km,104,153,-49
E01000150,30km to less than 40km,5,7,-2
E01000150,40km to less than 60km,6,10,-4
E01000150,5km to less than 10km,148,177,-29
E01000150,60km and over,10,7,3
E01000150,Less than 2km,90,156,-66
E01000150,"Works mainly at an offshore installation, in no fixed place, or outside the UK",237,137,100
E01000150,Works mainly from home,350,77,273
E01000151,10km to less than 20km,104,141,-37
E01000151,20km to less than 30km,6,16,-10
E01000151,2km to less than 5km,54,85,-31
E01000151,30km to less than 40km,3,7,-4
E01000151,40km to less than 60km,3,3,0
E01000151,5km to less than 10km,90,131,-41
E01000151,60km and over,4,9,-5
E01000151,Less than 2km,60,47,13
E01000151,"Works mainly at an offshore installation, in no fixed place, or outside the UK",153,86,67
E01000151,Works mainly from home,117,62,55
E01000152,10km to less than 20km,214,147,67
E01000152,20km to less than 30km,20,15,5
E01000152,2km to less than 5km,98,103,-5
E01000152,30km to less than 40km,7,2,5
E01000152,40km to less than 60km,4,5,-1
E01000152,5km to less than 10km,176,140,36
E01000152,60km and over,18,5,13
E01000152,Less than 2km,92,80,12
E01000152,"Works mainly at an offshore installation, in no fixed place, or outside the UK",204,67,137
E01000152,Works mainly from home,485,43,442
E01000153,10km to less than 20km,130,142,-12
E01000153,20km to less than 30km,10,17,-7
E01000153,2km to less than 5km,97,92,5
E01000153,30km to less than 40km,1,7,-6
E01000153,40km to less than 60km,1,7,-6
E01000153,5km to less than 10km,104,123,-19
E01000153,60km and over,5,7,-2
E01000153,Less than 2km,93,78,15
E01000153,"Works mainly at an offshore installation, in no fixed place, or outside the UK",168,72,96
E01000153,Works mainly from home,219,33,186
E01000154,10km to less than 20km,164,176,-12
E01000154,20km to less than 30km,21,11,10
E01000154,2km to less than 5km,80,62,18
E01000154,30km to less than 40km,2,3,-1
E01000154,40km to less than 60km,5,4,1
E01000154,5km to less than 10km,141,89,52
E01000154,60km and over,4,4,0
E01000154,Less than 2km,62,78,-16
E01000154,"Works mainly at an offshore installation, in no fixed place, or outside the UK",155,92,63
E01000154,Works mainly from home,264,34,230
E01000156,10km to less than 20km,80,205,-125
E01000156,20km to less than 30km,11,21,-10
E01000156,2km to less than 5km,78,105,-27
E01000156,30km to less than 40km,2,5,-3
E01000156,40km to less than 60km,4,5,-1
E01000156,5km to less than 10km,124,335,-211
E01000156,60km and over,3,12,-9
E01000156,Less than 2km,49,64,-15
E01000156,"Works mainly at an offshore installation, in no fixed place, or outside the UK",170,120,50
E01000156,Works mainly from home,485,131,354
E01000157,10km to less than 20km,61,197,-136
E01000157,20km to less than 30km,6,14,-8
E01000157,2km to less than 5km,70,99,-29
E01000157,30km to less than 40km,2,7,-5
E01000157,40km to less than 60km,4,3,1
E01000157,5km to less than 10km,128,262,-134
E01000157,60km and over,1,11,-10
E01000157,Less than 2km,51,64,-13
E01000157,"Works mainly at an offshore installation, in no fixed place, or outside the UK",112,92,20
E01000157,Works mainly from home,369,89,280
E01000158,10km to less than 20km,91,303,-212
E01000158,20km to less than 30km,4,21,-17
E01000158,2km to less than 5km,58,115,-57
E01000158,30km to less than 40km,0,7,-7
E01000158,40km to less than 60km,2,6,-4
E01000158,5km to less than 10km,98,193,-95
E01000158,60km and over,3,1,2
E01000158,Less than 2km,47,81,-34
E01000158,"Works mainly at an offshore installation, in no fixed place, or outside the UK",132,112,20
E01000158,Works mainly from home,302,94,208
E01000159,10km to less than 20km,86,246,-160
E01000159,20km to less than 30km,10,13,-3
E01000159,2km to less than 5km,84,85,-1
E01000159,30km to less than 40km,3,5,-2
E01000159,40km to less than 60km,1,3,-2
E01000159,5km to less than 10km,107,155,-48
E01000159,60km and over,3,7,-4
E01000159,Less than 2km,51,93,-42
E01000159,"Works mainly at an offshore installation, in no fixed place, or outside the UK",143,92,51
E01000159,Works mainly from home,394,99,295
E01000160,10km to less than 20km,138,480,-342
E01000160,20km to less than 30km,15,36,-21
E01000160,2km to less than 5km,57,84,-27
E01000160,30km to less than 40km,6,11,-5
E01000160,40km to less than 60km,1,11,-10
E01000160,5km to less than 10km,129,218,-89
E01000160,60km and over,6,16,-10
E01000160,Less than 2km,29,61,-32
E01000160,"Works mainly at an offshore installation, in no fixed place, or outside the UK",155,158,-3
E01000160,Works mainly from home,526,134,392
E01000161,10km to less than 20km,126,226,-100
E01000161,20km to less than 30km,9,13,-4
E01000161,2km to less than 5km,70,170,-100
E01000161,30km to less than 40km,9,9,0
E01000161,40km to less than 60km,4,5,-1
E01000161,5km to less than 10km,120,151,-31
E01000161,60km and over,4,6,-2
E01000161,Less than 2km,44,52,-8
E01000161,"Works mainly at an offshore installation, in no fixed place, or outside the UK",156,88,68
E01000161,Works mainly from home,395,63,332
E01000162,10km to less than 20km,68,193,-125
E01000162,20km to less than 30km,10,14,-4
E01000162,2km to less than 5km,61,75,-14
E01000162,30km to less than 40km,2,5,-3
E01000162,40km to less than 60km,0,8,-8
E01000162,5km to less than 10km,120,162,-42
E01000162,60km and over,4,10,-6
E01000162,Less than 2km,53,95,-42
E01000162,"Works mainly at an offshore installation, in no fixed place, or outside the UK",108,87,21
E01000162,Works mainly from home,276,92,184
E01000163,10km to less than 20km,78,183,-105
E01000163,20km to less than 30km,5,18,-13
E01000163,2km to less than 5km,104,110,-6
E01000163,30km to less than 40km,0,6,-6
E01000163,40km to less than 60km,2,7,-5
E01000163,5km to less than 10km,143,213,-70
E01000163,60km and over,5,9,-4
E01000163,Less than 2km,51,60,-9
E01000163,"Works mainly at an offshore installation, in no fixed place, or outside the UK",174,83,91
E01000163,Works mainly from home,213,61,152
E01000164,10km to less than 20km,83,160,-77
E01000164,20km to less than 30km,12,14,-2
E01000164,2km to less than 5km,72,111,-39
E01000164,30km to less than 40km,3,5,-2
E01000164,40km to less than 60km,6,5,1
E01000164,5km to less than 10km,128,205,-77
E01000164,60km and over,6,7,-1
E01000164,Less than 2km,77,86,-9
E01000164,"Works mainly at an offshore installation, in no fixed place, or outside the UK",139,100,39
E01000164,Works mainly from home,249,89,160
E01000165,10km to less than 20km,111,290,-179
E01000165,20km to less than 30km,17,25,-8
E01000165,2km to less than 5km,78,197,-119
E01000165,30km to less than 40km,5,10,-5
E01000165,40km to less than 60km,2,4,-2
E01000165,5km to less than 10km,121,244,-123
E01000165,60km and over,6,6,0
E01000165,Less than 2km,46,41,5
E01000165,"Works mainly at an offshore installation, in no fixed place, or outside the UK",143,104,39
E01000165,Works mainly from home,318,84,234
E01000166,10km to less than 20km,99,237,-138
E01000166,20km to less than 30km,14,31,-17
E01000166,2km to less than 5km,74,95,-21
E01000166,30km to less than 40km,6,12,-6
E01000166,40km to less than 60km,1,4,-3
E01000166,5km to less than 10km,85,146,-61
E01000166,60km and over,6,4,2
E01000166,Less than 2km,31,49,-18
E01000166,"Works mainly at an offshore installation, in no fixed place, or outside the UK",114,82,32
E01000166,Works mainly from home,283,71,212
E01000167,10km to less than 20km,69,172,-103
E01000167,20km to less than 30km,11,19,-8
E01000167,2km to less than 5km,72,104,-32
E01000167,30km to less than 40km,4,7,-3
E01000167,40km to less than 60km,3,3,0
E01000167,5km to less than 10km,94,128,-34
E01000167,60km and over,2,7,-5
E01000167,Less than 2km,58,66,-8
E01000167,"Works mainly at an offshore installation, in no fixed place, or outside the UK",138,73,65
E01000167,Works mainly from home,217,48,169
E01000168,10km to less than 20km,91,238,-147
E01000168,20km to less than 30km,15,22,-7
E01000168,2km to less than 5km,72,90,-18
E01000168,30km to less than 40km,8,8,0
E01000168,40km to less than 60km,5,5,0
E01000168,5km to less than 10km,70,125,-55
E01000168,60km and over,11,9,2
E01000168,Less than 2km,32,68,-36
E01000168,"Works mainly at an offshore installation, in no fixed place, or outside the UK",71,59,12
E01000168,Works mainly from home,328,104,224
E01000169,10km to less than 20km,133,290,-157
E01000169,20km to less than 30km,12,24,-12
E01000169,2km to less than 5km,69,107,-38
E01000169,30km to less than 40km,4,14,-10
E01000169,40km to less than 60km,5,11,-6
E01000169,5km to less than 10km,77,124,-47
E01000169,60km and over,6,14,-8
E01000169,Less than 2km,34,60,-26
E01000169,"Works mainly at an offshore installation, in no fixed place, or outside the UK",123,95,28
E01000169,Works mainly from home,361,73,288
E01000170,10km to less than 20km,111,248,-137
E01000170,20km to less than 30km,15,12,3
E01000170,2km to less than 5km,92,108,-16
E01000170,30km to less than 40km,5,14,-9
E01000170,40km to less than 60km,1,5,-4
E01000170,5km to less than 10km,128,150,-22
E01000170,60km and over,4,9,-5
E01000170,Less than 2km,61,60,1
E01000170,"Works mainly at an offshore installation, in no fixed place, or outside the UK",153,85,68
E01000170,Works mainly from home,336,85,251
E01000171,10km to less than 20km,171,361,-190
E01000171,20km to less than 30km,11,24,-13
E01000171,2km to less than 5km,102,106,-4
E01000171,30km to less than 40km,2,12,-10
E01000171,40km to less than 60km,5,8,-3
E01000171,5km to less than 10km,104,165,-61
E01000171,60km and over,2,8,-6
E01000171,Less than 2km,64,107,-43
E01000171,"Works mainly at an offshore installation, in no fixed place, or outside the UK",230,109,121
E01000171,Works mainly from home,374,69,305
E01000172,10km to less than 20km,79,232,-153
E01000172,20km to less than 30km,7,18,-11
E01000172,2km to less than 5km,71,106,-35
E01000172,30km to less than 40km,2,8,-6
E01000172,40km to less than 60km,7,2,5
E01000172,5km to less than 10km,72,121,-49
E01000172,60km and over,4,16,-12
E01000172,Less than 2km,37,82,-45
E01000172,"Works mainly at an offshore installation, in no fixed place, or outside the UK",86,81,5
E01000172,Works mainly from home,369,87,282
E01000173,10km to less than 20km,85,252,-167
E01000173,20km to less than 30km,16,18,-2
E01000173,2km to less than 5km,85,131,-46
E01000173,30km to less than 40km,4,5,-1
E01000173,40km to less than 60km,2,5,-3
E01000173,5km to less than 10km,93,150,-57
E01000173,60km and over,2,12,-10
E01000173,Less than 2km,54,98,-44
E01000173,"Works mainly at an offshore installation, in no fixed place, or outside the UK",106,98,8
E01000173,Works mainly from home,375,82,293
E01000174,10km to less than 20km,123,274,-151
E01000174,20km to less than 30km,6,22,-16
E01000174,2km to less than 5km,59,100,-41
E01000174,30km to less than 40km,6,10,-4
E01000174,40km to less than 60km,1,2,-1
E01000174,5km to less than 10km,88,124,-36
E01000174,60km and over,1,13,-12
E01000174,Less than 2km,58,107,-49
E01000174,"Works mainly at an offshore installation, in no fixed place, or outside the UK",168,94,74
E01000174,Works mainly from home,306,76,230
E01000175,10km to less than 20km,150,262,-112
E01000175,20km to less than 30km,17,12,5
E01000175,2km to less than 5km,73,102,-29
E01000175,30km to less than 40km,4,10,-6
E01000175,40km to less than 60km,3,7,-4
E01000175,5km to less than 10km,85,125,-40
E01000175,60km and over,1,7,-6
E01000175,Less than 2km,63,84,-21
E01000175,"Works mainly at an offshore installation, in no fixed place, or outside the UK",193,87,106
E01000175,Works mainly from home,430,81,349
E01000176,10km to less than 20km,73,141,-68
E01000176,20km to less than 30km,14,17,-3
E01000176,2km to less than 5km,88,119,-31
E01000176,30km to less than 40km,4,10,-6
E01000176,40km to less than 60km,2,7,-5
E01000176,5km to less than 10km,121,187,-66
E01000176,60km and over,0,3,-3
E01000176,Less than 2km,51,81,-30
E01000176,"Works mainly at an offshore installation, in no fixed place, or outside the UK",95,77,18
E01000176,Works mainly from home,292,64,228
E01000177,10km to less than 20km,58,238,-180
E01000177,20km to less than 30km,3,26,-23
E01000177,2km to less than 5km,57,103,-46
E01000177,30km to less than 40km,0,5,-5
E01000177,40km to less than 60km,2,6,-4
E01000177,5km to less than 10km,108,343,-235
E01000177,60km and over,3,10,-7
E01000177,Less than 2km,43,66,-23
E01000177,"Works mainly at an offshore installation, in no fixed place, or outside the UK",80,103,-23
E01000177,Works mainly from home,506,95,411
E01000178,10km to less than 20km,49,194,-145
E01000178,20km to less than 30km,3,11,-8
E01000178,2km to less than 5km,65,117,-52
E01000178,30km to less than 40km,2,4,-2
E01000178,40km to less than 60km,0,3,-3
E01000178,5km to less than 10km,112,301,-189
E01000178,60km and over,2,6,-4
E01000178,Less than 2km,31,61,-30
E01000178,"Works mainly at an offshore installation, in no fixed place, or outside the UK",84,96,-12
E01000178,Works mainly from home,465,111,354
E01000179,10km to less than 20km,75,241,-166
E01000179,20km to less than 30km,10,25,-15
E01000179,2km to less than 5km,92,104,-12
E01000179,30km to less than 40km,4,16,-12
E01000179,40km to less than 60km,3,9,-6
E01000179,5km to less than 10km,144,350,-206
E01000179,60km and over,4,14,-10
E01000179,Less than 2km,45,65,-20
E01000179,"Works mainly at an offshore installation, in no fixed place, or outside the UK",117,112,5
E01000179,Works mainly from home,530,93,437
E01000180,10km to less than 20km,61,160,-99
E01000180,20km to less than 30km,6,22,-16
E01000180,2km to less than 5km,70,94,-24
E01000180,30km to less than 40km,2,7,-5
E01000180,40km to less than 60km,2,4,-2
E01000180,5km to less than 10km,110,275,-165
E01000180,60km and over,3,16,-13
E01000180,Less than 2km,30,58,-28
E01000180,"Works mainly at an offshore installation, in no fixed place, or outside the UK",104,100,4
E01000180,Works mainly from home,366,73,293
E01000181,10km to less than 20km,49,196,-147
E01000181,20km to less than 30km,9,14,-5
E01000181,2km to less than 5km,76,109,-33
E01000181,30km to less than 40km,1,7,-6
E01000181,40km to less than 60km,1,5,-4
E01000181,5km to less than 10km,130,381,-251
E01000181,60km and over,11,18,-7
E01000181,Less than 2km,39,46,-7
E01000181,"Works mainly at an offshore installation, in no fixed place, or outside the UK",79,108,-29
E01000181,Works mainly from home,565,123,442
E01000182,10km to less than 20km,47,135,-88
E01000182,20km to less than 30km,5,34,-29
E01000182,2km to less than 5km,66,105,-39
E01000182,30km to less than 40km,1,4,-3
E01000182,40km to less than 60km,0,9,-9
E01000182,5km to less than 10km,109,440,-331
E01000182,60km and over,0,13,-13
E01000182,Less than 2km,36,44,-8
E01000182,"Works mainly at an offshore installation, in no fixed place, or outside the UK",71,101,-30
E01000182,Works mainly from home,551,97,454
E01000183,10km to less than 20km,41,146,-105
E01000183,20km to less than 30km,5,15,-10
E01000183,2km to less than 5km,64,87,-23
E01000183,30km to less than 40km,5,6,-1
E01000183,40km to less than 60km,2,4,-2
E01000183,5km to less than 10km,111,261,-150
E01000183,60km and over,4,13,-9
E01000183,Less than 2km,16,35,-19
E01000183,"Works mainly at an offshore installation, in no fixed place, or outside the UK",68,55,13
E01000183,Works mainly from home,359,123,236
E01000184,10km to less than 20km,66,130,-64
E01000184,20km to less than 30km,3,12,-9
E01000184,2km to less than 5km,80,91,-11
E01000184,30km to less than 40km,4,3,1
E01000184,40km to less than 60km,0,4,-4
E01000184,5km to less than 10km,122,146,-24
E01000184,60km and over,3,7,-4
E01000184,Less than 2km,97,74,23
E01000184,"Works mainly at an offshore installation, in no fixed place, or outside the UK",162,93,69
E01000184,Works mainly from home,279,48,231
E01000185,10km to less than 20km,63,117,-54
E01000185,20km to less than 30km,14,13,1
E01000185,2km to less than 5km,62,65,-3
E01000185,30km to less than 40km,2,4,-2
E01000185,40km to less than 60km,3,5,-2
E01000185,5km to less than 10km,108,182,-74
E01000185,60km and over,4,8,-4
E01000185,Less than 2km,60,67,-7
E01000185,"Works mainly at an offshore installation, in no fixed place, or outside the UK",123,101,22
E01000185,Works mainly from home,194,56,138
E01000186,10km to less than 20km,113,237,-124
E01000186,20km to less than 30km,13,19,-6
E01000186,2km to less than 5km,61,77,-16
E01000186,30km to less than 40km,5,9,-4
E01000186,40km to less than 60km,5,3,2
E01000186,5km to less than 10km,116,127,-11
E01000186,60km and over,1,14,-13
E01000186,Less than 2km,56,84,-28
E01000186,"Works mainly at an offshore installation, in no fixed place, or outside the UK",100,58,42
E01000186,Works mainly from home,371,131,240
E01000187,10km to less than 20km,95,178,-83
E01000187,20km to less than 30km,7,28,-21
E01000187,2km to less than 5km,45,100,-55
E01000187,30km to less than 40km,7,6,1
E01000187,40km to less than 60km,5,4,1
E01000187,5km to less than 10km,87,139,-52
E01000187,60km and over,4,6,-2
E01000187,Less than 2km,57,57,0
E01000187,"Works mainly at an offshore installation, in no fixed place, or outside the UK",92,92,0
E01000187,Works mainly from home,309,95,214
E01000188,10km to less than 20km,96,226,-130
E01000188,20km to less than 30km,13,24,-11
E01000188,2km to less than 5km,46,116,-70
E01000188,30km to less than 40km,5,10,-5
E01000188,40km to less than 60km,5,4,1
E01000188,5km to less than 10km,71,143,-72
E01000188,60km and over,11,9,2
E01000188,Less than 2km,35,59,-24
E01000188,"Works mainly at an offshore installation, in no fixed place, or outside the UK",84,85,-1
E01000188,Works mainly from home,363,137,226
E01000189,10km to less than 20km,216,188,28
E01000189,20km to less than 30km,29,24,5
E01000189,2km to less than 5km,74,77,-3
E01000189,30km to less than 40km,8,4,4
E01000189,40km to less than 60km,10,10,0
E01000189,5km to less than 10km,142,167,-25
E01000189,60km and over,21,10,11
E01000189,Less than 2km,56,73,-17
E01000189,"Works mainly at an offshore installation, in no fixed place, or outside the UK",157,81,76
E01000189,Works mainly from home,526,45,481
E01000190,10km to less than 20km,89,209,-120
E01000190,20km to less than 30km,14,23,-9
E01000190,2km to less than 5km,47,70,-23
E01000190,30km to less than 40km,9,10,-1
E01000190,40km to less than 60km,8,6,2
E01000190,5km to less than 10km,88,124,-36
E01000190,60km and over,4,6,-2
E01000190,Less than 2km,44,86,-42
E01000190,"Works mainly at an offshore installation, in no fixed place, or outside the UK",112,83,29
E01000190,Works mainly from home,380,98,282
E01000191,10km to less than 20km,81,242,-161
E01000191,20km to less than 30km,9,21,-12
E01000191,2km to less than 5km,50,69,-19
E01000191,30km to less than 40km,3,3,0
E01000191,40km to less than 60km,3,8,-5
E01000191,5km to less than 10km,73,131,-58
E01000191,60km and over,4,7,-3
E01000191,Less than 2km,47,70,-23
E01000191,"Works mainly at an offshore installation, in no fixed place, or outside the UK",87,58,29
E01000191,Works mainly from home,313,101,212
E01000192,10km to less than 20km,139,257,-118
E01000192,20km to less than 30km,23,32,-9
E01000192,2km to less than 5km,67,83,-16
E01000192,30km to less than 40km,7,11,-4
E01000192,40km to less than 60km,5,3,2
E01000192,5km to less than 10km,106,125,-19
E01000192,60km and over,15,6,9
E01000192,Less than 2km,77,102,-25
E01000192,"Works mainly at an offshore installation, in no fixed place, or outside the UK",135,107,28
E01000192,Works mainly from home,370,135,235
E01000193,10km to less than 20km,149,225,-76
E01000193,20km to less than 30km,24,21,3
E01000193,2km to less than 5km,61,85,-24
E01000193,30km to less than 40km,5,6,-1
E01000193,40km to less than 60km,7,7,0
E01000193,5km to less than 10km,99,147,-48
E01000193,60km and over,6,9,-3
E01000193,Less than 2km,72,106,-34
E01000193,"Works mainly at an offshore installation, in no fixed place, or outside the UK",189,95,94
E01000193,Works mainly from home,343,111,232
E01000194,10km to less than 20km,115,204,-89
E01000194,20km to less than 30km,16,31,-15
E01000194,2km to less than 5km,67,101,-34
E01000194,30km to less than 40km,5,10,-5
E01000194,40km to less than 60km,4,5,-1
E01000194,5km to less than 10km,128,141,-13
E01000194,60km and over,4,11,-7
E01000194,Less than 2km,68,106,-38
E01000194,"Works mainly at an offshore installation, in no fixed place, or outside the UK",185,127,58
E01000194,Works mainly from home,263,83,180
E01000195,10km to less than 20km,136,221,-85
E01000195,20km to less than 30km,33,31,2
E01000195,2km to less than 5km,86,101,-15
E01000195,30km to less than 40km,4,5,-1
E01000195,40km to less than 60km,1,5,-4
E01000195,5km to less than 10km,119,127,-8
E01000195,60km and over,7,8,-1
E01000195,Less than 2km,53,72,-19
E01000195,"Works mainly at an offshore installation, in no fixed place, or outside the UK",239,101,138
E01000195,Works mainly from home,209,63,146
E01000196,10km to less than 20km,122,291,-169
E01000196,20km to less than 30km,12,18,-6
E01000196,2km to less than 5km,58,109,-51
E01000196,30km to less than 40km,3,18,-15
E01000196,40km to less than 60km,2,3,-1
E01000196,5km to less than 10km,125,233,-108
E01000196,60km and over,9,17,-8
E01000196,Less than 2km,63,89,-26
E01000196,"Works mainly at an offshore installation, in no fixed place, or outside the UK",169,131,38
E01000196,Works mainly from home,538,121,417
E01000197,10km to less than 20km,90,299,-209
E01000197,20km to less than 30km,8,22,-14
E01000197,2km to less than 5km,65,119,-54
E01000197,30km to less than 40km,7,2,5
E01000197,40km to less than 60km,2,5,-3
E01000197,5km to less than 10km,127,249,-122
E01000197,60km and over,5,6,-1
E01000197,Less than 2km,60,87,-27
E01000197,"Works mainly at an offshore installation, in no fixed place, or outside the UK",165,128,37
E01000197,Works mainly from home,478,115,363
E01000198,10km to less than 20km,89,240,-151
E01000198,20km to less than 30km,6,17,-11
E01000198,2km to less than 5km,109,129,-20
E01000198,30km to less than 40km,6,8,-2
E01000198,40km to less than 60km,4,8,-4
E01000198,5km to less than 10km,117,163,-46
E01000198,60km and over,4,12,-8
E01000198,Less than 2km,59,70,-11
E01000198,"Works mainly at an offshore installation, in no fixed place, or outside the UK",123,124,-1
E01000198,Works mainly from home,461,135,326
E01000199,10km to less than 20km,52,233,-181
E01000199,20km to less than 30km,4,15,-11
E01000199,2km to less than 5km,53,88,-35
E01000199,30km to less than 40km,1,3,-2
E01000199,40km to less than 60km,1,7,-6
E01000199,5km to less than 10km,78,120,-42
E01000199,60km and over,2,7,-5
E01000199,Less than 2km,23,50,-27
E01000199,"Works mainly at an offshore installation, in no fixed place, or outside the UK",64,64,0
E01000199,Works mainly from home,422,160,262
E01000200,10km to less than 20km,72,252,-180
E01000200,20km to less than 30km,8,16,-8
E01000200,2km to less than 5km,63,97,-34
E01000200,30km to less than 40km,3,4,-1
E01000200,40km to less than 60km,3,9,-6
E01000200,5km to less than 10km,100,169,-69
E01000200,60km and over,6,10,-4
E01000200,Less than 2km,46,66,-20
E01000200,"Works mainly at an offshore installation, in no fixed place, or outside the UK",87,73,14
E01000200,Works mainly from home,485,151,334
E01000201,10km to less than 20km,57,179,-122
E01000201,20km to less than 30km,4,8,-4
E01000201,2km to less than 5km,51,78,-27
E01000201,30km to less than 40km,1,4,-3
E01000201,40km to less than 60km,3,6,-3
E01000201,5km to less than 10km,82,163,-81
E01000201,60km and over,2,1,1
E01000201,Less than 2km,49,78,-29
E01000201,"Works mainly at an offshore installation, in no fixed place, or outside the UK",49,38,11
E01000201,Works mainly from home,402,172,230
E01000202,10km to less than 20km,83,229,-146
E01000202,20km to less than 30km,4,17,-13
E01000202,2km to less than 5km,54,96,-42
E01000202,30km to less than 40km,2,3,-1
E01000202,40km to less than 60km,1,5,-4
E01000202,5km to less than 10km,109,199,-90
E01000202,60km and over,3,11,-8
E01000202,Less than 2km,46,75,-29
E01000202,"Works mainly at an offshore installation, in no fixed place, or outside the UK",77,83,-6
E01000202,Works mainly from home,488,172,316
E01000203,10km to less than 20km,56,153,-97
E01000203,20km to less than 30km,6,13,-7
E01000203,2km to less than 5km,98,90,8
E01000203,30km to less than 40km,2,3,-1
E01000203,40km to less than 60km,2,1,1
E01000203,5km to less than 10km,99,207,-108
E01000203,60km and over,5,6,-1
E01000203,Less than 2km,46,66,-20
E01000203,"Works mainly at an offshore installation, in no fixed place, or outside the UK",131,100,31
E01000203,Works mainly from home,357,114,243
E01000204,10km to less than 20km,91,297,-206
E01000204,20km to less than 30km,7,24,-17
E01000204,2km to less than 5km,48,94,-46
E01000204,30km to less than 40km,2,2,0
E01000204,40km to less than 60km,5,4,1
E01000204,5km to less than 10km,87,174,-87
E01000204,60km and over,4,14,-10
E01000204,Less than 2km,45,69,-24
E01000204,"Works mainly at an offshore installation, in no fixed place, or outside the UK",75,101,-26
E01000204,Works mainly from home,487,132,355
E01000205,10km to less than 20km,28,155,-127
E01000205,20km to less than 30km,3,14,-11
E01000205,2km to less than 5km,47,89,-42
E01000205,30km to less than 40km,2,2,0
E01000205,40km to less than 60km,4,2,2
E01000205,5km to less than 10km,98,222,-124
E01000205,60km and over,2,12,-10
E01000205,Less than 2km,25,54,-29
E01000205,"Works mainly at an offshore installation, in no fixed place, or outside the UK",59,47,12
E01000205,Works mainly from home,477,159,318
E01000206,10km to less than 20km,24,52,-28
E01000206,20km to less than 30km,1,3,-2
E01000206,2km to less than 5km,49,86,-37
E01000206,30km to less than 40km,1,2,-1
E01000206,40km to less than 60km,0,4,-4
E01000206,5km to less than 10km,115,258,-143
E01000206,60km and over,1,6,-5
E01000206,Less than 2km,15,30,-15
E01000206,"Works mainly at an offshore installation, in no fixed place, or outside the UK",50,23,27
E01000206,Works mainly from home,435,221,214
E01000207,10km to less than 20km,34,104,-70
E01000207,20km to less than 30km,7,9,-2
E01000207,2km to less than 5km,38,93,-55
E01000207,30km to less than 40km,3,5,-2
E01000207,40km to less than 60km,2,2,0
E01000207,5km to less than 10km,87,257,-170
E01000207,60km and over,4,5,-1
E01000207,Less than 2km,32,51,-19
E01000207,"Works mainly at an offshore installation, in no fixed place, or outside the UK",49,50,-1
E01000207,Works mainly from home,409,159,250
E01000208,10km to less than 20km,28,131,-103
E01000208,20km to less than 30km,3,11,-8
E01000208,2km to less than 5km,60,96,-36
E01000208,30km to less than 40km,2,2,0
E01000208,40km to less than 60km,1,2,-1
E01000208,5km to less than 10km,111,312,-201
E01000208,60km and over,5,10,-5
E01000208,Less than 2km,28,34,-6
E01000208,"Works mainly at an offshore installation, in no fixed place, or outside the UK",80,71,9
E01000208,Works mainly from home,529,139,390
E01000209,10km to less than 20km,27,117,-90
E01000209,20km to less than 30km,7,11,-4
E01000209,2km to less than 5km,46,77,-31
E01000209,30km to less than 40km,2,2,0
E01000209,40km to less than 60km,5,2,3
E01000209,5km to less than 10km,70,217,-147
E01000209,60km and over,3,13,-10
E01000209,Less than 2km,18,54,-36
E01000209,"Works mainly at an offshore installation, in no fixed place, or outside the UK",32,75,-43
E01000209,Works mainly from home,438,138,300
E01000210,10km to less than 20km,43,155,-112
E01000210,20km to less than 30km,3,20,-17
E01000210,2km to less than 5km,52,98,-46
E01000210,30km to less than 40km,5,5,0
E01000210,40km to less than 60km,2,3,-1
E01000210,5km to less than 10km,102,249,-147
E01000210,60km and over,3,5,-2
E01000210,Less than 2km,28,47,-19
E01000210,"Works mainly at an offshore installation, in no fixed place, or outside the UK",56,73,-17
E01000210,Works mainly from home,486,129,357
E01000211,10km to less than 20km,85,241,-156
E01000211,20km to less than 30km,9,17,-8
E01000211,2km to less than 5km,98,149,-51
E01000211,30km to less than 40km,6,12,-6
E01000211,40km to less than 60km,1,5,-4
E01000211,5km to less than 10km,151,316,-165
E01000211,60km and over,4,8,-4
E01000211,Less than 2km,76,91,-15
E01000211,"Works mainly at an offshore installation, in no fixed place, or outside the UK",167,140,27
E01000211,Works mainly from home,435,131,304
E01000212,10km to less than 20km,38,129,-91
E01000212,20km to less than 30km,4,11,-7
E01000212,2km to less than 5km,57,101,-44
E01000212,30km to less than 40km,1,6,-5
E01000212,40km to less than 60km,2,5,-3
E01000212,5km to less than 10km,114,356,-242
E01000212,60km and over,4,10,-6
E01000212,Less than 2km,23,50,-27
E01000212,"Works mainly at an offshore installation, in no fixed place, or outside the UK",52,76,-24
E01000212,Works mainly from home,378,181,197
E01000213,10km to less than 20km,23,78,-55
E01000213,20km to less than 30km,5,7,-2
E01000213,2km to less than 5km,50,79,-29
E01000213,30km to less than 40km,2,1,1
E01000213,40km to less than 60km,0,1,-1
E01000213,5km to less than 10km,62,228,-166
E01000213,60km and over,3,7,-4
E01000213,Less than 2km,25,42,-17
E01000213,"Works mainly at an offshore installation, in no fixed place, or outside the UK",35,30,5
E01000213,Works mainly from home,409,136,273
E01000214,10km to less than 20km,37,64,-27
E01000214,20km to less than 30km,0,15,-15
E01000214,2km to less than 5km,70,102,-32
E01000214,30km to less than 40km,2,4,-2
E01000214,40km to less than 60km,0,3,-3
E01000214,5km to less than 10km,141,365,-224
E01000214,60km and over,4,6,-2
E01000214,Less than 2km,30,39,-9
E01000214,"Works mainly at an offshore installation, in no fixed place, or outside the UK",75,51,24
E01000214,Works mainly from home,552,92,460
E01000215,10km to less than 20km,42,140,-98
E01000215,20km to less than 30km,8,7,1
E01000215,2km to less than 5km,89,92,-3
E01000215,30km to less than 40km,0,5,-5
E01000215,40km to less than 60km,1,3,-2
E01000215,5km to less than 10km,102,196,-94
E01000215,60km and over,4,6,-2
E01000215,Less than 2km,130,142,-12
E01000215,"Works mainly at an offshore installation, in no fixed place, or outside the UK",85,89,-4
E01000215,Works mainly from home,332,139,193
E01000216,10km to less than 20km,33,137,-104
E01000216,20km to less than 30km,5,15,-10
E01000216,2km to less than 5km,71,104,-33
E01000216,30km to less than 40km,0,7,-7
E01000216,40km to less than 60km,2,9,-7
E01000216,5km to less than 10km,127,272,-145
E01000216,60km and over,9,12,-3
E01000216,Less than 2km,76,107,-31
E01000216,"Works mainly at an offshore installation, in no fixed place, or outside the UK",68,75,-7
E01000216,Works mainly from home,473,168,305
E01000217,10km to less than 20km,72,128,-56
E01000217,20km to less than 30km,8,7,1
E01000217,2km to less than 5km,65,66,-1
E01000217,30km to less than 40km,0,5,-5
E01000217,40km to less than 60km,2,2,0
E01000217,5km to less than 10km,114,203,-89
E01000217,60km and over,6,6,0
E01000217,Less than 2km,114,121,-7
E01000217,"Works mainly at an offshore installation, in no fixed place, or outside the UK",73,90,-17
E01000217,Works mainly from home,344,128,216
E01000218,10km to less than 20km,56,119,-63
E01000218,20km to less than 30km,4,12,-8
E01000218,2km to less than 5km,84,98,-14
E01000218,30km to less than 40km,1,6,-5
E01000218,40km to less than 60km,0,2,-2
E01000218,5km to less than 10km,123,220,-97
E01000218,60km and over,11,5,6
E01000218,Less than 2km,108,109,-1
E01000218,"Works mainly at an offshore installation, in no fixed place, or outside the UK",93,88,5
E01000218,Works mainly from home,300,128,172
E01000219,10km to less than 20km,68,116,-48
E01000219,20km to less than 30km,10,16,-6
E01000219,2km to less than 5km,121,94,27
E01000219,30km to less than 40km,6,5,1
E01000219,40km to less than 60km,3,2,1
E01000219,5km to less than 10km,146,238,-92
E01000219,60km and over,3,7,-4
E01000219,Less than 2km,181,134,47
E01000219,"Works mainly at an offshore installation, in no fixed place, or outside the UK",134,109,25
E01000219,Works mainly from home,312,115,197
E01000220,10km to less than 20km,44,105,-61
E01000220,20km to less than 30km,5,8,-3
E01000220,2km to less than 5km,68,85,-17
E01000220,30km to less than 40km,2,8,-6
E01000220,40km to less than 60km,0,2,-2
E01000220,5km to less than 10km,132,246,-114
E01000220,60km and over,3,9,-6
E01000220,Less than 2km,133,128,5
E01000220,"Works mainly at an offshore installation, in no fixed place, or outside the UK",123,127,-4
E01000220,Works mainly from home,263,103,160
E01000221,10km to less than 20km,47,65,-18
E01000221,20km to less than 30km,5,9,-4
E01000221,2km to less than 5km,58,64,-6
E01000221,30km to less than 40km,0,2,-2
E01000221,40km to less than 60km,0,5,-5
E01000221,5km to less than 10km,83,153,-70
E01000221,60km and over,4,5,-1
E01000221,Less than 2km,68,75,-7
E01000221,"Works mainly at an offshore installation, in no fixed place, or outside the UK",95,53,42
E01000221,Works mainly from home,138,53,85
E01000222,10km to less than 20km,76,85,-9
E01000222,20km to less than 30km,8,13,-5
E01000222,2km to less than 5km,72,95,-23
E01000222,30km to less than 40km,6,3,3
E01000222,40km to less than 60km,2,2,0
E01000222,5km to less than 10km,177,199,-22
E01000222,60km and over,5,6,-1
E01000222,Less than 2km,64,89,-25
E01000222,"Works mainly at an offshore installation, in no fixed place, or outside the UK",166,106,60
E01000222,Works mainly from home,316,69,247
E01000223,10km to less than 20km,76,60,16
E01000223,20km to less than 30km,15,10,5
E01000223,2km to less than 5km,95,88,7
E01000223,30km to less than 40km,3,1,2
E01000223,40km to less than 60km,1,3,-2
E01000223,5km to less than 10km,186,177,9
E01000223,60km and over,2,2,0
E01000223,Less than 2km,51,87,-36
E01000223,"Works mainly at an offshore installation, in no fixed place, or outside the UK",185,94,91
E01000223,Works mainly from home,251,53,198
E01000224,10km to less than 20km,39,86,-47
E01000224,20km to less than 30km,4,11,-7
E01000224,2km to less than 5km,74,99,-25
E01000224,30km to less than 40km,1,4,-3
E01000224,40km to less than 60km,3,1,2
E01000224,5km to less than 10km,108,228,-120
E01000224,60km and over,3,6,-3
E01000224,Less than 2km,50,52,-2
E01000224,"Works mainly at an offshore installation, in no fixed place, or outside the UK",176,114,62
E01000224,Works mainly from home,255,77,178
E01000225,10km to less than 20km,31,105,-74
E01000225,20km to less than 30km,3,9,-6
E01000225,2km to less than 5km,85,70,15
E01000225,30km to less than 40km,1,1,0
E01000225,40km to less than 60km,1,2,-1
E01000225,5km to less than 10km,84,149,-65
E01000225,60km and over,4,2,2
E01000225,Less than 2km,112,117,-5
E01000225,"Works mainly at an offshore installation, in no fixed place, or outside the UK",69,41,28
E01000225,Works mainly from home,306,122,184
E01000226,10km to less than 20km,125,210,-85
E01000226,20km to less than 30km,18,10,8
E01000226,2km to less than 5km,68,101,-33
E01000226,30km to less than 40km,4,9,-5
E01000226,40km to less than 60km,5,6,-1
E01000226,5km to less than 10km,141,150,-9
E01000226,60km and over,5,6,-1
E01000226,Less than 2km,89,73,16
E01000226,"Works mainly at an offshore installation, in no fixed place, or outside the UK",173,109,64
E01000226,Works mainly from home,167,62,105
E01000227,10km to less than 20km,159,266,-107
E01000227,20km to less than 30km,17,38,-21
E01000227,2km to less than 5km,61,92,-31
E01000227,30km to less than 40km,0,7,-7
E01000227,40km to less than 60km,2,3,-1
E01000227,5km to less than 10km,85,162,-77
E01000227,60km and over,5,10,-5
E01000227,Less than 2km,51,92,-41
E01000227,"Works mainly at an offshore installation, in no fixed place, or outside the UK",152,107,45
E01000227,Works mainly from home,386,103,283
E01000228,10km to less than 20km,92,242,-150
E01000228,20km to less than 30km,14,30,-16
E01000228,2km to less than 5km,47,80,-33
E01000228,30km to less than 40km,5,5,0
E01000228,40km to less than 60km,3,5,-2
E01000228,5km to less than 10km,65,95,-30
E01000228,60km and over,4,4,0
E01000228,Less than 2km,25,41,-16
E01000228,"Works mainly at an offshore installation, in no fixed place, or outside the UK",121,74,47
E01000228,Works mainly from home,326,126,200
E01000229,10km to less than 20km,121,221,-100
E01000229,20km to less than 30km,9,29,-20
E01000229,2km to less than 5km,80,102,-22
E01000229,30km to less than 40km,5,7,-2
E01000229,40km to less than 60km,1,7,-6
E01000229,5km to less than 10km,112,149,-37
E01000229,60km and over,9,7,2
E01000229,Less than 2km,47,58,-11
E01000229,"Works mainly at an offshore installation, in no fixed place, or outside the UK",158,96,62
E01000229,Works mainly from home,244,80,164
E01000230,10km to less than 20km,114,215,-101
E01000230,20km to less than 30km,7,28,-21
E01000230,2km to less than 5km,56,89,-33
E01000230,30km to less than 40km,2,5,-3
E01000230,40km to less than 60km,3,4,-1
E01000230,5km to less than 10km,104,161,-57
E01000230,60km and over,2,13,-11
E01000230,Less than 2km,79,72,7
E01000230,"Works mainly at an offshore installation, in no fixed place, or outside the UK",117,92,25
E01000230,Works mainly from home,342,128,214
E01000231,10km to less than 20km,161,287,-126
E01000231,20km to less than 30km,10,28,-18
E01000231,2km to less than 5km,77,122,-45
E01000231,30km to less than 40km,5,8,-3
E01000231,40km to less than 60km,2,7,-5
E01000231,5km to less than 10km,104,136,-32
E01000231,60km and over,6,12,-6
E01000231,Less than 2km,31,82,-51
E01000231,"Works mainly at an offshore installation, in no fixed place, or outside the UK",141,123,18
E01000231,Works mainly from home,344,89,255
E01000232,10km to less than 20km,118,292,-174
E01000232,20km to less than 30km,21,35,-14
E01000232,2km to less than 5km,50,99,-49
E01000232,30km to less than 40km,5,10,-5
E01000232,40km to less than 60km,4,11,-7
E01000232,5km to less than 10km,104,141,-37
E01000232,60km and over,9,3,6
E01000232,Less than 2km,52,74,-22
E01000232,"Works mainly at an offshore installation, in no fixed place, or outside the UK",116,69,47
E01000232,Works mainly from home,388,107,281
E01000233,10km to less than 20km,125,299,-174
E01000233,20km to less than 30km,19,40,-21
E01000233,2km to less than 5km,57,90,-33
E01000233,30km to less than 40km,4,8,-4
E01000233,40km to less than 60km,5,10,-5
E01000233,5km to less than 10km,112,146,-34
E01000233,60km and over,8,9,-1
E01000233,Less than 2km,56,80,-24
E01000233,"Works mainly at an offshore installation, in no fixed place, or outside the UK",165,114,51
E01000233,Works mainly from home,449,105,344
E01000234,10km to less than 20km,123,314,-191
E01000234,20km to less than 30km,16,30,-14
E01000234,2km to less than 5km,61,92,-31
E01000234,30km to less than 40km,5,13,-8
E01000234,40km to less than 60km,3,10,-7
E01000234,5km to less than 10km,87,114,-27
E01000234,60km and over,2,13,-11
E01000234,Less than 2km,49,85,-36
E01000234,"Works mainly at an offshore installation, in no fixed place, or outside the UK",112,92,20
E01000234,Works mainly from home,464,95,369
E01000235,10km to less than 20km,125,209,-84
E01000235,20km to less than 30km,15,27,-12
E01000235,2km to less than 5km,79,93,-14
E01000235,30km to less than 40km,3,11,-8
E01000235,40km to less than 60km,4,12,-8
E01000235,5km to less than 10km,121,127,-6
E01000235,60km and over,19,10,9
E01000235,Less than 2km,86,90,-4
E01000235,"Works mainly at an offshore installation, in no fixed place, or outside the UK",183,104,79
E01000235,Works mainly from home,250,72,178
E01000236,10km to less than 20km,72,164,-92
E01000236,20km to less than 30km,6,16,-10
E01000236,2km to less than 5km,89,97,-8
E01000236,30km to less than 40km,5,2,3
E01000236,40km to less than 60km,0,5,-5
E01000236,5km to less than 10km,118,157,-39
E01000236,60km and over,5,8,-3
E01000236,Less than 2km,109,149,-40
E01000236,"Works mainly at an offshore installation, in no fixed place, or outside the UK",115,87,28
E01000236,Works mainly from home,329,118,211
E01000237,10km to less than 20km,116,276,-160
E01000237,20km to less than 30km,12,17,-5
E01000237,2km to less than 5km,103,110,-7
E01000237,30km to less than 40km,4,6,-2
E01000237,40km to less than 60km,2,6,-4
E01000237,5km to less than 10km,142,197,-55
E01000237,60km and over,3,10,-7
E01000237,Less than 2km,122,136,-14
E01000237,"Works mainly at an offshore installation, in no fixed place, or outside the UK",180,184,-4
E01000237,Works mainly from home,391,131,260
E01000238,10km to less than 20km,82,181,-99
E01000238,20km to less than 30km,7,10,-3
E01000238,2km to less than 5km,97,102,-5
E01000238,30km to less than 40km,4,2,2
E01000238,40km to less than 60km,0,2,-2
E01000238,5km to less than 10km,156,168,-12
E01000238,60km and over,2,7,-5
E01000238,Less than 2km,120,153,-33
E01000238,"Works mainly at an offshore installation, in no fixed place, or outside the UK",157,127,30
E01000238,Works mainly from home,291,110,181
E01000239,10km to less than 20km,148,314,-166
E01000239,20km to less than 30km,14,15,-1
E01000239,2km to less than 5km,105,109,-4
E01000239,30km to less than 40km,5,4,1
E01000239,40km to less than 60km,4,13,-9
E01000239,5km to less than 10km,131,214,-83
E01000239,60km and over,7,11,-4
E01000239,Less than 2km,84,103,-19
E01000239,"Works mainly at an offshore installation, in no fixed place, or outside the UK",192,149,43
E01000239,Works mainly from home,332,85,247
E01000240,10km to less than 20km,118,225,-107
E01000240,20km to less than 30km,13,12,1
E01000240,2km to less than 5km,81,100,-19
E01000240,30km to less than 40km,4,4,0
E01000240,40km to less than 60km,10,8,2
E01000240,5km to less than 10km,109,129,-20
E01000240,60km and over,10,7,3
E01000240,Less than 2km,40,72,-32
E01000240,"Works mainly at an offshore installation, in no fixed place, or outside the UK",190,122,68
E01000240,Works mainly from home,291,102,189
E01000241,10km to less than 20km,91,233,-142
E01000241,20km to less than 30km,7,7,0
E01000241,2km to less than 5km,69,119,-50
E01000241,30km to less than 40km,2,7,-5
E01000241,40km to less than 60km,1,11,-10
E01000241,5km to less than 10km,120,158,-38
E01000241,60km and over,1,10,-9
E01000241,Less than 2km,50,99,-49
E01000241,"Works mainly at an offshore installation, in no fixed place, or outside the UK",148,129,19
E01000241,Works mainly from home,404,141,263
E01000242,10km to less than 20km,54,183,-129
E01000242,20km to less than 30km,6,10,-4
E01000242,2km to less than 5km,51,70,-19
E01000242,30km to less than 40km,2,11,-9
E01000242,40km to less than 60km,2,3,-1
E01000242,5km to less than 10km,84,141,-57
E01000242,60km and over,4,4,0
E01000242,Less than 2km,74,88,-14
E01000242,"Works mainly at an offshore installation, in no fixed place, or outside the UK",60,52,8
E01000242,Works mainly from home,340,102,238
E01000243,10km to less than 20km,175,226,-51
E01000243,20km to less than 30km,20,12,8
E01000243,2km to less than 5km,107,117,-10
E01000243,30km to less than 40km,4,4,0
E01000243,40km to less than 60km,3,5,-2
E01000243,5km to less than 10km,159,189,-30
E01000243,60km and over,9,7,2
E01000243,Less than 2km,109,119,-10
E01000243,"Works mainly at an offshore installation, in no fixed place, or outside the UK",176,129,47
E01000243,Works mainly from home,346,116,230
E01000244,10km to less than 20km,86,198,-112
E01000244,20km to less than 30km,12,13,-1
E01000244,2km to less than 5km,73,78,-5
E01000244,30km to less than 40km,2,8,-6
E01000244,40km to less than 60km,4,5,-1
E01000244,5km to less than 10km,105,143,-38
E01000244,60km and over,11,4,7
E01000244,Less than 2km,68,95,-27
E01000244,"Works mainly at an offshore installation, in no fixed place, or outside the UK",172,106,66
E01000244,Works mainly from home,282,105,177
E01000245,10km to less than 20km,116,212,-96
E01000245,20km to less than 30km,7,15,-8
E01000245,2km to less than 5km,102,99,3
E01000245,30km to less than 40km,0,2,-2
E01000245,40km to less than 60km,8,4,4
E01000245,5km to less than 10km,189,185,4
E01000245,60km and over,3,8,-5
E01000245,Less than 2km,98,129,-31
E01000245,"Works mainly at an offshore installation, in no fixed place, or outside the UK",224,134,90
E01000245,Works mainly from home,218,89,129
E01000246,10km to less than 20km,117,256,-139
E01000246,20km to less than 30km,8,28,-20
E01000246,2km to less than 5km,31,72,-41
E01000246,30km to less than 40km,3,5,-2
E01000246,40km to less than 60km,2,7,-5
E01000246,5km to less than 10km,73,109,-36
E01000246,60km and over,2,8,-6
E01000246,Less than 2km,35,75,-40
E01000246,"Works mainly at an offshore installation, in no fixed place, or outside the UK",74,61,13
E01000246,Works mainly from home,382,114,268
E01000247,10km to less than 20km,106,348,-242
E01000247,20km to less than 30km,19,38,-19
E01000247,2km to less than 5km,59,112,-53
E01000247,30km to less than 40km,3,13,-10
E01000247,40km to less than 60km,4,15,-11
E01000247,5km to less than 10km,108,130,-22
E01000247,60km and over,4,5,-1
E01000247,Less than 2km,47,79,-32
E01000247,"Works mainly at an offshore installation, in no fixed place, or outside the UK",104,90,14
E01000247,Works mainly from home,444,112,332
E01000248,10km to less than 20km,129,295,-166
E01000248,20km to less than 30km,11,28,-17
E01000248,2km to less than 5km,32,71,-39
E01000248,30km to less than 40km,3,10,-7
E01000248,40km to less than 60km,11,6,5
E01000248,5km to less than 10km,59,97,-38
E01000248,60km and over,6,11,-5
E01000248,Less than 2km,50,91,-41
E01000248,"Works mainly at an offshore installation, in no fixed place, or outside the UK",84,110,-26
E01000248,Works mainly from home,461,123,338
E01000249,10km to less than 20km,111,267,-156
E01000249,20km to less than 30km,18,35,-17
E01000249,2km to less than 5km,38,74,-36
E01000249,30km to less than 40km,4,4,0
E01000249,40km to less than 60km,1,5,-4
E01000249,5km to less than 10km,71,116,-45
E01000249,60km and over,7,14,-7
E01000249,Less than 2km,35,100,-65
E01000249,"Works mainly at an offshore installation, in no fixed place, or outside the UK",74,76,-2
E01000249,Works mainly from home,431,112,319
E01000250,10km to less than 20km,184,392,-208
E01000250,20km to less than 30km,19,55,-36
E01000250,2km to less than 5km,73,98,-25
E01000250,30km to less than 40km,7,12,-5
E01000250,40km to less than 60km,1,4,-3
E01000250,5km to less than 10km,145,172,-27
E01000250,60km and over,4,11,-7
E01000250,Less than 2km,127,156,-29
E01000250,"Works mainly at an offshore installation, in no fixed place, or outside the UK",166,115,51
E01000250,Works mainly from home,588,162,426
E01000251,10km to less than 20km,177,343,-166
E01000251,20km to less than 30km,13,42,-29
E01000251,2km to less than 5km,80,100,-20
E01000251,30km to less than 40km,3,13,-10
E01000251,40km to less than 60km,3,11,-8
E01000251,5km to less than 10km,116,133,-17
E01000251,60km and over,8,9,-1
E01000251,Less than 2km,40,89,-49
E01000251,"Works mainly at an offshore installation, in no fixed place, or outside the UK",128,91,37
E01000251,Works mainly from home,443,100,343
E01000252,10km to less than 20km,140,277,-137
E01000252,20km to less than 30km,12,23,-11
E01000252,2km to less than 5km,69,92,-23
E01000252,30km to less than 40km,3,5,-2
E01000252,40km to less than 60km,2,2,0
E01000252,5km to less than 10km,70,125,-55
E01000252,60km and over,8,4,4
E01000252,Less than 2km,58,86,-28
E01000252,"Works mainly at an offshore installation, in no fixed place, or outside the UK",106,100,6
E01000252,Works mainly from home,420,103,317
E01000253,10km to less than 20km,147,256,-109
E01000253,20km to less than 30km,17,22,-5
E01000253,2km to less than 5km,46,79,-33
E01000253,30km to less than 40km,4,6,-2
E01000253,40km to less than 60km,6,5,1
E01000253,5km to less than 10km,81,108,-27
E01000253,60km and over,9,6,3
E01000253,Less than 2km,31,36,-5
E01000253,"Works mainly at an offshore installation, in no fixed place, or outside the UK",77,50,27
E01000253,Works mainly from home,528,155,373
E01000254,10km to less than 20km,111,268,-157
E01000254,20km to less than 30km,13,31,-18
E01000254,2km to less than 5km,38,67,-29
E01000254,30km to less than 40km,4,8,-4
E01000254,40km to less than 60km,3,7,-4
E01000254,5km to less than 10km,57,106,-49
E01000254,60km and over,5,6,-1
E01000254,Less than 2km,54,74,-20
E01000254,"Works mainly at an offshore installation, in no fixed place, or outside the UK",57,52,5
E01000254,Works mainly from home,434,140,294
E01000255,10km to less than 20km,92,191,-99
E01000255,20km to less than 30km,10,19,-9
E01000255,2km to less than 5km,86,93,-7
E01000255,30km to less than 40km,5,8,-3
E01000255,40km to less than 60km,3,3,0
E01000255,5km to less than 10km,59,103,-44
E01000255,60km and over,4,11,-7
E01000255,Less than 2km,50,75,-25
E01000255,"Works mainly at an offshore installation, in no fixed place, or outside the UK",115,61,54
E01000255,Works mainly from home,340,100,240
E01000256,10km to less than 20km,97,292,-195
E01000256,20km to less than 30km,7,19,-12
E01000256,2km to less than 5km,92,118,-26
E01000256,30km to less than 40km,3,7,-4
E01000256,40km to less than 60km,2,7,-5
E01000256,5km to less than 10km,87,120,-33
E01000256,60km and over,16,12,4
E01000256,Less than 2km,40,91,-51
E01000256,"Works mainly at an offshore installation, in no fixed place, or outside the UK",148,88,60
E01000256,Works mainly from home,388,139,249
E01000257,10km to less than 20km,169,211,-42
E01000257,20km to less than 30km,13,15,-2
E01000257,2km to less than 5km,94,127,-33
E01000257,30km to less than 40km,9,6,3
E01000257,40km to less than 60km,1,3,-2
E01000257,5km to less than 10km,86,109,-23
E01000257,60km and over,10,10,0
E01000257,Less than 2km,60,123,-63
E01000257,"Works mainly at an offshore installation, in no fixed place, or outside the UK",150,94,56
E01000257,Works mainly from home,456,52,404
E01000258,10km to less than 20km,124,276,-152
E01000258,20km to less than 30km,5,30,-25
E01000258,2km to less than 5km,56,97,-41
E01000258,30km to less than 40km,0,6,-6
E01000258,40km to less than 60km,6,11,-5
E01000258,5km to less than 10km,97,106,-9
E01000258,60km and over,5,13,-8
E01000258,Less than 2km,70,80,-10
E01000258,"Works mainly at an offshore installation, in no fixed place, or outside the UK",94,80,14
E01000258,Works mainly from home,463,145,318
E01000259,10km to less than 20km,158,434,-276
E01000259,20km to less than 30km,17,36,-19
E01000259,2km to less than 5km,141,195,-54
E01000259,30km to less than 40km,4,16,-12
E01000259,40km to less than 60km,0,10,-10
E01000259,5km to less than 10km,109,196,-87
E01000259,60km and over,7,18,-11
E01000259,Less than 2km,52,106,-54
E01000259,"Works mainly at an offshore installation, in no fixed place, or outside the UK",173,121,52
E01000259,Works mainly from home,570,139,431
E01000260,10km to less than 20km,124,318,-194
E01000260,20km to less than 30km,9,25,-16
E01000260,2km to less than 5km,102,158,-56
E01000260,30km to less than 40km,7,10,-3
E01000260,40km to less than 60km,5,12,-7
E01000260,5km to less than 10km,120,142,-22
E01000260,60km and over,3,9,-6
E01000260,Less than 2km,62,74,-12
E01000260,"Works mainly at an offshore installation, in no fixed place, or outside the UK",204,99,105
E01000260,Works mainly from home,436,138,298
E01000261,10km to less than 20km,79,254,-175
E01000261,20km to less than 30km,6,21,-15
E01000261,2km to less than 5km,70,106,-36
E01000261,30km to less than 40km,4,5,-1
E01000261,40km to less than 60km,3,5,-2
E01000261,5km to less than 10km,67,72,-5
E01000261,60km and over,4,0,4
E01000261,Less than 2km,38,72,-34
E01000261,"Works mainly at an offshore installation, in no fixed place, or outside the UK",72,56,16
E01000261,Works mainly from home,412,130,282
E01000263,10km to less than 20km,85,253,-168
E01000263,20km to less than 30km,15,26,-11
E01000263,2km to less than 5km,56,101,-45
E01000263,30km to less than 40km,3,5,-2
E01000263,40km to less than 60km,3,4,-1
E01000263,5km to less than 10km,49,98,-49
E01000263,60km and over,4,16,-12
E01000263,Less than 2km,31,45,-14
E01000263,"Works mainly at an offshore installation, in no fixed place, or outside the UK",42,72,-30
E01000263,Works mainly from home,471,160,311
E01000264,10km to less than 20km,144,275,-131
E01000264,20km to less than 30km,14,22,-8
E01000264,2km to less than 5km,83,107,-24
E01000264,30km to less than 40km,2,10,-8
E01000264,40km to less than 60km,1,2,-1
E01000264,5km to less than 10km,127,123,4
E01000264,60km and over,12,10,2
E01000264,Less than 2km,47,64,-17
E01000264,"Works mainly at an offshore installation, in no fixed place, or outside the UK",157,83,74
E01000264,Works mainly from home,391,111,280
E01000265,10km to less than 20km,120,268,-148
E01000265,20km to less than 30km,11,28,-17
E01000265,2km to less than 5km,89,129,-40
E01000265,30km to less than 40km,2,5,-3
E01000265,40km to less than 60km,2,1,1
E01000265,5km to less than 10km,107,163,-56
E01000265,60km and over,5,9,-4
E01000265,Less than 2km,69,106,-37
E01000265,"Works mainly at an offshore installation, in no fixed place, or outside the UK",200,124,76
E01000265,Works mainly from home,314,84,230
E01000266,10km to less than 20km,80,229,-149
E01000266,20km to less than 30km,5,11,-6
E01000266,2km to less than 5km,58,107,-49
E01000266,30km to less than 40km,3,7,-4
E01000266,40km to less than 60km,1,5,-4
E01000266,5km to less than 10km,48,132,-84
E01000266,60km and over,4,6,-2
E01000266,Less than 2km,39,93,-54
E01000266,"Works mainly at an offshore installation, in no fixed place, or outside the UK",61,58,3
E01000266,Works mainly from home,387,125,262
E01000267,10km to less than 20km,115,269,-154
E01000267,20km to less than 30km,16,22,-6
E01000267,2km to less than 5km,66,110,-44
E01000267,30km to less than 40km,7,3,4
E01000267,40km to less than 60km,4,5,-1
E01000267,5km to less than 10km,97,113,-16
E01000267,60km and over,5,4,1
E01000267,Less than 2km,36,95,-59
E01000267,"Works mainly at an offshore installation, in no fixed place, or outside the UK",119,78,41
E01000267,Works mainly from home,369,118,251
E01000268,10km to less than 20km,175,333,-158
E01000268,20km to less than 30km,12,28,-16
E01000268,2km to less than 5km,72,85,-13
E01000268,30km to less than 40km,1,6,-5
E01000268,40km to less than 60km,7,4,3
E01000268,5km to less than 10km,107,140,-33
E01000268,60km and over,8,14,-6
E01000268,Less than 2km,64,73,-9
E01000268,"Works mainly at an offshore installation, in no fixed place, or outside the UK",141,84,57
E01000268,Works mainly from home,413,118,295
E01000269,10km to less than 20km,75,230,-155
E01000269,20km to less than 30km,11,21,-10
E01000269,2km to less than 5km,60,79,-19
E01000269,30km to less than 40km,5,6,-1
E01000269,40km to less than 60km,1,5,-4
E01000269,5km to less than 10km,67,133,-66
E01000269,60km and over,4,6,-2
E01000269,Less than 2km,34,89,-55
E01000269,"Works mainly at an offshore installation, in no fixed place, or outside the UK",94,76,18
E01000269,Works mainly from home,328,85,243
E01000270,10km to less than 20km,101,297,-196
E01000270,20km to less than 30km,15,23,-8
E01000270,2km to less than 5km,63,73,-10
E01000270,30km to less than 40km,6,7,-1
E01000270,40km to less than 60km,1,8,-7
E01000270,5km to less than 10km,78,110,-32
E01000270,60km and over,1,9,-8
E01000270,Less than 2km,36,59,-23
E01000270,"Works mainly at an offshore installation, in no fixed place, or outside the UK",98,69,29
E01000270,Works mainly from home,362,107,255
E01000271,10km to less than 20km,98,255,-157
E01000271,20km to less than 30km,7,12,-5
E01000271,2km to less than 5km,60,79,-19
E01000271,30km to less than 40km,3,4,-1
E01000271,40km to less than 60km,3,8,-5
E01000271,5km to less than 10km,79,107,-28
E01000271,60km and over,4,7,-3
E01000271,Less than 2km,38,53,-15
E01000271,"Works mainly at an offshore installation, in no fixed place, or outside the UK",84,77,7
E01000271,Works mainly from home,389,113,276
E01000272,10km to less than 20km,79,236,-157
E01000272,20km to less than 30km,3,12,-9
E01000272,2km to less than 5km,45,81,-36
E01000272,30km to less than 40km,3,2,1
E01000272,40km to less than 60km,3,4,-1
E01000272,5km to less than 10km,53,84,-31
E01000272,60km and over,2,7,-5
E01000272,Less than 2km,23,51,-28
E01000272,"Works mainly at an offshore installation, in no fixed place, or outside the UK",54,54,0
E01000272,Works mainly from home,373,125,248
E01000273,10km to less than 20km,103,292,-189
E01000273,20km to less than 30km,13,7,6
E01000273,2km to less than 5km,62,83,-21
E01000273,30km to less than 40km,3,4,-1
E01000273,40km to less than 60km,8,8,0
E01000273,5km to less than 10km,87,100,-13
E01000273,60km and over,5,11,-6
E01000273,Less than 2km,43,76,-33
E01000273,"Works mainly at an offshore installation, in no fixed place, or outside the UK",81,63,18
E01000273,Works mainly from home,406,82,324
E01000274,10km to less than 20km,115,256,-141
E01000274,20km to less than 30km,14,22,-8
E01000274,2km to less than 5km,98,143,-45
E01000274,30km to less than 40km,6,5,1
E01000274,40km to less than 60km,7,8,-1
E01000274,5km to less than 10km,102,161,-59
E01000274,60km and over,3,8,-5
E01000274,Less than 2km,67,104,-37
E01000274,"Works mainly at an offshore installation, in no fixed place, or outside the UK",156,92,64
E01000274,Works mainly from home,371,84,287
E01000275,10km to less than 20km,107,310,-203
E01000275,20km to less than 30km,10,26,-16
E01000275,2km to less than 5km,62,102,-40
E01000275,30km to less than 40km,5,4,1
E01000275,40km to less than 60km,1,2,-1
E01000275,5km to less than 10km,89,135,-46
E01000275,60km and over,4,11,-7
E01000275,Less than 2km,38,69,-31
E01000275,"Works mainly at an offshore installation, in no fixed place, or outside the UK",99,58,41
E01000275,Works mainly from home,429,110,319
E01000276,10km to less than 20km,70,281,-211
E01000276,20km to less than 30km,6,12,-6
E01000276,2km to less than 5km,53,77,-24
E01000276,30km to less than 40km,3,9,-6
E01000276,40km to less than 60km,1,2,-1
E01000276,5km to less than 10km,56,98,-42
E01000276,60km and over,2,11,-9
E01000276,Less than 2km,24,52,-28
E01000276,"Works mainly at an offshore installation, in no fixed place, or outside the UK",49,49,0
E01000276,Works mainly from home,448,122,326
E01000277,10km to less than 20km,138,285,-147
E01000277,20km to less than 30km,10,17,-7
E01000277,2km to less than 5km,66,67,-1
E01000277,30km to less than 40km,1,4,-3
E01000277,40km to less than 60km,5,5,0
E01000277,5km to less than 10km,93,82,11
E01000277,60km and over,4,11,-7
E01000277,Less than 2km,28,62,-34
E01000277,"Works mainly at an offshore installation, in no fixed place, or outside the UK",87,85,2
E01000277,Works mainly from home,389,82,307
E01000278,10km to less than 20km,69,264,-195
E01000278,20km to less than 30km,8,20,-12
E01000278,2km to less than 5km,39,74,-35
E01000278,30km to less than 40km,1,8,-7
E01000278,40km to less than 60km,0,5,-5
E01000278,5km to less than 10km,59,88,-29
E01000278,60km and over,3,6,-3
E01000278,Less than 2km,22,57,-35
E01000278,"Works mainly at an offshore installation, in no fixed place, or outside the UK",53,54,-1
E01000278,Works mainly from home,402,106,296
E01000279,10km to less than 20km,71,252,-181
E01000279,20km to less than 30km,7,10,-3
E01000279,2km to less than 5km,49,72,-23
E01000279,30km to less than 40km,2,7,-5
E01000279,40km to less than 60km,2,4,-2
E01000279,5km to less than 10km,55,85,-30
E01000279,60km and over,4,5,-1
E01000279,Less than 2km,12,31,-19
E01000279,"Works mainly at an offshore installation, in no fixed place, or outside the UK",44,36,8
E01000279,Works mainly from home,362,161,201
E01000280,10km to less than 20km,68,262,-194
E01000280,20km to less than 30km,9,16,-7
E01000280,2km to less than 5km,47,92,-45
E01000280,30km to less than 40km,2,5,-3
E01000280,40km to less than 60km,0,3,-3
E01000280,5km to less than 10km,52,86,-34
E01000280,60km and over,4,8,-4
E01000280,Less than 2km,23,32,-9
E01000280,"Works mainly at an offshore installation, in no fixed place, or outside the UK",46,60,-14
E01000280,Works mainly from home,373,125,248
E01000281,10km to less than 20km,128,213,-85
E01000281,20km to less than 30km,5,16,-11
E01000281,2km to less than 5km,44,55,-11
E01000281,30km to less than 40km,5,9,-4
E01000281,40km to less than 60km,1,2,-1
E01000281,5km to less than 10km,86,95,-9
E01000281,60km and over,2,7,-5
E01000281,Less than 2km,39,37,2
E01000281,"Works mainly at an offshore installation, in no fixed place, or outside the UK",100,78,22
E01000281,Works mainly from home,579,72,507
E01000282,10km to less than 20km,114,301,-187
E01000282,20km to less than 30km,9,15,-6
E01000282,2km to less than 5km,61,119,-58
E01000282,30km to less than 40km,1,9,-8
E01000282,40km to less than 60km,1,8,-7
E01000282,5km to less than 10km,87,108,-21
E01000282,60km and over,3,9,-6
E01000282,Less than 2km,43,66,-23
E01000282,"Works mainly at an offshore installation, in no fixed place, or outside the UK",95,76,19
E01000282,Works mainly from home,476,107,369
E01000283,10km to less than 20km,65,264,-199
E01000283,20km to less than 30km,5,12,-7
E01000283,2km to less than 5km,47,94,-47
E01000283,30km to less than 40km,5,5,0
E01000283,40km to less than 60km,2,2,0
E01000283,5km to less than 10km,65,88,-23
E01000283,60km and over,0,4,-4
E01000283,Less than 2km,30,46,-16
E01000283,"Works mainly at an offshore installation, in no fixed place, or outside the UK",41,59,-18
E01000283,Works mainly from home,392,116,276
E01000284,10km to less than 20km,137,312,-175
E01000284,20km to less than 30km,12,16,-4
E01000284,2km to less than 5km,76,110,-34
E01000284,30km to less than 40km,3,7,-4
E01000284,40km to less than 60km,3,6,-3
E01000284,5km to less than 10km,110,141,-31
E01000284,60km and over,6,8,-2
E01000284,Less than 2km,58,59,-1
E01000284,"Works mainly at an offshore installation, in no fixed place, or outside the UK",152,109,43
E01000284,Works mainly from home,386,95,291
E01000285,10km to less than 20km,104,222,-118
E01000285,20km to less than 30km,7,27,-20
E01000285,2km to less than 5km,54,90,-36
E01000285,30km to less than 40km,7,4,3
E01000285,40km to less than 60km,0,5,-5
E01000285,5km to less than 10km,71,108,-37
E01000285,60km and over,5,6,-1
E01000285,Less than 2km,50,97,-47
E01000285,"Works mainly at an offshore installation, in no fixed place, or outside the UK",96,68,28
E01000285,Works mainly from home,295,76,219
E01000286,10km to less than 20km,120,191,-71
E01000286,20km to less than 30km,12,31,-19
E01000286,2km to less than 5km,73,104,-31
E01000286,30km to less than 40km,6,10,-4
E01000286,40km to less than 60km,2,5,-3
E01000286,5km to less than 10km,82,110,-28
E01000286,60km and over,2,8,-6
E01000286,Less than 2km,75,98,-23
E01000286,"Works mainly at an offshore installation, in no fixed place, or outside the UK",132,85,47
E01000286,Works mainly from home,276,55,221
E01000287,10km to less than 20km,100,178,-78
E01000287,20km to less than 30km,12,19,-7
E01000287,2km to less than 5km,95,122,-27
E01000287,30km to less than 40km,4,5,-1
E01000287,40km to less than 60km,5,5,0
E01000287,5km to less than 10km,82,94,-12
E01000287,60km and over,7,8,-1
E01000287,Less than 2km,75,107,-32
E01000287,"Works mainly at an offshore installation, in no fixed place, or outside the UK",134,74,60
E01000287,Works mainly from home,225,70,155
E01000288,10km to less than 20km,102,246,-144
E01000288,20km to less than 30km,9,29,-20
E01000288,2km to less than 5km,42,85,-43
E01000288,30km to less than 40km,5,7,-2
E01000288,40km to less than 60km,6,5,1
E01000288,5km to less than 10km,78,135,-57
E01000288,60km and over,4,8,-4
E01000288,Less than 2km,67,98,-31
E01000288,"Works mainly at an offshore installation, in no fixed place, or outside the UK",103,79,24
E01000288,Works mainly from home,346,75,271
E01000289,10km to less than 20km,91,167,-76
E01000289,20km to less than 30km,16,22,-6
E01000289,2km to less than 5km,79,92,-13
E01000289,30km to less than 40km,4,1,3
E01000289,40km to less than 60km,2,7,-5
E01000289,5km to less than 10km,86,120,-34
E01000289,60km and over,5,9,-4
E01000289,Less than 2km,58,118,-60
E01000289,"Works mainly at an offshore installation, in no fixed place, or outside the UK",133,102,31
E01000289,Works mainly from home,184,42,142
E01000290,10km to less than 20km,129,223,-94
E01000290,20km to less than 30km,12,23,-11
E01000290,2km to less than 5km,65,109,-44
E01000290,30km to less than 40km,6,5,1
E01000290,40km to less than 60km,10,2,8
E01000290,5km to less than 10km,71,100,-29
E01000290,60km and over,6,11,-5
E01000290,Less than 2km,35,55,-20
E01000290,"Works mainly at an offshore installation, in no fixed place, or outside the UK",106,63,43
E01000290,Works mainly from home,285,91,194
E01000291,10km to less than 20km,85,166,-81
E01000291,20km to less than 30km,12,17,-5
E01000291,2km to less than 5km,69,95,-26
E01000291,30km to less than 40km,9,5,4
E01000291,40km to less than 60km,2,9,-7
E01000291,5km to less than 10km,91,95,-4
E01000291,60km and over,8,6,2
E01000291,Less than 2km,59,98,-39
E01000291,"Works mainly at an offshore installation, in no fixed place, or outside the UK",127,79,48
E01000291,Works mainly from home,275,44,231
E01000292,10km to less than 20km,81,229,-148
E01000292,20km to less than 30km,12,23,-11
E01000292,2km to less than 5km,33,87,-54
E01000292,30km to less than 40km,3,10,-7
E01000292,40km to less than 60km,5,1,4
E01000292,5km to less than 10km,47,93,-46
E01000292,60km and over,6,11,-5
E01000292,Less than 2km,42,72,-30
E01000292,"Works mainly at an offshore installation, in no fixed place, or outside the UK",87,80,7
E01000292,Works mainly from home,368,93,275
E01000293,10km to less than 20km,129,341,-212
E01000293,20km to less than 30km,21,36,-15
E01000293,2km to less than 5km,41,83,-42
E01000293,30km to less than 40km,2,5,-3
E01000293,40km to less than 60km,6,3,3
E01000293,5km to less than 10km,84,140,-56
E01000293,60km and over,3,8,-5
E01000293,Less than 2km,89,80,9
E01000293,"Works mainly at an offshore installation, in no fixed place, or outside the UK",89,88,1
E01000293,Works mainly from home,443,122,321
E01000294,10km to less than 20km,129,258,-129
E01000294,20km to less than 30km,20,38,-18
E01000294,2km to less than 5km,41,87,-46
E01000294,30km to less than 40km,1,7,-6
E01000294,40km to less than 60km,2,6,-4
E01000294,5km to less than 10km,66,97,-31
E01000294,60km and over,4,7,-3
E01000294,Less than 2km,90,77,13
E01000294,"Works mainly at an offshore installation, in no fixed place, or outside the UK",114,53,61
E01000294,Works mainly from home,374,92,282
E01000295,10km to less than 20km,80,302,-222
E01000295,20km to less than 30km,10,26,-16
E01000295,2km to less than 5km,52,96,-44
E01000295,30km to less than 40km,6,14,-8
E01000295,40km to less than 60km,1,10,-9
E01000295,5km to less than 10km,108,177,-69
E01000295,60km and over,1,11,-10
E01000295,Less than 2km,50,76,-26
E01000295,"Works mainly at an offshore installation, in no fixed place, or outside the UK",84,97,-13
E01000295,Works mainly from home,488,103,385
E01000296,10km to less than 20km,108,375,-267
E01000296,20km to less than 30km,17,26,-9
E01000296,2km to less than 5km,68,77,-9
E01000296,30km to less than 40km,4,4,0
E01000296,40km to less than 60km,1,0,1
E01000296,5km to less than 10km,111,191,-80
E01000296,60km and over,3,15,-12
E01000296,Less than 2km,47,63,-16
E01000296,"Works mainly at an offshore installation, in no fixed place, or outside the UK",156,113,43
E01000296,Works mainly from home,487,110,377
E01000297,10km to less than 20km,84,229,-145
E01000297,20km to less than 30km,7,16,-9
E01000297,2km to less than 5km,43,64,-21
E01000297,30km to less than 40km,4,5,-1
E01000297,40km to less than 60km,4,6,-2
E01000297,5km to less than 10km,110,198,-88
E01000297,60km and over,1,9,-8
E01000297,Less than 2km,54,89,-35
E01000297,"Works mainly at an offshore installation, in no fixed place, or outside the UK",117,126,-9
E01000297,Works mainly from home,329,63,266
E01000298,10km to less than 20km,108,372,-264
E01000298,20km to less than 30km,9,22,-13
E01000298,2km to less than 5km,51,68,-17
E01000298,30km to less than 40km,2,3,-1
E01000298,40km to less than 60km,0,5,-5
E01000298,5km to less than 10km,122,203,-81
E01000298,60km and over,4,7,-3
E01000298,Less than 2km,71,86,-15
E01000298,"Works mainly at an offshore installation, in no fixed place, or outside the UK",125,139,-14
E01000298,Works mainly from home,437,117,320
E01000299,10km to less than 20km,140,338,-198
E01000299,20km to less than 30km,8,22,-14
E01000299,2km to less than 5km,62,86,-24
E01000299,30km to less than 40km,9,13,-4
E01000299,40km to less than 60km,0,2,-2
E01000299,5km to less than 10km,116,162,-46
E01000299,60km and over,7,4,3
E01000299,Less than 2km,73,105,-32
E01000299,"Works mainly at an offshore installation, in no fixed place, or outside the UK",183,117,66
E01000299,Works mainly from home,428,94,334
E01000300,10km to less than 20km,115,338,-223
E01000300,20km to less than 30km,8,18,-10
E01000300,2km to less than 5km,64,75,-11
E01000300,30km to less than 40km,2,13,-11
E01000300,40km to less than 60km,0,9,-9
E01000300,5km to less than 10km,71,120,-49
E01000300,60km and over,4,13,-9
E01000300,Less than 2km,50,93,-43
E01000300,"Works mainly at an offshore installation, in no fixed place, or outside the UK",87,104,-17
E01000300,Works mainly from home,469,110,359
E01000301,10km to less than 20km,78,288,-210
E01000301,20km to less than 30km,11,19,-8
E01000301,2km to less than 5km,41,65,-24
E01000301,30km to less than 40km,5,2,3
E01000301,40km to less than 60km,3,5,-2
E01000301,5km to less than 10km,55,99,-44
E01000301,60km and over,3,12,-9
E01000301,Less than 2km,35,66,-31
E01000301,"Works mainly at an offshore installation, in no fixed place, or outside the UK",53,75,-22
E01000301,Works mainly from home,406,94,312
E01000302,10km to less than 20km,112,382,-270
E01000302,20km to less than 30km,9,20,-11
E01000302,2km to less than 5km,49,89,-40
E01000302,30km to less than 40km,3,4,-1
E01000302,40km to less than 60km,3,3,0
E01000302,5km to less than 10km,77,114,-37
E01000302,60km and over,9,6,3
E01000302,Less than 2km,63,92,-29
E01000302,"Works mainly at an offshore installation, in no fixed place, or outside the UK",121,102,19
E01000302,Works mainly from home,407,96,311
E01000303,10km to less than 20km,88,290,-202
E01000303,20km to less than 30km,10,15,-5
E01000303,2km to less than 5km,31,75,-44
E01000303,30km to less than 40km,2,2,0
E01000303,40km to less than 60km,2,8,-6
E01000303,5km to less than 10km,65,108,-43
E01000303,60km and over,4,4,0
E01000303,Less than 2km,48,69,-21
E01000303,"Works mainly at an offshore installation, in no fixed place, or outside the UK",57,82,-25
E01000303,Works mainly from home,402,92,310
E01000304,10km to less than 20km,106,326,-220
E01000304,20km to less than 30km,9,16,-7
E01000304,2km to less than 5km,67,77,-10
E01000304,30km to less than 40km,3,6,-3
E01000304,40km to less than 60km,0,8,-8
E01000304,5km to less than 10km,94,160,-66
E01000304,60km and over,3,9,-6
E01000304,Less than 2km,55,62,-7
E01000304,"Works mainly at an offshore installation, in no fixed place, or outside the UK",105,119,-14
E01000304,Works mainly from home,420,99,321
E01000305,10km to less than 20km,97,165,-68
E01000305,20km to less than 30km,15,15,0
E01000305,2km to less than 5km,78,98,-20
E01000305,30km to less than 40km,6,8,-2
E01000305,40km to less than 60km,4,3,1
E01000305,5km to less than 10km,127,196,-69
E01000305,60km and over,11,9,2
E01000305,Less than 2km,56,105,-49
E01000305,"Works mainly at an offshore installation, in no fixed place, or outside the UK",169,116,53
E01000305,Works mainly from home,284,64,220
E01000306,10km to less than 20km,143,203,-60
E01000306,20km to less than 30km,18,24,-6
E01000306,2km to less than 5km,99,93,6
E01000306,30km to less than 40km,11,7,4
E01000306,40km to less than 60km,3,6,-3
E01000306,5km to less than 10km,178,186,-8
E01000306,60km and over,7,4,3
E01000306,Less than 2km,100,108,-8
E01000306,"Works mainly at an offshore installation, in no fixed place, or outside the UK",244,148,96
E01000306,Works mainly from home,263,80,183
E01000307,10km to less than 20km,71,121,-50
E01000307,20km to less than 30km,7,16,-9
E01000307,2km to less than 5km,76,106,-30
E01000307,30km to less than 40km,4,1,3
E01000307,40km to less than 60km,7,5,2
E01000307,5km to less than 10km,149,193,-44
E01000307,60km and over,4,2,2
E01000307,Less than 2km,72,139,-67
E01000307,"Works mainly at an offshore installation, in no fixed place, or outside the UK",165,128,37
E01000307,Works mainly from home,205,50,155
E01000308,10km to less than 20km,149,115,34
E01000308,20km to less than 30km,17,13,4
E01000308,2km to less than 5km,107,86,21
E01000308,30km to less than 40km,4,8,-4
E01000308,40km to less than 60km,3,4,-1
E01000308,5km to less than 10km,170,141,29
E01000308,60km and over,5,2,3
E01000308,Less than 2km,83,97,-14
E01000308,"Works mainly at an offshore installation, in no fixed place, or outside the UK",173,72,101
E01000308,Works mainly from home,474,37,437
E01000309,10km to less than 20km,155,221,-66
E01000309,20km to less than 30km,17,22,-5
E01000309,2km to less than 5km,77,94,-17
E01000309,30km to less than 40km,6,5,1
E01000309,40km to less than 60km,1,4,-3
E01000309,5km to less than 10km,157,185,-28
E01000309,60km and over,9,17,-8
E01000309,Less than 2km,63,90,-27
E01000309,"Works mainly at an offshore installation, in no fixed place, or outside the UK",194,144,50
E01000309,Works mainly from home,352,107,245
E01000310,10km to less than 20km,125,201,-76
E01000310,20km to less than 30km,10,26,-16
E01000310,2km to less than 5km,99,95,4
E01000310,30km to less than 40km,7,7,0
E01000310,40km to less than 60km,5,4,1
E01000310,5km to less than 10km,194,244,-50
E01000310,60km and over,7,12,-5
E01000310,Less than 2km,98,165,-67
E01000310,"Works mainly at an offshore installation, in no fixed place, or outside the UK",177,204,-27
E01000310,Works mainly from home,329,107,222
E01000311,10km to less than 20km,69,131,-62
E01000311,20km to less than 30km,4,6,-2
E01000311,2km to less than 5km,79,87,-8
E01000311,30km to less than 40km,1,4,-3
E01000311,40km to less than 60km,0,1,-1
E01000311,5km to less than 10km,82,131,-49
E01000311,60km and over,2,1,1
E01000311,Less than 2km,97,95,2
E01000311,"Works mainly at an offshore installation, in no fixed place, or outside the UK",79,85,-6
E01000311,Works mainly from home,337,107,230
E01000312,10km to less than 20km,89,188,-99
E01000312,20km to less than 30km,21,16,5
E01000312,2km to less than 5km,111,117,-6
E01000312,30km to less than 40km,3,11,-8
E01000312,40km to less than 60km,3,1,2
E01000312,5km to less than 10km,132,191,-59
E01000312,60km and over,4,8,-4
E01000312,Less than 2km,62,79,-17
E01000312,"Works mainly at an offshore installation, in no fixed place, or outside the UK",207,131,76
E01000312,Works mainly from home,222,67,155
E01000313,10km to less than 20km,127,218,-91
E01000313,20km to less than 30km,10,22,-12
E01000313,2km to less than 5km,95,99,-4
E01000313,30km to less than 40km,1,7,-6
E01000313,40km to less than 60km,2,4,-2
E01000313,5km to less than 10km,157,219,-62
E01000313,60km and over,23,9,14
E01000313,Less than 2km,88,127,-39
E01000313,"Works mainly at an offshore installation, in no fixed place, or outside the UK",206,118,88
E01000313,Works mainly from home,249,96,153
E01000314,10km to less than 20km,134,275,-141
E01000314,20km to less than 30km,17,16,1
E01000314,2km to less than 5km,91,98,-7
E01000314,30km to less than 40km,1,8,-7
E01000314,40km to less than 60km,6,7,-1
E01000314,5km to less than 10km,164,207,-43
E01000314,60km and over,14,10,4
E01000314,Less than 2km,98,96,2
E01000314,"Works mainly at an offshore installation, in no fixed place, or outside the UK",212,125,87
E01000314,Works mainly from home,405,113,292
E01000315,10km to less than 20km,89,161,-72
E01000315,20km to less than 30km,6,20,-14
E01000315,2km to less than 5km,78,96,-18
E01000315,30km to less than 40km,4,2,2
E01000315,40km to less than 60km,1,5,-4
E01000315,5km to less than 10km,132,165,-33
E01000315,60km and over,5,6,-1
E01000315,Less than 2km,97,97,0
E01000315,"Works mainly at an offshore installation, in no fixed place, or outside the UK",141,93,48
E01000315,Works mainly from home,214,66,148
E01000316,10km to less than 20km,146,357,-211
E01000316,20km to less than 30km,14,32,-18
E01000316,2km to less than 5km,69,117,-48
E01000316,30km to less than 40km,8,15,-7
E01000316,40km to less than 60km,0,5,-5
E01000316,5km to less than 10km,154,268,-114
E01000316,60km and over,4,7,-3
E01000316,Less than 2km,101,138,-37
E01000316,"Works mainly at an offshore installation, in no fixed place, or outside the UK",162,132,30
E01000316,Works mainly from home,429,98,331
E01000317,10km to less than 20km,90,312,-222
E01000317,20km to less than 30km,8,10,-2
E01000317,2km to less than 5km,53,73,-20
E01000317,30km to less than 40km,0,6,-6
E01000317,40km to less than 60km,2,5,-3
E01000317,5km to less than 10km,73,134,-61
E01000317,60km and over,3,2,1
E01000317,Less than 2km,52,85,-33
E01000317,"Works mainly at an offshore installation, in no fixed place, or outside the UK",86,98,-12
E01000317,Works mainly from home,384,92,292
E01000318,10km to less than 20km,101,258,-157
E01000318,20km to less than 30km,16,10,6
E01000318,2km to less than 5km,53,110,-57
E01000318,30km to less than 40km,3,9,-6
E01000318,40km to less than 60km,1,8,-7
E01000318,5km to less than 10km,95,182,-87
E01000318,60km and over,4,13,-9
E01000318,Less than 2km,71,117,-46
E01000318,"Works mainly at an offshore installation, in no fixed place, or outside the UK",142,101,41
E01000318,Works mainly from home,369,97,272
E01000319,10km to less than 20km,61,244,-183
E01000319,20km to less than 30km,9,22,-13
E01000319,2km to less than 5km,38,86,-48
E01000319,30km to less than 40km,5,5,0
E01000319,40km to less than 60km,1,8,-7
E01000319,5km to less than 10km,82,165,-83
E01000319,60km and over,3,7,-4
E01000319,Less than 2km,53,91,-38
E01000319,"Works mainly at an offshore installation, in no fixed place, or outside the UK",70,86,-16
E01000319,Works mainly from home,383,85,298
E01000320,10km to less than 20km,135,236,-101
E01000320,20km to less than 30km,7,11,-4
E01000320,2km to less than 5km,94,74,20
E01000320,30km to less than 40km,6,4,2
E01000320,40km to less than 60km,3,6,-3
E01000320,5km to less than 10km,112,109,3
E01000320,60km and over,9,7,2
E01000320,Less than 2km,54,81,-27
E01000320,"Works mainly at an offshore installation, in no fixed place, or outside the UK",114,76,38
E01000320,Works mainly from home,453,99,354
E01000321,10km to less than 20km,136,333,-197
E01000321,20km to less than 30km,21,30,-9
E01000321,2km to less than 5km,81,89,-8
E01000321,30km to less than 40km,5,5,0
E01000321,40km to less than 60km,3,4,-1
E01000321,5km to less than 10km,110,127,-17
E01000321,60km and over,8,18,-10
E01000321,Less than 2km,61,81,-20
E01000321,"Works mainly at an offshore installation, in no fixed place, or outside the UK",155,134,21
E01000321,Works mainly from home,500,112,388
E01000322,10km to less than 20km,110,289,-179
E01000322,20km to less than 30km,19,20,-1
E01000322,2km to less than 5km,58,101,-43
E01000322,30km to less than 40km,3,13,-10
E01000322,40km to less than 60km,1,5,-4
E01000322,5km to less than 10km,111,155,-44
E01000322,60km and over,2,13,-11
E01000322,Less than 2km,80,91,-11
E01000322,"Works mainly at an offshore installation, in no fixed place, or outside the UK",160,114,46
E01000322,Works mainly from home,358,99,259
E01000323,10km to less than 20km,187,335,-148
E01000323,20km to less than 30km,7,20,-13
E01000323,2km to less than 5km,90,109,-19
E01000323,30km to less than 40km,5,7,-2
E01000323,40km to less than 60km,3,9,-6
E01000323,5km to less than 10km,112,182,-70
E01000323,60km and over,11,11,0
E01000323,Less than 2km,111,107,4
E01000323,"Works mainly at an offshore installation, in no fixed place, or outside the UK",234,166,68
E01000323,Works mainly from home,455,114,341
E01000324,10km to less than 20km,108,229,-121
E01000324,20km to less than 30km,9,12,-3
E01000324,2km to less than 5km,79,85,-6
E01000324,30km to less than 40km,3,8,-5
E01000324,40km to less than 60km,5,6,-1
E01000324,5km to less than 10km,131,181,-50
E01000324,60km and over,3,9,-6
E01000324,Less than 2km,66,84,-18
E01000324,"Works mainly at an offshore installation, in no fixed place, or outside the UK",140,136,4
E01000324,Works mainly from home,370,107,263
E01000325,10km to less than 20km,72,192,-120
E01000325,20km to less than 30km,42,116,-74
E01000325,2km to less than 5km,71,132,-61
E01000325,30km to less than 40km,5,13,-8
E01000325,40km to less than 60km,4,7,-3
E01000325,5km to less than 10km,87,118,-31
E01000325,60km and over,2,14,-12
E01000325,Less than 2km,73,124,-51
E01000325,"Works mainly at an offshore installation, in no fixed place, or outside the UK",100,68,32
E01000325,Works mainly from home,347,55,292
E01000326,10km to less than 20km,78,172,-94
E01000326,20km to less than 30km,53,141,-88
E01000326,2km to less than 5km,77,100,-23
E01000326,30km to less than 40km,5,18,-13
E01000326,40km to less than 60km,3,7,-4
E01000326,5km to less than 10km,77,110,-33
E01000326,60km and over,4,9,-5
E01000326,Less than 2km,38,58,-20
E01000326,"Works mainly at an offshore installation, in no fixed place, or outside the UK",116,77,39
E01000326,Works mainly from home,273,43,230
E01000327,10km to less than 20km,85,186,-101
E01000327,20km to less than 30km,29,75,-46
E01000327,2km to less than 5km,80,106,-26
E01000327,30km to less than 40km,2,9,-7
E01000327,40km to less than 60km,7,4,3
E01000327,5km to less than 10km,69,123,-54
E01000327,60km and over,5,7,-2
E01000327,Less than 2km,54,70,-16
E01000327,"Works mainly at an offshore installation, in no fixed place, or outside the UK",129,102,27
E01000327,Works mainly from home,296,69,227
E01000328,10km to less than 20km,77,164,-87
E01000328,20km to less than 30km,46,100,-54
E01000328,2km to less than 5km,62,101,-39
E01000328,30km to less than 40km,5,10,-5
E01000328,40km to less than 60km,4,10,-6
E01000328,5km to less than 10km,68,94,-26
E01000328,60km and over,3,11,-8
E01000328,Less than 2km,53,92,-39
E01000328,"Works mainly at an offshore installation, in no fixed place, or outside the UK",126,77,49
E01000328,Works mainly from home,304,74,230
E01000329,10km to less than 20km,107,142,-35
E01000329,20km to less than 30km,46,84,-38
E01000329,2km to less than 5km,77,108,-31
E01000329,30km to less than 40km,3,13,-10
E01000329,40km to less than 60km,1,7,-6
E01000329,5km to less than 10km,83,92,-9
E01000329,60km and over,6,2,4
E01000329,Less than 2km,63,85,-22
E01000329,"Works mainly at an offshore installation, in no fixed place, or outside the UK",127,50,77
E01000329,Works mainly from home,294,41,253
E01000330,10km to less than 20km,98,206,-108
E01000330,20km to less than 30km,34,88,-54
E01000330,2km to less than 5km,96,98,-2
E01000330,30km to less than 40km,9,3,6
E01000330,40km to less than 60km,7,5,2
E01000330,5km to less than 10km,84,91,-7
E01000330,60km and over,3,5,-2
E01000330,Less than 2km,68,86,-18
E01000330,"Works mainly at an offshore installation, in no fixed place, or outside the UK",113,81,32
E01000330,Works mainly from home,257,52,205
E01000331,10km to less than 20km,87,135,-48
E01000331,20km to less than 30km,39,70,-31
E01000331,2km to less than 5km,88,114,-26
E01000331,30km to less than 40km,6,7,-1
E01000331,40km to less than 60km,2,4,-2
E01000331,5km to less than 10km,103,121,-18
E01000331,60km and over,8,9,-1
E01000331,Less than 2km,69,97,-28
E01000331,"Works mainly at an offshore installation, in no fixed place, or outside the UK",141,85,56
E01000331,Works mainly from home,216,52,164
E01000332,10km to less than 20km,94,165,-71
E01000332,20km to less than 30km,31,47,-16
E01000332,2km to less than 5km,99,140,-41
E01000332,30km to less than 40km,12,11,1
E01000332,40km to less than 60km,2,4,-2
E01000332,5km to less than 10km,76,109,-33
E01000332,60km and over,5,14,-9
E01000332,Less than 2km,59,65,-6
E01000332,"Works mainly at an offshore installation, in no fixed place, or outside the UK",119,80,39
E01000332,Works mainly from home,225,71,154
E01000333,10km to less than 20km,118,191,-73
E01000333,20km to less than 30km,29,44,-15
E01000333,2km to less than 5km,123,134,-11
E01000333,30km to less than 40km,7,9,-2
E01000333,40km to less than 60km,6,4,2
E01000333,5km to less than 10km,106,128,-22
E01000333,60km and over,10,13,-3
E01000333,Less than 2km,60,68,-8
E01000333,"Works mainly at an offshore installation, in no fixed place, or outside the UK",147,93,54
E01000333,Works mainly from home,262,54,208
E01000334,10km to less than 20km,118,251,-133
E01000334,20km to less than 30km,21,39,-18
E01000334,2km to less than 5km,119,133,-14
E01000334,30km to less than 40km,9,10,-1
E01000334,40km to less than 60km,2,5,-3
E01000334,5km to less than 10km,93,131,-38
E01000334,60km and over,11,12,-1
E01000334,Less than 2km,53,76,-23
E01000334,"Works mainly at an offshore installation, in no fixed place, or outside the UK",141,91,50
E01000334,Works mainly from home,227,50,177
E01000335,10km to less than 20km,195,203,-8
E01000335,20km to less than 30km,79,63,16
E01000335,2km to less than 5km,132,111,21
E01000335,30km to less than 40km,13,6,7
E01000335,40km to less than 60km,4,11,-7
E01000335,5km to less than 10km,177,110,67
E01000335,60km and over,12,7,5
E01000335,Less than 2km,146,76,70
E01000335,"Works mainly at an offshore installation, in no fixed place, or outside the UK",243,101,142
E01000335,Works mainly from home,418,57,361
E01000336,10km to less than 20km,141,248,-107
E01000336,20km to less than 30km,46,49,-3
E01000336,2km to less than 5km,106,139,-33
E01000336,30km to less than 40km,8,20,-12
E01000336,40km to less than 60km,5,8,-3
E01000336,5km to less than 10km,102,113,-11
E01000336,60km and over,11,10,1
E01000336,Less than 2km,71,69,2
E01000336,"Works mainly at an offshore installation, in no fixed place, or outside the UK",156,95,61
E01000336,Works mainly from home,214,62,152
E01000337,10km to less than 20km,121,237,-116
E01000337,20km to less than 30km,26,49,-23
E01000337,2km to less than 5km,110,178,-68
E01000337,30km to less than 40km,6,11,-5
E01000337,40km to less than 60km,3,7,-4
E01000337,5km to less than 10km,97,140,-43
E01000337,60km and over,9,4,5
E01000337,Less than 2km,83,72,11
E01000337,"Works mainly at an offshore installation, in no fixed place, or outside the UK",150,95,55
E01000337,Works mainly from home,233,48,185
E01000338,10km to less than 20km,147,295,-148
E01000338,20km to less than 30km,41,53,-12
E01000338,2km to less than 5km,106,147,-41
E01000338,30km to less than 40km,8,9,-1
E01000338,40km to less than 60km,2,9,-7
E01000338,5km to less than 10km,109,148,-39
E01000338,60km and over,9,16,-7
E01000338,Less than 2km,86,102,-16
E01000338,"Works mainly at an offshore installation, in no fixed place, or outside the UK",179,89,90
E01000338,Works mainly from home,284,54,230
E01000339,10km to less than 20km,79,205,-126
E01000339,20km to less than 30km,13,27,-14
E01000339,2km to less than 5km,84,107,-23
E01000339,30km to less than 40km,7,13,-6
E01000339,40km to less than 60km,2,2,0
E01000339,5km to less than 10km,100,150,-50
E01000339,60km and over,9,4,5
E01000339,Less than 2km,42,77,-35
E01000339,"Works mainly at an offshore installation, in no fixed place, or outside the UK",130,83,47
E01000339,Works mainly from home,283,56,227
E01000340,10km to less than 20km,102,175,-73
E01000340,20km to less than 30km,10,19,-9
E01000340,2km to less than 5km,93,90,3
E01000340,30km to less than 40km,5,9,-4
E01000340,40km to less than 60km,2,6,-4
E01000340,5km to less than 10km,107,98,9
E01000340,60km and over,10,7,3
E01000340,Less than 2km,33,37,-4
E01000340,"Works mainly at an offshore installation, in no fixed place, or outside the UK",169,74,95
E01000340,Works mainly from home,232,44,188
E01000341,10km to less than 20km,86,197,-111
E01000341,20km to less than 30km,5,18,-13
E01000341,2km to less than 5km,90,113,-23
E01000341,30km to less than 40km,6,14,-8
E01000341,40km to less than 60km,5,3,2
E01000341,5km to less than 10km,101,150,-49
E01000341,60km and over,2,6,-4
E01000341,Less than 2km,40,72,-32
E01000341,"Works mainly at an offshore installation, in no fixed place, or outside the UK",153,93,60
E01000341,Works mainly from home,232,55,177
E01000342,10km to less than 20km,100,329,-229
E01000342,20km to less than 30km,11,33,-22
E01000342,2km to less than 5km,123,177,-54
E01000342,30km to less than 40km,7,16,-9
E01000342,40km to less than 60km,1,5,-4
E01000342,5km to less than 10km,113,234,-121
E01000342,60km and over,2,8,-6
E01000342,Less than 2km,43,110,-67
E01000342,"Works mainly at an offshore installation, in no fixed place, or outside the UK",147,89,58
E01000342,Works mainly from home,284,55,229
E01000343,10km to less than 20km,92,213,-121
E01000343,20km to less than 30km,8,25,-17
E01000343,2km to less than 5km,90,113,-23
E01000343,30km to less than 40km,3,12,-9
E01000343,40km to less than 60km,3,5,-2
E01000343,5km to less than 10km,76,158,-82
E01000343,60km and over,4,5,-1
E01000343,Less than 2km,56,69,-13
E01000343,"Works mainly at an offshore installation, in no fixed place, or outside the UK",159,93,66
E01000343,Works mainly from home,239,59,180
E01000344,10km to less than 20km,97,249,-152
E01000344,20km to less than 30km,8,25,-17
E01000344,2km to less than 5km,93,114,-21
E01000344,30km to less than 40km,7,14,-7
E01000344,40km to less than 60km,4,5,-1
E01000344,5km to less than 10km,101,146,-45
E01000344,60km and over,4,8,-4
E01000344,Less than 2km,41,73,-32
E01000344,"Works mainly at an offshore installation, in no fixed place, or outside the UK",119,99,20
E01000344,Works mainly from home,314,65,249
E01000345,10km to less than 20km,83,207,-124
E01000345,20km to less than 30km,10,37,-27
E01000345,2km to less than 5km,65,102,-37
E01000345,30km to less than 40km,11,19,-8
E01000345,40km to less than 60km,0,5,-5
E01000345,5km to less than 10km,77,126,-49
E01000345,60km and over,5,9,-4
E01000345,Less than 2km,61,75,-14
E01000345,"Works mainly at an offshore installation, in no fixed place, or outside the UK",108,79,29
E01000345,Works mainly from home,293,55,238
E01000346,10km to less than 20km,110,269,-159
E01000346,20km to less than 30km,16,33,-17
E01000346,2km to less than 5km,75,104,-29
E01000346,30km to less than 40km,6,10,-4
E01000346,40km to less than 60km,5,7,-2
E01000346,5km to less than 10km,114,170,-56
E01000346,60km and over,4,11,-7
E01000346,Less than 2km,46,73,-27
E01000346,"Works mainly at an offshore installation, in no fixed place, or outside the UK",163,102,61
E01000346,Works mainly from home,281,61,220
E01000347,10km to less than 20km,91,229,-138
E01000347,20km to less than 30km,14,28,-14
E01000347,2km to less than 5km,84,106,-22
E01000347,30km to less than 40km,12,7,5
E01000347,40km to less than 60km,2,8,-6
E01000347,5km to less than 10km,82,135,-53
E01000347,60km and over,5,9,-4
E01000347,Less than 2km,52,72,-20
E01000347,"Works mainly at an offshore installation, in no fixed place, or outside the UK",163,91,72
E01000347,Works mainly from home,228,56,172
E01000348,10km to less than 20km,79,212,-133
E01000348,20km to less than 30km,17,37,-20
E01000348,2km to less than 5km,82,105,-23
E01000348,30km to less than 40km,8,13,-5
E01000348,40km to less than 60km,0,9,-9
E01000348,5km to less than 10km,69,120,-51
E01000348,60km and over,5,8,-3
E01000348,Less than 2km,54,58,-4
E01000348,"Works mainly at an offshore installation, in no fixed place, or outside the UK",130,107,23
E01000348,Works mainly from home,345,84,261
E01000349,10km to less than 20km,83,216,-133
E01000349,20km to less than 30km,24,69,-45
E01000349,2km to less than 5km,71,114,-43
E01000349,30km to less than 40km,7,14,-7
E01000349,40km to less than 60km,3,3,0
E01000349,5km to less than 10km,91,122,-31
E01000349,60km and over,7,12,-5
E01000349,Less than 2km,55,62,-7
E01000349,"Works mainly at an offshore installation, in no fixed place, or outside the UK",113,98,15
E01000349,Works mainly from home,360,72,288
E01000350,10km to less than 20km,100,236,-136
E01000350,20km to less than 30km,6,27,-21
E01000350,2km to less than 5km,88,113,-25
E01000350,30km to less than 40km,10,10,0
E01000350,40km to less than 60km,6,5,1
E01000350,5km to less than 10km,98,121,-23
E01000350,60km and over,5,8,-3
E01000350,Less than 2km,45,67,-22
E01000350,"Works mainly at an offshore installation, in no fixed place, or outside the UK",132,112,20
E01000350,Works mainly from home,301,75,226
E01000351,10km to less than 20km,86,259,-173
E01000351,20km to less than 30km,16,31,-15
E01000351,2km to less than 5km,83,119,-36
E01000351,30km to less than 40km,2,12,-10
E01000351,40km to less than 60km,2,4,-2
E01000351,5km to less than 10km,79,139,-60
E01000351,60km and over,4,5,-1
E01000351,Less than 2km,57,81,-24
E01000351,"Works mainly at an offshore installation, in no fixed place, or outside the UK",167,107,60
E01000351,Works mainly from home,318,67,251
E01000352,10km to less than 20km,105,238,-133
E01000352,20km to less than 30km,15,32,-17
E01000352,2km to less than 5km,99,130,-31
E01000352,30km to less than 40km,5,14,-9
E01000352,40km to less than 60km,5,8,-3
E01000352,5km to less than 10km,118,125,-7
E01000352,60km and over,5,5,0
E01000352,Less than 2km,48,68,-20
E01000352,"Works mainly at an offshore installation, in no fixed place, or outside the UK",145,99,46
E01000352,Works mainly from home,245,58,187
E01000353,10km to less than 20km,78,255,-177
E01000353,20km to less than 30km,24,43,-19
E01000353,2km to less than 5km,83,123,-40
E01000353,30km to less than 40km,5,10,-5
E01000353,40km to less than 60km,5,1,4
E01000353,5km to less than 10km,71,115,-44
E01000353,60km and over,5,6,-1
E01000353,Less than 2km,43,108,-65
E01000353,"Works mainly at an offshore installation, in no fixed place, or outside the UK",107,95,12
E01000353,Works mainly from home,305,66,239
E01000354,10km to less than 20km,85,231,-146
E01000354,20km to less than 30km,19,33,-14
E01000354,2km to less than 5km,92,119,-27
E01000354,30km to less than 40km,6,9,-3
E01000354,40km to less than 60km,4,12,-8
E01000354,5km to less than 10km,87,119,-32
E01000354,60km and over,4,11,-7
E01000354,Less than 2km,47,87,-40
E01000354,"Works mainly at an offshore installation, in no fixed place, or outside the UK",134,66,68
E01000354,Works mainly from home,229,52,177
E01000355,10km to less than 20km,70,179,-109
E01000355,20km to less than 30km,23,56,-33
E01000355,2km to less than 5km,71,101,-30
E01000355,30km to less than 40km,6,9,-3
E01000355,40km to less than 60km,5,1,4
E01000355,5km to less than 10km,81,118,-37
E01000355,60km and over,4,8,-4
E01000355,Less than 2km,49,77,-28
E01000355,"Works mainly at an offshore installation, in no fixed place, or outside the UK",119,78,41
E01000355,Works mainly from home,249,74,175
E01000356,10km to less than 20km,88,234,-146
E01000356,20km to less than 30km,20,38,-18
E01000356,2km to less than 5km,71,98,-27
E01000356,30km to less than 40km,5,11,-6
E01000356,40km to less than 60km,4,6,-2
E01000356,5km to less than 10km,69,113,-44
E01000356,60km and over,1,9,-8
E01000356,Less than 2km,43,71,-28
E01000356,"Works mainly at an offshore installation, in no fixed place, or outside the UK",75,57,18
E01000356,Works mainly from home,300,56,244
E01000357,10km to less than 20km,108,257,-149
E01000357,20km to less than 30km,15,19,-4
E01000357,2km to less than 5km,81,122,-41
E01000357,30km to less than 40km,7,12,-5
E01000357,40km to less than 60km,5,6,-1
E01000357,5km to less than 10km,72,107,-35
E01000357,60km and over,4,11,-7
E01000357,Less than 2km,45,72,-27
E01000357,"Works mainly at an offshore installation, in no fixed place, or outside the UK",91,75,16
E01000357,Works mainly from home,289,50,239
E01000358,10km to less than 20km,112,254,-142
E01000358,20km to less than 30km,22,58,-36
E01000358,2km to less than 5km,75,83,-8
E01000358,30km to less than 40km,3,19,-16
E01000358,40km to less than 60km,2,8,-6
E01000358,5km to less than 10km,67,105,-38
E01000358,60km and over,0,5,-5
E01000358,Less than 2km,59,114,-55
E01000358,"Works mainly at an offshore installation, in no fixed place, or outside the UK",131,100,31
E01000358,Works mainly from home,325,72,253
E01000359,10km to less than 20km,82,225,-143
E01000359,20km to less than 30km,14,30,-16
E01000359,2km to less than 5km,79,105,-26
E01000359,30km to less than 40km,5,3,2
E01000359,40km to less than 60km,2,6,-4
E01000359,5km to less than 10km,65,98,-33
E01000359,60km and over,7,9,-2
E01000359,Less than 2km,34,61,-27
E01000359,"Works mainly at an offshore installation, in no fixed place, or outside the UK",80,54,26
E01000359,Works mainly from home,264,45,219
E01000360,10km to less than 20km,139,250,-111
E01000360,20km to less than 30km,37,56,-19
E01000360,2km to less than 5km,96,114,-18
E01000360,30km to less than 40km,5,10,-5
E01000360,40km to less than 60km,1,8,-7
E01000360,5km to less than 10km,93,121,-28
E01000360,60km and over,5,8,-3
E01000360,Less than 2km,65,110,-45
E01000360,"Works mainly at an offshore installation, in no fixed place, or outside the UK",164,95,69
E01000360,Works mainly from home,346,80,266
E01000361,10km to less than 20km,92,232,-140
E01000361,20km to less than 30km,14,47,-33
E01000361,2km to less than 5km,98,104,-6
E01000361,30km to less than 40km,7,13,-6
E01000361,40km to less than 60km,3,3,0
E01000361,5km to less than 10km,86,132,-46
E01000361,60km and over,1,12,-11
E01000361,Less than 2km,62,101,-39
E01000361,"Works mainly at an offshore installation, in no fixed place, or outside the UK",152,97,55
E01000361,Works mainly from home,327,76,251
E01000362,10km to less than 20km,102,165,-63
E01000362,20km to less than 30km,36,58,-22
E01000362,2km to less than 5km,86,92,-6
E01000362,30km to less than 40km,7,7,0
E01000362,40km to less than 60km,6,12,-6
E01000362,5km to less than 10km,93,111,-18
E01000362,60km and over,6,9,-3
E01000362,Less than 2km,68,96,-28
E01000362,"Works mainly at an offshore installation, in no fixed place, or outside the UK",148,72,76
E01000362,Works mainly from home,362,80,282
E01000363,10km to less than 20km,85,201,-116
E01000363,20km to less than 30km,16,44,-28
E01000363,2km to less than 5km,73,106,-33
E01000363,30km to less than 40km,10,14,-4
E01000363,40km to less than 60km,1,10,-9
E01000363,5km to less than 10km,72,134,-62
E01000363,60km and over,3,11,-8
E01000363,Less than 2km,65,74,-9
E01000363,"Works mainly at an offshore installation, in no fixed place, or outside the UK",125,77,48
E01000363,Works mainly from home,293,86,207
E01000364,10km to less than 20km,91,175,-84
E01000364,20km to less than 30km,44,67,-23
E01000364,2km to less than 5km,97,115,-18
E01000364,30km to less than 40km,11,10,1
E01000364,40km to less than 60km,8,6,2
E01000364,5km to less than 10km,95,108,-13
E01000364,60km and over,5,16,-11
E01000364,Less than 2km,46,91,-45
E01000364,"Works mainly at an offshore installation, in no fixed place, or outside the UK",148,93,55
E01000364,Works mainly from home,284,95,189
E01000365,10km to less than 20km,98,216,-118
E01000365,20km to less than 30km,23,73,-50
E01000365,2km to less than 5km,70,113,-43
E01000365,30km to less than 40km,6,15,-9
E01000365,40km to less than 60km,3,10,-7
E01000365,5km to less than 10km,85,93,-8
E01000365,60km and over,2,8,-6
E01000365,Less than 2km,74,83,-9
E01000365,"Works mainly at an offshore installation, in no fixed place, or outside the UK",128,78,50
E01000365,Works mainly from home,287,68,219
E01000366,10km to less than 20km,123,327,-204
E01000366,20km to less than 30km,34,55,-21
E01000366,2km to less than 5km,69,83,-14
E01000366,30km to less than 40km,1,21,-20
E01000366,40km to less than 60km,4,7,-3
E01000366,5km to less than 10km,84,115,-31
E01000366,60km and over,6,7,-1
E01000366,Less than 2km,57,103,-46
E01000366,"Works mainly at an offshore installation, in no fixed place, or outside the UK",107,89,18
E01000366,Works mainly from home,382,69,313
E01000367,10km to less than 20km,134,128,6
E01000367,20km to less than 30km,65,71,-6
E01000367,2km to less than 5km,147,148,-1
E01000367,30km to less than 40km,9,11,-2
E01000367,40km to less than 60km,7,7,0
E01000367,5km to less than 10km,123,121,2
E01000367,60km and over,14,4,10
E01000367,Less than 2km,74,87,-13
E01000367,"Works mainly at an offshore installation, in no fixed place, or outside the UK",171,71,100
E01000367,Works mainly from home,234,46,188
E01000368,10km to less than 20km,73,130,-57
E01000368,20km to less than 30km,51,93,-42
E01000368,2km to less than 5km,113,112,1
E01000368,30km to less than 40km,6,12,-6
E01000368,40km to less than 60km,1,9,-8
E01000368,5km to less than 10km,103,112,-9
E01000368,60km and over,3,18,-15
E01000368,Less than 2km,65,79,-14
E01000368,"Works mainly at an offshore installation, in no fixed place, or outside the UK",134,66,68
E01000368,Works mainly from home,197,33,164
E01000369,10km to less than 20km,96,176,-80
E01000369,20km to less than 30km,46,102,-56
E01000369,2km to less than 5km,91,140,-49
E01000369,30km to less than 40km,4,10,-6
E01000369,40km to less than 60km,1,4,-3
E01000369,5km to less than 10km,105,153,-48
E01000369,60km and over,2,14,-12
E01000369,Less than 2km,67,104,-37
E01000369,"Works mainly at an offshore installation, in no fixed place, or outside the UK",156,89,67
E01000369,Works mainly from home,271,43,228
E01000370,10km to less than 20km,81,174,-93
E01000370,20km to less than 30km,31,105,-74
E01000370,2km to less than 5km,75,113,-38
E01000370,30km to less than 40km,1,8,-7
E01000370,40km to less than 60km,5,9,-4
E01000370,5km to less than 10km,80,125,-45
E01000370,60km and over,6,10,-4
E01000370,Less than 2km,51,86,-35
E01000370,"Works mainly at an offshore installation, in no fixed place, or outside the UK",124,63,61
E01000370,Works mainly from home,294,70,224
E01000371,10km to less than 20km,102,197,-95
E01000371,20km to less than 30km,41,111,-70
E01000371,2km to less than 5km,85,132,-47
E01000371,30km to less than 40km,6,11,-5
E01000371,40km to less than 60km,4,8,-4
E01000371,5km to less than 10km,91,128,-37
E01000371,60km and over,8,13,-5
E01000371,Less than 2km,75,85,-10
E01000371,"Works mainly at an offshore installation, in no fixed place, or outside the UK",152,93,59
E01000371,Works mainly from home,268,54,214
E01000372,10km to less than 20km,83,132,-49
E01000372,20km to less than 30km,41,51,-10
E01000372,2km to less than 5km,101,118,-17
E01000372,30km to less than 40km,4,11,-7
E01000372,40km to less than 60km,7,10,-3
E01000372,5km to less than 10km,95,111,-16
E01000372,60km and over,7,12,-5
E01000372,Less than 2km,66,106,-40
E01000372,"Works mainly at an offshore installation, in no fixed place, or outside the UK",154,83,71
E01000372,Works mainly from home,184,48,136
E01000373,10km to less than 20km,110,119,-9
E01000373,20km to less than 30km,55,58,-3
E01000373,2km to less than 5km,77,101,-24
E01000373,30km to less than 40km,10,11,-1
E01000373,40km to less than 60km,10,9,1
E01000373,5km to less than 10km,75,104,-29
E01000373,60km and over,8,12,-4
E01000373,Less than 2km,36,72,-36
E01000373,"Works mainly at an offshore installation, in no fixed place, or outside the UK",85,63,22
E01000373,Works mainly from home,171,36,135
E01000374,10km to less than 20km,85,83,2
E01000374,20km to less than 30km,56,93,-37
E01000374,2km to less than 5km,72,83,-11
E01000374,30km to less than 40km,7,9,-2
E01000374,40km to less than 60km,4,6,-2
E01000374,5km to less than 10km,74,104,-30
E01000374,60km and over,4,15,-11
E01000374,Less than 2km,54,73,-19
E01000374,"Works mainly at an offshore installation, in no fixed place, or outside the UK",130,62,68
E01000374,Works mainly from home,157,40,117
E01000375,10km to less than 20km,120,114,6
E01000375,20km to less than 30km,92,120,-28
E01000375,2km to less than 5km,96,103,-7
E01000375,30km to less than 40km,15,8,7
E01000375,40km to less than 60km,3,5,-2
E01000375,5km to less than 10km,146,114,32
E01000375,60km and over,3,11,-8
E01000375,Less than 2km,84,95,-11
E01000375,"Works mainly at an offshore installation, in no fixed place, or outside the UK",200,70,130
E01000375,Works mainly from home,353,32,321
E01000376,10km to less than 20km,89,121,-32
E01000376,20km to less than 30km,48,137,-89
E01000376,2km to less than 5km,99,129,-30
E01000376,30km to less than 40km,7,11,-4
E01000376,40km to less than 60km,6,10,-4
E01000376,5km to less than 10km,112,130,-18
E01000376,60km and over,7,13,-6
E01000376,Less than 2km,71,74,-3
E01000376,"Works mainly at an offshore installation, in no fixed place, or outside the UK",160,74,86
E01000376,Works mainly from home,278,54,224
E01000377,10km to less than 20km,77,108,-31
E01000377,20km to less than 30km,45,122,-77
E01000377,2km to less than 5km,61,120,-59
E01000377,30km to less than 40km,8,9,-1
E01000377,40km to less than 60km,6,10,-4
E01000377,5km to less than 10km,82,127,-45
E01000377,60km and over,6,9,-3
E01000377,Less than 2km,62,75,-13
E01000377,"Works mainly at an offshore installation, in no fixed place, or outside the UK",124,73,51
E01000377,Works mainly from home,261,76,185
E01000379,10km to less than 20km,78,137,-59
E01000379,20km to less than 30km,68,155,-87
E01000379,2km to less than 5km,73,132,-59
E01000379,30km to less than 40km,11,13,-2
E01000379,40km to less than 60km,4,8,-4
E01000379,5km to less than 10km,100,122,-22
E01000379,60km and over,6,13,-7
E01000379,Less than 2km,65,81,-16
E01000379,"Works mainly at an offshore installation, in no fixed place, or outside the UK",134,81,53
E01000379,Works mainly from home,334,55,279
E01000380,10km to less than 20km,114,111,3
E01000380,20km to less than 30km,62,105,-43
E01000380,2km to less than 5km,122,159,-37
E01000380,30km to less than 40km,4,13,-9
E01000380,40km to less than 60km,4,6,-2
E01000380,5km to less than 10km,118,145,-27
E01000380,60km and over,3,15,-12
E01000380,Less than 2km,87,64,23
E01000380,"Works mainly at an offshore installation, in no fixed place, or outside the UK",162,66,96
E01000380,Works mainly from home,235,53,182
E01000381,10km to less than 20km,83,182,-99
E01000381,20km to less than 30km,22,52,-30
E01000381,2km to less than 5km,88,145,-57
E01000381,30km to less than 40km,4,12,-8
E01000381,40km to less than 60km,1,5,-4
E01000381,5km to less than 10km,94,138,-44
E01000381,60km and over,5,10,-5
E01000381,Less than 2km,47,55,-8
E01000381,"Works mainly at an offshore installation, in no fixed place, or outside the UK",115,77,38
E01000381,Works mainly from home,250,63,187
E01000382,10km to less than 20km,72,217,-145
E01000382,20km to less than 30km,17,49,-32
E01000382,2km to less than 5km,65,76,-11
E01000382,30km to less than 40km,6,13,-7
E01000382,40km to less than 60km,1,6,-5
E01000382,5km to less than 10km,87,129,-42
E01000382,60km and over,7,10,-3
E01000382,Less than 2km,47,87,-40
E01000382,"Works mainly at an offshore installation, in no fixed place, or outside the UK",113,66,47
E01000382,Works mainly from home,343,72,271
E01000383,10km to less than 20km,88,147,-59
E01000383,20km to less than 30km,34,68,-34
E01000383,2km to less than 5km,89,114,-25
E01000383,30km to less than 40km,2,12,-10
E01000383,40km to less than 60km,3,4,-1
E01000383,5km to less than 10km,103,127,-24
E01000383,60km and over,6,7,-1
E01000383,Less than 2km,29,51,-22
E01000383,"Works mainly at an offshore installation, in no fixed place, or outside the UK",137,94,43
E01000383,Works mainly from home,245,79,166
E01000384,10km to less than 20km,99,254,-155
E01000384,20km to less than 30km,37,64,-27
E01000384,2km to less than 5km,49,63,-14
E01000384,30km to less than 40km,4,14,-10
E01000384,40km to less than 60km,2,4,-2
E01000384,5km to less than 10km,120,168,-48
E01000384,60km and over,8,9,-1
E01000384,Less than 2km,66,103,-37
E01000384,"Works mainly at an offshore installation, in no fixed place, or outside the UK",133,92,41
E01000384,Works mainly from home,350,66,284
E01000385,10km to less than 20km,120,168,-48
E01000385,20km to less than 30km,48,75,-27
E01000385,2km to less than 5km,98,106,-8
E01000385,30km to less than 40km,6,20,-14
E01000385,40km to less than 60km,4,8,-4
E01000385,5km to less than 10km,135,194,-59
E01000385,60km and over,6,10,-4
E01000385,Less than 2km,63,84,-21
E01000385,"Works mainly at an offshore installation, in no fixed place, or outside the UK",161,89,72
E01000385,Works mainly from home,194,39,155
E01000386,10km to less than 20km,82,133,-51
E01000386,20km to less than 30km,30,42,-12
E01000386,2km to less than 5km,47,87,-40
E01000386,30km to less than 40km,1,4,-3
E01000386,40km to less than 60km,6,3,3
E01000386,5km to less than 10km,91,110,-19
E01000386,60km and over,4,6,-2
E01000386,Less than 2km,58,87,-29
E01000386,"Works mainly at an offshore installation, in no fixed place, or outside the UK",135,54,81
E01000386,Works mainly from home,175,33,142
E01000387,10km to less than 20km,97,217,-120
E01000387,20km to less than 30km,22,58,-36
E01000387,2km to less than 5km,66,99,-33
E01000387,30km to less than 40km,6,6,0
E01000387,40km to less than 60km,2,4,-2
E01000387,5km to less than 10km,74,128,-54
E01000387,60km and over,3,10,-7
E01000387,Less than 2km,39,53,-14
E01000387,"Works mainly at an offshore installation, in no fixed place, or outside the UK",133,79,54
E01000387,Works mainly from home,317,70,247
E01000388,10km to less than 20km,82,199,-117
E01000388,20km to less than 30km,13,27,-14
E01000388,2km to less than 5km,80,140,-60
E01000388,30km to less than 40km,9,12,-3
E01000388,40km to less than 60km,2,6,-4
E01000388,5km to less than 10km,68,95,-27
E01000388,60km and over,4,9,-5
E01000388,Less than 2km,38,64,-26
E01000388,"Works mainly at an offshore installation, in no fixed place, or outside the UK",112,66,46
E01000388,Works mainly from home,268,64,204
E01000389,10km to less than 20km,95,289,-194
E01000389,20km to less than 30km,22,41,-19
E01000389,2km to less than 5km,67,107,-40
E01000389,30km to less than 40km,10,9,1
E01000389,40km to less than 60km,3,8,-5
E01000389,5km to less than 10km,78,109,-31
E01000389,60km and over,3,10,-7
E01000389,Less than 2km,59,112,-53
E01000389,"Works mainly at an offshore installation, in no fixed place, or outside the UK",114,71,43
E01000389,Works mainly from home,359,81,278
E01000390,10km to less than 20km,67,181,-114
E01000390,20km to less than 30km,15,30,-15
E01000390,2km to less than 5km,66,83,-17
E01000390,30km to less than 40km,3,10,-7
E01000390,40km to less than 60km,5,4,1
E01000390,5km to less than 10km,61,113,-52
E01000390,60km and over,4,5,-1
E01000390,Less than 2km,54,85,-31
E01000390,"Works mainly at an offshore installation, in no fixed place, or outside the UK",108,72,36
E01000390,Works mainly from home,250,50,200
E01000391,10km to less than 20km,115,247,-132
E01000391,20km to less than 30km,20,29,-9
E01000391,2km to less than 5km,125,164,-39
E01000391,30km to less than 40km,5,12,-7
E01000391,40km to less than 60km,6,10,-4
E01000391,5km to less than 10km,114,154,-40
E01000391,60km and over,2,13,-11
E01000391,Less than 2km,52,76,-24
E01000391,"Works mainly at an offshore installation, in no fixed place, or outside the UK",164,114,50
E01000391,Works mainly from home,287,58,229
E01000392,10km to less than 20km,167,232,-65
E01000392,20km to less than 30km,19,38,-19
E01000392,2km to less than 5km,127,136,-9
E01000392,30km to less than 40km,12,9,3
E01000392,40km to less than 60km,7,9,-2
E01000392,5km to less than 10km,103,134,-31
E01000392,60km and over,8,13,-5
E01000392,Less than 2km,48,70,-22
E01000392,"Works mainly at an offshore installation, in no fixed place, or outside the UK",189,82,107
E01000392,Works mainly from home,309,56,253
E01000393,10km to less than 20km,114,287,-173
E01000393,20km to less than 30km,23,47,-24
E01000393,2km to less than 5km,86,131,-45
E01000393,30km to less than 40km,10,10,0
E01000393,40km to less than 60km,4,3,1
E01000393,5km to less than 10km,87,129,-42
E01000393,60km and over,7,4,3
E01000393,Less than 2km,53,86,-33
E01000393,"Works mainly at an offshore installation, in no fixed place, or outside the UK",139,101,38
E01000393,Works mainly from home,349,58,291
E01000394,10km to less than 20km,98,252,-154
E01000394,20km to less than 30km,24,39,-15
E01000394,2km to less than 5km,71,87,-16
E01000394,30km to less than 40km,9,9,0
E01000394,40km to less than 60km,2,2,0
E01000394,5km to less than 10km,67,99,-32
E01000394,60km and over,4,8,-4
E01000394,Less than 2km,60,85,-25
E01000394,"Works mainly at an offshore installation, in no fixed place, or outside the UK",121,75,46
E01000394,Works mainly from home,326,55,271
E01000395,10km to less than 20km,102,215,-113
E01000395,20km to less than 30km,7,18,-11
E01000395,2km to less than 5km,103,147,-44
E01000395,30km to less than 40km,11,9,2
E01000395,40km to less than 60km,2,8,-6
E01000395,5km to less than 10km,101,139,-38
E01000395,60km and over,0,12,-12
E01000395,Less than 2km,24,41,-17
E01000395,"Works mainly at an offshore installation, in no fixed place, or outside the UK",140,80,60
E01000395,Works mainly from home,298,65,233
E01000396,10km to less than 20km,104,234,-130
E01000396,20km to less than 30km,16,22,-6
E01000396,2km to less than 5km,95,138,-43
E01000396,30km to less than 40km,2,9,-7
E01000396,40km to less than 60km,4,5,-1
E01000396,5km to less than 10km,74,125,-51
E01000396,60km and over,5,11,-6
E01000396,Less than 2km,42,55,-13
E01000396,"Works mainly at an offshore installation, in no fixed place, or outside the UK",120,83,37
E01000396,Works mainly from home,295,56,239
E01000398,10km to less than 20km,117,206,-89
E01000398,20km to less than 30km,11,22,-11
E01000398,2km to less than 5km,111,157,-46
E01000398,30km to less than 40km,12,15,-3
E01000398,40km to less than 60km,1,6,-5
E01000398,5km to less than 10km,94,135,-41
E01000398,60km and over,5,5,0
E01000398,Less than 2km,40,51,-11
E01000398,"Works mainly at an offshore installation, in no fixed place, or outside the UK",128,83,45
E01000398,Works mainly from home,209,34,175
E01000399,10km to less than 20km,109,232,-123
E01000399,20km to less than 30km,10,21,-11
E01000399,2km to less than 5km,94,155,-61
E01000399,30km to less than 40km,12,8,4
E01000399,40km to less than 60km,3,4,-1
E01000399,5km to less than 10km,88,137,-49
E01000399,60km and over,4,4,0
E01000399,Less than 2km,35,41,-6
E01000399,"Works mainly at an offshore installation, in no fixed place, or outside the UK",134,85,49
E01000399,Works mainly from home,284,52,232
E01000400,10km to less than 20km,134,216,-82
E01000400,20km to less than 30km,14,22,-8
E01000400,2km to less than 5km,97,145,-48
E01000400,30km to less than 40km,2,6,-4
E01000400,40km to less than 60km,3,11,-8
E01000400,5km to less than 10km,101,146,-45
E01000400,60km and over,5,5,0
E01000400,Less than 2km,37,58,-21
E01000400,"Works mainly at an offshore installation, in no fixed place, or outside the UK",127,96,31
E01000400,Works mainly from home,258,50,208
E01000401,10km to less than 20km,129,225,-96
E01000401,20km to less than 30km,16,35,-19
E01000401,2km to less than 5km,101,115,-14
E01000401,30km to less than 40km,3,6,-3
E01000401,40km to less than 60km,2,8,-6
E01000401,5km to less than 10km,98,146,-48
E01000401,60km and over,6,4,2
E01000401,Less than 2km,52,57,-5
E01000401,"Works mainly at an offshore installation, in no fixed place, or outside the UK",147,85,62
E01000401,Works mainly from home,218,62,156
E01000402,10km to less than 20km,77,186,-109
E01000402,20km to less than 30km,42,63,-21
E01000402,2km to less than 5km,102,128,-26
E01000402,30km to less than 40km,4,6,-2
E01000402,40km to less than 60km,2,5,-3
E01000402,5km to less than 10km,87,132,-45
E01000402,60km and over,5,9,-4
E01000402,Less than 2km,83,65,18
E01000402,"Works mainly at an offshore installation, in no fixed place, or outside the UK",132,77,55
E01000402,Works mainly from home,192,28,164
E01000403,10km to less than 20km,132,181,-49
E01000403,20km to less than 30km,74,126,-52
E01000403,2km to less than 5km,116,130,-14
E01000403,30km to less than 40km,9,6,3
E01000403,40km to less than 60km,5,6,-1
E01000403,5km to less than 10km,118,167,-49
E01000403,60km and over,10,5,5
E01000403,Less than 2km,87,104,-17
E01000403,"Works mainly at an offshore installation, in no fixed place, or outside the UK",165,89,76
E01000403,Works mainly from home,273,52,221
E01000404,10km to less than 20km,145,224,-79
E01000404,20km to less than 30km,80,181,-101
E01000404,2km to less than 5km,87,106,-19
E01000404,30km to less than 40km,6,13,-7
E01000404,40km to less than 60km,12,10,2
E01000404,5km to less than 10km,138,170,-32
E01000404,60km and over,11,20,-9
E01000404,Less than 2km,115,88,27
E01000404,"Works mainly at an offshore installation, in no fixed place, or outside the UK",170,112,58
E01000404,Works mainly from home,261,72,189
E01000405,10km to less than 20km,113,157,-44
E01000405,20km to less than 30km,43,79,-36
E01000405,2km to less than 5km,72,79,-7
E01000405,30km to less than 40km,7,17,-10
E01000405,40km to less than 60km,13,6,7
E01000405,5km to less than 10km,96,132,-36
E01000405,60km and over,8,11,-3
E01000405,Less than 2km,75,78,-3
E01000405,"Works mainly at an offshore installation, in no fixed place, or outside the UK",137,51,86
E01000405,Works mainly from home,192,45,147
E01000406,10km to less than 20km,144,157,-13
E01000406,20km to less than 30km,59,72,-13
E01000406,2km to less than 5km,100,112,-12
E01000406,30km to less than 40km,9,7,2
E01000406,40km to less than 60km,6,11,-5
E01000406,5km to less than 10km,137,166,-29
E01000406,60km and over,6,12,-6
E01000406,Less than 2km,92,75,17
E01000406,"Works mainly at an offshore installation, in no fixed place, or outside the UK",204,84,120
E01000406,Works mainly from home,339,55,284
E01000407,10km to less than 20km,102,131,-29
E01000407,20km to less than 30km,56,77,-21
E01000407,2km to less than 5km,96,107,-11
E01000407,30km to less than 40km,11,9,2
E01000407,40km to less than 60km,7,6,1
E01000407,5km to less than 10km,106,98,8
E01000407,60km and over,2,9,-7
E01000407,Less than 2km,61,71,-10
E01000407,"Works mainly at an offshore installation, in no fixed place, or outside the UK",147,74,73
E01000407,Works mainly from home,327,57,270
E01000408,10km to less than 20km,120,172,-52
E01000408,20km to less than 30km,40,70,-30
E01000408,2km to less than 5km,79,84,-5
E01000408,30km to less than 40km,6,6,0
E01000408,40km to less than 60km,7,4,3
E01000408,5km to less than 10km,108,164,-56
E01000408,60km and over,12,9,3
E01000408,Less than 2km,89,92,-3
E01000408,"Works mainly at an offshore installation, in no fixed place, or outside the UK",151,87,64
E01000408,Works mainly from home,228,63,165
E01000409,10km to less than 20km,111,270,-159
E01000409,20km to less than 30km,16,19,-3
E01000409,2km to less than 5km,127,154,-27
E01000409,30km to less than 40km,9,13,-4
E01000409,40km to less than 60km,6,9,-3
E01000409,5km to less than 10km,113,158,-45
E01000409,60km and over,6,9,-3
E01000409,Less than 2km,37,76,-39
E01000409,"Works mainly at an offshore installation, in no fixed place, or outside the UK",151,84,67
E01000409,Works mainly from home,320,67,253
E01000410,10km to less than 20km,146,258,-112
E01000410,20km to less than 30km,15,34,-19
E01000410,2km to less than 5km,92,120,-28
E01000410,30km to less than 40km,2,10,-8
E01000410,40km to less than 60km,3,5,-2
E01000410,5km to less than 10km,109,168,-59
E01000410,60km and over,2,7,-5
E01000410,Less than 2km,44,63,-19
E01000410,"Works mainly at an offshore installation, in no fixed place, or outside the UK",174,96,78
E01000410,Works mainly from home,303,58,245
E01000411,10km to less than 20km,93,214,-121
E01000411,20km to less than 30km,12,23,-11
E01000411,2km to less than 5km,101,124,-23
E01000411,30km to less than 40km,2,5,-3
E01000411,40km to less than 60km,10,9,1
E01000411,5km to less than 10km,88,142,-54
E01000411,60km and over,5,10,-5
E01000411,Less than 2km,36,45,-9
E01000411,"Works mainly at an offshore installation, in no fixed place, or outside the UK",147,86,61
E01000411,Works mainly from home,251,46,205
E01000412,10km to less than 20km,153,294,-141
E01000412,20km to less than 30km,20,14,6
E01000412,2km to less than 5km,110,156,-46
E01000412,30km to less than 40km,5,7,-2
E01000412,40km to less than 60km,0,9,-9
E01000412,5km to less than 10km,114,155,-41
E01000412,60km and over,8,16,-8
E01000412,Less than 2km,43,43,0
E01000412,"Works mainly at an offshore installation, in no fixed place, or outside the UK",178,117,61
E01000412,Works mainly from home,319,67,252
E01000413,10km to less than 20km,104,209,-105
E01000413,20km to less than 30km,8,16,-8
E01000413,2km to less than 5km,89,115,-26
E01000413,30km to less than 40km,10,7,3
E01000413,40km to less than 60km,6,5,1
E01000413,5km to less than 10km,98,146,-48
E01000413,60km and over,4,6,-2
E01000413,Less than 2km,39,55,-16
E01000413,"Works mainly at an offshore installation, in no fixed place, or outside the UK",136,93,43
E01000413,Works mainly from home,213,42,171
E01000414,10km to less than 20km,146,256,-110
E01000414,20km to less than 30km,20,21,-1
E01000414,2km to less than 5km,102,131,-29
E01000414,30km to less than 40km,9,12,-3
E01000414,40km to less than 60km,4,7,-3
E01000414,5km to less than 10km,90,144,-54
E01000414,60km and over,3,11,-8
E01000414,Less than 2km,51,56,-5
E01000414,"Works mainly at an offshore installation, in no fixed place, or outside the UK",158,77,81
E01000414,Works mainly from home,331,77,254
E01000415,10km to less than 20km,101,225,-124
E01000415,20km to less than 30km,9,23,-14
E01000415,2km to less than 5km,87,143,-56
E01000415,30km to less than 40km,3,7,-4
E01000415,40km to less than 60km,3,4,-1
E01000415,5km to less than 10km,73,156,-83
E01000415,60km and over,7,7,0
E01000415,Less than 2km,30,46,-16
E01000415,"Works mainly at an offshore installation, in no fixed place, or outside the UK",140,100,40
E01000415,Works mainly from home,268,47,221
E01000416,10km to less than 20km,124,196,-72
E01000416,20km to less than 30km,40,45,-5
E01000416,2km to less than 5km,100,113,-13
E01000416,30km to less than 40km,4,9,-5
E01000416,40km to less than 60km,3,5,-2
E01000416,5km to less than 10km,100,94,6
E01000416,60km and over,15,12,3
E01000416,Less than 2km,33,52,-19
E01000416,"Works mainly at an offshore installation, in no fixed place, or outside the UK",161,90,71
E01000416,Works mainly from home,158,52,106
E01000417,10km to less than 20km,117,241,-124
E01000417,20km to less than 30km,21,34,-13
E01000417,2km to less than 5km,106,180,-74
E01000417,30km to less than 40km,8,13,-5
E01000417,40km to less than 60km,5,7,-2
E01000417,5km to less than 10km,92,126,-34
E01000417,60km and over,5,14,-9
E01000417,Less than 2km,29,44,-15
E01000417,"Works mainly at an offshore installation, in no fixed place, or outside the UK",153,87,66
E01000417,Works mainly from home,290,56,234
E01000418,10km to less than 20km,163,271,-108
E01000418,20km to less than 30km,26,49,-23
E01000418,2km to less than 5km,117,178,-61
E01000418,30km to less than 40km,10,23,-13
E01000418,40km to less than 60km,6,9,-3
E01000418,5km to less than 10km,108,139,-31
E01000418,60km and over,8,16,-8
E01000418,Less than 2km,54,69,-15
E01000418,"Works mainly at an offshore installation, in no fixed place, or outside the UK",175,109,66
E01000418,Works mainly from home,285,59,226
E01000419,10km to less than 20km,91,192,-101
E01000419,20km to less than 30km,14,20,-6
E01000419,2km to less than 5km,107,151,-44
E01000419,30km to less than 40km,5,10,-5
E01000419,40km to less than 60km,0,12,-12
E01000419,5km to less than 10km,63,110,-47
E01000419,60km and over,6,5,1
E01000419,Less than 2km,32,30,2
E01000419,"Works mainly at an offshore installation, in no fixed place, or outside the UK",141,82,59
E01000419,Works mainly from home,234,66,168
E01000420,10km to less than 20km,92,203,-111
E01000420,20km to less than 30km,29,37,-8
E01000420,2km to less than 5km,112,149,-37
E01000420,30km to less than 40km,5,7,-2
E01000420,40km to less than 60km,6,6,0
E01000420,5km to less than 10km,100,131,-31
E01000420,60km and over,6,9,-3
E01000420,Less than 2km,36,62,-26
E01000420,"Works mainly at an offshore installation, in no fixed place, or outside the UK",132,100,32
E01000420,Works mainly from home,216,69,147
E01000421,10km to less than 20km,94,179,-85
E01000421,20km to less than 30km,13,42,-29
E01000421,2km to less than 5km,117,132,-15
E01000421,30km to less than 40km,2,5,-3
E01000421,40km to less than 60km,7,4,3
E01000421,5km to less than 10km,61,114,-53
E01000421,60km and over,1,5,-4
E01000421,Less than 2km,29,48,-19
E01000421,"Works mainly at an offshore installation, in no fixed place, or outside the UK",124,74,50
E01000421,Works mainly from home,299,58,241
E01000422,10km to less than 20km,95,194,-99
E01000422,20km to less than 30km,21,43,-22
E01000422,2km to less than 5km,75,99,-24
E01000422,30km to less than 40km,4,9,-5
E01000422,40km to less than 60km,2,7,-5
E01000422,5km to less than 10km,72,100,-28
E01000422,60km and over,5,13,-8
E01000422,Less than 2km,52,64,-12
E01000422,"Works mainly at an offshore installation, in no fixed place, or outside the UK",110,68,42
E01000422,Works mainly from home,133,47,86
E01000423,10km to less than 20km,105,289,-184
E01000423,20km to less than 30km,12,23,-11
E01000423,2km to less than 5km,50,72,-22
E01000423,30km to less than 40km,10,8,2
E01000423,40km to less than 60km,3,5,-2
E01000423,5km to less than 10km,85,175,-90
E01000423,60km and over,9,12,-3
E01000423,Less than 2km,37,70,-33
E01000423,"Works mainly at an offshore installation, in no fixed place, or outside the UK",104,95,9
E01000423,Works mainly from home,349,68,281
E01000424,10km to less than 20km,95,366,-271
E01000424,20km to less than 30km,9,40,-31
E01000424,2km to less than 5km,65,83,-18
E01000424,30km to less than 40km,7,13,-6
E01000424,40km to less than 60km,3,8,-5
E01000424,5km to less than 10km,84,135,-51
E01000424,60km and over,5,13,-8
E01000424,Less than 2km,58,82,-24
E01000424,"Works mainly at an offshore installation, in no fixed place, or outside the UK",88,72,16
E01000424,Works mainly from home,454,69,385
E01000425,10km to less than 20km,105,254,-149
E01000425,20km to less than 30km,9,27,-18
E01000425,2km to less than 5km,71,88,-17
E01000425,30km to less than 40km,6,16,-10
E01000425,40km to less than 60km,4,5,-1
E01000425,5km to less than 10km,81,158,-77
E01000425,60km and over,7,9,-2
E01000425,Less than 2km,41,82,-41
E01000425,"Works mainly at an offshore installation, in no fixed place, or outside the UK",105,97,8
E01000425,Works mainly from home,367,86,281
E01000426,10km to less than 20km,141,307,-166
E01000426,20km to less than 30km,19,39,-20
E01000426,2km to less than 5km,59,99,-40
E01000426,30km to less than 40km,0,13,-13
E01000426,40km to less than 60km,5,15,-10
E01000426,5km to less than 10km,105,141,-36
E01000426,60km and over,12,11,1
E01000426,Less than 2km,69,95,-26
E01000426,"Works mainly at an offshore installation, in no fixed place, or outside the UK",128,95,33
E01000426,Works mainly from home,374,80,294
E01000427,10km to less than 20km,135,286,-151
E01000427,20km to less than 30km,13,34,-21
E01000427,2km to less than 5km,80,106,-26
E01000427,30km to less than 40km,1,13,-12
E01000427,40km to less than 60km,2,8,-6
E01000427,5km to less than 10km,131,177,-46
E01000427,60km and over,8,5,3
E01000427,Less than 2km,70,98,-28
E01000427,"Works mainly at an offshore installation, in no fixed place, or outside the UK",149,85,64
E01000427,Works mainly from home,335,59,276
E01000428,10km to less than 20km,140,254,-114
E01000428,20km to less than 30km,23,26,-3
E01000428,2km to less than 5km,66,66,0
E01000428,30km to less than 40km,4,7,-3
E01000428,40km to less than 60km,8,4,4
E01000428,5km to less than 10km,117,154,-37
E01000428,60km and over,3,20,-17
E01000428,Less than 2km,81,105,-24
E01000428,"Works mainly at an offshore installation, in no fixed place, or outside the UK",98,62,36
E01000428,Works mainly from home,310,75,235
E01000429,10km to less than 20km,102,141,-39
E01000429,20km to less than 30km,65,113,-48
E01000429,2km to less than 5km,117,110,7
E01000429,30km to less than 40km,12,11,1
E01000429,40km to less than 60km,5,3,2
E01000429,5km to less than 10km,83,97,-14
E01000429,60km and over,7,12,-5
E01000429,Less than 2km,52,68,-16
E01000429,"Works mainly at an offshore installation, in no fixed place, or outside the UK",124,87,37
E01000429,Works mainly from home,155,50,105
E01000430,10km to less than 20km,125,165,-40
E01000430,20km to less than 30km,106,184,-78
E01000430,2km to less than 5km,130,134,-4
E01000430,30km to less than 40km,7,19,-12
E01000430,40km to less than 60km,15,9,6
E01000430,5km to less than 10km,119,113,6
E01000430,60km and over,8,15,-7
E01000430,Less than 2km,43,61,-18
E01000430,"Works mainly at an offshore installation, in no fixed place, or outside the UK",166,69,97
E01000430,Works mainly from home,277,59,218
E01000431,10km to less than 20km,62,129,-67
E01000431,20km to less than 30km,37,68,-31
E01000431,2km to less than 5km,73,122,-49
E01000431,30km to less than 40km,5,14,-9
E01000431,40km to less than 60km,2,3,-1
E01000431,5km to less than 10km,68,107,-39
E01000431,60km and over,9,12,-3
E01000431,Less than 2km,30,80,-50
E01000431,"Works mainly at an offshore installation, in no fixed place, or outside the UK",89,75,14
E01000431,Works mainly from home,116,40,76
E01000433,10km to less than 20km,101,119,-18
E01000433,20km to less than 30km,72,85,-13
E01000433,2km to less than 5km,112,129,-17
E01000433,30km to less than 40km,9,9,0
E01000433,40km to less than 60km,4,8,-4
E01000433,5km to less than 10km,97,127,-30
E01000433,60km and over,11,9,2
E01000433,Less than 2km,56,77,-21
E01000433,"Works mainly at an offshore installation, in no fixed place, or outside the UK",175,75,100
E01000433,Works mainly from home,184,51,133
E01000434,10km to less than 20km,70,74,-4
E01000434,20km to less than 30km,48,97,-49
E01000434,2km to less than 5km,102,133,-31
E01000434,30km to less than 40km,7,10,-3
E01000434,40km to less than 60km,0,1,-1
E01000434,5km to less than 10km,106,102,4
E01000434,60km and over,9,8,1
E01000434,Less than 2km,64,78,-14
E01000434,"Works mainly at an offshore installation, in no fixed place, or outside the UK",136,55,81
E01000434,Works mainly from home,139,22,117
E01000435,10km to less than 20km,74,98,-24
E01000435,20km to less than 30km,35,93,-58
E01000435,2km to less than 5km,97,117,-20
E01000435,30km to less than 40km,4,8,-4
E01000435,40km to less than 60km,3,8,-5
E01000435,5km to less than 10km,82,85,-3
E01000435,60km and over,6,7,-1
E01000435,Less than 2km,46,81,-35
E01000435,"Works mainly at an offshore installation, in no fixed place, or outside the UK",116,58,58
E01000435,Works mainly from home,204,37,167
E01000436,10km to less than 20km,81,231,-150
E01000436,20km to less than 30km,21,53,-32
E01000436,2km to less than 5km,100,156,-56
E01000436,30km to less than 40km,8,8,0
E01000436,40km to less than 60km,3,7,-4
E01000436,5km to less than 10km,104,158,-54
E01000436,60km and over,1,11,-10
E01000436,Less than 2km,55,78,-23
E01000436,"Works mainly at an offshore installation, in no fixed place, or outside the UK",153,78,75
E01000436,Works mainly from home,335,71,264
E01000437,10km to less than 20km,67,140,-73
E01000437,20km to less than 30km,30,48,-18
E01000437,2km to less than 5km,108,115,-7
E01000437,30km to less than 40km,5,13,-8
E01000437,40km to less than 60km,5,11,-6
E01000437,5km to less than 10km,88,121,-33
E01000437,60km and over,1,7,-6
E01000437,Less than 2km,45,64,-19
E01000437,"Works mainly at an offshore installation, in no fixed place, or outside the UK",135,71,64
E01000437,Works mainly from home,230,40,190
E01000438,10km to less than 20km,101,165,-64
E01000438,20km to less than 30km,38,57,-19
E01000438,2km to less than 5km,111,144,-33
E01000438,30km to less than 40km,9,19,-10
E01000438,40km to less than 60km,1,6,-5
E01000438,5km to less than 10km,87,148,-61
E01000438,60km and over,8,6,2
E01000438,Less than 2km,61,113,-52
E01000438,"Works mainly at an offshore installation, in no fixed place, or outside the UK",138,88,50
E01000438,Works mainly from home,237,54,183
E01000439,10km to less than 20km,66,133,-67
E01000439,20km to less than 30km,40,58,-18
E01000439,2km to less than 5km,105,126,-21
E01000439,30km to less than 40km,5,4,1
E01000439,40km to less than 60km,5,7,-2
E01000439,5km to less than 10km,78,102,-24
E01000439,60km and over,8,9,-1
E01000439,Less than 2km,49,115,-66
E01000439,"Works mainly at an offshore installation, in no fixed place, or outside the UK",128,83,45
E01000439,Works mainly from home,159,37,122
E01000440,10km to less than 20km,76,159,-83
E01000440,20km to less than 30km,19,59,-40
E01000440,2km to less than 5km,89,98,-9
E01000440,30km to less than 40km,7,10,-3
E01000440,40km to less than 60km,3,7,-4
E01000440,5km to less than 10km,86,135,-49
E01000440,60km and over,5,5,0
E01000440,Less than 2km,49,103,-54
E01000440,"Works mainly at an offshore installation, in no fixed place, or outside the UK",111,81,30
E01000440,Works mainly from home,230,47,183
E01000441,10km to less than 20km,84,186,-102
E01000441,20km to less than 30km,25,60,-35
E01000441,2km to less than 5km,100,130,-30
E01000441,30km to less than 40km,3,12,-9
E01000441,40km to less than 60km,2,12,-10
E01000441,5km to less than 10km,90,107,-17
E01000441,60km and over,5,4,1
E01000441,Less than 2km,73,92,-19
E01000441,"Works mainly at an offshore installation, in no fixed place, or outside the UK",167,81,86
E01000441,Works mainly from home,237,45,192
E01000442,10km to less than 20km,80,193,-113
E01000442,20km to less than 30km,32,42,-10
E01000442,2km to less than 5km,94,166,-72
E01000442,30km to less than 40km,6,7,-1
E01000442,40km to less than 60km,2,6,-4
E01000442,5km to less than 10km,108,132,-24
E01000442,60km and over,4,6,-2
E01000442,Less than 2km,74,76,-2
E01000442,"Works mainly at an offshore installation, in no fixed place, or outside the UK",142,75,67
E01000442,Works mainly from home,280,50,230
E01000443,10km to less than 20km,76,179,-103
E01000443,20km to less than 30km,14,32,-18
E01000443,2km to less than 5km,64,100,-36
E01000443,30km to less than 40km,9,8,1
E01000443,40km to less than 60km,3,5,-2
E01000443,5km to less than 10km,72,103,-31
E01000443,60km and over,4,5,-1
E01000443,Less than 2km,33,58,-25
E01000443,"Works mainly at an offshore installation, in no fixed place, or outside the UK",112,66,46
E01000443,Works mainly from home,261,40,221
E01000444,10km to less than 20km,71,183,-112
E01000444,20km to less than 30km,43,140,-97
E01000444,2km to less than 5km,70,114,-44
E01000444,30km to less than 40km,2,15,-13
E01000444,40km to less than 60km,2,9,-7
E01000444,5km to less than 10km,85,93,-8
E01000444,60km and over,3,12,-9
E01000444,Less than 2km,20,51,-31
E01000444,"Works mainly at an offshore installation, in no fixed place, or outside the UK",93,74,19
E01000444,Works mainly from home,367,88,279
E01000445,10km to less than 20km,79,206,-127
E01000445,20km to less than 30km,24,67,-43
E01000445,2km to less than 5km,62,120,-58
E01000445,30km to less than 40km,5,14,-9
E01000445,40km to less than 60km,4,7,-3
E01000445,5km to less than 10km,83,124,-41
E01000445,60km and over,3,4,-1
E01000445,Less than 2km,32,52,-20
E01000445,"Works mainly at an offshore installation, in no fixed place, or outside the UK",112,108,4
E01000445,Works mainly from home,379,54,325
E01000446,10km to less than 20km,106,267,-161
E01000446,20km to less than 30km,33,59,-26
E01000446,2km to less than 5km,83,149,-66
E01000446,30km to less than 40km,7,11,-4
E01000446,40km to less than 60km,0,4,-4
E01000446,5km to less than 10km,86,164,-78
E01000446,60km and over,4,7,-3
E01000446,Less than 2km,46,60,-14
E01000446,"Works mainly at an offshore installation, in no fixed place, or outside the UK",129,98,31
E01000446,Works mainly from home,349,67,282
E01000447,10km to less than 20km,116,236,-120
E01000447,20km to less than 30km,45,132,-87
E01000447,2km to less than 5km,104,99,5
E01000447,30km to less than 40km,4,8,-4
E01000447,40km to less than 60km,2,8,-6
E01000447,5km to less than 10km,85,111,-26
E01000447,60km and over,4,9,-5
E01000447,Less than 2km,45,60,-15
E01000447,"Works mainly at an offshore installation, in no fixed place, or outside the UK",133,89,44
E01000447,Works mainly from home,508,65,443
E01000448,10km to less than 20km,76,175,-99
E01000448,20km to less than 30km,14,64,-50
E01000448,2km to less than 5km,47,106,-59
E01000448,30km to less than 40km,6,10,-4
E01000448,40km to less than 60km,2,6,-4
E01000448,5km to less than 10km,77,101,-24
E01000448,60km and over,6,9,-3
E01000448,Less than 2km,21,50,-29
E01000448,"Works mainly at an offshore installation, in no fixed place, or outside the UK",72,57,15
E01000448,Works mainly from home,319,56,263
E01000449,10km to less than 20km,71,187,-116
E01000449,20km to less than 30km,29,65,-36
E01000449,2km to less than 5km,55,95,-40
E01000449,30km to less than 40km,8,15,-7
E01000449,40km to less than 60km,4,7,-3
E01000449,5km to less than 10km,63,101,-38
E01000449,60km and over,2,3,-1
E01000449,Less than 2km,49,63,-14
E01000449,"Works mainly at an offshore installation, in no fixed place, or outside the UK",62,55,7
E01000449,Works mainly from home,352,68,284
E01000450,10km to less than 20km,152,259,-107
E01000450,20km to less than 30km,19,26,-7
E01000450,2km to less than 5km,126,150,-24
E01000450,30km to less than 40km,5,11,-6
E01000450,40km to less than 60km,3,8,-5
E01000450,5km to less than 10km,93,141,-48
E01000450,60km and over,6,10,-4
E01000450,Less than 2km,43,41,2
E01000450,"Works mainly at an offshore installation, in no fixed place, or outside the UK",160,86,74
E01000450,Works mainly from home,258,56,202
E01000451,10km to less than 20km,135,281,-146
E01000451,20km to less than 30km,20,32,-12
E01000451,2km to less than 5km,134,185,-51
E01000451,30km to less than 40km,7,9,-2
E01000451,40km to less than 60km,3,7,-4
E01000451,5km to less than 10km,95,125,-30
E01000451,60km and over,8,12,-4
E01000451,Less than 2km,48,62,-14
E01000451,"Works mainly at an offshore installation, in no fixed place, or outside the UK",143,108,35
E01000451,Works mainly from home,326,48,278
E01000452,10km to less than 20km,102,256,-154
E01000452,20km to less than 30km,16,27,-11
E01000452,2km to less than 5km,118,156,-38
E01000452,30km to less than 40km,5,8,-3
E01000452,40km to less than 60km,1,6,-5
E01000452,5km to less than 10km,88,94,-6
E01000452,60km and over,6,9,-3
E01000452,Less than 2km,39,71,-32
E01000452,"Works mainly at an offshore installation, in no fixed place, or outside the UK",140,81,59
E01000452,Works mainly from home,271,48,223
E01000453,10km to less than 20km,111,257,-146
E01000453,20km to less than 30km,22,34,-12
E01000453,2km to less than 5km,97,135,-38
E01000453,30km to less than 40km,7,14,-7
E01000453,40km to less than 60km,3,5,-2
E01000453,5km to less than 10km,68,86,-18
E01000453,60km and over,3,9,-6
E01000453,Less than 2km,48,62,-14
E01000453,"Works mainly at an offshore installation, in no fixed place, or outside the UK",127,106,21
E01000453,Works mainly from home,275,61,214
E01000454,10km to less than 20km,114,223,-109
E01000454,20km to less than 30km,20,25,-5
E01000454,2km to less than 5km,142,165,-23
E01000454,30km to less than 40km,9,8,1
E01000454,40km to less than 60km,1,6,-5
E01000454,5km to less than 10km,88,133,-45
E01000454,60km and over,6,13,-7
E01000454,Less than 2km,33,58,-25
E01000454,"Works mainly at an offshore installation, in no fixed place, or outside the UK",123,75,48
E01000454,Works mainly from home,243,58,185
E01000455,10km to less than 20km,133,269,-136
E01000455,20km to less than 30km,25,43,-18
E01000455,2km to less than 5km,120,173,-53
E01000455,30km to less than 40km,6,13,-7
E01000455,40km to less than 60km,8,10,-2
E01000455,5km to less than 10km,89,131,-42
E01000455,60km and over,4,10,-6
E01000455,Less than 2km,55,68,-13
E01000455,"Works mainly at an offshore installation, in no fixed place, or outside the UK",161,89,72
E01000455,Works mainly from home,295,47,248
E01000456,10km to less than 20km,104,244,-140
E01000456,20km to less than 30km,14,27,-13
E01000456,2km to less than 5km,90,141,-51
E01000456,30km to less than 40km,5,9,-4
E01000456,40km to less than 60km,2,4,-2
E01000456,5km to less than 10km,58,99,-41
E01000456,60km and over,6,8,-2
E01000456,Less than 2km,48,91,-43
E01000456,"Works mainly at an offshore installation, in no fixed place, or outside the UK",111,79,32
E01000456,Works mainly from home,292,47,245
E01000457,10km to less than 20km,137,314,-177
E01000457,20km to less than 30km,23,57,-34
E01000457,2km to less than 5km,82,68,14
E01000457,30km to less than 40km,13,15,-2
E01000457,40km to less than 60km,2,5,-3
E01000457,5km to less than 10km,130,148,-18
E01000457,60km and over,14,13,1
E01000457,Less than 2km,77,100,-23
E01000457,"Works mainly at an offshore installation, in no fixed place, or outside the UK",142,86,56
E01000457,Works mainly from home,448,68,380
E01000458,10km to less than 20km,64,238,-174
E01000458,20km to less than 30km,16,30,-14
E01000458,2km to less than 5km,50,76,-26
E01000458,30km to less than 40km,4,10,-6
E01000458,40km to less than 60km,2,9,-7
E01000458,5km to less than 10km,58,93,-35
E01000458,60km and over,5,13,-8
E01000458,Less than 2km,59,80,-21
E01000458,"Works mainly at an offshore installation, in no fixed place, or outside the UK",90,79,11
E01000458,Works mainly from home,338,76,262
E01000459,10km to less than 20km,68,217,-149
E01000459,20km to less than 30km,17,47,-30
E01000459,2km to less than 5km,85,53,32
E01000459,30km to less than 40km,5,14,-9
E01000459,40km to less than 60km,2,4,-2
E01000459,5km to less than 10km,100,110,-10
E01000459,60km and over,1,4,-3
E01000459,Less than 2km,77,100,-23
E01000459,"Works mainly at an offshore installation, in no fixed place, or outside the UK",117,75,42
E01000459,Works mainly from home,358,93,265
E01000460,10km to less than 20km,67,264,-197
E01000460,20km to less than 30km,7,23,-16
E01000460,2km to less than 5km,37,101,-64
E01000460,30km to less than 40km,5,19,-14
E01000460,40km to less than 60km,4,6,-2
E01000460,5km to less than 10km,61,124,-63
E01000460,60km and over,3,11,-8
E01000460,Less than 2km,45,78,-33
E01000460,"Works mainly at an offshore installation, in no fixed place, or outside the UK",75,56,19
E01000460,Works mainly from home,319,75,244
E01000461,10km to less than 20km,80,264,-184
E01000461,20km to less than 30km,30,37,-7
E01000461,2km to less than 5km,64,126,-62
E01000461,30km to less than 40km,7,7,0
E01000461,40km to less than 60km,3,10,-7
E01000461,5km to less than 10km,89,142,-53
E01000461,60km and over,1,15,-14
E01000461,Less than 2km,56,104,-48
E01000461,"Works mainly at an offshore installation, in no fixed place, or outside the UK",107,103,4
E01000461,Works mainly from home,364,88,276
E01000462,10km to less than 20km,127,261,-134
E01000462,20km to less than 30km,22,35,-13
E01000462,2km to less than 5km,65,72,-7
E01000462,30km to less than 40km,7,8,-1
E01000462,40km to less than 60km,7,6,1
E01000462,5km to less than 10km,113,95,18
E01000462,60km and over,7,11,-4
E01000462,Less than 2km,64,76,-12
E01000462,"Works mainly at an offshore installation, in no fixed place, or outside the UK",144,84,60
E01000462,Works mainly from home,398,90,308
E01000463,10km to less than 20km,83,243,-160
E01000463,20km to less than 30km,7,20,-13
E01000463,2km to less than 5km,40,74,-34
E01000463,30km to less than 40km,7,10,-3
E01000463,40km to less than 60km,4,6,-2
E01000463,5km to less than 10km,85,118,-33
E01000463,60km and over,1,11,-10
E01000463,Less than 2km,43,63,-20
E01000463,"Works mainly at an offshore installation, in no fixed place, or outside the UK",94,59,35
E01000463,Works mainly from home,277,49,228
E01000464,10km to less than 20km,119,192,-73
E01000464,20km to less than 30km,20,39,-19
E01000464,2km to less than 5km,103,102,1
E01000464,30km to less than 40km,12,5,7
E01000464,40km to less than 60km,1,8,-7
E01000464,5km to less than 10km,74,95,-21
E01000464,60km and over,7,17,-10
E01000464,Less than 2km,42,51,-9
E01000464,"Works mainly at an offshore installation, in no fixed place, or outside the UK",145,61,84
E01000464,Works mainly from home,128,44,84
E01000465,10km to less than 20km,135,203,-68
E01000465,20km to less than 30km,28,41,-13
E01000465,2km to less than 5km,115,113,2
E01000465,30km to less than 40km,11,15,-4
E01000465,40km to less than 60km,4,9,-5
E01000465,5km to less than 10km,77,102,-25
E01000465,60km and over,5,8,-3
E01000465,Less than 2km,64,56,8
E01000465,"Works mainly at an offshore installation, in no fixed place, or outside the UK",145,66,79
E01000465,Works mainly from home,136,36,100
E01000466,10km to less than 20km,133,185,-52
E01000466,20km to less than 30km,35,37,-2
E01000466,2km to less than 5km,73,98,-25
E01000466,30km to less than 40km,5,13,-8
E01000466,40km to less than 60km,6,10,-4
E01000466,5km to less than 10km,94,102,-8
E01000466,60km and over,10,13,-3
E01000466,Less than 2km,63,50,13
E01000466,"Works mainly at an offshore installation, in no fixed place, or outside the UK",159,72,87
E01000466,Works mainly from home,163,50,113
E01000467,10km to less than 20km,150,264,-114
E01000467,20km to less than 30km,36,38,-2
E01000467,2km to less than 5km,66,79,-13
E01000467,30km to less than 40km,12,10,2
E01000467,40km to less than 60km,2,5,-3
E01000467,5km to less than 10km,112,136,-24
E01000467,60km and over,5,12,-7
E01000467,Less than 2km,48,41,7
E01000467,"Works mainly at an offshore installation, in no fixed place, or outside the UK",130,75,55
E01000467,Works mainly from home,170,54,116
E01000468,10km to less than 20km,271,407,-136
E01000468,20km to less than 30km,51,80,-29
E01000468,2km to less than 5km,112,100,12
E01000468,30km to less than 40km,12,19,-7
E01000468,40km to less than 60km,8,11,-3
E01000468,5km to less than 10km,177,175,2
E01000468,60km and over,18,19,-1
E01000468,Less than 2km,59,61,-2
E01000468,"Works mainly at an offshore installation, in no fixed place, or outside the UK",269,167,102
E01000468,Works mainly from home,301,134,167
E01000469,10km to less than 20km,160,253,-93
E01000469,20km to less than 30km,40,52,-12
E01000469,2km to less than 5km,73,83,-10
E01000469,30km to less than 40km,18,12,6
E01000469,40km to less than 60km,9,8,1
E01000469,5km to less than 10km,125,124,1
E01000469,60km and over,6,16,-10
E01000469,Less than 2km,43,45,-2
E01000469,"Works mainly at an offshore installation, in no fixed place, or outside the UK",151,99,52
E01000469,Works mainly from home,209,65,144
E01000470,10km to less than 20km,75,170,-95
E01000470,20km to less than 30km,26,33,-7
E01000470,2km to less than 5km,79,82,-3
E01000470,30km to less than 40km,4,8,-4
E01000470,40km to less than 60km,6,2,4
E01000470,5km to less than 10km,79,79,0
E01000470,60km and over,6,10,-4
E01000470,Less than 2km,35,57,-22
E01000470,"Works mainly at an offshore installation, in no fixed place, or outside the UK",94,60,34
E01000470,Works mainly from home,101,37,64
E01000471,10km to less than 20km,129,158,-29
E01000471,20km to less than 30km,16,16,0
E01000471,2km to less than 5km,136,136,0
E01000471,30km to less than 40km,4,3,1
E01000471,40km to less than 60km,5,4,1
E01000471,5km to less than 10km,141,143,-2
E01000471,60km and over,14,13,1
E01000471,Less than 2km,182,179,3
E01000471,"Works mainly at an offshore installation, in no fixed place, or outside the UK",161,98,63
E01000471,Works mainly from home,119,63,56
E01000472,10km to less than 20km,185,183,2
E01000472,20km to less than 30km,18,19,-1
E01000472,2km to less than 5km,155,114,41
E01000472,30km to less than 40km,13,5,8
E01000472,40km to less than 60km,3,1,2
E01000472,5km to less than 10km,182,133,49
E01000472,60km and over,5,15,-10
E01000472,Less than 2km,142,135,7
E01000472,"Works mainly at an offshore installation, in no fixed place, or outside the UK",198,104,94
E01000472,Works mainly from home,321,55,266
E01000473,10km to less than 20km,131,103,28
E01000473,20km to less than 30km,14,10,4
E01000473,2km to less than 5km,242,159,83
E01000473,30km to less than 40km,8,1,7
E01000473,40km to less than 60km,1,0,1
E01000473,5km to less than 10km,191,118,73
E01000473,60km and over,15,9,6
E01000473,Less than 2km,265,126,139
E01000473,"Works mainly at an offshore installation, in no fixed place, or outside the UK",177,80,97
E01000473,Works mainly from home,251,53,198
E01000474,10km to less than 20km,120,163,-43
E01000474,20km to less than 30km,17,15,2
E01000474,2km to less than 5km,215,216,-1
E01000474,30km to less than 40km,3,8,-5
E01000474,40km to less than 60km,8,2,6
E01000474,5km to less than 10km,163,143,20
E01000474,60km and over,9,7,2
E01000474,Less than 2km,275,172,103
E01000474,"Works mainly at an offshore installation, in no fixed place, or outside the UK",164,134,30
E01000474,Works mainly from home,135,49,86
E01000475,10km to less than 20km,128,195,-67
E01000475,20km to less than 30km,18,23,-5
E01000475,2km to less than 5km,191,208,-17
E01000475,30km to less than 40km,2,11,-9
E01000475,40km to less than 60km,4,10,-6
E01000475,5km to less than 10km,134,174,-40
E01000475,60km and over,13,26,-13
E01000475,Less than 2km,143,125,18
E01000475,"Works mainly at an offshore installation, in no fixed place, or outside the UK",178,130,48
E01000475,Works mainly from home,210,69,141
E01000476,10km to less than 20km,119,143,-24
E01000476,20km to less than 30km,12,11,1
E01000476,2km to less than 5km,170,140,30
E01000476,30km to less than 40km,2,7,-5
E01000476,40km to less than 60km,2,3,-1
E01000476,5km to less than 10km,145,143,2
E01000476,60km and over,11,9,2
E01000476,Less than 2km,281,167,114
E01000476,"Works mainly at an offshore installation, in no fixed place, or outside the UK",200,107,93
E01000476,Works mainly from home,130,43,87
E01000477,10km to less than 20km,108,145,-37
E01000477,20km to less than 30km,10,15,-5
E01000477,2km to less than 5km,155,127,28
E01000477,30km to less than 40km,4,4,0
E01000477,40km to less than 60km,4,6,-2
E01000477,5km to less than 10km,180,183,-3
E01000477,60km and over,16,16,0
E01000477,Less than 2km,330,213,117
E01000477,"Works mainly at an offshore installation, in no fixed place, or outside the UK",244,135,109
E01000477,Works mainly from home,145,77,68
E01000478,10km to less than 20km,101,202,-101
E01000478,20km to less than 30km,10,21,-11
E01000478,2km to less than 5km,175,182,-7
E01000478,30km to less than 40km,4,11,-7
E01000478,40km to less than 60km,8,5,3
E01000478,5km to less than 10km,163,197,-34
E01000478,60km and over,16,17,-1
E01000478,Less than 2km,285,210,75
E01000478,"Works mainly at an offshore installation, in no fixed place, or outside the UK",201,153,48
E01000478,Works mainly from home,243,64,179
E01000479,10km to less than 20km,100,175,-75
E01000479,20km to less than 30km,3,27,-24
E01000479,2km to less than 5km,112,154,-42
E01000479,30km to less than 40km,5,8,-3
E01000479,40km to less than 60km,1,4,-3
E01000479,5km to less than 10km,98,120,-22
E01000479,60km and over,13,12,1
E01000479,Less than 2km,37,54,-17
E01000479,"Works mainly at an offshore installation, in no fixed place, or outside the UK",124,89,35
E01000479,Works mainly from home,293,96,197
E01000480,10km to less than 20km,126,276,-150
E01000480,20km to less than 30km,12,19,-7
E01000480,2km to less than 5km,92,114,-22
E01000480,30km to less than 40km,7,5,2
E01000480,40km to less than 60km,2,2,0
E01000480,5km to less than 10km,73,123,-50
E01000480,60km and over,4,18,-14
E01000480,Less than 2km,45,65,-20
E01000480,"Works mainly at an offshore installation, in no fixed place, or outside the UK",149,139,10
E01000480,Works mainly from home,283,103,180
E01000481,10km to less than 20km,105,204,-99
E01000481,20km to less than 30km,6,12,-6
E01000481,2km to less than 5km,127,145,-18
E01000481,30km to less than 40km,1,7,-6
E01000481,40km to less than 60km,1,2,-1
E01000481,5km to less than 10km,104,113,-9
E01000481,60km and over,6,8,-2
E01000481,Less than 2km,41,51,-10
E01000481,"Works mainly at an offshore installation, in no fixed place, or outside the UK",125,108,17
E01000481,Works mainly from home,235,51,184
E01000483,10km to less than 20km,90,145,-55
E01000483,20km to less than 30km,10,11,-1
E01000483,2km to less than 5km,130,129,1
E01000483,30km to less than 40km,5,3,2
E01000483,40km to less than 60km,2,3,-1
E01000483,5km to less than 10km,132,153,-21
E01000483,60km and over,10,12,-2
E01000483,Less than 2km,61,57,4
E01000483,"Works mainly at an offshore installation, in no fixed place, or outside the UK",179,138,41
E01000483,Works mainly from home,152,42,110
E01000484,10km to less than 20km,99,136,-37
E01000484,20km to less than 30km,12,19,-7
E01000484,2km to less than 5km,101,116,-15
E01000484,30km to less than 40km,1,0,1
E01000484,40km to less than 60km,3,3,0
E01000484,5km to less than 10km,97,83,14
E01000484,60km and over,5,11,-6
E01000484,Less than 2km,46,34,12
E01000484,"Works mainly at an offshore installation, in no fixed place, or outside the UK",163,67,96
E01000484,Works mainly from home,201,28,173
E01000485,10km to less than 20km,102,157,-55
E01000485,20km to less than 30km,6,27,-21
E01000485,2km to less than 5km,99,138,-39
E01000485,30km to less than 40km,4,3,1
E01000485,40km to less than 60km,1,5,-4
E01000485,5km to less than 10km,74,103,-29
E01000485,60km and over,5,9,-4
E01000485,Less than 2km,42,41,1
E01000485,"Works mainly at an offshore installation, in no fixed place, or outside the UK",169,104,65
E01000485,Works mainly from home,196,49,147
E01000486,10km to less than 20km,113,263,-150
E01000486,20km to less than 30km,16,28,-12
E01000486,2km to less than 5km,92,183,-91
E01000486,30km to less than 40km,4,3,1
E01000486,40km to less than 60km,0,5,-5
E01000486,5km to less than 10km,68,143,-75
E01000486,60km and over,6,10,-4
E01000486,Less than 2km,53,93,-40
E01000486,"Works mainly at an offshore installation, in no fixed place, or outside the UK",149,159,-10
E01000486,Works mainly from home,272,114,158
E01000487,10km to less than 20km,137,204,-67
E01000487,20km to less than 30km,18,19,-1
E01000487,2km to less than 5km,111,116,-5
E01000487,30km to less than 40km,2,4,-2
E01000487,40km to less than 60km,3,3,0
E01000487,5km to less than 10km,79,98,-19
E01000487,60km and over,6,7,-1
E01000487,Less than 2km,64,38,26
E01000487,"Works mainly at an offshore installation, in no fixed place, or outside the UK",223,118,105
E01000487,Works mainly from home,251,84,167
E01000488,10km to less than 20km,42,84,-42
E01000488,20km to less than 30km,4,7,-3
E01000488,2km to less than 5km,105,158,-53
E01000488,30km to less than 40km,3,2,1
E01000488,40km to less than 60km,2,4,-2
E01000488,5km to less than 10km,137,251,-114
E01000488,60km and over,1,10,-9
E01000488,Less than 2km,47,77,-30
E01000488,"Works mainly at an offshore installation, in no fixed place, or outside the UK",112,104,8
E01000488,Works mainly from home,411,66,345
E01000489,10km to less than 20km,41,76,-35
E01000489,20km to less than 30km,20,19,1
E01000489,2km to less than 5km,99,147,-48
E01000489,30km to less than 40km,0,2,-2
E01000489,40km to less than 60km,0,9,-9
E01000489,5km to less than 10km,156,284,-128
E01000489,60km and over,2,8,-6
E01000489,Less than 2km,49,75,-26
E01000489,"Works mainly at an offshore installation, in no fixed place, or outside the UK",113,68,45
E01000489,Works mainly from home,370,104,266
E01000490,10km to less than 20km,55,97,-42
E01000490,20km to less than 30km,6,16,-10
E01000490,2km to less than 5km,112,175,-63
E01000490,30km to less than 40km,3,11,-8
E01000490,40km to less than 60km,5,5,0
E01000490,5km to less than 10km,141,479,-338
E01000490,60km and over,6,11,-5
E01000490,Less than 2km,43,64,-21
E01000490,"Works mainly at an offshore installation, in no fixed place, or outside the UK",112,106,6
E01000490,Works mainly from home,518,79,439
E01000491,10km to less than 20km,47,76,-29
E01000491,20km to less than 30km,6,15,-9
E01000491,2km to less than 5km,94,170,-76
E01000491,30km to less than 40km,2,3,-1
E01000491,40km to less than 60km,0,5,-5
E01000491,5km to less than 10km,173,334,-161
E01000491,60km and over,5,8,-3
E01000491,Less than 2km,64,95,-31
E01000491,"Works mainly at an offshore installation, in no fixed place, or outside the UK",104,115,-11
E01000491,Works mainly from home,536,147,389
E01000492,10km to less than 20km,25,62,-37
E01000492,20km to less than 30km,3,8,-5
E01000492,2km to less than 5km,86,116,-30
E01000492,30km to less than 40km,1,2,-1
E01000492,40km to less than 60km,4,0,4
E01000492,5km to less than 10km,90,219,-129
E01000492,60km and over,5,7,-2
E01000492,Less than 2km,45,56,-11
E01000492,"Works mainly at an offshore installation, in no fixed place, or outside the UK",69,96,-27
E01000492,Works mainly from home,322,120,202
E01000493,10km to less than 20km,25,90,-65
E01000493,20km to less than 30km,6,15,-9
E01000493,2km to less than 5km,78,138,-60
E01000493,30km to less than 40km,1,7,-6
E01000493,40km to less than 60km,2,5,-3
E01000493,5km to less than 10km,115,311,-196
E01000493,60km and over,5,15,-10
E01000493,Less than 2km,44,50,-6
E01000493,"Works mainly at an offshore installation, in no fixed place, or outside the UK",96,98,-2
E01000493,Works mainly from home,433,102,331
E01000494,10km to less than 20km,46,99,-53
E01000494,20km to less than 30km,9,9,0
E01000494,2km to less than 5km,75,139,-64
E01000494,30km to less than 40km,2,4,-2
E01000494,40km to less than 60km,8,7,1
E01000494,5km to less than 10km,127,373,-246
E01000494,60km and over,4,11,-7
E01000494,Less than 2km,38,47,-9
E01000494,"Works mainly at an offshore installation, in no fixed place, or outside the UK",92,95,-3
E01000494,Works mainly from home,390,100,290
E01000495,10km to less than 20km,35,68,-33
E01000495,20km to less than 30km,4,12,-8
E01000495,2km to less than 5km,82,138,-56
E01000495,30km to less than 40km,1,8,-7
E01000495,40km to less than 60km,0,6,-6
E01000495,5km to less than 10km,156,363,-207
E01000495,60km and over,1,12,-11
E01000495,Less than 2km,31,56,-25
E01000495,"Works mainly at an offshore installation, in no fixed place, or outside the UK",110,100,10
E01000495,Works mainly from home,379,90,289
E01000497,10km to less than 20km,64,89,-25
E01000497,20km to less than 30km,18,8,10
E01000497,2km to less than 5km,154,134,20
E01000497,30km to less than 40km,3,1,2
E01000497,40km to less than 60km,2,7,-5
E01000497,5km to less than 10km,232,230,2
E01000497,60km and over,12,4,8
E01000497,Less than 2km,77,103,-26
E01000497,"Works mainly at an offshore installation, in no fixed place, or outside the UK",218,112,106
E01000497,Works mainly from home,215,83,132
E01000498,10km to less than 20km,28,92,-64
E01000498,20km to less than 30km,5,10,-5
E01000498,2km to less than 5km,134,136,-2
E01000498,30km to less than 40km,4,2,2
E01000498,40km to less than 60km,0,4,-4
E01000498,5km to less than 10km,108,145,-37
E01000498,60km and over,7,4,3
E01000498,Less than 2km,63,94,-31
E01000498,"Works mainly at an offshore installation, in no fixed place, or outside the UK",182,102,80
E01000498,Works mainly from home,90,49,41
E01000499,10km to less than 20km,69,100,-31
E01000499,20km to less than 30km,4,10,-6
E01000499,2km to less than 5km,115,111,4
E01000499,30km to less than 40km,3,1,2
E01000499,40km to less than 60km,1,4,-3
E01000499,5km to less than 10km,156,158,-2
E01000499,60km and over,12,8,4
E01000499,Less than 2km,52,70,-18
E01000499,"Works mainly at an offshore installation, in no fixed place, or outside the UK",161,125,36
E01000499,Works mainly from home,183,72,111
E01000501,10km to less than 20km,76,132,-56
E01000501,20km to less than 30km,19,9,10
E01000501,2km to less than 5km,151,123,28
E01000501,30km to less than 40km,0,0,0
E01000501,40km to less than 60km,2,3,-1
E01000501,5km to less than 10km,133,202,-69
E01000501,60km and over,4,9,-5
E01000501,Less than 2km,60,75,-15
E01000501,"Works mainly at an offshore installation, in no fixed place, or outside the UK",182,103,79
E01000501,Works mainly from home,232,61,171
E01000502,10km to less than 20km,61,74,-13
E01000502,20km to less than 30km,4,11,-7
E01000502,2km to less than 5km,90,88,2
E01000502,30km to less than 40km,4,4,0
E01000502,40km to less than 60km,1,0,1
E01000502,5km to less than 10km,138,168,-30
E01000502,60km and over,4,3,1
E01000502,Less than 2km,40,63,-23
E01000502,"Works mainly at an offshore installation, in no fixed place, or outside the UK",167,116,51
E01000502,Works mainly from home,222,48,174
E01000503,10km to less than 20km,83,119,-36
E01000503,20km to less than 30km,11,16,-5
E01000503,2km to less than 5km,110,137,-27
E01000503,30km to less than 40km,5,4,1
E01000503,40km to less than 60km,8,8,0
E01000503,5km to less than 10km,158,252,-94
E01000503,60km and over,13,11,2
E01000503,Less than 2km,72,103,-31
E01000503,"Works mainly at an offshore installation, in no fixed place, or outside the UK",218,176,42
E01000503,Works mainly from home,249,73,176
E01000504,10km to less than 20km,60,126,-66
E01000504,20km to less than 30km,9,11,-2
E01000504,2km to less than 5km,100,133,-33
E01000504,30km to less than 40km,1,7,-6
E01000504,40km to less than 60km,3,3,0
E01000504,5km to less than 10km,188,373,-185
E01000504,60km and over,2,10,-8
E01000504,Less than 2km,31,74,-43
E01000504,"Works mainly at an offshore installation, in no fixed place, or outside the UK",145,133,12
E01000504,Works mainly from home,399,90,309
E01000505,10km to less than 20km,47,115,-68
E01000505,20km to less than 30km,7,8,-1
E01000505,2km to less than 5km,105,126,-21
E01000505,30km to less than 40km,1,3,-2
E01000505,40km to less than 60km,3,5,-2
E01000505,5km to less than 10km,137,253,-116
E01000505,60km and over,10,11,-1
E01000505,Less than 2km,35,71,-36
E01000505,"Works mainly at an offshore installation, in no fixed place, or outside the UK",123,110,13
E01000505,Works mainly from home,243,59,184
E01000506,10km to less than 20km,75,113,-38
E01000506,20km to less than 30km,3,15,-12
E01000506,2km to less than 5km,110,136,-26
E01000506,30km to less than 40km,2,5,-3
E01000506,40km to less than 60km,3,1,2
E01000506,5km to less than 10km,163,208,-45
E01000506,60km and over,3,5,-2
E01000506,Less than 2km,64,71,-7
E01000506,"Works mainly at an offshore installation, in no fixed place, or outside the UK",177,181,-4
E01000506,Works mainly from home,180,43,137
E01000507,10km to less than 20km,61,118,-57
E01000507,20km to less than 30km,6,17,-11
E01000507,2km to less than 5km,99,130,-31
E01000507,30km to less than 40km,2,2,0
E01000507,40km to less than 60km,2,3,-1
E01000507,5km to less than 10km,124,243,-119
E01000507,60km and over,3,12,-9
E01000507,Less than 2km,47,70,-23
E01000507,"Works mainly at an offshore installation, in no fixed place, or outside the UK",144,126,18
E01000507,Works mainly from home,273,75,198
E01000508,10km to less than 20km,79,78,1
E01000508,20km to less than 30km,15,16,-1
E01000508,2km to less than 5km,134,156,-22
E01000508,30km to less than 40km,4,5,-1
E01000508,40km to less than 60km,2,2,0
E01000508,5km to less than 10km,196,202,-6
E01000508,60km and over,5,7,-2
E01000508,Less than 2km,65,80,-15
E01000508,"Works mainly at an offshore installation, in no fixed place, or outside the UK",229,146,83
E01000508,Works mainly from home,185,52,133
E01000509,10km to less than 20km,66,121,-55
E01000509,20km to less than 30km,7,8,-1
E01000509,2km to less than 5km,82,126,-44
E01000509,30km to less than 40km,4,3,1
E01000509,40km to less than 60km,6,6,0
E01000509,5km to less than 10km,92,117,-25
E01000509,60km and over,4,11,-7
E01000509,Less than 2km,44,66,-22
E01000509,"Works mainly at an offshore installation, in no fixed place, or outside the UK",180,132,48
E01000509,Works mainly from home,110,40,70
E01000510,10km to less than 20km,62,118,-56
E01000510,20km to less than 30km,12,21,-9
E01000510,2km to less than 5km,97,139,-42
E01000510,30km to less than 40km,5,5,0
E01000510,40km to less than 60km,6,1,5
E01000510,5km to less than 10km,116,157,-41
E01000510,60km and over,3,8,-5
E01000510,Less than 2km,39,83,-44
E01000510,"Works mainly at an offshore installation, in no fixed place, or outside the UK",205,155,50
E01000510,Works mainly from home,138,60,78
E01000511,10km to less than 20km,59,146,-87
E01000511,20km to less than 30km,10,12,-2
E01000511,2km to less than 5km,103,92,11
E01000511,30km to less than 40km,3,4,-1
E01000511,40km to less than 60km,3,4,-1
E01000511,5km to less than 10km,142,178,-36
E01000511,60km and over,2,6,-4
E01000511,Less than 2km,58,54,4
E01000511,"Works mainly at an offshore installation, in no fixed place, or outside the UK",173,137,36
E01000511,Works mainly from home,185,72,113
E01000512,10km to less than 20km,57,167,-110
E01000512,20km to less than 30km,6,20,-14
E01000512,2km to less than 5km,90,151,-61
E01000512,30km to less than 40km,2,2,0
E01000512,40km to less than 60km,2,5,-3
E01000512,5km to less than 10km,135,314,-179
E01000512,60km and over,1,7,-6
E01000512,Less than 2km,31,71,-40
E01000512,"Works mainly at an offshore installation, in no fixed place, or outside the UK",143,161,-18
E01000512,Works mainly from home,328,81,247
E01000513,10km to less than 20km,92,181,-89
E01000513,20km to less than 30km,15,17,-2
E01000513,2km to less than 5km,104,130,-26
E01000513,30km to less than 40km,5,8,-3
E01000513,40km to less than 60km,2,3,-1
E01000513,5km to less than 10km,83,173,-90
E01000513,60km and over,8,10,-2
E01000513,Less than 2km,62,60,2
E01000513,"Works mainly at an offshore installation, in no fixed place, or outside the UK",187,145,42
E01000513,Works mainly from home,209,58,151
E01000514,10km to less than 20km,123,172,-49
E01000514,20km to less than 30km,13,15,-2
E01000514,2km to less than 5km,95,131,-36
E01000514,30km to less than 40km,1,4,-3
E01000514,40km to less than 60km,3,4,-1
E01000514,5km to less than 10km,93,165,-72
E01000514,60km and over,16,7,9
E01000514,Less than 2km,57,64,-7
E01000514,"Works mainly at an offshore installation, in no fixed place, or outside the UK",211,163,48
E01000514,Works mainly from home,179,65,114
E01000515,10km to less than 20km,127,174,-47
E01000515,20km to less than 30km,11,13,-2
E01000515,2km to less than 5km,112,144,-32
E01000515,30km to less than 40km,3,4,-1
E01000515,40km to less than 60km,5,2,3
E01000515,5km to less than 10km,125,145,-20
E01000515,60km and over,8,11,-3
E01000515,Less than 2km,70,59,11
E01000515,"Works mainly at an offshore installation, in no fixed place, or outside the UK",213,140,73
E01000515,Works mainly from home,200,62,138
E01000516,10km to less than 20km,160,194,-34
E01000516,20km to less than 30km,17,21,-4
E01000516,2km to less than 5km,138,136,2
E01000516,30km to less than 40km,5,2,3
E01000516,40km to less than 60km,10,4,6
E01000516,5km to less than 10km,143,154,-11
E01000516,60km and over,15,7,8
E01000516,Less than 2km,84,59,25
E01000516,"Works mainly at an offshore installation, in no fixed place, or outside the UK",282,200,82
E01000516,Works mainly from home,350,67,283
E01000517,10km to less than 20km,109,228,-119
E01000517,20km to less than 30km,11,29,-18
E01000517,2km to less than 5km,92,132,-40
E01000517,30km to less than 40km,3,6,-3
E01000517,40km to less than 60km,2,8,-6
E01000517,5km to less than 10km,72,96,-24
E01000517,60km and over,15,8,7
E01000517,Less than 2km,30,70,-40
E01000517,"Works mainly at an offshore installation, in no fixed place, or outside the UK",183,130,53
E01000517,Works mainly from home,249,68,181
E01000518,10km to less than 20km,119,163,-44
E01000518,20km to less than 30km,9,13,-4
E01000518,2km to less than 5km,150,143,7
E01000518,30km to less than 40km,7,4,3
E01000518,40km to less than 60km,3,4,-1
E01000518,5km to less than 10km,118,138,-20
E01000518,60km and over,13,7,6
E01000518,Less than 2km,67,58,9
E01000518,"Works mainly at an offshore installation, in no fixed place, or outside the UK",255,136,119
E01000518,Works mainly from home,178,55,123
E01000519,10km to less than 20km,116,202,-86
E01000519,20km to less than 30km,9,13,-4
E01000519,2km to less than 5km,134,154,-20
E01000519,30km to less than 40km,2,9,-7
E01000519,40km to less than 60km,1,5,-4
E01000519,5km to less than 10km,124,172,-48
E01000519,60km and over,7,11,-4
E01000519,Less than 2km,46,68,-22
E01000519,"Works mainly at an offshore installation, in no fixed place, or outside the UK",297,132,165
E01000519,Works mainly from home,222,63,159
E01000520,10km to less than 20km,84,164,-80
E01000520,20km to less than 30km,6,18,-12
E01000520,2km to less than 5km,80,122,-42
E01000520,30km to less than 40km,2,10,-8
E01000520,40km to less than 60km,1,3,-2
E01000520,5km to less than 10km,111,126,-15
E01000520,60km and over,4,5,-1
E01000520,Less than 2km,68,65,3
E01000520,"Works mainly at an offshore installation, in no fixed place, or outside the UK",182,142,40
E01000520,Works mainly from home,203,52,151
E01000521,10km to less than 20km,63,102,-39
E01000521,20km to less than 30km,8,14,-6
E01000521,2km to less than 5km,171,144,27
E01000521,30km to less than 40km,4,3,1
E01000521,40km to less than 60km,3,10,-7
E01000521,5km to less than 10km,187,211,-24
E01000521,60km and over,9,8,1
E01000521,Less than 2km,119,143,-24
E01000521,"Works mainly at an offshore installation, in no fixed place, or outside the UK",189,133,56
E01000521,Works mainly from home,166,62,104
E01000522,10km to less than 20km,45,90,-45
E01000522,20km to less than 30km,6,11,-5
E01000522,2km to less than 5km,152,166,-14
E01000522,30km to less than 40km,0,1,-1
E01000522,40km to less than 60km,1,3,-2
E01000522,5km to less than 10km,143,223,-80
E01000522,60km and over,7,11,-4
E01000522,Less than 2km,78,89,-11
E01000522,"Works mainly at an offshore installation, in no fixed place, or outside the UK",201,105,96
E01000522,Works mainly from home,198,64,134
E01000523,10km to less than 20km,82,126,-44
E01000523,20km to less than 30km,14,16,-2
E01000523,2km to less than 5km,144,198,-54
E01000523,30km to less than 40km,2,4,-2
E01000523,40km to less than 60km,3,9,-6
E01000523,5km to less than 10km,181,343,-162
E01000523,60km and over,8,24,-16
E01000523,Less than 2km,101,139,-38
E01000523,"Works mainly at an offshore installation, in no fixed place, or outside the UK",232,193,39
E01000523,Works mainly from home,257,106,151
E01000524,10km to less than 20km,91,115,-24
E01000524,20km to less than 30km,20,11,9
E01000524,2km to less than 5km,158,193,-35
E01000524,30km to less than 40km,1,0,1
E01000524,40km to less than 60km,5,10,-5
E01000524,5km to less than 10km,199,264,-65
E01000524,60km and over,10,18,-8
E01000524,Less than 2km,104,143,-39
E01000524,"Works mainly at an offshore installation, in no fixed place, or outside the UK",221,185,36
E01000524,Works mainly from home,245,104,141
E01000525,10km to less than 20km,69,110,-41
E01000525,20km to less than 30km,10,11,-1
E01000525,2km to less than 5km,116,142,-26
E01000525,30km to less than 40km,0,6,-6
E01000525,40km to less than 60km,3,4,-1
E01000525,5km to less than 10km,165,226,-61
E01000525,60km and over,7,12,-5
E01000525,Less than 2km,88,130,-42
E01000525,"Works mainly at an offshore installation, in no fixed place, or outside the UK",170,140,30
E01000525,Works mainly from home,225,68,157
E01000526,10km to less than 20km,66,117,-51
E01000526,20km to less than 30km,7,11,-4
E01000526,2km to less than 5km,161,186,-25
E01000526,30km to less than 40km,4,7,-3
E01000526,40km to less than 60km,3,8,-5
E01000526,5km to less than 10km,137,222,-85
E01000526,60km and over,9,14,-5
E01000526,Less than 2km,82,125,-43
E01000526,"Works mainly at an offshore installation, in no fixed place, or outside the UK",202,84,118
E01000526,Works mainly from home,180,41,139
E01000527,10km to less than 20km,54,122,-68
E01000527,20km to less than 30km,6,11,-5
E01000527,2km to less than 5km,115,165,-50
E01000527,30km to less than 40km,1,5,-4
E01000527,40km to less than 60km,0,7,-7
E01000527,5km to less than 10km,152,237,-85
E01000527,60km and over,13,8,5
E01000527,Less than 2km,65,97,-32
E01000527,"Works mainly at an offshore installation, in no fixed place, or outside the UK",154,155,-1
E01000527,Works mainly from home,161,51,110
E01000528,10km to less than 20km,62,79,-17
E01000528,20km to less than 30km,4,11,-7
E01000528,2km to less than 5km,111,101,10
E01000528,30km to less than 40km,2,1,1
E01000528,40km to less than 60km,3,3,0
E01000528,5km to less than 10km,158,148,10
E01000528,60km and over,6,16,-10
E01000528,Less than 2km,70,84,-14
E01000528,"Works mainly at an offshore installation, in no fixed place, or outside the UK",149,80,69
E01000528,Works mainly from home,190,28,162
E01000530,10km to less than 20km,40,97,-57
E01000530,20km to less than 30km,2,17,-15
E01000530,2km to less than 5km,112,212,-100
E01000530,30km to less than 40km,2,4,-2
E01000530,40km to less than 60km,2,5,-3
E01000530,5km to less than 10km,143,352,-209
E01000530,60km and over,4,10,-6
E01000530,Less than 2km,51,94,-43
E01000530,"Works mainly at an offshore installation, in no fixed place, or outside the UK",127,112,15
E01000530,Works mainly from home,456,133,323
E01000531,10km to less than 20km,47,113,-66
E01000531,20km to less than 30km,9,20,-11
E01000531,2km to less than 5km,110,228,-118
E01000531,30km to less than 40km,2,7,-5
E01000531,40km to less than 60km,0,3,-3
E01000531,5km to less than 10km,137,339,-202
E01000531,60km and over,6,14,-8
E01000531,Less than 2km,44,95,-51
E01000531,"Works mainly at an offshore installation, in no fixed place, or outside the UK",154,161,-7
E01000531,Works mainly from home,353,115,238
E01000532,10km to less than 20km,44,71,-27
E01000532,20km to less than 30km,10,16,-6
E01000532,2km to less than 5km,102,202,-100
E01000532,30km to less than 40km,1,3,-2
E01000532,40km to less than 60km,1,10,-9
E01000532,5km to less than 10km,130,317,-187
E01000532,60km and over,4,10,-6
E01000532,Less than 2km,41,97,-56
E01000532,"Works mainly at an offshore installation, in no fixed place, or outside the UK",105,109,-4
E01000532,Works mainly from home,394,96,298
E01000533,10km to less than 20km,65,107,-42
E01000533,20km to less than 30km,12,22,-10
E01000533,2km to less than 5km,139,225,-86
E01000533,30km to less than 40km,4,5,-1
E01000533,40km to less than 60km,2,3,-1
E01000533,5km to less than 10km,160,275,-115
E01000533,60km and over,7,18,-11
E01000533,Less than 2km,65,122,-57
E01000533,"Works mainly at an offshore installation, in no fixed place, or outside the UK",183,180,3
E01000533,Works mainly from home,284,81,203
E01000534,10km to less than 20km,54,94,-40
E01000534,20km to less than 30km,11,11,0
E01000534,2km to less than 5km,110,172,-62
E01000534,30km to less than 40km,1,3,-2
E01000534,40km to less than 60km,2,3,-1
E01000534,5km to less than 10km,160,246,-86
E01000534,60km and over,6,9,-3
E01000534,Less than 2km,54,71,-17
E01000534,"Works mainly at an offshore installation, in no fixed place, or outside the UK",142,137,5
E01000534,Works mainly from home,396,127,269
E01000535,10km to less than 20km,49,99,-50
E01000535,20km to less than 30km,11,12,-1
E01000535,2km to less than 5km,140,260,-120
E01000535,30km to less than 40km,5,7,-2
E01000535,40km to less than 60km,1,8,-7
E01000535,5km to less than 10km,197,337,-140
E01000535,60km and over,12,18,-6
E01000535,Less than 2km,73,101,-28
E01000535,"Works mainly at an offshore installation, in no fixed place, or outside the UK",182,164,18
E01000535,Works mainly from home,382,113,269
E01000536,10km to less than 20km,83,241,-158
E01000536,20km to less than 30km,12,45,-33
E01000536,2km to less than 5km,84,107,-23
E01000536,30km to less than 40km,8,10,-2
E01000536,40km to less than 60km,4,7,-3
E01000536,5km to less than 10km,59,113,-54
E01000536,60km and over,8,3,5
E01000536,Less than 2km,71,79,-8
E01000536,"Works mainly at an offshore installation, in no fixed place, or outside the UK",77,78,-1
E01000536,Works mainly from home,320,103,217
E01000538,10km to less than 20km,96,243,-147
E01000538,20km to less than 30km,19,27,-8
E01000538,2km to less than 5km,83,115,-32
E01000538,30km to less than 40km,13,11,2
E01000538,40km to less than 60km,9,3,6
E01000538,5km to less than 10km,59,78,-19
E01000538,60km and over,10,7,3
E01000538,Less than 2km,51,66,-15
E01000538,"Works mainly at an offshore installation, in no fixed place, or outside the UK",101,95,6
E01000538,Works mainly from home,313,129,184
E01000539,10km to less than 20km,103,248,-145
E01000539,20km to less than 30km,12,44,-32
E01000539,2km to less than 5km,71,119,-48
E01000539,30km to less than 40km,3,4,-1
E01000539,40km to less than 60km,3,4,-1
E01000539,5km to less than 10km,49,99,-50
E01000539,60km and over,16,6,10
E01000539,Less than 2km,30,53,-23
E01000539,"Works mainly at an offshore installation, in no fixed place, or outside the UK",137,103,34
E01000539,Works mainly from home,330,82,248
E01000540,10km to less than 20km,114,261,-147
E01000540,20km to less than 30km,10,34,-24
E01000540,2km to less than 5km,74,101,-27
E01000540,30km to less than 40km,3,6,-3
E01000540,40km to less than 60km,4,6,-2
E01000540,5km to less than 10km,53,91,-38
E01000540,60km and over,5,9,-4
E01000540,Less than 2km,54,75,-21
E01000540,"Works mainly at an offshore installation, in no fixed place, or outside the UK",121,76,45
E01000540,Works mainly from home,300,81,219
E01000541,10km to less than 20km,104,210,-106
E01000541,20km to less than 30km,16,29,-13
E01000541,2km to less than 5km,81,116,-35
E01000541,30km to less than 40km,4,11,-7
E01000541,40km to less than 60km,7,4,3
E01000541,5km to less than 10km,95,107,-12
E01000541,60km and over,12,10,2
E01000541,Less than 2km,43,70,-27
E01000541,"Works mainly at an offshore installation, in no fixed place, or outside the UK",151,103,48
E01000541,Works mainly from home,193,64,129
E01000543,10km to less than 20km,120,249,-129
E01000543,20km to less than 30km,22,42,-20
E01000543,2km to less than 5km,107,119,-12
E01000543,30km to less than 40km,3,9,-6
E01000543,40km to less than 60km,9,6,3
E01000543,5km to less than 10km,91,126,-35
E01000543,60km and over,5,7,-2
E01000543,Less than 2km,39,45,-6
E01000543,"Works mainly at an offshore installation, in no fixed place, or outside the UK",166,102,64
E01000543,Works mainly from home,229,59,170
E01000544,10km to less than 20km,51,70,-19
E01000544,20km to less than 30km,14,13,1
E01000544,2km to less than 5km,174,214,-40
E01000544,30km to less than 40km,1,4,-3
E01000544,40km to less than 60km,4,5,-1
E01000544,5km to less than 10km,93,215,-122
E01000544,60km and over,8,6,2
E01000544,Less than 2km,92,104,-12
E01000544,"Works mainly at an offshore installation, in no fixed place, or outside the UK",117,96,21
E01000544,Works mainly from home,326,65,261
E01000545,10km to less than 20km,37,87,-50
E01000545,20km to less than 30km,9,16,-7
E01000545,2km to less than 5km,175,237,-62
E01000545,30km to less than 40km,4,10,-6
E01000545,40km to less than 60km,3,6,-3
E01000545,5km to less than 10km,188,451,-263
E01000545,60km and over,6,9,-3
E01000545,Less than 2km,72,83,-11
E01000545,"Works mainly at an offshore installation, in no fixed place, or outside the UK",104,144,-40
E01000545,Works mainly from home,457,107,350
E01000546,10km to less than 20km,36,83,-47
E01000546,20km to less than 30km,5,12,-7
E01000546,2km to less than 5km,104,159,-55
E01000546,30km to less than 40km,2,5,-3
E01000546,40km to less than 60km,1,6,-5
E01000546,5km to less than 10km,117,412,-295
E01000546,60km and over,5,13,-8
E01000546,Less than 2km,57,72,-15
E01000546,"Works mainly at an offshore installation, in no fixed place, or outside the UK",114,108,6
E01000546,Works mainly from home,435,100,335
E01000547,10km to less than 20km,30,90,-60
E01000547,20km to less than 30km,6,11,-5
E01000547,2km to less than 5km,108,205,-97
E01000547,30km to less than 40km,0,5,-5
E01000547,40km to less than 60km,1,2,-1
E01000547,5km to less than 10km,133,343,-210
E01000547,60km and over,8,9,-1
E01000547,Less than 2km,59,85,-26
E01000547,"Works mainly at an offshore installation, in no fixed place, or outside the UK",86,116,-30
E01000547,Works mainly from home,446,88,358
E01000548,10km to less than 20km,24,99,-75
E01000548,20km to less than 30km,6,16,-10
E01000548,2km to less than 5km,195,308,-113
E01000548,30km to less than 40km,2,21,-19
E01000548,40km to less than 60km,4,3,1
E01000548,5km to less than 10km,159,402,-243
E01000548,60km and over,10,16,-6
E01000548,Less than 2km,68,100,-32
E01000548,"Works mainly at an offshore installation, in no fixed place, or outside the UK",158,157,1
E01000548,Works mainly from home,507,104,403
E01000549,10km to less than 20km,42,61,-19
E01000549,20km to less than 30km,9,19,-10
E01000549,2km to less than 5km,130,292,-162
E01000549,30km to less than 40km,0,9,-9
E01000549,40km to less than 60km,0,9,-9
E01000549,5km to less than 10km,150,427,-277
E01000549,60km and over,3,11,-8
E01000549,Less than 2km,50,81,-31
E01000549,"Works mainly at an offshore installation, in no fixed place, or outside the UK",117,126,-9
E01000549,Works mainly from home,615,161,454
E01000550,10km to less than 20km,40,59,-19
E01000550,20km to less than 30km,16,12,4
E01000550,2km to less than 5km,142,280,-138
E01000550,30km to less than 40km,2,6,-4
E01000550,40km to less than 60km,3,4,-1
E01000550,5km to less than 10km,137,283,-146
E01000550,60km and over,7,9,-2
E01000550,Less than 2km,71,95,-24
E01000550,"Works mainly at an offshore installation, in no fixed place, or outside the UK",122,108,14
E01000550,Works mainly from home,388,86,302
E01000551,10km to less than 20km,86,92,-6
E01000551,20km to less than 30km,16,8,8
E01000551,2km to less than 5km,248,234,14
E01000551,30km to less than 40km,0,4,-4
E01000551,40km to less than 60km,4,2,2
E01000551,5km to less than 10km,206,225,-19
E01000551,60km and over,6,10,-4
E01000551,Less than 2km,111,96,15
E01000551,"Works mainly at an offshore installation, in no fixed place, or outside the UK",236,94,142
E01000551,Works mainly from home,408,52,356
E01000552,10km to less than 20km,49,57,-8
E01000552,20km to less than 30km,4,6,-2
E01000552,2km to less than 5km,111,175,-64
E01000552,30km to less than 40km,0,5,-5
E01000552,40km to less than 60km,1,4,-3
E01000552,5km to less than 10km,85,180,-95
E01000552,60km and over,2,5,-3
E01000552,Less than 2km,48,89,-41
E01000552,"Works mainly at an offshore installation, in no fixed place, or outside the UK",102,91,11
E01000552,Works mainly from home,234,37,197
E01000553,10km to less than 20km,78,112,-34
E01000553,20km to less than 30km,11,22,-11
E01000553,2km to less than 5km,154,179,-25
E01000553,30km to less than 40km,3,2,1
E01000553,40km to less than 60km,2,2,0
E01000553,5km to less than 10km,236,372,-136
E01000553,60km and over,10,6,4
E01000553,Less than 2km,52,89,-37
E01000553,"Works mainly at an offshore installation, in no fixed place, or outside the UK",211,208,3
E01000553,Works mainly from home,318,75,243
E01000554,10km to less than 20km,67,95,-28
E01000554,20km to less than 30km,5,9,-4
E01000554,2km to less than 5km,130,160,-30
E01000554,30km to less than 40km,1,4,-3
E01000554,40km to less than 60km,4,3,1
E01000554,5km to less than 10km,187,337,-150
E01000554,60km and over,5,14,-9
E01000554,Less than 2km,54,75,-21
E01000554,"Works mainly at an offshore installation, in no fixed place, or outside the UK",165,165,0
E01000554,Works mainly from home,343,78,265
E01000555,10km to less than 20km,37,94,-57
E01000555,20km to less than 30km,10,10,0
E01000555,2km to less than 5km,116,97,19
E01000555,30km to less than 40km,0,2,-2
E01000555,40km to less than 60km,0,2,-2
E01000555,5km to less than 10km,138,270,-132
E01000555,60km and over,4,10,-6
E01000555,Less than 2km,40,53,-13
E01000555,"Works mainly at an offshore installation, in no fixed place, or outside the UK",122,109,13
E01000555,Works mainly from home,298,100,198
E01000556,10km to less than 20km,82,105,-23
E01000556,20km to less than 30km,19,14,5
E01000556,2km to less than 5km,143,153,-10
E01000556,30km to less than 40km,2,6,-4
E01000556,40km to less than 60km,0,5,-5
E01000556,5km to less than 10km,246,410,-164
E01000556,60km and over,1,20,-19
E01000556,Less than 2km,73,66,7
E01000556,"Works mainly at an offshore installation, in no fixed place, or outside the UK",270,167,103
E01000556,Works mainly from home,283,79,204
E01000557,10km to less than 20km,51,106,-55
E01000557,20km to less than 30km,4,16,-12
E01000557,2km to less than 5km,99,150,-51
E01000557,30km to less than 40km,2,5,-3
E01000557,40km to less than 60km,2,2,0
E01000557,5km to less than 10km,207,466,-259
E01000557,60km and over,10,14,-4
E01000557,Less than 2km,48,75,-27
E01000557,"Works mainly at an offshore installation, in no fixed place, or outside the UK",169,126,43
E01000557,Works mainly from home,347,98,249
E01000558,10km to less than 20km,32,84,-52
E01000558,20km to less than 30km,11,10,1
E01000558,2km to less than 5km,58,125,-67
E01000558,30km to less than 40km,0,8,-8
E01000558,40km to less than 60km,4,4,0
E01000558,5km to less than 10km,119,345,-226
E01000558,60km and over,2,13,-11
E01000558,Less than 2km,26,51,-25
E01000558,"Works mainly at an offshore installation, in no fixed place, or outside the UK",63,102,-39
E01000558,Works mainly from home,354,107,247
E01000559,10km to less than 20km,48,112,-64
E01000559,20km to less than 30km,7,13,-6
E01000559,2km to less than 5km,75,120,-45
E01000559,30km to less than 40km,2,3,-1
E01000559,40km to less than 60km,1,4,-3
E01000559,5km to less than 10km,131,337,-206
E01000559,60km and over,14,9,5
E01000559,Less than 2km,40,68,-28
E01000559,"Works mainly at an offshore installation, in no fixed place, or outside the UK",89,97,-8
E01000559,Works mainly from home,359,72,287
E01000560,10km to less than 20km,44,122,-78
E01000560,20km to less than 30km,6,15,-9
E01000560,2km to less than 5km,80,124,-44
E01000560,30km to less than 40km,2,2,0
E01000560,40km to less than 60km,3,6,-3
E01000560,5km to less than 10km,144,407,-263
E01000560,60km and over,1,5,-4
E01000560,Less than 2km,32,45,-13
E01000560,"Works mainly at an offshore installation, in no fixed place, or outside the UK",89,105,-16
E01000560,Works mainly from home,454,116,338
E01000561,10km to less than 20km,59,73,-14
E01000561,20km to less than 30km,14,16,-2
E01000561,2km to less than 5km,111,147,-36
E01000561,30km to less than 40km,4,4,0
E01000561,40km to less than 60km,2,6,-4
E01000561,5km to less than 10km,174,458,-284
E01000561,60km and over,2,25,-23
E01000561,Less than 2km,35,66,-31
E01000561,"Works mainly at an offshore installation, in no fixed place, or outside the UK",122,124,-2
E01000561,Works mainly from home,460,74,386
E01000562,10km to less than 20km,89,183,-94
E01000562,20km to less than 30km,20,27,-7
E01000562,2km to less than 5km,95,100,-5
E01000562,30km to less than 40km,9,3,6
E01000562,40km to less than 60km,4,7,-3
E01000562,5km to less than 10km,78,101,-23
E01000562,60km and over,8,14,-6
E01000562,Less than 2km,54,59,-5
E01000562,"Works mainly at an offshore installation, in no fixed place, or outside the UK",87,54,33
E01000562,Works mainly from home,296,100,196
E01000563,10km to less than 20km,108,180,-72
E01000563,20km to less than 30km,17,31,-14
E01000563,2km to less than 5km,119,134,-15
E01000563,30km to less than 40km,5,10,-5
E01000563,40km to less than 60km,8,8,0
E01000563,5km to less than 10km,73,120,-47
E01000563,60km and over,7,11,-4
E01000563,Less than 2km,49,59,-10
E01000563,"Works mainly at an offshore installation, in no fixed place, or outside the UK",102,75,27
E01000563,Works mainly from home,325,90,235
E01000564,10km to less than 20km,124,147,-23
E01000564,20km to less than 30km,8,19,-11
E01000564,2km to less than 5km,128,108,20
E01000564,30km to less than 40km,6,0,6
E01000564,40km to less than 60km,6,4,2
E01000564,5km to less than 10km,75,86,-11
E01000564,60km and over,6,5,1
E01000564,Less than 2km,60,45,15
E01000564,"Works mainly at an offshore installation, in no fixed place, or outside the UK",184,108,76
E01000564,Works mainly from home,188,52,136
E01000565,10km to less than 20km,87,187,-100
E01000565,20km to less than 30km,11,26,-15
E01000565,2km to less than 5km,100,132,-32
E01000565,30km to less than 40km,3,6,-3
E01000565,40km to less than 60km,5,1,4
E01000565,5km to less than 10km,98,118,-20
E01000565,60km and over,8,13,-5
E01000565,Less than 2km,45,51,-6
E01000565,"Works mainly at an offshore installation, in no fixed place, or outside the UK",95,60,35
E01000565,Works mainly from home,201,64,137
E01000566,10km to less than 20km,121,191,-70
E01000566,20km to less than 30km,12,25,-13
E01000566,2km to less than 5km,102,130,-28
E01000566,30km to less than 40km,6,10,-4
E01000566,40km to less than 60km,1,5,-4
E01000566,5km to less than 10km,88,132,-44
E01000566,60km and over,6,10,-4
E01000566,Less than 2km,45,64,-19
E01000566,"Works mainly at an offshore installation, in no fixed place, or outside the UK",143,99,44
E01000566,Works mainly from home,258,70,188
E01000567,10km to less than 20km,91,205,-114
E01000567,20km to less than 30km,14,26,-12
E01000567,2km to less than 5km,95,163,-68
E01000567,30km to less than 40km,2,7,-5
E01000567,40km to less than 60km,3,4,-1
E01000567,5km to less than 10km,77,140,-63
E01000567,60km and over,5,15,-10
E01000567,Less than 2km,35,66,-31
E01000567,"Works mainly at an offshore installation, in no fixed place, or outside the UK",120,76,44
E01000567,Works mainly from home,208,83,125
E01000568,10km to less than 20km,146,309,-163
E01000568,20km to less than 30km,15,39,-24
E01000568,2km to less than 5km,69,94,-25
E01000568,30km to less than 40km,2,2,0
E01000568,40km to less than 60km,1,8,-7
E01000568,5km to less than 10km,121,151,-30
E01000568,60km and over,15,16,-1
E01000568,Less than 2km,334,394,-60
E01000568,"Works mainly at an offshore installation, in no fixed place, or outside the UK",181,84,97
E01000568,Works mainly from home,259,66,193
E01000569,10km to less than 20km,104,249,-145
E01000569,20km to less than 30km,16,35,-19
E01000569,2km to less than 5km,97,146,-49
E01000569,30km to less than 40km,3,7,-4
E01000569,40km to less than 60km,1,3,-2
E01000569,5km to less than 10km,86,127,-41
E01000569,60km and over,7,12,-5
E01000569,Less than 2km,43,70,-27
E01000569,"Works mainly at an offshore installation, in no fixed place, or outside the UK",112,82,30
E01000569,Works mainly from home,268,72,196
E01000570,10km to less than 20km,95,162,-67
E01000570,20km to less than 30km,8,20,-12
E01000570,2km to less than 5km,112,145,-33
E01000570,30km to less than 40km,5,3,2
E01000570,40km to less than 60km,0,1,-1
E01000570,5km to less than 10km,106,116,-10
E01000570,60km and over,8,16,-8
E01000570,Less than 2km,62,98,-36
E01000570,"Works mainly at an offshore installation, in no fixed place, or outside the UK",183,104,79
E01000570,Works mainly from home,184,48,136
E01000571,10km to less than 20km,122,200,-78
E01000571,20km to less than 30km,14,19,-5
E01000571,2km to less than 5km,144,137,7
E01000571,30km to less than 40km,8,6,2
E01000571,40km to less than 60km,3,5,-2
E01000571,5km to less than 10km,102,106,-4
E01000571,60km and over,14,7,7
E01000571,Less than 2km,91,97,-6
E01000571,"Works mainly at an offshore installation, in no fixed place, or outside the UK",159,100,59
E01000571,Works mainly from home,238,66,172
E01000572,10km to less than 20km,136,218,-82
E01000572,20km to less than 30km,16,31,-15
E01000572,2km to less than 5km,75,118,-43
E01000572,30km to less than 40km,3,1,2
E01000572,40km to less than 60km,4,7,-3
E01000572,5km to less than 10km,58,101,-43
E01000572,60km and over,7,6,1
E01000572,Less than 2km,32,57,-25
E01000572,"Works mainly at an offshore installation, in no fixed place, or outside the UK",145,102,43
E01000572,Works mainly from home,243,77,166
E01000573,10km to less than 20km,145,218,-73
E01000573,20km to less than 30km,23,22,1
E01000573,2km to less than 5km,94,118,-24
E01000573,30km to less than 40km,5,5,0
E01000573,40km to less than 60km,3,4,-1
E01000573,5km to less than 10km,78,97,-19
E01000573,60km and over,23,6,17
E01000573,Less than 2km,47,51,-4
E01000573,"Works mainly at an offshore installation, in no fixed place, or outside the UK",174,130,44
E01000573,Works mainly from home,234,69,165
E01000574,10km to less than 20km,158,189,-31
E01000574,20km to less than 30km,17,28,-11
E01000574,2km to less than 5km,116,95,21
E01000574,30km to less than 40km,2,5,-3
E01000574,40km to less than 60km,13,5,8
E01000574,5km to less than 10km,71,83,-12
E01000574,60km and over,5,9,-4
E01000574,Less than 2km,44,60,-16
E01000574,"Works mainly at an offshore installation, in no fixed place, or outside the UK",192,127,65
E01000574,Works mainly from home,241,62,179
E01000575,10km to less than 20km,186,287,-101
E01000575,20km to less than 30km,30,51,-21
E01000575,2km to less than 5km,128,135,-7
E01000575,30km to less than 40km,10,4,6
E01000575,40km to less than 60km,2,5,-3
E01000575,5km to less than 10km,92,121,-29
E01000575,60km and over,14,4,10
E01000575,Less than 2km,80,86,-6
E01000575,"Works mainly at an offshore installation, in no fixed place, or outside the UK",410,193,217
E01000575,Works mainly from home,246,83,163
E01000576,10km to less than 20km,139,236,-97
E01000576,20km to less than 30km,12,25,-13
E01000576,2km to less than 5km,150,126,24
E01000576,30km to less than 40km,5,7,-2
E01000576,40km to less than 60km,1,2,-1
E01000576,5km to less than 10km,79,129,-50
E01000576,60km and over,28,6,22
E01000576,Less than 2km,63,86,-23
E01000576,"Works mainly at an offshore installation, in no fixed place, or outside the UK",177,103,74
E01000576,Works mainly from home,306,86,220
E01000577,10km to less than 20km,155,256,-101
E01000577,20km to less than 30km,19,39,-20
E01000577,2km to less than 5km,177,218,-41
E01000577,30km to less than 40km,9,8,1
E01000577,40km to less than 60km,3,6,-3
E01000577,5km to less than 10km,158,144,14
E01000577,60km and over,6,18,-12
E01000577,Less than 2km,92,85,7
E01000577,"Works mainly at an offshore installation, in no fixed place, or outside the UK",246,144,102
E01000577,Works mainly from home,246,82,164
E01000578,10km to less than 20km,131,235,-104
E01000578,20km to less than 30km,20,17,3
E01000578,2km to less than 5km,118,115,3
E01000578,30km to less than 40km,2,11,-9
E01000578,40km to less than 60km,0,7,-7
E01000578,5km to less than 10km,95,129,-34
E01000578,60km and over,10,9,1
E01000578,Less than 2km,68,101,-33
E01000578,"Works mainly at an offshore installation, in no fixed place, or outside the UK",189,123,66
E01000578,Works mainly from home,330,72,258
E01000579,10km to less than 20km,31,76,-45
E01000579,20km to less than 30km,9,16,-7
E01000579,2km to less than 5km,99,170,-71
E01000579,30km to less than 40km,0,1,-1
E01000579,40km to less than 60km,2,6,-4
E01000579,5km to less than 10km,145,358,-213
E01000579,60km and over,2,11,-9
E01000579,Less than 2km,46,77,-31
E01000579,"Works mainly at an offshore installation, in no fixed place, or outside the UK",99,116,-17
E01000579,Works mainly from home,432,97,335
E01000580,10km to less than 20km,31,74,-43
E01000580,20km to less than 30km,3,16,-13
E01000580,2km to less than 5km,85,212,-127
E01000580,30km to less than 40km,0,8,-8
E01000580,40km to less than 60km,3,7,-4
E01000580,5km to less than 10km,114,389,-275
E01000580,60km and over,4,12,-8
E01000580,Less than 2km,43,84,-41
E01000580,"Works mainly at an offshore installation, in no fixed place, or outside the UK",91,118,-27
E01000580,Works mainly from home,627,157,470
E01000581,10km to less than 20km,19,74,-55
E01000581,20km to less than 30km,6,14,-8
E01000581,2km to less than 5km,70,158,-88
E01000581,30km to less than 40km,2,3,-1
E01000581,40km to less than 60km,1,2,-1
E01000581,5km to less than 10km,94,336,-242
E01000581,60km and over,7,5,2
E01000581,Less than 2km,51,49,2
E01000581,"Works mainly at an offshore installation, in no fixed place, or outside the UK",75,112,-37
E01000581,Works mainly from home,442,118,324
E01000582,10km to less than 20km,22,64,-42
E01000582,20km to less than 30km,1,13,-12
E01000582,2km to less than 5km,69,178,-109
E01000582,30km to less than 40km,1,2,-1
E01000582,40km to less than 60km,3,11,-8
E01000582,5km to less than 10km,124,392,-268
E01000582,60km and over,1,4,-3
E01000582,Less than 2km,36,70,-34
E01000582,"Works mainly at an offshore installation, in no fixed place, or outside the UK",80,123,-43
E01000582,Works mainly from home,582,177,405
E01000583,10km to less than 20km,34,81,-47
E01000583,20km to less than 30km,7,16,-9
E01000583,2km to less than 5km,153,311,-158
E01000583,30km to less than 40km,0,5,-5
E01000583,40km to less than 60km,3,9,-6
E01000583,5km to less than 10km,127,532,-405
E01000583,60km and over,3,17,-14
E01000583,Less than 2km,49,97,-48
E01000583,"Works mainly at an offshore installation, in no fixed place, or outside the UK",104,129,-25
E01000583,Works mainly from home,631,143,488
E01000584,10km to less than 20km,38,72,-34
E01000584,20km to less than 30km,5,14,-9
E01000584,2km to less than 5km,90,179,-89
E01000584,30km to less than 40km,0,2,-2
E01000584,40km to less than 60km,1,4,-3
E01000584,5km to less than 10km,102,326,-224
E01000584,60km and over,2,14,-12
E01000584,Less than 2km,54,82,-28
E01000584,"Works mainly at an offshore installation, in no fixed place, or outside the UK",85,122,-37
E01000584,Works mainly from home,420,90,330
E01000585,10km to less than 20km,36,75,-39
E01000585,20km to less than 30km,2,22,-20
E01000585,2km to less than 5km,86,189,-103
E01000585,30km to less than 40km,6,5,1
E01000585,40km to less than 60km,2,6,-4
E01000585,5km to less than 10km,135,364,-229
E01000585,60km and over,4,15,-11
E01000585,Less than 2km,57,77,-20
E01000585,"Works mainly at an offshore installation, in no fixed place, or outside the UK",92,159,-67
E01000585,Works mainly from home,432,108,324
E01000586,10km to less than 20km,37,105,-68
E01000586,20km to less than 30km,14,31,-17
E01000586,2km to less than 5km,190,322,-132
E01000586,30km to less than 40km,2,5,-3
E01000586,40km to less than 60km,4,11,-7
E01000586,5km to less than 10km,217,516,-299
E01000586,60km and over,5,9,-4
E01000586,Less than 2km,88,141,-53
E01000586,"Works mainly at an offshore installation, in no fixed place, or outside the UK",192,195,-3
E01000586,Works mainly from home,653,144,509
E01000587,10km to less than 20km,102,190,-88
E01000587,20km to less than 30km,22,26,-4
E01000587,2km to less than 5km,76,99,-23
E01000587,30km to less than 40km,4,9,-5
E01000587,40km to less than 60km,3,1,2
E01000587,5km to less than 10km,96,135,-39
E01000587,60km and over,5,6,-1
E01000587,Less than 2km,73,97,-24
E01000587,"Works mainly at an offshore installation, in no fixed place, or outside the UK",235,157,78
E01000587,Works mainly from home,209,59,150
E01000589,10km to less than 20km,195,273,-78
E01000589,20km to less than 30km,29,35,-6
E01000589,2km to less than 5km,143,164,-21
E01000589,30km to less than 40km,2,9,-7
E01000589,40km to less than 60km,4,5,-1
E01000589,5km to less than 10km,132,156,-24
E01000589,60km and over,10,7,3
E01000589,Less than 2km,73,87,-14
E01000589,"Works mainly at an offshore installation, in no fixed place, or outside the UK",314,138,176
E01000589,Works mainly from home,373,65,308
E01000590,10km to less than 20km,147,235,-88
E01000590,20km to less than 30km,20,20,0
E01000590,2km to less than 5km,103,126,-23
E01000590,30km to less than 40km,6,9,-3
E01000590,40km to less than 60km,8,4,4
E01000590,5km to less than 10km,101,128,-27
E01000590,60km and over,11,10,1
E01000590,Less than 2km,68,100,-32
E01000590,"Works mainly at an offshore installation, in no fixed place, or outside the UK",230,152,78
E01000590,Works mainly from home,274,71,203
E01000591,10km to less than 20km,153,295,-142
E01000591,20km to less than 30km,19,32,-13
E01000591,2km to less than 5km,122,161,-39
E01000591,30km to less than 40km,8,10,-2
E01000591,40km to less than 60km,1,12,-11
E01000591,5km to less than 10km,98,154,-56
E01000591,60km and over,11,8,3
E01000591,Less than 2km,86,72,14
E01000591,"Works mainly at an offshore installation, in no fixed place, or outside the UK",310,143,167
E01000591,Works mainly from home,246,60,186
E01000592,10km to less than 20km,153,242,-89
E01000592,20km to less than 30km,29,28,1
E01000592,2km to less than 5km,76,106,-30
E01000592,30km to less than 40km,5,6,-1
E01000592,40km to less than 60km,0,2,-2
E01000592,5km to less than 10km,111,127,-16
E01000592,60km and over,6,12,-6
E01000592,Less than 2km,81,72,9
E01000592,"Works mainly at an offshore installation, in no fixed place, or outside the UK",237,141,96
E01000592,Works mainly from home,265,57,208
E01000593,10km to less than 20km,132,286,-154
E01000593,20km to less than 30km,19,40,-21
E01000593,2km to less than 5km,112,149,-37
E01000593,30km to less than 40km,5,10,-5
E01000593,40km to less than 60km,3,7,-4
E01000593,5km to less than 10km,137,184,-47
E01000593,60km and over,18,17,1
E01000593,Less than 2km,73,96,-23
E01000593,"Works mainly at an offshore installation, in no fixed place, or outside the UK",252,178,74
E01000593,Works mainly from home,264,72,192
E01000594,10km to less than 20km,162,237,-75
E01000594,20km to less than 30km,12,31,-19
E01000594,2km to less than 5km,92,119,-27
E01000594,30km to less than 40km,4,9,-5
E01000594,40km to less than 60km,1,5,-4
E01000594,5km to less than 10km,103,139,-36
E01000594,60km and over,11,10,1
E01000594,Less than 2km,78,74,4
E01000594,"Works mainly at an offshore installation, in no fixed place, or outside the UK",282,138,144
E01000594,Works mainly from home,193,54,139
E01000595,10km to less than 20km,63,69,-6
E01000595,20km to less than 30km,8,8,0
E01000595,2km to less than 5km,99,103,-4
E01000595,30km to less than 40km,2,2,0
E01000595,40km to less than 60km,1,3,-2
E01000595,5km to less than 10km,130,130,0
E01000595,60km and over,3,7,-4
E01000595,Less than 2km,63,94,-31
E01000595,"Works mainly at an offshore installation, in no fixed place, or outside the UK",156,82,74
E01000595,Works mainly from home,118,46,72
E01000596,10km to less than 20km,54,68,-14
E01000596,20km to less than 30km,5,7,-2
E01000596,2km to less than 5km,96,114,-18
E01000596,30km to less than 40km,4,2,2
E01000596,40km to less than 60km,2,2,0
E01000596,5km to less than 10km,117,143,-26
E01000596,60km and over,3,7,-4
E01000596,Less than 2km,80,108,-28
E01000596,"Works mainly at an offshore installation, in no fixed place, or outside the UK",158,66,92
E01000596,Works mainly from home,113,26,87
E01000599,10km to less than 20km,72,66,6
E01000599,20km to less than 30km,4,10,-6
E01000599,2km to less than 5km,114,127,-13
E01000599,30km to less than 40km,3,0,3
E01000599,40km to less than 60km,3,3,0
E01000599,5km to less than 10km,171,131,40
E01000599,60km and over,9,8,1
E01000599,Less than 2km,94,92,2
E01000599,"Works mainly at an offshore installation, in no fixed place, or outside the UK",133,66,67
E01000599,Works mainly from home,198,19,179
E01000601,10km to less than 20km,37,65,-28
E01000601,20km to less than 30km,2,10,-8
E01000601,2km to less than 5km,65,101,-36
E01000601,30km to less than 40km,2,4,-2
E01000601,40km to less than 60km,4,2,2
E01000601,5km to less than 10km,82,119,-37
E01000601,60km and over,1,7,-6
E01000601,Less than 2km,67,81,-14
E01000601,"Works mainly at an offshore installation, in no fixed place, or outside the UK",115,84,31
E01000601,Works mainly from home,94,42,52
E01000602,10km to less than 20km,68,77,-9
E01000602,20km to less than 30km,5,11,-6
E01000602,2km to less than 5km,92,129,-37
E01000602,30km to less than 40km,1,2,-1
E01000602,40km to less than 60km,4,1,3
E01000602,5km to less than 10km,80,125,-45
E01000602,60km and over,3,2,1
E01000602,Less than 2km,69,82,-13
E01000602,"Works mainly at an offshore installation, in no fixed place, or outside the UK",111,74,37
E01000602,Works mainly from home,121,45,76
E01000603,10km to less than 20km,63,83,-20
E01000603,20km to less than 30km,14,13,1
E01000603,2km to less than 5km,75,131,-56
E01000603,30km to less than 40km,3,2,1
E01000603,40km to less than 60km,0,3,-3
E01000603,5km to less than 10km,110,154,-44
E01000603,60km and over,6,7,-1
E01000603,Less than 2km,54,91,-37
E01000603,"Works mainly at an offshore installation, in no fixed place, or outside the UK",115,89,26
E01000603,Works mainly from home,111,44,67
E01000604,10km to less than 20km,84,83,1
E01000604,20km to less than 30km,7,7,0
E01000604,2km to less than 5km,114,160,-46
E01000604,30km to less than 40km,2,4,-2
E01000604,40km to less than 60km,3,2,1
E01000604,5km to less than 10km,96,154,-58
E01000604,60km and over,2,11,-9
E01000604,Less than 2km,102,96,6
E01000604,"Works mainly at an offshore installation, in no fixed place, or outside the UK",136,58,78
E01000604,Works mainly from home,120,31,89
E01000605,10km to less than 20km,41,86,-45
E01000605,20km to less than 30km,6,10,-4
E01000605,2km to less than 5km,80,97,-17
E01000605,30km to less than 40km,0,1,-1
E01000605,40km to less than 60km,2,1,1
E01000605,5km to less than 10km,105,146,-41
E01000605,60km and over,7,10,-3
E01000605,Less than 2km,80,121,-41
E01000605,"Works mainly at an offshore installation, in no fixed place, or outside the UK",151,53,98
E01000605,Works mainly from home,102,40,62
E01000606,10km to less than 20km,160,201,-41
E01000606,20km to less than 30km,13,33,-20
E01000606,2km to less than 5km,136,153,-17
E01000606,30km to less than 40km,14,5,9
E01000606,40km to less than 60km,0,5,-5
E01000606,5km to less than 10km,144,148,-4
E01000606,60km and over,5,12,-7
E01000606,Less than 2km,52,49,3
E01000606,"Works mainly at an offshore installation, in no fixed place, or outside the UK",169,139,30
E01000606,Works mainly from home,166,65,101
E01000607,10km to less than 20km,207,264,-57
E01000607,20km to less than 30km,13,36,-23
E01000607,2km to less than 5km,255,244,11
E01000607,30km to less than 40km,4,10,-6
E01000607,40km to less than 60km,3,8,-5
E01000607,5km to less than 10km,180,168,12
E01000607,60km and over,23,16,7
E01000607,Less than 2km,76,83,-7
E01000607,"Works mainly at an offshore installation, in no fixed place, or outside the UK",227,128,99
E01000607,Works mainly from home,217,76,141
E01000608,10km to less than 20km,157,284,-127
E01000608,20km to less than 30km,18,29,-11
E01000608,2km to less than 5km,269,251,18
E01000608,30km to less than 40km,6,4,2
E01000608,40km to less than 60km,2,2,0
E01000608,5km to less than 10km,150,182,-32
E01000608,60km and over,20,19,1
E01000608,Less than 2km,59,95,-36
E01000608,"Works mainly at an offshore installation, in no fixed place, or outside the UK",225,125,100
E01000608,Works mainly from home,238,90,148
E01000609,10km to less than 20km,203,229,-26
E01000609,20km to less than 30km,11,35,-24
E01000609,2km to less than 5km,213,233,-20
E01000609,30km to less than 40km,4,4,0
E01000609,40km to less than 60km,9,2,7
E01000609,5km to less than 10km,130,164,-34
E01000609,60km and over,10,15,-5
E01000609,Less than 2km,70,53,17
E01000609,"Works mainly at an offshore installation, in no fixed place, or outside the UK",158,137,21
E01000609,Works mainly from home,202,85,117
E01000610,10km to less than 20km,145,229,-84
E01000610,20km to less than 30km,14,30,-16
E01000610,2km to less than 5km,228,194,34
E01000610,30km to less than 40km,3,6,-3
E01000610,40km to less than 60km,2,6,-4
E01000610,5km to less than 10km,144,146,-2
E01000610,60km and over,10,21,-11
E01000610,Less than 2km,75,95,-20
E01000610,"Works mainly at an offshore installation, in no fixed place, or outside the UK",157,109,48
E01000610,Works mainly from home,207,66,141
E01000611,10km to less than 20km,162,158,4
E01000611,20km to less than 30km,13,22,-9
E01000611,2km to less than 5km,176,162,14
E01000611,30km to less than 40km,5,4,1
E01000611,40km to less than 60km,4,3,1
E01000611,5km to less than 10km,154,138,16
E01000611,60km and over,6,14,-8
E01000611,Less than 2km,71,51,20
E01000611,"Works mainly at an offshore installation, in no fixed place, or outside the UK",160,82,78
E01000611,Works mainly from home,248,37,211
E01000612,10km to less than 20km,111,178,-67
E01000612,20km to less than 30km,18,17,1
E01000612,2km to less than 5km,199,219,-20
E01000612,30km to less than 40km,1,3,-2
E01000612,40km to less than 60km,6,2,4
E01000612,5km to less than 10km,109,147,-38
E01000612,60km and over,5,13,-8
E01000612,Less than 2km,72,75,-3
E01000612,"Works mainly at an offshore installation, in no fixed place, or outside the UK",135,113,22
E01000612,Works mainly from home,188,50,138
E01000613,10km to less than 20km,113,248,-135
E01000613,20km to less than 30km,15,31,-16
E01000613,2km to less than 5km,139,200,-61
E01000613,30km to less than 40km,5,10,-5
E01000613,40km to less than 60km,3,5,-2
E01000613,5km to less than 10km,112,151,-39
E01000613,60km and over,6,12,-6
E01000613,Less than 2km,67,104,-37
E01000613,"Works mainly at an offshore installation, in no fixed place, or outside the UK",163,150,13
E01000613,Works mainly from home,204,77,127
E01000615,10km to less than 20km,196,215,-19
E01000615,20km to less than 30km,20,15,5
E01000615,2km to less than 5km,149,135,14
E01000615,30km to less than 40km,10,7,3
E01000615,40km to less than 60km,12,6,6
E01000615,5km to less than 10km,161,159,2
E01000615,60km and over,27,9,18
E01000615,Less than 2km,112,100,12
E01000615,"Works mainly at an offshore installation, in no fixed place, or outside the UK",196,90,106
E01000615,Works mainly from home,433,43,390
E01000616,10km to less than 20km,140,205,-65
E01000616,20km to less than 30km,9,23,-14
E01000616,2km to less than 5km,239,203,36
E01000616,30km to less than 40km,8,5,3
E01000616,40km to less than 60km,1,1,0
E01000616,5km to less than 10km,147,141,6
E01000616,60km and over,12,8,4
E01000616,Less than 2km,134,130,4
E01000616,"Works mainly at an offshore installation, in no fixed place, or outside the UK",181,140,41
E01000616,Works mainly from home,199,71,128
E01000617,10km to less than 20km,128,178,-50
E01000617,20km to less than 30km,14,16,-2
E01000617,2km to less than 5km,195,163,32
E01000617,30km to less than 40km,6,6,0
E01000617,40km to less than 60km,2,2,0
E01000617,5km to less than 10km,149,155,-6
E01000617,60km and over,14,14,0
E01000617,Less than 2km,172,134,38
E01000617,"Works mainly at an offshore installation, in no fixed place, or outside the UK",165,112,53
E01000617,Works mainly from home,289,55,234
E01000618,10km to less than 20km,79,113,-34
E01000618,20km to less than 30km,7,8,-1
E01000618,2km to less than 5km,125,106,19
E01000618,30km to less than 40km,3,5,-2
E01000618,40km to less than 60km,2,4,-2
E01000618,5km to less than 10km,118,89,29
E01000618,60km and over,13,1,12
E01000618,Less than 2km,111,73,38
E01000618,"Works mainly at an offshore installation, in no fixed place, or outside the UK",174,68,106
E01000618,Works mainly from home,181,35,146
E01000619,10km to less than 20km,64,136,-72
E01000619,20km to less than 30km,10,17,-7
E01000619,2km to less than 5km,117,176,-59
E01000619,30km to less than 40km,2,8,-6
E01000619,40km to less than 60km,3,9,-6
E01000619,5km to less than 10km,107,158,-51
E01000619,60km and over,11,8,3
E01000619,Less than 2km,117,112,5
E01000619,"Works mainly at an offshore installation, in no fixed place, or outside the UK",173,103,70
E01000619,Works mainly from home,165,58,107
E01000620,10km to less than 20km,97,167,-70
E01000620,20km to less than 30km,5,10,-5
E01000620,2km to less than 5km,144,159,-15
E01000620,30km to less than 40km,2,6,-4
E01000620,40km to less than 60km,12,2,10
E01000620,5km to less than 10km,107,145,-38
E01000620,60km and over,15,4,11
E01000620,Less than 2km,166,139,27
E01000620,"Works mainly at an offshore installation, in no fixed place, or outside the UK",129,113,16
E01000620,Works mainly from home,149,48,101
E01000621,10km to less than 20km,96,192,-96
E01000621,20km to less than 30km,12,17,-5
E01000621,2km to less than 5km,122,208,-86
E01000621,30km to less than 40km,4,8,-4
E01000621,40km to less than 60km,1,4,-3
E01000621,5km to less than 10km,138,210,-72
E01000621,60km and over,10,18,-8
E01000621,Less than 2km,176,176,0
E01000621,"Works mainly at an offshore installation, in no fixed place, or outside the UK",181,177,4
E01000621,Works mainly from home,168,66,102
E01000622,10km to less than 20km,82,134,-52
E01000622,20km to less than 30km,10,16,-6
E01000622,2km to less than 5km,136,121,15
E01000622,30km to less than 40km,8,7,1
E01000622,40km to less than 60km,3,9,-6
E01000622,5km to less than 10km,130,170,-40
E01000622,60km and over,12,11,1
E01000622,Less than 2km,57,64,-7
E01000622,"Works mainly at an offshore installation, in no fixed place, or outside the UK",251,178,73
E01000622,Works mainly from home,154,57,97
E01000623,10km to less than 20km,110,178,-68
E01000623,20km to less than 30km,13,13,0
E01000623,2km to less than 5km,136,174,-38
E01000623,30km to less than 40km,4,4,0
E01000623,40km to less than 60km,3,2,1
E01000623,5km to less than 10km,113,178,-65
E01000623,60km and over,8,12,-4
E01000623,Less than 2km,61,65,-4
E01000623,"Works mainly at an offshore installation, in no fixed place, or outside the UK",248,139,109
E01000623,Works mainly from home,232,60,172
E01000624,10km to less than 20km,88,157,-69
E01000624,20km to less than 30km,11,9,2
E01000624,2km to less than 5km,123,167,-44
E01000624,30km to less than 40km,9,9,0
E01000624,40km to less than 60km,4,1,3
E01000624,5km to less than 10km,93,141,-48
E01000624,60km and over,12,5,7
E01000624,Less than 2km,49,62,-13
E01000624,"Works mainly at an offshore installation, in no fixed place, or outside the UK",182,118,64
E01000624,Works mainly from home,240,84,156
E01000625,10km to less than 20km,85,152,-67
E01000625,20km to less than 30km,9,7,2
E01000625,2km to less than 5km,123,131,-8
E01000625,30km to less than 40km,1,8,-7
E01000625,40km to less than 60km,3,3,0
E01000625,5km to less than 10km,87,127,-40
E01000625,60km and over,10,5,5
E01000625,Less than 2km,41,54,-13
E01000625,"Works mainly at an offshore installation, in no fixed place, or outside the UK",155,105,50
E01000625,Works mainly from home,185,62,123
E01000626,10km to less than 20km,74,112,-38
E01000626,20km to less than 30km,5,14,-9
E01000626,2km to less than 5km,111,129,-18
E01000626,30km to less than 40km,1,2,-1
E01000626,40km to less than 60km,3,3,0
E01000626,5km to less than 10km,110,127,-17
E01000626,60km and over,7,3,4
E01000626,Less than 2km,48,59,-11
E01000626,"Works mainly at an offshore installation, in no fixed place, or outside the UK",168,105,63
E01000626,Works mainly from home,143,21,122
E01000627,10km to less than 20km,80,110,-30
E01000627,20km to less than 30km,8,11,-3
E01000627,2km to less than 5km,139,185,-46
E01000627,30km to less than 40km,7,6,1
E01000627,40km to less than 60km,5,4,1
E01000627,5km to less than 10km,163,164,-1
E01000627,60km and over,5,9,-4
E01000627,Less than 2km,67,85,-18
E01000627,"Works mainly at an offshore installation, in no fixed place, or outside the UK",293,192,101
E01000627,Works mainly from home,148,52,96
E01000628,10km to less than 20km,74,128,-54
E01000628,20km to less than 30km,7,17,-10
E01000628,2km to less than 5km,114,170,-56
E01000628,30km to less than 40km,4,2,2
E01000628,40km to less than 60km,4,2,2
E01000628,5km to less than 10km,136,185,-49
E01000628,60km and over,9,8,1
E01000628,Less than 2km,42,85,-43
E01000628,"Works mainly at an offshore installation, in no fixed place, or outside the UK",210,167,43
E01000628,Works mainly from home,173,46,127
E01000629,10km to less than 20km,101,175,-74
E01000629,20km to less than 30km,17,21,-4
E01000629,2km to less than 5km,151,235,-84
E01000629,30km to less than 40km,7,10,-3
E01000629,40km to less than 60km,3,5,-2
E01000629,5km to less than 10km,128,176,-48
E01000629,60km and over,10,16,-6
E01000629,Less than 2km,71,72,-1
E01000629,"Works mainly at an offshore installation, in no fixed place, or outside the UK",248,192,56
E01000629,Works mainly from home,210,54,156
E01000630,10km to less than 20km,179,230,-51
E01000630,20km to less than 30km,19,25,-6
E01000630,2km to less than 5km,293,209,84
E01000630,30km to less than 40km,1,7,-6
E01000630,40km to less than 60km,1,2,-1
E01000630,5km to less than 10km,197,165,32
E01000630,60km and over,18,14,4
E01000630,Less than 2km,174,166,8
E01000630,"Works mainly at an offshore installation, in no fixed place, or outside the UK",184,152,32
E01000630,Works mainly from home,297,54,243
E01000631,10km to less than 20km,139,202,-63
E01000631,20km to less than 30km,13,17,-4
E01000631,2km to less than 5km,202,223,-21
E01000631,30km to less than 40km,4,8,-4
E01000631,40km to less than 60km,2,4,-2
E01000631,5km to less than 10km,135,164,-29
E01000631,60km and over,12,18,-6
E01000631,Less than 2km,133,116,17
E01000631,"Works mainly at an offshore installation, in no fixed place, or outside the UK",149,107,42
E01000631,Works mainly from home,215,64,151
E01000632,10km to less than 20km,149,180,-31
E01000632,20km to less than 30km,14,24,-10
E01000632,2km to less than 5km,245,229,16
E01000632,30km to less than 40km,1,8,-7
E01000632,40km to less than 60km,6,6,0
E01000632,5km to less than 10km,154,154,0
E01000632,60km and over,16,18,-2
E01000632,Less than 2km,243,197,46
E01000632,"Works mainly at an offshore installation, in no fixed place, or outside the UK",131,94,37
E01000632,Works mainly from home,203,68,135
E01000633,10km to less than 20km,130,195,-65
E01000633,20km to less than 30km,18,22,-4
E01000633,2km to less than 5km,285,250,35
E01000633,30km to less than 40km,3,3,0
E01000633,40km to less than 60km,3,6,-3
E01000633,5km to less than 10km,189,142,47
E01000633,60km and over,13,16,-3
E01000633,Less than 2km,240,137,103
E01000633,"Works mainly at an offshore installation, in no fixed place, or outside the UK",140,115,25
E01000633,Works mainly from home,184,95,89
E01000634,10km to less than 20km,201,234,-33
E01000634,20km to less than 30km,29,26,3
E01000634,2km to less than 5km,331,311,20
E01000634,30km to less than 40km,2,9,-7
E01000634,40km to less than 60km,3,6,-3
E01000634,5km to less than 10km,158,159,-1
E01000634,60km and over,7,18,-11
E01000634,Less than 2km,116,123,-7
E01000634,"Works mainly at an offshore installation, in no fixed place, or outside the UK",191,108,83
E01000634,Works mainly from home,233,101,132
E01000636,10km to less than 20km,166,205,-39
E01000636,20km to less than 30km,20,9,11
E01000636,2km to less than 5km,290,208,82
E01000636,30km to less than 40km,5,10,-5
E01000636,40km to less than 60km,2,4,-2
E01000636,5km to less than 10km,200,146,54
E01000636,60km and over,12,8,4
E01000636,Less than 2km,213,135,78
E01000636,"Works mainly at an offshore installation, in no fixed place, or outside the UK",193,132,61
E01000636,Works mainly from home,239,67,172
E01000637,10km to less than 20km,59,103,-44
E01000637,20km to less than 30km,4,13,-9
E01000637,2km to less than 5km,85,140,-55
E01000637,30km to less than 40km,5,3,2
E01000637,40km to less than 60km,2,1,1
E01000637,5km to less than 10km,145,336,-191
E01000637,60km and over,2,12,-10
E01000637,Less than 2km,36,57,-21
E01000637,"Works mainly at an offshore installation, in no fixed place, or outside the UK",132,138,-6
E01000637,Works mainly from home,265,59,206
E01000638,10km to less than 20km,66,122,-56
E01000638,20km to less than 30km,17,13,4
E01000638,2km to less than 5km,163,141,22
E01000638,30km to less than 40km,4,5,-1
E01000638,40km to less than 60km,5,2,3
E01000638,5km to less than 10km,259,296,-37
E01000638,60km and over,8,12,-4
E01000638,Less than 2km,49,73,-24
E01000638,"Works mainly at an offshore installation, in no fixed place, or outside the UK",231,201,30
E01000638,Works mainly from home,177,81,96
E01000639,10km to less than 20km,54,139,-85
E01000639,20km to less than 30km,3,11,-8
E01000639,2km to less than 5km,101,133,-32
E01000639,30km to less than 40km,3,3,0
E01000639,40km to less than 60km,3,4,-1
E01000639,5km to less than 10km,210,471,-261
E01000639,60km and over,3,13,-10
E01000639,Less than 2km,39,51,-12
E01000639,"Works mainly at an offshore installation, in no fixed place, or outside the UK",182,174,8
E01000639,Works mainly from home,387,83,304
E01000640,10km to less than 20km,58,115,-57
E01000640,20km to less than 30km,6,18,-12
E01000640,2km to less than 5km,166,192,-26
E01000640,30km to less than 40km,4,8,-4
E01000640,40km to less than 60km,3,4,-1
E01000640,5km to less than 10km,222,331,-109
E01000640,60km and over,7,8,-1
E01000640,Less than 2km,81,80,1
E01000640,"Works mainly at an offshore installation, in no fixed place, or outside the UK",245,198,47
E01000640,Works mainly from home,198,83,115
E01000641,10km to less than 20km,64,146,-82
E01000641,20km to less than 30km,9,21,-12
E01000641,2km to less than 5km,118,145,-27
E01000641,30km to less than 40km,3,7,-4
E01000641,40km to less than 60km,4,1,3
E01000641,5km to less than 10km,201,308,-107
E01000641,60km and over,3,7,-4
E01000641,Less than 2km,50,71,-21
E01000641,"Works mainly at an offshore installation, in no fixed place, or outside the UK",195,188,7
E01000641,Works mainly from home,207,65,142
E01000642,10km to less than 20km,55,127,-72
E01000642,20km to less than 30km,5,19,-14
E01000642,2km to less than 5km,175,190,-15
E01000642,30km to less than 40km,1,5,-4
E01000642,40km to less than 60km,2,10,-8
E01000642,5km to less than 10km,338,538,-200
E01000642,60km and over,8,11,-3
E01000642,Less than 2km,69,75,-6
E01000642,"Works mainly at an offshore installation, in no fixed place, or outside the UK",202,177,25
E01000642,Works mainly from home,413,94,319
E01000643,10km to less than 20km,54,117,-63
E01000643,20km to less than 30km,6,10,-4
E01000643,2km to less than 5km,176,187,-11
E01000643,30km to less than 40km,1,3,-2
E01000643,40km to less than 60km,1,3,-2
E01000643,5km to less than 10km,192,265,-73
E01000643,60km and over,9,12,-3
E01000643,Less than 2km,66,70,-4
E01000643,"Works mainly at an offshore installation, in no fixed place, or outside the UK",149,90,59
E01000643,Works mainly from home,247,61,186
E01000644,10km to less than 20km,61,125,-64
E01000644,20km to less than 30km,2,18,-16
E01000644,2km to less than 5km,128,182,-54
E01000644,30km to less than 40km,1,5,-4
E01000644,40km to less than 60km,1,3,-2
E01000644,5km to less than 10km,199,364,-165
E01000644,60km and over,11,12,-1
E01000644,Less than 2km,57,61,-4
E01000644,"Works mainly at an offshore installation, in no fixed place, or outside the UK",173,143,30
E01000644,Works mainly from home,316,82,234
E01000645,10km to less than 20km,94,286,-192
E01000645,20km to less than 30km,2,16,-14
E01000645,2km to less than 5km,48,70,-22
E01000645,30km to less than 40km,9,9,0
E01000645,40km to less than 60km,1,5,-4
E01000645,5km to less than 10km,48,76,-28
E01000645,60km and over,12,7,5
E01000645,Less than 2km,25,34,-9
E01000645,"Works mainly at an offshore installation, in no fixed place, or outside the UK",43,48,-5
E01000645,Works mainly from home,437,119,318
E01000646,10km to less than 20km,133,328,-195
E01000646,20km to less than 30km,17,14,3
E01000646,2km to less than 5km,59,73,-14
E01000646,30km to less than 40km,2,14,-12
E01000646,40km to less than 60km,4,8,-4
E01000646,5km to less than 10km,64,117,-53
E01000646,60km and over,3,8,-5
E01000646,Less than 2km,66,120,-54
E01000646,"Works mainly at an offshore installation, in no fixed place, or outside the UK",105,60,45
E01000646,Works mainly from home,443,80,363
E01000647,10km to less than 20km,131,294,-163
E01000647,20km to less than 30km,6,30,-24
E01000647,2km to less than 5km,69,83,-14
E01000647,30km to less than 40km,5,13,-8
E01000647,40km to less than 60km,2,8,-6
E01000647,5km to less than 10km,78,103,-25
E01000647,60km and over,3,8,-5
E01000647,Less than 2km,65,150,-85
E01000647,"Works mainly at an offshore installation, in no fixed place, or outside the UK",108,95,13
E01000647,Works mainly from home,438,85,353
E01000648,10km to less than 20km,121,331,-210
E01000648,20km to less than 30km,17,32,-15
E01000648,2km to less than 5km,83,87,-4
E01000648,30km to less than 40km,11,12,-1
E01000648,40km to less than 60km,0,0,0
E01000648,5km to less than 10km,79,102,-23
E01000648,60km and over,8,10,-2
E01000648,Less than 2km,69,132,-63
E01000648,"Works mainly at an offshore installation, in no fixed place, or outside the UK",119,89,30
E01000648,Works mainly from home,487,111,376
E01000649,10km to less than 20km,118,444,-326
E01000649,20km to less than 30km,20,34,-14
E01000649,2km to less than 5km,83,129,-46
E01000649,30km to less than 40km,7,10,-3
E01000649,40km to less than 60km,5,12,-7
E01000649,5km to less than 10km,64,99,-35
E01000649,60km and over,8,8,0
E01000649,Less than 2km,25,51,-26
E01000649,"Works mainly at an offshore installation, in no fixed place, or outside the UK",72,52,20
E01000649,Works mainly from home,592,122,470
E01000650,10km to less than 20km,101,321,-220
E01000650,20km to less than 30km,7,35,-28
E01000650,2km to less than 5km,66,129,-63
E01000650,30km to less than 40km,10,17,-7
E01000650,40km to less than 60km,2,10,-8
E01000650,5km to less than 10km,56,104,-48
E01000650,60km and over,5,15,-10
E01000650,Less than 2km,20,51,-31
E01000650,"Works mainly at an offshore installation, in no fixed place, or outside the UK",73,50,23
E01000650,Works mainly from home,437,120,317
E01000651,10km to less than 20km,122,285,-163
E01000651,20km to less than 30km,7,25,-18
E01000651,2km to less than 5km,75,124,-49
E01000651,30km to less than 40km,7,8,-1
E01000651,40km to less than 60km,1,8,-7
E01000651,5km to less than 10km,48,82,-34
E01000651,60km and over,3,6,-3
E01000651,Less than 2km,35,73,-38
E01000651,"Works mainly at an offshore installation, in no fixed place, or outside the UK",90,65,25
E01000651,Works mainly from home,416,78,338
E01000652,10km to less than 20km,88,278,-190
E01000652,20km to less than 30km,9,38,-29
E01000652,2km to less than 5km,82,121,-39
E01000652,30km to less than 40km,8,14,-6
E01000652,40km to less than 60km,4,5,-1
E01000652,5km to less than 10km,66,84,-18
E01000652,60km and over,1,6,-5
E01000652,Less than 2km,36,58,-22
E01000652,"Works mainly at an offshore installation, in no fixed place, or outside the UK",116,87,29
E01000652,Works mainly from home,430,114,316
E01000653,10km to less than 20km,73,271,-198
E01000653,20km to less than 30km,4,15,-11
E01000653,2km to less than 5km,39,58,-19
E01000653,30km to less than 40km,9,10,-1
E01000653,40km to less than 60km,3,2,1
E01000653,5km to less than 10km,60,77,-17
E01000653,60km and over,6,5,1
E01000653,Less than 2km,26,69,-43
E01000653,"Works mainly at an offshore installation, in no fixed place, or outside the UK",60,41,19
E01000653,Works mainly from home,370,110,260
E01000654,10km to less than 20km,100,183,-83
E01000654,20km to less than 30km,60,112,-52
E01000654,2km to less than 5km,11,25,-14
E01000654,30km to less than 40km,7,14,-7
E01000654,40km to less than 60km,4,5,-1
E01000654,5km to less than 10km,85,134,-49
E01000654,60km and over,3,15,-12
E01000654,Less than 2km,45,65,-20
E01000654,"Works mainly at an offshore installation, in no fixed place, or outside the UK",146,78,68
E01000654,Works mainly from home,208,95,113
E01000655,10km to less than 20km,125,193,-68
E01000655,20km to less than 30km,48,120,-72
E01000655,2km to less than 5km,19,33,-14
E01000655,30km to less than 40km,6,10,-4
E01000655,40km to less than 60km,4,9,-5
E01000655,5km to less than 10km,86,116,-30
E01000655,60km and over,3,11,-8
E01000655,Less than 2km,37,63,-26
E01000655,"Works mainly at an offshore installation, in no fixed place, or outside the UK",154,78,76
E01000655,Works mainly from home,205,85,120
E01000656,10km to less than 20km,103,166,-63
E01000656,20km to less than 30km,63,140,-77
E01000656,2km to less than 5km,11,18,-7
E01000656,30km to less than 40km,3,8,-5
E01000656,40km to less than 60km,6,10,-4
E01000656,5km to less than 10km,129,162,-33
E01000656,60km and over,5,10,-5
E01000656,Less than 2km,53,72,-19
E01000656,"Works mainly at an offshore installation, in no fixed place, or outside the UK",142,85,57
E01000656,Works mainly from home,248,112,136
E01000657,10km to less than 20km,129,216,-87
E01000657,20km to less than 30km,55,143,-88
E01000657,2km to less than 5km,15,37,-22
E01000657,30km to less than 40km,6,11,-5
E01000657,40km to less than 60km,9,6,3
E01000657,5km to less than 10km,116,150,-34
E01000657,60km and over,3,11,-8
E01000657,Less than 2km,53,89,-36
E01000657,"Works mainly at an offshore installation, in no fixed place, or outside the UK",180,104,76
E01000657,Works mainly from home,244,89,155
E01000658,10km to less than 20km,80,125,-45
E01000658,20km to less than 30km,38,98,-60
E01000658,2km to less than 5km,16,20,-4
E01000658,30km to less than 40km,5,13,-8
E01000658,40km to less than 60km,1,15,-14
E01000658,5km to less than 10km,82,148,-66
E01000658,60km and over,4,5,-1
E01000658,Less than 2km,43,86,-43
E01000658,"Works mainly at an offshore installation, in no fixed place, or outside the UK",103,49,54
E01000658,Works mainly from home,212,86,126
E01000659,10km to less than 20km,146,227,-81
E01000659,20km to less than 30km,53,135,-82
E01000659,2km to less than 5km,17,27,-10
E01000659,30km to less than 40km,5,14,-9
E01000659,40km to less than 60km,8,8,0
E01000659,5km to less than 10km,132,162,-30
E01000659,60km and over,2,11,-9
E01000659,Less than 2km,46,74,-28
E01000659,"Works mainly at an offshore installation, in no fixed place, or outside the UK",150,87,63
E01000659,Works mainly from home,233,104,129
E01000661,10km to less than 20km,164,149,15
E01000661,20km to less than 30km,21,24,-3
E01000661,2km to less than 5km,178,158,20
E01000661,30km to less than 40km,15,11,4
E01000661,40km to less than 60km,4,6,-2
E01000661,5km to less than 10km,93,89,4
E01000661,60km and over,9,4,5
E01000661,Less than 2km,58,59,-1
E01000661,"Works mainly at an offshore installation, in no fixed place, or outside the UK",207,67,140
E01000661,Works mainly from home,476,45,431
E01000662,10km to less than 20km,109,223,-114
E01000662,20km to less than 30km,20,38,-18
E01000662,2km to less than 5km,128,182,-54
E01000662,30km to less than 40km,7,4,3
E01000662,40km to less than 60km,6,6,0
E01000662,5km to less than 10km,74,97,-23
E01000662,60km and over,4,4,0
E01000662,Less than 2km,55,69,-14
E01000662,"Works mainly at an offshore installation, in no fixed place, or outside the UK",179,96,83
E01000662,Works mainly from home,347,78,269
E01000663,10km to less than 20km,104,198,-94
E01000663,20km to less than 30km,27,48,-21
E01000663,2km to less than 5km,93,150,-57
E01000663,30km to less than 40km,10,13,-3
E01000663,40km to less than 60km,2,0,2
E01000663,5km to less than 10km,63,83,-20
E01000663,60km and over,2,6,-4
E01000663,Less than 2km,47,73,-26
E01000663,"Works mainly at an offshore installation, in no fixed place, or outside the UK",123,99,24
E01000663,Works mainly from home,306,55,251
E01000664,10km to less than 20km,91,191,-100
E01000664,20km to less than 30km,27,51,-24
E01000664,2km to less than 5km,91,160,-69
E01000664,30km to less than 40km,6,12,-6
E01000664,40km to less than 60km,1,5,-4
E01000664,5km to less than 10km,63,87,-24
E01000664,60km and over,2,6,-4
E01000664,Less than 2km,58,84,-26
E01000664,"Works mainly at an offshore installation, in no fixed place, or outside the UK",139,94,45
E01000664,Works mainly from home,341,59,282
E01000665,10km to less than 20km,112,222,-110
E01000665,20km to less than 30km,29,66,-37
E01000665,2km to less than 5km,108,170,-62
E01000665,30km to less than 40km,9,15,-6
E01000665,40km to less than 60km,3,11,-8
E01000665,5km to less than 10km,81,105,-24
E01000665,60km and over,3,10,-7
E01000665,Less than 2km,71,107,-36
E01000665,"Works mainly at an offshore installation, in no fixed place, or outside the UK",136,97,39
E01000665,Works mainly from home,369,116,253
E01000666,10km to less than 20km,105,210,-105
E01000666,20km to less than 30km,28,94,-66
E01000666,2km to less than 5km,91,118,-27
E01000666,30km to less than 40km,7,13,-6
E01000666,40km to less than 60km,3,8,-5
E01000666,5km to less than 10km,96,135,-39
E01000666,60km and over,8,8,0
E01000666,Less than 2km,26,46,-20
E01000666,"Works mainly at an offshore installation, in no fixed place, or outside the UK",108,89,19
E01000666,Works mainly from home,411,134,277
E01000667,10km to less than 20km,88,178,-90
E01000667,20km to less than 30km,24,66,-42
E01000667,2km to less than 5km,57,103,-46
E01000667,30km to less than 40km,7,6,1
E01000667,40km to less than 60km,5,3,2
E01000667,5km to less than 10km,65,109,-44
E01000667,60km and over,8,13,-5
E01000667,Less than 2km,32,42,-10
E01000667,"Works mainly at an offshore installation, in no fixed place, or outside the UK",107,77,30
E01000667,Works mainly from home,385,110,275
E01000668,10km to less than 20km,148,291,-143
E01000668,20km to less than 30km,26,28,-2
E01000668,2km to less than 5km,110,111,-1
E01000668,30km to less than 40km,10,13,-3
E01000668,40km to less than 60km,2,6,-4
E01000668,5km to less than 10km,111,124,-13
E01000668,60km and over,3,10,-7
E01000668,Less than 2km,78,150,-72
E01000668,"Works mainly at an offshore installation, in no fixed place, or outside the UK",148,83,65
E01000668,Works mainly from home,561,73,488
E01000669,10km to less than 20km,142,330,-188
E01000669,20km to less than 30km,18,44,-26
E01000669,2km to less than 5km,105,126,-21
E01000669,30km to less than 40km,10,11,-1
E01000669,40km to less than 60km,2,5,-3
E01000669,5km to less than 10km,74,93,-19
E01000669,60km and over,1,14,-13
E01000669,Less than 2km,44,98,-54
E01000669,"Works mainly at an offshore installation, in no fixed place, or outside the UK",120,86,34
E01000669,Works mainly from home,452,74,378
E01000670,10km to less than 20km,128,440,-312
E01000670,20km to less than 30km,14,34,-20
E01000670,2km to less than 5km,72,106,-34
E01000670,30km to less than 40km,1,22,-21
E01000670,40km to less than 60km,4,12,-8
E01000670,5km to less than 10km,81,115,-34
E01000670,60km and over,2,14,-12
E01000670,Less than 2km,64,141,-77
E01000670,"Works mainly at an offshore installation, in no fixed place, or outside the UK",97,72,25
E01000670,Works mainly from home,562,115,447
E01000671,10km to less than 20km,171,331,-160
E01000671,20km to less than 30km,24,32,-8
E01000671,2km to less than 5km,89,72,17
E01000671,30km to less than 40km,14,18,-4
E01000671,40km to less than 60km,1,6,-5
E01000671,5km to less than 10km,100,83,17
E01000671,60km and over,5,10,-5
E01000671,Less than 2km,78,150,-72
E01000671,"Works mainly at an offshore installation, in no fixed place, or outside the UK",121,76,45
E01000671,Works mainly from home,595,122,473
E01000672,10km to less than 20km,109,266,-157
E01000672,20km to less than 30km,13,19,-6
E01000672,2km to less than 5km,72,100,-28
E01000672,30km to less than 40km,3,10,-7
E01000672,40km to less than 60km,0,0,0
E01000672,5km to less than 10km,76,116,-40
E01000672,60km and over,5,11,-6
E01000672,Less than 2km,59,89,-30
E01000672,"Works mainly at an offshore installation, in no fixed place, or outside the UK",98,74,24
E01000672,Works mainly from home,420,95,325
E01000673,10km to less than 20km,88,321,-233
E01000673,20km to less than 30km,9,21,-12
E01000673,2km to less than 5km,66,95,-29
E01000673,30km to less than 40km,6,13,-7
E01000673,40km to less than 60km,3,7,-4
E01000673,5km to less than 10km,56,110,-54
E01000673,60km and over,5,8,-3
E01000673,Less than 2km,60,79,-19
E01000673,"Works mainly at an offshore installation, in no fixed place, or outside the UK",115,83,32
E01000673,Works mainly from home,472,73,399
E01000674,10km to less than 20km,123,367,-244
E01000674,20km to less than 30km,3,18,-15
E01000674,2km to less than 5km,66,89,-23
E01000674,30km to less than 40km,7,19,-12
E01000674,40km to less than 60km,3,6,-3
E01000674,5km to less than 10km,99,103,-4
E01000674,60km and over,6,7,-1
E01000674,Less than 2km,56,104,-48
E01000674,"Works mainly at an offshore installation, in no fixed place, or outside the UK",131,69,62
E01000674,Works mainly from home,442,87,355
E01000676,10km to less than 20km,143,362,-219
E01000676,20km to less than 30km,14,25,-11
E01000676,2km to less than 5km,89,79,10
E01000676,30km to less than 40km,5,17,-12
E01000676,40km to less than 60km,5,2,3
E01000676,5km to less than 10km,114,104,10
E01000676,60km and over,10,7,3
E01000676,Less than 2km,93,170,-77
E01000676,"Works mainly at an offshore installation, in no fixed place, or outside the UK",141,69,72
E01000676,Works mainly from home,468,94,374
E01000677,10km to less than 20km,136,429,-293
E01000677,20km to less than 30km,13,25,-12
E01000677,2km to less than 5km,54,81,-27
E01000677,30km to less than 40km,5,19,-14
E01000677,40km to less than 60km,3,6,-3
E01000677,5km to less than 10km,104,120,-16
E01000677,60km and over,5,9,-4
E01000677,Less than 2km,65,157,-92
E01000677,"Works mainly at an offshore installation, in no fixed place, or outside the UK",139,98,41
E01000677,Works mainly from home,547,85,462
E01000678,10km to less than 20km,120,351,-231
E01000678,20km to less than 30km,13,31,-18
E01000678,2km to less than 5km,85,62,23
E01000678,30km to less than 40km,10,11,-1
E01000678,40km to less than 60km,0,4,-4
E01000678,5km to less than 10km,54,99,-45
E01000678,60km and over,1,13,-12
E01000678,Less than 2km,65,139,-74
E01000678,"Works mainly at an offshore installation, in no fixed place, or outside the UK",99,86,13
E01000678,Works mainly from home,523,84,439
E01000679,10km to less than 20km,99,323,-224
E01000679,20km to less than 30km,19,20,-1
E01000679,2km to less than 5km,77,94,-17
E01000679,30km to less than 40km,9,12,-3
E01000679,40km to less than 60km,3,5,-2
E01000679,5km to less than 10km,79,103,-24
E01000679,60km and over,8,12,-4
E01000679,Less than 2km,90,142,-52
E01000679,"Works mainly at an offshore installation, in no fixed place, or outside the UK",114,88,26
E01000679,Works mainly from home,485,97,388
E01000680,10km to less than 20km,73,115,-42
E01000680,20km to less than 30km,69,185,-116
E01000680,2km to less than 5km,41,73,-32
E01000680,30km to less than 40km,4,13,-9
E01000680,40km to less than 60km,9,4,5
E01000680,5km to less than 10km,82,131,-49
E01000680,60km and over,3,15,-12
E01000680,Less than 2km,21,41,-20
E01000680,"Works mainly at an offshore installation, in no fixed place, or outside the UK",120,77,43
E01000680,Works mainly from home,362,146,216
E01000681,10km to less than 20km,97,161,-64
E01000681,20km to less than 30km,49,228,-179
E01000681,2km to less than 5km,48,67,-19
E01000681,30km to less than 40km,10,16,-6
E01000681,40km to less than 60km,3,11,-8
E01000681,5km to less than 10km,70,123,-53
E01000681,60km and over,3,6,-3
E01000681,Less than 2km,74,120,-46
E01000681,"Works mainly at an offshore installation, in no fixed place, or outside the UK",100,72,28
E01000681,Works mainly from home,440,80,360
E01000682,10km to less than 20km,61,100,-39
E01000682,20km to less than 30km,48,160,-112
E01000682,2km to less than 5km,45,77,-32
E01000682,30km to less than 40km,1,5,-4
E01000682,40km to less than 60km,3,10,-7
E01000682,5km to less than 10km,62,116,-54
E01000682,60km and over,5,9,-4
E01000682,Less than 2km,67,89,-22
E01000682,"Works mainly at an offshore installation, in no fixed place, or outside the UK",66,68,-2
E01000682,Works mainly from home,349,79,270
E01000683,10km to less than 20km,78,144,-66
E01000683,20km to less than 30km,64,271,-207
E01000683,2km to less than 5km,73,80,-7
E01000683,30km to less than 40km,8,12,-4
E01000683,40km to less than 60km,1,4,-3
E01000683,5km to less than 10km,62,94,-32
E01000683,60km and over,3,12,-9
E01000683,Less than 2km,76,92,-16
E01000683,"Works mainly at an offshore installation, in no fixed place, or outside the UK",107,75,32
E01000683,Works mainly from home,385,53,332
E01000684,10km to less than 20km,84,141,-57
E01000684,20km to less than 30km,72,328,-256
E01000684,2km to less than 5km,58,110,-52
E01000684,30km to less than 40km,9,21,-12
E01000684,40km to less than 60km,5,10,-5
E01000684,5km to less than 10km,59,137,-78
E01000684,60km and over,13,12,1
E01000684,Less than 2km,59,79,-20
E01000684,"Works mainly at an offshore installation, in no fixed place, or outside the UK",106,73,33
E01000684,Works mainly from home,555,113,442
E01000685,10km to less than 20km,76,127,-51
E01000685,20km to less than 30km,73,212,-139
E01000685,2km to less than 5km,87,88,-1
E01000685,30km to less than 40km,6,12,-6
E01000685,40km to less than 60km,5,9,-4
E01000685,5km to less than 10km,60,95,-35
E01000685,60km and over,4,11,-7
E01000685,Less than 2km,58,73,-15
E01000685,"Works mainly at an offshore installation, in no fixed place, or outside the UK",98,79,19
E01000685,Works mainly from home,359,73,286
E01000686,10km to less than 20km,49,117,-68
E01000686,20km to less than 30km,46,207,-161
E01000686,2km to less than 5km,35,72,-37
E01000686,30km to less than 40km,7,10,-3
E01000686,40km to less than 60km,1,12,-11
E01000686,5km to less than 10km,61,108,-47
E01000686,60km and over,5,10,-5
E01000686,Less than 2km,34,54,-20
E01000686,"Works mainly at an offshore installation, in no fixed place, or outside the UK",78,61,17
E01000686,Works mainly from home,356,86,270
E01000687,10km to less than 20km,71,111,-40
E01000687,20km to less than 30km,46,204,-158
E01000687,2km to less than 5km,59,96,-37
E01000687,30km to less than 40km,4,10,-6
E01000687,40km to less than 60km,1,6,-5
E01000687,5km to less than 10km,65,127,-62
E01000687,60km and over,6,6,0
E01000687,Less than 2km,28,66,-38
E01000687,"Works mainly at an offshore installation, in no fixed place, or outside the UK",84,62,22
E01000687,Works mainly from home,390,101,289
E01000688,10km to less than 20km,59,94,-35
E01000688,20km to less than 30km,55,219,-164
E01000688,2km to less than 5km,37,66,-29
E01000688,30km to less than 40km,6,13,-7
E01000688,40km to less than 60km,3,7,-4
E01000688,5km to less than 10km,53,73,-20
E01000688,60km and over,3,9,-6
E01000688,Less than 2km,15,45,-30
E01000688,"Works mainly at an offshore installation, in no fixed place, or outside the UK",71,60,11
E01000688,Works mainly from home,365,103,262
E01000689,10km to less than 20km,93,177,-84
E01000689,20km to less than 30km,3,22,-19
E01000689,2km to less than 5km,65,102,-37
E01000689,30km to less than 40km,8,14,-6
E01000689,40km to less than 60km,4,12,-8
E01000689,5km to less than 10km,86,116,-30
E01000689,60km and over,6,6,0
E01000689,Less than 2km,20,49,-29
E01000689,"Works mainly at an offshore installation, in no fixed place, or outside the UK",130,76,54
E01000689,Works mainly from home,266,79,187
E01000690,10km to less than 20km,91,249,-158
E01000690,20km to less than 30km,10,20,-10
E01000690,2km to less than 5km,55,95,-40
E01000690,30km to less than 40km,7,7,0
E01000690,40km to less than 60km,5,5,0
E01000690,5km to less than 10km,62,107,-45
E01000690,60km and over,3,8,-5
E01000690,Less than 2km,19,59,-40
E01000690,"Works mainly at an offshore installation, in no fixed place, or outside the UK",75,70,5
E01000690,Works mainly from home,334,90,244
E01000691,10km to less than 20km,103,242,-139
E01000691,20km to less than 30km,6,28,-22
E01000691,2km to less than 5km,67,103,-36
E01000691,30km to less than 40km,3,14,-11
E01000691,40km to less than 60km,1,7,-6
E01000691,5km to less than 10km,84,114,-30
E01000691,60km and over,5,7,-2
E01000691,Less than 2km,44,76,-32
E01000691,"Works mainly at an offshore installation, in no fixed place, or outside the UK",110,80,30
E01000691,Works mainly from home,354,51,303
E01000692,10km to less than 20km,103,321,-218
E01000692,20km to less than 30km,17,20,-3
E01000692,2km to less than 5km,83,111,-28
E01000692,30km to less than 40km,8,16,-8
E01000692,40km to less than 60km,5,7,-2
E01000692,5km to less than 10km,79,104,-25
E01000692,60km and over,1,10,-9
E01000692,Less than 2km,34,71,-37
E01000692,"Works mainly at an offshore installation, in no fixed place, or outside the UK",112,84,28
E01000692,Works mainly from home,397,103,294
E01000693,10km to less than 20km,73,204,-131
E01000693,20km to less than 30km,13,23,-10
E01000693,2km to less than 5km,47,59,-12
E01000693,30km to less than 40km,6,14,-8
E01000693,40km to less than 60km,1,0,1
E01000693,5km to less than 10km,44,91,-47
E01000693,60km and over,3,8,-5
E01000693,Less than 2km,28,45,-17
E01000693,"Works mainly at an offshore installation, in no fixed place, or outside the UK",54,42,12
E01000693,Works mainly from home,292,99,193
E01000694,10km to less than 20km,147,328,-181
E01000694,20km to less than 30km,9,22,-13
E01000694,2km to less than 5km,59,81,-22
E01000694,30km to less than 40km,4,6,-2
E01000694,40km to less than 60km,2,1,1
E01000694,5km to less than 10km,86,85,1
E01000694,60km and over,4,9,-5
E01000694,Less than 2km,22,32,-10
E01000694,"Works mainly at an offshore installation, in no fixed place, or outside the UK",78,33,45
E01000694,Works mainly from home,657,104,553
E01000695,10km to less than 20km,96,393,-297
E01000695,20km to less than 30km,11,18,-7
E01000695,2km to less than 5km,42,106,-64
E01000695,30km to less than 40km,11,13,-2
E01000695,40km to less than 60km,4,10,-6
E01000695,5km to less than 10km,68,100,-32
E01000695,60km and over,4,12,-8
E01000695,Less than 2km,17,34,-17
E01000695,"Works mainly at an offshore installation, in no fixed place, or outside the UK",67,74,-7
E01000695,Works mainly from home,409,102,307
E01000696,10km to less than 20km,98,272,-174
E01000696,20km to less than 30km,7,25,-18
E01000696,2km to less than 5km,55,94,-39
E01000696,30km to less than 40km,4,10,-6
E01000696,40km to less than 60km,1,5,-4
E01000696,5km to less than 10km,45,68,-23
E01000696,60km and over,1,5,-4
E01000696,Less than 2km,23,38,-15
E01000696,"Works mainly at an offshore installation, in no fixed place, or outside the UK",55,38,17
E01000696,Works mainly from home,436,108,328
E01000697,10km to less than 20km,121,396,-275
E01000697,20km to less than 30km,15,35,-20
E01000697,2km to less than 5km,56,57,-1
E01000697,30km to less than 40km,11,9,2
E01000697,40km to less than 60km,0,12,-12
E01000697,5km to less than 10km,74,59,15
E01000697,60km and over,6,6,0
E01000697,Less than 2km,31,31,0
E01000697,"Works mainly at an offshore installation, in no fixed place, or outside the UK",63,58,5
E01000697,Works mainly from home,601,98,503
E01000698,10km to less than 20km,65,174,-109
E01000698,20km to less than 30km,20,44,-24
E01000698,2km to less than 5km,40,65,-25
E01000698,30km to less than 40km,3,9,-6
E01000698,40km to less than 60km,2,5,-3
E01000698,5km to less than 10km,61,65,-4
E01000698,60km and over,2,6,-4
E01000698,Less than 2km,20,27,-7
E01000698,"Works mainly at an offshore installation, in no fixed place, or outside the UK",50,53,-3
E01000698,Works mainly from home,271,84,187
E01000699,10km to less than 20km,103,271,-168
E01000699,20km to less than 30km,9,13,-4
E01000699,2km to less than 5km,53,90,-37
E01000699,30km to less than 40km,0,7,-7
E01000699,40km to less than 60km,1,3,-2
E01000699,5km to less than 10km,102,150,-48
E01000699,60km and over,2,6,-4
E01000699,Less than 2km,39,84,-45
E01000699,"Works mainly at an offshore installation, in no fixed place, or outside the UK",109,89,20
E01000699,Works mainly from home,414,50,364
E01000700,10km to less than 20km,100,381,-281
E01000700,20km to less than 30km,7,13,-6
E01000700,2km to less than 5km,62,109,-47
E01000700,30km to less than 40km,3,9,-6
E01000700,40km to less than 60km,0,11,-11
E01000700,5km to less than 10km,76,97,-21
E01000700,60km and over,5,8,-3
E01000700,Less than 2km,50,85,-35
E01000700,"Works mainly at an offshore installation, in no fixed place, or outside the UK",82,63,19
E01000700,Works mainly from home,442,72,370
E01000701,10km to less than 20km,89,294,-205
E01000701,20km to less than 30km,4,17,-13
E01000701,2km to less than 5km,55,89,-34
E01000701,30km to less than 40km,4,5,-1
E01000701,40km to less than 60km,0,3,-3
E01000701,5km to less than 10km,75,107,-32
E01000701,60km and over,2,10,-8
E01000701,Less than 2km,33,71,-38
E01000701,"Works mainly at an offshore installation, in no fixed place, or outside the UK",81,78,3
E01000701,Works mainly from home,462,67,395
E01000702,10km to less than 20km,109,370,-261
E01000702,20km to less than 30km,7,23,-16
E01000702,2km to less than 5km,51,75,-24
E01000702,30km to less than 40km,4,5,-1
E01000702,40km to less than 60km,2,4,-2
E01000702,5km to less than 10km,71,91,-20
E01000702,60km and over,1,13,-12
E01000702,Less than 2km,38,80,-42
E01000702,"Works mainly at an offshore installation, in no fixed place, or outside the UK",80,72,8
E01000702,Works mainly from home,486,67,419
E01000703,10km to less than 20km,91,393,-302
E01000703,20km to less than 30km,6,23,-17
E01000703,2km to less than 5km,49,91,-42
E01000703,30km to less than 40km,7,13,-6
E01000703,40km to less than 60km,1,5,-4
E01000703,5km to less than 10km,86,119,-33
E01000703,60km and over,1,11,-10
E01000703,Less than 2km,53,73,-20
E01000703,"Works mainly at an offshore installation, in no fixed place, or outside the UK",88,83,5
E01000703,Works mainly from home,516,88,428
E01000704,10km to less than 20km,107,255,-148
E01000704,20km to less than 30km,11,15,-4
E01000704,2km to less than 5km,69,91,-22
E01000704,30km to less than 40km,1,10,-9
E01000704,40km to less than 60km,1,2,-1
E01000704,5km to less than 10km,85,159,-74
E01000704,60km and over,3,10,-7
E01000704,Less than 2km,49,75,-26
E01000704,"Works mainly at an offshore installation, in no fixed place, or outside the UK",103,74,29
E01000704,Works mainly from home,362,64,298
E01000705,10km to less than 20km,93,245,-152
E01000705,20km to less than 30km,8,14,-6
E01000705,2km to less than 5km,67,91,-24
E01000705,30km to less than 40km,2,8,-6
E01000705,40km to less than 60km,4,4,0
E01000705,5km to less than 10km,76,133,-57
E01000705,60km and over,6,14,-8
E01000705,Less than 2km,36,63,-27
E01000705,"Works mainly at an offshore installation, in no fixed place, or outside the UK",82,65,17
E01000705,Works mainly from home,341,53,288
E01000706,10km to less than 20km,89,246,-157
E01000706,20km to less than 30km,8,9,-1
E01000706,2km to less than 5km,52,96,-44
E01000706,30km to less than 40km,4,9,-5
E01000706,40km to less than 60km,4,3,1
E01000706,5km to less than 10km,69,111,-42
E01000706,60km and over,5,3,2
E01000706,Less than 2km,48,82,-34
E01000706,"Works mainly at an offshore installation, in no fixed place, or outside the UK",100,75,25
E01000706,Works mainly from home,347,55,292
E01000707,10km to less than 20km,88,275,-187
E01000707,20km to less than 30km,5,14,-9
E01000707,2km to less than 5km,45,51,-6
E01000707,30km to less than 40km,4,5,-1
E01000707,40km to less than 60km,2,3,-1
E01000707,5km to less than 10km,57,59,-2
E01000707,60km and over,2,10,-8
E01000707,Less than 2km,36,49,-13
E01000707,"Works mainly at an offshore installation, in no fixed place, or outside the UK",57,53,4
E01000707,Works mainly from home,504,59,445
E01000708,10km to less than 20km,112,382,-270
E01000708,20km to less than 30km,6,22,-16
E01000708,2km to less than 5km,64,140,-76
E01000708,30km to less than 40km,2,9,-7
E01000708,40km to less than 60km,2,11,-9
E01000708,5km to less than 10km,86,128,-42
E01000708,60km and over,1,13,-12
E01000708,Less than 2km,48,113,-65
E01000708,"Works mainly at an offshore installation, in no fixed place, or outside the UK",90,89,1
E01000708,Works mainly from home,452,106,346
E01000709,10km to less than 20km,89,317,-228
E01000709,20km to less than 30km,8,20,-12
E01000709,2km to less than 5km,49,67,-18
E01000709,30km to less than 40km,1,4,-3
E01000709,40km to less than 60km,0,2,-2
E01000709,5km to less than 10km,73,96,-23
E01000709,60km and over,3,6,-3
E01000709,Less than 2km,39,59,-20
E01000709,"Works mainly at an offshore installation, in no fixed place, or outside the UK",73,59,14
E01000709,Works mainly from home,388,60,328
E01000710,10km to less than 20km,196,498,-302
E01000710,20km to less than 30km,12,23,-11
E01000710,2km to less than 5km,80,66,14
E01000710,30km to less than 40km,7,11,-4
E01000710,40km to less than 60km,4,6,-2
E01000710,5km to less than 10km,131,143,-12
E01000710,60km and over,4,15,-11
E01000710,Less than 2km,44,62,-18
E01000710,"Works mainly at an offshore installation, in no fixed place, or outside the UK",117,71,46
E01000710,Works mainly from home,831,83,748
E01000711,10km to less than 20km,144,558,-414
E01000711,20km to less than 30km,6,11,-5
E01000711,2km to less than 5km,72,101,-29
E01000711,30km to less than 40km,3,18,-15
E01000711,40km to less than 60km,1,5,-4
E01000711,5km to less than 10km,98,140,-42
E01000711,60km and over,1,7,-6
E01000711,Less than 2km,40,61,-21
E01000711,"Works mainly at an offshore installation, in no fixed place, or outside the UK",122,81,41
E01000711,Works mainly from home,617,73,544
E01000712,10km to less than 20km,138,484,-346
E01000712,20km to less than 30km,7,25,-18
E01000712,2km to less than 5km,74,106,-32
E01000712,30km to less than 40km,4,10,-6
E01000712,40km to less than 60km,3,4,-1
E01000712,5km to less than 10km,99,107,-8
E01000712,60km and over,6,10,-4
E01000712,Less than 2km,28,56,-28
E01000712,"Works mainly at an offshore installation, in no fixed place, or outside the UK",107,74,33
E01000712,Works mainly from home,561,108,453
E01000713,10km to less than 20km,113,447,-334
E01000713,20km to less than 30km,10,19,-9
E01000713,2km to less than 5km,75,116,-41
E01000713,30km to less than 40km,3,7,-4
E01000713,40km to less than 60km,1,6,-5
E01000713,5km to less than 10km,94,134,-40
E01000713,60km and over,6,13,-7
E01000713,Less than 2km,35,74,-39
E01000713,"Works mainly at an offshore installation, in no fixed place, or outside the UK",102,89,13
E01000713,Works mainly from home,601,91,510
E01000714,10km to less than 20km,153,565,-412
E01000714,20km to less than 30km,14,26,-12
E01000714,2km to less than 5km,86,114,-28
E01000714,30km to less than 40km,6,8,-2
E01000714,40km to less than 60km,2,9,-7
E01000714,5km to less than 10km,133,148,-15
E01000714,60km and over,2,18,-16
E01000714,Less than 2km,79,78,1
E01000714,"Works mainly at an offshore installation, in no fixed place, or outside the UK",127,99,28
E01000714,Works mainly from home,635,95,540
E01000715,10km to less than 20km,107,418,-311
E01000715,20km to less than 30km,4,19,-15
E01000715,2km to less than 5km,65,106,-41
E01000715,30km to less than 40km,2,9,-7
E01000715,40km to less than 60km,2,2,0
E01000715,5km to less than 10km,69,116,-47
E01000715,60km and over,4,11,-7
E01000715,Less than 2km,39,69,-30
E01000715,"Works mainly at an offshore installation, in no fixed place, or outside the UK",91,80,11
E01000715,Works mainly from home,557,93,464
E01000716,10km to less than 20km,89,295,-206
E01000716,20km to less than 30km,12,17,-5
E01000716,2km to less than 5km,45,112,-67
E01000716,30km to less than 40km,7,13,-6
E01000716,40km to less than 60km,6,3,3
E01000716,5km to less than 10km,70,91,-21
E01000716,60km and over,2,10,-8
E01000716,Less than 2km,43,88,-45
E01000716,"Works mainly at an offshore installation, in no fixed place, or outside the UK",70,55,15
E01000716,Works mainly from home,408,78,330
E01000717,10km to less than 20km,115,421,-306
E01000717,20km to less than 30km,7,33,-26
E01000717,2km to less than 5km,66,79,-13
E01000717,30km to less than 40km,6,15,-9
E01000717,40km to less than 60km,5,10,-5
E01000717,5km to less than 10km,81,105,-24
E01000717,60km and over,8,8,0
E01000717,Less than 2km,48,99,-51
E01000717,"Works mainly at an offshore installation, in no fixed place, or outside the UK",124,78,46
E01000717,Works mainly from home,471,115,356
E01000718,10km to less than 20km,138,352,-214
E01000718,20km to less than 30km,13,29,-16
E01000718,2km to less than 5km,106,133,-27
E01000718,30km to less than 40km,8,15,-7
E01000718,40km to less than 60km,0,6,-6
E01000718,5km to less than 10km,135,189,-54
E01000718,60km and over,5,11,-6
E01000718,Less than 2km,62,78,-16
E01000718,"Works mainly at an offshore installation, in no fixed place, or outside the UK",152,105,47
E01000718,Works mainly from home,408,71,337
E01000719,10km to less than 20km,171,147,24
E01000719,20km to less than 30km,62,93,-31
E01000719,2km to less than 5km,79,76,3
E01000719,30km to less than 40km,6,12,-6
E01000719,40km to less than 60km,3,7,-4
E01000719,5km to less than 10km,115,92,23
E01000719,60km and over,2,13,-11
E01000719,Less than 2km,70,68,2
E01000719,"Works mainly at an offshore installation, in no fixed place, or outside the UK",187,70,117
E01000719,Works mainly from home,304,62,242
E01000720,10km to less than 20km,103,150,-47
E01000720,20km to less than 30km,58,108,-50
E01000720,2km to less than 5km,85,97,-12
E01000720,30km to less than 40km,8,12,-4
E01000720,40km to less than 60km,0,3,-3
E01000720,5km to less than 10km,117,121,-4
E01000720,60km and over,6,12,-6
E01000720,Less than 2km,58,58,0
E01000720,"Works mainly at an offshore installation, in no fixed place, or outside the UK",134,60,74
E01000720,Works mainly from home,232,66,166
E01000721,10km to less than 20km,87,154,-67
E01000721,20km to less than 30km,48,96,-48
E01000721,2km to less than 5km,79,97,-18
E01000721,30km to less than 40km,6,12,-6
E01000721,40km to less than 60km,4,4,0
E01000721,5km to less than 10km,81,119,-38
E01000721,60km and over,12,9,3
E01000721,Less than 2km,30,80,-50
E01000721,"Works mainly at an offshore installation, in no fixed place, or outside the UK",119,84,35
E01000721,Works mainly from home,221,35,186
E01000722,10km to less than 20km,134,179,-45
E01000722,20km to less than 30km,63,109,-46
E01000722,2km to less than 5km,103,95,8
E01000722,30km to less than 40km,6,13,-7
E01000722,40km to less than 60km,5,5,0
E01000722,5km to less than 10km,79,112,-33
E01000722,60km and over,6,8,-2
E01000722,Less than 2km,57,117,-60
E01000722,"Works mainly at an offshore installation, in no fixed place, or outside the UK",160,95,65
E01000722,Works mainly from home,330,50,280
E01000723,10km to less than 20km,60,92,-32
E01000723,20km to less than 30km,39,84,-45
E01000723,2km to less than 5km,53,81,-28
E01000723,30km to less than 40km,2,9,-7
E01000723,40km to less than 60km,2,5,-3
E01000723,5km to less than 10km,60,88,-28
E01000723,60km and over,7,4,3
E01000723,Less than 2km,38,85,-47
E01000723,"Works mainly at an offshore installation, in no fixed place, or outside the UK",107,64,43
E01000723,Works mainly from home,193,55,138
E01000724,10km to less than 20km,104,134,-30
E01000724,20km to less than 30km,56,72,-16
E01000724,2km to less than 5km,87,90,-3
E01000724,30km to less than 40km,7,16,-9
E01000724,40km to less than 60km,11,3,8
E01000724,5km to less than 10km,79,95,-16
E01000724,60km and over,10,11,-1
E01000724,Less than 2km,51,103,-52
E01000724,"Works mainly at an offshore installation, in no fixed place, or outside the UK",124,75,49
E01000724,Works mainly from home,205,48,157
E01000725,10km to less than 20km,119,144,-25
E01000725,20km to less than 30km,47,142,-95
E01000725,2km to less than 5km,93,113,-20
E01000725,30km to less than 40km,7,13,-6
E01000725,40km to less than 60km,3,3,0
E01000725,5km to less than 10km,93,100,-7
E01000725,60km and over,8,9,-1
E01000725,Less than 2km,65,119,-54
E01000725,"Works mainly at an offshore installation, in no fixed place, or outside the UK",132,79,53
E01000725,Works mainly from home,262,56,206
E01000726,10km to less than 20km,66,103,-37
E01000726,20km to less than 30km,56,124,-68
E01000726,2km to less than 5km,81,96,-15
E01000726,30km to less than 40km,3,13,-10
E01000726,40km to less than 60km,2,3,-1
E01000726,5km to less than 10km,61,104,-43
E01000726,60km and over,1,11,-10
E01000726,Less than 2km,41,76,-35
E01000726,"Works mainly at an offshore installation, in no fixed place, or outside the UK",116,64,52
E01000726,Works mainly from home,224,56,168
E01000727,10km to less than 20km,86,172,-86
E01000727,20km to less than 30km,46,110,-64
E01000727,2km to less than 5km,107,115,-8
E01000727,30km to less than 40km,3,11,-8
E01000727,40km to less than 60km,5,3,2
E01000727,5km to less than 10km,58,84,-26
E01000727,60km and over,5,12,-7
E01000727,Less than 2km,53,107,-54
E01000727,"Works mainly at an offshore installation, in no fixed place, or outside the UK",105,63,42
E01000727,Works mainly from home,336,65,271
E01000728,10km to less than 20km,107,162,-55
E01000728,20km to less than 30km,52,88,-36
E01000728,2km to less than 5km,67,76,-9
E01000728,30km to less than 40km,6,11,-5
E01000728,40km to less than 60km,2,5,-3
E01000728,5km to less than 10km,100,104,-4
E01000728,60km and over,1,8,-7
E01000728,Less than 2km,51,57,-6
E01000728,"Works mainly at an offshore installation, in no fixed place, or outside the UK",136,71,65
E01000728,Works mainly from home,198,63,135
E01000729,10km to less than 20km,124,149,-25
E01000729,20km to less than 30km,33,49,-16
E01000729,2km to less than 5km,79,96,-17
E01000729,30km to less than 40km,6,11,-5
E01000729,40km to less than 60km,3,5,-2
E01000729,5km to less than 10km,127,164,-37
E01000729,60km and over,4,6,-2
E01000729,Less than 2km,78,92,-14
E01000729,"Works mainly at an offshore installation, in no fixed place, or outside the UK",167,68,99
E01000729,Works mainly from home,240,34,206
E01000730,10km to less than 20km,96,110,-14
E01000730,20km to less than 30km,46,63,-17
E01000730,2km to less than 5km,117,138,-21
E01000730,30km to less than 40km,7,8,-1
E01000730,40km to less than 60km,7,2,5
E01000730,5km to less than 10km,84,117,-33
E01000730,60km and over,6,9,-3
E01000730,Less than 2km,64,90,-26
E01000730,"Works mainly at an offshore installation, in no fixed place, or outside the UK",157,82,75
E01000730,Works mainly from home,187,48,139
E01000731,10km to less than 20km,72,147,-75
E01000731,20km to less than 30km,28,54,-26
E01000731,2km to less than 5km,97,110,-13
E01000731,30km to less than 40km,4,11,-7
E01000731,40km to less than 60km,5,2,3
E01000731,5km to less than 10km,57,89,-32
E01000731,60km and over,7,10,-3
E01000731,Less than 2km,52,62,-10
E01000731,"Works mainly at an offshore installation, in no fixed place, or outside the UK",107,66,41
E01000731,Works mainly from home,220,41,179
E01000732,10km to less than 20km,96,180,-84
E01000732,20km to less than 30km,31,67,-36
E01000732,2km to less than 5km,67,78,-11
E01000732,30km to less than 40km,9,10,-1
E01000732,40km to less than 60km,2,7,-5
E01000732,5km to less than 10km,63,87,-24
E01000732,60km and over,2,8,-6
E01000732,Less than 2km,47,91,-44
E01000732,"Works mainly at an offshore installation, in no fixed place, or outside the UK",103,73,30
E01000732,Works mainly from home,322,68,254
E01000733,10km to less than 20km,110,149,-39
E01000733,20km to less than 30km,41,96,-55
E01000733,2km to less than 5km,94,126,-32
E01000733,30km to less than 40km,14,9,5
E01000733,40km to less than 60km,3,11,-8
E01000733,5km to less than 10km,65,102,-37
E01000733,60km and over,10,8,2
E01000733,Less than 2km,78,114,-36
E01000733,"Works mainly at an offshore installation, in no fixed place, or outside the UK",117,87,30
E01000733,Works mainly from home,298,68,230
E01000734,10km to less than 20km,83,157,-74
E01000734,20km to less than 30km,29,85,-56
E01000734,2km to less than 5km,58,93,-35
E01000734,30km to less than 40km,3,11,-8
E01000734,40km to less than 60km,1,3,-2
E01000734,5km to less than 10km,51,99,-48
E01000734,60km and over,3,6,-3
E01000734,Less than 2km,50,96,-46
E01000734,"Works mainly at an offshore installation, in no fixed place, or outside the UK",113,61,52
E01000734,Works mainly from home,276,58,218
E01000735,10km to less than 20km,91,141,-50
E01000735,20km to less than 30km,20,40,-20
E01000735,2km to less than 5km,54,85,-31
E01000735,30km to less than 40km,0,4,-4
E01000735,40km to less than 60km,5,2,3
E01000735,5km to less than 10km,132,133,-1
E01000735,60km and over,9,12,-3
E01000735,Less than 2km,58,70,-12
E01000735,"Works mainly at an offshore installation, in no fixed place, or outside the UK",130,73,57
E01000735,Works mainly from home,191,56,135
E01000736,10km to less than 20km,98,149,-51
E01000736,20km to less than 30km,31,46,-15
E01000736,2km to less than 5km,82,106,-24
E01000736,30km to less than 40km,7,15,-8
E01000736,40km to less than 60km,2,5,-3
E01000736,5km to less than 10km,102,121,-19
E01000736,60km and over,4,9,-5
E01000736,Less than 2km,59,76,-17
E01000736,"Works mainly at an offshore installation, in no fixed place, or outside the UK",138,82,56
E01000736,Works mainly from home,228,62,166
E01000737,10km to less than 20km,80,147,-67
E01000737,20km to less than 30km,16,50,-34
E01000737,2km to less than 5km,73,95,-22
E01000737,30km to less than 40km,9,5,4
E01000737,40km to less than 60km,0,6,-6
E01000737,5km to less than 10km,91,99,-8
E01000737,60km and over,7,3,4
E01000737,Less than 2km,34,54,-20
E01000737,"Works mainly at an offshore installation, in no fixed place, or outside the UK",109,55,54
E01000737,Works mainly from home,231,41,190
E01000738,10km to less than 20km,122,194,-72
E01000738,20km to less than 30km,34,54,-20
E01000738,2km to less than 5km,74,77,-3
E01000738,30km to less than 40km,14,13,1
E01000738,40km to less than 60km,3,4,-1
E01000738,5km to less than 10km,98,114,-16
E01000738,60km and over,9,3,6
E01000738,Less than 2km,48,93,-45
E01000738,"Works mainly at an offshore installation, in no fixed place, or outside the UK",149,101,48
E01000738,Works mainly from home,272,62,210
E01000739,10km to less than 20km,102,117,-15
E01000739,20km to less than 30km,39,53,-14
E01000739,2km to less than 5km,88,89,-1
E01000739,30km to less than 40km,2,4,-2
E01000739,40km to less than 60km,2,7,-5
E01000739,5km to less than 10km,92,108,-16
E01000739,60km and over,5,9,-4
E01000739,Less than 2km,66,77,-11
E01000739,"Works mainly at an offshore installation, in no fixed place, or outside the UK",123,55,68
E01000739,Works mainly from home,154,31,123
E01000741,10km to less than 20km,153,364,-211
E01000741,20km to less than 30km,4,12,-8
E01000741,2km to less than 5km,50,70,-20
E01000741,30km to less than 40km,1,3,-2
E01000741,40km to less than 60km,2,5,-3
E01000741,5km to less than 10km,108,202,-94
E01000741,60km and over,4,7,-3
E01000741,Less than 2km,37,55,-18
E01000741,"Works mainly at an offshore installation, in no fixed place, or outside the UK",101,84,17
E01000741,Works mainly from home,684,66,618
E01000742,10km to less than 20km,173,499,-326
E01000742,20km to less than 30km,12,17,-5
E01000742,2km to less than 5km,73,91,-18
E01000742,30km to less than 40km,3,11,-8
E01000742,40km to less than 60km,3,10,-7
E01000742,5km to less than 10km,142,221,-79
E01000742,60km and over,7,21,-14
E01000742,Less than 2km,53,68,-15
E01000742,"Works mainly at an offshore installation, in no fixed place, or outside the UK",179,110,69
E01000742,Works mainly from home,619,97,522
E01000743,10km to less than 20km,132,233,-101
E01000743,20km to less than 30km,9,24,-15
E01000743,2km to less than 5km,69,81,-12
E01000743,30km to less than 40km,2,4,-2
E01000743,40km to less than 60km,2,5,-3
E01000743,5km to less than 10km,112,135,-23
E01000743,60km and over,9,8,1
E01000743,Less than 2km,55,78,-23
E01000743,"Works mainly at an offshore installation, in no fixed place, or outside the UK",137,95,42
E01000743,Works mainly from home,334,77,257
E01000744,10km to less than 20km,107,173,-66
E01000744,20km to less than 30km,11,18,-7
E01000744,2km to less than 5km,61,63,-2
E01000744,30km to less than 40km,4,2,2
E01000744,40km to less than 60km,5,2,3
E01000744,5km to less than 10km,106,118,-12
E01000744,60km and over,4,4,0
E01000744,Less than 2km,55,83,-28
E01000744,"Works mainly at an offshore installation, in no fixed place, or outside the UK",125,84,41
E01000744,Works mainly from home,207,39,168
E01000745,10km to less than 20km,112,338,-226
E01000745,20km to less than 30km,8,21,-13
E01000745,2km to less than 5km,68,42,26
E01000745,30km to less than 40km,4,5,-1
E01000745,40km to less than 60km,10,6,4
E01000745,5km to less than 10km,130,256,-126
E01000745,60km and over,11,12,-1
E01000745,Less than 2km,41,57,-16
E01000745,"Works mainly at an offshore installation, in no fixed place, or outside the UK",127,118,9
E01000745,Works mainly from home,581,105,476
E01000746,10km to less than 20km,97,431,-334
E01000746,20km to less than 30km,6,16,-10
E01000746,2km to less than 5km,61,71,-10
E01000746,30km to less than 40km,1,11,-10
E01000746,40km to less than 60km,4,9,-5
E01000746,5km to less than 10km,151,216,-65
E01000746,60km and over,3,12,-9
E01000746,Less than 2km,48,76,-28
E01000746,"Works mainly at an offshore installation, in no fixed place, or outside the UK",94,108,-14
E01000746,Works mainly from home,716,97,619
E01000747,10km to less than 20km,116,182,-66
E01000747,20km to less than 30km,50,162,-112
E01000747,2km to less than 5km,65,79,-14
E01000747,30km to less than 40km,8,11,-3
E01000747,40km to less than 60km,0,4,-4
E01000747,5km to less than 10km,126,186,-60
E01000747,60km and over,6,14,-8
E01000747,Less than 2km,20,32,-12
E01000747,"Works mainly at an offshore installation, in no fixed place, or outside the UK",196,105,91
E01000747,Works mainly from home,371,167,204
E01000748,10km to less than 20km,104,165,-61
E01000748,20km to less than 30km,58,121,-63
E01000748,2km to less than 5km,31,45,-14
E01000748,30km to less than 40km,5,9,-4
E01000748,40km to less than 60km,5,6,-1
E01000748,5km to less than 10km,64,108,-44
E01000748,60km and over,5,9,-4
E01000748,Less than 2km,33,47,-14
E01000748,"Works mainly at an offshore installation, in no fixed place, or outside the UK",166,94,72
E01000748,Works mainly from home,296,161,135
E01000749,10km to less than 20km,66,114,-48
E01000749,20km to less than 30km,47,155,-108
E01000749,2km to less than 5km,70,99,-29
E01000749,30km to less than 40km,4,13,-9
E01000749,40km to less than 60km,4,5,-1
E01000749,5km to less than 10km,90,133,-43
E01000749,60km and over,1,10,-9
E01000749,Less than 2km,27,37,-10
E01000749,"Works mainly at an offshore installation, in no fixed place, or outside the UK",129,84,45
E01000749,Works mainly from home,287,86,201
E01000750,10km to less than 20km,47,129,-82
E01000750,20km to less than 30km,21,93,-72
E01000750,2km to less than 5km,58,95,-37
E01000750,30km to less than 40km,8,7,1
E01000750,40km to less than 60km,4,3,1
E01000750,5km to less than 10km,69,120,-51
E01000750,60km and over,1,9,-8
E01000750,Less than 2km,72,92,-20
E01000750,"Works mainly at an offshore installation, in no fixed place, or outside the UK",99,56,43
E01000750,Works mainly from home,193,52,141
E01000751,10km to less than 20km,113,218,-105
E01000751,20km to less than 30km,48,139,-91
E01000751,2km to less than 5km,87,124,-37
E01000751,30km to less than 40km,8,12,-4
E01000751,40km to less than 60km,6,6,0
E01000751,5km to less than 10km,80,143,-63
E01000751,60km and over,10,16,-6
E01000751,Less than 2km,113,140,-27
E01000751,"Works mainly at an offshore installation, in no fixed place, or outside the UK",130,76,54
E01000751,Works mainly from home,488,94,394
E01000752,10km to less than 20km,77,122,-45
E01000752,20km to less than 30km,62,111,-49
E01000752,2km to less than 5km,54,65,-11
E01000752,30km to less than 40km,5,16,-11
E01000752,40km to less than 60km,3,3,0
E01000752,5km to less than 10km,62,119,-57
E01000752,60km and over,8,8,0
E01000752,Less than 2km,61,91,-30
E01000752,"Works mainly at an offshore installation, in no fixed place, or outside the UK",109,58,51
E01000752,Works mainly from home,338,81,257
E01000753,10km to less than 20km,101,209,-108
E01000753,20km to less than 30km,30,105,-75
E01000753,2km to less than 5km,66,110,-44
E01000753,30km to less than 40km,4,14,-10
E01000753,40km to less than 60km,4,5,-1
E01000753,5km to less than 10km,48,71,-23
E01000753,60km and over,6,9,-3
E01000753,Less than 2km,64,94,-30
E01000753,"Works mainly at an offshore installation, in no fixed place, or outside the UK",98,62,36
E01000753,Works mainly from home,439,72,367
E01000754,10km to less than 20km,75,198,-123
E01000754,20km to less than 30km,44,128,-84
E01000754,2km to less than 5km,83,94,-11
E01000754,30km to less than 40km,9,13,-4
E01000754,40km to less than 60km,3,4,-1
E01000754,5km to less than 10km,61,103,-42
E01000754,60km and over,4,8,-4
E01000754,Less than 2km,75,89,-14
E01000754,"Works mainly at an offshore installation, in no fixed place, or outside the UK",117,85,32
E01000754,Works mainly from home,412,80,332
E01000755,10km to less than 20km,74,180,-106
E01000755,20km to less than 30km,28,94,-66
E01000755,2km to less than 5km,65,73,-8
E01000755,30km to less than 40km,6,14,-8
E01000755,40km to less than 60km,1,6,-5
E01000755,5km to less than 10km,59,84,-25
E01000755,60km and over,2,10,-8
E01000755,Less than 2km,46,102,-56
E01000755,"Works mainly at an offshore installation, in no fixed place, or outside the UK",98,67,31
E01000755,Works mainly from home,396,73,323
E01000756,10km to less than 20km,83,180,-97
E01000756,20km to less than 30km,18,76,-58
E01000756,2km to less than 5km,64,109,-45
E01000756,30km to less than 40km,12,6,6
E01000756,40km to less than 60km,2,3,-1
E01000756,5km to less than 10km,41,78,-37
E01000756,60km and over,4,9,-5
E01000756,Less than 2km,66,74,-8
E01000756,"Works mainly at an offshore installation, in no fixed place, or outside the UK",99,58,41
E01000756,Works mainly from home,382,115,267
E01000757,10km to less than 20km,73,174,-101
E01000757,20km to less than 30km,33,142,-109
E01000757,2km to less than 5km,45,84,-39
E01000757,30km to less than 40km,2,14,-12
E01000757,40km to less than 60km,4,3,1
E01000757,5km to less than 10km,52,86,-34
E01000757,60km and over,5,10,-5
E01000757,Less than 2km,46,82,-36
E01000757,"Works mainly at an offshore installation, in no fixed place, or outside the UK",63,48,15
E01000757,Works mainly from home,369,64,305
E01000758,10km to less than 20km,54,147,-93
E01000758,20km to less than 30km,31,171,-140
E01000758,2km to less than 5km,26,64,-38
E01000758,30km to less than 40km,7,15,-8
E01000758,40km to less than 60km,3,4,-1
E01000758,5km to less than 10km,45,87,-42
E01000758,60km and over,5,10,-5
E01000758,Less than 2km,59,93,-34
E01000758,"Works mainly at an offshore installation, in no fixed place, or outside the UK",66,57,9
E01000758,Works mainly from home,413,74,339
E01000759,10km to less than 20km,99,207,-108
E01000759,20km to less than 30km,22,41,-19
E01000759,2km to less than 5km,79,129,-50
E01000759,30km to less than 40km,7,9,-2
E01000759,40km to less than 60km,2,10,-8
E01000759,5km to less than 10km,98,110,-12
E01000759,60km and over,7,14,-7
E01000759,Less than 2km,36,50,-14
E01000759,"Works mainly at an offshore installation, in no fixed place, or outside the UK",120,104,16
E01000759,Works mainly from home,352,108,244
E01000760,10km to less than 20km,76,196,-120
E01000760,20km to less than 30km,10,29,-19
E01000760,2km to less than 5km,79,125,-46
E01000760,30km to less than 40km,6,14,-8
E01000760,40km to less than 60km,2,6,-4
E01000760,5km to less than 10km,83,100,-17
E01000760,60km and over,2,6,-4
E01000760,Less than 2km,30,59,-29
E01000760,"Works mainly at an offshore installation, in no fixed place, or outside the UK",135,88,47
E01000760,Works mainly from home,306,102,204
E01000761,10km to less than 20km,87,212,-125
E01000761,20km to less than 30km,16,31,-15
E01000761,2km to less than 5km,73,120,-47
E01000761,30km to less than 40km,0,11,-11
E01000761,40km to less than 60km,1,6,-5
E01000761,5km to less than 10km,111,152,-41
E01000761,60km and over,2,11,-9
E01000761,Less than 2km,30,59,-29
E01000761,"Works mainly at an offshore installation, in no fixed place, or outside the UK",111,80,31
E01000761,Works mainly from home,310,106,204
E01000762,10km to less than 20km,119,259,-140
E01000762,20km to less than 30km,11,24,-13
E01000762,2km to less than 5km,85,105,-20
E01000762,30km to less than 40km,5,6,-1
E01000762,40km to less than 60km,1,7,-6
E01000762,5km to less than 10km,75,106,-31
E01000762,60km and over,4,5,-1
E01000762,Less than 2km,65,110,-45
E01000762,"Works mainly at an offshore installation, in no fixed place, or outside the UK",101,74,27
E01000762,Works mainly from home,422,84,338
E01000763,10km to less than 20km,87,211,-124
E01000763,20km to less than 30km,8,31,-23
E01000763,2km to less than 5km,80,98,-18
E01000763,30km to less than 40km,7,11,-4
E01000763,40km to less than 60km,2,2,0
E01000763,5km to less than 10km,66,95,-29
E01000763,60km and over,4,8,-4
E01000763,Less than 2km,32,92,-60
E01000763,"Works mainly at an offshore installation, in no fixed place, or outside the UK",100,75,25
E01000763,Works mainly from home,327,94,233
E01000764,10km to less than 20km,93,244,-151
E01000764,20km to less than 30km,14,25,-11
E01000764,2km to less than 5km,109,124,-15
E01000764,30km to less than 40km,3,9,-6
E01000764,40km to less than 60km,0,5,-5
E01000764,5km to less than 10km,91,100,-9
E01000764,60km and over,6,8,-2
E01000764,Less than 2km,42,98,-56
E01000764,"Works mainly at an offshore installation, in no fixed place, or outside the UK",119,81,38
E01000764,Works mainly from home,400,65,335
E01000765,10km to less than 20km,90,272,-182
E01000765,20km to less than 30km,9,28,-19
E01000765,2km to less than 5km,86,151,-65
E01000765,30km to less than 40km,5,16,-11
E01000765,40km to less than 60km,2,9,-7
E01000765,5km to less than 10km,68,107,-39
E01000765,60km and over,4,7,-3
E01000765,Less than 2km,47,70,-23
E01000765,"Works mainly at an offshore installation, in no fixed place, or outside the UK",138,90,48
E01000765,Works mainly from home,413,116,297
E01000766,10km to less than 20km,70,295,-225
E01000766,20km to less than 30km,9,18,-9
E01000766,2km to less than 5km,92,148,-56
E01000766,30km to less than 40km,6,12,-6
E01000766,40km to less than 60km,1,13,-12
E01000766,5km to less than 10km,82,102,-20
E01000766,60km and over,5,6,-1
E01000766,Less than 2km,42,77,-35
E01000766,"Works mainly at an offshore installation, in no fixed place, or outside the UK",111,85,26
E01000766,Works mainly from home,451,94,357
E01000767,10km to less than 20km,92,259,-167
E01000767,20km to less than 30km,14,25,-11
E01000767,2km to less than 5km,87,173,-86
E01000767,30km to less than 40km,3,11,-8
E01000767,40km to less than 60km,4,8,-4
E01000767,5km to less than 10km,73,89,-16
E01000767,60km and over,4,11,-7
E01000767,Less than 2km,33,63,-30
E01000767,"Works mainly at an offshore installation, in no fixed place, or outside the UK",104,75,29
E01000767,Works mainly from home,364,108,256
E01000768,10km to less than 20km,60,241,-181
E01000768,20km to less than 30km,12,28,-16
E01000768,2km to less than 5km,83,124,-41
E01000768,30km to less than 40km,5,14,-9
E01000768,40km to less than 60km,2,3,-1
E01000768,5km to less than 10km,56,88,-32
E01000768,60km and over,3,15,-12
E01000768,Less than 2km,24,80,-56
E01000768,"Works mainly at an offshore installation, in no fixed place, or outside the UK",77,55,22
E01000768,Works mainly from home,339,79,260
E01000769,10km to less than 20km,58,215,-157
E01000769,20km to less than 30km,17,11,6
E01000769,2km to less than 5km,57,126,-69
E01000769,30km to less than 40km,2,4,-2
E01000769,40km to less than 60km,2,4,-2
E01000769,5km to less than 10km,62,104,-42
E01000769,60km and over,1,11,-10
E01000769,Less than 2km,38,82,-44
E01000769,"Works mainly at an offshore installation, in no fixed place, or outside the UK",67,59,8
E01000769,Works mainly from home,342,70,272
E01000770,10km to less than 20km,61,294,-233
E01000770,20km to less than 30km,11,11,0
E01000770,2km to less than 5km,40,78,-38
E01000770,30km to less than 40km,4,9,-5
E01000770,40km to less than 60km,0,7,-7
E01000770,5km to less than 10km,61,86,-25
E01000770,60km and over,3,4,-1
E01000770,Less than 2km,42,43,-1
E01000770,"Works mainly at an offshore installation, in no fixed place, or outside the UK",69,43,26
E01000770,Works mainly from home,364,83,281
E01000771,10km to less than 20km,88,327,-239
E01000771,20km to less than 30km,9,23,-14
E01000771,2km to less than 5km,35,102,-67
E01000771,30km to less than 40km,1,6,-5
E01000771,40km to less than 60km,3,7,-4
E01000771,5km to less than 10km,68,101,-33
E01000771,60km and over,0,11,-11
E01000771,Less than 2km,57,115,-58
E01000771,"Works mainly at an offshore installation, in no fixed place, or outside the UK",91,78,13
E01000771,Works mainly from home,426,91,335
E01000772,10km to less than 20km,83,289,-206
E01000772,20km to less than 30km,6,10,-4
E01000772,2km to less than 5km,50,85,-35
E01000772,30km to less than 40km,5,13,-8
E01000772,40km to less than 60km,2,2,0
E01000772,5km to less than 10km,60,79,-19
E01000772,60km and over,3,7,-4
E01000772,Less than 2km,27,49,-22
E01000772,"Works mainly at an offshore installation, in no fixed place, or outside the UK",90,45,45
E01000772,Works mainly from home,391,100,291
E01000773,10km to less than 20km,81,251,-170
E01000773,20km to less than 30km,10,17,-7
E01000773,2km to less than 5km,67,121,-54
E01000773,30km to less than 40km,3,4,-1
E01000773,40km to less than 60km,0,4,-4
E01000773,5km to less than 10km,78,96,-18
E01000773,60km and over,3,6,-3
E01000773,Less than 2km,54,77,-23
E01000773,"Works mainly at an offshore installation, in no fixed place, or outside the UK",79,48,31
E01000773,Works mainly from home,385,77,308
E01000774,10km to less than 20km,97,265,-168
E01000774,20km to less than 30km,10,20,-10
E01000774,2km to less than 5km,76,120,-44
E01000774,30km to less than 40km,4,6,-2
E01000774,40km to less than 60km,2,3,-1
E01000774,5km to less than 10km,64,99,-35
E01000774,60km and over,1,7,-6
E01000774,Less than 2km,60,88,-28
E01000774,"Works mainly at an offshore installation, in no fixed place, or outside the UK",92,65,27
E01000774,Works mainly from home,347,74,273
E01000775,10km to less than 20km,119,412,-293
E01000775,20km to less than 30km,7,22,-15
E01000775,2km to less than 5km,89,173,-84
E01000775,30km to less than 40km,7,7,0
E01000775,40km to less than 60km,4,5,-1
E01000775,5km to less than 10km,113,140,-27
E01000775,60km and over,2,12,-10
E01000775,Less than 2km,70,103,-33
E01000775,"Works mainly at an offshore installation, in no fixed place, or outside the UK",108,92,16
E01000775,Works mainly from home,568,133,435
E01000777,10km to less than 20km,83,245,-162
E01000777,20km to less than 30km,3,11,-8
E01000777,2km to less than 5km,83,144,-61
E01000777,30km to less than 40km,2,14,-12
E01000777,40km to less than 60km,4,4,0
E01000777,5km to less than 10km,88,119,-31
E01000777,60km and over,1,11,-10
E01000777,Less than 2km,61,82,-21
E01000777,"Works mainly at an offshore installation, in no fixed place, or outside the UK",112,92,20
E01000777,Works mainly from home,385,69,316
E01000778,10km to less than 20km,79,230,-151
E01000778,20km to less than 30km,7,28,-21
E01000778,2km to less than 5km,116,174,-58
E01000778,30km to less than 40km,5,6,-1
E01000778,40km to less than 60km,0,4,-4
E01000778,5km to less than 10km,89,95,-6
E01000778,60km and over,2,8,-6
E01000778,Less than 2km,63,81,-18
E01000778,"Works mainly at an offshore installation, in no fixed place, or outside the UK",145,98,47
E01000778,Works mainly from home,351,61,290
E01000779,10km to less than 20km,73,210,-137
E01000779,20km to less than 30km,6,12,-6
E01000779,2km to less than 5km,66,96,-30
E01000779,30km to less than 40km,7,11,-4
E01000779,40km to less than 60km,3,5,-2
E01000779,5km to less than 10km,96,110,-14
E01000779,60km and over,9,7,2
E01000779,Less than 2km,17,42,-25
E01000779,"Works mainly at an offshore installation, in no fixed place, or outside the UK",81,51,30
E01000779,Works mainly from home,302,82,220
E01000780,10km to less than 20km,98,210,-112
E01000780,20km to less than 30km,5,8,-3
E01000780,2km to less than 5km,100,112,-12
E01000780,30km to less than 40km,7,11,-4
E01000780,40km to less than 60km,2,3,-1
E01000780,5km to less than 10km,97,143,-46
E01000780,60km and over,3,10,-7
E01000780,Less than 2km,41,39,2
E01000780,"Works mainly at an offshore installation, in no fixed place, or outside the UK",147,85,62
E01000780,Works mainly from home,261,51,210
E01000781,10km to less than 20km,113,189,-76
E01000781,20km to less than 30km,12,14,-2
E01000781,2km to less than 5km,91,108,-17
E01000781,30km to less than 40km,1,5,-4
E01000781,40km to less than 60km,3,6,-3
E01000781,5km to less than 10km,101,114,-13
E01000781,60km and over,3,5,-2
E01000781,Less than 2km,35,35,0
E01000781,"Works mainly at an offshore installation, in no fixed place, or outside the UK",142,64,78
E01000781,Works mainly from home,194,33,161
E01000782,10km to less than 20km,106,138,-32
E01000782,20km to less than 30km,7,15,-8
E01000782,2km to less than 5km,76,117,-41
E01000782,30km to less than 40km,6,9,-3
E01000782,40km to less than 60km,2,3,-1
E01000782,5km to less than 10km,115,127,-12
E01000782,60km and over,5,3,2
E01000782,Less than 2km,24,45,-21
E01000782,"Works mainly at an offshore installation, in no fixed place, or outside the UK",150,70,80
E01000782,Works mainly from home,191,41,150
E01000783,10km to less than 20km,137,166,-29
E01000783,20km to less than 30km,11,16,-5
E01000783,2km to less than 5km,101,112,-11
E01000783,30km to less than 40km,2,15,-13
E01000783,40km to less than 60km,2,3,-1
E01000783,5km to less than 10km,99,142,-43
E01000783,60km and over,4,4,0
E01000783,Less than 2km,33,43,-10
E01000783,"Works mainly at an offshore installation, in no fixed place, or outside the UK",121,69,52
E01000783,Works mainly from home,231,36,195
E01000784,10km to less than 20km,92,280,-188
E01000784,20km to less than 30km,10,21,-11
E01000784,2km to less than 5km,80,138,-58
E01000784,30km to less than 40km,8,13,-5
E01000784,40km to less than 60km,2,4,-2
E01000784,5km to less than 10km,74,139,-65
E01000784,60km and over,3,9,-6
E01000784,Less than 2km,33,49,-16
E01000784,"Works mainly at an offshore installation, in no fixed place, or outside the UK",113,74,39
E01000784,Works mainly from home,369,61,308
E01000785,10km to less than 20km,106,183,-77
E01000785,20km to less than 30km,3,18,-15
E01000785,2km to less than 5km,84,103,-19
E01000785,30km to less than 40km,8,9,-1
E01000785,40km to less than 60km,1,2,-1
E01000785,5km to less than 10km,100,119,-19
E01000785,60km and over,7,9,-2
E01000785,Less than 2km,35,56,-21
E01000785,"Works mainly at an offshore installation, in no fixed place, or outside the UK",150,62,88
E01000785,Works mainly from home,229,35,194
E01000786,10km to less than 20km,64,104,-40
E01000786,20km to less than 30km,60,131,-71
E01000786,2km to less than 5km,53,72,-19
E01000786,30km to less than 40km,3,3,0
E01000786,40km to less than 60km,5,2,3
E01000786,5km to less than 10km,49,101,-52
E01000786,60km and over,4,9,-5
E01000786,Less than 2km,26,48,-22
E01000786,"Works mainly at an offshore installation, in no fixed place, or outside the UK",91,69,22
E01000786,Works mainly from home,299,76,223
E01000787,10km to less than 20km,81,103,-22
E01000787,20km to less than 30km,50,125,-75
E01000787,2km to less than 5km,83,74,9
E01000787,30km to less than 40km,7,15,-8
E01000787,40km to less than 60km,2,1,1
E01000787,5km to less than 10km,69,96,-27
E01000787,60km and over,3,5,-2
E01000787,Less than 2km,42,102,-60
E01000787,"Works mainly at an offshore installation, in no fixed place, or outside the UK",116,71,45
E01000787,Works mainly from home,194,42,152
E01000788,10km to less than 20km,81,129,-48
E01000788,20km to less than 30km,61,172,-111
E01000788,2km to less than 5km,68,94,-26
E01000788,30km to less than 40km,10,10,0
E01000788,40km to less than 60km,2,5,-3
E01000788,5km to less than 10km,55,76,-21
E01000788,60km and over,2,6,-4
E01000788,Less than 2km,70,105,-35
E01000788,"Works mainly at an offshore installation, in no fixed place, or outside the UK",120,72,48
E01000788,Works mainly from home,277,60,217
E01000789,10km to less than 20km,89,104,-15
E01000789,20km to less than 30km,69,97,-28
E01000789,2km to less than 5km,114,93,21
E01000789,30km to less than 40km,1,14,-13
E01000789,40km to less than 60km,2,9,-7
E01000789,5km to less than 10km,75,101,-26
E01000789,60km and over,2,6,-4
E01000789,Less than 2km,82,129,-47
E01000789,"Works mainly at an offshore installation, in no fixed place, or outside the UK",150,48,102
E01000789,Works mainly from home,138,30,108
E01000790,10km to less than 20km,138,223,-85
E01000790,20km to less than 30km,93,237,-144
E01000790,2km to less than 5km,134,84,50
E01000790,30km to less than 40km,2,20,-18
E01000790,40km to less than 60km,3,7,-4
E01000790,5km to less than 10km,89,133,-44
E01000790,60km and over,10,15,-5
E01000790,Less than 2km,99,129,-30
E01000790,"Works mainly at an offshore installation, in no fixed place, or outside the UK",148,87,61
E01000790,Works mainly from home,582,112,470
E01000791,10km to less than 20km,81,110,-29
E01000791,20km to less than 30km,56,150,-94
E01000791,2km to less than 5km,61,79,-18
E01000791,30km to less than 40km,4,9,-5
E01000791,40km to less than 60km,1,4,-3
E01000791,5km to less than 10km,46,89,-43
E01000791,60km and over,5,4,1
E01000791,Less than 2km,33,81,-48
E01000791,"Works mainly at an offshore installation, in no fixed place, or outside the UK",118,62,56
E01000791,Works mainly from home,274,56,218
E01000792,10km to less than 20km,83,79,4
E01000792,20km to less than 30km,63,111,-48
E01000792,2km to less than 5km,64,55,9
E01000792,30km to less than 40km,6,9,-3
E01000792,40km to less than 60km,2,8,-6
E01000792,5km to less than 10km,50,57,-7
E01000792,60km and over,1,7,-6
E01000792,Less than 2km,42,52,-10
E01000792,"Works mainly at an offshore installation, in no fixed place, or outside the UK",109,58,51
E01000792,Works mainly from home,260,41,219
E01000793,10km to less than 20km,53,127,-74
E01000793,20km to less than 30km,34,202,-168
E01000793,2km to less than 5km,58,76,-18
E01000793,30km to less than 40km,4,14,-10
E01000793,40km to less than 60km,2,8,-6
E01000793,5km to less than 10km,39,83,-44
E01000793,60km and over,1,9,-8
E01000793,Less than 2km,59,84,-25
E01000793,"Works mainly at an offshore installation, in no fixed place, or outside the UK",86,65,21
E01000793,Works mainly from home,383,69,314
E01000794,10km to less than 20km,66,118,-52
E01000794,20km to less than 30km,53,192,-139
E01000794,2km to less than 5km,47,65,-18
E01000794,30km to less than 40km,4,6,-2
E01000794,40km to less than 60km,0,9,-9
E01000794,5km to less than 10km,46,99,-53
E01000794,60km and over,5,15,-10
E01000794,Less than 2km,39,71,-32
E01000794,"Works mainly at an offshore installation, in no fixed place, or outside the UK",85,80,5
E01000794,Works mainly from home,329,62,267
E01000795,10km to less than 20km,43,91,-48
E01000795,20km to less than 30km,31,155,-124
E01000795,2km to less than 5km,36,74,-38
E01000795,30km to less than 40km,6,8,-2
E01000795,40km to less than 60km,4,2,2
E01000795,5km to less than 10km,52,90,-38
E01000795,60km and over,4,19,-15
E01000795,Less than 2km,46,83,-37
E01000795,"Works mainly at an offshore installation, in no fixed place, or outside the UK",73,59,14
E01000795,Works mainly from home,303,65,238
E01000796,10km to less than 20km,103,165,-62
E01000796,20km to less than 30km,13,15,-2
E01000796,2km to less than 5km,78,72,6
E01000796,30km to less than 40km,2,11,-9
E01000796,40km to less than 60km,4,8,-4
E01000796,5km to less than 10km,122,157,-35
E01000796,60km and over,6,12,-6
E01000796,Less than 2km,54,89,-35
E01000796,"Works mainly at an offshore installation, in no fixed place, or outside the UK",138,85,53
E01000796,Works mainly from home,182,38,144
E01000797,10km to less than 20km,89,408,-319
E01000797,20km to less than 30km,6,11,-5
E01000797,2km to less than 5km,57,64,-7
E01000797,30km to less than 40km,8,10,-2
E01000797,40km to less than 60km,1,12,-11
E01000797,5km to less than 10km,57,106,-49
E01000797,60km and over,4,10,-6
E01000797,Less than 2km,37,70,-33
E01000797,"Works mainly at an offshore installation, in no fixed place, or outside the UK",87,75,12
E01000797,Works mainly from home,501,98,403
E01000798,10km to less than 20km,105,186,-81
E01000798,20km to less than 30km,6,15,-9
E01000798,2km to less than 5km,82,62,20
E01000798,30km to less than 40km,3,2,1
E01000798,40km to less than 60km,2,5,-3
E01000798,5km to less than 10km,105,106,-1
E01000798,60km and over,6,6,0
E01000798,Less than 2km,58,98,-40
E01000798,"Works mainly at an offshore installation, in no fixed place, or outside the UK",129,82,47
E01000798,Works mainly from home,279,44,235
E01000799,10km to less than 20km,137,401,-264
E01000799,20km to less than 30km,15,17,-2
E01000799,2km to less than 5km,73,105,-32
E01000799,30km to less than 40km,3,10,-7
E01000799,40km to less than 60km,4,9,-5
E01000799,5km to less than 10km,108,174,-66
E01000799,60km and over,6,10,-4
E01000799,Less than 2km,53,120,-67
E01000799,"Works mainly at an offshore installation, in no fixed place, or outside the UK",131,103,28
E01000799,Works mainly from home,442,103,339
E01000800,10km to less than 20km,133,299,-166
E01000800,20km to less than 30km,10,20,-10
E01000800,2km to less than 5km,51,90,-39
E01000800,30km to less than 40km,7,7,0
E01000800,40km to less than 60km,0,5,-5
E01000800,5km to less than 10km,116,160,-44
E01000800,60km and over,4,10,-6
E01000800,Less than 2km,63,75,-12
E01000800,"Works mainly at an offshore installation, in no fixed place, or outside the UK",137,80,57
E01000800,Works mainly from home,423,57,366
E01000801,10km to less than 20km,98,232,-134
E01000801,20km to less than 30km,12,18,-6
E01000801,2km to less than 5km,56,95,-39
E01000801,30km to less than 40km,4,5,-1
E01000801,40km to less than 60km,4,4,0
E01000801,5km to less than 10km,81,109,-28
E01000801,60km and over,2,5,-3
E01000801,Less than 2km,50,100,-50
E01000801,"Works mainly at an offshore installation, in no fixed place, or outside the UK",130,82,48
E01000801,Works mainly from home,325,65,260
E01000802,10km to less than 20km,116,339,-223
E01000802,20km to less than 30km,8,13,-5
E01000802,2km to less than 5km,57,97,-40
E01000802,30km to less than 40km,2,9,-7
E01000802,40km to less than 60km,2,8,-6
E01000802,5km to less than 10km,120,201,-81
E01000802,60km and over,3,7,-4
E01000802,Less than 2km,48,77,-29
E01000802,"Works mainly at an offshore installation, in no fixed place, or outside the UK",83,95,-12
E01000802,Works mainly from home,616,97,519
E01000803,10km to less than 20km,92,312,-220
E01000803,20km to less than 30km,6,12,-6
E01000803,2km to less than 5km,63,73,-10
E01000803,30km to less than 40km,3,5,-2
E01000803,40km to less than 60km,2,4,-2
E01000803,5km to less than 10km,102,184,-82
E01000803,60km and over,6,11,-5
E01000803,Less than 2km,34,65,-31
E01000803,"Works mainly at an offshore installation, in no fixed place, or outside the UK",83,84,-1
E01000803,Works mainly from home,491,86,405
E01000804,10km to less than 20km,80,225,-145
E01000804,20km to less than 30km,3,6,-3
E01000804,2km to less than 5km,55,89,-34
E01000804,30km to less than 40km,2,10,-8
E01000804,40km to less than 60km,1,5,-4
E01000804,5km to less than 10km,85,140,-55
E01000804,60km and over,1,9,-8
E01000804,Less than 2km,34,87,-53
E01000804,"Works mainly at an offshore installation, in no fixed place, or outside the UK",59,76,-17
E01000804,Works mainly from home,412,95,317
E01000805,10km to less than 20km,126,235,-109
E01000805,20km to less than 30km,8,16,-8
E01000805,2km to less than 5km,64,60,4
E01000805,30km to less than 40km,8,7,1
E01000805,40km to less than 60km,0,3,-3
E01000805,5km to less than 10km,97,134,-37
E01000805,60km and over,5,5,0
E01000805,Less than 2km,48,64,-16
E01000805,"Works mainly at an offshore installation, in no fixed place, or outside the UK",95,56,39
E01000805,Works mainly from home,466,58,408
E01000806,10km to less than 20km,146,323,-177
E01000806,20km to less than 30km,11,20,-9
E01000806,2km to less than 5km,67,82,-15
E01000806,30km to less than 40km,4,3,1
E01000806,40km to less than 60km,1,7,-6
E01000806,5km to less than 10km,125,172,-47
E01000806,60km and over,10,10,0
E01000806,Less than 2km,54,69,-15
E01000806,"Works mainly at an offshore installation, in no fixed place, or outside the UK",112,91,21
E01000806,Works mainly from home,360,56,304
E01000807,10km to less than 20km,84,267,-183
E01000807,20km to less than 30km,21,70,-49
E01000807,2km to less than 5km,105,115,-10
E01000807,30km to less than 40km,13,15,-2
E01000807,40km to less than 60km,0,3,-3
E01000807,5km to less than 10km,53,58,-5
E01000807,60km and over,1,8,-7
E01000807,Less than 2km,34,36,-2
E01000807,"Works mainly at an offshore installation, in no fixed place, or outside the UK",76,58,18
E01000807,Works mainly from home,398,86,312
E01000808,10km to less than 20km,74,204,-130
E01000808,20km to less than 30km,23,93,-70
E01000808,2km to less than 5km,77,101,-24
E01000808,30km to less than 40km,5,12,-7
E01000808,40km to less than 60km,2,8,-6
E01000808,5km to less than 10km,39,79,-40
E01000808,60km and over,1,14,-13
E01000808,Less than 2km,41,75,-34
E01000808,"Works mainly at an offshore installation, in no fixed place, or outside the UK",72,59,13
E01000808,Works mainly from home,377,71,306
E01000809,10km to less than 20km,78,251,-173
E01000809,20km to less than 30km,19,67,-48
E01000809,2km to less than 5km,76,129,-53
E01000809,30km to less than 40km,4,10,-6
E01000809,40km to less than 60km,1,10,-9
E01000809,5km to less than 10km,37,68,-31
E01000809,60km and over,5,11,-6
E01000809,Less than 2km,26,50,-24
E01000809,"Works mainly at an offshore installation, in no fixed place, or outside the UK",76,68,8
E01000809,Works mainly from home,402,71,331
E01000810,10km to less than 20km,74,274,-200
E01000810,20km to less than 30km,24,87,-63
E01000810,2km to less than 5km,54,98,-44
E01000810,30km to less than 40km,4,6,-2
E01000810,40km to less than 60km,0,4,-4
E01000810,5km to less than 10km,37,59,-22
E01000810,60km and over,1,7,-6
E01000810,Less than 2km,21,43,-22
E01000810,"Works mainly at an offshore installation, in no fixed place, or outside the UK",55,48,7
E01000810,Works mainly from home,438,71,367
E01000811,10km to less than 20km,60,249,-189
E01000811,20km to less than 30km,25,73,-48
E01000811,2km to less than 5km,57,124,-67
E01000811,30km to less than 40km,9,9,0
E01000811,40km to less than 60km,1,4,-3
E01000811,5km to less than 10km,41,68,-27
E01000811,60km and over,1,7,-6
E01000811,Less than 2km,25,33,-8
E01000811,"Works mainly at an offshore installation, in no fixed place, or outside the UK",89,55,34
E01000811,Works mainly from home,379,66,313
E01000812,10km to less than 20km,67,171,-104
E01000812,20km to less than 30km,46,151,-105
E01000812,2km to less than 5km,62,81,-19
E01000812,30km to less than 40km,9,20,-11
E01000812,40km to less than 60km,4,4,0
E01000812,5km to less than 10km,50,85,-35
E01000812,60km and over,6,14,-8
E01000812,Less than 2km,54,88,-34
E01000812,"Works mainly at an offshore installation, in no fixed place, or outside the UK",63,57,6
E01000812,Works mainly from home,399,84,315
E01000813,10km to less than 20km,69,234,-165
E01000813,20km to less than 30km,31,88,-57
E01000813,2km to less than 5km,57,113,-56
E01000813,30km to less than 40km,1,11,-10
E01000813,40km to less than 60km,1,4,-3
E01000813,5km to less than 10km,42,68,-26
E01000813,60km and over,2,9,-7
E01000813,Less than 2km,41,64,-23
E01000813,"Works mainly at an offshore installation, in no fixed place, or outside the UK",93,71,22
E01000813,Works mainly from home,381,65,316
E01000814,10km to less than 20km,51,163,-112
E01000814,20km to less than 30km,26,153,-127
E01000814,2km to less than 5km,46,77,-31
E01000814,30km to less than 40km,2,15,-13
E01000814,40km to less than 60km,0,6,-6
E01000814,5km to less than 10km,34,101,-67
E01000814,60km and over,6,8,-2
E01000814,Less than 2km,41,80,-39
E01000814,"Works mainly at an offshore installation, in no fixed place, or outside the UK",69,57,12
E01000814,Works mainly from home,413,113,300
E01000815,10km to less than 20km,83,258,-175
E01000815,20km to less than 30km,24,70,-46
E01000815,2km to less than 5km,48,99,-51
E01000815,30km to less than 40km,4,9,-5
E01000815,40km to less than 60km,1,5,-4
E01000815,5km to less than 10km,39,63,-24
E01000815,60km and over,1,9,-8
E01000815,Less than 2km,27,58,-31
E01000815,"Works mainly at an offshore installation, in no fixed place, or outside the UK",52,50,2
E01000815,Works mainly from home,409,112,297
E01000816,10km to less than 20km,90,238,-148
E01000816,20km to less than 30km,8,23,-15
E01000816,2km to less than 5km,84,135,-51
E01000816,30km to less than 40km,4,11,-7
E01000816,40km to less than 60km,2,6,-4
E01000816,5km to less than 10km,84,146,-62
E01000816,60km and over,4,14,-10
E01000816,Less than 2km,31,51,-20
E01000816,"Works mainly at an offshore installation, in no fixed place, or outside the UK",123,74,49
E01000816,Works mainly from home,358,56,302
E01000818,10km to less than 20km,131,214,-83
E01000818,20km to less than 30km,8,15,-7
E01000818,2km to less than 5km,109,130,-21
E01000818,30km to less than 40km,6,3,3
E01000818,40km to less than 60km,2,4,-2
E01000818,5km to less than 10km,97,135,-38
E01000818,60km and over,10,6,4
E01000818,Less than 2km,35,68,-33
E01000818,"Works mainly at an offshore installation, in no fixed place, or outside the UK",120,90,30
E01000818,Works mainly from home,337,76,261
E01000819,10km to less than 20km,117,230,-113
E01000819,20km to less than 30km,10,12,-2
E01000819,2km to less than 5km,69,117,-48
E01000819,30km to less than 40km,8,6,2
E01000819,40km to less than 60km,3,3,0
E01000819,5km to less than 10km,123,122,1
E01000819,60km and over,7,6,1
E01000819,Less than 2km,60,91,-31
E01000819,"Works mainly at an offshore installation, in no fixed place, or outside the UK",130,68,62
E01000819,Works mainly from home,359,71,288
E01000820,10km to less than 20km,85,286,-201
E01000820,20km to less than 30km,13,15,-2
E01000820,2km to less than 5km,45,72,-27
E01000820,30km to less than 40km,2,8,-6
E01000820,40km to less than 60km,2,6,-4
E01000820,5km to less than 10km,70,87,-17
E01000820,60km and over,2,3,-1
E01000820,Less than 2km,52,79,-27
E01000820,"Works mainly at an offshore installation, in no fixed place, or outside the UK",69,57,12
E01000820,Works mainly from home,413,66,347
E01000822,10km to less than 20km,112,345,-233
E01000822,20km to less than 30km,10,19,-9
E01000822,2km to less than 5km,77,80,-3
E01000822,30km to less than 40km,5,13,-8
E01000822,40km to less than 60km,1,10,-9
E01000822,5km to less than 10km,85,110,-25
E01000822,60km and over,2,9,-7
E01000822,Less than 2km,54,110,-56
E01000822,"Works mainly at an offshore installation, in no fixed place, or outside the UK",108,68,40
E01000822,Works mainly from home,363,78,285
E01000823,10km to less than 20km,108,433,-325
E01000823,20km to less than 30km,7,22,-15
E01000823,2km to less than 5km,54,87,-33
E01000823,30km to less than 40km,4,14,-10
E01000823,40km to less than 60km,6,4,2
E01000823,5km to less than 10km,78,104,-26
E01000823,60km and over,6,12,-6
E01000823,Less than 2km,74,126,-52
E01000823,"Works mainly at an offshore installation, in no fixed place, or outside the UK",105,81,24
E01000823,Works mainly from home,468,99,369
E01000824,10km to less than 20km,95,262,-167
E01000824,20km to less than 30km,8,11,-3
E01000824,2km to less than 5km,58,67,-9
E01000824,30km to less than 40km,3,9,-6
E01000824,40km to less than 60km,0,8,-8
E01000824,5km to less than 10km,83,82,1
E01000824,60km and over,5,12,-7
E01000824,Less than 2km,63,105,-42
E01000824,"Works mainly at an offshore installation, in no fixed place, or outside the UK",95,60,35
E01000824,Works mainly from home,371,48,323
E01000825,10km to less than 20km,117,387,-270
E01000825,20km to less than 30km,12,14,-2
E01000825,2km to less than 5km,44,52,-8
E01000825,30km to less than 40km,4,13,-9
E01000825,40km to less than 60km,2,12,-10
E01000825,5km to less than 10km,102,86,16
E01000825,60km and over,6,7,-1
E01000825,Less than 2km,69,125,-56
E01000825,"Works mainly at an offshore installation, in no fixed place, or outside the UK",92,53,39
E01000825,Works mainly from home,417,73,344
E01000826,10km to less than 20km,66,248,-182
E01000826,20km to less than 30km,3,23,-20
E01000826,2km to less than 5km,64,131,-67
E01000826,30km to less than 40km,3,10,-7
E01000826,40km to less than 60km,0,9,-9
E01000826,5km to less than 10km,64,111,-47
E01000826,60km and over,3,15,-12
E01000826,Less than 2km,44,65,-21
E01000826,"Works mainly at an offshore installation, in no fixed place, or outside the UK",65,80,-15
E01000826,Works mainly from home,430,90,340
E01000827,10km to less than 20km,99,288,-189
E01000827,20km to less than 30km,11,18,-7
E01000827,2km to less than 5km,67,95,-28
E01000827,30km to less than 40km,7,13,-6
E01000827,40km to less than 60km,3,4,-1
E01000827,5km to less than 10km,52,99,-47
E01000827,60km and over,6,9,-3
E01000827,Less than 2km,50,85,-35
E01000827,"Works mainly at an offshore installation, in no fixed place, or outside the UK",94,81,13
E01000827,Works mainly from home,423,88,335
E01000828,10km to less than 20km,100,326,-226
E01000828,20km to less than 30km,17,22,-5
E01000828,2km to less than 5km,55,89,-34
E01000828,30km to less than 40km,4,17,-13
E01000828,40km to less than 60km,1,9,-8
E01000828,5km to less than 10km,70,67,3
E01000828,60km and over,2,9,-7
E01000828,Less than 2km,45,107,-62
E01000828,"Works mainly at an offshore installation, in no fixed place, or outside the UK",83,62,21
E01000828,Works mainly from home,442,76,366
E01000829,10km to less than 20km,129,395,-266
E01000829,20km to less than 30km,11,37,-26
E01000829,2km to less than 5km,68,73,-5
E01000829,30km to less than 40km,7,15,-8
E01000829,40km to less than 60km,1,10,-9
E01000829,5km to less than 10km,68,97,-29
E01000829,60km and over,5,13,-8
E01000829,Less than 2km,58,137,-79
E01000829,"Works mainly at an offshore installation, in no fixed place, or outside the UK",102,77,25
E01000829,Works mainly from home,507,100,407
E01000830,10km to less than 20km,80,233,-153
E01000830,20km to less than 30km,6,11,-5
E01000830,2km to less than 5km,51,114,-63
E01000830,30km to less than 40km,5,6,-1
E01000830,40km to less than 60km,2,6,-4
E01000830,5km to less than 10km,76,99,-23
E01000830,60km and over,3,11,-8
E01000830,Less than 2km,34,69,-35
E01000830,"Works mainly at an offshore installation, in no fixed place, or outside the UK",65,54,11
E01000830,Works mainly from home,411,114,297
E01000831,10km to less than 20km,91,307,-216
E01000831,20km to less than 30km,8,23,-15
E01000831,2km to less than 5km,48,82,-34
E01000831,30km to less than 40km,2,8,-6
E01000831,40km to less than 60km,1,3,-2
E01000831,5km to less than 10km,72,98,-26
E01000831,60km and over,4,12,-8
E01000831,Less than 2km,49,81,-32
E01000831,"Works mainly at an offshore installation, in no fixed place, or outside the UK",84,67,17
E01000831,Works mainly from home,419,112,307
E01000832,10km to less than 20km,71,226,-155
E01000832,20km to less than 30km,6,19,-13
E01000832,2km to less than 5km,51,120,-69
E01000832,30km to less than 40km,4,5,-1
E01000832,40km to less than 60km,2,3,-1
E01000832,5km to less than 10km,77,92,-15
E01000832,60km and over,2,4,-2
E01000832,Less than 2km,36,71,-35
E01000832,"Works mainly at an offshore installation, in no fixed place, or outside the UK",108,78,30
E01000832,Works mainly from home,383,105,278
E01000833,10km to less than 20km,74,214,-140
E01000833,20km to less than 30km,7,22,-15
E01000833,2km to less than 5km,71,119,-48
E01000833,30km to less than 40km,5,10,-5
E01000833,40km to less than 60km,0,3,-3
E01000833,5km to less than 10km,72,90,-18
E01000833,60km and over,1,8,-7
E01000833,Less than 2km,37,60,-23
E01000833,"Works mainly at an offshore installation, in no fixed place, or outside the UK",90,75,15
E01000833,Works mainly from home,347,74,273
E01000834,10km to less than 20km,77,224,-147
E01000834,20km to less than 30km,8,20,-12
E01000834,2km to less than 5km,78,133,-55
E01000834,30km to less than 40km,1,3,-2
E01000834,40km to less than 60km,3,4,-1
E01000834,5km to less than 10km,73,89,-16
E01000834,60km and over,5,6,-1
E01000834,Less than 2km,38,77,-39
E01000834,"Works mainly at an offshore installation, in no fixed place, or outside the UK",89,81,8
E01000834,Works mainly from home,337,69,268
E01000835,10km to less than 20km,93,240,-147
E01000835,20km to less than 30km,15,20,-5
E01000835,2km to less than 5km,68,114,-46
E01000835,30km to less than 40km,2,8,-6
E01000835,40km to less than 60km,1,4,-3
E01000835,5km to less than 10km,89,128,-39
E01000835,60km and over,5,8,-3
E01000835,Less than 2km,61,90,-29
E01000835,"Works mainly at an offshore installation, in no fixed place, or outside the UK",137,80,57
E01000835,Works mainly from home,381,103,278
E01000836,10km to less than 20km,77,249,-172
E01000836,20km to less than 30km,8,31,-23
E01000836,2km to less than 5km,74,127,-53
E01000836,30km to less than 40km,4,12,-8
E01000836,40km to less than 60km,0,4,-4
E01000836,5km to less than 10km,67,97,-30
E01000836,60km and over,3,3,0
E01000836,Less than 2km,45,72,-27
E01000836,"Works mainly at an offshore installation, in no fixed place, or outside the UK",73,44,29
E01000836,Works mainly from home,371,72,299
E01000837,10km to less than 20km,77,231,-154
E01000837,20km to less than 30km,10,24,-14
E01000837,2km to less than 5km,80,122,-42
E01000837,30km to less than 40km,1,9,-8
E01000837,40km to less than 60km,1,9,-8
E01000837,5km to less than 10km,68,81,-13
E01000837,60km and over,3,8,-5
E01000837,Less than 2km,45,77,-32
E01000837,"Works mainly at an offshore installation, in no fixed place, or outside the UK",106,57,49
E01000837,Works mainly from home,329,68,261
E01000838,10km to less than 20km,80,199,-119
E01000838,20km to less than 30km,13,20,-7
E01000838,2km to less than 5km,58,108,-50
E01000838,30km to less than 40km,2,11,-9
E01000838,40km to less than 60km,6,6,0
E01000838,5km to less than 10km,64,101,-37
E01000838,60km and over,4,5,-1
E01000838,Less than 2km,35,68,-33
E01000838,"Works mainly at an offshore installation, in no fixed place, or outside the UK",81,68,13
E01000838,Works mainly from home,318,85,233
E01000839,10km to less than 20km,87,298,-211
E01000839,20km to less than 30km,6,34,-28
E01000839,2km to less than 5km,44,111,-67
E01000839,30km to less than 40km,3,12,-9
E01000839,40km to less than 60km,6,4,2
E01000839,5km to less than 10km,72,94,-22
E01000839,60km and over,2,8,-6
E01000839,Less than 2km,35,73,-38
E01000839,"Works mainly at an offshore installation, in no fixed place, or outside the UK",67,59,8
E01000839,Works mainly from home,341,73,268
E01000840,10km to less than 20km,69,221,-152
E01000840,20km to less than 30km,7,27,-20
E01000840,2km to less than 5km,49,106,-57
E01000840,30km to less than 40km,1,3,-2
E01000840,40km to less than 60km,2,5,-3
E01000840,5km to less than 10km,66,96,-30
E01000840,60km and over,1,5,-4
E01000840,Less than 2km,27,67,-40
E01000840,"Works mainly at an offshore installation, in no fixed place, or outside the UK",83,69,14
E01000840,Works mainly from home,284,86,198
E01000841,10km to less than 20km,84,252,-168
E01000841,20km to less than 30km,9,16,-7
E01000841,2km to less than 5km,87,142,-55
E01000841,30km to less than 40km,5,4,1
E01000841,40km to less than 60km,1,4,-3
E01000841,5km to less than 10km,93,100,-7
E01000841,60km and over,4,10,-6
E01000841,Less than 2km,39,97,-58
E01000841,"Works mainly at an offshore installation, in no fixed place, or outside the UK",112,62,50
E01000841,Works mainly from home,409,92,317
E01000842,10km to less than 20km,29,55,-26
E01000842,20km to less than 30km,5,6,-1
E01000842,2km to less than 5km,64,193,-129
E01000842,30km to less than 40km,1,3,-2
E01000842,40km to less than 60km,2,8,-6
E01000842,5km to less than 10km,59,293,-234
E01000842,60km and over,3,8,-5
E01000842,Less than 2km,49,76,-27
E01000842,"Works mainly at an offshore installation, in no fixed place, or outside the UK",45,60,-15
E01000842,Works mainly from home,552,147,405
E01000843,10km to less than 20km,14,62,-48
E01000843,20km to less than 30km,2,2,0
E01000843,2km to less than 5km,78,222,-144
E01000843,30km to less than 40km,0,3,-3
E01000843,40km to less than 60km,4,3,1
E01000843,5km to less than 10km,56,300,-244
E01000843,60km and over,6,14,-8
E01000843,Less than 2km,27,88,-61
E01000843,"Works mainly at an offshore installation, in no fixed place, or outside the UK",45,82,-37
E01000843,Works mainly from home,488,133,355
E01000844,10km to less than 20km,20,100,-80
E01000844,20km to less than 30km,5,11,-6
E01000844,2km to less than 5km,94,273,-179
E01000844,30km to less than 40km,1,6,-5
E01000844,40km to less than 60km,1,7,-6
E01000844,5km to less than 10km,66,370,-304
E01000844,60km and over,8,14,-6
E01000844,Less than 2km,47,74,-27
E01000844,"Works mainly at an offshore installation, in no fixed place, or outside the UK",46,62,-16
E01000844,Works mainly from home,654,172,482
E01000845,10km to less than 20km,23,57,-34
E01000845,20km to less than 30km,1,10,-9
E01000845,2km to less than 5km,65,245,-180
E01000845,30km to less than 40km,1,1,0
E01000845,40km to less than 60km,0,3,-3
E01000845,5km to less than 10km,63,259,-196
E01000845,60km and over,3,14,-11
E01000845,Less than 2km,50,70,-20
E01000845,"Works mainly at an offshore installation, in no fixed place, or outside the UK",52,66,-14
E01000845,Works mainly from home,570,122,448
E01000846,10km to less than 20km,14,24,-10
E01000846,20km to less than 30km,5,9,-4
E01000846,2km to less than 5km,69,182,-113
E01000846,30km to less than 40km,2,1,1
E01000846,40km to less than 60km,0,2,-2
E01000846,5km to less than 10km,61,137,-76
E01000846,60km and over,6,5,1
E01000846,Less than 2km,72,79,-7
E01000846,"Works mainly at an offshore installation, in no fixed place, or outside the UK",84,68,16
E01000846,Works mainly from home,299,75,224
E01000847,10km to less than 20km,17,49,-32
E01000847,20km to less than 30km,5,11,-6
E01000847,2km to less than 5km,92,186,-94
E01000847,30km to less than 40km,1,4,-3
E01000847,40km to less than 60km,0,4,-4
E01000847,5km to less than 10km,64,206,-142
E01000847,60km and over,6,5,1
E01000847,Less than 2km,64,72,-8
E01000847,"Works mainly at an offshore installation, in no fixed place, or outside the UK",76,58,18
E01000847,Works mainly from home,363,117,246
E01000848,10km to less than 20km,14,71,-57
E01000848,20km to less than 30km,2,15,-13
E01000848,2km to less than 5km,53,211,-158
E01000848,30km to less than 40km,1,7,-6
E01000848,40km to less than 60km,2,5,-3
E01000848,5km to less than 10km,72,369,-297
E01000848,60km and over,5,19,-14
E01000848,Less than 2km,33,91,-58
E01000848,"Works mainly at an offshore installation, in no fixed place, or outside the UK",34,64,-30
E01000848,Works mainly from home,653,156,497
E01000849,10km to less than 20km,23,64,-41
E01000849,20km to less than 30km,2,19,-17
E01000849,2km to less than 5km,63,229,-166
E01000849,30km to less than 40km,0,4,-4
E01000849,40km to less than 60km,3,2,1
E01000849,5km to less than 10km,65,354,-289
E01000849,60km and over,0,11,-11
E01000849,Less than 2km,64,96,-32
E01000849,"Works mainly at an offshore installation, in no fixed place, or outside the UK",53,83,-30
E01000849,Works mainly from home,547,120,427
E01000850,10km to less than 20km,14,39,-25
E01000850,20km to less than 30km,0,16,-16
E01000850,2km to less than 5km,46,206,-160
E01000850,30km to less than 40km,3,10,-7
E01000850,40km to less than 60km,2,3,-1
E01000850,5km to less than 10km,35,66,-31
E01000850,60km and over,2,19,-17
E01000850,Less than 2km,237,398,-161
E01000850,"Works mainly at an offshore installation, in no fixed place, or outside the UK",44,58,-14
E01000850,Works mainly from home,363,122,241
E01000851,10km to less than 20km,13,31,-18
E01000851,20km to less than 30km,4,9,-5
E01000851,2km to less than 5km,51,248,-197
E01000851,30km to less than 40km,0,5,-5
E01000851,40km to less than 60km,0,5,-5
E01000851,5km to less than 10km,25,78,-53
E01000851,60km and over,8,25,-17
E01000851,Less than 2km,94,390,-296
E01000851,"Works mainly at an offshore installation, in no fixed place, or outside the UK",67,86,-19
E01000851,Works mainly from home,367,140,227
E01000853,10km to less than 20km,16,32,-16
E01000853,20km to less than 30km,6,3,3
E01000853,2km to less than 5km,58,168,-110
E01000853,30km to less than 40km,0,2,-2
E01000853,40km to less than 60km,2,4,-2
E01000853,5km to less than 10km,38,51,-13
E01000853,60km and over,2,9,-7
E01000853,Less than 2km,109,229,-120
E01000853,"Works mainly at an offshore installation, in no fixed place, or outside the UK",72,49,23
E01000853,Works mainly from home,212,75,137
E01000855,10km to less than 20km,16,31,-15
E01000855,20km to less than 30km,3,12,-9
E01000855,2km to less than 5km,58,227,-169
E01000855,30km to less than 40km,1,0,1
E01000855,40km to less than 60km,1,2,-1
E01000855,5km to less than 10km,29,92,-63
E01000855,60km and over,3,14,-11
E01000855,Less than 2km,165,503,-338
E01000855,"Works mainly at an offshore installation, in no fixed place, or outside the UK",51,81,-30
E01000855,Works mainly from home,361,148,213
E01000856,10km to less than 20km,21,24,-3
E01000856,20km to less than 30km,6,5,1
E01000856,2km to less than 5km,114,258,-144
E01000856,30km to less than 40km,0,3,-3
E01000856,40km to less than 60km,3,2,1
E01000856,5km to less than 10km,74,131,-57
E01000856,60km and over,3,9,-6
E01000856,Less than 2km,74,109,-35
E01000856,"Works mainly at an offshore installation, in no fixed place, or outside the UK",74,79,-5
E01000856,Works mainly from home,381,111,270
E01000857,10km to less than 20km,12,50,-38
E01000857,20km to less than 30km,3,7,-4
E01000857,2km to less than 5km,50,268,-218
E01000857,30km to less than 40km,0,2,-2
E01000857,40km to less than 60km,3,3,0
E01000857,5km to less than 10km,44,157,-113
E01000857,60km and over,8,13,-5
E01000857,Less than 2km,51,91,-40
E01000857,"Works mainly at an offshore installation, in no fixed place, or outside the UK",52,55,-3
E01000857,Works mainly from home,472,127,345
E01000858,10km to less than 20km,39,43,-4
E01000858,20km to less than 30km,7,10,-3
E01000858,2km to less than 5km,139,274,-135
E01000858,30km to less than 40km,6,5,1
E01000858,40km to less than 60km,3,7,-4
E01000858,5km to less than 10km,76,157,-81
E01000858,60km and over,14,4,10
E01000858,Less than 2km,106,127,-21
E01000858,"Works mainly at an offshore installation, in no fixed place, or outside the UK",95,87,8
E01000858,Works mainly from home,394,87,307
E01000859,10km to less than 20km,14,41,-27
E01000859,20km to less than 30km,6,10,-4
E01000859,2km to less than 5km,89,329,-240
E01000859,30km to less than 40km,1,0,1
E01000859,40km to less than 60km,0,2,-2
E01000859,5km to less than 10km,58,183,-125
E01000859,60km and over,6,22,-16
E01000859,Less than 2km,48,92,-44
E01000859,"Works mainly at an offshore installation, in no fixed place, or outside the UK",46,86,-40
E01000859,Works mainly from home,548,227,321
E01000860,10km to less than 20km,7,19,-12
E01000860,20km to less than 30km,7,3,4
E01000860,2km to less than 5km,57,208,-151
E01000860,30km to less than 40km,0,1,-1
E01000860,40km to less than 60km,0,3,-3
E01000860,5km to less than 10km,34,88,-54
E01000860,60km and over,0,8,-8
E01000860,Less than 2km,40,75,-35
E01000860,"Works mainly at an offshore installation, in no fixed place, or outside the UK",36,42,-6
E01000860,Works mainly from home,323,87,236
E01000861,10km to less than 20km,22,37,-15
E01000861,20km to less than 30km,7,12,-5
E01000861,2km to less than 5km,92,299,-207
E01000861,30km to less than 40km,1,2,-1
E01000861,40km to less than 60km,3,4,-1
E01000861,5km to less than 10km,64,122,-58
E01000861,60km and over,6,14,-8
E01000861,Less than 2km,67,143,-76
E01000861,"Works mainly at an offshore installation, in no fixed place, or outside the UK",97,85,12
E01000861,Works mainly from home,407,121,286
E01000862,10km to less than 20km,23,29,-6
E01000862,20km to less than 30km,3,9,-6
E01000862,2km to less than 5km,100,416,-316
E01000862,30km to less than 40km,1,4,-3
E01000862,40km to less than 60km,2,11,-9
E01000862,5km to less than 10km,49,172,-123
E01000862,60km and over,6,18,-12
E01000862,Less than 2km,47,176,-129
E01000862,"Works mainly at an offshore installation, in no fixed place, or outside the UK",54,91,-37
E01000862,Works mainly from home,661,216,445
E01000863,10km to less than 20km,17,31,-14
E01000863,20km to less than 30km,2,6,-4
E01000863,2km to less than 5km,74,340,-266
E01000863,30km to less than 40km,3,5,-2
E01000863,40km to less than 60km,4,7,-3
E01000863,5km to less than 10km,30,115,-85
E01000863,60km and over,2,15,-13
E01000863,Less than 2km,53,134,-81
E01000863,"Works mainly at an offshore installation, in no fixed place, or outside the UK",61,82,-21
E01000863,Works mainly from home,511,172,339
E01000866,10km to less than 20km,20,48,-28
E01000866,20km to less than 30km,1,16,-15
E01000866,2km to less than 5km,145,404,-259
E01000866,30km to less than 40km,2,3,-1
E01000866,40km to less than 60km,1,2,-1
E01000866,5km to less than 10km,73,211,-138
E01000866,60km and over,4,18,-14
E01000866,Less than 2km,101,120,-19
E01000866,"Works mainly at an offshore installation, in no fixed place, or outside the UK",88,104,-16
E01000866,Works mainly from home,524,118,406
E01000867,10km to less than 20km,36,39,-3
E01000867,20km to less than 30km,4,10,-6
E01000867,2km to less than 5km,150,289,-139
E01000867,30km to less than 40km,1,2,-1
E01000867,40km to less than 60km,1,2,-1
E01000867,5km to less than 10km,78,111,-33
E01000867,60km and over,4,7,-3
E01000867,Less than 2km,88,118,-30
E01000867,"Works mainly at an offshore installation, in no fixed place, or outside the UK",82,57,25
E01000867,Works mainly from home,389,65,324
E01000868,10km to less than 20km,25,22,3
E01000868,20km to less than 30km,2,3,-1
E01000868,2km to less than 5km,137,204,-67
E01000868,30km to less than 40km,3,1,2
E01000868,40km to less than 60km,7,6,1
E01000868,5km to less than 10km,63,94,-31
E01000868,60km and over,8,5,3
E01000868,Less than 2km,108,135,-27
E01000868,"Works mainly at an offshore installation, in no fixed place, or outside the UK",108,60,48
E01000868,Works mainly from home,314,75,239
E01000869,10km to less than 20km,29,56,-27
E01000869,20km to less than 30km,7,10,-3
E01000869,2km to less than 5km,126,465,-339
E01000869,30km to less than 40km,2,4,-2
E01000869,40km to less than 60km,10,5,5
E01000869,5km to less than 10km,84,208,-124
E01000869,60km and over,10,15,-5
E01000869,Less than 2km,72,128,-56
E01000869,"Works mainly at an offshore installation, in no fixed place, or outside the UK",84,102,-18
E01000869,Works mainly from home,614,173,441
E01000870,10km to less than 20km,24,33,-9
E01000870,20km to less than 30km,7,10,-3
E01000870,2km to less than 5km,111,282,-171
E01000870,30km to less than 40km,0,3,-3
E01000870,40km to less than 60km,1,4,-3
E01000870,5km to less than 10km,80,182,-102
E01000870,60km and over,5,19,-14
E01000870,Less than 2km,75,122,-47
E01000870,"Works mainly at an offshore installation, in no fixed place, or outside the UK",65,87,-22
E01000870,Works mainly from home,476,131,345
E01000871,10km to less than 20km,27,73,-46
E01000871,20km to less than 30km,7,11,-4
E01000871,2km to less than 5km,70,133,-63
E01000871,30km to less than 40km,3,10,-7
E01000871,40km to less than 60km,1,2,-1
E01000871,5km to less than 10km,113,358,-245
E01000871,60km and over,4,10,-6
E01000871,Less than 2km,29,67,-38
E01000871,"Works mainly at an offshore installation, in no fixed place, or outside the UK",84,79,5
E01000871,Works mainly from home,494,122,372
E01000872,10km to less than 20km,62,124,-62
E01000872,20km to less than 30km,8,16,-8
E01000872,2km to less than 5km,105,210,-105
E01000872,30km to less than 40km,5,6,-1
E01000872,40km to less than 60km,0,4,-4
E01000872,5km to less than 10km,191,541,-350
E01000872,60km and over,4,14,-10
E01000872,Less than 2km,46,60,-14
E01000872,"Works mainly at an offshore installation, in no fixed place, or outside the UK",124,123,1
E01000872,Works mainly from home,440,93,347
E01000873,10km to less than 20km,21,96,-75
E01000873,20km to less than 30km,7,20,-13
E01000873,2km to less than 5km,60,130,-70
E01000873,30km to less than 40km,2,9,-7
E01000873,40km to less than 60km,0,10,-10
E01000873,5km to less than 10km,108,465,-357
E01000873,60km and over,4,10,-6
E01000873,Less than 2km,49,60,-11
E01000873,"Works mainly at an offshore installation, in no fixed place, or outside the UK",46,84,-38
E01000873,Works mainly from home,643,120,523
E01000874,10km to less than 20km,30,82,-52
E01000874,20km to less than 30km,2,19,-17
E01000874,2km to less than 5km,46,113,-67
E01000874,30km to less than 40km,3,7,-4
E01000874,40km to less than 60km,2,6,-4
E01000874,5km to less than 10km,89,468,-379
E01000874,60km and over,5,10,-5
E01000874,Less than 2km,22,55,-33
E01000874,"Works mainly at an offshore installation, in no fixed place, or outside the UK",52,64,-12
E01000874,Works mainly from home,572,119,453
E01000875,10km to less than 20km,45,103,-58
E01000875,20km to less than 30km,3,13,-10
E01000875,2km to less than 5km,84,132,-48
E01000875,30km to less than 40km,0,0,0
E01000875,40km to less than 60km,2,4,-2
E01000875,5km to less than 10km,179,458,-279
E01000875,60km and over,4,10,-6
E01000875,Less than 2km,37,56,-19
E01000875,"Works mainly at an offshore installation, in no fixed place, or outside the UK",99,96,3
E01000875,Works mainly from home,486,110,376
E01000876,10km to less than 20km,40,67,-27
E01000876,20km to less than 30km,6,23,-17
E01000876,2km to less than 5km,108,136,-28
E01000876,30km to less than 40km,2,6,-4
E01000876,40km to less than 60km,0,4,-4
E01000876,5km to less than 10km,141,373,-232
E01000876,60km and over,6,5,1
E01000876,Less than 2km,42,65,-23
E01000876,"Works mainly at an offshore installation, in no fixed place, or outside the UK",99,93,6
E01000876,Works mainly from home,557,67,490
E01000877,10km to less than 20km,32,98,-66
E01000877,20km to less than 30km,2,12,-10
E01000877,2km to less than 5km,39,127,-88
E01000877,30km to less than 40km,1,3,-2
E01000877,40km to less than 60km,1,7,-6
E01000877,5km to less than 10km,101,480,-379
E01000877,60km and over,4,9,-5
E01000877,Less than 2km,41,60,-19
E01000877,"Works mainly at an offshore installation, in no fixed place, or outside the UK",58,71,-13
E01000877,Works mainly from home,580,106,474
E01000878,10km to less than 20km,22,61,-39
E01000878,20km to less than 30km,3,10,-7
E01000878,2km to less than 5km,56,67,-11
E01000878,30km to less than 40km,1,4,-3
E01000878,40km to less than 60km,2,3,-1
E01000878,5km to less than 10km,103,307,-204
E01000878,60km and over,5,12,-7
E01000878,Less than 2km,17,43,-26
E01000878,"Works mainly at an offshore installation, in no fixed place, or outside the UK",50,45,5
E01000878,Works mainly from home,535,123,412
E01000879,10km to less than 20km,26,57,-31
E01000879,20km to less than 30km,3,12,-9
E01000879,2km to less than 5km,47,83,-36
E01000879,30km to less than 40km,0,8,-8
E01000879,40km to less than 60km,1,4,-3
E01000879,5km to less than 10km,76,331,-255
E01000879,60km and over,6,14,-8
E01000879,Less than 2km,27,62,-35
E01000879,"Works mainly at an offshore installation, in no fixed place, or outside the UK",45,60,-15
E01000879,Works mainly from home,476,106,370
E01000880,10km to less than 20km,19,70,-51
E01000880,20km to less than 30km,3,10,-7
E01000880,2km to less than 5km,39,93,-54
E01000880,30km to less than 40km,1,2,-1
E01000880,40km to less than 60km,2,3,-1
E01000880,5km to less than 10km,67,327,-260
E01000880,60km and over,1,9,-8
E01000880,Less than 2km,26,58,-32
E01000880,"Works mainly at an offshore installation, in no fixed place, or outside the UK",38,56,-18
E01000880,Works mainly from home,558,162,396
E01000881,10km to less than 20km,17,64,-47
E01000881,20km to less than 30km,1,9,-8
E01000881,2km to less than 5km,62,120,-58
E01000881,30km to less than 40km,0,5,-5
E01000881,40km to less than 60km,0,7,-7
E01000881,5km to less than 10km,77,320,-243
E01000881,60km and over,2,12,-10
E01000881,Less than 2km,32,58,-26
E01000881,"Works mainly at an offshore installation, in no fixed place, or outside the UK",43,59,-16
E01000881,Works mainly from home,491,141,350
E01000882,10km to less than 20km,20,88,-68
E01000882,20km to less than 30km,2,10,-8
E01000882,2km to less than 5km,44,199,-155
E01000882,30km to less than 40km,2,8,-6
E01000882,40km to less than 60km,2,8,-6
E01000882,5km to less than 10km,60,341,-281
E01000882,60km and over,2,12,-10
E01000882,Less than 2km,32,58,-26
E01000882,"Works mainly at an offshore installation, in no fixed place, or outside the UK",48,67,-19
E01000882,Works mainly from home,592,163,429
E01000883,10km to less than 20km,24,67,-43
E01000883,20km to less than 30km,1,21,-20
E01000883,2km to less than 5km,91,128,-37
E01000883,30km to less than 40km,4,10,-6
E01000883,40km to less than 60km,1,2,-1
E01000883,5km to less than 10km,77,279,-202
E01000883,60km and over,3,2,1
E01000883,Less than 2km,40,52,-12
E01000883,"Works mainly at an offshore installation, in no fixed place, or outside the UK",65,49,16
E01000883,Works mainly from home,612,107,505
E01000884,10km to less than 20km,20,55,-35
E01000884,20km to less than 30km,2,8,-6
E01000884,2km to less than 5km,44,80,-36
E01000884,30km to less than 40km,0,4,-4
E01000884,40km to less than 60km,0,2,-2
E01000884,5km to less than 10km,113,317,-204
E01000884,60km and over,7,9,-2
E01000884,Less than 2km,17,39,-22
E01000884,"Works mainly at an offshore installation, in no fixed place, or outside the UK",34,52,-18
E01000884,Works mainly from home,472,150,322
E01000885,10km to less than 20km,13,30,-17
E01000885,20km to less than 30km,3,7,-4
E01000885,2km to less than 5km,25,58,-33
E01000885,30km to less than 40km,1,3,-2
E01000885,40km to less than 60km,1,2,-1
E01000885,5km to less than 10km,69,285,-216
E01000885,60km and over,3,8,-5
E01000885,Less than 2km,18,44,-26
E01000885,"Works mainly at an offshore installation, in no fixed place, or outside the UK",48,43,5
E01000885,Works mainly from home,431,184,247
E01000886,10km to less than 20km,16,53,-37
E01000886,20km to less than 30km,6,15,-9
E01000886,2km to less than 5km,67,197,-130
E01000886,30km to less than 40km,0,2,-2
E01000886,40km to less than 60km,3,1,2
E01000886,5km to less than 10km,58,225,-167
E01000886,60km and over,5,11,-6
E01000886,Less than 2km,67,92,-25
E01000886,"Works mainly at an offshore installation, in no fixed place, or outside the UK",64,68,-4
E01000886,Works mainly from home,471,138,333
E01000887,10km to less than 20km,21,39,-18
E01000887,20km to less than 30km,5,15,-10
E01000887,2km to less than 5km,65,185,-120
E01000887,30km to less than 40km,1,5,-4
E01000887,40km to less than 60km,2,3,-1
E01000887,5km to less than 10km,96,329,-233
E01000887,60km and over,4,9,-5
E01000887,Less than 2km,76,110,-34
E01000887,"Works mainly at an offshore installation, in no fixed place, or outside the UK",48,67,-19
E01000887,Works mainly from home,496,123,373
E01000888,10km to less than 20km,24,37,-13
E01000888,20km to less than 30km,7,11,-4
E01000888,2km to less than 5km,70,178,-108
E01000888,30km to less than 40km,1,6,-5
E01000888,40km to less than 60km,0,3,-3
E01000888,5km to less than 10km,64,269,-205
E01000888,60km and over,6,7,-1
E01000888,Less than 2km,50,102,-52
E01000888,"Works mainly at an offshore installation, in no fixed place, or outside the UK",68,94,-26
E01000888,Works mainly from home,429,105,324
E01000889,10km to less than 20km,24,39,-15
E01000889,20km to less than 30km,5,4,1
E01000889,2km to less than 5km,113,187,-74
E01000889,30km to less than 40km,4,2,2
E01000889,40km to less than 60km,1,5,-4
E01000889,5km to less than 10km,80,128,-48
E01000889,60km and over,4,7,-3
E01000889,Less than 2km,105,155,-50
E01000889,"Works mainly at an offshore installation, in no fixed place, or outside the UK",103,73,30
E01000889,Works mainly from home,286,59,227
E01000890,10km to less than 20km,25,29,-4
E01000890,20km to less than 30km,1,5,-4
E01000890,2km to less than 5km,102,170,-68
E01000890,30km to less than 40km,0,3,-3
E01000890,40km to less than 60km,1,1,0
E01000890,5km to less than 10km,74,122,-48
E01000890,60km and over,7,5,2
E01000890,Less than 2km,93,143,-50
E01000890,"Works mainly at an offshore installation, in no fixed place, or outside the UK",58,50,8
E01000890,Works mainly from home,128,47,81
E01000891,10km to less than 20km,20,24,-4
E01000891,20km to less than 30km,8,5,3
E01000891,2km to less than 5km,91,156,-65
E01000891,30km to less than 40km,0,2,-2
E01000891,40km to less than 60km,1,4,-3
E01000891,5km to less than 10km,73,145,-72
E01000891,60km and over,0,6,-6
E01000891,Less than 2km,99,109,-10
E01000891,"Works mainly at an offshore installation, in no fixed place, or outside the UK",73,40,33
E01000891,Works mainly from home,247,49,198
E01000892,10km to less than 20km,30,68,-38
E01000892,20km to less than 30km,5,13,-8
E01000892,2km to less than 5km,97,237,-140
E01000892,30km to less than 40km,3,1,2
E01000892,40km to less than 60km,2,6,-4
E01000892,5km to less than 10km,73,278,-205
E01000892,60km and over,3,13,-10
E01000892,Less than 2km,66,124,-58
E01000892,"Works mainly at an offshore installation, in no fixed place, or outside the UK",87,66,21
E01000892,Works mainly from home,566,137,429
E01000893,10km to less than 20km,15,47,-32
E01000893,20km to less than 30km,3,6,-3
E01000893,2km to less than 5km,41,146,-105
E01000893,30km to less than 40km,0,4,-4
E01000893,40km to less than 60km,2,8,-6
E01000893,5km to less than 10km,65,304,-239
E01000893,60km and over,4,18,-14
E01000893,Less than 2km,37,62,-25
E01000893,"Works mainly at an offshore installation, in no fixed place, or outside the UK",51,80,-29
E01000893,Works mainly from home,568,225,343
E01000894,10km to less than 20km,13,43,-30
E01000894,20km to less than 30km,4,8,-4
E01000894,2km to less than 5km,33,81,-48
E01000894,30km to less than 40km,3,0,3
E01000894,40km to less than 60km,1,3,-2
E01000894,5km to less than 10km,68,353,-285
E01000894,60km and over,3,9,-6
E01000894,Less than 2km,30,61,-31
E01000894,"Works mainly at an offshore installation, in no fixed place, or outside the UK",28,38,-10
E01000894,Works mainly from home,455,171,284
E01000895,10km to less than 20km,27,61,-34
E01000895,20km to less than 30km,8,6,2
E01000895,2km to less than 5km,58,111,-53
E01000895,30km to less than 40km,0,3,-3
E01000895,40km to less than 60km,1,3,-2
E01000895,5km to less than 10km,96,371,-275
E01000895,60km and over,5,15,-10
E01000895,Less than 2km,50,85,-35
E01000895,"Works mainly at an offshore installation, in no fixed place, or outside the UK",51,73,-22
E01000895,Works mainly from home,510,165,345
E01000896,10km to less than 20km,18,79,-61
E01000896,20km to less than 30km,6,14,-8
E01000896,2km to less than 5km,40,116,-76
E01000896,30km to less than 40km,0,1,-1
E01000896,40km to less than 60km,0,8,-8
E01000896,5km to less than 10km,87,381,-294
E01000896,60km and over,3,9,-6
E01000896,Less than 2km,34,70,-36
E01000896,"Works mainly at an offshore installation, in no fixed place, or outside the UK",42,61,-19
E01000896,Works mainly from home,566,171,395
E01000897,10km to less than 20km,12,57,-45
E01000897,20km to less than 30km,4,8,-4
E01000897,2km to less than 5km,49,134,-85
E01000897,30km to less than 40km,0,5,-5
E01000897,40km to less than 60km,5,5,0
E01000897,5km to less than 10km,75,364,-289
E01000897,60km and over,5,9,-4
E01000897,Less than 2km,24,67,-43
E01000897,"Works mainly at an offshore installation, in no fixed place, or outside the UK",44,48,-4
E01000897,Works mainly from home,598,173,425
E01000898,10km to less than 20km,33,46,-13
E01000898,20km to less than 30km,4,6,-2
E01000898,2km to less than 5km,60,180,-120
E01000898,30km to less than 40km,0,2,-2
E01000898,40km to less than 60km,2,3,-1
E01000898,5km to less than 10km,56,255,-199
E01000898,60km and over,2,5,-3
E01000898,Less than 2km,297,336,-39
E01000898,"Works mainly at an offshore installation, in no fixed place, or outside the UK",55,45,10
E01000898,Works mainly from home,345,100,245
E01000899,10km to less than 20km,8,48,-40
E01000899,20km to less than 30km,1,11,-10
E01000899,2km to less than 5km,34,58,-24
E01000899,30km to less than 40km,0,2,-2
E01000899,40km to less than 60km,0,3,-3
E01000899,5km to less than 10km,83,357,-274
E01000899,60km and over,3,16,-13
E01000899,Less than 2km,63,86,-23
E01000899,"Works mainly at an offshore installation, in no fixed place, or outside the UK",30,42,-12
E01000899,Works mainly from home,574,203,371
E01000900,10km to less than 20km,21,58,-37
E01000900,20km to less than 30km,2,9,-7
E01000900,2km to less than 5km,114,263,-149
E01000900,30km to less than 40km,0,5,-5
E01000900,40km to less than 60km,3,2,1
E01000900,5km to less than 10km,63,193,-130
E01000900,60km and over,6,6,0
E01000900,Less than 2km,104,149,-45
E01000900,"Works mainly at an offshore installation, in no fixed place, or outside the UK",94,78,16
E01000900,Works mainly from home,471,122,349
E01000901,10km to less than 20km,26,28,-2
E01000901,20km to less than 30km,7,8,-1
E01000901,2km to less than 5km,145,219,-74
E01000901,30km to less than 40km,1,3,-2
E01000901,40km to less than 60km,10,3,7
E01000901,5km to less than 10km,97,148,-51
E01000901,60km and over,0,3,-3
E01000901,Less than 2km,128,131,-3
E01000901,"Works mainly at an offshore installation, in no fixed place, or outside the UK",101,66,35
E01000901,Works mainly from home,290,71,219
E01000902,10km to less than 20km,10,30,-20
E01000902,20km to less than 30km,2,10,-8
E01000902,2km to less than 5km,95,163,-68
E01000902,30km to less than 40km,1,2,-1
E01000902,40km to less than 60km,1,2,-1
E01000902,5km to less than 10km,70,131,-61
E01000902,60km and over,5,7,-2
E01000902,Less than 2km,83,122,-39
E01000902,"Works mainly at an offshore installation, in no fixed place, or outside the UK",72,45,27
E01000902,Works mainly from home,228,38,190
E01000903,10km to less than 20km,12,54,-42
E01000903,20km to less than 30km,6,13,-7
E01000903,2km to less than 5km,80,200,-120
E01000903,30km to less than 40km,0,4,-4
E01000903,40km to less than 60km,2,5,-3
E01000903,5km to less than 10km,48,203,-155
E01000903,60km and over,2,6,-4
E01000903,Less than 2km,52,88,-36
E01000903,"Works mainly at an offshore installation, in no fixed place, or outside the UK",86,65,21
E01000903,Works mainly from home,455,130,325
E01000904,10km to less than 20km,17,55,-38
E01000904,20km to less than 30km,1,6,-5
E01000904,2km to less than 5km,121,338,-217
E01000904,30km to less than 40km,6,3,3
E01000904,40km to less than 60km,3,3,0
E01000904,5km to less than 10km,83,240,-157
E01000904,60km and over,7,11,-4
E01000904,Less than 2km,106,181,-75
E01000904,"Works mainly at an offshore installation, in no fixed place, or outside the UK",115,96,19
E01000904,Works mainly from home,497,83,414
E01000905,10km to less than 20km,24,43,-19
E01000905,20km to less than 30km,1,10,-9
E01000905,2km to less than 5km,131,225,-94
E01000905,30km to less than 40km,0,4,-4
E01000905,40km to less than 60km,3,5,-2
E01000905,5km to less than 10km,80,126,-46
E01000905,60km and over,3,12,-9
E01000905,Less than 2km,100,143,-43
E01000905,"Works mainly at an offshore installation, in no fixed place, or outside the UK",120,62,58
E01000905,Works mainly from home,280,63,217
E01000906,10km to less than 20km,19,54,-35
E01000906,20km to less than 30km,3,18,-15
E01000906,2km to less than 5km,108,286,-178
E01000906,30km to less than 40km,3,6,-3
E01000906,40km to less than 60km,1,7,-6
E01000906,5km to less than 10km,40,282,-242
E01000906,60km and over,4,11,-7
E01000906,Less than 2km,55,91,-36
E01000906,"Works mainly at an offshore installation, in no fixed place, or outside the UK",47,71,-24
E01000906,Works mainly from home,602,119,483
E01000907,10km to less than 20km,10,39,-29
E01000907,20km to less than 30km,3,10,-7
E01000907,2km to less than 5km,65,131,-66
E01000907,30km to less than 40km,2,6,-4
E01000907,40km to less than 60km,2,6,-4
E01000907,5km to less than 10km,93,230,-137
E01000907,60km and over,8,9,-1
E01000907,Less than 2km,58,80,-22
E01000907,"Works mainly at an offshore installation, in no fixed place, or outside the UK",65,54,11
E01000907,Works mainly from home,343,74,269
E01000908,10km to less than 20km,24,44,-20
E01000908,20km to less than 30km,8,3,5
E01000908,2km to less than 5km,78,176,-98
E01000908,30km to less than 40km,2,1,1
E01000908,40km to less than 60km,1,9,-8
E01000908,5km to less than 10km,79,258,-179
E01000908,60km and over,2,11,-9
E01000908,Less than 2km,55,72,-17
E01000908,"Works mainly at an offshore installation, in no fixed place, or outside the UK",79,73,6
E01000908,Works mainly from home,363,111,252
E01000909,10km to less than 20km,15,43,-28
E01000909,20km to less than 30km,0,5,-5
E01000909,2km to less than 5km,54,159,-105
E01000909,30km to less than 40km,0,2,-2
E01000909,40km to less than 60km,6,3,3
E01000909,5km to less than 10km,74,303,-229
E01000909,60km and over,1,11,-10
E01000909,Less than 2km,43,83,-40
E01000909,"Works mainly at an offshore installation, in no fixed place, or outside the UK",38,58,-20
E01000909,Works mainly from home,547,169,378
E01000910,10km to less than 20km,12,31,-19
E01000910,20km to less than 30km,2,9,-7
E01000910,2km to less than 5km,59,194,-135
E01000910,30km to less than 40km,0,1,-1
E01000910,40km to less than 60km,2,2,0
E01000910,5km to less than 10km,75,270,-195
E01000910,60km and over,3,8,-5
E01000910,Less than 2km,39,78,-39
E01000910,"Works mainly at an offshore installation, in no fixed place, or outside the UK",61,74,-13
E01000910,Works mainly from home,493,143,350
E01000911,10km to less than 20km,12,42,-30
E01000911,20km to less than 30km,5,6,-1
E01000911,2km to less than 5km,80,188,-108
E01000911,30km to less than 40km,1,1,0
E01000911,40km to less than 60km,0,5,-5
E01000911,5km to less than 10km,74,232,-158
E01000911,60km and over,3,10,-7
E01000911,Less than 2km,45,68,-23
E01000911,"Works mainly at an offshore installation, in no fixed place, or outside the UK",62,78,-16
E01000911,Works mainly from home,404,125,279
E01000912,10km to less than 20km,35,50,-15
E01000912,20km to less than 30km,8,12,-4
E01000912,2km to less than 5km,96,200,-104
E01000912,30km to less than 40km,1,4,-3
E01000912,40km to less than 60km,2,1,1
E01000912,5km to less than 10km,87,181,-94
E01000912,60km and over,4,7,-3
E01000912,Less than 2km,62,122,-60
E01000912,"Works mainly at an offshore installation, in no fixed place, or outside the UK",89,82,7
E01000912,Works mainly from home,366,98,268
E01000913,10km to less than 20km,13,46,-33
E01000913,20km to less than 30km,2,11,-9
E01000913,2km to less than 5km,48,119,-71
E01000913,30km to less than 40km,5,6,-1
E01000913,40km to less than 60km,3,3,0
E01000913,5km to less than 10km,73,398,-325
E01000913,60km and over,2,11,-9
E01000913,Less than 2km,31,53,-22
E01000913,"Works mainly at an offshore installation, in no fixed place, or outside the UK",48,62,-14
E01000913,Works mainly from home,573,229,344
E01000914,10km to less than 20km,13,28,-15
E01000914,20km to less than 30km,0,8,-8
E01000914,2km to less than 5km,68,205,-137
E01000914,30km to less than 40km,2,4,-2
E01000914,40km to less than 60km,2,5,-3
E01000914,5km to less than 10km,36,75,-39
E01000914,60km and over,1,22,-21
E01000914,Less than 2km,113,381,-268
E01000914,"Works mainly at an offshore installation, in no fixed place, or outside the UK",54,58,-4
E01000914,Works mainly from home,427,166,261
E01000915,10km to less than 20km,20,24,-4
E01000915,20km to less than 30km,2,8,-6
E01000915,2km to less than 5km,79,164,-85
E01000915,30km to less than 40km,1,1,0
E01000915,40km to less than 60km,0,1,-1
E01000915,5km to less than 10km,34,74,-40
E01000915,60km and over,4,14,-10
E01000915,Less than 2km,117,271,-154
E01000915,"Works mainly at an offshore installation, in no fixed place, or outside the UK",99,57,42
E01000915,Works mainly from home,275,61,214
E01000916,10km to less than 20km,18,32,-14
E01000916,20km to less than 30km,1,5,-4
E01000916,2km to less than 5km,98,236,-138
E01000916,30km to less than 40km,0,3,-3
E01000916,40km to less than 60km,6,5,1
E01000916,5km to less than 10km,58,88,-30
E01000916,60km and over,4,13,-9
E01000916,Less than 2km,156,438,-282
E01000916,"Works mainly at an offshore installation, in no fixed place, or outside the UK",99,62,37
E01000916,Works mainly from home,563,90,473
E01000917,10km to less than 20km,19,39,-20
E01000917,20km to less than 30km,5,11,-6
E01000917,2km to less than 5km,87,183,-96
E01000917,30km to less than 40km,1,2,-1
E01000917,40km to less than 60km,0,7,-7
E01000917,5km to less than 10km,49,73,-24
E01000917,60km and over,4,9,-5
E01000917,Less than 2km,118,269,-151
E01000917,"Works mainly at an offshore installation, in no fixed place, or outside the UK",88,66,22
E01000917,Works mainly from home,281,67,214
E01000918,10km to less than 20km,13,57,-44
E01000918,20km to less than 30km,5,11,-6
E01000918,2km to less than 5km,82,267,-185
E01000918,30km to less than 40km,5,0,5
E01000918,40km to less than 60km,3,2,1
E01000918,5km to less than 10km,38,70,-32
E01000918,60km and over,4,19,-15
E01000918,Less than 2km,131,351,-220
E01000918,"Works mainly at an offshore installation, in no fixed place, or outside the UK",81,89,-8
E01000918,Works mainly from home,411,172,239
E01000919,10km to less than 20km,10,124,-114
E01000919,20km to less than 30km,0,4,-4
E01000919,2km to less than 5km,71,243,-172
E01000919,30km to less than 40km,2,1,1
E01000919,40km to less than 60km,0,4,-4
E01000919,5km to less than 10km,48,65,-17
E01000919,60km and over,2,16,-14
E01000919,Less than 2km,110,326,-216
E01000919,"Works mainly at an offshore installation, in no fixed place, or outside the UK",60,106,-46
E01000919,Works mainly from home,344,119,225
E01000920,10km to less than 20km,12,21,-9
E01000920,20km to less than 30km,2,13,-11
E01000920,2km to less than 5km,89,243,-154
E01000920,30km to less than 40km,1,3,-2
E01000920,40km to less than 60km,3,5,-2
E01000920,5km to less than 10km,47,82,-35
E01000920,60km and over,5,18,-13
E01000920,Less than 2km,128,441,-313
E01000920,"Works mainly at an offshore installation, in no fixed place, or outside the UK",82,84,-2
E01000920,Works mainly from home,491,184,307
E01000921,10km to less than 20km,27,70,-43
E01000921,20km to less than 30km,5,15,-10
E01000921,2km to less than 5km,147,428,-281
E01000921,30km to less than 40km,0,7,-7
E01000921,40km to less than 60km,0,8,-8
E01000921,5km to less than 10km,88,341,-253
E01000921,60km and over,6,12,-6
E01000921,Less than 2km,86,108,-22
E01000921,"Works mainly at an offshore installation, in no fixed place, or outside the UK",105,96,9
E01000921,Works mainly from home,716,172,544
E01000922,10km to less than 20km,23,38,-15
E01000922,20km to less than 30km,8,11,-3
E01000922,2km to less than 5km,117,262,-145
E01000922,30km to less than 40km,3,3,0
E01000922,40km to less than 60km,2,5,-3
E01000922,5km to less than 10km,63,145,-82
E01000922,60km and over,6,14,-8
E01000922,Less than 2km,90,105,-15
E01000922,"Works mainly at an offshore installation, in no fixed place, or outside the UK",91,82,9
E01000922,Works mainly from home,456,91,365
E01000923,10km to less than 20km,17,29,-12
E01000923,20km to less than 30km,1,8,-7
E01000923,2km to less than 5km,106,259,-153
E01000923,30km to less than 40km,0,8,-8
E01000923,40km to less than 60km,1,5,-4
E01000923,5km to less than 10km,64,203,-139
E01000923,60km and over,3,10,-7
E01000923,Less than 2km,66,95,-29
E01000923,"Works mainly at an offshore installation, in no fixed place, or outside the UK",52,69,-17
E01000923,Works mainly from home,486,109,377
E01000924,10km to less than 20km,20,36,-16
E01000924,20km to less than 30km,5,10,-5
E01000924,2km to less than 5km,113,369,-256
E01000924,30km to less than 40km,0,1,-1
E01000924,40km to less than 60km,0,5,-5
E01000924,5km to less than 10km,53,227,-174
E01000924,60km and over,4,16,-12
E01000924,Less than 2km,56,100,-44
E01000924,"Works mainly at an offshore installation, in no fixed place, or outside the UK",64,110,-46
E01000924,Works mainly from home,595,115,480
E01000925,10km to less than 20km,10,33,-23
E01000925,20km to less than 30km,3,12,-9
E01000925,2km to less than 5km,110,207,-97
E01000925,30km to less than 40km,0,2,-2
E01000925,40km to less than 60km,0,1,-1
E01000925,5km to less than 10km,72,118,-46
E01000925,60km and over,5,12,-7
E01000925,Less than 2km,68,86,-18
E01000925,"Works mainly at an offshore installation, in no fixed place, or outside the UK",83,44,39
E01000925,Works mainly from home,243,68,175
E01000926,10km to less than 20km,20,34,-14
E01000926,20km to less than 30km,3,5,-2
E01000926,2km to less than 5km,105,542,-437
E01000926,30km to less than 40km,1,4,-3
E01000926,40km to less than 60km,2,2,0
E01000926,5km to less than 10km,72,175,-103
E01000926,60km and over,8,13,-5
E01000926,Less than 2km,70,159,-89
E01000926,"Works mainly at an offshore installation, in no fixed place, or outside the UK",74,70,4
E01000926,Works mainly from home,405,99,306
E01000927,10km to less than 20km,16,45,-29
E01000927,20km to less than 30km,5,6,-1
E01000927,2km to less than 5km,94,331,-237
E01000927,30km to less than 40km,0,4,-4
E01000927,40km to less than 60km,5,8,-3
E01000927,5km to less than 10km,69,227,-158
E01000927,60km and over,4,13,-9
E01000927,Less than 2km,58,125,-67
E01000927,"Works mainly at an offshore installation, in no fixed place, or outside the UK",57,103,-46
E01000927,Works mainly from home,520,136,384
E01000928,10km to less than 20km,32,48,-16
E01000928,20km to less than 30km,4,12,-8
E01000928,2km to less than 5km,90,234,-144
E01000928,30km to less than 40km,0,3,-3
E01000928,40km to less than 60km,2,5,-3
E01000928,5km to less than 10km,93,214,-121
E01000928,60km and over,5,12,-7
E01000928,Less than 2km,85,104,-19
E01000928,"Works mainly at an offshore installation, in no fixed place, or outside the UK",77,73,4
E01000928,Works mainly from home,543,141,402
E01000929,10km to less than 20km,30,59,-29
E01000929,20km to less than 30km,3,11,-8
E01000929,2km to less than 5km,134,187,-53
E01000929,30km to less than 40km,0,2,-2
E01000929,40km to less than 60km,0,3,-3
E01000929,5km to less than 10km,99,138,-39
E01000929,60km and over,2,6,-4
E01000929,Less than 2km,55,97,-42
E01000929,"Works mainly at an offshore installation, in no fixed place, or outside the UK",133,55,78
E01000929,Works mainly from home,287,83,204
E01000930,10km to less than 20km,38,59,-21
E01000930,20km to less than 30km,6,9,-3
E01000930,2km to less than 5km,165,261,-96
E01000930,30km to less than 40km,3,1,2
E01000930,40km to less than 60km,2,4,-2
E01000930,5km to less than 10km,90,245,-155
E01000930,60km and over,8,13,-5
E01000930,Less than 2km,66,70,-4
E01000930,"Works mainly at an offshore installation, in no fixed place, or outside the UK",125,58,67
E01000930,Works mainly from home,356,94,262
E01000931,10km to less than 20km,54,74,-20
E01000931,20km to less than 30km,7,8,-1
E01000931,2km to less than 5km,146,215,-69
E01000931,30km to less than 40km,3,1,2
E01000931,40km to less than 60km,1,2,-1
E01000931,5km to less than 10km,165,371,-206
E01000931,60km and over,2,8,-6
E01000931,Less than 2km,74,77,-3
E01000931,"Works mainly at an offshore installation, in no fixed place, or outside the UK",125,71,54
E01000931,Works mainly from home,370,70,300
E01000932,10km to less than 20km,38,123,-85
E01000932,20km to less than 30km,4,11,-7
E01000932,2km to less than 5km,104,224,-120
E01000932,30km to less than 40km,1,9,-8
E01000932,40km to less than 60km,2,8,-6
E01000932,5km to less than 10km,119,540,-421
E01000932,60km and over,5,22,-17
E01000932,Less than 2km,50,83,-33
E01000932,"Works mainly at an offshore installation, in no fixed place, or outside the UK",92,98,-6
E01000932,Works mainly from home,671,105,566
E01000933,10km to less than 20km,34,93,-59
E01000933,20km to less than 30km,4,20,-16
E01000933,2km to less than 5km,110,258,-148
E01000933,30km to less than 40km,2,5,-3
E01000933,40km to less than 60km,1,6,-5
E01000933,5km to less than 10km,100,364,-264
E01000933,60km and over,3,15,-12
E01000933,Less than 2km,47,68,-21
E01000933,"Works mainly at an offshore installation, in no fixed place, or outside the UK",98,75,23
E01000933,Works mainly from home,548,133,415
E01000934,10km to less than 20km,25,35,-10
E01000934,20km to less than 30km,5,8,-3
E01000934,2km to less than 5km,97,214,-117
E01000934,30km to less than 40km,3,3,0
E01000934,40km to less than 60km,1,4,-3
E01000934,5km to less than 10km,76,161,-85
E01000934,60km and over,10,10,0
E01000934,Less than 2km,61,100,-39
E01000934,"Works mainly at an offshore installation, in no fixed place, or outside the UK",90,66,24
E01000934,Works mainly from home,278,62,216
E01000935,10km to less than 20km,32,34,-2
E01000935,20km to less than 30km,6,6,0
E01000935,2km to less than 5km,135,182,-47
E01000935,30km to less than 40km,0,1,-1
E01000935,40km to less than 60km,0,6,-6
E01000935,5km to less than 10km,61,165,-104
E01000935,60km and over,2,7,-5
E01000935,Less than 2km,66,84,-18
E01000935,"Works mainly at an offshore installation, in no fixed place, or outside the UK",139,59,80
E01000935,Works mainly from home,261,50,211
E01000937,10km to less than 20km,12,16,-4
E01000937,20km to less than 30km,2,7,-5
E01000937,2km to less than 5km,47,118,-71
E01000937,30km to less than 40km,0,3,-3
E01000937,40km to less than 60km,4,10,-6
E01000937,5km to less than 10km,17,35,-18
E01000937,60km and over,1,15,-14
E01000937,Less than 2km,66,205,-139
E01000937,"Works mainly at an offshore installation, in no fixed place, or outside the UK",29,35,-6
E01000937,Works mainly from home,190,69,121
E01000938,10km to less than 20km,22,35,-13
E01000938,20km to less than 30km,6,8,-2
E01000938,2km to less than 5km,87,242,-155
E01000938,30km to less than 40km,1,4,-3
E01000938,40km to less than 60km,3,2,1
E01000938,5km to less than 10km,36,96,-60
E01000938,60km and over,9,7,2
E01000938,Less than 2km,85,244,-159
E01000938,"Works mainly at an offshore installation, in no fixed place, or outside the UK",77,76,1
E01000938,Works mainly from home,282,87,195
E01000939,10km to less than 20km,19,19,0
E01000939,20km to less than 30km,4,8,-4
E01000939,2km to less than 5km,74,98,-24
E01000939,30km to less than 40km,1,2,-1
E01000939,40km to less than 60km,3,5,-2
E01000939,5km to less than 10km,35,50,-15
E01000939,60km and over,7,4,3
E01000939,Less than 2km,100,119,-19
E01000939,"Works mainly at an offshore installation, in no fixed place, or outside the UK",94,45,49
E01000939,Works mainly from home,171,41,130
E01000941,10km to less than 20km,16,26,-10
E01000941,20km to less than 30km,3,4,-1
E01000941,2km to less than 5km,65,117,-52
E01000941,30km to less than 40km,4,1,3
E01000941,40km to less than 60km,0,5,-5
E01000941,5km to less than 10km,37,50,-13
E01000941,60km and over,3,10,-7
E01000941,Less than 2km,86,157,-71
E01000941,"Works mainly at an offshore installation, in no fixed place, or outside the UK",74,55,19
E01000941,Works mainly from home,155,51,104
E01000942,10km to less than 20km,6,25,-19
E01000942,20km to less than 30km,5,10,-5
E01000942,2km to less than 5km,52,193,-141
E01000942,30km to less than 40km,0,7,-7
E01000942,40km to less than 60km,1,5,-4
E01000942,5km to less than 10km,29,71,-42
E01000942,60km and over,5,16,-11
E01000942,Less than 2km,61,199,-138
E01000942,"Works mainly at an offshore installation, in no fixed place, or outside the UK",47,72,-25
E01000942,Works mainly from home,230,96,134
E01000943,10km to less than 20km,10,18,-8
E01000943,20km to less than 30km,5,2,3
E01000943,2km to less than 5km,49,118,-69
E01000943,30km to less than 40km,1,1,0
E01000943,40km to less than 60km,1,1,0
E01000943,5km to less than 10km,22,50,-28
E01000943,60km and over,1,14,-13
E01000943,Less than 2km,63,184,-121
E01000943,"Works mainly at an offshore installation, in no fixed place, or outside the UK",56,54,2
E01000943,Works mainly from home,242,57,185
E01000944,10km to less than 20km,22,24,-2
E01000944,20km to less than 30km,5,11,-6
E01000944,2km to less than 5km,98,179,-81
E01000944,30km to less than 40km,3,5,-2
E01000944,40km to less than 60km,3,6,-3
E01000944,5km to less than 10km,35,45,-10
E01000944,60km and over,5,9,-4
E01000944,Less than 2km,88,166,-78
E01000944,"Works mainly at an offshore installation, in no fixed place, or outside the UK",80,77,3
E01000944,Works mainly from home,212,42,170
E01000946,10km to less than 20km,13,25,-12
E01000946,20km to less than 30km,2,9,-7
E01000946,2km to less than 5km,130,263,-133
E01000946,30km to less than 40km,2,1,1
E01000946,40km to less than 60km,1,3,-2
E01000946,5km to less than 10km,34,68,-34
E01000946,60km and over,8,4,4
E01000946,Less than 2km,110,222,-112
E01000946,"Works mainly at an offshore installation, in no fixed place, or outside the UK",74,60,14
E01000946,Works mainly from home,383,101,282
E01000947,10km to less than 20km,25,70,-45
E01000947,20km to less than 30km,7,8,-1
E01000947,2km to less than 5km,118,368,-250
E01000947,30km to less than 40km,0,5,-5
E01000947,40km to less than 60km,2,8,-6
E01000947,5km to less than 10km,52,124,-72
E01000947,60km and over,5,15,-10
E01000947,Less than 2km,97,227,-130
E01000947,"Works mainly at an offshore installation, in no fixed place, or outside the UK",81,78,3
E01000947,Works mainly from home,448,111,337
E01000948,10km to less than 20km,16,36,-20
E01000948,20km to less than 30km,5,8,-3
E01000948,2km to less than 5km,102,360,-258
E01000948,30km to less than 40km,0,2,-2
E01000948,40km to less than 60km,1,5,-4
E01000948,5km to less than 10km,39,80,-41
E01000948,60km and over,8,9,-1
E01000948,Less than 2km,75,189,-114
E01000948,"Works mainly at an offshore installation, in no fixed place, or outside the UK",85,71,14
E01000948,Works mainly from home,429,145,284
E01000949,10km to less than 20km,30,39,-9
E01000949,20km to less than 30km,4,13,-9
E01000949,2km to less than 5km,158,274,-116
E01000949,30km to less than 40km,3,1,2
E01000949,40km to less than 60km,3,1,2
E01000949,5km to less than 10km,78,90,-12
E01000949,60km and over,4,6,-2
E01000949,Less than 2km,146,245,-99
E01000949,"Works mainly at an offshore installation, in no fixed place, or outside the UK",74,52,22
E01000949,Works mainly from home,262,28,234
E01000951,10km to less than 20km,22,29,-7
E01000951,20km to less than 30km,4,10,-6
E01000951,2km to less than 5km,81,152,-71
E01000951,30km to less than 40km,2,1,1
E01000951,40km to less than 60km,0,1,-1
E01000951,5km to less than 10km,45,52,-7
E01000951,60km and over,3,8,-5
E01000951,Less than 2km,120,157,-37
E01000951,"Works mainly at an offshore installation, in no fixed place, or outside the UK",102,55,47
E01000951,Works mainly from home,163,32,131
E01000952,10km to less than 20km,22,33,-11
E01000952,20km to less than 30km,6,6,0
E01000952,2km to less than 5km,110,233,-123
E01000952,30km to less than 40km,2,3,-1
E01000952,40km to less than 60km,3,2,1
E01000952,5km to less than 10km,47,81,-34
E01000952,60km and over,6,6,0
E01000952,Less than 2km,124,166,-42
E01000952,"Works mainly at an offshore installation, in no fixed place, or outside the UK",101,53,48
E01000952,Works mainly from home,253,71,182
E01000954,10km to less than 20km,21,21,0
E01000954,20km to less than 30km,6,9,-3
E01000954,2km to less than 5km,105,203,-98
E01000954,30km to less than 40km,4,4,0
E01000954,40km to less than 60km,5,2,3
E01000954,5km to less than 10km,42,50,-8
E01000954,60km and over,2,3,-1
E01000954,Less than 2km,115,154,-39
E01000954,"Works mainly at an offshore installation, in no fixed place, or outside the UK",91,56,35
E01000954,Works mainly from home,159,25,134
E01000955,10km to less than 20km,10,22,-12
E01000955,20km to less than 30km,5,5,0
E01000955,2km to less than 5km,78,159,-81
E01000955,30km to less than 40km,4,1,3
E01000955,40km to less than 60km,2,1,1
E01000955,5km to less than 10km,30,63,-33
E01000955,60km and over,2,3,-1
E01000955,Less than 2km,91,205,-114
E01000955,"Works mainly at an offshore installation, in no fixed place, or outside the UK",108,34,74
E01000955,Works mainly from home,146,30,116
E01000956,10km to less than 20km,11,23,-12
E01000956,20km to less than 30km,2,4,-2
E01000956,2km to less than 5km,92,163,-71
E01000956,30km to less than 40km,2,2,0
E01000956,40km to less than 60km,2,7,-5
E01000956,5km to less than 10km,38,57,-19
E01000956,60km and over,1,8,-7
E01000956,Less than 2km,116,199,-83
E01000956,"Works mainly at an offshore installation, in no fixed place, or outside the UK",70,59,11
E01000956,Works mainly from home,237,64,173
E01000957,10km to less than 20km,20,43,-23
E01000957,20km to less than 30km,2,8,-6
E01000957,2km to less than 5km,104,324,-220
E01000957,30km to less than 40km,2,7,-5
E01000957,40km to less than 60km,1,5,-4
E01000957,5km to less than 10km,58,124,-66
E01000957,60km and over,3,11,-8
E01000957,Less than 2km,66,141,-75
E01000957,"Works mainly at an offshore installation, in no fixed place, or outside the UK",70,78,-8
E01000957,Works mainly from home,388,88,300
E01000958,10km to less than 20km,27,54,-27
E01000958,20km to less than 30km,6,16,-10
E01000958,2km to less than 5km,175,379,-204
E01000958,30km to less than 40km,1,6,-5
E01000958,40km to less than 60km,10,4,6
E01000958,5km to less than 10km,88,131,-43
E01000958,60km and over,8,14,-6
E01000958,Less than 2km,129,196,-67
E01000958,"Works mainly at an offshore installation, in no fixed place, or outside the UK",116,104,12
E01000958,Works mainly from home,541,65,476
E01000959,10km to less than 20km,20,24,-4
E01000959,20km to less than 30km,5,9,-4
E01000959,2km to less than 5km,106,204,-98
E01000959,30km to less than 40km,0,3,-3
E01000959,40km to less than 60km,4,2,2
E01000959,5km to less than 10km,54,81,-27
E01000959,60km and over,6,11,-5
E01000959,Less than 2km,106,140,-34
E01000959,"Works mainly at an offshore installation, in no fixed place, or outside the UK",92,79,13
E01000959,Works mainly from home,229,49,180
E01000960,10km to less than 20km,39,83,-44
E01000960,20km to less than 30km,5,22,-17
E01000960,2km to less than 5km,102,207,-105
E01000960,30km to less than 40km,0,3,-3
E01000960,40km to less than 60km,2,2,0
E01000960,5km to less than 10km,82,330,-248
E01000960,60km and over,6,8,-2
E01000960,Less than 2km,54,76,-22
E01000960,"Works mainly at an offshore installation, in no fixed place, or outside the UK",51,78,-27
E01000960,Works mainly from home,686,117,569
E01000961,10km to less than 20km,23,51,-28
E01000961,20km to less than 30km,7,9,-2
E01000961,2km to less than 5km,116,195,-79
E01000961,30km to less than 40km,3,2,1
E01000961,40km to less than 60km,4,2,2
E01000961,5km to less than 10km,88,154,-66
E01000961,60km and over,7,10,-3
E01000961,Less than 2km,59,79,-20
E01000961,"Works mainly at an offshore installation, in no fixed place, or outside the UK",87,44,43
E01000961,Works mainly from home,398,76,322
E01000962,10km to less than 20km,38,121,-83
E01000962,20km to less than 30km,3,21,-18
E01000962,2km to less than 5km,106,213,-107
E01000962,30km to less than 40km,0,2,-2
E01000962,40km to less than 60km,0,11,-11
E01000962,5km to less than 10km,68,432,-364
E01000962,60km and over,4,15,-11
E01000962,Less than 2km,32,83,-51
E01000962,"Works mainly at an offshore installation, in no fixed place, or outside the UK",37,72,-35
E01000962,Works mainly from home,718,106,612
E01000963,10km to less than 20km,20,67,-47
E01000963,20km to less than 30km,0,13,-13
E01000963,2km to less than 5km,87,223,-136
E01000963,30km to less than 40km,2,5,-3
E01000963,40km to less than 60km,1,7,-6
E01000963,5km to less than 10km,59,264,-205
E01000963,60km and over,6,12,-6
E01000963,Less than 2km,47,61,-14
E01000963,"Works mainly at an offshore installation, in no fixed place, or outside the UK",49,57,-8
E01000963,Works mainly from home,591,144,447
E01000964,10km to less than 20km,36,85,-49
E01000964,20km to less than 30km,4,20,-16
E01000964,2km to less than 5km,71,129,-58
E01000964,30km to less than 40km,1,5,-4
E01000964,40km to less than 60km,2,3,-1
E01000964,5km to less than 10km,117,340,-223
E01000964,60km and over,0,8,-8
E01000964,Less than 2km,49,83,-34
E01000964,"Works mainly at an offshore installation, in no fixed place, or outside the UK",70,68,2
E01000964,Works mainly from home,572,101,471
E01000965,10km to less than 20km,29,81,-52
E01000965,20km to less than 30km,4,26,-22
E01000965,2km to less than 5km,91,206,-115
E01000965,30km to less than 40km,0,1,-1
E01000965,40km to less than 60km,4,8,-4
E01000965,5km to less than 10km,97,394,-297
E01000965,60km and over,1,10,-9
E01000965,Less than 2km,40,59,-19
E01000965,"Works mainly at an offshore installation, in no fixed place, or outside the UK",75,62,13
E01000965,Works mainly from home,636,81,555
E01000966,10km to less than 20km,32,99,-67
E01000966,20km to less than 30km,5,21,-16
E01000966,2km to less than 5km,80,217,-137
E01000966,30km to less than 40km,0,9,-9
E01000966,40km to less than 60km,1,5,-4
E01000966,5km to less than 10km,83,379,-296
E01000966,60km and over,2,17,-15
E01000966,Less than 2km,32,64,-32
E01000966,"Works mainly at an offshore installation, in no fixed place, or outside the UK",37,53,-16
E01000966,Works mainly from home,728,133,595
E01000967,10km to less than 20km,16,44,-28
E01000967,20km to less than 30km,5,5,0
E01000967,2km to less than 5km,86,207,-121
E01000967,30km to less than 40km,1,4,-3
E01000967,40km to less than 60km,2,3,-1
E01000967,5km to less than 10km,55,152,-97
E01000967,60km and over,1,9,-8
E01000967,Less than 2km,53,73,-20
E01000967,"Works mainly at an offshore installation, in no fixed place, or outside the UK",50,51,-1
E01000967,Works mainly from home,443,136,307
E01000968,10km to less than 20km,25,93,-68
E01000968,20km to less than 30km,2,19,-17
E01000968,2km to less than 5km,93,168,-75
E01000968,30km to less than 40km,0,10,-10
E01000968,40km to less than 60km,4,7,-3
E01000968,5km to less than 10km,91,467,-376
E01000968,60km and over,1,9,-8
E01000968,Less than 2km,23,49,-26
E01000968,"Works mainly at an offshore installation, in no fixed place, or outside the UK",55,61,-6
E01000968,Works mainly from home,638,90,548
E01000969,10km to less than 20km,37,142,-105
E01000969,20km to less than 30km,7,29,-22
E01000969,2km to less than 5km,53,173,-120
E01000969,30km to less than 40km,3,15,-12
E01000969,40km to less than 60km,5,8,-3
E01000969,5km to less than 10km,128,683,-555
E01000969,60km and over,4,12,-8
E01000969,Less than 2km,52,70,-18
E01000969,"Works mainly at an offshore installation, in no fixed place, or outside the UK",53,128,-75
E01000969,Works mainly from home,837,109,728
E01000970,10km to less than 20km,26,107,-81
E01000970,20km to less than 30km,6,21,-15
E01000970,2km to less than 5km,64,148,-84
E01000970,30km to less than 40km,4,8,-4
E01000970,40km to less than 60km,9,5,4
E01000970,5km to less than 10km,122,571,-449
E01000970,60km and over,3,12,-9
E01000970,Less than 2km,22,60,-38
E01000970,"Works mainly at an offshore installation, in no fixed place, or outside the UK",44,80,-36
E01000970,Works mainly from home,680,86,594
E01000971,10km to less than 20km,30,88,-58
E01000971,20km to less than 30km,5,18,-13
E01000971,2km to less than 5km,49,109,-60
E01000971,30km to less than 40km,3,10,-7
E01000971,40km to less than 60km,0,4,-4
E01000971,5km to less than 10km,89,425,-336
E01000971,60km and over,2,12,-10
E01000971,Less than 2km,28,62,-34
E01000971,"Works mainly at an offshore installation, in no fixed place, or outside the UK",35,74,-39
E01000971,Works mainly from home,507,101,406
E01000972,10km to less than 20km,44,85,-41
E01000972,20km to less than 30km,10,25,-15
E01000972,2km to less than 5km,104,197,-93
E01000972,30km to less than 40km,3,4,-1
E01000972,40km to less than 60km,2,9,-7
E01000972,5km to less than 10km,135,381,-246
E01000972,60km and over,6,12,-6
E01000972,Less than 2km,79,92,-13
E01000972,"Works mainly at an offshore installation, in no fixed place, or outside the UK",116,96,20
E01000972,Works mainly from home,472,84,388
E01000973,10km to less than 20km,53,101,-48
E01000973,20km to less than 30km,9,20,-11
E01000973,2km to less than 5km,114,181,-67
E01000973,30km to less than 40km,5,8,-3
E01000973,40km to less than 60km,3,9,-6
E01000973,5km to less than 10km,178,538,-360
E01000973,60km and over,8,11,-3
E01000973,Less than 2km,68,86,-18
E01000973,"Works mainly at an offshore installation, in no fixed place, or outside the UK",96,101,-5
E01000973,Works mainly from home,921,94,827
E01000974,10km to less than 20km,26,80,-54
E01000974,20km to less than 30km,8,11,-3
E01000974,2km to less than 5km,96,143,-47
E01000974,30km to less than 40km,0,10,-10
E01000974,40km to less than 60km,0,4,-4
E01000974,5km to less than 10km,149,432,-283
E01000974,60km and over,1,12,-11
E01000974,Less than 2km,45,95,-50
E01000974,"Works mainly at an offshore installation, in no fixed place, or outside the UK",73,79,-6
E01000974,Works mainly from home,452,74,378
E01000975,10km to less than 20km,196,384,-188
E01000975,20km to less than 30km,19,29,-10
E01000975,2km to less than 5km,103,82,21
E01000975,30km to less than 40km,10,11,-1
E01000975,40km to less than 60km,5,9,-4
E01000975,5km to less than 10km,105,81,24
E01000975,60km and over,9,17,-8
E01000975,Less than 2km,128,146,-18
E01000975,"Works mainly at an offshore installation, in no fixed place, or outside the UK",162,84,78
E01000975,Works mainly from home,624,92,532
E01000976,10km to less than 20km,168,334,-166
E01000976,20km to less than 30km,19,43,-24
E01000976,2km to less than 5km,87,83,4
E01000976,30km to less than 40km,6,17,-11
E01000976,40km to less than 60km,4,4,0
E01000976,5km to less than 10km,115,106,9
E01000976,60km and over,9,23,-14
E01000976,Less than 2km,103,175,-72
E01000976,"Works mainly at an offshore installation, in no fixed place, or outside the UK",189,103,86
E01000976,Works mainly from home,424,97,327
E01000977,10km to less than 20km,137,338,-201
E01000977,20km to less than 30km,23,34,-11
E01000977,2km to less than 5km,93,104,-11
E01000977,30km to less than 40km,11,12,-1
E01000977,40km to less than 60km,3,9,-6
E01000977,5km to less than 10km,84,84,0
E01000977,60km and over,3,13,-10
E01000977,Less than 2km,77,134,-57
E01000977,"Works mainly at an offshore installation, in no fixed place, or outside the UK",167,92,75
E01000977,Works mainly from home,338,62,276
E01000978,10km to less than 20km,152,431,-279
E01000978,20km to less than 30km,37,47,-10
E01000978,2km to less than 5km,88,100,-12
E01000978,30km to less than 40km,4,23,-19
E01000978,40km to less than 60km,3,3,0
E01000978,5km to less than 10km,73,98,-25
E01000978,60km and over,2,22,-20
E01000978,Less than 2km,63,155,-92
E01000978,"Works mainly at an offshore installation, in no fixed place, or outside the UK",121,77,44
E01000978,Works mainly from home,396,75,321
E01000979,10km to less than 20km,132,433,-301
E01000979,20km to less than 30km,9,47,-38
E01000979,2km to less than 5km,88,93,-5
E01000979,30km to less than 40km,1,11,-10
E01000979,40km to less than 60km,7,3,4
E01000979,5km to less than 10km,77,97,-20
E01000979,60km and over,6,11,-5
E01000979,Less than 2km,77,155,-78
E01000979,"Works mainly at an offshore installation, in no fixed place, or outside the UK",145,88,57
E01000979,Works mainly from home,472,87,385
E01000980,10km to less than 20km,81,230,-149
E01000980,20km to less than 30km,11,28,-17
E01000980,2km to less than 5km,90,114,-24
E01000980,30km to less than 40km,5,7,-2
E01000980,40km to less than 60km,5,5,0
E01000980,5km to less than 10km,78,73,5
E01000980,60km and over,2,7,-5
E01000980,Less than 2km,69,141,-72
E01000980,"Works mainly at an offshore installation, in no fixed place, or outside the UK",101,59,42
E01000980,Works mainly from home,276,57,219
E01000981,10km to less than 20km,100,282,-182
E01000981,20km to less than 30km,21,34,-13
E01000981,2km to less than 5km,127,141,-14
E01000981,30km to less than 40km,7,10,-3
E01000981,40km to less than 60km,1,7,-6
E01000981,5km to less than 10km,92,99,-7
E01000981,60km and over,6,9,-3
E01000981,Less than 2km,62,135,-73
E01000981,"Works mainly at an offshore installation, in no fixed place, or outside the UK",149,79,70
E01000981,Works mainly from home,359,57,302
E01000982,10km to less than 20km,89,271,-182
E01000982,20km to less than 30km,14,38,-24
E01000982,2km to less than 5km,76,110,-34
E01000982,30km to less than 40km,3,13,-10
E01000982,40km to less than 60km,4,4,0
E01000982,5km to less than 10km,102,105,-3
E01000982,60km and over,6,15,-9
E01000982,Less than 2km,72,166,-94
E01000982,"Works mainly at an offshore installation, in no fixed place, or outside the UK",148,77,71
E01000982,Works mainly from home,385,54,331
E01000983,10km to less than 20km,125,306,-181
E01000983,20km to less than 30km,14,43,-29
E01000983,2km to less than 5km,100,155,-55
E01000983,30km to less than 40km,7,15,-8
E01000983,40km to less than 60km,7,10,-3
E01000983,5km to less than 10km,92,92,0
E01000983,60km and over,5,14,-9
E01000983,Less than 2km,87,163,-76
E01000983,"Works mainly at an offshore installation, in no fixed place, or outside the UK",170,85,85
E01000983,Works mainly from home,452,70,382
E01000984,10km to less than 20km,113,280,-167
E01000984,20km to less than 30km,11,38,-27
E01000984,2km to less than 5km,92,75,17
E01000984,30km to less than 40km,5,16,-11
E01000984,40km to less than 60km,12,3,9
E01000984,5km to less than 10km,109,122,-13
E01000984,60km and over,7,14,-7
E01000984,Less than 2km,83,178,-95
E01000984,"Works mainly at an offshore installation, in no fixed place, or outside the UK",109,67,42
E01000984,Works mainly from home,344,68,276
E01000985,10km to less than 20km,75,207,-132
E01000985,20km to less than 30km,14,30,-16
E01000985,2km to less than 5km,93,148,-55
E01000985,30km to less than 40km,6,3,3
E01000985,40km to less than 60km,2,5,-3
E01000985,5km to less than 10km,51,84,-33
E01000985,60km and over,5,18,-13
E01000985,Less than 2km,37,90,-53
E01000985,"Works mainly at an offshore installation, in no fixed place, or outside the UK",96,92,4
E01000985,Works mainly from home,313,70,243
E01000986,10km to less than 20km,105,272,-167
E01000986,20km to less than 30km,9,39,-30
E01000986,2km to less than 5km,103,135,-32
E01000986,30km to less than 40km,4,11,-7
E01000986,40km to less than 60km,6,8,-2
E01000986,5km to less than 10km,74,80,-6
E01000986,60km and over,2,10,-8
E01000986,Less than 2km,41,114,-73
E01000986,"Works mainly at an offshore installation, in no fixed place, or outside the UK",98,97,1
E01000986,Works mainly from home,406,101,305
E01000987,10km to less than 20km,86,223,-137
E01000987,20km to less than 30km,16,27,-11
E01000987,2km to less than 5km,93,156,-63
E01000987,30km to less than 40km,8,6,2
E01000987,40km to less than 60km,3,8,-5
E01000987,5km to less than 10km,69,90,-21
E01000987,60km and over,5,12,-7
E01000987,Less than 2km,35,100,-65
E01000987,"Works mainly at an offshore installation, in no fixed place, or outside the UK",87,80,7
E01000987,Works mainly from home,331,76,255
E01000989,10km to less than 20km,93,235,-142
E01000989,20km to less than 30km,5,22,-17
E01000989,2km to less than 5km,133,195,-62
E01000989,30km to less than 40km,5,9,-4
E01000989,40km to less than 60km,9,7,2
E01000989,5km to less than 10km,93,150,-57
E01000989,60km and over,5,9,-4
E01000989,Less than 2km,71,98,-27
E01000989,"Works mainly at an offshore installation, in no fixed place, or outside the UK",155,97,58
E01000989,Works mainly from home,329,75,254
E01000990,10km to less than 20km,66,110,-44
E01000990,20km to less than 30km,8,15,-7
E01000990,2km to less than 5km,109,133,-24
E01000990,30km to less than 40km,5,7,-2
E01000990,40km to less than 60km,0,2,-2
E01000990,5km to less than 10km,89,109,-20
E01000990,60km and over,6,10,-4
E01000990,Less than 2km,42,68,-26
E01000990,"Works mainly at an offshore installation, in no fixed place, or outside the UK",99,63,36
E01000990,Works mainly from home,151,50,101
E01000991,10km to less than 20km,101,247,-146
E01000991,20km to less than 30km,11,31,-20
E01000991,2km to less than 5km,113,174,-61
E01000991,30km to less than 40km,12,11,1
E01000991,40km to less than 60km,3,10,-7
E01000991,5km to less than 10km,93,105,-12
E01000991,60km and over,5,20,-15
E01000991,Less than 2km,38,75,-37
E01000991,"Works mainly at an offshore installation, in no fixed place, or outside the UK",122,87,35
E01000991,Works mainly from home,333,92,241
E01000992,10km to less than 20km,120,227,-107
E01000992,20km to less than 30km,19,29,-10
E01000992,2km to less than 5km,142,202,-60
E01000992,30km to less than 40km,3,11,-8
E01000992,40km to less than 60km,5,6,-1
E01000992,5km to less than 10km,104,108,-4
E01000992,60km and over,11,10,1
E01000992,Less than 2km,51,88,-37
E01000992,"Works mainly at an offshore installation, in no fixed place, or outside the UK",152,99,53
E01000992,Works mainly from home,300,67,233
E01000993,10km to less than 20km,87,229,-142
E01000993,20km to less than 30km,15,26,-11
E01000993,2km to less than 5km,121,167,-46
E01000993,30km to less than 40km,7,11,-4
E01000993,40km to less than 60km,4,7,-3
E01000993,5km to less than 10km,91,94,-3
E01000993,60km and over,5,18,-13
E01000993,Less than 2km,52,125,-73
E01000993,"Works mainly at an offshore installation, in no fixed place, or outside the UK",104,83,21
E01000993,Works mainly from home,337,74,263
E01000994,10km to less than 20km,90,171,-81
E01000994,20km to less than 30km,12,12,0
E01000994,2km to less than 5km,87,161,-74
E01000994,30km to less than 40km,2,8,-6
E01000994,40km to less than 60km,3,7,-4
E01000994,5km to less than 10km,109,149,-40
E01000994,60km and over,5,4,1
E01000994,Less than 2km,61,72,-11
E01000994,"Works mainly at an offshore installation, in no fixed place, or outside the UK",141,79,62
E01000994,Works mainly from home,241,53,188
E01000995,10km to less than 20km,114,186,-72
E01000995,20km to less than 30km,7,23,-16
E01000995,2km to less than 5km,102,119,-17
E01000995,30km to less than 40km,5,5,0
E01000995,40km to less than 60km,6,4,2
E01000995,5km to less than 10km,100,117,-17
E01000995,60km and over,5,12,-7
E01000995,Less than 2km,69,102,-33
E01000995,"Works mainly at an offshore installation, in no fixed place, or outside the UK",158,82,76
E01000995,Works mainly from home,227,59,168
E01000996,10km to less than 20km,59,143,-84
E01000996,20km to less than 30km,11,25,-14
E01000996,2km to less than 5km,93,121,-28
E01000996,30km to less than 40km,3,7,-4
E01000996,40km to less than 60km,2,4,-2
E01000996,5km to less than 10km,88,133,-45
E01000996,60km and over,2,12,-10
E01000996,Less than 2km,46,91,-45
E01000996,"Works mainly at an offshore installation, in no fixed place, or outside the UK",125,55,70
E01000996,Works mainly from home,209,39,170
E01000997,10km to less than 20km,92,153,-61
E01000997,20km to less than 30km,11,29,-18
E01000997,2km to less than 5km,95,90,5
E01000997,30km to less than 40km,4,7,-3
E01000997,40km to less than 60km,2,4,-2
E01000997,5km to less than 10km,108,119,-11
E01000997,60km and over,7,7,0
E01000997,Less than 2km,35,99,-64
E01000997,"Works mainly at an offshore installation, in no fixed place, or outside the UK",136,68,68
E01000997,Works mainly from home,162,49,113
E01000998,10km to less than 20km,101,216,-115
E01000998,20km to less than 30km,9,13,-4
E01000998,2km to less than 5km,84,109,-25
E01000998,30km to less than 40km,4,8,-4
E01000998,40km to less than 60km,2,6,-4
E01000998,5km to less than 10km,98,142,-44
E01000998,60km and over,7,10,-3
E01000998,Less than 2km,52,83,-31
E01000998,"Works mainly at an offshore installation, in no fixed place, or outside the UK",163,88,75
E01000998,Works mainly from home,197,59,138
E01000999,10km to less than 20km,82,132,-50
E01000999,20km to less than 30km,11,21,-10
E01000999,2km to less than 5km,96,147,-51
E01000999,30km to less than 40km,2,8,-6
E01000999,40km to less than 60km,1,6,-5
E01000999,5km to less than 10km,85,118,-33
E01000999,60km and over,4,9,-5
E01000999,Less than 2km,60,100,-40
E01000999,"Works mainly at an offshore installation, in no fixed place, or outside the UK",83,60,23
E01000999,Works mainly from home,172,42,130
E01001000,10km to less than 20km,82,166,-84
E01001000,20km to less than 30km,11,9,2
E01001000,2km to less than 5km,101,101,0
E01001000,30km to less than 40km,1,3,-2
E01001000,40km to less than 60km,0,3,-3
E01001000,5km to less than 10km,92,107,-15
E01001000,60km and over,6,15,-9
E01001000,Less than 2km,64,86,-22
E01001000,"Works mainly at an offshore installation, in no fixed place, or outside the UK",145,82,63
E01001000,Works mainly from home,156,45,111
E01001001,10km to less than 20km,86,142,-56
E01001001,20km to less than 30km,10,14,-4
E01001001,2km to less than 5km,72,84,-12
E01001001,30km to less than 40km,4,7,-3
E01001001,40km to less than 60km,4,3,1
E01001001,5km to less than 10km,109,95,14
E01001001,60km and over,4,5,-1
E01001001,Less than 2km,66,66,0
E01001001,"Works mainly at an offshore installation, in no fixed place, or outside the UK",141,56,85
E01001001,Works mainly from home,155,37,118
E01001002,10km to less than 20km,105,147,-42
E01001002,20km to less than 30km,9,14,-5
E01001002,2km to less than 5km,66,98,-32
E01001002,30km to less than 40km,3,10,-7
E01001002,40km to less than 60km,2,4,-2
E01001002,5km to less than 10km,108,127,-19
E01001002,60km and over,4,7,-3
E01001002,Less than 2km,89,106,-17
E01001002,"Works mainly at an offshore installation, in no fixed place, or outside the UK",130,70,60
E01001002,Works mainly from home,170,44,126
E01001003,10km to less than 20km,119,178,-59
E01001003,20km to less than 30km,14,22,-8
E01001003,2km to less than 5km,92,107,-15
E01001003,30km to less than 40km,2,7,-5
E01001003,40km to less than 60km,0,8,-8
E01001003,5km to less than 10km,113,118,-5
E01001003,60km and over,3,9,-6
E01001003,Less than 2km,95,146,-51
E01001003,"Works mainly at an offshore installation, in no fixed place, or outside the UK",145,76,69
E01001003,Works mainly from home,172,65,107
E01001004,10km to less than 20km,145,264,-119
E01001004,20km to less than 30km,21,31,-10
E01001004,2km to less than 5km,135,126,9
E01001004,30km to less than 40km,5,11,-6
E01001004,40km to less than 60km,3,10,-7
E01001004,5km to less than 10km,159,160,-1
E01001004,60km and over,4,11,-7
E01001004,Less than 2km,133,165,-32
E01001004,"Works mainly at an offshore installation, in no fixed place, or outside the UK",164,87,77
E01001004,Works mainly from home,285,71,214
E01001005,10km to less than 20km,103,139,-36
E01001005,20km to less than 30km,21,31,-10
E01001005,2km to less than 5km,83,76,7
E01001005,30km to less than 40km,5,5,0
E01001005,40km to less than 60km,2,10,-8
E01001005,5km to less than 10km,110,126,-16
E01001005,60km and over,11,13,-2
E01001005,Less than 2km,191,210,-19
E01001005,"Works mainly at an offshore installation, in no fixed place, or outside the UK",143,62,81
E01001005,Works mainly from home,161,75,86
E01001006,10km to less than 20km,115,175,-60
E01001006,20km to less than 30km,13,26,-13
E01001006,2km to less than 5km,113,130,-17
E01001006,30km to less than 40km,0,10,-10
E01001006,40km to less than 60km,3,5,-2
E01001006,5km to less than 10km,129,89,40
E01001006,60km and over,6,17,-11
E01001006,Less than 2km,89,122,-33
E01001006,"Works mainly at an offshore installation, in no fixed place, or outside the UK",125,73,52
E01001006,Works mainly from home,260,45,215
E01001007,10km to less than 20km,103,195,-92
E01001007,20km to less than 30km,23,19,4
E01001007,2km to less than 5km,160,160,0
E01001007,30km to less than 40km,5,8,-3
E01001007,40km to less than 60km,4,3,1
E01001007,5km to less than 10km,168,155,13
E01001007,60km and over,14,14,0
E01001007,Less than 2km,96,158,-62
E01001007,"Works mainly at an offshore installation, in no fixed place, or outside the UK",159,69,90
E01001007,Works mainly from home,209,63,146
E01001008,10km to less than 20km,80,169,-89
E01001008,20km to less than 30km,13,27,-14
E01001008,2km to less than 5km,97,92,5
E01001008,30km to less than 40km,0,5,-5
E01001008,40km to less than 60km,3,7,-4
E01001008,5km to less than 10km,107,174,-67
E01001008,60km and over,3,8,-5
E01001008,Less than 2km,154,212,-58
E01001008,"Works mainly at an offshore installation, in no fixed place, or outside the UK",125,61,64
E01001008,Works mainly from home,114,53,61
E01001009,10km to less than 20km,121,138,-17
E01001009,20km to less than 30km,19,17,2
E01001009,2km to less than 5km,86,68,18
E01001009,30km to less than 40km,4,6,-2
E01001009,40km to less than 60km,3,2,1
E01001009,5km to less than 10km,141,130,11
E01001009,60km and over,7,10,-3
E01001009,Less than 2km,205,170,35
E01001009,"Works mainly at an offshore installation, in no fixed place, or outside the UK",136,57,79
E01001009,Works mainly from home,238,48,190
E01001010,10km to less than 20km,95,118,-23
E01001010,20km to less than 30km,22,24,-2
E01001010,2km to less than 5km,78,87,-9
E01001010,30km to less than 40km,5,9,-4
E01001010,40km to less than 60km,2,3,-1
E01001010,5km to less than 10km,107,102,5
E01001010,60km and over,4,13,-9
E01001010,Less than 2km,120,204,-84
E01001010,"Works mainly at an offshore installation, in no fixed place, or outside the UK",140,53,87
E01001010,Works mainly from home,177,44,133
E01001011,10km to less than 20km,125,208,-83
E01001011,20km to less than 30km,19,27,-8
E01001011,2km to less than 5km,96,85,11
E01001011,30km to less than 40km,6,5,1
E01001011,40km to less than 60km,9,1,8
E01001011,5km to less than 10km,150,171,-21
E01001011,60km and over,12,16,-4
E01001011,Less than 2km,181,233,-52
E01001011,"Works mainly at an offshore installation, in no fixed place, or outside the UK",195,69,126
E01001011,Works mainly from home,195,64,131
E01001012,10km to less than 20km,129,242,-113
E01001012,20km to less than 30km,25,29,-4
E01001012,2km to less than 5km,79,53,26
E01001012,30km to less than 40km,3,10,-7
E01001012,40km to less than 60km,6,10,-4
E01001012,5km to less than 10km,121,120,1
E01001012,60km and over,6,10,-4
E01001012,Less than 2km,168,217,-49
E01001012,"Works mainly at an offshore installation, in no fixed place, or outside the UK",209,78,131
E01001012,Works mainly from home,219,73,146
E01001013,10km to less than 20km,109,159,-50
E01001013,20km to less than 30km,14,22,-8
E01001013,2km to less than 5km,75,76,-1
E01001013,30km to less than 40km,2,2,0
E01001013,40km to less than 60km,6,2,4
E01001013,5km to less than 10km,99,111,-12
E01001013,60km and over,7,19,-12
E01001013,Less than 2km,164,202,-38
E01001013,"Works mainly at an offshore installation, in no fixed place, or outside the UK",138,88,50
E01001013,Works mainly from home,168,76,92
E01001015,10km to less than 20km,64,90,-26
E01001015,20km to less than 30km,29,132,-103
E01001015,2km to less than 5km,42,64,-22
E01001015,30km to less than 40km,7,9,-2
E01001015,40km to less than 60km,1,4,-3
E01001015,5km to less than 10km,111,156,-45
E01001015,60km and over,5,14,-9
E01001015,Less than 2km,39,74,-35
E01001015,"Works mainly at an offshore installation, in no fixed place, or outside the UK",87,59,28
E01001015,Works mainly from home,269,65,204
E01001016,10km to less than 20km,66,123,-57
E01001016,20km to less than 30km,40,149,-109
E01001016,2km to less than 5km,43,86,-43
E01001016,30km to less than 40km,3,11,-8
E01001016,40km to less than 60km,7,15,-8
E01001016,5km to less than 10km,118,170,-52
E01001016,60km and over,1,13,-12
E01001016,Less than 2km,44,87,-43
E01001016,"Works mainly at an offshore installation, in no fixed place, or outside the UK",120,72,48
E01001016,Works mainly from home,372,81,291
E01001017,10km to less than 20km,71,98,-27
E01001017,20km to less than 30km,46,188,-142
E01001017,2km to less than 5km,33,57,-24
E01001017,30km to less than 40km,6,8,-2
E01001017,40km to less than 60km,3,17,-14
E01001017,5km to less than 10km,116,190,-74
E01001017,60km and over,4,11,-7
E01001017,Less than 2km,32,62,-30
E01001017,"Works mainly at an offshore installation, in no fixed place, or outside the UK",96,79,17
E01001017,Works mainly from home,426,110,316
E01001018,10km to less than 20km,76,105,-29
E01001018,20km to less than 30km,62,146,-84
E01001018,2km to less than 5km,74,117,-43
E01001018,30km to less than 40km,7,19,-12
E01001018,40km to less than 60km,7,4,3
E01001018,5km to less than 10km,129,173,-44
E01001018,60km and over,6,8,-2
E01001018,Less than 2km,25,50,-25
E01001018,"Works mainly at an offshore installation, in no fixed place, or outside the UK",131,87,44
E01001018,Works mainly from home,308,90,218
E01001019,10km to less than 20km,49,94,-45
E01001019,20km to less than 30km,39,161,-122
E01001019,2km to less than 5km,30,67,-37
E01001019,30km to less than 40km,5,12,-7
E01001019,40km to less than 60km,5,9,-4
E01001019,5km to less than 10km,81,156,-75
E01001019,60km and over,1,14,-13
E01001019,Less than 2km,35,66,-31
E01001019,"Works mainly at an offshore installation, in no fixed place, or outside the UK",78,71,7
E01001019,Works mainly from home,355,78,277
E01001020,10km to less than 20km,56,115,-59
E01001020,20km to less than 30km,45,142,-97
E01001020,2km to less than 5km,47,87,-40
E01001020,30km to less than 40km,9,15,-6
E01001020,40km to less than 60km,6,8,-2
E01001020,5km to less than 10km,115,172,-57
E01001020,60km and over,2,5,-3
E01001020,Less than 2km,36,73,-37
E01001020,"Works mainly at an offshore installation, in no fixed place, or outside the UK",128,82,46
E01001020,Works mainly from home,334,92,242
E01001021,10km to less than 20km,78,75,3
E01001021,20km to less than 30km,28,56,-28
E01001021,2km to less than 5km,60,63,-3
E01001021,30km to less than 40km,2,4,-2
E01001021,40km to less than 60km,1,6,-5
E01001021,5km to less than 10km,129,110,19
E01001021,60km and over,3,9,-6
E01001021,Less than 2km,27,63,-36
E01001021,"Works mainly at an offshore installation, in no fixed place, or outside the UK",109,66,43
E01001021,Works mainly from home,117,45,72
E01001022,10km to less than 20km,74,87,-13
E01001022,20km to less than 30km,33,111,-78
E01001022,2km to less than 5km,53,75,-22
E01001022,30km to less than 40km,6,8,-2
E01001022,40km to less than 60km,3,6,-3
E01001022,5km to less than 10km,81,147,-66
E01001022,60km and over,5,13,-8
E01001022,Less than 2km,27,43,-16
E01001022,"Works mainly at an offshore installation, in no fixed place, or outside the UK",122,65,57
E01001022,Works mainly from home,276,80,196
E01001023,10km to less than 20km,136,99,37
E01001023,20km to less than 30km,62,101,-39
E01001023,2km to less than 5km,61,62,-1
E01001023,30km to less than 40km,16,9,7
E01001023,40km to less than 60km,8,10,-2
E01001023,5km to less than 10km,154,167,-13
E01001023,60km and over,6,11,-5
E01001023,Less than 2km,73,77,-4
E01001023,"Works mainly at an offshore installation, in no fixed place, or outside the UK",178,74,104
E01001023,Works mainly from home,657,61,596
E01001024,10km to less than 20km,61,108,-47
E01001024,20km to less than 30km,38,145,-107
E01001024,2km to less than 5km,34,66,-32
E01001024,30km to less than 40km,4,14,-10
E01001024,40km to less than 60km,4,10,-6
E01001024,5km to less than 10km,80,181,-101
E01001024,60km and over,4,13,-9
E01001024,Less than 2km,38,79,-41
E01001024,"Works mainly at an offshore installation, in no fixed place, or outside the UK",93,60,33
E01001024,Works mainly from home,315,61,254
E01001025,10km to less than 20km,61,107,-46
E01001025,20km to less than 30km,49,116,-67
E01001025,2km to less than 5km,53,69,-16
E01001025,30km to less than 40km,5,6,-1
E01001025,40km to less than 60km,5,3,2
E01001025,5km to less than 10km,95,141,-46
E01001025,60km and over,3,14,-11
E01001025,Less than 2km,32,74,-42
E01001025,"Works mainly at an offshore installation, in no fixed place, or outside the UK",116,64,52
E01001025,Works mainly from home,286,65,221
E01001026,10km to less than 20km,98,137,-39
E01001026,20km to less than 30km,48,137,-89
E01001026,2km to less than 5km,63,92,-29
E01001026,30km to less than 40km,7,4,3
E01001026,40km to less than 60km,5,9,-4
E01001026,5km to less than 10km,128,226,-98
E01001026,60km and over,3,13,-10
E01001026,Less than 2km,56,98,-42
E01001026,"Works mainly at an offshore installation, in no fixed place, or outside the UK",170,84,86
E01001026,Works mainly from home,343,94,249
E01001027,10km to less than 20km,133,115,18
E01001027,20km to less than 30km,101,128,-27
E01001027,2km to less than 5km,49,80,-31
E01001027,30km to less than 40km,6,13,-7
E01001027,40km to less than 60km,8,11,-3
E01001027,5km to less than 10km,201,197,4
E01001027,60km and over,11,12,-1
E01001027,Less than 2km,47,70,-23
E01001027,"Works mainly at an offshore installation, in no fixed place, or outside the UK",151,94,57
E01001027,Works mainly from home,830,91,739
E01001028,10km to less than 20km,78,150,-72
E01001028,20km to less than 30km,33,116,-83
E01001028,2km to less than 5km,48,89,-41
E01001028,30km to less than 40km,4,13,-9
E01001028,40km to less than 60km,3,5,-2
E01001028,5km to less than 10km,86,147,-61
E01001028,60km and over,5,19,-14
E01001028,Less than 2km,31,59,-28
E01001028,"Works mainly at an offshore installation, in no fixed place, or outside the UK",74,70,4
E01001028,Works mainly from home,418,118,300
E01001029,10km to less than 20km,93,191,-98
E01001029,20km to less than 30km,48,119,-71
E01001029,2km to less than 5km,56,83,-27
E01001029,30km to less than 40km,3,15,-12
E01001029,40km to less than 60km,1,11,-10
E01001029,5km to less than 10km,77,102,-25
E01001029,60km and over,4,13,-9
E01001029,Less than 2km,32,78,-46
E01001029,"Works mainly at an offshore installation, in no fixed place, or outside the UK",83,72,11
E01001029,Works mainly from home,395,111,284
E01001030,10km to less than 20km,67,121,-54
E01001030,20km to less than 30km,39,125,-86
E01001030,2km to less than 5km,41,61,-20
E01001030,30km to less than 40km,8,10,-2
E01001030,40km to less than 60km,4,5,-1
E01001030,5km to less than 10km,78,114,-36
E01001030,60km and over,5,13,-8
E01001030,Less than 2km,26,54,-28
E01001030,"Works mainly at an offshore installation, in no fixed place, or outside the UK",72,64,8
E01001030,Works mainly from home,394,134,260
E01001031,10km to less than 20km,58,125,-67
E01001031,20km to less than 30km,47,150,-103
E01001031,2km to less than 5km,48,70,-22
E01001031,30km to less than 40km,8,11,-3
E01001031,40km to less than 60km,1,7,-6
E01001031,5km to less than 10km,86,162,-76
E01001031,60km and over,5,2,3
E01001031,Less than 2km,40,70,-30
E01001031,"Works mainly at an offshore installation, in no fixed place, or outside the UK",87,68,19
E01001031,Works mainly from home,378,90,288
E01001032,10km to less than 20km,70,196,-126
E01001032,20km to less than 30km,10,28,-18
E01001032,2km to less than 5km,76,108,-32
E01001032,30km to less than 40km,4,8,-4
E01001032,40km to less than 60km,3,7,-4
E01001032,5km to less than 10km,49,68,-19
E01001032,60km and over,2,17,-15
E01001032,Less than 2km,30,69,-39
E01001032,"Works mainly at an offshore installation, in no fixed place, or outside the UK",65,54,11
E01001032,Works mainly from home,416,103,313
E01001033,10km to less than 20km,138,283,-145
E01001033,20km to less than 30km,30,46,-16
E01001033,2km to less than 5km,114,146,-32
E01001033,30km to less than 40km,5,9,-4
E01001033,40km to less than 60km,4,11,-7
E01001033,5km to less than 10km,80,73,7
E01001033,60km and over,6,16,-10
E01001033,Less than 2km,50,99,-49
E01001033,"Works mainly at an offshore installation, in no fixed place, or outside the UK",134,78,56
E01001033,Works mainly from home,393,70,323
E01001034,10km to less than 20km,128,288,-160
E01001034,20km to less than 30km,30,36,-6
E01001034,2km to less than 5km,118,167,-49
E01001034,30km to less than 40km,2,10,-8
E01001034,40km to less than 60km,1,8,-7
E01001034,5km to less than 10km,62,87,-25
E01001034,60km and over,4,18,-14
E01001034,Less than 2km,44,89,-45
E01001034,"Works mainly at an offshore installation, in no fixed place, or outside the UK",104,96,8
E01001034,Works mainly from home,421,88,333
E01001035,10km to less than 20km,142,388,-246
E01001035,20km to less than 30km,27,51,-24
E01001035,2km to less than 5km,88,131,-43
E01001035,30km to less than 40km,4,9,-5
E01001035,40km to less than 60km,3,15,-12
E01001035,5km to less than 10km,73,106,-33
E01001035,60km and over,2,11,-9
E01001035,Less than 2km,78,158,-80
E01001035,"Works mainly at an offshore installation, in no fixed place, or outside the UK",141,85,56
E01001035,Works mainly from home,460,82,378
E01001036,10km to less than 20km,79,272,-193
E01001036,20km to less than 30km,9,22,-13
E01001036,2km to less than 5km,81,90,-9
E01001036,30km to less than 40km,7,9,-2
E01001036,40km to less than 60km,3,10,-7
E01001036,5km to less than 10km,57,64,-7
E01001036,60km and over,3,15,-12
E01001036,Less than 2km,33,92,-59
E01001036,"Works mainly at an offshore installation, in no fixed place, or outside the UK",57,69,-12
E01001036,Works mainly from home,449,94,355
E01001037,10km to less than 20km,127,271,-144
E01001037,20km to less than 30km,20,29,-9
E01001037,2km to less than 5km,96,91,5
E01001037,30km to less than 40km,1,5,-4
E01001037,40km to less than 60km,4,6,-2
E01001037,5km to less than 10km,64,88,-24
E01001037,60km and over,5,15,-10
E01001037,Less than 2km,67,142,-75
E01001037,"Works mainly at an offshore installation, in no fixed place, or outside the UK",94,67,27
E01001037,Works mainly from home,371,59,312
E01001038,10km to less than 20km,156,434,-278
E01001038,20km to less than 30km,22,45,-23
E01001038,2km to less than 5km,138,165,-27
E01001038,30km to less than 40km,7,15,-8
E01001038,40km to less than 60km,3,14,-11
E01001038,5km to less than 10km,75,105,-30
E01001038,60km and over,5,13,-8
E01001038,Less than 2km,80,158,-78
E01001038,"Works mainly at an offshore installation, in no fixed place, or outside the UK",136,100,36
E01001038,Works mainly from home,490,71,419
E01001039,10km to less than 20km,77,276,-199
E01001039,20km to less than 30km,4,31,-27
E01001039,2km to less than 5km,106,131,-25
E01001039,30km to less than 40km,1,6,-5
E01001039,40km to less than 60km,5,7,-2
E01001039,5km to less than 10km,52,63,-11
E01001039,60km and over,3,13,-10
E01001039,Less than 2km,39,82,-43
E01001039,"Works mainly at an offshore installation, in no fixed place, or outside the UK",72,68,4
E01001039,Works mainly from home,441,92,349
E01001040,10km to less than 20km,107,336,-229
E01001040,20km to less than 30km,15,50,-35
E01001040,2km to less than 5km,98,159,-61
E01001040,30km to less than 40km,3,17,-14
E01001040,40km to less than 60km,5,8,-3
E01001040,5km to less than 10km,75,99,-24
E01001040,60km and over,6,23,-17
E01001040,Less than 2km,64,114,-50
E01001040,"Works mainly at an offshore installation, in no fixed place, or outside the UK",145,98,47
E01001040,Works mainly from home,433,56,377
E01001041,10km to less than 20km,144,309,-165
E01001041,20km to less than 30km,19,35,-16
E01001041,2km to less than 5km,127,166,-39
E01001041,30km to less than 40km,6,7,-1
E01001041,40km to less than 60km,2,7,-5
E01001041,5km to less than 10km,85,96,-11
E01001041,60km and over,1,10,-9
E01001041,Less than 2km,64,92,-28
E01001041,"Works mainly at an offshore installation, in no fixed place, or outside the UK",121,67,54
E01001041,Works mainly from home,343,75,268
E01001042,10km to less than 20km,177,314,-137
E01001042,20km to less than 30km,22,41,-19
E01001042,2km to less than 5km,90,92,-2
E01001042,30km to less than 40km,5,5,0
E01001042,40km to less than 60km,2,9,-7
E01001042,5km to less than 10km,101,89,12
E01001042,60km and over,9,26,-17
E01001042,Less than 2km,169,205,-36
E01001042,"Works mainly at an offshore installation, in no fixed place, or outside the UK",175,100,75
E01001042,Works mainly from home,411,99,312
E01001044,10km to less than 20km,131,398,-267
E01001044,20km to less than 30km,10,37,-27
E01001044,2km to less than 5km,90,90,0
E01001044,30km to less than 40km,9,15,-6
E01001044,40km to less than 60km,2,6,-4
E01001044,5km to less than 10km,53,83,-30
E01001044,60km and over,5,17,-12
E01001044,Less than 2km,59,155,-96
E01001044,"Works mainly at an offshore installation, in no fixed place, or outside the UK",88,66,22
E01001044,Works mainly from home,537,87,450
E01001046,10km to less than 20km,138,389,-251
E01001046,20km to less than 30km,18,40,-22
E01001046,2km to less than 5km,66,90,-24
E01001046,30km to less than 40km,4,13,-9
E01001046,40km to less than 60km,1,8,-7
E01001046,5km to less than 10km,56,54,2
E01001046,60km and over,6,26,-20
E01001046,Less than 2km,55,137,-82
E01001046,"Works mainly at an offshore installation, in no fixed place, or outside the UK",113,83,30
E01001046,Works mainly from home,508,84,424
E01001047,10km to less than 20km,145,378,-233
E01001047,20km to less than 30km,14,43,-29
E01001047,2km to less than 5km,84,96,-12
E01001047,30km to less than 40km,1,14,-13
E01001047,40km to less than 60km,3,7,-4
E01001047,5km to less than 10km,55,99,-44
E01001047,60km and over,3,8,-5
E01001047,Less than 2km,86,175,-89
E01001047,"Works mainly at an offshore installation, in no fixed place, or outside the UK",152,87,65
E01001047,Works mainly from home,424,80,344
E01001049,10km to less than 20km,92,230,-138
E01001049,20km to less than 30km,9,22,-13
E01001049,2km to less than 5km,89,111,-22
E01001049,30km to less than 40km,7,9,-2
E01001049,40km to less than 60km,3,6,-3
E01001049,5km to less than 10km,63,67,-4
E01001049,60km and over,6,6,0
E01001049,Less than 2km,33,69,-36
E01001049,"Works mainly at an offshore installation, in no fixed place, or outside the UK",62,45,17
E01001049,Works mainly from home,342,91,251
E01001050,10km to less than 20km,107,331,-224
E01001050,20km to less than 30km,11,27,-16
E01001050,2km to less than 5km,78,66,12
E01001050,30km to less than 40km,1,9,-8
E01001050,40km to less than 60km,4,6,-2
E01001050,5km to less than 10km,46,57,-11
E01001050,60km and over,4,9,-5
E01001050,Less than 2km,73,111,-38
E01001050,"Works mainly at an offshore installation, in no fixed place, or outside the UK",98,43,55
E01001050,Works mainly from home,380,63,317
E01001051,10km to less than 20km,95,102,-7
E01001051,20km to less than 30km,26,22,4
E01001051,2km to less than 5km,52,43,9
E01001051,30km to less than 40km,1,12,-11
E01001051,40km to less than 60km,2,4,-2
E01001051,5km to less than 10km,184,200,-16
E01001051,60km and over,3,9,-6
E01001051,Less than 2km,41,69,-28
E01001051,"Works mainly at an offshore installation, in no fixed place, or outside the UK",121,58,63
E01001051,Works mainly from home,88,26,62
E01001052,10km to less than 20km,78,122,-44
E01001052,20km to less than 30km,19,29,-10
E01001052,2km to less than 5km,52,30,22
E01001052,30km to less than 40km,5,5,0
E01001052,40km to less than 60km,2,4,-2
E01001052,5km to less than 10km,177,170,7
E01001052,60km and over,2,10,-8
E01001052,Less than 2km,25,71,-46
E01001052,"Works mainly at an offshore installation, in no fixed place, or outside the UK",95,36,59
E01001052,Works mainly from home,91,17,74
E01001053,10km to less than 20km,100,124,-24
E01001053,20km to less than 30km,21,40,-19
E01001053,2km to less than 5km,54,39,15
E01001053,30km to less than 40km,1,13,-12
E01001053,40km to less than 60km,3,4,-1
E01001053,5km to less than 10km,167,201,-34
E01001053,60km and over,15,13,2
E01001053,Less than 2km,46,98,-52
E01001053,"Works mainly at an offshore installation, in no fixed place, or outside the UK",148,66,82
E01001053,Works mainly from home,143,35,108
E01001054,10km to less than 20km,123,142,-19
E01001054,20km to less than 30km,31,48,-17
E01001054,2km to less than 5km,42,50,-8
E01001054,30km to less than 40km,3,9,-6
E01001054,40km to less than 60km,5,8,-3
E01001054,5km to less than 10km,190,208,-18
E01001054,60km and over,9,17,-8
E01001054,Less than 2km,58,69,-11
E01001054,"Works mainly at an offshore installation, in no fixed place, or outside the UK",168,66,102
E01001054,Works mainly from home,124,29,95
E01001055,10km to less than 20km,115,90,25
E01001055,20km to less than 30km,33,30,3
E01001055,2km to less than 5km,39,55,-16
E01001055,30km to less than 40km,10,10,0
E01001055,40km to less than 60km,7,5,2
E01001055,5km to less than 10km,166,217,-51
E01001055,60km and over,7,18,-11
E01001055,Less than 2km,54,95,-41
E01001055,"Works mainly at an offshore installation, in no fixed place, or outside the UK",156,72,84
E01001055,Works mainly from home,73,39,34
E01001056,10km to less than 20km,99,136,-37
E01001056,20km to less than 30km,15,39,-24
E01001056,2km to less than 5km,60,45,15
E01001056,30km to less than 40km,4,11,-7
E01001056,40km to less than 60km,2,2,0
E01001056,5km to less than 10km,164,225,-61
E01001056,60km and over,7,14,-7
E01001056,Less than 2km,45,84,-39
E01001056,"Works mainly at an offshore installation, in no fixed place, or outside the UK",151,72,79
E01001056,Works mainly from home,124,34,90
E01001057,10km to less than 20km,108,80,28
E01001057,20km to less than 30km,37,31,6
E01001057,2km to less than 5km,49,33,16
E01001057,30km to less than 40km,4,5,-1
E01001057,40km to less than 60km,5,8,-3
E01001057,5km to less than 10km,218,153,65
E01001057,60km and over,5,4,1
E01001057,Less than 2km,43,50,-7
E01001057,"Works mainly at an offshore installation, in no fixed place, or outside the UK",86,34,52
E01001057,Works mainly from home,78,14,64
E01001058,10km to less than 20km,91,156,-65
E01001058,20km to less than 30km,19,49,-30
E01001058,2km to less than 5km,69,65,4
E01001058,30km to less than 40km,8,9,-1
E01001058,40km to less than 60km,4,8,-4
E01001058,5km to less than 10km,130,181,-51
E01001058,60km and over,4,12,-8
E01001058,Less than 2km,36,66,-30
E01001058,"Works mainly at an offshore installation, in no fixed place, or outside the UK",90,61,29
E01001058,Works mainly from home,235,53,182
E01001059,10km to less than 20km,92,181,-89
E01001059,20km to less than 30km,20,63,-43
E01001059,2km to less than 5km,92,130,-38
E01001059,30km to less than 40km,5,14,-9
E01001059,40km to less than 60km,0,6,-6
E01001059,5km to less than 10km,127,173,-46
E01001059,60km and over,4,20,-16
E01001059,Less than 2km,36,65,-29
E01001059,"Works mainly at an offshore installation, in no fixed place, or outside the UK",111,68,43
E01001059,Works mainly from home,229,50,179
E01001060,10km to less than 20km,119,189,-70
E01001060,20km to less than 30km,25,59,-34
E01001060,2km to less than 5km,75,86,-11
E01001060,30km to less than 40km,4,11,-7
E01001060,40km to less than 60km,2,7,-5
E01001060,5km to less than 10km,147,254,-107
E01001060,60km and over,5,16,-11
E01001060,Less than 2km,30,73,-43
E01001060,"Works mainly at an offshore installation, in no fixed place, or outside the UK",153,80,73
E01001060,Works mainly from home,238,59,179
E01001061,10km to less than 20km,120,176,-56
E01001061,20km to less than 30km,28,44,-16
E01001061,2km to less than 5km,117,149,-32
E01001061,30km to less than 40km,4,9,-5
E01001061,40km to less than 60km,7,6,1
E01001061,5km to less than 10km,121,185,-64
E01001061,60km and over,3,8,-5
E01001061,Less than 2km,38,65,-27
E01001061,"Works mainly at an offshore installation, in no fixed place, or outside the UK",170,94,76
E01001061,Works mainly from home,244,40,204
E01001062,10km to less than 20km,80,216,-136
E01001062,20km to less than 30km,8,30,-22
E01001062,2km to less than 5km,107,170,-63
E01001062,30km to less than 40km,7,10,-3
E01001062,40km to less than 60km,0,7,-7
E01001062,5km to less than 10km,60,90,-30
E01001062,60km and over,2,10,-8
E01001062,Less than 2km,43,77,-34
E01001062,"Works mainly at an offshore installation, in no fixed place, or outside the UK",78,67,11
E01001062,Works mainly from home,281,94,187
E01001063,10km to less than 20km,92,250,-158
E01001063,20km to less than 30km,11,32,-21
E01001063,2km to less than 5km,119,162,-43
E01001063,30km to less than 40km,10,13,-3
E01001063,40km to less than 60km,3,9,-6
E01001063,5km to less than 10km,66,92,-26
E01001063,60km and over,2,18,-16
E01001063,Less than 2km,31,69,-38
E01001063,"Works mainly at an offshore installation, in no fixed place, or outside the UK",118,67,51
E01001063,Works mainly from home,350,98,252
E01001064,10km to less than 20km,116,209,-93
E01001064,20km to less than 30km,19,35,-16
E01001064,2km to less than 5km,69,123,-54
E01001064,30km to less than 40km,7,9,-2
E01001064,40km to less than 60km,2,2,0
E01001064,5km to less than 10km,81,136,-55
E01001064,60km and over,2,11,-9
E01001064,Less than 2km,22,43,-21
E01001064,"Works mainly at an offshore installation, in no fixed place, or outside the UK",96,65,31
E01001064,Works mainly from home,364,115,249
E01001065,10km to less than 20km,107,189,-82
E01001065,20km to less than 30km,21,46,-25
E01001065,2km to less than 5km,48,111,-63
E01001065,30km to less than 40km,6,10,-4
E01001065,40km to less than 60km,1,2,-1
E01001065,5km to less than 10km,135,174,-39
E01001065,60km and over,2,8,-6
E01001065,Less than 2km,30,68,-38
E01001065,"Works mainly at an offshore installation, in no fixed place, or outside the UK",106,67,39
E01001065,Works mainly from home,246,62,184
E01001066,10km to less than 20km,85,99,-14
E01001066,20km to less than 30km,15,30,-15
E01001066,2km to less than 5km,81,120,-39
E01001066,30km to less than 40km,6,10,-4
E01001066,40km to less than 60km,4,3,1
E01001066,5km to less than 10km,114,109,5
E01001066,60km and over,2,6,-4
E01001066,Less than 2km,23,49,-26
E01001066,"Works mainly at an offshore installation, in no fixed place, or outside the UK",132,60,72
E01001066,Works mainly from home,135,39,96
E01001067,10km to less than 20km,70,134,-64
E01001067,20km to less than 30km,46,166,-120
E01001067,2km to less than 5km,42,66,-24
E01001067,30km to less than 40km,7,20,-13
E01001067,40km to less than 60km,1,13,-12
E01001067,5km to less than 10km,88,122,-34
E01001067,60km and over,4,15,-11
E01001067,Less than 2km,24,74,-50
E01001067,"Works mainly at an offshore installation, in no fixed place, or outside the UK",81,88,-7
E01001067,Works mainly from home,429,131,298
E01001068,10km to less than 20km,86,167,-81
E01001068,20km to less than 30km,58,182,-124
E01001068,2km to less than 5km,69,134,-65
E01001068,30km to less than 40km,8,14,-6
E01001068,40km to less than 60km,6,10,-4
E01001068,5km to less than 10km,110,156,-46
E01001068,60km and over,0,17,-17
E01001068,Less than 2km,34,68,-34
E01001068,"Works mainly at an offshore installation, in no fixed place, or outside the UK",120,104,16
E01001068,Works mainly from home,451,104,347
E01001069,10km to less than 20km,61,117,-56
E01001069,20km to less than 30km,32,125,-93
E01001069,2km to less than 5km,51,67,-16
E01001069,30km to less than 40km,2,8,-6
E01001069,40km to less than 60km,4,4,0
E01001069,5km to less than 10km,86,128,-42
E01001069,60km and over,4,12,-8
E01001069,Less than 2km,42,64,-22
E01001069,"Works mainly at an offshore installation, in no fixed place, or outside the UK",79,63,16
E01001069,Works mainly from home,364,79,285
E01001070,10km to less than 20km,89,123,-34
E01001070,20km to less than 30km,46,141,-95
E01001070,2km to less than 5km,59,80,-21
E01001070,30km to less than 40km,12,16,-4
E01001070,40km to less than 60km,3,8,-5
E01001070,5km to less than 10km,112,146,-34
E01001070,60km and over,6,8,-2
E01001070,Less than 2km,36,69,-33
E01001070,"Works mainly at an offshore installation, in no fixed place, or outside the UK",101,70,31
E01001070,Works mainly from home,337,93,244
E01001071,10km to less than 20km,93,155,-62
E01001071,20km to less than 30km,53,189,-136
E01001071,2km to less than 5km,100,168,-68
E01001071,30km to less than 40km,5,18,-13
E01001071,40km to less than 60km,3,10,-7
E01001071,5km to less than 10km,90,177,-87
E01001071,60km and over,2,12,-10
E01001071,Less than 2km,58,88,-30
E01001071,"Works mainly at an offshore installation, in no fixed place, or outside the UK",152,117,35
E01001071,Works mainly from home,461,85,376
E01001072,10km to less than 20km,48,82,-34
E01001072,20km to less than 30km,36,156,-120
E01001072,2km to less than 5km,39,74,-35
E01001072,30km to less than 40km,4,8,-4
E01001072,40km to less than 60km,7,9,-2
E01001072,5km to less than 10km,61,108,-47
E01001072,60km and over,5,17,-12
E01001072,Less than 2km,9,35,-26
E01001072,"Works mainly at an offshore installation, in no fixed place, or outside the UK",80,63,17
E01001072,Works mainly from home,380,111,269
E01001073,10km to less than 20km,90,160,-70
E01001073,20km to less than 30km,30,134,-104
E01001073,2km to less than 5km,43,95,-52
E01001073,30km to less than 40km,2,11,-9
E01001073,40km to less than 60km,5,9,-4
E01001073,5km to less than 10km,72,128,-56
E01001073,60km and over,4,8,-4
E01001073,Less than 2km,37,76,-39
E01001073,"Works mainly at an offshore installation, in no fixed place, or outside the UK",85,68,17
E01001073,Works mainly from home,348,82,266
E01001074,10km to less than 20km,88,212,-124
E01001074,20km to less than 30km,49,179,-130
E01001074,2km to less than 5km,76,79,-3
E01001074,30km to less than 40km,6,12,-6
E01001074,40km to less than 60km,6,11,-5
E01001074,5km to less than 10km,109,207,-98
E01001074,60km and over,4,13,-9
E01001074,Less than 2km,63,105,-42
E01001074,"Works mainly at an offshore installation, in no fixed place, or outside the UK",121,97,24
E01001074,Works mainly from home,434,85,349
E01001075,10km to less than 20km,101,146,-45
E01001075,20km to less than 30km,38,180,-142
E01001075,2km to less than 5km,77,77,0
E01001075,30km to less than 40km,13,13,0
E01001075,40km to less than 60km,4,6,-2
E01001075,5km to less than 10km,95,132,-37
E01001075,60km and over,3,7,-4
E01001075,Less than 2km,41,66,-25
E01001075,"Works mainly at an offshore installation, in no fixed place, or outside the UK",99,77,22
E01001075,Works mainly from home,413,77,336
E01001076,10km to less than 20km,84,116,-32
E01001076,20km to less than 30km,41,51,-10
E01001076,2km to less than 5km,46,43,3
E01001076,30km to less than 40km,7,6,1
E01001076,40km to less than 60km,7,5,2
E01001076,5km to less than 10km,147,185,-38
E01001076,60km and over,4,22,-18
E01001076,Less than 2km,39,92,-53
E01001076,"Works mainly at an offshore installation, in no fixed place, or outside the UK",141,77,64
E01001076,Works mainly from home,155,45,110
E01001077,10km to less than 20km,93,135,-42
E01001077,20km to less than 30km,15,60,-45
E01001077,2km to less than 5km,36,38,-2
E01001077,30km to less than 40km,6,12,-6
E01001077,40km to less than 60km,2,4,-2
E01001077,5km to less than 10km,160,228,-68
E01001077,60km and over,2,13,-11
E01001077,Less than 2km,27,79,-52
E01001077,"Works mainly at an offshore installation, in no fixed place, or outside the UK",145,91,54
E01001077,Works mainly from home,174,58,116
E01001078,10km to less than 20km,103,110,-7
E01001078,20km to less than 30km,32,41,-9
E01001078,2km to less than 5km,42,47,-5
E01001078,30km to less than 40km,3,8,-5
E01001078,40km to less than 60km,0,6,-6
E01001078,5km to less than 10km,147,173,-26
E01001078,60km and over,1,19,-18
E01001078,Less than 2km,36,80,-44
E01001078,"Works mainly at an offshore installation, in no fixed place, or outside the UK",128,71,57
E01001078,Works mainly from home,137,39,98
E01001079,10km to less than 20km,105,114,-9
E01001079,20km to less than 30km,37,73,-36
E01001079,2km to less than 5km,42,54,-12
E01001079,30km to less than 40km,5,11,-6
E01001079,40km to less than 60km,4,7,-3
E01001079,5km to less than 10km,151,193,-42
E01001079,60km and over,13,19,-6
E01001079,Less than 2km,56,92,-36
E01001079,"Works mainly at an offshore installation, in no fixed place, or outside the UK",158,70,88
E01001079,Works mainly from home,146,35,111
E01001080,10km to less than 20km,83,101,-18
E01001080,20km to less than 30km,21,45,-24
E01001080,2km to less than 5km,42,37,5
E01001080,30km to less than 40km,8,8,0
E01001080,40km to less than 60km,4,7,-3
E01001080,5km to less than 10km,140,186,-46
E01001080,60km and over,6,17,-11
E01001080,Less than 2km,34,49,-15
E01001080,"Works mainly at an offshore installation, in no fixed place, or outside the UK",100,49,51
E01001080,Works mainly from home,81,37,44
E01001081,10km to less than 20km,92,93,-1
E01001081,20km to less than 30km,34,49,-15
E01001081,2km to less than 5km,45,39,6
E01001081,30km to less than 40km,3,6,-3
E01001081,40km to less than 60km,3,8,-5
E01001081,5km to less than 10km,122,162,-40
E01001081,60km and over,1,8,-7
E01001081,Less than 2km,49,83,-34
E01001081,"Works mainly at an offshore installation, in no fixed place, or outside the UK",138,63,75
E01001081,Works mainly from home,149,35,114
E01001082,10km to less than 20km,107,118,-11
E01001082,20km to less than 30km,23,41,-18
E01001082,2km to less than 5km,40,45,-5
E01001082,30km to less than 40km,8,11,-3
E01001082,40km to less than 60km,2,2,0
E01001082,5km to less than 10km,150,215,-65
E01001082,60km and over,13,17,-4
E01001082,Less than 2km,68,101,-33
E01001082,"Works mainly at an offshore installation, in no fixed place, or outside the UK",160,85,75
E01001082,Works mainly from home,162,39,123
E01001083,10km to less than 20km,66,142,-76
E01001083,20km to less than 30km,12,23,-11
E01001083,2km to less than 5km,90,125,-35
E01001083,30km to less than 40km,2,2,0
E01001083,40km to less than 60km,5,3,2
E01001083,5km to less than 10km,121,208,-87
E01001083,60km and over,4,11,-7
E01001083,Less than 2km,50,82,-32
E01001083,"Works mainly at an offshore installation, in no fixed place, or outside the UK",102,88,14
E01001083,Works mainly from home,302,58,244
E01001084,10km to less than 20km,89,254,-165
E01001084,20km to less than 30km,13,18,-5
E01001084,2km to less than 5km,119,120,-1
E01001084,30km to less than 40km,3,6,-3
E01001084,40km to less than 60km,3,5,-2
E01001084,5km to less than 10km,109,199,-90
E01001084,60km and over,5,13,-8
E01001084,Less than 2km,37,74,-37
E01001084,"Works mainly at an offshore installation, in no fixed place, or outside the UK",120,67,53
E01001084,Works mainly from home,408,112,296
E01001085,10km to less than 20km,102,183,-81
E01001085,20km to less than 30km,13,21,-8
E01001085,2km to less than 5km,109,111,-2
E01001085,30km to less than 40km,8,4,4
E01001085,40km to less than 60km,18,2,16
E01001085,5km to less than 10km,116,166,-50
E01001085,60km and over,0,12,-12
E01001085,Less than 2km,37,56,-19
E01001085,"Works mainly at an offshore installation, in no fixed place, or outside the UK",199,104,95
E01001085,Works mainly from home,269,64,205
E01001086,10km to less than 20km,96,234,-138
E01001086,20km to less than 30km,14,30,-16
E01001086,2km to less than 5km,101,155,-54
E01001086,30km to less than 40km,2,11,-9
E01001086,40km to less than 60km,1,8,-7
E01001086,5km to less than 10km,109,146,-37
E01001086,60km and over,7,10,-3
E01001086,Less than 2km,57,76,-19
E01001086,"Works mainly at an offshore installation, in no fixed place, or outside the UK",170,97,73
E01001086,Works mainly from home,305,86,219
E01001087,10km to less than 20km,182,323,-141
E01001087,20km to less than 30km,16,26,-10
E01001087,2km to less than 5km,188,168,20
E01001087,30km to less than 40km,2,5,-3
E01001087,40km to less than 60km,5,5,0
E01001087,5km to less than 10km,194,207,-13
E01001087,60km and over,7,14,-7
E01001087,Less than 2km,69,94,-25
E01001087,"Works mainly at an offshore installation, in no fixed place, or outside the UK",299,159,140
E01001087,Works mainly from home,403,93,310
E01001088,10km to less than 20km,121,213,-92
E01001088,20km to less than 30km,6,20,-14
E01001088,2km to less than 5km,112,164,-52
E01001088,30km to less than 40km,3,10,-7
E01001088,40km to less than 60km,2,5,-3
E01001088,5km to less than 10km,113,176,-63
E01001088,60km and over,7,5,2
E01001088,Less than 2km,37,59,-22
E01001088,"Works mainly at an offshore installation, in no fixed place, or outside the UK",153,86,67
E01001088,Works mainly from home,274,64,210
E01001089,10km to less than 20km,102,195,-93
E01001089,20km to less than 30km,11,17,-6
E01001089,2km to less than 5km,106,140,-34
E01001089,30km to less than 40km,4,7,-3
E01001089,40km to less than 60km,6,3,3
E01001089,5km to less than 10km,138,157,-19
E01001089,60km and over,13,12,1
E01001089,Less than 2km,42,65,-23
E01001089,"Works mainly at an offshore installation, in no fixed place, or outside the UK",197,134,63
E01001089,Works mainly from home,238,46,192
E01001090,10km to less than 20km,142,314,-172
E01001090,20km to less than 30km,13,25,-12
E01001090,2km to less than 5km,172,186,-14
E01001090,30km to less than 40km,6,4,2
E01001090,40km to less than 60km,2,14,-12
E01001090,5km to less than 10km,155,188,-33
E01001090,60km and over,7,10,-3
E01001090,Less than 2km,48,92,-44
E01001090,"Works mainly at an offshore installation, in no fixed place, or outside the UK",248,135,113
E01001090,Works mainly from home,350,88,262
E01001091,10km to less than 20km,88,215,-127
E01001091,20km to less than 30km,13,18,-5
E01001091,2km to less than 5km,96,144,-48
E01001091,30km to less than 40km,5,3,2
E01001091,40km to less than 60km,4,6,-2
E01001091,5km to less than 10km,87,141,-54
E01001091,60km and over,6,12,-6
E01001091,Less than 2km,53,61,-8
E01001091,"Works mainly at an offshore installation, in no fixed place, or outside the UK",110,101,9
E01001091,Works mainly from home,302,76,226
E01001092,10km to less than 20km,100,228,-128
E01001092,20km to less than 30km,26,59,-33
E01001092,2km to less than 5km,64,90,-26
E01001092,30km to less than 40km,4,9,-5
E01001092,40km to less than 60km,4,6,-2
E01001092,5km to less than 10km,76,83,-7
E01001092,60km and over,4,12,-8
E01001092,Less than 2km,34,80,-46
E01001092,"Works mainly at an offshore installation, in no fixed place, or outside the UK",63,53,10
E01001092,Works mainly from home,462,116,346
E01001093,10km to less than 20km,101,260,-159
E01001093,20km to less than 30km,22,52,-30
E01001093,2km to less than 5km,115,179,-64
E01001093,30km to less than 40km,3,17,-14
E01001093,40km to less than 60km,6,4,2
E01001093,5km to less than 10km,89,84,5
E01001093,60km and over,8,13,-5
E01001093,Less than 2km,47,101,-54
E01001093,"Works mainly at an offshore installation, in no fixed place, or outside the UK",120,73,47
E01001093,Works mainly from home,396,71,325
E01001094,10km to less than 20km,82,177,-95
E01001094,20km to less than 30km,21,66,-45
E01001094,2km to less than 5km,77,102,-25
E01001094,30km to less than 40km,4,11,-7
E01001094,40km to less than 60km,2,7,-5
E01001094,5km to less than 10km,77,119,-42
E01001094,60km and over,9,13,-4
E01001094,Less than 2km,32,46,-14
E01001094,"Works mainly at an offshore installation, in no fixed place, or outside the UK",67,59,8
E01001094,Works mainly from home,412,130,282
E01001095,10km to less than 20km,99,270,-171
E01001095,20km to less than 30km,26,61,-35
E01001095,2km to less than 5km,108,124,-16
E01001095,30km to less than 40km,4,9,-5
E01001095,40km to less than 60km,6,2,4
E01001095,5km to less than 10km,72,97,-25
E01001095,60km and over,3,14,-11
E01001095,Less than 2km,48,87,-39
E01001095,"Works mainly at an offshore installation, in no fixed place, or outside the UK",96,81,15
E01001095,Works mainly from home,312,67,245
E01001096,10km to less than 20km,92,228,-136
E01001096,20km to less than 30km,16,69,-53
E01001096,2km to less than 5km,40,109,-69
E01001096,30km to less than 40km,6,15,-9
E01001096,40km to less than 60km,3,6,-3
E01001096,5km to less than 10km,48,96,-48
E01001096,60km and over,7,12,-5
E01001096,Less than 2km,19,73,-54
E01001096,"Works mainly at an offshore installation, in no fixed place, or outside the UK",58,55,3
E01001096,Works mainly from home,419,108,311
E01001097,10km to less than 20km,160,328,-168
E01001097,20km to less than 30km,50,188,-138
E01001097,2km to less than 5km,101,142,-41
E01001097,30km to less than 40km,4,16,-12
E01001097,40km to less than 60km,2,15,-13
E01001097,5km to less than 10km,119,132,-13
E01001097,60km and over,9,12,-3
E01001097,Less than 2km,63,107,-44
E01001097,"Works mainly at an offshore installation, in no fixed place, or outside the UK",137,101,36
E01001097,Works mainly from home,538,103,435
E01001098,10km to less than 20km,72,202,-130
E01001098,20km to less than 30km,26,129,-103
E01001098,2km to less than 5km,48,95,-47
E01001098,30km to less than 40km,4,12,-8
E01001098,40km to less than 60km,2,6,-4
E01001098,5km to less than 10km,53,74,-21
E01001098,60km and over,3,14,-11
E01001098,Less than 2km,25,59,-34
E01001098,"Works mainly at an offshore installation, in no fixed place, or outside the UK",74,43,31
E01001098,Works mainly from home,422,101,321
E01001099,10km to less than 20km,82,172,-90
E01001099,20km to less than 30km,40,129,-89
E01001099,2km to less than 5km,65,94,-29
E01001099,30km to less than 40km,6,10,-4
E01001099,40km to less than 60km,3,11,-8
E01001099,5km to less than 10km,77,92,-15
E01001099,60km and over,5,8,-3
E01001099,Less than 2km,32,86,-54
E01001099,"Works mainly at an offshore installation, in no fixed place, or outside the UK",104,78,26
E01001099,Works mainly from home,357,52,305
E01001100,10km to less than 20km,91,291,-200
E01001100,20km to less than 30km,26,55,-29
E01001100,2km to less than 5km,81,143,-62
E01001100,30km to less than 40km,2,8,-6
E01001100,40km to less than 60km,1,5,-4
E01001100,5km to less than 10km,55,60,-5
E01001100,60km and over,7,13,-6
E01001100,Less than 2km,42,66,-24
E01001100,"Works mainly at an offshore installation, in no fixed place, or outside the UK",117,74,43
E01001100,Works mainly from home,391,79,312
E01001101,10km to less than 20km,74,151,-77
E01001101,20km to less than 30km,24,97,-73
E01001101,2km to less than 5km,70,122,-52
E01001101,30km to less than 40km,4,16,-12
E01001101,40km to less than 60km,4,9,-5
E01001101,5km to less than 10km,57,95,-38
E01001101,60km and over,3,7,-4
E01001101,Less than 2km,28,80,-52
E01001101,"Works mainly at an offshore installation, in no fixed place, or outside the UK",85,58,27
E01001101,Works mainly from home,378,85,293
E01001102,10km to less than 20km,56,145,-89
E01001102,20km to less than 30km,21,68,-47
E01001102,2km to less than 5km,66,109,-43
E01001102,30km to less than 40km,6,5,1
E01001102,40km to less than 60km,2,8,-6
E01001102,5km to less than 10km,56,94,-38
E01001102,60km and over,2,8,-6
E01001102,Less than 2km,26,66,-40
E01001102,"Works mainly at an offshore installation, in no fixed place, or outside the UK",75,67,8
E01001102,Works mainly from home,318,87,231
E01001103,10km to less than 20km,59,119,-60
E01001103,20km to less than 30km,37,90,-53
E01001103,2km to less than 5km,69,107,-38
E01001103,30km to less than 40km,5,4,1
E01001103,40km to less than 60km,0,11,-11
E01001103,5km to less than 10km,78,151,-73
E01001103,60km and over,2,15,-13
E01001103,Less than 2km,32,75,-43
E01001103,"Works mainly at an offshore installation, in no fixed place, or outside the UK",89,73,16
E01001103,Works mainly from home,325,96,229
E01001104,10km to less than 20km,75,158,-83
E01001104,20km to less than 30km,39,172,-133
E01001104,2km to less than 5km,67,117,-50
E01001104,30km to less than 40km,4,10,-6
E01001104,40km to less than 60km,5,16,-11
E01001104,5km to less than 10km,79,148,-69
E01001104,60km and over,4,10,-6
E01001104,Less than 2km,35,83,-48
E01001104,"Works mainly at an offshore installation, in no fixed place, or outside the UK",96,73,23
E01001104,Works mainly from home,425,89,336
E01001105,10km to less than 20km,93,127,-34
E01001105,20km to less than 30km,41,88,-47
E01001105,2km to less than 5km,97,115,-18
E01001105,30km to less than 40km,4,11,-7
E01001105,40km to less than 60km,4,6,-2
E01001105,5km to less than 10km,118,187,-69
E01001105,60km and over,2,10,-8
E01001105,Less than 2km,38,79,-41
E01001105,"Works mainly at an offshore installation, in no fixed place, or outside the UK",159,102,57
E01001105,Works mainly from home,303,75,228
E01001106,10km to less than 20km,87,125,-38
E01001106,20km to less than 30km,43,79,-36
E01001106,2km to less than 5km,70,83,-13
E01001106,30km to less than 40km,3,19,-16
E01001106,40km to less than 60km,2,6,-4
E01001106,5km to less than 10km,103,157,-54
E01001106,60km and over,3,5,-2
E01001106,Less than 2km,46,70,-24
E01001106,"Works mainly at an offshore installation, in no fixed place, or outside the UK",129,83,46
E01001106,Works mainly from home,259,87,172
E01001107,10km to less than 20km,83,284,-201
E01001107,20km to less than 30km,13,55,-42
E01001107,2km to less than 5km,63,131,-68
E01001107,30km to less than 40km,3,6,-3
E01001107,40km to less than 60km,4,6,-2
E01001107,5km to less than 10km,61,92,-31
E01001107,60km and over,6,8,-2
E01001107,Less than 2km,22,68,-46
E01001107,"Works mainly at an offshore installation, in no fixed place, or outside the UK",55,56,-1
E01001107,Works mainly from home,432,98,334
E01001108,10km to less than 20km,76,237,-161
E01001108,20km to less than 30km,19,73,-54
E01001108,2km to less than 5km,74,147,-73
E01001108,30km to less than 40km,5,6,-1
E01001108,40km to less than 60km,2,14,-12
E01001108,5km to less than 10km,71,102,-31
E01001108,60km and over,6,10,-4
E01001108,Less than 2km,34,72,-38
E01001108,"Works mainly at an offshore installation, in no fixed place, or outside the UK",85,63,22
E01001108,Works mainly from home,469,113,356
E01001109,10km to less than 20km,160,225,-65
E01001109,20km to less than 30km,14,25,-11
E01001109,2km to less than 5km,110,92,18
E01001109,30km to less than 40km,15,6,9
E01001109,40km to less than 60km,0,5,-5
E01001109,5km to less than 10km,135,125,10
E01001109,60km and over,5,19,-14
E01001109,Less than 2km,130,155,-25
E01001109,"Works mainly at an offshore installation, in no fixed place, or outside the UK",155,94,61
E01001109,Works mainly from home,322,75,247
E01001110,10km to less than 20km,140,276,-136
E01001110,20km to less than 30km,27,45,-18
E01001110,2km to less than 5km,104,65,39
E01001110,30km to less than 40km,8,9,-1
E01001110,40km to less than 60km,8,3,5
E01001110,5km to less than 10km,134,99,35
E01001110,60km and over,7,17,-10
E01001110,Less than 2km,112,205,-93
E01001110,"Works mainly at an offshore installation, in no fixed place, or outside the UK",137,75,62
E01001110,Works mainly from home,319,80,239
E01001111,10km to less than 20km,117,226,-109
E01001111,20km to less than 30km,14,35,-21
E01001111,2km to less than 5km,123,101,22
E01001111,30km to less than 40km,3,4,-1
E01001111,40km to less than 60km,3,3,0
E01001111,5km to less than 10km,158,151,7
E01001111,60km and over,2,14,-12
E01001111,Less than 2km,46,92,-46
E01001111,"Works mainly at an offshore installation, in no fixed place, or outside the UK",159,90,69
E01001111,Works mainly from home,291,44,247
E01001112,10km to less than 20km,138,232,-94
E01001112,20km to less than 30km,14,28,-14
E01001112,2km to less than 5km,108,136,-28
E01001112,30km to less than 40km,2,5,-3
E01001112,40km to less than 60km,3,2,1
E01001112,5km to less than 10km,127,128,-1
E01001112,60km and over,5,11,-6
E01001112,Less than 2km,52,87,-35
E01001112,"Works mainly at an offshore installation, in no fixed place, or outside the UK",160,96,64
E01001112,Works mainly from home,360,39,321
E01001113,10km to less than 20km,176,263,-87
E01001113,20km to less than 30km,14,35,-21
E01001113,2km to less than 5km,93,98,-5
E01001113,30km to less than 40km,4,8,-4
E01001113,40km to less than 60km,5,10,-5
E01001113,5km to less than 10km,114,160,-46
E01001113,60km and over,4,10,-6
E01001113,Less than 2km,93,110,-17
E01001113,"Works mainly at an offshore installation, in no fixed place, or outside the UK",181,97,84
E01001113,Works mainly from home,366,68,298
E01001114,10km to less than 20km,103,158,-55
E01001114,20km to less than 30km,18,13,5
E01001114,2km to less than 5km,112,84,28
E01001114,30km to less than 40km,4,12,-8
E01001114,40km to less than 60km,1,2,-1
E01001114,5km to less than 10km,108,97,11
E01001114,60km and over,4,8,-4
E01001114,Less than 2km,64,88,-24
E01001114,"Works mainly at an offshore installation, in no fixed place, or outside the UK",124,60,64
E01001114,Works mainly from home,151,45,106
E01001115,10km to less than 20km,94,141,-47
E01001115,20km to less than 30km,10,19,-9
E01001115,2km to less than 5km,74,84,-10
E01001115,30km to less than 40km,1,7,-6
E01001115,40km to less than 60km,2,3,-1
E01001115,5km to less than 10km,115,101,14
E01001115,60km and over,6,12,-6
E01001115,Less than 2km,107,151,-44
E01001115,"Works mainly at an offshore installation, in no fixed place, or outside the UK",122,59,63
E01001115,Works mainly from home,193,65,128
E01001116,10km to less than 20km,95,174,-79
E01001116,20km to less than 30km,10,32,-22
E01001116,2km to less than 5km,62,75,-13
E01001116,30km to less than 40km,7,8,-1
E01001116,40km to less than 60km,6,3,3
E01001116,5km to less than 10km,82,109,-27
E01001116,60km and over,5,8,-3
E01001116,Less than 2km,64,119,-55
E01001116,"Works mainly at an offshore installation, in no fixed place, or outside the UK",136,63,73
E01001116,Works mainly from home,222,34,188
E01001118,10km to less than 20km,110,196,-86
E01001118,20km to less than 30km,26,30,-4
E01001118,2km to less than 5km,86,88,-2
E01001118,30km to less than 40km,9,2,7
E01001118,40km to less than 60km,4,5,-1
E01001118,5km to less than 10km,113,118,-5
E01001118,60km and over,11,10,1
E01001118,Less than 2km,129,157,-28
E01001118,"Works mainly at an offshore installation, in no fixed place, or outside the UK",199,85,114
E01001118,Works mainly from home,223,62,161
E01001119,10km to less than 20km,84,175,-91
E01001119,20km to less than 30km,19,61,-42
E01001119,2km to less than 5km,72,133,-61
E01001119,30km to less than 40km,4,10,-6
E01001119,40km to less than 60km,1,7,-6
E01001119,5km to less than 10km,107,180,-73
E01001119,60km and over,4,14,-10
E01001119,Less than 2km,32,83,-51
E01001119,"Works mainly at an offshore installation, in no fixed place, or outside the UK",99,81,18
E01001119,Works mainly from home,255,87,168
E01001120,10km to less than 20km,68,165,-97
E01001120,20km to less than 30km,13,46,-33
E01001120,2km to less than 5km,89,144,-55
E01001120,30km to less than 40km,2,10,-8
E01001120,40km to less than 60km,3,8,-5
E01001120,5km to less than 10km,86,101,-15
E01001120,60km and over,3,12,-9
E01001120,Less than 2km,36,58,-22
E01001120,"Works mainly at an offshore installation, in no fixed place, or outside the UK",113,77,36
E01001120,Works mainly from home,224,64,160
E01001121,10km to less than 20km,77,132,-55
E01001121,20km to less than 30km,16,61,-45
E01001121,2km to less than 5km,47,83,-36
E01001121,30km to less than 40km,5,8,-3
E01001121,40km to less than 60km,4,5,-1
E01001121,5km to less than 10km,88,139,-51
E01001121,60km and over,1,10,-9
E01001121,Less than 2km,27,69,-42
E01001121,"Works mainly at an offshore installation, in no fixed place, or outside the UK",80,55,25
E01001121,Works mainly from home,257,123,134
E01001122,10km to less than 20km,81,241,-160
E01001122,20km to less than 30km,17,44,-27
E01001122,2km to less than 5km,90,165,-75
E01001122,30km to less than 40km,2,10,-8
E01001122,40km to less than 60km,4,7,-3
E01001122,5km to less than 10km,58,81,-23
E01001122,60km and over,0,9,-9
E01001122,Less than 2km,19,68,-49
E01001122,"Works mainly at an offshore installation, in no fixed place, or outside the UK",75,70,5
E01001122,Works mainly from home,322,129,193
E01001123,10km to less than 20km,102,200,-98
E01001123,20km to less than 30km,18,36,-18
E01001123,2km to less than 5km,93,175,-82
E01001123,30km to less than 40km,10,11,-1
E01001123,40km to less than 60km,5,5,0
E01001123,5km to less than 10km,78,88,-10
E01001123,60km and over,0,5,-5
E01001123,Less than 2km,23,50,-27
E01001123,"Works mainly at an offshore installation, in no fixed place, or outside the UK",127,59,68
E01001123,Works mainly from home,346,79,267
E01001124,10km to less than 20km,67,171,-104
E01001124,20km to less than 30km,25,64,-39
E01001124,2km to less than 5km,69,136,-67
E01001124,30km to less than 40km,6,13,-7
E01001124,40km to less than 60km,0,7,-7
E01001124,5km to less than 10km,57,120,-63
E01001124,60km and over,1,9,-8
E01001124,Less than 2km,33,68,-35
E01001124,"Works mainly at an offshore installation, in no fixed place, or outside the UK",100,68,32
E01001124,Works mainly from home,327,116,211
E01001125,10km to less than 20km,82,210,-128
E01001125,20km to less than 30km,28,49,-21
E01001125,2km to less than 5km,88,171,-83
E01001125,30km to less than 40km,3,16,-13
E01001125,40km to less than 60km,2,6,-4
E01001125,5km to less than 10km,89,129,-40
E01001125,60km and over,3,16,-13
E01001125,Less than 2km,44,83,-39
E01001125,"Works mainly at an offshore installation, in no fixed place, or outside the UK",92,76,16
E01001125,Works mainly from home,317,81,236
E01001126,10km to less than 20km,83,155,-72
E01001126,20km to less than 30km,17,54,-37
E01001126,2km to less than 5km,98,167,-69
E01001126,30km to less than 40km,5,11,-6
E01001126,40km to less than 60km,1,4,-3
E01001126,5km to less than 10km,105,130,-25
E01001126,60km and over,1,7,-6
E01001126,Less than 2km,34,65,-31
E01001126,"Works mainly at an offshore installation, in no fixed place, or outside the UK",90,63,27
E01001126,Works mainly from home,265,77,188
E01001127,10km to less than 20km,104,220,-116
E01001127,20km to less than 30km,17,36,-19
E01001127,2km to less than 5km,98,156,-58
E01001127,30km to less than 40km,4,8,-4
E01001127,40km to less than 60km,4,4,0
E01001127,5km to less than 10km,90,153,-63
E01001127,60km and over,5,20,-15
E01001127,Less than 2km,38,88,-50
E01001127,"Works mainly at an offshore installation, in no fixed place, or outside the UK",109,73,36
E01001127,Works mainly from home,304,75,229
E01001128,10km to less than 20km,110,162,-52
E01001128,20km to less than 30km,4,22,-18
E01001128,2km to less than 5km,67,70,-3
E01001128,30km to less than 40km,5,2,3
E01001128,40km to less than 60km,1,6,-5
E01001128,5km to less than 10km,124,161,-37
E01001128,60km and over,4,13,-9
E01001128,Less than 2km,27,64,-37
E01001128,"Works mainly at an offshore installation, in no fixed place, or outside the UK",131,63,68
E01001128,Works mainly from home,155,39,116
E01001129,10km to less than 20km,97,215,-118
E01001129,20km to less than 30km,18,25,-7
E01001129,2km to less than 5km,73,170,-97
E01001129,30km to less than 40km,3,11,-8
E01001129,40km to less than 60km,1,4,-3
E01001129,5km to less than 10km,78,119,-41
E01001129,60km and over,3,8,-5
E01001129,Less than 2km,39,79,-40
E01001129,"Works mainly at an offshore installation, in no fixed place, or outside the UK",89,78,11
E01001129,Works mainly from home,285,68,217
E01001130,10km to less than 20km,91,130,-39
E01001130,20km to less than 30km,18,35,-17
E01001130,2km to less than 5km,84,54,30
E01001130,30km to less than 40km,0,5,-5
E01001130,40km to less than 60km,1,3,-2
E01001130,5km to less than 10km,138,154,-16
E01001130,60km and over,10,12,-2
E01001130,Less than 2km,27,72,-45
E01001130,"Works mainly at an offshore installation, in no fixed place, or outside the UK",107,65,42
E01001130,Works mainly from home,126,28,98
E01001131,10km to less than 20km,86,188,-102
E01001131,20km to less than 30km,12,26,-14
E01001131,2km to less than 5km,119,217,-98
E01001131,30km to less than 40km,4,11,-7
E01001131,40km to less than 60km,4,8,-4
E01001131,5km to less than 10km,100,83,17
E01001131,60km and over,5,8,-3
E01001131,Less than 2km,50,98,-48
E01001131,"Works mainly at an offshore installation, in no fixed place, or outside the UK",123,93,30
E01001131,Works mainly from home,277,64,213
E01001132,10km to less than 20km,114,178,-64
E01001132,20km to less than 30km,6,22,-16
E01001132,2km to less than 5km,111,166,-55
E01001132,30km to less than 40km,4,5,-1
E01001132,40km to less than 60km,3,11,-8
E01001132,5km to less than 10km,73,104,-31
E01001132,60km and over,6,13,-7
E01001132,Less than 2km,33,81,-48
E01001132,"Works mainly at an offshore installation, in no fixed place, or outside the UK",101,60,41
E01001132,Works mainly from home,313,80,233
E01001133,10km to less than 20km,100,190,-90
E01001133,20km to less than 30km,13,19,-6
E01001133,2km to less than 5km,91,112,-21
E01001133,30km to less than 40km,4,5,-1
E01001133,40km to less than 60km,2,5,-3
E01001133,5km to less than 10km,66,109,-43
E01001133,60km and over,3,4,-1
E01001133,Less than 2km,40,69,-29
E01001133,"Works mainly at an offshore installation, in no fixed place, or outside the UK",120,76,44
E01001133,Works mainly from home,279,83,196
E01001134,10km to less than 20km,103,235,-132
E01001134,20km to less than 30km,21,28,-7
E01001134,2km to less than 5km,119,201,-82
E01001134,30km to less than 40km,2,9,-7
E01001134,40km to less than 60km,0,7,-7
E01001134,5km to less than 10km,84,117,-33
E01001134,60km and over,8,16,-8
E01001134,Less than 2km,33,98,-65
E01001134,"Works mainly at an offshore installation, in no fixed place, or outside the UK",120,83,37
E01001134,Works mainly from home,321,82,239
E01001135,10km to less than 20km,103,236,-133
E01001135,20km to less than 30km,13,36,-23
E01001135,2km to less than 5km,81,129,-48
E01001135,30km to less than 40km,7,10,-3
E01001135,40km to less than 60km,0,7,-7
E01001135,5km to less than 10km,98,126,-28
E01001135,60km and over,10,16,-6
E01001135,Less than 2km,39,93,-54
E01001135,"Works mainly at an offshore installation, in no fixed place, or outside the UK",120,89,31
E01001135,Works mainly from home,320,118,202
E01001136,10km to less than 20km,169,292,-123
E01001136,20km to less than 30km,21,27,-6
E01001136,2km to less than 5km,104,122,-18
E01001136,30km to less than 40km,4,7,-3
E01001136,40km to less than 60km,3,5,-2
E01001136,5km to less than 10km,133,157,-24
E01001136,60km and over,3,14,-11
E01001136,Less than 2km,54,72,-18
E01001136,"Works mainly at an offshore installation, in no fixed place, or outside the UK",185,131,54
E01001136,Works mainly from home,428,73,355
E01001137,10km to less than 20km,128,331,-203
E01001137,20km to less than 30km,8,22,-14
E01001137,2km to less than 5km,84,101,-17
E01001137,30km to less than 40km,5,4,1
E01001137,40km to less than 60km,0,9,-9
E01001137,5km to less than 10km,120,189,-69
E01001137,60km and over,6,5,1
E01001137,Less than 2km,31,70,-39
E01001137,"Works mainly at an offshore installation, in no fixed place, or outside the UK",117,87,30
E01001137,Works mainly from home,635,96,539
E01001138,10km to less than 20km,102,373,-271
E01001138,20km to less than 30km,5,17,-12
E01001138,2km to less than 5km,67,96,-29
E01001138,30km to less than 40km,2,1,1
E01001138,40km to less than 60km,1,6,-5
E01001138,5km to less than 10km,86,155,-69
E01001138,60km and over,4,19,-15
E01001138,Less than 2km,26,51,-25
E01001138,"Works mainly at an offshore installation, in no fixed place, or outside the UK",77,77,0
E01001138,Works mainly from home,438,85,353
E01001139,10km to less than 20km,112,223,-111
E01001139,20km to less than 30km,9,28,-19
E01001139,2km to less than 5km,102,141,-39
E01001139,30km to less than 40km,2,5,-3
E01001139,40km to less than 60km,5,5,0
E01001139,5km to less than 10km,114,160,-46
E01001139,60km and over,2,7,-5
E01001139,Less than 2km,30,82,-52
E01001139,"Works mainly at an offshore installation, in no fixed place, or outside the UK",113,89,24
E01001139,Works mainly from home,367,65,302
E01001140,10km to less than 20km,142,347,-205
E01001140,20km to less than 30km,8,17,-9
E01001140,2km to less than 5km,84,123,-39
E01001140,30km to less than 40km,6,4,2
E01001140,40km to less than 60km,2,3,-1
E01001140,5km to less than 10km,95,150,-55
E01001140,60km and over,4,7,-3
E01001140,Less than 2km,40,65,-25
E01001140,"Works mainly at an offshore installation, in no fixed place, or outside the UK",126,96,30
E01001140,Works mainly from home,420,59,361
E01001141,10km to less than 20km,87,197,-110
E01001141,20km to less than 30km,5,24,-19
E01001141,2km to less than 5km,63,66,-3
E01001141,30km to less than 40km,3,4,-1
E01001141,40km to less than 60km,4,2,2
E01001141,5km to less than 10km,89,104,-15
E01001141,60km and over,2,7,-5
E01001141,Less than 2km,31,57,-26
E01001141,"Works mainly at an offshore installation, in no fixed place, or outside the UK",117,87,30
E01001141,Works mainly from home,254,54,200
E01001142,10km to less than 20km,126,243,-117
E01001142,20km to less than 30km,11,21,-10
E01001142,2km to less than 5km,103,112,-9
E01001142,30km to less than 40km,7,8,-1
E01001142,40km to less than 60km,3,3,0
E01001142,5km to less than 10km,106,118,-12
E01001142,60km and over,4,14,-10
E01001142,Less than 2km,45,74,-29
E01001142,"Works mainly at an offshore installation, in no fixed place, or outside the UK",118,76,42
E01001142,Works mainly from home,409,77,332
E01001143,10km to less than 20km,129,251,-122
E01001143,20km to less than 30km,16,23,-7
E01001143,2km to less than 5km,118,120,-2
E01001143,30km to less than 40km,6,16,-10
E01001143,40km to less than 60km,4,5,-1
E01001143,5km to less than 10km,121,161,-40
E01001143,60km and over,5,9,-4
E01001143,Less than 2km,47,72,-25
E01001143,"Works mainly at an offshore installation, in no fixed place, or outside the UK",162,87,75
E01001143,Works mainly from home,329,67,262
E01001144,10km to less than 20km,125,251,-126
E01001144,20km to less than 30km,18,23,-5
E01001144,2km to less than 5km,114,109,5
E01001144,30km to less than 40km,2,5,-3
E01001144,40km to less than 60km,0,9,-9
E01001144,5km to less than 10km,93,120,-27
E01001144,60km and over,4,12,-8
E01001144,Less than 2km,29,70,-41
E01001144,"Works mainly at an offshore installation, in no fixed place, or outside the UK",150,81,69
E01001144,Works mainly from home,375,53,322
E01001145,10km to less than 20km,143,226,-83
E01001145,20km to less than 30km,10,17,-7
E01001145,2km to less than 5km,117,111,6
E01001145,30km to less than 40km,2,4,-2
E01001145,40km to less than 60km,5,4,1
E01001145,5km to less than 10km,106,141,-35
E01001145,60km and over,7,12,-5
E01001145,Less than 2km,37,71,-34
E01001145,"Works mainly at an offshore installation, in no fixed place, or outside the UK",126,70,56
E01001145,Works mainly from home,221,55,166
E01001146,10km to less than 20km,100,208,-108
E01001146,20km to less than 30km,11,23,-12
E01001146,2km to less than 5km,100,132,-32
E01001146,30km to less than 40km,4,11,-7
E01001146,40km to less than 60km,3,3,0
E01001146,5km to less than 10km,102,178,-76
E01001146,60km and over,3,8,-5
E01001146,Less than 2km,54,69,-15
E01001146,"Works mainly at an offshore installation, in no fixed place, or outside the UK",126,73,53
E01001146,Works mainly from home,243,51,192
E01001147,10km to less than 20km,119,143,-24
E01001147,20km to less than 30km,11,17,-6
E01001147,2km to less than 5km,106,116,-10
E01001147,30km to less than 40km,3,9,-6
E01001147,40km to less than 60km,6,5,1
E01001147,5km to less than 10km,112,155,-43
E01001147,60km and over,5,9,-4
E01001147,Less than 2km,54,80,-26
E01001147,"Works mainly at an offshore installation, in no fixed place, or outside the UK",169,74,95
E01001147,Works mainly from home,237,45,192
E01001148,10km to less than 20km,128,195,-67
E01001148,20km to less than 30km,17,19,-2
E01001148,2km to less than 5km,104,145,-41
E01001148,30km to less than 40km,2,6,-4
E01001148,40km to less than 60km,3,9,-6
E01001148,5km to less than 10km,135,201,-66
E01001148,60km and over,7,14,-7
E01001148,Less than 2km,41,70,-29
E01001148,"Works mainly at an offshore installation, in no fixed place, or outside the UK",143,62,81
E01001148,Works mainly from home,276,59,217
E01001149,10km to less than 20km,119,221,-102
E01001149,20km to less than 30km,16,19,-3
E01001149,2km to less than 5km,76,115,-39
E01001149,30km to less than 40km,0,6,-6
E01001149,40km to less than 60km,2,4,-2
E01001149,5km to less than 10km,110,151,-41
E01001149,60km and over,5,11,-6
E01001149,Less than 2km,32,63,-31
E01001149,"Works mainly at an offshore installation, in no fixed place, or outside the UK",131,92,39
E01001149,Works mainly from home,293,60,233
E01001150,10km to less than 20km,101,248,-147
E01001150,20km to less than 30km,13,27,-14
E01001150,2km to less than 5km,108,114,-6
E01001150,30km to less than 40km,5,9,-4
E01001150,40km to less than 60km,3,2,1
E01001150,5km to less than 10km,122,163,-41
E01001150,60km and over,8,6,2
E01001150,Less than 2km,40,75,-35
E01001150,"Works mainly at an offshore installation, in no fixed place, or outside the UK",129,89,40
E01001150,Works mainly from home,393,65,328
E01001151,10km to less than 20km,101,160,-59
E01001151,20km to less than 30km,15,17,-2
E01001151,2km to less than 5km,100,113,-13
E01001151,30km to less than 40km,2,8,-6
E01001151,40km to less than 60km,6,4,2
E01001151,5km to less than 10km,140,139,1
E01001151,60km and over,5,7,-2
E01001151,Less than 2km,73,82,-9
E01001151,"Works mainly at an offshore installation, in no fixed place, or outside the UK",146,85,61
E01001151,Works mainly from home,184,51,133
E01001152,10km to less than 20km,160,208,-48
E01001152,20km to less than 30km,14,18,-4
E01001152,2km to less than 5km,103,123,-20
E01001152,30km to less than 40km,5,5,0
E01001152,40km to less than 60km,5,7,-2
E01001152,5km to less than 10km,196,141,55
E01001152,60km and over,6,5,1
E01001152,Less than 2km,100,100,0
E01001152,"Works mainly at an offshore installation, in no fixed place, or outside the UK",227,98,129
E01001152,Works mainly from home,222,61,161
E01001153,10km to less than 20km,113,217,-104
E01001153,20km to less than 30km,13,21,-8
E01001153,2km to less than 5km,105,136,-31
E01001153,30km to less than 40km,7,6,1
E01001153,40km to less than 60km,1,7,-6
E01001153,5km to less than 10km,115,154,-39
E01001153,60km and over,7,14,-7
E01001153,Less than 2km,60,84,-24
E01001153,"Works mainly at an offshore installation, in no fixed place, or outside the UK",123,72,51
E01001153,Works mainly from home,278,61,217
E01001154,10km to less than 20km,149,217,-68
E01001154,20km to less than 30km,26,24,2
E01001154,2km to less than 5km,118,150,-32
E01001154,30km to less than 40km,1,7,-6
E01001154,40km to less than 60km,2,5,-3
E01001154,5km to less than 10km,140,158,-18
E01001154,60km and over,4,13,-9
E01001154,Less than 2km,80,100,-20
E01001154,"Works mainly at an offshore installation, in no fixed place, or outside the UK",210,101,109
E01001154,Works mainly from home,244,82,162
E01001155,10km to less than 20km,80,166,-86
E01001155,20km to less than 30km,6,20,-14
E01001155,2km to less than 5km,85,112,-27
E01001155,30km to less than 40km,1,0,1
E01001155,40km to less than 60km,1,3,-2
E01001155,5km to less than 10km,127,116,11
E01001155,60km and over,6,7,-1
E01001155,Less than 2km,60,90,-30
E01001155,"Works mainly at an offshore installation, in no fixed place, or outside the UK",124,62,62
E01001155,Works mainly from home,185,53,132
E01001156,10km to less than 20km,101,213,-112
E01001156,20km to less than 30km,16,25,-9
E01001156,2km to less than 5km,78,107,-29
E01001156,30km to less than 40km,0,8,-8
E01001156,40km to less than 60km,3,6,-3
E01001156,5km to less than 10km,146,201,-55
E01001156,60km and over,1,8,-7
E01001156,Less than 2km,38,56,-18
E01001156,"Works mainly at an offshore installation, in no fixed place, or outside the UK",117,72,45
E01001156,Works mainly from home,405,86,319
E01001157,10km to less than 20km,89,209,-120
E01001157,20km to less than 30km,19,22,-3
E01001157,2km to less than 5km,124,166,-42
E01001157,30km to less than 40km,4,6,-2
E01001157,40km to less than 60km,2,5,-3
E01001157,5km to less than 10km,106,178,-72
E01001157,60km and over,7,13,-6
E01001157,Less than 2km,36,78,-42
E01001157,"Works mainly at an offshore installation, in no fixed place, or outside the UK",146,83,63
E01001157,Works mainly from home,286,64,222
E01001158,10km to less than 20km,92,217,-125
E01001158,20km to less than 30km,11,14,-3
E01001158,2km to less than 5km,88,139,-51
E01001158,30km to less than 40km,1,7,-6
E01001158,40km to less than 60km,4,2,2
E01001158,5km to less than 10km,128,164,-36
E01001158,60km and over,2,10,-8
E01001158,Less than 2km,30,59,-29
E01001158,"Works mainly at an offshore installation, in no fixed place, or outside the UK",130,91,39
E01001158,Works mainly from home,299,64,235
E01001159,10km to less than 20km,109,211,-102
E01001159,20km to less than 30km,10,27,-17
E01001159,2km to less than 5km,113,147,-34
E01001159,30km to less than 40km,2,4,-2
E01001159,40km to less than 60km,3,8,-5
E01001159,5km to less than 10km,119,205,-86
E01001159,60km and over,4,9,-5
E01001159,Less than 2km,58,59,-1
E01001159,"Works mainly at an offshore installation, in no fixed place, or outside the UK",120,111,9
E01001159,Works mainly from home,396,91,305
E01001160,10km to less than 20km,83,207,-124
E01001160,20km to less than 30km,15,19,-4
E01001160,2km to less than 5km,131,154,-23
E01001160,30km to less than 40km,5,7,-2
E01001160,40km to less than 60km,4,4,0
E01001160,5km to less than 10km,158,191,-33
E01001160,60km and over,4,14,-10
E01001160,Less than 2km,56,106,-50
E01001160,"Works mainly at an offshore installation, in no fixed place, or outside the UK",136,96,40
E01001160,Works mainly from home,300,91,209
E01001161,10km to less than 20km,89,147,-58
E01001161,20km to less than 30km,13,22,-9
E01001161,2km to less than 5km,148,155,-7
E01001161,30km to less than 40km,0,4,-4
E01001161,40km to less than 60km,3,8,-5
E01001161,5km to less than 10km,109,130,-21
E01001161,60km and over,9,14,-5
E01001161,Less than 2km,56,72,-16
E01001161,"Works mainly at an offshore installation, in no fixed place, or outside the UK",158,88,70
E01001161,Works mainly from home,187,55,132
E01001162,10km to less than 20km,118,210,-92
E01001162,20km to less than 30km,7,24,-17
E01001162,2km to less than 5km,112,112,0
E01001162,30km to less than 40km,4,2,2
E01001162,40km to less than 60km,2,8,-6
E01001162,5km to less than 10km,137,201,-64
E01001162,60km and over,4,7,-3
E01001162,Less than 2km,52,81,-29
E01001162,"Works mainly at an offshore installation, in no fixed place, or outside the UK",130,93,37
E01001162,Works mainly from home,379,77,302
E01001163,10km to less than 20km,105,249,-144
E01001163,20km to less than 30km,12,18,-6
E01001163,2km to less than 5km,99,134,-35
E01001163,30km to less than 40km,1,10,-9
E01001163,40km to less than 60km,1,6,-5
E01001163,5km to less than 10km,147,294,-147
E01001163,60km and over,15,15,0
E01001163,Less than 2km,48,90,-42
E01001163,"Works mainly at an offshore installation, in no fixed place, or outside the UK",118,97,21
E01001163,Works mainly from home,474,88,386
E01001164,10km to less than 20km,125,349,-224
E01001164,20km to less than 30km,13,32,-19
E01001164,2km to less than 5km,69,91,-22
E01001164,30km to less than 40km,5,7,-2
E01001164,40km to less than 60km,4,4,0
E01001164,5km to less than 10km,157,295,-138
E01001164,60km and over,9,16,-7
E01001164,Less than 2km,48,83,-35
E01001164,"Works mainly at an offshore installation, in no fixed place, or outside the UK",127,150,-23
E01001164,Works mainly from home,657,132,525
E01001165,10km to less than 20km,128,259,-131
E01001165,20km to less than 30km,16,30,-14
E01001165,2km to less than 5km,87,91,-4
E01001165,30km to less than 40km,2,8,-6
E01001165,40km to less than 60km,5,12,-7
E01001165,5km to less than 10km,104,141,-37
E01001165,60km and over,15,12,3
E01001165,Less than 2km,122,183,-61
E01001165,"Works mainly at an offshore installation, in no fixed place, or outside the UK",183,103,80
E01001165,Works mainly from home,369,70,299
E01001166,10km to less than 20km,129,216,-87
E01001166,20km to less than 30km,12,34,-22
E01001166,2km to less than 5km,62,76,-14
E01001166,30km to less than 40km,6,15,-9
E01001166,40km to less than 60km,3,2,1
E01001166,5km to less than 10km,99,114,-15
E01001166,60km and over,6,19,-13
E01001166,Less than 2km,119,182,-63
E01001166,"Works mainly at an offshore installation, in no fixed place, or outside the UK",171,120,51
E01001166,Works mainly from home,243,87,156
E01001167,10km to less than 20km,158,310,-152
E01001167,20km to less than 30km,24,56,-32
E01001167,2km to less than 5km,127,146,-19
E01001167,30km to less than 40km,5,15,-10
E01001167,40km to less than 60km,6,15,-9
E01001167,5km to less than 10km,128,144,-16
E01001167,60km and over,6,19,-13
E01001167,Less than 2km,136,209,-73
E01001167,"Works mainly at an offshore installation, in no fixed place, or outside the UK",195,106,89
E01001167,Works mainly from home,374,68,306
E01001168,10km to less than 20km,133,278,-145
E01001168,20km to less than 30km,22,35,-13
E01001168,2km to less than 5km,95,89,6
E01001168,30km to less than 40km,7,9,-2
E01001168,40km to less than 60km,3,4,-1
E01001168,5km to less than 10km,120,111,9
E01001168,60km and over,7,18,-11
E01001168,Less than 2km,104,185,-81
E01001168,"Works mainly at an offshore installation, in no fixed place, or outside the UK",187,125,62
E01001168,Works mainly from home,323,71,252
E01001169,10km to less than 20km,92,156,-64
E01001169,20km to less than 30km,15,29,-14
E01001169,2km to less than 5km,96,125,-29
E01001169,30km to less than 40km,4,5,-1
E01001169,40km to less than 60km,3,9,-6
E01001169,5km to less than 10km,91,110,-19
E01001169,60km and over,5,11,-6
E01001169,Less than 2km,144,159,-15
E01001169,"Works mainly at an offshore installation, in no fixed place, or outside the UK",109,60,49
E01001169,Works mainly from home,242,36,206
E01001170,10km to less than 20km,124,321,-197
E01001170,20km to less than 30km,14,57,-43
E01001170,2km to less than 5km,94,101,-7
E01001170,30km to less than 40km,0,18,-18
E01001170,40km to less than 60km,2,7,-5
E01001170,5km to less than 10km,79,116,-37
E01001170,60km and over,4,26,-22
E01001170,Less than 2km,115,228,-113
E01001170,"Works mainly at an offshore installation, in no fixed place, or outside the UK",137,105,32
E01001170,Works mainly from home,351,66,285
E01001171,10km to less than 20km,101,189,-88
E01001171,20km to less than 30km,17,24,-7
E01001171,2km to less than 5km,64,74,-10
E01001171,30km to less than 40km,7,5,2
E01001171,40km to less than 60km,5,8,-3
E01001171,5km to less than 10km,72,87,-15
E01001171,60km and over,6,19,-13
E01001171,Less than 2km,78,135,-57
E01001171,"Works mainly at an offshore installation, in no fixed place, or outside the UK",113,60,53
E01001171,Works mainly from home,280,66,214
E01001172,10km to less than 20km,116,97,19
E01001172,20km to less than 30km,14,34,-20
E01001172,2km to less than 5km,146,135,11
E01001172,30km to less than 40km,6,7,-1
E01001172,40km to less than 60km,3,3,0
E01001172,5km to less than 10km,108,115,-7
E01001172,60km and over,8,14,-6
E01001172,Less than 2km,118,118,0
E01001172,"Works mainly at an offshore installation, in no fixed place, or outside the UK",163,80,83
E01001172,Works mainly from home,200,51,149
E01001173,10km to less than 20km,201,365,-164
E01001173,20km to less than 30km,33,67,-34
E01001173,2km to less than 5km,202,222,-20
E01001173,30km to less than 40km,4,17,-13
E01001173,40km to less than 60km,2,9,-7
E01001173,5km to less than 10km,121,145,-24
E01001173,60km and over,8,20,-12
E01001173,Less than 2km,143,186,-43
E01001173,"Works mainly at an offshore installation, in no fixed place, or outside the UK",198,134,64
E01001173,Works mainly from home,488,111,377
E01001174,10km to less than 20km,84,143,-59
E01001174,20km to less than 30km,14,19,-5
E01001174,2km to less than 5km,121,130,-9
E01001174,30km to less than 40km,2,5,-3
E01001174,40km to less than 60km,5,3,2
E01001174,5km to less than 10km,105,117,-12
E01001174,60km and over,4,13,-9
E01001174,Less than 2km,79,155,-76
E01001174,"Works mainly at an offshore installation, in no fixed place, or outside the UK",121,59,62
E01001174,Works mainly from home,195,61,134
E01001175,10km to less than 20km,94,158,-64
E01001175,20km to less than 30km,7,18,-11
E01001175,2km to less than 5km,92,113,-21
E01001175,30km to less than 40km,3,5,-2
E01001175,40km to less than 60km,3,2,1
E01001175,5km to less than 10km,96,98,-2
E01001175,60km and over,3,10,-7
E01001175,Less than 2km,114,135,-21
E01001175,"Works mainly at an offshore installation, in no fixed place, or outside the UK",124,69,55
E01001175,Works mainly from home,179,35,144
E01001176,10km to less than 20km,110,167,-57
E01001176,20km to less than 30km,16,25,-9
E01001176,2km to less than 5km,97,154,-57
E01001176,30km to less than 40km,1,7,-6
E01001176,40km to less than 60km,11,2,9
E01001176,5km to less than 10km,127,164,-37
E01001176,60km and over,4,17,-13
E01001176,Less than 2km,104,123,-19
E01001176,"Works mainly at an offshore installation, in no fixed place, or outside the UK",136,86,50
E01001176,Works mainly from home,190,64,126
E01001177,10km to less than 20km,99,123,-24
E01001177,20km to less than 30km,10,28,-18
E01001177,2km to less than 5km,139,146,-7
E01001177,30km to less than 40km,6,12,-6
E01001177,40km to less than 60km,8,6,2
E01001177,5km to less than 10km,148,154,-6
E01001177,60km and over,7,19,-12
E01001177,Less than 2km,78,106,-28
E01001177,"Works mainly at an offshore installation, in no fixed place, or outside the UK",133,40,93
E01001177,Works mainly from home,159,50,109
E01001178,10km to less than 20km,105,113,-8
E01001178,20km to less than 30km,5,12,-7
E01001178,2km to less than 5km,76,57,19
E01001178,30km to less than 40km,1,4,-3
E01001178,40km to less than 60km,2,3,-1
E01001178,5km to less than 10km,94,78,16
E01001178,60km and over,3,13,-10
E01001178,Less than 2km,100,121,-21
E01001178,"Works mainly at an offshore installation, in no fixed place, or outside the UK",116,55,61
E01001178,Works mainly from home,134,38,96
E01001179,10km to less than 20km,93,144,-51
E01001179,20km to less than 30km,14,26,-12
E01001179,2km to less than 5km,103,107,-4
E01001179,30km to less than 40km,5,4,1
E01001179,40km to less than 60km,4,7,-3
E01001179,5km to less than 10km,105,126,-21
E01001179,60km and over,2,11,-9
E01001179,Less than 2km,112,175,-63
E01001179,"Works mainly at an offshore installation, in no fixed place, or outside the UK",125,47,78
E01001179,Works mainly from home,176,52,124
E01001180,10km to less than 20km,115,177,-62
E01001180,20km to less than 30km,16,27,-11
E01001180,2km to less than 5km,91,115,-24
E01001180,30km to less than 40km,3,10,-7
E01001180,40km to less than 60km,6,8,-2
E01001180,5km to less than 10km,163,148,15
E01001180,60km and over,4,8,-4
E01001180,Less than 2km,154,179,-25
E01001180,"Works mainly at an offshore installation, in no fixed place, or outside the UK",171,66,105
E01001180,Works mainly from home,183,39,144
E01001181,10km to less than 20km,105,192,-87
E01001181,20km to less than 30km,14,25,-11
E01001181,2km to less than 5km,76,85,-9
E01001181,30km to less than 40km,4,6,-2
E01001181,40km to less than 60km,5,5,0
E01001181,5km to less than 10km,122,141,-19
E01001181,60km and over,7,17,-10
E01001181,Less than 2km,140,209,-69
E01001181,"Works mainly at an offshore installation, in no fixed place, or outside the UK",170,66,104
E01001181,Works mainly from home,182,56,126
E01001182,10km to less than 20km,97,162,-65
E01001182,20km to less than 30km,6,17,-11
E01001182,2km to less than 5km,101,101,0
E01001182,30km to less than 40km,5,5,0
E01001182,40km to less than 60km,3,6,-3
E01001182,5km to less than 10km,110,97,13
E01001182,60km and over,9,15,-6
E01001182,Less than 2km,46,94,-48
E01001182,"Works mainly at an offshore installation, in no fixed place, or outside the UK",111,59,52
E01001182,Works mainly from home,164,53,111
E01001183,10km to less than 20km,110,181,-71
E01001183,20km to less than 30km,25,26,-1
E01001183,2km to less than 5km,103,136,-33
E01001183,30km to less than 40km,0,7,-7
E01001183,40km to less than 60km,7,5,2
E01001183,5km to less than 10km,124,126,-2
E01001183,60km and over,6,8,-2
E01001183,Less than 2km,94,109,-15
E01001183,"Works mainly at an offshore installation, in no fixed place, or outside the UK",143,60,83
E01001183,Works mainly from home,181,56,125
E01001184,10km to less than 20km,79,142,-63
E01001184,20km to less than 30km,13,22,-9
E01001184,2km to less than 5km,99,134,-35
E01001184,30km to less than 40km,2,5,-3
E01001184,40km to less than 60km,4,4,0
E01001184,5km to less than 10km,85,102,-17
E01001184,60km and over,6,13,-7
E01001184,Less than 2km,61,110,-49
E01001184,"Works mainly at an offshore installation, in no fixed place, or outside the UK",113,46,67
E01001184,Works mainly from home,198,40,158
E01001185,10km to less than 20km,114,253,-139
E01001185,20km to less than 30km,14,32,-18
E01001185,2km to less than 5km,106,163,-57
E01001185,30km to less than 40km,8,12,-4
E01001185,40km to less than 60km,4,5,-1
E01001185,5km to less than 10km,91,102,-11
E01001185,60km and over,5,10,-5
E01001185,Less than 2km,39,96,-57
E01001185,"Works mainly at an offshore installation, in no fixed place, or outside the UK",139,108,31
E01001185,Works mainly from home,382,58,324
E01001186,10km to less than 20km,119,230,-111
E01001186,20km to less than 30km,11,28,-17
E01001186,2km to less than 5km,118,162,-44
E01001186,30km to less than 40km,1,4,-3
E01001186,40km to less than 60km,2,11,-9
E01001186,5km to less than 10km,117,124,-7
E01001186,60km and over,5,12,-7
E01001186,Less than 2km,46,82,-36
E01001186,"Works mainly at an offshore installation, in no fixed place, or outside the UK",137,66,71
E01001186,Works mainly from home,269,71,198
E01001187,10km to less than 20km,137,259,-122
E01001187,20km to less than 30km,16,30,-14
E01001187,2km to less than 5km,141,157,-16
E01001187,30km to less than 40km,1,7,-6
E01001187,40km to less than 60km,2,12,-10
E01001187,5km to less than 10km,92,127,-35
E01001187,60km and over,7,23,-16
E01001187,Less than 2km,86,151,-65
E01001187,"Works mainly at an offshore installation, in no fixed place, or outside the UK",178,106,72
E01001187,Works mainly from home,325,82,243
E01001188,10km to less than 20km,127,265,-138
E01001188,20km to less than 30km,22,28,-6
E01001188,2km to less than 5km,120,147,-27
E01001188,30km to less than 40km,4,2,2
E01001188,40km to less than 60km,3,6,-3
E01001188,5km to less than 10km,84,111,-27
E01001188,60km and over,4,17,-13
E01001188,Less than 2km,52,83,-31
E01001188,"Works mainly at an offshore installation, in no fixed place, or outside the UK",147,111,36
E01001188,Works mainly from home,366,72,294
E01001189,10km to less than 20km,82,181,-99
E01001189,20km to less than 30km,10,19,-9
E01001189,2km to less than 5km,80,126,-46
E01001189,30km to less than 40km,3,5,-2
E01001189,40km to less than 60km,0,4,-4
E01001189,5km to less than 10km,80,92,-12
E01001189,60km and over,6,10,-4
E01001189,Less than 2km,24,69,-45
E01001189,"Works mainly at an offshore installation, in no fixed place, or outside the UK",91,56,35
E01001189,Works mainly from home,257,43,214
E01001190,10km to less than 20km,90,318,-228
E01001190,20km to less than 30km,16,33,-17
E01001190,2km to less than 5km,88,181,-93
E01001190,30km to less than 40km,4,7,-3
E01001190,40km to less than 60km,1,2,-1
E01001190,5km to less than 10km,101,162,-61
E01001190,60km and over,2,13,-11
E01001190,Less than 2km,27,119,-92
E01001190,"Works mainly at an offshore installation, in no fixed place, or outside the UK",132,85,47
E01001190,Works mainly from home,358,76,282
E01001191,10km to less than 20km,140,306,-166
E01001191,20km to less than 30km,11,26,-15
E01001191,2km to less than 5km,121,148,-27
E01001191,30km to less than 40km,12,11,1
E01001191,40km to less than 60km,5,10,-5
E01001191,5km to less than 10km,126,139,-13
E01001191,60km and over,13,13,0
E01001191,Less than 2km,38,61,-23
E01001191,"Works mainly at an offshore installation, in no fixed place, or outside the UK",184,78,106
E01001191,Works mainly from home,335,96,239
E01001192,10km to less than 20km,121,175,-54
E01001192,20km to less than 30km,9,15,-6
E01001192,2km to less than 5km,93,94,-1
E01001192,30km to less than 40km,4,4,0
E01001192,40km to less than 60km,2,3,-1
E01001192,5km to less than 10km,117,83,34
E01001192,60km and over,3,2,1
E01001192,Less than 2km,32,47,-15
E01001192,"Works mainly at an offshore installation, in no fixed place, or outside the UK",140,52,88
E01001192,Works mainly from home,317,46,271
E01001193,10km to less than 20km,114,173,-59
E01001193,20km to less than 30km,5,19,-14
E01001193,2km to less than 5km,159,158,1
E01001193,30km to less than 40km,3,4,-1
E01001193,40km to less than 60km,1,5,-4
E01001193,5km to less than 10km,88,118,-30
E01001193,60km and over,9,17,-8
E01001193,Less than 2km,49,109,-60
E01001193,"Works mainly at an offshore installation, in no fixed place, or outside the UK",129,64,65
E01001193,Works mainly from home,242,55,187
E01001194,10km to less than 20km,103,282,-179
E01001194,20km to less than 30km,12,27,-15
E01001194,2km to less than 5km,106,134,-28
E01001194,30km to less than 40km,6,5,1
E01001194,40km to less than 60km,4,2,2
E01001194,5km to less than 10km,90,132,-42
E01001194,60km and over,4,11,-7
E01001194,Less than 2km,32,75,-43
E01001194,"Works mainly at an offshore installation, in no fixed place, or outside the UK",139,86,53
E01001194,Works mainly from home,387,57,330
E01001195,10km to less than 20km,65,176,-111
E01001195,20km to less than 30km,8,19,-11
E01001195,2km to less than 5km,90,126,-36
E01001195,30km to less than 40km,3,7,-4
E01001195,40km to less than 60km,0,9,-9
E01001195,5km to less than 10km,115,186,-71
E01001195,60km and over,2,10,-8
E01001195,Less than 2km,60,96,-36
E01001195,"Works mainly at an offshore installation, in no fixed place, or outside the UK",137,110,27
E01001195,Works mainly from home,336,71,265
E01001196,10km to less than 20km,65,109,-44
E01001196,20km to less than 30km,5,6,-1
E01001196,2km to less than 5km,97,146,-49
E01001196,30km to less than 40km,0,2,-2
E01001196,40km to less than 60km,1,5,-4
E01001196,5km to less than 10km,104,182,-78
E01001196,60km and over,7,7,0
E01001196,Less than 2km,65,93,-28
E01001196,"Works mainly at an offshore installation, in no fixed place, or outside the UK",131,115,16
E01001196,Works mainly from home,220,66,154
E01001197,10km to less than 20km,64,160,-96
E01001197,20km to less than 30km,7,9,-2
E01001197,2km to less than 5km,93,146,-53
E01001197,30km to less than 40km,1,6,-5
E01001197,40km to less than 60km,4,11,-7
E01001197,5km to less than 10km,124,172,-48
E01001197,60km and over,2,7,-5
E01001197,Less than 2km,60,91,-31
E01001197,"Works mainly at an offshore installation, in no fixed place, or outside the UK",106,92,14
E01001197,Works mainly from home,377,77,300
E01001198,10km to less than 20km,50,142,-92
E01001198,20km to less than 30km,14,10,4
E01001198,2km to less than 5km,91,151,-60
E01001198,30km to less than 40km,2,4,-2
E01001198,40km to less than 60km,6,5,1
E01001198,5km to less than 10km,119,185,-66
E01001198,60km and over,3,8,-5
E01001198,Less than 2km,67,95,-28
E01001198,"Works mainly at an offshore installation, in no fixed place, or outside the UK",113,106,7
E01001198,Works mainly from home,391,90,301
E01001199,10km to less than 20km,61,187,-126
E01001199,20km to less than 30km,8,17,-9
E01001199,2km to less than 5km,113,175,-62
E01001199,30km to less than 40km,2,6,-4
E01001199,40km to less than 60km,3,7,-4
E01001199,5km to less than 10km,134,187,-53
E01001199,60km and over,1,11,-10
E01001199,Less than 2km,47,81,-34
E01001199,"Works mainly at an offshore installation, in no fixed place, or outside the UK",155,128,27
E01001199,Works mainly from home,347,97,250
E01001200,10km to less than 20km,72,135,-63
E01001200,20km to less than 30km,8,11,-3
E01001200,2km to less than 5km,105,166,-61
E01001200,30km to less than 40km,7,9,-2
E01001200,40km to less than 60km,1,7,-6
E01001200,5km to less than 10km,121,224,-103
E01001200,60km and over,1,5,-4
E01001200,Less than 2km,54,99,-45
E01001200,"Works mainly at an offshore installation, in no fixed place, or outside the UK",117,119,-2
E01001200,Works mainly from home,405,100,305
E01001201,10km to less than 20km,60,147,-87
E01001201,20km to less than 30km,5,20,-15
E01001201,2km to less than 5km,118,172,-54
E01001201,30km to less than 40km,4,10,-6
E01001201,40km to less than 60km,2,5,-3
E01001201,5km to less than 10km,118,223,-105
E01001201,60km and over,5,8,-3
E01001201,Less than 2km,63,98,-35
E01001201,"Works mainly at an offshore installation, in no fixed place, or outside the UK",96,90,6
E01001201,Works mainly from home,428,118,310
E01001202,10km to less than 20km,91,189,-98
E01001202,20km to less than 30km,11,16,-5
E01001202,2km to less than 5km,162,208,-46
E01001202,30km to less than 40km,2,12,-10
E01001202,40km to less than 60km,10,8,2
E01001202,5km to less than 10km,179,209,-30
E01001202,60km and over,8,14,-6
E01001202,Less than 2km,84,97,-13
E01001202,"Works mainly at an offshore installation, in no fixed place, or outside the UK",194,150,44
E01001202,Works mainly from home,471,94,377
E01001203,10km to less than 20km,59,166,-107
E01001203,20km to less than 30km,8,19,-11
E01001203,2km to less than 5km,125,195,-70
E01001203,30km to less than 40km,3,6,-3
E01001203,40km to less than 60km,1,6,-5
E01001203,5km to less than 10km,111,229,-118
E01001203,60km and over,4,5,-1
E01001203,Less than 2km,56,99,-43
E01001203,"Works mainly at an offshore installation, in no fixed place, or outside the UK",136,154,-18
E01001203,Works mainly from home,361,80,281
E01001204,10km to less than 20km,78,227,-149
E01001204,20km to less than 30km,8,19,-11
E01001204,2km to less than 5km,66,122,-56
E01001204,30km to less than 40km,3,11,-8
E01001204,40km to less than 60km,0,3,-3
E01001204,5km to less than 10km,61,139,-78
E01001204,60km and over,4,14,-10
E01001204,Less than 2km,55,84,-29
E01001204,"Works mainly at an offshore installation, in no fixed place, or outside the UK",83,99,-16
E01001204,Works mainly from home,411,78,333
E01001205,10km to less than 20km,84,186,-102
E01001205,20km to less than 30km,6,23,-17
E01001205,2km to less than 5km,71,108,-37
E01001205,30km to less than 40km,1,5,-4
E01001205,40km to less than 60km,2,8,-6
E01001205,5km to less than 10km,93,125,-32
E01001205,60km and over,2,5,-3
E01001205,Less than 2km,63,75,-12
E01001205,"Works mainly at an offshore installation, in no fixed place, or outside the UK",129,107,22
E01001205,Works mainly from home,296,61,235
E01001206,10km to less than 20km,82,131,-49
E01001206,20km to less than 30km,5,19,-14
E01001206,2km to less than 5km,83,103,-20
E01001206,30km to less than 40km,0,3,-3
E01001206,40km to less than 60km,3,3,0
E01001206,5km to less than 10km,87,109,-22
E01001206,60km and over,1,3,-2
E01001206,Less than 2km,60,68,-8
E01001206,"Works mainly at an offshore installation, in no fixed place, or outside the UK",116,76,40
E01001206,Works mainly from home,141,44,97
E01001207,10km to less than 20km,123,314,-191
E01001207,20km to less than 30km,24,27,-3
E01001207,2km to less than 5km,76,121,-45
E01001207,30km to less than 40km,4,7,-3
E01001207,40km to less than 60km,3,10,-7
E01001207,5km to less than 10km,82,153,-71
E01001207,60km and over,0,9,-9
E01001207,Less than 2km,57,120,-63
E01001207,"Works mainly at an offshore installation, in no fixed place, or outside the UK",140,115,25
E01001207,Works mainly from home,531,84,447
E01001208,10km to less than 20km,66,177,-111
E01001208,20km to less than 30km,13,27,-14
E01001208,2km to less than 5km,57,93,-36
E01001208,30km to less than 40km,2,5,-3
E01001208,40km to less than 60km,4,7,-3
E01001208,5km to less than 10km,47,92,-45
E01001208,60km and over,6,8,-2
E01001208,Less than 2km,48,74,-26
E01001208,"Works mainly at an offshore installation, in no fixed place, or outside the UK",46,47,-1
E01001208,Works mainly from home,351,101,250
E01001209,10km to less than 20km,70,271,-201
E01001209,20km to less than 30km,8,24,-16
E01001209,2km to less than 5km,58,104,-46
E01001209,30km to less than 40km,3,16,-13
E01001209,40km to less than 60km,2,10,-8
E01001209,5km to less than 10km,59,128,-69
E01001209,60km and over,9,13,-4
E01001209,Less than 2km,77,114,-37
E01001209,"Works mainly at an offshore installation, in no fixed place, or outside the UK",90,88,2
E01001209,Works mainly from home,483,122,361
E01001210,10km to less than 20km,102,143,-41
E01001210,20km to less than 30km,8,18,-10
E01001210,2km to less than 5km,109,132,-23
E01001210,30km to less than 40km,3,3,0
E01001210,40km to less than 60km,4,6,-2
E01001210,5km to less than 10km,76,113,-37
E01001210,60km and over,8,6,2
E01001210,Less than 2km,49,53,-4
E01001210,"Works mainly at an offshore installation, in no fixed place, or outside the UK",118,71,47
E01001210,Works mainly from home,174,54,120
E01001211,10km to less than 20km,94,283,-189
E01001211,20km to less than 30km,7,43,-36
E01001211,2km to less than 5km,69,88,-19
E01001211,30km to less than 40km,1,12,-11
E01001211,40km to less than 60km,1,5,-4
E01001211,5km to less than 10km,83,146,-63
E01001211,60km and over,0,8,-8
E01001211,Less than 2km,67,110,-43
E01001211,"Works mainly at an offshore installation, in no fixed place, or outside the UK",111,76,35
E01001211,Works mainly from home,436,103,333
E01001212,10km to less than 20km,92,264,-172
E01001212,20km to less than 30km,10,21,-11
E01001212,2km to less than 5km,55,96,-41
E01001212,30km to less than 40km,3,5,-2
E01001212,40km to less than 60km,0,5,-5
E01001212,5km to less than 10km,77,114,-37
E01001212,60km and over,3,7,-4
E01001212,Less than 2km,64,92,-28
E01001212,"Works mainly at an offshore installation, in no fixed place, or outside the UK",87,68,19
E01001212,Works mainly from home,422,121,301
E01001213,10km to less than 20km,93,143,-50
E01001213,20km to less than 30km,13,35,-22
E01001213,2km to less than 5km,123,107,16
E01001213,30km to less than 40km,2,11,-9
E01001213,40km to less than 60km,4,7,-3
E01001213,5km to less than 10km,178,229,-51
E01001213,60km and over,12,17,-5
E01001213,Less than 2km,148,126,22
E01001213,"Works mainly at an offshore installation, in no fixed place, or outside the UK",119,64,55
E01001213,Works mainly from home,132,46,86
E01001214,10km to less than 20km,86,136,-50
E01001214,20km to less than 30km,25,28,-3
E01001214,2km to less than 5km,111,155,-44
E01001214,30km to less than 40km,1,14,-13
E01001214,40km to less than 60km,4,11,-7
E01001214,5km to less than 10km,132,203,-71
E01001214,60km and over,4,15,-11
E01001214,Less than 2km,95,142,-47
E01001214,"Works mainly at an offshore installation, in no fixed place, or outside the UK",95,71,24
E01001214,Works mainly from home,138,54,84
E01001215,10km to less than 20km,60,136,-76
E01001215,20km to less than 30km,18,21,-3
E01001215,2km to less than 5km,132,109,23
E01001215,30km to less than 40km,4,4,0
E01001215,40km to less than 60km,2,3,-1
E01001215,5km to less than 10km,155,181,-26
E01001215,60km and over,6,12,-6
E01001215,Less than 2km,129,130,-1
E01001215,"Works mainly at an offshore installation, in no fixed place, or outside the UK",116,68,48
E01001215,Works mainly from home,148,45,103
E01001216,10km to less than 20km,63,137,-74
E01001216,20km to less than 30km,13,20,-7
E01001216,2km to less than 5km,87,139,-52
E01001216,30km to less than 40km,1,1,0
E01001216,40km to less than 60km,2,4,-2
E01001216,5km to less than 10km,104,148,-44
E01001216,60km and over,8,11,-3
E01001216,Less than 2km,132,138,-6
E01001216,"Works mainly at an offshore installation, in no fixed place, or outside the UK",107,56,51
E01001216,Works mainly from home,129,36,93
E01001217,10km to less than 20km,73,139,-66
E01001217,20km to less than 30km,15,18,-3
E01001217,2km to less than 5km,91,160,-69
E01001217,30km to less than 40km,4,5,-1
E01001217,40km to less than 60km,6,5,1
E01001217,5km to less than 10km,98,185,-87
E01001217,60km and over,5,6,-1
E01001217,Less than 2km,66,73,-7
E01001217,"Works mainly at an offshore installation, in no fixed place, or outside the UK",112,95,17
E01001217,Works mainly from home,191,57,134
E01001218,10km to less than 20km,96,149,-53
E01001218,20km to less than 30km,13,26,-13
E01001218,2km to less than 5km,134,155,-21
E01001218,30km to less than 40km,4,1,3
E01001218,40km to less than 60km,2,4,-2
E01001218,5km to less than 10km,151,177,-26
E01001218,60km and over,5,12,-7
E01001218,Less than 2km,82,93,-11
E01001218,"Works mainly at an offshore installation, in no fixed place, or outside the UK",179,123,56
E01001218,Works mainly from home,159,50,109
E01001219,10km to less than 20km,75,142,-67
E01001219,20km to less than 30km,10,18,-8
E01001219,2km to less than 5km,126,113,13
E01001219,30km to less than 40km,5,4,1
E01001219,40km to less than 60km,7,8,-1
E01001219,5km to less than 10km,172,181,-9
E01001219,60km and over,5,10,-5
E01001219,Less than 2km,101,101,0
E01001219,"Works mainly at an offshore installation, in no fixed place, or outside the UK",151,70,81
E01001219,Works mainly from home,142,42,100
E01001220,10km to less than 20km,58,81,-23
E01001220,20km to less than 30km,14,6,8
E01001220,2km to less than 5km,97,99,-2
E01001220,30km to less than 40km,1,5,-4
E01001220,40km to less than 60km,3,9,-6
E01001220,5km to less than 10km,96,113,-17
E01001220,60km and over,9,6,3
E01001220,Less than 2km,76,70,6
E01001220,"Works mainly at an offshore installation, in no fixed place, or outside the UK",123,56,67
E01001220,Works mainly from home,95,37,58
E01001223,10km to less than 20km,85,261,-176
E01001223,20km to less than 30km,7,26,-19
E01001223,2km to less than 5km,56,94,-38
E01001223,30km to less than 40km,6,14,-8
E01001223,40km to less than 60km,5,6,-1
E01001223,5km to less than 10km,60,125,-65
E01001223,60km and over,5,5,0
E01001223,Less than 2km,33,86,-53
E01001223,"Works mainly at an offshore installation, in no fixed place, or outside the UK",74,75,-1
E01001223,Works mainly from home,410,102,308
E01001224,10km to less than 20km,83,277,-194
E01001224,20km to less than 30km,12,33,-21
E01001224,2km to less than 5km,60,79,-19
E01001224,30km to less than 40km,2,9,-7
E01001224,40km to less than 60km,3,7,-4
E01001224,5km to less than 10km,67,106,-39
E01001224,60km and over,3,6,-3
E01001224,Less than 2km,46,87,-41
E01001224,"Works mainly at an offshore installation, in no fixed place, or outside the UK",80,79,1
E01001224,Works mainly from home,463,148,315
E01001225,10km to less than 20km,95,312,-217
E01001225,20km to less than 30km,22,38,-16
E01001225,2km to less than 5km,77,106,-29
E01001225,30km to less than 40km,3,13,-10
E01001225,40km to less than 60km,8,17,-9
E01001225,5km to less than 10km,88,170,-82
E01001225,60km and over,7,17,-10
E01001225,Less than 2km,51,76,-25
E01001225,"Works mainly at an offshore installation, in no fixed place, or outside the UK",76,87,-11
E01001225,Works mainly from home,529,122,407
E01001226,10km to less than 20km,110,276,-166
E01001226,20km to less than 30km,12,40,-28
E01001226,2km to less than 5km,44,104,-60
E01001226,30km to less than 40km,0,8,-8
E01001226,40km to less than 60km,3,3,0
E01001226,5km to less than 10km,93,154,-61
E01001226,60km and over,2,12,-10
E01001226,Less than 2km,46,64,-18
E01001226,"Works mainly at an offshore installation, in no fixed place, or outside the UK",70,77,-7
E01001226,Works mainly from home,459,107,352
E01001227,10km to less than 20km,77,257,-180
E01001227,20km to less than 30km,9,29,-20
E01001227,2km to less than 5km,76,81,-5
E01001227,30km to less than 40km,0,8,-8
E01001227,40km to less than 60km,3,5,-2
E01001227,5km to less than 10km,62,123,-61
E01001227,60km and over,2,13,-11
E01001227,Less than 2km,36,82,-46
E01001227,"Works mainly at an offshore installation, in no fixed place, or outside the UK",73,78,-5
E01001227,Works mainly from home,497,124,373
E01001228,10km to less than 20km,112,339,-227
E01001228,20km to less than 30km,8,42,-34
E01001228,2km to less than 5km,78,116,-38
E01001228,30km to less than 40km,3,2,1
E01001228,40km to less than 60km,9,18,-9
E01001228,5km to less than 10km,130,148,-18
E01001228,60km and over,3,9,-6
E01001228,Less than 2km,54,83,-29
E01001228,"Works mainly at an offshore installation, in no fixed place, or outside the UK",167,103,64
E01001228,Works mainly from home,558,135,423
E01001229,10km to less than 20km,61,175,-114
E01001229,20km to less than 30km,8,14,-6
E01001229,2km to less than 5km,85,107,-22
E01001229,30km to less than 40km,4,4,0
E01001229,40km to less than 60km,2,6,-4
E01001229,5km to less than 10km,100,153,-53
E01001229,60km and over,8,8,0
E01001229,Less than 2km,53,96,-43
E01001229,"Works mainly at an offshore installation, in no fixed place, or outside the UK",122,112,10
E01001229,Works mainly from home,279,52,227
E01001230,10km to less than 20km,55,288,-233
E01001230,20km to less than 30km,6,25,-19
E01001230,2km to less than 5km,44,83,-39
E01001230,30km to less than 40km,1,13,-12
E01001230,40km to less than 60km,3,14,-11
E01001230,5km to less than 10km,69,134,-65
E01001230,60km and over,4,12,-8
E01001230,Less than 2km,45,78,-33
E01001230,"Works mainly at an offshore installation, in no fixed place, or outside the UK",80,78,2
E01001230,Works mainly from home,458,132,326
E01001231,10km to less than 20km,98,250,-152
E01001231,20km to less than 30km,24,32,-8
E01001231,2km to less than 5km,108,158,-50
E01001231,30km to less than 40km,3,16,-13
E01001231,40km to less than 60km,4,11,-7
E01001231,5km to less than 10km,123,145,-22
E01001231,60km and over,10,11,-1
E01001231,Less than 2km,79,114,-35
E01001231,"Works mainly at an offshore installation, in no fixed place, or outside the UK",119,123,-4
E01001231,Works mainly from home,523,121,402
E01001232,10km to less than 20km,67,229,-162
E01001232,20km to less than 30km,5,19,-14
E01001232,2km to less than 5km,70,115,-45
E01001232,30km to less than 40km,0,13,-13
E01001232,40km to less than 60km,2,9,-7
E01001232,5km to less than 10km,86,126,-40
E01001232,60km and over,3,13,-10
E01001232,Less than 2km,59,82,-23
E01001232,"Works mainly at an offshore installation, in no fixed place, or outside the UK",105,95,10
E01001232,Works mainly from home,304,77,227
E01001233,10km to less than 20km,64,231,-167
E01001233,20km to less than 30km,6,27,-21
E01001233,2km to less than 5km,73,104,-31
E01001233,30km to less than 40km,1,5,-4
E01001233,40km to less than 60km,2,6,-4
E01001233,5km to less than 10km,83,159,-76
E01001233,60km and over,3,10,-7
E01001233,Less than 2km,55,75,-20
E01001233,"Works mainly at an offshore installation, in no fixed place, or outside the UK",114,94,20
E01001233,Works mainly from home,370,67,303
E01001234,10km to less than 20km,78,267,-189
E01001234,20km to less than 30km,9,18,-9
E01001234,2km to less than 5km,62,122,-60
E01001234,30km to less than 40km,2,14,-12
E01001234,40km to less than 60km,3,9,-6
E01001234,5km to less than 10km,101,169,-68
E01001234,60km and over,4,18,-14
E01001234,Less than 2km,42,70,-28
E01001234,"Works mainly at an offshore installation, in no fixed place, or outside the UK",93,90,3
E01001234,Works mainly from home,422,84,338
E01001235,10km to less than 20km,101,379,-278
E01001235,20km to less than 30km,8,31,-23
E01001235,2km to less than 5km,75,136,-61
E01001235,30km to less than 40km,5,16,-11
E01001235,40km to less than 60km,2,19,-17
E01001235,5km to less than 10km,96,153,-57
E01001235,60km and over,4,13,-9
E01001235,Less than 2km,51,90,-39
E01001235,"Works mainly at an offshore installation, in no fixed place, or outside the UK",133,95,38
E01001235,Works mainly from home,607,104,503
E01001236,10km to less than 20km,71,332,-261
E01001236,20km to less than 30km,3,35,-32
E01001236,2km to less than 5km,63,115,-52
E01001236,30km to less than 40km,0,9,-9
E01001236,40km to less than 60km,1,10,-9
E01001236,5km to less than 10km,72,138,-66
E01001236,60km and over,6,11,-5
E01001236,Less than 2km,52,91,-39
E01001236,"Works mainly at an offshore installation, in no fixed place, or outside the UK",67,69,-2
E01001236,Works mainly from home,482,91,391
E01001237,10km to less than 20km,67,315,-248
E01001237,20km to less than 30km,7,23,-16
E01001237,2km to less than 5km,77,112,-35
E01001237,30km to less than 40km,4,15,-11
E01001237,40km to less than 60km,4,14,-10
E01001237,5km to less than 10km,74,161,-87
E01001237,60km and over,4,10,-6
E01001237,Less than 2km,51,80,-29
E01001237,"Works mainly at an offshore installation, in no fixed place, or outside the UK",84,96,-12
E01001237,Works mainly from home,530,114,416
E01001239,10km to less than 20km,58,135,-77
E01001239,20km to less than 30km,13,14,-1
E01001239,2km to less than 5km,102,141,-39
E01001239,30km to less than 40km,1,3,-2
E01001239,40km to less than 60km,6,6,0
E01001239,5km to less than 10km,119,182,-63
E01001239,60km and over,2,11,-9
E01001239,Less than 2km,65,92,-27
E01001239,"Works mainly at an offshore installation, in no fixed place, or outside the UK",141,113,28
E01001239,Works mainly from home,216,54,162
E01001240,10km to less than 20km,68,107,-39
E01001240,20km to less than 30km,9,14,-5
E01001240,2km to less than 5km,146,150,-4
E01001240,30km to less than 40km,3,4,-1
E01001240,40km to less than 60km,0,4,-4
E01001240,5km to less than 10km,173,231,-58
E01001240,60km and over,4,14,-10
E01001240,Less than 2km,102,71,31
E01001240,"Works mainly at an offshore installation, in no fixed place, or outside the UK",186,104,82
E01001240,Works mainly from home,276,67,209
E01001241,10km to less than 20km,56,104,-48
E01001241,20km to less than 30km,19,12,7
E01001241,2km to less than 5km,151,137,14
E01001241,30km to less than 40km,3,13,-10
E01001241,40km to less than 60km,4,7,-3
E01001241,5km to less than 10km,201,188,13
E01001241,60km and over,6,9,-3
E01001241,Less than 2km,73,87,-14
E01001241,"Works mainly at an offshore installation, in no fixed place, or outside the UK",171,131,40
E01001241,Works mainly from home,319,64,255
E01001242,10km to less than 20km,51,100,-49
E01001242,20km to less than 30km,9,7,2
E01001242,2km to less than 5km,125,128,-3
E01001242,30km to less than 40km,4,2,2
E01001242,40km to less than 60km,2,2,0
E01001242,5km to less than 10km,137,133,4
E01001242,60km and over,4,4,0
E01001242,Less than 2km,33,51,-18
E01001242,"Works mainly at an offshore installation, in no fixed place, or outside the UK",103,92,11
E01001242,Works mainly from home,322,82,240
E01001243,10km to less than 20km,88,99,-11
E01001243,20km to less than 30km,11,12,-1
E01001243,2km to less than 5km,172,130,42
E01001243,30km to less than 40km,4,11,-7
E01001243,40km to less than 60km,3,6,-3
E01001243,5km to less than 10km,221,210,11
E01001243,60km and over,7,9,-2
E01001243,Less than 2km,114,135,-21
E01001243,"Works mainly at an offshore installation, in no fixed place, or outside the UK",144,97,47
E01001243,Works mainly from home,452,75,377
E01001244,10km to less than 20km,66,182,-116
E01001244,20km to less than 30km,13,18,-5
E01001244,2km to less than 5km,178,203,-25
E01001244,30km to less than 40km,5,10,-5
E01001244,40km to less than 60km,3,15,-12
E01001244,5km to less than 10km,211,301,-90
E01001244,60km and over,4,13,-9
E01001244,Less than 2km,129,138,-9
E01001244,"Works mainly at an offshore installation, in no fixed place, or outside the UK",219,149,70
E01001244,Works mainly from home,477,69,408
E01001245,10km to less than 20km,76,214,-138
E01001245,20km to less than 30km,5,16,-11
E01001245,2km to less than 5km,133,226,-93
E01001245,30km to less than 40km,3,10,-7
E01001245,40km to less than 60km,1,7,-6
E01001245,5km to less than 10km,165,356,-191
E01001245,60km and over,11,19,-8
E01001245,Less than 2km,97,172,-75
E01001245,"Works mainly at an offshore installation, in no fixed place, or outside the UK",112,144,-32
E01001245,Works mainly from home,646,96,550
E01001246,10km to less than 20km,78,87,-9
E01001246,20km to less than 30km,14,13,1
E01001246,2km to less than 5km,105,132,-27
E01001246,30km to less than 40km,2,4,-2
E01001246,40km to less than 60km,0,1,-1
E01001246,5km to less than 10km,178,183,-5
E01001246,60km and over,6,6,0
E01001246,Less than 2km,118,95,23
E01001246,"Works mainly at an offshore installation, in no fixed place, or outside the UK",171,91,80
E01001246,Works mainly from home,324,65,259
E01001247,10km to less than 20km,81,218,-137
E01001247,20km to less than 30km,6,28,-22
E01001247,2km to less than 5km,161,195,-34
E01001247,30km to less than 40km,0,12,-12
E01001247,40km to less than 60km,3,9,-6
E01001247,5km to less than 10km,153,269,-116
E01001247,60km and over,10,5,5
E01001247,Less than 2km,119,114,5
E01001247,"Works mainly at an offshore installation, in no fixed place, or outside the UK",164,202,-38
E01001247,Works mainly from home,325,74,251
E01001248,10km to less than 20km,72,195,-123
E01001248,20km to less than 30km,5,21,-16
E01001248,2km to less than 5km,80,143,-63
E01001248,30km to less than 40km,1,7,-6
E01001248,40km to less than 60km,3,7,-4
E01001248,5km to less than 10km,79,149,-70
E01001248,60km and over,4,11,-7
E01001248,Less than 2km,67,107,-40
E01001248,"Works mainly at an offshore installation, in no fixed place, or outside the UK",123,110,13
E01001248,Works mainly from home,328,56,272
E01001249,10km to less than 20km,167,376,-209
E01001249,20km to less than 30km,20,35,-15
E01001249,2km to less than 5km,88,148,-60
E01001249,30km to less than 40km,2,6,-4
E01001249,40km to less than 60km,5,8,-3
E01001249,5km to less than 10km,129,210,-81
E01001249,60km and over,7,15,-8
E01001249,Less than 2km,88,138,-50
E01001249,"Works mainly at an offshore installation, in no fixed place, or outside the UK",150,134,16
E01001249,Works mainly from home,517,81,436
E01001250,10km to less than 20km,116,304,-188
E01001250,20km to less than 30km,11,38,-27
E01001250,2km to less than 5km,97,140,-43
E01001250,30km to less than 40km,2,13,-11
E01001250,40km to less than 60km,2,9,-7
E01001250,5km to less than 10km,116,200,-84
E01001250,60km and over,9,8,1
E01001250,Less than 2km,139,125,14
E01001250,"Works mainly at an offshore installation, in no fixed place, or outside the UK",161,140,21
E01001250,Works mainly from home,369,79,290
E01001251,10km to less than 20km,101,287,-186
E01001251,20km to less than 30km,10,18,-8
E01001251,2km to less than 5km,99,142,-43
E01001251,30km to less than 40km,0,2,-2
E01001251,40km to less than 60km,0,7,-7
E01001251,5km to less than 10km,85,163,-78
E01001251,60km and over,4,5,-1
E01001251,Less than 2km,75,111,-36
E01001251,"Works mainly at an offshore installation, in no fixed place, or outside the UK",121,109,12
E01001251,Works mainly from home,451,78,373
E01001252,10km to less than 20km,153,227,-74
E01001252,20km to less than 30km,15,18,-3
E01001252,2km to less than 5km,142,148,-6
E01001252,30km to less than 40km,17,4,13
E01001252,40km to less than 60km,5,5,0
E01001252,5km to less than 10km,142,218,-76
E01001252,60km and over,4,11,-7
E01001252,Less than 2km,129,126,3
E01001252,"Works mainly at an offshore installation, in no fixed place, or outside the UK",261,192,69
E01001252,Works mainly from home,379,89,290
E01001253,10km to less than 20km,94,230,-136
E01001253,20km to less than 30km,11,26,-15
E01001253,2km to less than 5km,139,167,-28
E01001253,30km to less than 40km,8,7,1
E01001253,40km to less than 60km,4,7,-3
E01001253,5km to less than 10km,84,170,-86
E01001253,60km and over,5,9,-4
E01001253,Less than 2km,91,104,-13
E01001253,"Works mainly at an offshore installation, in no fixed place, or outside the UK",191,117,74
E01001253,Works mainly from home,470,59,411
E01001254,10km to less than 20km,69,242,-173
E01001254,20km to less than 30km,11,30,-19
E01001254,2km to less than 5km,94,161,-67
E01001254,30km to less than 40km,2,6,-4
E01001254,40km to less than 60km,3,12,-9
E01001254,5km to less than 10km,92,150,-58
E01001254,60km and over,2,9,-7
E01001254,Less than 2km,66,92,-26
E01001254,"Works mainly at an offshore installation, in no fixed place, or outside the UK",137,121,16
E01001254,Works mainly from home,423,92,331
E01001255,10km to less than 20km,59,268,-209
E01001255,20km to less than 30km,6,29,-23
E01001255,2km to less than 5km,78,122,-44
E01001255,30km to less than 40km,3,7,-4
E01001255,40km to less than 60km,1,8,-7
E01001255,5km to less than 10km,74,142,-68
E01001255,60km and over,0,8,-8
E01001255,Less than 2km,44,101,-57
E01001255,"Works mainly at an offshore installation, in no fixed place, or outside the UK",95,76,19
E01001255,Works mainly from home,446,81,365
E01001257,10km to less than 20km,147,148,-1
E01001257,20km to less than 30km,18,33,-15
E01001257,2km to less than 5km,155,133,22
E01001257,30km to less than 40km,1,5,-4
E01001257,40km to less than 60km,0,10,-10
E01001257,5km to less than 10km,205,220,-15
E01001257,60km and over,5,13,-8
E01001257,Less than 2km,47,65,-18
E01001257,"Works mainly at an offshore installation, in no fixed place, or outside the UK",184,101,83
E01001257,Works mainly from home,207,40,167
E01001258,10km to less than 20km,116,186,-70
E01001258,20km to less than 30km,13,22,-9
E01001258,2km to less than 5km,111,146,-35
E01001258,30km to less than 40km,3,6,-3
E01001258,40km to less than 60km,5,2,3
E01001258,5km to less than 10km,154,210,-56
E01001258,60km and over,7,7,0
E01001258,Less than 2km,59,70,-11
E01001258,"Works mainly at an offshore installation, in no fixed place, or outside the UK",169,114,55
E01001258,Works mainly from home,220,57,163
E01001259,10km to less than 20km,118,132,-14
E01001259,20km to less than 30km,12,18,-6
E01001259,2km to less than 5km,121,127,-6
E01001259,30km to less than 40km,2,7,-5
E01001259,40km to less than 60km,5,4,1
E01001259,5km to less than 10km,101,143,-42
E01001259,60km and over,11,10,1
E01001259,Less than 2km,44,86,-42
E01001259,"Works mainly at an offshore installation, in no fixed place, or outside the UK",171,135,36
E01001259,Works mainly from home,159,67,92
E01001260,10km to less than 20km,125,203,-78
E01001260,20km to less than 30km,18,24,-6
E01001260,2km to less than 5km,119,171,-52
E01001260,30km to less than 40km,6,9,-3
E01001260,40km to less than 60km,2,7,-5
E01001260,5km to less than 10km,147,194,-47
E01001260,60km and over,6,9,-3
E01001260,Less than 2km,74,88,-14
E01001260,"Works mainly at an offshore installation, in no fixed place, or outside the UK",216,157,59
E01001260,Works mainly from home,265,74,191
E01001261,10km to less than 20km,115,210,-95
E01001261,20km to less than 30km,41,28,13
E01001261,2km to less than 5km,166,189,-23
E01001261,30km to less than 40km,4,9,-5
E01001261,40km to less than 60km,7,8,-1
E01001261,5km to less than 10km,204,292,-88
E01001261,60km and over,8,10,-2
E01001261,Less than 2km,102,105,-3
E01001261,"Works mainly at an offshore installation, in no fixed place, or outside the UK",266,142,124
E01001261,Works mainly from home,233,94,139
E01001262,10km to less than 20km,102,137,-35
E01001262,20km to less than 30km,13,21,-8
E01001262,2km to less than 5km,93,134,-41
E01001262,30km to less than 40km,6,7,-1
E01001262,40km to less than 60km,2,3,-1
E01001262,5km to less than 10km,126,165,-39
E01001262,60km and over,10,7,3
E01001262,Less than 2km,46,63,-17
E01001262,"Works mainly at an offshore installation, in no fixed place, or outside the UK",127,78,49
E01001262,Works mainly from home,145,54,91
E01001263,10km to less than 20km,142,143,-1
E01001263,20km to less than 30km,30,21,9
E01001263,2km to less than 5km,106,91,15
E01001263,30km to less than 40km,1,2,-1
E01001263,40km to less than 60km,4,3,1
E01001263,5km to less than 10km,142,160,-18
E01001263,60km and over,8,4,4
E01001263,Less than 2km,55,56,-1
E01001263,"Works mainly at an offshore installation, in no fixed place, or outside the UK",162,68,94
E01001263,Works mainly from home,189,37,152
E01001264,10km to less than 20km,85,154,-69
E01001264,20km to less than 30km,17,24,-7
E01001264,2km to less than 5km,92,126,-34
E01001264,30km to less than 40km,3,4,-1
E01001264,40km to less than 60km,0,2,-2
E01001264,5km to less than 10km,163,154,9
E01001264,60km and over,5,10,-5
E01001264,Less than 2km,62,59,3
E01001264,"Works mainly at an offshore installation, in no fixed place, or outside the UK",184,102,82
E01001264,Works mainly from home,211,67,144
E01001265,10km to less than 20km,121,237,-116
E01001265,20km to less than 30km,25,21,4
E01001265,2km to less than 5km,88,130,-42
E01001265,30km to less than 40km,4,7,-3
E01001265,40km to less than 60km,1,3,-2
E01001265,5km to less than 10km,125,180,-55
E01001265,60km and over,6,11,-5
E01001265,Less than 2km,77,62,15
E01001265,"Works mainly at an offshore installation, in no fixed place, or outside the UK",228,163,65
E01001265,Works mainly from home,210,72,138
E01001266,10km to less than 20km,112,244,-132
E01001266,20km to less than 30km,20,26,-6
E01001266,2km to less than 5km,94,133,-39
E01001266,30km to less than 40km,2,6,-4
E01001266,40km to less than 60km,10,2,8
E01001266,5km to less than 10km,111,156,-45
E01001266,60km and over,7,14,-7
E01001266,Less than 2km,88,99,-11
E01001266,"Works mainly at an offshore installation, in no fixed place, or outside the UK",205,145,60
E01001266,Works mainly from home,257,84,173
E01001267,10km to less than 20km,111,215,-104
E01001267,20km to less than 30km,16,25,-9
E01001267,2km to less than 5km,106,169,-63
E01001267,30km to less than 40km,4,10,-6
E01001267,40km to less than 60km,5,5,0
E01001267,5km to less than 10km,140,264,-124
E01001267,60km and over,10,23,-13
E01001267,Less than 2km,53,84,-31
E01001267,"Works mainly at an offshore installation, in no fixed place, or outside the UK",196,137,59
E01001267,Works mainly from home,217,101,116
E01001268,10km to less than 20km,115,143,-28
E01001268,20km to less than 30km,17,20,-3
E01001268,2km to less than 5km,125,99,26
E01001268,30km to less than 40km,4,5,-1
E01001268,40km to less than 60km,4,5,-1
E01001268,5km to less than 10km,123,127,-4
E01001268,60km and over,3,7,-4
E01001268,Less than 2km,67,51,16
E01001268,"Works mainly at an offshore installation, in no fixed place, or outside the UK",176,118,58
E01001268,Works mainly from home,278,67,211
E01001269,10km to less than 20km,183,264,-81
E01001269,20km to less than 30km,21,27,-6
E01001269,2km to less than 5km,129,152,-23
E01001269,30km to less than 40km,5,2,3
E01001269,40km to less than 60km,3,6,-3
E01001269,5km to less than 10km,160,216,-56
E01001269,60km and over,5,9,-4
E01001269,Less than 2km,78,92,-14
E01001269,"Works mainly at an offshore installation, in no fixed place, or outside the UK",273,222,51
E01001269,Works mainly from home,361,78,283
E01001270,10km to less than 20km,121,255,-134
E01001270,20km to less than 30km,15,33,-18
E01001270,2km to less than 5km,113,120,-7
E01001270,30km to less than 40km,3,4,-1
E01001270,40km to less than 60km,4,7,-3
E01001270,5km to less than 10km,152,186,-34
E01001270,60km and over,7,10,-3
E01001270,Less than 2km,56,75,-19
E01001270,"Works mainly at an offshore installation, in no fixed place, or outside the UK",191,98,93
E01001270,Works mainly from home,245,81,164
E01001271,10km to less than 20km,162,245,-83
E01001271,20km to less than 30km,20,21,-1
E01001271,2km to less than 5km,126,127,-1
E01001271,30km to less than 40km,3,4,-1
E01001271,40km to less than 60km,3,2,1
E01001271,5km to less than 10km,144,206,-62
E01001271,60km and over,11,9,2
E01001271,Less than 2km,78,84,-6
E01001271,"Works mainly at an offshore installation, in no fixed place, or outside the UK",194,138,56
E01001271,Works mainly from home,203,77,126
E01001272,10km to less than 20km,126,214,-88
E01001272,20km to less than 30km,15,32,-17
E01001272,2km to less than 5km,97,117,-20
E01001272,30km to less than 40km,4,10,-6
E01001272,40km to less than 60km,4,6,-2
E01001272,5km to less than 10km,112,185,-73
E01001272,60km and over,11,4,7
E01001272,Less than 2km,51,60,-9
E01001272,"Works mainly at an offshore installation, in no fixed place, or outside the UK",221,145,76
E01001272,Works mainly from home,222,76,146
E01001273,10km to less than 20km,85,227,-142
E01001273,20km to less than 30km,6,28,-22
E01001273,2km to less than 5km,59,109,-50
E01001273,30km to less than 40km,1,8,-7
E01001273,40km to less than 60km,3,6,-3
E01001273,5km to less than 10km,101,161,-60
E01001273,60km and over,3,9,-6
E01001273,Less than 2km,44,63,-19
E01001273,"Works mainly at an offshore installation, in no fixed place, or outside the UK",68,91,-23
E01001273,Works mainly from home,438,100,338
E01001274,10km to less than 20km,62,231,-169
E01001274,20km to less than 30km,1,25,-24
E01001274,2km to less than 5km,49,97,-48
E01001274,30km to less than 40km,3,8,-5
E01001274,40km to less than 60km,4,5,-1
E01001274,5km to less than 10km,82,129,-47
E01001274,60km and over,7,8,-1
E01001274,Less than 2km,42,65,-23
E01001274,"Works mainly at an offshore installation, in no fixed place, or outside the UK",70,57,13
E01001274,Works mainly from home,386,64,322
E01001275,10km to less than 20km,85,359,-274
E01001275,20km to less than 30km,6,54,-48
E01001275,2km to less than 5km,77,130,-53
E01001275,30km to less than 40km,4,10,-6
E01001275,40km to less than 60km,0,11,-11
E01001275,5km to less than 10km,120,191,-71
E01001275,60km and over,3,18,-15
E01001275,Less than 2km,53,110,-57
E01001275,"Works mainly at an offshore installation, in no fixed place, or outside the UK",97,86,11
E01001275,Works mainly from home,545,89,456
E01001276,10km to less than 20km,85,213,-128
E01001276,20km to less than 30km,13,22,-9
E01001276,2km to less than 5km,83,120,-37
E01001276,30km to less than 40km,6,8,-2
E01001276,40km to less than 60km,1,4,-3
E01001276,5km to less than 10km,124,190,-66
E01001276,60km and over,4,8,-4
E01001276,Less than 2km,94,155,-61
E01001276,"Works mainly at an offshore installation, in no fixed place, or outside the UK",236,148,88
E01001276,Works mainly from home,254,94,160
E01001277,10km to less than 20km,153,257,-104
E01001277,20km to less than 30km,14,25,-11
E01001277,2km to less than 5km,119,145,-26
E01001277,30km to less than 40km,1,5,-4
E01001277,40km to less than 60km,7,8,-1
E01001277,5km to less than 10km,115,180,-65
E01001277,60km and over,8,12,-4
E01001277,Less than 2km,68,126,-58
E01001277,"Works mainly at an offshore installation, in no fixed place, or outside the UK",191,171,20
E01001277,Works mainly from home,340,77,263
E01001278,10km to less than 20km,96,257,-161
E01001278,20km to less than 30km,6,30,-24
E01001278,2km to less than 5km,101,129,-28
E01001278,30km to less than 40km,4,5,-1
E01001278,40km to less than 60km,4,9,-5
E01001278,5km to less than 10km,150,164,-14
E01001278,60km and over,8,12,-4
E01001278,Less than 2km,80,95,-15
E01001278,"Works mainly at an offshore installation, in no fixed place, or outside the UK",185,145,40
E01001278,Works mainly from home,323,109,214
E01001279,10km to less than 20km,46,207,-161
E01001279,20km to less than 30km,6,29,-23
E01001279,2km to less than 5km,53,88,-35
E01001279,30km to less than 40km,5,5,0
E01001279,40km to less than 60km,3,9,-6
E01001279,5km to less than 10km,59,114,-55
E01001279,60km and over,8,12,-4
E01001279,Less than 2km,35,87,-52
E01001279,"Works mainly at an offshore installation, in no fixed place, or outside the UK",43,60,-17
E01001279,Works mainly from home,401,111,290
E01001280,10km to less than 20km,91,295,-204
E01001280,20km to less than 30km,4,33,-29
E01001280,2km to less than 5km,69,87,-18
E01001280,30km to less than 40km,2,13,-11
E01001280,40km to less than 60km,3,12,-9
E01001280,5km to less than 10km,89,158,-69
E01001280,60km and over,4,9,-5
E01001280,Less than 2km,58,96,-38
E01001280,"Works mainly at an offshore installation, in no fixed place, or outside the UK",115,85,30
E01001280,Works mainly from home,405,107,298
E01001281,10km to less than 20km,64,260,-196
E01001281,20km to less than 30km,4,34,-30
E01001281,2km to less than 5km,64,93,-29
E01001281,30km to less than 40km,1,6,-5
E01001281,40km to less than 60km,0,8,-8
E01001281,5km to less than 10km,59,139,-80
E01001281,60km and over,6,9,-3
E01001281,Less than 2km,42,70,-28
E01001281,"Works mainly at an offshore installation, in no fixed place, or outside the UK",70,73,-3
E01001281,Works mainly from home,467,109,358
E01001282,10km to less than 20km,81,121,-40
E01001282,20km to less than 30km,22,15,7
E01001282,2km to less than 5km,112,120,-8
E01001282,30km to less than 40km,1,4,-3
E01001282,40km to less than 60km,0,1,-1
E01001282,5km to less than 10km,71,105,-34
E01001282,60km and over,3,2,1
E01001282,Less than 2km,57,75,-18
E01001282,"Works mainly at an offshore installation, in no fixed place, or outside the UK",146,155,-9
E01001282,Works mainly from home,202,43,159
E01001283,10km to less than 20km,87,137,-50
E01001283,20km to less than 30km,9,19,-10
E01001283,2km to less than 5km,91,141,-50
E01001283,30km to less than 40km,1,3,-2
E01001283,40km to less than 60km,1,3,-2
E01001283,5km to less than 10km,114,145,-31
E01001283,60km and over,6,6,0
E01001283,Less than 2km,46,63,-17
E01001283,"Works mainly at an offshore installation, in no fixed place, or outside the UK",167,93,74
E01001283,Works mainly from home,223,40,183
E01001284,10km to less than 20km,97,178,-81
E01001284,20km to less than 30km,14,24,-10
E01001284,2km to less than 5km,97,171,-74
E01001284,30km to less than 40km,6,6,0
E01001284,40km to less than 60km,4,2,2
E01001284,5km to less than 10km,116,171,-55
E01001284,60km and over,4,13,-9
E01001284,Less than 2km,66,81,-15
E01001284,"Works mainly at an offshore installation, in no fixed place, or outside the UK",150,118,32
E01001284,Works mainly from home,256,57,199
E01001285,10km to less than 20km,96,177,-81
E01001285,20km to less than 30km,15,24,-9
E01001285,2km to less than 5km,98,145,-47
E01001285,30km to less than 40km,0,1,-1
E01001285,40km to less than 60km,0,3,-3
E01001285,5km to less than 10km,95,148,-53
E01001285,60km and over,6,5,1
E01001285,Less than 2km,64,80,-16
E01001285,"Works mainly at an offshore installation, in no fixed place, or outside the UK",198,131,67
E01001285,Works mainly from home,250,84,166
E01001286,10km to less than 20km,89,186,-97
E01001286,20km to less than 30km,7,16,-9
E01001286,2km to less than 5km,92,144,-52
E01001286,30km to less than 40km,3,5,-2
E01001286,40km to less than 60km,0,1,-1
E01001286,5km to less than 10km,74,133,-59
E01001286,60km and over,8,3,5
E01001286,Less than 2km,60,98,-38
E01001286,"Works mainly at an offshore installation, in no fixed place, or outside the UK",130,126,4
E01001286,Works mainly from home,274,57,217
E01001287,10km to less than 20km,71,141,-70
E01001287,20km to less than 30km,8,15,-7
E01001287,2km to less than 5km,76,111,-35
E01001287,30km to less than 40km,2,2,0
E01001287,40km to less than 60km,0,5,-5
E01001287,5km to less than 10km,85,101,-16
E01001287,60km and over,1,10,-9
E01001287,Less than 2km,64,68,-4
E01001287,"Works mainly at an offshore installation, in no fixed place, or outside the UK",128,87,41
E01001287,Works mainly from home,160,50,110
E01001288,10km to less than 20km,77,182,-105
E01001288,20km to less than 30km,9,19,-10
E01001288,2km to less than 5km,68,133,-65
E01001288,30km to less than 40km,1,6,-5
E01001288,40km to less than 60km,0,4,-4
E01001288,5km to less than 10km,72,153,-81
E01001288,60km and over,3,9,-6
E01001288,Less than 2km,56,93,-37
E01001288,"Works mainly at an offshore installation, in no fixed place, or outside the UK",90,115,-25
E01001288,Works mainly from home,327,60,267
E01001289,10km to less than 20km,63,167,-104
E01001289,20km to less than 30km,12,26,-14
E01001289,2km to less than 5km,65,94,-29
E01001289,30km to less than 40km,2,2,0
E01001289,40km to less than 60km,2,2,0
E01001289,5km to less than 10km,69,124,-55
E01001289,60km and over,5,5,0
E01001289,Less than 2km,43,98,-55
E01001289,"Works mainly at an offshore installation, in no fixed place, or outside the UK",123,100,23
E01001289,Works mainly from home,310,98,212
E01001290,10km to less than 20km,125,242,-117
E01001290,20km to less than 30km,6,24,-18
E01001290,2km to less than 5km,93,144,-51
E01001290,30km to less than 40km,3,9,-6
E01001290,40km to less than 60km,1,8,-7
E01001290,5km to less than 10km,134,210,-76
E01001290,60km and over,5,14,-9
E01001290,Less than 2km,89,114,-25
E01001290,"Works mainly at an offshore installation, in no fixed place, or outside the UK",193,165,28
E01001290,Works mainly from home,454,113,341
E01001291,10km to less than 20km,114,128,-14
E01001291,20km to less than 30km,17,21,-4
E01001291,2km to less than 5km,171,109,62
E01001291,30km to less than 40km,4,5,-1
E01001291,40km to less than 60km,6,4,2
E01001291,5km to less than 10km,124,156,-32
E01001291,60km and over,5,9,-4
E01001291,Less than 2km,41,53,-12
E01001291,"Works mainly at an offshore installation, in no fixed place, or outside the UK",150,73,77
E01001291,Works mainly from home,190,47,143
E01001292,10km to less than 20km,121,175,-54
E01001292,20km to less than 30km,13,16,-3
E01001292,2km to less than 5km,136,204,-68
E01001292,30km to less than 40km,1,6,-5
E01001292,40km to less than 60km,2,8,-6
E01001292,5km to less than 10km,137,203,-66
E01001292,60km and over,7,9,-2
E01001292,Less than 2km,63,64,-1
E01001292,"Works mainly at an offshore installation, in no fixed place, or outside the UK",137,111,26
E01001292,Works mainly from home,193,55,138
E01001293,10km to less than 20km,111,176,-65
E01001293,20km to less than 30km,21,39,-18
E01001293,2km to less than 5km,137,170,-33
E01001293,30km to less than 40km,2,4,-2
E01001293,40km to less than 60km,4,8,-4
E01001293,5km to less than 10km,164,240,-76
E01001293,60km and over,7,14,-7
E01001293,Less than 2km,51,73,-22
E01001293,"Works mainly at an offshore installation, in no fixed place, or outside the UK",166,121,45
E01001293,Works mainly from home,151,66,85
E01001294,10km to less than 20km,120,144,-24
E01001294,20km to less than 30km,21,43,-22
E01001294,2km to less than 5km,156,164,-8
E01001294,30km to less than 40km,1,7,-6
E01001294,40km to less than 60km,4,9,-5
E01001294,5km to less than 10km,167,286,-119
E01001294,60km and over,5,12,-7
E01001294,Less than 2km,78,96,-18
E01001294,"Works mainly at an offshore installation, in no fixed place, or outside the UK",149,82,67
E01001294,Works mainly from home,170,69,101
E01001295,10km to less than 20km,91,150,-59
E01001295,20km to less than 30km,15,28,-13
E01001295,2km to less than 5km,161,178,-17
E01001295,30km to less than 40km,9,4,5
E01001295,40km to less than 60km,3,14,-11
E01001295,5km to less than 10km,156,262,-106
E01001295,60km and over,9,15,-6
E01001295,Less than 2km,79,127,-48
E01001295,"Works mainly at an offshore installation, in no fixed place, or outside the UK",158,72,86
E01001295,Works mainly from home,174,48,126
E01001296,10km to less than 20km,51,115,-64
E01001296,20km to less than 30km,9,26,-17
E01001296,2km to less than 5km,121,113,8
E01001296,30km to less than 40km,0,5,-5
E01001296,40km to less than 60km,5,12,-7
E01001296,5km to less than 10km,137,204,-67
E01001296,60km and over,4,9,-5
E01001296,Less than 2km,79,102,-23
E01001296,"Works mainly at an offshore installation, in no fixed place, or outside the UK",109,59,50
E01001296,Works mainly from home,129,39,90
E01001297,10km to less than 20km,77,169,-92
E01001297,20km to less than 30km,22,37,-15
E01001297,2km to less than 5km,139,118,21
E01001297,30km to less than 40km,3,6,-3
E01001297,40km to less than 60km,1,4,-3
E01001297,5km to less than 10km,138,251,-113
E01001297,60km and over,6,14,-8
E01001297,Less than 2km,104,122,-18
E01001297,"Works mainly at an offshore installation, in no fixed place, or outside the UK",128,87,41
E01001297,Works mainly from home,145,35,110
E01001298,10km to less than 20km,109,126,-17
E01001298,20km to less than 30km,12,17,-5
E01001298,2km to less than 5km,116,103,13
E01001298,30km to less than 40km,5,6,-1
E01001298,40km to less than 60km,7,10,-3
E01001298,5km to less than 10km,227,211,16
E01001298,60km and over,4,15,-11
E01001298,Less than 2km,113,146,-33
E01001298,"Works mainly at an offshore installation, in no fixed place, or outside the UK",117,91,26
E01001298,Works mainly from home,166,62,104
E01001299,10km to less than 20km,72,262,-190
E01001299,20km to less than 30km,12,28,-16
E01001299,2km to less than 5km,94,145,-51
E01001299,30km to less than 40km,3,7,-4
E01001299,40km to less than 60km,2,7,-5
E01001299,5km to less than 10km,69,148,-79
E01001299,60km and over,2,16,-14
E01001299,Less than 2km,61,125,-64
E01001299,"Works mainly at an offshore installation, in no fixed place, or outside the UK",83,101,-18
E01001299,Works mainly from home,456,87,369
E01001300,10km to less than 20km,81,308,-227
E01001300,20km to less than 30km,6,25,-19
E01001300,2km to less than 5km,62,114,-52
E01001300,30km to less than 40km,3,6,-3
E01001300,40km to less than 60km,5,7,-2
E01001300,5km to less than 10km,71,195,-124
E01001300,60km and over,5,9,-4
E01001300,Less than 2km,38,100,-62
E01001300,"Works mainly at an offshore installation, in no fixed place, or outside the UK",78,102,-24
E01001300,Works mainly from home,492,107,385
E01001301,10km to less than 20km,130,287,-157
E01001301,20km to less than 30km,11,20,-9
E01001301,2km to less than 5km,100,111,-11
E01001301,30km to less than 40km,3,9,-6
E01001301,40km to less than 60km,4,9,-5
E01001301,5km to less than 10km,130,213,-83
E01001301,60km and over,4,8,-4
E01001301,Less than 2km,76,92,-16
E01001301,"Works mainly at an offshore installation, in no fixed place, or outside the UK",138,129,9
E01001301,Works mainly from home,439,91,348
E01001302,10km to less than 20km,96,292,-196
E01001302,20km to less than 30km,1,21,-20
E01001302,2km to less than 5km,89,119,-30
E01001302,30km to less than 40km,1,9,-8
E01001302,40km to less than 60km,2,10,-8
E01001302,5km to less than 10km,87,183,-96
E01001302,60km and over,4,10,-6
E01001302,Less than 2km,35,83,-48
E01001302,"Works mainly at an offshore installation, in no fixed place, or outside the UK",90,100,-10
E01001302,Works mainly from home,472,94,378
E01001303,10km to less than 20km,91,326,-235
E01001303,20km to less than 30km,6,36,-30
E01001303,2km to less than 5km,65,107,-42
E01001303,30km to less than 40km,1,8,-7
E01001303,40km to less than 60km,2,9,-7
E01001303,5km to less than 10km,67,154,-87
E01001303,60km and over,6,12,-6
E01001303,Less than 2km,32,92,-60
E01001303,"Works mainly at an offshore installation, in no fixed place, or outside the UK",94,96,-2
E01001303,Works mainly from home,477,124,353
E01001304,10km to less than 20km,113,316,-203
E01001304,20km to less than 30km,9,39,-30
E01001304,2km to less than 5km,86,141,-55
E01001304,30km to less than 40km,2,12,-10
E01001304,40km to less than 60km,6,6,0
E01001304,5km to less than 10km,85,191,-106
E01001304,60km and over,4,14,-10
E01001304,Less than 2km,35,79,-44
E01001304,"Works mainly at an offshore installation, in no fixed place, or outside the UK",106,84,22
E01001304,Works mainly from home,470,92,378
E01001305,10km to less than 20km,69,286,-217
E01001305,20km to less than 30km,8,34,-26
E01001305,2km to less than 5km,76,117,-41
E01001305,30km to less than 40km,1,6,-5
E01001305,40km to less than 60km,1,5,-4
E01001305,5km to less than 10km,65,151,-86
E01001305,60km and over,1,14,-13
E01001305,Less than 2km,64,132,-68
E01001305,"Works mainly at an offshore installation, in no fixed place, or outside the UK",105,111,-6
E01001305,Works mainly from home,475,106,369
E01001306,10km to less than 20km,87,335,-248
E01001306,20km to less than 30km,9,18,-9
E01001306,2km to less than 5km,54,99,-45
E01001306,30km to less than 40km,2,5,-3
E01001306,40km to less than 60km,4,7,-3
E01001306,5km to less than 10km,65,157,-92
E01001306,60km and over,4,6,-2
E01001306,Less than 2km,45,97,-52
E01001306,"Works mainly at an offshore installation, in no fixed place, or outside the UK",93,103,-10
E01001306,Works mainly from home,499,102,397
E01001307,10km to less than 20km,128,237,-109
E01001307,20km to less than 30km,15,28,-13
E01001307,2km to less than 5km,117,173,-56
E01001307,30km to less than 40km,6,8,-2
E01001307,40km to less than 60km,1,11,-10
E01001307,5km to less than 10km,121,187,-66
E01001307,60km and over,10,6,4
E01001307,Less than 2km,66,77,-11
E01001307,"Works mainly at an offshore installation, in no fixed place, or outside the UK",227,179,48
E01001307,Works mainly from home,305,77,228
E01001308,10km to less than 20km,147,290,-143
E01001308,20km to less than 30km,20,33,-13
E01001308,2km to less than 5km,145,193,-48
E01001308,30km to less than 40km,5,9,-4
E01001308,40km to less than 60km,3,13,-10
E01001308,5km to less than 10km,134,195,-61
E01001308,60km and over,16,8,8
E01001308,Less than 2km,50,85,-35
E01001308,"Works mainly at an offshore installation, in no fixed place, or outside the UK",180,126,54
E01001308,Works mainly from home,284,88,196
E01001309,10km to less than 20km,127,241,-114
E01001309,20km to less than 30km,16,30,-14
E01001309,2km to less than 5km,108,138,-30
E01001309,30km to less than 40km,11,9,2
E01001309,40km to less than 60km,2,8,-6
E01001309,5km to less than 10km,143,212,-69
E01001309,60km and over,13,13,0
E01001309,Less than 2km,85,82,3
E01001309,"Works mainly at an offshore installation, in no fixed place, or outside the UK",205,139,66
E01001309,Works mainly from home,247,57,190
E01001310,10km to less than 20km,184,271,-87
E01001310,20km to less than 30km,18,29,-11
E01001310,2km to less than 5km,129,110,19
E01001310,30km to less than 40km,4,7,-3
E01001310,40km to less than 60km,4,12,-8
E01001310,5km to less than 10km,174,222,-48
E01001310,60km and over,7,17,-10
E01001310,Less than 2km,70,65,5
E01001310,"Works mainly at an offshore installation, in no fixed place, or outside the UK",219,94,125
E01001310,Works mainly from home,266,59,207
E01001311,10km to less than 20km,217,192,25
E01001311,20km to less than 30km,27,21,6
E01001311,2km to less than 5km,189,141,48
E01001311,30km to less than 40km,7,7,0
E01001311,40km to less than 60km,5,5,0
E01001311,5km to less than 10km,215,216,-1
E01001311,60km and over,18,14,4
E01001311,Less than 2km,76,71,5
E01001311,"Works mainly at an offshore installation, in no fixed place, or outside the UK",217,177,40
E01001311,Works mainly from home,350,60,290
E01001312,10km to less than 20km,163,251,-88
E01001312,20km to less than 30km,17,30,-13
E01001312,2km to less than 5km,118,138,-20
E01001312,30km to less than 40km,7,3,4
E01001312,40km to less than 60km,3,5,-2
E01001312,5km to less than 10km,142,210,-68
E01001312,60km and over,6,14,-8
E01001312,Less than 2km,67,67,0
E01001312,"Works mainly at an offshore installation, in no fixed place, or outside the UK",204,177,27
E01001312,Works mainly from home,261,53,208
E01001313,10km to less than 20km,126,249,-123
E01001313,20km to less than 30km,14,25,-11
E01001313,2km to less than 5km,145,171,-26
E01001313,30km to less than 40km,7,9,-2
E01001313,40km to less than 60km,4,6,-2
E01001313,5km to less than 10km,106,150,-44
E01001313,60km and over,1,12,-11
E01001313,Less than 2km,60,69,-9
E01001313,"Works mainly at an offshore installation, in no fixed place, or outside the UK",170,128,42
E01001313,Works mainly from home,222,61,161
E01001314,10km to less than 20km,112,243,-131
E01001314,20km to less than 30km,12,22,-10
E01001314,2km to less than 5km,111,167,-56
E01001314,30km to less than 40km,4,3,1
E01001314,40km to less than 60km,2,8,-6
E01001314,5km to less than 10km,94,141,-47
E01001314,60km and over,2,8,-6
E01001314,Less than 2km,43,63,-20
E01001314,"Works mainly at an offshore installation, in no fixed place, or outside the UK",175,140,35
E01001314,Works mainly from home,197,62,135
E01001315,10km to less than 20km,109,201,-92
E01001315,20km to less than 30km,16,27,-11
E01001315,2km to less than 5km,92,91,1
E01001315,30km to less than 40km,2,5,-3
E01001315,40km to less than 60km,1,3,-2
E01001315,5km to less than 10km,141,177,-36
E01001315,60km and over,4,11,-7
E01001315,Less than 2km,51,67,-16
E01001315,"Works mainly at an offshore installation, in no fixed place, or outside the UK",147,101,46
E01001315,Works mainly from home,173,49,124
E01001316,10km to less than 20km,133,190,-57
E01001316,20km to less than 30km,17,21,-4
E01001316,2km to less than 5km,80,104,-24
E01001316,30km to less than 40km,0,6,-6
E01001316,40km to less than 60km,1,4,-3
E01001316,5km to less than 10km,138,144,-6
E01001316,60km and over,4,11,-7
E01001316,Less than 2km,66,57,9
E01001316,"Works mainly at an offshore installation, in no fixed place, or outside the UK",147,81,66
E01001316,Works mainly from home,140,47,93
E01001317,10km to less than 20km,166,210,-44
E01001317,20km to less than 30km,40,45,-5
E01001317,2km to less than 5km,82,92,-10
E01001317,30km to less than 40km,7,10,-3
E01001317,40km to less than 60km,5,5,0
E01001317,5km to less than 10km,183,190,-7
E01001317,60km and over,11,9,2
E01001317,Less than 2km,67,75,-8
E01001317,"Works mainly at an offshore installation, in no fixed place, or outside the UK",207,121,86
E01001317,Works mainly from home,222,58,164
E01001318,10km to less than 20km,129,190,-61
E01001318,20km to less than 30km,23,30,-7
E01001318,2km to less than 5km,114,110,4
E01001318,30km to less than 40km,8,5,3
E01001318,40km to less than 60km,3,7,-4
E01001318,5km to less than 10km,158,182,-24
E01001318,60km and over,6,12,-6
E01001318,Less than 2km,49,58,-9
E01001318,"Works mainly at an offshore installation, in no fixed place, or outside the UK",174,79,95
E01001318,Works mainly from home,183,60,123
E01001319,10km to less than 20km,139,180,-41
E01001319,20km to less than 30km,12,33,-21
E01001319,2km to less than 5km,95,111,-16
E01001319,30km to less than 40km,3,5,-2
E01001319,40km to less than 60km,3,3,0
E01001319,5km to less than 10km,134,163,-29
E01001319,60km and over,4,9,-5
E01001319,Less than 2km,58,62,-4
E01001319,"Works mainly at an offshore installation, in no fixed place, or outside the UK",159,102,57
E01001319,Works mainly from home,181,46,135
E01001320,10km to less than 20km,111,133,-22
E01001320,20km to less than 30km,22,21,1
E01001320,2km to less than 5km,67,74,-7
E01001320,30km to less than 40km,3,4,-1
E01001320,40km to less than 60km,17,1,16
E01001320,5km to less than 10km,132,161,-29
E01001320,60km and over,6,4,2
E01001320,Less than 2km,68,45,23
E01001320,"Works mainly at an offshore installation, in no fixed place, or outside the UK",114,85,29
E01001320,Works mainly from home,115,40,75
E01001321,10km to less than 20km,150,216,-66
E01001321,20km to less than 30km,28,47,-19
E01001321,2km to less than 5km,92,118,-26
E01001321,30km to less than 40km,9,9,0
E01001321,40km to less than 60km,7,5,2
E01001321,5km to less than 10km,159,221,-62
E01001321,60km and over,6,7,-1
E01001321,Less than 2km,51,61,-10
E01001321,"Works mainly at an offshore installation, in no fixed place, or outside the UK",219,128,91
E01001321,Works mainly from home,239,87,152
E01001322,10km to less than 20km,177,274,-97
E01001322,20km to less than 30km,21,34,-13
E01001322,2km to less than 5km,115,102,13
E01001322,30km to less than 40km,4,7,-3
E01001322,40km to less than 60km,5,6,-1
E01001322,5km to less than 10km,157,181,-24
E01001322,60km and over,6,9,-3
E01001322,Less than 2km,51,58,-7
E01001322,"Works mainly at an offshore installation, in no fixed place, or outside the UK",205,135,70
E01001322,Works mainly from home,247,63,184
E01001323,10km to less than 20km,181,281,-100
E01001323,20km to less than 30km,32,51,-19
E01001323,2km to less than 5km,97,90,7
E01001323,30km to less than 40km,0,3,-3
E01001323,40km to less than 60km,0,7,-7
E01001323,5km to less than 10km,155,186,-31
E01001323,60km and over,6,12,-6
E01001323,Less than 2km,44,59,-15
E01001323,"Works mainly at an offshore installation, in no fixed place, or outside the UK",159,116,43
E01001323,Works mainly from home,224,75,149
E01001324,10km to less than 20km,124,183,-59
E01001324,20km to less than 30km,28,25,3
E01001324,2km to less than 5km,101,105,-4
E01001324,30km to less than 40km,10,10,0
E01001324,40km to less than 60km,3,1,2
E01001324,5km to less than 10km,127,208,-81
E01001324,60km and over,2,8,-6
E01001324,Less than 2km,34,58,-24
E01001324,"Works mainly at an offshore installation, in no fixed place, or outside the UK",168,84,84
E01001324,Works mainly from home,153,51,102
E01001325,10km to less than 20km,92,128,-36
E01001325,20km to less than 30km,19,54,-35
E01001325,2km to less than 5km,151,145,6
E01001325,30km to less than 40km,8,9,-1
E01001325,40km to less than 60km,3,7,-4
E01001325,5km to less than 10km,174,189,-15
E01001325,60km and over,3,7,-4
E01001325,Less than 2km,33,49,-16
E01001325,"Works mainly at an offshore installation, in no fixed place, or outside the UK",172,72,100
E01001325,Works mainly from home,184,53,131
E01001326,10km to less than 20km,123,155,-32
E01001326,20km to less than 30km,17,31,-14
E01001326,2km to less than 5km,115,104,11
E01001326,30km to less than 40km,5,5,0
E01001326,40km to less than 60km,2,4,-2
E01001326,5km to less than 10km,138,186,-48
E01001326,60km and over,15,6,9
E01001326,Less than 2km,41,59,-18
E01001326,"Works mainly at an offshore installation, in no fixed place, or outside the UK",180,87,93
E01001326,Works mainly from home,155,52,103
E01001327,10km to less than 20km,100,162,-62
E01001327,20km to less than 30km,30,38,-8
E01001327,2km to less than 5km,117,136,-19
E01001327,30km to less than 40km,3,3,0
E01001327,40km to less than 60km,12,2,10
E01001327,5km to less than 10km,183,217,-34
E01001327,60km and over,7,9,-2
E01001327,Less than 2km,40,49,-9
E01001327,"Works mainly at an offshore installation, in no fixed place, or outside the UK",186,95,91
E01001327,Works mainly from home,187,43,144
E01001328,10km to less than 20km,109,108,1
E01001328,20km to less than 30km,20,28,-8
E01001328,2km to less than 5km,115,94,21
E01001328,30km to less than 40km,8,7,1
E01001328,40km to less than 60km,3,6,-3
E01001328,5km to less than 10km,163,224,-61
E01001328,60km and over,9,18,-9
E01001328,Less than 2km,40,57,-17
E01001328,"Works mainly at an offshore installation, in no fixed place, or outside the UK",170,79,91
E01001328,Works mainly from home,161,53,108
E01001329,10km to less than 20km,104,157,-53
E01001329,20km to less than 30km,18,41,-23
E01001329,2km to less than 5km,116,143,-27
E01001329,30km to less than 40km,8,4,4
E01001329,40km to less than 60km,4,3,1
E01001329,5km to less than 10km,156,210,-54
E01001329,60km and over,12,7,5
E01001329,Less than 2km,33,41,-8
E01001329,"Works mainly at an offshore installation, in no fixed place, or outside the UK",182,81,101
E01001329,Works mainly from home,201,64,137
E01001330,10km to less than 20km,114,139,-25
E01001330,20km to less than 30km,28,25,3
E01001330,2km to less than 5km,116,96,20
E01001330,30km to less than 40km,1,6,-5
E01001330,40km to less than 60km,2,3,-1
E01001330,5km to less than 10km,149,214,-65
E01001330,60km and over,6,5,1
E01001330,Less than 2km,45,45,0
E01001330,"Works mainly at an offshore installation, in no fixed place, or outside the UK",150,78,72
E01001330,Works mainly from home,139,38,101
E01001331,10km to less than 20km,87,115,-28
E01001331,20km to less than 30km,19,37,-18
E01001331,2km to less than 5km,135,92,43
E01001331,30km to less than 40km,4,9,-5
E01001331,40km to less than 60km,6,4,2
E01001331,5km to less than 10km,160,193,-33
E01001331,60km and over,7,7,0
E01001331,Less than 2km,37,38,-1
E01001331,"Works mainly at an offshore installation, in no fixed place, or outside the UK",165,70,95
E01001331,Works mainly from home,110,39,71
E01001332,10km to less than 20km,87,150,-63
E01001332,20km to less than 30km,16,23,-7
E01001332,2km to less than 5km,108,110,-2
E01001332,30km to less than 40km,1,9,-8
E01001332,40km to less than 60km,2,4,-2
E01001332,5km to less than 10km,129,163,-34
E01001332,60km and over,6,8,-2
E01001332,Less than 2km,33,42,-9
E01001332,"Works mainly at an offshore installation, in no fixed place, or outside the UK",133,79,54
E01001332,Works mainly from home,146,33,113
E01001333,10km to less than 20km,120,106,14
E01001333,20km to less than 30km,18,30,-12
E01001333,2km to less than 5km,155,117,38
E01001333,30km to less than 40km,3,7,-4
E01001333,40km to less than 60km,5,8,-3
E01001333,5km to less than 10km,214,168,46
E01001333,60km and over,9,10,-1
E01001333,Less than 2km,173,126,47
E01001333,"Works mainly at an offshore installation, in no fixed place, or outside the UK",132,94,38
E01001333,Works mainly from home,146,76,70
E01001334,10km to less than 20km,42,88,-46
E01001334,20km to less than 30km,13,23,-10
E01001334,2km to less than 5km,89,102,-13
E01001334,30km to less than 40km,6,5,1
E01001334,40km to less than 60km,0,2,-2
E01001334,5km to less than 10km,105,144,-39
E01001334,60km and over,5,7,-2
E01001334,Less than 2km,57,90,-33
E01001334,"Works mainly at an offshore installation, in no fixed place, or outside the UK",138,63,75
E01001334,Works mainly from home,90,39,51
E01001335,10km to less than 20km,58,145,-87
E01001335,20km to less than 30km,26,34,-8
E01001335,2km to less than 5km,129,173,-44
E01001335,30km to less than 40km,8,7,1
E01001335,40km to less than 60km,5,5,0
E01001335,5km to less than 10km,118,168,-50
E01001335,60km and over,13,12,1
E01001335,Less than 2km,78,118,-40
E01001335,"Works mainly at an offshore installation, in no fixed place, or outside the UK",94,65,29
E01001335,Works mainly from home,287,96,191
E01001336,10km to less than 20km,67,101,-34
E01001336,20km to less than 30km,17,33,-16
E01001336,2km to less than 5km,134,138,-4
E01001336,30km to less than 40km,21,11,10
E01001336,40km to less than 60km,7,8,-1
E01001336,5km to less than 10km,172,172,0
E01001336,60km and over,11,8,3
E01001336,Less than 2km,88,84,4
E01001336,"Works mainly at an offshore installation, in no fixed place, or outside the UK",100,60,40
E01001336,Works mainly from home,184,58,126
E01001337,10km to less than 20km,118,107,11
E01001337,20km to less than 30km,16,20,-4
E01001337,2km to less than 5km,148,138,10
E01001337,30km to less than 40km,5,4,1
E01001337,40km to less than 60km,1,0,1
E01001337,5km to less than 10km,174,133,41
E01001337,60km and over,7,9,-2
E01001337,Less than 2km,109,96,13
E01001337,"Works mainly at an offshore installation, in no fixed place, or outside the UK",164,89,75
E01001337,Works mainly from home,344,81,263
E01001338,10km to less than 20km,99,140,-41
E01001338,20km to less than 30km,16,23,-7
E01001338,2km to less than 5km,120,133,-13
E01001338,30km to less than 40km,3,6,-3
E01001338,40km to less than 60km,9,5,4
E01001338,5km to less than 10km,133,176,-43
E01001338,60km and over,2,10,-8
E01001338,Less than 2km,100,145,-45
E01001338,"Works mainly at an offshore installation, in no fixed place, or outside the UK",126,71,55
E01001338,Works mainly from home,184,54,130
E01001339,10km to less than 20km,117,119,-2
E01001339,20km to less than 30km,18,21,-3
E01001339,2km to less than 5km,137,150,-13
E01001339,30km to less than 40km,5,5,0
E01001339,40km to less than 60km,7,7,0
E01001339,5km to less than 10km,163,156,7
E01001339,60km and over,11,14,-3
E01001339,Less than 2km,100,74,26
E01001339,"Works mainly at an offshore installation, in no fixed place, or outside the UK",140,54,86
E01001339,Works mainly from home,294,63,231
E01001340,10km to less than 20km,83,160,-77
E01001340,20km to less than 30km,15,23,-8
E01001340,2km to less than 5km,79,129,-50
E01001340,30km to less than 40km,0,2,-2
E01001340,40km to less than 60km,4,6,-2
E01001340,5km to less than 10km,118,144,-26
E01001340,60km and over,2,10,-8
E01001340,Less than 2km,79,94,-15
E01001340,"Works mainly at an offshore installation, in no fixed place, or outside the UK",98,82,16
E01001340,Works mainly from home,212,93,119
E01001341,10km to less than 20km,121,181,-60
E01001341,20km to less than 30km,13,26,-13
E01001341,2km to less than 5km,153,161,-8
E01001341,30km to less than 40km,2,3,-1
E01001341,40km to less than 60km,4,6,-2
E01001341,5km to less than 10km,101,158,-57
E01001341,60km and over,4,9,-5
E01001341,Less than 2km,80,108,-28
E01001341,"Works mainly at an offshore installation, in no fixed place, or outside the UK",143,152,-9
E01001341,Works mainly from home,223,58,165
E01001342,10km to less than 20km,129,210,-81
E01001342,20km to less than 30km,9,21,-12
E01001342,2km to less than 5km,128,171,-43
E01001342,30km to less than 40km,2,7,-5
E01001342,40km to less than 60km,4,6,-2
E01001342,5km to less than 10km,123,163,-40
E01001342,60km and over,11,12,-1
E01001342,Less than 2km,92,116,-24
E01001342,"Works mainly at an offshore installation, in no fixed place, or outside the UK",214,145,69
E01001342,Works mainly from home,213,80,133
E01001343,10km to less than 20km,99,195,-96
E01001343,20km to less than 30km,12,22,-10
E01001343,2km to less than 5km,104,118,-14
E01001343,30km to less than 40km,5,4,1
E01001343,40km to less than 60km,1,3,-2
E01001343,5km to less than 10km,72,120,-48
E01001343,60km and over,6,10,-4
E01001343,Less than 2km,55,88,-33
E01001343,"Works mainly at an offshore installation, in no fixed place, or outside the UK",148,137,11
E01001343,Works mainly from home,187,74,113
E01001344,10km to less than 20km,160,310,-150
E01001344,20km to less than 30km,19,33,-14
E01001344,2km to less than 5km,125,186,-61
E01001344,30km to less than 40km,8,6,2
E01001344,40km to less than 60km,4,3,1
E01001344,5km to less than 10km,118,207,-89
E01001344,60km and over,5,10,-5
E01001344,Less than 2km,49,83,-34
E01001344,"Works mainly at an offshore installation, in no fixed place, or outside the UK",258,187,71
E01001344,Works mainly from home,339,99,240
E01001345,10km to less than 20km,104,127,-23
E01001345,20km to less than 30km,7,14,-7
E01001345,2km to less than 5km,149,142,7
E01001345,30km to less than 40km,3,2,1
E01001345,40km to less than 60km,2,4,-2
E01001345,5km to less than 10km,105,133,-28
E01001345,60km and over,10,9,1
E01001345,Less than 2km,106,104,2
E01001345,"Works mainly at an offshore installation, in no fixed place, or outside the UK",158,156,2
E01001345,Works mainly from home,182,58,124
E01001346,10km to less than 20km,123,257,-134
E01001346,20km to less than 30km,9,26,-17
E01001346,2km to less than 5km,111,120,-9
E01001346,30km to less than 40km,4,5,-1
E01001346,40km to less than 60km,3,6,-3
E01001346,5km to less than 10km,98,157,-59
E01001346,60km and over,4,19,-15
E01001346,Less than 2km,72,95,-23
E01001346,"Works mainly at an offshore installation, in no fixed place, or outside the UK",228,175,53
E01001346,Works mainly from home,262,78,184
E01001347,10km to less than 20km,118,156,-38
E01001347,20km to less than 30km,10,12,-2
E01001347,2km to less than 5km,131,135,-4
E01001347,30km to less than 40km,5,3,2
E01001347,40km to less than 60km,11,5,6
E01001347,5km to less than 10km,134,163,-29
E01001347,60km and over,4,11,-7
E01001347,Less than 2km,47,85,-38
E01001347,"Works mainly at an offshore installation, in no fixed place, or outside the UK",220,194,26
E01001347,Works mainly from home,311,82,229
E01001348,10km to less than 20km,116,206,-90
E01001348,20km to less than 30km,15,31,-16
E01001348,2km to less than 5km,113,130,-17
E01001348,30km to less than 40km,2,3,-1
E01001348,40km to less than 60km,1,5,-4
E01001348,5km to less than 10km,77,146,-69
E01001348,60km and over,4,6,-2
E01001348,Less than 2km,64,90,-26
E01001348,"Works mainly at an offshore installation, in no fixed place, or outside the UK",163,122,41
E01001348,Works mainly from home,222,85,137
E01001349,10km to less than 20km,82,152,-70
E01001349,20km to less than 30km,17,39,-22
E01001349,2km to less than 5km,88,108,-20
E01001349,30km to less than 40km,6,5,1
E01001349,40km to less than 60km,6,6,0
E01001349,5km to less than 10km,96,147,-51
E01001349,60km and over,1,3,-2
E01001349,Less than 2km,38,53,-15
E01001349,"Works mainly at an offshore installation, in no fixed place, or outside the UK",146,113,33
E01001349,Works mainly from home,167,42,125
E01001350,10km to less than 20km,66,226,-160
E01001350,20km to less than 30km,6,14,-8
E01001350,2km to less than 5km,87,127,-40
E01001350,30km to less than 40km,0,8,-8
E01001350,40km to less than 60km,5,10,-5
E01001350,5km to less than 10km,76,130,-54
E01001350,60km and over,0,6,-6
E01001350,Less than 2km,44,79,-35
E01001350,"Works mainly at an offshore installation, in no fixed place, or outside the UK",106,91,15
E01001350,Works mainly from home,374,90,284
E01001351,10km to less than 20km,70,190,-120
E01001351,20km to less than 30km,6,16,-10
E01001351,2km to less than 5km,114,188,-74
E01001351,30km to less than 40km,2,9,-7
E01001351,40km to less than 60km,3,6,-3
E01001351,5km to less than 10km,145,216,-71
E01001351,60km and over,5,6,-1
E01001351,Less than 2km,65,106,-41
E01001351,"Works mainly at an offshore installation, in no fixed place, or outside the UK",184,136,48
E01001351,Works mainly from home,426,106,320
E01001352,10km to less than 20km,110,238,-128
E01001352,20km to less than 30km,8,24,-16
E01001352,2km to less than 5km,94,117,-23
E01001352,30km to less than 40km,3,5,-2
E01001352,40km to less than 60km,3,9,-6
E01001352,5km to less than 10km,86,195,-109
E01001352,60km and over,3,8,-5
E01001352,Less than 2km,50,66,-16
E01001352,"Works mainly at an offshore installation, in no fixed place, or outside the UK",103,98,5
E01001352,Works mainly from home,468,99,369
E01001353,10km to less than 20km,62,230,-168
E01001353,20km to less than 30km,7,9,-2
E01001353,2km to less than 5km,96,161,-65
E01001353,30km to less than 40km,6,6,0
E01001353,40km to less than 60km,1,11,-10
E01001353,5km to less than 10km,109,188,-79
E01001353,60km and over,7,4,3
E01001353,Less than 2km,27,79,-52
E01001353,"Works mainly at an offshore installation, in no fixed place, or outside the UK",119,133,-14
E01001353,Works mainly from home,348,63,285
E01001354,10km to less than 20km,73,263,-190
E01001354,20km to less than 30km,3,20,-17
E01001354,2km to less than 5km,105,164,-59
E01001354,30km to less than 40km,6,6,0
E01001354,40km to less than 60km,3,10,-7
E01001354,5km to less than 10km,101,185,-84
E01001354,60km and over,10,14,-4
E01001354,Less than 2km,59,91,-32
E01001354,"Works mainly at an offshore installation, in no fixed place, or outside the UK",127,140,-13
E01001354,Works mainly from home,582,119,463
E01001355,10km to less than 20km,83,193,-110
E01001355,20km to less than 30km,12,18,-6
E01001355,2km to less than 5km,138,153,-15
E01001355,30km to less than 40km,1,9,-8
E01001355,40km to less than 60km,3,8,-5
E01001355,5km to less than 10km,146,195,-49
E01001355,60km and over,7,11,-4
E01001355,Less than 2km,66,101,-35
E01001355,"Works mainly at an offshore installation, in no fixed place, or outside the UK",151,101,50
E01001355,Works mainly from home,527,82,445
E01001356,10km to less than 20km,54,95,-41
E01001356,20km to less than 30km,8,13,-5
E01001356,2km to less than 5km,91,145,-54
E01001356,30km to less than 40km,2,5,-3
E01001356,40km to less than 60km,2,5,-3
E01001356,5km to less than 10km,92,153,-61
E01001356,60km and over,3,10,-7
E01001356,Less than 2km,42,83,-41
E01001356,"Works mainly at an offshore installation, in no fixed place, or outside the UK",98,109,-11
E01001356,Works mainly from home,142,59,83
E01001357,10km to less than 20km,122,88,34
E01001357,20km to less than 30km,5,8,-3
E01001357,2km to less than 5km,161,94,67
E01001357,30km to less than 40km,3,3,0
E01001357,40km to less than 60km,11,5,6
E01001357,5km to less than 10km,218,113,105
E01001357,60km and over,10,5,5
E01001357,Less than 2km,100,57,43
E01001357,"Works mainly at an offshore installation, in no fixed place, or outside the UK",141,74,67
E01001357,Works mainly from home,753,44,709
E01001358,10km to less than 20km,102,88,14
E01001358,20km to less than 30km,5,7,-2
E01001358,2km to less than 5km,103,102,1
E01001358,30km to less than 40km,5,4,1
E01001358,40km to less than 60km,4,3,1
E01001358,5km to less than 10km,155,129,26
E01001358,60km and over,9,2,7
E01001358,Less than 2km,42,67,-25
E01001358,"Works mainly at an offshore installation, in no fixed place, or outside the UK",114,81,33
E01001358,Works mainly from home,543,52,491
E01001359,10km to less than 20km,85,128,-43
E01001359,20km to less than 30km,17,32,-15
E01001359,2km to less than 5km,160,144,16
E01001359,30km to less than 40km,10,8,2
E01001359,40km to less than 60km,6,9,-3
E01001359,5km to less than 10km,230,237,-7
E01001359,60km and over,9,12,-3
E01001359,Less than 2km,180,167,13
E01001359,"Works mainly at an offshore installation, in no fixed place, or outside the UK",138,92,46
E01001359,Works mainly from home,136,71,65
E01001360,10km to less than 20km,100,118,-18
E01001360,20km to less than 30km,14,26,-12
E01001360,2km to less than 5km,177,113,64
E01001360,30km to less than 40km,4,6,-2
E01001360,40km to less than 60km,2,9,-7
E01001360,5km to less than 10km,232,227,5
E01001360,60km and over,11,17,-6
E01001360,Less than 2km,173,167,6
E01001360,"Works mainly at an offshore installation, in no fixed place, or outside the UK",139,80,59
E01001360,Works mainly from home,143,46,97
E01001361,10km to less than 20km,86,102,-16
E01001361,20km to less than 30km,16,18,-2
E01001361,2km to less than 5km,143,128,15
E01001361,30km to less than 40km,4,7,-3
E01001361,40km to less than 60km,3,3,0
E01001361,5km to less than 10km,184,144,40
E01001361,60km and over,18,16,2
E01001361,Less than 2km,193,130,63
E01001361,"Works mainly at an offshore installation, in no fixed place, or outside the UK",132,91,41
E01001361,Works mainly from home,114,81,33
E01001362,10km to less than 20km,90,124,-34
E01001362,20km to less than 30km,25,44,-19
E01001362,2km to less than 5km,159,133,26
E01001362,30km to less than 40km,5,8,-3
E01001362,40km to less than 60km,3,3,0
E01001362,5km to less than 10km,242,247,-5
E01001362,60km and over,12,18,-6
E01001362,Less than 2km,171,143,28
E01001362,"Works mainly at an offshore installation, in no fixed place, or outside the UK",151,82,69
E01001362,Works mainly from home,172,67,105
E01001363,10km to less than 20km,78,76,2
E01001363,20km to less than 30km,17,23,-6
E01001363,2km to less than 5km,134,116,18
E01001363,30km to less than 40km,5,3,2
E01001363,40km to less than 60km,2,9,-7
E01001363,5km to less than 10km,181,208,-27
E01001363,60km and over,8,10,-2
E01001363,Less than 2km,131,114,17
E01001363,"Works mainly at an offshore installation, in no fixed place, or outside the UK",131,74,57
E01001363,Works mainly from home,118,41,77
E01001364,10km to less than 20km,77,80,-3
E01001364,20km to less than 30km,15,23,-8
E01001364,2km to less than 5km,104,93,11
E01001364,30km to less than 40km,2,3,-1
E01001364,40km to less than 60km,3,2,1
E01001364,5km to less than 10km,146,207,-61
E01001364,60km and over,8,11,-3
E01001364,Less than 2km,111,95,16
E01001364,"Works mainly at an offshore installation, in no fixed place, or outside the UK",105,56,49
E01001364,Works mainly from home,119,38,81
E01001365,10km to less than 20km,119,133,-14
E01001365,20km to less than 30km,22,40,-18
E01001365,2km to less than 5km,181,132,49
E01001365,30km to less than 40km,12,6,6
E01001365,40km to less than 60km,17,4,13
E01001365,5km to less than 10km,239,278,-39
E01001365,60km and over,16,18,-2
E01001365,Less than 2km,156,165,-9
E01001365,"Works mainly at an offshore installation, in no fixed place, or outside the UK",143,103,40
E01001365,Works mainly from home,138,54,84
E01001366,10km to less than 20km,62,101,-39
E01001366,20km to less than 30km,21,38,-17
E01001366,2km to less than 5km,135,142,-7
E01001366,30km to less than 40km,4,2,2
E01001366,40km to less than 60km,4,2,2
E01001366,5km to less than 10km,168,215,-47
E01001366,60km and over,14,12,2
E01001366,Less than 2km,108,102,6
E01001366,"Works mainly at an offshore installation, in no fixed place, or outside the UK",148,132,16
E01001366,Works mainly from home,107,59,48
E01001367,10km to less than 20km,111,96,15
E01001367,20km to less than 30km,31,25,6
E01001367,2km to less than 5km,132,93,39
E01001367,30km to less than 40km,6,9,-3
E01001367,40km to less than 60km,5,4,1
E01001367,5km to less than 10km,279,177,102
E01001367,60km and over,16,12,4
E01001367,Less than 2km,187,128,59
E01001367,"Works mainly at an offshore installation, in no fixed place, or outside the UK",171,131,40
E01001367,Works mainly from home,147,63,84
E01001368,10km to less than 20km,64,101,-37
E01001368,20km to less than 30km,20,26,-6
E01001368,2km to less than 5km,123,148,-25
E01001368,30km to less than 40km,5,4,1
E01001368,40km to less than 60km,3,4,-1
E01001368,5km to less than 10km,143,174,-31
E01001368,60km and over,12,7,5
E01001368,Less than 2km,102,112,-10
E01001368,"Works mainly at an offshore installation, in no fixed place, or outside the UK",123,79,44
E01001368,Works mainly from home,130,50,80
E01001369,10km to less than 20km,67,116,-49
E01001369,20km to less than 30km,22,39,-17
E01001369,2km to less than 5km,123,155,-32
E01001369,30km to less than 40km,5,11,-6
E01001369,40km to less than 60km,9,7,2
E01001369,5km to less than 10km,185,167,18
E01001369,60km and over,13,16,-3
E01001369,Less than 2km,141,156,-15
E01001369,"Works mainly at an offshore installation, in no fixed place, or outside the UK",131,91,40
E01001369,Works mainly from home,105,47,58
E01001370,10km to less than 20km,81,111,-30
E01001370,20km to less than 30km,16,29,-13
E01001370,2km to less than 5km,141,145,-4
E01001370,30km to less than 40km,8,7,1
E01001370,40km to less than 60km,5,10,-5
E01001370,5km to less than 10km,194,232,-38
E01001370,60km and over,8,12,-4
E01001370,Less than 2km,141,141,0
E01001370,"Works mainly at an offshore installation, in no fixed place, or outside the UK",202,80,122
E01001370,Works mainly from home,156,49,107
E01001371,10km to less than 20km,64,134,-70
E01001371,20km to less than 30km,15,34,-19
E01001371,2km to less than 5km,140,152,-12
E01001371,30km to less than 40km,8,8,0
E01001371,40km to less than 60km,3,6,-3
E01001371,5km to less than 10km,177,201,-24
E01001371,60km and over,10,16,-6
E01001371,Less than 2km,150,122,28
E01001371,"Works mainly at an offshore installation, in no fixed place, or outside the UK",156,109,47
E01001371,Works mainly from home,143,61,82
E01001372,10km to less than 20km,106,85,21
E01001372,20km to less than 30km,24,30,-6
E01001372,2km to less than 5km,150,147,3
E01001372,30km to less than 40km,6,4,2
E01001372,40km to less than 60km,5,8,-3
E01001372,5km to less than 10km,236,191,45
E01001372,60km and over,17,11,6
E01001372,Less than 2km,195,131,64
E01001372,"Works mainly at an offshore installation, in no fixed place, or outside the UK",172,104,68
E01001372,Works mainly from home,157,51,106
E01001373,10km to less than 20km,80,93,-13
E01001373,20km to less than 30km,25,29,-4
E01001373,2km to less than 5km,121,117,4
E01001373,30km to less than 40km,5,1,4
E01001373,40km to less than 60km,7,4,3
E01001373,5km to less than 10km,205,166,39
E01001373,60km and over,12,8,4
E01001373,Less than 2km,132,114,18
E01001373,"Works mainly at an offshore installation, in no fixed place, or outside the UK",136,88,48
E01001373,Works mainly from home,144,35,109
E01001374,10km to less than 20km,62,264,-202
E01001374,20km to less than 30km,7,25,-18
E01001374,2km to less than 5km,79,173,-94
E01001374,30km to less than 40km,7,7,0
E01001374,40km to less than 60km,6,15,-9
E01001374,5km to less than 10km,110,251,-141
E01001374,60km and over,3,9,-6
E01001374,Less than 2km,68,108,-40
E01001374,"Works mainly at an offshore installation, in no fixed place, or outside the UK",103,81,22
E01001374,Works mainly from home,706,117,589
E01001375,10km to less than 20km,46,223,-177
E01001375,20km to less than 30km,5,19,-14
E01001375,2km to less than 5km,49,124,-75
E01001375,30km to less than 40km,2,20,-18
E01001375,40km to less than 60km,3,11,-8
E01001375,5km to less than 10km,82,258,-176
E01001375,60km and over,2,12,-10
E01001375,Less than 2km,37,76,-39
E01001375,"Works mainly at an offshore installation, in no fixed place, or outside the UK",56,91,-35
E01001375,Works mainly from home,646,141,505
E01001376,10km to less than 20km,59,166,-107
E01001376,20km to less than 30km,9,15,-6
E01001376,2km to less than 5km,106,163,-57
E01001376,30km to less than 40km,1,7,-6
E01001376,40km to less than 60km,1,6,-5
E01001376,5km to less than 10km,111,243,-132
E01001376,60km and over,3,11,-8
E01001376,Less than 2km,68,106,-38
E01001376,"Works mainly at an offshore installation, in no fixed place, or outside the UK",108,75,33
E01001376,Works mainly from home,419,96,323
E01001377,10km to less than 20km,48,205,-157
E01001377,20km to less than 30km,3,15,-12
E01001377,2km to less than 5km,50,108,-58
E01001377,30km to less than 40km,1,9,-8
E01001377,40km to less than 60km,4,8,-4
E01001377,5km to less than 10km,61,227,-166
E01001377,60km and over,1,7,-6
E01001377,Less than 2km,26,91,-65
E01001377,"Works mainly at an offshore installation, in no fixed place, or outside the UK",50,63,-13
E01001377,Works mainly from home,575,158,417
E01001379,10km to less than 20km,51,256,-205
E01001379,20km to less than 30km,5,30,-25
E01001379,2km to less than 5km,57,130,-73
E01001379,30km to less than 40km,1,13,-12
E01001379,40km to less than 60km,2,5,-3
E01001379,5km to less than 10km,74,212,-138
E01001379,60km and over,4,14,-10
E01001379,Less than 2km,44,100,-56
E01001379,"Works mainly at an offshore installation, in no fixed place, or outside the UK",55,77,-22
E01001379,Works mainly from home,644,121,523
E01001380,10km to less than 20km,85,258,-173
E01001380,20km to less than 30km,6,34,-28
E01001380,2km to less than 5km,108,168,-60
E01001380,30km to less than 40km,5,11,-6
E01001380,40km to less than 60km,8,11,-3
E01001380,5km to less than 10km,130,222,-92
E01001380,60km and over,2,9,-7
E01001380,Less than 2km,73,135,-62
E01001380,"Works mainly at an offshore installation, in no fixed place, or outside the UK",81,91,-10
E01001380,Works mainly from home,877,108,769
E01001381,10km to less than 20km,74,175,-101
E01001381,20km to less than 30km,9,16,-7
E01001381,2km to less than 5km,105,175,-70
E01001381,30km to less than 40km,5,6,-1
E01001381,40km to less than 60km,2,3,-1
E01001381,5km to less than 10km,134,276,-142
E01001381,60km and over,6,15,-9
E01001381,Less than 2km,63,94,-31
E01001381,"Works mainly at an offshore installation, in no fixed place, or outside the UK",115,112,3
E01001381,Works mainly from home,534,106,428
E01001382,10km to less than 20km,54,254,-200
E01001382,20km to less than 30km,10,32,-22
E01001382,2km to less than 5km,51,93,-42
E01001382,30km to less than 40km,5,10,-5
E01001382,40km to less than 60km,2,13,-11
E01001382,5km to less than 10km,52,127,-75
E01001382,60km and over,6,14,-8
E01001382,Less than 2km,40,89,-49
E01001382,"Works mainly at an offshore installation, in no fixed place, or outside the UK",68,64,4
E01001382,Works mainly from home,474,107,367
E01001383,10km to less than 20km,91,331,-240
E01001383,20km to less than 30km,5,24,-19
E01001383,2km to less than 5km,80,157,-77
E01001383,30km to less than 40km,1,9,-8
E01001383,40km to less than 60km,3,10,-7
E01001383,5km to less than 10km,95,180,-85
E01001383,60km and over,4,7,-3
E01001383,Less than 2km,85,108,-23
E01001383,"Works mainly at an offshore installation, in no fixed place, or outside the UK",116,122,-6
E01001383,Works mainly from home,481,90,391
E01001384,10km to less than 20km,124,329,-205
E01001384,20km to less than 30km,9,32,-23
E01001384,2km to less than 5km,87,121,-34
E01001384,30km to less than 40km,0,7,-7
E01001384,40km to less than 60km,5,9,-4
E01001384,5km to less than 10km,116,200,-84
E01001384,60km and over,0,5,-5
E01001384,Less than 2km,63,106,-43
E01001384,"Works mainly at an offshore installation, in no fixed place, or outside the UK",118,123,-5
E01001384,Works mainly from home,494,105,389
E01001385,10km to less than 20km,89,344,-255
E01001385,20km to less than 30km,6,25,-19
E01001385,2km to less than 5km,81,118,-37
E01001385,30km to less than 40km,4,7,-3
E01001385,40km to less than 60km,5,8,-3
E01001385,5km to less than 10km,82,177,-95
E01001385,60km and over,3,11,-8
E01001385,Less than 2km,51,95,-44
E01001385,"Works mainly at an offshore installation, in no fixed place, or outside the UK",96,87,9
E01001385,Works mainly from home,504,86,418
E01001386,10km to less than 20km,78,349,-271
E01001386,20km to less than 30km,8,27,-19
E01001386,2km to less than 5km,61,103,-42
E01001386,30km to less than 40km,4,9,-5
E01001386,40km to less than 60km,3,15,-12
E01001386,5km to less than 10km,67,174,-107
E01001386,60km and over,9,6,3
E01001386,Less than 2km,52,77,-25
E01001386,"Works mainly at an offshore installation, in no fixed place, or outside the UK",84,78,6
E01001386,Works mainly from home,648,146,502
E01001387,10km to less than 20km,80,333,-253
E01001387,20km to less than 30km,13,30,-17
E01001387,2km to less than 5km,79,97,-18
E01001387,30km to less than 40km,2,3,-1
E01001387,40km to less than 60km,6,6,0
E01001387,5km to less than 10km,77,175,-98
E01001387,60km and over,4,16,-12
E01001387,Less than 2km,39,74,-35
E01001387,"Works mainly at an offshore installation, in no fixed place, or outside the UK",93,67,26
E01001387,Works mainly from home,508,112,396
E01001388,10km to less than 20km,76,238,-162
E01001388,20km to less than 30km,8,26,-18
E01001388,2km to less than 5km,65,75,-10
E01001388,30km to less than 40km,4,5,-1
E01001388,40km to less than 60km,3,10,-7
E01001388,5km to less than 10km,67,135,-68
E01001388,60km and over,3,7,-4
E01001388,Less than 2km,60,108,-48
E01001388,"Works mainly at an offshore installation, in no fixed place, or outside the UK",91,117,-26
E01001388,Works mainly from home,302,79,223
E01001389,10km to less than 20km,87,288,-201
E01001389,20km to less than 30km,6,30,-24
E01001389,2km to less than 5km,85,121,-36
E01001389,30km to less than 40km,4,9,-5
E01001389,40km to less than 60km,3,8,-5
E01001389,5km to less than 10km,92,161,-69
E01001389,60km and over,3,13,-10
E01001389,Less than 2km,81,137,-56
E01001389,"Works mainly at an offshore installation, in no fixed place, or outside the UK",108,143,-35
E01001389,Works mainly from home,419,81,338
E01001390,10km to less than 20km,156,444,-288
E01001390,20km to less than 30km,14,31,-17
E01001390,2km to less than 5km,86,113,-27
E01001390,30km to less than 40km,1,2,-1
E01001390,40km to less than 60km,4,4,0
E01001390,5km to less than 10km,100,275,-175
E01001390,60km and over,6,9,-3
E01001390,Less than 2km,43,51,-8
E01001390,"Works mainly at an offshore installation, in no fixed place, or outside the UK",156,186,-30
E01001390,Works mainly from home,450,87,363
E01001391,10km to less than 20km,113,250,-137
E01001391,20km to less than 30km,8,28,-20
E01001391,2km to less than 5km,74,97,-23
E01001391,30km to less than 40km,2,1,1
E01001391,40km to less than 60km,2,6,-4
E01001391,5km to less than 10km,118,205,-87
E01001391,60km and over,4,9,-5
E01001391,Less than 2km,39,69,-30
E01001391,"Works mainly at an offshore installation, in no fixed place, or outside the UK",240,126,114
E01001391,Works mainly from home,367,72,295
E01001392,10km to less than 20km,129,321,-192
E01001392,20km to less than 30km,11,20,-9
E01001392,2km to less than 5km,84,130,-46
E01001392,30km to less than 40km,3,7,-4
E01001392,40km to less than 60km,3,8,-5
E01001392,5km to less than 10km,117,188,-71
E01001392,60km and over,5,13,-8
E01001392,Less than 2km,39,68,-29
E01001392,"Works mainly at an offshore installation, in no fixed place, or outside the UK",172,141,31
E01001392,Works mainly from home,438,114,324
E01001393,10km to less than 20km,154,413,-259
E01001393,20km to less than 30km,15,25,-10
E01001393,2km to less than 5km,93,127,-34
E01001393,30km to less than 40km,2,11,-9
E01001393,40km to less than 60km,1,5,-4
E01001393,5km to less than 10km,135,254,-119
E01001393,60km and over,5,6,-1
E01001393,Less than 2km,50,74,-24
E01001393,"Works mainly at an offshore installation, in no fixed place, or outside the UK",219,220,-1
E01001393,Works mainly from home,417,94,323
E01001394,10km to less than 20km,142,225,-83
E01001394,20km to less than 30km,26,20,6
E01001394,2km to less than 5km,92,119,-27
E01001394,30km to less than 40km,8,4,4
E01001394,40km to less than 60km,2,3,-1
E01001394,5km to less than 10km,147,164,-17
E01001394,60km and over,11,7,4
E01001394,Less than 2km,80,84,-4
E01001394,"Works mainly at an offshore installation, in no fixed place, or outside the UK",224,122,102
E01001394,Works mainly from home,200,42,158
E01001395,10km to less than 20km,100,160,-60
E01001395,20km to less than 30km,10,16,-6
E01001395,2km to less than 5km,107,130,-23
E01001395,30km to less than 40km,4,6,-2
E01001395,40km to less than 60km,3,0,3
E01001395,5km to less than 10km,99,127,-28
E01001395,60km and over,2,8,-6
E01001395,Less than 2km,60,82,-22
E01001395,"Works mainly at an offshore installation, in no fixed place, or outside the UK",173,88,85
E01001395,Works mainly from home,186,47,139
E01001396,10km to less than 20km,88,158,-70
E01001396,20km to less than 30km,6,17,-11
E01001396,2km to less than 5km,90,87,3
E01001396,30km to less than 40km,7,6,1
E01001396,40km to less than 60km,2,3,-1
E01001396,5km to less than 10km,96,172,-76
E01001396,60km and over,8,3,5
E01001396,Less than 2km,56,73,-17
E01001396,"Works mainly at an offshore installation, in no fixed place, or outside the UK",191,122,69
E01001396,Works mainly from home,206,60,146
E01001397,10km to less than 20km,132,297,-165
E01001397,20km to less than 30km,19,28,-9
E01001397,2km to less than 5km,109,162,-53
E01001397,30km to less than 40km,5,6,-1
E01001397,40km to less than 60km,5,4,1
E01001397,5km to less than 10km,129,189,-60
E01001397,60km and over,11,18,-7
E01001397,Less than 2km,58,80,-22
E01001397,"Works mainly at an offshore installation, in no fixed place, or outside the UK",206,129,77
E01001397,Works mainly from home,248,57,191
E01001398,10km to less than 20km,83,224,-141
E01001398,20km to less than 30km,9,19,-10
E01001398,2km to less than 5km,82,122,-40
E01001398,30km to less than 40km,3,11,-8
E01001398,40km to less than 60km,0,7,-7
E01001398,5km to less than 10km,43,89,-46
E01001398,60km and over,1,9,-8
E01001398,Less than 2km,50,109,-59
E01001398,"Works mainly at an offshore installation, in no fixed place, or outside the UK",88,85,3
E01001398,Works mainly from home,299,76,223
E01001399,10km to less than 20km,139,214,-75
E01001399,20km to less than 30km,9,19,-10
E01001399,2km to less than 5km,92,134,-42
E01001399,30km to less than 40km,12,11,1
E01001399,40km to less than 60km,3,10,-7
E01001399,5km to less than 10km,80,103,-23
E01001399,60km and over,12,8,4
E01001399,Less than 2km,50,99,-49
E01001399,"Works mainly at an offshore installation, in no fixed place, or outside the UK",110,89,21
E01001399,Works mainly from home,238,84,154
E01001400,10km to less than 20km,83,156,-73
E01001400,20km to less than 30km,6,12,-6
E01001400,2km to less than 5km,115,101,14
E01001400,30km to less than 40km,0,5,-5
E01001400,40km to less than 60km,1,2,-1
E01001400,5km to less than 10km,58,74,-16
E01001400,60km and over,2,3,-1
E01001400,Less than 2km,59,81,-22
E01001400,"Works mainly at an offshore installation, in no fixed place, or outside the UK",94,46,48
E01001400,Works mainly from home,274,56,218
E01001401,10km to less than 20km,79,214,-135
E01001401,20km to less than 30km,12,16,-4
E01001401,2km to less than 5km,75,98,-23
E01001401,30km to less than 40km,2,5,-3
E01001401,40km to less than 60km,2,2,0
E01001401,5km to less than 10km,60,98,-38
E01001401,60km and over,3,2,1
E01001401,Less than 2km,63,75,-12
E01001401,"Works mainly at an offshore installation, in no fixed place, or outside the UK",101,79,22
E01001401,Works mainly from home,246,60,186
E01001402,10km to less than 20km,125,327,-202
E01001402,20km to less than 30km,19,31,-12
E01001402,2km to less than 5km,117,191,-74
E01001402,30km to less than 40km,3,11,-8
E01001402,40km to less than 60km,3,8,-5
E01001402,5km to less than 10km,87,120,-33
E01001402,60km and over,4,16,-12
E01001402,Less than 2km,56,74,-18
E01001402,"Works mainly at an offshore installation, in no fixed place, or outside the UK",140,73,67
E01001402,Works mainly from home,361,102,259
E01001403,10km to less than 20km,104,232,-128
E01001403,20km to less than 30km,14,33,-19
E01001403,2km to less than 5km,130,220,-90
E01001403,30km to less than 40km,4,8,-4
E01001403,40km to less than 60km,1,6,-5
E01001403,5km to less than 10km,89,139,-50
E01001403,60km and over,1,15,-14
E01001403,Less than 2km,48,75,-27
E01001403,"Works mainly at an offshore installation, in no fixed place, or outside the UK",116,105,11
E01001403,Works mainly from home,279,77,202
E01001404,10km to less than 20km,83,186,-103
E01001404,20km to less than 30km,10,21,-11
E01001404,2km to less than 5km,98,171,-73
E01001404,30km to less than 40km,8,6,2
E01001404,40km to less than 60km,3,12,-9
E01001404,5km to less than 10km,71,87,-16
E01001404,60km and over,2,10,-8
E01001404,Less than 2km,46,56,-10
E01001404,"Works mainly at an offshore installation, in no fixed place, or outside the UK",119,63,56
E01001404,Works mainly from home,223,59,164
E01001405,10km to less than 20km,111,269,-158
E01001405,20km to less than 30km,15,28,-13
E01001405,2km to less than 5km,78,122,-44
E01001405,30km to less than 40km,6,8,-2
E01001405,40km to less than 60km,0,3,-3
E01001405,5km to less than 10km,52,95,-43
E01001405,60km and over,8,15,-7
E01001405,Less than 2km,43,97,-54
E01001405,"Works mainly at an offshore installation, in no fixed place, or outside the UK",121,90,31
E01001405,Works mainly from home,275,83,192
E01001406,10km to less than 20km,121,233,-112
E01001406,20km to less than 30km,16,21,-5
E01001406,2km to less than 5km,87,140,-53
E01001406,30km to less than 40km,4,7,-3
E01001406,40km to less than 60km,5,4,1
E01001406,5km to less than 10km,68,100,-32
E01001406,60km and over,2,9,-7
E01001406,Less than 2km,81,91,-10
E01001406,"Works mainly at an offshore installation, in no fixed place, or outside the UK",127,89,38
E01001406,Works mainly from home,279,84,195
E01001407,10km to less than 20km,112,168,-56
E01001407,20km to less than 30km,24,30,-6
E01001407,2km to less than 5km,109,102,7
E01001407,30km to less than 40km,1,9,-8
E01001407,40km to less than 60km,2,2,0
E01001407,5km to less than 10km,72,93,-21
E01001407,60km and over,5,3,2
E01001407,Less than 2km,52,89,-37
E01001407,"Works mainly at an offshore installation, in no fixed place, or outside the UK",133,80,53
E01001407,Works mainly from home,245,66,179
E01001408,10km to less than 20km,113,296,-183
E01001408,20km to less than 30km,14,39,-25
E01001408,2km to less than 5km,85,106,-21
E01001408,30km to less than 40km,4,9,-5
E01001408,40km to less than 60km,0,11,-11
E01001408,5km to less than 10km,90,111,-21
E01001408,60km and over,1,9,-8
E01001408,Less than 2km,81,146,-65
E01001408,"Works mainly at an offshore installation, in no fixed place, or outside the UK",118,103,15
E01001408,Works mainly from home,359,65,294
E01001409,10km to less than 20km,125,218,-93
E01001409,20km to less than 30km,44,30,14
E01001409,2km to less than 5km,135,152,-17
E01001409,30km to less than 40km,9,2,7
E01001409,40km to less than 60km,5,8,-3
E01001409,5km to less than 10km,100,125,-25
E01001409,60km and over,6,10,-4
E01001409,Less than 2km,100,123,-23
E01001409,"Works mainly at an offshore installation, in no fixed place, or outside the UK",167,85,82
E01001409,Works mainly from home,226,63,163
E01001410,10km to less than 20km,144,219,-75
E01001410,20km to less than 30km,31,36,-5
E01001410,2km to less than 5km,101,186,-85
E01001410,30km to less than 40km,7,13,-6
E01001410,40km to less than 60km,4,7,-3
E01001410,5km to less than 10km,114,126,-12
E01001410,60km and over,8,10,-2
E01001410,Less than 2km,73,105,-32
E01001410,"Works mainly at an offshore installation, in no fixed place, or outside the UK",147,83,64
E01001410,Works mainly from home,192,41,151
E01001411,10km to less than 20km,114,282,-168
E01001411,20km to less than 30km,15,37,-22
E01001411,2km to less than 5km,89,116,-27
E01001411,30km to less than 40km,6,10,-4
E01001411,40km to less than 60km,6,9,-3
E01001411,5km to less than 10km,83,120,-37
E01001411,60km and over,5,5,0
E01001411,Less than 2km,79,176,-97
E01001411,"Works mainly at an offshore installation, in no fixed place, or outside the UK",124,96,28
E01001411,Works mainly from home,357,82,275
E01001412,10km to less than 20km,117,200,-83
E01001412,20km to less than 30km,20,43,-23
E01001412,2km to less than 5km,110,163,-53
E01001412,30km to less than 40km,2,6,-4
E01001412,40km to less than 60km,1,5,-4
E01001412,5km to less than 10km,113,137,-24
E01001412,60km and over,5,4,1
E01001412,Less than 2km,40,74,-34
E01001412,"Works mainly at an offshore installation, in no fixed place, or outside the UK",154,86,68
E01001412,Works mainly from home,255,136,119
E01001413,10km to less than 20km,89,224,-135
E01001413,20km to less than 30km,20,32,-12
E01001413,2km to less than 5km,77,120,-43
E01001413,30km to less than 40km,2,9,-7
E01001413,40km to less than 60km,3,4,-1
E01001413,5km to less than 10km,70,104,-34
E01001413,60km and over,3,15,-12
E01001413,Less than 2km,64,130,-66
E01001413,"Works mainly at an offshore installation, in no fixed place, or outside the UK",103,88,15
E01001413,Works mainly from home,348,110,238
E01001414,10km to less than 20km,97,129,-32
E01001414,20km to less than 30km,15,32,-17
E01001414,2km to less than 5km,102,94,8
E01001414,30km to less than 40km,8,11,-3
E01001414,40km to less than 60km,4,6,-2
E01001414,5km to less than 10km,80,89,-9
E01001414,60km and over,6,7,-1
E01001414,Less than 2km,83,120,-37
E01001414,"Works mainly at an offshore installation, in no fixed place, or outside the UK",108,55,53
E01001414,Works mainly from home,119,32,87
E01001415,10km to less than 20km,117,218,-101
E01001415,20km to less than 30km,10,19,-9
E01001415,2km to less than 5km,71,93,-22
E01001415,30km to less than 40km,4,4,0
E01001415,40km to less than 60km,3,4,-1
E01001415,5km to less than 10km,115,115,0
E01001415,60km and over,8,13,-5
E01001415,Less than 2km,52,48,4
E01001415,"Works mainly at an offshore installation, in no fixed place, or outside the UK",148,70,78
E01001415,Works mainly from home,469,119,350
E01001416,10km to less than 20km,98,340,-242
E01001416,20km to less than 30km,13,25,-12
E01001416,2km to less than 5km,96,169,-73
E01001416,30km to less than 40km,9,8,1
E01001416,40km to less than 60km,5,7,-2
E01001416,5km to less than 10km,73,187,-114
E01001416,60km and over,0,13,-13
E01001416,Less than 2km,42,102,-60
E01001416,"Works mainly at an offshore installation, in no fixed place, or outside the UK",99,90,9
E01001416,Works mainly from home,421,111,310
E01001417,10km to less than 20km,130,275,-145
E01001417,20km to less than 30km,37,31,6
E01001417,2km to less than 5km,53,84,-31
E01001417,30km to less than 40km,11,8,3
E01001417,40km to less than 60km,1,3,-2
E01001417,5km to less than 10km,113,153,-40
E01001417,60km and over,11,15,-4
E01001417,Less than 2km,8,21,-13
E01001417,"Works mainly at an offshore installation, in no fixed place, or outside the UK",57,67,-10
E01001417,Works mainly from home,482,151,331
E01001418,10km to less than 20km,105,219,-114
E01001418,20km to less than 30km,12,21,-9
E01001418,2km to less than 5km,69,126,-57
E01001418,30km to less than 40km,8,8,0
E01001418,40km to less than 60km,2,5,-3
E01001418,5km to less than 10km,87,123,-36
E01001418,60km and over,1,8,-7
E01001418,Less than 2km,53,55,-2
E01001418,"Works mainly at an offshore installation, in no fixed place, or outside the UK",114,83,31
E01001418,Works mainly from home,314,87,227
E01001419,10km to less than 20km,122,269,-147
E01001419,20km to less than 30km,21,31,-10
E01001419,2km to less than 5km,85,91,-6
E01001419,30km to less than 40km,13,5,8
E01001419,40km to less than 60km,3,3,0
E01001419,5km to less than 10km,98,110,-12
E01001419,60km and over,2,7,-5
E01001419,Less than 2km,40,55,-15
E01001419,"Works mainly at an offshore installation, in no fixed place, or outside the UK",134,102,32
E01001419,Works mainly from home,356,65,291
E01001420,10km to less than 20km,112,198,-86
E01001420,20km to less than 30km,14,12,2
E01001420,2km to less than 5km,68,116,-48
E01001420,30km to less than 40km,6,2,4
E01001420,40km to less than 60km,2,3,-1
E01001420,5km to less than 10km,105,128,-23
E01001420,60km and over,6,7,-1
E01001420,Less than 2km,67,59,8
E01001420,"Works mainly at an offshore installation, in no fixed place, or outside the UK",129,81,48
E01001420,Works mainly from home,248,76,172
E01001421,10km to less than 20km,115,226,-111
E01001421,20km to less than 30km,16,13,3
E01001421,2km to less than 5km,68,93,-25
E01001421,30km to less than 40km,3,3,0
E01001421,40km to less than 60km,3,2,1
E01001421,5km to less than 10km,97,153,-56
E01001421,60km and over,4,10,-6
E01001421,Less than 2km,38,53,-15
E01001421,"Works mainly at an offshore installation, in no fixed place, or outside the UK",155,109,46
E01001421,Works mainly from home,256,55,201
E01001422,10km to less than 20km,125,294,-169
E01001422,20km to less than 30km,16,46,-30
E01001422,2km to less than 5km,41,60,-19
E01001422,30km to less than 40km,10,8,2
E01001422,40km to less than 60km,9,4,5
E01001422,5km to less than 10km,98,125,-27
E01001422,60km and over,6,5,1
E01001422,Less than 2km,8,32,-24
E01001422,"Works mainly at an offshore installation, in no fixed place, or outside the UK",59,45,14
E01001422,Works mainly from home,391,141,250
E01001423,10km to less than 20km,95,113,-18
E01001423,20km to less than 30km,14,10,4
E01001423,2km to less than 5km,103,115,-12
E01001423,30km to less than 40km,6,9,-3
E01001423,40km to less than 60km,5,3,2
E01001423,5km to less than 10km,74,90,-16
E01001423,60km and over,6,9,-3
E01001423,Less than 2km,75,60,15
E01001423,"Works mainly at an offshore installation, in no fixed place, or outside the UK",143,59,84
E01001423,Works mainly from home,137,47,90
E01001424,10km to less than 20km,52,169,-117
E01001424,20km to less than 30km,14,13,1
E01001424,2km to less than 5km,80,115,-35
E01001424,30km to less than 40km,4,11,-7
E01001424,40km to less than 60km,3,3,0
E01001424,5km to less than 10km,64,82,-18
E01001424,60km and over,0,12,-12
E01001424,Less than 2km,53,56,-3
E01001424,"Works mainly at an offshore installation, in no fixed place, or outside the UK",81,72,9
E01001424,Works mainly from home,108,46,62
E01001425,10km to less than 20km,93,151,-58
E01001425,20km to less than 30km,21,7,14
E01001425,2km to less than 5km,97,100,-3
E01001425,30km to less than 40km,9,3,6
E01001425,40km to less than 60km,7,4,3
E01001425,5km to less than 10km,107,117,-10
E01001425,60km and over,4,11,-7
E01001425,Less than 2km,95,93,2
E01001425,"Works mainly at an offshore installation, in no fixed place, or outside the UK",161,87,74
E01001425,Works mainly from home,134,51,83
E01001426,10km to less than 20km,103,153,-50
E01001426,20km to less than 30km,13,14,-1
E01001426,2km to less than 5km,92,125,-33
E01001426,30km to less than 40km,10,3,7
E01001426,40km to less than 60km,4,0,4
E01001426,5km to less than 10km,82,131,-49
E01001426,60km and over,9,16,-7
E01001426,Less than 2km,104,129,-25
E01001426,"Works mainly at an offshore installation, in no fixed place, or outside the UK",133,82,51
E01001426,Works mainly from home,157,48,109
E01001427,10km to less than 20km,85,134,-49
E01001427,20km to less than 30km,12,14,-2
E01001427,2km to less than 5km,92,119,-27
E01001427,30km to less than 40km,6,4,2
E01001427,40km to less than 60km,5,6,-1
E01001427,5km to less than 10km,78,109,-31
E01001427,60km and over,9,8,1
E01001427,Less than 2km,70,92,-22
E01001427,"Works mainly at an offshore installation, in no fixed place, or outside the UK",146,72,74
E01001427,Works mainly from home,121,43,78
E01001428,10km to less than 20km,113,129,-16
E01001428,20km to less than 30km,17,13,4
E01001428,2km to less than 5km,96,131,-35
E01001428,30km to less than 40km,1,3,-2
E01001428,40km to less than 60km,6,0,6
E01001428,5km to less than 10km,80,96,-16
E01001428,60km and over,6,9,-3
E01001428,Less than 2km,84,75,9
E01001428,"Works mainly at an offshore installation, in no fixed place, or outside the UK",158,57,101
E01001428,Works mainly from home,137,40,97
E01001429,10km to less than 20km,152,236,-84
E01001429,20km to less than 30km,14,15,-1
E01001429,2km to less than 5km,121,153,-32
E01001429,30km to less than 40km,9,6,3
E01001429,40km to less than 60km,5,3,2
E01001429,5km to less than 10km,93,154,-61
E01001429,60km and over,7,19,-12
E01001429,Less than 2km,97,91,6
E01001429,"Works mainly at an offshore installation, in no fixed place, or outside the UK",154,74,80
E01001429,Works mainly from home,143,45,98
E01001430,10km to less than 20km,121,133,-12
E01001430,20km to less than 30km,15,19,-4
E01001430,2km to less than 5km,117,109,8
E01001430,30km to less than 40km,6,5,1
E01001430,40km to less than 60km,3,1,2
E01001430,5km to less than 10km,105,103,2
E01001430,60km and over,12,11,1
E01001430,Less than 2km,98,91,7
E01001430,"Works mainly at an offshore installation, in no fixed place, or outside the UK",136,49,87
E01001430,Works mainly from home,82,37,45
E01001431,10km to less than 20km,125,140,-15
E01001431,20km to less than 30km,22,15,7
E01001431,2km to less than 5km,79,106,-27
E01001431,30km to less than 40km,6,5,1
E01001431,40km to less than 60km,5,4,1
E01001431,5km to less than 10km,91,117,-26
E01001431,60km and over,11,8,3
E01001431,Less than 2km,83,80,3
E01001431,"Works mainly at an offshore installation, in no fixed place, or outside the UK",148,56,92
E01001431,Works mainly from home,123,33,90
E01001432,10km to less than 20km,119,173,-54
E01001432,20km to less than 30km,24,22,2
E01001432,2km to less than 5km,98,156,-58
E01001432,30km to less than 40km,8,1,7
E01001432,40km to less than 60km,4,3,1
E01001432,5km to less than 10km,97,147,-50
E01001432,60km and over,4,9,-5
E01001432,Less than 2km,116,101,15
E01001432,"Works mainly at an offshore installation, in no fixed place, or outside the UK",169,92,77
E01001432,Works mainly from home,139,52,87
E01001433,10km to less than 20km,144,167,-23
E01001433,20km to less than 30km,18,28,-10
E01001433,2km to less than 5km,108,102,6
E01001433,30km to less than 40km,8,7,1
E01001433,40km to less than 60km,2,3,-1
E01001433,5km to less than 10km,91,110,-19
E01001433,60km and over,10,9,1
E01001433,Less than 2km,74,120,-46
E01001433,"Works mainly at an offshore installation, in no fixed place, or outside the UK",130,81,49
E01001433,Works mainly from home,118,43,75
E01001434,10km to less than 20km,141,194,-53
E01001434,20km to less than 30km,31,29,2
E01001434,2km to less than 5km,75,113,-38
E01001434,30km to less than 40km,9,6,3
E01001434,40km to less than 60km,5,4,1
E01001434,5km to less than 10km,68,121,-53
E01001434,60km and over,7,5,2
E01001434,Less than 2km,86,95,-9
E01001434,"Works mainly at an offshore installation, in no fixed place, or outside the UK",150,75,75
E01001434,Works mainly from home,142,46,96
E01001435,10km to less than 20km,97,152,-55
E01001435,20km to less than 30km,18,31,-13
E01001435,2km to less than 5km,95,109,-14
E01001435,30km to less than 40km,9,3,6
E01001435,40km to less than 60km,6,3,3
E01001435,5km to less than 10km,86,102,-16
E01001435,60km and over,2,9,-7
E01001435,Less than 2km,66,107,-41
E01001435,"Works mainly at an offshore installation, in no fixed place, or outside the UK",111,69,42
E01001435,Works mainly from home,139,46,93
E01001436,10km to less than 20km,128,212,-84
E01001436,20km to less than 30km,32,29,3
E01001436,2km to less than 5km,110,123,-13
E01001436,30km to less than 40km,4,7,-3
E01001436,40km to less than 60km,1,4,-3
E01001436,5km to less than 10km,101,132,-31
E01001436,60km and over,9,10,-1
E01001436,Less than 2km,60,113,-53
E01001436,"Works mainly at an offshore installation, in no fixed place, or outside the UK",155,81,74
E01001436,Works mainly from home,166,57,109
E01001437,10km to less than 20km,145,264,-119
E01001437,20km to less than 30km,27,28,-1
E01001437,2km to less than 5km,124,146,-22
E01001437,30km to less than 40km,16,6,10
E01001437,40km to less than 60km,4,8,-4
E01001437,5km to less than 10km,126,109,17
E01001437,60km and over,6,21,-15
E01001437,Less than 2km,102,115,-13
E01001437,"Works mainly at an offshore installation, in no fixed place, or outside the UK",149,110,39
E01001437,Works mainly from home,154,61,93
E01001438,10km to less than 20km,119,179,-60
E01001438,20km to less than 30km,13,34,-21
E01001438,2km to less than 5km,87,103,-16
E01001438,30km to less than 40km,8,3,5
E01001438,40km to less than 60km,2,2,0
E01001438,5km to less than 10km,99,116,-17
E01001438,60km and over,8,7,1
E01001438,Less than 2km,71,98,-27
E01001438,"Works mainly at an offshore installation, in no fixed place, or outside the UK",134,62,72
E01001438,Works mainly from home,132,50,82
E01001439,10km to less than 20km,130,166,-36
E01001439,20km to less than 30km,32,32,0
E01001439,2km to less than 5km,115,130,-15
E01001439,30km to less than 40km,3,4,-1
E01001439,40km to less than 60km,1,4,-3
E01001439,5km to less than 10km,127,113,14
E01001439,60km and over,7,7,0
E01001439,Less than 2km,80,132,-52
E01001439,"Works mainly at an offshore installation, in no fixed place, or outside the UK",153,73,80
E01001439,Works mainly from home,148,64,84
E01001440,10km to less than 20km,112,167,-55
E01001440,20km to less than 30km,12,25,-13
E01001440,2km to less than 5km,92,126,-34
E01001440,30km to less than 40km,4,5,-1
E01001440,40km to less than 60km,3,3,0
E01001440,5km to less than 10km,72,85,-13
E01001440,60km and over,5,9,-4
E01001440,Less than 2km,83,113,-30
E01001440,"Works mainly at an offshore installation, in no fixed place, or outside the UK",115,63,52
E01001440,Works mainly from home,154,48,106
E01001441,10km to less than 20km,110,150,-40
E01001441,20km to less than 30km,29,21,8
E01001441,2km to less than 5km,79,114,-35
E01001441,30km to less than 40km,4,5,-1
E01001441,40km to less than 60km,6,1,5
E01001441,5km to less than 10km,72,105,-33
E01001441,60km and over,2,9,-7
E01001441,Less than 2km,60,94,-34
E01001441,"Works mainly at an offshore installation, in no fixed place, or outside the UK",97,77,20
E01001441,Works mainly from home,123,33,90
E01001442,10km to less than 20km,106,132,-26
E01001442,20km to less than 30km,21,17,4
E01001442,2km to less than 5km,89,117,-28
E01001442,30km to less than 40km,16,6,10
E01001442,40km to less than 60km,3,2,1
E01001442,5km to less than 10km,73,81,-8
E01001442,60km and over,8,9,-1
E01001442,Less than 2km,81,85,-4
E01001442,"Works mainly at an offshore installation, in no fixed place, or outside the UK",115,63,52
E01001442,Works mainly from home,76,32,44
E01001444,10km to less than 20km,145,218,-73
E01001444,20km to less than 30km,30,64,-34
E01001444,2km to less than 5km,87,142,-55
E01001444,30km to less than 40km,6,8,-2
E01001444,40km to less than 60km,5,3,2
E01001444,5km to less than 10km,94,121,-27
E01001444,60km and over,7,6,1
E01001444,Less than 2km,54,77,-23
E01001444,"Works mainly at an offshore installation, in no fixed place, or outside the UK",132,82,50
E01001444,Works mainly from home,175,49,126
E01001445,10km to less than 20km,242,369,-127
E01001445,20km to less than 30km,54,85,-31
E01001445,2km to less than 5km,126,95,31
E01001445,30km to less than 40km,12,15,-3
E01001445,40km to less than 60km,5,6,-1
E01001445,5km to less than 10km,127,142,-15
E01001445,60km and over,11,13,-2
E01001445,Less than 2km,111,110,1
E01001445,"Works mainly at an offshore installation, in no fixed place, or outside the UK",214,108,106
E01001445,Works mainly from home,354,83,271
E01001446,10km to less than 20km,139,240,-101
E01001446,20km to less than 30km,20,38,-18
E01001446,2km to less than 5km,121,144,-23
E01001446,30km to less than 40km,13,9,4
E01001446,40km to less than 60km,5,6,-1
E01001446,5km to less than 10km,83,105,-22
E01001446,60km and over,6,15,-9
E01001446,Less than 2km,67,103,-36
E01001446,"Works mainly at an offshore installation, in no fixed place, or outside the UK",146,83,63
E01001446,Works mainly from home,184,43,141
E01001447,10km to less than 20km,138,185,-47
E01001447,20km to less than 30km,33,54,-21
E01001447,2km to less than 5km,87,111,-24
E01001447,30km to less than 40km,12,9,3
E01001447,40km to less than 60km,9,5,4
E01001447,5km to less than 10km,90,103,-13
E01001447,60km and over,6,14,-8
E01001447,Less than 2km,77,97,-20
E01001447,"Works mainly at an offshore installation, in no fixed place, or outside the UK",148,94,54
E01001447,Works mainly from home,139,51,88
E01001448,10km to less than 20km,163,193,-30
E01001448,20km to less than 30km,24,52,-28
E01001448,2km to less than 5km,80,127,-47
E01001448,30km to less than 40km,2,15,-13
E01001448,40km to less than 60km,4,5,-1
E01001448,5km to less than 10km,90,121,-31
E01001448,60km and over,10,9,1
E01001448,Less than 2km,94,98,-4
E01001448,"Works mainly at an offshore installation, in no fixed place, or outside the UK",145,66,79
E01001448,Works mainly from home,183,50,133
E01001449,10km to less than 20km,121,199,-78
E01001449,20km to less than 30km,23,42,-19
E01001449,2km to less than 5km,87,99,-12
E01001449,30km to less than 40km,14,6,8
E01001449,40km to less than 60km,1,4,-3
E01001449,5km to less than 10km,78,89,-11
E01001449,60km and over,3,8,-5
E01001449,Less than 2km,63,86,-23
E01001449,"Works mainly at an offshore installation, in no fixed place, or outside the UK",129,74,55
E01001449,Works mainly from home,169,46,123
E01001450,10km to less than 20km,163,313,-150
E01001450,20km to less than 30km,18,36,-18
E01001450,2km to less than 5km,137,154,-17
E01001450,30km to less than 40km,7,9,-2
E01001450,40km to less than 60km,4,6,-2
E01001450,5km to less than 10km,112,118,-6
E01001450,60km and over,5,15,-10
E01001450,Less than 2km,109,112,-3
E01001450,"Works mainly at an offshore installation, in no fixed place, or outside the UK",179,101,78
E01001450,Works mainly from home,420,76,344
E01001451,10km to less than 20km,85,239,-154
E01001451,20km to less than 30km,12,31,-19
E01001451,2km to less than 5km,85,125,-40
E01001451,30km to less than 40km,3,5,-2
E01001451,40km to less than 60km,1,2,-1
E01001451,5km to less than 10km,63,94,-31
E01001451,60km and over,1,8,-7
E01001451,Less than 2km,55,99,-44
E01001451,"Works mainly at an offshore installation, in no fixed place, or outside the UK",123,79,44
E01001451,Works mainly from home,370,105,265
E01001452,10km to less than 20km,69,168,-99
E01001452,20km to less than 30km,5,12,-7
E01001452,2km to less than 5km,63,85,-22
E01001452,30km to less than 40km,5,6,-1
E01001452,40km to less than 60km,4,4,0
E01001452,5km to less than 10km,53,66,-13
E01001452,60km and over,0,6,-6
E01001452,Less than 2km,51,62,-11
E01001452,"Works mainly at an offshore installation, in no fixed place, or outside the UK",68,43,25
E01001452,Works mainly from home,315,79,236
E01001453,10km to less than 20km,100,265,-165
E01001453,20km to less than 30km,7,21,-14
E01001453,2km to less than 5km,81,135,-54
E01001453,30km to less than 40km,6,16,-10
E01001453,40km to less than 60km,3,5,-2
E01001453,5km to less than 10km,69,94,-25
E01001453,60km and over,2,5,-3
E01001453,Less than 2km,36,71,-35
E01001453,"Works mainly at an offshore installation, in no fixed place, or outside the UK",81,77,4
E01001453,Works mainly from home,375,100,275
E01001454,10km to less than 20km,95,243,-148
E01001454,20km to less than 30km,19,18,1
E01001454,2km to less than 5km,75,113,-38
E01001454,30km to less than 40km,7,6,1
E01001454,40km to less than 60km,2,3,-1
E01001454,5km to less than 10km,61,108,-47
E01001454,60km and over,4,9,-5
E01001454,Less than 2km,39,91,-52
E01001454,"Works mainly at an offshore installation, in no fixed place, or outside the UK",100,79,21
E01001454,Works mainly from home,329,90,239
E01001455,10km to less than 20km,92,227,-135
E01001455,20km to less than 30km,8,20,-12
E01001455,2km to less than 5km,85,150,-65
E01001455,30km to less than 40km,5,4,1
E01001455,40km to less than 60km,2,7,-5
E01001455,5km to less than 10km,77,95,-18
E01001455,60km and over,3,12,-9
E01001455,Less than 2km,47,107,-60
E01001455,"Works mainly at an offshore installation, in no fixed place, or outside the UK",122,81,41
E01001455,Works mainly from home,272,84,188
E01001456,10km to less than 20km,72,270,-198
E01001456,20km to less than 30km,9,20,-11
E01001456,2km to less than 5km,70,166,-96
E01001456,30km to less than 40km,4,10,-6
E01001456,40km to less than 60km,2,3,-1
E01001456,5km to less than 10km,57,113,-56
E01001456,60km and over,3,10,-7
E01001456,Less than 2km,49,88,-39
E01001456,"Works mainly at an offshore installation, in no fixed place, or outside the UK",88,86,2
E01001456,Works mainly from home,363,93,270
E01001457,10km to less than 20km,106,336,-230
E01001457,20km to less than 30km,15,37,-22
E01001457,2km to less than 5km,68,91,-23
E01001457,30km to less than 40km,2,12,-10
E01001457,40km to less than 60km,1,10,-9
E01001457,5km to less than 10km,81,113,-32
E01001457,60km and over,2,14,-12
E01001457,Less than 2km,62,103,-41
E01001457,"Works mainly at an offshore installation, in no fixed place, or outside the UK",113,61,52
E01001457,Works mainly from home,444,78,366
E01001458,10km to less than 20km,87,124,-37
E01001458,20km to less than 30km,10,15,-5
E01001458,2km to less than 5km,107,125,-18
E01001458,30km to less than 40km,6,5,1
E01001458,40km to less than 60km,2,4,-2
E01001458,5km to less than 10km,95,130,-35
E01001458,60km and over,3,6,-3
E01001458,Less than 2km,86,58,28
E01001458,"Works mainly at an offshore installation, in no fixed place, or outside the UK",168,101,67
E01001458,Works mainly from home,88,37,51
E01001459,10km to less than 20km,98,194,-96
E01001459,20km to less than 30km,19,17,2
E01001459,2km to less than 5km,94,166,-72
E01001459,30km to less than 40km,8,10,-2
E01001459,40km to less than 60km,1,3,-2
E01001459,5km to less than 10km,91,128,-37
E01001459,60km and over,4,8,-4
E01001459,Less than 2km,55,72,-17
E01001459,"Works mainly at an offshore installation, in no fixed place, or outside the UK",159,78,81
E01001459,Works mainly from home,175,59,116
E01001460,10km to less than 20km,162,163,-1
E01001460,20km to less than 30km,14,21,-7
E01001460,2km to less than 5km,112,121,-9
E01001460,30km to less than 40km,4,5,-1
E01001460,40km to less than 60km,3,6,-3
E01001460,5km to less than 10km,95,115,-20
E01001460,60km and over,9,8,1
E01001460,Less than 2km,75,65,10
E01001460,"Works mainly at an offshore installation, in no fixed place, or outside the UK",240,87,153
E01001460,Works mainly from home,137,47,90
E01001461,10km to less than 20km,97,145,-48
E01001461,20km to less than 30km,12,9,3
E01001461,2km to less than 5km,92,157,-65
E01001461,30km to less than 40km,6,5,1
E01001461,40km to less than 60km,0,3,-3
E01001461,5km to less than 10km,67,95,-28
E01001461,60km and over,5,6,-1
E01001461,Less than 2km,59,83,-24
E01001461,"Works mainly at an offshore installation, in no fixed place, or outside the UK",145,43,102
E01001461,Works mainly from home,102,55,47
E01001462,10km to less than 20km,79,152,-73
E01001462,20km to less than 30km,17,18,-1
E01001462,2km to less than 5km,82,127,-45
E01001462,30km to less than 40km,4,2,2
E01001462,40km to less than 60km,4,4,0
E01001462,5km to less than 10km,63,83,-20
E01001462,60km and over,12,6,6
E01001462,Less than 2km,60,67,-7
E01001462,"Works mainly at an offshore installation, in no fixed place, or outside the UK",103,50,53
E01001462,Works mainly from home,156,38,118
E01001463,10km to less than 20km,79,144,-65
E01001463,20km to less than 30km,11,10,1
E01001463,2km to less than 5km,118,161,-43
E01001463,30km to less than 40km,7,6,1
E01001463,40km to less than 60km,2,2,0
E01001463,5km to less than 10km,93,91,2
E01001463,60km and over,7,11,-4
E01001463,Less than 2km,75,74,1
E01001463,"Works mainly at an offshore installation, in no fixed place, or outside the UK",162,96,66
E01001463,Works mainly from home,154,56,98
E01001464,10km to less than 20km,71,132,-61
E01001464,20km to less than 30km,16,14,2
E01001464,2km to less than 5km,97,111,-14
E01001464,30km to less than 40km,5,3,2
E01001464,40km to less than 60km,6,1,5
E01001464,5km to less than 10km,73,59,14
E01001464,60km and over,6,7,-1
E01001464,Less than 2km,68,61,7
E01001464,"Works mainly at an offshore installation, in no fixed place, or outside the UK",104,53,51
E01001464,Works mainly from home,99,45,54
E01001465,10km to less than 20km,87,170,-83
E01001465,20km to less than 30km,11,7,4
E01001465,2km to less than 5km,84,140,-56
E01001465,30km to less than 40km,7,7,0
E01001465,40km to less than 60km,2,4,-2
E01001465,5km to less than 10km,101,88,13
E01001465,60km and over,8,8,0
E01001465,Less than 2km,49,84,-35
E01001465,"Works mainly at an offshore installation, in no fixed place, or outside the UK",216,74,142
E01001465,Works mainly from home,154,64,90
E01001466,10km to less than 20km,115,186,-71
E01001466,20km to less than 30km,20,18,2
E01001466,2km to less than 5km,117,159,-42
E01001466,30km to less than 40km,10,8,2
E01001466,40km to less than 60km,1,7,-6
E01001466,5km to less than 10km,96,131,-35
E01001466,60km and over,9,6,3
E01001466,Less than 2km,82,62,20
E01001466,"Works mainly at an offshore installation, in no fixed place, or outside the UK",220,105,115
E01001466,Works mainly from home,163,40,123
E01001467,10km to less than 20km,113,202,-89
E01001467,20km to less than 30km,18,22,-4
E01001467,2km to less than 5km,126,184,-58
E01001467,30km to less than 40km,8,6,2
E01001467,40km to less than 60km,0,6,-6
E01001467,5km to less than 10km,128,133,-5
E01001467,60km and over,5,16,-11
E01001467,Less than 2km,109,80,29
E01001467,"Works mainly at an offshore installation, in no fixed place, or outside the UK",170,90,80
E01001467,Works mainly from home,204,45,159
E01001468,10km to less than 20km,77,170,-93
E01001468,20km to less than 30km,17,18,-1
E01001468,2km to less than 5km,55,89,-34
E01001468,30km to less than 40km,5,3,2
E01001468,40km to less than 60km,3,4,-1
E01001468,5km to less than 10km,110,106,4
E01001468,60km and over,4,12,-8
E01001468,Less than 2km,51,81,-30
E01001468,"Works mainly at an offshore installation, in no fixed place, or outside the UK",67,50,17
E01001468,Works mainly from home,295,78,217
E01001469,10km to less than 20km,103,229,-126
E01001469,20km to less than 30km,15,19,-4
E01001469,2km to less than 5km,86,106,-20
E01001469,30km to less than 40km,8,10,-2
E01001469,40km to less than 60km,0,9,-9
E01001469,5km to less than 10km,92,124,-32
E01001469,60km and over,2,8,-6
E01001469,Less than 2km,66,117,-51
E01001469,"Works mainly at an offshore installation, in no fixed place, or outside the UK",148,97,51
E01001469,Works mainly from home,327,61,266
E01001470,10km to less than 20km,92,219,-127
E01001470,20km to less than 30km,8,18,-10
E01001470,2km to less than 5km,100,132,-32
E01001470,30km to less than 40km,0,2,-2
E01001470,40km to less than 60km,2,2,0
E01001470,5km to less than 10km,76,105,-29
E01001470,60km and over,6,6,0
E01001470,Less than 2km,56,82,-26
E01001470,"Works mainly at an offshore installation, in no fixed place, or outside the UK",82,84,-2
E01001470,Works mainly from home,327,83,244
E01001471,10km to less than 20km,132,305,-173
E01001471,20km to less than 30km,14,32,-18
E01001471,2km to less than 5km,86,113,-27
E01001471,30km to less than 40km,8,15,-7
E01001471,40km to less than 60km,4,7,-3
E01001471,5km to less than 10km,110,146,-36
E01001471,60km and over,4,12,-8
E01001471,Less than 2km,69,135,-66
E01001471,"Works mainly at an offshore installation, in no fixed place, or outside the UK",127,96,31
E01001471,Works mainly from home,344,69,275
E01001472,10km to less than 20km,98,365,-267
E01001472,20km to less than 30km,9,38,-29
E01001472,2km to less than 5km,92,148,-56
E01001472,30km to less than 40km,1,13,-12
E01001472,40km to less than 60km,2,2,0
E01001472,5km to less than 10km,75,114,-39
E01001472,60km and over,3,11,-8
E01001472,Less than 2km,68,149,-81
E01001472,"Works mainly at an offshore installation, in no fixed place, or outside the UK",116,95,21
E01001472,Works mainly from home,372,88,284
E01001473,10km to less than 20km,96,195,-99
E01001473,20km to less than 30km,12,13,-1
E01001473,2km to less than 5km,100,108,-8
E01001473,30km to less than 40km,0,6,-6
E01001473,40km to less than 60km,3,0,3
E01001473,5km to less than 10km,82,119,-37
E01001473,60km and over,8,8,0
E01001473,Less than 2km,31,65,-34
E01001473,"Works mainly at an offshore installation, in no fixed place, or outside the UK",107,70,37
E01001473,Works mainly from home,271,77,194
E01001474,10km to less than 20km,109,318,-209
E01001474,20km to less than 30km,25,24,1
E01001474,2km to less than 5km,85,93,-8
E01001474,30km to less than 40km,8,3,5
E01001474,40km to less than 60km,3,6,-3
E01001474,5km to less than 10km,79,103,-24
E01001474,60km and over,4,8,-4
E01001474,Less than 2km,58,116,-58
E01001474,"Works mainly at an offshore installation, in no fixed place, or outside the UK",95,81,14
E01001474,Works mainly from home,418,110,308
E01001475,10km to less than 20km,123,271,-148
E01001475,20km to less than 30km,20,19,1
E01001475,2km to less than 5km,91,108,-17
E01001475,30km to less than 40km,2,5,-3
E01001475,40km to less than 60km,7,6,1
E01001475,5km to less than 10km,89,131,-42
E01001475,60km and over,3,15,-12
E01001475,Less than 2km,43,56,-13
E01001475,"Works mainly at an offshore installation, in no fixed place, or outside the UK",102,78,24
E01001475,Works mainly from home,396,95,301
E01001476,10km to less than 20km,114,213,-99
E01001476,20km to less than 30km,18,25,-7
E01001476,2km to less than 5km,129,130,-1
E01001476,30km to less than 40km,2,15,-13
E01001476,40km to less than 60km,9,5,4
E01001476,5km to less than 10km,84,128,-44
E01001476,60km and over,6,5,1
E01001476,Less than 2km,70,76,-6
E01001476,"Works mainly at an offshore installation, in no fixed place, or outside the UK",108,66,42
E01001476,Works mainly from home,146,34,112
E01001477,10km to less than 20km,122,184,-62
E01001477,20km to less than 30km,21,25,-4
E01001477,2km to less than 5km,116,134,-18
E01001477,30km to less than 40km,5,6,-1
E01001477,40km to less than 60km,6,4,2
E01001477,5km to less than 10km,109,121,-12
E01001477,60km and over,8,10,-2
E01001477,Less than 2km,71,76,-5
E01001477,"Works mainly at an offshore installation, in no fixed place, or outside the UK",144,63,81
E01001477,Works mainly from home,145,50,95
E01001478,10km to less than 20km,115,177,-62
E01001478,20km to less than 30km,13,19,-6
E01001478,2km to less than 5km,111,171,-60
E01001478,30km to less than 40km,5,9,-4
E01001478,40km to less than 60km,2,1,1
E01001478,5km to less than 10km,67,102,-35
E01001478,60km and over,7,7,0
E01001478,Less than 2km,75,81,-6
E01001478,"Works mainly at an offshore installation, in no fixed place, or outside the UK",146,59,87
E01001478,Works mainly from home,190,53,137
E01001479,10km to less than 20km,105,181,-76
E01001479,20km to less than 30km,12,18,-6
E01001479,2km to less than 5km,134,127,7
E01001479,30km to less than 40km,2,6,-4
E01001479,40km to less than 60km,8,2,6
E01001479,5km to less than 10km,86,126,-40
E01001479,60km and over,4,8,-4
E01001479,Less than 2km,53,71,-18
E01001479,"Works mainly at an offshore installation, in no fixed place, or outside the UK",162,87,75
E01001479,Works mainly from home,143,71,72
E01001480,10km to less than 20km,115,172,-57
E01001480,20km to less than 30km,7,21,-14
E01001480,2km to less than 5km,121,137,-16
E01001480,30km to less than 40km,5,11,-6
E01001480,40km to less than 60km,1,3,-2
E01001480,5km to less than 10km,85,127,-42
E01001480,60km and over,3,11,-8
E01001480,Less than 2km,64,86,-22
E01001480,"Works mainly at an offshore installation, in no fixed place, or outside the UK",109,72,37
E01001480,Works mainly from home,157,51,106
E01001481,10km to less than 20km,130,199,-69
E01001481,20km to less than 30km,28,16,12
E01001481,2km to less than 5km,131,143,-12
E01001481,30km to less than 40km,5,6,-1
E01001481,40km to less than 60km,3,7,-4
E01001481,5km to less than 10km,98,129,-31
E01001481,60km and over,7,7,0
E01001481,Less than 2km,68,75,-7
E01001481,"Works mainly at an offshore installation, in no fixed place, or outside the UK",120,63,57
E01001481,Works mainly from home,104,43,61
E01001482,10km to less than 20km,115,189,-74
E01001482,20km to less than 30km,20,19,1
E01001482,2km to less than 5km,103,127,-24
E01001482,30km to less than 40km,6,9,-3
E01001482,40km to less than 60km,2,4,-2
E01001482,5km to less than 10km,98,147,-49
E01001482,60km and over,5,11,-6
E01001482,Less than 2km,80,84,-4
E01001482,"Works mainly at an offshore installation, in no fixed place, or outside the UK",135,70,65
E01001482,Works mainly from home,128,41,87
E01001483,10km to less than 20km,68,132,-64
E01001483,20km to less than 30km,7,8,-1
E01001483,2km to less than 5km,75,104,-29
E01001483,30km to less than 40km,2,5,-3
E01001483,40km to less than 60km,0,6,-6
E01001483,5km to less than 10km,69,76,-7
E01001483,60km and over,7,6,1
E01001483,Less than 2km,49,55,-6
E01001483,"Works mainly at an offshore installation, in no fixed place, or outside the UK",109,55,54
E01001483,Works mainly from home,69,36,33
E01001484,10km to less than 20km,95,158,-63
E01001484,20km to less than 30km,15,19,-4
E01001484,2km to less than 5km,107,105,2
E01001484,30km to less than 40km,6,3,3
E01001484,40km to less than 60km,4,3,1
E01001484,5km to less than 10km,51,86,-35
E01001484,60km and over,4,9,-5
E01001484,Less than 2km,57,76,-19
E01001484,"Works mainly at an offshore installation, in no fixed place, or outside the UK",106,64,42
E01001484,Works mainly from home,128,43,85
E01001485,10km to less than 20km,122,142,-20
E01001485,20km to less than 30km,15,17,-2
E01001485,2km to less than 5km,112,126,-14
E01001485,30km to less than 40km,3,9,-6
E01001485,40km to less than 60km,3,2,1
E01001485,5km to less than 10km,92,94,-2
E01001485,60km and over,7,9,-2
E01001485,Less than 2km,84,45,39
E01001485,"Works mainly at an offshore installation, in no fixed place, or outside the UK",143,59,84
E01001485,Works mainly from home,106,27,79
E01001486,10km to less than 20km,166,166,0
E01001486,20km to less than 30km,36,23,13
E01001486,2km to less than 5km,133,155,-22
E01001486,30km to less than 40km,11,7,4
E01001486,40km to less than 60km,4,7,-3
E01001486,5km to less than 10km,104,150,-46
E01001486,60km and over,12,11,1
E01001486,Less than 2km,63,97,-34
E01001486,"Works mainly at an offshore installation, in no fixed place, or outside the UK",172,76,96
E01001486,Works mainly from home,149,39,110
E01001487,10km to less than 20km,122,214,-92
E01001487,20km to less than 30km,22,18,4
E01001487,2km to less than 5km,106,122,-16
E01001487,30km to less than 40km,4,8,-4
E01001487,40km to less than 60km,3,2,1
E01001487,5km to less than 10km,106,135,-29
E01001487,60km and over,4,11,-7
E01001487,Less than 2km,65,75,-10
E01001487,"Works mainly at an offshore installation, in no fixed place, or outside the UK",167,70,97
E01001487,Works mainly from home,141,63,78
E01001488,10km to less than 20km,120,206,-86
E01001488,20km to less than 30km,23,22,1
E01001488,2km to less than 5km,136,152,-16
E01001488,30km to less than 40km,8,10,-2
E01001488,40km to less than 60km,4,2,2
E01001488,5km to less than 10km,90,119,-29
E01001488,60km and over,5,8,-3
E01001488,Less than 2km,68,74,-6
E01001488,"Works mainly at an offshore installation, in no fixed place, or outside the UK",182,99,83
E01001488,Works mainly from home,160,57,103
E01001489,10km to less than 20km,96,174,-78
E01001489,20km to less than 30km,21,20,1
E01001489,2km to less than 5km,102,153,-51
E01001489,30km to less than 40km,5,11,-6
E01001489,40km to less than 60km,3,6,-3
E01001489,5km to less than 10km,122,125,-3
E01001489,60km and over,8,10,-2
E01001489,Less than 2km,74,74,0
E01001489,"Works mainly at an offshore installation, in no fixed place, or outside the UK",147,86,61
E01001489,Works mainly from home,133,62,71
E01001491,10km to less than 20km,143,217,-74
E01001491,20km to less than 30km,13,16,-3
E01001491,2km to less than 5km,162,158,4
E01001491,30km to less than 40km,5,7,-2
E01001491,40km to less than 60km,2,3,-1
E01001491,5km to less than 10km,106,148,-42
E01001491,60km and over,12,7,5
E01001491,Less than 2km,67,81,-14
E01001491,"Works mainly at an offshore installation, in no fixed place, or outside the UK",174,93,81
E01001491,Works mainly from home,152,72,80
E01001492,10km to less than 20km,140,230,-90
E01001492,20km to less than 30km,18,29,-11
E01001492,2km to less than 5km,144,185,-41
E01001492,30km to less than 40km,9,9,0
E01001492,40km to less than 60km,4,8,-4
E01001492,5km to less than 10km,104,184,-80
E01001492,60km and over,10,12,-2
E01001492,Less than 2km,96,82,14
E01001492,"Works mainly at an offshore installation, in no fixed place, or outside the UK",165,104,61
E01001492,Works mainly from home,175,60,115
E01001493,10km to less than 20km,102,225,-123
E01001493,20km to less than 30km,14,25,-11
E01001493,2km to less than 5km,134,169,-35
E01001493,30km to less than 40km,15,6,9
E01001493,40km to less than 60km,1,5,-4
E01001493,5km to less than 10km,95,102,-7
E01001493,60km and over,5,4,1
E01001493,Less than 2km,55,56,-1
E01001493,"Works mainly at an offshore installation, in no fixed place, or outside the UK",188,88,100
E01001493,Works mainly from home,233,73,160
E01001494,10km to less than 20km,73,168,-95
E01001494,20km to less than 30km,15,25,-10
E01001494,2km to less than 5km,84,164,-80
E01001494,30km to less than 40km,6,2,4
E01001494,40km to less than 60km,4,2,2
E01001494,5km to less than 10km,75,121,-46
E01001494,60km and over,5,3,2
E01001494,Less than 2km,59,70,-11
E01001494,"Works mainly at an offshore installation, in no fixed place, or outside the UK",114,76,38
E01001494,Works mainly from home,216,61,155
E01001495,10km to less than 20km,177,377,-200
E01001495,20km to less than 30km,13,23,-10
E01001495,2km to less than 5km,130,160,-30
E01001495,30km to less than 40km,4,6,-2
E01001495,40km to less than 60km,15,3,12
E01001495,5km to less than 10km,86,129,-43
E01001495,60km and over,0,15,-15
E01001495,Less than 2km,32,79,-47
E01001495,"Works mainly at an offshore installation, in no fixed place, or outside the UK",185,129,56
E01001495,Works mainly from home,396,100,296
E01001496,10km to less than 20km,94,205,-111
E01001496,20km to less than 30km,11,12,-1
E01001496,2km to less than 5km,111,173,-62
E01001496,30km to less than 40km,14,7,7
E01001496,40km to less than 60km,4,6,-2
E01001496,5km to less than 10km,102,134,-32
E01001496,60km and over,2,9,-7
E01001496,Less than 2km,56,67,-11
E01001496,"Works mainly at an offshore installation, in no fixed place, or outside the UK",225,100,125
E01001496,Works mainly from home,332,92,240
E01001497,10km to less than 20km,90,159,-69
E01001497,20km to less than 30km,10,17,-7
E01001497,2km to less than 5km,103,131,-28
E01001497,30km to less than 40km,2,9,-7
E01001497,40km to less than 60km,4,3,1
E01001497,5km to less than 10km,82,123,-41
E01001497,60km and over,1,6,-5
E01001497,Less than 2km,51,50,1
E01001497,"Works mainly at an offshore installation, in no fixed place, or outside the UK",111,83,28
E01001497,Works mainly from home,171,57,114
E01001498,10km to less than 20km,116,342,-226
E01001498,20km to less than 30km,11,29,-18
E01001498,2km to less than 5km,90,175,-85
E01001498,30km to less than 40km,9,8,1
E01001498,40km to less than 60km,4,9,-5
E01001498,5km to less than 10km,99,166,-67
E01001498,60km and over,5,6,-1
E01001498,Less than 2km,53,77,-24
E01001498,"Works mainly at an offshore installation, in no fixed place, or outside the UK",208,140,68
E01001498,Works mainly from home,358,97,261
E01001499,10km to less than 20km,91,179,-88
E01001499,20km to less than 30km,16,16,0
E01001499,2km to less than 5km,130,158,-28
E01001499,30km to less than 40km,1,4,-3
E01001499,40km to less than 60km,5,2,3
E01001499,5km to less than 10km,89,145,-56
E01001499,60km and over,5,5,0
E01001499,Less than 2km,53,66,-13
E01001499,"Works mainly at an offshore installation, in no fixed place, or outside the UK",108,80,28
E01001499,Works mainly from home,210,73,137
E01001500,10km to less than 20km,96,232,-136
E01001500,20km to less than 30km,10,29,-19
E01001500,2km to less than 5km,75,127,-52
E01001500,30km to less than 40km,6,5,1
E01001500,40km to less than 60km,0,4,-4
E01001500,5km to less than 10km,77,132,-55
E01001500,60km and over,5,4,1
E01001500,Less than 2km,50,44,6
E01001500,"Works mainly at an offshore installation, in no fixed place, or outside the UK",120,86,34
E01001500,Works mainly from home,253,73,180
E01001501,10km to less than 20km,147,360,-213
E01001501,20km to less than 30km,13,20,-7
E01001501,2km to less than 5km,109,157,-48
E01001501,30km to less than 40km,6,2,4
E01001501,40km to less than 60km,1,3,-2
E01001501,5km to less than 10km,127,149,-22
E01001501,60km and over,6,9,-3
E01001501,Less than 2km,49,61,-12
E01001501,"Works mainly at an offshore installation, in no fixed place, or outside the UK",240,115,125
E01001501,Works mainly from home,372,87,285
E01001502,10km to less than 20km,127,184,-57
E01001502,20km to less than 30km,17,20,-3
E01001502,2km to less than 5km,131,150,-19
E01001502,30km to less than 40km,9,4,5
E01001502,40km to less than 60km,2,9,-7
E01001502,5km to less than 10km,94,110,-16
E01001502,60km and over,9,12,-3
E01001502,Less than 2km,67,76,-9
E01001502,"Works mainly at an offshore installation, in no fixed place, or outside the UK",171,85,86
E01001502,Works mainly from home,177,60,117
E01001503,10km to less than 20km,116,175,-59
E01001503,20km to less than 30km,15,19,-4
E01001503,2km to less than 5km,128,149,-21
E01001503,30km to less than 40km,6,5,1
E01001503,40km to less than 60km,0,9,-9
E01001503,5km to less than 10km,101,131,-30
E01001503,60km and over,11,8,3
E01001503,Less than 2km,68,100,-32
E01001503,"Works mainly at an offshore installation, in no fixed place, or outside the UK",138,82,56
E01001503,Works mainly from home,162,71,91
E01001504,10km to less than 20km,124,131,-7
E01001504,20km to less than 30km,18,17,1
E01001504,2km to less than 5km,114,115,-1
E01001504,30km to less than 40km,8,2,6
E01001504,40km to less than 60km,22,3,19
E01001504,5km to less than 10km,66,114,-48
E01001504,60km and over,4,9,-5
E01001504,Less than 2km,83,83,0
E01001504,"Works mainly at an offshore installation, in no fixed place, or outside the UK",161,77,84
E01001504,Works mainly from home,156,37,119
E01001505,10km to less than 20km,104,161,-57
E01001505,20km to less than 30km,7,24,-17
E01001505,2km to less than 5km,132,129,3
E01001505,30km to less than 40km,11,6,5
E01001505,40km to less than 60km,3,6,-3
E01001505,5km to less than 10km,102,111,-9
E01001505,60km and over,9,15,-6
E01001505,Less than 2km,131,119,12
E01001505,"Works mainly at an offshore installation, in no fixed place, or outside the UK",131,67,64
E01001505,Works mainly from home,200,53,147
E01001507,10km to less than 20km,221,216,5
E01001507,20km to less than 30km,24,24,0
E01001507,2km to less than 5km,126,143,-17
E01001507,30km to less than 40km,8,10,-2
E01001507,40km to less than 60km,7,4,3
E01001507,5km to less than 10km,85,128,-43
E01001507,60km and over,15,4,11
E01001507,Less than 2km,90,91,-1
E01001507,"Works mainly at an offshore installation, in no fixed place, or outside the UK",196,76,120
E01001507,Works mainly from home,142,60,82
E01001508,10km to less than 20km,128,241,-113
E01001508,20km to less than 30km,17,34,-17
E01001508,2km to less than 5km,177,140,37
E01001508,30km to less than 40km,8,9,-1
E01001508,40km to less than 60km,3,5,-2
E01001508,5km to less than 10km,117,127,-10
E01001508,60km and over,8,16,-8
E01001508,Less than 2km,93,102,-9
E01001508,"Works mainly at an offshore installation, in no fixed place, or outside the UK",188,76,112
E01001508,Works mainly from home,204,50,154
E01001509,10km to less than 20km,102,216,-114
E01001509,20km to less than 30km,21,21,0
E01001509,2km to less than 5km,119,136,-17
E01001509,30km to less than 40km,7,12,-5
E01001509,40km to less than 60km,10,4,6
E01001509,5km to less than 10km,98,97,1
E01001509,60km and over,5,14,-9
E01001509,Less than 2km,70,96,-26
E01001509,"Works mainly at an offshore installation, in no fixed place, or outside the UK",135,58,77
E01001509,Works mainly from home,111,47,64
E01001511,10km to less than 20km,116,247,-131
E01001511,20km to less than 30km,11,22,-11
E01001511,2km to less than 5km,87,133,-46
E01001511,30km to less than 40km,9,11,-2
E01001511,40km to less than 60km,2,9,-7
E01001511,5km to less than 10km,80,111,-31
E01001511,60km and over,4,11,-7
E01001511,Less than 2km,90,123,-33
E01001511,"Works mainly at an offshore installation, in no fixed place, or outside the UK",152,80,72
E01001511,Works mainly from home,312,67,245
E01001512,10km to less than 20km,159,297,-138
E01001512,20km to less than 30km,15,26,-11
E01001512,2km to less than 5km,127,132,-5
E01001512,30km to less than 40km,6,7,-1
E01001512,40km to less than 60km,2,2,0
E01001512,5km to less than 10km,105,129,-24
E01001512,60km and over,0,12,-12
E01001512,Less than 2km,102,143,-41
E01001512,"Works mainly at an offshore installation, in no fixed place, or outside the UK",163,94,69
E01001512,Works mainly from home,473,55,418
E01001513,10km to less than 20km,91,166,-75
E01001513,20km to less than 30km,22,22,0
E01001513,2km to less than 5km,138,138,0
E01001513,30km to less than 40km,9,9,0
E01001513,40km to less than 60km,4,7,-3
E01001513,5km to less than 10km,99,94,5
E01001513,60km and over,10,9,1
E01001513,Less than 2km,92,128,-36
E01001513,"Works mainly at an offshore installation, in no fixed place, or outside the UK",156,72,84
E01001513,Works mainly from home,190,50,140
E01001514,10km to less than 20km,108,247,-139
E01001514,20km to less than 30km,16,39,-23
E01001514,2km to less than 5km,114,149,-35
E01001514,30km to less than 40km,10,9,1
E01001514,40km to less than 60km,2,6,-4
E01001514,5km to less than 10km,65,131,-66
E01001514,60km and over,8,16,-8
E01001514,Less than 2km,78,124,-46
E01001514,"Works mainly at an offshore installation, in no fixed place, or outside the UK",143,91,52
E01001514,Works mainly from home,292,73,219
E01001515,10km to less than 20km,107,183,-76
E01001515,20km to less than 30km,21,33,-12
E01001515,2km to less than 5km,115,124,-9
E01001515,30km to less than 40km,8,11,-3
E01001515,40km to less than 60km,2,4,-2
E01001515,5km to less than 10km,80,113,-33
E01001515,60km and over,7,9,-2
E01001515,Less than 2km,81,120,-39
E01001515,"Works mainly at an offshore installation, in no fixed place, or outside the UK",189,91,98
E01001515,Works mainly from home,194,51,143
E01001516,10km to less than 20km,105,185,-80
E01001516,20km to less than 30km,24,18,6
E01001516,2km to less than 5km,109,135,-26
E01001516,30km to less than 40km,9,5,4
E01001516,40km to less than 60km,5,6,-1
E01001516,5km to less than 10km,120,130,-10
E01001516,60km and over,10,10,0
E01001516,Less than 2km,91,112,-21
E01001516,"Works mainly at an offshore installation, in no fixed place, or outside the UK",200,88,112
E01001516,Works mainly from home,235,59,176
E01001517,10km to less than 20km,106,144,-38
E01001517,20km to less than 30km,15,28,-13
E01001517,2km to less than 5km,109,109,0
E01001517,30km to less than 40km,7,11,-4
E01001517,40km to less than 60km,6,5,1
E01001517,5km to less than 10km,74,104,-30
E01001517,60km and over,5,11,-6
E01001517,Less than 2km,81,101,-20
E01001517,"Works mainly at an offshore installation, in no fixed place, or outside the UK",127,74,53
E01001517,Works mainly from home,109,33,76
E01001518,10km to less than 20km,101,259,-158
E01001518,20km to less than 30km,21,30,-9
E01001518,2km to less than 5km,103,145,-42
E01001518,30km to less than 40km,3,4,-1
E01001518,40km to less than 60km,5,8,-3
E01001518,5km to less than 10km,75,128,-53
E01001518,60km and over,3,10,-7
E01001518,Less than 2km,95,147,-52
E01001518,"Works mainly at an offshore installation, in no fixed place, or outside the UK",113,103,10
E01001518,Works mainly from home,307,73,234
E01001520,10km to less than 20km,100,278,-178
E01001520,20km to less than 30km,11,28,-17
E01001520,2km to less than 5km,92,107,-15
E01001520,30km to less than 40km,6,12,-6
E01001520,40km to less than 60km,6,9,-3
E01001520,5km to less than 10km,65,125,-60
E01001520,60km and over,6,4,2
E01001520,Less than 2km,55,64,-9
E01001520,"Works mainly at an offshore installation, in no fixed place, or outside the UK",139,74,65
E01001520,Works mainly from home,318,86,232
E01001521,10km to less than 20km,117,338,-221
E01001521,20km to less than 30km,10,28,-18
E01001521,2km to less than 5km,89,93,-4
E01001521,30km to less than 40km,1,9,-8
E01001521,40km to less than 60km,5,5,0
E01001521,5km to less than 10km,96,132,-36
E01001521,60km and over,5,10,-5
E01001521,Less than 2km,45,60,-15
E01001521,"Works mainly at an offshore installation, in no fixed place, or outside the UK",115,126,-11
E01001521,Works mainly from home,426,99,327
E01001522,10km to less than 20km,109,350,-241
E01001522,20km to less than 30km,10,23,-13
E01001522,2km to less than 5km,103,109,-6
E01001522,30km to less than 40km,4,11,-7
E01001522,40km to less than 60km,0,10,-10
E01001522,5km to less than 10km,62,149,-87
E01001522,60km and over,5,10,-5
E01001522,Less than 2km,54,59,-5
E01001522,"Works mainly at an offshore installation, in no fixed place, or outside the UK",121,75,46
E01001522,Works mainly from home,379,84,295
E01001523,10km to less than 20km,95,294,-199
E01001523,20km to less than 30km,12,16,-4
E01001523,2km to less than 5km,92,137,-45
E01001523,30km to less than 40km,7,11,-4
E01001523,40km to less than 60km,3,7,-4
E01001523,5km to less than 10km,56,94,-38
E01001523,60km and over,0,15,-15
E01001523,Less than 2km,47,62,-15
E01001523,"Works mainly at an offshore installation, in no fixed place, or outside the UK",131,90,41
E01001523,Works mainly from home,363,118,245
E01001524,10km to less than 20km,90,214,-124
E01001524,20km to less than 30km,6,11,-5
E01001524,2km to less than 5km,69,95,-26
E01001524,30km to less than 40km,2,8,-6
E01001524,40km to less than 60km,5,1,4
E01001524,5km to less than 10km,95,120,-25
E01001524,60km and over,15,8,7
E01001524,Less than 2km,53,47,6
E01001524,"Works mainly at an offshore installation, in no fixed place, or outside the UK",108,83,25
E01001524,Works mainly from home,301,75,226
E01001525,10km to less than 20km,118,313,-195
E01001525,20km to less than 30km,15,26,-11
E01001525,2km to less than 5km,84,103,-19
E01001525,30km to less than 40km,7,7,0
E01001525,40km to less than 60km,3,2,1
E01001525,5km to less than 10km,91,161,-70
E01001525,60km and over,7,9,-2
E01001525,Less than 2km,45,73,-28
E01001525,"Works mainly at an offshore installation, in no fixed place, or outside the UK",141,115,26
E01001525,Works mainly from home,381,75,306
E01001526,10km to less than 20km,90,294,-204
E01001526,20km to less than 30km,5,13,-8
E01001526,2km to less than 5km,66,113,-47
E01001526,30km to less than 40km,5,5,0
E01001526,40km to less than 60km,1,7,-6
E01001526,5km to less than 10km,96,95,1
E01001526,60km and over,3,6,-3
E01001526,Less than 2km,36,65,-29
E01001526,"Works mainly at an offshore installation, in no fixed place, or outside the UK",128,67,61
E01001526,Works mainly from home,343,96,247
E01001527,10km to less than 20km,130,254,-124
E01001527,20km to less than 30km,20,14,6
E01001527,2km to less than 5km,139,105,34
E01001527,30km to less than 40km,1,4,-3
E01001527,40km to less than 60km,1,5,-4
E01001527,5km to less than 10km,99,163,-64
E01001527,60km and over,4,9,-5
E01001527,Less than 2km,43,52,-9
E01001527,"Works mainly at an offshore installation, in no fixed place, or outside the UK",135,103,32
E01001527,Works mainly from home,442,95,347
E01001528,10km to less than 20km,133,142,-9
E01001528,20km to less than 30km,17,12,5
E01001528,2km to less than 5km,86,100,-14
E01001528,30km to less than 40km,1,3,-2
E01001528,40km to less than 60km,1,1,0
E01001528,5km to less than 10km,122,144,-22
E01001528,60km and over,4,6,-2
E01001528,Less than 2km,47,67,-20
E01001528,"Works mainly at an offshore installation, in no fixed place, or outside the UK",116,82,34
E01001528,Works mainly from home,245,54,191
E01001529,10km to less than 20km,138,186,-48
E01001529,20km to less than 30km,3,22,-19
E01001529,2km to less than 5km,93,76,17
E01001529,30km to less than 40km,2,4,-2
E01001529,40km to less than 60km,9,2,7
E01001529,5km to less than 10km,154,146,8
E01001529,60km and over,8,7,1
E01001529,Less than 2km,76,70,6
E01001529,"Works mainly at an offshore installation, in no fixed place, or outside the UK",233,125,108
E01001529,Works mainly from home,230,62,168
E01001530,10km to less than 20km,112,203,-91
E01001530,20km to less than 30km,12,17,-5
E01001530,2km to less than 5km,80,70,10
E01001530,30km to less than 40km,1,3,-2
E01001530,40km to less than 60km,1,3,-2
E01001530,5km to less than 10km,113,129,-16
E01001530,60km and over,5,6,-1
E01001530,Less than 2km,43,32,11
E01001530,"Works mainly at an offshore installation, in no fixed place, or outside the UK",122,114,8
E01001530,Works mainly from home,306,57,249
E01001531,10km to less than 20km,87,260,-173
E01001531,20km to less than 30km,8,20,-12
E01001531,2km to less than 5km,76,105,-29
E01001531,30km to less than 40km,1,9,-8
E01001531,40km to less than 60km,3,5,-2
E01001531,5km to less than 10km,62,117,-55
E01001531,60km and over,1,9,-8
E01001531,Less than 2km,38,63,-25
E01001531,"Works mainly at an offshore installation, in no fixed place, or outside the UK",82,71,11
E01001531,Works mainly from home,377,120,257
E01001532,10km to less than 20km,83,341,-258
E01001532,20km to less than 30km,13,29,-16
E01001532,2km to less than 5km,81,109,-28
E01001532,30km to less than 40km,0,7,-7
E01001532,40km to less than 60km,4,8,-4
E01001532,5km to less than 10km,73,133,-60
E01001532,60km and over,6,12,-6
E01001532,Less than 2km,30,75,-45
E01001532,"Works mainly at an offshore installation, in no fixed place, or outside the UK",97,98,-1
E01001532,Works mainly from home,478,135,343
E01001533,10km to less than 20km,69,218,-149
E01001533,20km to less than 30km,13,18,-5
E01001533,2km to less than 5km,63,104,-41
E01001533,30km to less than 40km,2,12,-10
E01001533,40km to less than 60km,4,3,1
E01001533,5km to less than 10km,78,134,-56
E01001533,60km and over,6,6,0
E01001533,Less than 2km,36,76,-40
E01001533,"Works mainly at an offshore installation, in no fixed place, or outside the UK",84,51,33
E01001533,Works mainly from home,357,108,249
E01001534,10km to less than 20km,118,257,-139
E01001534,20km to less than 30km,5,12,-7
E01001534,2km to less than 5km,51,102,-51
E01001534,30km to less than 40km,2,6,-4
E01001534,40km to less than 60km,3,6,-3
E01001534,5km to less than 10km,112,160,-48
E01001534,60km and over,7,9,-2
E01001534,Less than 2km,48,59,-11
E01001534,"Works mainly at an offshore installation, in no fixed place, or outside the UK",140,100,40
E01001534,Works mainly from home,352,97,255
E01001535,10km to less than 20km,70,224,-154
E01001535,20km to less than 30km,6,25,-19
E01001535,2km to less than 5km,69,112,-43
E01001535,30km to less than 40km,5,5,0
E01001535,40km to less than 60km,3,3,0
E01001535,5km to less than 10km,81,135,-54
E01001535,60km and over,4,6,-2
E01001535,Less than 2km,46,57,-11
E01001535,"Works mainly at an offshore installation, in no fixed place, or outside the UK",96,72,24
E01001535,Works mainly from home,272,83,189
E01001536,10km to less than 20km,139,294,-155
E01001536,20km to less than 30km,17,35,-18
E01001536,2km to less than 5km,77,110,-33
E01001536,30km to less than 40km,6,13,-7
E01001536,40km to less than 60km,3,8,-5
E01001536,5km to less than 10km,68,93,-25
E01001536,60km and over,1,11,-10
E01001536,Less than 2km,80,138,-58
E01001536,"Works mainly at an offshore installation, in no fixed place, or outside the UK",138,77,61
E01001536,Works mainly from home,420,121,299
E01001537,10km to less than 20km,112,227,-115
E01001537,20km to less than 30km,15,35,-20
E01001537,2km to less than 5km,115,164,-49
E01001537,30km to less than 40km,3,9,-6
E01001537,40km to less than 60km,3,5,-2
E01001537,5km to less than 10km,91,121,-30
E01001537,60km and over,3,9,-6
E01001537,Less than 2km,97,141,-44
E01001537,"Works mainly at an offshore installation, in no fixed place, or outside the UK",144,104,40
E01001537,Works mainly from home,257,73,184
E01001538,10km to less than 20km,110,215,-105
E01001538,20km to less than 30km,14,36,-22
E01001538,2km to less than 5km,89,124,-35
E01001538,30km to less than 40km,6,10,-4
E01001538,40km to less than 60km,3,9,-6
E01001538,5km to less than 10km,86,107,-21
E01001538,60km and over,4,12,-8
E01001538,Less than 2km,98,171,-73
E01001538,"Works mainly at an offshore installation, in no fixed place, or outside the UK",130,94,36
E01001538,Works mainly from home,287,82,205
E01001539,10km to less than 20km,111,228,-117
E01001539,20km to less than 30km,4,33,-29
E01001539,2km to less than 5km,96,144,-48
E01001539,30km to less than 40km,4,6,-2
E01001539,40km to less than 60km,5,8,-3
E01001539,5km to less than 10km,74,130,-56
E01001539,60km and over,4,7,-3
E01001539,Less than 2km,84,151,-67
E01001539,"Works mainly at an offshore installation, in no fixed place, or outside the UK",122,75,47
E01001539,Works mainly from home,305,70,235
E01001540,10km to less than 20km,129,355,-226
E01001540,20km to less than 30km,25,35,-10
E01001540,2km to less than 5km,79,128,-49
E01001540,30km to less than 40km,8,11,-3
E01001540,40km to less than 60km,0,5,-5
E01001540,5km to less than 10km,82,112,-30
E01001540,60km and over,6,10,-4
E01001540,Less than 2km,77,133,-56
E01001540,"Works mainly at an offshore installation, in no fixed place, or outside the UK",131,88,43
E01001540,Works mainly from home,377,90,287
E01001541,10km to less than 20km,96,330,-234
E01001541,20km to less than 30km,13,38,-25
E01001541,2km to less than 5km,66,102,-36
E01001541,30km to less than 40km,1,7,-6
E01001541,40km to less than 60km,1,2,-1
E01001541,5km to less than 10km,60,95,-35
E01001541,60km and over,1,2,-1
E01001541,Less than 2km,58,118,-60
E01001541,"Works mainly at an offshore installation, in no fixed place, or outside the UK",85,76,9
E01001541,Works mainly from home,401,71,330
E01001542,10km to less than 20km,94,190,-96
E01001542,20km to less than 30km,10,21,-11
E01001542,2km to less than 5km,87,112,-25
E01001542,30km to less than 40km,10,6,4
E01001542,40km to less than 60km,3,7,-4
E01001542,5km to less than 10km,64,113,-49
E01001542,60km and over,7,14,-7
E01001542,Less than 2km,79,118,-39
E01001542,"Works mainly at an offshore installation, in no fixed place, or outside the UK",128,64,64
E01001542,Works mainly from home,249,58,191
E01001543,10km to less than 20km,87,229,-142
E01001543,20km to less than 30km,12,34,-22
E01001543,2km to less than 5km,85,111,-26
E01001543,30km to less than 40km,0,4,-4
E01001543,40km to less than 60km,5,10,-5
E01001543,5km to less than 10km,78,108,-30
E01001543,60km and over,8,13,-5
E01001543,Less than 2km,89,144,-55
E01001543,"Works mainly at an offshore installation, in no fixed place, or outside the UK",114,83,31
E01001543,Works mainly from home,301,71,230
E01001544,10km to less than 20km,114,237,-123
E01001544,20km to less than 30km,17,24,-7
E01001544,2km to less than 5km,96,136,-40
E01001544,30km to less than 40km,3,2,1
E01001544,40km to less than 60km,2,7,-5
E01001544,5km to less than 10km,64,83,-19
E01001544,60km and over,5,11,-6
E01001544,Less than 2km,83,120,-37
E01001544,"Works mainly at an offshore installation, in no fixed place, or outside the UK",110,71,39
E01001544,Works mainly from home,317,62,255
E01001545,10km to less than 20km,125,140,-15
E01001545,20km to less than 30km,24,35,-11
E01001545,2km to less than 5km,116,137,-21
E01001545,30km to less than 40km,1,12,-11
E01001545,40km to less than 60km,3,4,-1
E01001545,5km to less than 10km,98,101,-3
E01001545,60km and over,7,8,-1
E01001545,Less than 2km,55,83,-28
E01001545,"Works mainly at an offshore installation, in no fixed place, or outside the UK",144,85,59
E01001545,Works mainly from home,116,32,84
E01001546,10km to less than 20km,135,189,-54
E01001546,20km to less than 30km,19,56,-37
E01001546,2km to less than 5km,125,169,-44
E01001546,30km to less than 40km,7,12,-5
E01001546,40km to less than 60km,3,5,-2
E01001546,5km to less than 10km,97,108,-11
E01001546,60km and over,2,9,-7
E01001546,Less than 2km,58,84,-26
E01001546,"Works mainly at an offshore installation, in no fixed place, or outside the UK",127,86,41
E01001546,Works mainly from home,166,54,112
E01001547,10km to less than 20km,153,200,-47
E01001547,20km to less than 30km,38,32,6
E01001547,2km to less than 5km,91,142,-51
E01001547,30km to less than 40km,7,12,-5
E01001547,40km to less than 60km,7,6,1
E01001547,5km to less than 10km,108,111,-3
E01001547,60km and over,7,9,-2
E01001547,Less than 2km,80,90,-10
E01001547,"Works mainly at an offshore installation, in no fixed place, or outside the UK",153,77,76
E01001547,Works mainly from home,196,53,143
E01001548,10km to less than 20km,134,194,-60
E01001548,20km to less than 30km,32,42,-10
E01001548,2km to less than 5km,110,152,-42
E01001548,30km to less than 40km,8,12,-4
E01001548,40km to less than 60km,8,8,0
E01001548,5km to less than 10km,89,99,-10
E01001548,60km and over,3,9,-6
E01001548,Less than 2km,60,62,-2
E01001548,"Works mainly at an offshore installation, in no fixed place, or outside the UK",129,85,44
E01001548,Works mainly from home,148,64,84
E01001549,10km to less than 20km,136,188,-52
E01001549,20km to less than 30km,19,35,-16
E01001549,2km to less than 5km,109,130,-21
E01001549,30km to less than 40km,5,5,0
E01001549,40km to less than 60km,5,8,-3
E01001549,5km to less than 10km,111,115,-4
E01001549,60km and over,9,8,1
E01001549,Less than 2km,81,76,5
E01001549,"Works mainly at an offshore installation, in no fixed place, or outside the UK",123,69,54
E01001549,Works mainly from home,119,50,69
E01001550,10km to less than 20km,129,166,-37
E01001550,20km to less than 30km,26,32,-6
E01001550,2km to less than 5km,104,128,-24
E01001550,30km to less than 40km,14,13,1
E01001550,40km to less than 60km,4,5,-1
E01001550,5km to less than 10km,104,95,9
E01001550,60km and over,12,12,0
E01001550,Less than 2km,81,77,4
E01001550,"Works mainly at an offshore installation, in no fixed place, or outside the UK",125,56,69
E01001550,Works mainly from home,130,44,86
E01001551,10km to less than 20km,107,137,-30
E01001551,20km to less than 30km,31,35,-4
E01001551,2km to less than 5km,116,148,-32
E01001551,30km to less than 40km,7,8,-1
E01001551,40km to less than 60km,3,3,0
E01001551,5km to less than 10km,78,82,-4
E01001551,60km and over,7,6,1
E01001551,Less than 2km,51,72,-21
E01001551,"Works mainly at an offshore installation, in no fixed place, or outside the UK",133,71,62
E01001551,Works mainly from home,160,51,109
E01001552,10km to less than 20km,138,207,-69
E01001552,20km to less than 30km,30,60,-30
E01001552,2km to less than 5km,133,156,-23
E01001552,30km to less than 40km,9,17,-8
E01001552,40km to less than 60km,6,7,-1
E01001552,5km to less than 10km,100,123,-23
E01001552,60km and over,6,11,-5
E01001552,Less than 2km,65,105,-40
E01001552,"Works mainly at an offshore installation, in no fixed place, or outside the UK",151,95,56
E01001552,Works mainly from home,190,48,142
E01001553,10km to less than 20km,78,88,-10
E01001553,20km to less than 30km,12,12,0
E01001553,2km to less than 5km,89,134,-45
E01001553,30km to less than 40km,9,3,6
E01001553,40km to less than 60km,3,3,0
E01001553,5km to less than 10km,106,123,-17
E01001553,60km and over,5,5,0
E01001553,Less than 2km,67,63,4
E01001553,"Works mainly at an offshore installation, in no fixed place, or outside the UK",165,97,68
E01001553,Works mainly from home,105,39,66
E01001554,10km to less than 20km,84,128,-44
E01001554,20km to less than 30km,14,22,-8
E01001554,2km to less than 5km,87,104,-17
E01001554,30km to less than 40km,3,3,0
E01001554,40km to less than 60km,3,3,0
E01001554,5km to less than 10km,100,119,-19
E01001554,60km and over,9,7,2
E01001554,Less than 2km,79,97,-18
E01001554,"Works mainly at an offshore installation, in no fixed place, or outside the UK",145,102,43
E01001554,Works mainly from home,101,42,59
E01001555,10km to less than 20km,175,152,23
E01001555,20km to less than 30km,14,37,-23
E01001555,2km to less than 5km,110,109,1
E01001555,30km to less than 40km,4,7,-3
E01001555,40km to less than 60km,4,5,-1
E01001555,5km to less than 10km,160,154,6
E01001555,60km and over,8,42,-34
E01001555,Less than 2km,138,94,44
E01001555,"Works mainly at an offshore installation, in no fixed place, or outside the UK",189,85,104
E01001555,Works mainly from home,173,41,132
E01001556,10km to less than 20km,79,177,-98
E01001556,20km to less than 30km,9,28,-19
E01001556,2km to less than 5km,113,147,-34
E01001556,30km to less than 40km,8,5,3
E01001556,40km to less than 60km,7,5,2
E01001556,5km to less than 10km,114,139,-25
E01001556,60km and over,9,3,6
E01001556,Less than 2km,65,78,-13
E01001556,"Works mainly at an offshore installation, in no fixed place, or outside the UK",157,97,60
E01001556,Works mainly from home,185,51,134
E01001557,10km to less than 20km,99,121,-22
E01001557,20km to less than 30km,19,24,-5
E01001557,2km to less than 5km,86,115,-29
E01001557,30km to less than 40km,5,9,-4
E01001557,40km to less than 60km,5,1,4
E01001557,5km to less than 10km,99,133,-34
E01001557,60km and over,12,19,-7
E01001557,Less than 2km,84,100,-16
E01001557,"Works mainly at an offshore installation, in no fixed place, or outside the UK",136,64,72
E01001557,Works mainly from home,139,46,93
E01001558,10km to less than 20km,126,118,8
E01001558,20km to less than 30km,19,17,2
E01001558,2km to less than 5km,100,102,-2
E01001558,30km to less than 40km,4,3,1
E01001558,40km to less than 60km,5,3,2
E01001558,5km to less than 10km,87,106,-19
E01001558,60km and over,7,10,-3
E01001558,Less than 2km,112,81,31
E01001558,"Works mainly at an offshore installation, in no fixed place, or outside the UK",193,63,130
E01001558,Works mainly from home,121,50,71
E01001559,10km to less than 20km,125,188,-63
E01001559,20km to less than 30km,20,15,5
E01001559,2km to less than 5km,105,137,-32
E01001559,30km to less than 40km,5,5,0
E01001559,40km to less than 60km,2,3,-1
E01001559,5km to less than 10km,124,147,-23
E01001559,60km and over,8,12,-4
E01001559,Less than 2km,84,107,-23
E01001559,"Works mainly at an offshore installation, in no fixed place, or outside the UK",197,107,90
E01001559,Works mainly from home,154,64,90
E01001560,10km to less than 20km,107,163,-56
E01001560,20km to less than 30km,16,18,-2
E01001560,2km to less than 5km,94,141,-47
E01001560,30km to less than 40km,3,6,-3
E01001560,40km to less than 60km,3,7,-4
E01001560,5km to less than 10km,71,116,-45
E01001560,60km and over,6,12,-6
E01001560,Less than 2km,65,80,-15
E01001560,"Works mainly at an offshore installation, in no fixed place, or outside the UK",151,88,63
E01001560,Works mainly from home,186,46,140
E01001562,10km to less than 20km,95,131,-36
E01001562,20km to less than 30km,11,11,0
E01001562,2km to less than 5km,121,117,4
E01001562,30km to less than 40km,3,6,-3
E01001562,40km to less than 60km,2,3,-1
E01001562,5km to less than 10km,115,151,-36
E01001562,60km and over,4,7,-3
E01001562,Less than 2km,190,96,94
E01001562,"Works mainly at an offshore installation, in no fixed place, or outside the UK",134,76,58
E01001562,Works mainly from home,161,33,128
E01001563,10km to less than 20km,116,323,-207
E01001563,20km to less than 30km,19,14,5
E01001563,2km to less than 5km,86,148,-62
E01001563,30km to less than 40km,3,5,-2
E01001563,40km to less than 60km,1,2,-1
E01001563,5km to less than 10km,75,135,-60
E01001563,60km and over,1,8,-7
E01001563,Less than 2km,42,61,-19
E01001563,"Works mainly at an offshore installation, in no fixed place, or outside the UK",179,86,93
E01001563,Works mainly from home,403,89,314
E01001564,10km to less than 20km,85,360,-275
E01001564,20km to less than 30km,15,24,-9
E01001564,2km to less than 5km,53,113,-60
E01001564,30km to less than 40km,3,11,-8
E01001564,40km to less than 60km,2,5,-3
E01001564,5km to less than 10km,57,83,-26
E01001564,60km and over,1,12,-11
E01001564,Less than 2km,34,53,-19
E01001564,"Works mainly at an offshore installation, in no fixed place, or outside the UK",97,83,14
E01001564,Works mainly from home,481,126,355
E01001565,10km to less than 20km,107,294,-187
E01001565,20km to less than 30km,9,15,-6
E01001565,2km to less than 5km,89,130,-41
E01001565,30km to less than 40km,4,6,-2
E01001565,40km to less than 60km,4,4,0
E01001565,5km to less than 10km,88,111,-23
E01001565,60km and over,2,8,-6
E01001565,Less than 2km,32,40,-8
E01001565,"Works mainly at an offshore installation, in no fixed place, or outside the UK",120,100,20
E01001565,Works mainly from home,407,109,298
E01001566,10km to less than 20km,114,356,-242
E01001566,20km to less than 30km,20,19,1
E01001566,2km to less than 5km,79,136,-57
E01001566,30km to less than 40km,4,9,-5
E01001566,40km to less than 60km,3,2,1
E01001566,5km to less than 10km,79,116,-37
E01001566,60km and over,4,6,-2
E01001566,Less than 2km,46,68,-22
E01001566,"Works mainly at an offshore installation, in no fixed place, or outside the UK",112,113,-1
E01001566,Works mainly from home,436,108,328
E01001567,10km to less than 20km,77,296,-219
E01001567,20km to less than 30km,12,14,-2
E01001567,2km to less than 5km,67,124,-57
E01001567,30km to less than 40km,4,4,0
E01001567,40km to less than 60km,2,4,-2
E01001567,5km to less than 10km,43,83,-40
E01001567,60km and over,4,13,-9
E01001567,Less than 2km,42,54,-12
E01001567,"Works mainly at an offshore installation, in no fixed place, or outside the UK",84,82,2
E01001567,Works mainly from home,421,104,317
E01001568,10km to less than 20km,95,250,-155
E01001568,20km to less than 30km,10,13,-3
E01001568,2km to less than 5km,70,132,-62
E01001568,30km to less than 40km,9,3,6
E01001568,40km to less than 60km,0,5,-5
E01001568,5km to less than 10km,94,132,-38
E01001568,60km and over,11,13,-2
E01001568,Less than 2km,90,65,25
E01001568,"Works mainly at an offshore installation, in no fixed place, or outside the UK",88,47,41
E01001568,Works mainly from home,514,107,407
E01001569,10km to less than 20km,94,412,-318
E01001569,20km to less than 30km,17,24,-7
E01001569,2km to less than 5km,98,128,-30
E01001569,30km to less than 40km,11,13,-2
E01001569,40km to less than 60km,2,3,-1
E01001569,5km to less than 10km,81,108,-27
E01001569,60km and over,2,18,-16
E01001569,Less than 2km,38,76,-38
E01001569,"Works mainly at an offshore installation, in no fixed place, or outside the UK",138,99,39
E01001569,Works mainly from home,401,119,282
E01001570,10km to less than 20km,106,281,-175
E01001570,20km to less than 30km,15,16,-1
E01001570,2km to less than 5km,131,185,-54
E01001570,30km to less than 40km,2,6,-4
E01001570,40km to less than 60km,1,3,-2
E01001570,5km to less than 10km,92,136,-44
E01001570,60km and over,3,9,-6
E01001570,Less than 2km,46,74,-28
E01001570,"Works mainly at an offshore installation, in no fixed place, or outside the UK",152,100,52
E01001570,Works mainly from home,356,93,263
E01001571,10km to less than 20km,153,271,-118
E01001571,20km to less than 30km,38,34,4
E01001571,2km to less than 5km,123,118,5
E01001571,30km to less than 40km,8,15,-7
E01001571,40km to less than 60km,5,6,-1
E01001571,5km to less than 10km,123,145,-22
E01001571,60km and over,11,7,4
E01001571,Less than 2km,53,70,-17
E01001571,"Works mainly at an offshore installation, in no fixed place, or outside the UK",173,89,84
E01001571,Works mainly from home,256,47,209
E01001572,10km to less than 20km,153,279,-126
E01001572,20km to less than 30km,24,33,-9
E01001572,2km to less than 5km,81,149,-68
E01001572,30km to less than 40km,10,10,0
E01001572,40km to less than 60km,4,7,-3
E01001572,5km to less than 10km,107,122,-15
E01001572,60km and over,4,10,-6
E01001572,Less than 2km,31,54,-23
E01001572,"Works mainly at an offshore installation, in no fixed place, or outside the UK",143,109,34
E01001572,Works mainly from home,304,44,260
E01001573,10km to less than 20km,118,195,-77
E01001573,20km to less than 30km,23,34,-11
E01001573,2km to less than 5km,97,139,-42
E01001573,30km to less than 40km,11,13,-2
E01001573,40km to less than 60km,4,6,-2
E01001573,5km to less than 10km,86,113,-27
E01001573,60km and over,6,12,-6
E01001573,Less than 2km,45,72,-27
E01001573,"Works mainly at an offshore installation, in no fixed place, or outside the UK",146,72,74
E01001573,Works mainly from home,217,56,161
E01001574,10km to less than 20km,118,194,-76
E01001574,20km to less than 30km,22,32,-10
E01001574,2km to less than 5km,138,98,40
E01001574,30km to less than 40km,11,9,2
E01001574,40km to less than 60km,0,9,-9
E01001574,5km to less than 10km,97,100,-3
E01001574,60km and over,5,3,2
E01001574,Less than 2km,48,48,0
E01001574,"Works mainly at an offshore installation, in no fixed place, or outside the UK",133,92,41
E01001574,Works mainly from home,162,46,116
E01001575,10km to less than 20km,128,184,-56
E01001575,20km to less than 30km,28,24,4
E01001575,2km to less than 5km,95,95,0
E01001575,30km to less than 40km,10,8,2
E01001575,40km to less than 60km,3,9,-6
E01001575,5km to less than 10km,109,120,-11
E01001575,60km and over,7,8,-1
E01001575,Less than 2km,32,62,-30
E01001575,"Works mainly at an offshore installation, in no fixed place, or outside the UK",132,65,67
E01001575,Works mainly from home,140,41,99
E01001576,10km to less than 20km,132,161,-29
E01001576,20km to less than 30km,18,29,-11
E01001576,2km to less than 5km,122,85,37
E01001576,30km to less than 40km,10,10,0
E01001576,40km to less than 60km,1,2,-1
E01001576,5km to less than 10km,101,96,5
E01001576,60km and over,9,19,-10
E01001576,Less than 2km,68,58,10
E01001576,"Works mainly at an offshore installation, in no fixed place, or outside the UK",184,69,115
E01001576,Works mainly from home,140,45,95
E01001577,10km to less than 20km,170,186,-16
E01001577,20km to less than 30km,24,33,-9
E01001577,2km to less than 5km,108,104,4
E01001577,30km to less than 40km,7,17,-10
E01001577,40km to less than 60km,6,4,2
E01001577,5km to less than 10km,117,119,-2
E01001577,60km and over,24,20,4
E01001577,Less than 2km,56,57,-1
E01001577,"Works mainly at an offshore installation, in no fixed place, or outside the UK",169,104,65
E01001577,Works mainly from home,130,43,87
E01001578,10km to less than 20km,245,328,-83
E01001578,20km to less than 30km,39,50,-11
E01001578,2km to less than 5km,125,137,-12
E01001578,30km to less than 40km,29,13,16
E01001578,40km to less than 60km,1,4,-3
E01001578,5km to less than 10km,142,152,-10
E01001578,60km and over,11,14,-3
E01001578,Less than 2km,58,61,-3
E01001578,"Works mainly at an offshore installation, in no fixed place, or outside the UK",227,102,125
E01001578,Works mainly from home,275,78,197
E01001579,10km to less than 20km,151,191,-40
E01001579,20km to less than 30km,26,29,-3
E01001579,2km to less than 5km,83,112,-29
E01001579,30km to less than 40km,3,10,-7
E01001579,40km to less than 60km,2,5,-3
E01001579,5km to less than 10km,116,103,13
E01001579,60km and over,5,8,-3
E01001579,Less than 2km,76,80,-4
E01001579,"Works mainly at an offshore installation, in no fixed place, or outside the UK",135,86,49
E01001579,Works mainly from home,147,42,105
E01001580,10km to less than 20km,85,280,-195
E01001580,20km to less than 30km,7,17,-10
E01001580,2km to less than 5km,56,156,-100
E01001580,30km to less than 40km,6,16,-10
E01001580,40km to less than 60km,3,5,-2
E01001580,5km to less than 10km,94,316,-222
E01001580,60km and over,2,11,-9
E01001580,Less than 2km,35,67,-32
E01001580,"Works mainly at an offshore installation, in no fixed place, or outside the UK",51,81,-30
E01001580,Works mainly from home,617,116,501
E01001581,10km to less than 20km,87,216,-129
E01001581,20km to less than 30km,8,22,-14
E01001581,2km to less than 5km,61,150,-89
E01001581,30km to less than 40km,5,11,-6
E01001581,40km to less than 60km,2,5,-3
E01001581,5km to less than 10km,105,269,-164
E01001581,60km and over,5,14,-9
E01001581,Less than 2km,56,74,-18
E01001581,"Works mainly at an offshore installation, in no fixed place, or outside the UK",95,57,38
E01001581,Works mainly from home,450,70,380
E01001582,10km to less than 20km,85,182,-97
E01001582,20km to less than 30km,6,8,-2
E01001582,2km to less than 5km,71,104,-33
E01001582,30km to less than 40km,8,8,0
E01001582,40km to less than 60km,1,1,0
E01001582,5km to less than 10km,89,167,-78
E01001582,60km and over,4,5,-1
E01001582,Less than 2km,41,52,-11
E01001582,"Works mainly at an offshore installation, in no fixed place, or outside the UK",85,64,21
E01001582,Works mainly from home,285,56,229
E01001583,10km to less than 20km,79,283,-204
E01001583,20km to less than 30km,2,12,-10
E01001583,2km to less than 5km,85,168,-83
E01001583,30km to less than 40km,5,11,-6
E01001583,40km to less than 60km,3,8,-5
E01001583,5km to less than 10km,81,266,-185
E01001583,60km and over,10,7,3
E01001583,Less than 2km,35,45,-10
E01001583,"Works mainly at an offshore installation, in no fixed place, or outside the UK",69,70,-1
E01001583,Works mainly from home,533,89,444
E01001584,10km to less than 20km,48,233,-185
E01001584,20km to less than 30km,9,9,0
E01001584,2km to less than 5km,57,137,-80
E01001584,30km to less than 40km,2,4,-2
E01001584,40km to less than 60km,1,4,-3
E01001584,5km to less than 10km,73,223,-150
E01001584,60km and over,6,11,-5
E01001584,Less than 2km,25,47,-22
E01001584,"Works mainly at an offshore installation, in no fixed place, or outside the UK",54,55,-1
E01001584,Works mainly from home,511,107,404
E01001585,10km to less than 20km,58,186,-128
E01001585,20km to less than 30km,7,10,-3
E01001585,2km to less than 5km,66,144,-78
E01001585,30km to less than 40km,3,12,-9
E01001585,40km to less than 60km,1,5,-4
E01001585,5km to less than 10km,79,232,-153
E01001585,60km and over,1,3,-2
E01001585,Less than 2km,36,76,-40
E01001585,"Works mainly at an offshore installation, in no fixed place, or outside the UK",80,60,20
E01001585,Works mainly from home,476,69,407
E01001586,10km to less than 20km,52,160,-108
E01001586,20km to less than 30km,2,7,-5
E01001586,2km to less than 5km,67,118,-51
E01001586,30km to less than 40km,2,9,-7
E01001586,40km to less than 60km,2,5,-3
E01001586,5km to less than 10km,73,193,-120
E01001586,60km and over,7,5,2
E01001586,Less than 2km,39,56,-17
E01001586,"Works mainly at an offshore installation, in no fixed place, or outside the UK",68,56,12
E01001586,Works mainly from home,352,63,289
E01001587,10km to less than 20km,85,193,-108
E01001587,20km to less than 30km,4,22,-18
E01001587,2km to less than 5km,69,188,-119
E01001587,30km to less than 40km,5,16,-11
E01001587,40km to less than 60km,5,2,3
E01001587,5km to less than 10km,95,362,-267
E01001587,60km and over,3,5,-2
E01001587,Less than 2km,36,67,-31
E01001587,"Works mainly at an offshore installation, in no fixed place, or outside the UK",79,94,-15
E01001587,Works mainly from home,762,118,644
E01001588,10km to less than 20km,87,175,-88
E01001588,20km to less than 30km,6,12,-6
E01001588,2km to less than 5km,94,135,-41
E01001588,30km to less than 40km,4,8,-4
E01001588,40km to less than 60km,4,7,-3
E01001588,5km to less than 10km,96,142,-46
E01001588,60km and over,9,6,3
E01001588,Less than 2km,91,94,-3
E01001588,"Works mainly at an offshore installation, in no fixed place, or outside the UK",119,68,51
E01001588,Works mainly from home,221,62,159
E01001589,10km to less than 20km,108,221,-113
E01001589,20km to less than 30km,16,19,-3
E01001589,2km to less than 5km,89,129,-40
E01001589,30km to less than 40km,4,8,-4
E01001589,40km to less than 60km,3,3,0
E01001589,5km to less than 10km,107,141,-34
E01001589,60km and over,5,10,-5
E01001589,Less than 2km,98,85,13
E01001589,"Works mainly at an offshore installation, in no fixed place, or outside the UK",152,86,66
E01001589,Works mainly from home,317,55,262
E01001590,10km to less than 20km,95,251,-156
E01001590,20km to less than 30km,14,16,-2
E01001590,2km to less than 5km,78,172,-94
E01001590,30km to less than 40km,9,9,0
E01001590,40km to less than 60km,5,9,-4
E01001590,5km to less than 10km,123,200,-77
E01001590,60km and over,6,14,-8
E01001590,Less than 2km,69,66,3
E01001590,"Works mainly at an offshore installation, in no fixed place, or outside the UK",130,120,10
E01001590,Works mainly from home,453,78,375
E01001591,10km to less than 20km,114,222,-108
E01001591,20km to less than 30km,11,14,-3
E01001591,2km to less than 5km,107,153,-46
E01001591,30km to less than 40km,1,10,-9
E01001591,40km to less than 60km,4,0,4
E01001591,5km to less than 10km,129,137,-8
E01001591,60km and over,11,5,6
E01001591,Less than 2km,73,98,-25
E01001591,"Works mainly at an offshore installation, in no fixed place, or outside the UK",154,117,37
E01001591,Works mainly from home,309,74,235
E01001592,10km to less than 20km,117,273,-156
E01001592,20km to less than 30km,10,18,-8
E01001592,2km to less than 5km,77,163,-86
E01001592,30km to less than 40km,5,10,-5
E01001592,40km to less than 60km,4,5,-1
E01001592,5km to less than 10km,109,240,-131
E01001592,60km and over,3,16,-13
E01001592,Less than 2km,65,80,-15
E01001592,"Works mainly at an offshore installation, in no fixed place, or outside the UK",145,87,58
E01001592,Works mainly from home,620,83,537
E01001593,10km to less than 20km,70,267,-197
E01001593,20km to less than 30km,6,19,-13
E01001593,2km to less than 5km,70,157,-87
E01001593,30km to less than 40km,6,10,-4
E01001593,40km to less than 60km,3,8,-5
E01001593,5km to less than 10km,91,229,-138
E01001593,60km and over,10,8,2
E01001593,Less than 2km,41,75,-34
E01001593,"Works mainly at an offshore installation, in no fixed place, or outside the UK",87,74,13
E01001593,Works mainly from home,571,79,492
E01001594,10km to less than 20km,198,193,5
E01001594,20km to less than 30km,11,21,-10
E01001594,2km to less than 5km,125,143,-18
E01001594,30km to less than 40km,7,11,-4
E01001594,40km to less than 60km,9,7,2
E01001594,5km to less than 10km,151,193,-42
E01001594,60km and over,9,18,-9
E01001594,Less than 2km,93,56,37
E01001594,"Works mainly at an offshore installation, in no fixed place, or outside the UK",226,93,133
E01001594,Works mainly from home,423,60,363
E01001595,10km to less than 20km,86,191,-105
E01001595,20km to less than 30km,13,17,-4
E01001595,2km to less than 5km,153,172,-19
E01001595,30km to less than 40km,6,10,-4
E01001595,40km to less than 60km,6,6,0
E01001595,5km to less than 10km,174,138,36
E01001595,60km and over,3,9,-6
E01001595,Less than 2km,66,97,-31
E01001595,"Works mainly at an offshore installation, in no fixed place, or outside the UK",143,81,62
E01001595,Works mainly from home,305,50,255
E01001596,10km to less than 20km,113,251,-138
E01001596,20km to less than 30km,12,24,-12
E01001596,2km to less than 5km,79,121,-42
E01001596,30km to less than 40km,5,11,-6
E01001596,40km to less than 60km,3,5,-2
E01001596,5km to less than 10km,89,130,-41
E01001596,60km and over,4,14,-10
E01001596,Less than 2km,28,57,-29
E01001596,"Works mainly at an offshore installation, in no fixed place, or outside the UK",145,104,41
E01001596,Works mainly from home,345,69,276
E01001597,10km to less than 20km,102,254,-152
E01001597,20km to less than 30km,4,21,-17
E01001597,2km to less than 5km,69,101,-32
E01001597,30km to less than 40km,8,8,0
E01001597,40km to less than 60km,3,5,-2
E01001597,5km to less than 10km,86,129,-43
E01001597,60km and over,5,13,-8
E01001597,Less than 2km,35,49,-14
E01001597,"Works mainly at an offshore installation, in no fixed place, or outside the UK",120,87,33
E01001597,Works mainly from home,341,75,266
E01001598,10km to less than 20km,104,253,-149
E01001598,20km to less than 30km,8,22,-14
E01001598,2km to less than 5km,61,93,-32
E01001598,30km to less than 40km,12,11,1
E01001598,40km to less than 60km,1,5,-4
E01001598,5km to less than 10km,94,184,-90
E01001598,60km and over,3,6,-3
E01001598,Less than 2km,43,52,-9
E01001598,"Works mainly at an offshore installation, in no fixed place, or outside the UK",123,111,12
E01001598,Works mainly from home,344,67,277
E01001599,10km to less than 20km,107,253,-146
E01001599,20km to less than 30km,7,25,-18
E01001599,2km to less than 5km,85,105,-20
E01001599,30km to less than 40km,10,11,-1
E01001599,40km to less than 60km,5,4,1
E01001599,5km to less than 10km,102,179,-77
E01001599,60km and over,3,3,0
E01001599,Less than 2km,54,60,-6
E01001599,"Works mainly at an offshore installation, in no fixed place, or outside the UK",162,116,46
E01001599,Works mainly from home,252,59,193
E01001600,10km to less than 20km,103,304,-201
E01001600,20km to less than 30km,6,15,-9
E01001600,2km to less than 5km,79,78,1
E01001600,30km to less than 40km,8,9,-1
E01001600,40km to less than 60km,0,7,-7
E01001600,5km to less than 10km,88,180,-92
E01001600,60km and over,9,12,-3
E01001600,Less than 2km,38,44,-6
E01001600,"Works mainly at an offshore installation, in no fixed place, or outside the UK",129,91,38
E01001600,Works mainly from home,312,57,255
E01001601,10km to less than 20km,103,299,-196
E01001601,20km to less than 30km,7,15,-8
E01001601,2km to less than 5km,53,78,-25
E01001601,30km to less than 40km,3,22,-19
E01001601,40km to less than 60km,2,4,-2
E01001601,5km to less than 10km,83,157,-74
E01001601,60km and over,4,11,-7
E01001601,Less than 2km,23,38,-15
E01001601,"Works mainly at an offshore installation, in no fixed place, or outside the UK",108,92,16
E01001601,Works mainly from home,336,60,276
E01001602,10km to less than 20km,150,199,-49
E01001602,20km to less than 30km,8,29,-21
E01001602,2km to less than 5km,90,133,-43
E01001602,30km to less than 40km,10,6,4
E01001602,40km to less than 60km,5,6,-1
E01001602,5km to less than 10km,156,164,-8
E01001602,60km and over,9,12,-3
E01001602,Less than 2km,35,48,-13
E01001602,"Works mainly at an offshore installation, in no fixed place, or outside the UK",204,114,90
E01001602,Works mainly from home,233,57,176
E01001603,10km to less than 20km,102,176,-74
E01001603,20km to less than 30km,8,22,-14
E01001603,2km to less than 5km,88,122,-34
E01001603,30km to less than 40km,7,12,-5
E01001603,40km to less than 60km,1,8,-7
E01001603,5km to less than 10km,131,141,-10
E01001603,60km and over,7,9,-2
E01001603,Less than 2km,41,41,0
E01001603,"Works mainly at an offshore installation, in no fixed place, or outside the UK",158,76,82
E01001603,Works mainly from home,209,46,163
E01001604,10km to less than 20km,104,299,-195
E01001604,20km to less than 30km,5,14,-9
E01001604,2km to less than 5km,65,112,-47
E01001604,30km to less than 40km,5,10,-5
E01001604,40km to less than 60km,1,4,-3
E01001604,5km to less than 10km,73,126,-53
E01001604,60km and over,9,7,2
E01001604,Less than 2km,45,52,-7
E01001604,"Works mainly at an offshore installation, in no fixed place, or outside the UK",89,81,8
E01001604,Works mainly from home,361,69,292
E01001605,10km to less than 20km,74,272,-198
E01001605,20km to less than 30km,12,25,-13
E01001605,2km to less than 5km,75,107,-32
E01001605,30km to less than 40km,8,13,-5
E01001605,40km to less than 60km,6,4,2
E01001605,5km to less than 10km,85,154,-69
E01001605,60km and over,5,8,-3
E01001605,Less than 2km,45,81,-36
E01001605,"Works mainly at an offshore installation, in no fixed place, or outside the UK",103,86,17
E01001605,Works mainly from home,336,63,273
E01001606,10km to less than 20km,98,313,-215
E01001606,20km to less than 30km,13,19,-6
E01001606,2km to less than 5km,79,132,-53
E01001606,30km to less than 40km,3,15,-12
E01001606,40km to less than 60km,2,8,-6
E01001606,5km to less than 10km,83,165,-82
E01001606,60km and over,5,10,-5
E01001606,Less than 2km,48,75,-27
E01001606,"Works mainly at an offshore installation, in no fixed place, or outside the UK",116,92,24
E01001606,Works mainly from home,415,84,331
E01001607,10km to less than 20km,101,230,-129
E01001607,20km to less than 30km,5,17,-12
E01001607,2km to less than 5km,75,119,-44
E01001607,30km to less than 40km,4,10,-6
E01001607,40km to less than 60km,2,4,-2
E01001607,5km to less than 10km,71,115,-44
E01001607,60km and over,6,5,1
E01001607,Less than 2km,50,81,-31
E01001607,"Works mainly at an offshore installation, in no fixed place, or outside the UK",110,87,23
E01001607,Works mainly from home,350,50,300
E01001608,10km to less than 20km,56,232,-176
E01001608,20km to less than 30km,5,11,-6
E01001608,2km to less than 5km,70,91,-21
E01001608,30km to less than 40km,5,7,-2
E01001608,40km to less than 60km,2,3,-1
E01001608,5km to less than 10km,57,112,-55
E01001608,60km and over,7,10,-3
E01001608,Less than 2km,32,61,-29
E01001608,"Works mainly at an offshore installation, in no fixed place, or outside the UK",72,75,-3
E01001608,Works mainly from home,365,83,282
E01001609,10km to less than 20km,94,217,-123
E01001609,20km to less than 30km,9,19,-10
E01001609,2km to less than 5km,82,94,-12
E01001609,30km to less than 40km,16,9,7
E01001609,40km to less than 60km,13,3,10
E01001609,5km to less than 10km,63,131,-68
E01001609,60km and over,9,14,-5
E01001609,Less than 2km,46,68,-22
E01001609,"Works mainly at an offshore installation, in no fixed place, or outside the UK",118,104,14
E01001609,Works mainly from home,327,79,248
E01001610,10km to less than 20km,117,279,-162
E01001610,20km to less than 30km,8,13,-5
E01001610,2km to less than 5km,94,137,-43
E01001610,30km to less than 40km,4,10,-6
E01001610,40km to less than 60km,1,8,-7
E01001610,5km to less than 10km,63,123,-60
E01001610,60km and over,1,9,-8
E01001610,Less than 2km,61,95,-34
E01001610,"Works mainly at an offshore installation, in no fixed place, or outside the UK",128,104,24
E01001610,Works mainly from home,393,72,321
E01001611,10km to less than 20km,92,236,-144
E01001611,20km to less than 30km,4,27,-23
E01001611,2km to less than 5km,99,134,-35
E01001611,30km to less than 40km,6,14,-8
E01001611,40km to less than 60km,7,7,0
E01001611,5km to less than 10km,102,122,-20
E01001611,60km and over,8,9,-1
E01001611,Less than 2km,60,78,-18
E01001611,"Works mainly at an offshore installation, in no fixed place, or outside the UK",125,93,32
E01001611,Works mainly from home,322,61,261
E01001613,10km to less than 20km,124,250,-126
E01001613,20km to less than 30km,9,27,-18
E01001613,2km to less than 5km,88,84,4
E01001613,30km to less than 40km,10,14,-4
E01001613,40km to less than 60km,0,6,-6
E01001613,5km to less than 10km,92,157,-65
E01001613,60km and over,3,12,-9
E01001613,Less than 2km,41,78,-37
E01001613,"Works mainly at an offshore installation, in no fixed place, or outside the UK",111,68,43
E01001613,Works mainly from home,320,72,248
E01001614,10km to less than 20km,75,215,-140
E01001614,20km to less than 30km,8,11,-3
E01001614,2km to less than 5km,71,90,-19
E01001614,30km to less than 40km,4,6,-2
E01001614,40km to less than 60km,4,10,-6
E01001614,5km to less than 10km,65,139,-74
E01001614,60km and over,3,8,-5
E01001614,Less than 2km,33,51,-18
E01001614,"Works mainly at an offshore installation, in no fixed place, or outside the UK",124,90,34
E01001614,Works mainly from home,323,84,239
E01001615,10km to less than 20km,180,273,-93
E01001615,20km to less than 30km,12,31,-19
E01001615,2km to less than 5km,80,100,-20
E01001615,30km to less than 40km,5,13,-8
E01001615,40km to less than 60km,2,7,-5
E01001615,5km to less than 10km,114,163,-49
E01001615,60km and over,5,8,-3
E01001615,Less than 2km,46,50,-4
E01001615,"Works mainly at an offshore installation, in no fixed place, or outside the UK",158,89,69
E01001615,Works mainly from home,448,76,372
E01001617,10km to less than 20km,112,282,-170
E01001617,20km to less than 30km,8,14,-6
E01001617,2km to less than 5km,55,69,-14
E01001617,30km to less than 40km,9,15,-6
E01001617,40km to less than 60km,4,5,-1
E01001617,5km to less than 10km,98,148,-50
E01001617,60km and over,4,11,-7
E01001617,Less than 2km,46,70,-24
E01001617,"Works mainly at an offshore installation, in no fixed place, or outside the UK",111,100,11
E01001617,Works mainly from home,344,46,298
E01001618,10km to less than 20km,116,213,-97
E01001618,20km to less than 30km,13,26,-13
E01001618,2km to less than 5km,87,84,3
E01001618,30km to less than 40km,4,13,-9
E01001618,40km to less than 60km,5,8,-3
E01001618,5km to less than 10km,129,143,-14
E01001618,60km and over,7,12,-5
E01001618,Less than 2km,47,50,-3
E01001618,"Works mainly at an offshore installation, in no fixed place, or outside the UK",149,103,46
E01001618,Works mainly from home,364,46,318
E01001619,10km to less than 20km,161,405,-244
E01001619,20km to less than 30km,18,36,-18
E01001619,2km to less than 5km,87,98,-11
E01001619,30km to less than 40km,2,21,-19
E01001619,40km to less than 60km,4,14,-10
E01001619,5km to less than 10km,126,177,-51
E01001619,60km and over,6,12,-6
E01001619,Less than 2km,56,66,-10
E01001619,"Works mainly at an offshore installation, in no fixed place, or outside the UK",192,115,77
E01001619,Works mainly from home,461,68,393
E01001620,10km to less than 20km,102,153,-51
E01001620,20km to less than 30km,11,12,-1
E01001620,2km to less than 5km,82,113,-31
E01001620,30km to less than 40km,12,5,7
E01001620,40km to less than 60km,3,7,-4
E01001620,5km to less than 10km,98,120,-22
E01001620,60km and over,8,4,4
E01001620,Less than 2km,62,55,7
E01001620,"Works mainly at an offshore installation, in no fixed place, or outside the UK",160,118,42
E01001620,Works mainly from home,160,33,127
E01001621,10km to less than 20km,105,226,-121
E01001621,20km to less than 30km,9,13,-4
E01001621,2km to less than 5km,88,113,-25
E01001621,30km to less than 40km,4,5,-1
E01001621,40km to less than 60km,1,4,-3
E01001621,5km to less than 10km,93,132,-39
E01001621,60km and over,3,8,-5
E01001621,Less than 2km,42,68,-26
E01001621,"Works mainly at an offshore installation, in no fixed place, or outside the UK",158,82,76
E01001621,Works mainly from home,262,41,221
E01001623,10km to less than 20km,114,242,-128
E01001623,20km to less than 30km,7,31,-24
E01001623,2km to less than 5km,97,145,-48
E01001623,30km to less than 40km,10,9,1
E01001623,40km to less than 60km,1,1,0
E01001623,5km to less than 10km,110,147,-37
E01001623,60km and over,4,8,-4
E01001623,Less than 2km,56,72,-16
E01001623,"Works mainly at an offshore installation, in no fixed place, or outside the UK",153,88,65
E01001623,Works mainly from home,310,64,246
E01001624,10km to less than 20km,101,204,-103
E01001624,20km to less than 30km,8,12,-4
E01001624,2km to less than 5km,98,121,-23
E01001624,30km to less than 40km,4,7,-3
E01001624,40km to less than 60km,1,2,-1
E01001624,5km to less than 10km,78,135,-57
E01001624,60km and over,1,11,-10
E01001624,Less than 2km,60,84,-24
E01001624,"Works mainly at an offshore installation, in no fixed place, or outside the UK",139,101,38
E01001624,Works mainly from home,301,51,250
E01001625,10km to less than 20km,100,159,-59
E01001625,20km to less than 30km,12,9,3
E01001625,2km to less than 5km,117,152,-35
E01001625,30km to less than 40km,3,13,-10
E01001625,40km to less than 60km,3,6,-3
E01001625,5km to less than 10km,118,111,7
E01001625,60km and over,5,6,-1
E01001625,Less than 2km,71,79,-8
E01001625,"Works mainly at an offshore installation, in no fixed place, or outside the UK",149,92,57
E01001625,Works mainly from home,158,36,122
E01001629,10km to less than 20km,171,309,-138
E01001629,20km to less than 30km,16,37,-21
E01001629,2km to less than 5km,109,119,-10
E01001629,30km to less than 40km,16,10,6
E01001629,40km to less than 60km,7,5,2
E01001629,5km to less than 10km,156,157,-1
E01001629,60km and over,8,15,-7
E01001629,Less than 2km,97,120,-23
E01001629,"Works mainly at an offshore installation, in no fixed place, or outside the UK",132,108,24
E01001629,Works mainly from home,238,59,179
E01001631,10km to less than 20km,148,232,-84
E01001631,20km to less than 30km,19,31,-12
E01001631,2km to less than 5km,107,106,1
E01001631,30km to less than 40km,4,11,-7
E01001631,40km to less than 60km,3,3,0
E01001631,5km to less than 10km,153,137,16
E01001631,60km and over,8,17,-9
E01001631,Less than 2km,94,99,-5
E01001631,"Works mainly at an offshore installation, in no fixed place, or outside the UK",169,136,33
E01001631,Works mainly from home,191,59,132
E01001632,10km to less than 20km,181,331,-150
E01001632,20km to less than 30km,18,23,-5
E01001632,2km to less than 5km,103,131,-28
E01001632,30km to less than 40km,3,18,-15
E01001632,40km to less than 60km,3,4,-1
E01001632,5km to less than 10km,130,208,-78
E01001632,60km and over,9,13,-4
E01001632,Less than 2km,104,146,-42
E01001632,"Works mainly at an offshore installation, in no fixed place, or outside the UK",150,157,-7
E01001632,Works mainly from home,223,96,127
E01001633,10km to less than 20km,191,163,28
E01001633,20km to less than 30km,10,21,-11
E01001633,2km to less than 5km,79,79,0
E01001633,30km to less than 40km,6,16,-10
E01001633,40km to less than 60km,4,4,0
E01001633,5km to less than 10km,144,141,3
E01001633,60km and over,28,10,18
E01001633,Less than 2km,87,95,-8
E01001633,"Works mainly at an offshore installation, in no fixed place, or outside the UK",169,103,66
E01001633,Works mainly from home,194,42,152
E01001634,10km to less than 20km,131,195,-64
E01001634,20km to less than 30km,16,16,0
E01001634,2km to less than 5km,81,76,5
E01001634,30km to less than 40km,5,4,1
E01001634,40km to less than 60km,4,2,2
E01001634,5km to less than 10km,115,95,20
E01001634,60km and over,12,12,0
E01001634,Less than 2km,76,98,-22
E01001634,"Works mainly at an offshore installation, in no fixed place, or outside the UK",132,100,32
E01001634,Works mainly from home,148,42,106
E01001635,10km to less than 20km,134,286,-152
E01001635,20km to less than 30km,21,31,-10
E01001635,2km to less than 5km,66,90,-24
E01001635,30km to less than 40km,1,9,-8
E01001635,40km to less than 60km,6,6,0
E01001635,5km to less than 10km,100,114,-14
E01001635,60km and over,6,13,-7
E01001635,Less than 2km,65,74,-9
E01001635,"Works mainly at an offshore installation, in no fixed place, or outside the UK",135,91,44
E01001635,Works mainly from home,323,60,263
E01001636,10km to less than 20km,139,229,-90
E01001636,20km to less than 30km,10,33,-23
E01001636,2km to less than 5km,101,96,5
E01001636,30km to less than 40km,10,9,1
E01001636,40km to less than 60km,4,3,1
E01001636,5km to less than 10km,88,98,-10
E01001636,60km and over,8,23,-15
E01001636,Less than 2km,58,106,-48
E01001636,"Works mainly at an offshore installation, in no fixed place, or outside the UK",164,118,46
E01001636,Works mainly from home,205,47,158
E01001637,10km to less than 20km,137,255,-118
E01001637,20km to less than 30km,11,25,-14
E01001637,2km to less than 5km,91,84,7
E01001637,30km to less than 40km,14,8,6
E01001637,40km to less than 60km,6,5,1
E01001637,5km to less than 10km,115,139,-24
E01001637,60km and over,9,20,-11
E01001637,Less than 2km,71,92,-21
E01001637,"Works mainly at an offshore installation, in no fixed place, or outside the UK",181,89,92
E01001637,Works mainly from home,250,66,184
E01001638,10km to less than 20km,101,151,-50
E01001638,20km to less than 30km,12,13,-1
E01001638,2km to less than 5km,101,162,-61
E01001638,30km to less than 40km,3,7,-4
E01001638,40km to less than 60km,5,3,2
E01001638,5km to less than 10km,133,319,-186
E01001638,60km and over,8,10,-2
E01001638,Less than 2km,60,87,-27
E01001638,"Works mainly at an offshore installation, in no fixed place, or outside the UK",133,79,54
E01001638,Works mainly from home,267,41,226
E01001641,10km to less than 20km,50,120,-70
E01001641,20km to less than 30km,6,12,-6
E01001641,2km to less than 5km,59,135,-76
E01001641,30km to less than 40km,4,9,-5
E01001641,40km to less than 60km,5,1,4
E01001641,5km to less than 10km,122,390,-268
E01001641,60km and over,8,13,-5
E01001641,Less than 2km,53,82,-29
E01001641,"Works mainly at an offshore installation, in no fixed place, or outside the UK",94,85,9
E01001641,Works mainly from home,669,111,558
E01001642,10km to less than 20km,47,99,-52
E01001642,20km to less than 30km,3,12,-9
E01001642,2km to less than 5km,54,180,-126
E01001642,30km to less than 40km,4,5,-1
E01001642,40km to less than 60km,3,9,-6
E01001642,5km to less than 10km,100,423,-323
E01001642,60km and over,2,14,-12
E01001642,Less than 2km,37,72,-35
E01001642,"Works mainly at an offshore installation, in no fixed place, or outside the UK",63,63,0
E01001642,Works mainly from home,638,127,511
E01001644,10km to less than 20km,94,176,-82
E01001644,20km to less than 30km,8,17,-9
E01001644,2km to less than 5km,113,222,-109
E01001644,30km to less than 40km,5,8,-3
E01001644,40km to less than 60km,6,10,-4
E01001644,5km to less than 10km,228,602,-374
E01001644,60km and over,1,16,-15
E01001644,Less than 2km,76,115,-39
E01001644,"Works mainly at an offshore installation, in no fixed place, or outside the UK",153,118,35
E01001644,Works mainly from home,939,110,829
E01001645,10km to less than 20km,118,176,-58
E01001645,20km to less than 30km,4,6,-2
E01001645,2km to less than 5km,98,131,-33
E01001645,30km to less than 40km,11,14,-3
E01001645,40km to less than 60km,4,9,-5
E01001645,5km to less than 10km,122,106,16
E01001645,60km and over,8,5,3
E01001645,Less than 2km,58,56,2
E01001645,"Works mainly at an offshore installation, in no fixed place, or outside the UK",121,88,33
E01001645,Works mainly from home,321,35,286
E01001646,10km to less than 20km,188,477,-289
E01001646,20km to less than 30km,16,26,-10
E01001646,2km to less than 5km,191,196,-5
E01001646,30km to less than 40km,14,22,-8
E01001646,40km to less than 60km,12,12,0
E01001646,5km to less than 10km,168,281,-113
E01001646,60km and over,17,21,-4
E01001646,Less than 2km,109,107,2
E01001646,"Works mainly at an offshore installation, in no fixed place, or outside the UK",192,148,44
E01001646,Works mainly from home,483,85,398
E01001647,10km to less than 20km,65,134,-69
E01001647,20km to less than 30km,9,10,-1
E01001647,2km to less than 5km,97,135,-38
E01001647,30km to less than 40km,6,12,-6
E01001647,40km to less than 60km,1,1,0
E01001647,5km to less than 10km,86,141,-55
E01001647,60km and over,3,9,-6
E01001647,Less than 2km,40,58,-18
E01001647,"Works mainly at an offshore installation, in no fixed place, or outside the UK",95,75,20
E01001647,Works mainly from home,289,64,225
E01001648,10km to less than 20km,124,331,-207
E01001648,20km to less than 30km,16,22,-6
E01001648,2km to less than 5km,94,179,-85
E01001648,30km to less than 40km,8,19,-11
E01001648,40km to less than 60km,3,6,-3
E01001648,5km to less than 10km,104,210,-106
E01001648,60km and over,7,15,-8
E01001648,Less than 2km,46,52,-6
E01001648,"Works mainly at an offshore installation, in no fixed place, or outside the UK",126,112,14
E01001648,Works mainly from home,388,96,292
E01001649,10km to less than 20km,93,158,-65
E01001649,20km to less than 30km,11,15,-4
E01001649,2km to less than 5km,110,125,-15
E01001649,30km to less than 40km,5,9,-4
E01001649,40km to less than 60km,6,3,3
E01001649,5km to less than 10km,77,139,-62
E01001649,60km and over,7,11,-4
E01001649,Less than 2km,67,85,-18
E01001649,"Works mainly at an offshore installation, in no fixed place, or outside the UK",114,107,7
E01001649,Works mainly from home,226,57,169
E01001650,10km to less than 20km,98,162,-64
E01001650,20km to less than 30km,11,8,3
E01001650,2km to less than 5km,130,146,-16
E01001650,30km to less than 40km,4,19,-15
E01001650,40km to less than 60km,1,3,-2
E01001650,5km to less than 10km,110,160,-50
E01001650,60km and over,4,8,-4
E01001650,Less than 2km,74,99,-25
E01001650,"Works mainly at an offshore installation, in no fixed place, or outside the UK",144,92,52
E01001650,Works mainly from home,229,58,171
E01001651,10km to less than 20km,106,178,-72
E01001651,20km to less than 30km,6,13,-7
E01001651,2km to less than 5km,114,135,-21
E01001651,30km to less than 40km,7,3,4
E01001651,40km to less than 60km,3,5,-2
E01001651,5km to less than 10km,110,145,-35
E01001651,60km and over,3,15,-12
E01001651,Less than 2km,68,76,-8
E01001651,"Works mainly at an offshore installation, in no fixed place, or outside the UK",135,96,39
E01001651,Works mainly from home,229,50,179
E01001652,10km to less than 20km,101,219,-118
E01001652,20km to less than 30km,13,14,-1
E01001652,2km to less than 5km,87,144,-57
E01001652,30km to less than 40km,3,5,-2
E01001652,40km to less than 60km,2,8,-6
E01001652,5km to less than 10km,104,187,-83
E01001652,60km and over,6,12,-6
E01001652,Less than 2km,57,67,-10
E01001652,"Works mainly at an offshore installation, in no fixed place, or outside the UK",103,72,31
E01001652,Works mainly from home,407,85,322
E01001653,10km to less than 20km,86,151,-65
E01001653,20km to less than 30km,9,10,-1
E01001653,2km to less than 5km,102,108,-6
E01001653,30km to less than 40km,5,6,-1
E01001653,40km to less than 60km,5,2,3
E01001653,5km to less than 10km,102,136,-34
E01001653,60km and over,7,4,3
E01001653,Less than 2km,49,91,-42
E01001653,"Works mainly at an offshore installation, in no fixed place, or outside the UK",157,86,71
E01001653,Works mainly from home,143,37,106
E01001654,10km to less than 20km,102,153,-51
E01001654,20km to less than 30km,12,15,-3
E01001654,2km to less than 5km,82,100,-18
E01001654,30km to less than 40km,8,4,4
E01001654,40km to less than 60km,0,5,-5
E01001654,5km to less than 10km,123,138,-15
E01001654,60km and over,7,10,-3
E01001654,Less than 2km,49,49,0
E01001654,"Works mainly at an offshore installation, in no fixed place, or outside the UK",116,81,35
E01001654,Works mainly from home,181,35,146
E01001655,10km to less than 20km,94,159,-65
E01001655,20km to less than 30km,8,12,-4
E01001655,2km to less than 5km,100,99,1
E01001655,30km to less than 40km,9,15,-6
E01001655,40km to less than 60km,1,4,-3
E01001655,5km to less than 10km,112,114,-2
E01001655,60km and over,5,10,-5
E01001655,Less than 2km,58,78,-20
E01001655,"Works mainly at an offshore installation, in no fixed place, or outside the UK",150,88,62
E01001655,Works mainly from home,171,40,131
E01001656,10km to less than 20km,52,182,-130
E01001656,20km to less than 30km,8,14,-6
E01001656,2km to less than 5km,60,86,-26
E01001656,30km to less than 40km,2,5,-3
E01001656,40km to less than 60km,0,1,-1
E01001656,5km to less than 10km,58,136,-78
E01001656,60km and over,4,2,2
E01001656,Less than 2km,30,48,-18
E01001656,"Works mainly at an offshore installation, in no fixed place, or outside the UK",59,34,25
E01001656,Works mainly from home,334,76,258
E01001657,10km to less than 20km,83,221,-138
E01001657,20km to less than 30km,7,17,-10
E01001657,2km to less than 5km,56,68,-12
E01001657,30km to less than 40km,11,8,3
E01001657,40km to less than 60km,5,5,0
E01001657,5km to less than 10km,83,236,-153
E01001657,60km and over,8,10,-2
E01001657,Less than 2km,28,51,-23
E01001657,"Works mainly at an offshore installation, in no fixed place, or outside the UK",78,61,17
E01001657,Works mainly from home,470,71,399
E01001658,10km to less than 20km,106,225,-119
E01001658,20km to less than 30km,9,16,-7
E01001658,2km to less than 5km,106,107,-1
E01001658,30km to less than 40km,6,9,-3
E01001658,40km to less than 60km,2,0,2
E01001658,5km to less than 10km,83,165,-82
E01001658,60km and over,7,6,1
E01001658,Less than 2km,35,49,-14
E01001658,"Works mainly at an offshore installation, in no fixed place, or outside the UK",125,93,32
E01001658,Works mainly from home,321,63,258
E01001659,10km to less than 20km,115,180,-65
E01001659,20km to less than 30km,8,9,-1
E01001659,2km to less than 5km,69,110,-41
E01001659,30km to less than 40km,5,9,-4
E01001659,40km to less than 60km,1,2,-1
E01001659,5km to less than 10km,79,137,-58
E01001659,60km and over,8,14,-6
E01001659,Less than 2km,21,42,-21
E01001659,"Works mainly at an offshore installation, in no fixed place, or outside the UK",107,84,23
E01001659,Works mainly from home,312,63,249
E01001660,10km to less than 20km,99,163,-64
E01001660,20km to less than 30km,13,17,-4
E01001660,2km to less than 5km,86,119,-33
E01001660,30km to less than 40km,6,10,-4
E01001660,40km to less than 60km,1,5,-4
E01001660,5km to less than 10km,86,134,-48
E01001660,60km and over,8,4,4
E01001660,Less than 2km,39,51,-12
E01001660,"Works mainly at an offshore installation, in no fixed place, or outside the UK",111,95,16
E01001660,Works mainly from home,229,46,183
E01001661,10km to less than 20km,99,160,-61
E01001661,20km to less than 30km,8,21,-13
E01001661,2km to less than 5km,92,94,-2
E01001661,30km to less than 40km,10,5,5
E01001661,40km to less than 60km,3,5,-2
E01001661,5km to less than 10km,93,133,-40
E01001661,60km and over,8,10,-2
E01001661,Less than 2km,34,63,-29
E01001661,"Works mainly at an offshore installation, in no fixed place, or outside the UK",142,77,65
E01001661,Works mainly from home,216,52,164
E01001664,10km to less than 20km,88,177,-89
E01001664,20km to less than 30km,11,16,-5
E01001664,2km to less than 5km,77,171,-94
E01001664,30km to less than 40km,4,5,-1
E01001664,40km to less than 60km,4,5,-1
E01001664,5km to less than 10km,148,375,-227
E01001664,60km and over,4,13,-9
E01001664,Less than 2km,101,102,-1
E01001664,"Works mainly at an offshore installation, in no fixed place, or outside the UK",94,85,9
E01001664,Works mainly from home,744,109,635
E01001665,10km to less than 20km,82,229,-147
E01001665,20km to less than 30km,10,16,-6
E01001665,2km to less than 5km,55,159,-104
E01001665,30km to less than 40km,3,12,-9
E01001665,40km to less than 60km,2,9,-7
E01001665,5km to less than 10km,168,337,-169
E01001665,60km and over,9,13,-4
E01001665,Less than 2km,62,103,-41
E01001665,"Works mainly at an offshore installation, in no fixed place, or outside the UK",144,115,29
E01001665,Works mainly from home,588,96,492
E01001666,10km to less than 20km,126,238,-112
E01001666,20km to less than 30km,20,23,-3
E01001666,2km to less than 5km,99,147,-48
E01001666,30km to less than 40km,8,10,-2
E01001666,40km to less than 60km,4,7,-3
E01001666,5km to less than 10km,115,224,-109
E01001666,60km and over,6,8,-2
E01001666,Less than 2km,68,108,-40
E01001666,"Works mainly at an offshore installation, in no fixed place, or outside the UK",125,116,9
E01001666,Works mainly from home,460,64,396
E01001669,10km to less than 20km,175,222,-47
E01001669,20km to less than 30km,35,35,0
E01001669,2km to less than 5km,140,155,-15
E01001669,30km to less than 40km,16,13,3
E01001669,40km to less than 60km,2,5,-3
E01001669,5km to less than 10km,146,175,-29
E01001669,60km and over,11,11,0
E01001669,Less than 2km,65,65,0
E01001669,"Works mainly at an offshore installation, in no fixed place, or outside the UK",197,87,110
E01001669,Works mainly from home,283,64,219
E01001671,10km to less than 20km,90,193,-103
E01001671,20km to less than 30km,17,34,-17
E01001671,2km to less than 5km,118,145,-27
E01001671,30km to less than 40km,7,9,-2
E01001671,40km to less than 60km,7,5,2
E01001671,5km to less than 10km,103,129,-26
E01001671,60km and over,8,4,4
E01001671,Less than 2km,51,67,-16
E01001671,"Works mainly at an offshore installation, in no fixed place, or outside the UK",134,104,30
E01001671,Works mainly from home,251,51,200
E01001672,10km to less than 20km,201,279,-78
E01001672,20km to less than 30km,21,34,-13
E01001672,2km to less than 5km,116,122,-6
E01001672,30km to less than 40km,5,14,-9
E01001672,40km to less than 60km,7,3,4
E01001672,5km to less than 10km,149,130,19
E01001672,60km and over,9,15,-6
E01001672,Less than 2km,77,95,-18
E01001672,"Works mainly at an offshore installation, in no fixed place, or outside the UK",167,130,37
E01001672,Works mainly from home,171,84,87
E01001673,10km to less than 20km,203,183,20
E01001673,20km to less than 30km,23,28,-5
E01001673,2km to less than 5km,103,103,0
E01001673,30km to less than 40km,10,20,-10
E01001673,40km to less than 60km,3,7,-4
E01001673,5km to less than 10km,183,124,59
E01001673,60km and over,8,21,-13
E01001673,Less than 2km,68,94,-26
E01001673,"Works mainly at an offshore installation, in no fixed place, or outside the UK",189,113,76
E01001673,Works mainly from home,177,45,132
E01001674,10km to less than 20km,175,211,-36
E01001674,20km to less than 30km,23,36,-13
E01001674,2km to less than 5km,138,136,2
E01001674,30km to less than 40km,19,13,6
E01001674,40km to less than 60km,3,1,2
E01001674,5km to less than 10km,131,141,-10
E01001674,60km and over,14,10,4
E01001674,Less than 2km,57,80,-23
E01001674,"Works mainly at an offshore installation, in no fixed place, or outside the UK",186,125,61
E01001674,Works mainly from home,227,80,147
E01001675,10km to less than 20km,263,283,-20
E01001675,20km to less than 30km,19,37,-18
E01001675,2km to less than 5km,161,116,45
E01001675,30km to less than 40km,4,19,-15
E01001675,40km to less than 60km,1,3,-2
E01001675,5km to less than 10km,226,148,78
E01001675,60km and over,12,16,-4
E01001675,Less than 2km,150,119,31
E01001675,"Works mainly at an offshore installation, in no fixed place, or outside the UK",176,109,67
E01001675,Works mainly from home,189,79,110
E01001676,10km to less than 20km,162,205,-43
E01001676,20km to less than 30km,19,29,-10
E01001676,2km to less than 5km,107,114,-7
E01001676,30km to less than 40km,8,9,-1
E01001676,40km to less than 60km,3,4,-1
E01001676,5km to less than 10km,128,118,10
E01001676,60km and over,13,10,3
E01001676,Less than 2km,50,57,-7
E01001676,"Works mainly at an offshore installation, in no fixed place, or outside the UK",123,100,23
E01001676,Works mainly from home,201,66,135
E01001677,10km to less than 20km,170,288,-118
E01001677,20km to less than 30km,23,38,-15
E01001677,2km to less than 5km,129,131,-2
E01001677,30km to less than 40km,11,12,-1
E01001677,40km to less than 60km,4,5,-1
E01001677,5km to less than 10km,98,148,-50
E01001677,60km and over,15,27,-12
E01001677,Less than 2km,56,85,-29
E01001677,"Works mainly at an offshore installation, in no fixed place, or outside the UK",164,117,47
E01001677,Works mainly from home,235,75,160
E01001678,10km to less than 20km,128,206,-78
E01001678,20km to less than 30km,16,31,-15
E01001678,2km to less than 5km,117,162,-45
E01001678,30km to less than 40km,8,5,3
E01001678,40km to less than 60km,4,8,-4
E01001678,5km to less than 10km,117,145,-28
E01001678,60km and over,8,11,-3
E01001678,Less than 2km,54,77,-23
E01001678,"Works mainly at an offshore installation, in no fixed place, or outside the UK",132,94,38
E01001678,Works mainly from home,252,48,204
E01001679,10km to less than 20km,91,202,-111
E01001679,20km to less than 30km,6,7,-1
E01001679,2km to less than 5km,113,138,-25
E01001679,30km to less than 40km,6,12,-6
E01001679,40km to less than 60km,0,7,-7
E01001679,5km to less than 10km,70,120,-50
E01001679,60km and over,5,16,-11
E01001679,Less than 2km,43,83,-40
E01001679,"Works mainly at an offshore installation, in no fixed place, or outside the UK",97,72,25
E01001679,Works mainly from home,261,59,202
E01001680,10km to less than 20km,98,240,-142
E01001680,20km to less than 30km,5,21,-16
E01001680,2km to less than 5km,84,122,-38
E01001680,30km to less than 40km,7,10,-3
E01001680,40km to less than 60km,0,2,-2
E01001680,5km to less than 10km,83,133,-50
E01001680,60km and over,3,13,-10
E01001680,Less than 2km,37,70,-33
E01001680,"Works mainly at an offshore installation, in no fixed place, or outside the UK",90,88,2
E01001680,Works mainly from home,356,72,284
E01001681,10km to less than 20km,96,145,-49
E01001681,20km to less than 30km,10,18,-8
E01001681,2km to less than 5km,66,56,10
E01001681,30km to less than 40km,5,4,1
E01001681,40km to less than 60km,3,5,-2
E01001681,5km to less than 10km,73,85,-12
E01001681,60km and over,4,7,-3
E01001681,Less than 2km,42,65,-23
E01001681,"Works mainly at an offshore installation, in no fixed place, or outside the UK",106,59,47
E01001681,Works mainly from home,275,50,225
E01001682,10km to less than 20km,81,206,-125
E01001682,20km to less than 30km,11,9,2
E01001682,2km to less than 5km,80,99,-19
E01001682,30km to less than 40km,9,7,2
E01001682,40km to less than 60km,3,4,-1
E01001682,5km to less than 10km,77,118,-41
E01001682,60km and over,9,6,3
E01001682,Less than 2km,23,36,-13
E01001682,"Works mainly at an offshore installation, in no fixed place, or outside the UK",96,76,20
E01001682,Works mainly from home,250,81,169
E01001683,10km to less than 20km,93,238,-145
E01001683,20km to less than 30km,8,26,-18
E01001683,2km to less than 5km,71,132,-61
E01001683,30km to less than 40km,5,5,0
E01001683,40km to less than 60km,2,4,-2
E01001683,5km to less than 10km,85,125,-40
E01001683,60km and over,4,5,-1
E01001683,Less than 2km,53,109,-56
E01001683,"Works mainly at an offshore installation, in no fixed place, or outside the UK",134,102,32
E01001683,Works mainly from home,257,67,190
E01001684,10km to less than 20km,95,173,-78
E01001684,20km to less than 30km,11,17,-6
E01001684,2km to less than 5km,100,131,-31
E01001684,30km to less than 40km,6,8,-2
E01001684,40km to less than 60km,3,3,0
E01001684,5km to less than 10km,91,129,-38
E01001684,60km and over,3,10,-7
E01001684,Less than 2km,49,75,-26
E01001684,"Works mainly at an offshore installation, in no fixed place, or outside the UK",122,82,40
E01001684,Works mainly from home,193,33,160
E01001685,10km to less than 20km,121,200,-79
E01001685,20km to less than 30km,5,19,-14
E01001685,2km to less than 5km,98,151,-53
E01001685,30km to less than 40km,6,7,-1
E01001685,40km to less than 60km,6,6,0
E01001685,5km to less than 10km,89,118,-29
E01001685,60km and over,8,12,-4
E01001685,Less than 2km,57,60,-3
E01001685,"Works mainly at an offshore installation, in no fixed place, or outside the UK",121,86,35
E01001685,Works mainly from home,236,47,189
E01001686,10km to less than 20km,151,288,-137
E01001686,20km to less than 30km,13,23,-10
E01001686,2km to less than 5km,92,93,-1
E01001686,30km to less than 40km,11,11,0
E01001686,40km to less than 60km,8,8,0
E01001686,5km to less than 10km,94,131,-37
E01001686,60km and over,3,7,-4
E01001686,Less than 2km,71,75,-4
E01001686,"Works mainly at an offshore installation, in no fixed place, or outside the UK",135,85,50
E01001686,Works mainly from home,332,85,247
E01001687,10km to less than 20km,101,182,-81
E01001687,20km to less than 30km,10,21,-11
E01001687,2km to less than 5km,62,59,3
E01001687,30km to less than 40km,7,4,3
E01001687,40km to less than 60km,14,3,11
E01001687,5km to less than 10km,92,79,13
E01001687,60km and over,11,7,4
E01001687,Less than 2km,43,81,-38
E01001687,"Works mainly at an offshore installation, in no fixed place, or outside the UK",134,54,80
E01001687,Works mainly from home,142,42,100
E01001688,10km to less than 20km,202,421,-219
E01001688,20km to less than 30km,38,69,-31
E01001688,2km to less than 5km,115,110,5
E01001688,30km to less than 40km,11,10,1
E01001688,40km to less than 60km,9,12,-3
E01001688,5km to less than 10km,186,188,-2
E01001688,60km and over,11,18,-7
E01001688,Less than 2km,48,65,-17
E01001688,"Works mainly at an offshore installation, in no fixed place, or outside the UK",218,148,70
E01001688,Works mainly from home,285,76,209
E01001690,10km to less than 20km,136,292,-156
E01001690,20km to less than 30km,35,44,-9
E01001690,2km to less than 5km,90,108,-18
E01001690,30km to less than 40km,4,15,-11
E01001690,40km to less than 60km,4,12,-8
E01001690,5km to less than 10km,155,184,-29
E01001690,60km and over,11,12,-1
E01001690,Less than 2km,57,64,-7
E01001690,"Works mainly at an offshore installation, in no fixed place, or outside the UK",156,92,64
E01001690,Works mainly from home,146,42,104
E01001692,10km to less than 20km,111,139,-28
E01001692,20km to less than 30km,23,36,-13
E01001692,2km to less than 5km,90,89,1
E01001692,30km to less than 40km,7,12,-5
E01001692,40km to less than 60km,0,7,-7
E01001692,5km to less than 10km,105,92,13
E01001692,60km and over,4,5,-1
E01001692,Less than 2km,49,56,-7
E01001692,"Works mainly at an offshore installation, in no fixed place, or outside the UK",116,72,44
E01001692,Works mainly from home,90,30,60
E01001693,10km to less than 20km,120,186,-66
E01001693,20km to less than 30km,29,39,-10
E01001693,2km to less than 5km,82,95,-13
E01001693,30km to less than 40km,9,18,-9
E01001693,40km to less than 60km,3,3,0
E01001693,5km to less than 10km,90,95,-5
E01001693,60km and over,11,20,-9
E01001693,Less than 2km,48,39,9
E01001693,"Works mainly at an offshore installation, in no fixed place, or outside the UK",113,85,28
E01001693,Works mainly from home,105,42,63
E01001694,10km to less than 20km,140,220,-80
E01001694,20km to less than 30km,24,55,-31
E01001694,2km to less than 5km,86,83,3
E01001694,30km to less than 40km,6,7,-1
E01001694,40km to less than 60km,6,8,-2
E01001694,5km to less than 10km,125,127,-2
E01001694,60km and over,7,17,-10
E01001694,Less than 2km,68,67,1
E01001694,"Works mainly at an offshore installation, in no fixed place, or outside the UK",181,97,84
E01001694,Works mainly from home,165,61,104
E01001695,10km to less than 20km,167,188,-21
E01001695,20km to less than 30km,14,16,-2
E01001695,2km to less than 5km,83,72,11
E01001695,30km to less than 40km,8,9,-1
E01001695,40km to less than 60km,5,5,0
E01001695,5km to less than 10km,140,127,13
E01001695,60km and over,6,7,-1
E01001695,Less than 2km,92,89,3
E01001695,"Works mainly at an offshore installation, in no fixed place, or outside the UK",130,99,31
E01001695,Works mainly from home,125,49,76
E01001696,10km to less than 20km,234,130,104
E01001696,20km to less than 30km,16,13,3
E01001696,2km to less than 5km,66,46,20
E01001696,30km to less than 40km,6,6,0
E01001696,40km to less than 60km,11,2,9
E01001696,5km to less than 10km,151,104,47
E01001696,60km and over,17,12,5
E01001696,Less than 2km,95,63,32
E01001696,"Works mainly at an offshore installation, in no fixed place, or outside the UK",159,65,94
E01001696,Works mainly from home,639,43,596
E01001697,10km to less than 20km,213,261,-48
E01001697,20km to less than 30km,13,28,-15
E01001697,2km to less than 5km,114,95,19
E01001697,30km to less than 40km,8,13,-5
E01001697,40km to less than 60km,9,5,4
E01001697,5km to less than 10km,180,142,38
E01001697,60km and over,17,13,4
E01001697,Less than 2km,145,121,24
E01001697,"Works mainly at an offshore installation, in no fixed place, or outside the UK",241,145,96
E01001697,Works mainly from home,356,74,282
E01001698,10km to less than 20km,145,198,-53
E01001698,20km to less than 30km,21,32,-11
E01001698,2km to less than 5km,88,84,4
E01001698,30km to less than 40km,8,9,-1
E01001698,40km to less than 60km,7,1,6
E01001698,5km to less than 10km,121,120,1
E01001698,60km and over,9,14,-5
E01001698,Less than 2km,81,93,-12
E01001698,"Works mainly at an offshore installation, in no fixed place, or outside the UK",119,82,37
E01001698,Works mainly from home,205,49,156
E01001699,10km to less than 20km,98,177,-79
E01001699,20km to less than 30km,9,18,-9
E01001699,2km to less than 5km,42,56,-14
E01001699,30km to less than 40km,4,7,-3
E01001699,40km to less than 60km,2,3,-1
E01001699,5km to less than 10km,73,85,-12
E01001699,60km and over,7,7,0
E01001699,Less than 2km,158,334,-176
E01001699,"Works mainly at an offshore installation, in no fixed place, or outside the UK",78,111,-33
E01001699,Works mainly from home,284,189,95
E01001700,10km to less than 20km,215,268,-53
E01001700,20km to less than 30km,23,30,-7
E01001700,2km to less than 5km,86,76,10
E01001700,30km to less than 40km,9,17,-8
E01001700,40km to less than 60km,20,7,13
E01001700,5km to less than 10km,128,163,-35
E01001700,60km and over,9,19,-10
E01001700,Less than 2km,97,122,-25
E01001700,"Works mainly at an offshore installation, in no fixed place, or outside the UK",205,123,82
E01001700,Works mainly from home,281,68,213
E01001701,10km to less than 20km,114,160,-46
E01001701,20km to less than 30km,21,12,9
E01001701,2km to less than 5km,69,60,9
E01001701,30km to less than 40km,5,10,-5
E01001701,40km to less than 60km,5,2,3
E01001701,5km to less than 10km,113,84,29
E01001701,60km and over,7,13,-6
E01001701,Less than 2km,120,165,-45
E01001701,"Works mainly at an offshore installation, in no fixed place, or outside the UK",105,52,53
E01001701,Works mainly from home,343,43,300
E01001702,10km to less than 20km,114,130,-16
E01001702,20km to less than 30km,13,19,-6
E01001702,2km to less than 5km,72,50,22
E01001702,30km to less than 40km,4,8,-4
E01001702,40km to less than 60km,4,3,1
E01001702,5km to less than 10km,82,107,-25
E01001702,60km and over,6,11,-5
E01001702,Less than 2km,65,86,-21
E01001702,"Works mainly at an offshore installation, in no fixed place, or outside the UK",117,71,46
E01001702,Works mainly from home,111,44,67
E01001703,10km to less than 20km,177,216,-39
E01001703,20km to less than 30km,14,22,-8
E01001703,2km to less than 5km,88,81,7
E01001703,30km to less than 40km,10,11,-1
E01001703,40km to less than 60km,0,2,-2
E01001703,5km to less than 10km,135,118,17
E01001703,60km and over,9,13,-4
E01001703,Less than 2km,115,79,36
E01001703,"Works mainly at an offshore installation, in no fixed place, or outside the UK",152,107,45
E01001703,Works mainly from home,119,46,73
E01001704,10km to less than 20km,117,230,-113
E01001704,20km to less than 30km,12,17,-5
E01001704,2km to less than 5km,56,77,-21
E01001704,30km to less than 40km,8,9,-1
E01001704,40km to less than 60km,4,8,-4
E01001704,5km to less than 10km,104,133,-29
E01001704,60km and over,5,17,-12
E01001704,Less than 2km,67,127,-60
E01001704,"Works mainly at an offshore installation, in no fixed place, or outside the UK",101,78,23
E01001704,Works mainly from home,310,73,237
E01001705,10km to less than 20km,183,183,0
E01001705,20km to less than 30km,19,17,2
E01001705,2km to less than 5km,113,108,5
E01001705,30km to less than 40km,7,10,-3
E01001705,40km to less than 60km,3,7,-4
E01001705,5km to less than 10km,135,131,4
E01001705,60km and over,10,3,7
E01001705,Less than 2km,89,103,-14
E01001705,"Works mainly at an offshore installation, in no fixed place, or outside the UK",182,102,80
E01001705,Works mainly from home,245,58,187
E01001708,10km to less than 20km,109,189,-80
E01001708,20km to less than 30km,4,13,-9
E01001708,2km to less than 5km,76,112,-36
E01001708,30km to less than 40km,8,3,5
E01001708,40km to less than 60km,2,2,0
E01001708,5km to less than 10km,108,134,-26
E01001708,60km and over,2,10,-8
E01001708,Less than 2km,66,125,-59
E01001708,"Works mainly at an offshore installation, in no fixed place, or outside the UK",109,101,8
E01001708,Works mainly from home,354,83,271
E01001710,10km to less than 20km,153,133,20
E01001710,20km to less than 30km,16,13,3
E01001710,2km to less than 5km,85,73,12
E01001710,30km to less than 40km,5,7,-2
E01001710,40km to less than 60km,0,4,-4
E01001710,5km to less than 10km,115,114,1
E01001710,60km and over,10,6,4
E01001710,Less than 2km,99,93,6
E01001710,"Works mainly at an offshore installation, in no fixed place, or outside the UK",119,79,40
E01001710,Works mainly from home,102,35,67
E01001712,10km to less than 20km,188,238,-50
E01001712,20km to less than 30km,18,28,-10
E01001712,2km to less than 5km,101,90,11
E01001712,30km to less than 40km,5,16,-11
E01001712,40km to less than 60km,10,6,4
E01001712,5km to less than 10km,144,191,-47
E01001712,60km and over,16,14,2
E01001712,Less than 2km,100,95,5
E01001712,"Works mainly at an offshore installation, in no fixed place, or outside the UK",133,118,15
E01001712,Works mainly from home,257,74,183
E01001714,10km to less than 20km,39,60,-21
E01001714,20km to less than 30km,8,12,-4
E01001714,2km to less than 5km,125,123,2
E01001714,30km to less than 40km,1,2,-1
E01001714,40km to less than 60km,6,7,-1
E01001714,5km to less than 10km,220,252,-32
E01001714,60km and over,4,6,-2
E01001714,Less than 2km,44,57,-13
E01001714,"Works mainly at an offshore installation, in no fixed place, or outside the UK",149,102,47
E01001714,Works mainly from home,520,35,485
E01001715,10km to less than 20km,20,106,-86
E01001715,20km to less than 30km,7,22,-15
E01001715,2km to less than 5km,78,153,-75
E01001715,30km to less than 40km,2,4,-2
E01001715,40km to less than 60km,2,4,-2
E01001715,5km to less than 10km,119,444,-325
E01001715,60km and over,1,19,-18
E01001715,Less than 2km,28,27,1
E01001715,"Works mainly at an offshore installation, in no fixed place, or outside the UK",70,100,-30
E01001715,Works mainly from home,553,74,479
E01001716,10km to less than 20km,35,64,-29
E01001716,20km to less than 30km,5,21,-16
E01001716,2km to less than 5km,87,143,-56
E01001716,30km to less than 40km,0,7,-7
E01001716,40km to less than 60km,0,3,-3
E01001716,5km to less than 10km,134,324,-190
E01001716,60km and over,6,13,-7
E01001716,Less than 2km,44,32,12
E01001716,"Works mainly at an offshore installation, in no fixed place, or outside the UK",104,80,24
E01001716,Works mainly from home,465,58,407
E01001717,10km to less than 20km,30,52,-22
E01001717,20km to less than 30km,4,10,-6
E01001717,2km to less than 5km,72,131,-59
E01001717,30km to less than 40km,1,3,-2
E01001717,40km to less than 60km,3,1,2
E01001717,5km to less than 10km,92,243,-151
E01001717,60km and over,3,14,-11
E01001717,Less than 2km,35,36,-1
E01001717,"Works mainly at an offshore installation, in no fixed place, or outside the UK",76,60,16
E01001717,Works mainly from home,298,39,259
E01001718,10km to less than 20km,43,105,-62
E01001718,20km to less than 30km,5,25,-20
E01001718,2km to less than 5km,103,264,-161
E01001718,30km to less than 40km,3,5,-2
E01001718,40km to less than 60km,7,2,5
E01001718,5km to less than 10km,140,570,-430
E01001718,60km and over,6,19,-13
E01001718,Less than 2km,32,49,-17
E01001718,"Works mainly at an offshore installation, in no fixed place, or outside the UK",100,129,-29
E01001718,Works mainly from home,745,116,629
E01001719,10km to less than 20km,40,41,-1
E01001719,20km to less than 30km,10,8,2
E01001719,2km to less than 5km,98,126,-28
E01001719,30km to less than 40km,0,0,0
E01001719,40km to less than 60km,4,2,2
E01001719,5km to less than 10km,123,209,-86
E01001719,60km and over,0,8,-8
E01001719,Less than 2km,41,66,-25
E01001719,"Works mainly at an offshore installation, in no fixed place, or outside the UK",85,49,36
E01001719,Works mainly from home,484,33,451
E01001720,10km to less than 20km,29,113,-84
E01001720,20km to less than 30km,1,23,-22
E01001720,2km to less than 5km,107,258,-151
E01001720,30km to less than 40km,3,6,-3
E01001720,40km to less than 60km,0,3,-3
E01001720,5km to less than 10km,120,517,-397
E01001720,60km and over,2,14,-12
E01001720,Less than 2km,29,55,-26
E01001720,"Works mainly at an offshore installation, in no fixed place, or outside the UK",67,129,-62
E01001720,Works mainly from home,746,119,627
E01001722,10km to less than 20km,48,98,-50
E01001722,20km to less than 30km,5,11,-6
E01001722,2km to less than 5km,142,177,-35
E01001722,30km to less than 40km,1,8,-7
E01001722,40km to less than 60km,6,4,2
E01001722,5km to less than 10km,115,278,-163
E01001722,60km and over,4,13,-9
E01001722,Less than 2km,157,105,52
E01001722,"Works mainly at an offshore installation, in no fixed place, or outside the UK",164,123,41
E01001722,Works mainly from home,352,70,282
E01001723,10km to less than 20km,28,90,-62
E01001723,20km to less than 30km,3,5,-2
E01001723,2km to less than 5km,90,189,-99
E01001723,30km to less than 40km,0,4,-4
E01001723,40km to less than 60km,3,5,-2
E01001723,5km to less than 10km,131,352,-221
E01001723,60km and over,4,10,-6
E01001723,Less than 2km,170,117,53
E01001723,"Works mainly at an offshore installation, in no fixed place, or outside the UK",104,111,-7
E01001723,Works mainly from home,481,115,366
E01001724,10km to less than 20km,79,121,-42
E01001724,20km to less than 30km,3,16,-13
E01001724,2km to less than 5km,156,226,-70
E01001724,30km to less than 40km,2,4,-2
E01001724,40km to less than 60km,2,3,-1
E01001724,5km to less than 10km,224,541,-317
E01001724,60km and over,13,17,-4
E01001724,Less than 2km,177,101,76
E01001724,"Works mainly at an offshore installation, in no fixed place, or outside the UK",176,174,2
E01001724,Works mainly from home,894,159,735
E01001725,10km to less than 20km,20,41,-21
E01001725,20km to less than 30km,1,15,-14
E01001725,2km to less than 5km,59,99,-40
E01001725,30km to less than 40km,1,1,0
E01001725,40km to less than 60km,1,0,1
E01001725,5km to less than 10km,85,203,-118
E01001725,60km and over,4,5,-1
E01001725,Less than 2km,204,154,50
E01001725,"Works mainly at an offshore installation, in no fixed place, or outside the UK",83,62,21
E01001725,Works mainly from home,237,67,170
E01001726,10km to less than 20km,29,51,-22
E01001726,20km to less than 30km,5,16,-11
E01001726,2km to less than 5km,73,103,-30
E01001726,30km to less than 40km,1,3,-2
E01001726,40km to less than 60km,1,3,-2
E01001726,5km to less than 10km,89,183,-94
E01001726,60km and over,5,5,0
E01001726,Less than 2km,69,79,-10
E01001726,"Works mainly at an offshore installation, in no fixed place, or outside the UK",86,50,36
E01001726,Works mainly from home,167,30,137
E01001727,10km to less than 20km,34,66,-32
E01001727,20km to less than 30km,10,8,2
E01001727,2km to less than 5km,105,125,-20
E01001727,30km to less than 40km,0,1,-1
E01001727,40km to less than 60km,3,1,2
E01001727,5km to less than 10km,71,255,-184
E01001727,60km and over,4,12,-8
E01001727,Less than 2km,192,146,46
E01001727,"Works mainly at an offshore installation, in no fixed place, or outside the UK",80,83,-3
E01001727,Works mainly from home,286,89,197
E01001728,10km to less than 20km,28,29,-1
E01001728,20km to less than 30km,5,5,0
E01001728,2km to less than 5km,50,105,-55
E01001728,30km to less than 40km,0,3,-3
E01001728,40km to less than 60km,2,5,-3
E01001728,5km to less than 10km,68,126,-58
E01001728,60km and over,3,3,0
E01001728,Less than 2km,285,222,63
E01001728,"Works mainly at an offshore installation, in no fixed place, or outside the UK",102,69,33
E01001728,Works mainly from home,173,52,121
E01001729,10km to less than 20km,41,87,-46
E01001729,20km to less than 30km,9,14,-5
E01001729,2km to less than 5km,138,174,-36
E01001729,30km to less than 40km,5,5,0
E01001729,40km to less than 60km,1,8,-7
E01001729,5km to less than 10km,136,255,-119
E01001729,60km and over,4,9,-5
E01001729,Less than 2km,94,122,-28
E01001729,"Works mainly at an offshore installation, in no fixed place, or outside the UK",127,92,35
E01001729,Works mainly from home,315,43,272
E01001730,10km to less than 20km,97,77,20
E01001730,20km to less than 30km,11,12,-1
E01001730,2km to less than 5km,183,143,40
E01001730,30km to less than 40km,1,3,-2
E01001730,40km to less than 60km,6,7,-1
E01001730,5km to less than 10km,221,194,27
E01001730,60km and over,10,9,1
E01001730,Less than 2km,150,109,41
E01001730,"Works mainly at an offshore installation, in no fixed place, or outside the UK",144,84,60
E01001730,Works mainly from home,393,47,346
E01001731,10km to less than 20km,58,102,-44
E01001731,20km to less than 30km,12,26,-14
E01001731,2km to less than 5km,217,296,-79
E01001731,30km to less than 40km,4,3,1
E01001731,40km to less than 60km,3,6,-3
E01001731,5km to less than 10km,198,348,-150
E01001731,60km and over,9,20,-11
E01001731,Less than 2km,117,140,-23
E01001731,"Works mainly at an offshore installation, in no fixed place, or outside the UK",165,99,66
E01001731,Works mainly from home,727,105,622
E01001732,10km to less than 20km,36,58,-22
E01001732,20km to less than 30km,13,19,-6
E01001732,2km to less than 5km,169,136,33
E01001732,30km to less than 40km,2,3,-1
E01001732,40km to less than 60km,3,5,-2
E01001732,5km to less than 10km,123,171,-48
E01001732,60km and over,6,10,-4
E01001732,Less than 2km,97,110,-13
E01001732,"Works mainly at an offshore installation, in no fixed place, or outside the UK",120,76,44
E01001732,Works mainly from home,262,45,217
E01001733,10km to less than 20km,50,77,-27
E01001733,20km to less than 30km,14,10,4
E01001733,2km to less than 5km,118,209,-91
E01001733,30km to less than 40km,5,0,5
E01001733,40km to less than 60km,7,0,7
E01001733,5km to less than 10km,127,336,-209
E01001733,60km and over,1,13,-12
E01001733,Less than 2km,79,72,7
E01001733,"Works mainly at an offshore installation, in no fixed place, or outside the UK",122,135,-13
E01001733,Works mainly from home,571,107,464
E01001734,10km to less than 20km,72,88,-16
E01001734,20km to less than 30km,14,9,5
E01001734,2km to less than 5km,139,216,-77
E01001734,30km to less than 40km,2,7,-5
E01001734,40km to less than 60km,3,8,-5
E01001734,5km to less than 10km,153,331,-178
E01001734,60km and over,5,11,-6
E01001734,Less than 2km,73,108,-35
E01001734,"Works mainly at an offshore installation, in no fixed place, or outside the UK",141,106,35
E01001734,Works mainly from home,513,108,405
E01001735,10km to less than 20km,22,70,-48
E01001735,20km to less than 30km,6,8,-2
E01001735,2km to less than 5km,93,156,-63
E01001735,30km to less than 40km,3,4,-1
E01001735,40km to less than 60km,0,3,-3
E01001735,5km to less than 10km,107,274,-167
E01001735,60km and over,3,12,-9
E01001735,Less than 2km,112,100,12
E01001735,"Works mainly at an offshore installation, in no fixed place, or outside the UK",71,73,-2
E01001735,Works mainly from home,384,73,311
E01001736,10km to less than 20km,19,62,-43
E01001736,20km to less than 30km,8,8,0
E01001736,2km to less than 5km,107,266,-159
E01001736,30km to less than 40km,1,2,-1
E01001736,40km to less than 60km,0,2,-2
E01001736,5km to less than 10km,93,325,-232
E01001736,60km and over,5,16,-11
E01001736,Less than 2km,36,64,-28
E01001736,"Works mainly at an offshore installation, in no fixed place, or outside the UK",86,92,-6
E01001736,Works mainly from home,591,89,502
E01001737,10km to less than 20km,29,81,-52
E01001737,20km to less than 30km,3,16,-13
E01001737,2km to less than 5km,114,338,-224
E01001737,30km to less than 40km,0,4,-4
E01001737,40km to less than 60km,1,5,-4
E01001737,5km to less than 10km,90,335,-245
E01001737,60km and over,4,14,-10
E01001737,Less than 2km,50,74,-24
E01001737,"Works mainly at an offshore installation, in no fixed place, or outside the UK",90,110,-20
E01001737,Works mainly from home,656,137,519
E01001738,10km to less than 20km,30,86,-56
E01001738,20km to less than 30km,1,19,-18
E01001738,2km to less than 5km,148,347,-199
E01001738,30km to less than 40km,0,10,-10
E01001738,40km to less than 60km,1,3,-2
E01001738,5km to less than 10km,95,286,-191
E01001738,60km and over,1,9,-8
E01001738,Less than 2km,51,68,-17
E01001738,"Works mainly at an offshore installation, in no fixed place, or outside the UK",79,101,-22
E01001738,Works mainly from home,665,112,553
E01001739,10km to less than 20km,31,80,-49
E01001739,20km to less than 30km,2,8,-6
E01001739,2km to less than 5km,126,397,-271
E01001739,30km to less than 40km,0,8,-8
E01001739,40km to less than 60km,2,5,-3
E01001739,5km to less than 10km,99,390,-291
E01001739,60km and over,1,17,-16
E01001739,Less than 2km,67,97,-30
E01001739,"Works mainly at an offshore installation, in no fixed place, or outside the UK",92,92,0
E01001739,Works mainly from home,807,142,665
E01001740,10km to less than 20km,35,48,-13
E01001740,20km to less than 30km,6,6,0
E01001740,2km to less than 5km,151,205,-54
E01001740,30km to less than 40km,1,1,0
E01001740,40km to less than 60km,6,2,4
E01001740,5km to less than 10km,100,149,-49
E01001740,60km and over,8,6,2
E01001740,Less than 2km,53,86,-33
E01001740,"Works mainly at an offshore installation, in no fixed place, or outside the UK",89,76,13
E01001740,Works mainly from home,288,45,243
E01001741,10km to less than 20km,19,64,-45
E01001741,20km to less than 30km,2,8,-6
E01001741,2km to less than 5km,71,224,-153
E01001741,30km to less than 40km,2,3,-1
E01001741,40km to less than 60km,1,5,-4
E01001741,5km to less than 10km,81,303,-222
E01001741,60km and over,4,12,-8
E01001741,Less than 2km,35,57,-22
E01001741,"Works mainly at an offshore installation, in no fixed place, or outside the UK",64,62,2
E01001741,Works mainly from home,563,131,432
E01001742,10km to less than 20km,39,59,-20
E01001742,20km to less than 30km,3,6,-3
E01001742,2km to less than 5km,124,292,-168
E01001742,30km to less than 40km,2,3,-1
E01001742,40km to less than 60km,0,6,-6
E01001742,5km to less than 10km,111,306,-195
E01001742,60km and over,5,10,-5
E01001742,Less than 2km,58,83,-25
E01001742,"Works mainly at an offshore installation, in no fixed place, or outside the UK",83,87,-4
E01001742,Works mainly from home,547,103,444
E01001744,10km to less than 20km,35,69,-34
E01001744,20km to less than 30km,4,11,-7
E01001744,2km to less than 5km,134,314,-180
E01001744,30km to less than 40km,2,4,-2
E01001744,40km to less than 60km,2,8,-6
E01001744,5km to less than 10km,113,254,-141
E01001744,60km and over,4,16,-12
E01001744,Less than 2km,73,95,-22
E01001744,"Works mainly at an offshore installation, in no fixed place, or outside the UK",106,102,4
E01001744,Works mainly from home,583,96,487
E01001745,10km to less than 20km,41,81,-40
E01001745,20km to less than 30km,9,11,-2
E01001745,2km to less than 5km,173,304,-131
E01001745,30km to less than 40km,7,4,3
E01001745,40km to less than 60km,4,5,-1
E01001745,5km to less than 10km,127,322,-195
E01001745,60km and over,7,11,-4
E01001745,Less than 2km,120,116,4
E01001745,"Works mainly at an offshore installation, in no fixed place, or outside the UK",120,99,21
E01001745,Works mainly from home,465,117,348
E01001746,10km to less than 20km,43,50,-7
E01001746,20km to less than 30km,6,12,-6
E01001746,2km to less than 5km,116,159,-43
E01001746,30km to less than 40km,4,1,3
E01001746,40km to less than 60km,1,1,0
E01001746,5km to less than 10km,116,169,-53
E01001746,60km and over,5,8,-3
E01001746,Less than 2km,80,111,-31
E01001746,"Works mainly at an offshore installation, in no fixed place, or outside the UK",131,53,78
E01001746,Works mainly from home,169,42,127
E01001747,10km to less than 20km,55,101,-46
E01001747,20km to less than 30km,5,12,-7
E01001747,2km to less than 5km,176,369,-193
E01001747,30km to less than 40km,2,6,-4
E01001747,40km to less than 60km,1,4,-3
E01001747,5km to less than 10km,138,338,-200
E01001747,60km and over,8,10,-2
E01001747,Less than 2km,90,100,-10
E01001747,"Works mainly at an offshore installation, in no fixed place, or outside the UK",119,148,-29
E01001747,Works mainly from home,825,141,684
E01001749,10km to less than 20km,27,60,-33
E01001749,20km to less than 30km,2,9,-7
E01001749,2km to less than 5km,93,333,-240
E01001749,30km to less than 40km,0,5,-5
E01001749,40km to less than 60km,3,3,0
E01001749,5km to less than 10km,77,282,-205
E01001749,60km and over,3,22,-19
E01001749,Less than 2km,72,105,-33
E01001749,"Works mainly at an offshore installation, in no fixed place, or outside the UK",76,90,-14
E01001749,Works mainly from home,527,148,379
E01001750,10km to less than 20km,29,54,-25
E01001750,20km to less than 30km,7,11,-4
E01001750,2km to less than 5km,145,365,-220
E01001750,30km to less than 40km,7,5,2
E01001750,40km to less than 60km,2,6,-4
E01001750,5km to less than 10km,104,217,-113
E01001750,60km and over,11,13,-2
E01001750,Less than 2km,88,135,-47
E01001750,"Works mainly at an offshore installation, in no fixed place, or outside the UK",127,90,37
E01001750,Works mainly from home,702,109,593
E01001751,10km to less than 20km,12,62,-50
E01001751,20km to less than 30km,7,12,-5
E01001751,2km to less than 5km,117,481,-364
E01001751,30km to less than 40km,3,8,-5
E01001751,40km to less than 60km,2,5,-3
E01001751,5km to less than 10km,47,185,-138
E01001751,60km and over,0,12,-12
E01001751,Less than 2km,50,106,-56
E01001751,"Works mainly at an offshore installation, in no fixed place, or outside the UK",54,69,-15
E01001751,Works mainly from home,646,125,521
E01001753,10km to less than 20km,35,42,-7
E01001753,20km to less than 30km,9,10,-1
E01001753,2km to less than 5km,116,240,-124
E01001753,30km to less than 40km,1,4,-3
E01001753,40km to less than 60km,1,9,-8
E01001753,5km to less than 10km,63,110,-47
E01001753,60km and over,7,16,-9
E01001753,Less than 2km,62,81,-19
E01001753,"Works mainly at an offshore installation, in no fixed place, or outside the UK",132,68,64
E01001753,Works mainly from home,228,45,183
E01001755,10km to less than 20km,30,47,-17
E01001755,20km to less than 30km,1,8,-7
E01001755,2km to less than 5km,148,279,-131
E01001755,30km to less than 40km,0,2,-2
E01001755,40km to less than 60km,2,6,-4
E01001755,5km to less than 10km,82,139,-57
E01001755,60km and over,7,10,-3
E01001755,Less than 2km,65,154,-89
E01001755,"Works mainly at an offshore installation, in no fixed place, or outside the UK",108,56,52
E01001755,Works mainly from home,394,62,332
E01001756,10km to less than 20km,26,82,-56
E01001756,20km to less than 30km,7,14,-7
E01001756,2km to less than 5km,151,547,-396
E01001756,30km to less than 40km,4,7,-3
E01001756,40km to less than 60km,5,7,-2
E01001756,5km to less than 10km,113,316,-203
E01001756,60km and over,1,18,-17
E01001756,Less than 2km,76,117,-41
E01001756,"Works mainly at an offshore installation, in no fixed place, or outside the UK",108,133,-25
E01001756,Works mainly from home,826,160,666
E01001757,10km to less than 20km,39,54,-15
E01001757,20km to less than 30km,16,9,7
E01001757,2km to less than 5km,130,144,-14
E01001757,30km to less than 40km,3,2,1
E01001757,40km to less than 60km,0,2,-2
E01001757,5km to less than 10km,137,209,-72
E01001757,60km and over,9,11,-2
E01001757,Less than 2km,88,116,-28
E01001757,"Works mainly at an offshore installation, in no fixed place, or outside the UK",89,102,-13
E01001757,Works mainly from home,169,67,102
E01001758,10km to less than 20km,56,70,-14
E01001758,20km to less than 30km,5,9,-4
E01001758,2km to less than 5km,186,244,-58
E01001758,30km to less than 40km,2,2,0
E01001758,40km to less than 60km,3,6,-3
E01001758,5km to less than 10km,188,278,-90
E01001758,60km and over,12,13,-1
E01001758,Less than 2km,97,140,-43
E01001758,"Works mainly at an offshore installation, in no fixed place, or outside the UK",125,101,24
E01001758,Works mainly from home,583,68,515
E01001759,10km to less than 20km,38,78,-40
E01001759,20km to less than 30km,7,6,1
E01001759,2km to less than 5km,115,272,-157
E01001759,30km to less than 40km,2,1,1
E01001759,40km to less than 60km,0,2,-2
E01001759,5km to less than 10km,103,238,-135
E01001759,60km and over,1,18,-17
E01001759,Less than 2km,58,107,-49
E01001759,"Works mainly at an offshore installation, in no fixed place, or outside the UK",99,103,-4
E01001759,Works mainly from home,487,97,390
E01001760,10km to less than 20km,45,101,-56
E01001760,20km to less than 30km,3,10,-7
E01001760,2km to less than 5km,144,261,-117
E01001760,30km to less than 40km,2,4,-2
E01001760,40km to less than 60km,2,3,-1
E01001760,5km to less than 10km,136,260,-124
E01001760,60km and over,5,18,-13
E01001760,Less than 2km,92,97,-5
E01001760,"Works mainly at an offshore installation, in no fixed place, or outside the UK",122,90,32
E01001760,Works mainly from home,570,101,469
E01001761,10km to less than 20km,34,72,-38
E01001761,20km to less than 30km,7,12,-5
E01001761,2km to less than 5km,115,267,-152
E01001761,30km to less than 40km,2,9,-7
E01001761,40km to less than 60km,1,4,-3
E01001761,5km to less than 10km,103,243,-140
E01001761,60km and over,5,6,-1
E01001761,Less than 2km,74,104,-30
E01001761,"Works mainly at an offshore installation, in no fixed place, or outside the UK",115,90,25
E01001761,Works mainly from home,437,88,349
E01001762,10km to less than 20km,29,94,-65
E01001762,20km to less than 30km,1,9,-8
E01001762,2km to less than 5km,104,299,-195
E01001762,30km to less than 40km,2,5,-3
E01001762,40km to less than 60km,7,6,1
E01001762,5km to less than 10km,102,336,-234
E01001762,60km and over,5,6,-1
E01001762,Less than 2km,76,98,-22
E01001762,"Works mainly at an offshore installation, in no fixed place, or outside the UK",110,113,-3
E01001762,Works mainly from home,647,101,546
E01001763,10km to less than 20km,26,65,-39
E01001763,20km to less than 30km,8,12,-4
E01001763,2km to less than 5km,136,220,-84
E01001763,30km to less than 40km,2,3,-1
E01001763,40km to less than 60km,1,2,-1
E01001763,5km to less than 10km,94,227,-133
E01001763,60km and over,7,10,-3
E01001763,Less than 2km,97,106,-9
E01001763,"Works mainly at an offshore installation, in no fixed place, or outside the UK",106,81,25
E01001763,Works mainly from home,484,115,369
E01001764,10km to less than 20km,37,73,-36
E01001764,20km to less than 30km,5,14,-9
E01001764,2km to less than 5km,156,179,-23
E01001764,30km to less than 40km,1,1,0
E01001764,40km to less than 60km,6,4,2
E01001764,5km to less than 10km,149,308,-159
E01001764,60km and over,5,10,-5
E01001764,Less than 2km,94,95,-1
E01001764,"Works mainly at an offshore installation, in no fixed place, or outside the UK",91,99,-8
E01001764,Works mainly from home,364,64,300
E01001765,10km to less than 20km,37,48,-11
E01001765,20km to less than 30km,13,9,4
E01001765,2km to less than 5km,102,129,-27
E01001765,30km to less than 40km,0,0,0
E01001765,40km to less than 60km,5,9,-4
E01001765,5km to less than 10km,110,156,-46
E01001765,60km and over,5,11,-6
E01001765,Less than 2km,94,93,1
E01001765,"Works mainly at an offshore installation, in no fixed place, or outside the UK",109,81,28
E01001765,Works mainly from home,269,55,214
E01001767,10km to less than 20km,37,54,-17
E01001767,20km to less than 30km,2,13,-11
E01001767,2km to less than 5km,77,160,-83
E01001767,30km to less than 40km,0,2,-2
E01001767,40km to less than 60km,2,1,1
E01001767,5km to less than 10km,103,296,-193
E01001767,60km and over,7,8,-1
E01001767,Less than 2km,81,86,-5
E01001767,"Works mainly at an offshore installation, in no fixed place, or outside the UK",88,83,5
E01001767,Works mainly from home,443,89,354
E01001768,10km to less than 20km,25,89,-64
E01001768,20km to less than 30km,6,16,-10
E01001768,2km to less than 5km,97,204,-107
E01001768,30km to less than 40km,3,1,2
E01001768,40km to less than 60km,1,3,-2
E01001768,5km to less than 10km,130,376,-246
E01001768,60km and over,1,10,-9
E01001768,Less than 2km,83,103,-20
E01001768,"Works mainly at an offshore installation, in no fixed place, or outside the UK",106,118,-12
E01001768,Works mainly from home,620,114,506
E01001769,10km to less than 20km,29,65,-36
E01001769,20km to less than 30km,2,6,-4
E01001769,2km to less than 5km,95,216,-121
E01001769,30km to less than 40km,2,2,0
E01001769,40km to less than 60km,0,3,-3
E01001769,5km to less than 10km,103,312,-209
E01001769,60km and over,4,7,-3
E01001769,Less than 2km,66,106,-40
E01001769,"Works mainly at an offshore installation, in no fixed place, or outside the UK",89,95,-6
E01001769,Works mainly from home,482,86,396
E01001770,10km to less than 20km,36,60,-24
E01001770,20km to less than 30km,5,10,-5
E01001770,2km to less than 5km,91,142,-51
E01001770,30km to less than 40km,2,5,-3
E01001770,40km to less than 60km,3,8,-5
E01001770,5km to less than 10km,130,239,-109
E01001770,60km and over,13,11,2
E01001770,Less than 2km,81,87,-6
E01001770,"Works mainly at an offshore installation, in no fixed place, or outside the UK",135,80,55
E01001770,Works mainly from home,323,88,235
E01001772,10km to less than 20km,29,32,-3
E01001772,20km to less than 30km,4,6,-2
E01001772,2km to less than 5km,146,135,11
E01001772,30km to less than 40km,1,6,-5
E01001772,40km to less than 60km,2,3,-1
E01001772,5km to less than 10km,85,75,10
E01001772,60km and over,6,9,-3
E01001772,Less than 2km,75,72,3
E01001772,"Works mainly at an offshore installation, in no fixed place, or outside the UK",107,41,66
E01001772,Works mainly from home,417,36,381
E01001773,10km to less than 20km,43,71,-28
E01001773,20km to less than 30km,8,7,1
E01001773,2km to less than 5km,204,323,-119
E01001773,30km to less than 40km,2,2,0
E01001773,40km to less than 60km,1,8,-7
E01001773,5km to less than 10km,113,190,-77
E01001773,60km and over,11,15,-4
E01001773,Less than 2km,111,168,-57
E01001773,"Works mainly at an offshore installation, in no fixed place, or outside the UK",120,86,34
E01001773,Works mainly from home,845,95,750
E01001774,10km to less than 20km,33,69,-36
E01001774,20km to less than 30km,4,10,-6
E01001774,2km to less than 5km,148,379,-231
E01001774,30km to less than 40km,8,7,1
E01001774,40km to less than 60km,0,7,-7
E01001774,5km to less than 10km,106,211,-105
E01001774,60km and over,10,14,-4
E01001774,Less than 2km,118,199,-81
E01001774,"Works mainly at an offshore installation, in no fixed place, or outside the UK",89,114,-25
E01001774,Works mainly from home,634,101,533
E01001775,10km to less than 20km,30,52,-22
E01001775,20km to less than 30km,9,7,2
E01001775,2km to less than 5km,124,220,-96
E01001775,30km to less than 40km,4,2,2
E01001775,40km to less than 60km,5,6,-1
E01001775,5km to less than 10km,90,173,-83
E01001775,60km and over,4,18,-14
E01001775,Less than 2km,82,133,-51
E01001775,"Works mainly at an offshore installation, in no fixed place, or outside the UK",98,69,29
E01001775,Works mainly from home,338,65,273
E01001776,10km to less than 20km,43,36,7
E01001776,20km to less than 30km,6,0,6
E01001776,2km to less than 5km,160,205,-45
E01001776,30km to less than 40km,4,3,1
E01001776,40km to less than 60km,6,4,2
E01001776,5km to less than 10km,94,114,-20
E01001776,60km and over,5,10,-5
E01001776,Less than 2km,68,111,-43
E01001776,"Works mainly at an offshore installation, in no fixed place, or outside the UK",84,82,2
E01001776,Works mainly from home,441,59,382
E01001777,10km to less than 20km,57,75,-18
E01001777,20km to less than 30km,5,18,-13
E01001777,2km to less than 5km,215,415,-200
E01001777,30km to less than 40km,3,5,-2
E01001777,40km to less than 60km,6,12,-6
E01001777,5km to less than 10km,111,178,-67
E01001777,60km and over,22,14,8
E01001777,Less than 2km,139,291,-152
E01001777,"Works mainly at an offshore installation, in no fixed place, or outside the UK",142,111,31
E01001777,Works mainly from home,889,109,780
E01001780,10km to less than 20km,42,65,-23
E01001780,20km to less than 30km,8,10,-2
E01001780,2km to less than 5km,147,259,-112
E01001780,30km to less than 40km,0,3,-3
E01001780,40km to less than 60km,3,4,-1
E01001780,5km to less than 10km,106,138,-32
E01001780,60km and over,2,10,-8
E01001780,Less than 2km,112,226,-114
E01001780,"Works mainly at an offshore installation, in no fixed place, or outside the UK",128,94,34
E01001780,Works mainly from home,425,75,350
E01001781,10km to less than 20km,58,40,18
E01001781,20km to less than 30km,1,9,-8
E01001781,2km to less than 5km,132,223,-91
E01001781,30km to less than 40km,7,2,5
E01001781,40km to less than 60km,1,4,-3
E01001781,5km to less than 10km,72,90,-18
E01001781,60km and over,2,7,-5
E01001781,Less than 2km,112,157,-45
E01001781,"Works mainly at an offshore installation, in no fixed place, or outside the UK",105,78,27
E01001781,Works mainly from home,266,52,214
E01001783,10km to less than 20km,58,46,12
E01001783,20km to less than 30km,9,4,5
E01001783,2km to less than 5km,129,244,-115
E01001783,30km to less than 40km,3,8,-5
E01001783,40km to less than 60km,1,13,-12
E01001783,5km to less than 10km,97,103,-6
E01001783,60km and over,6,7,-1
E01001783,Less than 2km,87,201,-114
E01001783,"Works mainly at an offshore installation, in no fixed place, or outside the UK",75,84,-9
E01001783,Works mainly from home,253,45,208
E01001784,10km to less than 20km,45,66,-21
E01001784,20km to less than 30km,0,9,-9
E01001784,2km to less than 5km,172,268,-96
E01001784,30km to less than 40km,1,6,-5
E01001784,40km to less than 60km,5,13,-8
E01001784,5km to less than 10km,75,150,-75
E01001784,60km and over,9,17,-8
E01001784,Less than 2km,91,247,-156
E01001784,"Works mainly at an offshore installation, in no fixed place, or outside the UK",80,115,-35
E01001784,Works mainly from home,400,78,322
E01001785,10km to less than 20km,39,67,-28
E01001785,20km to less than 30km,7,3,4
E01001785,2km to less than 5km,74,147,-73
E01001785,30km to less than 40km,3,4,-1
E01001785,40km to less than 60km,6,4,2
E01001785,5km to less than 10km,112,231,-119
E01001785,60km and over,3,6,-3
E01001785,Less than 2km,53,61,-8
E01001785,"Works mainly at an offshore installation, in no fixed place, or outside the UK",96,98,-2
E01001785,Works mainly from home,385,63,322
E01001786,10km to less than 20km,81,66,15
E01001786,20km to less than 30km,9,7,2
E01001786,2km to less than 5km,130,115,15
E01001786,30km to less than 40km,4,3,1
E01001786,40km to less than 60km,4,4,0
E01001786,5km to less than 10km,163,215,-52
E01001786,60km and over,10,17,-7
E01001786,Less than 2km,84,101,-17
E01001786,"Works mainly at an offshore installation, in no fixed place, or outside the UK",124,85,39
E01001786,Works mainly from home,388,42,346
E01001787,10km to less than 20km,32,30,2
E01001787,20km to less than 30km,7,7,0
E01001787,2km to less than 5km,97,97,0
E01001787,30km to less than 40km,5,3,2
E01001787,40km to less than 60km,1,4,-3
E01001787,5km to less than 10km,150,158,-8
E01001787,60km and over,2,6,-4
E01001787,Less than 2km,83,76,7
E01001787,"Works mainly at an offshore installation, in no fixed place, or outside the UK",119,60,59
E01001787,Works mainly from home,193,30,163
E01001788,10km to less than 20km,45,44,1
E01001788,20km to less than 30km,3,5,-2
E01001788,2km to less than 5km,93,119,-26
E01001788,30km to less than 40km,6,3,3
E01001788,40km to less than 60km,1,4,-3
E01001788,5km to less than 10km,94,171,-77
E01001788,60km and over,7,6,1
E01001788,Less than 2km,64,51,13
E01001788,"Works mainly at an offshore installation, in no fixed place, or outside the UK",80,59,21
E01001788,Works mainly from home,190,30,160
E01001789,10km to less than 20km,32,79,-47
E01001789,20km to less than 30km,5,12,-7
E01001789,2km to less than 5km,103,170,-67
E01001789,30km to less than 40km,1,2,-1
E01001789,40km to less than 60km,2,4,-2
E01001789,5km to less than 10km,109,315,-206
E01001789,60km and over,4,15,-11
E01001789,Less than 2km,69,100,-31
E01001789,"Works mainly at an offshore installation, in no fixed place, or outside the UK",92,99,-7
E01001789,Works mainly from home,436,75,361
E01001790,10km to less than 20km,54,44,10
E01001790,20km to less than 30km,10,6,4
E01001790,2km to less than 5km,93,100,-7
E01001790,30km to less than 40km,2,2,0
E01001790,40km to less than 60km,2,5,-3
E01001790,5km to less than 10km,129,155,-26
E01001790,60km and over,6,10,-4
E01001790,Less than 2km,79,58,21
E01001790,"Works mainly at an offshore installation, in no fixed place, or outside the UK",95,60,35
E01001790,Works mainly from home,134,25,109
E01001791,10km to less than 20km,32,47,-15
E01001791,20km to less than 30km,3,8,-5
E01001791,2km to less than 5km,87,122,-35
E01001791,30km to less than 40km,2,2,0
E01001791,40km to less than 60km,0,3,-3
E01001791,5km to less than 10km,96,199,-103
E01001791,60km and over,5,5,0
E01001791,Less than 2km,63,95,-32
E01001791,"Works mainly at an offshore installation, in no fixed place, or outside the UK",74,67,7
E01001791,Works mainly from home,294,56,238
E01001792,10km to less than 20km,36,62,-26
E01001792,20km to less than 30km,8,11,-3
E01001792,2km to less than 5km,121,169,-48
E01001792,30km to less than 40km,2,3,-1
E01001792,40km to less than 60km,3,10,-7
E01001792,5km to less than 10km,128,259,-131
E01001792,60km and over,1,7,-6
E01001792,Less than 2km,87,83,4
E01001792,"Works mainly at an offshore installation, in no fixed place, or outside the UK",96,104,-8
E01001792,Works mainly from home,437,108,329
E01001793,10km to less than 20km,25,82,-57
E01001793,20km to less than 30km,3,14,-11
E01001793,2km to less than 5km,118,173,-55
E01001793,30km to less than 40km,1,3,-2
E01001793,40km to less than 60km,6,5,1
E01001793,5km to less than 10km,119,332,-213
E01001793,60km and over,4,3,1
E01001793,Less than 2km,67,81,-14
E01001793,"Works mainly at an offshore installation, in no fixed place, or outside the UK",113,118,-5
E01001793,Works mainly from home,424,96,328
E01001794,10km to less than 20km,37,82,-45
E01001794,20km to less than 30km,10,7,3
E01001794,2km to less than 5km,126,196,-70
E01001794,30km to less than 40km,2,1,1
E01001794,40km to less than 60km,3,4,-1
E01001794,5km to less than 10km,114,326,-212
E01001794,60km and over,5,11,-6
E01001794,Less than 2km,73,107,-34
E01001794,"Works mainly at an offshore installation, in no fixed place, or outside the UK",119,117,2
E01001794,Works mainly from home,560,110,450
E01001795,10km to less than 20km,24,76,-52
E01001795,20km to less than 30km,6,7,-1
E01001795,2km to less than 5km,72,150,-78
E01001795,30km to less than 40km,2,1,1
E01001795,40km to less than 60km,1,5,-4
E01001795,5km to less than 10km,109,262,-153
E01001795,60km and over,3,8,-5
E01001795,Less than 2km,61,70,-9
E01001795,"Works mainly at an offshore installation, in no fixed place, or outside the UK",76,95,-19
E01001795,Works mainly from home,396,100,296
E01001796,10km to less than 20km,41,68,-27
E01001796,20km to less than 30km,8,7,1
E01001796,2km to less than 5km,101,168,-67
E01001796,30km to less than 40km,4,0,4
E01001796,40km to less than 60km,1,7,-6
E01001796,5km to less than 10km,111,317,-206
E01001796,60km and over,8,4,4
E01001796,Less than 2km,68,93,-25
E01001796,"Works mainly at an offshore installation, in no fixed place, or outside the UK",99,121,-22
E01001796,Works mainly from home,469,115,354
E01001798,10km to less than 20km,40,54,-14
E01001798,20km to less than 30km,5,11,-6
E01001798,2km to less than 5km,134,113,21
E01001798,30km to less than 40km,21,2,19
E01001798,40km to less than 60km,12,6,6
E01001798,5km to less than 10km,167,238,-71
E01001798,60km and over,5,8,-3
E01001798,Less than 2km,107,79,28
E01001798,"Works mainly at an offshore installation, in no fixed place, or outside the UK",134,96,38
E01001798,Works mainly from home,343,50,293
E01001799,10km to less than 20km,16,32,-16
E01001799,20km to less than 30km,2,7,-5
E01001799,2km to less than 5km,39,52,-13
E01001799,30km to less than 40km,1,5,-4
E01001799,40km to less than 60km,1,0,1
E01001799,5km to less than 10km,38,125,-87
E01001799,60km and over,3,1,2
E01001799,Less than 2km,202,125,77
E01001799,"Works mainly at an offshore installation, in no fixed place, or outside the UK",85,42,43
E01001799,Works mainly from home,222,53,169
E01001800,10km to less than 20km,12,46,-34
E01001800,20km to less than 30km,3,8,-5
E01001800,2km to less than 5km,59,120,-61
E01001800,30km to less than 40km,2,3,-1
E01001800,40km to less than 60km,3,2,1
E01001800,5km to less than 10km,111,202,-91
E01001800,60km and over,6,7,-1
E01001800,Less than 2km,209,175,34
E01001800,"Works mainly at an offshore installation, in no fixed place, or outside the UK",86,66,20
E01001800,Works mainly from home,160,61,99
E01001801,10km to less than 20km,28,30,-2
E01001801,20km to less than 30km,3,6,-3
E01001801,2km to less than 5km,56,111,-55
E01001801,30km to less than 40km,1,3,-2
E01001801,40km to less than 60km,2,1,1
E01001801,5km to less than 10km,98,193,-95
E01001801,60km and over,3,6,-3
E01001801,Less than 2km,132,114,18
E01001801,"Works mainly at an offshore installation, in no fixed place, or outside the UK",72,64,8
E01001801,Works mainly from home,206,60,146
E01001802,10km to less than 20km,22,36,-14
E01001802,20km to less than 30km,21,8,13
E01001802,2km to less than 5km,57,71,-14
E01001802,30km to less than 40km,3,0,3
E01001802,40km to less than 60km,2,0,2
E01001802,5km to less than 10km,111,145,-34
E01001802,60km and over,1,5,-4
E01001802,Less than 2km,119,111,8
E01001802,"Works mainly at an offshore installation, in no fixed place, or outside the UK",60,48,12
E01001802,Works mainly from home,206,58,148
E01001803,10km to less than 20km,26,74,-48
E01001803,20km to less than 30km,3,11,-8
E01001803,2km to less than 5km,75,186,-111
E01001803,30km to less than 40km,0,0,0
E01001803,40km to less than 60km,2,8,-6
E01001803,5km to less than 10km,113,353,-240
E01001803,60km and over,2,8,-6
E01001803,Less than 2km,120,93,27
E01001803,"Works mainly at an offshore installation, in no fixed place, or outside the UK",156,98,58
E01001803,Works mainly from home,579,122,457
E01001804,10km to less than 20km,17,46,-29
E01001804,20km to less than 30km,0,3,-3
E01001804,2km to less than 5km,65,90,-25
E01001804,30km to less than 40km,0,1,-1
E01001804,40km to less than 60km,3,1,2
E01001804,5km to less than 10km,56,135,-79
E01001804,60km and over,4,5,-1
E01001804,Less than 2km,209,133,76
E01001804,"Works mainly at an offshore installation, in no fixed place, or outside the UK",67,65,2
E01001804,Works mainly from home,201,66,135
E01001805,10km to less than 20km,23,76,-53
E01001805,20km to less than 30km,4,8,-4
E01001805,2km to less than 5km,51,132,-81
E01001805,30km to less than 40km,1,3,-2
E01001805,40km to less than 60km,1,4,-3
E01001805,5km to less than 10km,85,293,-208
E01001805,60km and over,7,5,2
E01001805,Less than 2km,54,65,-11
E01001805,"Works mainly at an offshore installation, in no fixed place, or outside the UK",61,57,4
E01001805,Works mainly from home,370,91,279
E01001806,10km to less than 20km,23,63,-40
E01001806,20km to less than 30km,3,7,-4
E01001806,2km to less than 5km,90,201,-111
E01001806,30km to less than 40km,2,2,0
E01001806,40km to less than 60km,1,1,0
E01001806,5km to less than 10km,92,298,-206
E01001806,60km and over,4,5,-1
E01001806,Less than 2km,35,54,-19
E01001806,"Works mainly at an offshore installation, in no fixed place, or outside the UK",73,81,-8
E01001806,Works mainly from home,459,76,383
E01001807,10km to less than 20km,21,82,-61
E01001807,20km to less than 30km,10,7,3
E01001807,2km to less than 5km,62,119,-57
E01001807,30km to less than 40km,0,3,-3
E01001807,40km to less than 60km,6,3,3
E01001807,5km to less than 10km,109,259,-150
E01001807,60km and over,4,14,-10
E01001807,Less than 2km,176,107,69
E01001807,"Works mainly at an offshore installation, in no fixed place, or outside the UK",118,122,-4
E01001807,Works mainly from home,275,64,211
E01001808,10km to less than 20km,24,41,-17
E01001808,20km to less than 30km,7,5,2
E01001808,2km to less than 5km,40,56,-16
E01001808,30km to less than 40km,1,0,1
E01001808,40km to less than 60km,3,2,1
E01001808,5km to less than 10km,71,156,-85
E01001808,60km and over,0,4,-4
E01001808,Less than 2km,250,202,48
E01001808,"Works mainly at an offshore installation, in no fixed place, or outside the UK",73,100,-27
E01001808,Works mainly from home,180,89,91
E01001809,10km to less than 20km,22,51,-29
E01001809,20km to less than 30km,10,10,0
E01001809,2km to less than 5km,56,78,-22
E01001809,30km to less than 40km,1,2,-1
E01001809,40km to less than 60km,2,2,0
E01001809,5km to less than 10km,61,191,-130
E01001809,60km and over,0,1,-1
E01001809,Less than 2km,249,177,72
E01001809,"Works mainly at an offshore installation, in no fixed place, or outside the UK",81,95,-14
E01001809,Works mainly from home,224,71,153
E01001811,10km to less than 20km,34,46,-12
E01001811,20km to less than 30km,5,9,-4
E01001811,2km to less than 5km,96,105,-9
E01001811,30km to less than 40km,3,1,2
E01001811,40km to less than 60km,3,3,0
E01001811,5km to less than 10km,137,212,-75
E01001811,60km and over,4,7,-3
E01001811,Less than 2km,74,53,21
E01001811,"Works mainly at an offshore installation, in no fixed place, or outside the UK",117,76,41
E01001811,Works mainly from home,270,40,230
E01001812,10km to less than 20km,22,43,-21
E01001812,20km to less than 30km,6,3,3
E01001812,2km to less than 5km,47,96,-49
E01001812,30km to less than 40km,0,1,-1
E01001812,40km to less than 60km,4,1,3
E01001812,5km to less than 10km,76,197,-121
E01001812,60km and over,2,4,-2
E01001812,Less than 2km,207,148,59
E01001812,"Works mainly at an offshore installation, in no fixed place, or outside the UK",59,60,-1
E01001812,Works mainly from home,196,67,129
E01001813,10km to less than 20km,51,40,11
E01001813,20km to less than 30km,8,7,1
E01001813,2km to less than 5km,84,103,-19
E01001813,30km to less than 40km,0,3,-3
E01001813,40km to less than 60km,0,2,-2
E01001813,5km to less than 10km,146,168,-22
E01001813,60km and over,2,4,-2
E01001813,Less than 2km,56,39,17
E01001813,"Works mainly at an offshore installation, in no fixed place, or outside the UK",137,80,57
E01001813,Works mainly from home,211,43,168
E01001814,10km to less than 20km,30,58,-28
E01001814,20km to less than 30km,3,8,-5
E01001814,2km to less than 5km,49,89,-40
E01001814,30km to less than 40km,2,2,0
E01001814,40km to less than 60km,1,3,-2
E01001814,5km to less than 10km,86,218,-132
E01001814,60km and over,5,6,-1
E01001814,Less than 2km,201,136,65
E01001814,"Works mainly at an offshore installation, in no fixed place, or outside the UK",106,116,-10
E01001814,Works mainly from home,211,60,151
E01001815,10km to less than 20km,23,54,-31
E01001815,20km to less than 30km,3,6,-3
E01001815,2km to less than 5km,103,209,-106
E01001815,30km to less than 40km,7,2,5
E01001815,40km to less than 60km,0,3,-3
E01001815,5km to less than 10km,74,197,-123
E01001815,60km and over,6,6,0
E01001815,Less than 2km,84,101,-17
E01001815,"Works mainly at an offshore installation, in no fixed place, or outside the UK",101,94,7
E01001815,Works mainly from home,349,62,287
E01001816,10km to less than 20km,28,42,-14
E01001816,20km to less than 30km,3,10,-7
E01001816,2km to less than 5km,95,235,-140
E01001816,30km to less than 40km,1,3,-2
E01001816,40km to less than 60km,2,3,-1
E01001816,5km to less than 10km,67,224,-157
E01001816,60km and over,2,7,-5
E01001816,Less than 2km,90,103,-13
E01001816,"Works mainly at an offshore installation, in no fixed place, or outside the UK",84,73,11
E01001816,Works mainly from home,417,105,312
E01001819,10km to less than 20km,23,51,-28
E01001819,20km to less than 30km,4,5,-1
E01001819,2km to less than 5km,123,294,-171
E01001819,30km to less than 40km,3,2,1
E01001819,40km to less than 60km,3,1,2
E01001819,5km to less than 10km,82,189,-107
E01001819,60km and over,9,3,6
E01001819,Less than 2km,56,107,-51
E01001819,"Works mainly at an offshore installation, in no fixed place, or outside the UK",64,87,-23
E01001819,Works mainly from home,435,103,332
E01001820,10km to less than 20km,22,62,-40
E01001820,20km to less than 30km,2,10,-8
E01001820,2km to less than 5km,94,184,-90
E01001820,30km to less than 40km,0,3,-3
E01001820,40km to less than 60km,1,2,-1
E01001820,5km to less than 10km,91,146,-55
E01001820,60km and over,5,7,-2
E01001820,Less than 2km,73,108,-35
E01001820,"Works mainly at an offshore installation, in no fixed place, or outside the UK",79,68,11
E01001820,Works mainly from home,258,48,210
E01001821,10km to less than 20km,30,35,-5
E01001821,20km to less than 30km,9,10,-1
E01001821,2km to less than 5km,120,185,-65
E01001821,30km to less than 40km,4,4,0
E01001821,40km to less than 60km,2,0,2
E01001821,5km to less than 10km,70,148,-78
E01001821,60km and over,3,7,-4
E01001821,Less than 2km,77,119,-42
E01001821,"Works mainly at an offshore installation, in no fixed place, or outside the UK",73,73,0
E01001821,Works mainly from home,236,46,190
E01001822,10km to less than 20km,33,57,-24
E01001822,20km to less than 30km,3,13,-10
E01001822,2km to less than 5km,98,116,-18
E01001822,30km to less than 40km,3,2,1
E01001822,40km to less than 60km,13,4,9
E01001822,5km to less than 10km,102,181,-79
E01001822,60km and over,4,9,-5
E01001822,Less than 2km,176,101,75
E01001822,"Works mainly at an offshore installation, in no fixed place, or outside the UK",121,81,40
E01001822,Works mainly from home,226,49,177
E01001823,10km to less than 20km,34,44,-10
E01001823,20km to less than 30km,5,5,0
E01001823,2km to less than 5km,71,82,-11
E01001823,30km to less than 40km,0,3,-3
E01001823,40km to less than 60km,2,2,0
E01001823,5km to less than 10km,92,136,-44
E01001823,60km and over,5,11,-6
E01001823,Less than 2km,176,171,5
E01001823,"Works mainly at an offshore installation, in no fixed place, or outside the UK",84,66,18
E01001823,Works mainly from home,188,61,127
E01001824,10km to less than 20km,31,31,0
E01001824,20km to less than 30km,4,7,-3
E01001824,2km to less than 5km,37,74,-37
E01001824,30km to less than 40km,0,2,-2
E01001824,40km to less than 60km,2,1,1
E01001824,5km to less than 10km,68,102,-34
E01001824,60km and over,3,7,-4
E01001824,Less than 2km,200,124,76
E01001824,"Works mainly at an offshore installation, in no fixed place, or outside the UK",69,72,-3
E01001824,Works mainly from home,122,60,62
E01001825,10km to less than 20km,29,23,6
E01001825,20km to less than 30km,4,2,2
E01001825,2km to less than 5km,28,40,-12
E01001825,30km to less than 40km,4,0,4
E01001825,40km to less than 60km,1,2,-1
E01001825,5km to less than 10km,35,81,-46
E01001825,60km and over,3,0,3
E01001825,Less than 2km,220,218,2
E01001825,"Works mainly at an offshore installation, in no fixed place, or outside the UK",53,44,9
E01001825,Works mainly from home,146,61,85
E01001826,10km to less than 20km,15,45,-30
E01001826,20km to less than 30km,11,5,6
E01001826,2km to less than 5km,32,77,-45
E01001826,30km to less than 40km,3,3,0
E01001826,40km to less than 60km,4,0,4
E01001826,5km to less than 10km,60,157,-97
E01001826,60km and over,2,6,-4
E01001826,Less than 2km,222,149,73
E01001826,"Works mainly at an offshore installation, in no fixed place, or outside the UK",82,94,-12
E01001826,Works mainly from home,128,62,66
E01001827,10km to less than 20km,28,56,-28
E01001827,20km to less than 30km,3,4,-1
E01001827,2km to less than 5km,87,122,-35
E01001827,30km to less than 40km,0,0,0
E01001827,40km to less than 60km,1,1,0
E01001827,5km to less than 10km,103,158,-55
E01001827,60km and over,5,9,-4
E01001827,Less than 2km,109,113,-4
E01001827,"Works mainly at an offshore installation, in no fixed place, or outside the UK",98,69,29
E01001827,Works mainly from home,190,59,131
E01001828,10km to less than 20km,69,68,1
E01001828,20km to less than 30km,9,12,-3
E01001828,2km to less than 5km,113,134,-21
E01001828,30km to less than 40km,1,6,-5
E01001828,40km to less than 60km,2,1,1
E01001828,5km to less than 10km,174,286,-112
E01001828,60km and over,5,12,-7
E01001828,Less than 2km,88,44,44
E01001828,"Works mainly at an offshore installation, in no fixed place, or outside the UK",143,137,6
E01001828,Works mainly from home,339,59,280
E01001829,10km to less than 20km,21,67,-46
E01001829,20km to less than 30km,3,6,-3
E01001829,2km to less than 5km,89,245,-156
E01001829,30km to less than 40km,3,1,2
E01001829,40km to less than 60km,1,7,-6
E01001829,5km to less than 10km,94,417,-323
E01001829,60km and over,2,3,-1
E01001829,Less than 2km,50,77,-27
E01001829,"Works mainly at an offshore installation, in no fixed place, or outside the UK",86,86,0
E01001829,Works mainly from home,687,143,544
E01001830,10km to less than 20km,33,84,-51
E01001830,20km to less than 30km,1,10,-9
E01001830,2km to less than 5km,136,256,-120
E01001830,30km to less than 40km,2,0,2
E01001830,40km to less than 60km,0,2,-2
E01001830,5km to less than 10km,116,339,-223
E01001830,60km and over,12,9,3
E01001830,Less than 2km,96,94,2
E01001830,"Works mainly at an offshore installation, in no fixed place, or outside the UK",97,111,-14
E01001830,Works mainly from home,524,92,432
E01001831,10km to less than 20km,27,68,-41
E01001831,20km to less than 30km,4,16,-12
E01001831,2km to less than 5km,113,202,-89
E01001831,30km to less than 40km,2,3,-1
E01001831,40km to less than 60km,3,6,-3
E01001831,5km to less than 10km,112,402,-290
E01001831,60km and over,3,15,-12
E01001831,Less than 2km,55,66,-11
E01001831,"Works mainly at an offshore installation, in no fixed place, or outside the UK",101,114,-13
E01001831,Works mainly from home,648,117,531
E01001832,10km to less than 20km,31,69,-38
E01001832,20km to less than 30km,6,9,-3
E01001832,2km to less than 5km,100,226,-126
E01001832,30km to less than 40km,2,2,0
E01001832,40km to less than 60km,0,4,-4
E01001832,5km to less than 10km,100,329,-229
E01001832,60km and over,9,9,0
E01001832,Less than 2km,68,90,-22
E01001832,"Works mainly at an offshore installation, in no fixed place, or outside the UK",107,84,23
E01001832,Works mainly from home,494,112,382
E01001833,10km to less than 20km,43,91,-48
E01001833,20km to less than 30km,14,13,1
E01001833,2km to less than 5km,145,266,-121
E01001833,30km to less than 40km,6,0,6
E01001833,40km to less than 60km,2,7,-5
E01001833,5km to less than 10km,107,351,-244
E01001833,60km and over,2,16,-14
E01001833,Less than 2km,95,104,-9
E01001833,"Works mainly at an offshore installation, in no fixed place, or outside the UK",119,138,-19
E01001833,Works mainly from home,643,136,507
E01001834,10km to less than 20km,31,104,-73
E01001834,20km to less than 30km,5,16,-11
E01001834,2km to less than 5km,124,350,-226
E01001834,30km to less than 40km,2,8,-6
E01001834,40km to less than 60km,1,2,-1
E01001834,5km to less than 10km,137,379,-242
E01001834,60km and over,6,17,-11
E01001834,Less than 2km,67,103,-36
E01001834,"Works mainly at an offshore installation, in no fixed place, or outside the UK",115,120,-5
E01001834,Works mainly from home,695,131,564
E01001835,10km to less than 20km,27,50,-23
E01001835,20km to less than 30km,8,9,-1
E01001835,2km to less than 5km,83,237,-154
E01001835,30km to less than 40km,0,1,-1
E01001835,40km to less than 60km,0,4,-4
E01001835,5km to less than 10km,70,230,-160
E01001835,60km and over,3,12,-9
E01001835,Less than 2km,46,71,-25
E01001835,"Works mainly at an offshore installation, in no fixed place, or outside the UK",78,65,13
E01001835,Works mainly from home,474,84,390
E01001836,10km to less than 20km,42,72,-30
E01001836,20km to less than 30km,7,13,-6
E01001836,2km to less than 5km,124,257,-133
E01001836,30km to less than 40km,2,5,-3
E01001836,40km to less than 60km,0,9,-9
E01001836,5km to less than 10km,91,277,-186
E01001836,60km and over,4,7,-3
E01001836,Less than 2km,98,104,-6
E01001836,"Works mainly at an offshore installation, in no fixed place, or outside the UK",105,117,-12
E01001836,Works mainly from home,564,89,475
E01001837,10km to less than 20km,18,58,-40
E01001837,20km to less than 30km,3,6,-3
E01001837,2km to less than 5km,96,328,-232
E01001837,30km to less than 40km,2,6,-4
E01001837,40km to less than 60km,3,3,0
E01001837,5km to less than 10km,77,259,-182
E01001837,60km and over,4,7,-3
E01001837,Less than 2km,71,101,-30
E01001837,"Works mainly at an offshore installation, in no fixed place, or outside the UK",71,72,-1
E01001837,Works mainly from home,519,86,433
E01001838,10km to less than 20km,31,36,-5
E01001838,20km to less than 30km,6,7,-1
E01001838,2km to less than 5km,116,142,-26
E01001838,30km to less than 40km,2,2,0
E01001838,40km to less than 60km,1,4,-3
E01001838,5km to less than 10km,130,167,-37
E01001838,60km and over,7,10,-3
E01001838,Less than 2km,80,53,27
E01001838,"Works mainly at an offshore installation, in no fixed place, or outside the UK",97,73,24
E01001838,Works mainly from home,203,41,162
E01001839,10km to less than 20km,50,99,-49
E01001839,20km to less than 30km,5,9,-4
E01001839,2km to less than 5km,186,403,-217
E01001839,30km to less than 40km,5,4,1
E01001839,40km to less than 60km,4,11,-7
E01001839,5km to less than 10km,165,366,-201
E01001839,60km and over,2,14,-12
E01001839,Less than 2km,122,111,11
E01001839,"Works mainly at an offshore installation, in no fixed place, or outside the UK",132,130,2
E01001839,Works mainly from home,860,145,715
E01001840,10km to less than 20km,23,65,-42
E01001840,20km to less than 30km,10,3,7
E01001840,2km to less than 5km,95,179,-84
E01001840,30km to less than 40km,3,3,0
E01001840,40km to less than 60km,1,2,-1
E01001840,5km to less than 10km,112,183,-71
E01001840,60km and over,4,11,-7
E01001840,Less than 2km,65,76,-11
E01001840,"Works mainly at an offshore installation, in no fixed place, or outside the UK",107,88,19
E01001840,Works mainly from home,299,57,242
E01001841,10km to less than 20km,29,51,-22
E01001841,20km to less than 30km,4,11,-7
E01001841,2km to less than 5km,73,169,-96
E01001841,30km to less than 40km,0,1,-1
E01001841,40km to less than 60km,3,3,0
E01001841,5km to less than 10km,74,204,-130
E01001841,60km and over,6,8,-2
E01001841,Less than 2km,45,84,-39
E01001841,"Works mainly at an offshore installation, in no fixed place, or outside the UK",70,56,14
E01001841,Works mainly from home,316,88,228
E01001842,10km to less than 20km,23,56,-33
E01001842,20km to less than 30km,8,6,2
E01001842,2km to less than 5km,108,193,-85
E01001842,30km to less than 40km,0,8,-8
E01001842,40km to less than 60km,0,7,-7
E01001842,5km to less than 10km,104,208,-104
E01001842,60km and over,2,12,-10
E01001842,Less than 2km,70,83,-13
E01001842,"Works mainly at an offshore installation, in no fixed place, or outside the UK",93,86,7
E01001842,Works mainly from home,389,58,331
E01001843,10km to less than 20km,16,46,-30
E01001843,20km to less than 30km,4,5,-1
E01001843,2km to less than 5km,90,182,-92
E01001843,30km to less than 40km,1,2,-1
E01001843,40km to less than 60km,2,2,0
E01001843,5km to less than 10km,63,146,-83
E01001843,60km and over,3,5,-2
E01001843,Less than 2km,62,78,-16
E01001843,"Works mainly at an offshore installation, in no fixed place, or outside the UK",52,53,-1
E01001843,Works mainly from home,313,53,260
E01001844,10km to less than 20km,33,81,-48
E01001844,20km to less than 30km,8,9,-1
E01001844,2km to less than 5km,109,246,-137
E01001844,30km to less than 40km,1,1,0
E01001844,40km to less than 60km,3,4,-1
E01001844,5km to less than 10km,108,302,-194
E01001844,60km and over,6,24,-18
E01001844,Less than 2km,97,106,-9
E01001844,"Works mainly at an offshore installation, in no fixed place, or outside the UK",111,113,-2
E01001844,Works mainly from home,528,110,418
E01001845,10km to less than 20km,43,60,-17
E01001845,20km to less than 30km,11,8,3
E01001845,2km to less than 5km,110,138,-28
E01001845,30km to less than 40km,2,1,1
E01001845,40km to less than 60km,5,1,4
E01001845,5km to less than 10km,91,184,-93
E01001845,60km and over,6,8,-2
E01001845,Less than 2km,63,72,-9
E01001845,"Works mainly at an offshore installation, in no fixed place, or outside the UK",117,73,44
E01001845,Works mainly from home,249,51,198
E01001846,10km to less than 20km,29,57,-28
E01001846,20km to less than 30km,8,7,1
E01001846,2km to less than 5km,69,113,-44
E01001846,30km to less than 40km,1,2,-1
E01001846,40km to less than 60km,1,5,-4
E01001846,5km to less than 10km,95,162,-67
E01001846,60km and over,0,6,-6
E01001846,Less than 2km,47,49,-2
E01001846,"Works mainly at an offshore installation, in no fixed place, or outside the UK",79,52,27
E01001846,Works mainly from home,195,40,155
E01001847,10km to less than 20km,26,43,-17
E01001847,20km to less than 30km,5,8,-3
E01001847,2km to less than 5km,100,102,-2
E01001847,30km to less than 40km,1,2,-1
E01001847,40km to less than 60km,4,4,0
E01001847,5km to less than 10km,104,173,-69
E01001847,60km and over,3,8,-5
E01001847,Less than 2km,45,55,-10
E01001847,"Works mainly at an offshore installation, in no fixed place, or outside the UK",81,52,29
E01001847,Works mainly from home,367,43,324
E01001848,10km to less than 20km,27,53,-26
E01001848,20km to less than 30km,8,6,2
E01001848,2km to less than 5km,134,149,-15
E01001848,30km to less than 40km,8,5,3
E01001848,40km to less than 60km,2,2,0
E01001848,5km to less than 10km,134,247,-113
E01001848,60km and over,12,6,6
E01001848,Less than 2km,58,81,-23
E01001848,"Works mainly at an offshore installation, in no fixed place, or outside the UK",125,84,41
E01001848,Works mainly from home,352,62,290
E01001849,10km to less than 20km,66,113,-47
E01001849,20km to less than 30km,10,11,-1
E01001849,2km to less than 5km,135,233,-98
E01001849,30km to less than 40km,4,9,-5
E01001849,40km to less than 60km,7,5,2
E01001849,5km to less than 10km,195,452,-257
E01001849,60km and over,9,16,-7
E01001849,Less than 2km,88,73,15
E01001849,"Works mainly at an offshore installation, in no fixed place, or outside the UK",162,113,49
E01001849,Works mainly from home,738,111,627
E01001850,10km to less than 20km,44,58,-14
E01001850,20km to less than 30km,6,19,-13
E01001850,2km to less than 5km,108,126,-18
E01001850,30km to less than 40km,3,7,-4
E01001850,40km to less than 60km,2,2,0
E01001850,5km to less than 10km,129,195,-66
E01001850,60km and over,9,6,3
E01001850,Less than 2km,88,75,13
E01001850,"Works mainly at an offshore installation, in no fixed place, or outside the UK",110,75,35
E01001850,Works mainly from home,218,40,178
E01001851,10km to less than 20km,17,88,-71
E01001851,20km to less than 30km,2,14,-12
E01001851,2km to less than 5km,61,154,-93
E01001851,30km to less than 40km,0,3,-3
E01001851,40km to less than 60km,0,3,-3
E01001851,5km to less than 10km,73,377,-304
E01001851,60km and over,0,18,-18
E01001851,Less than 2km,58,123,-65
E01001851,"Works mainly at an offshore installation, in no fixed place, or outside the UK",37,52,-15
E01001851,Works mainly from home,534,150,384
E01001852,10km to less than 20km,28,81,-53
E01001852,20km to less than 30km,1,25,-24
E01001852,2km to less than 5km,111,153,-42
E01001852,30km to less than 40km,1,8,-7
E01001852,40km to less than 60km,2,7,-5
E01001852,5km to less than 10km,124,503,-379
E01001852,60km and over,5,20,-15
E01001852,Less than 2km,70,220,-150
E01001852,"Works mainly at an offshore installation, in no fixed place, or outside the UK",72,80,-8
E01001852,Works mainly from home,629,154,475
E01001853,10km to less than 20km,42,104,-62
E01001853,20km to less than 30km,7,21,-14
E01001853,2km to less than 5km,87,136,-49
E01001853,30km to less than 40km,4,10,-6
E01001853,40km to less than 60km,1,10,-9
E01001853,5km to less than 10km,106,362,-256
E01001853,60km and over,3,11,-8
E01001853,Less than 2km,64,128,-64
E01001853,"Works mainly at an offshore installation, in no fixed place, or outside the UK",68,77,-9
E01001853,Works mainly from home,497,118,379
E01001854,10km to less than 20km,34,93,-59
E01001854,20km to less than 30km,1,17,-16
E01001854,2km to less than 5km,114,180,-66
E01001854,30km to less than 40km,1,13,-12
E01001854,40km to less than 60km,1,7,-6
E01001854,5km to less than 10km,145,419,-274
E01001854,60km and over,3,9,-6
E01001854,Less than 2km,122,161,-39
E01001854,"Works mainly at an offshore installation, in no fixed place, or outside the UK",87,81,6
E01001854,Works mainly from home,558,104,454
E01001855,10km to less than 20km,25,63,-38
E01001855,20km to less than 30km,6,21,-15
E01001855,2km to less than 5km,116,180,-64
E01001855,30km to less than 40km,4,5,-1
E01001855,40km to less than 60km,9,6,3
E01001855,5km to less than 10km,95,493,-398
E01001855,60km and over,1,16,-15
E01001855,Less than 2km,59,131,-72
E01001855,"Works mainly at an offshore installation, in no fixed place, or outside the UK",67,74,-7
E01001855,Works mainly from home,649,117,532
E01001856,10km to less than 20km,25,47,-22
E01001856,20km to less than 30km,1,12,-11
E01001856,2km to less than 5km,102,103,-1
E01001856,30km to less than 40km,2,5,-3
E01001856,40km to less than 60km,0,3,-3
E01001856,5km to less than 10km,90,215,-125
E01001856,60km and over,5,7,-2
E01001856,Less than 2km,86,112,-26
E01001856,"Works mainly at an offshore installation, in no fixed place, or outside the UK",83,52,31
E01001856,Works mainly from home,468,91,377
E01001857,10km to less than 20km,29,54,-25
E01001857,20km to less than 30km,7,10,-3
E01001857,2km to less than 5km,93,120,-27
E01001857,30km to less than 40km,0,3,-3
E01001857,40km to less than 60km,2,7,-5
E01001857,5km to less than 10km,92,251,-159
E01001857,60km and over,4,20,-16
E01001857,Less than 2km,83,128,-45
E01001857,"Works mainly at an offshore installation, in no fixed place, or outside the UK",107,74,33
E01001857,Works mainly from home,315,56,259
E01001858,10km to less than 20km,28,108,-80
E01001858,20km to less than 30km,4,13,-9
E01001858,2km to less than 5km,103,178,-75
E01001858,30km to less than 40km,1,7,-6
E01001858,40km to less than 60km,0,1,-1
E01001858,5km to less than 10km,97,270,-173
E01001858,60km and over,4,16,-12
E01001858,Less than 2km,97,143,-46
E01001858,"Works mainly at an offshore installation, in no fixed place, or outside the UK",112,83,29
E01001858,Works mainly from home,445,115,330
E01001859,10km to less than 20km,86,217,-131
E01001859,20km to less than 30km,11,26,-15
E01001859,2km to less than 5km,196,275,-79
E01001859,30km to less than 40km,2,10,-8
E01001859,40km to less than 60km,1,11,-10
E01001859,5km to less than 10km,203,407,-204
E01001859,60km and over,7,13,-6
E01001859,Less than 2km,106,188,-82
E01001859,"Works mainly at an offshore installation, in no fixed place, or outside the UK",160,126,34
E01001859,Works mainly from home,671,97,574
E01001860,10km to less than 20km,43,119,-76
E01001860,20km to less than 30km,5,13,-8
E01001860,2km to less than 5km,101,161,-60
E01001860,30km to less than 40km,1,5,-4
E01001860,40km to less than 60km,1,3,-2
E01001860,5km to less than 10km,148,227,-79
E01001860,60km and over,4,12,-8
E01001860,Less than 2km,125,182,-57
E01001860,"Works mainly at an offshore installation, in no fixed place, or outside the UK",127,99,28
E01001860,Works mainly from home,341,82,259
E01001861,10km to less than 20km,37,115,-78
E01001861,20km to less than 30km,8,8,0
E01001861,2km to less than 5km,86,157,-71
E01001861,30km to less than 40km,1,2,-1
E01001861,40km to less than 60km,0,7,-7
E01001861,5km to less than 10km,109,231,-122
E01001861,60km and over,4,10,-6
E01001861,Less than 2km,68,107,-39
E01001861,"Works mainly at an offshore installation, in no fixed place, or outside the UK",83,85,-2
E01001861,Works mainly from home,315,72,243
E01001862,10km to less than 20km,44,125,-81
E01001862,20km to less than 30km,3,13,-10
E01001862,2km to less than 5km,117,163,-46
E01001862,30km to less than 40km,4,7,-3
E01001862,40km to less than 60km,5,6,-1
E01001862,5km to less than 10km,128,306,-178
E01001862,60km and over,3,9,-6
E01001862,Less than 2km,85,150,-65
E01001862,"Works mainly at an offshore installation, in no fixed place, or outside the UK",112,99,13
E01001862,Works mainly from home,466,84,382
E01001863,10km to less than 20km,34,115,-81
E01001863,20km to less than 30km,4,15,-11
E01001863,2km to less than 5km,73,146,-73
E01001863,30km to less than 40km,1,6,-5
E01001863,40km to less than 60km,3,7,-4
E01001863,5km to less than 10km,98,305,-207
E01001863,60km and over,0,4,-4
E01001863,Less than 2km,76,129,-53
E01001863,"Works mainly at an offshore installation, in no fixed place, or outside the UK",74,72,2
E01001863,Works mainly from home,458,101,357
E01001864,10km to less than 20km,37,122,-85
E01001864,20km to less than 30km,9,11,-2
E01001864,2km to less than 5km,80,156,-76
E01001864,30km to less than 40km,1,7,-6
E01001864,40km to less than 60km,2,4,-2
E01001864,5km to less than 10km,107,306,-199
E01001864,60km and over,0,7,-7
E01001864,Less than 2km,60,126,-66
E01001864,"Works mainly at an offshore installation, in no fixed place, or outside the UK",107,87,20
E01001864,Works mainly from home,426,73,353
E01001865,10km to less than 20km,39,176,-137
E01001865,20km to less than 30km,4,16,-12
E01001865,2km to less than 5km,64,146,-82
E01001865,30km to less than 40km,2,7,-5
E01001865,40km to less than 60km,0,3,-3
E01001865,5km to less than 10km,108,300,-192
E01001865,60km and over,9,7,2
E01001865,Less than 2km,70,127,-57
E01001865,"Works mainly at an offshore installation, in no fixed place, or outside the UK",74,120,-46
E01001865,Works mainly from home,505,105,400
E01001866,10km to less than 20km,34,55,-21
E01001866,20km to less than 30km,1,14,-13
E01001866,2km to less than 5km,120,191,-71
E01001866,30km to less than 40km,2,6,-4
E01001866,40km to less than 60km,0,5,-5
E01001866,5km to less than 10km,62,277,-215
E01001866,60km and over,6,16,-10
E01001866,Less than 2km,74,113,-39
E01001866,"Works mainly at an offshore installation, in no fixed place, or outside the UK",60,78,-18
E01001866,Works mainly from home,425,129,296
E01001867,10km to less than 20km,27,55,-28
E01001867,20km to less than 30km,3,8,-5
E01001867,2km to less than 5km,52,116,-64
E01001867,30km to less than 40km,1,3,-2
E01001867,40km to less than 60km,3,4,-1
E01001867,5km to less than 10km,62,214,-152
E01001867,60km and over,2,6,-4
E01001867,Less than 2km,38,115,-77
E01001867,"Works mainly at an offshore installation, in no fixed place, or outside the UK",46,55,-9
E01001867,Works mainly from home,310,61,249
E01001868,10km to less than 20km,15,41,-26
E01001868,20km to less than 30km,2,3,-1
E01001868,2km to less than 5km,120,158,-38
E01001868,30km to less than 40km,2,3,-1
E01001868,40km to less than 60km,0,3,-3
E01001868,5km to less than 10km,80,177,-97
E01001868,60km and over,2,10,-8
E01001868,Less than 2km,95,121,-26
E01001868,"Works mainly at an offshore installation, in no fixed place, or outside the UK",88,65,23
E01001868,Works mainly from home,187,45,142
E01001869,10km to less than 20km,15,86,-71
E01001869,20km to less than 30km,1,16,-15
E01001869,2km to less than 5km,53,122,-69
E01001869,30km to less than 40km,1,5,-4
E01001869,40km to less than 60km,1,5,-4
E01001869,5km to less than 10km,59,352,-293
E01001869,60km and over,4,11,-7
E01001869,Less than 2km,47,121,-74
E01001869,"Works mainly at an offshore installation, in no fixed place, or outside the UK",41,51,-10
E01001869,Works mainly from home,443,172,271
E01001870,10km to less than 20km,23,86,-63
E01001870,20km to less than 30km,6,18,-12
E01001870,2km to less than 5km,180,317,-137
E01001870,30km to less than 40km,3,7,-4
E01001870,40km to less than 60km,2,8,-6
E01001870,5km to less than 10km,104,439,-335
E01001870,60km and over,9,8,1
E01001870,Less than 2km,87,162,-75
E01001870,"Works mainly at an offshore installation, in no fixed place, or outside the UK",68,81,-13
E01001870,Works mainly from home,535,110,425
E01001871,10km to less than 20km,25,79,-54
E01001871,20km to less than 30km,6,5,1
E01001871,2km to less than 5km,86,180,-94
E01001871,30km to less than 40km,3,10,-7
E01001871,40km to less than 60km,0,11,-11
E01001871,5km to less than 10km,74,305,-231
E01001871,60km and over,6,6,0
E01001871,Less than 2km,62,98,-36
E01001871,"Works mainly at an offshore installation, in no fixed place, or outside the UK",71,97,-26
E01001871,Works mainly from home,459,105,354
E01001872,10km to less than 20km,19,70,-51
E01001872,20km to less than 30km,0,8,-8
E01001872,2km to less than 5km,84,195,-111
E01001872,30km to less than 40km,1,9,-8
E01001872,40km to less than 60km,7,6,1
E01001872,5km to less than 10km,90,376,-286
E01001872,60km and over,4,13,-9
E01001872,Less than 2km,57,122,-65
E01001872,"Works mainly at an offshore installation, in no fixed place, or outside the UK",58,78,-20
E01001872,Works mainly from home,511,94,417
E01001873,10km to less than 20km,21,66,-45
E01001873,20km to less than 30km,7,16,-9
E01001873,2km to less than 5km,110,142,-32
E01001873,30km to less than 40km,0,5,-5
E01001873,40km to less than 60km,1,3,-2
E01001873,5km to less than 10km,91,293,-202
E01001873,60km and over,1,4,-3
E01001873,Less than 2km,78,132,-54
E01001873,"Works mainly at an offshore installation, in no fixed place, or outside the UK",71,54,17
E01001873,Works mainly from home,408,97,311
E01001875,10km to less than 20km,32,85,-53
E01001875,20km to less than 30km,4,7,-3
E01001875,2km to less than 5km,139,162,-23
E01001875,30km to less than 40km,5,2,3
E01001875,40km to less than 60km,2,0,2
E01001875,5km to less than 10km,163,191,-28
E01001875,60km and over,5,9,-4
E01001875,Less than 2km,94,100,-6
E01001875,"Works mainly at an offshore installation, in no fixed place, or outside the UK",130,94,36
E01001875,Works mainly from home,217,49,168
E01001876,10km to less than 20km,54,73,-19
E01001876,20km to less than 30km,7,8,-1
E01001876,2km to less than 5km,186,187,-1
E01001876,30km to less than 40km,5,2,3
E01001876,40km to less than 60km,1,4,-3
E01001876,5km to less than 10km,119,170,-51
E01001876,60km and over,16,9,7
E01001876,Less than 2km,233,278,-45
E01001876,"Works mainly at an offshore installation, in no fixed place, or outside the UK",180,75,105
E01001876,Works mainly from home,232,77,155
E01001877,10km to less than 20km,26,69,-43
E01001877,20km to less than 30km,4,0,4
E01001877,2km to less than 5km,130,177,-47
E01001877,30km to less than 40km,1,3,-2
E01001877,40km to less than 60km,3,2,1
E01001877,5km to less than 10km,159,238,-79
E01001877,60km and over,3,2,1
E01001877,Less than 2km,38,66,-28
E01001877,"Works mainly at an offshore installation, in no fixed place, or outside the UK",118,92,26
E01001877,Works mainly from home,236,57,179
E01001878,10km to less than 20km,43,93,-50
E01001878,20km to less than 30km,4,11,-7
E01001878,2km to less than 5km,127,159,-32
E01001878,30km to less than 40km,1,5,-4
E01001878,40km to less than 60km,2,4,-2
E01001878,5km to less than 10km,136,163,-27
E01001878,60km and over,3,6,-3
E01001878,Less than 2km,73,102,-29
E01001878,"Works mainly at an offshore installation, in no fixed place, or outside the UK",124,84,40
E01001878,Works mainly from home,204,45,159
E01001879,10km to less than 20km,22,75,-53
E01001879,20km to less than 30km,3,4,-1
E01001879,2km to less than 5km,82,154,-72
E01001879,30km to less than 40km,4,6,-2
E01001879,40km to less than 60km,4,2,2
E01001879,5km to less than 10km,76,276,-200
E01001879,60km and over,0,4,-4
E01001879,Less than 2km,93,121,-28
E01001879,"Works mainly at an offshore installation, in no fixed place, or outside the UK",102,80,22
E01001879,Works mainly from home,407,71,336
E01001880,10km to less than 20km,26,71,-45
E01001880,20km to less than 30km,7,16,-9
E01001880,2km to less than 5km,97,193,-96
E01001880,30km to less than 40km,5,7,-2
E01001880,40km to less than 60km,2,8,-6
E01001880,5km to less than 10km,89,270,-181
E01001880,60km and over,4,10,-6
E01001880,Less than 2km,91,148,-57
E01001880,"Works mainly at an offshore installation, in no fixed place, or outside the UK",78,68,10
E01001880,Works mainly from home,462,94,368
E01001881,10km to less than 20km,24,65,-41
E01001881,20km to less than 30km,5,14,-9
E01001881,2km to less than 5km,123,193,-70
E01001881,30km to less than 40km,3,4,-1
E01001881,40km to less than 60km,2,5,-3
E01001881,5km to less than 10km,142,394,-252
E01001881,60km and over,6,13,-7
E01001881,Less than 2km,100,128,-28
E01001881,"Works mainly at an offshore installation, in no fixed place, or outside the UK",79,85,-6
E01001881,Works mainly from home,664,118,546
E01001882,10km to less than 20km,22,87,-65
E01001882,20km to less than 30km,5,17,-12
E01001882,2km to less than 5km,85,226,-141
E01001882,30km to less than 40km,3,9,-6
E01001882,40km to less than 60km,1,12,-11
E01001882,5km to less than 10km,114,485,-371
E01001882,60km and over,5,9,-4
E01001882,Less than 2km,83,124,-41
E01001882,"Works mainly at an offshore installation, in no fixed place, or outside the UK",61,79,-18
E01001882,Works mainly from home,641,114,527
E01001883,10km to less than 20km,29,45,-16
E01001883,20km to less than 30km,8,17,-9
E01001883,2km to less than 5km,97,191,-94
E01001883,30km to less than 40km,3,3,0
E01001883,40km to less than 60km,1,3,-2
E01001883,5km to less than 10km,109,277,-168
E01001883,60km and over,5,10,-5
E01001883,Less than 2km,81,125,-44
E01001883,"Works mainly at an offshore installation, in no fixed place, or outside the UK",91,89,2
E01001883,Works mainly from home,611,65,546
E01001884,10km to less than 20km,50,66,-16
E01001884,20km to less than 30km,2,16,-14
E01001884,2km to less than 5km,141,241,-100
E01001884,30km to less than 40km,2,3,-1
E01001884,40km to less than 60km,2,6,-4
E01001884,5km to less than 10km,100,340,-240
E01001884,60km and over,3,8,-5
E01001884,Less than 2km,97,175,-78
E01001884,"Works mainly at an offshore installation, in no fixed place, or outside the UK",97,79,18
E01001884,Works mainly from home,469,76,393
E01001885,10km to less than 20km,22,39,-17
E01001885,20km to less than 30km,4,3,1
E01001885,2km to less than 5km,92,115,-23
E01001885,30km to less than 40km,3,5,-2
E01001885,40km to less than 60km,2,1,1
E01001885,5km to less than 10km,71,109,-38
E01001885,60km and over,3,6,-3
E01001885,Less than 2km,121,118,3
E01001885,"Works mainly at an offshore installation, in no fixed place, or outside the UK",91,49,42
E01001885,Works mainly from home,138,35,103
E01001886,10km to less than 20km,24,55,-31
E01001886,20km to less than 30km,4,8,-4
E01001886,2km to less than 5km,94,160,-66
E01001886,30km to less than 40km,3,4,-1
E01001886,40km to less than 60km,2,4,-2
E01001886,5km to less than 10km,88,231,-143
E01001886,60km and over,4,10,-6
E01001886,Less than 2km,77,142,-65
E01001886,"Works mainly at an offshore installation, in no fixed place, or outside the UK",103,67,36
E01001886,Works mainly from home,379,70,309
E01001887,10km to less than 20km,36,90,-54
E01001887,20km to less than 30km,8,20,-12
E01001887,2km to less than 5km,106,149,-43
E01001887,30km to less than 40km,1,3,-2
E01001887,40km to less than 60km,2,14,-12
E01001887,5km to less than 10km,92,245,-153
E01001887,60km and over,5,5,0
E01001887,Less than 2km,94,140,-46
E01001887,"Works mainly at an offshore installation, in no fixed place, or outside the UK",74,68,6
E01001887,Works mainly from home,312,66,246
E01001888,10km to less than 20km,29,129,-100
E01001888,20km to less than 30km,3,11,-8
E01001888,2km to less than 5km,73,158,-85
E01001888,30km to less than 40km,0,10,-10
E01001888,40km to less than 60km,1,5,-4
E01001888,5km to less than 10km,96,290,-194
E01001888,60km and over,4,13,-9
E01001888,Less than 2km,71,132,-61
E01001888,"Works mainly at an offshore installation, in no fixed place, or outside the UK",63,70,-7
E01001888,Works mainly from home,522,74,448
E01001889,10km to less than 20km,26,107,-81
E01001889,20km to less than 30km,5,11,-6
E01001889,2km to less than 5km,83,133,-50
E01001889,30km to less than 40km,0,7,-7
E01001889,40km to less than 60km,1,6,-5
E01001889,5km to less than 10km,91,316,-225
E01001889,60km and over,2,12,-10
E01001889,Less than 2km,61,107,-46
E01001889,"Works mainly at an offshore installation, in no fixed place, or outside the UK",60,73,-13
E01001889,Works mainly from home,508,83,425
E01001890,10km to less than 20km,31,121,-90
E01001890,20km to less than 30km,8,8,0
E01001890,2km to less than 5km,204,263,-59
E01001890,30km to less than 40km,0,3,-3
E01001890,40km to less than 60km,0,8,-8
E01001890,5km to less than 10km,113,298,-185
E01001890,60km and over,8,18,-10
E01001890,Less than 2km,225,263,-38
E01001890,"Works mainly at an offshore installation, in no fixed place, or outside the UK",88,94,-6
E01001890,Works mainly from home,370,72,298
E01001891,10km to less than 20km,52,169,-117
E01001891,20km to less than 30km,7,18,-11
E01001891,2km to less than 5km,129,226,-97
E01001891,30km to less than 40km,4,10,-6
E01001891,40km to less than 60km,1,6,-5
E01001891,5km to less than 10km,152,432,-280
E01001891,60km and over,8,24,-16
E01001891,Less than 2km,120,183,-63
E01001891,"Works mainly at an offshore installation, in no fixed place, or outside the UK",102,123,-21
E01001891,Works mainly from home,920,119,801
E01001892,10km to less than 20km,15,59,-44
E01001892,20km to less than 30km,3,4,-1
E01001892,2km to less than 5km,86,137,-51
E01001892,30km to less than 40km,3,6,-3
E01001892,40km to less than 60km,1,3,-2
E01001892,5km to less than 10km,88,227,-139
E01001892,60km and over,3,5,-2
E01001892,Less than 2km,81,112,-31
E01001892,"Works mainly at an offshore installation, in no fixed place, or outside the UK",85,74,11
E01001892,Works mainly from home,295,71,224
E01001893,10km to less than 20km,40,73,-33
E01001893,20km to less than 30km,1,4,-3
E01001893,2km to less than 5km,107,110,-3
E01001893,30km to less than 40km,7,4,3
E01001893,40km to less than 60km,3,3,0
E01001893,5km to less than 10km,91,164,-73
E01001893,60km and over,5,4,1
E01001893,Less than 2km,105,123,-18
E01001893,"Works mainly at an offshore installation, in no fixed place, or outside the UK",73,52,21
E01001893,Works mainly from home,311,53,258
E01001894,10km to less than 20km,42,89,-47
E01001894,20km to less than 30km,6,11,-5
E01001894,2km to less than 5km,102,99,3
E01001894,30km to less than 40km,2,7,-5
E01001894,40km to less than 60km,1,4,-3
E01001894,5km to less than 10km,123,194,-71
E01001894,60km and over,4,10,-6
E01001894,Less than 2km,57,112,-55
E01001894,"Works mainly at an offshore installation, in no fixed place, or outside the UK",69,68,1
E01001894,Works mainly from home,367,79,288
E01001895,10km to less than 20km,38,117,-79
E01001895,20km to less than 30km,5,26,-21
E01001895,2km to less than 5km,77,142,-65
E01001895,30km to less than 40km,3,2,1
E01001895,40km to less than 60km,2,2,0
E01001895,5km to less than 10km,81,273,-192
E01001895,60km and over,5,14,-9
E01001895,Less than 2km,64,136,-72
E01001895,"Works mainly at an offshore installation, in no fixed place, or outside the UK",81,76,5
E01001895,Works mainly from home,458,119,339
E01001896,10km to less than 20km,41,85,-44
E01001896,20km to less than 30km,7,26,-19
E01001896,2km to less than 5km,74,136,-62
E01001896,30km to less than 40km,3,6,-3
E01001896,40km to less than 60km,5,6,-1
E01001896,5km to less than 10km,92,288,-196
E01001896,60km and over,3,11,-8
E01001896,Less than 2km,70,134,-64
E01001896,"Works mainly at an offshore installation, in no fixed place, or outside the UK",75,71,4
E01001896,Works mainly from home,435,98,337
E01001897,10km to less than 20km,38,122,-84
E01001897,20km to less than 30km,3,11,-8
E01001897,2km to less than 5km,60,96,-36
E01001897,30km to less than 40km,1,7,-6
E01001897,40km to less than 60km,0,4,-4
E01001897,5km to less than 10km,59,272,-213
E01001897,60km and over,0,7,-7
E01001897,Less than 2km,71,111,-40
E01001897,"Works mainly at an offshore installation, in no fixed place, or outside the UK",49,69,-20
E01001897,Works mainly from home,407,112,295
E01001898,10km to less than 20km,46,118,-72
E01001898,20km to less than 30km,6,24,-18
E01001898,2km to less than 5km,136,164,-28
E01001898,30km to less than 40km,4,2,2
E01001898,40km to less than 60km,1,9,-8
E01001898,5km to less than 10km,158,300,-142
E01001898,60km and over,5,10,-5
E01001898,Less than 2km,64,150,-86
E01001898,"Works mainly at an offshore installation, in no fixed place, or outside the UK",72,88,-16
E01001898,Works mainly from home,681,97,584
E01001899,10km to less than 20km,36,58,-22
E01001899,20km to less than 30km,5,5,0
E01001899,2km to less than 5km,114,115,-1
E01001899,30km to less than 40km,5,0,5
E01001899,40km to less than 60km,3,1,2
E01001899,5km to less than 10km,96,180,-84
E01001899,60km and over,5,10,-5
E01001899,Less than 2km,100,124,-24
E01001899,"Works mainly at an offshore installation, in no fixed place, or outside the UK",91,32,59
E01001899,Works mainly from home,368,68,300
E01001900,10km to less than 20km,31,108,-77
E01001900,20km to less than 30km,5,18,-13
E01001900,2km to less than 5km,91,169,-78
E01001900,30km to less than 40km,1,9,-8
E01001900,40km to less than 60km,1,3,-2
E01001900,5km to less than 10km,118,281,-163
E01001900,60km and over,6,6,0
E01001900,Less than 2km,105,153,-48
E01001900,"Works mainly at an offshore installation, in no fixed place, or outside the UK",86,73,13
E01001900,Works mainly from home,360,70,290
E01001901,10km to less than 20km,19,75,-56
E01001901,20km to less than 30km,3,11,-8
E01001901,2km to less than 5km,88,155,-67
E01001901,30km to less than 40km,1,5,-4
E01001901,40km to less than 60km,1,4,-3
E01001901,5km to less than 10km,116,401,-285
E01001901,60km and over,3,8,-5
E01001901,Less than 2km,48,101,-53
E01001901,"Works mainly at an offshore installation, in no fixed place, or outside the UK",52,69,-17
E01001901,Works mainly from home,610,86,524
E01001902,10km to less than 20km,24,93,-69
E01001902,20km to less than 30km,10,17,-7
E01001902,2km to less than 5km,98,190,-92
E01001902,30km to less than 40km,0,5,-5
E01001902,40km to less than 60km,1,4,-3
E01001902,5km to less than 10km,130,427,-297
E01001902,60km and over,3,17,-14
E01001902,Less than 2km,85,131,-46
E01001902,"Works mainly at an offshore installation, in no fixed place, or outside the UK",92,88,4
E01001902,Works mainly from home,587,84,503
E01001903,10km to less than 20km,17,47,-30
E01001903,20km to less than 30km,3,12,-9
E01001903,2km to less than 5km,102,176,-74
E01001903,30km to less than 40km,1,2,-1
E01001903,40km to less than 60km,1,4,-3
E01001903,5km to less than 10km,82,319,-237
E01001903,60km and over,7,12,-5
E01001903,Less than 2km,77,129,-52
E01001903,"Works mainly at an offshore installation, in no fixed place, or outside the UK",78,73,5
E01001903,Works mainly from home,389,73,316
E01001904,10km to less than 20km,27,107,-80
E01001904,20km to less than 30km,3,15,-12
E01001904,2km to less than 5km,88,164,-76
E01001904,30km to less than 40km,2,9,-7
E01001904,40km to less than 60km,3,9,-6
E01001904,5km to less than 10km,108,407,-299
E01001904,60km and over,4,11,-7
E01001904,Less than 2km,65,113,-48
E01001904,"Works mainly at an offshore installation, in no fixed place, or outside the UK",56,73,-17
E01001904,Works mainly from home,650,96,554
E01001905,10km to less than 20km,20,109,-89
E01001905,20km to less than 30km,5,21,-16
E01001905,2km to less than 5km,81,159,-78
E01001905,30km to less than 40km,1,1,0
E01001905,40km to less than 60km,2,12,-10
E01001905,5km to less than 10km,96,450,-354
E01001905,60km and over,6,8,-2
E01001905,Less than 2km,51,113,-62
E01001905,"Works mainly at an offshore installation, in no fixed place, or outside the UK",58,68,-10
E01001905,Works mainly from home,602,93,509
E01001906,10km to less than 20km,30,112,-82
E01001906,20km to less than 30km,10,17,-7
E01001906,2km to less than 5km,90,170,-80
E01001906,30km to less than 40km,0,11,-11
E01001906,40km to less than 60km,6,8,-2
E01001906,5km to less than 10km,106,402,-296
E01001906,60km and over,5,13,-8
E01001906,Less than 2km,51,79,-28
E01001906,"Works mainly at an offshore installation, in no fixed place, or outside the UK",48,80,-32
E01001906,Works mainly from home,538,90,448
E01001907,10km to less than 20km,15,81,-66
E01001907,20km to less than 30km,3,11,-8
E01001907,2km to less than 5km,61,117,-56
E01001907,30km to less than 40km,0,4,-4
E01001907,40km to less than 60km,0,8,-8
E01001907,5km to less than 10km,98,307,-209
E01001907,60km and over,3,7,-4
E01001907,Less than 2km,29,77,-48
E01001907,"Works mainly at an offshore installation, in no fixed place, or outside the UK",41,42,-1
E01001907,Works mainly from home,455,90,365
E01001908,10km to less than 20km,33,95,-62
E01001908,20km to less than 30km,3,10,-7
E01001908,2km to less than 5km,104,185,-81
E01001908,30km to less than 40km,4,4,0
E01001908,40km to less than 60km,2,9,-7
E01001908,5km to less than 10km,102,441,-339
E01001908,60km and over,1,17,-16
E01001908,Less than 2km,81,151,-70
E01001908,"Works mainly at an offshore installation, in no fixed place, or outside the UK",90,77,13
E01001908,Works mainly from home,506,103,403
E01001909,10km to less than 20km,26,59,-33
E01001909,20km to less than 30km,11,18,-7
E01001909,2km to less than 5km,126,230,-104
E01001909,30km to less than 40km,2,8,-6
E01001909,40km to less than 60km,0,9,-9
E01001909,5km to less than 10km,116,389,-273
E01001909,60km and over,8,17,-9
E01001909,Less than 2km,93,148,-55
E01001909,"Works mainly at an offshore installation, in no fixed place, or outside the UK",110,86,24
E01001909,Works mainly from home,541,80,461
E01001910,10km to less than 20km,27,92,-65
E01001910,20km to less than 30km,3,19,-16
E01001910,2km to less than 5km,93,202,-109
E01001910,30km to less than 40km,1,3,-2
E01001910,40km to less than 60km,1,2,-1
E01001910,5km to less than 10km,116,381,-265
E01001910,60km and over,0,20,-20
E01001910,Less than 2km,45,116,-71
E01001910,"Works mainly at an offshore installation, in no fixed place, or outside the UK",65,93,-28
E01001910,Works mainly from home,481,96,385
E01001911,10km to less than 20km,40,64,-24
E01001911,20km to less than 30km,13,14,-1
E01001911,2km to less than 5km,115,194,-79
E01001911,30km to less than 40km,1,2,-1
E01001911,40km to less than 60km,3,5,-2
E01001911,5km to less than 10km,74,233,-159
E01001911,60km and over,5,12,-7
E01001911,Less than 2km,119,115,4
E01001911,"Works mainly at an offshore installation, in no fixed place, or outside the UK",113,82,31
E01001911,Works mainly from home,255,63,192
E01001912,10km to less than 20km,20,46,-26
E01001912,20km to less than 30km,3,9,-6
E01001912,2km to less than 5km,102,157,-55
E01001912,30km to less than 40km,3,10,-7
E01001912,40km to less than 60km,0,0,0
E01001912,5km to less than 10km,74,160,-86
E01001912,60km and over,7,3,4
E01001912,Less than 2km,114,123,-9
E01001912,"Works mainly at an offshore installation, in no fixed place, or outside the UK",91,58,33
E01001912,Works mainly from home,168,58,110
E01001913,10km to less than 20km,37,124,-87
E01001913,20km to less than 30km,8,12,-4
E01001913,2km to less than 5km,86,175,-89
E01001913,30km to less than 40km,1,4,-3
E01001913,40km to less than 60km,2,11,-9
E01001913,5km to less than 10km,100,592,-492
E01001913,60km and over,3,13,-10
E01001913,Less than 2km,47,95,-48
E01001913,"Works mainly at an offshore installation, in no fixed place, or outside the UK",39,69,-30
E01001913,Works mainly from home,640,90,550
E01001914,10km to less than 20km,33,104,-71
E01001914,20km to less than 30km,5,11,-6
E01001914,2km to less than 5km,123,218,-95
E01001914,30km to less than 40km,2,15,-13
E01001914,40km to less than 60km,4,13,-9
E01001914,5km to less than 10km,102,434,-332
E01001914,60km and over,2,7,-5
E01001914,Less than 2km,79,162,-83
E01001914,"Works mainly at an offshore installation, in no fixed place, or outside the UK",111,101,10
E01001914,Works mainly from home,477,83,394
E01001915,10km to less than 20km,34,92,-58
E01001915,20km to less than 30km,6,18,-12
E01001915,2km to less than 5km,53,105,-52
E01001915,30km to less than 40km,0,4,-4
E01001915,40km to less than 60km,2,4,-2
E01001915,5km to less than 10km,99,296,-197
E01001915,60km and over,2,9,-7
E01001915,Less than 2km,39,53,-14
E01001915,"Works mainly at an offshore installation, in no fixed place, or outside the UK",47,48,-1
E01001915,Works mainly from home,464,109,355
E01001916,10km to less than 20km,14,71,-57
E01001916,20km to less than 30km,2,4,-2
E01001916,2km to less than 5km,47,78,-31
E01001916,30km to less than 40km,0,2,-2
E01001916,40km to less than 60km,3,8,-5
E01001916,5km to less than 10km,61,279,-218
E01001916,60km and over,2,6,-4
E01001916,Less than 2km,25,71,-46
E01001916,"Works mainly at an offshore installation, in no fixed place, or outside the UK",34,62,-28
E01001916,Works mainly from home,366,138,228
E01001917,10km to less than 20km,21,75,-54
E01001917,20km to less than 30km,6,12,-6
E01001917,2km to less than 5km,66,149,-83
E01001917,30km to less than 40km,3,4,-1
E01001917,40km to less than 60km,1,2,-1
E01001917,5km to less than 10km,67,241,-174
E01001917,60km and over,3,14,-11
E01001917,Less than 2km,61,103,-42
E01001917,"Works mainly at an offshore installation, in no fixed place, or outside the UK",73,85,-12
E01001917,Works mainly from home,429,97,332
E01001918,10km to less than 20km,23,110,-87
E01001918,20km to less than 30km,3,20,-17
E01001918,2km to less than 5km,80,155,-75
E01001918,30km to less than 40km,0,3,-3
E01001918,40km to less than 60km,0,4,-4
E01001918,5km to less than 10km,80,279,-199
E01001918,60km and over,3,8,-5
E01001918,Less than 2km,69,105,-36
E01001918,"Works mainly at an offshore installation, in no fixed place, or outside the UK",70,64,6
E01001918,Works mainly from home,490,100,390
E01001919,10km to less than 20km,27,114,-87
E01001919,20km to less than 30km,5,9,-4
E01001919,2km to less than 5km,74,126,-52
E01001919,30km to less than 40km,4,7,-3
E01001919,40km to less than 60km,1,4,-3
E01001919,5km to less than 10km,76,231,-155
E01001919,60km and over,2,6,-4
E01001919,Less than 2km,51,103,-52
E01001919,"Works mainly at an offshore installation, in no fixed place, or outside the UK",65,55,10
E01001919,Works mainly from home,462,130,332
E01001920,10km to less than 20km,31,53,-22
E01001920,20km to less than 30km,2,10,-8
E01001920,2km to less than 5km,89,153,-64
E01001920,30km to less than 40km,2,2,0
E01001920,40km to less than 60km,2,4,-2
E01001920,5km to less than 10km,82,257,-175
E01001920,60km and over,0,6,-6
E01001920,Less than 2km,95,118,-23
E01001920,"Works mainly at an offshore installation, in no fixed place, or outside the UK",76,67,9
E01001920,Works mainly from home,352,80,272
E01001921,10km to less than 20km,21,60,-39
E01001921,20km to less than 30km,0,9,-9
E01001921,2km to less than 5km,69,163,-94
E01001921,30km to less than 40km,2,7,-5
E01001921,40km to less than 60km,3,6,-3
E01001921,5km to less than 10km,95,340,-245
E01001921,60km and over,6,9,-3
E01001921,Less than 2km,55,73,-18
E01001921,"Works mainly at an offshore installation, in no fixed place, or outside the UK",49,57,-8
E01001921,Works mainly from home,483,133,350
E01001922,10km to less than 20km,18,52,-34
E01001922,20km to less than 30km,8,8,0
E01001922,2km to less than 5km,55,144,-89
E01001922,30km to less than 40km,4,6,-2
E01001922,40km to less than 60km,0,2,-2
E01001922,5km to less than 10km,99,376,-277
E01001922,60km and over,1,3,-2
E01001922,Less than 2km,59,86,-27
E01001922,"Works mainly at an offshore installation, in no fixed place, or outside the UK",57,65,-8
E01001922,Works mainly from home,546,129,417
E01001923,10km to less than 20km,12,55,-43
E01001923,20km to less than 30km,6,17,-11
E01001923,2km to less than 5km,94,161,-67
E01001923,30km to less than 40km,4,5,-1
E01001923,40km to less than 60km,1,11,-10
E01001923,5km to less than 10km,94,314,-220
E01001923,60km and over,4,4,0
E01001923,Less than 2km,50,82,-32
E01001923,"Works mainly at an offshore installation, in no fixed place, or outside the UK",62,65,-3
E01001923,Works mainly from home,517,109,408
E01001924,10km to less than 20km,26,64,-38
E01001924,20km to less than 30km,3,11,-8
E01001924,2km to less than 5km,66,152,-86
E01001924,30km to less than 40km,4,2,2
E01001924,40km to less than 60km,1,2,-1
E01001924,5km to less than 10km,98,402,-304
E01001924,60km and over,6,6,0
E01001924,Less than 2km,28,74,-46
E01001924,"Works mainly at an offshore installation, in no fixed place, or outside the UK",42,51,-9
E01001924,Works mainly from home,587,126,461
E01001925,10km to less than 20km,22,43,-21
E01001925,20km to less than 30km,2,11,-9
E01001925,2km to less than 5km,47,110,-63
E01001925,30km to less than 40km,3,2,1
E01001925,40km to less than 60km,0,8,-8
E01001925,5km to less than 10km,89,374,-285
E01001925,60km and over,5,5,0
E01001925,Less than 2km,55,91,-36
E01001925,"Works mainly at an offshore installation, in no fixed place, or outside the UK",45,44,1
E01001925,Works mainly from home,508,152,356
E01001926,10km to less than 20km,27,78,-51
E01001926,20km to less than 30km,4,11,-7
E01001926,2km to less than 5km,52,125,-73
E01001926,30km to less than 40km,1,5,-4
E01001926,40km to less than 60km,3,6,-3
E01001926,5km to less than 10km,93,405,-312
E01001926,60km and over,3,18,-15
E01001926,Less than 2km,38,60,-22
E01001926,"Works mainly at an offshore installation, in no fixed place, or outside the UK",41,49,-8
E01001926,Works mainly from home,517,119,398
E01001927,10km to less than 20km,32,119,-87
E01001927,20km to less than 30km,3,8,-5
E01001927,2km to less than 5km,45,102,-57
E01001927,30km to less than 40km,1,2,-1
E01001927,40km to less than 60km,0,9,-9
E01001927,5km to less than 10km,58,210,-152
E01001927,60km and over,3,4,-1
E01001927,Less than 2km,42,114,-72
E01001927,"Works mainly at an offshore installation, in no fixed place, or outside the UK",53,64,-11
E01001927,Works mainly from home,401,128,273
E01001928,10km to less than 20km,31,123,-92
E01001928,20km to less than 30km,2,7,-5
E01001928,2km to less than 5km,67,126,-59
E01001928,30km to less than 40km,3,6,-3
E01001928,40km to less than 60km,4,6,-2
E01001928,5km to less than 10km,96,280,-184
E01001928,60km and over,11,7,4
E01001928,Less than 2km,65,120,-55
E01001928,"Works mainly at an offshore installation, in no fixed place, or outside the UK",76,78,-2
E01001928,Works mainly from home,490,123,367
E01001929,10km to less than 20km,27,103,-76
E01001929,20km to less than 30km,4,9,-5
E01001929,2km to less than 5km,46,104,-58
E01001929,30km to less than 40km,1,0,1
E01001929,40km to less than 60km,0,6,-6
E01001929,5km to less than 10km,74,267,-193
E01001929,60km and over,4,12,-8
E01001929,Less than 2km,44,82,-38
E01001929,"Works mainly at an offshore installation, in no fixed place, or outside the UK",45,49,-4
E01001929,Works mainly from home,485,109,376
E01001930,10km to less than 20km,44,131,-87
E01001930,20km to less than 30km,7,22,-15
E01001930,2km to less than 5km,82,130,-48
E01001930,30km to less than 40km,0,5,-5
E01001930,40km to less than 60km,1,7,-6
E01001930,5km to less than 10km,94,276,-182
E01001930,60km and over,1,14,-13
E01001930,Less than 2km,66,117,-51
E01001930,"Works mainly at an offshore installation, in no fixed place, or outside the UK",79,85,-6
E01001930,Works mainly from home,438,103,335
E01001931,10km to less than 20km,34,118,-84
E01001931,20km to less than 30km,3,9,-6
E01001931,2km to less than 5km,76,139,-63
E01001931,30km to less than 40km,0,8,-8
E01001931,40km to less than 60km,0,2,-2
E01001931,5km to less than 10km,104,225,-121
E01001931,60km and over,4,12,-8
E01001931,Less than 2km,53,121,-68
E01001931,"Works mainly at an offshore installation, in no fixed place, or outside the UK",48,86,-38
E01001931,Works mainly from home,448,75,373
E01001932,10km to less than 20km,36,144,-108
E01001932,20km to less than 30km,1,9,-8
E01001932,2km to less than 5km,107,143,-36
E01001932,30km to less than 40km,2,4,-2
E01001932,40km to less than 60km,4,3,1
E01001932,5km to less than 10km,137,292,-155
E01001932,60km and over,3,13,-10
E01001932,Less than 2km,63,142,-79
E01001932,"Works mainly at an offshore installation, in no fixed place, or outside the UK",77,90,-13
E01001932,Works mainly from home,497,116,381
E01001933,10km to less than 20km,29,111,-82
E01001933,20km to less than 30km,8,14,-6
E01001933,2km to less than 5km,56,85,-29
E01001933,30km to less than 40km,2,3,-1
E01001933,40km to less than 60km,1,2,-1
E01001933,5km to less than 10km,80,201,-121
E01001933,60km and over,1,9,-8
E01001933,Less than 2km,50,104,-54
E01001933,"Works mainly at an offshore installation, in no fixed place, or outside the UK",68,41,27
E01001933,Works mainly from home,477,133,344
E01001934,10km to less than 20km,25,57,-32
E01001934,20km to less than 30km,3,11,-8
E01001934,2km to less than 5km,114,133,-19
E01001934,30km to less than 40km,2,9,-7
E01001934,40km to less than 60km,2,2,0
E01001934,5km to less than 10km,131,267,-136
E01001934,60km and over,9,7,2
E01001934,Less than 2km,102,118,-16
E01001934,"Works mainly at an offshore installation, in no fixed place, or outside the UK",102,75,27
E01001934,Works mainly from home,445,88,357
E01001935,10km to less than 20km,26,88,-62
E01001935,20km to less than 30km,8,19,-11
E01001935,2km to less than 5km,116,277,-161
E01001935,30km to less than 40km,1,7,-6
E01001935,40km to less than 60km,0,4,-4
E01001935,5km to less than 10km,143,631,-488
E01001935,60km and over,7,19,-12
E01001935,Less than 2km,91,163,-72
E01001935,"Works mainly at an offshore installation, in no fixed place, or outside the UK",86,105,-19
E01001935,Works mainly from home,682,131,551
E01001937,10km to less than 20km,31,57,-26
E01001937,20km to less than 30km,3,16,-13
E01001937,2km to less than 5km,99,156,-57
E01001937,30km to less than 40km,1,8,-7
E01001937,40km to less than 60km,3,8,-5
E01001937,5km to less than 10km,105,349,-244
E01001937,60km and over,1,10,-9
E01001937,Less than 2km,62,98,-36
E01001937,"Works mainly at an offshore installation, in no fixed place, or outside the UK",70,46,24
E01001937,Works mainly from home,598,109,489
E01001938,10km to less than 20km,35,57,-22
E01001938,20km to less than 30km,5,14,-9
E01001938,2km to less than 5km,122,182,-60
E01001938,30km to less than 40km,2,5,-3
E01001938,40km to less than 60km,2,1,1
E01001938,5km to less than 10km,103,286,-183
E01001938,60km and over,2,15,-13
E01001938,Less than 2km,73,94,-21
E01001938,"Works mainly at an offshore installation, in no fixed place, or outside the UK",78,51,27
E01001938,Works mainly from home,380,63,317
E01001940,10km to less than 20km,32,91,-59
E01001940,20km to less than 30km,3,12,-9
E01001940,2km to less than 5km,89,134,-45
E01001940,30km to less than 40km,2,4,-2
E01001940,40km to less than 60km,8,2,6
E01001940,5km to less than 10km,98,285,-187
E01001940,60km and over,2,13,-11
E01001940,Less than 2km,107,149,-42
E01001940,"Works mainly at an offshore installation, in no fixed place, or outside the UK",80,90,-10
E01001940,Works mainly from home,360,63,297
E01001941,10km to less than 20km,44,132,-88
E01001941,20km to less than 30km,6,16,-10
E01001941,2km to less than 5km,125,184,-59
E01001941,30km to less than 40km,0,5,-5
E01001941,40km to less than 60km,0,3,-3
E01001941,5km to less than 10km,164,401,-237
E01001941,60km and over,5,8,-3
E01001941,Less than 2km,113,187,-74
E01001941,"Works mainly at an offshore installation, in no fixed place, or outside the UK",95,104,-9
E01001941,Works mainly from home,483,110,373
E01001942,10km to less than 20km,46,132,-86
E01001942,20km to less than 30km,3,14,-11
E01001942,2km to less than 5km,140,185,-45
E01001942,30km to less than 40km,4,11,-7
E01001942,40km to less than 60km,2,6,-4
E01001942,5km to less than 10km,128,348,-220
E01001942,60km and over,1,12,-11
E01001942,Less than 2km,117,177,-60
E01001942,"Works mainly at an offshore installation, in no fixed place, or outside the UK",134,125,9
E01001942,Works mainly from home,534,113,421
E01001943,10km to less than 20km,50,89,-39
E01001943,20km to less than 30km,7,19,-12
E01001943,2km to less than 5km,121,204,-83
E01001943,30km to less than 40km,3,3,0
E01001943,40km to less than 60km,1,4,-3
E01001943,5km to less than 10km,169,380,-211
E01001943,60km and over,12,12,0
E01001943,Less than 2km,143,191,-48
E01001943,"Works mainly at an offshore installation, in no fixed place, or outside the UK",144,118,26
E01001943,Works mainly from home,579,115,464
E01001944,10km to less than 20km,33,52,-19
E01001944,20km to less than 30km,6,5,1
E01001944,2km to less than 5km,91,185,-94
E01001944,30km to less than 40km,0,2,-2
E01001944,40km to less than 60km,2,2,0
E01001944,5km to less than 10km,77,159,-82
E01001944,60km and over,2,10,-8
E01001944,Less than 2km,93,129,-36
E01001944,"Works mainly at an offshore installation, in no fixed place, or outside the UK",133,81,52
E01001944,Works mainly from home,219,56,163
E01001945,10km to less than 20km,35,113,-78
E01001945,20km to less than 30km,10,14,-4
E01001945,2km to less than 5km,104,163,-59
E01001945,30km to less than 40km,0,4,-4
E01001945,40km to less than 60km,1,6,-5
E01001945,5km to less than 10km,104,347,-243
E01001945,60km and over,6,11,-5
E01001945,Less than 2km,90,169,-79
E01001945,"Works mainly at an offshore installation, in no fixed place, or outside the UK",115,97,18
E01001945,Works mainly from home,492,94,398
E01001946,10km to less than 20km,38,104,-66
E01001946,20km to less than 30km,8,13,-5
E01001946,2km to less than 5km,115,175,-60
E01001946,30km to less than 40km,3,7,-4
E01001946,40km to less than 60km,6,3,3
E01001946,5km to less than 10km,138,309,-171
E01001946,60km and over,5,8,-3
E01001946,Less than 2km,95,151,-56
E01001946,"Works mainly at an offshore installation, in no fixed place, or outside the UK",127,93,34
E01001946,Works mainly from home,560,87,473
E01001947,10km to less than 20km,24,39,-15
E01001947,20km to less than 30km,5,8,-3
E01001947,2km to less than 5km,93,141,-48
E01001947,30km to less than 40km,3,1,2
E01001947,40km to less than 60km,1,6,-5
E01001947,5km to less than 10km,85,168,-83
E01001947,60km and over,5,8,-3
E01001947,Less than 2km,94,119,-25
E01001947,"Works mainly at an offshore installation, in no fixed place, or outside the UK",95,61,34
E01001947,Works mainly from home,209,44,165
E01001948,10km to less than 20km,36,106,-70
E01001948,20km to less than 30km,6,11,-5
E01001948,2km to less than 5km,74,203,-129
E01001948,30km to less than 40km,3,6,-3
E01001948,40km to less than 60km,0,3,-3
E01001948,5km to less than 10km,128,560,-432
E01001948,60km and over,5,11,-6
E01001948,Less than 2km,75,119,-44
E01001948,"Works mainly at an offshore installation, in no fixed place, or outside the UK",71,89,-18
E01001948,Works mainly from home,682,132,550
E01001949,10km to less than 20km,22,92,-70
E01001949,20km to less than 30km,5,6,-1
E01001949,2km to less than 5km,58,141,-83
E01001949,30km to less than 40km,3,3,0
E01001949,40km to less than 60km,1,10,-9
E01001949,5km to less than 10km,114,444,-330
E01001949,60km and over,4,13,-9
E01001949,Less than 2km,30,74,-44
E01001949,"Works mainly at an offshore installation, in no fixed place, or outside the UK",39,65,-26
E01001949,Works mainly from home,620,107,513
E01001950,10km to less than 20km,17,66,-49
E01001950,20km to less than 30km,6,8,-2
E01001950,2km to less than 5km,63,140,-77
E01001950,30km to less than 40km,1,8,-7
E01001950,40km to less than 60km,0,7,-7
E01001950,5km to less than 10km,98,451,-353
E01001950,60km and over,2,14,-12
E01001950,Less than 2km,41,87,-46
E01001950,"Works mainly at an offshore installation, in no fixed place, or outside the UK",47,53,-6
E01001950,Works mainly from home,566,119,447
E01001951,10km to less than 20km,25,90,-65
E01001951,20km to less than 30km,6,11,-5
E01001951,2km to less than 5km,73,135,-62
E01001951,30km to less than 40km,0,4,-4
E01001951,40km to less than 60km,1,5,-4
E01001951,5km to less than 10km,102,438,-336
E01001951,60km and over,6,9,-3
E01001951,Less than 2km,51,98,-47
E01001951,"Works mainly at an offshore installation, in no fixed place, or outside the UK",67,67,0
E01001951,Works mainly from home,550,120,430
E01001952,10km to less than 20km,30,154,-124
E01001952,20km to less than 30km,8,12,-4
E01001952,2km to less than 5km,123,174,-51
E01001952,30km to less than 40km,3,5,-2
E01001952,40km to less than 60km,5,10,-5
E01001952,5km to less than 10km,151,473,-322
E01001952,60km and over,5,11,-6
E01001952,Less than 2km,78,89,-11
E01001952,"Works mainly at an offshore installation, in no fixed place, or outside the UK",85,76,9
E01001952,Works mainly from home,614,125,489
E01001953,10km to less than 20km,23,57,-34
E01001953,20km to less than 30km,8,8,0
E01001953,2km to less than 5km,92,145,-53
E01001953,30km to less than 40km,4,5,-1
E01001953,40km to less than 60km,0,6,-6
E01001953,5km to less than 10km,107,317,-210
E01001953,60km and over,2,8,-6
E01001953,Less than 2km,106,123,-17
E01001953,"Works mainly at an offshore installation, in no fixed place, or outside the UK",77,70,7
E01001953,Works mainly from home,432,55,377
E01001954,10km to less than 20km,34,104,-70
E01001954,20km to less than 30km,3,18,-15
E01001954,2km to less than 5km,84,126,-42
E01001954,30km to less than 40km,4,6,-2
E01001954,40km to less than 60km,0,4,-4
E01001954,5km to less than 10km,99,215,-116
E01001954,60km and over,5,6,-1
E01001954,Less than 2km,86,124,-38
E01001954,"Works mainly at an offshore installation, in no fixed place, or outside the UK",85,81,4
E01001954,Works mainly from home,332,60,272
E01001955,10km to less than 20km,38,92,-54
E01001955,20km to less than 30km,6,10,-4
E01001955,2km to less than 5km,140,151,-11
E01001955,30km to less than 40km,0,1,-1
E01001955,40km to less than 60km,1,4,-3
E01001955,5km to less than 10km,147,180,-33
E01001955,60km and over,13,8,5
E01001955,Less than 2km,133,112,21
E01001955,"Works mainly at an offshore installation, in no fixed place, or outside the UK",130,69,61
E01001955,Works mainly from home,361,56,305
E01001956,10km to less than 20km,30,98,-68
E01001956,20km to less than 30km,4,13,-9
E01001956,2km to less than 5km,91,140,-49
E01001956,30km to less than 40km,3,3,0
E01001956,40km to less than 60km,1,11,-10
E01001956,5km to less than 10km,124,218,-94
E01001956,60km and over,8,8,0
E01001956,Less than 2km,82,98,-16
E01001956,"Works mainly at an offshore installation, in no fixed place, or outside the UK",88,72,16
E01001956,Works mainly from home,302,73,229
E01001957,10km to less than 20km,27,77,-50
E01001957,20km to less than 30km,3,6,-3
E01001957,2km to less than 5km,100,156,-56
E01001957,30km to less than 40km,2,4,-2
E01001957,40km to less than 60km,2,5,-3
E01001957,5km to less than 10km,103,149,-46
E01001957,60km and over,9,10,-1
E01001957,Less than 2km,98,117,-19
E01001957,"Works mainly at an offshore installation, in no fixed place, or outside the UK",121,69,52
E01001957,Works mainly from home,152,32,120
E01001958,10km to less than 20km,61,69,-8
E01001958,20km to less than 30km,6,8,-2
E01001958,2km to less than 5km,121,172,-51
E01001958,30km to less than 40km,3,4,-1
E01001958,40km to less than 60km,1,3,-2
E01001958,5km to less than 10km,113,160,-47
E01001958,60km and over,7,8,-1
E01001958,Less than 2km,125,83,42
E01001958,"Works mainly at an offshore installation, in no fixed place, or outside the UK",147,77,70
E01001958,Works mainly from home,171,58,113
E01001959,10km to less than 20km,42,100,-58
E01001959,20km to less than 30km,6,12,-6
E01001959,2km to less than 5km,114,132,-18
E01001959,30km to less than 40km,1,4,-3
E01001959,40km to less than 60km,2,4,-2
E01001959,5km to less than 10km,121,185,-64
E01001959,60km and over,5,10,-5
E01001959,Less than 2km,78,92,-14
E01001959,"Works mainly at an offshore installation, in no fixed place, or outside the UK",144,69,75
E01001959,Works mainly from home,267,57,210
E01001960,10km to less than 20km,44,185,-141
E01001960,20km to less than 30km,4,22,-18
E01001960,2km to less than 5km,132,165,-33
E01001960,30km to less than 40km,3,9,-6
E01001960,40km to less than 60km,5,4,1
E01001960,5km to less than 10km,160,420,-260
E01001960,60km and over,5,18,-13
E01001960,Less than 2km,102,137,-35
E01001960,"Works mainly at an offshore installation, in no fixed place, or outside the UK",101,102,-1
E01001960,Works mainly from home,538,112,426
E01001961,10km to less than 20km,36,60,-24
E01001961,20km to less than 30km,1,9,-8
E01001961,2km to less than 5km,100,135,-35
E01001961,30km to less than 40km,3,2,1
E01001961,40km to less than 60km,2,1,1
E01001961,5km to less than 10km,107,144,-37
E01001961,60km and over,1,3,-2
E01001961,Less than 2km,103,88,15
E01001961,"Works mainly at an offshore installation, in no fixed place, or outside the UK",124,61,63
E01001961,Works mainly from home,125,39,86
E01001962,10km to less than 20km,56,187,-131
E01001962,20km to less than 30km,3,14,-11
E01001962,2km to less than 5km,49,98,-49
E01001962,30km to less than 40km,4,4,0
E01001962,40km to less than 60km,6,1,5
E01001962,5km to less than 10km,98,266,-168
E01001962,60km and over,2,6,-4
E01001962,Less than 2km,38,58,-20
E01001962,"Works mainly at an offshore installation, in no fixed place, or outside the UK",92,89,3
E01001962,Works mainly from home,481,131,350
E01001963,10km to less than 20km,42,203,-161
E01001963,20km to less than 30km,7,6,1
E01001963,2km to less than 5km,41,78,-37
E01001963,30km to less than 40km,4,7,-3
E01001963,40km to less than 60km,5,5,0
E01001963,5km to less than 10km,97,314,-217
E01001963,60km and over,3,11,-8
E01001963,Less than 2km,40,63,-23
E01001963,"Works mainly at an offshore installation, in no fixed place, or outside the UK",68,103,-35
E01001963,Works mainly from home,621,153,468
E01001964,10km to less than 20km,50,193,-143
E01001964,20km to less than 30km,10,24,-14
E01001964,2km to less than 5km,48,68,-20
E01001964,30km to less than 40km,2,9,-7
E01001964,40km to less than 60km,0,4,-4
E01001964,5km to less than 10km,106,344,-238
E01001964,60km and over,2,12,-10
E01001964,Less than 2km,43,68,-25
E01001964,"Works mainly at an offshore installation, in no fixed place, or outside the UK",84,100,-16
E01001964,Works mainly from home,485,122,363
E01001965,10km to less than 20km,48,205,-157
E01001965,20km to less than 30km,7,21,-14
E01001965,2km to less than 5km,48,86,-38
E01001965,30km to less than 40km,2,9,-7
E01001965,40km to less than 60km,2,1,1
E01001965,5km to less than 10km,80,325,-245
E01001965,60km and over,3,20,-17
E01001965,Less than 2km,45,69,-24
E01001965,"Works mainly at an offshore installation, in no fixed place, or outside the UK",53,69,-16
E01001965,Works mainly from home,535,115,420
E01001966,10km to less than 20km,33,125,-92
E01001966,20km to less than 30km,5,9,-4
E01001966,2km to less than 5km,23,71,-48
E01001966,30km to less than 40km,0,3,-3
E01001966,40km to less than 60km,4,2,2
E01001966,5km to less than 10km,78,267,-189
E01001966,60km and over,7,7,0
E01001966,Less than 2km,35,73,-38
E01001966,"Works mainly at an offshore installation, in no fixed place, or outside the UK",52,88,-36
E01001966,Works mainly from home,472,145,327
E01001967,10km to less than 20km,39,191,-152
E01001967,20km to less than 30km,4,15,-11
E01001967,2km to less than 5km,43,104,-61
E01001967,30km to less than 40km,4,7,-3
E01001967,40km to less than 60km,0,7,-7
E01001967,5km to less than 10km,77,373,-296
E01001967,60km and over,1,14,-13
E01001967,Less than 2km,28,80,-52
E01001967,"Works mainly at an offshore installation, in no fixed place, or outside the UK",52,112,-60
E01001967,Works mainly from home,500,179,321
E01001968,10km to less than 20km,54,141,-87
E01001968,20km to less than 30km,3,13,-10
E01001968,2km to less than 5km,69,77,-8
E01001968,30km to less than 40km,2,4,-2
E01001968,40km to less than 60km,0,6,-6
E01001968,5km to less than 10km,124,319,-195
E01001968,60km and over,2,6,-4
E01001968,Less than 2km,45,61,-16
E01001968,"Works mainly at an offshore installation, in no fixed place, or outside the UK",87,78,9
E01001968,Works mainly from home,525,155,370
E01001969,10km to less than 20km,117,285,-168
E01001969,20km to less than 30km,16,18,-2
E01001969,2km to less than 5km,88,93,-5
E01001969,30km to less than 40km,2,6,-4
E01001969,40km to less than 60km,1,10,-9
E01001969,5km to less than 10km,135,233,-98
E01001969,60km and over,5,6,-1
E01001969,Less than 2km,67,67,0
E01001969,"Works mainly at an offshore installation, in no fixed place, or outside the UK",200,159,41
E01001969,Works mainly from home,362,89,273
E01001970,10km to less than 20km,146,241,-95
E01001970,20km to less than 30km,22,32,-10
E01001970,2km to less than 5km,124,110,14
E01001970,30km to less than 40km,4,6,-2
E01001970,40km to less than 60km,2,4,-2
E01001970,5km to less than 10km,152,228,-76
E01001970,60km and over,9,7,2
E01001970,Less than 2km,54,61,-7
E01001970,"Works mainly at an offshore installation, in no fixed place, or outside the UK",182,143,39
E01001970,Works mainly from home,315,90,225
E01001971,10km to less than 20km,100,157,-57
E01001971,20km to less than 30km,16,12,4
E01001971,2km to less than 5km,100,93,7
E01001971,30km to less than 40km,3,6,-3
E01001971,40km to less than 60km,5,3,2
E01001971,5km to less than 10km,152,226,-74
E01001971,60km and over,4,7,-3
E01001971,Less than 2km,70,83,-13
E01001971,"Works mainly at an offshore installation, in no fixed place, or outside the UK",162,110,52
E01001971,Works mainly from home,247,100,147
E01001972,10km to less than 20km,67,185,-118
E01001972,20km to less than 30km,12,19,-7
E01001972,2km to less than 5km,73,88,-15
E01001972,30km to less than 40km,1,2,-1
E01001972,40km to less than 60km,4,1,3
E01001972,5km to less than 10km,117,242,-125
E01001972,60km and over,7,9,-2
E01001972,Less than 2km,50,74,-24
E01001972,"Works mainly at an offshore installation, in no fixed place, or outside the UK",153,114,39
E01001972,Works mainly from home,334,87,247
E01001973,10km to less than 20km,158,380,-222
E01001973,20km to less than 30km,9,29,-20
E01001973,2km to less than 5km,137,121,16
E01001973,30km to less than 40km,2,12,-10
E01001973,40km to less than 60km,3,6,-3
E01001973,5km to less than 10km,144,259,-115
E01001973,60km and over,9,20,-11
E01001973,Less than 2km,53,76,-23
E01001973,"Works mainly at an offshore installation, in no fixed place, or outside the UK",203,138,65
E01001973,Works mainly from home,523,118,405
E01001974,10km to less than 20km,162,392,-230
E01001974,20km to less than 30km,10,31,-21
E01001974,2km to less than 5km,132,126,6
E01001974,30km to less than 40km,0,5,-5
E01001974,40km to less than 60km,5,5,0
E01001974,5km to less than 10km,141,302,-161
E01001974,60km and over,3,19,-16
E01001974,Less than 2km,51,73,-22
E01001974,"Works mainly at an offshore installation, in no fixed place, or outside the UK",247,207,40
E01001974,Works mainly from home,543,113,430
E01001975,10km to less than 20km,152,360,-208
E01001975,20km to less than 30km,11,25,-14
E01001975,2km to less than 5km,97,90,7
E01001975,30km to less than 40km,3,0,3
E01001975,40km to less than 60km,3,7,-4
E01001975,5km to less than 10km,157,208,-51
E01001975,60km and over,3,10,-7
E01001975,Less than 2km,44,70,-26
E01001975,"Works mainly at an offshore installation, in no fixed place, or outside the UK",207,163,44
E01001975,Works mainly from home,359,69,290
E01001976,10km to less than 20km,89,153,-64
E01001976,20km to less than 30km,26,23,3
E01001976,2km to less than 5km,86,112,-26
E01001976,30km to less than 40km,1,1,0
E01001976,40km to less than 60km,4,1,3
E01001976,5km to less than 10km,151,223,-72
E01001976,60km and over,11,14,-3
E01001976,Less than 2km,79,81,-2
E01001976,"Works mainly at an offshore installation, in no fixed place, or outside the UK",222,150,72
E01001976,Works mainly from home,238,62,176
E01001977,10km to less than 20km,88,118,-30
E01001977,20km to less than 30km,6,16,-10
E01001977,2km to less than 5km,67,87,-20
E01001977,30km to less than 40km,4,2,2
E01001977,40km to less than 60km,2,0,2
E01001977,5km to less than 10km,139,169,-30
E01001977,60km and over,4,7,-3
E01001977,Less than 2km,67,67,0
E01001977,"Works mainly at an offshore installation, in no fixed place, or outside the UK",177,118,59
E01001977,Works mainly from home,188,51,137
E01001978,10km to less than 20km,143,109,34
E01001978,20km to less than 30km,17,17,0
E01001978,2km to less than 5km,82,79,3
E01001978,30km to less than 40km,10,5,5
E01001978,40km to less than 60km,2,2,0
E01001978,5km to less than 10km,162,154,8
E01001978,60km and over,11,7,4
E01001978,Less than 2km,92,64,28
E01001978,"Works mainly at an offshore installation, in no fixed place, or outside the UK",222,138,84
E01001978,Works mainly from home,171,65,106
E01001979,10km to less than 20km,117,151,-34
E01001979,20km to less than 30km,21,13,8
E01001979,2km to less than 5km,111,116,-5
E01001979,30km to less than 40km,7,8,-1
E01001979,40km to less than 60km,10,3,7
E01001979,5km to less than 10km,222,226,-4
E01001979,60km and over,12,7,5
E01001979,Less than 2km,106,92,14
E01001979,"Works mainly at an offshore installation, in no fixed place, or outside the UK",210,131,79
E01001979,Works mainly from home,290,78,212
E01001980,10km to less than 20km,115,152,-37
E01001980,20km to less than 30km,11,22,-11
E01001980,2km to less than 5km,78,111,-33
E01001980,30km to less than 40km,4,5,-1
E01001980,40km to less than 60km,6,2,4
E01001980,5km to less than 10km,145,281,-136
E01001980,60km and over,10,11,-1
E01001980,Less than 2km,68,89,-21
E01001980,"Works mainly at an offshore installation, in no fixed place, or outside the UK",196,153,43
E01001980,Works mainly from home,315,79,236
E01001981,10km to less than 20km,139,107,32
E01001981,20km to less than 30km,21,14,7
E01001981,2km to less than 5km,72,101,-29
E01001981,30km to less than 40km,5,1,4
E01001981,40km to less than 60km,4,4,0
E01001981,5km to less than 10km,192,251,-59
E01001981,60km and over,10,9,1
E01001981,Less than 2km,60,79,-19
E01001981,"Works mainly at an offshore installation, in no fixed place, or outside the UK",257,155,102
E01001981,Works mainly from home,241,71,170
E01001982,10km to less than 20km,71,135,-64
E01001982,20km to less than 30km,18,21,-3
E01001982,2km to less than 5km,89,136,-47
E01001982,30km to less than 40km,2,6,-4
E01001982,40km to less than 60km,3,9,-6
E01001982,5km to less than 10km,158,253,-95
E01001982,60km and over,12,7,5
E01001982,Less than 2km,58,85,-27
E01001982,"Works mainly at an offshore installation, in no fixed place, or outside the UK",202,152,50
E01001982,Works mainly from home,298,71,227
E01001983,10km to less than 20km,76,142,-66
E01001983,20km to less than 30km,9,13,-4
E01001983,2km to less than 5km,87,99,-12
E01001983,30km to less than 40km,1,1,0
E01001983,40km to less than 60km,3,0,3
E01001983,5km to less than 10km,159,281,-122
E01001983,60km and over,9,16,-7
E01001983,Less than 2km,66,80,-14
E01001983,"Works mainly at an offshore installation, in no fixed place, or outside the UK",150,99,51
E01001983,Works mainly from home,318,60,258
E01001984,10km to less than 20km,23,81,-58
E01001984,20km to less than 30km,8,19,-11
E01001984,2km to less than 5km,75,133,-58
E01001984,30km to less than 40km,3,5,-2
E01001984,40km to less than 60km,2,5,-3
E01001984,5km to less than 10km,133,438,-305
E01001984,60km and over,6,14,-8
E01001984,Less than 2km,42,60,-18
E01001984,"Works mainly at an offshore installation, in no fixed place, or outside the UK",90,107,-17
E01001984,Works mainly from home,623,157,466
E01001985,10km to less than 20km,28,81,-53
E01001985,20km to less than 30km,2,19,-17
E01001985,2km to less than 5km,47,100,-53
E01001985,30km to less than 40km,4,3,1
E01001985,40km to less than 60km,2,1,1
E01001985,5km to less than 10km,109,514,-405
E01001985,60km and over,3,12,-9
E01001985,Less than 2km,38,48,-10
E01001985,"Works mainly at an offshore installation, in no fixed place, or outside the UK",64,91,-27
E01001985,Works mainly from home,610,155,455
E01001986,10km to less than 20km,22,87,-65
E01001986,20km to less than 30km,9,15,-6
E01001986,2km to less than 5km,56,112,-56
E01001986,30km to less than 40km,2,8,-6
E01001986,40km to less than 60km,2,4,-2
E01001986,5km to less than 10km,108,454,-346
E01001986,60km and over,2,10,-8
E01001986,Less than 2km,32,63,-31
E01001986,"Works mainly at an offshore installation, in no fixed place, or outside the UK",79,113,-34
E01001986,Works mainly from home,550,136,414
E01001987,10km to less than 20km,22,86,-64
E01001987,20km to less than 30km,9,16,-7
E01001987,2km to less than 5km,52,114,-62
E01001987,30km to less than 40km,4,6,-2
E01001987,40km to less than 60km,3,7,-4
E01001987,5km to less than 10km,126,524,-398
E01001987,60km and over,4,12,-8
E01001987,Less than 2km,30,65,-35
E01001987,"Works mainly at an offshore installation, in no fixed place, or outside the UK",52,92,-40
E01001987,Works mainly from home,672,175,497
E01001988,10km to less than 20km,31,110,-79
E01001988,20km to less than 30km,6,16,-10
E01001988,2km to less than 5km,74,125,-51
E01001988,30km to less than 40km,1,14,-13
E01001988,40km to less than 60km,4,9,-5
E01001988,5km to less than 10km,158,494,-336
E01001988,60km and over,2,12,-10
E01001988,Less than 2km,42,73,-31
E01001988,"Works mainly at an offshore installation, in no fixed place, or outside the UK",69,108,-39
E01001988,Works mainly from home,619,158,461
E01001989,10km to less than 20km,26,97,-71
E01001989,20km to less than 30km,8,26,-18
E01001989,2km to less than 5km,56,90,-34
E01001989,30km to less than 40km,2,6,-4
E01001989,40km to less than 60km,2,3,-1
E01001989,5km to less than 10km,94,441,-347
E01001989,60km and over,5,18,-13
E01001989,Less than 2km,43,89,-46
E01001989,"Works mainly at an offshore installation, in no fixed place, or outside the UK",63,96,-33
E01001989,Works mainly from home,640,133,507
E01001990,10km to less than 20km,40,128,-88
E01001990,20km to less than 30km,10,22,-12
E01001990,2km to less than 5km,84,149,-65
E01001990,30km to less than 40km,5,9,-4
E01001990,40km to less than 60km,1,5,-4
E01001990,5km to less than 10km,194,709,-515
E01001990,60km and over,8,12,-4
E01001990,Less than 2km,105,89,16
E01001990,"Works mainly at an offshore installation, in no fixed place, or outside the UK",111,192,-81
E01001990,Works mainly from home,742,173,569
E01001991,10km to less than 20km,48,181,-133
E01001991,20km to less than 30km,8,14,-6
E01001991,2km to less than 5km,41,77,-36
E01001991,30km to less than 40km,0,10,-10
E01001991,40km to less than 60km,3,5,-2
E01001991,5km to less than 10km,140,396,-256
E01001991,60km and over,5,13,-8
E01001991,Less than 2km,43,53,-10
E01001991,"Works mainly at an offshore installation, in no fixed place, or outside the UK",76,92,-16
E01001991,Works mainly from home,552,141,411
E01001992,10km to less than 20km,61,116,-55
E01001992,20km to less than 30km,4,26,-22
E01001992,2km to less than 5km,56,81,-25
E01001992,30km to less than 40km,0,3,-3
E01001992,40km to less than 60km,0,5,-5
E01001992,5km to less than 10km,105,368,-263
E01001992,60km and over,8,11,-3
E01001992,Less than 2km,23,62,-39
E01001992,"Works mainly at an offshore installation, in no fixed place, or outside the UK",52,68,-16
E01001992,Works mainly from home,548,159,389
E01001993,10km to less than 20km,23,133,-110
E01001993,20km to less than 30km,4,14,-10
E01001993,2km to less than 5km,45,69,-24
E01001993,30km to less than 40km,0,5,-5
E01001993,40km to less than 60km,0,7,-7
E01001993,5km to less than 10km,95,309,-214
E01001993,60km and over,4,14,-10
E01001993,Less than 2km,19,52,-33
E01001993,"Works mainly at an offshore installation, in no fixed place, or outside the UK",34,46,-12
E01001993,Works mainly from home,572,137,435
E01001994,10km to less than 20km,49,115,-66
E01001994,20km to less than 30km,6,25,-19
E01001994,2km to less than 5km,79,136,-57
E01001994,30km to less than 40km,3,7,-4
E01001994,40km to less than 60km,1,6,-5
E01001994,5km to less than 10km,144,439,-295
E01001994,60km and over,5,14,-9
E01001994,Less than 2km,28,48,-20
E01001994,"Works mainly at an offshore installation, in no fixed place, or outside the UK",84,85,-1
E01001994,Works mainly from home,545,123,422
E01001995,10km to less than 20km,128,222,-94
E01001995,20km to less than 30km,17,25,-8
E01001995,2km to less than 5km,90,129,-39
E01001995,30km to less than 40km,4,12,-8
E01001995,40km to less than 60km,2,7,-5
E01001995,5km to less than 10km,189,290,-101
E01001995,60km and over,10,13,-3
E01001995,Less than 2km,70,109,-39
E01001995,"Works mainly at an offshore installation, in no fixed place, or outside the UK",189,127,62
E01001995,Works mainly from home,564,117,447
E01001996,10km to less than 20km,38,163,-125
E01001996,20km to less than 30km,6,9,-3
E01001996,2km to less than 5km,54,110,-56
E01001996,30km to less than 40km,3,1,2
E01001996,40km to less than 60km,4,8,-4
E01001996,5km to less than 10km,94,347,-253
E01001996,60km and over,2,9,-7
E01001996,Less than 2km,35,56,-21
E01001996,"Works mainly at an offshore installation, in no fixed place, or outside the UK",91,95,-4
E01001996,Works mainly from home,452,103,349
E01001997,10km to less than 20km,61,170,-109
E01001997,20km to less than 30km,6,10,-4
E01001997,2km to less than 5km,71,69,2
E01001997,30km to less than 40km,5,12,-7
E01001997,40km to less than 60km,5,6,-1
E01001997,5km to less than 10km,126,431,-305
E01001997,60km and over,7,10,-3
E01001997,Less than 2km,50,55,-5
E01001997,"Works mainly at an offshore installation, in no fixed place, or outside the UK",105,113,-8
E01001997,Works mainly from home,554,130,424
E01001998,10km to less than 20km,78,166,-88
E01001998,20km to less than 30km,11,18,-7
E01001998,2km to less than 5km,73,130,-57
E01001998,30km to less than 40km,4,15,-11
E01001998,40km to less than 60km,2,8,-6
E01001998,5km to less than 10km,216,559,-343
E01001998,60km and over,9,17,-8
E01001998,Less than 2km,60,79,-19
E01001998,"Works mainly at an offshore installation, in no fixed place, or outside the UK",161,173,-12
E01001998,Works mainly from home,576,89,487
E01001999,10km to less than 20km,102,131,-29
E01001999,20km to less than 30km,19,16,3
E01001999,2km to less than 5km,104,123,-19
E01001999,30km to less than 40km,2,4,-2
E01001999,40km to less than 60km,1,5,-4
E01001999,5km to less than 10km,254,522,-268
E01001999,60km and over,8,6,2
E01001999,Less than 2km,74,72,2
E01001999,"Works mainly at an offshore installation, in no fixed place, or outside the UK",173,149,24
E01001999,Works mainly from home,595,105,490
E01002000,10km to less than 20km,53,127,-74
E01002000,20km to less than 30km,10,13,-3
E01002000,2km to less than 5km,90,90,0
E01002000,30km to less than 40km,1,5,-4
E01002000,40km to less than 60km,1,2,-1
E01002000,5km to less than 10km,204,485,-281
E01002000,60km and over,7,13,-6
E01002000,Less than 2km,33,57,-24
E01002000,"Works mainly at an offshore installation, in no fixed place, or outside the UK",135,114,21
E01002000,Works mainly from home,538,78,460
E01002001,10km to less than 20km,34,116,-82
E01002001,20km to less than 30km,9,25,-16
E01002001,2km to less than 5km,76,106,-30
E01002001,30km to less than 40km,0,9,-9
E01002001,40km to less than 60km,2,2,0
E01002001,5km to less than 10km,158,486,-328
E01002001,60km and over,4,16,-12
E01002001,Less than 2km,33,52,-19
E01002001,"Works mainly at an offshore installation, in no fixed place, or outside the UK",133,115,18
E01002001,Works mainly from home,584,78,506
E01002002,10km to less than 20km,42,98,-56
E01002002,20km to less than 30km,9,23,-14
E01002002,2km to less than 5km,87,140,-53
E01002002,30km to less than 40km,4,2,2
E01002002,40km to less than 60km,4,9,-5
E01002002,5km to less than 10km,200,496,-296
E01002002,60km and over,4,10,-6
E01002002,Less than 2km,45,52,-7
E01002002,"Works mainly at an offshore installation, in no fixed place, or outside the UK",145,114,31
E01002002,Works mainly from home,472,94,378
E01002003,10km to less than 20km,127,115,12
E01002003,20km to less than 30km,16,24,-8
E01002003,2km to less than 5km,142,134,8
E01002003,30km to less than 40km,1,4,-3
E01002003,40km to less than 60km,4,0,4
E01002003,5km to less than 10km,299,416,-117
E01002003,60km and over,7,19,-12
E01002003,Less than 2km,107,101,6
E01002003,"Works mainly at an offshore installation, in no fixed place, or outside the UK",234,148,86
E01002003,Works mainly from home,477,82,395
E01002004,10km to less than 20km,57,142,-85
E01002004,20km to less than 30km,19,19,0
E01002004,2km to less than 5km,87,115,-28
E01002004,30km to less than 40km,4,7,-3
E01002004,40km to less than 60km,3,7,-4
E01002004,5km to less than 10km,165,435,-270
E01002004,60km and over,5,16,-11
E01002004,Less than 2km,62,88,-26
E01002004,"Works mainly at an offshore installation, in no fixed place, or outside the UK",133,120,13
E01002004,Works mainly from home,525,84,441
E01002005,10km to less than 20km,23,78,-55
E01002005,20km to less than 30km,8,11,-3
E01002005,2km to less than 5km,51,152,-101
E01002005,30km to less than 40km,1,6,-5
E01002005,40km to less than 60km,0,5,-5
E01002005,5km to less than 10km,140,662,-522
E01002005,60km and over,4,18,-14
E01002005,Less than 2km,33,59,-26
E01002005,"Works mainly at an offshore installation, in no fixed place, or outside the UK",85,129,-44
E01002005,Works mainly from home,689,112,577
E01002006,10km to less than 20km,31,93,-62
E01002006,20km to less than 30km,3,18,-15
E01002006,2km to less than 5km,55,110,-55
E01002006,30km to less than 40km,0,11,-11
E01002006,40km to less than 60km,0,4,-4
E01002006,5km to less than 10km,128,567,-439
E01002006,60km and over,8,19,-11
E01002006,Less than 2km,48,50,-2
E01002006,"Works mainly at an offshore installation, in no fixed place, or outside the UK",89,87,2
E01002006,Works mainly from home,628,113,515
E01002007,10km to less than 20km,21,76,-55
E01002007,20km to less than 30km,3,16,-13
E01002007,2km to less than 5km,33,88,-55
E01002007,30km to less than 40km,4,7,-3
E01002007,40km to less than 60km,1,3,-2
E01002007,5km to less than 10km,97,525,-428
E01002007,60km and over,4,10,-6
E01002007,Less than 2km,22,43,-21
E01002007,"Works mainly at an offshore installation, in no fixed place, or outside the UK",55,83,-28
E01002007,Works mainly from home,566,136,430
E01002008,10km to less than 20km,10,32,-22
E01002008,20km to less than 30km,6,9,-3
E01002008,2km to less than 5km,33,82,-49
E01002008,30km to less than 40km,1,0,1
E01002008,40km to less than 60km,2,3,-1
E01002008,5km to less than 10km,65,339,-274
E01002008,60km and over,2,11,-9
E01002008,Less than 2km,31,66,-35
E01002008,"Works mainly at an offshore installation, in no fixed place, or outside the UK",36,45,-9
E01002008,Works mainly from home,405,173,232
E01002009,10km to less than 20km,24,63,-39
E01002009,20km to less than 30km,5,13,-8
E01002009,2km to less than 5km,44,115,-71
E01002009,30km to less than 40km,2,8,-6
E01002009,40km to less than 60km,2,6,-4
E01002009,5km to less than 10km,107,474,-367
E01002009,60km and over,5,18,-13
E01002009,Less than 2km,34,60,-26
E01002009,"Works mainly at an offshore installation, in no fixed place, or outside the UK",61,88,-27
E01002009,Works mainly from home,541,176,365
E01002010,10km to less than 20km,24,60,-36
E01002010,20km to less than 30km,4,13,-9
E01002010,2km to less than 5km,64,89,-25
E01002010,30km to less than 40km,0,11,-11
E01002010,40km to less than 60km,0,4,-4
E01002010,5km to less than 10km,111,374,-263
E01002010,60km and over,6,14,-8
E01002010,Less than 2km,33,63,-30
E01002010,"Works mainly at an offshore installation, in no fixed place, or outside the UK",51,81,-30
E01002010,Works mainly from home,475,144,331
E01002011,10km to less than 20km,32,83,-51
E01002011,20km to less than 30km,7,21,-14
E01002011,2km to less than 5km,77,98,-21
E01002011,30km to less than 40km,5,4,1
E01002011,40km to less than 60km,0,5,-5
E01002011,5km to less than 10km,147,486,-339
E01002011,60km and over,4,18,-14
E01002011,Less than 2km,50,63,-13
E01002011,"Works mainly at an offshore installation, in no fixed place, or outside the UK",59,88,-29
E01002011,Works mainly from home,606,157,449
E01002013,10km to less than 20km,26,113,-87
E01002013,20km to less than 30km,3,23,-20
E01002013,2km to less than 5km,44,108,-64
E01002013,30km to less than 40km,5,6,-1
E01002013,40km to less than 60km,0,5,-5
E01002013,5km to less than 10km,106,421,-315
E01002013,60km and over,7,7,0
E01002013,Less than 2km,34,90,-56
E01002013,"Works mainly at an offshore installation, in no fixed place, or outside the UK",63,79,-16
E01002013,Works mainly from home,485,108,377
E01002014,10km to less than 20km,41,121,-80
E01002014,20km to less than 30km,5,23,-18
E01002014,2km to less than 5km,73,93,-20
E01002014,30km to less than 40km,3,2,1
E01002014,40km to less than 60km,3,3,0
E01002014,5km to less than 10km,141,493,-352
E01002014,60km and over,4,8,-4
E01002014,Less than 2km,71,66,5
E01002014,"Works mainly at an offshore installation, in no fixed place, or outside the UK",106,93,13
E01002014,Works mainly from home,607,114,493
E01002015,10km to less than 20km,27,42,-15
E01002015,20km to less than 30km,7,14,-7
E01002015,2km to less than 5km,62,83,-21
E01002015,30km to less than 40km,2,4,-2
E01002015,40km to less than 60km,5,3,2
E01002015,5km to less than 10km,89,231,-142
E01002015,60km and over,1,9,-8
E01002015,Less than 2km,40,58,-18
E01002015,"Works mainly at an offshore installation, in no fixed place, or outside the UK",72,63,9
E01002015,Works mainly from home,379,65,314
E01002016,10km to less than 20km,51,129,-78
E01002016,20km to less than 30km,7,32,-25
E01002016,2km to less than 5km,111,100,11
E01002016,30km to less than 40km,2,2,0
E01002016,40km to less than 60km,2,4,-2
E01002016,5km to less than 10km,158,544,-386
E01002016,60km and over,5,22,-17
E01002016,Less than 2km,74,84,-10
E01002016,"Works mainly at an offshore installation, in no fixed place, or outside the UK",119,104,15
E01002016,Works mainly from home,580,113,467
E01002017,10km to less than 20km,39,104,-65
E01002017,20km to less than 30km,5,24,-19
E01002017,2km to less than 5km,75,100,-25
E01002017,30km to less than 40km,3,8,-5
E01002017,40km to less than 60km,6,3,3
E01002017,5km to less than 10km,107,490,-383
E01002017,60km and over,5,14,-9
E01002017,Less than 2km,40,96,-56
E01002017,"Works mainly at an offshore installation, in no fixed place, or outside the UK",86,99,-13
E01002017,Works mainly from home,522,105,417
E01002018,10km to less than 20km,28,97,-69
E01002018,20km to less than 30km,10,10,0
E01002018,2km to less than 5km,51,77,-26
E01002018,30km to less than 40km,0,0,0
E01002018,40km to less than 60km,1,2,-1
E01002018,5km to less than 10km,100,254,-154
E01002018,60km and over,3,9,-6
E01002018,Less than 2km,33,70,-37
E01002018,"Works mainly at an offshore installation, in no fixed place, or outside the UK",67,79,-12
E01002018,Works mainly from home,394,77,317
E01002019,10km to less than 20km,24,69,-45
E01002019,20km to less than 30km,6,21,-15
E01002019,2km to less than 5km,31,69,-38
E01002019,30km to less than 40km,0,3,-3
E01002019,40km to less than 60km,4,3,1
E01002019,5km to less than 10km,81,288,-207
E01002019,60km and over,3,13,-10
E01002019,Less than 2km,27,67,-40
E01002019,"Works mainly at an offshore installation, in no fixed place, or outside the UK",58,70,-12
E01002019,Works mainly from home,460,140,320
E01002020,10km to less than 20km,45,90,-45
E01002020,20km to less than 30km,8,19,-11
E01002020,2km to less than 5km,60,100,-40
E01002020,30km to less than 40km,2,5,-3
E01002020,40km to less than 60km,3,4,-1
E01002020,5km to less than 10km,158,396,-238
E01002020,60km and over,8,6,2
E01002020,Less than 2km,56,78,-22
E01002020,"Works mainly at an offshore installation, in no fixed place, or outside the UK",90,91,-1
E01002020,Works mainly from home,457,112,345
E01002021,10km to less than 20km,26,103,-77
E01002021,20km to less than 30km,2,26,-24
E01002021,2km to less than 5km,36,71,-35
E01002021,30km to less than 40km,1,2,-1
E01002021,40km to less than 60km,0,3,-3
E01002021,5km to less than 10km,92,322,-230
E01002021,60km and over,6,12,-6
E01002021,Less than 2km,26,64,-38
E01002021,"Works mainly at an offshore installation, in no fixed place, or outside the UK",60,71,-11
E01002021,Works mainly from home,452,134,318
E01002022,10km to less than 20km,57,162,-105
E01002022,20km to less than 30km,6,28,-22
E01002022,2km to less than 5km,79,98,-19
E01002022,30km to less than 40km,4,3,1
E01002022,40km to less than 60km,3,3,0
E01002022,5km to less than 10km,148,553,-405
E01002022,60km and over,1,38,-37
E01002022,Less than 2km,52,72,-20
E01002022,"Works mainly at an offshore installation, in no fixed place, or outside the UK",102,138,-36
E01002022,Works mainly from home,718,174,544
E01002023,10km to less than 20km,23,98,-75
E01002023,20km to less than 30km,3,14,-11
E01002023,2km to less than 5km,48,83,-35
E01002023,30km to less than 40km,0,5,-5
E01002023,40km to less than 60km,2,4,-2
E01002023,5km to less than 10km,89,336,-247
E01002023,60km and over,3,10,-7
E01002023,Less than 2km,30,60,-30
E01002023,"Works mainly at an offshore installation, in no fixed place, or outside the UK",59,61,-2
E01002023,Works mainly from home,423,132,291
E01002024,10km to less than 20km,15,91,-76
E01002024,20km to less than 30km,3,16,-13
E01002024,2km to less than 5km,45,90,-45
E01002024,30km to less than 40km,0,4,-4
E01002024,40km to less than 60km,1,4,-3
E01002024,5km to less than 10km,73,256,-183
E01002024,60km and over,1,7,-6
E01002024,Less than 2km,41,57,-16
E01002024,"Works mainly at an offshore installation, in no fixed place, or outside the UK",55,75,-20
E01002024,Works mainly from home,427,97,330
E01002025,10km to less than 20km,22,91,-69
E01002025,20km to less than 30km,3,14,-11
E01002025,2km to less than 5km,37,98,-61
E01002025,30km to less than 40km,3,6,-3
E01002025,40km to less than 60km,3,2,1
E01002025,5km to less than 10km,101,417,-316
E01002025,60km and over,4,13,-9
E01002025,Less than 2km,26,53,-27
E01002025,"Works mainly at an offshore installation, in no fixed place, or outside the UK",40,77,-37
E01002025,Works mainly from home,552,171,381
E01002026,10km to less than 20km,78,77,1
E01002026,20km to less than 30km,17,14,3
E01002026,2km to less than 5km,95,87,8
E01002026,30km to less than 40km,2,1,1
E01002026,40km to less than 60km,5,5,0
E01002026,5km to less than 10km,150,213,-63
E01002026,60km and over,2,11,-9
E01002026,Less than 2km,83,82,1
E01002026,"Works mainly at an offshore installation, in no fixed place, or outside the UK",169,75,94
E01002026,Works mainly from home,160,42,118
E01002027,10km to less than 20km,69,124,-55
E01002027,20km to less than 30km,18,11,7
E01002027,2km to less than 5km,60,90,-30
E01002027,30km to less than 40km,7,3,4
E01002027,40km to less than 60km,0,6,-6
E01002027,5km to less than 10km,156,299,-143
E01002027,60km and over,4,8,-4
E01002027,Less than 2km,53,55,-2
E01002027,"Works mainly at an offshore installation, in no fixed place, or outside the UK",160,108,52
E01002027,Works mainly from home,211,47,164
E01002028,10km to less than 20km,83,138,-55
E01002028,20km to less than 30km,5,17,-12
E01002028,2km to less than 5km,91,116,-25
E01002028,30km to less than 40km,6,2,4
E01002028,40km to less than 60km,1,1,0
E01002028,5km to less than 10km,141,335,-194
E01002028,60km and over,7,10,-3
E01002028,Less than 2km,64,84,-20
E01002028,"Works mainly at an offshore installation, in no fixed place, or outside the UK",160,130,30
E01002028,Works mainly from home,323,60,263
E01002029,10km to less than 20km,141,129,12
E01002029,20km to less than 30km,28,23,5
E01002029,2km to less than 5km,112,119,-7
E01002029,30km to less than 40km,2,1,1
E01002029,40km to less than 60km,1,0,1
E01002029,5km to less than 10km,269,268,1
E01002029,60km and over,6,13,-7
E01002029,Less than 2km,63,73,-10
E01002029,"Works mainly at an offshore installation, in no fixed place, or outside the UK",203,106,97
E01002029,Works mainly from home,264,47,217
E01002030,10km to less than 20km,69,110,-41
E01002030,20km to less than 30km,13,20,-7
E01002030,2km to less than 5km,66,84,-18
E01002030,30km to less than 40km,2,6,-4
E01002030,40km to less than 60km,6,7,-1
E01002030,5km to less than 10km,161,345,-184
E01002030,60km and over,5,11,-6
E01002030,Less than 2km,65,63,2
E01002030,"Works mainly at an offshore installation, in no fixed place, or outside the UK",149,119,30
E01002030,Works mainly from home,341,80,261
E01002031,10km to less than 20km,87,141,-54
E01002031,20km to less than 30km,9,22,-13
E01002031,2km to less than 5km,97,117,-20
E01002031,30km to less than 40km,8,6,2
E01002031,40km to less than 60km,2,3,-1
E01002031,5km to less than 10km,229,349,-120
E01002031,60km and over,11,17,-6
E01002031,Less than 2km,68,86,-18
E01002031,"Works mainly at an offshore installation, in no fixed place, or outside the UK",180,186,-6
E01002031,Works mainly from home,360,80,280
E01002032,10km to less than 20km,123,122,1
E01002032,20km to less than 30km,26,17,9
E01002032,2km to less than 5km,101,130,-29
E01002032,30km to less than 40km,7,5,2
E01002032,40km to less than 60km,4,7,-3
E01002032,5km to less than 10km,132,239,-107
E01002032,60km and over,4,4,0
E01002032,Less than 2km,61,82,-21
E01002032,"Works mainly at an offshore installation, in no fixed place, or outside the UK",216,150,66
E01002032,Works mainly from home,252,44,208
E01002033,10km to less than 20km,91,124,-33
E01002033,20km to less than 30km,7,22,-15
E01002033,2km to less than 5km,100,108,-8
E01002033,30km to less than 40km,2,4,-2
E01002033,40km to less than 60km,5,4,1
E01002033,5km to less than 10km,152,259,-107
E01002033,60km and over,6,9,-3
E01002033,Less than 2km,63,96,-33
E01002033,"Works mainly at an offshore installation, in no fixed place, or outside the UK",177,102,75
E01002033,Works mainly from home,269,68,201
E01002034,10km to less than 20km,146,150,-4
E01002034,20km to less than 30km,16,12,4
E01002034,2km to less than 5km,128,117,11
E01002034,30km to less than 40km,5,10,-5
E01002034,40km to less than 60km,4,3,1
E01002034,5km to less than 10km,182,119,63
E01002034,60km and over,19,8,11
E01002034,Less than 2km,91,85,6
E01002034,"Works mainly at an offshore installation, in no fixed place, or outside the UK",205,78,127
E01002034,Works mainly from home,217,55,162
E01002036,10km to less than 20km,163,128,35
E01002036,20km to less than 30km,15,14,1
E01002036,2km to less than 5km,80,95,-15
E01002036,30km to less than 40km,5,3,2
E01002036,40km to less than 60km,2,3,-1
E01002036,5km to less than 10km,110,138,-28
E01002036,60km and over,10,7,3
E01002036,Less than 2km,71,61,10
E01002036,"Works mainly at an offshore installation, in no fixed place, or outside the UK",148,79,69
E01002036,Works mainly from home,111,44,67
E01002037,10km to less than 20km,130,159,-29
E01002037,20km to less than 30km,15,13,2
E01002037,2km to less than 5km,71,89,-18
E01002037,30km to less than 40km,2,3,-1
E01002037,40km to less than 60km,2,0,2
E01002037,5km to less than 10km,98,113,-15
E01002037,60km and over,7,9,-2
E01002037,Less than 2km,68,62,6
E01002037,"Works mainly at an offshore installation, in no fixed place, or outside the UK",179,110,69
E01002037,Works mainly from home,113,51,62
E01002038,10km to less than 20km,113,116,-3
E01002038,20km to less than 30km,8,14,-6
E01002038,2km to less than 5km,84,72,12
E01002038,30km to less than 40km,5,2,3
E01002038,40km to less than 60km,4,3,1
E01002038,5km to less than 10km,124,114,10
E01002038,60km and over,10,5,5
E01002038,Less than 2km,62,79,-17
E01002038,"Works mainly at an offshore installation, in no fixed place, or outside the UK",175,113,62
E01002038,Works mainly from home,137,46,91
E01002039,10km to less than 20km,91,114,-23
E01002039,20km to less than 30km,11,7,4
E01002039,2km to less than 5km,93,79,14
E01002039,30km to less than 40km,5,3,2
E01002039,40km to less than 60km,4,2,2
E01002039,5km to less than 10km,101,109,-8
E01002039,60km and over,10,6,4
E01002039,Less than 2km,56,58,-2
E01002039,"Works mainly at an offshore installation, in no fixed place, or outside the UK",110,61,49
E01002039,Works mainly from home,99,24,75
E01002040,10km to less than 20km,167,180,-13
E01002040,20km to less than 30km,21,21,0
E01002040,2km to less than 5km,78,113,-35
E01002040,30km to less than 40km,5,4,1
E01002040,40km to less than 60km,10,0,10
E01002040,5km to less than 10km,147,168,-21
E01002040,60km and over,16,15,1
E01002040,Less than 2km,69,107,-38
E01002040,"Works mainly at an offshore installation, in no fixed place, or outside the UK",284,121,163
E01002040,Works mainly from home,205,72,133
E01002041,10km to less than 20km,99,174,-75
E01002041,20km to less than 30km,13,23,-10
E01002041,2km to less than 5km,87,69,18
E01002041,30km to less than 40km,5,3,2
E01002041,40km to less than 60km,7,4,3
E01002041,5km to less than 10km,114,158,-44
E01002041,60km and over,5,10,-5
E01002041,Less than 2km,90,69,21
E01002041,"Works mainly at an offshore installation, in no fixed place, or outside the UK",199,119,80
E01002041,Works mainly from home,183,45,138
E01002042,10km to less than 20km,51,112,-61
E01002042,20km to less than 30km,4,15,-11
E01002042,2km to less than 5km,87,77,10
E01002042,30km to less than 40km,3,2,1
E01002042,40km to less than 60km,2,5,-3
E01002042,5km to less than 10km,153,350,-197
E01002042,60km and over,5,6,-1
E01002042,Less than 2km,55,57,-2
E01002042,"Works mainly at an offshore installation, in no fixed place, or outside the UK",115,130,-15
E01002042,Works mainly from home,384,50,334
E01002043,10km to less than 20km,61,118,-57
E01002043,20km to less than 30km,13,15,-2
E01002043,2km to less than 5km,87,125,-38
E01002043,30km to less than 40km,3,5,-2
E01002043,40km to less than 60km,3,3,0
E01002043,5km to less than 10km,159,383,-224
E01002043,60km and over,2,19,-17
E01002043,Less than 2km,65,81,-16
E01002043,"Works mainly at an offshore installation, in no fixed place, or outside the UK",195,155,40
E01002043,Works mainly from home,374,64,310
E01002044,10km to less than 20km,60,117,-57
E01002044,20km to less than 30km,18,19,-1
E01002044,2km to less than 5km,121,105,16
E01002044,30km to less than 40km,4,2,2
E01002044,40km to less than 60km,0,6,-6
E01002044,5km to less than 10km,210,455,-245
E01002044,60km and over,5,14,-9
E01002044,Less than 2km,58,60,-2
E01002044,"Works mainly at an offshore installation, in no fixed place, or outside the UK",125,122,3
E01002044,Works mainly from home,386,72,314
E01002045,10km to less than 20km,82,127,-45
E01002045,20km to less than 30km,10,24,-14
E01002045,2km to less than 5km,97,117,-20
E01002045,30km to less than 40km,3,3,0
E01002045,40km to less than 60km,0,3,-3
E01002045,5km to less than 10km,198,305,-107
E01002045,60km and over,3,17,-14
E01002045,Less than 2km,71,87,-16
E01002045,"Works mainly at an offshore installation, in no fixed place, or outside the UK",185,179,6
E01002045,Works mainly from home,296,65,231
E01002046,10km to less than 20km,71,83,-12
E01002046,20km to less than 30km,19,14,5
E01002046,2km to less than 5km,86,102,-16
E01002046,30km to less than 40km,3,3,0
E01002046,40km to less than 60km,8,5,3
E01002046,5km to less than 10km,170,238,-68
E01002046,60km and over,6,12,-6
E01002046,Less than 2km,31,70,-39
E01002046,"Works mainly at an offshore installation, in no fixed place, or outside the UK",154,143,11
E01002046,Works mainly from home,215,56,159
E01002047,10km to less than 20km,57,90,-33
E01002047,20km to less than 30km,11,9,2
E01002047,2km to less than 5km,75,106,-31
E01002047,30km to less than 40km,3,5,-2
E01002047,40km to less than 60km,4,6,-2
E01002047,5km to less than 10km,234,459,-225
E01002047,60km and over,3,12,-9
E01002047,Less than 2km,46,59,-13
E01002047,"Works mainly at an offshore installation, in no fixed place, or outside the UK",159,129,30
E01002047,Works mainly from home,445,69,376
E01002048,10km to less than 20km,57,136,-79
E01002048,20km to less than 30km,10,16,-6
E01002048,2km to less than 5km,101,88,13
E01002048,30km to less than 40km,0,6,-6
E01002048,40km to less than 60km,3,5,-2
E01002048,5km to less than 10km,210,395,-185
E01002048,60km and over,10,10,0
E01002048,Less than 2km,87,82,5
E01002048,"Works mainly at an offshore installation, in no fixed place, or outside the UK",177,161,16
E01002048,Works mainly from home,389,80,309
E01002049,10km to less than 20km,81,115,-34
E01002049,20km to less than 30km,10,15,-5
E01002049,2km to less than 5km,92,120,-28
E01002049,30km to less than 40km,2,2,0
E01002049,40km to less than 60km,4,5,-1
E01002049,5km to less than 10km,150,282,-132
E01002049,60km and over,9,11,-2
E01002049,Less than 2km,60,61,-1
E01002049,"Works mainly at an offshore installation, in no fixed place, or outside the UK",199,139,60
E01002049,Works mainly from home,287,56,231
E01002050,10km to less than 20km,42,76,-34
E01002050,20km to less than 30km,4,3,1
E01002050,2km to less than 5km,47,71,-24
E01002050,30km to less than 40km,0,5,-5
E01002050,40km to less than 60km,4,2,2
E01002050,5km to less than 10km,104,154,-50
E01002050,60km and over,3,8,-5
E01002050,Less than 2km,266,144,122
E01002050,"Works mainly at an offshore installation, in no fixed place, or outside the UK",97,112,-15
E01002050,Works mainly from home,140,74,66
E01002051,10km to less than 20km,63,100,-37
E01002051,20km to less than 30km,12,12,0
E01002051,2km to less than 5km,63,94,-31
E01002051,30km to less than 40km,5,3,2
E01002051,40km to less than 60km,6,8,-2
E01002051,5km to less than 10km,159,254,-95
E01002051,60km and over,6,6,0
E01002051,Less than 2km,143,78,65
E01002051,"Works mainly at an offshore installation, in no fixed place, or outside the UK",194,204,-10
E01002051,Works mainly from home,177,53,124
E01002052,10km to less than 20km,61,57,4
E01002052,20km to less than 30km,1,5,-4
E01002052,2km to less than 5km,48,99,-51
E01002052,30km to less than 40km,0,0,0
E01002052,40km to less than 60km,4,8,-4
E01002052,5km to less than 10km,98,133,-35
E01002052,60km and over,2,3,-1
E01002052,Less than 2km,280,177,103
E01002052,"Works mainly at an offshore installation, in no fixed place, or outside the UK",152,87,65
E01002052,Works mainly from home,178,69,109
E01002053,10km to less than 20km,71,75,-4
E01002053,20km to less than 30km,7,9,-2
E01002053,2km to less than 5km,133,129,4
E01002053,30km to less than 40km,0,6,-6
E01002053,40km to less than 60km,2,6,-4
E01002053,5km to less than 10km,187,246,-59
E01002053,60km and over,5,7,-2
E01002053,Less than 2km,105,70,35
E01002053,"Works mainly at an offshore installation, in no fixed place, or outside the UK",147,133,14
E01002053,Works mainly from home,218,54,164
E01002054,10km to less than 20km,46,78,-32
E01002054,20km to less than 30km,13,11,2
E01002054,2km to less than 5km,109,141,-32
E01002054,30km to less than 40km,4,0,4
E01002054,40km to less than 60km,4,4,0
E01002054,5km to less than 10km,148,292,-144
E01002054,60km and over,5,14,-9
E01002054,Less than 2km,66,73,-7
E01002054,"Works mainly at an offshore installation, in no fixed place, or outside the UK",153,146,7
E01002054,Works mainly from home,154,87,67
E01002055,10km to less than 20km,39,34,5
E01002055,20km to less than 30km,7,4,3
E01002055,2km to less than 5km,54,55,-1
E01002055,30km to less than 40km,2,3,-1
E01002055,40km to less than 60km,5,3,2
E01002055,5km to less than 10km,92,153,-61
E01002055,60km and over,5,6,-1
E01002055,Less than 2km,256,183,73
E01002055,"Works mainly at an offshore installation, in no fixed place, or outside the UK",148,126,22
E01002055,Works mainly from home,154,55,99
E01002056,10km to less than 20km,137,78,59
E01002056,20km to less than 30km,16,14,2
E01002056,2km to less than 5km,173,101,72
E01002056,30km to less than 40km,13,3,10
E01002056,40km to less than 60km,10,2,8
E01002056,5km to less than 10km,323,303,20
E01002056,60km and over,5,11,-6
E01002056,Less than 2km,118,36,82
E01002056,"Works mainly at an offshore installation, in no fixed place, or outside the UK",235,138,97
E01002056,Works mainly from home,638,91,547
E01002057,10km to less than 20km,70,68,2
E01002057,20km to less than 30km,11,8,3
E01002057,2km to less than 5km,109,101,8
E01002057,30km to less than 40km,2,2,0
E01002057,40km to less than 60km,1,6,-5
E01002057,5km to less than 10km,199,328,-129
E01002057,60km and over,6,11,-5
E01002057,Less than 2km,51,64,-13
E01002057,"Works mainly at an offshore installation, in no fixed place, or outside the UK",158,93,65
E01002057,Works mainly from home,416,74,342
E01002058,10km to less than 20km,57,111,-54
E01002058,20km to less than 30km,6,14,-8
E01002058,2km to less than 5km,112,118,-6
E01002058,30km to less than 40km,3,4,-1
E01002058,40km to less than 60km,3,4,-1
E01002058,5km to less than 10km,182,447,-265
E01002058,60km and over,5,5,0
E01002058,Less than 2km,38,53,-15
E01002058,"Works mainly at an offshore installation, in no fixed place, or outside the UK",111,138,-27
E01002058,Works mainly from home,384,60,324
E01002059,10km to less than 20km,29,84,-55
E01002059,20km to less than 30km,12,14,-2
E01002059,2km to less than 5km,59,100,-41
E01002059,30km to less than 40km,1,5,-4
E01002059,40km to less than 60km,2,6,-4
E01002059,5km to less than 10km,121,346,-225
E01002059,60km and over,0,12,-12
E01002059,Less than 2km,49,66,-17
E01002059,"Works mainly at an offshore installation, in no fixed place, or outside the UK",70,82,-12
E01002059,Works mainly from home,471,123,348
E01002060,10km to less than 20km,24,93,-69
E01002060,20km to less than 30km,9,20,-11
E01002060,2km to less than 5km,82,120,-38
E01002060,30km to less than 40km,0,7,-7
E01002060,40km to less than 60km,0,4,-4
E01002060,5km to less than 10km,114,512,-398
E01002060,60km and over,0,17,-17
E01002060,Less than 2km,47,79,-32
E01002060,"Works mainly at an offshore installation, in no fixed place, or outside the UK",80,113,-33
E01002060,Works mainly from home,676,135,541
E01002061,10km to less than 20km,27,122,-95
E01002061,20km to less than 30km,9,16,-7
E01002061,2km to less than 5km,67,104,-37
E01002061,30km to less than 40km,5,6,-1
E01002061,40km to less than 60km,7,2,5
E01002061,5km to less than 10km,160,532,-372
E01002061,60km and over,3,11,-8
E01002061,Less than 2km,29,57,-28
E01002061,"Works mainly at an offshore installation, in no fixed place, or outside the UK",79,82,-3
E01002061,Works mainly from home,650,136,514
E01002062,10km to less than 20km,29,142,-113
E01002062,20km to less than 30km,7,28,-21
E01002062,2km to less than 5km,103,161,-58
E01002062,30km to less than 40km,2,8,-6
E01002062,40km to less than 60km,1,5,-4
E01002062,5km to less than 10km,143,536,-393
E01002062,60km and over,7,15,-8
E01002062,Less than 2km,62,74,-12
E01002062,"Works mainly at an offshore installation, in no fixed place, or outside the UK",87,108,-21
E01002062,Works mainly from home,672,148,524
E01002063,10km to less than 20km,25,76,-51
E01002063,20km to less than 30km,9,22,-13
E01002063,2km to less than 5km,82,142,-60
E01002063,30km to less than 40km,4,9,-5
E01002063,40km to less than 60km,2,7,-5
E01002063,5km to less than 10km,129,427,-298
E01002063,60km and over,8,15,-7
E01002063,Less than 2km,30,67,-37
E01002063,"Works mainly at an offshore installation, in no fixed place, or outside the UK",68,83,-15
E01002063,Works mainly from home,521,90,431
E01002064,10km to less than 20km,39,64,-25
E01002064,20km to less than 30km,7,20,-13
E01002064,2km to less than 5km,99,136,-37
E01002064,30km to less than 40km,2,2,0
E01002064,40km to less than 60km,4,6,-2
E01002064,5km to less than 10km,135,346,-211
E01002064,60km and over,4,6,-2
E01002064,Less than 2km,47,72,-25
E01002064,"Works mainly at an offshore installation, in no fixed place, or outside the UK",72,80,-8
E01002064,Works mainly from home,436,77,359
E01002065,10km to less than 20km,39,88,-49
E01002065,20km to less than 30km,5,29,-24
E01002065,2km to less than 5km,91,177,-86
E01002065,30km to less than 40km,1,8,-7
E01002065,40km to less than 60km,1,2,-1
E01002065,5km to less than 10km,152,541,-389
E01002065,60km and over,7,11,-4
E01002065,Less than 2km,44,38,6
E01002065,"Works mainly at an offshore installation, in no fixed place, or outside the UK",126,107,19
E01002065,Works mainly from home,531,104,427
E01002066,10km to less than 20km,159,126,33
E01002066,20km to less than 30km,47,15,32
E01002066,2km to less than 5km,138,107,31
E01002066,30km to less than 40km,7,4,3
E01002066,40km to less than 60km,3,6,-3
E01002066,5km to less than 10km,294,260,34
E01002066,60km and over,17,17,0
E01002066,Less than 2km,54,68,-14
E01002066,"Works mainly at an offshore installation, in no fixed place, or outside the UK",216,108,108
E01002066,Works mainly from home,260,34,226
E01002067,10km to less than 20km,88,85,3
E01002067,20km to less than 30km,12,15,-3
E01002067,2km to less than 5km,85,93,-8
E01002067,30km to less than 40km,6,5,1
E01002067,40km to less than 60km,5,2,3
E01002067,5km to less than 10km,154,244,-90
E01002067,60km and over,7,6,1
E01002067,Less than 2km,72,81,-9
E01002067,"Works mainly at an offshore installation, in no fixed place, or outside the UK",197,125,72
E01002067,Works mainly from home,263,72,191
E01002068,10km to less than 20km,127,156,-29
E01002068,20km to less than 30km,18,20,-2
E01002068,2km to less than 5km,115,112,3
E01002068,30km to less than 40km,4,3,1
E01002068,40km to less than 60km,2,3,-1
E01002068,5km to less than 10km,245,301,-56
E01002068,60km and over,12,8,4
E01002068,Less than 2km,55,57,-2
E01002068,"Works mainly at an offshore installation, in no fixed place, or outside the UK",238,187,51
E01002068,Works mainly from home,372,83,289
E01002069,10km to less than 20km,119,121,-2
E01002069,20km to less than 30km,19,14,5
E01002069,2km to less than 5km,107,98,9
E01002069,30km to less than 40km,4,1,3
E01002069,40km to less than 60km,4,5,-1
E01002069,5km to less than 10km,233,323,-90
E01002069,60km and over,11,15,-4
E01002069,Less than 2km,78,94,-16
E01002069,"Works mainly at an offshore installation, in no fixed place, or outside the UK",206,173,33
E01002069,Works mainly from home,288,75,213
E01002070,10km to less than 20km,114,120,-6
E01002070,20km to less than 30km,24,26,-2
E01002070,2km to less than 5km,125,138,-13
E01002070,30km to less than 40km,3,5,-2
E01002070,40km to less than 60km,3,4,-1
E01002070,5km to less than 10km,258,352,-94
E01002070,60km and over,11,10,1
E01002070,Less than 2km,67,82,-15
E01002070,"Works mainly at an offshore installation, in no fixed place, or outside the UK",220,167,53
E01002070,Works mainly from home,692,86,606
E01002071,10km to less than 20km,111,104,7
E01002071,20km to less than 30km,22,14,8
E01002071,2km to less than 5km,88,99,-11
E01002071,30km to less than 40km,3,2,1
E01002071,40km to less than 60km,8,7,1
E01002071,5km to less than 10km,160,219,-59
E01002071,60km and over,12,9,3
E01002071,Less than 2km,65,53,12
E01002071,"Works mainly at an offshore installation, in no fixed place, or outside the UK",155,90,65
E01002071,Works mainly from home,206,34,172
E01002072,10km to less than 20km,72,104,-32
E01002072,20km to less than 30km,12,28,-16
E01002072,2km to less than 5km,95,113,-18
E01002072,30km to less than 40km,2,1,1
E01002072,40km to less than 60km,2,9,-7
E01002072,5km to less than 10km,173,251,-78
E01002072,60km and over,15,11,4
E01002072,Less than 2km,48,57,-9
E01002072,"Works mainly at an offshore installation, in no fixed place, or outside the UK",196,149,47
E01002072,Works mainly from home,254,48,206
E01002073,10km to less than 20km,66,87,-21
E01002073,20km to less than 30km,11,14,-3
E01002073,2km to less than 5km,91,114,-23
E01002073,30km to less than 40km,3,2,1
E01002073,40km to less than 60km,2,1,1
E01002073,5km to less than 10km,187,260,-73
E01002073,60km and over,6,9,-3
E01002073,Less than 2km,55,75,-20
E01002073,"Works mainly at an offshore installation, in no fixed place, or outside the UK",150,163,-13
E01002073,Works mainly from home,229,44,185
E01002074,10km to less than 20km,133,137,-4
E01002074,20km to less than 30km,18,14,4
E01002074,2km to less than 5km,83,125,-42
E01002074,30km to less than 40km,8,5,3
E01002074,40km to less than 60km,6,2,4
E01002074,5km to less than 10km,153,209,-56
E01002074,60km and over,19,10,9
E01002074,Less than 2km,82,76,6
E01002074,"Works mainly at an offshore installation, in no fixed place, or outside the UK",189,106,83
E01002074,Works mainly from home,226,72,154
E01002075,10km to less than 20km,145,144,1
E01002075,20km to less than 30km,7,9,-2
E01002075,2km to less than 5km,88,66,22
E01002075,30km to less than 40km,5,6,-1
E01002075,40km to less than 60km,2,4,-2
E01002075,5km to less than 10km,164,159,5
E01002075,60km and over,3,11,-8
E01002075,Less than 2km,67,63,4
E01002075,"Works mainly at an offshore installation, in no fixed place, or outside the UK",214,147,67
E01002075,Works mainly from home,178,50,128
E01002076,10km to less than 20km,118,172,-54
E01002076,20km to less than 30km,13,10,3
E01002076,2km to less than 5km,72,102,-30
E01002076,30km to less than 40km,6,2,4
E01002076,40km to less than 60km,3,5,-2
E01002076,5km to less than 10km,147,195,-48
E01002076,60km and over,10,11,-1
E01002076,Less than 2km,84,80,4
E01002076,"Works mainly at an offshore installation, in no fixed place, or outside the UK",196,109,87
E01002076,Works mainly from home,212,55,157
E01002077,10km to less than 20km,118,145,-27
E01002077,20km to less than 30km,26,17,9
E01002077,2km to less than 5km,115,104,11
E01002077,30km to less than 40km,7,3,4
E01002077,40km to less than 60km,6,6,0
E01002077,5km to less than 10km,167,170,-3
E01002077,60km and over,8,7,1
E01002077,Less than 2km,99,124,-25
E01002077,"Works mainly at an offshore installation, in no fixed place, or outside the UK",232,156,76
E01002077,Works mainly from home,275,46,229
E01002078,10km to less than 20km,165,176,-11
E01002078,20km to less than 30km,29,19,10
E01002078,2km to less than 5km,130,156,-26
E01002078,30km to less than 40km,11,6,5
E01002078,40km to less than 60km,1,9,-8
E01002078,5km to less than 10km,241,342,-101
E01002078,60km and over,3,22,-19
E01002078,Less than 2km,69,70,-1
E01002078,"Works mainly at an offshore installation, in no fixed place, or outside the UK",230,125,105
E01002078,Works mainly from home,544,40,504
E01002079,10km to less than 20km,131,108,23
E01002079,20km to less than 30km,12,10,2
E01002079,2km to less than 5km,65,98,-33
E01002079,30km to less than 40km,9,2,7
E01002079,40km to less than 60km,6,2,4
E01002079,5km to less than 10km,141,186,-45
E01002079,60km and over,20,15,5
E01002079,Less than 2km,62,77,-15
E01002079,"Works mainly at an offshore installation, in no fixed place, or outside the UK",204,132,72
E01002079,Works mainly from home,210,60,150
E01002081,10km to less than 20km,90,100,-10
E01002081,20km to less than 30km,15,6,9
E01002081,2km to less than 5km,122,102,20
E01002081,30km to less than 40km,6,8,-2
E01002081,40km to less than 60km,4,7,-3
E01002081,5km to less than 10km,153,159,-6
E01002081,60km and over,7,4,3
E01002081,Less than 2km,67,72,-5
E01002081,"Works mainly at an offshore installation, in no fixed place, or outside the UK",200,101,99
E01002081,Works mainly from home,141,39,102
E01002082,10km to less than 20km,65,94,-29
E01002082,20km to less than 30km,7,7,0
E01002082,2km to less than 5km,64,90,-26
E01002082,30km to less than 40km,4,2,2
E01002082,40km to less than 60km,3,4,-1
E01002082,5km to less than 10km,121,123,-2
E01002082,60km and over,5,9,-4
E01002082,Less than 2km,57,79,-22
E01002082,"Works mainly at an offshore installation, in no fixed place, or outside the UK",115,62,53
E01002082,Works mainly from home,107,33,74
E01002083,10km to less than 20km,78,150,-72
E01002083,20km to less than 30km,5,11,-6
E01002083,2km to less than 5km,57,88,-31
E01002083,30km to less than 40km,5,4,1
E01002083,40km to less than 60km,0,5,-5
E01002083,5km to less than 10km,149,273,-124
E01002083,60km and over,4,10,-6
E01002083,Less than 2km,47,62,-15
E01002083,"Works mainly at an offshore installation, in no fixed place, or outside the UK",152,104,48
E01002083,Works mainly from home,308,59,249
E01002084,10km to less than 20km,73,105,-32
E01002084,20km to less than 30km,11,20,-9
E01002084,2km to less than 5km,68,94,-26
E01002084,30km to less than 40km,6,2,4
E01002084,40km to less than 60km,3,2,1
E01002084,5km to less than 10km,146,310,-164
E01002084,60km and over,5,9,-4
E01002084,Less than 2km,53,62,-9
E01002084,"Works mainly at an offshore installation, in no fixed place, or outside the UK",174,162,12
E01002084,Works mainly from home,344,73,271
E01002085,10km to less than 20km,109,146,-37
E01002085,20km to less than 30km,12,23,-11
E01002085,2km to less than 5km,88,105,-17
E01002085,30km to less than 40km,2,3,-1
E01002085,40km to less than 60km,1,6,-5
E01002085,5km to less than 10km,239,463,-224
E01002085,60km and over,6,9,-3
E01002085,Less than 2km,67,92,-25
E01002085,"Works mainly at an offshore installation, in no fixed place, or outside the UK",174,158,16
E01002085,Works mainly from home,384,84,300
E01002086,10km to less than 20km,68,110,-42
E01002086,20km to less than 30km,13,12,1
E01002086,2km to less than 5km,70,99,-29
E01002086,30km to less than 40km,2,6,-4
E01002086,40km to less than 60km,1,4,-3
E01002086,5km to less than 10km,100,229,-129
E01002086,60km and over,5,10,-5
E01002086,Less than 2km,55,95,-40
E01002086,"Works mainly at an offshore installation, in no fixed place, or outside the UK",131,93,38
E01002086,Works mainly from home,417,54,363
E01002087,10km to less than 20km,80,119,-39
E01002087,20km to less than 30km,8,17,-9
E01002087,2km to less than 5km,92,78,14
E01002087,30km to less than 40km,9,3,6
E01002087,40km to less than 60km,2,4,-2
E01002087,5km to less than 10km,192,321,-129
E01002087,60km and over,3,7,-4
E01002087,Less than 2km,61,67,-6
E01002087,"Works mainly at an offshore installation, in no fixed place, or outside the UK",200,117,83
E01002087,Works mainly from home,364,59,305
E01002088,10km to less than 20km,101,179,-78
E01002088,20km to less than 30km,14,29,-15
E01002088,2km to less than 5km,82,97,-15
E01002088,30km to less than 40km,10,2,8
E01002088,40km to less than 60km,5,6,-1
E01002088,5km to less than 10km,166,283,-117
E01002088,60km and over,5,13,-8
E01002088,Less than 2km,65,98,-33
E01002088,"Works mainly at an offshore installation, in no fixed place, or outside the UK",168,136,32
E01002088,Works mainly from home,315,71,244
E01002089,10km to less than 20km,57,85,-28
E01002089,20km to less than 30km,8,10,-2
E01002089,2km to less than 5km,62,66,-4
E01002089,30km to less than 40km,0,1,-1
E01002089,40km to less than 60km,2,5,-3
E01002089,5km to less than 10km,106,125,-19
E01002089,60km and over,3,7,-4
E01002089,Less than 2km,77,74,3
E01002089,"Works mainly at an offshore installation, in no fixed place, or outside the UK",69,60,9
E01002089,Works mainly from home,79,36,43
E01002090,10km to less than 20km,129,133,-4
E01002090,20km to less than 30km,17,10,7
E01002090,2km to less than 5km,81,115,-34
E01002090,30km to less than 40km,3,1,2
E01002090,40km to less than 60km,3,1,2
E01002090,5km to less than 10km,113,139,-26
E01002090,60km and over,6,6,0
E01002090,Less than 2km,51,76,-25
E01002090,"Works mainly at an offshore installation, in no fixed place, or outside the UK",191,100,91
E01002090,Works mainly from home,224,43,181
E01002091,10km to less than 20km,115,113,2
E01002091,20km to less than 30km,15,11,4
E01002091,2km to less than 5km,101,104,-3
E01002091,30km to less than 40km,6,5,1
E01002091,40km to less than 60km,6,0,6
E01002091,5km to less than 10km,124,115,9
E01002091,60km and over,11,11,0
E01002091,Less than 2km,47,61,-14
E01002091,"Works mainly at an offshore installation, in no fixed place, or outside the UK",168,111,57
E01002091,Works mainly from home,152,24,128
E01002092,10km to less than 20km,101,167,-66
E01002092,20km to less than 30km,14,14,0
E01002092,2km to less than 5km,83,95,-12
E01002092,30km to less than 40km,4,2,2
E01002092,40km to less than 60km,3,5,-2
E01002092,5km to less than 10km,141,165,-24
E01002092,60km and over,4,4,0
E01002092,Less than 2km,60,70,-10
E01002092,"Works mainly at an offshore installation, in no fixed place, or outside the UK",139,95,44
E01002092,Works mainly from home,130,36,94
E01002093,10km to less than 20km,89,117,-28
E01002093,20km to less than 30km,12,13,-1
E01002093,2km to less than 5km,89,110,-21
E01002093,30km to less than 40km,4,6,-2
E01002093,40km to less than 60km,3,3,0
E01002093,5km to less than 10km,111,131,-20
E01002093,60km and over,3,5,-2
E01002093,Less than 2km,61,79,-18
E01002093,"Works mainly at an offshore installation, in no fixed place, or outside the UK",164,97,67
E01002093,Works mainly from home,144,56,88
E01002094,10km to less than 20km,81,96,-15
E01002094,20km to less than 30km,12,12,0
E01002094,2km to less than 5km,74,108,-34
E01002094,30km to less than 40km,3,1,2
E01002094,40km to less than 60km,5,1,4
E01002094,5km to less than 10km,106,149,-43
E01002094,60km and over,6,10,-4
E01002094,Less than 2km,70,73,-3
E01002094,"Works mainly at an offshore installation, in no fixed place, or outside the UK",128,85,43
E01002094,Works mainly from home,161,35,126
E01002095,10km to less than 20km,90,112,-22
E01002095,20km to less than 30km,18,14,4
E01002095,2km to less than 5km,71,103,-32
E01002095,30km to less than 40km,1,3,-2
E01002095,40km to less than 60km,0,6,-6
E01002095,5km to less than 10km,121,160,-39
E01002095,60km and over,3,4,-1
E01002095,Less than 2km,79,78,1
E01002095,"Works mainly at an offshore installation, in no fixed place, or outside the UK",136,91,45
E01002095,Works mainly from home,181,36,145
E01002096,10km to less than 20km,83,97,-14
E01002096,20km to less than 30km,12,8,4
E01002096,2km to less than 5km,80,90,-10
E01002096,30km to less than 40km,2,2,0
E01002096,40km to less than 60km,4,2,2
E01002096,5km to less than 10km,120,139,-19
E01002096,60km and over,7,6,1
E01002096,Less than 2km,76,100,-24
E01002096,"Works mainly at an offshore installation, in no fixed place, or outside the UK",142,75,67
E01002096,Works mainly from home,182,49,133
E01002097,10km to less than 20km,102,93,9
E01002097,20km to less than 30km,14,8,6
E01002097,2km to less than 5km,94,83,11
E01002097,30km to less than 40km,3,5,-2
E01002097,40km to less than 60km,2,4,-2
E01002097,5km to less than 10km,131,156,-25
E01002097,60km and over,3,9,-6
E01002097,Less than 2km,72,120,-48
E01002097,"Works mainly at an offshore installation, in no fixed place, or outside the UK",118,77,41
E01002097,Works mainly from home,180,49,131
E01002098,10km to less than 20km,84,135,-51
E01002098,20km to less than 30km,12,18,-6
E01002098,2km to less than 5km,47,82,-35
E01002098,30km to less than 40km,2,1,1
E01002098,40km to less than 60km,1,1,0
E01002098,5km to less than 10km,139,297,-158
E01002098,60km and over,3,11,-8
E01002098,Less than 2km,37,43,-6
E01002098,"Works mainly at an offshore installation, in no fixed place, or outside the UK",126,119,7
E01002098,Works mainly from home,397,80,317
E01002099,10km to less than 20km,100,174,-74
E01002099,20km to less than 30km,7,15,-8
E01002099,2km to less than 5km,112,90,22
E01002099,30km to less than 40km,5,5,0
E01002099,40km to less than 60km,3,4,-1
E01002099,5km to less than 10km,134,225,-91
E01002099,60km and over,4,5,-1
E01002099,Less than 2km,78,80,-2
E01002099,"Works mainly at an offshore installation, in no fixed place, or outside the UK",214,124,90
E01002099,Works mainly from home,203,59,144
E01002100,10km to less than 20km,115,151,-36
E01002100,20km to less than 30km,9,21,-12
E01002100,2km to less than 5km,80,114,-34
E01002100,30km to less than 40km,1,5,-4
E01002100,40km to less than 60km,10,1,9
E01002100,5km to less than 10km,130,226,-96
E01002100,60km and over,6,10,-4
E01002100,Less than 2km,67,98,-31
E01002100,"Works mainly at an offshore installation, in no fixed place, or outside the UK",194,152,42
E01002100,Works mainly from home,217,66,151
E01002101,10km to less than 20km,170,338,-168
E01002101,20km to less than 30km,12,24,-12
E01002101,2km to less than 5km,81,116,-35
E01002101,30km to less than 40km,6,3,3
E01002101,40km to less than 60km,4,5,-1
E01002101,5km to less than 10km,119,188,-69
E01002101,60km and over,12,6,6
E01002101,Less than 2km,42,65,-23
E01002101,"Works mainly at an offshore installation, in no fixed place, or outside the UK",273,165,108
E01002101,Works mainly from home,317,69,248
E01002102,10km to less than 20km,138,287,-149
E01002102,20km to less than 30km,14,22,-8
E01002102,2km to less than 5km,75,112,-37
E01002102,30km to less than 40km,0,8,-8
E01002102,40km to less than 60km,0,5,-5
E01002102,5km to less than 10km,125,213,-88
E01002102,60km and over,4,11,-7
E01002102,Less than 2km,56,78,-22
E01002102,"Works mainly at an offshore installation, in no fixed place, or outside the UK",181,180,1
E01002102,Works mainly from home,320,69,251
E01002103,10km to less than 20km,125,163,-38
E01002103,20km to less than 30km,12,20,-8
E01002103,2km to less than 5km,84,118,-34
E01002103,30km to less than 40km,5,5,0
E01002103,40km to less than 60km,3,5,-2
E01002103,5km to less than 10km,146,275,-129
E01002103,60km and over,6,9,-3
E01002103,Less than 2km,53,87,-34
E01002103,"Works mainly at an offshore installation, in no fixed place, or outside the UK",202,162,40
E01002103,Works mainly from home,314,72,242
E01002104,10km to less than 20km,100,144,-44
E01002104,20km to less than 30km,10,9,1
E01002104,2km to less than 5km,68,99,-31
E01002104,30km to less than 40km,3,1,2
E01002104,40km to less than 60km,4,2,2
E01002104,5km to less than 10km,110,171,-61
E01002104,60km and over,13,5,8
E01002104,Less than 2km,51,91,-40
E01002104,"Works mainly at an offshore installation, in no fixed place, or outside the UK",178,110,68
E01002104,Works mainly from home,203,46,157
E01002105,10km to less than 20km,178,222,-44
E01002105,20km to less than 30km,15,20,-5
E01002105,2km to less than 5km,83,123,-40
E01002105,30km to less than 40km,2,4,-2
E01002105,40km to less than 60km,1,7,-6
E01002105,5km to less than 10km,250,348,-98
E01002105,60km and over,5,17,-12
E01002105,Less than 2km,59,101,-42
E01002105,"Works mainly at an offshore installation, in no fixed place, or outside the UK",262,218,44
E01002105,Works mainly from home,347,67,280
E01002106,10km to less than 20km,131,276,-145
E01002106,20km to less than 30km,20,43,-23
E01002106,2km to less than 5km,107,157,-50
E01002106,30km to less than 40km,6,12,-6
E01002106,40km to less than 60km,7,11,-4
E01002106,5km to less than 10km,118,184,-66
E01002106,60km and over,10,8,2
E01002106,Less than 2km,66,112,-46
E01002106,"Works mainly at an offshore installation, in no fixed place, or outside the UK",193,101,92
E01002106,Works mainly from home,335,104,231
E01002107,10km to less than 20km,93,246,-153
E01002107,20km to less than 30km,27,53,-26
E01002107,2km to less than 5km,98,138,-40
E01002107,30km to less than 40km,7,8,-1
E01002107,40km to less than 60km,10,7,3
E01002107,5km to less than 10km,104,173,-69
E01002107,60km and over,5,9,-4
E01002107,Less than 2km,55,77,-22
E01002107,"Works mainly at an offshore installation, in no fixed place, or outside the UK",135,99,36
E01002107,Works mainly from home,361,70,291
E01002108,10km to less than 20km,113,253,-140
E01002108,20km to less than 30km,13,36,-23
E01002108,2km to less than 5km,92,146,-54
E01002108,30km to less than 40km,9,22,-13
E01002108,40km to less than 60km,3,11,-8
E01002108,5km to less than 10km,103,132,-29
E01002108,60km and over,8,5,3
E01002108,Less than 2km,53,87,-34
E01002108,"Works mainly at an offshore installation, in no fixed place, or outside the UK",148,78,70
E01002108,Works mainly from home,379,94,285
E01002109,10km to less than 20km,105,299,-194
E01002109,20km to less than 30km,23,33,-10
E01002109,2km to less than 5km,102,128,-26
E01002109,30km to less than 40km,8,11,-3
E01002109,40km to less than 60km,4,7,-3
E01002109,5km to less than 10km,98,156,-58
E01002109,60km and over,8,15,-7
E01002109,Less than 2km,42,73,-31
E01002109,"Works mainly at an offshore installation, in no fixed place, or outside the UK",90,99,-9
E01002109,Works mainly from home,441,116,325
E01002110,10km to less than 20km,109,236,-127
E01002110,20km to less than 30km,13,50,-37
E01002110,2km to less than 5km,81,141,-60
E01002110,30km to less than 40km,6,14,-8
E01002110,40km to less than 60km,4,13,-9
E01002110,5km to less than 10km,86,109,-23
E01002110,60km and over,16,8,8
E01002110,Less than 2km,56,64,-8
E01002110,"Works mainly at an offshore installation, in no fixed place, or outside the UK",140,133,7
E01002110,Works mainly from home,371,88,283
E01002111,10km to less than 20km,136,251,-115
E01002111,20km to less than 30km,61,40,21
E01002111,2km to less than 5km,121,194,-73
E01002111,30km to less than 40km,8,9,-1
E01002111,40km to less than 60km,7,10,-3
E01002111,5km to less than 10km,113,180,-67
E01002111,60km and over,8,11,-3
E01002111,Less than 2km,61,76,-15
E01002111,"Works mainly at an offshore installation, in no fixed place, or outside the UK",226,128,98
E01002111,Works mainly from home,340,108,232
E01002112,10km to less than 20km,122,308,-186
E01002112,20km to less than 30km,38,41,-3
E01002112,2km to less than 5km,71,88,-17
E01002112,30km to less than 40km,6,12,-6
E01002112,40km to less than 60km,8,11,-3
E01002112,5km to less than 10km,89,145,-56
E01002112,60km and over,5,15,-10
E01002112,Less than 2km,34,60,-26
E01002112,"Works mainly at an offshore installation, in no fixed place, or outside the UK",104,67,37
E01002112,Works mainly from home,504,183,321
E01002113,10km to less than 20km,106,248,-142
E01002113,20km to less than 30km,12,34,-22
E01002113,2km to less than 5km,78,77,1
E01002113,30km to less than 40km,8,10,-2
E01002113,40km to less than 60km,2,8,-6
E01002113,5km to less than 10km,72,113,-41
E01002113,60km and over,7,5,2
E01002113,Less than 2km,43,70,-27
E01002113,"Works mainly at an offshore installation, in no fixed place, or outside the UK",73,72,1
E01002113,Works mainly from home,377,105,272
E01002114,10km to less than 20km,123,280,-157
E01002114,20km to less than 30km,32,67,-35
E01002114,2km to less than 5km,85,96,-11
E01002114,30km to less than 40km,8,16,-8
E01002114,40km to less than 60km,10,6,4
E01002114,5km to less than 10km,121,145,-24
E01002114,60km and over,2,10,-8
E01002114,Less than 2km,42,47,-5
E01002114,"Works mainly at an offshore installation, in no fixed place, or outside the UK",157,85,72
E01002114,Works mainly from home,348,113,235
E01002115,10km to less than 20km,86,221,-135
E01002115,20km to less than 30km,21,36,-15
E01002115,2km to less than 5km,71,92,-21
E01002115,30km to less than 40km,11,12,-1
E01002115,40km to less than 60km,3,5,-2
E01002115,5km to less than 10km,66,132,-66
E01002115,60km and over,1,9,-8
E01002115,Less than 2km,36,51,-15
E01002115,"Works mainly at an offshore installation, in no fixed place, or outside the UK",130,83,47
E01002115,Works mainly from home,315,87,228
E01002116,10km to less than 20km,112,242,-130
E01002116,20km to less than 30km,18,31,-13
E01002116,2km to less than 5km,50,86,-36
E01002116,30km to less than 40km,2,8,-6
E01002116,40km to less than 60km,3,4,-1
E01002116,5km to less than 10km,83,111,-28
E01002116,60km and over,4,12,-8
E01002116,Less than 2km,42,82,-40
E01002116,"Works mainly at an offshore installation, in no fixed place, or outside the UK",114,60,54
E01002116,Works mainly from home,348,173,175
E01002118,10km to less than 20km,114,231,-117
E01002118,20km to less than 30km,23,34,-11
E01002118,2km to less than 5km,59,85,-26
E01002118,30km to less than 40km,9,6,3
E01002118,40km to less than 60km,3,9,-6
E01002118,5km to less than 10km,99,129,-30
E01002118,60km and over,7,7,0
E01002118,Less than 2km,62,93,-31
E01002118,"Works mainly at an offshore installation, in no fixed place, or outside the UK",226,129,97
E01002118,Works mainly from home,265,104,161
E01002119,10km to less than 20km,183,232,-49
E01002119,20km to less than 30km,29,31,-2
E01002119,2km to less than 5km,113,88,25
E01002119,30km to less than 40km,10,12,-2
E01002119,40km to less than 60km,9,5,4
E01002119,5km to less than 10km,130,144,-14
E01002119,60km and over,9,10,-1
E01002119,Less than 2km,85,94,-9
E01002119,"Works mainly at an offshore installation, in no fixed place, or outside the UK",308,134,174
E01002119,Works mainly from home,372,64,308
E01002120,10km to less than 20km,81,130,-49
E01002120,20km to less than 30km,20,23,-3
E01002120,2km to less than 5km,62,86,-24
E01002120,30km to less than 40km,6,8,-2
E01002120,40km to less than 60km,2,2,0
E01002120,5km to less than 10km,62,89,-27
E01002120,60km and over,8,6,2
E01002120,Less than 2km,40,56,-16
E01002120,"Works mainly at an offshore installation, in no fixed place, or outside the UK",121,88,33
E01002120,Works mainly from home,145,45,100
E01002121,10km to less than 20km,114,225,-111
E01002121,20km to less than 30km,25,39,-14
E01002121,2km to less than 5km,92,101,-9
E01002121,30km to less than 40km,5,14,-9
E01002121,40km to less than 60km,8,5,3
E01002121,5km to less than 10km,98,138,-40
E01002121,60km and over,6,10,-4
E01002121,Less than 2km,76,89,-13
E01002121,"Works mainly at an offshore installation, in no fixed place, or outside the UK",238,126,112
E01002121,Works mainly from home,228,84,144
E01002122,10km to less than 20km,120,221,-101
E01002122,20km to less than 30km,24,26,-2
E01002122,2km to less than 5km,76,107,-31
E01002122,30km to less than 40km,7,12,-5
E01002122,40km to less than 60km,7,3,4
E01002122,5km to less than 10km,107,143,-36
E01002122,60km and over,9,11,-2
E01002122,Less than 2km,71,103,-32
E01002122,"Works mainly at an offshore installation, in no fixed place, or outside the UK",268,170,98
E01002122,Works mainly from home,235,54,181
E01002123,10km to less than 20km,125,208,-83
E01002123,20km to less than 30km,23,28,-5
E01002123,2km to less than 5km,68,104,-36
E01002123,30km to less than 40km,3,9,-6
E01002123,40km to less than 60km,7,3,4
E01002123,5km to less than 10km,87,150,-63
E01002123,60km and over,13,6,7
E01002123,Less than 2km,73,120,-47
E01002123,"Works mainly at an offshore installation, in no fixed place, or outside the UK",252,184,68
E01002123,Works mainly from home,221,65,156
E01002124,10km to less than 20km,106,175,-69
E01002124,20km to less than 30km,19,28,-9
E01002124,2km to less than 5km,98,137,-39
E01002124,30km to less than 40km,5,8,-3
E01002124,40km to less than 60km,8,7,1
E01002124,5km to less than 10km,108,149,-41
E01002124,60km and over,11,4,7
E01002124,Less than 2km,82,92,-10
E01002124,"Works mainly at an offshore installation, in no fixed place, or outside the UK",246,144,102
E01002124,Works mainly from home,182,48,134
E01002125,10km to less than 20km,129,212,-83
E01002125,20km to less than 30km,30,27,3
E01002125,2km to less than 5km,93,107,-14
E01002125,30km to less than 40km,10,8,2
E01002125,40km to less than 60km,13,2,11
E01002125,5km to less than 10km,111,145,-34
E01002125,60km and over,19,10,9
E01002125,Less than 2km,78,111,-33
E01002125,"Works mainly at an offshore installation, in no fixed place, or outside the UK",355,174,181
E01002125,Works mainly from home,172,74,98
E01002127,10km to less than 20km,140,309,-169
E01002127,20km to less than 30km,17,49,-32
E01002127,2km to less than 5km,68,92,-24
E01002127,30km to less than 40km,5,11,-6
E01002127,40km to less than 60km,2,4,-2
E01002127,5km to less than 10km,94,118,-24
E01002127,60km and over,7,4,3
E01002127,Less than 2km,109,118,-9
E01002127,"Works mainly at an offshore installation, in no fixed place, or outside the UK",145,87,58
E01002127,Works mainly from home,294,95,199
E01002128,10km to less than 20km,182,352,-170
E01002128,20km to less than 30km,33,73,-40
E01002128,2km to less than 5km,85,136,-51
E01002128,30km to less than 40km,8,7,1
E01002128,40km to less than 60km,1,10,-9
E01002128,5km to less than 10km,103,123,-20
E01002128,60km and over,6,12,-6
E01002128,Less than 2km,118,222,-104
E01002128,"Works mainly at an offshore installation, in no fixed place, or outside the UK",189,142,47
E01002128,Works mainly from home,364,77,287
E01002129,10km to less than 20km,193,409,-216
E01002129,20km to less than 30km,28,57,-29
E01002129,2km to less than 5km,78,87,-9
E01002129,30km to less than 40km,3,10,-7
E01002129,40km to less than 60km,4,13,-9
E01002129,5km to less than 10km,130,134,-4
E01002129,60km and over,12,14,-2
E01002129,Less than 2km,142,153,-11
E01002129,"Works mainly at an offshore installation, in no fixed place, or outside the UK",196,94,102
E01002129,Works mainly from home,660,104,556
E01002130,10km to less than 20km,210,366,-156
E01002130,20km to less than 30km,50,46,4
E01002130,2km to less than 5km,99,144,-45
E01002130,30km to less than 40km,8,7,1
E01002130,40km to less than 60km,5,6,-1
E01002130,5km to less than 10km,169,183,-14
E01002130,60km and over,15,18,-3
E01002130,Less than 2km,166,191,-25
E01002130,"Works mainly at an offshore installation, in no fixed place, or outside the UK",275,166,109
E01002130,Works mainly from home,380,111,269
E01002131,10km to less than 20km,101,216,-115
E01002131,20km to less than 30km,22,24,-2
E01002131,2km to less than 5km,81,91,-10
E01002131,30km to less than 40km,6,9,-3
E01002131,40km to less than 60km,3,6,-3
E01002131,5km to less than 10km,80,103,-23
E01002131,60km and over,11,8,3
E01002131,Less than 2km,82,161,-79
E01002131,"Works mainly at an offshore installation, in no fixed place, or outside the UK",191,83,108
E01002131,Works mainly from home,226,57,169
E01002132,10km to less than 20km,155,385,-230
E01002132,20km to less than 30km,19,49,-30
E01002132,2km to less than 5km,72,124,-52
E01002132,30km to less than 40km,3,10,-7
E01002132,40km to less than 60km,8,15,-7
E01002132,5km to less than 10km,103,159,-56
E01002132,60km and over,4,14,-10
E01002132,Less than 2km,103,161,-58
E01002132,"Works mainly at an offshore installation, in no fixed place, or outside the UK",132,89,43
E01002132,Works mainly from home,436,134,302
E01002133,10km to less than 20km,132,240,-108
E01002133,20km to less than 30km,12,33,-21
E01002133,2km to less than 5km,102,167,-65
E01002133,30km to less than 40km,5,1,4
E01002133,40km to less than 60km,3,2,1
E01002133,5km to less than 10km,119,153,-34
E01002133,60km and over,10,13,-3
E01002133,Less than 2km,78,102,-24
E01002133,"Works mainly at an offshore installation, in no fixed place, or outside the UK",182,74,108
E01002133,Works mainly from home,234,91,143
E01002134,10km to less than 20km,109,231,-122
E01002134,20km to less than 30km,10,37,-27
E01002134,2km to less than 5km,68,84,-16
E01002134,30km to less than 40km,3,6,-3
E01002134,40km to less than 60km,2,7,-5
E01002134,5km to less than 10km,76,102,-26
E01002134,60km and over,2,10,-8
E01002134,Less than 2km,67,104,-37
E01002134,"Works mainly at an offshore installation, in no fixed place, or outside the UK",93,77,16
E01002134,Works mainly from home,331,114,217
E01002135,10km to less than 20km,152,233,-81
E01002135,20km to less than 30km,19,30,-11
E01002135,2km to less than 5km,126,138,-12
E01002135,30km to less than 40km,2,3,-1
E01002135,40km to less than 60km,5,3,2
E01002135,5km to less than 10km,143,159,-16
E01002135,60km and over,7,14,-7
E01002135,Less than 2km,61,92,-31
E01002135,"Works mainly at an offshore installation, in no fixed place, or outside the UK",192,135,57
E01002135,Works mainly from home,280,76,204
E01002136,10km to less than 20km,141,235,-94
E01002136,20km to less than 30km,20,43,-23
E01002136,2km to less than 5km,101,109,-8
E01002136,30km to less than 40km,2,3,-1
E01002136,40km to less than 60km,2,3,-1
E01002136,5km to less than 10km,115,141,-26
E01002136,60km and over,14,13,1
E01002136,Less than 2km,84,114,-30
E01002136,"Works mainly at an offshore installation, in no fixed place, or outside the UK",176,84,92
E01002136,Works mainly from home,376,77,299
E01002137,10km to less than 20km,81,202,-121
E01002137,20km to less than 30km,13,24,-11
E01002137,2km to less than 5km,28,58,-30
E01002137,30km to less than 40km,2,2,0
E01002137,40km to less than 60km,1,7,-6
E01002137,5km to less than 10km,45,48,-3
E01002137,60km and over,2,7,-5
E01002137,Less than 2km,131,155,-24
E01002137,"Works mainly at an offshore installation, in no fixed place, or outside the UK",44,43,1
E01002137,Works mainly from home,296,90,206
E01002138,10km to less than 20km,111,211,-100
E01002138,20km to less than 30km,17,41,-24
E01002138,2km to less than 5km,113,92,21
E01002138,30km to less than 40km,8,4,4
E01002138,40km to less than 60km,3,4,-1
E01002138,5km to less than 10km,93,136,-43
E01002138,60km and over,9,9,0
E01002138,Less than 2km,64,95,-31
E01002138,"Works mainly at an offshore installation, in no fixed place, or outside the UK",104,68,36
E01002138,Works mainly from home,236,72,164
E01002139,10km to less than 20km,84,107,-23
E01002139,20km to less than 30km,22,46,-24
E01002139,2km to less than 5km,111,115,-4
E01002139,30km to less than 40km,2,2,0
E01002139,40km to less than 60km,2,5,-3
E01002139,5km to less than 10km,76,98,-22
E01002139,60km and over,15,4,11
E01002139,Less than 2km,44,63,-19
E01002139,"Works mainly at an offshore installation, in no fixed place, or outside the UK",121,52,69
E01002139,Works mainly from home,157,33,124
E01002140,10km to less than 20km,105,168,-63
E01002140,20km to less than 30km,31,55,-24
E01002140,2km to less than 5km,123,155,-32
E01002140,30km to less than 40km,5,10,-5
E01002140,40km to less than 60km,1,3,-2
E01002140,5km to less than 10km,83,151,-68
E01002140,60km and over,9,10,-1
E01002140,Less than 2km,55,83,-28
E01002140,"Works mainly at an offshore installation, in no fixed place, or outside the UK",172,96,76
E01002140,Works mainly from home,233,58,175
E01002141,10km to less than 20km,107,192,-85
E01002141,20km to less than 30km,26,57,-31
E01002141,2km to less than 5km,83,131,-48
E01002141,30km to less than 40km,6,13,-7
E01002141,40km to less than 60km,0,12,-12
E01002141,5km to less than 10km,82,146,-64
E01002141,60km and over,5,12,-7
E01002141,Less than 2km,43,87,-44
E01002141,"Works mainly at an offshore installation, in no fixed place, or outside the UK",169,107,62
E01002141,Works mainly from home,310,92,218
E01002142,10km to less than 20km,124,201,-77
E01002142,20km to less than 30km,19,67,-48
E01002142,2km to less than 5km,98,137,-39
E01002142,30km to less than 40km,5,6,-1
E01002142,40km to less than 60km,3,6,-3
E01002142,5km to less than 10km,90,151,-61
E01002142,60km and over,7,7,0
E01002142,Less than 2km,51,94,-43
E01002142,"Works mainly at an offshore installation, in no fixed place, or outside the UK",162,113,49
E01002142,Works mainly from home,312,113,199
E01002143,10km to less than 20km,90,164,-74
E01002143,20km to less than 30km,21,39,-18
E01002143,2km to less than 5km,96,132,-36
E01002143,30km to less than 40km,3,16,-13
E01002143,40km to less than 60km,3,1,2
E01002143,5km to less than 10km,109,143,-34
E01002143,60km and over,15,9,6
E01002143,Less than 2km,53,100,-47
E01002143,"Works mainly at an offshore installation, in no fixed place, or outside the UK",140,68,72
E01002143,Works mainly from home,211,44,167
E01002144,10km to less than 20km,93,180,-87
E01002144,20km to less than 30km,23,59,-36
E01002144,2km to less than 5km,89,134,-45
E01002144,30km to less than 40km,6,7,-1
E01002144,40km to less than 60km,9,9,0
E01002144,5km to less than 10km,80,113,-33
E01002144,60km and over,2,8,-6
E01002144,Less than 2km,21,55,-34
E01002144,"Works mainly at an offshore installation, in no fixed place, or outside the UK",96,83,13
E01002144,Works mainly from home,338,114,224
E01002145,10km to less than 20km,107,162,-55
E01002145,20km to less than 30km,18,45,-27
E01002145,2km to less than 5km,81,104,-23
E01002145,30km to less than 40km,12,8,4
E01002145,40km to less than 60km,2,5,-3
E01002145,5km to less than 10km,85,118,-33
E01002145,60km and over,4,7,-3
E01002145,Less than 2km,40,63,-23
E01002145,"Works mainly at an offshore installation, in no fixed place, or outside the UK",125,72,53
E01002145,Works mainly from home,257,76,181
E01002146,10km to less than 20km,62,159,-97
E01002146,20km to less than 30km,26,106,-80
E01002146,2km to less than 5km,76,118,-42
E01002146,30km to less than 40km,2,16,-14
E01002146,40km to less than 60km,7,6,1
E01002146,5km to less than 10km,67,118,-51
E01002146,60km and over,2,5,-3
E01002146,Less than 2km,21,37,-16
E01002146,"Works mainly at an offshore installation, in no fixed place, or outside the UK",79,68,11
E01002146,Works mainly from home,394,114,280
E01002147,10km to less than 20km,50,117,-67
E01002147,20km to less than 30km,31,84,-53
E01002147,2km to less than 5km,53,107,-54
E01002147,30km to less than 40km,7,11,-4
E01002147,40km to less than 60km,2,3,-1
E01002147,5km to less than 10km,58,117,-59
E01002147,60km and over,4,7,-3
E01002147,Less than 2km,13,20,-7
E01002147,"Works mainly at an offshore installation, in no fixed place, or outside the UK",60,60,0
E01002147,Works mainly from home,362,121,241
E01002148,10km to less than 20km,76,158,-82
E01002148,20km to less than 30km,33,80,-47
E01002148,2km to less than 5km,96,112,-16
E01002148,30km to less than 40km,4,8,-4
E01002148,40km to less than 60km,4,8,-4
E01002148,5km to less than 10km,60,126,-66
E01002148,60km and over,8,15,-7
E01002148,Less than 2km,21,44,-23
E01002148,"Works mainly at an offshore installation, in no fixed place, or outside the UK",87,58,29
E01002148,Works mainly from home,312,89,223
E01002149,10km to less than 20km,60,133,-73
E01002149,20km to less than 30km,37,128,-91
E01002149,2km to less than 5km,50,114,-64
E01002149,30km to less than 40km,3,10,-7
E01002149,40km to less than 60km,2,6,-4
E01002149,5km to less than 10km,73,105,-32
E01002149,60km and over,2,9,-7
E01002149,Less than 2km,15,42,-27
E01002149,"Works mainly at an offshore installation, in no fixed place, or outside the UK",39,42,-3
E01002149,Works mainly from home,369,112,257
E01002150,10km to less than 20km,113,181,-68
E01002150,20km to less than 30km,53,123,-70
E01002150,2km to less than 5km,116,155,-39
E01002150,30km to less than 40km,9,11,-2
E01002150,40km to less than 60km,7,15,-8
E01002150,5km to less than 10km,95,142,-47
E01002150,60km and over,9,13,-4
E01002150,Less than 2km,53,72,-19
E01002150,"Works mainly at an offshore installation, in no fixed place, or outside the UK",153,92,61
E01002150,Works mainly from home,404,88,316
E01002151,10km to less than 20km,81,114,-33
E01002151,20km to less than 30km,19,34,-15
E01002151,2km to less than 5km,90,106,-16
E01002151,30km to less than 40km,4,5,-1
E01002151,40km to less than 60km,6,6,0
E01002151,5km to less than 10km,68,121,-53
E01002151,60km and over,7,4,3
E01002151,Less than 2km,41,64,-23
E01002151,"Works mainly at an offshore installation, in no fixed place, or outside the UK",136,58,78
E01002151,Works mainly from home,202,34,168
E01002152,10km to less than 20km,76,169,-93
E01002152,20km to less than 30km,35,143,-108
E01002152,2km to less than 5km,62,112,-50
E01002152,30km to less than 40km,6,11,-5
E01002152,40km to less than 60km,2,11,-9
E01002152,5km to less than 10km,92,137,-45
E01002152,60km and over,7,17,-10
E01002152,Less than 2km,22,38,-16
E01002152,"Works mainly at an offshore installation, in no fixed place, or outside the UK",89,75,14
E01002152,Works mainly from home,377,126,251
E01002153,10km to less than 20km,83,201,-118
E01002153,20km to less than 30km,32,95,-63
E01002153,2km to less than 5km,86,97,-11
E01002153,30km to less than 40km,20,14,6
E01002153,40km to less than 60km,0,6,-6
E01002153,5km to less than 10km,74,129,-55
E01002153,60km and over,10,9,1
E01002153,Less than 2km,35,80,-45
E01002153,"Works mainly at an offshore installation, in no fixed place, or outside the UK",130,75,55
E01002153,Works mainly from home,402,111,291
E01002155,10km to less than 20km,87,196,-109
E01002155,20km to less than 30km,30,107,-77
E01002155,2km to less than 5km,80,125,-45
E01002155,30km to less than 40km,2,15,-13
E01002155,40km to less than 60km,2,12,-10
E01002155,5km to less than 10km,77,117,-40
E01002155,60km and over,3,6,-3
E01002155,Less than 2km,34,74,-40
E01002155,"Works mainly at an offshore installation, in no fixed place, or outside the UK",80,66,14
E01002155,Works mainly from home,438,85,353
E01002156,10km to less than 20km,84,167,-83
E01002156,20km to less than 30km,26,73,-47
E01002156,2km to less than 5km,85,118,-33
E01002156,30km to less than 40km,8,11,-3
E01002156,40km to less than 60km,3,5,-2
E01002156,5km to less than 10km,66,127,-61
E01002156,60km and over,3,11,-8
E01002156,Less than 2km,50,97,-47
E01002156,"Works mainly at an offshore installation, in no fixed place, or outside the UK",74,70,4
E01002156,Works mainly from home,390,92,298
E01002157,10km to less than 20km,80,222,-142
E01002157,20km to less than 30km,42,88,-46
E01002157,2km to less than 5km,82,116,-34
E01002157,30km to less than 40km,8,9,-1
E01002157,40km to less than 60km,9,12,-3
E01002157,5km to less than 10km,76,144,-68
E01002157,60km and over,5,11,-6
E01002157,Less than 2km,46,70,-24
E01002157,"Works mainly at an offshore installation, in no fixed place, or outside the UK",130,75,55
E01002157,Works mainly from home,378,121,257
E01002158,10km to less than 20km,67,154,-87
E01002158,20km to less than 30km,45,110,-65
E01002158,2km to less than 5km,57,128,-71
E01002158,30km to less than 40km,9,11,-2
E01002158,40km to less than 60km,2,9,-7
E01002158,5km to less than 10km,57,132,-75
E01002158,60km and over,15,11,4
E01002158,Less than 2km,39,70,-31
E01002158,"Works mainly at an offshore installation, in no fixed place, or outside the UK",75,61,14
E01002158,Works mainly from home,355,84,271
E01002159,10km to less than 20km,101,254,-153
E01002159,20km to less than 30km,22,75,-53
E01002159,2km to less than 5km,106,95,11
E01002159,30km to less than 40km,7,10,-3
E01002159,40km to less than 60km,5,4,1
E01002159,5km to less than 10km,116,154,-38
E01002159,60km and over,19,15,4
E01002159,Less than 2km,80,140,-60
E01002159,"Works mainly at an offshore installation, in no fixed place, or outside the UK",124,81,43
E01002159,Works mainly from home,415,91,324
E01002160,10km to less than 20km,163,287,-124
E01002160,20km to less than 30km,29,67,-38
E01002160,2km to less than 5km,92,124,-32
E01002160,30km to less than 40km,4,17,-13
E01002160,40km to less than 60km,5,5,0
E01002160,5km to less than 10km,123,178,-55
E01002160,60km and over,6,6,0
E01002160,Less than 2km,124,153,-29
E01002160,"Works mainly at an offshore installation, in no fixed place, or outside the UK",238,116,122
E01002160,Works mainly from home,498,103,395
E01002161,10km to less than 20km,120,272,-152
E01002161,20km to less than 30km,40,95,-55
E01002161,2km to less than 5km,103,130,-27
E01002161,30km to less than 40km,2,7,-5
E01002161,40km to less than 60km,7,10,-3
E01002161,5km to less than 10km,120,150,-30
E01002161,60km and over,4,14,-10
E01002161,Less than 2km,72,101,-29
E01002161,"Works mainly at an offshore installation, in no fixed place, or outside the UK",160,112,48
E01002161,Works mainly from home,398,91,307
E01002162,10km to less than 20km,107,246,-139
E01002162,20km to less than 30km,23,59,-36
E01002162,2km to less than 5km,98,111,-13
E01002162,30km to less than 40km,4,12,-8
E01002162,40km to less than 60km,7,4,3
E01002162,5km to less than 10km,102,168,-66
E01002162,60km and over,13,12,1
E01002162,Less than 2km,85,124,-39
E01002162,"Works mainly at an offshore installation, in no fixed place, or outside the UK",161,77,84
E01002162,Works mainly from home,301,74,227
E01002163,10km to less than 20km,84,201,-117
E01002163,20km to less than 30km,25,50,-25
E01002163,2km to less than 5km,81,104,-23
E01002163,30km to less than 40km,4,10,-6
E01002163,40km to less than 60km,8,8,0
E01002163,5km to less than 10km,76,131,-55
E01002163,60km and over,7,4,3
E01002163,Less than 2km,65,130,-65
E01002163,"Works mainly at an offshore installation, in no fixed place, or outside the UK",104,42,62
E01002163,Works mainly from home,371,92,279
E01002164,10km to less than 20km,133,314,-181
E01002164,20km to less than 30km,15,68,-53
E01002164,2km to less than 5km,79,99,-20
E01002164,30km to less than 40km,4,12,-8
E01002164,40km to less than 60km,1,9,-8
E01002164,5km to less than 10km,102,118,-16
E01002164,60km and over,5,13,-8
E01002164,Less than 2km,68,105,-37
E01002164,"Works mainly at an offshore installation, in no fixed place, or outside the UK",138,102,36
E01002164,Works mainly from home,419,93,326
E01002165,10km to less than 20km,148,196,-48
E01002165,20km to less than 30km,20,23,-3
E01002165,2km to less than 5km,118,148,-30
E01002165,30km to less than 40km,3,3,0
E01002165,40km to less than 60km,0,6,-6
E01002165,5km to less than 10km,127,166,-39
E01002165,60km and over,12,14,-2
E01002165,Less than 2km,59,73,-14
E01002165,"Works mainly at an offshore installation, in no fixed place, or outside the UK",244,175,69
E01002165,Works mainly from home,191,68,123
E01002166,10km to less than 20km,121,181,-60
E01002166,20km to less than 30km,16,31,-15
E01002166,2km to less than 5km,105,148,-43
E01002166,30km to less than 40km,6,9,-3
E01002166,40km to less than 60km,5,8,-3
E01002166,5km to less than 10km,99,135,-36
E01002166,60km and over,5,9,-4
E01002166,Less than 2km,57,78,-21
E01002166,"Works mainly at an offshore installation, in no fixed place, or outside the UK",220,136,84
E01002166,Works mainly from home,208,72,136
E01002167,10km to less than 20km,108,202,-94
E01002167,20km to less than 30km,24,21,3
E01002167,2km to less than 5km,111,152,-41
E01002167,30km to less than 40km,3,6,-3
E01002167,40km to less than 60km,10,6,4
E01002167,5km to less than 10km,95,133,-38
E01002167,60km and over,7,7,0
E01002167,Less than 2km,64,79,-15
E01002167,"Works mainly at an offshore installation, in no fixed place, or outside the UK",207,126,81
E01002167,Works mainly from home,192,71,121
E01002168,10km to less than 20km,90,143,-53
E01002168,20km to less than 30km,16,15,1
E01002168,2km to less than 5km,111,141,-30
E01002168,30km to less than 40km,5,4,1
E01002168,40km to less than 60km,7,5,2
E01002168,5km to less than 10km,102,125,-23
E01002168,60km and over,16,8,8
E01002168,Less than 2km,54,76,-22
E01002168,"Works mainly at an offshore installation, in no fixed place, or outside the UK",160,86,74
E01002168,Works mainly from home,167,51,116
E01002169,10km to less than 20km,106,174,-68
E01002169,20km to less than 30km,17,35,-18
E01002169,2km to less than 5km,99,164,-65
E01002169,30km to less than 40km,9,4,5
E01002169,40km to less than 60km,2,4,-2
E01002169,5km to less than 10km,82,141,-59
E01002169,60km and over,5,6,-1
E01002169,Less than 2km,46,56,-10
E01002169,"Works mainly at an offshore installation, in no fixed place, or outside the UK",218,134,84
E01002169,Works mainly from home,192,56,136
E01002170,10km to less than 20km,88,187,-99
E01002170,20km to less than 30km,15,20,-5
E01002170,2km to less than 5km,84,108,-24
E01002170,30km to less than 40km,4,11,-7
E01002170,40km to less than 60km,6,6,0
E01002170,5km to less than 10km,81,109,-28
E01002170,60km and over,4,6,-2
E01002170,Less than 2km,43,53,-10
E01002170,"Works mainly at an offshore installation, in no fixed place, or outside the UK",143,81,62
E01002170,Works mainly from home,199,42,157
E01002171,10km to less than 20km,126,222,-96
E01002171,20km to less than 30km,20,20,0
E01002171,2km to less than 5km,120,161,-41
E01002171,30km to less than 40km,5,2,3
E01002171,40km to less than 60km,4,3,1
E01002171,5km to less than 10km,99,137,-38
E01002171,60km and over,7,10,-3
E01002171,Less than 2km,51,77,-26
E01002171,"Works mainly at an offshore installation, in no fixed place, or outside the UK",194,138,56
E01002171,Works mainly from home,185,63,122
E01002172,10km to less than 20km,111,205,-94
E01002172,20km to less than 30km,16,27,-11
E01002172,2km to less than 5km,81,113,-32
E01002172,30km to less than 40km,3,9,-6
E01002172,40km to less than 60km,5,4,1
E01002172,5km to less than 10km,85,135,-50
E01002172,60km and over,3,10,-7
E01002172,Less than 2km,79,124,-45
E01002172,"Works mainly at an offshore installation, in no fixed place, or outside the UK",174,84,90
E01002172,Works mainly from home,212,59,153
E01002173,10km to less than 20km,115,240,-125
E01002173,20km to less than 30km,30,38,-8
E01002173,2km to less than 5km,92,145,-53
E01002173,30km to less than 40km,9,7,2
E01002173,40km to less than 60km,12,9,3
E01002173,5km to less than 10km,102,146,-44
E01002173,60km and over,17,9,8
E01002173,Less than 2km,100,148,-48
E01002173,"Works mainly at an offshore installation, in no fixed place, or outside the UK",207,96,111
E01002173,Works mainly from home,280,66,214
E01002174,10km to less than 20km,107,217,-110
E01002174,20km to less than 30km,20,28,-8
E01002174,2km to less than 5km,89,150,-61
E01002174,30km to less than 40km,2,16,-14
E01002174,40km to less than 60km,4,9,-5
E01002174,5km to less than 10km,78,122,-44
E01002174,60km and over,5,11,-6
E01002174,Less than 2km,51,87,-36
E01002174,"Works mainly at an offshore installation, in no fixed place, or outside the UK",129,89,40
E01002174,Works mainly from home,271,81,190
E01002175,10km to less than 20km,88,208,-120
E01002175,20km to less than 30km,18,35,-17
E01002175,2km to less than 5km,81,144,-63
E01002175,30km to less than 40km,2,5,-3
E01002175,40km to less than 60km,4,7,-3
E01002175,5km to less than 10km,62,109,-47
E01002175,60km and over,11,14,-3
E01002175,Less than 2km,49,78,-29
E01002175,"Works mainly at an offshore installation, in no fixed place, or outside the UK",132,101,31
E01002175,Works mainly from home,220,54,166
E01002176,10km to less than 20km,134,220,-86
E01002176,20km to less than 30km,22,25,-3
E01002176,2km to less than 5km,82,115,-33
E01002176,30km to less than 40km,2,6,-4
E01002176,40km to less than 60km,7,12,-5
E01002176,5km to less than 10km,99,168,-69
E01002176,60km and over,8,12,-4
E01002176,Less than 2km,86,127,-41
E01002176,"Works mainly at an offshore installation, in no fixed place, or outside the UK",140,150,-10
E01002176,Works mainly from home,285,81,204
E01002177,10km to less than 20km,115,160,-45
E01002177,20km to less than 30km,24,34,-10
E01002177,2km to less than 5km,101,111,-10
E01002177,30km to less than 40km,12,14,-2
E01002177,40km to less than 60km,0,5,-5
E01002177,5km to less than 10km,79,136,-57
E01002177,60km and over,5,6,-1
E01002177,Less than 2km,68,87,-19
E01002177,"Works mainly at an offshore installation, in no fixed place, or outside the UK",124,65,59
E01002177,Works mainly from home,248,54,194
E01002178,10km to less than 20km,116,226,-110
E01002178,20km to less than 30km,19,39,-20
E01002178,2km to less than 5km,96,140,-44
E01002178,30km to less than 40km,4,15,-11
E01002178,40km to less than 60km,5,8,-3
E01002178,5km to less than 10km,92,129,-37
E01002178,60km and over,9,10,-1
E01002178,Less than 2km,65,108,-43
E01002178,"Works mainly at an offshore installation, in no fixed place, or outside the UK",123,91,32
E01002178,Works mainly from home,292,46,246
E01002179,10km to less than 20km,226,295,-69
E01002179,20km to less than 30km,33,47,-14
E01002179,2km to less than 5km,115,118,-3
E01002179,30km to less than 40km,4,12,-8
E01002179,40km to less than 60km,8,4,4
E01002179,5km to less than 10km,139,174,-35
E01002179,60km and over,17,10,7
E01002179,Less than 2km,104,149,-45
E01002179,"Works mainly at an offshore installation, in no fixed place, or outside the UK",234,148,86
E01002179,Works mainly from home,349,97,252
E01002181,10km to less than 20km,164,312,-148
E01002181,20km to less than 30km,42,57,-15
E01002181,2km to less than 5km,105,115,-10
E01002181,30km to less than 40km,12,12,0
E01002181,40km to less than 60km,12,7,5
E01002181,5km to less than 10km,113,137,-24
E01002181,60km and over,10,21,-11
E01002181,Less than 2km,95,144,-49
E01002181,"Works mainly at an offshore installation, in no fixed place, or outside the UK",193,108,85
E01002181,Works mainly from home,499,70,429
E01002182,10km to less than 20km,142,319,-177
E01002182,20km to less than 30km,20,51,-31
E01002182,2km to less than 5km,64,90,-26
E01002182,30km to less than 40km,6,17,-11
E01002182,40km to less than 60km,3,5,-2
E01002182,5km to less than 10km,111,143,-32
E01002182,60km and over,6,15,-9
E01002182,Less than 2km,106,188,-82
E01002182,"Works mainly at an offshore installation, in no fixed place, or outside the UK",187,104,83
E01002182,Works mainly from home,392,87,305
E01002183,10km to less than 20km,125,221,-96
E01002183,20km to less than 30km,26,40,-14
E01002183,2km to less than 5km,100,145,-45
E01002183,30km to less than 40km,6,16,-10
E01002183,40km to less than 60km,5,3,2
E01002183,5km to less than 10km,108,181,-73
E01002183,60km and over,12,12,0
E01002183,Less than 2km,96,155,-59
E01002183,"Works mainly at an offshore installation, in no fixed place, or outside the UK",203,151,52
E01002183,Works mainly from home,237,69,168
E01002184,10km to less than 20km,122,214,-92
E01002184,20km to less than 30km,19,39,-20
E01002184,2km to less than 5km,107,118,-11
E01002184,30km to less than 40km,4,6,-2
E01002184,40km to less than 60km,5,7,-2
E01002184,5km to less than 10km,93,161,-68
E01002184,60km and over,16,6,10
E01002184,Less than 2km,81,146,-65
E01002184,"Works mainly at an offshore installation, in no fixed place, or outside the UK",222,120,102
E01002184,Works mainly from home,217,72,145
E01002185,10km to less than 20km,87,148,-61
E01002185,20km to less than 30km,50,120,-70
E01002185,2km to less than 5km,76,119,-43
E01002185,30km to less than 40km,5,3,2
E01002185,40km to less than 60km,5,4,1
E01002185,5km to less than 10km,136,149,-13
E01002185,60km and over,6,8,-2
E01002185,Less than 2km,52,78,-26
E01002185,"Works mainly at an offshore installation, in no fixed place, or outside the UK",126,81,45
E01002185,Works mainly from home,305,84,221
E01002186,10km to less than 20km,104,116,-12
E01002186,20km to less than 30km,51,135,-84
E01002186,2km to less than 5km,87,94,-7
E01002186,30km to less than 40km,5,7,-2
E01002186,40km to less than 60km,1,5,-4
E01002186,5km to less than 10km,79,107,-28
E01002186,60km and over,3,4,-1
E01002186,Less than 2km,53,39,14
E01002186,"Works mainly at an offshore installation, in no fixed place, or outside the UK",131,75,56
E01002186,Works mainly from home,372,69,303
E01002187,10km to less than 20km,88,154,-66
E01002187,20km to less than 30km,33,171,-138
E01002187,2km to less than 5km,77,106,-29
E01002187,30km to less than 40km,14,9,5
E01002187,40km to less than 60km,2,5,-3
E01002187,5km to less than 10km,81,128,-47
E01002187,60km and over,8,12,-4
E01002187,Less than 2km,34,50,-16
E01002187,"Works mainly at an offshore installation, in no fixed place, or outside the UK",85,80,5
E01002187,Works mainly from home,461,126,335
E01002188,10km to less than 20km,54,159,-105
E01002188,20km to less than 30km,32,153,-121
E01002188,2km to less than 5km,57,96,-39
E01002188,30km to less than 40km,3,9,-6
E01002188,40km to less than 60km,5,5,0
E01002188,5km to less than 10km,44,84,-40
E01002188,60km and over,6,10,-4
E01002188,Less than 2km,33,71,-38
E01002188,"Works mainly at an offshore installation, in no fixed place, or outside the UK",51,51,0
E01002188,Works mainly from home,455,141,314
E01002189,10km to less than 20km,71,211,-140
E01002189,20km to less than 30km,33,129,-96
E01002189,2km to less than 5km,67,105,-38
E01002189,30km to less than 40km,6,10,-4
E01002189,40km to less than 60km,7,11,-4
E01002189,5km to less than 10km,62,102,-40
E01002189,60km and over,2,13,-11
E01002189,Less than 2km,37,74,-37
E01002189,"Works mainly at an offshore installation, in no fixed place, or outside the UK",72,66,6
E01002189,Works mainly from home,484,111,373
E01002190,10km to less than 20km,63,140,-77
E01002190,20km to less than 30km,49,155,-106
E01002190,2km to less than 5km,61,99,-38
E01002190,30km to less than 40km,9,10,-1
E01002190,40km to less than 60km,5,9,-4
E01002190,5km to less than 10km,76,126,-50
E01002190,60km and over,5,13,-8
E01002190,Less than 2km,25,67,-42
E01002190,"Works mainly at an offshore installation, in no fixed place, or outside the UK",74,63,11
E01002190,Works mainly from home,426,112,314
E01002191,10km to less than 20km,108,200,-92
E01002191,20km to less than 30km,47,145,-98
E01002191,2km to less than 5km,105,141,-36
E01002191,30km to less than 40km,9,10,-1
E01002191,40km to less than 60km,3,9,-6
E01002191,5km to less than 10km,137,159,-22
E01002191,60km and over,16,14,2
E01002191,Less than 2km,36,77,-41
E01002191,"Works mainly at an offshore installation, in no fixed place, or outside the UK",111,94,17
E01002191,Works mainly from home,468,100,368
E01002192,10km to less than 20km,66,144,-78
E01002192,20km to less than 30km,41,143,-102
E01002192,2km to less than 5km,65,84,-19
E01002192,30km to less than 40km,12,9,3
E01002192,40km to less than 60km,6,6,0
E01002192,5km to less than 10km,65,103,-38
E01002192,60km and over,7,11,-4
E01002192,Less than 2km,45,46,-1
E01002192,"Works mainly at an offshore installation, in no fixed place, or outside the UK",44,52,-8
E01002192,Works mainly from home,414,113,301
E01002193,10km to less than 20km,85,215,-130
E01002193,20km to less than 30km,40,120,-80
E01002193,2km to less than 5km,88,130,-42
E01002193,30km to less than 40km,6,9,-3
E01002193,40km to less than 60km,1,6,-5
E01002193,5km to less than 10km,82,119,-37
E01002193,60km and over,5,12,-7
E01002193,Less than 2km,37,90,-53
E01002193,"Works mainly at an offshore installation, in no fixed place, or outside the UK",97,80,17
E01002193,Works mainly from home,451,108,343
E01002194,10km to less than 20km,78,167,-89
E01002194,20km to less than 30km,36,144,-108
E01002194,2km to less than 5km,61,117,-56
E01002194,30km to less than 40km,5,6,-1
E01002194,40km to less than 60km,1,13,-12
E01002194,5km to less than 10km,68,93,-25
E01002194,60km and over,3,16,-13
E01002194,Less than 2km,45,79,-34
E01002194,"Works mainly at an offshore installation, in no fixed place, or outside the UK",65,72,-7
E01002194,Works mainly from home,503,123,380
E01002195,10km to less than 20km,81,170,-89
E01002195,20km to less than 30km,27,107,-80
E01002195,2km to less than 5km,70,98,-28
E01002195,30km to less than 40km,5,14,-9
E01002195,40km to less than 60km,2,4,-2
E01002195,5km to less than 10km,86,124,-38
E01002195,60km and over,3,9,-6
E01002195,Less than 2km,43,83,-40
E01002195,"Works mainly at an offshore installation, in no fixed place, or outside the UK",85,60,25
E01002195,Works mainly from home,394,98,296
E01002196,10km to less than 20km,73,201,-128
E01002196,20km to less than 30km,28,130,-102
E01002196,2km to less than 5km,71,128,-57
E01002196,30km to less than 40km,8,13,-5
E01002196,40km to less than 60km,2,14,-12
E01002196,5km to less than 10km,75,154,-79
E01002196,60km and over,7,11,-4
E01002196,Less than 2km,41,69,-28
E01002196,"Works mainly at an offshore installation, in no fixed place, or outside the UK",69,77,-8
E01002196,Works mainly from home,487,114,373
E01002197,10km to less than 20km,65,168,-103
E01002197,20km to less than 30km,14,17,-3
E01002197,2km to less than 5km,83,128,-45
E01002197,30km to less than 40km,3,6,-3
E01002197,40km to less than 60km,3,5,-2
E01002197,5km to less than 10km,96,106,-10
E01002197,60km and over,5,6,-1
E01002197,Less than 2km,51,62,-11
E01002197,"Works mainly at an offshore installation, in no fixed place, or outside the UK",125,86,39
E01002197,Works mainly from home,221,60,161
E01002198,10km to less than 20km,144,234,-90
E01002198,20km to less than 30km,18,35,-17
E01002198,2km to less than 5km,111,120,-9
E01002198,30km to less than 40km,4,9,-5
E01002198,40km to less than 60km,8,6,2
E01002198,5km to less than 10km,114,142,-28
E01002198,60km and over,10,10,0
E01002198,Less than 2km,72,97,-25
E01002198,"Works mainly at an offshore installation, in no fixed place, or outside the UK",283,177,106
E01002198,Works mainly from home,211,65,146
E01002199,10km to less than 20km,86,197,-111
E01002199,20km to less than 30km,20,32,-12
E01002199,2km to less than 5km,97,134,-37
E01002199,30km to less than 40km,5,11,-6
E01002199,40km to less than 60km,4,5,-1
E01002199,5km to less than 10km,98,113,-15
E01002199,60km and over,9,9,0
E01002199,Less than 2km,53,64,-11
E01002199,"Works mainly at an offshore installation, in no fixed place, or outside the UK",137,92,45
E01002199,Works mainly from home,243,62,181
E01002200,10km to less than 20km,142,217,-75
E01002200,20km to less than 30km,38,29,9
E01002200,2km to less than 5km,104,110,-6
E01002200,30km to less than 40km,8,9,-1
E01002200,40km to less than 60km,2,3,-1
E01002200,5km to less than 10km,153,147,6
E01002200,60km and over,17,4,13
E01002200,Less than 2km,76,71,5
E01002200,"Works mainly at an offshore installation, in no fixed place, or outside the UK",301,134,167
E01002200,Works mainly from home,214,65,149
E01002201,10km to less than 20km,117,217,-100
E01002201,20km to less than 30km,16,39,-23
E01002201,2km to less than 5km,100,179,-79
E01002201,30km to less than 40km,3,16,-13
E01002201,40km to less than 60km,2,10,-8
E01002201,5km to less than 10km,82,152,-70
E01002201,60km and over,13,15,-2
E01002201,Less than 2km,49,72,-23
E01002201,"Works mainly at an offshore installation, in no fixed place, or outside the UK",204,102,102
E01002201,Works mainly from home,287,55,232
E01002202,10km to less than 20km,138,222,-84
E01002202,20km to less than 30km,32,48,-16
E01002202,2km to less than 5km,115,142,-27
E01002202,30km to less than 40km,7,8,-1
E01002202,40km to less than 60km,10,9,1
E01002202,5km to less than 10km,113,158,-45
E01002202,60km and over,16,12,4
E01002202,Less than 2km,62,70,-8
E01002202,"Works mainly at an offshore installation, in no fixed place, or outside the UK",318,153,165
E01002202,Works mainly from home,160,62,98
E01002203,10km to less than 20km,124,232,-108
E01002203,20km to less than 30km,25,24,1
E01002203,2km to less than 5km,104,117,-13
E01002203,30km to less than 40km,10,11,-1
E01002203,40km to less than 60km,5,6,-1
E01002203,5km to less than 10km,109,133,-24
E01002203,60km and over,9,9,0
E01002203,Less than 2km,62,87,-25
E01002203,"Works mainly at an offshore installation, in no fixed place, or outside the UK",227,127,100
E01002203,Works mainly from home,238,72,166
E01002204,10km to less than 20km,118,208,-90
E01002204,20km to less than 30km,38,74,-36
E01002204,2km to less than 5km,118,99,19
E01002204,30km to less than 40km,4,9,-5
E01002204,40km to less than 60km,1,4,-3
E01002204,5km to less than 10km,101,172,-71
E01002204,60km and over,13,14,-1
E01002204,Less than 2km,68,92,-24
E01002204,"Works mainly at an offshore installation, in no fixed place, or outside the UK",168,90,78
E01002204,Works mainly from home,272,61,211
E01002206,10km to less than 20km,77,152,-75
E01002206,20km to less than 30km,38,54,-16
E01002206,2km to less than 5km,87,117,-30
E01002206,30km to less than 40km,3,5,-2
E01002206,40km to less than 60km,1,5,-4
E01002206,5km to less than 10km,97,124,-27
E01002206,60km and over,4,10,-6
E01002206,Less than 2km,46,69,-23
E01002206,"Works mainly at an offshore installation, in no fixed place, or outside the UK",103,67,36
E01002206,Works mainly from home,218,63,155
E01002207,10km to less than 20km,92,191,-99
E01002207,20km to less than 30km,29,64,-35
E01002207,2km to less than 5km,119,123,-4
E01002207,30km to less than 40km,1,6,-5
E01002207,40km to less than 60km,4,5,-1
E01002207,5km to less than 10km,139,168,-29
E01002207,60km and over,2,13,-11
E01002207,Less than 2km,65,80,-15
E01002207,"Works mainly at an offshore installation, in no fixed place, or outside the UK",140,89,51
E01002207,Works mainly from home,259,62,197
E01002208,10km to less than 20km,67,148,-81
E01002208,20km to less than 30km,27,63,-36
E01002208,2km to less than 5km,51,93,-42
E01002208,30km to less than 40km,2,8,-6
E01002208,40km to less than 60km,4,6,-2
E01002208,5km to less than 10km,63,92,-29
E01002208,60km and over,7,6,1
E01002208,Less than 2km,30,52,-22
E01002208,"Works mainly at an offshore installation, in no fixed place, or outside the UK",59,60,-1
E01002208,Works mainly from home,335,93,242
E01002209,10km to less than 20km,121,190,-69
E01002209,20km to less than 30km,35,82,-47
E01002209,2km to less than 5km,102,139,-37
E01002209,30km to less than 40km,2,10,-8
E01002209,40km to less than 60km,3,6,-3
E01002209,5km to less than 10km,119,142,-23
E01002209,60km and over,8,6,2
E01002209,Less than 2km,53,78,-25
E01002209,"Works mainly at an offshore installation, in no fixed place, or outside the UK",113,80,33
E01002209,Works mainly from home,390,83,307
E01002210,10km to less than 20km,76,223,-147
E01002210,20km to less than 30km,27,92,-65
E01002210,2km to less than 5km,77,126,-49
E01002210,30km to less than 40km,3,10,-7
E01002210,40km to less than 60km,5,3,2
E01002210,5km to less than 10km,75,139,-64
E01002210,60km and over,10,12,-2
E01002210,Less than 2km,52,69,-17
E01002210,"Works mainly at an offshore installation, in no fixed place, or outside the UK",116,55,61
E01002210,Works mainly from home,336,60,276
E01002211,10km to less than 20km,102,146,-44
E01002211,20km to less than 30km,16,26,-10
E01002211,2km to less than 5km,112,124,-12
E01002211,30km to less than 40km,5,3,2
E01002211,40km to less than 60km,4,3,1
E01002211,5km to less than 10km,98,153,-55
E01002211,60km and over,14,9,5
E01002211,Less than 2km,55,61,-6
E01002211,"Works mainly at an offshore installation, in no fixed place, or outside the UK",136,86,50
E01002211,Works mainly from home,165,41,124
E01002212,10km to less than 20km,105,230,-125
E01002212,20km to less than 30km,28,47,-19
E01002212,2km to less than 5km,130,139,-9
E01002212,30km to less than 40km,7,6,1
E01002212,40km to less than 60km,1,1,0
E01002212,5km to less than 10km,118,149,-31
E01002212,60km and over,6,4,2
E01002212,Less than 2km,64,85,-21
E01002212,"Works mainly at an offshore installation, in no fixed place, or outside the UK",158,84,74
E01002212,Works mainly from home,208,53,155
E01002214,10km to less than 20km,97,192,-95
E01002214,20km to less than 30km,18,49,-31
E01002214,2km to less than 5km,93,112,-19
E01002214,30km to less than 40km,9,10,-1
E01002214,40km to less than 60km,10,5,5
E01002214,5km to less than 10km,134,174,-40
E01002214,60km and over,5,8,-3
E01002214,Less than 2km,66,86,-20
E01002214,"Works mainly at an offshore installation, in no fixed place, or outside the UK",148,94,54
E01002214,Works mainly from home,221,64,157
E01002215,10km to less than 20km,112,130,-18
E01002215,20km to less than 30km,20,47,-27
E01002215,2km to less than 5km,104,127,-23
E01002215,30km to less than 40km,5,7,-2
E01002215,40km to less than 60km,4,5,-1
E01002215,5km to less than 10km,104,112,-8
E01002215,60km and over,3,8,-5
E01002215,Less than 2km,60,66,-6
E01002215,"Works mainly at an offshore installation, in no fixed place, or outside the UK",151,69,82
E01002215,Works mainly from home,158,41,117
E01002216,10km to less than 20km,90,190,-100
E01002216,20km to less than 30km,25,63,-38
E01002216,2km to less than 5km,109,118,-9
E01002216,30km to less than 40km,3,11,-8
E01002216,40km to less than 60km,1,6,-5
E01002216,5km to less than 10km,85,147,-62
E01002216,60km and over,8,9,-1
E01002216,Less than 2km,47,82,-35
E01002216,"Works mainly at an offshore installation, in no fixed place, or outside the UK",109,64,45
E01002216,Works mainly from home,315,69,246
E01002217,10km to less than 20km,130,126,4
E01002217,20km to less than 30km,44,29,15
E01002217,2km to less than 5km,130,119,11
E01002217,30km to less than 40km,8,6,2
E01002217,40km to less than 60km,1,3,-2
E01002217,5km to less than 10km,155,121,34
E01002217,60km and over,9,4,5
E01002217,Less than 2km,54,68,-14
E01002217,"Works mainly at an offshore installation, in no fixed place, or outside the UK",136,50,86
E01002217,Works mainly from home,368,39,329
E01002218,10km to less than 20km,121,210,-89
E01002218,20km to less than 30km,27,41,-14
E01002218,2km to less than 5km,119,134,-15
E01002218,30km to less than 40km,3,9,-6
E01002218,40km to less than 60km,1,6,-5
E01002218,5km to less than 10km,127,139,-12
E01002218,60km and over,4,12,-8
E01002218,Less than 2km,67,63,4
E01002218,"Works mainly at an offshore installation, in no fixed place, or outside the UK",136,71,65
E01002218,Works mainly from home,262,59,203
E01002219,10km to less than 20km,148,227,-79
E01002219,20km to less than 30km,16,35,-19
E01002219,2km to less than 5km,122,130,-8
E01002219,30km to less than 40km,7,11,-4
E01002219,40km to less than 60km,9,7,2
E01002219,5km to less than 10km,156,155,1
E01002219,60km and over,9,12,-3
E01002219,Less than 2km,56,79,-23
E01002219,"Works mainly at an offshore installation, in no fixed place, or outside the UK",166,78,88
E01002219,Works mainly from home,174,83,91
E01002220,10km to less than 20km,103,178,-75
E01002220,20km to less than 30km,25,42,-17
E01002220,2km to less than 5km,103,148,-45
E01002220,30km to less than 40km,3,11,-8
E01002220,40km to less than 60km,4,13,-9
E01002220,5km to less than 10km,96,154,-58
E01002220,60km and over,9,15,-6
E01002220,Less than 2km,41,82,-41
E01002220,"Works mainly at an offshore installation, in no fixed place, or outside the UK",153,79,74
E01002220,Works mainly from home,236,64,172
E01002221,10km to less than 20km,125,185,-60
E01002221,20km to less than 30km,15,37,-22
E01002221,2km to less than 5km,98,135,-37
E01002221,30km to less than 40km,4,8,-4
E01002221,40km to less than 60km,7,10,-3
E01002221,5km to less than 10km,117,141,-24
E01002221,60km and over,12,11,1
E01002221,Less than 2km,54,72,-18
E01002221,"Works mainly at an offshore installation, in no fixed place, or outside the UK",151,78,73
E01002221,Works mainly from home,199,75,124
E01002222,10km to less than 20km,121,191,-70
E01002222,20km to less than 30km,22,44,-22
E01002222,2km to less than 5km,68,121,-53
E01002222,30km to less than 40km,3,11,-8
E01002222,40km to less than 60km,6,6,0
E01002222,5km to less than 10km,136,160,-24
E01002222,60km and over,12,5,7
E01002222,Less than 2km,50,58,-8
E01002222,"Works mainly at an offshore installation, in no fixed place, or outside the UK",136,79,57
E01002222,Works mainly from home,239,73,166
E01002223,10km to less than 20km,123,224,-101
E01002223,20km to less than 30km,40,57,-17
E01002223,2km to less than 5km,121,148,-27
E01002223,30km to less than 40km,7,12,-5
E01002223,40km to less than 60km,6,6,0
E01002223,5km to less than 10km,118,212,-94
E01002223,60km and over,9,10,-1
E01002223,Less than 2km,75,83,-8
E01002223,"Works mainly at an offshore installation, in no fixed place, or outside the UK",142,73,69
E01002223,Works mainly from home,254,80,174
E01002224,10km to less than 20km,126,185,-59
E01002224,20km to less than 30km,14,43,-29
E01002224,2km to less than 5km,101,86,15
E01002224,30km to less than 40km,5,7,-2
E01002224,40km to less than 60km,5,7,-2
E01002224,5km to less than 10km,121,141,-20
E01002224,60km and over,14,10,4
E01002224,Less than 2km,58,58,0
E01002224,"Works mainly at an offshore installation, in no fixed place, or outside the UK",103,72,31
E01002224,Works mainly from home,180,51,129
E01002225,10km to less than 20km,88,182,-94
E01002225,20km to less than 30km,19,49,-30
E01002225,2km to less than 5km,51,86,-35
E01002225,30km to less than 40km,6,8,-2
E01002225,40km to less than 60km,3,3,0
E01002225,5km to less than 10km,62,103,-41
E01002225,60km and over,3,13,-10
E01002225,Less than 2km,29,35,-6
E01002225,"Works mainly at an offshore installation, in no fixed place, or outside the UK",52,51,1
E01002225,Works mainly from home,417,148,269
E01002226,10km to less than 20km,171,290,-119
E01002226,20km to less than 30km,37,61,-24
E01002226,2km to less than 5km,105,127,-22
E01002226,30km to less than 40km,12,21,-9
E01002226,40km to less than 60km,11,8,3
E01002226,5km to less than 10km,113,171,-58
E01002226,60km and over,6,10,-4
E01002226,Less than 2km,58,49,9
E01002226,"Works mainly at an offshore installation, in no fixed place, or outside the UK",186,105,81
E01002226,Works mainly from home,552,199,353
E01002227,10km to less than 20km,120,163,-43
E01002227,20km to less than 30km,28,45,-17
E01002227,2km to less than 5km,112,104,8
E01002227,30km to less than 40km,6,5,1
E01002227,40km to less than 60km,6,2,4
E01002227,5km to less than 10km,91,133,-42
E01002227,60km and over,2,9,-7
E01002227,Less than 2km,37,49,-12
E01002227,"Works mainly at an offshore installation, in no fixed place, or outside the UK",202,91,111
E01002227,Works mainly from home,232,63,169
E01002228,10km to less than 20km,156,261,-105
E01002228,20km to less than 30km,32,56,-24
E01002228,2km to less than 5km,111,130,-19
E01002228,30km to less than 40km,20,20,0
E01002228,40km to less than 60km,9,7,2
E01002228,5km to less than 10km,149,228,-79
E01002228,60km and over,11,21,-10
E01002228,Less than 2km,34,51,-17
E01002228,"Works mainly at an offshore installation, in no fixed place, or outside the UK",131,71,60
E01002228,Works mainly from home,397,126,271
E01002229,10km to less than 20km,101,237,-136
E01002229,20km to less than 30km,16,35,-19
E01002229,2km to less than 5km,74,110,-36
E01002229,30km to less than 40km,5,11,-6
E01002229,40km to less than 60km,6,8,-2
E01002229,5km to less than 10km,103,121,-18
E01002229,60km and over,6,11,-5
E01002229,Less than 2km,51,46,5
E01002229,"Works mainly at an offshore installation, in no fixed place, or outside the UK",159,95,64
E01002229,Works mainly from home,301,90,211
E01002230,10km to less than 20km,112,233,-121
E01002230,20km to less than 30km,38,59,-21
E01002230,2km to less than 5km,88,143,-55
E01002230,30km to less than 40km,14,8,6
E01002230,40km to less than 60km,9,8,1
E01002230,5km to less than 10km,100,165,-65
E01002230,60km and over,8,7,1
E01002230,Less than 2km,28,53,-25
E01002230,"Works mainly at an offshore installation, in no fixed place, or outside the UK",140,94,46
E01002230,Works mainly from home,339,106,233
E01002231,10km to less than 20km,138,215,-77
E01002231,20km to less than 30km,15,42,-27
E01002231,2km to less than 5km,112,130,-18
E01002231,30km to less than 40km,4,6,-2
E01002231,40km to less than 60km,4,10,-6
E01002231,5km to less than 10km,118,178,-60
E01002231,60km and over,7,6,1
E01002231,Less than 2km,64,108,-44
E01002231,"Works mainly at an offshore installation, in no fixed place, or outside the UK",219,78,141
E01002231,Works mainly from home,273,70,203
E01002232,10km to less than 20km,119,205,-86
E01002232,20km to less than 30km,15,62,-47
E01002232,2km to less than 5km,105,153,-48
E01002232,30km to less than 40km,6,3,3
E01002232,40km to less than 60km,4,6,-2
E01002232,5km to less than 10km,104,155,-51
E01002232,60km and over,6,9,-3
E01002232,Less than 2km,71,132,-61
E01002232,"Works mainly at an offshore installation, in no fixed place, or outside the UK",193,93,100
E01002232,Works mainly from home,263,76,187
E01002233,10km to less than 20km,165,232,-67
E01002233,20km to less than 30km,28,38,-10
E01002233,2km to less than 5km,107,106,1
E01002233,30km to less than 40km,4,8,-4
E01002233,40km to less than 60km,4,8,-4
E01002233,5km to less than 10km,131,193,-62
E01002233,60km and over,5,12,-7
E01002233,Less than 2km,116,121,-5
E01002233,"Works mainly at an offshore installation, in no fixed place, or outside the UK",268,90,178
E01002233,Works mainly from home,282,66,216
E01002234,10km to less than 20km,116,202,-86
E01002234,20km to less than 30km,33,34,-1
E01002234,2km to less than 5km,114,132,-18
E01002234,30km to less than 40km,6,10,-4
E01002234,40km to less than 60km,2,4,-2
E01002234,5km to less than 10km,91,136,-45
E01002234,60km and over,6,9,-3
E01002234,Less than 2km,82,133,-51
E01002234,"Works mainly at an offshore installation, in no fixed place, or outside the UK",191,78,113
E01002234,Works mainly from home,311,49,262
E01002235,10km to less than 20km,101,163,-62
E01002235,20km to less than 30km,20,18,2
E01002235,2km to less than 5km,95,110,-15
E01002235,30km to less than 40km,7,8,-1
E01002235,40km to less than 60km,3,3,0
E01002235,5km to less than 10km,90,140,-50
E01002235,60km and over,6,10,-4
E01002235,Less than 2km,84,110,-26
E01002235,"Works mainly at an offshore installation, in no fixed place, or outside the UK",184,109,75
E01002235,Works mainly from home,192,50,142
E01002236,10km to less than 20km,176,233,-57
E01002236,20km to less than 30km,32,33,-1
E01002236,2km to less than 5km,95,127,-32
E01002236,30km to less than 40km,4,8,-4
E01002236,40km to less than 60km,9,9,0
E01002236,5km to less than 10km,131,139,-8
E01002236,60km and over,6,10,-4
E01002236,Less than 2km,110,149,-39
E01002236,"Works mainly at an offshore installation, in no fixed place, or outside the UK",194,113,81
E01002236,Works mainly from home,329,52,277
E01002237,10km to less than 20km,185,290,-105
E01002237,20km to less than 30km,36,34,2
E01002237,2km to less than 5km,101,97,4
E01002237,30km to less than 40km,3,6,-3
E01002237,40km to less than 60km,4,11,-7
E01002237,5km to less than 10km,137,122,15
E01002237,60km and over,19,7,12
E01002237,Less than 2km,105,151,-46
E01002237,"Works mainly at an offshore installation, in no fixed place, or outside the UK",279,88,191
E01002237,Works mainly from home,331,66,265
E01002238,10km to less than 20km,119,299,-180
E01002238,20km to less than 30km,34,67,-33
E01002238,2km to less than 5km,83,101,-18
E01002238,30km to less than 40km,6,6,0
E01002238,40km to less than 60km,11,8,3
E01002238,5km to less than 10km,76,134,-58
E01002238,60km and over,5,9,-4
E01002238,Less than 2km,60,112,-52
E01002238,"Works mainly at an offshore installation, in no fixed place, or outside the UK",154,102,52
E01002238,Works mainly from home,379,84,295
E01002239,10km to less than 20km,100,203,-103
E01002239,20km to less than 30km,38,64,-26
E01002239,2km to less than 5km,84,101,-17
E01002239,30km to less than 40km,8,10,-2
E01002239,40km to less than 60km,7,7,0
E01002239,5km to less than 10km,110,128,-18
E01002239,60km and over,7,10,-3
E01002239,Less than 2km,54,92,-38
E01002239,"Works mainly at an offshore installation, in no fixed place, or outside the UK",127,91,36
E01002239,Works mainly from home,422,84,338
E01002240,10km to less than 20km,128,288,-160
E01002240,20km to less than 30km,20,34,-14
E01002240,2km to less than 5km,63,83,-20
E01002240,30km to less than 40km,3,6,-3
E01002240,40km to less than 60km,3,4,-1
E01002240,5km to less than 10km,106,111,-5
E01002240,60km and over,7,6,1
E01002240,Less than 2km,90,129,-39
E01002240,"Works mainly at an offshore installation, in no fixed place, or outside the UK",164,76,88
E01002240,Works mainly from home,357,77,280
E01002241,10km to less than 20km,106,172,-66
E01002241,20km to less than 30km,21,58,-37
E01002241,2km to less than 5km,105,126,-21
E01002241,30km to less than 40km,4,7,-3
E01002241,40km to less than 60km,6,6,0
E01002241,5km to less than 10km,112,136,-24
E01002241,60km and over,6,12,-6
E01002241,Less than 2km,55,77,-22
E01002241,"Works mainly at an offshore installation, in no fixed place, or outside the UK",141,59,82
E01002241,Works mainly from home,333,87,246
E01002242,10km to less than 20km,80,272,-192
E01002242,20km to less than 30km,25,82,-57
E01002242,2km to less than 5km,92,130,-38
E01002242,30km to less than 40km,8,6,2
E01002242,40km to less than 60km,4,6,-2
E01002242,5km to less than 10km,95,178,-83
E01002242,60km and over,9,12,-3
E01002242,Less than 2km,71,98,-27
E01002242,"Works mainly at an offshore installation, in no fixed place, or outside the UK",97,77,20
E01002242,Works mainly from home,410,80,330
E01002243,10km to less than 20km,116,190,-74
E01002243,20km to less than 30km,80,134,-54
E01002243,2km to less than 5km,66,91,-25
E01002243,30km to less than 40km,7,11,-4
E01002243,40km to less than 60km,1,7,-6
E01002243,5km to less than 10km,66,88,-22
E01002243,60km and over,8,20,-12
E01002243,Less than 2km,113,159,-46
E01002243,"Works mainly at an offshore installation, in no fixed place, or outside the UK",151,78,73
E01002243,Works mainly from home,297,62,235
E01002244,10km to less than 20km,117,238,-121
E01002244,20km to less than 30km,60,120,-60
E01002244,2km to less than 5km,65,92,-27
E01002244,30km to less than 40km,10,14,-4
E01002244,40km to less than 60km,5,7,-2
E01002244,5km to less than 10km,78,117,-39
E01002244,60km and over,6,11,-5
E01002244,Less than 2km,115,140,-25
E01002244,"Works mainly at an offshore installation, in no fixed place, or outside the UK",167,94,73
E01002244,Works mainly from home,309,54,255
E01002245,10km to less than 20km,111,164,-53
E01002245,20km to less than 30km,58,96,-38
E01002245,2km to less than 5km,54,78,-24
E01002245,30km to less than 40km,7,10,-3
E01002245,40km to less than 60km,5,5,0
E01002245,5km to less than 10km,57,84,-27
E01002245,60km and over,6,9,-3
E01002245,Less than 2km,106,156,-50
E01002245,"Works mainly at an offshore installation, in no fixed place, or outside the UK",157,88,69
E01002245,Works mainly from home,256,37,219
E01002246,10km to less than 20km,88,186,-98
E01002246,20km to less than 30km,46,59,-13
E01002246,2km to less than 5km,74,108,-34
E01002246,30km to less than 40km,6,10,-4
E01002246,40km to less than 60km,3,12,-9
E01002246,5km to less than 10km,90,98,-8
E01002246,60km and over,5,11,-6
E01002246,Less than 2km,89,170,-81
E01002246,"Works mainly at an offshore installation, in no fixed place, or outside the UK",183,85,98
E01002246,Works mainly from home,252,53,199
E01002247,10km to less than 20km,147,227,-80
E01002247,20km to less than 30km,90,107,-17
E01002247,2km to less than 5km,100,101,-1
E01002247,30km to less than 40km,17,22,-5
E01002247,40km to less than 60km,4,7,-3
E01002247,5km to less than 10km,85,89,-4
E01002247,60km and over,8,15,-7
E01002247,Less than 2km,137,170,-33
E01002247,"Works mainly at an offshore installation, in no fixed place, or outside the UK",215,115,100
E01002247,Works mainly from home,357,59,298
E01002248,10km to less than 20km,119,127,-8
E01002248,20km to less than 30km,48,53,-5
E01002248,2km to less than 5km,59,65,-6
E01002248,30km to less than 40km,8,12,-4
E01002248,40km to less than 60km,4,8,-4
E01002248,5km to less than 10km,66,82,-16
E01002248,60km and over,8,8,0
E01002248,Less than 2km,96,137,-41
E01002248,"Works mainly at an offshore installation, in no fixed place, or outside the UK",151,76,75
E01002248,Works mainly from home,176,54,122
E01002250,10km to less than 20km,119,187,-68
E01002250,20km to less than 30km,50,75,-25
E01002250,2km to less than 5km,107,155,-48
E01002250,30km to less than 40km,10,16,-6
E01002250,40km to less than 60km,3,6,-3
E01002250,5km to less than 10km,96,117,-21
E01002250,60km and over,7,9,-2
E01002250,Less than 2km,97,115,-18
E01002250,"Works mainly at an offshore installation, in no fixed place, or outside the UK",200,93,107
E01002250,Works mainly from home,236,51,185
E01002251,10km to less than 20km,80,143,-63
E01002251,20km to less than 30km,45,54,-9
E01002251,2km to less than 5km,78,108,-30
E01002251,30km to less than 40km,10,6,4
E01002251,40km to less than 60km,3,3,0
E01002251,5km to less than 10km,75,81,-6
E01002251,60km and over,3,6,-3
E01002251,Less than 2km,111,100,11
E01002251,"Works mainly at an offshore installation, in no fixed place, or outside the UK",162,81,81
E01002251,Works mainly from home,131,38,93
E01002252,10km to less than 20km,57,88,-31
E01002252,20km to less than 30km,59,193,-134
E01002252,2km to less than 5km,48,97,-49
E01002252,30km to less than 40km,7,20,-13
E01002252,40km to less than 60km,5,8,-3
E01002252,5km to less than 10km,99,141,-42
E01002252,60km and over,10,9,1
E01002252,Less than 2km,26,38,-12
E01002252,"Works mainly at an offshore installation, in no fixed place, or outside the UK",130,63,67
E01002252,Works mainly from home,298,48,250
E01002253,10km to less than 20km,56,104,-48
E01002253,20km to less than 30km,62,222,-160
E01002253,2km to less than 5km,44,68,-24
E01002253,30km to less than 40km,8,20,-12
E01002253,40km to less than 60km,3,3,0
E01002253,5km to less than 10km,59,111,-52
E01002253,60km and over,5,5,0
E01002253,Less than 2km,37,52,-15
E01002253,"Works mainly at an offshore installation, in no fixed place, or outside the UK",93,58,35
E01002253,Works mainly from home,374,71,303
E01002254,10km to less than 20km,44,86,-42
E01002254,20km to less than 30km,69,206,-137
E01002254,2km to less than 5km,46,55,-9
E01002254,30km to less than 40km,10,20,-10
E01002254,40km to less than 60km,3,5,-2
E01002254,5km to less than 10km,76,125,-49
E01002254,60km and over,3,15,-12
E01002254,Less than 2km,42,77,-35
E01002254,"Works mainly at an offshore installation, in no fixed place, or outside the UK",90,65,25
E01002254,Works mainly from home,361,79,282
E01002255,10km to less than 20km,71,144,-73
E01002255,20km to less than 30km,79,204,-125
E01002255,2km to less than 5km,60,107,-47
E01002255,30km to less than 40km,10,16,-6
E01002255,40km to less than 60km,3,5,-2
E01002255,5km to less than 10km,68,70,-2
E01002255,60km and over,3,15,-12
E01002255,Less than 2km,37,63,-26
E01002255,"Works mainly at an offshore installation, in no fixed place, or outside the UK",118,76,42
E01002255,Works mainly from home,330,45,285
E01002256,10km to less than 20km,63,91,-28
E01002256,20km to less than 30km,73,177,-104
E01002256,2km to less than 5km,42,67,-25
E01002256,30km to less than 40km,18,24,-6
E01002256,40km to less than 60km,3,7,-4
E01002256,5km to less than 10km,93,147,-54
E01002256,60km and over,5,5,0
E01002256,Less than 2km,43,67,-24
E01002256,"Works mainly at an offshore installation, in no fixed place, or outside the UK",112,67,45
E01002256,Works mainly from home,298,59,239
E01002257,10km to less than 20km,34,83,-49
E01002257,20km to less than 30km,75,268,-193
E01002257,2km to less than 5km,30,62,-32
E01002257,30km to less than 40km,9,8,1
E01002257,40km to less than 60km,6,6,0
E01002257,5km to less than 10km,53,84,-31
E01002257,60km and over,3,6,-3
E01002257,Less than 2km,54,71,-17
E01002257,"Works mainly at an offshore installation, in no fixed place, or outside the UK",58,70,-12
E01002257,Works mainly from home,438,82,356
E01002258,10km to less than 20km,77,93,-16
E01002258,20km to less than 30km,86,189,-103
E01002258,2km to less than 5km,53,81,-28
E01002258,30km to less than 40km,18,16,2
E01002258,40km to less than 60km,1,6,-5
E01002258,5km to less than 10km,116,153,-37
E01002258,60km and over,3,11,-8
E01002258,Less than 2km,33,57,-24
E01002258,"Works mainly at an offshore installation, in no fixed place, or outside the UK",146,60,86
E01002258,Works mainly from home,276,58,218
E01002259,10km to less than 20km,73,112,-39
E01002259,20km to less than 30km,65,200,-135
E01002259,2km to less than 5km,51,72,-21
E01002259,30km to less than 40km,12,22,-10
E01002259,40km to less than 60km,4,7,-3
E01002259,5km to less than 10km,88,127,-39
E01002259,60km and over,2,6,-4
E01002259,Less than 2km,35,41,-6
E01002259,"Works mainly at an offshore installation, in no fixed place, or outside the UK",116,68,48
E01002259,Works mainly from home,289,57,232
E01002260,10km to less than 20km,102,133,-31
E01002260,20km to less than 30km,54,129,-75
E01002260,2km to less than 5km,124,158,-34
E01002260,30km to less than 40km,9,11,-2
E01002260,40km to less than 60km,7,6,1
E01002260,5km to less than 10km,72,98,-26
E01002260,60km and over,8,6,2
E01002260,Less than 2km,56,57,-1
E01002260,"Works mainly at an offshore installation, in no fixed place, or outside the UK",163,89,74
E01002260,Works mainly from home,300,52,248
E01002261,10km to less than 20km,107,178,-71
E01002261,20km to less than 30km,73,125,-52
E01002261,2km to less than 5km,122,157,-35
E01002261,30km to less than 40km,8,19,-11
E01002261,40km to less than 60km,6,4,2
E01002261,5km to less than 10km,53,100,-47
E01002261,60km and over,9,11,-2
E01002261,Less than 2km,42,71,-29
E01002261,"Works mainly at an offshore installation, in no fixed place, or outside the UK",172,91,81
E01002261,Works mainly from home,272,60,212
E01002262,10km to less than 20km,115,161,-46
E01002262,20km to less than 30km,59,98,-39
E01002262,2km to less than 5km,117,184,-67
E01002262,30km to less than 40km,9,10,-1
E01002262,40km to less than 60km,0,6,-6
E01002262,5km to less than 10km,86,97,-11
E01002262,60km and over,5,9,-4
E01002262,Less than 2km,22,46,-24
E01002262,"Works mainly at an offshore installation, in no fixed place, or outside the UK",161,100,61
E01002262,Works mainly from home,288,48,240
E01002263,10km to less than 20km,75,163,-88
E01002263,20km to less than 30km,65,153,-88
E01002263,2km to less than 5km,107,186,-79
E01002263,30km to less than 40km,7,15,-8
E01002263,40km to less than 60km,6,7,-1
E01002263,5km to less than 10km,69,113,-44
E01002263,60km and over,6,7,-1
E01002263,Less than 2km,36,57,-21
E01002263,"Works mainly at an offshore installation, in no fixed place, or outside the UK",136,99,37
E01002263,Works mainly from home,283,64,219
E01002264,10km to less than 20km,110,89,21
E01002264,20km to less than 30km,60,105,-45
E01002264,2km to less than 5km,122,150,-28
E01002264,30km to less than 40km,3,7,-4
E01002264,40km to less than 60km,4,4,0
E01002264,5km to less than 10km,68,81,-13
E01002264,60km and over,8,10,-2
E01002264,Less than 2km,36,41,-5
E01002264,"Works mainly at an offshore installation, in no fixed place, or outside the UK",136,63,73
E01002264,Works mainly from home,164,34,130
E01002265,10km to less than 20km,82,132,-50
E01002265,20km to less than 30km,48,163,-115
E01002265,2km to less than 5km,111,178,-67
E01002265,30km to less than 40km,4,12,-8
E01002265,40km to less than 60km,2,6,-4
E01002265,5km to less than 10km,88,113,-25
E01002265,60km and over,3,9,-6
E01002265,Less than 2km,29,52,-23
E01002265,"Works mainly at an offshore installation, in no fixed place, or outside the UK",140,77,63
E01002265,Works mainly from home,267,46,221
E01002266,10km to less than 20km,100,120,-20
E01002266,20km to less than 30km,43,86,-43
E01002266,2km to less than 5km,110,147,-37
E01002266,30km to less than 40km,4,11,-7
E01002266,40km to less than 60km,3,5,-2
E01002266,5km to less than 10km,79,110,-31
E01002266,60km and over,8,11,-3
E01002266,Less than 2km,30,34,-4
E01002266,"Works mainly at an offshore installation, in no fixed place, or outside the UK",146,92,54
E01002266,Works mainly from home,217,38,179
E01002267,10km to less than 20km,126,141,-15
E01002267,20km to less than 30km,48,91,-43
E01002267,2km to less than 5km,103,166,-63
E01002267,30km to less than 40km,8,8,0
E01002267,40km to less than 60km,2,2,0
E01002267,5km to less than 10km,93,115,-22
E01002267,60km and over,4,6,-2
E01002267,Less than 2km,27,35,-8
E01002267,"Works mainly at an offshore installation, in no fixed place, or outside the UK",176,84,92
E01002267,Works mainly from home,229,38,191
E01002268,10km to less than 20km,78,103,-25
E01002268,20km to less than 30km,66,145,-79
E01002268,2km to less than 5km,89,123,-34
E01002268,30km to less than 40km,13,18,-5
E01002268,40km to less than 60km,2,7,-5
E01002268,5km to less than 10km,49,71,-22
E01002268,60km and over,4,8,-4
E01002268,Less than 2km,41,63,-22
E01002268,"Works mainly at an offshore installation, in no fixed place, or outside the UK",118,68,50
E01002268,Works mainly from home,264,62,202
E01002269,10km to less than 20km,108,146,-38
E01002269,20km to less than 30km,67,181,-114
E01002269,2km to less than 5km,131,186,-55
E01002269,30km to less than 40km,12,15,-3
E01002269,40km to less than 60km,4,9,-5
E01002269,5km to less than 10km,71,76,-5
E01002269,60km and over,9,18,-9
E01002269,Less than 2km,44,60,-16
E01002269,"Works mainly at an offshore installation, in no fixed place, or outside the UK",160,96,64
E01002269,Works mainly from home,320,72,248
E01002270,10km to less than 20km,94,150,-56
E01002270,20km to less than 30km,65,182,-117
E01002270,2km to less than 5km,82,139,-57
E01002270,30km to less than 40km,20,13,7
E01002270,40km to less than 60km,5,7,-2
E01002270,5km to less than 10km,86,99,-13
E01002270,60km and over,7,6,1
E01002270,Less than 2km,28,48,-20
E01002270,"Works mainly at an offshore installation, in no fixed place, or outside the UK",110,70,40
E01002270,Works mainly from home,300,106,194
E01002271,10km to less than 20km,74,83,-9
E01002271,20km to less than 30km,58,153,-95
E01002271,2km to less than 5km,80,132,-52
E01002271,30km to less than 40km,10,14,-4
E01002271,40km to less than 60km,4,7,-3
E01002271,5km to less than 10km,58,83,-25
E01002271,60km and over,0,9,-9
E01002271,Less than 2km,27,50,-23
E01002271,"Works mainly at an offshore installation, in no fixed place, or outside the UK",95,65,30
E01002271,Works mainly from home,328,110,218
E01002272,10km to less than 20km,66,96,-30
E01002272,20km to less than 30km,48,161,-113
E01002272,2km to less than 5km,58,100,-42
E01002272,30km to less than 40km,13,19,-6
E01002272,40km to less than 60km,7,9,-2
E01002272,5km to less than 10km,39,70,-31
E01002272,60km and over,2,7,-5
E01002272,Less than 2km,48,101,-53
E01002272,"Works mainly at an offshore installation, in no fixed place, or outside the UK",95,72,23
E01002272,Works mainly from home,293,49,244
E01002273,10km to less than 20km,56,113,-57
E01002273,20km to less than 30km,43,120,-77
E01002273,2km to less than 5km,58,87,-29
E01002273,30km to less than 40km,6,21,-15
E01002273,40km to less than 60km,3,11,-8
E01002273,5km to less than 10km,50,92,-42
E01002273,60km and over,4,7,-3
E01002273,Less than 2km,33,50,-17
E01002273,"Works mainly at an offshore installation, in no fixed place, or outside the UK",85,55,30
E01002273,Works mainly from home,271,80,191
E01002274,10km to less than 20km,87,147,-60
E01002274,20km to less than 30km,57,190,-133
E01002274,2km to less than 5km,95,138,-43
E01002274,30km to less than 40km,5,15,-10
E01002274,40km to less than 60km,2,9,-7
E01002274,5km to less than 10km,61,59,2
E01002274,60km and over,8,8,0
E01002274,Less than 2km,54,76,-22
E01002274,"Works mainly at an offshore installation, in no fixed place, or outside the UK",133,82,51
E01002274,Works mainly from home,349,74,275
E01002275,10km to less than 20km,56,118,-62
E01002275,20km to less than 30km,40,139,-99
E01002275,2km to less than 5km,60,105,-45
E01002275,30km to less than 40km,6,10,-4
E01002275,40km to less than 60km,4,3,1
E01002275,5km to less than 10km,56,66,-10
E01002275,60km and over,4,8,-4
E01002275,Less than 2km,28,45,-17
E01002275,"Works mainly at an offshore installation, in no fixed place, or outside the UK",86,77,9
E01002275,Works mainly from home,251,89,162
E01002276,10km to less than 20km,128,147,-19
E01002276,20km to less than 30km,99,134,-35
E01002276,2km to less than 5km,60,117,-57
E01002276,30km to less than 40km,15,24,-9
E01002276,40km to less than 60km,6,7,-1
E01002276,5km to less than 10km,135,145,-10
E01002276,60km and over,11,15,-4
E01002276,Less than 2km,46,56,-10
E01002276,"Works mainly at an offshore installation, in no fixed place, or outside the UK",207,115,92
E01002276,Works mainly from home,257,80,177
E01002277,10km to less than 20km,96,93,3
E01002277,20km to less than 30km,69,123,-54
E01002277,2km to less than 5km,54,108,-54
E01002277,30km to less than 40km,23,11,12
E01002277,40km to less than 60km,4,7,-3
E01002277,5km to less than 10km,72,127,-55
E01002277,60km and over,10,12,-2
E01002277,Less than 2km,62,64,-2
E01002277,"Works mainly at an offshore installation, in no fixed place, or outside the UK",155,83,72
E01002277,Works mainly from home,184,40,144
E01002278,10km to less than 20km,81,111,-30
E01002278,20km to less than 30km,89,93,-4
E01002278,2km to less than 5km,62,91,-29
E01002278,30km to less than 40km,15,13,2
E01002278,40km to less than 60km,10,1,9
E01002278,5km to less than 10km,97,98,-1
E01002278,60km and over,6,11,-5
E01002278,Less than 2km,84,95,-11
E01002278,"Works mainly at an offshore installation, in no fixed place, or outside the UK",181,82,99
E01002278,Works mainly from home,145,31,114
E01002279,10km to less than 20km,107,112,-5
E01002279,20km to less than 30km,66,117,-51
E01002279,2km to less than 5km,62,92,-30
E01002279,30km to less than 40km,18,17,1
E01002279,40km to less than 60km,9,7,2
E01002279,5km to less than 10km,108,141,-33
E01002279,60km and over,12,16,-4
E01002279,Less than 2km,44,85,-41
E01002279,"Works mainly at an offshore installation, in no fixed place, or outside the UK",199,74,125
E01002279,Works mainly from home,200,44,156
E01002280,10km to less than 20km,79,94,-15
E01002280,20km to less than 30km,50,69,-19
E01002280,2km to less than 5km,75,69,6
E01002280,30km to less than 40km,16,19,-3
E01002280,40km to less than 60km,7,3,4
E01002280,5km to less than 10km,101,106,-5
E01002280,60km and over,2,5,-3
E01002280,Less than 2km,90,77,13
E01002280,"Works mainly at an offshore installation, in no fixed place, or outside the UK",202,86,116
E01002280,Works mainly from home,147,29,118
E01002281,10km to less than 20km,130,113,17
E01002281,20km to less than 30km,115,114,1
E01002281,2km to less than 5km,94,73,21
E01002281,30km to less than 40km,25,11,14
E01002281,40km to less than 60km,13,11,2
E01002281,5km to less than 10km,108,102,6
E01002281,60km and over,8,10,-2
E01002281,Less than 2km,66,86,-20
E01002281,"Works mainly at an offshore installation, in no fixed place, or outside the UK",213,69,144
E01002281,Works mainly from home,331,33,298
E01002282,10km to less than 20km,93,107,-14
E01002282,20km to less than 30km,71,81,-10
E01002282,2km to less than 5km,92,97,-5
E01002282,30km to less than 40km,16,10,6
E01002282,40km to less than 60km,10,6,4
E01002282,5km to less than 10km,81,89,-8
E01002282,60km and over,7,10,-3
E01002282,Less than 2km,74,81,-7
E01002282,"Works mainly at an offshore installation, in no fixed place, or outside the UK",165,90,75
E01002282,Works mainly from home,134,34,100
E01002283,10km to less than 20km,95,84,11
E01002283,20km to less than 30km,78,107,-29
E01002283,2km to less than 5km,70,75,-5
E01002283,30km to less than 40km,25,12,13
E01002283,40km to less than 60km,13,8,5
E01002283,5km to less than 10km,66,97,-31
E01002283,60km and over,8,9,-1
E01002283,Less than 2km,72,96,-24
E01002283,"Works mainly at an offshore installation, in no fixed place, or outside the UK",164,76,88
E01002283,Works mainly from home,198,47,151
E01002284,10km to less than 20km,100,132,-32
E01002284,20km to less than 30km,81,140,-59
E01002284,2km to less than 5km,105,110,-5
E01002284,30km to less than 40km,17,21,-4
E01002284,40km to less than 60km,6,6,0
E01002284,5km to less than 10km,77,101,-24
E01002284,60km and over,7,18,-11
E01002284,Less than 2km,79,126,-47
E01002284,"Works mainly at an offshore installation, in no fixed place, or outside the UK",210,92,118
E01002284,Works mainly from home,271,35,236
E01002285,10km to less than 20km,54,98,-44
E01002285,20km to less than 30km,58,123,-65
E01002285,2km to less than 5km,76,125,-49
E01002285,30km to less than 40km,7,16,-9
E01002285,40km to less than 60km,1,5,-4
E01002285,5km to less than 10km,60,69,-9
E01002285,60km and over,1,9,-8
E01002285,Less than 2km,32,43,-11
E01002285,"Works mainly at an offshore installation, in no fixed place, or outside the UK",124,74,50
E01002285,Works mainly from home,252,51,201
E01002286,10km to less than 20km,80,107,-27
E01002286,20km to less than 30km,57,186,-129
E01002286,2km to less than 5km,92,150,-58
E01002286,30km to less than 40km,6,8,-2
E01002286,40km to less than 60km,3,7,-4
E01002286,5km to less than 10km,62,92,-30
E01002286,60km and over,13,14,-1
E01002286,Less than 2km,52,91,-39
E01002286,"Works mainly at an offshore installation, in no fixed place, or outside the UK",143,93,50
E01002286,Works mainly from home,309,60,249
E01002287,10km to less than 20km,91,144,-53
E01002287,20km to less than 30km,66,150,-84
E01002287,2km to less than 5km,94,142,-48
E01002287,30km to less than 40km,13,15,-2
E01002287,40km to less than 60km,4,6,-2
E01002287,5km to less than 10km,62,108,-46
E01002287,60km and over,4,6,-2
E01002287,Less than 2km,42,77,-35
E01002287,"Works mainly at an offshore installation, in no fixed place, or outside the UK",135,99,36
E01002287,Works mainly from home,279,52,227
E01002288,10km to less than 20km,71,124,-53
E01002288,20km to less than 30km,76,202,-126
E01002288,2km to less than 5km,103,171,-68
E01002288,30km to less than 40km,12,17,-5
E01002288,40km to less than 60km,1,6,-5
E01002288,5km to less than 10km,57,119,-62
E01002288,60km and over,2,11,-9
E01002288,Less than 2km,38,81,-43
E01002288,"Works mainly at an offshore installation, in no fixed place, or outside the UK",110,77,33
E01002288,Works mainly from home,323,63,260
E01002289,10km to less than 20km,68,120,-52
E01002289,20km to less than 30km,49,195,-146
E01002289,2km to less than 5km,75,111,-36
E01002289,30km to less than 40km,10,19,-9
E01002289,40km to less than 60km,4,5,-1
E01002289,5km to less than 10km,64,93,-29
E01002289,60km and over,7,9,-2
E01002289,Less than 2km,56,94,-38
E01002289,"Works mainly at an offshore installation, in no fixed place, or outside the UK",144,80,64
E01002289,Works mainly from home,393,56,337
E01002290,10km to less than 20km,61,115,-54
E01002290,20km to less than 30km,74,174,-100
E01002290,2km to less than 5km,60,99,-39
E01002290,30km to less than 40km,6,18,-12
E01002290,40km to less than 60km,1,6,-5
E01002290,5km to less than 10km,77,81,-4
E01002290,60km and over,1,10,-9
E01002290,Less than 2km,43,66,-23
E01002290,"Works mainly at an offshore installation, in no fixed place, or outside the UK",126,80,46
E01002290,Works mainly from home,268,42,226
E01002291,10km to less than 20km,90,138,-48
E01002291,20km to less than 30km,78,229,-151
E01002291,2km to less than 5km,79,119,-40
E01002291,30km to less than 40km,7,16,-9
E01002291,40km to less than 60km,3,8,-5
E01002291,5km to less than 10km,53,102,-49
E01002291,60km and over,0,5,-5
E01002291,Less than 2km,45,74,-29
E01002291,"Works mainly at an offshore installation, in no fixed place, or outside the UK",131,88,43
E01002291,Works mainly from home,258,60,198
E01002292,10km to less than 20km,65,107,-42
E01002292,20km to less than 30km,67,147,-80
E01002292,2km to less than 5km,85,96,-11
E01002292,30km to less than 40km,10,20,-10
E01002292,40km to less than 60km,1,6,-5
E01002292,5km to less than 10km,86,100,-14
E01002292,60km and over,7,13,-6
E01002292,Less than 2km,54,63,-9
E01002292,"Works mainly at an offshore installation, in no fixed place, or outside the UK",151,75,76
E01002292,Works mainly from home,270,54,216
E01002294,10km to less than 20km,65,90,-25
E01002294,20km to less than 30km,60,179,-119
E01002294,2km to less than 5km,87,117,-30
E01002294,30km to less than 40km,9,19,-10
E01002294,40km to less than 60km,3,8,-5
E01002294,5km to less than 10km,48,78,-30
E01002294,60km and over,4,9,-5
E01002294,Less than 2km,47,76,-29
E01002294,"Works mainly at an offshore installation, in no fixed place, or outside the UK",103,65,38
E01002294,Works mainly from home,273,70,203
E01002295,10km to less than 20km,109,152,-43
E01002295,20km to less than 30km,92,209,-117
E01002295,2km to less than 5km,95,135,-40
E01002295,30km to less than 40km,15,8,7
E01002295,40km to less than 60km,4,3,1
E01002295,5km to less than 10km,67,79,-12
E01002295,60km and over,3,10,-7
E01002295,Less than 2km,58,51,7
E01002295,"Works mainly at an offshore installation, in no fixed place, or outside the UK",140,91,49
E01002295,Works mainly from home,382,54,328
E01002296,10km to less than 20km,80,116,-36
E01002296,20km to less than 30km,77,174,-97
E01002296,2km to less than 5km,55,120,-65
E01002296,30km to less than 40km,13,29,-16
E01002296,40km to less than 60km,8,9,-1
E01002296,5km to less than 10km,77,130,-53
E01002296,60km and over,4,11,-7
E01002296,Less than 2km,21,42,-21
E01002296,"Works mainly at an offshore installation, in no fixed place, or outside the UK",134,101,33
E01002296,Works mainly from home,303,80,223
E01002297,10km to less than 20km,83,117,-34
E01002297,20km to less than 30km,58,94,-36
E01002297,2km to less than 5km,100,124,-24
E01002297,30km to less than 40km,13,4,9
E01002297,40km to less than 60km,2,6,-4
E01002297,5km to less than 10km,68,71,-3
E01002297,60km and over,4,12,-8
E01002297,Less than 2km,62,98,-36
E01002297,"Works mainly at an offshore installation, in no fixed place, or outside the UK",190,71,119
E01002297,Works mainly from home,179,38,141
E01002298,10km to less than 20km,75,125,-50
E01002298,20km to less than 30km,80,264,-184
E01002298,2km to less than 5km,56,127,-71
E01002298,30km to less than 40km,15,22,-7
E01002298,40km to less than 60km,7,7,0
E01002298,5km to less than 10km,70,115,-45
E01002298,60km and over,5,8,-3
E01002298,Less than 2km,44,92,-48
E01002298,"Works mainly at an offshore installation, in no fixed place, or outside the UK",138,90,48
E01002298,Works mainly from home,309,68,241
E01002299,10km to less than 20km,95,114,-19
E01002299,20km to less than 30km,84,162,-78
E01002299,2km to less than 5km,98,132,-34
E01002299,30km to less than 40km,23,19,4
E01002299,40km to less than 60km,3,10,-7
E01002299,5km to less than 10km,108,114,-6
E01002299,60km and over,1,19,-18
E01002299,Less than 2km,83,116,-33
E01002299,"Works mainly at an offshore installation, in no fixed place, or outside the UK",206,90,116
E01002299,Works mainly from home,267,37,230
E01002300,10km to less than 20km,93,100,-7
E01002300,20km to less than 30km,103,152,-49
E01002300,2km to less than 5km,75,80,-5
E01002300,30km to less than 40km,14,14,0
E01002300,40km to less than 60km,9,5,4
E01002300,5km to less than 10km,41,58,-17
E01002300,60km and over,8,5,3
E01002300,Less than 2km,59,73,-14
E01002300,"Works mainly at an offshore installation, in no fixed place, or outside the UK",160,53,107
E01002300,Works mainly from home,451,35,416
E01002301,10km to less than 20km,94,151,-57
E01002301,20km to less than 30km,47,109,-62
E01002301,2km to less than 5km,96,166,-70
E01002301,30km to less than 40km,12,15,-3
E01002301,40km to less than 60km,4,5,-1
E01002301,5km to less than 10km,71,105,-34
E01002301,60km and over,4,9,-5
E01002301,Less than 2km,44,41,3
E01002301,"Works mainly at an offshore installation, in no fixed place, or outside the UK",174,103,71
E01002301,Works mainly from home,219,68,151
E01002302,10km to less than 20km,96,151,-55
E01002302,20km to less than 30km,45,86,-41
E01002302,2km to less than 5km,126,137,-11
E01002302,30km to less than 40km,9,10,-1
E01002302,40km to less than 60km,4,6,-2
E01002302,5km to less than 10km,85,137,-52
E01002302,60km and over,5,8,-3
E01002302,Less than 2km,26,47,-21
E01002302,"Works mainly at an offshore installation, in no fixed place, or outside the UK",165,102,63
E01002302,Works mainly from home,251,60,191
E01002303,10km to less than 20km,116,157,-41
E01002303,20km to less than 30km,51,137,-86
E01002303,2km to less than 5km,159,172,-13
E01002303,30km to less than 40km,19,13,6
E01002303,40km to less than 60km,4,7,-3
E01002303,5km to less than 10km,104,137,-33
E01002303,60km and over,5,7,-2
E01002303,Less than 2km,59,62,-3
E01002303,"Works mainly at an offshore installation, in no fixed place, or outside the UK",203,111,92
E01002303,Works mainly from home,216,62,154
E01002304,10km to less than 20km,68,109,-41
E01002304,20km to less than 30km,55,85,-30
E01002304,2km to less than 5km,77,88,-11
E01002304,30km to less than 40km,9,5,4
E01002304,40km to less than 60km,3,6,-3
E01002304,5km to less than 10km,69,107,-38
E01002304,60km and over,4,5,-1
E01002304,Less than 2km,8,30,-22
E01002304,"Works mainly at an offshore installation, in no fixed place, or outside the UK",150,89,61
E01002304,Works mainly from home,211,72,139
E01002305,10km to less than 20km,89,131,-42
E01002305,20km to less than 30km,49,85,-36
E01002305,2km to less than 5km,99,139,-40
E01002305,30km to less than 40km,15,14,1
E01002305,40km to less than 60km,7,4,3
E01002305,5km to less than 10km,101,123,-22
E01002305,60km and over,9,8,1
E01002305,Less than 2km,28,34,-6
E01002305,"Works mainly at an offshore installation, in no fixed place, or outside the UK",192,97,95
E01002305,Works mainly from home,196,63,133
E01002306,10km to less than 20km,86,117,-31
E01002306,20km to less than 30km,57,68,-11
E01002306,2km to less than 5km,125,158,-33
E01002306,30km to less than 40km,9,12,-3
E01002306,40km to less than 60km,5,6,-1
E01002306,5km to less than 10km,80,106,-26
E01002306,60km and over,6,11,-5
E01002306,Less than 2km,37,52,-15
E01002306,"Works mainly at an offshore installation, in no fixed place, or outside the UK",179,99,80
E01002306,Works mainly from home,163,51,112
E01002307,10km to less than 20km,114,153,-39
E01002307,20km to less than 30km,58,89,-31
E01002307,2km to less than 5km,156,179,-23
E01002307,30km to less than 40km,9,14,-5
E01002307,40km to less than 60km,10,7,3
E01002307,5km to less than 10km,109,135,-26
E01002307,60km and over,3,6,-3
E01002307,Less than 2km,42,49,-7
E01002307,"Works mainly at an offshore installation, in no fixed place, or outside the UK",206,92,114
E01002307,Works mainly from home,224,35,189
E01002308,10km to less than 20km,120,173,-53
E01002308,20km to less than 30km,51,87,-36
E01002308,2km to less than 5km,95,184,-89
E01002308,30km to less than 40km,6,17,-11
E01002308,40km to less than 60km,2,2,0
E01002308,5km to less than 10km,101,150,-49
E01002308,60km and over,5,12,-7
E01002308,Less than 2km,40,67,-27
E01002308,"Works mainly at an offshore installation, in no fixed place, or outside the UK",186,109,77
E01002308,Works mainly from home,172,60,112
E01002309,10km to less than 20km,96,110,-14
E01002309,20km to less than 30km,68,102,-34
E01002309,2km to less than 5km,112,125,-13
E01002309,30km to less than 40km,12,19,-7
E01002309,40km to less than 60km,11,4,7
E01002309,5km to less than 10km,72,85,-13
E01002309,60km and over,7,8,-1
E01002309,Less than 2km,61,69,-8
E01002309,"Works mainly at an offshore installation, in no fixed place, or outside the UK",158,78,80
E01002309,Works mainly from home,182,46,136
E01002310,10km to less than 20km,101,104,-3
E01002310,20km to less than 30km,80,110,-30
E01002310,2km to less than 5km,90,119,-29
E01002310,30km to less than 40km,20,9,11
E01002310,40km to less than 60km,8,7,1
E01002310,5km to less than 10km,66,103,-37
E01002310,60km and over,5,14,-9
E01002310,Less than 2km,61,103,-42
E01002310,"Works mainly at an offshore installation, in no fixed place, or outside the UK",160,69,91
E01002310,Works mainly from home,197,25,172
E01002311,10km to less than 20km,90,112,-22
E01002311,20km to less than 30km,76,104,-28
E01002311,2km to less than 5km,77,145,-68
E01002311,30km to less than 40km,13,23,-10
E01002311,40km to less than 60km,9,6,3
E01002311,5km to less than 10km,81,79,2
E01002311,60km and over,9,12,-3
E01002311,Less than 2km,80,94,-14
E01002311,"Works mainly at an offshore installation, in no fixed place, or outside the UK",191,77,114
E01002311,Works mainly from home,222,49,173
E01002312,10km to less than 20km,84,99,-15
E01002312,20km to less than 30km,79,99,-20
E01002312,2km to less than 5km,53,83,-30
E01002312,30km to less than 40km,12,10,2
E01002312,40km to less than 60km,5,7,-2
E01002312,5km to less than 10km,90,100,-10
E01002312,60km and over,4,9,-5
E01002312,Less than 2km,48,35,13
E01002312,"Works mainly at an offshore installation, in no fixed place, or outside the UK",157,58,99
E01002312,Works mainly from home,156,43,113
E01002313,10km to less than 20km,150,106,44
E01002313,20km to less than 30km,83,100,-17
E01002313,2km to less than 5km,102,116,-14
E01002313,30km to less than 40km,18,14,4
E01002313,40km to less than 60km,7,8,-1
E01002313,5km to less than 10km,113,86,27
E01002313,60km and over,10,7,3
E01002313,Less than 2km,81,67,14
E01002313,"Works mainly at an offshore installation, in no fixed place, or outside the UK",249,79,170
E01002313,Works mainly from home,285,37,248
E01002314,10km to less than 20km,100,111,-11
E01002314,20km to less than 30km,53,101,-48
E01002314,2km to less than 5km,115,123,-8
E01002314,30km to less than 40km,13,15,-2
E01002314,40km to less than 60km,4,5,-1
E01002314,5km to less than 10km,83,93,-10
E01002314,60km and over,8,11,-3
E01002314,Less than 2km,81,100,-19
E01002314,"Works mainly at an offshore installation, in no fixed place, or outside the UK",155,87,68
E01002314,Works mainly from home,163,34,129
E01002315,10km to less than 20km,118,111,7
E01002315,20km to less than 30km,62,94,-32
E01002315,2km to less than 5km,109,124,-15
E01002315,30km to less than 40km,9,17,-8
E01002315,40km to less than 60km,5,9,-4
E01002315,5km to less than 10km,74,86,-12
E01002315,60km and over,6,8,-2
E01002315,Less than 2km,59,82,-23
E01002315,"Works mainly at an offshore installation, in no fixed place, or outside the UK",203,83,120
E01002315,Works mainly from home,168,50,118
E01002316,10km to less than 20km,93,91,2
E01002316,20km to less than 30km,75,100,-25
E01002316,2km to less than 5km,114,96,18
E01002316,30km to less than 40km,16,11,5
E01002316,40km to less than 60km,8,8,0
E01002316,5km to less than 10km,66,67,-1
E01002316,60km and over,5,15,-10
E01002316,Less than 2km,82,94,-12
E01002316,"Works mainly at an offshore installation, in no fixed place, or outside the UK",159,77,82
E01002316,Works mainly from home,148,21,127
E01002317,10km to less than 20km,78,110,-32
E01002317,20km to less than 30km,73,164,-91
E01002317,2km to less than 5km,68,114,-46
E01002317,30km to less than 40km,10,8,2
E01002317,40km to less than 60km,2,6,-4
E01002317,5km to less than 10km,45,85,-40
E01002317,60km and over,11,9,2
E01002317,Less than 2km,84,154,-70
E01002317,"Works mainly at an offshore installation, in no fixed place, or outside the UK",127,89,38
E01002317,Works mainly from home,302,59,243
E01002318,10km to less than 20km,59,143,-84
E01002318,20km to less than 30km,55,140,-85
E01002318,2km to less than 5km,94,148,-54
E01002318,30km to less than 40km,7,8,-1
E01002318,40km to less than 60km,2,2,0
E01002318,5km to less than 10km,60,116,-56
E01002318,60km and over,5,7,-2
E01002318,Less than 2km,52,89,-37
E01002318,"Works mainly at an offshore installation, in no fixed place, or outside the UK",135,90,45
E01002318,Works mainly from home,290,55,235
E01002319,10km to less than 20km,116,120,-4
E01002319,20km to less than 30km,66,132,-66
E01002319,2km to less than 5km,81,97,-16
E01002319,30km to less than 40km,12,18,-6
E01002319,40km to less than 60km,3,5,-2
E01002319,5km to less than 10km,75,103,-28
E01002319,60km and over,5,11,-6
E01002319,Less than 2km,111,161,-50
E01002319,"Works mainly at an offshore installation, in no fixed place, or outside the UK",151,87,64
E01002319,Works mainly from home,266,62,204
E01002320,10km to less than 20km,84,170,-86
E01002320,20km to less than 30km,72,176,-104
E01002320,2km to less than 5km,74,149,-75
E01002320,30km to less than 40km,6,10,-4
E01002320,40km to less than 60km,3,8,-5
E01002320,5km to less than 10km,58,84,-26
E01002320,60km and over,3,9,-6
E01002320,Less than 2km,95,169,-74
E01002320,"Works mainly at an offshore installation, in no fixed place, or outside the UK",132,110,22
E01002320,Works mainly from home,296,66,230
E01002321,10km to less than 20km,75,113,-38
E01002321,20km to less than 30km,47,155,-108
E01002321,2km to less than 5km,78,96,-18
E01002321,30km to less than 40km,11,18,-7
E01002321,40km to less than 60km,8,6,2
E01002321,5km to less than 10km,82,76,6
E01002321,60km and over,9,5,4
E01002321,Less than 2km,89,89,0
E01002321,"Works mainly at an offshore installation, in no fixed place, or outside the UK",154,75,79
E01002321,Works mainly from home,309,71,238
E01002322,10km to less than 20km,106,227,-121
E01002322,20km to less than 30km,70,157,-87
E01002322,2km to less than 5km,148,221,-73
E01002322,30km to less than 40km,12,17,-5
E01002322,40km to less than 60km,2,10,-8
E01002322,5km to less than 10km,72,130,-58
E01002322,60km and over,7,12,-5
E01002322,Less than 2km,85,141,-56
E01002322,"Works mainly at an offshore installation, in no fixed place, or outside the UK",169,112,57
E01002322,Works mainly from home,343,75,268
E01002323,10km to less than 20km,89,187,-98
E01002323,20km to less than 30km,44,105,-61
E01002323,2km to less than 5km,82,147,-65
E01002323,30km to less than 40km,11,13,-2
E01002323,40km to less than 60km,12,10,2
E01002323,5km to less than 10km,73,109,-36
E01002323,60km and over,6,10,-4
E01002323,Less than 2km,103,110,-7
E01002323,"Works mainly at an offshore installation, in no fixed place, or outside the UK",138,102,36
E01002323,Works mainly from home,336,58,278
E01002324,10km to less than 20km,56,102,-46
E01002324,20km to less than 30km,50,104,-54
E01002324,2km to less than 5km,80,134,-54
E01002324,30km to less than 40km,10,8,2
E01002324,40km to less than 60km,3,1,2
E01002324,5km to less than 10km,59,86,-27
E01002324,60km and over,5,8,-3
E01002324,Less than 2km,72,113,-41
E01002324,"Works mainly at an offshore installation, in no fixed place, or outside the UK",142,81,61
E01002324,Works mainly from home,227,38,189
E01002325,10km to less than 20km,120,135,-15
E01002325,20km to less than 30km,38,60,-22
E01002325,2km to less than 5km,151,179,-28
E01002325,30km to less than 40km,17,14,3
E01002325,40km to less than 60km,2,10,-8
E01002325,5km to less than 10km,99,108,-9
E01002325,60km and over,10,8,2
E01002325,Less than 2km,45,61,-16
E01002325,"Works mainly at an offshore installation, in no fixed place, or outside the UK",210,104,106
E01002325,Works mainly from home,212,36,176
E01002326,10km to less than 20km,97,147,-50
E01002326,20km to less than 30km,60,74,-14
E01002326,2km to less than 5km,94,155,-61
E01002326,30km to less than 40km,7,5,2
E01002326,40km to less than 60km,0,7,-7
E01002326,5km to less than 10km,91,94,-3
E01002326,60km and over,1,7,-6
E01002326,Less than 2km,63,57,6
E01002326,"Works mainly at an offshore installation, in no fixed place, or outside the UK",180,83,97
E01002326,Works mainly from home,200,54,146
E01002327,10km to less than 20km,105,130,-25
E01002327,20km to less than 30km,39,72,-33
E01002327,2km to less than 5km,120,163,-43
E01002327,30km to less than 40km,7,12,-5
E01002327,40km to less than 60km,7,5,2
E01002327,5km to less than 10km,75,113,-38
E01002327,60km and over,4,11,-7
E01002327,Less than 2km,33,58,-25
E01002327,"Works mainly at an offshore installation, in no fixed place, or outside the UK",149,75,74
E01002327,Works mainly from home,219,71,148
E01002328,10km to less than 20km,100,185,-85
E01002328,20km to less than 30km,65,99,-34
E01002328,2km to less than 5km,120,140,-20
E01002328,30km to less than 40km,14,14,0
E01002328,40km to less than 60km,4,4,0
E01002328,5km to less than 10km,82,103,-21
E01002328,60km and over,9,16,-7
E01002328,Less than 2km,56,127,-71
E01002328,"Works mainly at an offshore installation, in no fixed place, or outside the UK",178,96,82
E01002328,Works mainly from home,290,67,223
E01002329,10km to less than 20km,103,210,-107
E01002329,20km to less than 30km,42,99,-57
E01002329,2km to less than 5km,109,173,-64
E01002329,30km to less than 40km,19,11,8
E01002329,40km to less than 60km,2,10,-8
E01002329,5km to less than 10km,85,170,-85
E01002329,60km and over,6,11,-5
E01002329,Less than 2km,63,125,-62
E01002329,"Works mainly at an offshore installation, in no fixed place, or outside the UK",168,114,54
E01002329,Works mainly from home,248,79,169
E01002330,10km to less than 20km,104,166,-62
E01002330,20km to less than 30km,43,56,-13
E01002330,2km to less than 5km,104,84,20
E01002330,30km to less than 40km,5,8,-3
E01002330,40km to less than 60km,10,2,8
E01002330,5km to less than 10km,87,97,-10
E01002330,60km and over,6,8,-2
E01002330,Less than 2km,62,71,-9
E01002330,"Works mainly at an offshore installation, in no fixed place, or outside the UK",184,74,110
E01002330,Works mainly from home,253,36,217
E01002331,10km to less than 20km,111,139,-28
E01002331,20km to less than 30km,43,48,-5
E01002331,2km to less than 5km,123,127,-4
E01002331,30km to less than 40km,3,9,-6
E01002331,40km to less than 60km,4,3,1
E01002331,5km to less than 10km,92,93,-1
E01002331,60km and over,2,5,-3
E01002331,Less than 2km,37,40,-3
E01002331,"Works mainly at an offshore installation, in no fixed place, or outside the UK",175,73,102
E01002331,Works mainly from home,208,38,170
E01002332,10km to less than 20km,101,130,-29
E01002332,20km to less than 30km,63,100,-37
E01002332,2km to less than 5km,116,178,-62
E01002332,30km to less than 40km,13,11,2
E01002332,40km to less than 60km,0,5,-5
E01002332,5km to less than 10km,83,133,-50
E01002332,60km and over,4,5,-1
E01002332,Less than 2km,47,56,-9
E01002332,"Works mainly at an offshore installation, in no fixed place, or outside the UK",139,100,39
E01002332,Works mainly from home,223,63,160
E01002333,10km to less than 20km,68,102,-34
E01002333,20km to less than 30km,36,90,-54
E01002333,2km to less than 5km,93,130,-37
E01002333,30km to less than 40km,6,6,0
E01002333,40km to less than 60km,6,6,0
E01002333,5km to less than 10km,55,76,-21
E01002333,60km and over,0,9,-9
E01002333,Less than 2km,40,54,-14
E01002333,"Works mainly at an offshore installation, in no fixed place, or outside the UK",133,95,38
E01002333,Works mainly from home,194,62,132
E01002334,10km to less than 20km,78,110,-32
E01002334,20km to less than 30km,75,146,-71
E01002334,2km to less than 5km,66,120,-54
E01002334,30km to less than 40km,12,19,-7
E01002334,40km to less than 60km,7,5,2
E01002334,5km to less than 10km,76,101,-25
E01002334,60km and over,6,9,-3
E01002334,Less than 2km,58,126,-68
E01002334,"Works mainly at an offshore installation, in no fixed place, or outside the UK",135,96,39
E01002334,Works mainly from home,279,85,194
E01002335,10km to less than 20km,79,128,-49
E01002335,20km to less than 30km,54,88,-34
E01002335,2km to less than 5km,92,147,-55
E01002335,30km to less than 40km,7,10,-3
E01002335,40km to less than 60km,1,6,-5
E01002335,5km to less than 10km,70,98,-28
E01002335,60km and over,8,12,-4
E01002335,Less than 2km,57,102,-45
E01002335,"Works mainly at an offshore installation, in no fixed place, or outside the UK",137,84,53
E01002335,Works mainly from home,162,35,127
E01002336,10km to less than 20km,80,117,-37
E01002336,20km to less than 30km,48,107,-59
E01002336,2km to less than 5km,82,108,-26
E01002336,30km to less than 40km,7,11,-4
E01002336,40km to less than 60km,6,3,3
E01002336,5km to less than 10km,69,92,-23
E01002336,60km and over,5,8,-3
E01002336,Less than 2km,59,88,-29
E01002336,"Works mainly at an offshore installation, in no fixed place, or outside the UK",187,101,86
E01002336,Works mainly from home,241,69,172
E01002337,10km to less than 20km,53,91,-38
E01002337,20km to less than 30km,55,144,-89
E01002337,2km to less than 5km,46,63,-17
E01002337,30km to less than 40km,7,9,-2
E01002337,40km to less than 60km,5,9,-4
E01002337,5km to less than 10km,41,63,-22
E01002337,60km and over,4,13,-9
E01002337,Less than 2km,42,75,-33
E01002337,"Works mainly at an offshore installation, in no fixed place, or outside the UK",80,49,31
E01002337,Works mainly from home,278,74,204
E01002338,10km to less than 20km,90,129,-39
E01002338,20km to less than 30km,44,93,-49
E01002338,2km to less than 5km,69,106,-37
E01002338,30km to less than 40km,4,8,-4
E01002338,40km to less than 60km,4,0,4
E01002338,5km to less than 10km,56,75,-19
E01002338,60km and over,4,11,-7
E01002338,Less than 2km,46,110,-64
E01002338,"Works mainly at an offshore installation, in no fixed place, or outside the UK",140,103,37
E01002338,Works mainly from home,206,45,161
E01002339,10km to less than 20km,67,115,-48
E01002339,20km to less than 30km,45,132,-87
E01002339,2km to less than 5km,66,101,-35
E01002339,30km to less than 40km,13,10,3
E01002339,40km to less than 60km,2,7,-5
E01002339,5km to less than 10km,76,108,-32
E01002339,60km and over,5,11,-6
E01002339,Less than 2km,68,124,-56
E01002339,"Works mainly at an offshore installation, in no fixed place, or outside the UK",131,84,47
E01002339,Works mainly from home,306,78,228
E01002340,10km to less than 20km,101,131,-30
E01002340,20km to less than 30km,43,112,-69
E01002340,2km to less than 5km,66,93,-27
E01002340,30km to less than 40km,8,14,-6
E01002340,40km to less than 60km,4,7,-3
E01002340,5km to less than 10km,59,72,-13
E01002340,60km and over,6,12,-6
E01002340,Less than 2km,86,126,-40
E01002340,"Works mainly at an offshore installation, in no fixed place, or outside the UK",119,80,39
E01002340,Works mainly from home,244,51,193
E01002341,10km to less than 20km,75,99,-24
E01002341,20km to less than 30km,47,120,-73
E01002341,2km to less than 5km,96,134,-38
E01002341,30km to less than 40km,10,11,-1
E01002341,40km to less than 60km,1,3,-2
E01002341,5km to less than 10km,72,89,-17
E01002341,60km and over,3,9,-6
E01002341,Less than 2km,21,36,-15
E01002341,"Works mainly at an offshore installation, in no fixed place, or outside the UK",134,95,39
E01002341,Works mainly from home,239,51,188
E01002342,10km to less than 20km,108,134,-26
E01002342,20km to less than 30km,62,107,-45
E01002342,2km to less than 5km,55,64,-9
E01002342,30km to less than 40km,14,13,1
E01002342,40km to less than 60km,4,5,-1
E01002342,5km to less than 10km,135,175,-40
E01002342,60km and over,7,14,-7
E01002342,Less than 2km,37,86,-49
E01002342,"Works mainly at an offshore installation, in no fixed place, or outside the UK",154,85,69
E01002342,Works mainly from home,191,35,156
E01002343,10km to less than 20km,80,123,-43
E01002343,20km to less than 30km,52,142,-90
E01002343,2km to less than 5km,85,103,-18
E01002343,30km to less than 40km,11,11,0
E01002343,40km to less than 60km,2,5,-3
E01002343,5km to less than 10km,135,191,-56
E01002343,60km and over,5,9,-4
E01002343,Less than 2km,36,54,-18
E01002343,"Works mainly at an offshore installation, in no fixed place, or outside the UK",184,105,79
E01002343,Works mainly from home,244,66,178
E01002344,10km to less than 20km,128,130,-2
E01002344,20km to less than 30km,63,115,-52
E01002344,2km to less than 5km,65,76,-11
E01002344,30km to less than 40km,14,19,-5
E01002344,40km to less than 60km,1,5,-4
E01002344,5km to less than 10km,147,162,-15
E01002344,60km and over,2,10,-8
E01002344,Less than 2km,49,40,9
E01002344,"Works mainly at an offshore installation, in no fixed place, or outside the UK",158,88,70
E01002344,Works mainly from home,265,57,208
E01002345,10km to less than 20km,113,191,-78
E01002345,20km to less than 30km,63,79,-16
E01002345,2km to less than 5km,55,53,2
E01002345,30km to less than 40km,7,14,-7
E01002345,40km to less than 60km,1,2,-1
E01002345,5km to less than 10km,153,183,-30
E01002345,60km and over,7,15,-8
E01002345,Less than 2km,70,83,-13
E01002345,"Works mainly at an offshore installation, in no fixed place, or outside the UK",189,95,94
E01002345,Works mainly from home,222,54,168
E01002346,10km to less than 20km,91,161,-70
E01002346,20km to less than 30km,53,101,-48
E01002346,2km to less than 5km,53,72,-19
E01002346,30km to less than 40km,5,10,-5
E01002346,40km to less than 60km,7,5,2
E01002346,5km to less than 10km,132,202,-70
E01002346,60km and over,7,10,-3
E01002346,Less than 2km,42,69,-27
E01002346,"Works mainly at an offshore installation, in no fixed place, or outside the UK",148,60,88
E01002346,Works mainly from home,200,55,145
E01002347,10km to less than 20km,97,114,-17
E01002347,20km to less than 30km,67,110,-43
E01002347,2km to less than 5km,44,52,-8
E01002347,30km to less than 40km,7,12,-5
E01002347,40km to less than 60km,4,7,-3
E01002347,5km to less than 10km,132,177,-45
E01002347,60km and over,2,15,-13
E01002347,Less than 2km,38,53,-15
E01002347,"Works mainly at an offshore installation, in no fixed place, or outside the UK",140,81,59
E01002347,Works mainly from home,192,48,144
E01002348,10km to less than 20km,80,109,-29
E01002348,20km to less than 30km,61,135,-74
E01002348,2km to less than 5km,60,91,-31
E01002348,30km to less than 40km,10,8,2
E01002348,40km to less than 60km,2,5,-3
E01002348,5km to less than 10km,112,160,-48
E01002348,60km and over,8,13,-5
E01002348,Less than 2km,25,50,-25
E01002348,"Works mainly at an offshore installation, in no fixed place, or outside the UK",163,117,46
E01002348,Works mainly from home,221,49,172
E01002349,10km to less than 20km,71,118,-47
E01002349,20km to less than 30km,69,132,-63
E01002349,2km to less than 5km,53,80,-27
E01002349,30km to less than 40km,7,16,-9
E01002349,40km to less than 60km,7,6,1
E01002349,5km to less than 10km,114,176,-62
E01002349,60km and over,10,12,-2
E01002349,Less than 2km,32,69,-37
E01002349,"Works mainly at an offshore installation, in no fixed place, or outside the UK",174,105,69
E01002349,Works mainly from home,199,47,152
E01002350,10km to less than 20km,88,136,-48
E01002350,20km to less than 30km,63,122,-59
E01002350,2km to less than 5km,71,81,-10
E01002350,30km to less than 40km,11,13,-2
E01002350,40km to less than 60km,6,12,-6
E01002350,5km to less than 10km,67,68,-1
E01002350,60km and over,8,14,-6
E01002350,Less than 2km,91,145,-54
E01002350,"Works mainly at an offshore installation, in no fixed place, or outside the UK",195,80,115
E01002350,Works mainly from home,228,55,173
E01002351,10km to less than 20km,98,152,-54
E01002351,20km to less than 30km,76,171,-95
E01002351,2km to less than 5km,78,92,-14
E01002351,30km to less than 40km,11,21,-10
E01002351,40km to less than 60km,4,10,-6
E01002351,5km to less than 10km,58,93,-35
E01002351,60km and over,8,16,-8
E01002351,Less than 2km,97,161,-64
E01002351,"Works mainly at an offshore installation, in no fixed place, or outside the UK",181,85,96
E01002351,Works mainly from home,344,59,285
E01002352,10km to less than 20km,103,117,-14
E01002352,20km to less than 30km,79,204,-125
E01002352,2km to less than 5km,87,121,-34
E01002352,30km to less than 40km,5,14,-9
E01002352,40km to less than 60km,4,7,-3
E01002352,5km to less than 10km,65,74,-9
E01002352,60km and over,7,6,1
E01002352,Less than 2km,118,178,-60
E01002352,"Works mainly at an offshore installation, in no fixed place, or outside the UK",169,98,71
E01002352,Works mainly from home,360,60,300
E01002353,10km to less than 20km,90,179,-89
E01002353,20km to less than 30km,65,186,-121
E01002353,2km to less than 5km,85,101,-16
E01002353,30km to less than 40km,6,14,-8
E01002353,40km to less than 60km,4,6,-2
E01002353,5km to less than 10km,62,110,-48
E01002353,60km and over,6,19,-13
E01002353,Less than 2km,103,151,-48
E01002353,"Works mainly at an offshore installation, in no fixed place, or outside the UK",174,115,59
E01002353,Works mainly from home,375,90,285
E01002354,10km to less than 20km,48,105,-57
E01002354,20km to less than 30km,56,176,-120
E01002354,2km to less than 5km,44,75,-31
E01002354,30km to less than 40km,11,8,3
E01002354,40km to less than 60km,2,13,-11
E01002354,5km to less than 10km,36,72,-36
E01002354,60km and over,3,8,-5
E01002354,Less than 2km,51,90,-39
E01002354,"Works mainly at an offshore installation, in no fixed place, or outside the UK",91,64,27
E01002354,Works mainly from home,331,64,267
E01002355,10km to less than 20km,52,95,-43
E01002355,20km to less than 30km,54,197,-143
E01002355,2km to less than 5km,58,84,-26
E01002355,30km to less than 40km,12,9,3
E01002355,40km to less than 60km,6,5,1
E01002355,5km to less than 10km,56,102,-46
E01002355,60km and over,4,9,-5
E01002355,Less than 2km,85,117,-32
E01002355,"Works mainly at an offshore installation, in no fixed place, or outside the UK",123,88,35
E01002355,Works mainly from home,363,52,311
E01002356,10km to less than 20km,160,235,-75
E01002356,20km to less than 30km,93,127,-34
E01002356,2km to less than 5km,88,110,-22
E01002356,30km to less than 40km,17,24,-7
E01002356,40km to less than 60km,5,8,-3
E01002356,5km to less than 10km,97,111,-14
E01002356,60km and over,6,27,-21
E01002356,Less than 2km,135,219,-84
E01002356,"Works mainly at an offshore installation, in no fixed place, or outside the UK",191,102,89
E01002356,Works mainly from home,311,71,240
E01002358,10km to less than 20km,122,177,-55
E01002358,20km to less than 30km,116,220,-104
E01002358,2km to less than 5km,68,87,-19
E01002358,30km to less than 40km,15,18,-3
E01002358,40km to less than 60km,4,18,-14
E01002358,5km to less than 10km,74,125,-51
E01002358,60km and over,10,20,-10
E01002358,Less than 2km,140,180,-40
E01002358,"Works mainly at an offshore installation, in no fixed place, or outside the UK",225,107,118
E01002358,Works mainly from home,371,62,309
E01002359,10km to less than 20km,62,122,-60
E01002359,20km to less than 30km,60,149,-89
E01002359,2km to less than 5km,74,111,-37
E01002359,30km to less than 40km,13,13,0
E01002359,40km to less than 60km,2,5,-3
E01002359,5km to less than 10km,35,71,-36
E01002359,60km and over,5,6,-1
E01002359,Less than 2km,47,61,-14
E01002359,"Works mainly at an offshore installation, in no fixed place, or outside the UK",95,76,19
E01002359,Works mainly from home,265,48,217
E01002360,10km to less than 20km,62,90,-28
E01002360,20km to less than 30km,60,128,-68
E01002360,2km to less than 5km,69,115,-46
E01002360,30km to less than 40km,4,7,-3
E01002360,40km to less than 60km,2,6,-4
E01002360,5km to less than 10km,53,80,-27
E01002360,60km and over,4,7,-3
E01002360,Less than 2km,31,57,-26
E01002360,"Works mainly at an offshore installation, in no fixed place, or outside the UK",111,71,40
E01002360,Works mainly from home,245,59,186
E01002361,10km to less than 20km,106,125,-19
E01002361,20km to less than 30km,82,199,-117
E01002361,2km to less than 5km,122,137,-15
E01002361,30km to less than 40km,15,13,2
E01002361,40km to less than 60km,4,8,-4
E01002361,5km to less than 10km,78,96,-18
E01002361,60km and over,3,13,-10
E01002361,Less than 2km,72,104,-32
E01002361,"Works mainly at an offshore installation, in no fixed place, or outside the UK",176,101,75
E01002361,Works mainly from home,302,66,236
E01002362,10km to less than 20km,65,99,-34
E01002362,20km to less than 30km,71,209,-138
E01002362,2km to less than 5km,75,91,-16
E01002362,30km to less than 40km,16,14,2
E01002362,40km to less than 60km,3,9,-6
E01002362,5km to less than 10km,60,97,-37
E01002362,60km and over,6,10,-4
E01002362,Less than 2km,30,63,-33
E01002362,"Works mainly at an offshore installation, in no fixed place, or outside the UK",116,96,20
E01002362,Works mainly from home,356,76,280
E01002363,10km to less than 20km,59,100,-41
E01002363,20km to less than 30km,52,120,-68
E01002363,2km to less than 5km,97,150,-53
E01002363,30km to less than 40km,8,18,-10
E01002363,40km to less than 60km,4,2,2
E01002363,5km to less than 10km,67,91,-24
E01002363,60km and over,3,6,-3
E01002363,Less than 2km,41,95,-54
E01002363,"Works mainly at an offshore installation, in no fixed place, or outside the UK",138,90,48
E01002363,Works mainly from home,223,60,163
E01002364,10km to less than 20km,53,102,-49
E01002364,20km to less than 30km,53,137,-84
E01002364,2km to less than 5km,66,124,-58
E01002364,30km to less than 40km,8,11,-3
E01002364,40km to less than 60km,2,6,-4
E01002364,5km to less than 10km,52,96,-44
E01002364,60km and over,5,6,-1
E01002364,Less than 2km,37,64,-27
E01002364,"Works mainly at an offshore installation, in no fixed place, or outside the UK",111,68,43
E01002364,Works mainly from home,255,52,203
E01002365,10km to less than 20km,71,113,-42
E01002365,20km to less than 30km,56,117,-61
E01002365,2km to less than 5km,72,144,-72
E01002365,30km to less than 40km,10,9,1
E01002365,40km to less than 60km,2,10,-8
E01002365,5km to less than 10km,51,89,-38
E01002365,60km and over,2,8,-6
E01002365,Less than 2km,46,54,-8
E01002365,"Works mainly at an offshore installation, in no fixed place, or outside the UK",144,77,67
E01002365,Works mainly from home,188,38,150
E01002366,10km to less than 20km,76,119,-43
E01002366,20km to less than 30km,60,167,-107
E01002366,2km to less than 5km,76,128,-52
E01002366,30km to less than 40km,11,14,-3
E01002366,40km to less than 60km,5,5,0
E01002366,5km to less than 10km,77,99,-22
E01002366,60km and over,0,9,-9
E01002366,Less than 2km,53,80,-27
E01002366,"Works mainly at an offshore installation, in no fixed place, or outside the UK",150,105,45
E01002366,Works mainly from home,264,42,222
E01002367,10km to less than 20km,71,116,-45
E01002367,20km to less than 30km,87,194,-107
E01002367,2km to less than 5km,96,162,-66
E01002367,30km to less than 40km,10,14,-4
E01002367,40km to less than 60km,6,13,-7
E01002367,5km to less than 10km,72,79,-7
E01002367,60km and over,6,13,-7
E01002367,Less than 2km,63,83,-20
E01002367,"Works mainly at an offshore installation, in no fixed place, or outside the UK",155,86,69
E01002367,Works mainly from home,345,62,283
E01002368,10km to less than 20km,168,142,26
E01002368,20km to less than 30km,64,34,30
E01002368,2km to less than 5km,114,85,29
E01002368,30km to less than 40km,13,13,0
E01002368,40km to less than 60km,6,8,-2
E01002368,5km to less than 10km,211,157,54
E01002368,60km and over,6,13,-7
E01002368,Less than 2km,64,67,-3
E01002368,"Works mainly at an offshore installation, in no fixed place, or outside the UK",214,95,119
E01002368,Works mainly from home,263,47,216
E01002369,10km to less than 20km,133,182,-49
E01002369,20km to less than 30km,44,88,-44
E01002369,2km to less than 5km,95,114,-19
E01002369,30km to less than 40km,11,17,-6
E01002369,40km to less than 60km,7,8,-1
E01002369,5km to less than 10km,140,197,-57
E01002369,60km and over,11,11,0
E01002369,Less than 2km,49,81,-32
E01002369,"Works mainly at an offshore installation, in no fixed place, or outside the UK",188,94,94
E01002369,Works mainly from home,265,64,201
E01002370,10km to less than 20km,149,188,-39
E01002370,20km to less than 30km,88,112,-24
E01002370,2km to less than 5km,83,111,-28
E01002370,30km to less than 40km,18,13,5
E01002370,40km to less than 60km,7,3,4
E01002370,5km to less than 10km,212,202,10
E01002370,60km and over,7,16,-9
E01002370,Less than 2km,51,98,-47
E01002370,"Works mainly at an offshore installation, in no fixed place, or outside the UK",251,111,140
E01002370,Works mainly from home,287,60,227
E01002371,10km to less than 20km,89,137,-48
E01002371,20km to less than 30km,47,81,-34
E01002371,2km to less than 5km,84,106,-22
E01002371,30km to less than 40km,8,12,-4
E01002371,40km to less than 60km,0,6,-6
E01002371,5km to less than 10km,132,197,-65
E01002371,60km and over,7,8,-1
E01002371,Less than 2km,43,58,-15
E01002371,"Works mainly at an offshore installation, in no fixed place, or outside the UK",161,87,74
E01002371,Works mainly from home,216,50,166
E01002372,10km to less than 20km,97,145,-48
E01002372,20km to less than 30km,58,104,-46
E01002372,2km to less than 5km,115,158,-43
E01002372,30km to less than 40km,14,7,7
E01002372,40km to less than 60km,8,6,2
E01002372,5km to less than 10km,111,142,-31
E01002372,60km and over,7,6,1
E01002372,Less than 2km,32,66,-34
E01002372,"Works mainly at an offshore installation, in no fixed place, or outside the UK",171,90,81
E01002372,Works mainly from home,218,53,165
E01002373,10km to less than 20km,88,135,-47
E01002373,20km to less than 30km,45,86,-41
E01002373,2km to less than 5km,103,117,-14
E01002373,30km to less than 40km,10,12,-2
E01002373,40km to less than 60km,0,3,-3
E01002373,5km to less than 10km,92,163,-71
E01002373,60km and over,9,14,-5
E01002373,Less than 2km,32,57,-25
E01002373,"Works mainly at an offshore installation, in no fixed place, or outside the UK",156,103,53
E01002373,Works mainly from home,251,52,199
E01002374,10km to less than 20km,97,144,-47
E01002374,20km to less than 30km,59,101,-42
E01002374,2km to less than 5km,89,84,5
E01002374,30km to less than 40km,14,10,4
E01002374,40km to less than 60km,2,11,-9
E01002374,5km to less than 10km,113,171,-58
E01002374,60km and over,5,12,-7
E01002374,Less than 2km,34,53,-19
E01002374,"Works mainly at an offshore installation, in no fixed place, or outside the UK",190,106,84
E01002374,Works mainly from home,231,45,186
E01002375,10km to less than 20km,114,113,1
E01002375,20km to less than 30km,45,65,-20
E01002375,2km to less than 5km,107,160,-53
E01002375,30km to less than 40km,19,9,10
E01002375,40km to less than 60km,1,4,-3
E01002375,5km to less than 10km,136,146,-10
E01002375,60km and over,5,7,-2
E01002375,Less than 2km,43,49,-6
E01002375,"Works mainly at an offshore installation, in no fixed place, or outside the UK",204,82,122
E01002375,Works mainly from home,197,45,152
E01002376,10km to less than 20km,62,112,-50
E01002376,20km to less than 30km,69,212,-143
E01002376,2km to less than 5km,63,91,-28
E01002376,30km to less than 40km,1,21,-20
E01002376,40km to less than 60km,5,7,-2
E01002376,5km to less than 10km,60,82,-22
E01002376,60km and over,3,8,-5
E01002376,Less than 2km,26,75,-49
E01002376,"Works mainly at an offshore installation, in no fixed place, or outside the UK",97,87,10
E01002376,Works mainly from home,341,71,270
E01002377,10km to less than 20km,97,115,-18
E01002377,20km to less than 30km,79,159,-80
E01002377,2km to less than 5km,108,122,-14
E01002377,30km to less than 40km,10,12,-2
E01002377,40km to less than 60km,9,10,-1
E01002377,5km to less than 10km,63,75,-12
E01002377,60km and over,0,7,-7
E01002377,Less than 2km,58,59,-1
E01002377,"Works mainly at an offshore installation, in no fixed place, or outside the UK",142,79,63
E01002377,Works mainly from home,346,51,295
E01002378,10km to less than 20km,73,189,-116
E01002378,20km to less than 30km,72,224,-152
E01002378,2km to less than 5km,105,174,-69
E01002378,30km to less than 40km,13,19,-6
E01002378,40km to less than 60km,9,10,-1
E01002378,5km to less than 10km,64,108,-44
E01002378,60km and over,3,15,-12
E01002378,Less than 2km,67,90,-23
E01002378,"Works mainly at an offshore installation, in no fixed place, or outside the UK",149,112,37
E01002378,Works mainly from home,359,98,261
E01002379,10km to less than 20km,89,113,-24
E01002379,20km to less than 30km,75,197,-122
E01002379,2km to less than 5km,69,85,-16
E01002379,30km to less than 40km,15,7,8
E01002379,40km to less than 60km,7,9,-2
E01002379,5km to less than 10km,50,66,-16
E01002379,60km and over,15,7,8
E01002379,Less than 2km,51,100,-49
E01002379,"Works mainly at an offshore installation, in no fixed place, or outside the UK",119,73,46
E01002379,Works mainly from home,324,91,233
E01002380,10km to less than 20km,115,201,-86
E01002380,20km to less than 30km,95,340,-245
E01002380,2km to less than 5km,124,143,-19
E01002380,30km to less than 40km,20,31,-11
E01002380,40km to less than 60km,9,12,-3
E01002380,5km to less than 10km,73,111,-38
E01002380,60km and over,6,11,-5
E01002380,Less than 2km,64,117,-53
E01002380,"Works mainly at an offshore installation, in no fixed place, or outside the UK",206,101,105
E01002380,Works mainly from home,445,71,374
E01002381,10km to less than 20km,68,129,-61
E01002381,20km to less than 30km,71,171,-100
E01002381,2km to less than 5km,88,128,-40
E01002381,30km to less than 40km,5,6,-1
E01002381,40km to less than 60km,2,4,-2
E01002381,5km to less than 10km,38,79,-41
E01002381,60km and over,2,7,-5
E01002381,Less than 2km,35,90,-55
E01002381,"Works mainly at an offshore installation, in no fixed place, or outside the UK",138,96,42
E01002381,Works mainly from home,268,63,205
E01002382,10km to less than 20km,75,135,-60
E01002382,20km to less than 30km,73,263,-190
E01002382,2km to less than 5km,53,96,-43
E01002382,30km to less than 40km,12,15,-3
E01002382,40km to less than 60km,6,6,0
E01002382,5km to less than 10km,50,108,-58
E01002382,60km and over,8,6,2
E01002382,Less than 2km,87,143,-56
E01002382,"Works mainly at an offshore installation, in no fixed place, or outside the UK",147,109,38
E01002382,Works mainly from home,421,72,349
E01002383,10km to less than 20km,74,131,-57
E01002383,20km to less than 30km,73,210,-137
E01002383,2km to less than 5km,82,124,-42
E01002383,30km to less than 40km,10,21,-11
E01002383,40km to less than 60km,5,10,-5
E01002383,5km to less than 10km,48,90,-42
E01002383,60km and over,5,12,-7
E01002383,Less than 2km,49,74,-25
E01002383,"Works mainly at an offshore installation, in no fixed place, or outside the UK",117,84,33
E01002383,Works mainly from home,353,62,291
E01002384,10km to less than 20km,56,91,-35
E01002384,20km to less than 30km,70,227,-157
E01002384,2km to less than 5km,37,47,-10
E01002384,30km to less than 40km,12,22,-10
E01002384,40km to less than 60km,1,3,-2
E01002384,5km to less than 10km,72,129,-57
E01002384,60km and over,2,8,-6
E01002384,Less than 2km,53,76,-23
E01002384,"Works mainly at an offshore installation, in no fixed place, or outside the UK",100,65,35
E01002384,Works mainly from home,374,82,292
E01002385,10km to less than 20km,53,106,-53
E01002385,20km to less than 30km,66,196,-130
E01002385,2km to less than 5km,50,75,-25
E01002385,30km to less than 40km,6,10,-4
E01002385,40km to less than 60km,1,4,-3
E01002385,5km to less than 10km,105,151,-46
E01002385,60km and over,4,9,-5
E01002385,Less than 2km,29,46,-17
E01002385,"Works mainly at an offshore installation, in no fixed place, or outside the UK",114,77,37
E01002385,Works mainly from home,339,113,226
E01002386,10km to less than 20km,63,157,-94
E01002386,20km to less than 30km,95,320,-225
E01002386,2km to less than 5km,72,79,-7
E01002386,30km to less than 40km,18,22,-4
E01002386,40km to less than 60km,6,9,-3
E01002386,5km to less than 10km,79,129,-50
E01002386,60km and over,4,20,-16
E01002386,Less than 2km,70,93,-23
E01002386,"Works mainly at an offshore installation, in no fixed place, or outside the UK",154,68,86
E01002386,Works mainly from home,475,84,391
E01002387,10km to less than 20km,49,96,-47
E01002387,20km to less than 30km,63,250,-187
E01002387,2km to less than 5km,36,39,-3
E01002387,30km to less than 40km,6,13,-7
E01002387,40km to less than 60km,2,10,-8
E01002387,5km to less than 10km,54,142,-88
E01002387,60km and over,5,7,-2
E01002387,Less than 2km,39,59,-20
E01002387,"Works mainly at an offshore installation, in no fixed place, or outside the UK",89,70,19
E01002387,Works mainly from home,352,82,270
E01002388,10km to less than 20km,43,111,-68
E01002388,20km to less than 30km,67,222,-155
E01002388,2km to less than 5km,35,60,-25
E01002388,30km to less than 40km,4,19,-15
E01002388,40km to less than 60km,3,6,-3
E01002388,5km to less than 10km,93,136,-43
E01002388,60km and over,3,10,-7
E01002388,Less than 2km,32,61,-29
E01002388,"Works mainly at an offshore installation, in no fixed place, or outside the UK",88,82,6
E01002388,Works mainly from home,419,95,324
E01002389,10km to less than 20km,55,121,-66
E01002389,20km to less than 30km,39,238,-199
E01002389,2km to less than 5km,45,81,-36
E01002389,30km to less than 40km,2,14,-12
E01002389,40km to less than 60km,8,9,-1
E01002389,5km to less than 10km,71,131,-60
E01002389,60km and over,6,14,-8
E01002389,Less than 2km,44,86,-42
E01002389,"Works mainly at an offshore installation, in no fixed place, or outside the UK",103,75,28
E01002389,Works mainly from home,329,98,231
E01002390,10km to less than 20km,42,73,-31
E01002390,20km to less than 30km,51,147,-96
E01002390,2km to less than 5km,42,41,1
E01002390,30km to less than 40km,9,8,1
E01002390,40km to less than 60km,4,3,1
E01002390,5km to less than 10km,49,88,-39
E01002390,60km and over,2,4,-2
E01002390,Less than 2km,36,53,-17
E01002390,"Works mainly at an offshore installation, in no fixed place, or outside the UK",84,41,43
E01002390,Works mainly from home,364,61,303
E01002391,10km to less than 20km,63,75,-12
E01002391,20km to less than 30km,70,175,-105
E01002391,2km to less than 5km,50,69,-19
E01002391,30km to less than 40km,20,18,2
E01002391,40km to less than 60km,2,5,-3
E01002391,5km to less than 10km,101,152,-51
E01002391,60km and over,2,14,-12
E01002391,Less than 2km,42,55,-13
E01002391,"Works mainly at an offshore installation, in no fixed place, or outside the UK",137,56,81
E01002391,Works mainly from home,313,95,218
E01002392,10km to less than 20km,82,109,-27
E01002392,20km to less than 30km,19,32,-13
E01002392,2km to less than 5km,130,128,2
E01002392,30km to less than 40km,3,9,-6
E01002392,40km to less than 60km,5,10,-5
E01002392,5km to less than 10km,136,168,-32
E01002392,60km and over,8,12,-4
E01002392,Less than 2km,47,69,-22
E01002392,"Works mainly at an offshore installation, in no fixed place, or outside the UK",138,58,80
E01002392,Works mainly from home,103,39,64
E01002393,10km to less than 20km,111,133,-22
E01002393,20km to less than 30km,41,53,-12
E01002393,2km to less than 5km,159,167,-8
E01002393,30km to less than 40km,10,3,7
E01002393,40km to less than 60km,7,9,-2
E01002393,5km to less than 10km,190,266,-76
E01002393,60km and over,11,12,-1
E01002393,Less than 2km,58,78,-20
E01002393,"Works mainly at an offshore installation, in no fixed place, or outside the UK",168,82,86
E01002393,Works mainly from home,180,62,118
E01002394,10km to less than 20km,69,79,-10
E01002394,20km to less than 30km,19,42,-23
E01002394,2km to less than 5km,114,119,-5
E01002394,30km to less than 40km,10,4,6
E01002394,40km to less than 60km,6,7,-1
E01002394,5km to less than 10km,144,237,-93
E01002394,60km and over,11,10,1
E01002394,Less than 2km,70,62,8
E01002394,"Works mainly at an offshore installation, in no fixed place, or outside the UK",164,48,116
E01002394,Works mainly from home,134,47,87
E01002395,10km to less than 20km,62,104,-42
E01002395,20km to less than 30km,9,40,-31
E01002395,2km to less than 5km,107,147,-40
E01002395,30km to less than 40km,9,9,0
E01002395,40km to less than 60km,3,5,-2
E01002395,5km to less than 10km,125,187,-62
E01002395,60km and over,6,12,-6
E01002395,Less than 2km,43,56,-13
E01002395,"Works mainly at an offshore installation, in no fixed place, or outside the UK",128,57,71
E01002395,Works mainly from home,128,39,89
E01002396,10km to less than 20km,75,90,-15
E01002396,20km to less than 30km,22,35,-13
E01002396,2km to less than 5km,123,142,-19
E01002396,30km to less than 40km,5,4,1
E01002396,40km to less than 60km,4,7,-3
E01002396,5km to less than 10km,169,247,-78
E01002396,60km and over,17,10,7
E01002396,Less than 2km,97,95,2
E01002396,"Works mainly at an offshore installation, in no fixed place, or outside the UK",129,64,65
E01002396,Works mainly from home,172,40,132
E01002397,10km to less than 20km,78,105,-27
E01002397,20km to less than 30km,34,37,-3
E01002397,2km to less than 5km,154,164,-10
E01002397,30km to less than 40km,15,9,6
E01002397,40km to less than 60km,6,8,-2
E01002397,5km to less than 10km,145,196,-51
E01002397,60km and over,9,9,0
E01002397,Less than 2km,55,84,-29
E01002397,"Works mainly at an offshore installation, in no fixed place, or outside the UK",142,65,77
E01002397,Works mainly from home,130,62,68
E01002398,10km to less than 20km,102,119,-17
E01002398,20km to less than 30km,27,56,-29
E01002398,2km to less than 5km,110,178,-68
E01002398,30km to less than 40km,3,13,-10
E01002398,40km to less than 60km,1,5,-4
E01002398,5km to less than 10km,154,206,-52
E01002398,60km and over,11,11,0
E01002398,Less than 2km,73,101,-28
E01002398,"Works mainly at an offshore installation, in no fixed place, or outside the UK",149,94,55
E01002398,Works mainly from home,190,60,130
E01002399,10km to less than 20km,84,97,-13
E01002399,20km to less than 30km,22,25,-3
E01002399,2km to less than 5km,113,148,-35
E01002399,30km to less than 40km,10,10,0
E01002399,40km to less than 60km,4,13,-9
E01002399,5km to less than 10km,159,235,-76
E01002399,60km and over,12,10,2
E01002399,Less than 2km,66,90,-24
E01002399,"Works mainly at an offshore installation, in no fixed place, or outside the UK",129,78,51
E01002399,Works mainly from home,162,45,117
E01002400,10km to less than 20km,102,104,-2
E01002400,20km to less than 30km,36,50,-14
E01002400,2km to less than 5km,142,194,-52
E01002400,30km to less than 40km,8,23,-15
E01002400,40km to less than 60km,5,8,-3
E01002400,5km to less than 10km,153,154,-1
E01002400,60km and over,5,12,-7
E01002400,Less than 2km,67,87,-20
E01002400,"Works mainly at an offshore installation, in no fixed place, or outside the UK",163,90,73
E01002400,Works mainly from home,224,63,161
E01002401,10km to less than 20km,123,111,12
E01002401,20km to less than 30km,42,64,-22
E01002401,2km to less than 5km,159,173,-14
E01002401,30km to less than 40km,5,9,-4
E01002401,40km to less than 60km,5,7,-2
E01002401,5km to less than 10km,171,168,3
E01002401,60km and over,9,5,4
E01002401,Less than 2km,68,93,-25
E01002401,"Works mainly at an offshore installation, in no fixed place, or outside the UK",164,69,95
E01002401,Works mainly from home,239,54,185
E01002402,10km to less than 20km,89,85,4
E01002402,20km to less than 30km,34,53,-19
E01002402,2km to less than 5km,131,150,-19
E01002402,30km to less than 40km,3,6,-3
E01002402,40km to less than 60km,1,4,-3
E01002402,5km to less than 10km,153,140,13
E01002402,60km and over,4,9,-5
E01002402,Less than 2km,71,98,-27
E01002402,"Works mainly at an offshore installation, in no fixed place, or outside the UK",144,65,79
E01002402,Works mainly from home,127,27,100
E01002403,10km to less than 20km,152,98,54
E01002403,20km to less than 30km,35,61,-26
E01002403,2km to less than 5km,156,166,-10
E01002403,30km to less than 40km,8,8,0
E01002403,40km to less than 60km,6,4,2
E01002403,5km to less than 10km,159,163,-4
E01002403,60km and over,10,8,2
E01002403,Less than 2km,92,84,8
E01002403,"Works mainly at an offshore installation, in no fixed place, or outside the UK",201,80,121
E01002403,Works mainly from home,234,52,182
E01002404,10km to less than 20km,83,116,-33
E01002404,20km to less than 30km,21,68,-47
E01002404,2km to less than 5km,138,204,-66
E01002404,30km to less than 40km,2,3,-1
E01002404,40km to less than 60km,4,4,0
E01002404,5km to less than 10km,165,159,6
E01002404,60km and over,1,8,-7
E01002404,Less than 2km,75,115,-40
E01002404,"Works mainly at an offshore installation, in no fixed place, or outside the UK",173,53,120
E01002404,Works mainly from home,145,41,104
E01002405,10km to less than 20km,83,109,-26
E01002405,20km to less than 30km,22,51,-29
E01002405,2km to less than 5km,127,185,-58
E01002405,30km to less than 40km,15,6,9
E01002405,40km to less than 60km,2,5,-3
E01002405,5km to less than 10km,165,185,-20
E01002405,60km and over,5,12,-7
E01002405,Less than 2km,91,136,-45
E01002405,"Works mainly at an offshore installation, in no fixed place, or outside the UK",174,103,71
E01002405,Works mainly from home,157,69,88
E01002408,10km to less than 20km,71,94,-23
E01002408,20km to less than 30km,39,47,-8
E01002408,2km to less than 5km,98,167,-69
E01002408,30km to less than 40km,5,15,-10
E01002408,40km to less than 60km,1,4,-3
E01002408,5km to less than 10km,101,143,-42
E01002408,60km and over,5,17,-12
E01002408,Less than 2km,75,96,-21
E01002408,"Works mainly at an offshore installation, in no fixed place, or outside the UK",128,90,38
E01002408,Works mainly from home,171,58,113
E01002409,10km to less than 20km,89,119,-30
E01002409,20km to less than 30km,34,60,-26
E01002409,2km to less than 5km,124,198,-74
E01002409,30km to less than 40km,10,8,2
E01002409,40km to less than 60km,2,5,-3
E01002409,5km to less than 10km,121,150,-29
E01002409,60km and over,12,10,2
E01002409,Less than 2km,82,94,-12
E01002409,"Works mainly at an offshore installation, in no fixed place, or outside the UK",164,59,105
E01002409,Works mainly from home,244,44,200
E01002410,10km to less than 20km,93,120,-27
E01002410,20km to less than 30km,43,76,-33
E01002410,2km to less than 5km,130,193,-63
E01002410,30km to less than 40km,10,13,-3
E01002410,40km to less than 60km,8,9,-1
E01002410,5km to less than 10km,129,171,-42
E01002410,60km and over,4,8,-4
E01002410,Less than 2km,64,113,-49
E01002410,"Works mainly at an offshore installation, in no fixed place, or outside the UK",164,101,63
E01002410,Works mainly from home,266,64,202
E01002411,10km to less than 20km,145,83,62
E01002411,20km to less than 30km,57,57,0
E01002411,2km to less than 5km,117,162,-45
E01002411,30km to less than 40km,7,20,-13
E01002411,40km to less than 60km,8,10,-2
E01002411,5km to less than 10km,106,103,3
E01002411,60km and over,19,19,0
E01002411,Less than 2km,81,144,-63
E01002411,"Works mainly at an offshore installation, in no fixed place, or outside the UK",183,77,106
E01002411,Works mainly from home,245,53,192
E01002412,10km to less than 20km,123,153,-30
E01002412,20km to less than 30km,46,90,-44
E01002412,2km to less than 5km,127,184,-57
E01002412,30km to less than 40km,14,21,-7
E01002412,40km to less than 60km,3,7,-4
E01002412,5km to less than 10km,163,188,-25
E01002412,60km and over,5,18,-13
E01002412,Less than 2km,249,294,-45
E01002412,"Works mainly at an offshore installation, in no fixed place, or outside the UK",144,99,45
E01002412,Works mainly from home,354,110,244
E01002413,10km to less than 20km,77,101,-24
E01002413,20km to less than 30km,33,55,-22
E01002413,2km to less than 5km,102,146,-44
E01002413,30km to less than 40km,5,12,-7
E01002413,40km to less than 60km,2,6,-4
E01002413,5km to less than 10km,90,120,-30
E01002413,60km and over,9,11,-2
E01002413,Less than 2km,71,103,-32
E01002413,"Works mainly at an offshore installation, in no fixed place, or outside the UK",129,70,59
E01002413,Works mainly from home,180,64,116
E01002414,10km to less than 20km,72,157,-85
E01002414,20km to less than 30km,54,153,-99
E01002414,2km to less than 5km,67,84,-17
E01002414,30km to less than 40km,9,55,-46
E01002414,40km to less than 60km,8,40,-32
E01002414,5km to less than 10km,99,116,-17
E01002414,60km and over,10,40,-30
E01002414,Less than 2km,99,206,-107
E01002414,"Works mainly at an offshore installation, in no fixed place, or outside the UK",123,99,24
E01002414,Works mainly from home,238,119,119
E01002415,10km to less than 20km,115,238,-123
E01002415,20km to less than 30km,40,86,-46
E01002415,2km to less than 5km,65,96,-31
E01002415,30km to less than 40km,4,19,-15
E01002415,40km to less than 60km,1,9,-8
E01002415,5km to less than 10km,129,198,-69
E01002415,60km and over,3,8,-5
E01002415,Less than 2km,67,103,-36
E01002415,"Works mainly at an offshore installation, in no fixed place, or outside the UK",109,101,8
E01002415,Works mainly from home,357,67,290
E01002416,10km to less than 20km,114,190,-76
E01002416,20km to less than 30km,34,66,-32
E01002416,2km to less than 5km,64,104,-40
E01002416,30km to less than 40km,7,11,-4
E01002416,40km to less than 60km,1,3,-2
E01002416,5km to less than 10km,130,226,-96
E01002416,60km and over,3,13,-10
E01002416,Less than 2km,82,115,-33
E01002416,"Works mainly at an offshore installation, in no fixed place, or outside the UK",138,104,34
E01002416,Works mainly from home,293,76,217
E01002417,10km to less than 20km,110,168,-58
E01002417,20km to less than 30km,40,115,-75
E01002417,2km to less than 5km,80,87,-7
E01002417,30km to less than 40km,2,9,-7
E01002417,40km to less than 60km,1,6,-5
E01002417,5km to less than 10km,114,165,-51
E01002417,60km and over,2,9,-7
E01002417,Less than 2km,47,72,-25
E01002417,"Works mainly at an offshore installation, in no fixed place, or outside the UK",124,67,57
E01002417,Works mainly from home,419,90,329
E01002418,10km to less than 20km,114,183,-69
E01002418,20km to less than 30km,28,79,-51
E01002418,2km to less than 5km,82,103,-21
E01002418,30km to less than 40km,4,8,-4
E01002418,40km to less than 60km,3,13,-10
E01002418,5km to less than 10km,118,190,-72
E01002418,60km and over,13,12,1
E01002418,Less than 2km,47,101,-54
E01002418,"Works mainly at an offshore installation, in no fixed place, or outside the UK",133,107,26
E01002418,Works mainly from home,349,65,284
E01002419,10km to less than 20km,110,183,-73
E01002419,20km to less than 30km,27,92,-65
E01002419,2km to less than 5km,66,99,-33
E01002419,30km to less than 40km,6,9,-3
E01002419,40km to less than 60km,5,1,4
E01002419,5km to less than 10km,111,163,-52
E01002419,60km and over,3,16,-13
E01002419,Less than 2km,59,85,-26
E01002419,"Works mainly at an offshore installation, in no fixed place, or outside the UK",122,80,42
E01002419,Works mainly from home,405,67,338
E01002420,10km to less than 20km,79,153,-74
E01002420,20km to less than 30km,34,124,-90
E01002420,2km to less than 5km,61,88,-27
E01002420,30km to less than 40km,3,7,-4
E01002420,40km to less than 60km,0,3,-3
E01002420,5km to less than 10km,114,199,-85
E01002420,60km and over,7,6,1
E01002420,Less than 2km,54,89,-35
E01002420,"Works mainly at an offshore installation, in no fixed place, or outside the UK",88,83,5
E01002420,Works mainly from home,342,63,279
E01002421,10km to less than 20km,95,195,-100
E01002421,20km to less than 30km,26,77,-51
E01002421,2km to less than 5km,74,112,-38
E01002421,30km to less than 40km,4,14,-10
E01002421,40km to less than 60km,4,8,-4
E01002421,5km to less than 10km,90,163,-73
E01002421,60km and over,1,7,-6
E01002421,Less than 2km,56,79,-23
E01002421,"Works mainly at an offshore installation, in no fixed place, or outside the UK",131,87,44
E01002421,Works mainly from home,358,91,267
E01002422,10km to less than 20km,69,100,-31
E01002422,20km to less than 30km,32,37,-5
E01002422,2km to less than 5km,145,176,-31
E01002422,30km to less than 40km,9,15,-6
E01002422,40km to less than 60km,3,4,-1
E01002422,5km to less than 10km,115,156,-41
E01002422,60km and over,6,12,-6
E01002422,Less than 2km,46,65,-19
E01002422,"Works mainly at an offshore installation, in no fixed place, or outside the UK",145,44,101
E01002422,Works mainly from home,160,59,101
E01002423,10km to less than 20km,88,109,-21
E01002423,20km to less than 30km,38,68,-30
E01002423,2km to less than 5km,147,199,-52
E01002423,30km to less than 40km,7,11,-4
E01002423,40km to less than 60km,2,7,-5
E01002423,5km to less than 10km,154,195,-41
E01002423,60km and over,14,5,9
E01002423,Less than 2km,65,83,-18
E01002423,"Works mainly at an offshore installation, in no fixed place, or outside the UK",157,78,79
E01002423,Works mainly from home,211,68,143
E01002424,10km to less than 20km,89,120,-31
E01002424,20km to less than 30km,35,56,-21
E01002424,2km to less than 5km,136,182,-46
E01002424,30km to less than 40km,3,5,-2
E01002424,40km to less than 60km,8,9,-1
E01002424,5km to less than 10km,127,190,-63
E01002424,60km and over,9,10,-1
E01002424,Less than 2km,51,70,-19
E01002424,"Works mainly at an offshore installation, in no fixed place, or outside the UK",159,63,96
E01002424,Works mainly from home,194,50,144
E01002425,10km to less than 20km,60,95,-35
E01002425,20km to less than 30km,20,64,-44
E01002425,2km to less than 5km,157,204,-47
E01002425,30km to less than 40km,7,12,-5
E01002425,40km to less than 60km,4,2,2
E01002425,5km to less than 10km,127,178,-51
E01002425,60km and over,5,16,-11
E01002425,Less than 2km,39,68,-29
E01002425,"Works mainly at an offshore installation, in no fixed place, or outside the UK",151,73,78
E01002425,Works mainly from home,169,47,122
E01002426,10km to less than 20km,98,133,-35
E01002426,20km to less than 30km,40,37,3
E01002426,2km to less than 5km,144,180,-36
E01002426,30km to less than 40km,3,13,-10
E01002426,40km to less than 60km,5,7,-2
E01002426,5km to less than 10km,178,222,-44
E01002426,60km and over,6,10,-4
E01002426,Less than 2km,59,70,-11
E01002426,"Works mainly at an offshore installation, in no fixed place, or outside the UK",157,67,90
E01002426,Works mainly from home,153,50,103
E01002427,10km to less than 20km,81,108,-27
E01002427,20km to less than 30km,24,40,-16
E01002427,2km to less than 5km,142,174,-32
E01002427,30km to less than 40km,4,11,-7
E01002427,40km to less than 60km,5,5,0
E01002427,5km to less than 10km,131,206,-75
E01002427,60km and over,6,16,-10
E01002427,Less than 2km,54,78,-24
E01002427,"Works mainly at an offshore installation, in no fixed place, or outside the UK",128,80,48
E01002427,Works mainly from home,188,42,146
E01002428,10km to less than 20km,97,101,-4
E01002428,20km to less than 30km,30,55,-25
E01002428,2km to less than 5km,132,209,-77
E01002428,30km to less than 40km,9,8,1
E01002428,40km to less than 60km,1,5,-4
E01002428,5km to less than 10km,120,168,-48
E01002428,60km and over,7,6,1
E01002428,Less than 2km,36,62,-26
E01002428,"Works mainly at an offshore installation, in no fixed place, or outside the UK",147,81,66
E01002428,Works mainly from home,203,54,149
E01002429,10km to less than 20km,78,87,-9
E01002429,20km to less than 30km,15,39,-24
E01002429,2km to less than 5km,141,162,-21
E01002429,30km to less than 40km,10,9,1
E01002429,40km to less than 60km,0,4,-4
E01002429,5km to less than 10km,121,154,-33
E01002429,60km and over,6,10,-4
E01002429,Less than 2km,41,56,-15
E01002429,"Works mainly at an offshore installation, in no fixed place, or outside the UK",166,65,101
E01002429,Works mainly from home,157,29,128
E01002430,10km to less than 20km,57,137,-80
E01002430,20km to less than 30km,29,116,-87
E01002430,2km to less than 5km,50,65,-15
E01002430,30km to less than 40km,4,11,-7
E01002430,40km to less than 60km,4,13,-9
E01002430,5km to less than 10km,78,176,-98
E01002430,60km and over,7,12,-5
E01002430,Less than 2km,42,75,-33
E01002430,"Works mainly at an offshore installation, in no fixed place, or outside the UK",57,56,1
E01002430,Works mainly from home,336,87,249
E01002431,10km to less than 20km,66,159,-93
E01002431,20km to less than 30km,18,84,-66
E01002431,2km to less than 5km,66,84,-18
E01002431,30km to less than 40km,4,4,0
E01002431,40km to less than 60km,2,6,-4
E01002431,5km to less than 10km,50,125,-75
E01002431,60km and over,5,8,-3
E01002431,Less than 2km,39,72,-33
E01002431,"Works mainly at an offshore installation, in no fixed place, or outside the UK",61,68,-7
E01002431,Works mainly from home,315,78,237
E01002432,10km to less than 20km,65,165,-100
E01002432,20km to less than 30km,41,124,-83
E01002432,2km to less than 5km,48,102,-54
E01002432,30km to less than 40km,5,7,-2
E01002432,40km to less than 60km,2,6,-4
E01002432,5km to less than 10km,95,187,-92
E01002432,60km and over,3,10,-7
E01002432,Less than 2km,41,62,-21
E01002432,"Works mainly at an offshore installation, in no fixed place, or outside the UK",93,90,3
E01002432,Works mainly from home,313,86,227
E01002433,10km to less than 20km,134,182,-48
E01002433,20km to less than 30km,59,152,-93
E01002433,2km to less than 5km,86,93,-7
E01002433,30km to less than 40km,11,11,0
E01002433,40km to less than 60km,3,5,-2
E01002433,5km to less than 10km,138,193,-55
E01002433,60km and over,8,14,-6
E01002433,Less than 2km,62,75,-13
E01002433,"Works mainly at an offshore installation, in no fixed place, or outside the UK",147,88,59
E01002433,Works mainly from home,586,86,500
E01002434,10km to less than 20km,56,117,-61
E01002434,20km to less than 30km,20,98,-78
E01002434,2km to less than 5km,39,78,-39
E01002434,30km to less than 40km,7,7,0
E01002434,40km to less than 60km,2,5,-3
E01002434,5km to less than 10km,78,135,-57
E01002434,60km and over,2,6,-4
E01002434,Less than 2km,39,58,-19
E01002434,"Works mainly at an offshore installation, in no fixed place, or outside the UK",84,58,26
E01002434,Works mainly from home,319,100,219
E01002435,10km to less than 20km,55,148,-93
E01002435,20km to less than 30km,30,99,-69
E01002435,2km to less than 5km,50,72,-22
E01002435,30km to less than 40km,2,16,-14
E01002435,40km to less than 60km,5,13,-8
E01002435,5km to less than 10km,88,129,-41
E01002435,60km and over,2,6,-4
E01002435,Less than 2km,54,95,-41
E01002435,"Works mainly at an offshore installation, in no fixed place, or outside the UK",81,85,-4
E01002435,Works mainly from home,341,68,273
E01002436,10km to less than 20km,78,150,-72
E01002436,20km to less than 30km,33,124,-91
E01002436,2km to less than 5km,46,77,-31
E01002436,30km to less than 40km,11,7,4
E01002436,40km to less than 60km,3,13,-10
E01002436,5km to less than 10km,101,167,-66
E01002436,60km and over,7,8,-1
E01002436,Less than 2km,54,92,-38
E01002436,"Works mainly at an offshore installation, in no fixed place, or outside the UK",99,82,17
E01002436,Works mainly from home,378,98,280
E01002437,10km to less than 20km,41,123,-82
E01002437,20km to less than 30km,19,97,-78
E01002437,2km to less than 5km,36,86,-50
E01002437,30km to less than 40km,9,15,-6
E01002437,40km to less than 60km,1,2,-1
E01002437,5km to less than 10km,53,114,-61
E01002437,60km and over,2,8,-6
E01002437,Less than 2km,18,67,-49
E01002437,"Works mainly at an offshore installation, in no fixed place, or outside the UK",66,57,9
E01002437,Works mainly from home,319,96,223
E01002438,10km to less than 20km,87,145,-58
E01002438,20km to less than 30km,30,81,-51
E01002438,2km to less than 5km,44,73,-29
E01002438,30km to less than 40km,18,23,-5
E01002438,40km to less than 60km,10,8,2
E01002438,5km to less than 10km,87,126,-39
E01002438,60km and over,9,11,-2
E01002438,Less than 2km,58,66,-8
E01002438,"Works mainly at an offshore installation, in no fixed place, or outside the UK",114,54,60
E01002438,Works mainly from home,284,84,200
E01002439,10km to less than 20km,97,144,-47
E01002439,20km to less than 30km,21,60,-39
E01002439,2km to less than 5km,65,64,1
E01002439,30km to less than 40km,11,14,-3
E01002439,40km to less than 60km,6,6,0
E01002439,5km to less than 10km,107,141,-34
E01002439,60km and over,8,4,4
E01002439,Less than 2km,100,138,-38
E01002439,"Works mainly at an offshore installation, in no fixed place, or outside the UK",127,84,43
E01002439,Works mainly from home,190,148,42
E01002440,10km to less than 20km,108,129,-21
E01002440,20km to less than 30km,29,53,-24
E01002440,2km to less than 5km,82,99,-17
E01002440,30km to less than 40km,6,13,-7
E01002440,40km to less than 60km,5,11,-6
E01002440,5km to less than 10km,131,125,6
E01002440,60km and over,7,5,2
E01002440,Less than 2km,66,102,-36
E01002440,"Works mainly at an offshore installation, in no fixed place, or outside the UK",134,69,65
E01002440,Works mainly from home,232,71,161
E01002441,10km to less than 20km,120,157,-37
E01002441,20km to less than 30km,25,70,-45
E01002441,2km to less than 5km,47,79,-32
E01002441,30km to less than 40km,7,16,-9
E01002441,40km to less than 60km,8,9,-1
E01002441,5km to less than 10km,115,149,-34
E01002441,60km and over,4,7,-3
E01002441,Less than 2km,51,95,-44
E01002441,"Works mainly at an offshore installation, in no fixed place, or outside the UK",123,81,42
E01002441,Works mainly from home,259,106,153
E01002442,10km to less than 20km,124,167,-43
E01002442,20km to less than 30km,43,57,-14
E01002442,2km to less than 5km,75,105,-30
E01002442,30km to less than 40km,6,14,-8
E01002442,40km to less than 60km,4,3,1
E01002442,5km to less than 10km,136,175,-39
E01002442,60km and over,1,8,-7
E01002442,Less than 2km,52,90,-38
E01002442,"Works mainly at an offshore installation, in no fixed place, or outside the UK",155,83,72
E01002442,Works mainly from home,235,73,162
E01002443,10km to less than 20km,121,108,13
E01002443,20km to less than 30km,36,50,-14
E01002443,2km to less than 5km,270,302,-32
E01002443,30km to less than 40km,10,2,8
E01002443,40km to less than 60km,4,2,2
E01002443,5km to less than 10km,153,119,34
E01002443,60km and over,10,9,1
E01002443,Less than 2km,77,125,-48
E01002443,"Works mainly at an offshore installation, in no fixed place, or outside the UK",166,71,95
E01002443,Works mainly from home,224,60,164
E01002444,10km to less than 20km,99,108,-9
E01002444,20km to less than 30km,25,58,-33
E01002444,2km to less than 5km,150,202,-52
E01002444,30km to less than 40km,2,20,-18
E01002444,40km to less than 60km,8,10,-2
E01002444,5km to less than 10km,135,173,-38
E01002444,60km and over,7,13,-6
E01002444,Less than 2km,128,179,-51
E01002444,"Works mainly at an offshore installation, in no fixed place, or outside the UK",163,80,83
E01002444,Works mainly from home,193,96,97
E01002445,10km to less than 20km,82,86,-4
E01002445,20km to less than 30km,33,47,-14
E01002445,2km to less than 5km,154,166,-12
E01002445,30km to less than 40km,5,12,-7
E01002445,40km to less than 60km,3,4,-1
E01002445,5km to less than 10km,100,132,-32
E01002445,60km and over,7,5,2
E01002445,Less than 2km,55,91,-36
E01002445,"Works mainly at an offshore installation, in no fixed place, or outside the UK",153,73,80
E01002445,Works mainly from home,137,35,102
E01002446,10km to less than 20km,101,99,2
E01002446,20km to less than 30km,37,48,-11
E01002446,2km to less than 5km,207,203,4
E01002446,30km to less than 40km,15,10,5
E01002446,40km to less than 60km,4,7,-3
E01002446,5km to less than 10km,133,157,-24
E01002446,60km and over,24,10,14
E01002446,Less than 2km,66,132,-66
E01002446,"Works mainly at an offshore installation, in no fixed place, or outside the UK",171,75,96
E01002446,Works mainly from home,222,93,129
E01002447,10km to less than 20km,145,84,61
E01002447,20km to less than 30km,42,48,-6
E01002447,2km to less than 5km,235,271,-36
E01002447,30km to less than 40km,14,20,-6
E01002447,40km to less than 60km,13,5,8
E01002447,5km to less than 10km,140,149,-9
E01002447,60km and over,9,19,-10
E01002447,Less than 2km,163,218,-55
E01002447,"Works mainly at an offshore installation, in no fixed place, or outside the UK",210,111,99
E01002447,Works mainly from home,172,46,126
E01002448,10km to less than 20km,120,117,3
E01002448,20km to less than 30km,41,68,-27
E01002448,2km to less than 5km,250,289,-39
E01002448,30km to less than 40km,17,12,5
E01002448,40km to less than 60km,6,14,-8
E01002448,5km to less than 10km,152,161,-9
E01002448,60km and over,5,26,-21
E01002448,Less than 2km,68,119,-51
E01002448,"Works mainly at an offshore installation, in no fixed place, or outside the UK",182,96,86
E01002448,Works mainly from home,160,75,85
E01002449,10km to less than 20km,113,111,2
E01002449,20km to less than 30km,36,64,-28
E01002449,2km to less than 5km,248,286,-38
E01002449,30km to less than 40km,4,9,-5
E01002449,40km to less than 60km,4,9,-5
E01002449,5km to less than 10km,154,138,16
E01002449,60km and over,12,13,-1
E01002449,Less than 2km,145,220,-75
E01002449,"Works mainly at an offshore installation, in no fixed place, or outside the UK",167,91,76
E01002449,Works mainly from home,137,59,78
E01002450,10km to less than 20km,72,121,-49
E01002450,20km to less than 30km,36,60,-24
E01002450,2km to less than 5km,125,196,-71
E01002450,30km to less than 40km,4,6,-2
E01002450,40km to less than 60km,5,9,-4
E01002450,5km to less than 10km,109,149,-40
E01002450,60km and over,4,10,-6
E01002450,Less than 2km,39,60,-21
E01002450,"Works mainly at an offshore installation, in no fixed place, or outside the UK",137,82,55
E01002450,Works mainly from home,271,54,217
E01002451,10km to less than 20km,79,114,-35
E01002451,20km to less than 30km,41,91,-50
E01002451,2km to less than 5km,115,209,-94
E01002451,30km to less than 40km,11,14,-3
E01002451,40km to less than 60km,3,8,-5
E01002451,5km to less than 10km,95,159,-64
E01002451,60km and over,3,8,-5
E01002451,Less than 2km,42,71,-29
E01002451,"Works mainly at an offshore installation, in no fixed place, or outside the UK",109,49,60
E01002451,Works mainly from home,242,49,193
E01002452,10km to less than 20km,59,132,-73
E01002452,20km to less than 30km,45,98,-53
E01002452,2km to less than 5km,102,207,-105
E01002452,30km to less than 40km,9,15,-6
E01002452,40km to less than 60km,3,9,-6
E01002452,5km to less than 10km,109,144,-35
E01002452,60km and over,4,10,-6
E01002452,Less than 2km,45,81,-36
E01002452,"Works mainly at an offshore installation, in no fixed place, or outside the UK",129,71,58
E01002452,Works mainly from home,269,60,209
E01002453,10km to less than 20km,78,146,-68
E01002453,20km to less than 30km,43,82,-39
E01002453,2km to less than 5km,130,242,-112
E01002453,30km to less than 40km,1,18,-17
E01002453,40km to less than 60km,5,5,0
E01002453,5km to less than 10km,143,160,-17
E01002453,60km and over,6,10,-4
E01002453,Less than 2km,40,65,-25
E01002453,"Works mainly at an offshore installation, in no fixed place, or outside the UK",129,83,46
E01002453,Works mainly from home,283,61,222
E01002454,10km to less than 20km,91,123,-32
E01002454,20km to less than 30km,47,52,-5
E01002454,2km to less than 5km,152,204,-52
E01002454,30km to less than 40km,5,7,-2
E01002454,40km to less than 60km,3,3,0
E01002454,5km to less than 10km,132,150,-18
E01002454,60km and over,8,19,-11
E01002454,Less than 2km,45,56,-11
E01002454,"Works mainly at an offshore installation, in no fixed place, or outside the UK",150,102,48
E01002454,Works mainly from home,194,71,123
E01002455,10km to less than 20km,83,111,-28
E01002455,20km to less than 30km,62,61,1
E01002455,2km to less than 5km,127,168,-41
E01002455,30km to less than 40km,5,13,-8
E01002455,40km to less than 60km,2,7,-5
E01002455,5km to less than 10km,135,172,-37
E01002455,60km and over,10,9,1
E01002455,Less than 2km,73,83,-10
E01002455,"Works mainly at an offshore installation, in no fixed place, or outside the UK",146,85,61
E01002455,Works mainly from home,205,66,139
E01002456,10km to less than 20km,75,128,-53
E01002456,20km to less than 30km,44,70,-26
E01002456,2km to less than 5km,101,161,-60
E01002456,30km to less than 40km,5,11,-6
E01002456,40km to less than 60km,3,5,-2
E01002456,5km to less than 10km,106,140,-34
E01002456,60km and over,6,7,-1
E01002456,Less than 2km,76,106,-30
E01002456,"Works mainly at an offshore installation, in no fixed place, or outside the UK",121,47,74
E01002456,Works mainly from home,238,60,178
E01002457,10km to less than 20km,65,77,-12
E01002457,20km to less than 30km,24,59,-35
E01002457,2km to less than 5km,118,175,-57
E01002457,30km to less than 40km,8,10,-2
E01002457,40km to less than 60km,6,12,-6
E01002457,5km to less than 10km,110,114,-4
E01002457,60km and over,7,11,-4
E01002457,Less than 2km,69,109,-40
E01002457,"Works mainly at an offshore installation, in no fixed place, or outside the UK",132,77,55
E01002457,Works mainly from home,213,58,155
E01002458,10km to less than 20km,59,100,-41
E01002458,20km to less than 30km,43,100,-57
E01002458,2km to less than 5km,60,107,-47
E01002458,30km to less than 40km,8,21,-13
E01002458,40km to less than 60km,2,5,-3
E01002458,5km to less than 10km,83,125,-42
E01002458,60km and over,1,7,-6
E01002458,Less than 2km,32,71,-39
E01002458,"Works mainly at an offshore installation, in no fixed place, or outside the UK",86,68,18
E01002458,Works mainly from home,301,74,227
E01002459,10km to less than 20km,67,134,-67
E01002459,20km to less than 30km,32,116,-84
E01002459,2km to less than 5km,69,153,-84
E01002459,30km to less than 40km,7,9,-2
E01002459,40km to less than 60km,2,8,-6
E01002459,5km to less than 10km,71,133,-62
E01002459,60km and over,11,7,4
E01002459,Less than 2km,41,78,-37
E01002459,"Works mainly at an offshore installation, in no fixed place, or outside the UK",106,71,35
E01002459,Works mainly from home,364,106,258
E01002460,10km to less than 20km,69,107,-38
E01002460,20km to less than 30km,36,75,-39
E01002460,2km to less than 5km,64,101,-37
E01002460,30km to less than 40km,8,20,-12
E01002460,40km to less than 60km,4,6,-2
E01002460,5km to less than 10km,79,103,-24
E01002460,60km and over,3,10,-7
E01002460,Less than 2km,32,47,-15
E01002460,"Works mainly at an offshore installation, in no fixed place, or outside the UK",91,57,34
E01002460,Works mainly from home,340,44,296
E01002461,10km to less than 20km,86,126,-40
E01002461,20km to less than 30km,41,117,-76
E01002461,2km to less than 5km,46,86,-40
E01002461,30km to less than 40km,12,21,-9
E01002461,40km to less than 60km,4,8,-4
E01002461,5km to less than 10km,90,121,-31
E01002461,60km and over,1,11,-10
E01002461,Less than 2km,26,72,-46
E01002461,"Works mainly at an offshore installation, in no fixed place, or outside the UK",96,60,36
E01002461,Works mainly from home,349,98,251
E01002462,10km to less than 20km,71,109,-38
E01002462,20km to less than 30km,57,95,-38
E01002462,2km to less than 5km,72,146,-74
E01002462,30km to less than 40km,12,15,-3
E01002462,40km to less than 60km,2,10,-8
E01002462,5km to less than 10km,100,141,-41
E01002462,60km and over,9,10,-1
E01002462,Less than 2km,28,59,-31
E01002462,"Works mainly at an offshore installation, in no fixed place, or outside the UK",90,50,40
E01002462,Works mainly from home,313,82,231
E01002463,10km to less than 20km,63,113,-50
E01002463,20km to less than 30km,48,121,-73
E01002463,2km to less than 5km,64,122,-58
E01002463,30km to less than 40km,7,26,-19
E01002463,40km to less than 60km,5,10,-5
E01002463,5km to less than 10km,79,129,-50
E01002463,60km and over,2,9,-7
E01002463,Less than 2km,29,68,-39
E01002463,"Works mainly at an offshore installation, in no fixed place, or outside the UK",94,83,11
E01002463,Works mainly from home,339,90,249
E01002464,10km to less than 20km,87,169,-82
E01002464,20km to less than 30km,37,118,-81
E01002464,2km to less than 5km,81,133,-52
E01002464,30km to less than 40km,8,12,-4
E01002464,40km to less than 60km,0,4,-4
E01002464,5km to less than 10km,87,137,-50
E01002464,60km and over,1,6,-5
E01002464,Less than 2km,50,66,-16
E01002464,"Works mainly at an offshore installation, in no fixed place, or outside the UK",109,84,25
E01002464,Works mainly from home,383,74,309
E01002465,10km to less than 20km,148,164,-16
E01002465,20km to less than 30km,47,113,-66
E01002465,2km to less than 5km,63,117,-54
E01002465,30km to less than 40km,5,10,-5
E01002465,40km to less than 60km,3,10,-7
E01002465,5km to less than 10km,117,158,-41
E01002465,60km and over,6,7,-1
E01002465,Less than 2km,55,109,-54
E01002465,"Works mainly at an offshore installation, in no fixed place, or outside the UK",165,76,89
E01002465,Works mainly from home,292,67,225
E01002466,10km to less than 20km,105,184,-79
E01002466,20km to less than 30km,38,115,-77
E01002466,2km to less than 5km,57,83,-26
E01002466,30km to less than 40km,3,12,-9
E01002466,40km to less than 60km,0,8,-8
E01002466,5km to less than 10km,106,181,-75
E01002466,60km and over,3,9,-6
E01002466,Less than 2km,65,131,-66
E01002466,"Works mainly at an offshore installation, in no fixed place, or outside the UK",117,84,33
E01002466,Works mainly from home,381,76,305
E01002467,10km to less than 20km,96,134,-38
E01002467,20km to less than 30km,34,97,-63
E01002467,2km to less than 5km,69,80,-11
E01002467,30km to less than 40km,5,7,-2
E01002467,40km to less than 60km,4,8,-4
E01002467,5km to less than 10km,75,144,-69
E01002467,60km and over,0,3,-3
E01002467,Less than 2km,49,87,-38
E01002467,"Works mainly at an offshore installation, in no fixed place, or outside the UK",115,68,47
E01002467,Works mainly from home,299,71,228
E01002468,10km to less than 20km,112,212,-100
E01002468,20km to less than 30km,53,119,-66
E01002468,2km to less than 5km,59,74,-15
E01002468,30km to less than 40km,5,12,-7
E01002468,40km to less than 60km,6,11,-5
E01002468,5km to less than 10km,135,244,-109
E01002468,60km and over,5,5,0
E01002468,Less than 2km,76,111,-35
E01002468,"Works mainly at an offshore installation, in no fixed place, or outside the UK",129,101,28
E01002468,Works mainly from home,370,68,302
E01002469,10km to less than 20km,110,219,-109
E01002469,20km to less than 30km,40,119,-79
E01002469,2km to less than 5km,63,92,-29
E01002469,30km to less than 40km,5,10,-5
E01002469,40km to less than 60km,1,10,-9
E01002469,5km to less than 10km,117,178,-61
E01002469,60km and over,2,14,-12
E01002469,Less than 2km,63,108,-45
E01002469,"Works mainly at an offshore installation, in no fixed place, or outside the UK",137,111,26
E01002469,Works mainly from home,332,65,267
E01002470,10km to less than 20km,99,159,-60
E01002470,20km to less than 30km,48,129,-81
E01002470,2km to less than 5km,65,81,-16
E01002470,30km to less than 40km,5,7,-2
E01002470,40km to less than 60km,0,12,-12
E01002470,5km to less than 10km,97,176,-79
E01002470,60km and over,3,15,-12
E01002470,Less than 2km,59,95,-36
E01002470,"Works mainly at an offshore installation, in no fixed place, or outside the UK",119,96,23
E01002470,Works mainly from home,361,98,263
E01002471,10km to less than 20km,100,192,-92
E01002471,20km to less than 30km,36,128,-92
E01002471,2km to less than 5km,62,96,-34
E01002471,30km to less than 40km,4,8,-4
E01002471,40km to less than 60km,2,7,-5
E01002471,5km to less than 10km,126,190,-64
E01002471,60km and over,4,14,-10
E01002471,Less than 2km,54,95,-41
E01002471,"Works mainly at an offshore installation, in no fixed place, or outside the UK",119,78,41
E01002471,Works mainly from home,378,83,295
E01002472,10km to less than 20km,59,103,-44
E01002472,20km to less than 30km,55,195,-140
E01002472,2km to less than 5km,44,62,-18
E01002472,30km to less than 40km,7,19,-12
E01002472,40km to less than 60km,0,17,-17
E01002472,5km to less than 10km,88,120,-32
E01002472,60km and over,2,14,-12
E01002472,Less than 2km,56,61,-5
E01002472,"Works mainly at an offshore installation, in no fixed place, or outside the UK",93,62,31
E01002472,Works mainly from home,377,99,278
E01002473,10km to less than 20km,92,136,-44
E01002473,20km to less than 30km,43,156,-113
E01002473,2km to less than 5km,45,75,-30
E01002473,30km to less than 40km,17,22,-5
E01002473,40km to less than 60km,8,6,2
E01002473,5km to less than 10km,56,114,-58
E01002473,60km and over,11,10,1
E01002473,Less than 2km,24,38,-14
E01002473,"Works mainly at an offshore installation, in no fixed place, or outside the UK",64,64,0
E01002473,Works mainly from home,424,145,279
E01002474,10km to less than 20km,90,132,-42
E01002474,20km to less than 30km,48,142,-94
E01002474,2km to less than 5km,63,69,-6
E01002474,30km to less than 40km,6,17,-11
E01002474,40km to less than 60km,4,4,0
E01002474,5km to less than 10km,88,142,-54
E01002474,60km and over,9,15,-6
E01002474,Less than 2km,62,56,6
E01002474,"Works mainly at an offshore installation, in no fixed place, or outside the UK",131,82,49
E01002474,Works mainly from home,368,99,269
E01002475,10km to less than 20km,85,127,-42
E01002475,20km to less than 30km,55,142,-87
E01002475,2km to less than 5km,56,68,-12
E01002475,30km to less than 40km,4,17,-13
E01002475,40km to less than 60km,3,6,-3
E01002475,5km to less than 10km,98,108,-10
E01002475,60km and over,5,9,-4
E01002475,Less than 2km,35,67,-32
E01002475,"Works mainly at an offshore installation, in no fixed place, or outside the UK",88,52,36
E01002475,Works mainly from home,301,111,190
E01002476,10km to less than 20km,86,108,-22
E01002476,20km to less than 30km,46,192,-146
E01002476,2km to less than 5km,48,61,-13
E01002476,30km to less than 40km,7,24,-17
E01002476,40km to less than 60km,6,11,-5
E01002476,5km to less than 10km,54,103,-49
E01002476,60km and over,3,13,-10
E01002476,Less than 2km,33,71,-38
E01002476,"Works mainly at an offshore installation, in no fixed place, or outside the UK",45,53,-8
E01002476,Works mainly from home,429,121,308
E01002477,10km to less than 20km,46,87,-41
E01002477,20km to less than 30km,58,159,-101
E01002477,2km to less than 5km,34,62,-28
E01002477,30km to less than 40km,9,20,-11
E01002477,40km to less than 60km,7,4,3
E01002477,5km to less than 10km,58,86,-28
E01002477,60km and over,3,13,-10
E01002477,Less than 2km,31,73,-42
E01002477,"Works mainly at an offshore installation, in no fixed place, or outside the UK",41,35,6
E01002477,Works mainly from home,330,75,255
E01002478,10km to less than 20km,88,104,-16
E01002478,20km to less than 30km,70,191,-121
E01002478,2km to less than 5km,41,61,-20
E01002478,30km to less than 40km,5,19,-14
E01002478,40km to less than 60km,2,12,-10
E01002478,5km to less than 10km,68,118,-50
E01002478,60km and over,7,11,-4
E01002478,Less than 2km,54,89,-35
E01002478,"Works mainly at an offshore installation, in no fixed place, or outside the UK",92,78,14
E01002478,Works mainly from home,347,97,250
E01002479,10km to less than 20km,80,135,-55
E01002479,20km to less than 30km,49,151,-102
E01002479,2km to less than 5km,82,119,-37
E01002479,30km to less than 40km,6,11,-5
E01002479,40km to less than 60km,5,11,-6
E01002479,5km to less than 10km,120,158,-38
E01002479,60km and over,5,9,-4
E01002479,Less than 2km,47,74,-27
E01002479,"Works mainly at an offshore installation, in no fixed place, or outside the UK",135,86,49
E01002479,Works mainly from home,342,57,285
E01002480,10km to less than 20km,92,165,-73
E01002480,20km to less than 30km,53,153,-100
E01002480,2km to less than 5km,83,142,-59
E01002480,30km to less than 40km,9,12,-3
E01002480,40km to less than 60km,0,3,-3
E01002480,5km to less than 10km,88,147,-59
E01002480,60km and over,11,13,-2
E01002480,Less than 2km,40,69,-29
E01002480,"Works mainly at an offshore installation, in no fixed place, or outside the UK",100,73,27
E01002480,Works mainly from home,440,111,329
E01002481,10km to less than 20km,75,142,-67
E01002481,20km to less than 30km,54,130,-76
E01002481,2km to less than 5km,70,73,-3
E01002481,30km to less than 40km,7,13,-6
E01002481,40km to less than 60km,7,9,-2
E01002481,5km to less than 10km,89,159,-70
E01002481,60km and over,7,4,3
E01002481,Less than 2km,46,100,-54
E01002481,"Works mainly at an offshore installation, in no fixed place, or outside the UK",124,78,46
E01002481,Works mainly from home,283,68,215
E01002482,10km to less than 20km,67,100,-33
E01002482,20km to less than 30km,63,168,-105
E01002482,2km to less than 5km,51,65,-14
E01002482,30km to less than 40km,10,14,-4
E01002482,40km to less than 60km,4,2,2
E01002482,5km to less than 10km,57,124,-67
E01002482,60km and over,6,10,-4
E01002482,Less than 2km,33,61,-28
E01002482,"Works mainly at an offshore installation, in no fixed place, or outside the UK",63,64,-1
E01002482,Works mainly from home,455,143,312
E01002483,10km to less than 20km,113,133,-20
E01002483,20km to less than 30km,66,147,-81
E01002483,2km to less than 5km,69,79,-10
E01002483,30km to less than 40km,10,14,-4
E01002483,40km to less than 60km,1,3,-2
E01002483,5km to less than 10km,114,156,-42
E01002483,60km and over,7,12,-5
E01002483,Less than 2km,72,109,-37
E01002483,"Works mainly at an offshore installation, in no fixed place, or outside the UK",168,96,72
E01002483,Works mainly from home,344,95,249
E01002484,10km to less than 20km,63,117,-54
E01002484,20km to less than 30km,39,138,-99
E01002484,2km to less than 5km,56,82,-26
E01002484,30km to less than 40km,7,19,-12
E01002484,40km to less than 60km,2,5,-3
E01002484,5km to less than 10km,90,121,-31
E01002484,60km and over,6,7,-1
E01002484,Less than 2km,52,92,-40
E01002484,"Works mainly at an offshore installation, in no fixed place, or outside the UK",109,88,21
E01002484,Works mainly from home,257,67,190
E01002485,10km to less than 20km,130,163,-33
E01002485,20km to less than 30km,64,150,-86
E01002485,2km to less than 5km,72,109,-37
E01002485,30km to less than 40km,7,11,-4
E01002485,40km to less than 60km,4,6,-2
E01002485,5km to less than 10km,137,155,-18
E01002485,60km and over,4,11,-7
E01002485,Less than 2km,74,81,-7
E01002485,"Works mainly at an offshore installation, in no fixed place, or outside the UK",193,107,86
E01002485,Works mainly from home,330,78,252
E01002486,10km to less than 20km,133,143,-10
E01002486,20km to less than 30km,37,77,-40
E01002486,2km to less than 5km,186,214,-28
E01002486,30km to less than 40km,18,17,1
E01002486,40km to less than 60km,2,8,-6
E01002486,5km to less than 10km,131,193,-62
E01002486,60km and over,15,22,-7
E01002486,Less than 2km,80,110,-30
E01002486,"Works mainly at an offshore installation, in no fixed place, or outside the UK",203,89,114
E01002486,Works mainly from home,191,64,127
E01002487,10km to less than 20km,103,115,-12
E01002487,20km to less than 30km,19,79,-60
E01002487,2km to less than 5km,146,183,-37
E01002487,30km to less than 40km,5,19,-14
E01002487,40km to less than 60km,2,3,-1
E01002487,5km to less than 10km,118,168,-50
E01002487,60km and over,9,14,-5
E01002487,Less than 2km,77,92,-15
E01002487,"Works mainly at an offshore installation, in no fixed place, or outside the UK",170,89,81
E01002487,Works mainly from home,192,68,124
E01002488,10km to less than 20km,92,98,-6
E01002488,20km to less than 30km,31,70,-39
E01002488,2km to less than 5km,141,197,-56
E01002488,30km to less than 40km,4,16,-12
E01002488,40km to less than 60km,4,6,-2
E01002488,5km to less than 10km,119,158,-39
E01002488,60km and over,5,7,-2
E01002488,Less than 2km,69,111,-42
E01002488,"Works mainly at an offshore installation, in no fixed place, or outside the UK",163,73,90
E01002488,Works mainly from home,164,53,111
E01002489,10km to less than 20km,107,122,-15
E01002489,20km to less than 30km,38,59,-21
E01002489,2km to less than 5km,160,205,-45
E01002489,30km to less than 40km,7,11,-4
E01002489,40km to less than 60km,2,7,-5
E01002489,5km to less than 10km,152,187,-35
E01002489,60km and over,12,8,4
E01002489,Less than 2km,92,108,-16
E01002489,"Works mainly at an offshore installation, in no fixed place, or outside the UK",150,97,53
E01002489,Works mainly from home,185,50,135
E01002490,10km to less than 20km,105,118,-13
E01002490,20km to less than 30km,21,88,-67
E01002490,2km to less than 5km,221,242,-21
E01002490,30km to less than 40km,7,17,-10
E01002490,40km to less than 60km,4,12,-8
E01002490,5km to less than 10km,163,207,-44
E01002490,60km and over,4,18,-14
E01002490,Less than 2km,84,123,-39
E01002490,"Works mainly at an offshore installation, in no fixed place, or outside the UK",199,103,96
E01002490,Works mainly from home,180,62,118
E01002491,10km to less than 20km,81,94,-13
E01002491,20km to less than 30km,24,29,-5
E01002491,2km to less than 5km,135,178,-43
E01002491,30km to less than 40km,13,10,3
E01002491,40km to less than 60km,1,6,-5
E01002491,5km to less than 10km,120,146,-26
E01002491,60km and over,9,12,-3
E01002491,Less than 2km,60,93,-33
E01002491,"Works mainly at an offshore installation, in no fixed place, or outside the UK",135,49,86
E01002491,Works mainly from home,141,47,94
E01002492,10km to less than 20km,64,112,-48
E01002492,20km to less than 30km,20,34,-14
E01002492,2km to less than 5km,149,172,-23
E01002492,30km to less than 40km,9,9,0
E01002492,40km to less than 60km,1,5,-4
E01002492,5km to less than 10km,147,166,-19
E01002492,60km and over,6,16,-10
E01002492,Less than 2km,82,92,-10
E01002492,"Works mainly at an offshore installation, in no fixed place, or outside the UK",148,78,70
E01002492,Works mainly from home,160,48,112
E01002493,10km to less than 20km,82,99,-17
E01002493,20km to less than 30km,22,53,-31
E01002493,2km to less than 5km,117,180,-63
E01002493,30km to less than 40km,13,10,3
E01002493,40km to less than 60km,0,3,-3
E01002493,5km to less than 10km,137,162,-25
E01002493,60km and over,6,10,-4
E01002493,Less than 2km,84,116,-32
E01002493,"Works mainly at an offshore installation, in no fixed place, or outside the UK",149,52,97
E01002493,Works mainly from home,138,42,96
E01002494,10km to less than 20km,108,206,-98
E01002494,20km to less than 30km,53,123,-70
E01002494,2km to less than 5km,84,114,-30
E01002494,30km to less than 40km,4,9,-5
E01002494,40km to less than 60km,4,8,-4
E01002494,5km to less than 10km,122,168,-46
E01002494,60km and over,6,8,-2
E01002494,Less than 2km,55,92,-37
E01002494,"Works mainly at an offshore installation, in no fixed place, or outside the UK",147,107,40
E01002494,Works mainly from home,346,86,260
E01002495,10km to less than 20km,140,240,-100
E01002495,20km to less than 30km,47,110,-63
E01002495,2km to less than 5km,85,89,-4
E01002495,30km to less than 40km,5,9,-4
E01002495,40km to less than 60km,3,15,-12
E01002495,5km to less than 10km,144,200,-56
E01002495,60km and over,11,19,-8
E01002495,Less than 2km,108,519,-411
E01002495,"Works mainly at an offshore installation, in no fixed place, or outside the UK",148,88,60
E01002495,Works mainly from home,323,103,220
E01002496,10km to less than 20km,145,222,-77
E01002496,20km to less than 30km,31,70,-39
E01002496,2km to less than 5km,92,142,-50
E01002496,30km to less than 40km,4,8,-4
E01002496,40km to less than 60km,8,6,2
E01002496,5km to less than 10km,154,221,-67
E01002496,60km and over,8,5,3
E01002496,Less than 2km,76,73,3
E01002496,"Works mainly at an offshore installation, in no fixed place, or outside the UK",175,132,43
E01002496,Works mainly from home,333,66,267
E01002497,10km to less than 20km,179,223,-44
E01002497,20km to less than 30km,64,95,-31
E01002497,2km to less than 5km,123,121,2
E01002497,30km to less than 40km,3,8,-5
E01002497,40km to less than 60km,2,6,-4
E01002497,5km to less than 10km,185,198,-13
E01002497,60km and over,6,10,-4
E01002497,Less than 2km,71,60,11
E01002497,"Works mainly at an offshore installation, in no fixed place, or outside the UK",185,122,63
E01002497,Works mainly from home,452,69,383
E01002498,10km to less than 20km,88,166,-78
E01002498,20km to less than 30km,25,67,-42
E01002498,2km to less than 5km,51,93,-42
E01002498,30km to less than 40km,7,1,6
E01002498,40km to less than 60km,2,4,-2
E01002498,5km to less than 10km,90,153,-63
E01002498,60km and over,4,10,-6
E01002498,Less than 2km,43,84,-41
E01002498,"Works mainly at an offshore installation, in no fixed place, or outside the UK",101,81,20
E01002498,Works mainly from home,282,54,228
E01002499,10km to less than 20km,111,206,-95
E01002499,20km to less than 30km,33,86,-53
E01002499,2km to less than 5km,83,105,-22
E01002499,30km to less than 40km,5,11,-6
E01002499,40km to less than 60km,6,6,0
E01002499,5km to less than 10km,145,225,-80
E01002499,60km and over,31,8,23
E01002499,Less than 2km,124,63,61
E01002499,"Works mainly at an offshore installation, in no fixed place, or outside the UK",175,93,82
E01002499,Works mainly from home,389,61,328
E01002501,10km to less than 20km,104,120,-16
E01002501,20km to less than 30km,19,47,-28
E01002501,2km to less than 5km,89,123,-34
E01002501,30km to less than 40km,8,9,-1
E01002501,40km to less than 60km,4,4,0
E01002501,5km to less than 10km,139,213,-74
E01002501,60km and over,13,14,-1
E01002501,Less than 2km,73,88,-15
E01002501,"Works mainly at an offshore installation, in no fixed place, or outside the UK",154,69,85
E01002501,Works mainly from home,160,61,99
E01002502,10km to less than 20km,78,111,-33
E01002502,20km to less than 30km,34,39,-5
E01002502,2km to less than 5km,105,133,-28
E01002502,30km to less than 40km,6,10,-4
E01002502,40km to less than 60km,3,9,-6
E01002502,5km to less than 10km,126,214,-88
E01002502,60km and over,7,16,-9
E01002502,Less than 2km,77,127,-50
E01002502,"Works mainly at an offshore installation, in no fixed place, or outside the UK",136,85,51
E01002502,Works mainly from home,148,55,93
E01002503,10km to less than 20km,85,110,-25
E01002503,20km to less than 30km,18,46,-28
E01002503,2km to less than 5km,114,119,-5
E01002503,30km to less than 40km,6,12,-6
E01002503,40km to less than 60km,2,5,-3
E01002503,5km to less than 10km,156,186,-30
E01002503,60km and over,11,10,1
E01002503,Less than 2km,79,101,-22
E01002503,"Works mainly at an offshore installation, in no fixed place, or outside the UK",164,71,93
E01002503,Works mainly from home,169,74,95
E01002505,10km to less than 20km,81,108,-27
E01002505,20km to less than 30km,21,42,-21
E01002505,2km to less than 5km,114,138,-24
E01002505,30km to less than 40km,13,19,-6
E01002505,40km to less than 60km,7,3,4
E01002505,5km to less than 10km,151,204,-53
E01002505,60km and over,6,13,-7
E01002505,Less than 2km,79,108,-29
E01002505,"Works mainly at an offshore installation, in no fixed place, or outside the UK",147,61,86
E01002505,Works mainly from home,144,47,97
E01002506,10km to less than 20km,92,116,-24
E01002506,20km to less than 30km,24,45,-21
E01002506,2km to less than 5km,140,130,10
E01002506,30km to less than 40km,17,11,6
E01002506,40km to less than 60km,1,6,-5
E01002506,5km to less than 10km,175,172,3
E01002506,60km and over,11,13,-2
E01002506,Less than 2km,101,106,-5
E01002506,"Works mainly at an offshore installation, in no fixed place, or outside the UK",176,80,96
E01002506,Works mainly from home,130,54,76
E01002507,10km to less than 20km,117,108,9
E01002507,20km to less than 30km,26,47,-21
E01002507,2km to less than 5km,100,144,-44
E01002507,30km to less than 40km,7,11,-4
E01002507,40km to less than 60km,2,4,-2
E01002507,5km to less than 10km,188,198,-10
E01002507,60km and over,12,9,3
E01002507,Less than 2km,79,105,-26
E01002507,"Works mainly at an offshore installation, in no fixed place, or outside the UK",155,68,87
E01002507,Works mainly from home,181,42,139
E01002508,10km to less than 20km,96,104,-8
E01002508,20km to less than 30km,21,35,-14
E01002508,2km to less than 5km,125,124,1
E01002508,30km to less than 40km,11,15,-4
E01002508,40km to less than 60km,7,6,1
E01002508,5km to less than 10km,168,189,-21
E01002508,60km and over,9,10,-1
E01002508,Less than 2km,93,91,2
E01002508,"Works mainly at an offshore installation, in no fixed place, or outside the UK",161,48,113
E01002508,Works mainly from home,144,39,105
E01002509,10km to less than 20km,79,99,-20
E01002509,20km to less than 30km,26,75,-49
E01002509,2km to less than 5km,69,108,-39
E01002509,30km to less than 40km,6,18,-12
E01002509,40km to less than 60km,1,4,-3
E01002509,5km to less than 10km,118,120,-2
E01002509,60km and over,8,14,-6
E01002509,Less than 2km,80,157,-77
E01002509,"Works mainly at an offshore installation, in no fixed place, or outside the UK",94,56,38
E01002509,Works mainly from home,259,69,190
E01002511,10km to less than 20km,78,110,-32
E01002511,20km to less than 30km,28,65,-37
E01002511,2km to less than 5km,82,113,-31
E01002511,30km to less than 40km,13,12,1
E01002511,40km to less than 60km,8,4,4
E01002511,5km to less than 10km,108,127,-19
E01002511,60km and over,5,9,-4
E01002511,Less than 2km,78,128,-50
E01002511,"Works mainly at an offshore installation, in no fixed place, or outside the UK",136,79,57
E01002511,Works mainly from home,203,59,144
E01002512,10km to less than 20km,86,163,-77
E01002512,20km to less than 30km,60,106,-46
E01002512,2km to less than 5km,57,77,-20
E01002512,30km to less than 40km,10,19,-9
E01002512,40km to less than 60km,8,9,-1
E01002512,5km to less than 10km,99,150,-51
E01002512,60km and over,11,13,-2
E01002512,Less than 2km,68,143,-75
E01002512,"Works mainly at an offshore installation, in no fixed place, or outside the UK",139,80,59
E01002512,Works mainly from home,496,125,371
E01002513,10km to less than 20km,61,99,-38
E01002513,20km to less than 30km,38,82,-44
E01002513,2km to less than 5km,79,105,-26
E01002513,30km to less than 40km,7,17,-10
E01002513,40km to less than 60km,3,10,-7
E01002513,5km to less than 10km,77,132,-55
E01002513,60km and over,8,9,-1
E01002513,Less than 2km,37,102,-65
E01002513,"Works mainly at an offshore installation, in no fixed place, or outside the UK",77,57,20
E01002513,Works mainly from home,261,71,190
E01002514,10km to less than 20km,131,160,-29
E01002514,20km to less than 30km,77,170,-93
E01002514,2km to less than 5km,75,110,-35
E01002514,30km to less than 40km,6,32,-26
E01002514,40km to less than 60km,5,13,-8
E01002514,5km to less than 10km,118,179,-61
E01002514,60km and over,7,7,0
E01002514,Less than 2km,91,192,-101
E01002514,"Works mainly at an offshore installation, in no fixed place, or outside the UK",129,71,58
E01002514,Works mainly from home,402,108,294
E01002516,10km to less than 20km,57,115,-58
E01002516,20km to less than 30km,32,79,-47
E01002516,2km to less than 5km,72,109,-37
E01002516,30km to less than 40km,4,18,-14
E01002516,40km to less than 60km,4,9,-5
E01002516,5km to less than 10km,107,131,-24
E01002516,60km and over,4,21,-17
E01002516,Less than 2km,39,89,-50
E01002516,"Works mainly at an offshore installation, in no fixed place, or outside the UK",103,59,44
E01002516,Works mainly from home,286,110,176
E01002518,10km to less than 20km,64,76,-12
E01002518,20km to less than 30km,30,62,-32
E01002518,2km to less than 5km,54,98,-44
E01002518,30km to less than 40km,5,20,-15
E01002518,40km to less than 60km,3,10,-7
E01002518,5km to less than 10km,74,108,-34
E01002518,60km and over,1,10,-9
E01002518,Less than 2km,76,148,-72
E01002518,"Works mainly at an offshore installation, in no fixed place, or outside the UK",112,62,50
E01002518,Works mainly from home,186,57,129
E01002519,10km to less than 20km,112,95,17
E01002519,20km to less than 30km,55,67,-12
E01002519,2km to less than 5km,115,202,-87
E01002519,30km to less than 40km,4,10,-6
E01002519,40km to less than 60km,5,7,-2
E01002519,5km to less than 10km,117,138,-21
E01002519,60km and over,5,13,-8
E01002519,Less than 2km,84,107,-23
E01002519,"Works mainly at an offshore installation, in no fixed place, or outside the UK",174,48,126
E01002519,Works mainly from home,335,58,277
E01002520,10km to less than 20km,128,121,7
E01002520,20km to less than 30km,48,80,-32
E01002520,2km to less than 5km,79,85,-6
E01002520,30km to less than 40km,10,19,-9
E01002520,40km to less than 60km,4,8,-4
E01002520,5km to less than 10km,121,116,5
E01002520,60km and over,7,14,-7
E01002520,Less than 2km,87,177,-90
E01002520,"Works mainly at an offshore installation, in no fixed place, or outside the UK",186,67,119
E01002520,Works mainly from home,303,69,234
E01002521,10km to less than 20km,116,109,7
E01002521,20km to less than 30km,68,106,-38
E01002521,2km to less than 5km,65,99,-34
E01002521,30km to less than 40km,8,21,-13
E01002521,40km to less than 60km,5,6,-1
E01002521,5km to less than 10km,113,130,-17
E01002521,60km and over,4,12,-8
E01002521,Less than 2km,113,195,-82
E01002521,"Works mainly at an offshore installation, in no fixed place, or outside the UK",160,92,68
E01002521,Works mainly from home,306,52,254
E01002523,10km to less than 20km,114,124,-10
E01002523,20km to less than 30km,55,96,-41
E01002523,2km to less than 5km,57,76,-19
E01002523,30km to less than 40km,7,18,-11
E01002523,40km to less than 60km,5,8,-3
E01002523,5km to less than 10km,94,124,-30
E01002523,60km and over,1,20,-19
E01002523,Less than 2km,90,195,-105
E01002523,"Works mainly at an offshore installation, in no fixed place, or outside the UK",99,59,40
E01002523,Works mainly from home,259,51,208
E01002525,10km to less than 20km,102,102,0
E01002525,20km to less than 30km,46,88,-42
E01002525,2km to less than 5km,128,216,-88
E01002525,30km to less than 40km,8,16,-8
E01002525,40km to less than 60km,9,6,3
E01002525,5km to less than 10km,83,123,-40
E01002525,60km and over,9,12,-3
E01002525,Less than 2km,55,115,-60
E01002525,"Works mainly at an offshore installation, in no fixed place, or outside the UK",128,93,35
E01002525,Works mainly from home,321,69,252
E01002526,10km to less than 20km,182,91,91
E01002526,20km to less than 30km,73,73,0
E01002526,2km to less than 5km,234,238,-4
E01002526,30km to less than 40km,11,10,1
E01002526,40km to less than 60km,5,5,0
E01002526,5km to less than 10km,131,133,-2
E01002526,60km and over,11,12,-1
E01002526,Less than 2km,110,119,-9
E01002526,"Works mainly at an offshore installation, in no fixed place, or outside the UK",234,85,149
E01002526,Works mainly from home,472,65,407
E01002527,10km to less than 20km,100,102,-2
E01002527,20km to less than 30km,43,93,-50
E01002527,2km to less than 5km,145,191,-46
E01002527,30km to less than 40km,3,10,-7
E01002527,40km to less than 60km,5,4,1
E01002527,5km to less than 10km,75,151,-76
E01002527,60km and over,3,16,-13
E01002527,Less than 2km,39,91,-52
E01002527,"Works mainly at an offshore installation, in no fixed place, or outside the UK",116,100,16
E01002527,Works mainly from home,208,53,155
E01002528,10km to less than 20km,82,104,-22
E01002528,20km to less than 30km,37,42,-5
E01002528,2km to less than 5km,151,173,-22
E01002528,30km to less than 40km,10,8,2
E01002528,40km to less than 60km,7,7,0
E01002528,5km to less than 10km,109,124,-15
E01002528,60km and over,10,10,0
E01002528,Less than 2km,67,113,-46
E01002528,"Works mainly at an offshore installation, in no fixed place, or outside the UK",167,81,86
E01002528,Works mainly from home,170,60,110
E01002529,10km to less than 20km,141,139,2
E01002529,20km to less than 30km,57,129,-72
E01002529,2km to less than 5km,177,275,-98
E01002529,30km to less than 40km,5,22,-17
E01002529,40km to less than 60km,6,9,-3
E01002529,5km to less than 10km,103,138,-35
E01002529,60km and over,8,18,-10
E01002529,Less than 2km,72,125,-53
E01002529,"Works mainly at an offshore installation, in no fixed place, or outside the UK",233,130,103
E01002529,Works mainly from home,429,85,344
E01002530,10km to less than 20km,99,57,42
E01002530,20km to less than 30km,34,34,0
E01002530,2km to less than 5km,154,129,25
E01002530,30km to less than 40km,4,10,-6
E01002530,40km to less than 60km,3,1,2
E01002530,5km to less than 10km,119,97,22
E01002530,60km and over,9,12,-3
E01002530,Less than 2km,76,72,4
E01002530,"Works mainly at an offshore installation, in no fixed place, or outside the UK",134,44,90
E01002530,Works mainly from home,142,26,116
E01002531,10km to less than 20km,89,109,-20
E01002531,20km to less than 30km,39,80,-41
E01002531,2km to less than 5km,124,229,-105
E01002531,30km to less than 40km,11,13,-2
E01002531,40km to less than 60km,5,10,-5
E01002531,5km to less than 10km,78,112,-34
E01002531,60km and over,6,12,-6
E01002531,Less than 2km,60,122,-62
E01002531,"Works mainly at an offshore installation, in no fixed place, or outside the UK",140,66,74
E01002531,Works mainly from home,263,84,179
E01002533,10km to less than 20km,93,124,-31
E01002533,20km to less than 30km,35,88,-53
E01002533,2km to less than 5km,82,135,-53
E01002533,30km to less than 40km,6,17,-11
E01002533,40km to less than 60km,1,2,-1
E01002533,5km to less than 10km,105,152,-47
E01002533,60km and over,6,3,3
E01002533,Less than 2km,46,68,-22
E01002533,"Works mainly at an offshore installation, in no fixed place, or outside the UK",115,88,27
E01002533,Works mainly from home,257,61,196
E01002534,10km to less than 20km,70,101,-31
E01002534,20km to less than 30km,35,127,-92
E01002534,2km to less than 5km,60,89,-29
E01002534,30km to less than 40km,6,14,-8
E01002534,40km to less than 60km,9,7,2
E01002534,5km to less than 10km,80,138,-58
E01002534,60km and over,3,1,2
E01002534,Less than 2km,53,73,-20
E01002534,"Works mainly at an offshore installation, in no fixed place, or outside the UK",107,73,34
E01002534,Works mainly from home,291,70,221
E01002535,10km to less than 20km,155,185,-30
E01002535,20km to less than 30km,78,192,-114
E01002535,2km to less than 5km,69,103,-34
E01002535,30km to less than 40km,3,16,-13
E01002535,40km to less than 60km,4,16,-12
E01002535,5km to less than 10km,138,181,-43
E01002535,60km and over,9,8,1
E01002535,Less than 2km,54,87,-33
E01002535,"Works mainly at an offshore installation, in no fixed place, or outside the UK",135,99,36
E01002535,Works mainly from home,550,102,448
E01002536,10km to less than 20km,75,132,-57
E01002536,20km to less than 30km,44,137,-93
E01002536,2km to less than 5km,86,154,-68
E01002536,30km to less than 40km,2,14,-12
E01002536,40km to less than 60km,2,10,-8
E01002536,5km to less than 10km,81,118,-37
E01002536,60km and over,9,14,-5
E01002536,Less than 2km,70,98,-28
E01002536,"Works mainly at an offshore installation, in no fixed place, or outside the UK",80,57,23
E01002536,Works mainly from home,288,67,221
E01002537,10km to less than 20km,136,142,-6
E01002537,20km to less than 30km,91,146,-55
E01002537,2km to less than 5km,120,166,-46
E01002537,30km to less than 40km,21,22,-1
E01002537,40km to less than 60km,9,3,6
E01002537,5km to less than 10km,119,120,-1
E01002537,60km and over,8,6,2
E01002537,Less than 2km,38,54,-16
E01002537,"Works mainly at an offshore installation, in no fixed place, or outside the UK",150,69,81
E01002537,Works mainly from home,595,65,530
E01002538,10km to less than 20km,87,176,-89
E01002538,20km to less than 30km,41,90,-49
E01002538,2km to less than 5km,89,113,-24
E01002538,30km to less than 40km,2,9,-7
E01002538,40km to less than 60km,1,4,-3
E01002538,5km to less than 10km,90,159,-69
E01002538,60km and over,2,11,-9
E01002538,Less than 2km,31,87,-56
E01002538,"Works mainly at an offshore installation, in no fixed place, or outside the UK",128,99,29
E01002538,Works mainly from home,296,89,207
E01002539,10km to less than 20km,78,135,-57
E01002539,20km to less than 30km,39,112,-73
E01002539,2km to less than 5km,70,91,-21
E01002539,30km to less than 40km,7,16,-9
E01002539,40km to less than 60km,2,9,-7
E01002539,5km to less than 10km,71,138,-67
E01002539,60km and over,4,10,-6
E01002539,Less than 2km,48,84,-36
E01002539,"Works mainly at an offshore installation, in no fixed place, or outside the UK",109,71,38
E01002539,Works mainly from home,339,77,262
E01002540,10km to less than 20km,92,119,-27
E01002540,20km to less than 30km,27,45,-18
E01002540,2km to less than 5km,97,164,-67
E01002540,30km to less than 40km,5,9,-4
E01002540,40km to less than 60km,4,9,-5
E01002540,5km to less than 10km,158,252,-94
E01002540,60km and over,7,9,-2
E01002540,Less than 2km,47,53,-6
E01002540,"Works mainly at an offshore installation, in no fixed place, or outside the UK",179,72,107
E01002540,Works mainly from home,160,48,112
E01002541,10km to less than 20km,125,227,-102
E01002541,20km to less than 30km,25,58,-33
E01002541,2km to less than 5km,118,175,-57
E01002541,30km to less than 40km,7,9,-2
E01002541,40km to less than 60km,5,10,-5
E01002541,5km to less than 10km,207,305,-98
E01002541,60km and over,8,12,-4
E01002541,Less than 2km,41,66,-25
E01002541,"Works mainly at an offshore installation, in no fixed place, or outside the UK",204,113,91
E01002541,Works mainly from home,269,71,198
E01002542,10km to less than 20km,84,99,-15
E01002542,20km to less than 30km,26,46,-20
E01002542,2km to less than 5km,131,148,-17
E01002542,30km to less than 40km,5,10,-5
E01002542,40km to less than 60km,4,5,-1
E01002542,5km to less than 10km,167,242,-75
E01002542,60km and over,5,11,-6
E01002542,Less than 2km,59,60,-1
E01002542,"Works mainly at an offshore installation, in no fixed place, or outside the UK",185,88,97
E01002542,Works mainly from home,130,69,61
E01002543,10km to less than 20km,87,112,-25
E01002543,20km to less than 30km,23,35,-12
E01002543,2km to less than 5km,133,141,-8
E01002543,30km to less than 40km,3,7,-4
E01002543,40km to less than 60km,8,4,4
E01002543,5km to less than 10km,156,218,-62
E01002543,60km and over,4,10,-6
E01002543,Less than 2km,45,78,-33
E01002543,"Works mainly at an offshore installation, in no fixed place, or outside the UK",187,62,125
E01002543,Works mainly from home,139,56,83
E01002544,10km to less than 20km,82,126,-44
E01002544,20km to less than 30km,21,60,-39
E01002544,2km to less than 5km,86,135,-49
E01002544,30km to less than 40km,4,6,-2
E01002544,40km to less than 60km,5,8,-3
E01002544,5km to less than 10km,147,255,-108
E01002544,60km and over,14,12,2
E01002544,Less than 2km,38,67,-29
E01002544,"Works mainly at an offshore installation, in no fixed place, or outside the UK",174,78,96
E01002544,Works mainly from home,235,64,171
E01002545,10km to less than 20km,56,88,-32
E01002545,20km to less than 30km,9,23,-14
E01002545,2km to less than 5km,78,106,-28
E01002545,30km to less than 40km,3,3,0
E01002545,40km to less than 60km,2,3,-1
E01002545,5km to less than 10km,115,168,-53
E01002545,60km and over,6,6,0
E01002545,Less than 2km,53,65,-12
E01002545,"Works mainly at an offshore installation, in no fixed place, or outside the UK",131,45,86
E01002545,Works mainly from home,101,35,66
E01002546,10km to less than 20km,57,106,-49
E01002546,20km to less than 30km,23,39,-16
E01002546,2km to less than 5km,127,133,-6
E01002546,30km to less than 40km,7,8,-1
E01002546,40km to less than 60km,0,4,-4
E01002546,5km to less than 10km,167,238,-71
E01002546,60km and over,7,11,-4
E01002546,Less than 2km,80,110,-30
E01002546,"Works mainly at an offshore installation, in no fixed place, or outside the UK",146,54,92
E01002546,Works mainly from home,138,51,87
E01002547,10km to less than 20km,75,110,-35
E01002547,20km to less than 30km,19,24,-5
E01002547,2km to less than 5km,106,99,7
E01002547,30km to less than 40km,10,15,-5
E01002547,40km to less than 60km,0,3,-3
E01002547,5km to less than 10km,158,201,-43
E01002547,60km and over,10,7,3
E01002547,Less than 2km,71,99,-28
E01002547,"Works mainly at an offshore installation, in no fixed place, or outside the UK",135,63,72
E01002547,Works mainly from home,124,49,75
E01002548,10km to less than 20km,87,106,-19
E01002548,20km to less than 30km,31,43,-12
E01002548,2km to less than 5km,115,170,-55
E01002548,30km to less than 40km,11,13,-2
E01002548,40km to less than 60km,3,6,-3
E01002548,5km to less than 10km,111,91,20
E01002548,60km and over,4,7,-3
E01002548,Less than 2km,100,123,-23
E01002548,"Works mainly at an offshore installation, in no fixed place, or outside the UK",143,66,77
E01002548,Works mainly from home,203,49,154
E01002549,10km to less than 20km,88,171,-83
E01002549,20km to less than 30km,27,92,-65
E01002549,2km to less than 5km,117,234,-117
E01002549,30km to less than 40km,5,23,-18
E01002549,40km to less than 60km,2,8,-6
E01002549,5km to less than 10km,124,210,-86
E01002549,60km and over,5,10,-5
E01002549,Less than 2km,87,167,-80
E01002549,"Works mainly at an offshore installation, in no fixed place, or outside the UK",141,97,44
E01002549,Works mainly from home,239,73,166
E01002550,10km to less than 20km,98,131,-33
E01002550,20km to less than 30km,40,72,-32
E01002550,2km to less than 5km,118,208,-90
E01002550,30km to less than 40km,5,11,-6
E01002550,40km to less than 60km,6,7,-1
E01002550,5km to less than 10km,143,194,-51
E01002550,60km and over,9,16,-7
E01002550,Less than 2km,121,178,-57
E01002550,"Works mainly at an offshore installation, in no fixed place, or outside the UK",161,72,89
E01002550,Works mainly from home,213,49,164
E01002551,10km to less than 20km,100,94,6
E01002551,20km to less than 30km,45,51,-6
E01002551,2km to less than 5km,153,132,21
E01002551,30km to less than 40km,10,13,-3
E01002551,40km to less than 60km,4,7,-3
E01002551,5km to less than 10km,140,132,8
E01002551,60km and over,5,7,-2
E01002551,Less than 2km,108,131,-23
E01002551,"Works mainly at an offshore installation, in no fixed place, or outside the UK",164,59,105
E01002551,Works mainly from home,199,55,144
E01002552,10km to less than 20km,90,96,-6
E01002552,20km to less than 30km,58,57,1
E01002552,2km to less than 5km,139,165,-26
E01002552,30km to less than 40km,3,19,-16
E01002552,40km to less than 60km,3,6,-3
E01002552,5km to less than 10km,102,108,-6
E01002552,60km and over,6,8,-2
E01002552,Less than 2km,90,134,-44
E01002552,"Works mainly at an offshore installation, in no fixed place, or outside the UK",157,70,87
E01002552,Works mainly from home,183,60,123
E01002553,10km to less than 20km,100,84,16
E01002553,20km to less than 30km,38,50,-12
E01002553,2km to less than 5km,121,200,-79
E01002553,30km to less than 40km,7,16,-9
E01002553,40km to less than 60km,4,6,-2
E01002553,5km to less than 10km,107,126,-19
E01002553,60km and over,8,11,-3
E01002553,Less than 2km,105,157,-52
E01002553,"Works mainly at an offshore installation, in no fixed place, or outside the UK",169,56,113
E01002553,Works mainly from home,163,41,122
E01002555,10km to less than 20km,133,130,3
E01002555,20km to less than 30km,57,76,-19
E01002555,2km to less than 5km,196,280,-84
E01002555,30km to less than 40km,9,17,-8
E01002555,40km to less than 60km,4,6,-2
E01002555,5km to less than 10km,152,210,-58
E01002555,60km and over,8,15,-7
E01002555,Less than 2km,79,107,-28
E01002555,"Works mainly at an offshore installation, in no fixed place, or outside the UK",166,103,63
E01002555,Works mainly from home,239,75,164
E01002556,10km to less than 20km,112,93,19
E01002556,20km to less than 30km,38,65,-27
E01002556,2km to less than 5km,168,202,-34
E01002556,30km to less than 40km,8,6,2
E01002556,40km to less than 60km,1,2,-1
E01002556,5km to less than 10km,163,174,-11
E01002556,60km and over,8,14,-6
E01002556,Less than 2km,75,119,-44
E01002556,"Works mainly at an offshore installation, in no fixed place, or outside the UK",154,84,70
E01002556,Works mainly from home,187,56,131
E01002557,10km to less than 20km,88,121,-33
E01002557,20km to less than 30km,40,62,-22
E01002557,2km to less than 5km,193,226,-33
E01002557,30km to less than 40km,5,18,-13
E01002557,40km to less than 60km,2,3,-1
E01002557,5km to less than 10km,181,193,-12
E01002557,60km and over,21,12,9
E01002557,Less than 2km,80,103,-23
E01002557,"Works mainly at an offshore installation, in no fixed place, or outside the UK",213,95,118
E01002557,Works mainly from home,169,71,98
E01002558,10km to less than 20km,117,132,-15
E01002558,20km to less than 30km,56,60,-4
E01002558,2km to less than 5km,191,234,-43
E01002558,30km to less than 40km,5,9,-4
E01002558,40km to less than 60km,6,1,5
E01002558,5km to less than 10km,168,188,-20
E01002558,60km and over,6,20,-14
E01002558,Less than 2km,79,121,-42
E01002558,"Works mainly at an offshore installation, in no fixed place, or outside the UK",169,91,78
E01002558,Works mainly from home,190,43,147
E01002559,10km to less than 20km,119,152,-33
E01002559,20km to less than 30km,50,71,-21
E01002559,2km to less than 5km,262,319,-57
E01002559,30km to less than 40km,14,11,3
E01002559,40km to less than 60km,4,4,0
E01002559,5km to less than 10km,238,278,-40
E01002559,60km and over,22,11,11
E01002559,Less than 2km,94,131,-37
E01002559,"Works mainly at an offshore installation, in no fixed place, or outside the UK",229,122,107
E01002559,Works mainly from home,235,66,169
E01002560,10km to less than 20km,91,105,-14
E01002560,20km to less than 30km,34,45,-11
E01002560,2km to less than 5km,180,197,-17
E01002560,30km to less than 40km,4,9,-5
E01002560,40km to less than 60km,2,9,-7
E01002560,5km to less than 10km,158,151,7
E01002560,60km and over,9,13,-4
E01002560,Less than 2km,76,120,-44
E01002560,"Works mainly at an offshore installation, in no fixed place, or outside the UK",170,89,81
E01002560,Works mainly from home,182,47,135
E01002561,10km to less than 20km,82,101,-19
E01002561,20km to less than 30km,21,26,-5
E01002561,2km to less than 5km,126,138,-12
E01002561,30km to less than 40km,16,9,7
E01002561,40km to less than 60km,3,3,0
E01002561,5km to less than 10km,133,186,-53
E01002561,60km and over,13,7,6
E01002561,Less than 2km,84,87,-3
E01002561,"Works mainly at an offshore installation, in no fixed place, or outside the UK",167,51,116
E01002561,Works mainly from home,125,29,96
E01002562,10km to less than 20km,50,138,-88
E01002562,20km to less than 30km,7,8,-1
E01002562,2km to less than 5km,104,120,-16
E01002562,30km to less than 40km,1,6,-5
E01002562,40km to less than 60km,2,3,-1
E01002562,5km to less than 10km,66,113,-47
E01002562,60km and over,9,3,6
E01002562,Less than 2km,49,81,-32
E01002562,"Works mainly at an offshore installation, in no fixed place, or outside the UK",114,108,6
E01002562,Works mainly from home,217,73,144
E01002563,10km to less than 20km,102,225,-123
E01002563,20km to less than 30km,11,22,-11
E01002563,2km to less than 5km,108,153,-45
E01002563,30km to less than 40km,1,12,-11
E01002563,40km to less than 60km,4,3,1
E01002563,5km to less than 10km,118,174,-56
E01002563,60km and over,4,10,-6
E01002563,Less than 2km,58,98,-40
E01002563,"Works mainly at an offshore installation, in no fixed place, or outside the UK",142,106,36
E01002563,Works mainly from home,438,108,330
E01002564,10km to less than 20km,77,219,-142
E01002564,20km to less than 30km,5,17,-12
E01002564,2km to less than 5km,108,162,-54
E01002564,30km to less than 40km,3,12,-9
E01002564,40km to less than 60km,0,5,-5
E01002564,5km to less than 10km,104,173,-69
E01002564,60km and over,2,4,-2
E01002564,Less than 2km,64,112,-48
E01002564,"Works mainly at an offshore installation, in no fixed place, or outside the UK",186,127,59
E01002564,Works mainly from home,347,63,284
E01002565,10km to less than 20km,136,327,-191
E01002565,20km to less than 30km,9,38,-29
E01002565,2km to less than 5km,141,238,-97
E01002565,30km to less than 40km,3,11,-8
E01002565,40km to less than 60km,2,9,-7
E01002565,5km to less than 10km,137,286,-149
E01002565,60km and over,7,25,-18
E01002565,Less than 2km,69,171,-102
E01002565,"Works mainly at an offshore installation, in no fixed place, or outside the UK",190,178,12
E01002565,Works mainly from home,564,129,435
E01002567,10km to less than 20km,89,283,-194
E01002567,20km to less than 30km,11,20,-9
E01002567,2km to less than 5km,105,178,-73
E01002567,30km to less than 40km,3,10,-7
E01002567,40km to less than 60km,1,8,-7
E01002567,5km to less than 10km,88,216,-128
E01002567,60km and over,8,16,-8
E01002567,Less than 2km,73,118,-45
E01002567,"Works mainly at an offshore installation, in no fixed place, or outside the UK",135,115,20
E01002567,Works mainly from home,484,118,366
E01002569,10km to less than 20km,43,218,-175
E01002569,20km to less than 30km,23,28,-5
E01002569,2km to less than 5km,58,130,-72
E01002569,30km to less than 40km,4,13,-9
E01002569,40km to less than 60km,2,8,-6
E01002569,5km to less than 10km,133,287,-154
E01002569,60km and over,8,9,-1
E01002569,Less than 2km,55,118,-63
E01002569,"Works mainly at an offshore installation, in no fixed place, or outside the UK",93,89,4
E01002569,Works mainly from home,727,151,576
E01002570,10km to less than 20km,52,193,-141
E01002570,20km to less than 30km,6,20,-14
E01002570,2km to less than 5km,96,165,-69
E01002570,30km to less than 40km,5,13,-8
E01002570,40km to less than 60km,3,5,-2
E01002570,5km to less than 10km,104,280,-176
E01002570,60km and over,8,8,0
E01002570,Less than 2km,50,115,-65
E01002570,"Works mainly at an offshore installation, in no fixed place, or outside the UK",78,83,-5
E01002570,Works mainly from home,503,139,364
E01002571,10km to less than 20km,31,138,-107
E01002571,20km to less than 30km,3,19,-16
E01002571,2km to less than 5km,44,111,-67
E01002571,30km to less than 40km,3,14,-11
E01002571,40km to less than 60km,0,12,-12
E01002571,5km to less than 10km,62,169,-107
E01002571,60km and over,1,11,-10
E01002571,Less than 2km,35,74,-39
E01002571,"Works mainly at an offshore installation, in no fixed place, or outside the UK",59,77,-18
E01002571,Works mainly from home,410,146,264
E01002572,10km to less than 20km,50,132,-82
E01002572,20km to less than 30km,9,7,2
E01002572,2km to less than 5km,71,132,-61
E01002572,30km to less than 40km,2,8,-6
E01002572,40km to less than 60km,0,1,-1
E01002572,5km to less than 10km,98,207,-109
E01002572,60km and over,6,10,-4
E01002572,Less than 2km,78,106,-28
E01002572,"Works mainly at an offshore installation, in no fixed place, or outside the UK",115,79,36
E01002572,Works mainly from home,270,63,207
E01002573,10km to less than 20km,51,179,-128
E01002573,20km to less than 30km,3,21,-18
E01002573,2km to less than 5km,44,105,-61
E01002573,30km to less than 40km,1,9,-8
E01002573,40km to less than 60km,5,6,-1
E01002573,5km to less than 10km,89,228,-139
E01002573,60km and over,5,6,-1
E01002573,Less than 2km,50,92,-42
E01002573,"Works mainly at an offshore installation, in no fixed place, or outside the UK",45,64,-19
E01002573,Works mainly from home,510,166,344
E01002574,10km to less than 20km,72,174,-102
E01002574,20km to less than 30km,9,23,-14
E01002574,2km to less than 5km,90,104,-14
E01002574,30km to less than 40km,4,6,-2
E01002574,40km to less than 60km,1,2,-1
E01002574,5km to less than 10km,122,246,-124
E01002574,60km and over,3,10,-7
E01002574,Less than 2km,42,98,-56
E01002574,"Works mainly at an offshore installation, in no fixed place, or outside the UK",95,67,28
E01002574,Works mainly from home,550,151,399
E01002575,10km to less than 20km,50,179,-129
E01002575,20km to less than 30km,8,21,-13
E01002575,2km to less than 5km,61,117,-56
E01002575,30km to less than 40km,0,7,-7
E01002575,40km to less than 60km,1,5,-4
E01002575,5km to less than 10km,108,267,-159
E01002575,60km and over,5,7,-2
E01002575,Less than 2km,56,106,-50
E01002575,"Works mainly at an offshore installation, in no fixed place, or outside the UK",59,81,-22
E01002575,Works mainly from home,509,152,357
E01002576,10km to less than 20km,68,179,-111
E01002576,20km to less than 30km,3,13,-10
E01002576,2km to less than 5km,69,113,-44
E01002576,30km to less than 40km,1,10,-9
E01002576,40km to less than 60km,0,4,-4
E01002576,5km to less than 10km,83,140,-57
E01002576,60km and over,8,11,-3
E01002576,Less than 2km,56,79,-23
E01002576,"Works mainly at an offshore installation, in no fixed place, or outside the UK",102,63,39
E01002576,Works mainly from home,447,90,357
E01002577,10km to less than 20km,83,275,-192
E01002577,20km to less than 30km,6,32,-26
E01002577,2km to less than 5km,65,136,-71
E01002577,30km to less than 40km,3,14,-11
E01002577,40km to less than 60km,3,8,-5
E01002577,5km to less than 10km,81,207,-126
E01002577,60km and over,4,22,-18
E01002577,Less than 2km,60,157,-97
E01002577,"Works mainly at an offshore installation, in no fixed place, or outside the UK",118,90,28
E01002577,Works mainly from home,516,166,350
E01002578,10km to less than 20km,56,181,-125
E01002578,20km to less than 30km,6,12,-6
E01002578,2km to less than 5km,42,108,-66
E01002578,30km to less than 40km,4,14,-10
E01002578,40km to less than 60km,1,4,-3
E01002578,5km to less than 10km,76,161,-85
E01002578,60km and over,2,4,-2
E01002578,Less than 2km,33,82,-49
E01002578,"Works mainly at an offshore installation, in no fixed place, or outside the UK",66,70,-4
E01002578,Works mainly from home,429,134,295
E01002579,10km to less than 20km,52,273,-221
E01002579,20km to less than 30km,6,16,-10
E01002579,2km to less than 5km,49,119,-70
E01002579,30km to less than 40km,3,5,-2
E01002579,40km to less than 60km,2,7,-5
E01002579,5km to less than 10km,83,165,-82
E01002579,60km and over,9,19,-10
E01002579,Less than 2km,28,67,-39
E01002579,"Works mainly at an offshore installation, in no fixed place, or outside the UK",55,100,-45
E01002579,Works mainly from home,511,172,339
E01002580,10km to less than 20km,57,232,-175
E01002580,20km to less than 30km,3,13,-10
E01002580,2km to less than 5km,63,109,-46
E01002580,30km to less than 40km,1,13,-12
E01002580,40km to less than 60km,6,4,2
E01002580,5km to less than 10km,80,139,-59
E01002580,60km and over,4,6,-2
E01002580,Less than 2km,48,83,-35
E01002580,"Works mainly at an offshore installation, in no fixed place, or outside the UK",93,88,5
E01002580,Works mainly from home,391,87,304
E01002581,10km to less than 20km,102,368,-266
E01002581,20km to less than 30km,7,20,-13
E01002581,2km to less than 5km,81,183,-102
E01002581,30km to less than 40km,3,14,-11
E01002581,40km to less than 60km,3,14,-11
E01002581,5km to less than 10km,103,199,-96
E01002581,60km and over,7,22,-15
E01002581,Less than 2km,65,114,-49
E01002581,"Works mainly at an offshore installation, in no fixed place, or outside the UK",102,96,6
E01002581,Works mainly from home,602,149,453
E01002582,10km to less than 20km,72,256,-184
E01002582,20km to less than 30km,5,18,-13
E01002582,2km to less than 5km,56,137,-81
E01002582,30km to less than 40km,3,6,-3
E01002582,40km to less than 60km,0,9,-9
E01002582,5km to less than 10km,77,143,-66
E01002582,60km and over,5,13,-8
E01002582,Less than 2km,45,111,-66
E01002582,"Works mainly at an offshore installation, in no fixed place, or outside the UK",78,79,-1
E01002582,Works mainly from home,543,176,367
E01002583,10km to less than 20km,73,79,-6
E01002583,20km to less than 30km,22,32,-10
E01002583,2km to less than 5km,184,172,12
E01002583,30km to less than 40km,14,10,4
E01002583,40km to less than 60km,3,5,-2
E01002583,5km to less than 10km,155,114,41
E01002583,60km and over,12,11,1
E01002583,Less than 2km,81,53,28
E01002583,"Works mainly at an offshore installation, in no fixed place, or outside the UK",110,57,53
E01002583,Works mainly from home,181,43,138
E01002584,10km to less than 20km,98,104,-6
E01002584,20km to less than 30km,27,61,-34
E01002584,2km to less than 5km,215,225,-10
E01002584,30km to less than 40km,12,8,4
E01002584,40km to less than 60km,2,6,-4
E01002584,5km to less than 10km,207,161,46
E01002584,60km and over,12,12,0
E01002584,Less than 2km,104,88,16
E01002584,"Works mainly at an offshore installation, in no fixed place, or outside the UK",134,89,45
E01002584,Works mainly from home,161,58,103
E01002585,10km to less than 20km,106,102,4
E01002585,20km to less than 30km,25,52,-27
E01002585,2km to less than 5km,178,195,-17
E01002585,30km to less than 40km,9,10,-1
E01002585,40km to less than 60km,3,6,-3
E01002585,5km to less than 10km,169,157,12
E01002585,60km and over,10,16,-6
E01002585,Less than 2km,83,85,-2
E01002585,"Works mainly at an offshore installation, in no fixed place, or outside the UK",157,87,70
E01002585,Works mainly from home,141,55,86
E01002586,10km to less than 20km,95,152,-57
E01002586,20km to less than 30km,28,57,-29
E01002586,2km to less than 5km,175,304,-129
E01002586,30km to less than 40km,7,12,-5
E01002586,40km to less than 60km,5,4,1
E01002586,5km to less than 10km,178,208,-30
E01002586,60km and over,17,21,-4
E01002586,Less than 2km,116,147,-31
E01002586,"Works mainly at an offshore installation, in no fixed place, or outside the UK",139,126,13
E01002586,Works mainly from home,152,51,101
E01002587,10km to less than 20km,115,145,-30
E01002587,20km to less than 30km,29,55,-26
E01002587,2km to less than 5km,176,198,-22
E01002587,30km to less than 40km,7,9,-2
E01002587,40km to less than 60km,9,2,7
E01002587,5km to less than 10km,193,184,9
E01002587,60km and over,19,13,6
E01002587,Less than 2km,107,94,13
E01002587,"Works mainly at an offshore installation, in no fixed place, or outside the UK",187,117,70
E01002587,Works mainly from home,220,68,152
E01002588,10km to less than 20km,98,98,0
E01002588,20km to less than 30km,18,24,-6
E01002588,2km to less than 5km,147,143,4
E01002588,30km to less than 40km,7,13,-6
E01002588,40km to less than 60km,3,1,2
E01002588,5km to less than 10km,157,155,2
E01002588,60km and over,11,11,0
E01002588,Less than 2km,65,99,-34
E01002588,"Works mainly at an offshore installation, in no fixed place, or outside the UK",173,64,109
E01002588,Works mainly from home,117,33,84
E01002589,10km to less than 20km,153,133,20
E01002589,20km to less than 30km,21,59,-38
E01002589,2km to less than 5km,211,185,26
E01002589,30km to less than 40km,8,20,-12
E01002589,40km to less than 60km,3,6,-3
E01002589,5km to less than 10km,218,186,32
E01002589,60km and over,19,13,6
E01002589,Less than 2km,115,119,-4
E01002589,"Works mainly at an offshore installation, in no fixed place, or outside the UK",186,83,103
E01002589,Works mainly from home,188,62,126
E01002590,10km to less than 20km,107,117,-10
E01002590,20km to less than 30km,50,60,-10
E01002590,2km to less than 5km,155,187,-32
E01002590,30km to less than 40km,9,15,-6
E01002590,40km to less than 60km,5,3,2
E01002590,5km to less than 10km,196,209,-13
E01002590,60km and over,7,15,-8
E01002590,Less than 2km,95,166,-71
E01002590,"Works mainly at an offshore installation, in no fixed place, or outside the UK",200,98,102
E01002590,Works mainly from home,285,53,232
E01002591,10km to less than 20km,102,110,-8
E01002591,20km to less than 30km,31,43,-12
E01002591,2km to less than 5km,186,175,11
E01002591,30km to less than 40km,8,11,-3
E01002591,40km to less than 60km,2,5,-3
E01002591,5km to less than 10km,163,194,-31
E01002591,60km and over,7,10,-3
E01002591,Less than 2km,88,165,-77
E01002591,"Works mainly at an offshore installation, in no fixed place, or outside the UK",182,79,103
E01002591,Works mainly from home,193,62,131
E01002592,10km to less than 20km,107,134,-27
E01002592,20km to less than 30km,23,66,-43
E01002592,2km to less than 5km,196,217,-21
E01002592,30km to less than 40km,4,5,-1
E01002592,40km to less than 60km,3,6,-3
E01002592,5km to less than 10km,188,211,-23
E01002592,60km and over,4,12,-8
E01002592,Less than 2km,84,132,-48
E01002592,"Works mainly at an offshore installation, in no fixed place, or outside the UK",177,97,80
E01002592,Works mainly from home,188,57,131
E01002593,10km to less than 20km,106,128,-22
E01002593,20km to less than 30km,46,71,-25
E01002593,2km to less than 5km,186,233,-47
E01002593,30km to less than 40km,8,8,0
E01002593,40km to less than 60km,7,7,0
E01002593,5km to less than 10km,217,242,-25
E01002593,60km and over,9,18,-9
E01002593,Less than 2km,99,156,-57
E01002593,"Works mainly at an offshore installation, in no fixed place, or outside the UK",210,93,117
E01002593,Works mainly from home,208,82,126
E01002594,10km to less than 20km,134,122,12
E01002594,20km to less than 30km,34,69,-35
E01002594,2km to less than 5km,182,199,-17
E01002594,30km to less than 40km,5,13,-8
E01002594,40km to less than 60km,3,5,-2
E01002594,5km to less than 10km,171,199,-28
E01002594,60km and over,8,6,2
E01002594,Less than 2km,104,153,-49
E01002594,"Works mainly at an offshore installation, in no fixed place, or outside the UK",203,99,104
E01002594,Works mainly from home,244,59,185
E01002595,10km to less than 20km,136,127,9
E01002595,20km to less than 30km,40,65,-25
E01002595,2km to less than 5km,164,195,-31
E01002595,30km to less than 40km,9,12,-3
E01002595,40km to less than 60km,6,5,1
E01002595,5km to less than 10km,189,195,-6
E01002595,60km and over,7,15,-8
E01002595,Less than 2km,112,187,-75
E01002595,"Works mainly at an offshore installation, in no fixed place, or outside the UK",185,89,96
E01002595,Works mainly from home,191,53,138
E01002596,10km to less than 20km,109,161,-52
E01002596,20km to less than 30km,43,86,-43
E01002596,2km to less than 5km,152,166,-14
E01002596,30km to less than 40km,2,15,-13
E01002596,40km to less than 60km,0,7,-7
E01002596,5km to less than 10km,192,252,-60
E01002596,60km and over,8,17,-9
E01002596,Less than 2km,81,129,-48
E01002596,"Works mainly at an offshore installation, in no fixed place, or outside the UK",178,101,77
E01002596,Works mainly from home,240,63,177
E01002598,10km to less than 20km,86,107,-21
E01002598,20km to less than 30km,71,55,16
E01002598,2km to less than 5km,164,214,-50
E01002598,30km to less than 40km,13,5,8
E01002598,40km to less than 60km,1,4,-3
E01002598,5km to less than 10km,190,207,-17
E01002598,60km and over,10,18,-8
E01002598,Less than 2km,96,121,-25
E01002598,"Works mainly at an offshore installation, in no fixed place, or outside the UK",156,93,63
E01002598,Works mainly from home,197,47,150
E01002599,10km to less than 20km,86,96,-10
E01002599,20km to less than 30km,29,43,-14
E01002599,2km to less than 5km,107,164,-57
E01002599,30km to less than 40km,10,12,-2
E01002599,40km to less than 60km,3,3,0
E01002599,5km to less than 10km,146,191,-45
E01002599,60km and over,4,9,-5
E01002599,Less than 2km,75,116,-41
E01002599,"Works mainly at an offshore installation, in no fixed place, or outside the UK",127,67,60
E01002599,Works mainly from home,166,42,124
E01002600,10km to less than 20km,89,64,25
E01002600,20km to less than 30km,29,43,-14
E01002600,2km to less than 5km,114,145,-31
E01002600,30km to less than 40km,7,8,-1
E01002600,40km to less than 60km,4,6,-2
E01002600,5km to less than 10km,160,196,-36
E01002600,60km and over,9,6,3
E01002600,Less than 2km,73,140,-67
E01002600,"Works mainly at an offshore installation, in no fixed place, or outside the UK",157,82,75
E01002600,Works mainly from home,146,47,99
E01002601,10km to less than 20km,105,130,-25
E01002601,20km to less than 30km,49,68,-19
E01002601,2km to less than 5km,128,139,-11
E01002601,30km to less than 40km,9,9,0
E01002601,40km to less than 60km,4,5,-1
E01002601,5km to less than 10km,191,252,-61
E01002601,60km and over,10,8,2
E01002601,Less than 2km,52,132,-80
E01002601,"Works mainly at an offshore installation, in no fixed place, or outside the UK",169,118,51
E01002601,Works mainly from home,235,66,169
E01002602,10km to less than 20km,60,99,-39
E01002602,20km to less than 30km,26,57,-31
E01002602,2km to less than 5km,116,144,-28
E01002602,30km to less than 40km,3,4,-1
E01002602,40km to less than 60km,0,4,-4
E01002602,5km to less than 10km,141,232,-91
E01002602,60km and over,6,8,-2
E01002602,Less than 2km,63,141,-78
E01002602,"Works mainly at an offshore installation, in no fixed place, or outside the UK",145,73,72
E01002602,Works mainly from home,218,46,172
E01002603,10km to less than 20km,98,137,-39
E01002603,20km to less than 30km,37,77,-40
E01002603,2km to less than 5km,138,194,-56
E01002603,30km to less than 40km,7,11,-4
E01002603,40km to less than 60km,5,8,-3
E01002603,5km to less than 10km,162,234,-72
E01002603,60km and over,4,17,-13
E01002603,Less than 2km,102,143,-41
E01002603,"Works mainly at an offshore installation, in no fixed place, or outside the UK",178,75,103
E01002603,Works mainly from home,234,68,166
E01002604,10km to less than 20km,67,97,-30
E01002604,20km to less than 30km,25,24,1
E01002604,2km to less than 5km,134,144,-10
E01002604,30km to less than 40km,5,5,0
E01002604,40km to less than 60km,3,4,-1
E01002604,5km to less than 10km,114,157,-43
E01002604,60km and over,3,12,-9
E01002604,Less than 2km,62,71,-9
E01002604,"Works mainly at an offshore installation, in no fixed place, or outside the UK",140,83,57
E01002604,Works mainly from home,132,44,88
E01002605,10km to less than 20km,113,112,1
E01002605,20km to less than 30km,32,27,5
E01002605,2km to less than 5km,157,211,-54
E01002605,30km to less than 40km,10,11,-1
E01002605,40km to less than 60km,0,5,-5
E01002605,5km to less than 10km,174,206,-32
E01002605,60km and over,4,12,-8
E01002605,Less than 2km,95,108,-13
E01002605,"Works mainly at an offshore installation, in no fixed place, or outside the UK",249,88,161
E01002605,Works mainly from home,204,62,142
E01002606,10km to less than 20km,80,76,4
E01002606,20km to less than 30km,24,25,-1
E01002606,2km to less than 5km,122,188,-66
E01002606,30km to less than 40km,5,8,-3
E01002606,40km to less than 60km,2,3,-1
E01002606,5km to less than 10km,123,175,-52
E01002606,60km and over,7,8,-1
E01002606,Less than 2km,73,92,-19
E01002606,"Works mainly at an offshore installation, in no fixed place, or outside the UK",150,61,89
E01002606,Works mainly from home,116,39,77
E01002607,10km to less than 20km,159,135,24
E01002607,20km to less than 30km,26,38,-12
E01002607,2km to less than 5km,199,219,-20
E01002607,30km to less than 40km,10,6,4
E01002607,40km to less than 60km,9,7,2
E01002607,5km to less than 10km,214,232,-18
E01002607,60km and over,16,9,7
E01002607,Less than 2km,133,98,35
E01002607,"Works mainly at an offshore installation, in no fixed place, or outside the UK",215,114,101
E01002607,Works mainly from home,247,60,187
E01002608,10km to less than 20km,75,121,-46
E01002608,20km to less than 30km,35,51,-16
E01002608,2km to less than 5km,157,187,-30
E01002608,30km to less than 40km,3,4,-1
E01002608,40km to less than 60km,0,2,-2
E01002608,5km to less than 10km,141,157,-16
E01002608,60km and over,5,8,-3
E01002608,Less than 2km,77,92,-15
E01002608,"Works mainly at an offshore installation, in no fixed place, or outside the UK",185,94,91
E01002608,Works mainly from home,168,49,119
E01002609,10km to less than 20km,93,123,-30
E01002609,20km to less than 30km,16,58,-42
E01002609,2km to less than 5km,135,224,-89
E01002609,30km to less than 40km,5,8,-3
E01002609,40km to less than 60km,3,5,-2
E01002609,5km to less than 10km,147,225,-78
E01002609,60km and over,7,6,1
E01002609,Less than 2km,64,79,-15
E01002609,"Works mainly at an offshore installation, in no fixed place, or outside the UK",163,104,59
E01002609,Works mainly from home,235,68,167
E01002610,10km to less than 20km,72,96,-24
E01002610,20km to less than 30km,25,38,-13
E01002610,2km to less than 5km,113,142,-29
E01002610,30km to less than 40km,5,6,-1
E01002610,40km to less than 60km,1,7,-6
E01002610,5km to less than 10km,125,181,-56
E01002610,60km and over,5,6,-1
E01002610,Less than 2km,60,80,-20
E01002610,"Works mainly at an offshore installation, in no fixed place, or outside the UK",158,68,90
E01002610,Works mainly from home,146,44,102
E01002611,10km to less than 20km,89,104,-15
E01002611,20km to less than 30km,26,55,-29
E01002611,2km to less than 5km,156,195,-39
E01002611,30km to less than 40km,8,14,-6
E01002611,40km to less than 60km,6,5,1
E01002611,5km to less than 10km,167,216,-49
E01002611,60km and over,9,18,-9
E01002611,Less than 2km,80,126,-46
E01002611,"Works mainly at an offshore installation, in no fixed place, or outside the UK",211,94,117
E01002611,Works mainly from home,236,75,161
E01002612,10km to less than 20km,123,120,3
E01002612,20km to less than 30km,40,55,-15
E01002612,2km to less than 5km,161,180,-19
E01002612,30km to less than 40km,12,12,0
E01002612,40km to less than 60km,2,9,-7
E01002612,5km to less than 10km,151,176,-25
E01002612,60km and over,15,9,6
E01002612,Less than 2km,77,114,-37
E01002612,"Works mainly at an offshore installation, in no fixed place, or outside the UK",161,66,95
E01002612,Works mainly from home,319,53,266
E01002613,10km to less than 20km,103,118,-15
E01002613,20km to less than 30km,32,28,4
E01002613,2km to less than 5km,151,212,-61
E01002613,30km to less than 40km,7,14,-7
E01002613,40km to less than 60km,9,6,3
E01002613,5km to less than 10km,152,245,-93
E01002613,60km and over,7,11,-4
E01002613,Less than 2km,86,114,-28
E01002613,"Works mainly at an offshore installation, in no fixed place, or outside the UK",200,76,124
E01002613,Works mainly from home,198,60,138
E01002614,10km to less than 20km,101,128,-27
E01002614,20km to less than 30km,41,71,-30
E01002614,2km to less than 5km,161,188,-27
E01002614,30km to less than 40km,9,13,-4
E01002614,40km to less than 60km,6,3,3
E01002614,5km to less than 10km,172,248,-76
E01002614,60km and over,13,8,5
E01002614,Less than 2km,79,113,-34
E01002614,"Works mainly at an offshore installation, in no fixed place, or outside the UK",180,111,69
E01002614,Works mainly from home,304,73,231
E01002615,10km to less than 20km,77,91,-14
E01002615,20km to less than 30km,19,45,-26
E01002615,2km to less than 5km,116,147,-31
E01002615,30km to less than 40km,5,10,-5
E01002615,40km to less than 60km,3,2,1
E01002615,5km to less than 10km,126,166,-40
E01002615,60km and over,5,8,-3
E01002615,Less than 2km,71,80,-9
E01002615,"Works mainly at an offshore installation, in no fixed place, or outside the UK",115,61,54
E01002615,Works mainly from home,126,41,85
E01002616,10km to less than 20km,92,70,22
E01002616,20km to less than 30km,34,52,-18
E01002616,2km to less than 5km,113,140,-27
E01002616,30km to less than 40km,7,9,-2
E01002616,40km to less than 60km,1,7,-6
E01002616,5km to less than 10km,143,166,-23
E01002616,60km and over,10,8,2
E01002616,Less than 2km,64,109,-45
E01002616,"Works mainly at an offshore installation, in no fixed place, or outside the UK",155,62,93
E01002616,Works mainly from home,173,48,125
E01002617,10km to less than 20km,83,117,-34
E01002617,20km to less than 30km,26,71,-45
E01002617,2km to less than 5km,116,168,-52
E01002617,30km to less than 40km,9,19,-10
E01002617,40km to less than 60km,4,2,2
E01002617,5km to less than 10km,133,241,-108
E01002617,60km and over,6,8,-2
E01002617,Less than 2km,60,82,-22
E01002617,"Works mainly at an offshore installation, in no fixed place, or outside the UK",158,95,63
E01002617,Works mainly from home,265,64,201
E01002618,10km to less than 20km,98,153,-55
E01002618,20km to less than 30km,21,55,-34
E01002618,2km to less than 5km,149,168,-19
E01002618,30km to less than 40km,10,10,0
E01002618,40km to less than 60km,3,5,-2
E01002618,5km to less than 10km,132,170,-38
E01002618,60km and over,7,11,-4
E01002618,Less than 2km,71,133,-62
E01002618,"Works mainly at an offshore installation, in no fixed place, or outside the UK",144,75,69
E01002618,Works mainly from home,272,50,222
E01002619,10km to less than 20km,99,136,-37
E01002619,20km to less than 30km,27,43,-16
E01002619,2km to less than 5km,195,222,-27
E01002619,30km to less than 40km,9,9,0
E01002619,40km to less than 60km,2,9,-7
E01002619,5km to less than 10km,141,202,-61
E01002619,60km and over,10,9,1
E01002619,Less than 2km,76,111,-35
E01002619,"Works mainly at an offshore installation, in no fixed place, or outside the UK",156,86,70
E01002619,Works mainly from home,203,68,135
E01002620,10km to less than 20km,145,131,14
E01002620,20km to less than 30km,24,29,-5
E01002620,2km to less than 5km,206,166,40
E01002620,30km to less than 40km,6,16,-10
E01002620,40km to less than 60km,7,2,5
E01002620,5km to less than 10km,209,166,43
E01002620,60km and over,17,8,9
E01002620,Less than 2km,87,87,0
E01002620,"Works mainly at an offshore installation, in no fixed place, or outside the UK",175,76,99
E01002620,Works mainly from home,338,61,277
E01002621,10km to less than 20km,90,144,-54
E01002621,20km to less than 30km,24,48,-24
E01002621,2km to less than 5km,150,151,-1
E01002621,30km to less than 40km,10,17,-7
E01002621,40km to less than 60km,6,3,3
E01002621,5km to less than 10km,167,203,-36
E01002621,60km and over,16,9,7
E01002621,Less than 2km,74,118,-44
E01002621,"Works mainly at an offshore installation, in no fixed place, or outside the UK",167,91,76
E01002621,Works mainly from home,227,74,153
E01002622,10km to less than 20km,92,149,-57
E01002622,20km to less than 30km,26,52,-26
E01002622,2km to less than 5km,159,184,-25
E01002622,30km to less than 40km,5,13,-8
E01002622,40km to less than 60km,3,8,-5
E01002622,5km to less than 10km,133,231,-98
E01002622,60km and over,10,10,0
E01002622,Less than 2km,82,118,-36
E01002622,"Works mainly at an offshore installation, in no fixed place, or outside the UK",145,69,76
E01002622,Works mainly from home,202,54,148
E01002623,10km to less than 20km,102,153,-51
E01002623,20km to less than 30km,14,36,-22
E01002623,2km to less than 5km,133,126,7
E01002623,30km to less than 40km,3,3,0
E01002623,40km to less than 60km,6,9,-3
E01002623,5km to less than 10km,138,165,-27
E01002623,60km and over,7,11,-4
E01002623,Less than 2km,85,92,-7
E01002623,"Works mainly at an offshore installation, in no fixed place, or outside the UK",141,77,64
E01002623,Works mainly from home,210,62,148
E01002624,10km to less than 20km,99,148,-49
E01002624,20km to less than 30km,19,42,-23
E01002624,2km to less than 5km,146,154,-8
E01002624,30km to less than 40km,8,6,2
E01002624,40km to less than 60km,4,7,-3
E01002624,5km to less than 10km,170,160,10
E01002624,60km and over,9,16,-7
E01002624,Less than 2km,74,93,-19
E01002624,"Works mainly at an offshore installation, in no fixed place, or outside the UK",94,64,30
E01002624,Works mainly from home,181,55,126
E01002625,10km to less than 20km,79,127,-48
E01002625,20km to less than 30km,21,40,-19
E01002625,2km to less than 5km,120,187,-67
E01002625,30km to less than 40km,11,9,2
E01002625,40km to less than 60km,2,10,-8
E01002625,5km to less than 10km,140,197,-57
E01002625,60km and over,10,10,0
E01002625,Less than 2km,86,89,-3
E01002625,"Works mainly at an offshore installation, in no fixed place, or outside the UK",118,94,24
E01002625,Works mainly from home,177,55,122
E01002626,10km to less than 20km,76,125,-49
E01002626,20km to less than 30km,14,35,-21
E01002626,2km to less than 5km,118,179,-61
E01002626,30km to less than 40km,6,10,-4
E01002626,40km to less than 60km,8,9,-1
E01002626,5km to less than 10km,117,183,-66
E01002626,60km and over,13,11,2
E01002626,Less than 2km,67,97,-30
E01002626,"Works mainly at an offshore installation, in no fixed place, or outside the UK",126,69,57
E01002626,Works mainly from home,218,70,148
E01002627,10km to less than 20km,74,109,-35
E01002627,20km to less than 30km,11,33,-22
E01002627,2km to less than 5km,115,175,-60
E01002627,30km to less than 40km,5,10,-5
E01002627,40km to less than 60km,2,4,-2
E01002627,5km to less than 10km,109,164,-55
E01002627,60km and over,7,12,-5
E01002627,Less than 2km,56,66,-10
E01002627,"Works mainly at an offshore installation, in no fixed place, or outside the UK",135,90,45
E01002627,Works mainly from home,186,36,150
E01002628,10km to less than 20km,108,177,-69
E01002628,20km to less than 30km,21,48,-27
E01002628,2km to less than 5km,143,177,-34
E01002628,30km to less than 40km,6,9,-3
E01002628,40km to less than 60km,6,14,-8
E01002628,5km to less than 10km,156,203,-47
E01002628,60km and over,7,7,0
E01002628,Less than 2km,88,127,-39
E01002628,"Works mainly at an offshore installation, in no fixed place, or outside the UK",168,136,32
E01002628,Works mainly from home,280,80,200
E01002629,10km to less than 20km,171,214,-43
E01002629,20km to less than 30km,17,45,-28
E01002629,2km to less than 5km,193,185,8
E01002629,30km to less than 40km,16,7,9
E01002629,40km to less than 60km,7,10,-3
E01002629,5km to less than 10km,182,212,-30
E01002629,60km and over,12,17,-5
E01002629,Less than 2km,78,123,-45
E01002629,"Works mainly at an offshore installation, in no fixed place, or outside the UK",199,69,130
E01002629,Works mainly from home,391,79,312
E01002630,10km to less than 20km,124,226,-102
E01002630,20km to less than 30km,11,50,-39
E01002630,2km to less than 5km,138,115,23
E01002630,30km to less than 40km,5,5,0
E01002630,40km to less than 60km,5,12,-7
E01002630,5km to less than 10km,194,183,11
E01002630,60km and over,4,18,-14
E01002630,Less than 2km,61,79,-18
E01002630,"Works mainly at an offshore installation, in no fixed place, or outside the UK",195,102,93
E01002630,Works mainly from home,261,71,190
E01002631,10km to less than 20km,72,124,-52
E01002631,20km to less than 30km,18,22,-4
E01002631,2km to less than 5km,120,165,-45
E01002631,30km to less than 40km,6,7,-1
E01002631,40km to less than 60km,7,2,5
E01002631,5km to less than 10km,157,207,-50
E01002631,60km and over,12,5,7
E01002631,Less than 2km,89,105,-16
E01002631,"Works mainly at an offshore installation, in no fixed place, or outside the UK",131,72,59
E01002631,Works mainly from home,153,46,107
E01002632,10km to less than 20km,94,159,-65
E01002632,20km to less than 30km,24,51,-27
E01002632,2km to less than 5km,147,203,-56
E01002632,30km to less than 40km,9,7,2
E01002632,40km to less than 60km,7,8,-1
E01002632,5km to less than 10km,128,222,-94
E01002632,60km and over,6,13,-7
E01002632,Less than 2km,58,98,-40
E01002632,"Works mainly at an offshore installation, in no fixed place, or outside the UK",136,64,72
E01002632,Works mainly from home,243,73,170
E01002633,10km to less than 20km,91,83,8
E01002633,20km to less than 30km,15,31,-16
E01002633,2km to less than 5km,190,184,6
E01002633,30km to less than 40km,14,4,10
E01002633,40km to less than 60km,2,5,-3
E01002633,5km to less than 10km,137,136,1
E01002633,60km and over,6,8,-2
E01002633,Less than 2km,51,70,-19
E01002633,"Works mainly at an offshore installation, in no fixed place, or outside the UK",154,64,90
E01002633,Works mainly from home,200,41,159
E01002634,10km to less than 20km,69,95,-26
E01002634,20km to less than 30km,15,22,-7
E01002634,2km to less than 5km,135,177,-42
E01002634,30km to less than 40km,7,5,2
E01002634,40km to less than 60km,1,8,-7
E01002634,5km to less than 10km,101,113,-12
E01002634,60km and over,5,8,-3
E01002634,Less than 2km,68,87,-19
E01002634,"Works mainly at an offshore installation, in no fixed place, or outside the UK",146,38,108
E01002634,Works mainly from home,130,33,97
E01002635,10km to less than 20km,88,132,-44
E01002635,20km to less than 30km,28,57,-29
E01002635,2km to less than 5km,163,219,-56
E01002635,30km to less than 40km,9,7,2
E01002635,40km to less than 60km,2,3,-1
E01002635,5km to less than 10km,127,153,-26
E01002635,60km and over,10,8,2
E01002635,Less than 2km,86,95,-9
E01002635,"Works mainly at an offshore installation, in no fixed place, or outside the UK",159,88,71
E01002635,Works mainly from home,251,76,175
E01002636,10km to less than 20km,123,147,-24
E01002636,20km to less than 30km,24,47,-23
E01002636,2km to less than 5km,158,222,-64
E01002636,30km to less than 40km,17,10,7
E01002636,40km to less than 60km,8,6,2
E01002636,5km to less than 10km,148,218,-70
E01002636,60km and over,5,17,-12
E01002636,Less than 2km,64,124,-60
E01002636,"Works mainly at an offshore installation, in no fixed place, or outside the UK",172,95,77
E01002636,Works mainly from home,241,55,186
E01002637,10km to less than 20km,78,104,-26
E01002637,20km to less than 30km,18,25,-7
E01002637,2km to less than 5km,138,144,-6
E01002637,30km to less than 40km,5,2,3
E01002637,40km to less than 60km,7,3,4
E01002637,5km to less than 10km,160,163,-3
E01002637,60km and over,6,11,-5
E01002637,Less than 2km,78,87,-9
E01002637,"Works mainly at an offshore installation, in no fixed place, or outside the UK",176,67,109
E01002637,Works mainly from home,126,49,77
E01002638,10km to less than 20km,77,108,-31
E01002638,20km to less than 30km,23,40,-17
E01002638,2km to less than 5km,177,144,33
E01002638,30km to less than 40km,9,13,-4
E01002638,40km to less than 60km,6,3,3
E01002638,5km to less than 10km,161,184,-23
E01002638,60km and over,12,7,5
E01002638,Less than 2km,79,94,-15
E01002638,"Works mainly at an offshore installation, in no fixed place, or outside the UK",202,70,132
E01002638,Works mainly from home,170,45,125
E01002639,10km to less than 20km,112,238,-126
E01002639,20km to less than 30km,12,31,-19
E01002639,2km to less than 5km,105,136,-31
E01002639,30km to less than 40km,2,8,-6
E01002639,40km to less than 60km,7,6,1
E01002639,5km to less than 10km,151,195,-44
E01002639,60km and over,5,10,-5
E01002639,Less than 2km,73,117,-44
E01002639,"Works mainly at an offshore installation, in no fixed place, or outside the UK",181,129,52
E01002639,Works mainly from home,238,60,178
E01002640,10km to less than 20km,164,235,-71
E01002640,20km to less than 30km,25,37,-12
E01002640,2km to less than 5km,181,151,30
E01002640,30km to less than 40km,6,2,4
E01002640,40km to less than 60km,13,7,6
E01002640,5km to less than 10km,160,213,-53
E01002640,60km and over,10,17,-7
E01002640,Less than 2km,99,110,-11
E01002640,"Works mainly at an offshore installation, in no fixed place, or outside the UK",246,119,127
E01002640,Works mainly from home,280,82,198
E01002641,10km to less than 20km,182,244,-62
E01002641,20km to less than 30km,18,34,-16
E01002641,2km to less than 5km,165,160,5
E01002641,30km to less than 40km,8,10,-2
E01002641,40km to less than 60km,6,9,-3
E01002641,5km to less than 10km,212,200,12
E01002641,60km and over,6,8,-2
E01002641,Less than 2km,101,126,-25
E01002641,"Works mainly at an offshore installation, in no fixed place, or outside the UK",259,119,140
E01002641,Works mainly from home,371,67,304
E01002643,10km to less than 20km,167,225,-58
E01002643,20km to less than 30km,11,31,-20
E01002643,2km to less than 5km,155,190,-35
E01002643,30km to less than 40km,3,14,-11
E01002643,40km to less than 60km,4,5,-1
E01002643,5km to less than 10km,210,252,-42
E01002643,60km and over,10,9,1
E01002643,Less than 2km,112,144,-32
E01002643,"Works mainly at an offshore installation, in no fixed place, or outside the UK",189,108,81
E01002643,Works mainly from home,385,104,281
E01002645,10km to less than 20km,136,229,-93
E01002645,20km to less than 30km,25,40,-15
E01002645,2km to less than 5km,183,174,9
E01002645,30km to less than 40km,14,6,8
E01002645,40km to less than 60km,5,4,1
E01002645,5km to less than 10km,176,201,-25
E01002645,60km and over,5,19,-14
E01002645,Less than 2km,116,156,-40
E01002645,"Works mainly at an offshore installation, in no fixed place, or outside the UK",218,136,82
E01002645,Works mainly from home,216,70,146
E01002646,10km to less than 20km,135,161,-26
E01002646,20km to less than 30km,14,38,-24
E01002646,2km to less than 5km,127,143,-16
E01002646,30km to less than 40km,10,5,5
E01002646,40km to less than 60km,3,7,-4
E01002646,5km to less than 10km,173,191,-18
E01002646,60km and over,8,11,-3
E01002646,Less than 2km,100,100,0
E01002646,"Works mainly at an offshore installation, in no fixed place, or outside the UK",201,116,85
E01002646,Works mainly from home,171,51,120
E01002647,10km to less than 20km,110,169,-59
E01002647,20km to less than 30km,23,62,-39
E01002647,2km to less than 5km,160,167,-7
E01002647,30km to less than 40km,6,16,-10
E01002647,40km to less than 60km,3,4,-1
E01002647,5km to less than 10km,139,213,-74
E01002647,60km and over,12,14,-2
E01002647,Less than 2km,66,140,-74
E01002647,"Works mainly at an offshore installation, in no fixed place, or outside the UK",174,96,78
E01002647,Works mainly from home,238,72,166
E01002649,10km to less than 20km,123,239,-116
E01002649,20km to less than 30km,16,36,-20
E01002649,2km to less than 5km,133,162,-29
E01002649,30km to less than 40km,2,15,-13
E01002649,40km to less than 60km,8,6,2
E01002649,5km to less than 10km,140,208,-68
E01002649,60km and over,6,9,-3
E01002649,Less than 2km,83,111,-28
E01002649,"Works mainly at an offshore installation, in no fixed place, or outside the UK",227,143,84
E01002649,Works mainly from home,260,77,183
E01002650,10km to less than 20km,139,215,-76
E01002650,20km to less than 30km,26,53,-27
E01002650,2km to less than 5km,164,198,-34
E01002650,30km to less than 40km,11,19,-8
E01002650,40km to less than 60km,1,7,-6
E01002650,5km to less than 10km,177,224,-47
E01002650,60km and over,9,18,-9
E01002650,Less than 2km,90,149,-59
E01002650,"Works mainly at an offshore installation, in no fixed place, or outside the UK",219,108,111
E01002650,Works mainly from home,300,96,204
E01002651,10km to less than 20km,92,166,-74
E01002651,20km to less than 30km,20,45,-25
E01002651,2km to less than 5km,125,156,-31
E01002651,30km to less than 40km,9,12,-3
E01002651,40km to less than 60km,1,9,-8
E01002651,5km to less than 10km,149,204,-55
E01002651,60km and over,15,12,3
E01002651,Less than 2km,83,145,-62
E01002651,"Works mainly at an offshore installation, in no fixed place, or outside the UK",145,89,56
E01002651,Works mainly from home,263,63,200
E01002652,10km to less than 20km,86,148,-62
E01002652,20km to less than 30km,8,34,-26
E01002652,2km to less than 5km,139,162,-23
E01002652,30km to less than 40km,9,11,-2
E01002652,40km to less than 60km,4,4,0
E01002652,5km to less than 10km,154,186,-32
E01002652,60km and over,13,5,8
E01002652,Less than 2km,99,122,-23
E01002652,"Works mainly at an offshore installation, in no fixed place, or outside the UK",192,116,76
E01002652,Works mainly from home,233,71,162
E01002653,10km to less than 20km,100,175,-75
E01002653,20km to less than 30km,13,32,-19
E01002653,2km to less than 5km,115,178,-63
E01002653,30km to less than 40km,8,13,-5
E01002653,40km to less than 60km,5,9,-4
E01002653,5km to less than 10km,154,164,-10
E01002653,60km and over,13,18,-5
E01002653,Less than 2km,75,122,-47
E01002653,"Works mainly at an offshore installation, in no fixed place, or outside the UK",156,113,43
E01002653,Works mainly from home,302,64,238
E01002654,10km to less than 20km,119,199,-80
E01002654,20km to less than 30km,14,29,-15
E01002654,2km to less than 5km,121,205,-84
E01002654,30km to less than 40km,6,12,-6
E01002654,40km to less than 60km,0,10,-10
E01002654,5km to less than 10km,132,186,-54
E01002654,60km and over,6,13,-7
E01002654,Less than 2km,88,151,-63
E01002654,"Works mainly at an offshore installation, in no fixed place, or outside the UK",193,113,80
E01002654,Works mainly from home,287,49,238
E01002655,10km to less than 20km,97,195,-98
E01002655,20km to less than 30km,19,45,-26
E01002655,2km to less than 5km,123,157,-34
E01002655,30km to less than 40km,5,10,-5
E01002655,40km to less than 60km,5,3,2
E01002655,5km to less than 10km,136,210,-74
E01002655,60km and over,3,12,-9
E01002655,Less than 2km,96,147,-51
E01002655,"Works mainly at an offshore installation, in no fixed place, or outside the UK",168,103,65
E01002655,Works mainly from home,254,97,157
E01002656,10km to less than 20km,69,125,-56
E01002656,20km to less than 30km,16,22,-6
E01002656,2km to less than 5km,97,125,-28
E01002656,30km to less than 40km,3,11,-8
E01002656,40km to less than 60km,2,4,-2
E01002656,5km to less than 10km,76,143,-67
E01002656,60km and over,4,10,-6
E01002656,Less than 2km,65,113,-48
E01002656,"Works mainly at an offshore installation, in no fixed place, or outside the UK",138,59,79
E01002656,Works mainly from home,262,60,202
E01002657,10km to less than 20km,129,207,-78
E01002657,20km to less than 30km,17,42,-25
E01002657,2km to less than 5km,146,198,-52
E01002657,30km to less than 40km,2,10,-8
E01002657,40km to less than 60km,1,8,-7
E01002657,5km to less than 10km,124,187,-63
E01002657,60km and over,14,11,3
E01002657,Less than 2km,85,133,-48
E01002657,"Works mainly at an offshore installation, in no fixed place, or outside the UK",162,95,67
E01002657,Works mainly from home,318,79,239
E01002658,10km to less than 20km,73,175,-102
E01002658,20km to less than 30km,5,28,-23
E01002658,2km to less than 5km,70,108,-38
E01002658,30km to less than 40km,3,7,-4
E01002658,40km to less than 60km,2,3,-1
E01002658,5km to less than 10km,101,121,-20
E01002658,60km and over,1,11,-10
E01002658,Less than 2km,51,100,-49
E01002658,"Works mainly at an offshore installation, in no fixed place, or outside the UK",113,93,20
E01002658,Works mainly from home,301,79,222
E01002659,10km to less than 20km,77,138,-61
E01002659,20km to less than 30km,14,10,4
E01002659,2km to less than 5km,91,124,-33
E01002659,30km to less than 40km,4,8,-4
E01002659,40km to less than 60km,0,6,-6
E01002659,5km to less than 10km,73,139,-66
E01002659,60km and over,4,8,-4
E01002659,Less than 2km,79,115,-36
E01002659,"Works mainly at an offshore installation, in no fixed place, or outside the UK",141,74,67
E01002659,Works mainly from home,273,63,210
E01002660,10km to less than 20km,133,158,-25
E01002660,20km to less than 30km,26,62,-36
E01002660,2km to less than 5km,185,174,11
E01002660,30km to less than 40km,7,0,7
E01002660,40km to less than 60km,11,6,5
E01002660,5km to less than 10km,175,209,-34
E01002660,60km and over,15,13,2
E01002660,Less than 2km,90,130,-40
E01002660,"Works mainly at an offshore installation, in no fixed place, or outside the UK",165,108,57
E01002660,Works mainly from home,198,50,148
E01002661,10km to less than 20km,158,181,-23
E01002661,20km to less than 30km,26,43,-17
E01002661,2km to less than 5km,231,201,30
E01002661,30km to less than 40km,8,2,6
E01002661,40km to less than 60km,8,5,3
E01002661,5km to less than 10km,233,181,52
E01002661,60km and over,11,23,-12
E01002661,Less than 2km,111,104,7
E01002661,"Works mainly at an offshore installation, in no fixed place, or outside the UK",170,118,52
E01002661,Works mainly from home,183,92,91
E01002662,10km to less than 20km,188,251,-63
E01002662,20km to less than 30km,25,62,-37
E01002662,2km to less than 5km,179,194,-15
E01002662,30km to less than 40km,6,8,-2
E01002662,40km to less than 60km,8,5,3
E01002662,5km to less than 10km,213,217,-4
E01002662,60km and over,14,11,3
E01002662,Less than 2km,114,165,-51
E01002662,"Works mainly at an offshore installation, in no fixed place, or outside the UK",186,154,32
E01002662,Works mainly from home,407,61,346
E01002663,10km to less than 20km,121,214,-93
E01002663,20km to less than 30km,27,60,-33
E01002663,2km to less than 5km,194,215,-21
E01002663,30km to less than 40km,7,15,-8
E01002663,40km to less than 60km,4,6,-2
E01002663,5km to less than 10km,160,255,-95
E01002663,60km and over,22,20,2
E01002663,Less than 2km,95,163,-68
E01002663,"Works mainly at an offshore installation, in no fixed place, or outside the UK",160,134,26
E01002663,Works mainly from home,174,80,94
E01002665,10km to less than 20km,81,141,-60
E01002665,20km to less than 30km,22,35,-13
E01002665,2km to less than 5km,145,134,11
E01002665,30km to less than 40km,4,2,2
E01002665,40km to less than 60km,5,8,-3
E01002665,5km to less than 10km,162,173,-11
E01002665,60km and over,9,15,-6
E01002665,Less than 2km,91,115,-24
E01002665,"Works mainly at an offshore installation, in no fixed place, or outside the UK",113,75,38
E01002665,Works mainly from home,144,52,92
E01002666,10km to less than 20km,96,146,-50
E01002666,20km to less than 30km,19,35,-16
E01002666,2km to less than 5km,132,166,-34
E01002666,30km to less than 40km,8,6,2
E01002666,40km to less than 60km,2,5,-3
E01002666,5km to less than 10km,148,174,-26
E01002666,60km and over,8,19,-11
E01002666,Less than 2km,88,88,0
E01002666,"Works mainly at an offshore installation, in no fixed place, or outside the UK",218,100,118
E01002666,Works mainly from home,200,69,131
E01002667,10km to less than 20km,107,173,-66
E01002667,20km to less than 30km,8,24,-16
E01002667,2km to less than 5km,108,119,-11
E01002667,30km to less than 40km,10,23,-13
E01002667,40km to less than 60km,6,3,3
E01002667,5km to less than 10km,124,159,-35
E01002667,60km and over,9,7,2
E01002667,Less than 2km,103,121,-18
E01002667,"Works mainly at an offshore installation, in no fixed place, or outside the UK",127,67,60
E01002667,Works mainly from home,487,116,371
E01002668,10km to less than 20km,108,286,-178
E01002668,20km to less than 30km,14,53,-39
E01002668,2km to less than 5km,114,192,-78
E01002668,30km to less than 40km,1,9,-8
E01002668,40km to less than 60km,0,5,-5
E01002668,5km to less than 10km,146,238,-92
E01002668,60km and over,4,18,-14
E01002668,Less than 2km,119,128,-9
E01002668,"Works mainly at an offshore installation, in no fixed place, or outside the UK",143,99,44
E01002668,Works mainly from home,502,95,407
E01002669,10km to less than 20km,104,170,-66
E01002669,20km to less than 30km,9,17,-8
E01002669,2km to less than 5km,133,155,-22
E01002669,30km to less than 40km,4,6,-2
E01002669,40km to less than 60km,2,2,0
E01002669,5km to less than 10km,135,176,-41
E01002669,60km and over,6,2,4
E01002669,Less than 2km,91,164,-73
E01002669,"Works mainly at an offshore installation, in no fixed place, or outside the UK",186,98,88
E01002669,Works mainly from home,259,58,201
E01002670,10km to less than 20km,87,209,-122
E01002670,20km to less than 30km,17,22,-5
E01002670,2km to less than 5km,98,136,-38
E01002670,30km to less than 40km,5,9,-4
E01002670,40km to less than 60km,2,6,-4
E01002670,5km to less than 10km,109,193,-84
E01002670,60km and over,3,4,-1
E01002670,Less than 2km,110,153,-43
E01002670,"Works mainly at an offshore installation, in no fixed place, or outside the UK",147,117,30
E01002670,Works mainly from home,406,76,330
E01002671,10km to less than 20km,68,170,-102
E01002671,20km to less than 30km,13,24,-11
E01002671,2km to less than 5km,78,131,-53
E01002671,30km to less than 40km,4,19,-15
E01002671,40km to less than 60km,2,12,-10
E01002671,5km to less than 10km,84,180,-96
E01002671,60km and over,3,8,-5
E01002671,Less than 2km,81,117,-36
E01002671,"Works mainly at an offshore installation, in no fixed place, or outside the UK",120,87,33
E01002671,Works mainly from home,404,99,305
E01002672,10km to less than 20km,83,187,-104
E01002672,20km to less than 30km,9,20,-11
E01002672,2km to less than 5km,103,126,-23
E01002672,30km to less than 40km,2,8,-6
E01002672,40km to less than 60km,5,12,-7
E01002672,5km to less than 10km,116,178,-62
E01002672,60km and over,6,10,-4
E01002672,Less than 2km,90,133,-43
E01002672,"Works mainly at an offshore installation, in no fixed place, or outside the UK",133,72,61
E01002672,Works mainly from home,263,50,213
E01002673,10km to less than 20km,57,80,-23
E01002673,20km to less than 30km,5,22,-17
E01002673,2km to less than 5km,83,105,-22
E01002673,30km to less than 40km,2,4,-2
E01002673,40km to less than 60km,4,4,0
E01002673,5km to less than 10km,82,140,-58
E01002673,60km and over,4,5,-1
E01002673,Less than 2km,96,118,-22
E01002673,"Works mainly at an offshore installation, in no fixed place, or outside the UK",112,70,42
E01002673,Works mainly from home,89,40,49
E01002674,10km to less than 20km,133,218,-85
E01002674,20km to less than 30km,11,32,-21
E01002674,2km to less than 5km,94,139,-45
E01002674,30km to less than 40km,8,14,-6
E01002674,40km to less than 60km,3,10,-7
E01002674,5km to less than 10km,122,185,-63
E01002674,60km and over,12,14,-2
E01002674,Less than 2km,69,106,-37
E01002674,"Works mainly at an offshore installation, in no fixed place, or outside the UK",157,110,47
E01002674,Works mainly from home,467,88,379
E01002675,10km to less than 20km,137,363,-226
E01002675,20km to less than 30km,11,47,-36
E01002675,2km to less than 5km,141,265,-124
E01002675,30km to less than 40km,7,24,-17
E01002675,40km to less than 60km,2,17,-15
E01002675,5km to less than 10km,162,285,-123
E01002675,60km and over,10,14,-4
E01002675,Less than 2km,125,195,-70
E01002675,"Works mainly at an offshore installation, in no fixed place, or outside the UK",141,133,8
E01002675,Works mainly from home,594,151,443
E01002676,10km to less than 20km,99,189,-90
E01002676,20km to less than 30km,17,39,-22
E01002676,2km to less than 5km,108,152,-44
E01002676,30km to less than 40km,6,9,-3
E01002676,40km to less than 60km,3,8,-5
E01002676,5km to less than 10km,117,202,-85
E01002676,60km and over,4,6,-2
E01002676,Less than 2km,51,98,-47
E01002676,"Works mainly at an offshore installation, in no fixed place, or outside the UK",110,82,28
E01002676,Works mainly from home,344,80,264
E01002677,10km to less than 20km,138,144,-6
E01002677,20km to less than 30km,13,16,-3
E01002677,2km to less than 5km,114,119,-5
E01002677,30km to less than 40km,12,12,0
E01002677,40km to less than 60km,5,6,-1
E01002677,5km to less than 10km,171,143,28
E01002677,60km and over,5,6,-1
E01002677,Less than 2km,80,99,-19
E01002677,"Works mainly at an offshore installation, in no fixed place, or outside the UK",144,80,64
E01002677,Works mainly from home,479,61,418
E01002678,10km to less than 20km,104,271,-167
E01002678,20km to less than 30km,10,32,-22
E01002678,2km to less than 5km,127,174,-47
E01002678,30km to less than 40km,13,15,-2
E01002678,40km to less than 60km,2,6,-4
E01002678,5km to less than 10km,124,202,-78
E01002678,60km and over,8,6,2
E01002678,Less than 2km,69,127,-58
E01002678,"Works mainly at an offshore installation, in no fixed place, or outside the UK",139,101,38
E01002678,Works mainly from home,454,127,327
E01002679,10km to less than 20km,88,216,-128
E01002679,20km to less than 30km,9,39,-30
E01002679,2km to less than 5km,105,161,-56
E01002679,30km to less than 40km,4,19,-15
E01002679,40km to less than 60km,2,13,-11
E01002679,5km to less than 10km,121,181,-60
E01002679,60km and over,5,12,-7
E01002679,Less than 2km,93,144,-51
E01002679,"Works mainly at an offshore installation, in no fixed place, or outside the UK",172,118,54
E01002679,Works mainly from home,350,86,264
E01002680,10km to less than 20km,128,208,-80
E01002680,20km to less than 30km,11,36,-25
E01002680,2km to less than 5km,125,171,-46
E01002680,30km to less than 40km,7,7,0
E01002680,40km to less than 60km,3,9,-6
E01002680,5km to less than 10km,128,225,-97
E01002680,60km and over,5,9,-4
E01002680,Less than 2km,73,115,-42
E01002680,"Works mainly at an offshore installation, in no fixed place, or outside the UK",170,148,22
E01002680,Works mainly from home,424,106,318
E01002681,10km to less than 20km,103,238,-135
E01002681,20km to less than 30km,15,34,-19
E01002681,2km to less than 5km,133,181,-48
E01002681,30km to less than 40km,5,12,-7
E01002681,40km to less than 60km,0,11,-11
E01002681,5km to less than 10km,179,186,-7
E01002681,60km and over,7,7,0
E01002681,Less than 2km,146,162,-16
E01002681,"Works mainly at an offshore installation, in no fixed place, or outside the UK",181,122,59
E01002681,Works mainly from home,456,94,362
E01002682,10km to less than 20km,118,328,-210
E01002682,20km to less than 30km,8,32,-24
E01002682,2km to less than 5km,124,210,-86
E01002682,30km to less than 40km,6,16,-10
E01002682,40km to less than 60km,3,5,-2
E01002682,5km to less than 10km,152,251,-99
E01002682,60km and over,5,12,-7
E01002682,Less than 2km,124,170,-46
E01002682,"Works mainly at an offshore installation, in no fixed place, or outside the UK",166,110,56
E01002682,Works mainly from home,499,101,398
E01002686,10km to less than 20km,77,148,-71
E01002686,20km to less than 30km,9,13,-4
E01002686,2km to less than 5km,109,165,-56
E01002686,30km to less than 40km,3,5,-2
E01002686,40km to less than 60km,2,9,-7
E01002686,5km to less than 10km,110,153,-43
E01002686,60km and over,3,7,-4
E01002686,Less than 2km,79,130,-51
E01002686,"Works mainly at an offshore installation, in no fixed place, or outside the UK",174,106,68
E01002686,Works mainly from home,211,53,158
E01002687,10km to less than 20km,55,254,-199
E01002687,20km to less than 30km,9,28,-19
E01002687,2km to less than 5km,75,109,-34
E01002687,30km to less than 40km,2,12,-10
E01002687,40km to less than 60km,4,9,-5
E01002687,5km to less than 10km,122,178,-56
E01002687,60km and over,2,15,-13
E01002687,Less than 2km,63,97,-34
E01002687,"Works mainly at an offshore installation, in no fixed place, or outside the UK",70,74,-4
E01002687,Works mainly from home,535,114,421
E01002689,10km to less than 20km,41,193,-152
E01002689,20km to less than 30km,2,13,-11
E01002689,2km to less than 5km,54,103,-49
E01002689,30km to less than 40km,2,5,-3
E01002689,40km to less than 60km,2,10,-8
E01002689,5km to less than 10km,77,200,-123
E01002689,60km and over,1,10,-9
E01002689,Less than 2km,46,84,-38
E01002689,"Works mainly at an offshore installation, in no fixed place, or outside the UK",73,74,-1
E01002689,Works mainly from home,445,111,334
E01002690,10km to less than 20km,39,186,-147
E01002690,20km to less than 30km,4,15,-11
E01002690,2km to less than 5km,45,108,-63
E01002690,30km to less than 40km,4,6,-2
E01002690,40km to less than 60km,3,6,-3
E01002690,5km to less than 10km,62,167,-105
E01002690,60km and over,9,8,1
E01002690,Less than 2km,35,90,-55
E01002690,"Works mainly at an offshore installation, in no fixed place, or outside the UK",79,59,20
E01002690,Works mainly from home,423,119,304
E01002691,10km to less than 20km,74,276,-202
E01002691,20km to less than 30km,3,23,-20
E01002691,2km to less than 5km,97,132,-35
E01002691,30km to less than 40km,2,5,-3
E01002691,40km to less than 60km,3,8,-5
E01002691,5km to less than 10km,126,154,-28
E01002691,60km and over,5,7,-2
E01002691,Less than 2km,50,61,-11
E01002691,"Works mainly at an offshore installation, in no fixed place, or outside the UK",133,126,7
E01002691,Works mainly from home,379,94,285
E01002692,10km to less than 20km,104,305,-201
E01002692,20km to less than 30km,9,22,-13
E01002692,2km to less than 5km,103,152,-49
E01002692,30km to less than 40km,2,18,-16
E01002692,40km to less than 60km,3,16,-13
E01002692,5km to less than 10km,120,192,-72
E01002692,60km and over,7,19,-12
E01002692,Less than 2km,65,133,-68
E01002692,"Works mainly at an offshore installation, in no fixed place, or outside the UK",96,100,-4
E01002692,Works mainly from home,674,113,561
E01002693,10km to less than 20km,67,215,-148
E01002693,20km to less than 30km,5,16,-11
E01002693,2km to less than 5km,60,120,-60
E01002693,30km to less than 40km,4,12,-8
E01002693,40km to less than 60km,1,14,-13
E01002693,5km to less than 10km,81,204,-123
E01002693,60km and over,5,10,-5
E01002693,Less than 2km,53,112,-59
E01002693,"Works mainly at an offshore installation, in no fixed place, or outside the UK",60,100,-40
E01002693,Works mainly from home,542,116,426
E01002694,10km to less than 20km,36,33,3
E01002694,20km to less than 30km,7,4,3
E01002694,2km to less than 5km,147,231,-84
E01002694,30km to less than 40km,14,2,12
E01002694,40km to less than 60km,1,2,-1
E01002694,5km to less than 10km,83,89,-6
E01002694,60km and over,2,6,-4
E01002694,Less than 2km,84,116,-32
E01002694,"Works mainly at an offshore installation, in no fixed place, or outside the UK",81,72,9
E01002694,Works mainly from home,276,43,233
E01002695,10km to less than 20km,19,30,-11
E01002695,20km to less than 30km,4,11,-7
E01002695,2km to less than 5km,108,417,-309
E01002695,30km to less than 40km,0,3,-3
E01002695,40km to less than 60km,1,8,-7
E01002695,5km to less than 10km,55,113,-58
E01002695,60km and over,1,16,-15
E01002695,Less than 2km,94,196,-102
E01002695,"Works mainly at an offshore installation, in no fixed place, or outside the UK",78,96,-18
E01002695,Works mainly from home,545,74,471
E01002696,10km to less than 20km,23,39,-16
E01002696,20km to less than 30km,2,14,-12
E01002696,2km to less than 5km,136,575,-439
E01002696,30km to less than 40km,1,4,-3
E01002696,40km to less than 60km,2,8,-6
E01002696,5km to less than 10km,50,132,-82
E01002696,60km and over,3,14,-11
E01002696,Less than 2km,75,159,-84
E01002696,"Works mainly at an offshore installation, in no fixed place, or outside the UK",50,69,-19
E01002696,Works mainly from home,741,124,617
E01002697,10km to less than 20km,50,35,15
E01002697,20km to less than 30km,15,6,9
E01002697,2km to less than 5km,188,228,-40
E01002697,30km to less than 40km,3,3,0
E01002697,40km to less than 60km,5,7,-2
E01002697,5km to less than 10km,72,82,-10
E01002697,60km and over,9,9,0
E01002697,Less than 2km,121,174,-53
E01002697,"Works mainly at an offshore installation, in no fixed place, or outside the UK",103,64,39
E01002697,Works mainly from home,345,57,288
E01002698,10km to less than 20km,33,47,-14
E01002698,20km to less than 30km,4,19,-15
E01002698,2km to less than 5km,158,654,-496
E01002698,30km to less than 40km,2,10,-8
E01002698,40km to less than 60km,1,13,-12
E01002698,5km to less than 10km,57,193,-136
E01002698,60km and over,5,17,-12
E01002698,Less than 2km,70,119,-49
E01002698,"Works mainly at an offshore installation, in no fixed place, or outside the UK",74,99,-25
E01002698,Works mainly from home,862,120,742
E01002699,10km to less than 20km,30,29,1
E01002699,20km to less than 30km,6,5,1
E01002699,2km to less than 5km,109,389,-280
E01002699,30km to less than 40km,5,2,3
E01002699,40km to less than 60km,1,2,-1
E01002699,5km to less than 10km,35,85,-50
E01002699,60km and over,1,9,-8
E01002699,Less than 2km,64,78,-14
E01002699,"Works mainly at an offshore installation, in no fixed place, or outside the UK",69,55,14
E01002699,Works mainly from home,535,89,446
E01002700,10km to less than 20km,15,24,-9
E01002700,20km to less than 30km,2,11,-9
E01002700,2km to less than 5km,95,532,-437
E01002700,30km to less than 40km,3,1,2
E01002700,40km to less than 60km,2,6,-4
E01002700,5km to less than 10km,27,122,-95
E01002700,60km and over,0,12,-12
E01002700,Less than 2km,37,107,-70
E01002700,"Works mainly at an offshore installation, in no fixed place, or outside the UK",38,72,-34
E01002700,Works mainly from home,517,145,372
E01002701,10km to less than 20km,20,35,-15
E01002701,20km to less than 30km,4,8,-4
E01002701,2km to less than 5km,91,202,-111
E01002701,30km to less than 40km,1,4,-3
E01002701,40km to less than 60km,0,6,-6
E01002701,5km to less than 10km,49,98,-49
E01002701,60km and over,9,12,-3
E01002701,Less than 2km,106,216,-110
E01002701,"Works mainly at an offshore installation, in no fixed place, or outside the UK",64,68,-4
E01002701,Works mainly from home,344,52,292
E01002702,10km to less than 20km,26,41,-15
E01002702,20km to less than 30km,9,5,4
E01002702,2km to less than 5km,144,224,-80
E01002702,30km to less than 40km,1,1,0
E01002702,40km to less than 60km,0,1,-1
E01002702,5km to less than 10km,61,93,-32
E01002702,60km and over,6,12,-6
E01002702,Less than 2km,169,293,-124
E01002702,"Works mainly at an offshore installation, in no fixed place, or outside the UK",115,76,39
E01002702,Works mainly from home,566,72,494
E01002703,10km to less than 20km,29,32,-3
E01002703,20km to less than 30km,7,16,-9
E01002703,2km to less than 5km,126,184,-58
E01002703,30km to less than 40km,2,3,-1
E01002703,40km to less than 60km,5,7,-2
E01002703,5km to less than 10km,85,74,11
E01002703,60km and over,10,10,0
E01002703,Less than 2km,169,286,-117
E01002703,"Works mainly at an offshore installation, in no fixed place, or outside the UK",110,69,41
E01002703,Works mainly from home,670,62,608
E01002704,10km to less than 20km,22,37,-15
E01002704,20km to less than 30km,8,7,1
E01002704,2km to less than 5km,141,235,-94
E01002704,30km to less than 40km,3,3,0
E01002704,40km to less than 60km,2,4,-2
E01002704,5km to less than 10km,91,140,-49
E01002704,60km and over,9,6,3
E01002704,Less than 2km,154,407,-253
E01002704,"Works mainly at an offshore installation, in no fixed place, or outside the UK",111,91,20
E01002704,Works mainly from home,666,129,537
E01002706,10km to less than 20km,21,42,-21
E01002706,20km to less than 30km,2,8,-6
E01002706,2km to less than 5km,118,209,-91
E01002706,30km to less than 40km,0,4,-4
E01002706,40km to less than 60km,1,2,-1
E01002706,5km to less than 10km,58,114,-56
E01002706,60km and over,7,12,-5
E01002706,Less than 2km,145,391,-246
E01002706,"Works mainly at an offshore installation, in no fixed place, or outside the UK",103,97,6
E01002706,Works mainly from home,531,101,430
E01002707,10km to less than 20km,20,29,-9
E01002707,20km to less than 30km,5,6,-1
E01002707,2km to less than 5km,128,346,-218
E01002707,30km to less than 40km,2,4,-2
E01002707,40km to less than 60km,0,9,-9
E01002707,5km to less than 10km,53,138,-85
E01002707,60km and over,5,12,-7
E01002707,Less than 2km,114,280,-166
E01002707,"Works mainly at an offshore installation, in no fixed place, or outside the UK",98,67,31
E01002707,Works mainly from home,580,73,507
E01002708,10km to less than 20km,33,43,-10
E01002708,20km to less than 30km,7,20,-13
E01002708,2km to less than 5km,168,385,-217
E01002708,30km to less than 40km,1,2,-1
E01002708,40km to less than 60km,1,5,-4
E01002708,5km to less than 10km,76,140,-64
E01002708,60km and over,11,17,-6
E01002708,Less than 2km,106,149,-43
E01002708,"Works mainly at an offshore installation, in no fixed place, or outside the UK",112,110,2
E01002708,Works mainly from home,570,53,517
E01002709,10km to less than 20km,26,24,2
E01002709,20km to less than 30km,3,17,-14
E01002709,2km to less than 5km,115,370,-255
E01002709,30km to less than 40km,0,8,-8
E01002709,40km to less than 60km,3,9,-6
E01002709,5km to less than 10km,62,96,-34
E01002709,60km and over,4,9,-5
E01002709,Less than 2km,116,134,-18
E01002709,"Works mainly at an offshore installation, in no fixed place, or outside the UK",87,75,12
E01002709,Works mainly from home,400,62,338
E01002710,10km to less than 20km,30,19,11
E01002710,20km to less than 30km,7,17,-10
E01002710,2km to less than 5km,114,285,-171
E01002710,30km to less than 40km,2,7,-5
E01002710,40km to less than 60km,3,2,1
E01002710,5km to less than 10km,50,106,-56
E01002710,60km and over,7,7,0
E01002710,Less than 2km,91,150,-59
E01002710,"Works mainly at an offshore installation, in no fixed place, or outside the UK",112,62,50
E01002710,Works mainly from home,319,60,259
E01002711,10km to less than 20km,26,58,-32
E01002711,20km to less than 30km,6,20,-14
E01002711,2km to less than 5km,120,467,-347
E01002711,30km to less than 40km,3,10,-7
E01002711,40km to less than 60km,2,13,-11
E01002711,5km to less than 10km,57,127,-70
E01002711,60km and over,8,32,-24
E01002711,Less than 2km,112,209,-97
E01002711,"Works mainly at an offshore installation, in no fixed place, or outside the UK",72,94,-22
E01002711,Works mainly from home,595,138,457
E01002712,10km to less than 20km,15,40,-25
E01002712,20km to less than 30km,7,10,-3
E01002712,2km to less than 5km,131,287,-156
E01002712,30km to less than 40km,1,2,-1
E01002712,40km to less than 60km,4,1,3
E01002712,5km to less than 10km,43,111,-68
E01002712,60km and over,1,10,-9
E01002712,Less than 2km,76,93,-17
E01002712,"Works mainly at an offshore installation, in no fixed place, or outside the UK",69,86,-17
E01002712,Works mainly from home,432,90,342
E01002713,10km to less than 20km,45,26,19
E01002713,20km to less than 30km,13,9,4
E01002713,2km to less than 5km,188,247,-59
E01002713,30km to less than 40km,5,0,5
E01002713,40km to less than 60km,1,2,-1
E01002713,5km to less than 10km,86,96,-10
E01002713,60km and over,5,10,-5
E01002713,Less than 2km,101,136,-35
E01002713,"Works mainly at an offshore installation, in no fixed place, or outside the UK",156,54,102
E01002713,Works mainly from home,487,44,443
E01002714,10km to less than 20km,14,37,-23
E01002714,20km to less than 30km,1,23,-22
E01002714,2km to less than 5km,115,513,-398
E01002714,30km to less than 40km,1,8,-7
E01002714,40km to less than 60km,2,4,-2
E01002714,5km to less than 10km,43,127,-84
E01002714,60km and over,3,23,-20
E01002714,Less than 2km,54,108,-54
E01002714,"Works mainly at an offshore installation, in no fixed place, or outside the UK",67,86,-19
E01002714,Works mainly from home,649,143,506
E01002715,10km to less than 20km,26,19,7
E01002715,20km to less than 30km,10,11,-1
E01002715,2km to less than 5km,148,235,-87
E01002715,30km to less than 40km,0,2,-2
E01002715,40km to less than 60km,0,1,-1
E01002715,5km to less than 10km,49,65,-16
E01002715,60km and over,2,7,-5
E01002715,Less than 2km,99,101,-2
E01002715,"Works mainly at an offshore installation, in no fixed place, or outside the UK",91,68,23
E01002715,Works mainly from home,265,58,207
E01002716,10km to less than 20km,34,66,-32
E01002716,20km to less than 30km,7,17,-10
E01002716,2km to less than 5km,165,486,-321
E01002716,30km to less than 40km,1,5,-4
E01002716,40km to less than 60km,2,5,-3
E01002716,5km to less than 10km,101,206,-105
E01002716,60km and over,3,12,-9
E01002716,Less than 2km,70,106,-36
E01002716,"Works mainly at an offshore installation, in no fixed place, or outside the UK",120,89,31
E01002716,Works mainly from home,576,70,506
E01002717,10km to less than 20km,16,46,-30
E01002717,20km to less than 30km,4,5,-1
E01002717,2km to less than 5km,84,336,-252
E01002717,30km to less than 40km,0,5,-5
E01002717,40km to less than 60km,0,1,-1
E01002717,5km to less than 10km,42,131,-89
E01002717,60km and over,6,12,-6
E01002717,Less than 2km,28,62,-34
E01002717,"Works mainly at an offshore installation, in no fixed place, or outside the UK",50,41,9
E01002717,Works mainly from home,396,66,330
E01002718,10km to less than 20km,15,59,-44
E01002718,20km to less than 30km,3,11,-8
E01002718,2km to less than 5km,117,558,-441
E01002718,30km to less than 40km,1,6,-5
E01002718,40km to less than 60km,0,4,-4
E01002718,5km to less than 10km,50,185,-135
E01002718,60km and over,3,6,-3
E01002718,Less than 2km,47,118,-71
E01002718,"Works mainly at an offshore installation, in no fixed place, or outside the UK",78,58,20
E01002718,Works mainly from home,674,92,582
E01002719,10km to less than 20km,13,43,-30
E01002719,20km to less than 30km,5,10,-5
E01002719,2km to less than 5km,89,418,-329
E01002719,30km to less than 40km,0,7,-7
E01002719,40km to less than 60km,4,3,1
E01002719,5km to less than 10km,47,146,-99
E01002719,60km and over,4,12,-8
E01002719,Less than 2km,39,102,-63
E01002719,"Works mainly at an offshore installation, in no fixed place, or outside the UK",50,46,4
E01002719,Works mainly from home,571,69,502
E01002720,10km to less than 20km,41,58,-17
E01002720,20km to less than 30km,8,18,-10
E01002720,2km to less than 5km,184,406,-222
E01002720,30km to less than 40km,2,6,-4
E01002720,40km to less than 60km,2,5,-3
E01002720,5km to less than 10km,87,160,-73
E01002720,60km and over,10,12,-2
E01002720,Less than 2km,92,134,-42
E01002720,"Works mainly at an offshore installation, in no fixed place, or outside the UK",112,73,39
E01002720,Works mainly from home,402,62,340
E01002721,10km to less than 20km,25,46,-21
E01002721,20km to less than 30km,1,10,-9
E01002721,2km to less than 5km,129,456,-327
E01002721,30km to less than 40km,0,2,-2
E01002721,40km to less than 60km,1,4,-3
E01002721,5km to less than 10km,55,139,-84
E01002721,60km and over,2,12,-10
E01002721,Less than 2km,55,103,-48
E01002721,"Works mainly at an offshore installation, in no fixed place, or outside the UK",70,80,-10
E01002721,Works mainly from home,620,79,541
E01002722,10km to less than 20km,23,25,-2
E01002722,20km to less than 30km,1,9,-8
E01002722,2km to less than 5km,106,311,-205
E01002722,30km to less than 40km,0,3,-3
E01002722,40km to less than 60km,2,5,-3
E01002722,5km to less than 10km,54,79,-25
E01002722,60km and over,2,6,-4
E01002722,Less than 2km,60,76,-16
E01002722,"Works mainly at an offshore installation, in no fixed place, or outside the UK",53,52,1
E01002722,Works mainly from home,451,56,395
E01002723,10km to less than 20km,18,30,-12
E01002723,20km to less than 30km,4,9,-5
E01002723,2km to less than 5km,97,197,-100
E01002723,30km to less than 40km,1,1,0
E01002723,40km to less than 60km,1,3,-2
E01002723,5km to less than 10km,44,63,-19
E01002723,60km and over,1,6,-5
E01002723,Less than 2km,101,254,-153
E01002723,"Works mainly at an offshore installation, in no fixed place, or outside the UK",69,64,5
E01002723,Works mainly from home,395,81,314
E01002724,10km to less than 20km,11,48,-37
E01002724,20km to less than 30km,2,9,-7
E01002724,2km to less than 5km,77,280,-203
E01002724,30km to less than 40km,1,4,-3
E01002724,40km to less than 60km,5,4,1
E01002724,5km to less than 10km,43,99,-56
E01002724,60km and over,10,29,-19
E01002724,Less than 2km,133,533,-400
E01002724,"Works mainly at an offshore installation, in no fixed place, or outside the UK",55,89,-34
E01002724,Works mainly from home,762,142,620
E01002725,10km to less than 20km,18,35,-17
E01002725,20km to less than 30km,4,8,-4
E01002725,2km to less than 5km,82,160,-78
E01002725,30km to less than 40km,0,5,-5
E01002725,40km to less than 60km,0,7,-7
E01002725,5km to less than 10km,37,72,-35
E01002725,60km and over,7,4,3
E01002725,Less than 2km,104,212,-108
E01002725,"Works mainly at an offshore installation, in no fixed place, or outside the UK",77,83,-6
E01002725,Works mainly from home,251,50,201
E01002726,10km to less than 20km,14,32,-18
E01002726,20km to less than 30km,0,6,-6
E01002726,2km to less than 5km,99,267,-168
E01002726,30km to less than 40km,5,2,3
E01002726,40km to less than 60km,1,5,-4
E01002726,5km to less than 10km,44,87,-43
E01002726,60km and over,6,21,-15
E01002726,Less than 2km,102,303,-201
E01002726,"Works mainly at an offshore installation, in no fixed place, or outside the UK",81,71,10
E01002726,Works mainly from home,477,111,366
E01002727,10km to less than 20km,17,23,-6
E01002727,20km to less than 30km,5,11,-6
E01002727,2km to less than 5km,121,303,-182
E01002727,30km to less than 40km,3,3,0
E01002727,40km to less than 60km,1,4,-3
E01002727,5km to less than 10km,38,97,-59
E01002727,60km and over,2,19,-17
E01002727,Less than 2km,98,329,-231
E01002727,"Works mainly at an offshore installation, in no fixed place, or outside the UK",72,70,2
E01002727,Works mainly from home,570,91,479
E01002728,10km to less than 20km,16,26,-10
E01002728,20km to less than 30km,6,10,-4
E01002728,2km to less than 5km,61,198,-137
E01002728,30km to less than 40km,0,1,-1
E01002728,40km to less than 60km,0,4,-4
E01002728,5km to less than 10km,29,63,-34
E01002728,60km and over,6,14,-8
E01002728,Less than 2km,68,130,-62
E01002728,"Works mainly at an offshore installation, in no fixed place, or outside the UK",47,47,0
E01002728,Works mainly from home,242,66,176
E01002729,10km to less than 20km,13,25,-12
E01002729,20km to less than 30km,4,9,-5
E01002729,2km to less than 5km,105,259,-154
E01002729,30km to less than 40km,1,4,-3
E01002729,40km to less than 60km,1,2,-1
E01002729,5km to less than 10km,34,81,-47
E01002729,60km and over,7,20,-13
E01002729,Less than 2km,102,268,-166
E01002729,"Works mainly at an offshore installation, in no fixed place, or outside the UK",90,77,13
E01002729,Works mainly from home,411,103,308
E01002730,10km to less than 20km,30,81,-51
E01002730,20km to less than 30km,5,17,-12
E01002730,2km to less than 5km,137,303,-166
E01002730,30km to less than 40km,2,4,-2
E01002730,40km to less than 60km,1,3,-2
E01002730,5km to less than 10km,130,321,-191
E01002730,60km and over,4,13,-9
E01002730,Less than 2km,65,76,-11
E01002730,"Works mainly at an offshore installation, in no fixed place, or outside the UK",91,84,7
E01002730,Works mainly from home,556,78,478
E01002732,10km to less than 20km,40,57,-17
E01002732,20km to less than 30km,2,11,-9
E01002732,2km to less than 5km,115,195,-80
E01002732,30km to less than 40km,9,7,2
E01002732,40km to less than 60km,1,6,-5
E01002732,5km to less than 10km,128,243,-115
E01002732,60km and over,2,17,-15
E01002732,Less than 2km,57,105,-48
E01002732,"Works mainly at an offshore installation, in no fixed place, or outside the UK",122,81,41
E01002732,Works mainly from home,303,65,238
E01002733,10km to less than 20km,16,69,-53
E01002733,20km to less than 30km,5,29,-24
E01002733,2km to less than 5km,99,293,-194
E01002733,30km to less than 40km,1,5,-4
E01002733,40km to less than 60km,0,5,-5
E01002733,5km to less than 10km,103,471,-368
E01002733,60km and over,4,20,-16
E01002733,Less than 2km,47,74,-27
E01002733,"Works mainly at an offshore installation, in no fixed place, or outside the UK",68,92,-24
E01002733,Works mainly from home,522,99,423
E01002734,10km to less than 20km,65,48,17
E01002734,20km to less than 30km,10,5,5
E01002734,2km to less than 5km,161,141,20
E01002734,30km to less than 40km,1,3,-2
E01002734,40km to less than 60km,2,2,0
E01002734,5km to less than 10km,200,215,-15
E01002734,60km and over,1,12,-11
E01002734,Less than 2km,109,103,6
E01002734,"Works mainly at an offshore installation, in no fixed place, or outside the UK",115,49,66
E01002734,Works mainly from home,401,51,350
E01002735,10km to less than 20km,70,74,-4
E01002735,20km to less than 30km,47,24,23
E01002735,2km to less than 5km,161,180,-19
E01002735,30km to less than 40km,5,5,0
E01002735,40km to less than 60km,3,7,-4
E01002735,5km to less than 10km,255,387,-132
E01002735,60km and over,9,7,2
E01002735,Less than 2km,74,72,2
E01002735,"Works mainly at an offshore installation, in no fixed place, or outside the UK",133,101,32
E01002735,Works mainly from home,896,79,817
E01002736,10km to less than 20km,31,39,-8
E01002736,20km to less than 30km,8,6,2
E01002736,2km to less than 5km,82,105,-23
E01002736,30km to less than 40km,0,4,-4
E01002736,40km to less than 60km,4,3,1
E01002736,5km to less than 10km,84,174,-90
E01002736,60km and over,5,10,-5
E01002736,Less than 2km,47,72,-25
E01002736,"Works mainly at an offshore installation, in no fixed place, or outside the UK",74,67,7
E01002736,Works mainly from home,186,35,151
E01002737,10km to less than 20km,44,40,4
E01002737,20km to less than 30km,7,10,-3
E01002737,2km to less than 5km,130,158,-28
E01002737,30km to less than 40km,2,5,-3
E01002737,40km to less than 60km,0,2,-2
E01002737,5km to less than 10km,133,268,-135
E01002737,60km and over,4,16,-12
E01002737,Less than 2km,67,94,-27
E01002737,"Works mainly at an offshore installation, in no fixed place, or outside the UK",101,67,34
E01002737,Works mainly from home,349,69,280
E01002738,10km to less than 20km,21,54,-33
E01002738,20km to less than 30km,3,9,-6
E01002738,2km to less than 5km,131,355,-224
E01002738,30km to less than 40km,2,3,-1
E01002738,40km to less than 60km,1,6,-5
E01002738,5km to less than 10km,78,233,-155
E01002738,60km and over,3,8,-5
E01002738,Less than 2km,41,72,-31
E01002738,"Works mainly at an offshore installation, in no fixed place, or outside the UK",72,82,-10
E01002738,Works mainly from home,659,112,547
E01002739,10km to less than 20km,19,49,-30
E01002739,20km to less than 30km,1,16,-15
E01002739,2km to less than 5km,144,478,-334
E01002739,30km to less than 40km,1,4,-3
E01002739,40km to less than 60km,1,1,0
E01002739,5km to less than 10km,62,252,-190
E01002739,60km and over,7,20,-13
E01002739,Less than 2km,45,90,-45
E01002739,"Works mainly at an offshore installation, in no fixed place, or outside the UK",55,59,-4
E01002739,Works mainly from home,716,117,599
E01002740,10km to less than 20km,38,45,-7
E01002740,20km to less than 30km,6,15,-9
E01002740,2km to less than 5km,162,542,-380
E01002740,30km to less than 40km,1,3,-2
E01002740,40km to less than 60km,1,6,-5
E01002740,5km to less than 10km,86,229,-143
E01002740,60km and over,5,15,-10
E01002740,Less than 2km,46,95,-49
E01002740,"Works mainly at an offshore installation, in no fixed place, or outside the UK",67,59,8
E01002740,Works mainly from home,987,136,851
E01002741,10km to less than 20km,25,51,-26
E01002741,20km to less than 30km,5,9,-4
E01002741,2km to less than 5km,99,215,-116
E01002741,30km to less than 40km,1,0,1
E01002741,40km to less than 60km,2,7,-5
E01002741,5km to less than 10km,83,181,-98
E01002741,60km and over,4,5,-1
E01002741,Less than 2km,44,65,-21
E01002741,"Works mainly at an offshore installation, in no fixed place, or outside the UK",107,62,45
E01002741,Works mainly from home,326,47,279
E01002742,10km to less than 20km,29,68,-39
E01002742,20km to less than 30km,5,13,-8
E01002742,2km to less than 5km,112,291,-179
E01002742,30km to less than 40km,4,12,-8
E01002742,40km to less than 60km,1,7,-6
E01002742,5km to less than 10km,180,338,-158
E01002742,60km and over,3,16,-13
E01002742,Less than 2km,32,54,-22
E01002742,"Works mainly at an offshore installation, in no fixed place, or outside the UK",87,57,30
E01002742,Works mainly from home,714,138,576
E01002743,10km to less than 20km,22,56,-34
E01002743,20km to less than 30km,2,10,-8
E01002743,2km to less than 5km,110,285,-175
E01002743,30km to less than 40km,2,3,-1
E01002743,40km to less than 60km,1,3,-2
E01002743,5km to less than 10km,90,240,-150
E01002743,60km and over,3,13,-10
E01002743,Less than 2km,44,74,-30
E01002743,"Works mainly at an offshore installation, in no fixed place, or outside the UK",55,59,-4
E01002743,Works mainly from home,531,93,438
E01002744,10km to less than 20km,24,52,-28
E01002744,20km to less than 30km,4,9,-5
E01002744,2km to less than 5km,109,319,-210
E01002744,30km to less than 40km,0,4,-4
E01002744,40km to less than 60km,1,7,-6
E01002744,5km to less than 10km,77,263,-186
E01002744,60km and over,2,9,-7
E01002744,Less than 2km,32,73,-41
E01002744,"Works mainly at an offshore installation, in no fixed place, or outside the UK",62,51,11
E01002744,Works mainly from home,507,95,412
E01002745,10km to less than 20km,18,49,-31
E01002745,20km to less than 30km,2,11,-9
E01002745,2km to less than 5km,121,331,-210
E01002745,30km to less than 40km,0,8,-8
E01002745,40km to less than 60km,1,4,-3
E01002745,5km to less than 10km,53,231,-178
E01002745,60km and over,2,18,-16
E01002745,Less than 2km,54,92,-38
E01002745,"Works mainly at an offshore installation, in no fixed place, or outside the UK",52,41,11
E01002745,Works mainly from home,568,102,466
E01002747,10km to less than 20km,24,54,-30
E01002747,20km to less than 30km,7,18,-11
E01002747,2km to less than 5km,88,228,-140
E01002747,30km to less than 40km,0,5,-5
E01002747,40km to less than 60km,1,9,-8
E01002747,5km to less than 10km,76,394,-318
E01002747,60km and over,5,10,-5
E01002747,Less than 2km,42,51,-9
E01002747,"Works mainly at an offshore installation, in no fixed place, or outside the UK",52,101,-49
E01002747,Works mainly from home,595,81,514
E01002748,10km to less than 20km,35,55,-20
E01002748,20km to less than 30km,1,10,-9
E01002748,2km to less than 5km,105,175,-70
E01002748,30km to less than 40km,2,4,-2
E01002748,40km to less than 60km,1,4,-3
E01002748,5km to less than 10km,142,255,-113
E01002748,60km and over,7,9,-2
E01002748,Less than 2km,63,59,4
E01002748,"Works mainly at an offshore installation, in no fixed place, or outside the UK",86,65,21
E01002748,Works mainly from home,391,59,332
E01002749,10km to less than 20km,21,41,-20
E01002749,20km to less than 30km,7,9,-2
E01002749,2km to less than 5km,104,200,-96
E01002749,30km to less than 40km,1,5,-4
E01002749,40km to less than 60km,0,4,-4
E01002749,5km to less than 10km,78,195,-117
E01002749,60km and over,1,7,-6
E01002749,Less than 2km,55,62,-7
E01002749,"Works mainly at an offshore installation, in no fixed place, or outside the UK",68,67,1
E01002749,Works mainly from home,452,46,406
E01002751,10km to less than 20km,27,65,-38
E01002751,20km to less than 30km,10,7,3
E01002751,2km to less than 5km,147,239,-92
E01002751,30km to less than 40km,5,3,2
E01002751,40km to less than 60km,1,2,-1
E01002751,5km to less than 10km,110,209,-99
E01002751,60km and over,4,11,-7
E01002751,Less than 2km,64,130,-66
E01002751,"Works mainly at an offshore installation, in no fixed place, or outside the UK",109,88,21
E01002751,Works mainly from home,361,73,288
E01002752,10km to less than 20km,22,63,-41
E01002752,20km to less than 30km,1,8,-7
E01002752,2km to less than 5km,145,252,-107
E01002752,30km to less than 40km,1,1,0
E01002752,40km to less than 60km,2,3,-1
E01002752,5km to less than 10km,78,220,-142
E01002752,60km and over,2,8,-6
E01002752,Less than 2km,55,89,-34
E01002752,"Works mainly at an offshore installation, in no fixed place, or outside the UK",66,51,15
E01002752,Works mainly from home,549,84,465
E01002753,10km to less than 20km,32,52,-20
E01002753,20km to less than 30km,9,13,-4
E01002753,2km to less than 5km,96,142,-46
E01002753,30km to less than 40km,0,5,-5
E01002753,40km to less than 60km,0,4,-4
E01002753,5km to less than 10km,109,294,-185
E01002753,60km and over,4,6,-2
E01002753,Less than 2km,73,91,-18
E01002753,"Works mainly at an offshore installation, in no fixed place, or outside the UK",81,64,17
E01002753,Works mainly from home,366,55,311
E01002754,10km to less than 20km,26,47,-21
E01002754,20km to less than 30km,3,7,-4
E01002754,2km to less than 5km,71,105,-34
E01002754,30km to less than 40km,4,1,3
E01002754,40km to less than 60km,2,3,-1
E01002754,5km to less than 10km,130,400,-270
E01002754,60km and over,4,11,-7
E01002754,Less than 2km,41,67,-26
E01002754,"Works mainly at an offshore installation, in no fixed place, or outside the UK",70,74,-4
E01002754,Works mainly from home,457,110,347
E01002755,10km to less than 20km,26,42,-16
E01002755,20km to less than 30km,6,6,0
E01002755,2km to less than 5km,66,96,-30
E01002755,30km to less than 40km,2,5,-3
E01002755,40km to less than 60km,2,2,0
E01002755,5km to less than 10km,102,220,-118
E01002755,60km and over,5,5,0
E01002755,Less than 2km,55,74,-19
E01002755,"Works mainly at an offshore installation, in no fixed place, or outside the UK",88,61,27
E01002755,Works mainly from home,261,52,209
E01002756,10km to less than 20km,35,57,-22
E01002756,20km to less than 30km,7,14,-7
E01002756,2km to less than 5km,55,105,-50
E01002756,30km to less than 40km,3,5,-2
E01002756,40km to less than 60km,2,3,-1
E01002756,5km to less than 10km,100,326,-226
E01002756,60km and over,5,2,3
E01002756,Less than 2km,53,55,-2
E01002756,"Works mainly at an offshore installation, in no fixed place, or outside the UK",50,94,-44
E01002756,Works mainly from home,432,84,348
E01002757,10km to less than 20km,18,56,-38
E01002757,20km to less than 30km,10,12,-2
E01002757,2km to less than 5km,66,123,-57
E01002757,30km to less than 40km,1,6,-5
E01002757,40km to less than 60km,3,4,-1
E01002757,5km to less than 10km,98,270,-172
E01002757,60km and over,3,9,-6
E01002757,Less than 2km,56,63,-7
E01002757,"Works mainly at an offshore installation, in no fixed place, or outside the UK",55,56,-1
E01002757,Works mainly from home,379,79,300
E01002758,10km to less than 20km,31,29,2
E01002758,20km to less than 30km,7,9,-2
E01002758,2km to less than 5km,91,92,-1
E01002758,30km to less than 40km,1,0,1
E01002758,40km to less than 60km,4,1,3
E01002758,5km to less than 10km,148,184,-36
E01002758,60km and over,6,7,-1
E01002758,Less than 2km,92,50,42
E01002758,"Works mainly at an offshore installation, in no fixed place, or outside the UK",94,48,46
E01002758,Works mainly from home,280,36,244
E01002759,10km to less than 20km,26,63,-37
E01002759,20km to less than 30km,1,11,-10
E01002759,2km to less than 5km,62,149,-87
E01002759,30km to less than 40km,2,4,-2
E01002759,40km to less than 60km,2,7,-5
E01002759,5km to less than 10km,102,400,-298
E01002759,60km and over,2,13,-11
E01002759,Less than 2km,43,78,-35
E01002759,"Works mainly at an offshore installation, in no fixed place, or outside the UK",74,91,-17
E01002759,Works mainly from home,467,102,365
E01002760,10km to less than 20km,31,41,-10
E01002760,20km to less than 30km,7,6,1
E01002760,2km to less than 5km,108,121,-13
E01002760,30km to less than 40km,2,2,0
E01002760,40km to less than 60km,0,2,-2
E01002760,5km to less than 10km,93,216,-123
E01002760,60km and over,1,7,-6
E01002760,Less than 2km,74,68,6
E01002760,"Works mainly at an offshore installation, in no fixed place, or outside the UK",95,65,30
E01002760,Works mainly from home,359,57,302
E01002762,10km to less than 20km,33,76,-43
E01002762,20km to less than 30km,10,15,-5
E01002762,2km to less than 5km,159,505,-346
E01002762,30km to less than 40km,3,5,-2
E01002762,40km to less than 60km,1,10,-9
E01002762,5km to less than 10km,106,279,-173
E01002762,60km and over,6,16,-10
E01002762,Less than 2km,66,100,-34
E01002762,"Works mainly at an offshore installation, in no fixed place, or outside the UK",110,99,11
E01002762,Works mainly from home,670,98,572
E01002763,10km to less than 20km,28,43,-15
E01002763,20km to less than 30km,3,16,-13
E01002763,2km to less than 5km,102,258,-156
E01002763,30km to less than 40km,0,3,-3
E01002763,40km to less than 60km,1,2,-1
E01002763,5km to less than 10km,96,180,-84
E01002763,60km and over,2,8,-6
E01002763,Less than 2km,50,74,-24
E01002763,"Works mainly at an offshore installation, in no fixed place, or outside the UK",77,68,9
E01002763,Works mainly from home,321,45,276
E01002764,10km to less than 20km,28,57,-29
E01002764,20km to less than 30km,5,10,-5
E01002764,2km to less than 5km,164,318,-154
E01002764,30km to less than 40km,5,3,2
E01002764,40km to less than 60km,1,3,-2
E01002764,5km to less than 10km,95,174,-79
E01002764,60km and over,9,9,0
E01002764,Less than 2km,93,116,-23
E01002764,"Works mainly at an offshore installation, in no fixed place, or outside the UK",105,91,14
E01002764,Works mainly from home,367,99,268
E01002765,10km to less than 20km,38,52,-14
E01002765,20km to less than 30km,10,21,-11
E01002765,2km to less than 5km,215,412,-197
E01002765,30km to less than 40km,1,7,-6
E01002765,40km to less than 60km,4,4,0
E01002765,5km to less than 10km,104,175,-71
E01002765,60km and over,3,21,-18
E01002765,Less than 2km,121,154,-33
E01002765,"Works mainly at an offshore installation, in no fixed place, or outside the UK",144,76,68
E01002765,Works mainly from home,588,68,520
E01002766,10km to less than 20km,49,41,8
E01002766,20km to less than 30km,7,12,-5
E01002766,2km to less than 5km,212,261,-49
E01002766,30km to less than 40km,0,3,-3
E01002766,40km to less than 60km,4,5,-1
E01002766,5km to less than 10km,99,105,-6
E01002766,60km and over,16,7,9
E01002766,Less than 2km,111,126,-15
E01002766,"Works mainly at an offshore installation, in no fixed place, or outside the UK",133,70,63
E01002766,Works mainly from home,407,39,368
E01002767,10km to less than 20km,41,54,-13
E01002767,20km to less than 30km,8,9,-1
E01002767,2km to less than 5km,183,387,-204
E01002767,30km to less than 40km,6,4,2
E01002767,40km to less than 60km,1,15,-14
E01002767,5km to less than 10km,95,228,-133
E01002767,60km and over,6,13,-7
E01002767,Less than 2km,94,138,-44
E01002767,"Works mainly at an offshore installation, in no fixed place, or outside the UK",109,91,18
E01002767,Works mainly from home,545,62,483
E01002768,10km to less than 20km,30,65,-35
E01002768,20km to less than 30km,4,17,-13
E01002768,2km to less than 5km,101,252,-151
E01002768,30km to less than 40km,4,3,1
E01002768,40km to less than 60km,3,5,-2
E01002768,5km to less than 10km,103,262,-159
E01002768,60km and over,0,4,-4
E01002768,Less than 2km,78,98,-20
E01002768,"Works mainly at an offshore installation, in no fixed place, or outside the UK",90,73,17
E01002768,Works mainly from home,478,93,385
E01002769,10km to less than 20km,18,42,-24
E01002769,20km to less than 30km,5,12,-7
E01002769,2km to less than 5km,96,266,-170
E01002769,30km to less than 40km,0,6,-6
E01002769,40km to less than 60km,3,8,-5
E01002769,5km to less than 10km,85,327,-242
E01002769,60km and over,4,11,-7
E01002769,Less than 2km,63,102,-39
E01002769,"Works mainly at an offshore installation, in no fixed place, or outside the UK",71,99,-28
E01002769,Works mainly from home,570,129,441
E01002770,10km to less than 20km,31,81,-50
E01002770,20km to less than 30km,8,18,-10
E01002770,2km to less than 5km,105,140,-35
E01002770,30km to less than 40km,1,4,-3
E01002770,40km to less than 60km,2,5,-3
E01002770,5km to less than 10km,123,343,-220
E01002770,60km and over,4,8,-4
E01002770,Less than 2km,61,76,-15
E01002770,"Works mainly at an offshore installation, in no fixed place, or outside the UK",89,95,-6
E01002770,Works mainly from home,637,100,537
E01002771,10km to less than 20km,24,65,-41
E01002771,20km to less than 30km,6,10,-4
E01002771,2km to less than 5km,101,221,-120
E01002771,30km to less than 40km,2,6,-4
E01002771,40km to less than 60km,3,5,-2
E01002771,5km to less than 10km,110,319,-209
E01002771,60km and over,1,11,-10
E01002771,Less than 2km,73,87,-14
E01002771,"Works mainly at an offshore installation, in no fixed place, or outside the UK",99,95,4
E01002771,Works mainly from home,434,92,342
E01002772,10km to less than 20km,28,73,-45
E01002772,20km to less than 30km,4,17,-13
E01002772,2km to less than 5km,99,209,-110
E01002772,30km to less than 40km,4,5,-1
E01002772,40km to less than 60km,2,3,-1
E01002772,5km to less than 10km,148,437,-289
E01002772,60km and over,5,6,-1
E01002772,Less than 2km,79,79,0
E01002772,"Works mainly at an offshore installation, in no fixed place, or outside the UK",107,83,24
E01002772,Works mainly from home,629,101,528
E01002773,10km to less than 20km,32,30,2
E01002773,20km to less than 30km,14,6,8
E01002773,2km to less than 5km,103,96,7
E01002773,30km to less than 40km,1,2,-1
E01002773,40km to less than 60km,1,1,0
E01002773,5km to less than 10km,127,148,-21
E01002773,60km and over,4,3,1
E01002773,Less than 2km,102,74,28
E01002773,"Works mainly at an offshore installation, in no fixed place, or outside the UK",65,38,27
E01002773,Works mainly from home,240,34,206
E01002774,10km to less than 20km,47,84,-37
E01002774,20km to less than 30km,12,14,-2
E01002774,2km to less than 5km,175,286,-111
E01002774,30km to less than 40km,4,5,-1
E01002774,40km to less than 60km,1,6,-5
E01002774,5km to less than 10km,169,402,-233
E01002774,60km and over,11,16,-5
E01002774,Less than 2km,82,126,-44
E01002774,"Works mainly at an offshore installation, in no fixed place, or outside the UK",117,95,22
E01002774,Works mainly from home,652,104,548
E01002775,10km to less than 20km,13,61,-48
E01002775,20km to less than 30km,0,10,-10
E01002775,2km to less than 5km,119,413,-294
E01002775,30km to less than 40km,1,4,-3
E01002775,40km to less than 60km,0,2,-2
E01002775,5km to less than 10km,61,206,-145
E01002775,60km and over,7,12,-5
E01002775,Less than 2km,27,63,-36
E01002775,"Works mainly at an offshore installation, in no fixed place, or outside the UK",62,69,-7
E01002775,Works mainly from home,616,106,510
E01002776,10km to less than 20km,39,63,-24
E01002776,20km to less than 30km,4,11,-7
E01002776,2km to less than 5km,154,349,-195
E01002776,30km to less than 40km,0,5,-5
E01002776,40km to less than 60km,1,4,-3
E01002776,5km to less than 10km,87,199,-112
E01002776,60km and over,2,10,-8
E01002776,Less than 2km,55,68,-13
E01002776,"Works mainly at an offshore installation, in no fixed place, or outside the UK",72,67,5
E01002776,Works mainly from home,604,85,519
E01002777,10km to less than 20km,34,56,-22
E01002777,20km to less than 30km,6,8,-2
E01002777,2km to less than 5km,124,405,-281
E01002777,30km to less than 40km,5,2,3
E01002777,40km to less than 60km,2,4,-2
E01002777,5km to less than 10km,107,247,-140
E01002777,60km and over,1,22,-21
E01002777,Less than 2km,55,81,-26
E01002777,"Works mainly at an offshore installation, in no fixed place, or outside the UK",88,82,6
E01002777,Works mainly from home,582,108,474
E01002778,10km to less than 20km,37,42,-5
E01002778,20km to less than 30km,3,6,-3
E01002778,2km to less than 5km,149,229,-80
E01002778,30km to less than 40km,1,1,0
E01002778,40km to less than 60km,2,0,2
E01002778,5km to less than 10km,83,173,-90
E01002778,60km and over,9,7,2
E01002778,Less than 2km,71,61,10
E01002778,"Works mainly at an offshore installation, in no fixed place, or outside the UK",91,47,44
E01002778,Works mainly from home,368,80,288
E01002779,10km to less than 20km,27,54,-27
E01002779,20km to less than 30km,8,16,-8
E01002779,2km to less than 5km,149,401,-252
E01002779,30km to less than 40km,1,4,-3
E01002779,40km to less than 60km,4,7,-3
E01002779,5km to less than 10km,66,304,-238
E01002779,60km and over,1,13,-12
E01002779,Less than 2km,29,61,-32
E01002779,"Works mainly at an offshore installation, in no fixed place, or outside the UK",81,86,-5
E01002779,Works mainly from home,650,103,547
E01002780,10km to less than 20km,27,66,-39
E01002780,20km to less than 30km,11,11,0
E01002780,2km to less than 5km,168,379,-211
E01002780,30km to less than 40km,3,4,-1
E01002780,40km to less than 60km,0,5,-5
E01002780,5km to less than 10km,114,223,-109
E01002780,60km and over,7,14,-7
E01002780,Less than 2km,57,81,-24
E01002780,"Works mainly at an offshore installation, in no fixed place, or outside the UK",90,64,26
E01002780,Works mainly from home,516,80,436
E01002781,10km to less than 20km,37,37,0
E01002781,20km to less than 30km,4,7,-3
E01002781,2km to less than 5km,132,237,-105
E01002781,30km to less than 40km,4,4,0
E01002781,40km to less than 60km,0,3,-3
E01002781,5km to less than 10km,86,158,-72
E01002781,60km and over,3,4,-1
E01002781,Less than 2km,42,53,-11
E01002781,"Works mainly at an offshore installation, in no fixed place, or outside the UK",118,71,47
E01002781,Works mainly from home,536,63,473
E01002782,10km to less than 20km,17,45,-28
E01002782,20km to less than 30km,5,8,-3
E01002782,2km to less than 5km,122,226,-104
E01002782,30km to less than 40km,2,2,0
E01002782,40km to less than 60km,2,5,-3
E01002782,5km to less than 10km,74,124,-50
E01002782,60km and over,7,9,-2
E01002782,Less than 2km,57,53,4
E01002782,"Works mainly at an offshore installation, in no fixed place, or outside the UK",88,60,28
E01002782,Works mainly from home,246,42,204
E01002783,10km to less than 20km,25,31,-6
E01002783,20km to less than 30km,5,8,-3
E01002783,2km to less than 5km,125,284,-159
E01002783,30km to less than 40km,2,1,1
E01002783,40km to less than 60km,2,3,-1
E01002783,5km to less than 10km,74,152,-78
E01002783,60km and over,7,4,3
E01002783,Less than 2km,62,101,-39
E01002783,"Works mainly at an offshore installation, in no fixed place, or outside the UK",93,59,34
E01002783,Works mainly from home,371,57,314
E01002784,10km to less than 20km,26,51,-25
E01002784,20km to less than 30km,5,10,-5
E01002784,2km to less than 5km,132,253,-121
E01002784,30km to less than 40km,0,1,-1
E01002784,40km to less than 60km,0,8,-8
E01002784,5km to less than 10km,81,200,-119
E01002784,60km and over,8,11,-3
E01002784,Less than 2km,78,130,-52
E01002784,"Works mainly at an offshore installation, in no fixed place, or outside the UK",105,79,26
E01002784,Works mainly from home,392,59,333
E01002785,10km to less than 20km,20,51,-31
E01002785,20km to less than 30km,11,13,-2
E01002785,2km to less than 5km,123,287,-164
E01002785,30km to less than 40km,4,2,2
E01002785,40km to less than 60km,1,7,-6
E01002785,5km to less than 10km,117,325,-208
E01002785,60km and over,6,18,-12
E01002785,Less than 2km,48,98,-50
E01002785,"Works mainly at an offshore installation, in no fixed place, or outside the UK",111,103,8
E01002785,Works mainly from home,636,129,507
E01002786,10km to less than 20km,25,57,-32
E01002786,20km to less than 30km,8,14,-6
E01002786,2km to less than 5km,126,280,-154
E01002786,30km to less than 40km,1,3,-2
E01002786,40km to less than 60km,3,2,1
E01002786,5km to less than 10km,114,251,-137
E01002786,60km and over,4,12,-8
E01002786,Less than 2km,99,111,-12
E01002786,"Works mainly at an offshore installation, in no fixed place, or outside the UK",104,82,22
E01002786,Works mainly from home,493,74,419
E01002787,10km to less than 20km,28,39,-11
E01002787,20km to less than 30km,6,8,-2
E01002787,2km to less than 5km,138,225,-87
E01002787,30km to less than 40km,2,10,-8
E01002787,40km to less than 60km,3,2,1
E01002787,5km to less than 10km,83,177,-94
E01002787,60km and over,5,18,-13
E01002787,Less than 2km,71,121,-50
E01002787,"Works mainly at an offshore installation, in no fixed place, or outside the UK",87,73,14
E01002787,Works mainly from home,356,61,295
E01002788,10km to less than 20km,41,54,-13
E01002788,20km to less than 30km,8,15,-7
E01002788,2km to less than 5km,135,338,-203
E01002788,30km to less than 40km,1,2,-1
E01002788,40km to less than 60km,2,4,-2
E01002788,5km to less than 10km,122,340,-218
E01002788,60km and over,9,16,-7
E01002788,Less than 2km,52,111,-59
E01002788,"Works mainly at an offshore installation, in no fixed place, or outside the UK",81,139,-58
E01002788,Works mainly from home,659,124,535
E01002789,10km to less than 20km,16,53,-37
E01002789,20km to less than 30km,3,12,-9
E01002789,2km to less than 5km,122,334,-212
E01002789,30km to less than 40km,1,3,-2
E01002789,40km to less than 60km,3,6,-3
E01002789,5km to less than 10km,84,349,-265
E01002789,60km and over,5,14,-9
E01002789,Less than 2km,50,105,-55
E01002789,"Works mainly at an offshore installation, in no fixed place, or outside the UK",83,101,-18
E01002789,Works mainly from home,691,178,513
E01002790,10km to less than 20km,15,25,-10
E01002790,20km to less than 30km,4,11,-7
E01002790,2km to less than 5km,102,273,-171
E01002790,30km to less than 40km,0,5,-5
E01002790,40km to less than 60km,1,5,-4
E01002790,5km to less than 10km,39,112,-73
E01002790,60km and over,0,9,-9
E01002790,Less than 2km,61,125,-64
E01002790,"Works mainly at an offshore installation, in no fixed place, or outside the UK",87,46,41
E01002790,Works mainly from home,308,62,246
E01002791,10km to less than 20km,16,31,-15
E01002791,20km to less than 30km,5,12,-7
E01002791,2km to less than 5km,128,466,-338
E01002791,30km to less than 40km,1,3,-2
E01002791,40km to less than 60km,1,2,-1
E01002791,5km to less than 10km,58,157,-99
E01002791,60km and over,2,4,-2
E01002791,Less than 2km,32,81,-49
E01002791,"Works mainly at an offshore installation, in no fixed place, or outside the UK",51,67,-16
E01002791,Works mainly from home,756,98,658
E01002792,10km to less than 20km,27,47,-20
E01002792,20km to less than 30km,3,13,-10
E01002792,2km to less than 5km,178,588,-410
E01002792,30km to less than 40km,0,4,-4
E01002792,40km to less than 60km,2,8,-6
E01002792,5km to less than 10km,62,158,-96
E01002792,60km and over,3,9,-6
E01002792,Less than 2km,57,127,-70
E01002792,"Works mainly at an offshore installation, in no fixed place, or outside the UK",69,108,-39
E01002792,Works mainly from home,726,109,617
E01002793,10km to less than 20km,24,39,-15
E01002793,20km to less than 30km,7,11,-4
E01002793,2km to less than 5km,150,512,-362
E01002793,30km to less than 40km,2,6,-4
E01002793,40km to less than 60km,0,6,-6
E01002793,5km to less than 10km,60,161,-101
E01002793,60km and over,8,10,-2
E01002793,Less than 2km,71,145,-74
E01002793,"Works mainly at an offshore installation, in no fixed place, or outside the UK",93,71,22
E01002793,Works mainly from home,579,66,513
E01002794,10km to less than 20km,14,28,-14
E01002794,20km to less than 30km,5,8,-3
E01002794,2km to less than 5km,154,549,-395
E01002794,30km to less than 40km,1,5,-4
E01002794,40km to less than 60km,2,4,-2
E01002794,5km to less than 10km,48,137,-89
E01002794,60km and over,7,9,-2
E01002794,Less than 2km,65,135,-70
E01002794,"Works mainly at an offshore installation, in no fixed place, or outside the UK",81,66,15
E01002794,Works mainly from home,919,138,781
E01002795,10km to less than 20km,27,65,-38
E01002795,20km to less than 30km,6,20,-14
E01002795,2km to less than 5km,168,527,-359
E01002795,30km to less than 40km,0,5,-5
E01002795,40km to less than 60km,6,10,-4
E01002795,5km to less than 10km,81,198,-117
E01002795,60km and over,8,18,-10
E01002795,Less than 2km,48,103,-55
E01002795,"Works mainly at an offshore installation, in no fixed place, or outside the UK",78,86,-8
E01002795,Works mainly from home,677,110,567
E01002796,10km to less than 20km,12,32,-20
E01002796,20km to less than 30km,5,7,-2
E01002796,2km to less than 5km,91,297,-206
E01002796,30km to less than 40km,1,3,-2
E01002796,40km to less than 60km,0,6,-6
E01002796,5km to less than 10km,31,94,-63
E01002796,60km and over,3,7,-4
E01002796,Less than 2km,33,64,-31
E01002796,"Works mainly at an offshore installation, in no fixed place, or outside the UK",61,44,17
E01002796,Works mainly from home,337,56,281
E01002797,10km to less than 20km,32,56,-24
E01002797,20km to less than 30km,3,8,-5
E01002797,2km to less than 5km,137,482,-345
E01002797,30km to less than 40km,1,4,-3
E01002797,40km to less than 60km,0,3,-3
E01002797,5km to less than 10km,66,172,-106
E01002797,60km and over,5,13,-8
E01002797,Less than 2km,73,142,-69
E01002797,"Works mainly at an offshore installation, in no fixed place, or outside the UK",91,78,13
E01002797,Works mainly from home,550,54,496
E01002798,10km to less than 20km,7,53,-46
E01002798,20km to less than 30km,5,12,-7
E01002798,2km to less than 5km,140,528,-388
E01002798,30km to less than 40km,2,6,-4
E01002798,40km to less than 60km,2,2,0
E01002798,5km to less than 10km,72,184,-112
E01002798,60km and over,3,12,-9
E01002798,Less than 2km,64,166,-102
E01002798,"Works mainly at an offshore installation, in no fixed place, or outside the UK",86,98,-12
E01002798,Works mainly from home,771,129,642
E01002799,10km to less than 20km,33,32,1
E01002799,20km to less than 30km,4,12,-8
E01002799,2km to less than 5km,171,390,-219
E01002799,30km to less than 40km,4,9,-5
E01002799,40km to less than 60km,1,4,-3
E01002799,5km to less than 10km,77,105,-28
E01002799,60km and over,2,14,-12
E01002799,Less than 2km,90,135,-45
E01002799,"Works mainly at an offshore installation, in no fixed place, or outside the UK",101,75,26
E01002799,Works mainly from home,420,60,360
E01002800,10km to less than 20km,26,18,8
E01002800,20km to less than 30km,1,6,-5
E01002800,2km to less than 5km,153,124,29
E01002800,30km to less than 40km,4,2,2
E01002800,40km to less than 60km,0,2,-2
E01002800,5km to less than 10km,81,39,42
E01002800,60km and over,4,7,-3
E01002800,Less than 2km,72,89,-17
E01002800,"Works mainly at an offshore installation, in no fixed place, or outside the UK",91,40,51
E01002800,Works mainly from home,475,32,443
E01002801,10km to less than 20km,19,39,-20
E01002801,20km to less than 30km,2,6,-4
E01002801,2km to less than 5km,118,471,-353
E01002801,30km to less than 40km,1,4,-3
E01002801,40km to less than 60km,1,3,-2
E01002801,5km to less than 10km,41,123,-82
E01002801,60km and over,4,8,-4
E01002801,Less than 2km,52,165,-113
E01002801,"Works mainly at an offshore installation, in no fixed place, or outside the UK",39,63,-24
E01002801,Works mainly from home,634,98,536
E01002802,10km to less than 20km,25,31,-6
E01002802,20km to less than 30km,2,10,-8
E01002802,2km to less than 5km,139,416,-277
E01002802,30km to less than 40km,3,3,0
E01002802,40km to less than 60km,0,6,-6
E01002802,5km to less than 10km,50,112,-62
E01002802,60km and over,7,12,-5
E01002802,Less than 2km,83,160,-77
E01002802,"Works mainly at an offshore installation, in no fixed place, or outside the UK",80,66,14
E01002802,Works mainly from home,648,100,548
E01002804,10km to less than 20km,32,80,-48
E01002804,20km to less than 30km,7,20,-13
E01002804,2km to less than 5km,93,173,-80
E01002804,30km to less than 40km,1,4,-3
E01002804,40km to less than 60km,2,4,-2
E01002804,5km to less than 10km,127,382,-255
E01002804,60km and over,1,5,-4
E01002804,Less than 2km,52,87,-35
E01002804,"Works mainly at an offshore installation, in no fixed place, or outside the UK",68,91,-23
E01002804,Works mainly from home,372,87,285
E01002805,10km to less than 20km,25,87,-62
E01002805,20km to less than 30km,7,14,-7
E01002805,2km to less than 5km,73,166,-93
E01002805,30km to less than 40km,0,7,-7
E01002805,40km to less than 60km,0,7,-7
E01002805,5km to less than 10km,132,461,-329
E01002805,60km and over,6,13,-7
E01002805,Less than 2km,49,66,-17
E01002805,"Works mainly at an offshore installation, in no fixed place, or outside the UK",90,88,2
E01002805,Works mainly from home,569,87,482
E01002806,10km to less than 20km,27,57,-30
E01002806,20km to less than 30km,11,21,-10
E01002806,2km to less than 5km,77,148,-71
E01002806,30km to less than 40km,2,2,0
E01002806,40km to less than 60km,2,2,0
E01002806,5km to less than 10km,139,411,-272
E01002806,60km and over,8,12,-4
E01002806,Less than 2km,38,58,-20
E01002806,"Works mainly at an offshore installation, in no fixed place, or outside the UK",77,74,3
E01002806,Works mainly from home,554,108,446
E01002807,10km to less than 20km,29,50,-21
E01002807,20km to less than 30km,6,16,-10
E01002807,2km to less than 5km,115,163,-48
E01002807,30km to less than 40km,0,0,0
E01002807,40km to less than 60km,1,3,-2
E01002807,5km to less than 10km,113,345,-232
E01002807,60km and over,2,8,-6
E01002807,Less than 2km,85,132,-47
E01002807,"Works mainly at an offshore installation, in no fixed place, or outside the UK",92,86,6
E01002807,Works mainly from home,388,58,330
E01002808,10km to less than 20km,35,80,-45
E01002808,20km to less than 30km,3,15,-12
E01002808,2km to less than 5km,120,243,-123
E01002808,30km to less than 40km,2,10,-8
E01002808,40km to less than 60km,2,4,-2
E01002808,5km to less than 10km,137,427,-290
E01002808,60km and over,6,16,-10
E01002808,Less than 2km,65,71,-6
E01002808,"Works mainly at an offshore installation, in no fixed place, or outside the UK",113,86,27
E01002808,Works mainly from home,591,103,488
E01002809,10km to less than 20km,39,60,-21
E01002809,20km to less than 30km,10,14,-4
E01002809,2km to less than 5km,94,175,-81
E01002809,30km to less than 40km,10,0,10
E01002809,40km to less than 60km,9,6,3
E01002809,5km to less than 10km,118,303,-185
E01002809,60km and over,1,10,-9
E01002809,Less than 2km,91,89,2
E01002809,"Works mainly at an offshore installation, in no fixed place, or outside the UK",70,99,-29
E01002809,Works mainly from home,491,73,418
E01002810,10km to less than 20km,33,61,-28
E01002810,20km to less than 30km,17,20,-3
E01002810,2km to less than 5km,108,188,-80
E01002810,30km to less than 40km,3,3,0
E01002810,40km to less than 60km,1,3,-2
E01002810,5km to less than 10km,129,302,-173
E01002810,60km and over,3,11,-8
E01002810,Less than 2km,81,71,10
E01002810,"Works mainly at an offshore installation, in no fixed place, or outside the UK",84,79,5
E01002810,Works mainly from home,459,62,397
E01002811,10km to less than 20km,30,49,-19
E01002811,20km to less than 30km,14,13,1
E01002811,2km to less than 5km,75,141,-66
E01002811,30km to less than 40km,2,1,1
E01002811,40km to less than 60km,1,5,-4
E01002811,5km to less than 10km,141,278,-137
E01002811,60km and over,2,4,-2
E01002811,Less than 2km,65,73,-8
E01002811,"Works mainly at an offshore installation, in no fixed place, or outside the UK",99,67,32
E01002811,Works mainly from home,420,58,362
E01002812,10km to less than 20km,18,67,-49
E01002812,20km to less than 30km,2,12,-10
E01002812,2km to less than 5km,68,229,-161
E01002812,30km to less than 40km,0,5,-5
E01002812,40km to less than 60km,7,5,2
E01002812,5km to less than 10km,48,291,-243
E01002812,60km and over,2,12,-10
E01002812,Less than 2km,53,112,-59
E01002812,"Works mainly at an offshore installation, in no fixed place, or outside the UK",55,58,-3
E01002812,Works mainly from home,493,159,334
E01002813,10km to less than 20km,11,64,-53
E01002813,20km to less than 30km,0,7,-7
E01002813,2km to less than 5km,93,221,-128
E01002813,30km to less than 40km,1,4,-3
E01002813,40km to less than 60km,5,2,3
E01002813,5km to less than 10km,57,284,-227
E01002813,60km and over,0,7,-7
E01002813,Less than 2km,49,95,-46
E01002813,"Works mainly at an offshore installation, in no fixed place, or outside the UK",33,71,-38
E01002813,Works mainly from home,554,218,336
E01002814,10km to less than 20km,31,50,-19
E01002814,20km to less than 30km,7,7,0
E01002814,2km to less than 5km,116,239,-123
E01002814,30km to less than 40km,4,4,0
E01002814,40km to less than 60km,1,4,-3
E01002814,5km to less than 10km,72,249,-177
E01002814,60km and over,6,11,-5
E01002814,Less than 2km,98,153,-55
E01002814,"Works mainly at an offshore installation, in no fixed place, or outside the UK",98,73,25
E01002814,Works mainly from home,495,120,375
E01002815,10km to less than 20km,11,52,-41
E01002815,20km to less than 30km,2,7,-5
E01002815,2km to less than 5km,58,159,-101
E01002815,30km to less than 40km,1,2,-1
E01002815,40km to less than 60km,1,7,-6
E01002815,5km to less than 10km,48,221,-173
E01002815,60km and over,5,18,-13
E01002815,Less than 2km,53,93,-40
E01002815,"Works mainly at an offshore installation, in no fixed place, or outside the UK",37,60,-23
E01002815,Works mainly from home,385,100,285
E01002816,10km to less than 20km,10,55,-45
E01002816,20km to less than 30km,0,4,-4
E01002816,2km to less than 5km,47,180,-133
E01002816,30km to less than 40km,0,7,-7
E01002816,40km to less than 60km,1,2,-1
E01002816,5km to less than 10km,30,194,-164
E01002816,60km and over,4,22,-18
E01002816,Less than 2km,35,87,-52
E01002816,"Works mainly at an offshore installation, in no fixed place, or outside the UK",43,47,-4
E01002816,Works mainly from home,370,116,254
E01002817,10km to less than 20km,11,47,-36
E01002817,20km to less than 30km,0,4,-4
E01002817,2km to less than 5km,81,193,-112
E01002817,30km to less than 40km,4,16,-12
E01002817,40km to less than 60km,0,3,-3
E01002817,5km to less than 10km,40,213,-173
E01002817,60km and over,7,8,-1
E01002817,Less than 2km,45,80,-35
E01002817,"Works mainly at an offshore installation, in no fixed place, or outside the UK",46,45,1
E01002817,Works mainly from home,416,167,249
E01002818,10km to less than 20km,11,44,-33
E01002818,20km to less than 30km,3,10,-7
E01002818,2km to less than 5km,57,276,-219
E01002818,30km to less than 40km,0,3,-3
E01002818,40km to less than 60km,3,8,-5
E01002818,5km to less than 10km,27,191,-164
E01002818,60km and over,2,12,-10
E01002818,Less than 2km,68,237,-169
E01002818,"Works mainly at an offshore installation, in no fixed place, or outside the UK",61,90,-29
E01002818,Works mainly from home,409,266,143
E01002819,10km to less than 20km,12,64,-52
E01002819,20km to less than 30km,0,6,-6
E01002819,2km to less than 5km,72,228,-156
E01002819,30km to less than 40km,0,3,-3
E01002819,40km to less than 60km,0,4,-4
E01002819,5km to less than 10km,37,169,-132
E01002819,60km and over,6,4,2
E01002819,Less than 2km,36,130,-94
E01002819,"Works mainly at an offshore installation, in no fixed place, or outside the UK",45,69,-24
E01002819,Works mainly from home,324,177,147
E01002821,10km to less than 20km,12,56,-44
E01002821,20km to less than 30km,2,2,0
E01002821,2km to less than 5km,52,201,-149
E01002821,30km to less than 40km,0,4,-4
E01002821,40km to less than 60km,0,2,-2
E01002821,5km to less than 10km,31,166,-135
E01002821,60km and over,3,6,-3
E01002821,Less than 2km,42,95,-53
E01002821,"Works mainly at an offshore installation, in no fixed place, or outside the UK",43,58,-15
E01002821,Works mainly from home,370,168,202
E01002823,10km to less than 20km,11,47,-36
E01002823,20km to less than 30km,5,0,5
E01002823,2km to less than 5km,70,149,-79
E01002823,30km to less than 40km,1,3,-2
E01002823,40km to less than 60km,0,2,-2
E01002823,5km to less than 10km,36,127,-91
E01002823,60km and over,2,6,-4
E01002823,Less than 2km,70,123,-53
E01002823,"Works mainly at an offshore installation, in no fixed place, or outside the UK",56,57,-1
E01002823,Works mainly from home,249,100,149
E01002824,10km to less than 20km,16,55,-39
E01002824,20km to less than 30km,4,13,-9
E01002824,2km to less than 5km,92,225,-133
E01002824,30km to less than 40km,0,6,-6
E01002824,40km to less than 60km,2,5,-3
E01002824,5km to less than 10km,33,229,-196
E01002824,60km and over,4,14,-10
E01002824,Less than 2km,14,76,-62
E01002824,"Works mainly at an offshore installation, in no fixed place, or outside the UK",30,44,-14
E01002824,Works mainly from home,442,177,265
E01002825,10km to less than 20km,25,47,-22
E01002825,20km to less than 30km,1,2,-1
E01002825,2km to less than 5km,82,237,-155
E01002825,30km to less than 40km,0,3,-3
E01002825,40km to less than 60km,3,8,-5
E01002825,5km to less than 10km,68,258,-190
E01002825,60km and over,5,12,-7
E01002825,Less than 2km,29,90,-61
E01002825,"Works mainly at an offshore installation, in no fixed place, or outside the UK",55,61,-6
E01002825,Works mainly from home,497,200,297
E01002826,10km to less than 20km,11,59,-48
E01002826,20km to less than 30km,1,6,-5
E01002826,2km to less than 5km,70,253,-183
E01002826,30km to less than 40km,0,6,-6
E01002826,40km to less than 60km,0,2,-2
E01002826,5km to less than 10km,26,221,-195
E01002826,60km and over,1,11,-10
E01002826,Less than 2km,45,119,-74
E01002826,"Works mainly at an offshore installation, in no fixed place, or outside the UK",39,55,-16
E01002826,Works mainly from home,453,159,294
E01002827,10km to less than 20km,17,73,-56
E01002827,20km to less than 30km,1,13,-12
E01002827,2km to less than 5km,129,289,-160
E01002827,30km to less than 40km,0,9,-9
E01002827,40km to less than 60km,8,6,2
E01002827,5km to less than 10km,49,303,-254
E01002827,60km and over,2,12,-10
E01002827,Less than 2km,32,104,-72
E01002827,"Works mainly at an offshore installation, in no fixed place, or outside the UK",57,65,-8
E01002827,Works mainly from home,647,192,455
E01002828,10km to less than 20km,21,41,-20
E01002828,20km to less than 30km,1,10,-9
E01002828,2km to less than 5km,66,197,-131
E01002828,30km to less than 40km,0,3,-3
E01002828,40km to less than 60km,3,5,-2
E01002828,5km to less than 10km,51,218,-167
E01002828,60km and over,10,6,4
E01002828,Less than 2km,22,68,-46
E01002828,"Works mainly at an offshore installation, in no fixed place, or outside the UK",45,45,0
E01002828,Works mainly from home,401,145,256
E01002829,10km to less than 20km,20,67,-47
E01002829,20km to less than 30km,5,9,-4
E01002829,2km to less than 5km,81,242,-161
E01002829,30km to less than 40km,1,2,-1
E01002829,40km to less than 60km,5,4,1
E01002829,5km to less than 10km,46,269,-223
E01002829,60km and over,2,13,-11
E01002829,Less than 2km,64,165,-101
E01002829,"Works mainly at an offshore installation, in no fixed place, or outside the UK",104,82,22
E01002829,Works mainly from home,409,159,250
E01002830,10km to less than 20km,22,54,-32
E01002830,20km to less than 30km,5,14,-9
E01002830,2km to less than 5km,143,264,-121
E01002830,30km to less than 40km,4,3,1
E01002830,40km to less than 60km,1,4,-3
E01002830,5km to less than 10km,103,243,-140
E01002830,60km and over,3,6,-3
E01002830,Less than 2km,76,140,-64
E01002830,"Works mainly at an offshore installation, in no fixed place, or outside the UK",142,72,70
E01002830,Works mainly from home,378,122,256
E01002831,10km to less than 20km,16,54,-38
E01002831,20km to less than 30km,2,16,-14
E01002831,2km to less than 5km,136,244,-108
E01002831,30km to less than 40km,1,0,1
E01002831,40km to less than 60km,0,3,-3
E01002831,5km to less than 10km,84,297,-213
E01002831,60km and over,6,12,-6
E01002831,Less than 2km,85,155,-70
E01002831,"Works mainly at an offshore installation, in no fixed place, or outside the UK",147,100,47
E01002831,Works mainly from home,379,159,220
E01002832,10km to less than 20km,16,47,-31
E01002832,20km to less than 30km,0,9,-9
E01002832,2km to less than 5km,135,187,-52
E01002832,30km to less than 40km,0,5,-5
E01002832,40km to less than 60km,2,1,1
E01002832,5km to less than 10km,56,195,-139
E01002832,60km and over,4,7,-3
E01002832,Less than 2km,78,110,-32
E01002832,"Works mainly at an offshore installation, in no fixed place, or outside the UK",94,81,13
E01002832,Works mainly from home,484,100,384
E01002833,10km to less than 20km,19,50,-31
E01002833,20km to less than 30km,3,6,-3
E01002833,2km to less than 5km,73,208,-135
E01002833,30km to less than 40km,0,1,-1
E01002833,40km to less than 60km,0,8,-8
E01002833,5km to less than 10km,67,263,-196
E01002833,60km and over,1,16,-15
E01002833,Less than 2km,35,109,-74
E01002833,"Works mainly at an offshore installation, in no fixed place, or outside the UK",52,71,-19
E01002833,Works mainly from home,473,149,324
E01002834,10km to less than 20km,15,58,-43
E01002834,20km to less than 30km,5,14,-9
E01002834,2km to less than 5km,69,196,-127
E01002834,30km to less than 40km,0,2,-2
E01002834,40km to less than 60km,0,8,-8
E01002834,5km to less than 10km,53,219,-166
E01002834,60km and over,3,6,-3
E01002834,Less than 2km,30,83,-53
E01002834,"Works mainly at an offshore installation, in no fixed place, or outside the UK",46,61,-15
E01002834,Works mainly from home,403,105,298
E01002835,10km to less than 20km,29,68,-39
E01002835,20km to less than 30km,2,14,-12
E01002835,2km to less than 5km,78,203,-125
E01002835,30km to less than 40km,3,7,-4
E01002835,40km to less than 60km,1,9,-8
E01002835,5km to less than 10km,37,272,-235
E01002835,60km and over,1,7,-6
E01002835,Less than 2km,47,77,-30
E01002835,"Works mainly at an offshore installation, in no fixed place, or outside the UK",51,43,8
E01002835,Works mainly from home,477,131,346
E01002836,10km to less than 20km,4,78,-74
E01002836,20km to less than 30km,3,7,-4
E01002836,2km to less than 5km,81,207,-126
E01002836,30km to less than 40km,0,6,-6
E01002836,40km to less than 60km,2,3,-1
E01002836,5km to less than 10km,62,276,-214
E01002836,60km and over,5,7,-2
E01002836,Less than 2km,42,71,-29
E01002836,"Works mainly at an offshore installation, in no fixed place, or outside the UK",56,39,17
E01002836,Works mainly from home,476,127,349
E01002837,10km to less than 20km,10,66,-56
E01002837,20km to less than 30km,3,2,1
E01002837,2km to less than 5km,65,185,-120
E01002837,30km to less than 40km,0,2,-2
E01002837,40km to less than 60km,5,4,1
E01002837,5km to less than 10km,37,254,-217
E01002837,60km and over,0,8,-8
E01002837,Less than 2km,29,81,-52
E01002837,"Works mainly at an offshore installation, in no fixed place, or outside the UK",37,55,-18
E01002837,Works mainly from home,378,125,253
E01002839,10km to less than 20km,14,67,-53
E01002839,20km to less than 30km,1,10,-9
E01002839,2km to less than 5km,83,195,-112
E01002839,30km to less than 40km,0,2,-2
E01002839,40km to less than 60km,1,8,-7
E01002839,5km to less than 10km,73,267,-194
E01002839,60km and over,4,13,-9
E01002839,Less than 2km,59,106,-47
E01002839,"Works mainly at an offshore installation, in no fixed place, or outside the UK",51,50,1
E01002839,Works mainly from home,500,107,393
E01002840,10km to less than 20km,5,24,-19
E01002840,20km to less than 30km,3,4,-1
E01002840,2km to less than 5km,67,137,-70
E01002840,30km to less than 40km,1,2,-1
E01002840,40km to less than 60km,0,1,-1
E01002840,5km to less than 10km,33,105,-72
E01002840,60km and over,2,9,-7
E01002840,Less than 2km,50,115,-65
E01002840,"Works mainly at an offshore installation, in no fixed place, or outside the UK",62,43,19
E01002840,Works mainly from home,180,99,81
E01002841,10km to less than 20km,12,44,-32
E01002841,20km to less than 30km,3,10,-7
E01002841,2km to less than 5km,82,243,-161
E01002841,30km to less than 40km,0,5,-5
E01002841,40km to less than 60km,0,4,-4
E01002841,5km to less than 10km,63,174,-111
E01002841,60km and over,5,15,-10
E01002841,Less than 2km,62,98,-36
E01002841,"Works mainly at an offshore installation, in no fixed place, or outside the UK",47,61,-14
E01002841,Works mainly from home,367,108,259
E01002842,10km to less than 20km,9,28,-19
E01002842,20km to less than 30km,3,6,-3
E01002842,2km to less than 5km,71,135,-64
E01002842,30km to less than 40km,0,3,-3
E01002842,40km to less than 60km,0,0,0
E01002842,5km to less than 10km,34,79,-45
E01002842,60km and over,1,3,-2
E01002842,Less than 2km,62,89,-27
E01002842,"Works mainly at an offshore installation, in no fixed place, or outside the UK",60,43,17
E01002842,Works mainly from home,99,32,67
E01002843,10km to less than 20km,15,25,-10
E01002843,20km to less than 30km,2,8,-6
E01002843,2km to less than 5km,88,148,-60
E01002843,30km to less than 40km,0,0,0
E01002843,40km to less than 60km,1,2,-1
E01002843,5km to less than 10km,49,129,-80
E01002843,60km and over,2,7,-5
E01002843,Less than 2km,59,92,-33
E01002843,"Works mainly at an offshore installation, in no fixed place, or outside the UK",78,44,34
E01002843,Works mainly from home,189,66,123
E01002844,10km to less than 20km,12,39,-27
E01002844,20km to less than 30km,0,5,-5
E01002844,2km to less than 5km,56,213,-157
E01002844,30km to less than 40km,2,6,-4
E01002844,40km to less than 60km,0,3,-3
E01002844,5km to less than 10km,40,147,-107
E01002844,60km and over,6,18,-12
E01002844,Less than 2km,38,86,-48
E01002844,"Works mainly at an offshore installation, in no fixed place, or outside the UK",43,56,-13
E01002844,Works mainly from home,365,148,217
E01002845,10km to less than 20km,14,47,-33
E01002845,20km to less than 30km,3,2,1
E01002845,2km to less than 5km,64,196,-132
E01002845,30km to less than 40km,2,7,-5
E01002845,40km to less than 60km,0,2,-2
E01002845,5km to less than 10km,38,140,-102
E01002845,60km and over,6,24,-18
E01002845,Less than 2km,34,83,-49
E01002845,"Works mainly at an offshore installation, in no fixed place, or outside the UK",37,60,-23
E01002845,Works mainly from home,342,117,225
E01002846,10km to less than 20km,20,70,-50
E01002846,20km to less than 30km,4,22,-18
E01002846,2km to less than 5km,68,153,-85
E01002846,30km to less than 40km,1,2,-1
E01002846,40km to less than 60km,1,6,-5
E01002846,5km to less than 10km,61,270,-209
E01002846,60km and over,3,8,-5
E01002846,Less than 2km,54,115,-61
E01002846,"Works mainly at an offshore installation, in no fixed place, or outside the UK",59,64,-5
E01002846,Works mainly from home,383,98,285
E01002847,10km to less than 20km,16,88,-72
E01002847,20km to less than 30km,7,11,-4
E01002847,2km to less than 5km,78,208,-130
E01002847,30km to less than 40km,1,7,-6
E01002847,40km to less than 60km,1,3,-2
E01002847,5km to less than 10km,71,295,-224
E01002847,60km and over,5,18,-13
E01002847,Less than 2km,45,146,-101
E01002847,"Works mainly at an offshore installation, in no fixed place, or outside the UK",58,82,-24
E01002847,Works mainly from home,506,150,356
E01002848,10km to less than 20km,14,73,-59
E01002848,20km to less than 30km,3,13,-10
E01002848,2km to less than 5km,73,192,-119
E01002848,30km to less than 40km,3,9,-6
E01002848,40km to less than 60km,0,7,-7
E01002848,5km to less than 10km,56,298,-242
E01002848,60km and over,2,9,-7
E01002848,Less than 2km,64,123,-59
E01002848,"Works mainly at an offshore installation, in no fixed place, or outside the UK",68,80,-12
E01002848,Works mainly from home,433,95,338
E01002849,10km to less than 20km,16,84,-68
E01002849,20km to less than 30km,1,5,-4
E01002849,2km to less than 5km,79,199,-120
E01002849,30km to less than 40km,0,5,-5
E01002849,40km to less than 60km,0,12,-12
E01002849,5km to less than 10km,68,258,-190
E01002849,60km and over,3,16,-13
E01002849,Less than 2km,56,100,-44
E01002849,"Works mainly at an offshore installation, in no fixed place, or outside the UK",59,70,-11
E01002849,Works mainly from home,487,129,358
E01002850,10km to less than 20km,26,65,-39
E01002850,20km to less than 30km,5,4,1
E01002850,2km to less than 5km,80,185,-105
E01002850,30km to less than 40km,0,3,-3
E01002850,40km to less than 60km,2,5,-3
E01002850,5km to less than 10km,72,175,-103
E01002850,60km and over,1,4,-3
E01002850,Less than 2km,57,94,-37
E01002850,"Works mainly at an offshore installation, in no fixed place, or outside the UK",69,68,1
E01002850,Works mainly from home,415,123,292
E01002851,10km to less than 20km,22,78,-56
E01002851,20km to less than 30km,5,10,-5
E01002851,2km to less than 5km,88,171,-83
E01002851,30km to less than 40km,1,6,-5
E01002851,40km to less than 60km,1,3,-2
E01002851,5km to less than 10km,44,204,-160
E01002851,60km and over,4,8,-4
E01002851,Less than 2km,65,127,-62
E01002851,"Works mainly at an offshore installation, in no fixed place, or outside the UK",58,64,-6
E01002851,Works mainly from home,294,113,181
E01002852,10km to less than 20km,39,52,-13
E01002852,20km to less than 30km,5,13,-8
E01002852,2km to less than 5km,121,232,-111
E01002852,30km to less than 40km,3,2,1
E01002852,40km to less than 60km,0,5,-5
E01002852,5km to less than 10km,119,243,-124
E01002852,60km and over,4,3,1
E01002852,Less than 2km,103,167,-64
E01002852,"Works mainly at an offshore installation, in no fixed place, or outside the UK",120,94,26
E01002852,Works mainly from home,367,96,271
E01002853,10km to less than 20km,29,31,-2
E01002853,20km to less than 30km,1,5,-4
E01002853,2km to less than 5km,100,74,26
E01002853,30km to less than 40km,1,1,0
E01002853,40km to less than 60km,5,3,2
E01002853,5km to less than 10km,78,115,-37
E01002853,60km and over,9,4,5
E01002853,Less than 2km,87,80,7
E01002853,"Works mainly at an offshore installation, in no fixed place, or outside the UK",76,60,16
E01002853,Works mainly from home,270,47,223
E01002854,10km to less than 20km,15,18,-3
E01002854,20km to less than 30km,3,4,-1
E01002854,2km to less than 5km,118,143,-25
E01002854,30km to less than 40km,0,2,-2
E01002854,40km to less than 60km,3,1,2
E01002854,5km to less than 10km,45,90,-45
E01002854,60km and over,1,5,-4
E01002854,Less than 2km,71,78,-7
E01002854,"Works mainly at an offshore installation, in no fixed place, or outside the UK",76,39,37
E01002854,Works mainly from home,146,33,113
E01002855,10km to less than 20km,9,45,-36
E01002855,20km to less than 30km,2,8,-6
E01002855,2km to less than 5km,117,228,-111
E01002855,30km to less than 40km,3,5,-2
E01002855,40km to less than 60km,5,4,1
E01002855,5km to less than 10km,71,249,-178
E01002855,60km and over,3,9,-6
E01002855,Less than 2km,85,137,-52
E01002855,"Works mainly at an offshore installation, in no fixed place, or outside the UK",110,85,25
E01002855,Works mainly from home,270,101,169
E01002856,10km to less than 20km,19,52,-33
E01002856,20km to less than 30km,8,10,-2
E01002856,2km to less than 5km,85,163,-78
E01002856,30km to less than 40km,3,2,1
E01002856,40km to less than 60km,1,4,-3
E01002856,5km to less than 10km,80,296,-216
E01002856,60km and over,3,7,-4
E01002856,Less than 2km,89,124,-35
E01002856,"Works mainly at an offshore installation, in no fixed place, or outside the UK",75,72,3
E01002856,Works mainly from home,339,114,225
E01002857,10km to less than 20km,16,23,-7
E01002857,20km to less than 30km,1,2,-1
E01002857,2km to less than 5km,156,108,48
E01002857,30km to less than 40km,1,6,-5
E01002857,40km to less than 60km,1,0,1
E01002857,5km to less than 10km,84,102,-18
E01002857,60km and over,9,1,8
E01002857,Less than 2km,112,54,58
E01002857,"Works mainly at an offshore installation, in no fixed place, or outside the UK",134,58,76
E01002857,Works mainly from home,143,42,101
E01002858,10km to less than 20km,48,53,-5
E01002858,20km to less than 30km,7,1,6
E01002858,2km to less than 5km,123,174,-51
E01002858,30km to less than 40km,1,2,-1
E01002858,40km to less than 60km,0,6,-6
E01002858,5km to less than 10km,44,97,-53
E01002858,60km and over,4,6,-2
E01002858,Less than 2km,72,103,-31
E01002858,"Works mainly at an offshore installation, in no fixed place, or outside the UK",65,43,22
E01002858,Works mainly from home,275,78,197
E01002859,10km to less than 20km,10,36,-26
E01002859,20km to less than 30km,2,1,1
E01002859,2km to less than 5km,90,252,-162
E01002859,30km to less than 40km,1,6,-5
E01002859,40km to less than 60km,3,4,-1
E01002859,5km to less than 10km,40,219,-179
E01002859,60km and over,5,16,-11
E01002859,Less than 2km,63,137,-74
E01002859,"Works mainly at an offshore installation, in no fixed place, or outside the UK",46,78,-32
E01002859,Works mainly from home,418,191,227
E01002860,10km to less than 20km,7,38,-31
E01002860,20km to less than 30km,0,5,-5
E01002860,2km to less than 5km,68,261,-193
E01002860,30km to less than 40km,1,4,-3
E01002860,40km to less than 60km,2,4,-2
E01002860,5km to less than 10km,44,200,-156
E01002860,60km and over,0,14,-14
E01002860,Less than 2km,39,105,-66
E01002860,"Works mainly at an offshore installation, in no fixed place, or outside the UK",28,62,-34
E01002860,Works mainly from home,370,146,224
E01002861,10km to less than 20km,6,51,-45
E01002861,20km to less than 30km,1,8,-7
E01002861,2km to less than 5km,67,194,-127
E01002861,30km to less than 40km,2,1,1
E01002861,40km to less than 60km,0,3,-3
E01002861,5km to less than 10km,26,202,-176
E01002861,60km and over,4,6,-2
E01002861,Less than 2km,40,97,-57
E01002861,"Works mainly at an offshore installation, in no fixed place, or outside the UK",43,53,-10
E01002861,Works mainly from home,403,123,280
E01002862,10km to less than 20km,10,59,-49
E01002862,20km to less than 30km,1,3,-2
E01002862,2km to less than 5km,72,222,-150
E01002862,30km to less than 40km,1,3,-2
E01002862,40km to less than 60km,1,2,-1
E01002862,5km to less than 10km,38,173,-135
E01002862,60km and over,4,14,-10
E01002862,Less than 2km,56,153,-97
E01002862,"Works mainly at an offshore installation, in no fixed place, or outside the UK",54,74,-20
E01002862,Works mainly from home,252,73,179
E01002863,10km to less than 20km,4,33,-29
E01002863,20km to less than 30km,1,3,-2
E01002863,2km to less than 5km,53,184,-131
E01002863,30km to less than 40km,3,3,0
E01002863,40km to less than 60km,0,3,-3
E01002863,5km to less than 10km,36,159,-123
E01002863,60km and over,3,8,-5
E01002863,Less than 2km,59,150,-91
E01002863,"Works mainly at an offshore installation, in no fixed place, or outside the UK",53,68,-15
E01002863,Works mainly from home,348,200,148
E01002864,10km to less than 20km,7,34,-27
E01002864,20km to less than 30km,1,6,-5
E01002864,2km to less than 5km,87,117,-30
E01002864,30km to less than 40km,0,4,-4
E01002864,40km to less than 60km,0,1,-1
E01002864,5km to less than 10km,49,153,-104
E01002864,60km and over,3,8,-5
E01002864,Less than 2km,41,51,-10
E01002864,"Works mainly at an offshore installation, in no fixed place, or outside the UK",44,44,0
E01002864,Works mainly from home,393,191,202
E01002865,10km to less than 20km,7,35,-28
E01002865,20km to less than 30km,2,10,-8
E01002865,2km to less than 5km,52,136,-84
E01002865,30km to less than 40km,0,1,-1
E01002865,40km to less than 60km,3,4,-1
E01002865,5km to less than 10km,63,163,-100
E01002865,60km and over,3,1,2
E01002865,Less than 2km,29,52,-23
E01002865,"Works mainly at an offshore installation, in no fixed place, or outside the UK",44,34,10
E01002865,Works mainly from home,469,130,339
E01002866,10km to less than 20km,17,61,-44
E01002866,20km to less than 30km,7,6,1
E01002866,2km to less than 5km,104,170,-66
E01002866,30km to less than 40km,1,8,-7
E01002866,40km to less than 60km,4,7,-3
E01002866,5km to less than 10km,94,329,-235
E01002866,60km and over,1,8,-7
E01002866,Less than 2km,71,127,-56
E01002866,"Works mainly at an offshore installation, in no fixed place, or outside the UK",88,85,3
E01002866,Works mainly from home,532,175,357
E01002867,10km to less than 20km,21,71,-50
E01002867,20km to less than 30km,5,11,-6
E01002867,2km to less than 5km,84,249,-165
E01002867,30km to less than 40km,3,5,-2
E01002867,40km to less than 60km,2,6,-4
E01002867,5km to less than 10km,79,296,-217
E01002867,60km and over,4,13,-9
E01002867,Less than 2km,82,127,-45
E01002867,"Works mainly at an offshore installation, in no fixed place, or outside the UK",73,102,-29
E01002867,Works mainly from home,518,156,362
E01002868,10km to less than 20km,15,53,-38
E01002868,20km to less than 30km,4,4,0
E01002868,2km to less than 5km,56,168,-112
E01002868,30km to less than 40km,0,4,-4
E01002868,40km to less than 60km,0,3,-3
E01002868,5km to less than 10km,42,253,-211
E01002868,60km and over,3,13,-10
E01002868,Less than 2km,23,85,-62
E01002868,"Works mainly at an offshore installation, in no fixed place, or outside the UK",38,53,-15
E01002868,Works mainly from home,438,191,247
E01002869,10km to less than 20km,18,65,-47
E01002869,20km to less than 30km,1,10,-9
E01002869,2km to less than 5km,76,139,-63
E01002869,30km to less than 40km,2,4,-2
E01002869,40km to less than 60km,0,2,-2
E01002869,5km to less than 10km,87,285,-198
E01002869,60km and over,7,4,3
E01002869,Less than 2km,51,97,-46
E01002869,"Works mainly at an offshore installation, in no fixed place, or outside the UK",85,68,17
E01002869,Works mainly from home,492,128,364
E01002870,10km to less than 20km,37,22,15
E01002870,20km to less than 30km,1,2,-1
E01002870,2km to less than 5km,78,129,-51
E01002870,30km to less than 40km,0,5,-5
E01002870,40km to less than 60km,0,2,-2
E01002870,5km to less than 10km,87,156,-69
E01002870,60km and over,4,4,0
E01002870,Less than 2km,96,99,-3
E01002870,"Works mainly at an offshore installation, in no fixed place, or outside the UK",102,71,31
E01002870,Works mainly from home,269,63,206
E01002871,10km to less than 20km,24,50,-26
E01002871,20km to less than 30km,2,17,-15
E01002871,2km to less than 5km,67,164,-97
E01002871,30km to less than 40km,1,6,-5
E01002871,40km to less than 60km,1,3,-2
E01002871,5km to less than 10km,67,300,-233
E01002871,60km and over,4,15,-11
E01002871,Less than 2km,32,79,-47
E01002871,"Works mainly at an offshore installation, in no fixed place, or outside the UK",47,68,-21
E01002871,Works mainly from home,522,196,326
E01002872,10km to less than 20km,15,18,-3
E01002872,20km to less than 30km,9,5,4
E01002872,2km to less than 5km,77,106,-29
E01002872,30km to less than 40km,1,1,0
E01002872,40km to less than 60km,2,1,1
E01002872,5km to less than 10km,102,159,-57
E01002872,60km and over,5,5,0
E01002872,Less than 2km,65,130,-65
E01002872,"Works mainly at an offshore installation, in no fixed place, or outside the UK",58,50,8
E01002872,Works mainly from home,205,86,119
E01002873,10km to less than 20km,15,35,-20
E01002873,20km to less than 30km,2,8,-6
E01002873,2km to less than 5km,55,114,-59
E01002873,30km to less than 40km,0,0,0
E01002873,40km to less than 60km,3,3,0
E01002873,5km to less than 10km,105,237,-132
E01002873,60km and over,2,16,-14
E01002873,Less than 2km,55,97,-42
E01002873,"Works mainly at an offshore installation, in no fixed place, or outside the UK",42,51,-9
E01002873,Works mainly from home,418,134,284
E01002874,10km to less than 20km,14,55,-41
E01002874,20km to less than 30km,1,5,-4
E01002874,2km to less than 5km,83,137,-54
E01002874,30km to less than 40km,0,8,-8
E01002874,40km to less than 60km,1,2,-1
E01002874,5km to less than 10km,44,259,-215
E01002874,60km and over,3,2,1
E01002874,Less than 2km,58,93,-35
E01002874,"Works mainly at an offshore installation, in no fixed place, or outside the UK",40,75,-35
E01002874,Works mainly from home,379,129,250
E01002875,10km to less than 20km,14,43,-29
E01002875,20km to less than 30km,2,2,0
E01002875,2km to less than 5km,79,149,-70
E01002875,30km to less than 40km,0,5,-5
E01002875,40km to less than 60km,2,5,-3
E01002875,5km to less than 10km,51,213,-162
E01002875,60km and over,2,13,-11
E01002875,Less than 2km,30,76,-46
E01002875,"Works mainly at an offshore installation, in no fixed place, or outside the UK",44,65,-21
E01002875,Works mainly from home,426,155,271
E01002876,10km to less than 20km,19,52,-33
E01002876,20km to less than 30km,2,8,-6
E01002876,2km to less than 5km,108,106,2
E01002876,30km to less than 40km,1,7,-6
E01002876,40km to less than 60km,4,4,0
E01002876,5km to less than 10km,99,306,-207
E01002876,60km and over,3,10,-7
E01002876,Less than 2km,54,119,-65
E01002876,"Works mainly at an offshore installation, in no fixed place, or outside the UK",72,86,-14
E01002876,Works mainly from home,442,152,290
E01002877,10km to less than 20km,25,52,-27
E01002877,20km to less than 30km,4,6,-2
E01002877,2km to less than 5km,174,146,28
E01002877,30km to less than 40km,1,1,0
E01002877,40km to less than 60km,3,3,0
E01002877,5km to less than 10km,116,186,-70
E01002877,60km and over,8,7,1
E01002877,Less than 2km,96,112,-16
E01002877,"Works mainly at an offshore installation, in no fixed place, or outside the UK",143,76,67
E01002877,Works mainly from home,357,68,289
E01002878,10km to less than 20km,30,43,-13
E01002878,20km to less than 30km,3,11,-8
E01002878,2km to less than 5km,71,168,-97
E01002878,30km to less than 40km,0,3,-3
E01002878,40km to less than 60km,1,2,-1
E01002878,5km to less than 10km,76,313,-237
E01002878,60km and over,3,13,-10
E01002878,Less than 2km,65,119,-54
E01002878,"Works mainly at an offshore installation, in no fixed place, or outside the UK",92,96,-4
E01002878,Works mainly from home,404,125,279
E01002879,10km to less than 20km,19,33,-14
E01002879,20km to less than 30km,11,4,7
E01002879,2km to less than 5km,110,155,-45
E01002879,30km to less than 40km,0,6,-6
E01002879,40km to less than 60km,3,1,2
E01002879,5km to less than 10km,115,194,-79
E01002879,60km and over,2,7,-5
E01002879,Less than 2km,95,117,-22
E01002879,"Works mainly at an offshore installation, in no fixed place, or outside the UK",102,70,32
E01002879,Works mainly from home,274,59,215
E01002880,10km to less than 20km,27,39,-12
E01002880,20km to less than 30km,4,2,2
E01002880,2km to less than 5km,84,152,-68
E01002880,30km to less than 40km,3,2,1
E01002880,40km to less than 60km,2,0,2
E01002880,5km to less than 10km,69,145,-76
E01002880,60km and over,3,17,-14
E01002880,Less than 2km,46,113,-67
E01002880,"Works mainly at an offshore installation, in no fixed place, or outside the UK",65,56,9
E01002880,Works mainly from home,116,33,83
E01002881,10km to less than 20km,16,34,-18
E01002881,20km to less than 30km,0,6,-6
E01002881,2km to less than 5km,103,135,-32
E01002881,30km to less than 40km,1,3,-2
E01002881,40km to less than 60km,0,2,-2
E01002881,5km to less than 10km,72,138,-66
E01002881,60km and over,6,6,0
E01002881,Less than 2km,85,125,-40
E01002881,"Works mainly at an offshore installation, in no fixed place, or outside the UK",108,58,50
E01002881,Works mainly from home,180,63,117
E01002882,10km to less than 20km,7,39,-32
E01002882,20km to less than 30km,4,5,-1
E01002882,2km to less than 5km,63,200,-137
E01002882,30km to less than 40km,1,5,-4
E01002882,40km to less than 60km,1,2,-1
E01002882,5km to less than 10km,39,187,-148
E01002882,60km and over,1,2,-1
E01002882,Less than 2km,32,71,-39
E01002882,"Works mainly at an offshore installation, in no fixed place, or outside the UK",43,67,-24
E01002882,Works mainly from home,320,140,180
E01002883,10km to less than 20km,15,63,-48
E01002883,20km to less than 30km,0,9,-9
E01002883,2km to less than 5km,116,230,-114
E01002883,30km to less than 40km,1,2,-1
E01002883,40km to less than 60km,2,6,-4
E01002883,5km to less than 10km,49,295,-246
E01002883,60km and over,8,6,2
E01002883,Less than 2km,39,96,-57
E01002883,"Works mainly at an offshore installation, in no fixed place, or outside the UK",47,59,-12
E01002883,Works mainly from home,467,179,288
E01002884,10km to less than 20km,22,69,-47
E01002884,20km to less than 30km,0,9,-9
E01002884,2km to less than 5km,97,200,-103
E01002884,30km to less than 40km,6,8,-2
E01002884,40km to less than 60km,0,4,-4
E01002884,5km to less than 10km,83,250,-167
E01002884,60km and over,6,10,-4
E01002884,Less than 2km,33,78,-45
E01002884,"Works mainly at an offshore installation, in no fixed place, or outside the UK",51,74,-23
E01002884,Works mainly from home,439,139,300
E01002885,10km to less than 20km,22,85,-63
E01002885,20km to less than 30km,2,8,-6
E01002885,2km to less than 5km,108,293,-185
E01002885,30km to less than 40km,0,6,-6
E01002885,40km to less than 60km,3,2,1
E01002885,5km to less than 10km,58,332,-274
E01002885,60km and over,2,8,-6
E01002885,Less than 2km,51,118,-67
E01002885,"Works mainly at an offshore installation, in no fixed place, or outside the UK",67,70,-3
E01002885,Works mainly from home,533,117,416
E01002886,10km to less than 20km,13,64,-51
E01002886,20km to less than 30km,2,8,-6
E01002886,2km to less than 5km,92,225,-133
E01002886,30km to less than 40km,0,5,-5
E01002886,40km to less than 60km,1,5,-4
E01002886,5km to less than 10km,42,278,-236
E01002886,60km and over,1,12,-11
E01002886,Less than 2km,28,75,-47
E01002886,"Works mainly at an offshore installation, in no fixed place, or outside the UK",55,86,-31
E01002886,Works mainly from home,456,136,320
E01002887,10km to less than 20km,12,91,-79
E01002887,20km to less than 30km,2,9,-7
E01002887,2km to less than 5km,66,239,-173
E01002887,30km to less than 40km,1,4,-3
E01002887,40km to less than 60km,3,8,-5
E01002887,5km to less than 10km,35,260,-225
E01002887,60km and over,1,14,-13
E01002887,Less than 2km,32,105,-73
E01002887,"Works mainly at an offshore installation, in no fixed place, or outside the UK",39,67,-28
E01002887,Works mainly from home,393,168,225
E01002888,10km to less than 20km,19,86,-67
E01002888,20km to less than 30km,2,11,-9
E01002888,2km to less than 5km,83,294,-211
E01002888,30km to less than 40km,1,3,-2
E01002888,40km to less than 60km,1,12,-11
E01002888,5km to less than 10km,52,353,-301
E01002888,60km and over,8,16,-8
E01002888,Less than 2km,53,90,-37
E01002888,"Works mainly at an offshore installation, in no fixed place, or outside the UK",54,102,-48
E01002888,Works mainly from home,481,164,317
E01002889,10km to less than 20km,12,57,-45
E01002889,20km to less than 30km,4,3,1
E01002889,2km to less than 5km,85,139,-54
E01002889,30km to less than 40km,2,2,0
E01002889,40km to less than 60km,0,3,-3
E01002889,5km to less than 10km,47,167,-120
E01002889,60km and over,14,11,3
E01002889,Less than 2km,28,89,-61
E01002889,"Works mainly at an offshore installation, in no fixed place, or outside the UK",44,48,-4
E01002889,Works mainly from home,439,135,304
E01002890,10km to less than 20km,10,58,-48
E01002890,20km to less than 30km,1,4,-3
E01002890,2km to less than 5km,67,187,-120
E01002890,30km to less than 40km,0,5,-5
E01002890,40km to less than 60km,3,4,-1
E01002890,5km to less than 10km,34,211,-177
E01002890,60km and over,5,6,-1
E01002890,Less than 2km,34,78,-44
E01002890,"Works mainly at an offshore installation, in no fixed place, or outside the UK",41,63,-22
E01002890,Works mainly from home,384,171,213
E01002891,10km to less than 20km,9,48,-39
E01002891,20km to less than 30km,2,2,0
E01002891,2km to less than 5km,69,219,-150
E01002891,30km to less than 40km,3,2,1
E01002891,40km to less than 60km,0,4,-4
E01002891,5km to less than 10km,51,183,-132
E01002891,60km and over,7,9,-2
E01002891,Less than 2km,36,72,-36
E01002891,"Works mainly at an offshore installation, in no fixed place, or outside the UK",45,44,1
E01002891,Works mainly from home,366,168,198
E01002892,10km to less than 20km,19,74,-55
E01002892,20km to less than 30km,2,17,-15
E01002892,2km to less than 5km,65,240,-175
E01002892,30km to less than 40km,0,2,-2
E01002892,40km to less than 60km,1,6,-5
E01002892,5km to less than 10km,33,201,-168
E01002892,60km and over,3,11,-8
E01002892,Less than 2km,52,117,-65
E01002892,"Works mainly at an offshore installation, in no fixed place, or outside the UK",42,57,-15
E01002892,Works mainly from home,417,141,276
E01002893,10km to less than 20km,25,89,-64
E01002893,20km to less than 30km,6,16,-10
E01002893,2km to less than 5km,98,267,-169
E01002893,30km to less than 40km,0,5,-5
E01002893,40km to less than 60km,0,5,-5
E01002893,5km to less than 10km,71,318,-247
E01002893,60km and over,4,8,-4
E01002893,Less than 2km,69,114,-45
E01002893,"Works mainly at an offshore installation, in no fixed place, or outside the UK",85,74,11
E01002893,Works mainly from home,516,139,377
E01002894,10km to less than 20km,13,78,-65
E01002894,20km to less than 30km,2,10,-8
E01002894,2km to less than 5km,70,232,-162
E01002894,30km to less than 40km,3,10,-7
E01002894,40km to less than 60km,1,8,-7
E01002894,5km to less than 10km,49,275,-226
E01002894,60km and over,4,6,-2
E01002894,Less than 2km,29,107,-78
E01002894,"Works mainly at an offshore installation, in no fixed place, or outside the UK",48,52,-4
E01002894,Works mainly from home,475,109,366
E01002896,10km to less than 20km,15,82,-67
E01002896,20km to less than 30km,2,10,-8
E01002896,2km to less than 5km,85,268,-183
E01002896,30km to less than 40km,0,7,-7
E01002896,40km to less than 60km,2,11,-9
E01002896,5km to less than 10km,66,340,-274
E01002896,60km and over,5,11,-6
E01002896,Less than 2km,55,117,-62
E01002896,"Works mainly at an offshore installation, in no fixed place, or outside the UK",60,54,6
E01002896,Works mainly from home,605,178,427
E01002897,10km to less than 20km,15,50,-35
E01002897,20km to less than 30km,3,18,-15
E01002897,2km to less than 5km,92,199,-107
E01002897,30km to less than 40km,0,6,-6
E01002897,40km to less than 60km,0,5,-5
E01002897,5km to less than 10km,91,218,-127
E01002897,60km and over,0,9,-9
E01002897,Less than 2km,48,102,-54
E01002897,"Works mainly at an offshore installation, in no fixed place, or outside the UK",70,66,4
E01002897,Works mainly from home,541,133,408
E01002898,10km to less than 20km,19,56,-37
E01002898,20km to less than 30km,2,8,-6
E01002898,2km to less than 5km,59,197,-138
E01002898,30km to less than 40km,0,4,-4
E01002898,40km to less than 60km,0,4,-4
E01002898,5km to less than 10km,56,215,-159
E01002898,60km and over,5,7,-2
E01002898,Less than 2km,46,76,-30
E01002898,"Works mainly at an offshore installation, in no fixed place, or outside the UK",49,61,-12
E01002898,Works mainly from home,495,184,311
E01002899,10km to less than 20km,8,43,-35
E01002899,20km to less than 30km,2,5,-3
E01002899,2km to less than 5km,70,220,-150
E01002899,30km to less than 40km,2,4,-2
E01002899,40km to less than 60km,0,2,-2
E01002899,5km to less than 10km,32,163,-131
E01002899,60km and over,1,4,-3
E01002899,Less than 2km,52,129,-77
E01002899,"Works mainly at an offshore installation, in no fixed place, or outside the UK",66,37,29
E01002899,Works mainly from home,319,125,194
E01002900,10km to less than 20km,50,54,-4
E01002900,20km to less than 30km,0,3,-3
E01002900,2km to less than 5km,97,180,-83
E01002900,30km to less than 40km,0,2,-2
E01002900,40km to less than 60km,14,6,8
E01002900,5km to less than 10km,90,144,-54
E01002900,60km and over,13,14,-1
E01002900,Less than 2km,43,113,-70
E01002900,"Works mainly at an offshore installation, in no fixed place, or outside the UK",78,61,17
E01002900,Works mainly from home,642,223,419
E01002901,10km to less than 20km,6,19,-13
E01002901,20km to less than 30km,2,3,-1
E01002901,2km to less than 5km,37,131,-94
E01002901,30km to less than 40km,2,1,1
E01002901,40km to less than 60km,1,2,-1
E01002901,5km to less than 10km,40,74,-34
E01002901,60km and over,1,7,-6
E01002901,Less than 2km,37,106,-69
E01002901,"Works mainly at an offshore installation, in no fixed place, or outside the UK",20,38,-18
E01002901,Works mainly from home,269,108,161
E01002902,10km to less than 20km,11,24,-13
E01002902,20km to less than 30km,2,11,-9
E01002902,2km to less than 5km,76,326,-250
E01002902,30km to less than 40km,3,3,0
E01002902,40km to less than 60km,1,4,-3
E01002902,5km to less than 10km,44,231,-187
E01002902,60km and over,7,7,0
E01002902,Less than 2km,61,132,-71
E01002902,"Works mainly at an offshore installation, in no fixed place, or outside the UK",53,73,-20
E01002902,Works mainly from home,380,172,208
E01002903,10km to less than 20km,11,52,-41
E01002903,20km to less than 30km,2,8,-6
E01002903,2km to less than 5km,61,248,-187
E01002903,30km to less than 40km,3,1,2
E01002903,40km to less than 60km,0,3,-3
E01002903,5km to less than 10km,34,172,-138
E01002903,60km and over,5,10,-5
E01002903,Less than 2km,35,104,-69
E01002903,"Works mainly at an offshore installation, in no fixed place, or outside the UK",38,46,-8
E01002903,Works mainly from home,440,179,261
E01002904,10km to less than 20km,13,26,-13
E01002904,20km to less than 30km,5,5,0
E01002904,2km to less than 5km,96,85,11
E01002904,30km to less than 40km,3,3,0
E01002904,40km to less than 60km,1,0,1
E01002904,5km to less than 10km,74,137,-63
E01002904,60km and over,2,7,-5
E01002904,Less than 2km,67,86,-19
E01002904,"Works mainly at an offshore installation, in no fixed place, or outside the UK",81,52,29
E01002904,Works mainly from home,123,34,89
E01002905,10km to less than 20km,17,39,-22
E01002905,20km to less than 30km,7,8,-1
E01002905,2km to less than 5km,75,174,-99
E01002905,30km to less than 40km,3,2,1
E01002905,40km to less than 60km,1,1,0
E01002905,5km to less than 10km,113,179,-66
E01002905,60km and over,15,7,8
E01002905,Less than 2km,76,119,-43
E01002905,"Works mainly at an offshore installation, in no fixed place, or outside the UK",105,61,44
E01002905,Works mainly from home,233,74,159
E01002906,10km to less than 20km,19,42,-23
E01002906,20km to less than 30km,4,8,-4
E01002906,2km to less than 5km,119,162,-43
E01002906,30km to less than 40km,1,3,-2
E01002906,40km to less than 60km,1,7,-6
E01002906,5km to less than 10km,114,233,-119
E01002906,60km and over,3,4,-1
E01002906,Less than 2km,94,121,-27
E01002906,"Works mainly at an offshore installation, in no fixed place, or outside the UK",101,70,31
E01002906,Works mainly from home,320,84,236
E01002907,10km to less than 20km,13,26,-13
E01002907,20km to less than 30km,3,4,-1
E01002907,2km to less than 5km,80,89,-9
E01002907,30km to less than 40km,3,2,1
E01002907,40km to less than 60km,2,2,0
E01002907,5km to less than 10km,61,112,-51
E01002907,60km and over,4,3,1
E01002907,Less than 2km,51,87,-36
E01002907,"Works mainly at an offshore installation, in no fixed place, or outside the UK",84,59,25
E01002907,Works mainly from home,114,36,78
E01002908,10km to less than 20km,20,62,-42
E01002908,20km to less than 30km,8,4,4
E01002908,2km to less than 5km,80,115,-35
E01002908,30km to less than 40km,0,1,-1
E01002908,40km to less than 60km,1,1,0
E01002908,5km to less than 10km,100,222,-122
E01002908,60km and over,5,10,-5
E01002908,Less than 2km,54,113,-59
E01002908,"Works mainly at an offshore installation, in no fixed place, or outside the UK",90,91,-1
E01002908,Works mainly from home,337,120,217
E01002909,10km to less than 20km,32,71,-39
E01002909,20km to less than 30km,7,12,-5
E01002909,2km to less than 5km,130,247,-117
E01002909,30km to less than 40km,1,4,-3
E01002909,40km to less than 60km,9,9,0
E01002909,5km to less than 10km,116,458,-342
E01002909,60km and over,14,3,11
E01002909,Less than 2km,101,166,-65
E01002909,"Works mainly at an offshore installation, in no fixed place, or outside the UK",164,89,75
E01002909,Works mainly from home,615,184,431
E01002910,10km to less than 20km,18,45,-27
E01002910,20km to less than 30km,1,6,-5
E01002910,2km to less than 5km,66,171,-105
E01002910,30km to less than 40km,0,3,-3
E01002910,40km to less than 60km,0,1,-1
E01002910,5km to less than 10km,49,170,-121
E01002910,60km and over,3,13,-10
E01002910,Less than 2km,49,128,-79
E01002910,"Works mainly at an offshore installation, in no fixed place, or outside the UK",46,57,-11
E01002910,Works mainly from home,414,125,289
E01002911,10km to less than 20km,17,76,-59
E01002911,20km to less than 30km,9,9,0
E01002911,2km to less than 5km,65,244,-179
E01002911,30km to less than 40km,0,5,-5
E01002911,40km to less than 60km,2,1,1
E01002911,5km to less than 10km,46,235,-189
E01002911,60km and over,4,11,-7
E01002911,Less than 2km,55,122,-67
E01002911,"Works mainly at an offshore installation, in no fixed place, or outside the UK",41,61,-20
E01002911,Works mainly from home,441,165,276
E01002912,10km to less than 20km,16,55,-39
E01002912,20km to less than 30km,1,8,-7
E01002912,2km to less than 5km,98,244,-146
E01002912,30km to less than 40km,2,4,-2
E01002912,40km to less than 60km,0,5,-5
E01002912,5km to less than 10km,65,209,-144
E01002912,60km and over,5,13,-8
E01002912,Less than 2km,150,214,-64
E01002912,"Works mainly at an offshore installation, in no fixed place, or outside the UK",41,65,-24
E01002912,Works mainly from home,436,130,306
E01002913,10km to less than 20km,21,61,-40
E01002913,20km to less than 30km,2,10,-8
E01002913,2km to less than 5km,88,255,-167
E01002913,30km to less than 40km,1,7,-6
E01002913,40km to less than 60km,1,2,-1
E01002913,5km to less than 10km,69,259,-190
E01002913,60km and over,2,22,-20
E01002913,Less than 2km,62,119,-57
E01002913,"Works mainly at an offshore installation, in no fixed place, or outside the UK",82,111,-29
E01002913,Works mainly from home,544,170,374
E01002914,10km to less than 20km,9,43,-34
E01002914,20km to less than 30km,6,3,3
E01002914,2km to less than 5km,79,204,-125
E01002914,30km to less than 40km,4,3,1
E01002914,40km to less than 60km,1,4,-3
E01002914,5km to less than 10km,41,190,-149
E01002914,60km and over,2,8,-6
E01002914,Less than 2km,30,156,-126
E01002914,"Works mainly at an offshore installation, in no fixed place, or outside the UK",30,47,-17
E01002914,Works mainly from home,349,171,178
E01002915,10km to less than 20km,71,143,-72
E01002915,20km to less than 30km,20,41,-21
E01002915,2km to less than 5km,87,174,-87
E01002915,30km to less than 40km,2,9,-7
E01002915,40km to less than 60km,2,3,-1
E01002915,5km to less than 10km,68,115,-47
E01002915,60km and over,5,10,-5
E01002915,Less than 2km,41,67,-26
E01002915,"Works mainly at an offshore installation, in no fixed place, or outside the UK",103,70,33
E01002915,Works mainly from home,231,81,150
E01002916,10km to less than 20km,64,179,-115
E01002916,20km to less than 30km,13,35,-22
E01002916,2km to less than 5km,67,147,-80
E01002916,30km to less than 40km,2,4,-2
E01002916,40km to less than 60km,4,6,-2
E01002916,5km to less than 10km,81,82,-1
E01002916,60km and over,4,14,-10
E01002916,Less than 2km,40,87,-47
E01002916,"Works mainly at an offshore installation, in no fixed place, or outside the UK",78,74,4
E01002916,Works mainly from home,314,91,223
E01002917,10km to less than 20km,60,158,-98
E01002917,20km to less than 30km,19,24,-5
E01002917,2km to less than 5km,89,165,-76
E01002917,30km to less than 40km,4,6,-2
E01002917,40km to less than 60km,3,4,-1
E01002917,5km to less than 10km,61,105,-44
E01002917,60km and over,3,12,-9
E01002917,Less than 2km,53,84,-31
E01002917,"Works mainly at an offshore installation, in no fixed place, or outside the UK",92,61,31
E01002917,Works mainly from home,315,69,246
E01002918,10km to less than 20km,106,170,-64
E01002918,20km to less than 30km,25,25,0
E01002918,2km to less than 5km,191,257,-66
E01002918,30km to less than 40km,6,10,-4
E01002918,40km to less than 60km,5,6,-1
E01002918,5km to less than 10km,111,151,-40
E01002918,60km and over,8,11,-3
E01002918,Less than 2km,82,93,-11
E01002918,"Works mainly at an offshore installation, in no fixed place, or outside the UK",167,75,92
E01002918,Works mainly from home,248,58,190
E01002919,10km to less than 20km,124,161,-37
E01002919,20km to less than 30km,24,36,-12
E01002919,2km to less than 5km,190,232,-42
E01002919,30km to less than 40km,4,9,-5
E01002919,40km to less than 60km,1,7,-6
E01002919,5km to less than 10km,116,108,8
E01002919,60km and over,12,10,2
E01002919,Less than 2km,96,116,-20
E01002919,"Works mainly at an offshore installation, in no fixed place, or outside the UK",152,88,64
E01002919,Works mainly from home,267,72,195
E01002920,10km to less than 20km,69,211,-142
E01002920,20km to less than 30km,9,41,-32
E01002920,2km to less than 5km,92,149,-57
E01002920,30km to less than 40km,5,7,-2
E01002920,40km to less than 60km,2,6,-4
E01002920,5km to less than 10km,42,108,-66
E01002920,60km and over,5,13,-8
E01002920,Less than 2km,56,81,-25
E01002920,"Works mainly at an offshore installation, in no fixed place, or outside the UK",89,76,13
E01002920,Works mainly from home,421,95,326
E01002921,10km to less than 20km,117,312,-195
E01002921,20km to less than 30km,17,76,-59
E01002921,2km to less than 5km,98,112,-14
E01002921,30km to less than 40km,6,18,-12
E01002921,40km to less than 60km,3,12,-9
E01002921,5km to less than 10km,87,117,-30
E01002921,60km and over,2,8,-6
E01002921,Less than 2km,92,117,-25
E01002921,"Works mainly at an offshore installation, in no fixed place, or outside the UK",148,80,68
E01002921,Works mainly from home,503,99,404
E01002922,10km to less than 20km,50,329,-279
E01002922,20km to less than 30km,8,64,-56
E01002922,2km to less than 5km,77,128,-51
E01002922,30km to less than 40km,10,13,-3
E01002922,40km to less than 60km,2,11,-9
E01002922,5km to less than 10km,58,112,-54
E01002922,60km and over,2,6,-4
E01002922,Less than 2km,61,129,-68
E01002922,"Works mainly at an offshore installation, in no fixed place, or outside the UK",59,89,-30
E01002922,Works mainly from home,506,122,384
E01002923,10km to less than 20km,81,134,-53
E01002923,20km to less than 30km,11,38,-27
E01002923,2km to less than 5km,115,129,-14
E01002923,30km to less than 40km,5,8,-3
E01002923,40km to less than 60km,0,4,-4
E01002923,5km to less than 10km,76,58,18
E01002923,60km and over,5,8,-3
E01002923,Less than 2km,83,119,-36
E01002923,"Works mainly at an offshore installation, in no fixed place, or outside the UK",124,67,57
E01002923,Works mainly from home,277,56,221
E01002924,10km to less than 20km,44,188,-144
E01002924,20km to less than 30km,13,52,-39
E01002924,2km to less than 5km,58,123,-65
E01002924,30km to less than 40km,0,6,-6
E01002924,40km to less than 60km,1,9,-8
E01002924,5km to less than 10km,43,86,-43
E01002924,60km and over,3,12,-9
E01002924,Less than 2km,56,86,-30
E01002924,"Works mainly at an offshore installation, in no fixed place, or outside the UK",46,63,-17
E01002924,Works mainly from home,451,101,350
E01002925,10km to less than 20km,90,271,-181
E01002925,20km to less than 30km,15,81,-66
E01002925,2km to less than 5km,101,131,-30
E01002925,30km to less than 40km,1,9,-8
E01002925,40km to less than 60km,2,5,-3
E01002925,5km to less than 10km,79,96,-17
E01002925,60km and over,2,11,-9
E01002925,Less than 2km,75,89,-14
E01002925,"Works mainly at an offshore installation, in no fixed place, or outside the UK",103,72,31
E01002925,Works mainly from home,532,96,436
E01002926,10km to less than 20km,64,229,-165
E01002926,20km to less than 30km,12,36,-24
E01002926,2km to less than 5km,81,125,-44
E01002926,30km to less than 40km,4,5,-1
E01002926,40km to less than 60km,3,12,-9
E01002926,5km to less than 10km,67,98,-31
E01002926,60km and over,2,5,-3
E01002926,Less than 2km,52,130,-78
E01002926,"Works mainly at an offshore installation, in no fixed place, or outside the UK",99,48,51
E01002926,Works mainly from home,437,79,358
E01002927,10km to less than 20km,60,189,-129
E01002927,20km to less than 30km,9,25,-16
E01002927,2km to less than 5km,97,156,-59
E01002927,30km to less than 40km,2,8,-6
E01002927,40km to less than 60km,0,9,-9
E01002927,5km to less than 10km,87,114,-27
E01002927,60km and over,5,9,-4
E01002927,Less than 2km,62,98,-36
E01002927,"Works mainly at an offshore installation, in no fixed place, or outside the UK",97,71,26
E01002927,Works mainly from home,376,70,306
E01002928,10km to less than 20km,93,232,-139
E01002928,20km to less than 30km,11,32,-21
E01002928,2km to less than 5km,136,128,8
E01002928,30km to less than 40km,5,5,0
E01002928,40km to less than 60km,2,5,-3
E01002928,5km to less than 10km,89,91,-2
E01002928,60km and over,2,15,-13
E01002928,Less than 2km,87,104,-17
E01002928,"Works mainly at an offshore installation, in no fixed place, or outside the UK",116,67,49
E01002928,Works mainly from home,379,103,276
E01002929,10km to less than 20km,64,310,-246
E01002929,20km to less than 30km,4,15,-11
E01002929,2km to less than 5km,60,118,-58
E01002929,30km to less than 40km,0,17,-17
E01002929,40km to less than 60km,2,10,-8
E01002929,5km to less than 10km,63,111,-48
E01002929,60km and over,2,6,-4
E01002929,Less than 2km,56,79,-23
E01002929,"Works mainly at an offshore installation, in no fixed place, or outside the UK",72,72,0
E01002929,Works mainly from home,478,91,387
E01002930,10km to less than 20km,108,253,-145
E01002930,20km to less than 30km,8,28,-20
E01002930,2km to less than 5km,102,163,-61
E01002930,30km to less than 40km,8,11,-3
E01002930,40km to less than 60km,1,1,0
E01002930,5km to less than 10km,100,114,-14
E01002930,60km and over,4,6,-2
E01002930,Less than 2km,88,123,-35
E01002930,"Works mainly at an offshore installation, in no fixed place, or outside the UK",144,98,46
E01002930,Works mainly from home,481,97,384
E01002931,10km to less than 20km,94,282,-188
E01002931,20km to less than 30km,8,40,-32
E01002931,2km to less than 5km,101,151,-50
E01002931,30km to less than 40km,5,13,-8
E01002931,40km to less than 60km,0,11,-11
E01002931,5km to less than 10km,72,127,-55
E01002931,60km and over,2,11,-9
E01002931,Less than 2km,72,99,-27
E01002931,"Works mainly at an offshore installation, in no fixed place, or outside the UK",79,87,-8
E01002931,Works mainly from home,542,103,439
E01002932,10km to less than 20km,75,169,-94
E01002932,20km to less than 30km,16,19,-3
E01002932,2km to less than 5km,123,164,-41
E01002932,30km to less than 40km,7,10,-3
E01002932,40km to less than 60km,6,5,1
E01002932,5km to less than 10km,80,118,-38
E01002932,60km and over,11,3,8
E01002932,Less than 2km,122,136,-14
E01002932,"Works mainly at an offshore installation, in no fixed place, or outside the UK",150,84,66
E01002932,Works mainly from home,244,65,179
E01002933,10km to less than 20km,78,250,-172
E01002933,20km to less than 30km,8,28,-20
E01002933,2km to less than 5km,80,101,-21
E01002933,30km to less than 40km,5,11,-6
E01002933,40km to less than 60km,1,12,-11
E01002933,5km to less than 10km,87,139,-52
E01002933,60km and over,6,12,-6
E01002933,Less than 2km,112,185,-73
E01002933,"Works mainly at an offshore installation, in no fixed place, or outside the UK",76,74,2
E01002933,Works mainly from home,509,122,387
E01002934,10km to less than 20km,118,341,-223
E01002934,20km to less than 30km,10,45,-35
E01002934,2km to less than 5km,49,102,-53
E01002934,30km to less than 40km,6,17,-11
E01002934,40km to less than 60km,4,10,-6
E01002934,5km to less than 10km,63,108,-45
E01002934,60km and over,13,22,-9
E01002934,Less than 2km,80,153,-73
E01002934,"Works mainly at an offshore installation, in no fixed place, or outside the UK",55,62,-7
E01002934,Works mainly from home,554,119,435
E01002935,10km to less than 20km,104,321,-217
E01002935,20km to less than 30km,8,41,-33
E01002935,2km to less than 5km,76,89,-13
E01002935,30km to less than 40km,1,11,-10
E01002935,40km to less than 60km,3,4,-1
E01002935,5km to less than 10km,92,156,-64
E01002935,60km and over,4,9,-5
E01002935,Less than 2km,168,211,-43
E01002935,"Works mainly at an offshore installation, in no fixed place, or outside the UK",99,77,22
E01002935,Works mainly from home,493,147,346
E01002937,10km to less than 20km,66,336,-270
E01002937,20km to less than 30km,12,46,-34
E01002937,2km to less than 5km,42,63,-21
E01002937,30km to less than 40km,1,20,-19
E01002937,40km to less than 60km,0,5,-5
E01002937,5km to less than 10km,50,123,-73
E01002937,60km and over,12,6,6
E01002937,Less than 2km,93,146,-53
E01002937,"Works mainly at an offshore installation, in no fixed place, or outside the UK",72,74,-2
E01002937,Works mainly from home,605,117,488
E01002938,10km to less than 20km,70,330,-260
E01002938,20km to less than 30km,9,48,-39
E01002938,2km to less than 5km,60,111,-51
E01002938,30km to less than 40km,4,14,-10
E01002938,40km to less than 60km,0,8,-8
E01002938,5km to less than 10km,80,129,-49
E01002938,60km and over,7,13,-6
E01002938,Less than 2km,90,124,-34
E01002938,"Works mainly at an offshore installation, in no fixed place, or outside the UK",76,84,-8
E01002938,Works mainly from home,605,130,475
E01002939,10km to less than 20km,80,149,-69
E01002939,20km to less than 30km,21,64,-43
E01002939,2km to less than 5km,127,194,-67
E01002939,30km to less than 40km,5,5,0
E01002939,40km to less than 60km,5,4,1
E01002939,5km to less than 10km,117,137,-20
E01002939,60km and over,4,12,-8
E01002939,Less than 2km,78,109,-31
E01002939,"Works mainly at an offshore installation, in no fixed place, or outside the UK",151,68,83
E01002939,Works mainly from home,255,70,185
E01002940,10km to less than 20km,87,138,-51
E01002940,20km to less than 30km,28,59,-31
E01002940,2km to less than 5km,125,168,-43
E01002940,30km to less than 40km,4,8,-4
E01002940,40km to less than 60km,4,4,0
E01002940,5km to less than 10km,103,166,-63
E01002940,60km and over,5,4,1
E01002940,Less than 2km,72,96,-24
E01002940,"Works mainly at an offshore installation, in no fixed place, or outside the UK",142,75,67
E01002940,Works mainly from home,236,56,180
E01002941,10km to less than 20km,64,140,-76
E01002941,20km to less than 30km,31,69,-38
E01002941,2km to less than 5km,110,161,-51
E01002941,30km to less than 40km,10,6,4
E01002941,40km to less than 60km,4,6,-2
E01002941,5km to less than 10km,95,143,-48
E01002941,60km and over,7,7,0
E01002941,Less than 2km,69,85,-16
E01002941,"Works mainly at an offshore installation, in no fixed place, or outside the UK",162,71,91
E01002941,Works mainly from home,288,59,229
E01002942,10km to less than 20km,72,121,-49
E01002942,20km to less than 30km,20,84,-64
E01002942,2km to less than 5km,87,151,-64
E01002942,30km to less than 40km,4,4,0
E01002942,40km to less than 60km,2,7,-5
E01002942,5km to less than 10km,86,118,-32
E01002942,60km and over,6,4,2
E01002942,Less than 2km,62,90,-28
E01002942,"Works mainly at an offshore installation, in no fixed place, or outside the UK",119,69,50
E01002942,Works mainly from home,232,69,163
E01002943,10km to less than 20km,67,118,-51
E01002943,20km to less than 30km,17,62,-45
E01002943,2km to less than 5km,93,127,-34
E01002943,30km to less than 40km,1,13,-12
E01002943,40km to less than 60km,0,7,-7
E01002943,5km to less than 10km,105,132,-27
E01002943,60km and over,2,10,-8
E01002943,Less than 2km,83,82,1
E01002943,"Works mainly at an offshore installation, in no fixed place, or outside the UK",172,77,95
E01002943,Works mainly from home,218,58,160
E01002944,10km to less than 20km,69,136,-67
E01002944,20km to less than 30km,23,52,-29
E01002944,2km to less than 5km,93,169,-76
E01002944,30km to less than 40km,3,5,-2
E01002944,40km to less than 60km,2,4,-2
E01002944,5km to less than 10km,103,132,-29
E01002944,60km and over,3,4,-1
E01002944,Less than 2km,76,100,-24
E01002944,"Works mainly at an offshore installation, in no fixed place, or outside the UK",98,67,31
E01002944,Works mainly from home,223,46,177
E01002945,10km to less than 20km,101,146,-45
E01002945,20km to less than 30km,36,80,-44
E01002945,2km to less than 5km,93,162,-69
E01002945,30km to less than 40km,3,12,-9
E01002945,40km to less than 60km,0,7,-7
E01002945,5km to less than 10km,147,205,-58
E01002945,60km and over,4,5,-1
E01002945,Less than 2km,63,103,-40
E01002945,"Works mainly at an offshore installation, in no fixed place, or outside the UK",149,112,37
E01002945,Works mainly from home,299,70,229
E01002946,10km to less than 20km,82,148,-66
E01002946,20km to less than 30km,36,74,-38
E01002946,2km to less than 5km,85,145,-60
E01002946,30km to less than 40km,3,11,-8
E01002946,40km to less than 60km,4,2,2
E01002946,5km to less than 10km,100,205,-105
E01002946,60km and over,2,13,-11
E01002946,Less than 2km,50,97,-47
E01002946,"Works mainly at an offshore installation, in no fixed place, or outside the UK",152,71,81
E01002946,Works mainly from home,306,59,247
E01002947,10km to less than 20km,86,153,-67
E01002947,20km to less than 30km,31,78,-47
E01002947,2km to less than 5km,101,170,-69
E01002947,30km to less than 40km,7,11,-4
E01002947,40km to less than 60km,2,6,-4
E01002947,5km to less than 10km,116,200,-84
E01002947,60km and over,6,10,-4
E01002947,Less than 2km,94,106,-12
E01002947,"Works mainly at an offshore installation, in no fixed place, or outside the UK",157,85,72
E01002947,Works mainly from home,284,73,211
E01002948,10km to less than 20km,108,191,-83
E01002948,20km to less than 30km,42,129,-87
E01002948,2km to less than 5km,151,178,-27
E01002948,30km to less than 40km,4,16,-12
E01002948,40km to less than 60km,3,9,-6
E01002948,5km to less than 10km,170,249,-79
E01002948,60km and over,3,20,-17
E01002948,Less than 2km,73,73,0
E01002948,"Works mainly at an offshore installation, in no fixed place, or outside the UK",212,74,138
E01002948,Works mainly from home,375,115,260
E01002949,10km to less than 20km,116,197,-81
E01002949,20km to less than 30km,35,86,-51
E01002949,2km to less than 5km,115,155,-40
E01002949,30km to less than 40km,4,16,-12
E01002949,40km to less than 60km,5,8,-3
E01002949,5km to less than 10km,148,226,-78
E01002949,60km and over,6,5,1
E01002949,Less than 2km,66,83,-17
E01002949,"Works mainly at an offshore installation, in no fixed place, or outside the UK",143,100,43
E01002949,Works mainly from home,318,75,243
E01002950,10km to less than 20km,75,142,-67
E01002950,20km to less than 30km,31,78,-47
E01002950,2km to less than 5km,102,123,-21
E01002950,30km to less than 40km,2,14,-12
E01002950,40km to less than 60km,1,6,-5
E01002950,5km to less than 10km,129,213,-84
E01002950,60km and over,6,6,0
E01002950,Less than 2km,82,89,-7
E01002950,"Works mainly at an offshore installation, in no fixed place, or outside the UK",140,71,69
E01002950,Works mainly from home,256,61,195
E01002951,10km to less than 20km,57,249,-192
E01002951,20km to less than 30km,8,23,-15
E01002951,2km to less than 5km,48,83,-35
E01002951,30km to less than 40km,5,12,-7
E01002951,40km to less than 60km,3,5,-2
E01002951,5km to less than 10km,53,118,-65
E01002951,60km and over,6,12,-6
E01002951,Less than 2km,90,97,-7
E01002951,"Works mainly at an offshore installation, in no fixed place, or outside the UK",46,58,-12
E01002951,Works mainly from home,428,116,312
E01002952,10km to less than 20km,52,223,-171
E01002952,20km to less than 30km,0,14,-14
E01002952,2km to less than 5km,28,70,-42
E01002952,30km to less than 40km,9,8,1
E01002952,40km to less than 60km,1,6,-5
E01002952,5km to less than 10km,43,84,-41
E01002952,60km and over,2,9,-7
E01002952,Less than 2km,19,38,-19
E01002952,"Works mainly at an offshore installation, in no fixed place, or outside the UK",37,48,-11
E01002952,Works mainly from home,373,145,228
E01002953,10km to less than 20km,59,188,-129
E01002953,20km to less than 30km,5,6,-1
E01002953,2km to less than 5km,68,113,-45
E01002953,30km to less than 40km,5,2,3
E01002953,40km to less than 60km,5,6,-1
E01002953,5km to less than 10km,38,93,-55
E01002953,60km and over,6,6,0
E01002953,Less than 2km,21,53,-32
E01002953,"Works mainly at an offshore installation, in no fixed place, or outside the UK",61,47,14
E01002953,Works mainly from home,324,109,215
E01002954,10km to less than 20km,46,182,-136
E01002954,20km to less than 30km,8,12,-4
E01002954,2km to less than 5km,63,56,7
E01002954,30km to less than 40km,2,5,-3
E01002954,40km to less than 60km,2,3,-1
E01002954,5km to less than 10km,58,89,-31
E01002954,60km and over,6,8,-2
E01002954,Less than 2km,199,134,65
E01002954,"Works mainly at an offshore installation, in no fixed place, or outside the UK",67,38,29
E01002954,Works mainly from home,210,123,87
E01002955,10km to less than 20km,70,156,-86
E01002955,20km to less than 30km,6,8,-2
E01002955,2km to less than 5km,105,165,-60
E01002955,30km to less than 40km,2,8,-6
E01002955,40km to less than 60km,3,2,1
E01002955,5km to less than 10km,78,114,-36
E01002955,60km and over,12,9,3
E01002955,Less than 2km,14,29,-15
E01002955,"Works mainly at an offshore installation, in no fixed place, or outside the UK",92,73,19
E01002955,Works mainly from home,330,118,212
E01002956,10km to less than 20km,44,155,-111
E01002956,20km to less than 30km,12,10,2
E01002956,2km to less than 5km,81,105,-24
E01002956,30km to less than 40km,1,12,-11
E01002956,40km to less than 60km,0,5,-5
E01002956,5km to less than 10km,67,108,-41
E01002956,60km and over,8,11,-3
E01002956,Less than 2km,13,28,-15
E01002956,"Works mainly at an offshore installation, in no fixed place, or outside the UK",62,58,4
E01002956,Works mainly from home,244,95,149
E01002957,10km to less than 20km,73,141,-68
E01002957,20km to less than 30km,8,18,-10
E01002957,2km to less than 5km,111,153,-42
E01002957,30km to less than 40km,2,7,-5
E01002957,40km to less than 60km,2,5,-3
E01002957,5km to less than 10km,74,123,-49
E01002957,60km and over,8,14,-6
E01002957,Less than 2km,140,106,34
E01002957,"Works mainly at an offshore installation, in no fixed place, or outside the UK",110,64,46
E01002957,Works mainly from home,235,78,157
E01002958,10km to less than 20km,109,311,-202
E01002958,20km to less than 30km,13,31,-18
E01002958,2km to less than 5km,69,138,-69
E01002958,30km to less than 40km,1,12,-11
E01002958,40km to less than 60km,3,5,-2
E01002958,5km to less than 10km,73,132,-59
E01002958,60km and over,3,12,-9
E01002958,Less than 2km,60,118,-58
E01002958,"Works mainly at an offshore installation, in no fixed place, or outside the UK",74,71,3
E01002958,Works mainly from home,517,103,414
E01002959,10km to less than 20km,59,201,-142
E01002959,20km to less than 30km,3,18,-15
E01002959,2km to less than 5km,48,78,-30
E01002959,30km to less than 40km,3,10,-7
E01002959,40km to less than 60km,4,7,-3
E01002959,5km to less than 10km,50,101,-51
E01002959,60km and over,3,5,-2
E01002959,Less than 2km,35,53,-18
E01002959,"Works mainly at an offshore installation, in no fixed place, or outside the UK",27,43,-16
E01002959,Works mainly from home,380,90,290
E01002960,10km to less than 20km,75,219,-144
E01002960,20km to less than 30km,16,35,-19
E01002960,2km to less than 5km,82,102,-20
E01002960,30km to less than 40km,3,10,-7
E01002960,40km to less than 60km,1,8,-7
E01002960,5km to less than 10km,67,89,-22
E01002960,60km and over,7,11,-4
E01002960,Less than 2km,113,132,-19
E01002960,"Works mainly at an offshore installation, in no fixed place, or outside the UK",57,57,0
E01002960,Works mainly from home,383,96,287
E01002961,10km to less than 20km,75,274,-199
E01002961,20km to less than 30km,9,25,-16
E01002961,2km to less than 5km,62,138,-76
E01002961,30km to less than 40km,3,18,-15
E01002961,40km to less than 60km,0,7,-7
E01002961,5km to less than 10km,71,116,-45
E01002961,60km and over,4,4,0
E01002961,Less than 2km,55,103,-48
E01002961,"Works mainly at an offshore installation, in no fixed place, or outside the UK",68,52,16
E01002961,Works mainly from home,489,115,374
E01002962,10km to less than 20km,70,155,-85
E01002962,20km to less than 30km,10,18,-8
E01002962,2km to less than 5km,102,121,-19
E01002962,30km to less than 40km,4,5,-1
E01002962,40km to less than 60km,2,7,-5
E01002962,5km to less than 10km,87,111,-24
E01002962,60km and over,6,8,-2
E01002962,Less than 2km,110,160,-50
E01002962,"Works mainly at an offshore installation, in no fixed place, or outside the UK",119,75,44
E01002962,Works mainly from home,258,66,192
E01002963,10km to less than 20km,108,301,-193
E01002963,20km to less than 30km,13,41,-28
E01002963,2km to less than 5km,93,129,-36
E01002963,30km to less than 40km,2,7,-5
E01002963,40km to less than 60km,2,5,-3
E01002963,5km to less than 10km,101,114,-13
E01002963,60km and over,4,8,-4
E01002963,Less than 2km,101,122,-21
E01002963,"Works mainly at an offshore installation, in no fixed place, or outside the UK",99,77,22
E01002963,Works mainly from home,436,74,362
E01002964,10km to less than 20km,95,293,-198
E01002964,20km to less than 30km,20,40,-20
E01002964,2km to less than 5km,85,95,-10
E01002964,30km to less than 40km,4,13,-9
E01002964,40km to less than 60km,5,5,0
E01002964,5km to less than 10km,110,142,-32
E01002964,60km and over,8,10,-2
E01002964,Less than 2km,205,259,-54
E01002964,"Works mainly at an offshore installation, in no fixed place, or outside the UK",110,86,24
E01002964,Works mainly from home,482,108,374
E01002965,10km to less than 20km,133,338,-205
E01002965,20km to less than 30km,19,77,-58
E01002965,2km to less than 5km,87,99,-12
E01002965,30km to less than 40km,5,21,-16
E01002965,40km to less than 60km,2,9,-7
E01002965,5km to less than 10km,71,150,-79
E01002965,60km and over,11,16,-5
E01002965,Less than 2km,154,297,-143
E01002965,"Works mainly at an offshore installation, in no fixed place, or outside the UK",105,104,1
E01002965,Works mainly from home,614,112,502
E01002966,10km to less than 20km,88,310,-222
E01002966,20km to less than 30km,20,46,-26
E01002966,2km to less than 5km,58,75,-17
E01002966,30km to less than 40km,2,17,-15
E01002966,40km to less than 60km,4,10,-6
E01002966,5km to less than 10km,73,121,-48
E01002966,60km and over,0,18,-18
E01002966,Less than 2km,105,241,-136
E01002966,"Works mainly at an offshore installation, in no fixed place, or outside the UK",102,80,22
E01002966,Works mainly from home,608,113,495
E01002967,10km to less than 20km,91,431,-340
E01002967,20km to less than 30km,23,128,-105
E01002967,2km to less than 5km,67,83,-16
E01002967,30km to less than 40km,9,24,-15
E01002967,40km to less than 60km,4,12,-8
E01002967,5km to less than 10km,48,109,-61
E01002967,60km and over,8,22,-14
E01002967,Less than 2km,85,178,-93
E01002967,"Works mainly at an offshore installation, in no fixed place, or outside the UK",72,74,-2
E01002967,Works mainly from home,700,117,583
E01002968,10km to less than 20km,139,409,-270
E01002968,20km to less than 30km,20,60,-40
E01002968,2km to less than 5km,105,94,11
E01002968,30km to less than 40km,2,14,-12
E01002968,40km to less than 60km,10,16,-6
E01002968,5km to less than 10km,130,146,-16
E01002968,60km and over,12,19,-7
E01002968,Less than 2km,249,252,-3
E01002968,"Works mainly at an offshore installation, in no fixed place, or outside the UK",123,125,-2
E01002968,Works mainly from home,702,165,537
E01002969,10km to less than 20km,70,117,-47
E01002969,20km to less than 30km,12,17,-5
E01002969,2km to less than 5km,73,92,-19
E01002969,30km to less than 40km,7,9,-2
E01002969,40km to less than 60km,4,6,-2
E01002969,5km to less than 10km,95,121,-26
E01002969,60km and over,6,4,2
E01002969,Less than 2km,132,220,-88
E01002969,"Works mainly at an offshore installation, in no fixed place, or outside the UK",124,75,49
E01002969,Works mainly from home,122,31,91
E01002970,10km to less than 20km,81,134,-53
E01002970,20km to less than 30km,11,36,-25
E01002970,2km to less than 5km,85,109,-24
E01002970,30km to less than 40km,5,4,1
E01002970,40km to less than 60km,1,2,-1
E01002970,5km to less than 10km,103,146,-43
E01002970,60km and over,8,9,-1
E01002970,Less than 2km,196,207,-11
E01002970,"Works mainly at an offshore installation, in no fixed place, or outside the UK",126,79,47
E01002970,Works mainly from home,277,58,219
E01002971,10km to less than 20km,70,263,-193
E01002971,20km to less than 30km,6,40,-34
E01002971,2km to less than 5km,67,80,-13
E01002971,30km to less than 40km,6,11,-5
E01002971,40km to less than 60km,1,10,-9
E01002971,5km to less than 10km,84,150,-66
E01002971,60km and over,4,17,-13
E01002971,Less than 2km,130,230,-100
E01002971,"Works mainly at an offshore installation, in no fixed place, or outside the UK",87,91,-4
E01002971,Works mainly from home,510,87,423
E01002972,10km to less than 20km,94,256,-162
E01002972,20km to less than 30km,15,57,-42
E01002972,2km to less than 5km,73,114,-41
E01002972,30km to less than 40km,4,15,-11
E01002972,40km to less than 60km,4,5,-1
E01002972,5km to less than 10km,114,134,-20
E01002972,60km and over,6,5,1
E01002972,Less than 2km,186,257,-71
E01002972,"Works mainly at an offshore installation, in no fixed place, or outside the UK",98,74,24
E01002972,Works mainly from home,442,94,348
E01002973,10km to less than 20km,74,110,-36
E01002973,20km to less than 30km,9,13,-4
E01002973,2km to less than 5km,83,107,-24
E01002973,30km to less than 40km,2,6,-4
E01002973,40km to less than 60km,4,7,-3
E01002973,5km to less than 10km,89,104,-15
E01002973,60km and over,6,9,-3
E01002973,Less than 2km,117,152,-35
E01002973,"Works mainly at an offshore installation, in no fixed place, or outside the UK",149,81,68
E01002973,Works mainly from home,154,56,98
E01002974,10km to less than 20km,96,251,-155
E01002974,20km to less than 30km,4,34,-30
E01002974,2km to less than 5km,61,96,-35
E01002974,30km to less than 40km,8,10,-2
E01002974,40km to less than 60km,6,7,-1
E01002974,5km to less than 10km,84,154,-70
E01002974,60km and over,9,12,-3
E01002974,Less than 2km,122,201,-79
E01002974,"Works mainly at an offshore installation, in no fixed place, or outside the UK",90,67,23
E01002974,Works mainly from home,489,129,360
E01002975,10km to less than 20km,81,168,-87
E01002975,20km to less than 30km,9,36,-27
E01002975,2km to less than 5km,85,118,-33
E01002975,30km to less than 40km,4,8,-4
E01002975,40km to less than 60km,10,6,4
E01002975,5km to less than 10km,76,98,-22
E01002975,60km and over,6,6,0
E01002975,Less than 2km,40,76,-36
E01002975,"Works mainly at an offshore installation, in no fixed place, or outside the UK",97,57,40
E01002975,Works mainly from home,260,76,184
E01002976,10km to less than 20km,90,246,-156
E01002976,20km to less than 30km,13,42,-29
E01002976,2km to less than 5km,96,161,-65
E01002976,30km to less than 40km,10,13,-3
E01002976,40km to less than 60km,3,7,-4
E01002976,5km to less than 10km,99,144,-45
E01002976,60km and over,2,11,-9
E01002976,Less than 2km,56,71,-15
E01002976,"Works mainly at an offshore installation, in no fixed place, or outside the UK",137,87,50
E01002976,Works mainly from home,386,77,309
E01002977,10km to less than 20km,88,162,-74
E01002977,20km to less than 30km,12,28,-16
E01002977,2km to less than 5km,109,166,-57
E01002977,30km to less than 40km,3,6,-3
E01002977,40km to less than 60km,4,4,0
E01002977,5km to less than 10km,87,103,-16
E01002977,60km and over,3,8,-5
E01002977,Less than 2km,58,76,-18
E01002977,"Works mainly at an offshore installation, in no fixed place, or outside the UK",133,83,50
E01002977,Works mainly from home,252,87,165
E01002978,10km to less than 20km,98,294,-196
E01002978,20km to less than 30km,14,45,-31
E01002978,2km to less than 5km,122,156,-34
E01002978,30km to less than 40km,5,12,-7
E01002978,40km to less than 60km,2,6,-4
E01002978,5km to less than 10km,92,128,-36
E01002978,60km and over,5,10,-5
E01002978,Less than 2km,44,80,-36
E01002978,"Works mainly at an offshore installation, in no fixed place, or outside the UK",106,81,25
E01002978,Works mainly from home,420,117,303
E01002979,10km to less than 20km,70,244,-174
E01002979,20km to less than 30km,11,49,-38
E01002979,2km to less than 5km,96,180,-84
E01002979,30km to less than 40km,3,8,-5
E01002979,40km to less than 60km,4,6,-2
E01002979,5km to less than 10km,69,122,-53
E01002979,60km and over,4,8,-4
E01002979,Less than 2km,36,57,-21
E01002979,"Works mainly at an offshore installation, in no fixed place, or outside the UK",80,79,1
E01002979,Works mainly from home,355,78,277
E01002980,10km to less than 20km,70,177,-107
E01002980,20km to less than 30km,13,19,-6
E01002980,2km to less than 5km,86,150,-64
E01002980,30km to less than 40km,2,6,-4
E01002980,40km to less than 60km,2,7,-5
E01002980,5km to less than 10km,76,99,-23
E01002980,60km and over,7,14,-7
E01002980,Less than 2km,48,83,-35
E01002980,"Works mainly at an offshore installation, in no fixed place, or outside the UK",86,63,23
E01002980,Works mainly from home,270,77,193
E01002981,10km to less than 20km,70,173,-103
E01002981,20km to less than 30km,7,30,-23
E01002981,2km to less than 5km,102,141,-39
E01002981,30km to less than 40km,3,13,-10
E01002981,40km to less than 60km,2,12,-10
E01002981,5km to less than 10km,71,114,-43
E01002981,60km and over,7,5,2
E01002981,Less than 2km,54,82,-28
E01002981,"Works mainly at an offshore installation, in no fixed place, or outside the UK",109,62,47
E01002981,Works mainly from home,329,85,244
E01002982,10km to less than 20km,75,170,-95
E01002982,20km to less than 30km,15,19,-4
E01002982,2km to less than 5km,110,112,-2
E01002982,30km to less than 40km,3,9,-6
E01002982,40km to less than 60km,3,6,-3
E01002982,5km to less than 10km,77,90,-13
E01002982,60km and over,5,4,1
E01002982,Less than 2km,46,85,-39
E01002982,"Works mainly at an offshore installation, in no fixed place, or outside the UK",93,88,5
E01002982,Works mainly from home,263,76,187
E01002983,10km to less than 20km,78,243,-165
E01002983,20km to less than 30km,23,25,-2
E01002983,2km to less than 5km,95,153,-58
E01002983,30km to less than 40km,5,14,-9
E01002983,40km to less than 60km,0,8,-8
E01002983,5km to less than 10km,73,93,-20
E01002983,60km and over,6,10,-4
E01002983,Less than 2km,43,73,-30
E01002983,"Works mainly at an offshore installation, in no fixed place, or outside the UK",95,76,19
E01002983,Works mainly from home,395,128,267
E01002984,10km to less than 20km,72,184,-112
E01002984,20km to less than 30km,8,20,-12
E01002984,2km to less than 5km,84,99,-15
E01002984,30km to less than 40km,1,6,-5
E01002984,40km to less than 60km,2,5,-3
E01002984,5km to less than 10km,50,63,-13
E01002984,60km and over,2,5,-3
E01002984,Less than 2km,42,78,-36
E01002984,"Works mainly at an offshore installation, in no fixed place, or outside the UK",71,73,-2
E01002984,Works mainly from home,271,79,192
E01002985,10km to less than 20km,111,228,-117
E01002985,20km to less than 30km,16,29,-13
E01002985,2km to less than 5km,112,147,-35
E01002985,30km to less than 40km,12,14,-2
E01002985,40km to less than 60km,7,7,0
E01002985,5km to less than 10km,78,104,-26
E01002985,60km and over,6,11,-5
E01002985,Less than 2km,103,115,-12
E01002985,"Works mainly at an offshore installation, in no fixed place, or outside the UK",130,71,59
E01002985,Works mainly from home,286,77,209
E01002986,10km to less than 20km,46,147,-101
E01002986,20km to less than 30km,9,22,-13
E01002986,2km to less than 5km,70,103,-33
E01002986,30km to less than 40km,2,7,-5
E01002986,40km to less than 60km,0,8,-8
E01002986,5km to less than 10km,67,95,-28
E01002986,60km and over,3,9,-6
E01002986,Less than 2km,35,86,-51
E01002986,"Works mainly at an offshore installation, in no fixed place, or outside the UK",69,51,18
E01002986,Works mainly from home,278,72,206
E01002987,10km to less than 20km,98,294,-196
E01002987,20km to less than 30km,28,114,-86
E01002987,2km to less than 5km,106,114,-8
E01002987,30km to less than 40km,6,23,-17
E01002987,40km to less than 60km,5,9,-4
E01002987,5km to less than 10km,74,84,-10
E01002987,60km and over,5,10,-5
E01002987,Less than 2km,102,142,-40
E01002987,"Works mainly at an offshore installation, in no fixed place, or outside the UK",133,87,46
E01002987,Works mainly from home,629,101,528
E01002988,10km to less than 20km,67,246,-179
E01002988,20km to less than 30km,25,119,-94
E01002988,2km to less than 5km,64,136,-72
E01002988,30km to less than 40km,0,28,-28
E01002988,40km to less than 60km,4,8,-4
E01002988,5km to less than 10km,37,79,-42
E01002988,60km and over,7,18,-11
E01002988,Less than 2km,54,84,-30
E01002988,"Works mainly at an offshore installation, in no fixed place, or outside the UK",53,58,-5
E01002988,Works mainly from home,512,109,403
E01002989,10km to less than 20km,105,446,-341
E01002989,20km to less than 30km,33,197,-164
E01002989,2km to less than 5km,88,120,-32
E01002989,30km to less than 40km,6,19,-13
E01002989,40km to less than 60km,5,9,-4
E01002989,5km to less than 10km,62,128,-66
E01002989,60km and over,2,16,-14
E01002989,Less than 2km,70,104,-34
E01002989,"Works mainly at an offshore installation, in no fixed place, or outside the UK",65,88,-23
E01002989,Works mainly from home,809,147,662
E01002990,10km to less than 20km,107,422,-315
E01002990,20km to less than 30km,18,120,-102
E01002990,2km to less than 5km,87,89,-2
E01002990,30km to less than 40km,8,22,-14
E01002990,40km to less than 60km,5,13,-8
E01002990,5km to less than 10km,91,117,-26
E01002990,60km and over,5,10,-5
E01002990,Less than 2km,95,153,-58
E01002990,"Works mainly at an offshore installation, in no fixed place, or outside the UK",86,98,-12
E01002990,Works mainly from home,625,88,537
E01002991,10km to less than 20km,76,320,-244
E01002991,20km to less than 30km,17,48,-31
E01002991,2km to less than 5km,54,82,-28
E01002991,30km to less than 40km,4,7,-3
E01002991,40km to less than 60km,6,7,-1
E01002991,5km to less than 10km,53,120,-67
E01002991,60km and over,2,19,-17
E01002991,Less than 2km,85,170,-85
E01002991,"Works mainly at an offshore installation, in no fixed place, or outside the UK",82,66,16
E01002991,Works mainly from home,530,106,424
E01002992,10km to less than 20km,67,185,-118
E01002992,20km to less than 30km,12,44,-32
E01002992,2km to less than 5km,45,45,0
E01002992,30km to less than 40km,6,23,-17
E01002992,40km to less than 60km,0,11,-11
E01002992,5km to less than 10km,49,104,-55
E01002992,60km and over,9,21,-12
E01002992,Less than 2km,72,209,-137
E01002992,"Works mainly at an offshore installation, in no fixed place, or outside the UK",68,57,11
E01002992,Works mainly from home,325,51,274
E01002993,10km to less than 20km,97,295,-198
E01002993,20km to less than 30km,20,141,-121
E01002993,2km to less than 5km,95,162,-67
E01002993,30km to less than 40km,4,18,-14
E01002993,40km to less than 60km,2,7,-5
E01002993,5km to less than 10km,87,106,-19
E01002993,60km and over,5,11,-6
E01002993,Less than 2km,48,92,-44
E01002993,"Works mainly at an offshore installation, in no fixed place, or outside the UK",78,73,5
E01002993,Works mainly from home,504,84,420
E01002994,10km to less than 20km,57,182,-125
E01002994,20km to less than 30km,18,110,-92
E01002994,2km to less than 5km,58,111,-53
E01002994,30km to less than 40km,7,25,-18
E01002994,40km to less than 60km,5,5,0
E01002994,5km to less than 10km,33,101,-68
E01002994,60km and over,4,11,-7
E01002994,Less than 2km,46,75,-29
E01002994,"Works mainly at an offshore installation, in no fixed place, or outside the UK",70,65,5
E01002994,Works mainly from home,412,98,314
E01002995,10km to less than 20km,64,223,-159
E01002995,20km to less than 30km,24,118,-94
E01002995,2km to less than 5km,54,85,-31
E01002995,30km to less than 40km,3,24,-21
E01002995,40km to less than 60km,5,9,-4
E01002995,5km to less than 10km,48,65,-17
E01002995,60km and over,3,10,-7
E01002995,Less than 2km,28,78,-50
E01002995,"Works mainly at an offshore installation, in no fixed place, or outside the UK",55,41,14
E01002995,Works mainly from home,542,116,426
E01002996,10km to less than 20km,68,216,-148
E01002996,20km to less than 30km,15,101,-86
E01002996,2km to less than 5km,81,147,-66
E01002996,30km to less than 40km,4,16,-12
E01002996,40km to less than 60km,1,6,-5
E01002996,5km to less than 10km,62,118,-56
E01002996,60km and over,2,14,-12
E01002996,Less than 2km,58,90,-32
E01002996,"Works mainly at an offshore installation, in no fixed place, or outside the UK",98,67,31
E01002996,Works mainly from home,420,80,340
E01002997,10km to less than 20km,63,215,-152
E01002997,20km to less than 30km,28,95,-67
E01002997,2km to less than 5km,74,123,-49
E01002997,30km to less than 40km,2,12,-10
E01002997,40km to less than 60km,1,7,-6
E01002997,5km to less than 10km,50,90,-40
E01002997,60km and over,0,12,-12
E01002997,Less than 2km,43,87,-44
E01002997,"Works mainly at an offshore installation, in no fixed place, or outside the UK",56,68,-12
E01002997,Works mainly from home,526,117,409
E01002998,10km to less than 20km,82,157,-75
E01002998,20km to less than 30km,14,71,-57
E01002998,2km to less than 5km,89,170,-81
E01002998,30km to less than 40km,8,11,-3
E01002998,40km to less than 60km,3,8,-5
E01002998,5km to less than 10km,67,94,-27
E01002998,60km and over,4,10,-6
E01002998,Less than 2km,70,122,-52
E01002998,"Works mainly at an offshore installation, in no fixed place, or outside the UK",100,64,36
E01002998,Works mainly from home,352,61,291
E01002999,10km to less than 20km,84,280,-196
E01002999,20km to less than 30km,17,105,-88
E01002999,2km to less than 5km,109,121,-12
E01002999,30km to less than 40km,9,12,-3
E01002999,40km to less than 60km,1,11,-10
E01002999,5km to less than 10km,68,79,-11
E01002999,60km and over,2,10,-8
E01002999,Less than 2km,59,99,-40
E01002999,"Works mainly at an offshore installation, in no fixed place, or outside the UK",99,65,34
E01002999,Works mainly from home,469,66,403
E01003000,10km to less than 20km,95,132,-37
E01003000,20km to less than 30km,24,42,-18
E01003000,2km to less than 5km,130,203,-73
E01003000,30km to less than 40km,3,9,-6
E01003000,40km to less than 60km,2,7,-5
E01003000,5km to less than 10km,74,118,-44
E01003000,60km and over,4,9,-5
E01003000,Less than 2km,81,116,-35
E01003000,"Works mainly at an offshore installation, in no fixed place, or outside the UK",146,71,75
E01003000,Works mainly from home,362,67,295
E01003001,10km to less than 20km,105,179,-74
E01003001,20km to less than 30km,22,60,-38
E01003001,2km to less than 5km,146,239,-93
E01003001,30km to less than 40km,10,16,-6
E01003001,40km to less than 60km,3,9,-6
E01003001,5km to less than 10km,108,123,-15
E01003001,60km and over,9,12,-3
E01003001,Less than 2km,99,154,-55
E01003001,"Works mainly at an offshore installation, in no fixed place, or outside the UK",156,105,51
E01003001,Works mainly from home,330,66,264
E01003002,10km to less than 20km,75,169,-94
E01003002,20km to less than 30km,23,104,-81
E01003002,2km to less than 5km,119,202,-83
E01003002,30km to less than 40km,4,10,-6
E01003002,40km to less than 60km,3,7,-4
E01003002,5km to less than 10km,88,125,-37
E01003002,60km and over,5,12,-7
E01003002,Less than 2km,99,131,-32
E01003002,"Works mainly at an offshore installation, in no fixed place, or outside the UK",163,73,90
E01003002,Works mainly from home,386,95,291
E01003003,10km to less than 20km,88,181,-93
E01003003,20km to less than 30km,24,39,-15
E01003003,2km to less than 5km,115,184,-69
E01003003,30km to less than 40km,6,13,-7
E01003003,40km to less than 60km,2,5,-3
E01003003,5km to less than 10km,80,121,-41
E01003003,60km and over,1,10,-9
E01003003,Less than 2km,79,140,-61
E01003003,"Works mainly at an offshore installation, in no fixed place, or outside the UK",171,78,93
E01003003,Works mainly from home,300,67,233
E01003004,10km to less than 20km,88,143,-55
E01003004,20km to less than 30km,28,60,-32
E01003004,2km to less than 5km,114,212,-98
E01003004,30km to less than 40km,10,16,-6
E01003004,40km to less than 60km,3,8,-5
E01003004,5km to less than 10km,75,106,-31
E01003004,60km and over,2,6,-4
E01003004,Less than 2km,71,119,-48
E01003004,"Works mainly at an offshore installation, in no fixed place, or outside the UK",171,80,91
E01003004,Works mainly from home,308,78,230
E01003005,10km to less than 20km,91,144,-53
E01003005,20km to less than 30km,26,48,-22
E01003005,2km to less than 5km,120,177,-57
E01003005,30km to less than 40km,5,12,-7
E01003005,40km to less than 60km,3,6,-3
E01003005,5km to less than 10km,102,122,-20
E01003005,60km and over,4,12,-8
E01003005,Less than 2km,74,120,-46
E01003005,"Works mainly at an offshore installation, in no fixed place, or outside the UK",139,100,39
E01003005,Works mainly from home,255,63,192
E01003006,10km to less than 20km,45,213,-168
E01003006,20km to less than 30km,6,23,-17
E01003006,2km to less than 5km,65,148,-83
E01003006,30km to less than 40km,2,12,-10
E01003006,40km to less than 60km,3,9,-6
E01003006,5km to less than 10km,45,115,-70
E01003006,60km and over,8,5,3
E01003006,Less than 2km,45,53,-8
E01003006,"Works mainly at an offshore installation, in no fixed place, or outside the UK",64,61,3
E01003006,Works mainly from home,423,94,329
E01003007,10km to less than 20km,53,191,-138
E01003007,20km to less than 30km,8,34,-26
E01003007,2km to less than 5km,81,131,-50
E01003007,30km to less than 40km,9,10,-1
E01003007,40km to less than 60km,3,4,-1
E01003007,5km to less than 10km,46,99,-53
E01003007,60km and over,1,11,-10
E01003007,Less than 2km,53,68,-15
E01003007,"Works mainly at an offshore installation, in no fixed place, or outside the UK",60,71,-11
E01003007,Works mainly from home,432,114,318
E01003008,10km to less than 20km,56,193,-137
E01003008,20km to less than 30km,5,27,-22
E01003008,2km to less than 5km,39,114,-75
E01003008,30km to less than 40km,3,8,-5
E01003008,40km to less than 60km,2,6,-4
E01003008,5km to less than 10km,56,105,-49
E01003008,60km and over,4,7,-3
E01003008,Less than 2km,54,104,-50
E01003008,"Works mainly at an offshore installation, in no fixed place, or outside the UK",46,50,-4
E01003008,Works mainly from home,417,98,319
E01003009,10km to less than 20km,67,233,-166
E01003009,20km to less than 30km,10,27,-17
E01003009,2km to less than 5km,92,181,-89
E01003009,30km to less than 40km,5,13,-8
E01003009,40km to less than 60km,1,8,-7
E01003009,5km to less than 10km,80,139,-59
E01003009,60km and over,0,18,-18
E01003009,Less than 2km,109,127,-18
E01003009,"Works mainly at an offshore installation, in no fixed place, or outside the UK",92,89,3
E01003009,Works mainly from home,508,119,389
E01003010,10km to less than 20km,50,224,-174
E01003010,20km to less than 30km,3,34,-31
E01003010,2km to less than 5km,50,75,-25
E01003010,30km to less than 40km,4,10,-6
E01003010,40km to less than 60km,0,1,-1
E01003010,5km to less than 10km,53,111,-58
E01003010,60km and over,3,8,-5
E01003010,Less than 2km,84,132,-48
E01003010,"Works mainly at an offshore installation, in no fixed place, or outside the UK",41,54,-13
E01003010,Works mainly from home,452,132,320
E01003011,10km to less than 20km,63,313,-250
E01003011,20km to less than 30km,11,41,-30
E01003011,2km to less than 5km,41,65,-24
E01003011,30km to less than 40km,4,18,-14
E01003011,40km to less than 60km,2,11,-9
E01003011,5km to less than 10km,36,101,-65
E01003011,60km and over,3,16,-13
E01003011,Less than 2km,70,138,-68
E01003011,"Works mainly at an offshore installation, in no fixed place, or outside the UK",64,74,-10
E01003011,Works mainly from home,503,137,366
E01003013,10km to less than 20km,26,31,-5
E01003013,20km to less than 30km,5,13,-8
E01003013,2km to less than 5km,119,302,-183
E01003013,30km to less than 40km,0,12,-12
E01003013,40km to less than 60km,0,12,-12
E01003013,5km to less than 10km,52,133,-81
E01003013,60km and over,3,13,-10
E01003013,Less than 2km,110,380,-270
E01003013,"Works mainly at an offshore installation, in no fixed place, or outside the UK",69,62,7
E01003013,Works mainly from home,551,129,422
E01003014,10km to less than 20km,27,53,-26
E01003014,20km to less than 30km,10,16,-6
E01003014,2km to less than 5km,116,332,-216
E01003014,30km to less than 40km,2,7,-5
E01003014,40km to less than 60km,5,11,-6
E01003014,5km to less than 10km,56,95,-39
E01003014,60km and over,1,16,-15
E01003014,Less than 2km,79,241,-162
E01003014,"Works mainly at an offshore installation, in no fixed place, or outside the UK",108,93,15
E01003014,Works mainly from home,316,81,235
E01003015,10km to less than 20km,30,29,1
E01003015,20km to less than 30km,6,8,-2
E01003015,2km to less than 5km,155,223,-68
E01003015,30km to less than 40km,0,3,-3
E01003015,40km to less than 60km,3,1,2
E01003015,5km to less than 10km,74,68,6
E01003015,60km and over,1,11,-10
E01003015,Less than 2km,94,127,-33
E01003015,"Works mainly at an offshore installation, in no fixed place, or outside the UK",134,59,75
E01003015,Works mainly from home,388,67,321
E01003016,10km to less than 20km,25,26,-1
E01003016,20km to less than 30km,3,8,-5
E01003016,2km to less than 5km,59,143,-84
E01003016,30km to less than 40km,3,6,-3
E01003016,40km to less than 60km,4,6,-2
E01003016,5km to less than 10km,35,83,-48
E01003016,60km and over,10,11,-1
E01003016,Less than 2km,76,160,-84
E01003016,"Works mainly at an offshore installation, in no fixed place, or outside the UK",40,68,-28
E01003016,Works mainly from home,271,61,210
E01003017,10km to less than 20km,28,51,-23
E01003017,20km to less than 30km,4,9,-5
E01003017,2km to less than 5km,95,219,-124
E01003017,30km to less than 40km,5,6,-1
E01003017,40km to less than 60km,3,8,-5
E01003017,5km to less than 10km,89,125,-36
E01003017,60km and over,3,16,-13
E01003017,Less than 2km,113,303,-190
E01003017,"Works mainly at an offshore installation, in no fixed place, or outside the UK",106,119,-13
E01003017,Works mainly from home,396,102,294
E01003018,10km to less than 20km,39,97,-58
E01003018,20km to less than 30km,6,16,-10
E01003018,2km to less than 5km,112,182,-70
E01003018,30km to less than 40km,3,7,-4
E01003018,40km to less than 60km,1,5,-4
E01003018,5km to less than 10km,193,771,-578
E01003018,60km and over,4,17,-13
E01003018,Less than 2km,45,85,-40
E01003018,"Works mainly at an offshore installation, in no fixed place, or outside the UK",113,140,-27
E01003018,Works mainly from home,934,119,815
E01003019,10km to less than 20km,34,101,-67
E01003019,20km to less than 30km,8,22,-14
E01003019,2km to less than 5km,129,212,-83
E01003019,30km to less than 40km,4,9,-5
E01003019,40km to less than 60km,3,8,-5
E01003019,5km to less than 10km,190,811,-621
E01003019,60km and over,4,9,-5
E01003019,Less than 2km,55,83,-28
E01003019,"Works mainly at an offshore installation, in no fixed place, or outside the UK",70,90,-20
E01003019,Works mainly from home,964,105,859
E01003020,10km to less than 20km,34,75,-41
E01003020,20km to less than 30km,1,14,-13
E01003020,2km to less than 5km,84,162,-78
E01003020,30km to less than 40km,3,3,0
E01003020,40km to less than 60km,2,8,-6
E01003020,5km to less than 10km,155,534,-379
E01003020,60km and over,4,10,-6
E01003020,Less than 2km,61,87,-26
E01003020,"Works mainly at an offshore installation, in no fixed place, or outside the UK",84,97,-13
E01003020,Works mainly from home,687,89,598
E01003021,10km to less than 20km,45,78,-33
E01003021,20km to less than 30km,11,3,8
E01003021,2km to less than 5km,101,106,-5
E01003021,30km to less than 40km,0,4,-4
E01003021,40km to less than 60km,6,5,1
E01003021,5km to less than 10km,127,310,-183
E01003021,60km and over,9,4,5
E01003021,Less than 2km,44,90,-46
E01003021,"Works mainly at an offshore installation, in no fixed place, or outside the UK",137,86,51
E01003021,Works mainly from home,343,72,271
E01003022,10km to less than 20km,39,79,-40
E01003022,20km to less than 30km,5,14,-9
E01003022,2km to less than 5km,78,132,-54
E01003022,30km to less than 40km,1,1,0
E01003022,40km to less than 60km,2,7,-5
E01003022,5km to less than 10km,136,578,-442
E01003022,60km and over,5,10,-5
E01003022,Less than 2km,53,69,-16
E01003022,"Works mainly at an offshore installation, in no fixed place, or outside the UK",101,94,7
E01003022,Works mainly from home,630,86,544
E01003023,10km to less than 20km,74,124,-50
E01003023,20km to less than 30km,10,22,-12
E01003023,2km to less than 5km,132,169,-37
E01003023,30km to less than 40km,6,7,-1
E01003023,40km to less than 60km,7,3,4
E01003023,5km to less than 10km,329,828,-499
E01003023,60km and over,6,23,-17
E01003023,Less than 2km,86,97,-11
E01003023,"Works mainly at an offshore installation, in no fixed place, or outside the UK",195,152,43
E01003023,Works mainly from home,815,106,709
E01003024,10km to less than 20km,50,71,-21
E01003024,20km to less than 30km,10,9,1
E01003024,2km to less than 5km,109,138,-29
E01003024,30km to less than 40km,5,7,-2
E01003024,40km to less than 60km,7,9,-2
E01003024,5km to less than 10km,251,400,-149
E01003024,60km and over,6,16,-10
E01003024,Less than 2km,65,72,-7
E01003024,"Works mainly at an offshore installation, in no fixed place, or outside the UK",148,116,32
E01003024,Works mainly from home,371,47,324
E01003025,10km to less than 20km,60,97,-37
E01003025,20km to less than 30km,8,19,-11
E01003025,2km to less than 5km,112,142,-30
E01003025,30km to less than 40km,2,6,-4
E01003025,40km to less than 60km,3,9,-6
E01003025,5km to less than 10km,247,504,-257
E01003025,60km and over,6,17,-11
E01003025,Less than 2km,66,91,-25
E01003025,"Works mainly at an offshore installation, in no fixed place, or outside the UK",156,102,54
E01003025,Works mainly from home,531,105,426
E01003026,10km to less than 20km,33,103,-70
E01003026,20km to less than 30km,7,17,-10
E01003026,2km to less than 5km,78,104,-26
E01003026,30km to less than 40km,3,2,1
E01003026,40km to less than 60km,0,10,-10
E01003026,5km to less than 10km,110,602,-492
E01003026,60km and over,2,14,-12
E01003026,Less than 2km,24,44,-20
E01003026,"Works mainly at an offshore installation, in no fixed place, or outside the UK",76,70,6
E01003026,Works mainly from home,708,98,610
E01003027,10km to less than 20km,17,34,-17
E01003027,20km to less than 30km,2,10,-8
E01003027,2km to less than 5km,57,92,-35
E01003027,30km to less than 40km,2,2,0
E01003027,40km to less than 60km,0,3,-3
E01003027,5km to less than 10km,124,473,-349
E01003027,60km and over,1,11,-10
E01003027,Less than 2km,21,36,-15
E01003027,"Works mainly at an offshore installation, in no fixed place, or outside the UK",34,51,-17
E01003027,Works mainly from home,606,106,500
E01003028,10km to less than 20km,29,63,-34
E01003028,20km to less than 30km,5,9,-4
E01003028,2km to less than 5km,63,102,-39
E01003028,30km to less than 40km,2,6,-4
E01003028,40km to less than 60km,3,4,-1
E01003028,5km to less than 10km,126,457,-331
E01003028,60km and over,5,10,-5
E01003028,Less than 2km,30,41,-11
E01003028,"Works mainly at an offshore installation, in no fixed place, or outside the UK",62,61,1
E01003028,Works mainly from home,588,86,502
E01003029,10km to less than 20km,49,69,-20
E01003029,20km to less than 30km,5,17,-12
E01003029,2km to less than 5km,122,156,-34
E01003029,30km to less than 40km,4,10,-6
E01003029,40km to less than 60km,0,11,-11
E01003029,5km to less than 10km,178,679,-501
E01003029,60km and over,7,12,-5
E01003029,Less than 2km,39,57,-18
E01003029,"Works mainly at an offshore installation, in no fixed place, or outside the UK",84,96,-12
E01003029,Works mainly from home,764,75,689
E01003030,10km to less than 20km,39,106,-67
E01003030,20km to less than 30km,5,19,-14
E01003030,2km to less than 5km,64,90,-26
E01003030,30km to less than 40km,2,10,-8
E01003030,40km to less than 60km,2,7,-5
E01003030,5km to less than 10km,182,803,-621
E01003030,60km and over,3,11,-8
E01003030,Less than 2km,40,50,-10
E01003030,"Works mainly at an offshore installation, in no fixed place, or outside the UK",54,68,-14
E01003030,Works mainly from home,877,125,752
E01003031,10km to less than 20km,34,117,-83
E01003031,20km to less than 30km,4,11,-7
E01003031,2km to less than 5km,99,138,-39
E01003031,30km to less than 40km,1,4,-3
E01003031,40km to less than 60km,1,4,-3
E01003031,5km to less than 10km,174,574,-400
E01003031,60km and over,2,12,-10
E01003031,Less than 2km,36,60,-24
E01003031,"Works mainly at an offshore installation, in no fixed place, or outside the UK",72,90,-18
E01003031,Works mainly from home,552,56,496
E01003032,10km to less than 20km,35,56,-21
E01003032,20km to less than 30km,5,19,-14
E01003032,2km to less than 5km,102,155,-53
E01003032,30km to less than 40km,3,4,-1
E01003032,40km to less than 60km,2,8,-6
E01003032,5km to less than 10km,157,478,-321
E01003032,60km and over,6,10,-4
E01003032,Less than 2km,35,64,-29
E01003032,"Works mainly at an offshore installation, in no fixed place, or outside the UK",99,89,10
E01003032,Works mainly from home,561,88,473
E01003033,10km to less than 20km,23,62,-39
E01003033,20km to less than 30km,5,9,-4
E01003033,2km to less than 5km,81,103,-22
E01003033,30km to less than 40km,1,3,-2
E01003033,40km to less than 60km,0,1,-1
E01003033,5km to less than 10km,125,493,-368
E01003033,60km and over,4,9,-5
E01003033,Less than 2km,40,62,-22
E01003033,"Works mainly at an offshore installation, in no fixed place, or outside the UK",54,57,-3
E01003033,Works mainly from home,602,110,492
E01003034,10km to less than 20km,32,61,-29
E01003034,20km to less than 30km,10,18,-8
E01003034,2km to less than 5km,116,257,-141
E01003034,30km to less than 40km,3,9,-6
E01003034,40km to less than 60km,2,9,-7
E01003034,5km to less than 10km,145,427,-282
E01003034,60km and over,6,14,-8
E01003034,Less than 2km,55,79,-24
E01003034,"Works mainly at an offshore installation, in no fixed place, or outside the UK",95,83,12
E01003034,Works mainly from home,515,91,424
E01003035,10km to less than 20km,29,57,-28
E01003035,20km to less than 30km,3,12,-9
E01003035,2km to less than 5km,117,204,-87
E01003035,30km to less than 40km,4,12,-8
E01003035,40km to less than 60km,12,13,-1
E01003035,5km to less than 10km,154,592,-438
E01003035,60km and over,8,8,0
E01003035,Less than 2km,37,59,-22
E01003035,"Works mainly at an offshore installation, in no fixed place, or outside the UK",85,102,-17
E01003035,Works mainly from home,706,79,627
E01003036,10km to less than 20km,35,50,-15
E01003036,20km to less than 30km,16,11,5
E01003036,2km to less than 5km,129,186,-57
E01003036,30km to less than 40km,4,7,-3
E01003036,40km to less than 60km,5,11,-6
E01003036,5km to less than 10km,179,467,-288
E01003036,60km and over,4,14,-10
E01003036,Less than 2km,51,73,-22
E01003036,"Works mainly at an offshore installation, in no fixed place, or outside the UK",83,72,11
E01003036,Works mainly from home,650,86,564
E01003037,10km to less than 20km,33,53,-20
E01003037,20km to less than 30km,9,9,0
E01003037,2km to less than 5km,125,181,-56
E01003037,30km to less than 40km,2,8,-6
E01003037,40km to less than 60km,0,6,-6
E01003037,5km to less than 10km,109,300,-191
E01003037,60km and over,5,4,1
E01003037,Less than 2km,42,61,-19
E01003037,"Works mainly at an offshore installation, in no fixed place, or outside the UK",79,60,19
E01003037,Works mainly from home,368,62,306
E01003038,10km to less than 20km,26,46,-20
E01003038,20km to less than 30km,3,15,-12
E01003038,2km to less than 5km,116,169,-53
E01003038,30km to less than 40km,0,10,-10
E01003038,40km to less than 60km,1,7,-6
E01003038,5km to less than 10km,170,436,-266
E01003038,60km and over,1,2,-1
E01003038,Less than 2km,41,42,-1
E01003038,"Works mainly at an offshore installation, in no fixed place, or outside the UK",68,57,11
E01003038,Works mainly from home,738,96,642
E01003039,10km to less than 20km,34,64,-30
E01003039,20km to less than 30km,4,24,-20
E01003039,2km to less than 5km,115,274,-159
E01003039,30km to less than 40km,2,12,-10
E01003039,40km to less than 60km,0,7,-7
E01003039,5km to less than 10km,182,881,-699
E01003039,60km and over,5,19,-14
E01003039,Less than 2km,25,75,-50
E01003039,"Works mainly at an offshore installation, in no fixed place, or outside the UK",57,84,-27
E01003039,Works mainly from home,985,172,813
E01003040,10km to less than 20km,17,46,-29
E01003040,20km to less than 30km,3,12,-9
E01003040,2km to less than 5km,56,136,-80
E01003040,30km to less than 40km,2,3,-1
E01003040,40km to less than 60km,4,5,-1
E01003040,5km to less than 10km,96,404,-308
E01003040,60km and over,0,10,-10
E01003040,Less than 2km,36,65,-29
E01003040,"Works mainly at an offshore installation, in no fixed place, or outside the UK",50,51,-1
E01003040,Works mainly from home,533,81,452
E01003041,10km to less than 20km,47,76,-29
E01003041,20km to less than 30km,5,12,-7
E01003041,2km to less than 5km,115,167,-52
E01003041,30km to less than 40km,3,5,-2
E01003041,40km to less than 60km,4,6,-2
E01003041,5km to less than 10km,154,426,-272
E01003041,60km and over,8,12,-4
E01003041,Less than 2km,41,71,-30
E01003041,"Works mainly at an offshore installation, in no fixed place, or outside the UK",85,65,20
E01003041,Works mainly from home,368,41,327
E01003042,10km to less than 20km,28,63,-35
E01003042,20km to less than 30km,4,8,-4
E01003042,2km to less than 5km,87,130,-43
E01003042,30km to less than 40km,2,3,-1
E01003042,40km to less than 60km,1,6,-5
E01003042,5km to less than 10km,96,283,-187
E01003042,60km and over,5,6,-1
E01003042,Less than 2km,24,47,-23
E01003042,"Works mainly at an offshore installation, in no fixed place, or outside the UK",66,67,-1
E01003042,Works mainly from home,371,40,331
E01003043,10km to less than 20km,30,68,-38
E01003043,20km to less than 30km,5,12,-7
E01003043,2km to less than 5km,71,122,-51
E01003043,30km to less than 40km,1,1,0
E01003043,40km to less than 60km,2,8,-6
E01003043,5km to less than 10km,158,551,-393
E01003043,60km and over,3,11,-8
E01003043,Less than 2km,45,76,-31
E01003043,"Works mainly at an offshore installation, in no fixed place, or outside the UK",76,80,-4
E01003043,Works mainly from home,631,91,540
E01003044,10km to less than 20km,27,42,-15
E01003044,20km to less than 30km,7,12,-5
E01003044,2km to less than 5km,69,114,-45
E01003044,30km to less than 40km,1,2,-1
E01003044,40km to less than 60km,2,4,-2
E01003044,5km to less than 10km,128,189,-61
E01003044,60km and over,8,11,-3
E01003044,Less than 2km,57,70,-13
E01003044,"Works mainly at an offshore installation, in no fixed place, or outside the UK",81,99,-18
E01003044,Works mainly from home,264,32,232
E01003045,10km to less than 20km,41,45,-4
E01003045,20km to less than 30km,11,12,-1
E01003045,2km to less than 5km,118,190,-72
E01003045,30km to less than 40km,1,8,-7
E01003045,40km to less than 60km,0,4,-4
E01003045,5km to less than 10km,158,261,-103
E01003045,60km and over,6,18,-12
E01003045,Less than 2km,94,97,-3
E01003045,"Works mainly at an offshore installation, in no fixed place, or outside the UK",163,87,76
E01003045,Works mainly from home,235,59,176
E01003046,10km to less than 20km,40,56,-16
E01003046,20km to less than 30km,2,12,-10
E01003046,2km to less than 5km,170,166,4
E01003046,30km to less than 40km,2,4,-2
E01003046,40km to less than 60km,1,5,-4
E01003046,5km to less than 10km,140,225,-85
E01003046,60km and over,11,12,-1
E01003046,Less than 2km,80,92,-12
E01003046,"Works mainly at an offshore installation, in no fixed place, or outside the UK",132,124,8
E01003046,Works mainly from home,262,50,212
E01003047,10km to less than 20km,46,63,-17
E01003047,20km to less than 30km,8,18,-10
E01003047,2km to less than 5km,117,175,-58
E01003047,30km to less than 40km,6,0,6
E01003047,40km to less than 60km,2,2,0
E01003047,5km to less than 10km,202,320,-118
E01003047,60km and over,7,22,-15
E01003047,Less than 2km,75,70,5
E01003047,"Works mainly at an offshore installation, in no fixed place, or outside the UK",110,95,15
E01003047,Works mainly from home,489,76,413
E01003048,10km to less than 20km,63,60,3
E01003048,20km to less than 30km,14,21,-7
E01003048,2km to less than 5km,135,136,-1
E01003048,30km to less than 40km,2,1,1
E01003048,40km to less than 60km,0,3,-3
E01003048,5km to less than 10km,188,189,-1
E01003048,60km and over,16,15,1
E01003048,Less than 2km,84,97,-13
E01003048,"Works mainly at an offshore installation, in no fixed place, or outside the UK",157,90,67
E01003048,Works mainly from home,184,56,128
E01003049,10km to less than 20km,36,63,-27
E01003049,20km to less than 30km,11,5,6
E01003049,2km to less than 5km,112,125,-13
E01003049,30km to less than 40km,1,3,-2
E01003049,40km to less than 60km,1,5,-4
E01003049,5km to less than 10km,184,288,-104
E01003049,60km and over,11,13,-2
E01003049,Less than 2km,72,96,-24
E01003049,"Works mainly at an offshore installation, in no fixed place, or outside the UK",136,91,45
E01003049,Works mainly from home,384,54,330
E01003050,10km to less than 20km,37,89,-52
E01003050,20km to less than 30km,8,13,-5
E01003050,2km to less than 5km,78,158,-80
E01003050,30km to less than 40km,0,7,-7
E01003050,40km to less than 60km,4,11,-7
E01003050,5km to less than 10km,169,504,-335
E01003050,60km and over,6,13,-7
E01003050,Less than 2km,47,68,-21
E01003050,"Works mainly at an offshore installation, in no fixed place, or outside the UK",79,100,-21
E01003050,Works mainly from home,660,96,564
E01003051,10km to less than 20km,52,68,-16
E01003051,20km to less than 30km,4,11,-7
E01003051,2km to less than 5km,113,128,-15
E01003051,30km to less than 40km,5,2,3
E01003051,40km to less than 60km,6,6,0
E01003051,5km to less than 10km,266,297,-31
E01003051,60km and over,7,19,-12
E01003051,Less than 2km,70,68,2
E01003051,"Works mainly at an offshore installation, in no fixed place, or outside the UK",138,90,48
E01003051,Works mainly from home,646,72,574
E01003052,10km to less than 20km,40,49,-9
E01003052,20km to less than 30km,9,8,1
E01003052,2km to less than 5km,182,136,46
E01003052,30km to less than 40km,2,3,-1
E01003052,40km to less than 60km,12,4,8
E01003052,5km to less than 10km,226,276,-50
E01003052,60km and over,6,13,-7
E01003052,Less than 2km,72,108,-36
E01003052,"Works mainly at an offshore installation, in no fixed place, or outside the UK",200,94,106
E01003052,Works mainly from home,309,63,246
E01003053,10km to less than 20km,30,90,-60
E01003053,20km to less than 30km,5,11,-6
E01003053,2km to less than 5km,108,210,-102
E01003053,30km to less than 40km,2,10,-8
E01003053,40km to less than 60km,6,11,-5
E01003053,5km to less than 10km,240,645,-405
E01003053,60km and over,4,11,-7
E01003053,Less than 2km,56,77,-21
E01003053,"Works mainly at an offshore installation, in no fixed place, or outside the UK",99,76,23
E01003053,Works mainly from home,739,89,650
E01003054,10km to less than 20km,40,82,-42
E01003054,20km to less than 30km,7,21,-14
E01003054,2km to less than 5km,148,244,-96
E01003054,30km to less than 40km,0,7,-7
E01003054,40km to less than 60km,6,10,-4
E01003054,5km to less than 10km,245,871,-626
E01003054,60km and over,7,15,-8
E01003054,Less than 2km,33,51,-18
E01003054,"Works mainly at an offshore installation, in no fixed place, or outside the UK",58,74,-16
E01003054,Works mainly from home,1178,84,1094
E01003055,10km to less than 20km,41,50,-9
E01003055,20km to less than 30km,6,4,2
E01003055,2km to less than 5km,83,162,-79
E01003055,30km to less than 40km,6,8,-2
E01003055,40km to less than 60km,1,4,-3
E01003055,5km to less than 10km,172,472,-300
E01003055,60km and over,5,9,-4
E01003055,Less than 2km,36,63,-27
E01003055,"Works mainly at an offshore installation, in no fixed place, or outside the UK",75,77,-2
E01003055,Works mainly from home,591,94,497
E01003056,10km to less than 20km,44,76,-32
E01003056,20km to less than 30km,4,15,-11
E01003056,2km to less than 5km,119,238,-119
E01003056,30km to less than 40km,2,7,-5
E01003056,40km to less than 60km,0,7,-7
E01003056,5km to less than 10km,181,714,-533
E01003056,60km and over,2,23,-21
E01003056,Less than 2km,34,73,-39
E01003056,"Works mainly at an offshore installation, in no fixed place, or outside the UK",98,92,6
E01003056,Works mainly from home,744,67,677
E01003057,10km to less than 20km,41,67,-26
E01003057,20km to less than 30km,11,15,-4
E01003057,2km to less than 5km,112,178,-66
E01003057,30km to less than 40km,1,13,-12
E01003057,40km to less than 60km,3,2,1
E01003057,5km to less than 10km,148,446,-298
E01003057,60km and over,5,13,-8
E01003057,Less than 2km,63,87,-24
E01003057,"Works mainly at an offshore installation, in no fixed place, or outside the UK",99,68,31
E01003057,Works mainly from home,466,57,409
E01003058,10km to less than 20km,35,103,-68
E01003058,20km to less than 30km,8,14,-6
E01003058,2km to less than 5km,122,201,-79
E01003058,30km to less than 40km,3,12,-9
E01003058,40km to less than 60km,5,12,-7
E01003058,5km to less than 10km,228,774,-546
E01003058,60km and over,8,18,-10
E01003058,Less than 2km,46,66,-20
E01003058,"Works mainly at an offshore installation, in no fixed place, or outside the UK",101,121,-20
E01003058,Works mainly from home,859,84,775
E01003059,10km to less than 20km,50,65,-15
E01003059,20km to less than 30km,10,10,0
E01003059,2km to less than 5km,190,188,2
E01003059,30km to less than 40km,4,4,0
E01003059,40km to less than 60km,9,7,2
E01003059,5km to less than 10km,297,241,56
E01003059,60km and over,12,14,-2
E01003059,Less than 2km,91,81,10
E01003059,"Works mainly at an offshore installation, in no fixed place, or outside the UK",141,123,18
E01003059,Works mainly from home,457,46,411
E01003060,10km to less than 20km,49,44,5
E01003060,20km to less than 30km,6,9,-3
E01003060,2km to less than 5km,142,153,-11
E01003060,30km to less than 40km,2,6,-4
E01003060,40km to less than 60km,1,4,-3
E01003060,5km to less than 10km,159,212,-53
E01003060,60km and over,13,14,-1
E01003060,Less than 2km,68,93,-25
E01003060,"Works mainly at an offshore installation, in no fixed place, or outside the UK",142,108,34
E01003060,Works mainly from home,365,42,323
E01003061,10km to less than 20km,46,56,-10
E01003061,20km to less than 30km,4,11,-7
E01003061,2km to less than 5km,109,142,-33
E01003061,30km to less than 40km,1,1,0
E01003061,40km to less than 60km,5,5,0
E01003061,5km to less than 10km,128,313,-185
E01003061,60km and over,9,8,1
E01003061,Less than 2km,64,56,8
E01003061,"Works mainly at an offshore installation, in no fixed place, or outside the UK",86,93,-7
E01003061,Works mainly from home,391,47,344
E01003062,10km to less than 20km,119,352,-233
E01003062,20km to less than 30km,4,13,-9
E01003062,2km to less than 5km,67,61,6
E01003062,30km to less than 40km,3,11,-8
E01003062,40km to less than 60km,5,14,-9
E01003062,5km to less than 10km,146,292,-146
E01003062,60km and over,7,14,-7
E01003062,Less than 2km,47,56,-9
E01003062,"Works mainly at an offshore installation, in no fixed place, or outside the UK",113,106,7
E01003062,Works mainly from home,655,97,558
E01003063,10km to less than 20km,104,189,-85
E01003063,20km to less than 30km,4,14,-10
E01003063,2km to less than 5km,67,54,13
E01003063,30km to less than 40km,3,6,-3
E01003063,40km to less than 60km,2,4,-2
E01003063,5km to less than 10km,107,224,-117
E01003063,60km and over,3,4,-1
E01003063,Less than 2km,29,32,-3
E01003063,"Works mainly at an offshore installation, in no fixed place, or outside the UK",83,57,26
E01003063,Works mainly from home,265,63,202
E01003064,10km to less than 20km,45,140,-95
E01003064,20km to less than 30km,3,6,-3
E01003064,2km to less than 5km,66,89,-23
E01003064,30km to less than 40km,1,5,-4
E01003064,40km to less than 60km,1,3,-2
E01003064,5km to less than 10km,99,430,-331
E01003064,60km and over,4,13,-9
E01003064,Less than 2km,34,46,-12
E01003064,"Works mainly at an offshore installation, in no fixed place, or outside the UK",83,71,12
E01003064,Works mainly from home,506,124,382
E01003065,10km to less than 20km,49,121,-72
E01003065,20km to less than 30km,10,7,3
E01003065,2km to less than 5km,84,72,12
E01003065,30km to less than 40km,1,0,1
E01003065,40km to less than 60km,5,4,1
E01003065,5km to less than 10km,150,223,-73
E01003065,60km and over,6,7,-1
E01003065,Less than 2km,54,44,10
E01003065,"Works mainly at an offshore installation, in no fixed place, or outside the UK",109,71,38
E01003065,Works mainly from home,255,53,202
E01003066,10km to less than 20km,62,163,-101
E01003066,20km to less than 30km,7,14,-7
E01003066,2km to less than 5km,84,101,-17
E01003066,30km to less than 40km,3,7,-4
E01003066,40km to less than 60km,2,2,0
E01003066,5km to less than 10km,169,278,-109
E01003066,60km and over,10,16,-6
E01003066,Less than 2km,63,65,-2
E01003066,"Works mainly at an offshore installation, in no fixed place, or outside the UK",131,82,49
E01003066,Works mainly from home,372,74,298
E01003067,10km to less than 20km,59,170,-111
E01003067,20km to less than 30km,3,15,-12
E01003067,2km to less than 5km,59,67,-8
E01003067,30km to less than 40km,3,3,0
E01003067,40km to less than 60km,3,1,2
E01003067,5km to less than 10km,104,300,-196
E01003067,60km and over,4,9,-5
E01003067,Less than 2km,37,53,-16
E01003067,"Works mainly at an offshore installation, in no fixed place, or outside the UK",83,78,5
E01003067,Works mainly from home,454,97,357
E01003068,10km to less than 20km,56,167,-111
E01003068,20km to less than 30km,1,11,-10
E01003068,2km to less than 5km,65,93,-28
E01003068,30km to less than 40km,2,4,-2
E01003068,40km to less than 60km,3,5,-2
E01003068,5km to less than 10km,131,246,-115
E01003068,60km and over,4,8,-4
E01003068,Less than 2km,42,52,-10
E01003068,"Works mainly at an offshore installation, in no fixed place, or outside the UK",100,85,15
E01003068,Works mainly from home,378,56,322
E01003069,10km to less than 20km,56,141,-85
E01003069,20km to less than 30km,5,11,-6
E01003069,2km to less than 5km,60,68,-8
E01003069,30km to less than 40km,4,3,1
E01003069,40km to less than 60km,2,2,0
E01003069,5km to less than 10km,94,184,-90
E01003069,60km and over,2,7,-5
E01003069,Less than 2km,26,49,-23
E01003069,"Works mainly at an offshore installation, in no fixed place, or outside the UK",96,75,21
E01003069,Works mainly from home,302,52,250
E01003070,10km to less than 20km,79,183,-104
E01003070,20km to less than 30km,6,12,-6
E01003070,2km to less than 5km,51,89,-38
E01003070,30km to less than 40km,2,5,-3
E01003070,40km to less than 60km,2,2,0
E01003070,5km to less than 10km,130,185,-55
E01003070,60km and over,7,9,-2
E01003070,Less than 2km,30,43,-13
E01003070,"Works mainly at an offshore installation, in no fixed place, or outside the UK",125,60,65
E01003070,Works mainly from home,284,54,230
E01003071,10km to less than 20km,41,115,-74
E01003071,20km to less than 30km,8,17,-9
E01003071,2km to less than 5km,102,190,-88
E01003071,30km to less than 40km,5,4,1
E01003071,40km to less than 60km,2,15,-13
E01003071,5km to less than 10km,228,778,-550
E01003071,60km and over,5,14,-9
E01003071,Less than 2km,75,119,-44
E01003071,"Works mainly at an offshore installation, in no fixed place, or outside the UK",102,119,-17
E01003071,Works mainly from home,954,160,794
E01003072,10km to less than 20km,37,71,-34
E01003072,20km to less than 30km,2,8,-6
E01003072,2km to less than 5km,69,106,-37
E01003072,30km to less than 40km,1,3,-2
E01003072,40km to less than 60km,1,4,-3
E01003072,5km to less than 10km,147,452,-305
E01003072,60km and over,4,8,-4
E01003072,Less than 2km,56,96,-40
E01003072,"Works mainly at an offshore installation, in no fixed place, or outside the UK",78,88,-10
E01003072,Works mainly from home,580,132,448
E01003073,10km to less than 20km,27,79,-52
E01003073,20km to less than 30km,3,14,-11
E01003073,2km to less than 5km,79,201,-122
E01003073,30km to less than 40km,1,4,-3
E01003073,40km to less than 60km,7,3,4
E01003073,5km to less than 10km,144,399,-255
E01003073,60km and over,2,15,-13
E01003073,Less than 2km,73,117,-44
E01003073,"Works mainly at an offshore installation, in no fixed place, or outside the UK",72,89,-17
E01003073,Works mainly from home,412,87,325
E01003074,10km to less than 20km,59,118,-59
E01003074,20km to less than 30km,30,16,14
E01003074,2km to less than 5km,106,154,-48
E01003074,30km to less than 40km,5,5,0
E01003074,40km to less than 60km,3,6,-3
E01003074,5km to less than 10km,238,697,-459
E01003074,60km and over,10,22,-12
E01003074,Less than 2km,85,105,-20
E01003074,"Works mainly at an offshore installation, in no fixed place, or outside the UK",158,157,1
E01003074,Works mainly from home,878,137,741
E01003075,10km to less than 20km,38,53,-15
E01003075,20km to less than 30km,12,10,2
E01003075,2km to less than 5km,139,173,-34
E01003075,30km to less than 40km,0,8,-8
E01003075,40km to less than 60km,0,0,0
E01003075,5km to less than 10km,153,189,-36
E01003075,60km and over,10,7,3
E01003075,Less than 2km,106,91,15
E01003075,"Works mainly at an offshore installation, in no fixed place, or outside the UK",125,75,50
E01003075,Works mainly from home,237,54,183
E01003076,10km to less than 20km,57,72,-15
E01003076,20km to less than 30km,9,9,0
E01003076,2km to less than 5km,181,226,-45
E01003076,30km to less than 40km,4,8,-4
E01003076,40km to less than 60km,2,5,-3
E01003076,5km to less than 10km,247,452,-205
E01003076,60km and over,8,11,-3
E01003076,Less than 2km,199,179,20
E01003076,"Works mainly at an offshore installation, in no fixed place, or outside the UK",238,128,110
E01003076,Works mainly from home,681,89,592
E01003077,10km to less than 20km,42,85,-43
E01003077,20km to less than 30km,7,13,-6
E01003077,2km to less than 5km,134,232,-98
E01003077,30km to less than 40km,2,6,-4
E01003077,40km to less than 60km,5,3,2
E01003077,5km to less than 10km,189,425,-236
E01003077,60km and over,8,12,-4
E01003077,Less than 2km,143,115,28
E01003077,"Works mainly at an offshore installation, in no fixed place, or outside the UK",94,102,-8
E01003077,Works mainly from home,589,79,510
E01003078,10km to less than 20km,26,57,-31
E01003078,20km to less than 30km,2,6,-4
E01003078,2km to less than 5km,73,120,-47
E01003078,30km to less than 40km,2,1,1
E01003078,40km to less than 60km,1,8,-7
E01003078,5km to less than 10km,108,318,-210
E01003078,60km and over,6,7,-1
E01003078,Less than 2km,75,91,-16
E01003078,"Works mainly at an offshore installation, in no fixed place, or outside the UK",66,68,-2
E01003078,Works mainly from home,575,80,495
E01003079,10km to less than 20km,56,103,-47
E01003079,20km to less than 30km,10,10,0
E01003079,2km to less than 5km,95,108,-13
E01003079,30km to less than 40km,3,2,1
E01003079,40km to less than 60km,3,5,-2
E01003079,5km to less than 10km,195,361,-166
E01003079,60km and over,8,13,-5
E01003079,Less than 2km,43,52,-9
E01003079,"Works mainly at an offshore installation, in no fixed place, or outside the UK",117,99,18
E01003079,Works mainly from home,385,72,313
E01003080,10km to less than 20km,48,150,-102
E01003080,20km to less than 30km,8,18,-10
E01003080,2km to less than 5km,69,117,-48
E01003080,30km to less than 40km,0,3,-3
E01003080,40km to less than 60km,1,6,-5
E01003080,5km to less than 10km,163,358,-195
E01003080,60km and over,3,6,-3
E01003080,Less than 2km,30,55,-25
E01003080,"Works mainly at an offshore installation, in no fixed place, or outside the UK",110,115,-5
E01003080,Works mainly from home,488,76,412
E01003081,10km to less than 20km,78,159,-81
E01003081,20km to less than 30km,14,14,0
E01003081,2km to less than 5km,95,89,6
E01003081,30km to less than 40km,5,14,-9
E01003081,40km to less than 60km,3,3,0
E01003081,5km to less than 10km,161,340,-179
E01003081,60km and over,3,19,-16
E01003081,Less than 2km,40,81,-41
E01003081,"Works mainly at an offshore installation, in no fixed place, or outside the UK",122,101,21
E01003081,Works mainly from home,473,98,375
E01003082,10km to less than 20km,57,176,-119
E01003082,20km to less than 30km,6,9,-3
E01003082,2km to less than 5km,60,63,-3
E01003082,30km to less than 40km,3,6,-3
E01003082,40km to less than 60km,3,4,-1
E01003082,5km to less than 10km,106,200,-94
E01003082,60km and over,4,11,-7
E01003082,Less than 2km,44,47,-3
E01003082,"Works mainly at an offshore installation, in no fixed place, or outside the UK",92,69,23
E01003082,Works mainly from home,306,59,247
E01003083,10km to less than 20km,36,111,-75
E01003083,20km to less than 30km,4,10,-6
E01003083,2km to less than 5km,74,96,-22
E01003083,30km to less than 40km,5,5,0
E01003083,40km to less than 60km,3,3,0
E01003083,5km to less than 10km,119,282,-163
E01003083,60km and over,3,5,-2
E01003083,Less than 2km,60,72,-12
E01003083,"Works mainly at an offshore installation, in no fixed place, or outside the UK",108,73,35
E01003083,Works mainly from home,369,102,267
E01003084,10km to less than 20km,45,193,-148
E01003084,20km to less than 30km,12,10,2
E01003084,2km to less than 5km,47,99,-52
E01003084,30km to less than 40km,2,8,-6
E01003084,40km to less than 60km,3,7,-4
E01003084,5km to less than 10km,127,349,-222
E01003084,60km and over,2,8,-6
E01003084,Less than 2km,41,37,4
E01003084,"Works mainly at an offshore installation, in no fixed place, or outside the UK",90,112,-22
E01003084,Works mainly from home,493,89,404
E01003085,10km to less than 20km,49,195,-146
E01003085,20km to less than 30km,4,8,-4
E01003085,2km to less than 5km,67,112,-45
E01003085,30km to less than 40km,4,6,-2
E01003085,40km to less than 60km,4,3,1
E01003085,5km to less than 10km,123,329,-206
E01003085,60km and over,3,5,-2
E01003085,Less than 2km,42,87,-45
E01003085,"Works mainly at an offshore installation, in no fixed place, or outside the UK",105,119,-14
E01003085,Works mainly from home,464,100,364
E01003086,10km to less than 20km,75,164,-89
E01003086,20km to less than 30km,10,12,-2
E01003086,2km to less than 5km,106,85,21
E01003086,30km to less than 40km,0,7,-7
E01003086,40km to less than 60km,2,3,-1
E01003086,5km to less than 10km,150,213,-63
E01003086,60km and over,1,4,-3
E01003086,Less than 2km,38,42,-4
E01003086,"Works mainly at an offshore installation, in no fixed place, or outside the UK",119,64,55
E01003086,Works mainly from home,276,42,234
E01003087,10km to less than 20km,81,92,-11
E01003087,20km to less than 30km,9,12,-3
E01003087,2km to less than 5km,88,70,18
E01003087,30km to less than 40km,1,4,-3
E01003087,40km to less than 60km,9,3,6
E01003087,5km to less than 10km,142,139,3
E01003087,60km and over,7,9,-2
E01003087,Less than 2km,44,30,14
E01003087,"Works mainly at an offshore installation, in no fixed place, or outside the UK",128,56,72
E01003087,Works mainly from home,195,31,164
E01003088,10km to less than 20km,23,75,-52
E01003088,20km to less than 30km,5,17,-12
E01003088,2km to less than 5km,115,201,-86
E01003088,30km to less than 40km,4,5,-1
E01003088,40km to less than 60km,1,9,-8
E01003088,5km to less than 10km,182,497,-315
E01003088,60km and over,5,15,-10
E01003088,Less than 2km,39,102,-63
E01003088,"Works mainly at an offshore installation, in no fixed place, or outside the UK",109,90,19
E01003088,Works mainly from home,492,55,437
E01003089,10km to less than 20km,55,52,3
E01003089,20km to less than 30km,7,10,-3
E01003089,2km to less than 5km,218,305,-87
E01003089,30km to less than 40km,2,4,-2
E01003089,40km to less than 60km,7,8,-1
E01003089,5km to less than 10km,158,217,-59
E01003089,60km and over,5,14,-9
E01003089,Less than 2km,80,103,-23
E01003089,"Works mainly at an offshore installation, in no fixed place, or outside the UK",155,115,40
E01003089,Works mainly from home,389,54,335
E01003090,10km to less than 20km,48,73,-25
E01003090,20km to less than 30km,9,23,-14
E01003090,2km to less than 5km,167,286,-119
E01003090,30km to less than 40km,3,14,-11
E01003090,40km to less than 60km,2,15,-13
E01003090,5km to less than 10km,240,677,-437
E01003090,60km and over,7,20,-13
E01003090,Less than 2km,82,92,-10
E01003090,"Works mainly at an offshore installation, in no fixed place, or outside the UK",125,121,4
E01003090,Works mainly from home,1009,85,924
E01003091,10km to less than 20km,45,61,-16
E01003091,20km to less than 30km,8,8,0
E01003091,2km to less than 5km,189,236,-47
E01003091,30km to less than 40km,2,6,-4
E01003091,40km to less than 60km,4,5,-1
E01003091,5km to less than 10km,137,324,-187
E01003091,60km and over,8,9,-1
E01003091,Less than 2km,76,79,-3
E01003091,"Works mainly at an offshore installation, in no fixed place, or outside the UK",133,84,49
E01003091,Works mainly from home,440,65,375
E01003092,10km to less than 20km,68,56,12
E01003092,20km to less than 30km,6,12,-6
E01003092,2km to less than 5km,183,228,-45
E01003092,30km to less than 40km,3,8,-5
E01003092,40km to less than 60km,5,4,1
E01003092,5km to less than 10km,205,230,-25
E01003092,60km and over,3,18,-15
E01003092,Less than 2km,108,86,22
E01003092,"Works mainly at an offshore installation, in no fixed place, or outside the UK",151,128,23
E01003092,Works mainly from home,531,36,495
E01003093,10km to less than 20km,67,73,-6
E01003093,20km to less than 30km,8,20,-12
E01003093,2km to less than 5km,213,287,-74
E01003093,30km to less than 40km,1,12,-11
E01003093,40km to less than 60km,1,11,-10
E01003093,5km to less than 10km,185,329,-144
E01003093,60km and over,7,8,-1
E01003093,Less than 2km,93,117,-24
E01003093,"Works mainly at an offshore installation, in no fixed place, or outside the UK",152,106,46
E01003093,Works mainly from home,383,66,317
E01003094,10km to less than 20km,26,63,-37
E01003094,20km to less than 30km,4,23,-19
E01003094,2km to less than 5km,106,266,-160
E01003094,30km to less than 40km,3,13,-10
E01003094,40km to less than 60km,2,7,-5
E01003094,5km to less than 10km,121,529,-408
E01003094,60km and over,3,11,-8
E01003094,Less than 2km,34,83,-49
E01003094,"Works mainly at an offshore installation, in no fixed place, or outside the UK",84,82,2
E01003094,Works mainly from home,557,66,491
E01003095,10km to less than 20km,27,65,-38
E01003095,20km to less than 30km,3,13,-10
E01003095,2km to less than 5km,102,245,-143
E01003095,30km to less than 40km,3,16,-13
E01003095,40km to less than 60km,0,7,-7
E01003095,5km to less than 10km,126,520,-394
E01003095,60km and over,1,10,-9
E01003095,Less than 2km,35,59,-24
E01003095,"Works mainly at an offshore installation, in no fixed place, or outside the UK",86,86,0
E01003095,Works mainly from home,694,112,582
E01003096,10km to less than 20km,32,74,-42
E01003096,20km to less than 30km,8,22,-14
E01003096,2km to less than 5km,145,297,-152
E01003096,30km to less than 40km,2,11,-9
E01003096,40km to less than 60km,3,5,-2
E01003096,5km to less than 10km,215,808,-593
E01003096,60km and over,10,15,-5
E01003096,Less than 2km,49,74,-25
E01003096,"Works mainly at an offshore installation, in no fixed place, or outside the UK",99,105,-6
E01003096,Works mainly from home,898,108,790
E01003097,10km to less than 20km,23,62,-39
E01003097,20km to less than 30km,3,21,-18
E01003097,2km to less than 5km,183,318,-135
E01003097,30km to less than 40km,2,2,0
E01003097,40km to less than 60km,2,6,-4
E01003097,5km to less than 10km,74,145,-71
E01003097,60km and over,6,9,-3
E01003097,Less than 2km,74,113,-39
E01003097,"Works mainly at an offshore installation, in no fixed place, or outside the UK",103,91,12
E01003097,Works mainly from home,321,41,280
E01003098,10km to less than 20km,32,51,-19
E01003098,20km to less than 30km,9,18,-9
E01003098,2km to less than 5km,162,355,-193
E01003098,30km to less than 40km,2,6,-4
E01003098,40km to less than 60km,1,10,-9
E01003098,5km to less than 10km,74,166,-92
E01003098,60km and over,4,10,-6
E01003098,Less than 2km,44,69,-25
E01003098,"Works mainly at an offshore installation, in no fixed place, or outside the UK",82,78,4
E01003098,Works mainly from home,447,70,377
E01003099,10km to less than 20km,35,49,-14
E01003099,20km to less than 30km,3,11,-8
E01003099,2km to less than 5km,174,398,-224
E01003099,30km to less than 40km,7,7,0
E01003099,40km to less than 60km,1,6,-5
E01003099,5km to less than 10km,101,160,-59
E01003099,60km and over,3,18,-15
E01003099,Less than 2km,63,91,-28
E01003099,"Works mainly at an offshore installation, in no fixed place, or outside the UK",98,86,12
E01003099,Works mainly from home,514,96,418
E01003100,10km to less than 20km,30,76,-46
E01003100,20km to less than 30km,7,24,-17
E01003100,2km to less than 5km,262,699,-437
E01003100,30km to less than 40km,3,9,-6
E01003100,40km to less than 60km,7,12,-5
E01003100,5km to less than 10km,106,344,-238
E01003100,60km and over,6,19,-13
E01003100,Less than 2km,64,94,-30
E01003100,"Works mainly at an offshore installation, in no fixed place, or outside the UK",96,116,-20
E01003100,Works mainly from home,969,101,868
E01003101,10km to less than 20km,23,41,-18
E01003101,20km to less than 30km,4,21,-17
E01003101,2km to less than 5km,163,416,-253
E01003101,30km to less than 40km,1,6,-5
E01003101,40km to less than 60km,5,3,2
E01003101,5km to less than 10km,70,161,-91
E01003101,60km and over,6,10,-4
E01003101,Less than 2km,78,105,-27
E01003101,"Works mainly at an offshore installation, in no fixed place, or outside the UK",88,70,18
E01003101,Works mainly from home,397,72,325
E01003102,10km to less than 20km,38,71,-33
E01003102,20km to less than 30km,6,18,-12
E01003102,2km to less than 5km,179,468,-289
E01003102,30km to less than 40km,5,9,-4
E01003102,40km to less than 60km,3,10,-7
E01003102,5km to less than 10km,74,185,-111
E01003102,60km and over,2,11,-9
E01003102,Less than 2km,64,135,-71
E01003102,"Works mainly at an offshore installation, in no fixed place, or outside the UK",80,104,-24
E01003102,Works mainly from home,560,97,463
E01003104,10km to less than 20km,36,61,-25
E01003104,20km to less than 30km,4,23,-19
E01003104,2km to less than 5km,196,461,-265
E01003104,30km to less than 40km,3,9,-6
E01003104,40km to less than 60km,2,14,-12
E01003104,5km to less than 10km,119,218,-99
E01003104,60km and over,7,13,-6
E01003104,Less than 2km,41,96,-55
E01003104,"Works mainly at an offshore installation, in no fixed place, or outside the UK",93,65,28
E01003104,Works mainly from home,539,67,472
E01003105,10km to less than 20km,42,45,-3
E01003105,20km to less than 30km,4,16,-12
E01003105,2km to less than 5km,160,354,-194
E01003105,30km to less than 40km,3,4,-1
E01003105,40km to less than 60km,1,5,-4
E01003105,5km to less than 10km,79,120,-41
E01003105,60km and over,6,7,-1
E01003105,Less than 2km,109,155,-46
E01003105,"Works mainly at an offshore installation, in no fixed place, or outside the UK",114,74,40
E01003105,Works mainly from home,371,47,324
E01003106,10km to less than 20km,34,40,-6
E01003106,20km to less than 30km,5,14,-9
E01003106,2km to less than 5km,221,442,-221
E01003106,30km to less than 40km,2,9,-7
E01003106,40km to less than 60km,5,7,-2
E01003106,5km to less than 10km,88,127,-39
E01003106,60km and over,9,15,-6
E01003106,Less than 2km,93,143,-50
E01003106,"Works mainly at an offshore installation, in no fixed place, or outside the UK",131,65,66
E01003106,Works mainly from home,586,90,496
E01003107,10km to less than 20km,36,78,-42
E01003107,20km to less than 30km,6,11,-5
E01003107,2km to less than 5km,212,676,-464
E01003107,30km to less than 40km,4,7,-3
E01003107,40km to less than 60km,3,6,-3
E01003107,5km to less than 10km,71,166,-95
E01003107,60km and over,9,15,-6
E01003107,Less than 2km,62,205,-143
E01003107,"Works mainly at an offshore installation, in no fixed place, or outside the UK",95,106,-11
E01003107,Works mainly from home,731,154,577
E01003108,10km to less than 20km,31,32,-1
E01003108,20km to less than 30km,2,4,-2
E01003108,2km to less than 5km,175,310,-135
E01003108,30km to less than 40km,2,1,1
E01003108,40km to less than 60km,4,7,-3
E01003108,5km to less than 10km,72,106,-34
E01003108,60km and over,9,5,4
E01003108,Less than 2km,70,118,-48
E01003108,"Works mainly at an offshore installation, in no fixed place, or outside the UK",92,94,-2
E01003108,Works mainly from home,312,65,247
E01003110,10km to less than 20km,24,50,-26
E01003110,20km to less than 30km,7,9,-2
E01003110,2km to less than 5km,168,494,-326
E01003110,30km to less than 40km,5,8,-3
E01003110,40km to less than 60km,1,11,-10
E01003110,5km to less than 10km,75,142,-67
E01003110,60km and over,12,13,-1
E01003110,Less than 2km,114,201,-87
E01003110,"Works mainly at an offshore installation, in no fixed place, or outside the UK",98,84,14
E01003110,Works mainly from home,738,126,612
E01003111,10km to less than 20km,48,29,19
E01003111,20km to less than 30km,9,9,0
E01003111,2km to less than 5km,191,257,-66
E01003111,30km to less than 40km,6,6,0
E01003111,40km to less than 60km,2,5,-3
E01003111,5km to less than 10km,89,80,9
E01003111,60km and over,1,13,-12
E01003111,Less than 2km,103,107,-4
E01003111,"Works mainly at an offshore installation, in no fixed place, or outside the UK",133,77,56
E01003111,Works mainly from home,259,43,216
E01003112,10km to less than 20km,32,44,-12
E01003112,20km to less than 30km,3,8,-5
E01003112,2km to less than 5km,181,278,-97
E01003112,30km to less than 40km,6,9,-3
E01003112,40km to less than 60km,1,8,-7
E01003112,5km to less than 10km,63,96,-33
E01003112,60km and over,6,7,-1
E01003112,Less than 2km,101,153,-52
E01003112,"Works mainly at an offshore installation, in no fixed place, or outside the UK",114,69,45
E01003112,Works mainly from home,384,59,325
E01003113,10km to less than 20km,89,321,-232
E01003113,20km to less than 30km,9,12,-3
E01003113,2km to less than 5km,84,105,-21
E01003113,30km to less than 40km,4,2,2
E01003113,40km to less than 60km,1,6,-5
E01003113,5km to less than 10km,172,382,-210
E01003113,60km and over,12,13,-1
E01003113,Less than 2km,32,49,-17
E01003113,"Works mainly at an offshore installation, in no fixed place, or outside the UK",157,146,11
E01003113,Works mainly from home,465,111,354
E01003114,10km to less than 20km,153,314,-161
E01003114,20km to less than 30km,14,19,-5
E01003114,2km to less than 5km,93,140,-47
E01003114,30km to less than 40km,7,3,4
E01003114,40km to less than 60km,1,4,-3
E01003114,5km to less than 10km,259,323,-64
E01003114,60km and over,5,11,-6
E01003114,Less than 2km,45,49,-4
E01003114,"Works mainly at an offshore installation, in no fixed place, or outside the UK",178,127,51
E01003114,Works mainly from home,828,95,733
E01003115,10km to less than 20km,91,289,-198
E01003115,20km to less than 30km,14,19,-5
E01003115,2km to less than 5km,72,82,-10
E01003115,30km to less than 40km,7,6,1
E01003115,40km to less than 60km,0,1,-1
E01003115,5km to less than 10km,146,273,-127
E01003115,60km and over,7,7,0
E01003115,Less than 2km,27,52,-25
E01003115,"Works mainly at an offshore installation, in no fixed place, or outside the UK",154,114,40
E01003115,Works mainly from home,418,73,345
E01003116,10km to less than 20km,50,111,-61
E01003116,20km to less than 30km,5,14,-9
E01003116,2km to less than 5km,73,109,-36
E01003116,30km to less than 40km,1,8,-7
E01003116,40km to less than 60km,2,7,-5
E01003116,5km to less than 10km,159,349,-190
E01003116,60km and over,4,6,-2
E01003116,Less than 2km,66,55,11
E01003116,"Works mainly at an offshore installation, in no fixed place, or outside the UK",83,75,8
E01003116,Works mainly from home,458,103,355
E01003117,10km to less than 20km,68,160,-92
E01003117,20km to less than 30km,8,16,-8
E01003117,2km to less than 5km,112,125,-13
E01003117,30km to less than 40km,4,11,-7
E01003117,40km to less than 60km,3,9,-6
E01003117,5km to less than 10km,211,516,-305
E01003117,60km and over,4,11,-7
E01003117,Less than 2km,45,48,-3
E01003117,"Works mainly at an offshore installation, in no fixed place, or outside the UK",131,156,-25
E01003117,Works mainly from home,553,106,447
E01003118,10km to less than 20km,37,166,-129
E01003118,20km to less than 30km,7,9,-2
E01003118,2km to less than 5km,78,116,-38
E01003118,30km to less than 40km,2,7,-5
E01003118,40km to less than 60km,4,10,-6
E01003118,5km to less than 10km,168,394,-226
E01003118,60km and over,7,12,-5
E01003118,Less than 2km,65,49,16
E01003118,"Works mainly at an offshore installation, in no fixed place, or outside the UK",95,133,-38
E01003118,Works mainly from home,494,85,409
E01003119,10km to less than 20km,106,249,-143
E01003119,20km to less than 30km,4,21,-17
E01003119,2km to less than 5km,98,119,-21
E01003119,30km to less than 40km,6,7,-1
E01003119,40km to less than 60km,1,5,-4
E01003119,5km to less than 10km,191,407,-216
E01003119,60km and over,6,18,-12
E01003119,Less than 2km,39,58,-19
E01003119,"Works mainly at an offshore installation, in no fixed place, or outside the UK",198,157,41
E01003119,Works mainly from home,563,97,466
E01003120,10km to less than 20km,118,253,-135
E01003120,20km to less than 30km,14,20,-6
E01003120,2km to less than 5km,138,110,28
E01003120,30km to less than 40km,19,6,13
E01003120,40km to less than 60km,2,12,-10
E01003120,5km to less than 10km,284,430,-146
E01003120,60km and over,10,23,-13
E01003120,Less than 2km,46,56,-10
E01003120,"Works mainly at an offshore installation, in no fixed place, or outside the UK",262,161,101
E01003120,Works mainly from home,564,87,477
E01003121,10km to less than 20km,37,53,-16
E01003121,20km to less than 30km,12,20,-8
E01003121,2km to less than 5km,179,278,-99
E01003121,30km to less than 40km,4,6,-2
E01003121,40km to less than 60km,5,9,-4
E01003121,5km to less than 10km,117,124,-7
E01003121,60km and over,14,9,5
E01003121,Less than 2km,77,81,-4
E01003121,"Works mainly at an offshore installation, in no fixed place, or outside the UK",128,101,27
E01003121,Works mainly from home,187,39,148
E01003122,10km to less than 20km,34,68,-34
E01003122,20km to less than 30km,3,19,-16
E01003122,2km to less than 5km,170,431,-261
E01003122,30km to less than 40km,1,6,-5
E01003122,40km to less than 60km,2,7,-5
E01003122,5km to less than 10km,121,291,-170
E01003122,60km and over,9,12,-3
E01003122,Less than 2km,59,80,-21
E01003122,"Works mainly at an offshore installation, in no fixed place, or outside the UK",125,104,21
E01003122,Works mainly from home,675,84,591
E01003123,10km to less than 20km,39,57,-18
E01003123,20km to less than 30km,8,20,-12
E01003123,2km to less than 5km,175,342,-167
E01003123,30km to less than 40km,2,5,-3
E01003123,40km to less than 60km,2,10,-8
E01003123,5km to less than 10km,116,232,-116
E01003123,60km and over,8,14,-6
E01003123,Less than 2km,48,66,-18
E01003123,"Works mainly at an offshore installation, in no fixed place, or outside the UK",98,124,-26
E01003123,Works mainly from home,564,105,459
E01003124,10km to less than 20km,36,47,-11
E01003124,20km to less than 30km,3,12,-9
E01003124,2km to less than 5km,158,295,-137
E01003124,30km to less than 40km,5,8,-3
E01003124,40km to less than 60km,1,6,-5
E01003124,5km to less than 10km,90,195,-105
E01003124,60km and over,8,13,-5
E01003124,Less than 2km,61,64,-3
E01003124,"Works mainly at an offshore installation, in no fixed place, or outside the UK",115,93,22
E01003124,Works mainly from home,284,61,223
E01003125,10km to less than 20km,44,56,-12
E01003125,20km to less than 30km,16,12,4
E01003125,2km to less than 5km,202,258,-56
E01003125,30km to less than 40km,4,5,-1
E01003125,40km to less than 60km,1,1,0
E01003125,5km to less than 10km,157,143,14
E01003125,60km and over,12,17,-5
E01003125,Less than 2km,78,92,-14
E01003125,"Works mainly at an offshore installation, in no fixed place, or outside the UK",144,95,49
E01003125,Works mainly from home,221,36,185
E01003126,10km to less than 20km,48,48,0
E01003126,20km to less than 30km,10,5,5
E01003126,2km to less than 5km,170,270,-100
E01003126,30km to less than 40km,2,7,-5
E01003126,40km to less than 60km,6,7,-1
E01003126,5km to less than 10km,143,211,-68
E01003126,60km and over,7,13,-6
E01003126,Less than 2km,80,75,5
E01003126,"Works mainly at an offshore installation, in no fixed place, or outside the UK",144,98,46
E01003126,Works mainly from home,357,50,307
E01003127,10km to less than 20km,67,54,13
E01003127,20km to less than 30km,8,23,-15
E01003127,2km to less than 5km,162,295,-133
E01003127,30km to less than 40km,3,7,-4
E01003127,40km to less than 60km,3,3,0
E01003127,5km to less than 10km,179,337,-158
E01003127,60km and over,5,15,-10
E01003127,Less than 2km,76,76,0
E01003127,"Works mainly at an offshore installation, in no fixed place, or outside the UK",184,95,89
E01003127,Works mainly from home,607,102,505
E01003128,10km to less than 20km,37,32,5
E01003128,20km to less than 30km,8,10,-2
E01003128,2km to less than 5km,150,210,-60
E01003128,30km to less than 40km,4,4,0
E01003128,40km to less than 60km,4,5,-1
E01003128,5km to less than 10km,131,246,-115
E01003128,60km and over,3,10,-7
E01003128,Less than 2km,59,87,-28
E01003128,"Works mainly at an offshore installation, in no fixed place, or outside the UK",121,103,18
E01003128,Works mainly from home,330,33,297
E01003129,10km to less than 20km,49,61,-12
E01003129,20km to less than 30km,12,18,-6
E01003129,2km to less than 5km,241,489,-248
E01003129,30km to less than 40km,1,9,-8
E01003129,40km to less than 60km,0,8,-8
E01003129,5km to less than 10km,108,245,-137
E01003129,60km and over,15,22,-7
E01003129,Less than 2km,71,85,-14
E01003129,"Works mainly at an offshore installation, in no fixed place, or outside the UK",120,118,2
E01003129,Works mainly from home,540,93,447
E01003130,10km to less than 20km,51,137,-86
E01003130,20km to less than 30km,7,18,-11
E01003130,2km to less than 5km,90,120,-30
E01003130,30km to less than 40km,3,9,-6
E01003130,40km to less than 60km,0,3,-3
E01003130,5km to less than 10km,202,478,-276
E01003130,60km and over,7,8,-1
E01003130,Less than 2km,43,51,-8
E01003130,"Works mainly at an offshore installation, in no fixed place, or outside the UK",119,125,-6
E01003130,Works mainly from home,560,94,466
E01003131,10km to less than 20km,57,92,-35
E01003131,20km to less than 30km,5,6,-1
E01003131,2km to less than 5km,109,90,19
E01003131,30km to less than 40km,5,5,0
E01003131,40km to less than 60km,5,5,0
E01003131,5km to less than 10km,206,446,-240
E01003131,60km and over,11,12,-1
E01003131,Less than 2km,46,36,10
E01003131,"Works mainly at an offshore installation, in no fixed place, or outside the UK",123,82,41
E01003131,Works mainly from home,830,72,758
E01003132,10km to less than 20km,33,60,-27
E01003132,20km to less than 30km,3,9,-6
E01003132,2km to less than 5km,87,85,2
E01003132,30km to less than 40km,1,1,0
E01003132,40km to less than 60km,3,3,0
E01003132,5km to less than 10km,134,234,-100
E01003132,60km and over,3,11,-8
E01003132,Less than 2km,39,57,-18
E01003132,"Works mainly at an offshore installation, in no fixed place, or outside the UK",92,87,5
E01003132,Works mainly from home,270,44,226
E01003133,10km to less than 20km,44,89,-45
E01003133,20km to less than 30km,3,20,-17
E01003133,2km to less than 5km,78,87,-9
E01003133,30km to less than 40km,0,13,-13
E01003133,40km to less than 60km,0,6,-6
E01003133,5km to less than 10km,161,491,-330
E01003133,60km and over,2,9,-7
E01003133,Less than 2km,61,46,15
E01003133,"Works mainly at an offshore installation, in no fixed place, or outside the UK",127,123,4
E01003133,Works mainly from home,517,97,420
E01003134,10km to less than 20km,36,91,-55
E01003134,20km to less than 30km,8,10,-2
E01003134,2km to less than 5km,82,78,4
E01003134,30km to less than 40km,3,3,0
E01003134,40km to less than 60km,1,4,-3
E01003134,5km to less than 10km,151,375,-224
E01003134,60km and over,4,20,-16
E01003134,Less than 2km,34,54,-20
E01003134,"Works mainly at an offshore installation, in no fixed place, or outside the UK",104,104,0
E01003134,Works mainly from home,458,88,370
E01003135,10km to less than 20km,65,114,-49
E01003135,20km to less than 30km,17,11,6
E01003135,2km to less than 5km,90,116,-26
E01003135,30km to less than 40km,2,11,-9
E01003135,40km to less than 60km,3,5,-2
E01003135,5km to less than 10km,202,407,-205
E01003135,60km and over,7,15,-8
E01003135,Less than 2km,48,44,4
E01003135,"Works mainly at an offshore installation, in no fixed place, or outside the UK",145,123,22
E01003135,Works mainly from home,514,89,425
E01003136,10km to less than 20km,56,64,-8
E01003136,20km to less than 30km,6,15,-9
E01003136,2km to less than 5km,102,106,-4
E01003136,30km to less than 40km,2,7,-5
E01003136,40km to less than 60km,4,9,-5
E01003136,5km to less than 10km,202,472,-270
E01003136,60km and over,6,12,-6
E01003136,Less than 2km,41,50,-9
E01003136,"Works mainly at an offshore installation, in no fixed place, or outside the UK",120,86,34
E01003136,Works mainly from home,454,85,369
E01003137,10km to less than 20km,31,74,-43
E01003137,20km to less than 30km,9,20,-11
E01003137,2km to less than 5km,96,92,4
E01003137,30km to less than 40km,1,6,-5
E01003137,40km to less than 60km,0,4,-4
E01003137,5km to less than 10km,193,333,-140
E01003137,60km and over,8,7,1
E01003137,Less than 2km,54,49,5
E01003137,"Works mainly at an offshore installation, in no fixed place, or outside the UK",135,91,44
E01003137,Works mainly from home,303,36,267
E01003138,10km to less than 20km,28,119,-91
E01003138,20km to less than 30km,7,17,-10
E01003138,2km to less than 5km,47,105,-58
E01003138,30km to less than 40km,0,7,-7
E01003138,40km to less than 60km,3,10,-7
E01003138,5km to less than 10km,125,554,-429
E01003138,60km and over,2,7,-5
E01003138,Less than 2km,27,57,-30
E01003138,"Works mainly at an offshore installation, in no fixed place, or outside the UK",61,87,-26
E01003138,Works mainly from home,706,109,597
E01003139,10km to less than 20km,74,161,-87
E01003139,20km to less than 30km,16,5,11
E01003139,2km to less than 5km,81,76,5
E01003139,30km to less than 40km,2,11,-9
E01003139,40km to less than 60km,2,10,-8
E01003139,5km to less than 10km,120,154,-34
E01003139,60km and over,2,4,-2
E01003139,Less than 2km,39,35,4
E01003139,"Works mainly at an offshore installation, in no fixed place, or outside the UK",189,111,78
E01003139,Works mainly from home,305,47,258
E01003140,10km to less than 20km,95,233,-138
E01003140,20km to less than 30km,9,17,-8
E01003140,2km to less than 5km,82,158,-76
E01003140,30km to less than 40km,2,3,-1
E01003140,40km to less than 60km,1,4,-3
E01003140,5km to less than 10km,108,207,-99
E01003140,60km and over,6,12,-6
E01003140,Less than 2km,32,56,-24
E01003140,"Works mainly at an offshore installation, in no fixed place, or outside the UK",154,147,7
E01003140,Works mainly from home,255,80,175
E01003141,10km to less than 20km,146,226,-80
E01003141,20km to less than 30km,18,18,0
E01003141,2km to less than 5km,94,107,-13
E01003141,30km to less than 40km,3,5,-2
E01003141,40km to less than 60km,1,9,-8
E01003141,5km to less than 10km,144,216,-72
E01003141,60km and over,6,8,-2
E01003141,Less than 2km,41,50,-9
E01003141,"Works mainly at an offshore installation, in no fixed place, or outside the UK",141,98,43
E01003141,Works mainly from home,325,70,255
E01003142,10km to less than 20km,75,148,-73
E01003142,20km to less than 30km,6,12,-6
E01003142,2km to less than 5km,66,71,-5
E01003142,30km to less than 40km,1,13,-12
E01003142,40km to less than 60km,6,3,3
E01003142,5km to less than 10km,101,130,-29
E01003142,60km and over,4,10,-6
E01003142,Less than 2km,27,53,-26
E01003142,"Works mainly at an offshore installation, in no fixed place, or outside the UK",167,100,67
E01003142,Works mainly from home,255,40,215
E01003143,10km to less than 20km,86,183,-97
E01003143,20km to less than 30km,9,17,-8
E01003143,2km to less than 5km,87,73,14
E01003143,30km to less than 40km,4,4,0
E01003143,40km to less than 60km,3,4,-1
E01003143,5km to less than 10km,131,152,-21
E01003143,60km and over,2,4,-2
E01003143,Less than 2km,40,50,-10
E01003143,"Works mainly at an offshore installation, in no fixed place, or outside the UK",124,80,44
E01003143,Works mainly from home,223,50,173
E01003144,10km to less than 20km,93,191,-98
E01003144,20km to less than 30km,8,11,-3
E01003144,2km to less than 5km,59,93,-34
E01003144,30km to less than 40km,2,5,-3
E01003144,40km to less than 60km,1,6,-5
E01003144,5km to less than 10km,113,194,-81
E01003144,60km and over,6,7,-1
E01003144,Less than 2km,30,57,-27
E01003144,"Works mainly at an offshore installation, in no fixed place, or outside the UK",90,101,-11
E01003144,Works mainly from home,440,108,332
E01003145,10km to less than 20km,119,320,-201
E01003145,20km to less than 30km,3,16,-13
E01003145,2km to less than 5km,70,100,-30
E01003145,30km to less than 40km,6,8,-2
E01003145,40km to less than 60km,2,2,0
E01003145,5km to less than 10km,136,262,-126
E01003145,60km and over,6,16,-10
E01003145,Less than 2km,43,41,2
E01003145,"Works mainly at an offshore installation, in no fixed place, or outside the UK",181,126,55
E01003145,Works mainly from home,402,76,326
E01003146,10km to less than 20km,95,176,-81
E01003146,20km to less than 30km,7,14,-7
E01003146,2km to less than 5km,96,109,-13
E01003146,30km to less than 40km,2,5,-3
E01003146,40km to less than 60km,1,3,-2
E01003146,5km to less than 10km,173,199,-26
E01003146,60km and over,9,5,4
E01003146,Less than 2km,33,37,-4
E01003146,"Works mainly at an offshore installation, in no fixed place, or outside the UK",150,123,27
E01003146,Works mainly from home,331,57,274
E01003147,10km to less than 20km,138,311,-173
E01003147,20km to less than 30km,7,12,-5
E01003147,2km to less than 5km,99,113,-14
E01003147,30km to less than 40km,13,12,1
E01003147,40km to less than 60km,1,5,-4
E01003147,5km to less than 10km,181,248,-67
E01003147,60km and over,0,19,-19
E01003147,Less than 2km,64,56,8
E01003147,"Works mainly at an offshore installation, in no fixed place, or outside the UK",189,153,36
E01003147,Works mainly from home,460,115,345
E01003148,10km to less than 20km,83,221,-138
E01003148,20km to less than 30km,13,24,-11
E01003148,2km to less than 5km,90,99,-9
E01003148,30km to less than 40km,2,4,-2
E01003148,40km to less than 60km,3,3,0
E01003148,5km to less than 10km,153,371,-218
E01003148,60km and over,2,8,-6
E01003148,Less than 2km,32,48,-16
E01003148,"Works mainly at an offshore installation, in no fixed place, or outside the UK",134,135,-1
E01003148,Works mainly from home,581,88,493
E01003149,10km to less than 20km,78,228,-150
E01003149,20km to less than 30km,6,15,-9
E01003149,2km to less than 5km,85,103,-18
E01003149,30km to less than 40km,3,12,-9
E01003149,40km to less than 60km,0,5,-5
E01003149,5km to less than 10km,130,277,-147
E01003149,60km and over,6,8,-2
E01003149,Less than 2km,39,59,-20
E01003149,"Works mainly at an offshore installation, in no fixed place, or outside the UK",124,146,-22
E01003149,Works mainly from home,519,99,420
E01003150,10km to less than 20km,131,230,-99
E01003150,20km to less than 30km,9,15,-6
E01003150,2km to less than 5km,94,113,-19
E01003150,30km to less than 40km,2,4,-2
E01003150,40km to less than 60km,2,3,-1
E01003150,5km to less than 10km,181,259,-78
E01003150,60km and over,5,7,-2
E01003150,Less than 2km,53,46,7
E01003150,"Works mainly at an offshore installation, in no fixed place, or outside the UK",191,103,88
E01003150,Works mainly from home,401,78,323
E01003151,10km to less than 20km,68,109,-41
E01003151,20km to less than 30km,4,19,-15
E01003151,2km to less than 5km,100,113,-13
E01003151,30km to less than 40km,8,5,3
E01003151,40km to less than 60km,1,1,0
E01003151,5km to less than 10km,205,347,-142
E01003151,60km and over,6,8,-2
E01003151,Less than 2km,72,64,8
E01003151,"Works mainly at an offshore installation, in no fixed place, or outside the UK",126,79,47
E01003151,Works mainly from home,393,56,337
E01003152,10km to less than 20km,71,165,-94
E01003152,20km to less than 30km,11,21,-10
E01003152,2km to less than 5km,95,140,-45
E01003152,30km to less than 40km,3,9,-6
E01003152,40km to less than 60km,8,10,-2
E01003152,5km to less than 10km,174,476,-302
E01003152,60km and over,7,15,-8
E01003152,Less than 2km,38,68,-30
E01003152,"Works mainly at an offshore installation, in no fixed place, or outside the UK",135,123,12
E01003152,Works mainly from home,622,84,538
E01003153,10km to less than 20km,90,192,-102
E01003153,20km to less than 30km,6,20,-14
E01003153,2km to less than 5km,127,143,-16
E01003153,30km to less than 40km,2,19,-17
E01003153,40km to less than 60km,1,17,-16
E01003153,5km to less than 10km,288,717,-429
E01003153,60km and over,9,17,-8
E01003153,Less than 2km,46,59,-13
E01003153,"Works mainly at an offshore installation, in no fixed place, or outside the UK",198,166,32
E01003153,Works mainly from home,785,106,679
E01003154,10km to less than 20km,78,130,-52
E01003154,20km to less than 30km,9,16,-7
E01003154,2km to less than 5km,108,134,-26
E01003154,30km to less than 40km,1,5,-4
E01003154,40km to less than 60km,5,0,5
E01003154,5km to less than 10km,183,349,-166
E01003154,60km and over,5,9,-4
E01003154,Less than 2km,60,62,-2
E01003154,"Works mainly at an offshore installation, in no fixed place, or outside the UK",138,113,25
E01003154,Works mainly from home,396,64,332
E01003155,10km to less than 20km,75,165,-90
E01003155,20km to less than 30km,8,13,-5
E01003155,2km to less than 5km,98,135,-37
E01003155,30km to less than 40km,6,5,1
E01003155,40km to less than 60km,5,6,-1
E01003155,5km to less than 10km,173,423,-250
E01003155,60km and over,5,6,-1
E01003155,Less than 2km,46,66,-20
E01003155,"Works mainly at an offshore installation, in no fixed place, or outside the UK",137,137,0
E01003155,Works mainly from home,504,92,412
E01003156,10km to less than 20km,46,92,-46
E01003156,20km to less than 30km,6,8,-2
E01003156,2km to less than 5km,72,101,-29
E01003156,30km to less than 40km,1,8,-7
E01003156,40km to less than 60km,1,9,-8
E01003156,5km to less than 10km,154,436,-282
E01003156,60km and over,1,10,-9
E01003156,Less than 2km,38,62,-24
E01003156,"Works mainly at an offshore installation, in no fixed place, or outside the UK",85,82,3
E01003156,Works mainly from home,585,78,507
E01003157,10km to less than 20km,25,107,-82
E01003157,20km to less than 30km,5,7,-2
E01003157,2km to less than 5km,55,91,-36
E01003157,30km to less than 40km,3,8,-5
E01003157,40km to less than 60km,1,6,-5
E01003157,5km to less than 10km,114,515,-401
E01003157,60km and over,0,5,-5
E01003157,Less than 2km,33,48,-15
E01003157,"Works mainly at an offshore installation, in no fixed place, or outside the UK",28,49,-21
E01003157,Works mainly from home,657,67,590
E01003158,10km to less than 20km,47,143,-96
E01003158,20km to less than 30km,11,16,-5
E01003158,2km to less than 5km,54,107,-53
E01003158,30km to less than 40km,5,5,0
E01003158,40km to less than 60km,2,10,-8
E01003158,5km to less than 10km,118,675,-557
E01003158,60km and over,1,9,-8
E01003158,Less than 2km,32,36,-4
E01003158,"Works mainly at an offshore installation, in no fixed place, or outside the UK",53,44,9
E01003158,Works mainly from home,812,89,723
E01003159,10km to less than 20km,44,48,-4
E01003159,20km to less than 30km,10,13,-3
E01003159,2km to less than 5km,109,105,4
E01003159,30km to less than 40km,2,9,-7
E01003159,40km to less than 60km,1,4,-3
E01003159,5km to less than 10km,205,332,-127
E01003159,60km and over,3,12,-9
E01003159,Less than 2km,75,91,-16
E01003159,"Works mainly at an offshore installation, in no fixed place, or outside the UK",122,93,29
E01003159,Works mainly from home,518,60,458
E01003160,10km to less than 20km,54,53,1
E01003160,20km to less than 30km,14,12,2
E01003160,2km to less than 5km,78,116,-38
E01003160,30km to less than 40km,10,4,6
E01003160,40km to less than 60km,2,3,-1
E01003160,5km to less than 10km,211,233,-22
E01003160,60km and over,4,11,-7
E01003160,Less than 2km,44,80,-36
E01003160,"Works mainly at an offshore installation, in no fixed place, or outside the UK",132,107,25
E01003160,Works mainly from home,283,42,241
E01003161,10km to less than 20km,31,73,-42
E01003161,20km to less than 30km,7,8,-1
E01003161,2km to less than 5km,53,71,-18
E01003161,30km to less than 40km,2,7,-5
E01003161,40km to less than 60km,2,1,1
E01003161,5km to less than 10km,97,377,-280
E01003161,60km and over,8,8,0
E01003161,Less than 2km,26,43,-17
E01003161,"Works mainly at an offshore installation, in no fixed place, or outside the UK",51,54,-3
E01003161,Works mainly from home,537,48,489
E01003162,10km to less than 20km,63,75,-12
E01003162,20km to less than 30km,11,13,-2
E01003162,2km to less than 5km,131,157,-26
E01003162,30km to less than 40km,6,10,-4
E01003162,40km to less than 60km,9,5,4
E01003162,5km to less than 10km,242,340,-98
E01003162,60km and over,9,15,-6
E01003162,Less than 2km,63,91,-28
E01003162,"Works mainly at an offshore installation, in no fixed place, or outside the UK",177,138,39
E01003162,Works mainly from home,252,47,205
E01003163,10km to less than 20km,35,64,-29
E01003163,20km to less than 30km,8,15,-7
E01003163,2km to less than 5km,72,112,-40
E01003163,30km to less than 40km,4,6,-2
E01003163,40km to less than 60km,2,8,-6
E01003163,5km to less than 10km,121,405,-284
E01003163,60km and over,3,4,-1
E01003163,Less than 2km,35,61,-26
E01003163,"Works mainly at an offshore installation, in no fixed place, or outside the UK",81,77,4
E01003163,Works mainly from home,524,62,462
E01003164,10km to less than 20km,67,110,-43
E01003164,20km to less than 30km,4,10,-6
E01003164,2km to less than 5km,126,141,-15
E01003164,30km to less than 40km,3,5,-2
E01003164,40km to less than 60km,3,5,-2
E01003164,5km to less than 10km,241,582,-341
E01003164,60km and over,10,12,-2
E01003164,Less than 2km,52,62,-10
E01003164,"Works mainly at an offshore installation, in no fixed place, or outside the UK",174,123,51
E01003164,Works mainly from home,635,95,540
E01003165,10km to less than 20km,39,84,-45
E01003165,20km to less than 30km,5,12,-7
E01003165,2km to less than 5km,71,84,-13
E01003165,30km to less than 40km,1,3,-2
E01003165,40km to less than 60km,2,5,-3
E01003165,5km to less than 10km,120,379,-259
E01003165,60km and over,6,7,-1
E01003165,Less than 2km,44,57,-13
E01003165,"Works mainly at an offshore installation, in no fixed place, or outside the UK",65,78,-13
E01003165,Works mainly from home,502,95,407
E01003166,10km to less than 20km,95,159,-64
E01003166,20km to less than 30km,14,22,-8
E01003166,2km to less than 5km,131,153,-22
E01003166,30km to less than 40km,5,19,-14
E01003166,40km to less than 60km,3,9,-6
E01003166,5km to less than 10km,275,627,-352
E01003166,60km and over,8,12,-4
E01003166,Less than 2km,68,90,-22
E01003166,"Works mainly at an offshore installation, in no fixed place, or outside the UK",182,106,76
E01003166,Works mainly from home,707,113,594
E01003167,10km to less than 20km,43,118,-75
E01003167,20km to less than 30km,5,16,-11
E01003167,2km to less than 5km,57,88,-31
E01003167,30km to less than 40km,1,3,-2
E01003167,40km to less than 60km,1,2,-1
E01003167,5km to less than 10km,138,430,-292
E01003167,60km and over,4,8,-4
E01003167,Less than 2km,41,83,-42
E01003167,"Works mainly at an offshore installation, in no fixed place, or outside the UK",72,77,-5
E01003167,Works mainly from home,580,110,470
E01003168,10km to less than 20km,26,63,-37
E01003168,20km to less than 30km,5,10,-5
E01003168,2km to less than 5km,132,112,20
E01003168,30km to less than 40km,2,1,1
E01003168,40km to less than 60km,1,4,-3
E01003168,5km to less than 10km,154,265,-111
E01003168,60km and over,3,6,-3
E01003168,Less than 2km,48,89,-41
E01003168,"Works mainly at an offshore installation, in no fixed place, or outside the UK",108,75,33
E01003168,Works mainly from home,279,53,226
E01003169,10km to less than 20km,54,138,-84
E01003169,20km to less than 30km,9,22,-13
E01003169,2km to less than 5km,114,162,-48
E01003169,30km to less than 40km,3,8,-5
E01003169,40km to less than 60km,2,2,0
E01003169,5km to less than 10km,214,684,-470
E01003169,60km and over,5,19,-14
E01003169,Less than 2km,63,71,-8
E01003169,"Works mainly at an offshore installation, in no fixed place, or outside the UK",147,114,33
E01003169,Works mainly from home,799,119,680
E01003170,10km to less than 20km,21,91,-70
E01003170,20km to less than 30km,1,8,-7
E01003170,2km to less than 5km,92,112,-20
E01003170,30km to less than 40km,1,6,-5
E01003170,40km to less than 60km,1,7,-6
E01003170,5km to less than 10km,137,521,-384
E01003170,60km and over,4,10,-6
E01003170,Less than 2km,38,78,-40
E01003170,"Works mainly at an offshore installation, in no fixed place, or outside the UK",58,60,-2
E01003170,Works mainly from home,641,114,527
E01003171,10km to less than 20km,35,84,-49
E01003171,20km to less than 30km,8,17,-9
E01003171,2km to less than 5km,76,95,-19
E01003171,30km to less than 40km,3,7,-4
E01003171,40km to less than 60km,3,9,-6
E01003171,5km to less than 10km,190,576,-386
E01003171,60km and over,4,8,-4
E01003171,Less than 2km,41,67,-26
E01003171,"Works mainly at an offshore installation, in no fixed place, or outside the UK",88,110,-22
E01003171,Works mainly from home,649,75,574
E01003172,10km to less than 20km,42,68,-26
E01003172,20km to less than 30km,15,21,-6
E01003172,2km to less than 5km,115,127,-12
E01003172,30km to less than 40km,9,4,5
E01003172,40km to less than 60km,0,9,-9
E01003172,5km to less than 10km,194,488,-294
E01003172,60km and over,7,13,-6
E01003172,Less than 2km,39,71,-32
E01003172,"Works mainly at an offshore installation, in no fixed place, or outside the UK",99,97,2
E01003172,Works mainly from home,448,54,394
E01003173,10km to less than 20km,26,99,-73
E01003173,20km to less than 30km,1,26,-25
E01003173,2km to less than 5km,74,109,-35
E01003173,30km to less than 40km,0,4,-4
E01003173,40km to less than 60km,0,4,-4
E01003173,5km to less than 10km,202,515,-313
E01003173,60km and over,3,13,-10
E01003173,Less than 2km,32,57,-25
E01003173,"Works mainly at an offshore installation, in no fixed place, or outside the UK",86,106,-20
E01003173,Works mainly from home,584,79,505
E01003174,10km to less than 20km,47,91,-44
E01003174,20km to less than 30km,9,13,-4
E01003174,2km to less than 5km,137,152,-15
E01003174,30km to less than 40km,8,5,3
E01003174,40km to less than 60km,1,3,-2
E01003174,5km to less than 10km,239,391,-152
E01003174,60km and over,8,14,-6
E01003174,Less than 2km,64,83,-19
E01003174,"Works mainly at an offshore installation, in no fixed place, or outside the UK",161,98,63
E01003174,Works mainly from home,297,61,236
E01003175,10km to less than 20km,29,61,-32
E01003175,20km to less than 30km,6,8,-2
E01003175,2km to less than 5km,98,114,-16
E01003175,30km to less than 40km,2,2,0
E01003175,40km to less than 60km,2,2,0
E01003175,5km to less than 10km,174,282,-108
E01003175,60km and over,5,15,-10
E01003175,Less than 2km,52,84,-32
E01003175,"Works mainly at an offshore installation, in no fixed place, or outside the UK",129,70,59
E01003175,Works mainly from home,266,41,225
E01003176,10km to less than 20km,60,76,-16
E01003176,20km to less than 30km,20,10,10
E01003176,2km to less than 5km,145,139,6
E01003176,30km to less than 40km,6,7,-1
E01003176,40km to less than 60km,5,4,1
E01003176,5km to less than 10km,190,344,-154
E01003176,60km and over,7,16,-9
E01003176,Less than 2km,67,81,-14
E01003176,"Works mainly at an offshore installation, in no fixed place, or outside the UK",128,90,38
E01003176,Works mainly from home,360,63,297
E01003177,10km to less than 20km,54,89,-35
E01003177,20km to less than 30km,7,16,-9
E01003177,2km to less than 5km,74,118,-44
E01003177,30km to less than 40km,0,6,-6
E01003177,40km to less than 60km,0,10,-10
E01003177,5km to less than 10km,183,486,-303
E01003177,60km and over,3,15,-12
E01003177,Less than 2km,40,71,-31
E01003177,"Works mainly at an offshore installation, in no fixed place, or outside the UK",89,86,3
E01003177,Works mainly from home,579,75,504
E01003178,10km to less than 20km,31,72,-41
E01003178,20km to less than 30km,5,13,-8
E01003178,2km to less than 5km,85,119,-34
E01003178,30km to less than 40km,2,4,-2
E01003178,40km to less than 60km,1,7,-6
E01003178,5km to less than 10km,155,571,-416
E01003178,60km and over,4,10,-6
E01003178,Less than 2km,28,65,-37
E01003178,"Works mainly at an offshore installation, in no fixed place, or outside the UK",61,101,-40
E01003178,Works mainly from home,672,92,580
E01003179,10km to less than 20km,42,58,-16
E01003179,20km to less than 30km,11,16,-5
E01003179,2km to less than 5km,98,96,2
E01003179,30km to less than 40km,2,4,-2
E01003179,40km to less than 60km,4,6,-2
E01003179,5km to less than 10km,218,300,-82
E01003179,60km and over,16,17,-1
E01003179,Less than 2km,43,64,-21
E01003179,"Works mainly at an offshore installation, in no fixed place, or outside the UK",134,87,47
E01003179,Works mainly from home,209,44,165
E01003180,10km to less than 20km,33,54,-21
E01003180,20km to less than 30km,6,11,-5
E01003180,2km to less than 5km,147,297,-150
E01003180,30km to less than 40km,2,6,-4
E01003180,40km to less than 60km,2,5,-3
E01003180,5km to less than 10km,108,233,-125
E01003180,60km and over,5,7,-2
E01003180,Less than 2km,61,73,-12
E01003180,"Works mainly at an offshore installation, in no fixed place, or outside the UK",98,71,27
E01003180,Works mainly from home,434,68,366
E01003181,10km to less than 20km,25,42,-17
E01003181,20km to less than 30km,5,9,-4
E01003181,2km to less than 5km,183,288,-105
E01003181,30km to less than 40km,1,1,0
E01003181,40km to less than 60km,2,10,-8
E01003181,5km to less than 10km,92,184,-92
E01003181,60km and over,3,13,-10
E01003181,Less than 2km,58,80,-22
E01003181,"Works mainly at an offshore installation, in no fixed place, or outside the UK",96,71,25
E01003181,Works mainly from home,375,55,320
E01003182,10km to less than 20km,33,47,-14
E01003182,20km to less than 30km,8,9,-1
E01003182,2km to less than 5km,135,277,-142
E01003182,30km to less than 40km,3,5,-2
E01003182,40km to less than 60km,2,5,-3
E01003182,5km to less than 10km,132,266,-134
E01003182,60km and over,5,20,-15
E01003182,Less than 2km,91,89,2
E01003182,"Works mainly at an offshore installation, in no fixed place, or outside the UK",134,114,20
E01003182,Works mainly from home,469,76,393
E01003183,10km to less than 20km,34,55,-21
E01003183,20km to less than 30km,7,12,-5
E01003183,2km to less than 5km,143,271,-128
E01003183,30km to less than 40km,7,6,1
E01003183,40km to less than 60km,5,3,2
E01003183,5km to less than 10km,103,191,-88
E01003183,60km and over,5,13,-8
E01003183,Less than 2km,71,81,-10
E01003183,"Works mainly at an offshore installation, in no fixed place, or outside the UK",100,55,45
E01003183,Works mainly from home,322,51,271
E01003184,10km to less than 20km,43,57,-14
E01003184,20km to less than 30km,11,8,3
E01003184,2km to less than 5km,139,166,-27
E01003184,30km to less than 40km,4,3,1
E01003184,40km to less than 60km,3,3,0
E01003184,5km to less than 10km,130,141,-11
E01003184,60km and over,4,10,-6
E01003184,Less than 2km,57,84,-27
E01003184,"Works mainly at an offshore installation, in no fixed place, or outside the UK",99,56,43
E01003184,Works mainly from home,226,22,204
E01003185,10km to less than 20km,27,51,-24
E01003185,20km to less than 30km,7,11,-4
E01003185,2km to less than 5km,190,401,-211
E01003185,30km to less than 40km,3,4,-1
E01003185,40km to less than 60km,0,10,-10
E01003185,5km to less than 10km,129,259,-130
E01003185,60km and over,16,13,3
E01003185,Less than 2km,65,78,-13
E01003185,"Works mainly at an offshore installation, in no fixed place, or outside the UK",138,74,64
E01003185,Works mainly from home,605,57,548
E01003186,10km to less than 20km,34,77,-43
E01003186,20km to less than 30km,8,13,-5
E01003186,2km to less than 5km,197,410,-213
E01003186,30km to less than 40km,7,5,2
E01003186,40km to less than 60km,5,10,-5
E01003186,5km to less than 10km,177,384,-207
E01003186,60km and over,4,16,-12
E01003186,Less than 2km,62,78,-16
E01003186,"Works mainly at an offshore installation, in no fixed place, or outside the UK",143,106,37
E01003186,Works mainly from home,959,104,855
E01003187,10km to less than 20km,47,42,5
E01003187,20km to less than 30km,6,12,-6
E01003187,2km to less than 5km,202,240,-38
E01003187,30km to less than 40km,1,8,-7
E01003187,40km to less than 60km,3,4,-1
E01003187,5km to less than 10km,160,181,-21
E01003187,60km and over,8,14,-6
E01003187,Less than 2km,80,78,2
E01003187,"Works mainly at an offshore installation, in no fixed place, or outside the UK",116,82,34
E01003187,Works mainly from home,732,43,689
E01003188,10km to less than 20km,42,42,0
E01003188,20km to less than 30km,5,10,-5
E01003188,2km to less than 5km,105,180,-75
E01003188,30km to less than 40km,3,4,-1
E01003188,40km to less than 60km,4,1,3
E01003188,5km to less than 10km,94,163,-69
E01003188,60km and over,4,7,-3
E01003188,Less than 2km,58,70,-12
E01003188,"Works mainly at an offshore installation, in no fixed place, or outside the UK",110,78,32
E01003188,Works mainly from home,235,42,193
E01003189,10km to less than 20km,121,149,-28
E01003189,20km to less than 30km,7,8,-1
E01003189,2km to less than 5km,114,108,6
E01003189,30km to less than 40km,2,5,-3
E01003189,40km to less than 60km,0,1,-1
E01003189,5km to less than 10km,110,152,-42
E01003189,60km and over,6,9,-3
E01003189,Less than 2km,70,76,-6
E01003189,"Works mainly at an offshore installation, in no fixed place, or outside the UK",128,74,54
E01003189,Works mainly from home,191,31,160
E01003190,10km to less than 20km,141,196,-55
E01003190,20km to less than 30km,11,20,-9
E01003190,2km to less than 5km,142,123,19
E01003190,30km to less than 40km,3,9,-6
E01003190,40km to less than 60km,4,5,-1
E01003190,5km to less than 10km,151,183,-32
E01003190,60km and over,7,10,-3
E01003190,Less than 2km,84,75,9
E01003190,"Works mainly at an offshore installation, in no fixed place, or outside the UK",160,100,60
E01003190,Works mainly from home,301,70,231
E01003191,10km to less than 20km,100,173,-73
E01003191,20km to less than 30km,7,11,-4
E01003191,2km to less than 5km,110,133,-23
E01003191,30km to less than 40km,3,8,-5
E01003191,40km to less than 60km,0,5,-5
E01003191,5km to less than 10km,102,151,-49
E01003191,60km and over,7,8,-1
E01003191,Less than 2km,67,56,11
E01003191,"Works mainly at an offshore installation, in no fixed place, or outside the UK",159,72,87
E01003191,Works mainly from home,251,45,206
E01003192,10km to less than 20km,116,169,-53
E01003192,20km to less than 30km,12,11,1
E01003192,2km to less than 5km,114,137,-23
E01003192,30km to less than 40km,5,3,2
E01003192,40km to less than 60km,4,2,2
E01003192,5km to less than 10km,121,156,-35
E01003192,60km and over,2,11,-9
E01003192,Less than 2km,48,45,3
E01003192,"Works mainly at an offshore installation, in no fixed place, or outside the UK",138,83,55
E01003192,Works mainly from home,224,39,185
E01003193,10km to less than 20km,106,168,-62
E01003193,20km to less than 30km,8,12,-4
E01003193,2km to less than 5km,91,94,-3
E01003193,30km to less than 40km,6,8,-2
E01003193,40km to less than 60km,1,6,-5
E01003193,5km to less than 10km,114,194,-80
E01003193,60km and over,1,7,-6
E01003193,Less than 2km,56,92,-36
E01003193,"Works mainly at an offshore installation, in no fixed place, or outside the UK",106,77,29
E01003193,Works mainly from home,321,48,273
E01003194,10km to less than 20km,83,178,-95
E01003194,20km to less than 30km,7,14,-7
E01003194,2km to less than 5km,101,107,-6
E01003194,30km to less than 40km,3,5,-2
E01003194,40km to less than 60km,1,6,-5
E01003194,5km to less than 10km,131,215,-84
E01003194,60km and over,8,6,2
E01003194,Less than 2km,99,105,-6
E01003194,"Works mainly at an offshore installation, in no fixed place, or outside the UK",129,84,45
E01003194,Works mainly from home,249,59,190
E01003195,10km to less than 20km,64,191,-127
E01003195,20km to less than 30km,6,10,-4
E01003195,2km to less than 5km,91,106,-15
E01003195,30km to less than 40km,8,7,1
E01003195,40km to less than 60km,1,5,-4
E01003195,5km to less than 10km,125,210,-85
E01003195,60km and over,7,12,-5
E01003195,Less than 2km,50,83,-33
E01003195,"Works mainly at an offshore installation, in no fixed place, or outside the UK",129,83,46
E01003195,Works mainly from home,350,47,303
E01003196,10km to less than 20km,110,168,-58
E01003196,20km to less than 30km,8,7,1
E01003196,2km to less than 5km,102,121,-19
E01003196,30km to less than 40km,3,6,-3
E01003196,40km to less than 60km,2,4,-2
E01003196,5km to less than 10km,131,164,-33
E01003196,60km and over,9,7,2
E01003196,Less than 2km,86,85,1
E01003196,"Works mainly at an offshore installation, in no fixed place, or outside the UK",146,73,73
E01003196,Works mainly from home,190,48,142
E01003197,10km to less than 20km,81,148,-67
E01003197,20km to less than 30km,13,14,-1
E01003197,2km to less than 5km,101,145,-44
E01003197,30km to less than 40km,4,3,1
E01003197,40km to less than 60km,1,3,-2
E01003197,5km to less than 10km,106,154,-48
E01003197,60km and over,8,6,2
E01003197,Less than 2km,70,81,-11
E01003197,"Works mainly at an offshore installation, in no fixed place, or outside the UK",131,64,67
E01003197,Works mainly from home,190,38,152
E01003198,10km to less than 20km,60,180,-120
E01003198,20km to less than 30km,7,9,-2
E01003198,2km to less than 5km,62,89,-27
E01003198,30km to less than 40km,6,7,-1
E01003198,40km to less than 60km,3,4,-1
E01003198,5km to less than 10km,94,285,-191
E01003198,60km and over,6,12,-6
E01003198,Less than 2km,48,47,1
E01003198,"Works mainly at an offshore installation, in no fixed place, or outside the UK",67,46,21
E01003198,Works mainly from home,453,62,391
E01003199,10km to less than 20km,91,240,-149
E01003199,20km to less than 30km,4,19,-15
E01003199,2km to less than 5km,77,143,-66
E01003199,30km to less than 40km,7,9,-2
E01003199,40km to less than 60km,1,5,-4
E01003199,5km to less than 10km,124,357,-233
E01003199,60km and over,7,13,-6
E01003199,Less than 2km,46,84,-38
E01003199,"Works mainly at an offshore installation, in no fixed place, or outside the UK",88,74,14
E01003199,Works mainly from home,707,105,602
E01003200,10km to less than 20km,62,237,-175
E01003200,20km to less than 30km,5,14,-9
E01003200,2km to less than 5km,49,127,-78
E01003200,30km to less than 40km,5,10,-5
E01003200,40km to less than 60km,2,2,0
E01003200,5km to less than 10km,111,324,-213
E01003200,60km and over,1,11,-10
E01003200,Less than 2km,41,56,-15
E01003200,"Works mainly at an offshore installation, in no fixed place, or outside the UK",53,65,-12
E01003200,Works mainly from home,539,113,426
E01003201,10km to less than 20km,67,140,-73
E01003201,20km to less than 30km,9,19,-10
E01003201,2km to less than 5km,81,112,-31
E01003201,30km to less than 40km,4,8,-4
E01003201,40km to less than 60km,3,1,2
E01003201,5km to less than 10km,117,249,-132
E01003201,60km and over,3,20,-17
E01003201,Less than 2km,67,83,-16
E01003201,"Works mainly at an offshore installation, in no fixed place, or outside the UK",85,76,9
E01003201,Works mainly from home,433,90,343
E01003202,10km to less than 20km,106,269,-163
E01003202,20km to less than 30km,4,12,-8
E01003202,2km to less than 5km,57,94,-37
E01003202,30km to less than 40km,5,20,-15
E01003202,40km to less than 60km,2,5,-3
E01003202,5km to less than 10km,100,308,-208
E01003202,60km and over,3,12,-9
E01003202,Less than 2km,35,55,-20
E01003202,"Works mainly at an offshore installation, in no fixed place, or outside the UK",59,49,10
E01003202,Works mainly from home,507,96,411
E01003203,10km to less than 20km,117,281,-164
E01003203,20km to less than 30km,5,16,-11
E01003203,2km to less than 5km,81,93,-12
E01003203,30km to less than 40km,6,16,-10
E01003203,40km to less than 60km,4,9,-5
E01003203,5km to less than 10km,147,347,-200
E01003203,60km and over,8,10,-2
E01003203,Less than 2km,72,71,1
E01003203,"Works mainly at an offshore installation, in no fixed place, or outside the UK",135,97,38
E01003203,Works mainly from home,432,81,351
E01003204,10km to less than 20km,55,99,-44
E01003204,20km to less than 30km,1,14,-13
E01003204,2km to less than 5km,63,97,-34
E01003204,30km to less than 40km,1,10,-9
E01003204,40km to less than 60km,5,4,1
E01003204,5km to less than 10km,112,306,-194
E01003204,60km and over,3,11,-8
E01003204,Less than 2km,42,61,-19
E01003204,"Works mainly at an offshore installation, in no fixed place, or outside the UK",79,58,21
E01003204,Works mainly from home,501,67,434
E01003205,10km to less than 20km,54,87,-33
E01003205,20km to less than 30km,6,10,-4
E01003205,2km to less than 5km,60,56,4
E01003205,30km to less than 40km,5,3,2
E01003205,40km to less than 60km,2,14,-12
E01003205,5km to less than 10km,106,143,-37
E01003205,60km and over,4,5,-1
E01003205,Less than 2km,43,62,-19
E01003205,"Works mainly at an offshore installation, in no fixed place, or outside the UK",59,51,8
E01003205,Works mainly from home,358,29,329
E01003206,10km to less than 20km,75,184,-109
E01003206,20km to less than 30km,2,5,-3
E01003206,2km to less than 5km,55,114,-59
E01003206,30km to less than 40km,4,9,-5
E01003206,40km to less than 60km,6,4,2
E01003206,5km to less than 10km,71,318,-247
E01003206,60km and over,0,11,-11
E01003206,Less than 2km,37,65,-28
E01003206,"Works mainly at an offshore installation, in no fixed place, or outside the UK",47,64,-17
E01003206,Works mainly from home,507,107,400
E01003207,10km to less than 20km,72,76,-4
E01003207,20km to less than 30km,9,13,-4
E01003207,2km to less than 5km,124,123,1
E01003207,30km to less than 40km,3,4,-1
E01003207,40km to less than 60km,7,2,5
E01003207,5km to less than 10km,228,215,13
E01003207,60km and over,9,10,-1
E01003207,Less than 2km,52,89,-37
E01003207,"Works mainly at an offshore installation, in no fixed place, or outside the UK",154,73,81
E01003207,Works mainly from home,488,41,447
E01003209,10km to less than 20km,58,101,-43
E01003209,20km to less than 30km,2,7,-5
E01003209,2km to less than 5km,97,163,-66
E01003209,30km to less than 40km,3,8,-5
E01003209,40km to less than 60km,3,5,-2
E01003209,5km to less than 10km,148,420,-272
E01003209,60km and over,12,7,5
E01003209,Less than 2km,45,107,-62
E01003209,"Works mainly at an offshore installation, in no fixed place, or outside the UK",121,121,0
E01003209,Works mainly from home,440,99,341
E01003210,10km to less than 20km,64,128,-64
E01003210,20km to less than 30km,9,20,-11
E01003210,2km to less than 5km,68,115,-47
E01003210,30km to less than 40km,1,5,-4
E01003210,40km to less than 60km,3,5,-2
E01003210,5km to less than 10km,139,464,-325
E01003210,60km and over,6,10,-4
E01003210,Less than 2km,67,86,-19
E01003210,"Works mainly at an offshore installation, in no fixed place, or outside the UK",112,111,1
E01003210,Works mainly from home,590,120,470
E01003211,10km to less than 20km,52,137,-85
E01003211,20km to less than 30km,8,12,-4
E01003211,2km to less than 5km,64,122,-58
E01003211,30km to less than 40km,4,8,-4
E01003211,40km to less than 60km,5,7,-2
E01003211,5km to less than 10km,121,416,-295
E01003211,60km and over,4,14,-10
E01003211,Less than 2km,51,87,-36
E01003211,"Works mainly at an offshore installation, in no fixed place, or outside the UK",85,85,0
E01003211,Works mainly from home,591,91,500
E01003212,10km to less than 20km,78,106,-28
E01003212,20km to less than 30km,5,15,-10
E01003212,2km to less than 5km,130,163,-33
E01003212,30km to less than 40km,8,7,1
E01003212,40km to less than 60km,2,6,-4
E01003212,5km to less than 10km,165,503,-338
E01003212,60km and over,5,13,-8
E01003212,Less than 2km,69,90,-21
E01003212,"Works mainly at an offshore installation, in no fixed place, or outside the UK",114,130,-16
E01003212,Works mainly from home,553,98,455
E01003213,10km to less than 20km,64,139,-75
E01003213,20km to less than 30km,13,12,1
E01003213,2km to less than 5km,94,131,-37
E01003213,30km to less than 40km,1,3,-2
E01003213,40km to less than 60km,4,8,-4
E01003213,5km to less than 10km,156,489,-333
E01003213,60km and over,4,14,-10
E01003213,Less than 2km,62,79,-17
E01003213,"Works mainly at an offshore installation, in no fixed place, or outside the UK",107,125,-18
E01003213,Works mainly from home,654,127,527
E01003214,10km to less than 20km,65,117,-52
E01003214,20km to less than 30km,8,14,-6
E01003214,2km to less than 5km,101,141,-40
E01003214,30km to less than 40km,2,6,-4
E01003214,40km to less than 60km,4,1,3
E01003214,5km to less than 10km,149,371,-222
E01003214,60km and over,4,6,-2
E01003214,Less than 2km,70,96,-26
E01003214,"Works mainly at an offshore installation, in no fixed place, or outside the UK",111,75,36
E01003214,Works mainly from home,493,94,399
E01003215,10km to less than 20km,61,94,-33
E01003215,20km to less than 30km,5,14,-9
E01003215,2km to less than 5km,84,147,-63
E01003215,30km to less than 40km,1,3,-2
E01003215,40km to less than 60km,4,10,-6
E01003215,5km to less than 10km,169,416,-247
E01003215,60km and over,8,13,-5
E01003215,Less than 2km,54,78,-24
E01003215,"Works mainly at an offshore installation, in no fixed place, or outside the UK",113,127,-14
E01003215,Works mainly from home,373,84,289
E01003216,10km to less than 20km,84,245,-161
E01003216,20km to less than 30km,12,16,-4
E01003216,2km to less than 5km,69,117,-48
E01003216,30km to less than 40km,2,8,-6
E01003216,40km to less than 60km,2,7,-5
E01003216,5km to less than 10km,131,244,-113
E01003216,60km and over,4,11,-7
E01003216,Less than 2km,56,101,-45
E01003216,"Works mainly at an offshore installation, in no fixed place, or outside the UK",106,70,36
E01003216,Works mainly from home,414,86,328
E01003217,10km to less than 20km,146,226,-80
E01003217,20km to less than 30km,9,19,-10
E01003217,2km to less than 5km,71,117,-46
E01003217,30km to less than 40km,12,6,6
E01003217,40km to less than 60km,7,4,3
E01003217,5km to less than 10km,121,181,-60
E01003217,60km and over,5,10,-5
E01003217,Less than 2km,74,109,-35
E01003217,"Works mainly at an offshore installation, in no fixed place, or outside the UK",115,72,43
E01003217,Works mainly from home,402,55,347
E01003218,10km to less than 20km,71,192,-121
E01003218,20km to less than 30km,7,12,-5
E01003218,2km to less than 5km,77,133,-56
E01003218,30km to less than 40km,3,5,-2
E01003218,40km to less than 60km,0,2,-2
E01003218,5km to less than 10km,84,156,-72
E01003218,60km and over,2,8,-6
E01003218,Less than 2km,70,107,-37
E01003218,"Works mainly at an offshore installation, in no fixed place, or outside the UK",100,80,20
E01003218,Works mainly from home,338,53,285
E01003219,10km to less than 20km,92,219,-127
E01003219,20km to less than 30km,9,9,0
E01003219,2km to less than 5km,91,113,-22
E01003219,30km to less than 40km,4,8,-4
E01003219,40km to less than 60km,4,4,0
E01003219,5km to less than 10km,90,168,-78
E01003219,60km and over,10,14,-4
E01003219,Less than 2km,56,119,-63
E01003219,"Works mainly at an offshore installation, in no fixed place, or outside the UK",117,92,25
E01003219,Works mainly from home,388,71,317
E01003220,10km to less than 20km,96,238,-142
E01003220,20km to less than 30km,3,18,-15
E01003220,2km to less than 5km,67,118,-51
E01003220,30km to less than 40km,3,9,-6
E01003220,40km to less than 60km,2,4,-2
E01003220,5km to less than 10km,115,156,-41
E01003220,60km and over,6,11,-5
E01003220,Less than 2km,55,71,-16
E01003220,"Works mainly at an offshore installation, in no fixed place, or outside the UK",98,92,6
E01003220,Works mainly from home,355,56,299
E01003221,10km to less than 20km,102,237,-135
E01003221,20km to less than 30km,8,17,-9
E01003221,2km to less than 5km,109,125,-16
E01003221,30km to less than 40km,4,8,-4
E01003221,40km to less than 60km,3,2,1
E01003221,5km to less than 10km,138,210,-72
E01003221,60km and over,9,11,-2
E01003221,Less than 2km,102,105,-3
E01003221,"Works mainly at an offshore installation, in no fixed place, or outside the UK",134,85,49
E01003221,Works mainly from home,408,82,326
E01003222,10km to less than 20km,83,211,-128
E01003222,20km to less than 30km,9,16,-7
E01003222,2km to less than 5km,75,126,-51
E01003222,30km to less than 40km,3,2,1
E01003222,40km to less than 60km,2,8,-6
E01003222,5km to less than 10km,121,169,-48
E01003222,60km and over,0,8,-8
E01003222,Less than 2km,56,91,-35
E01003222,"Works mainly at an offshore installation, in no fixed place, or outside the UK",131,72,59
E01003222,Works mainly from home,363,52,311
E01003223,10km to less than 20km,83,216,-133
E01003223,20km to less than 30km,14,18,-4
E01003223,2km to less than 5km,86,139,-53
E01003223,30km to less than 40km,5,10,-5
E01003223,40km to less than 60km,2,3,-1
E01003223,5km to less than 10km,97,180,-83
E01003223,60km and over,9,12,-3
E01003223,Less than 2km,62,90,-28
E01003223,"Works mainly at an offshore installation, in no fixed place, or outside the UK",137,86,51
E01003223,Works mainly from home,334,69,265
E01003224,10km to less than 20km,108,198,-90
E01003224,20km to less than 30km,11,16,-5
E01003224,2km to less than 5km,84,123,-39
E01003224,30km to less than 40km,1,2,-1
E01003224,40km to less than 60km,3,1,2
E01003224,5km to less than 10km,103,188,-85
E01003224,60km and over,5,6,-1
E01003224,Less than 2km,71,114,-43
E01003224,"Works mainly at an offshore installation, in no fixed place, or outside the UK",119,106,13
E01003224,Works mainly from home,357,71,286
E01003225,10km to less than 20km,52,144,-92
E01003225,20km to less than 30km,4,16,-12
E01003225,2km to less than 5km,59,104,-45
E01003225,30km to less than 40km,3,9,-6
E01003225,40km to less than 60km,0,3,-3
E01003225,5km to less than 10km,126,292,-166
E01003225,60km and over,2,7,-5
E01003225,Less than 2km,48,94,-46
E01003225,"Works mainly at an offshore installation, in no fixed place, or outside the UK",74,88,-14
E01003225,Works mainly from home,523,82,441
E01003226,10km to less than 20km,72,141,-69
E01003226,20km to less than 30km,8,21,-13
E01003226,2km to less than 5km,81,143,-62
E01003226,30km to less than 40km,2,12,-10
E01003226,40km to less than 60km,2,3,-1
E01003226,5km to less than 10km,145,410,-265
E01003226,60km and over,3,12,-9
E01003226,Less than 2km,41,68,-27
E01003226,"Works mainly at an offshore installation, in no fixed place, or outside the UK",119,100,19
E01003226,Works mainly from home,568,109,459
E01003227,10km to less than 20km,61,157,-96
E01003227,20km to less than 30km,5,20,-15
E01003227,2km to less than 5km,88,129,-41
E01003227,30km to less than 40km,6,11,-5
E01003227,40km to less than 60km,0,4,-4
E01003227,5km to less than 10km,114,353,-239
E01003227,60km and over,3,8,-5
E01003227,Less than 2km,38,63,-25
E01003227,"Works mainly at an offshore installation, in no fixed place, or outside the UK",99,83,16
E01003227,Works mainly from home,548,103,445
E01003228,10km to less than 20km,43,143,-100
E01003228,20km to less than 30km,7,17,-10
E01003228,2km to less than 5km,76,100,-24
E01003228,30km to less than 40km,1,4,-3
E01003228,40km to less than 60km,2,3,-1
E01003228,5km to less than 10km,100,417,-317
E01003228,60km and over,3,6,-3
E01003228,Less than 2km,25,51,-26
E01003228,"Works mainly at an offshore installation, in no fixed place, or outside the UK",64,79,-15
E01003228,Works mainly from home,626,68,558
E01003229,10km to less than 20km,63,152,-89
E01003229,20km to less than 30km,7,11,-4
E01003229,2km to less than 5km,90,90,0
E01003229,30km to less than 40km,3,3,0
E01003229,40km to less than 60km,2,0,2
E01003229,5km to less than 10km,120,234,-114
E01003229,60km and over,3,7,-4
E01003229,Less than 2km,57,64,-7
E01003229,"Works mainly at an offshore installation, in no fixed place, or outside the UK",111,75,36
E01003229,Works mainly from home,407,67,340
E01003230,10km to less than 20km,84,182,-98
E01003230,20km to less than 30km,7,24,-17
E01003230,2km to less than 5km,100,134,-34
E01003230,30km to less than 40km,5,8,-3
E01003230,40km to less than 60km,2,5,-3
E01003230,5km to less than 10km,143,353,-210
E01003230,60km and over,4,7,-3
E01003230,Less than 2km,75,75,0
E01003230,"Works mainly at an offshore installation, in no fixed place, or outside the UK",149,113,36
E01003230,Works mainly from home,517,95,422
E01003231,10km to less than 20km,56,86,-30
E01003231,20km to less than 30km,4,8,-4
E01003231,2km to less than 5km,91,98,-7
E01003231,30km to less than 40km,3,11,-8
E01003231,40km to less than 60km,3,4,-1
E01003231,5km to less than 10km,121,357,-236
E01003231,60km and over,1,11,-10
E01003231,Less than 2km,49,92,-43
E01003231,"Works mainly at an offshore installation, in no fixed place, or outside the UK",89,100,-11
E01003231,Works mainly from home,490,87,403
E01003232,10km to less than 20km,51,120,-69
E01003232,20km to less than 30km,4,12,-8
E01003232,2km to less than 5km,82,115,-33
E01003232,30km to less than 40km,5,8,-3
E01003232,40km to less than 60km,1,4,-3
E01003232,5km to less than 10km,115,342,-227
E01003232,60km and over,4,3,1
E01003232,Less than 2km,60,98,-38
E01003232,"Works mainly at an offshore installation, in no fixed place, or outside the UK",88,115,-27
E01003232,Works mainly from home,515,70,445
E01003233,10km to less than 20km,78,141,-63
E01003233,20km to less than 30km,3,41,-38
E01003233,2km to less than 5km,73,111,-38
E01003233,30km to less than 40km,3,5,-2
E01003233,40km to less than 60km,3,4,-1
E01003233,5km to less than 10km,113,338,-225
E01003233,60km and over,5,15,-10
E01003233,Less than 2km,45,82,-37
E01003233,"Works mainly at an offshore installation, in no fixed place, or outside the UK",103,80,23
E01003233,Works mainly from home,521,79,442
E01003235,10km to less than 20km,88,153,-65
E01003235,20km to less than 30km,10,17,-7
E01003235,2km to less than 5km,87,128,-41
E01003235,30km to less than 40km,4,4,0
E01003235,40km to less than 60km,0,2,-2
E01003235,5km to less than 10km,86,97,-11
E01003235,60km and over,7,10,-3
E01003235,Less than 2km,43,56,-13
E01003235,"Works mainly at an offshore installation, in no fixed place, or outside the UK",122,47,75
E01003235,Works mainly from home,235,59,176
E01003236,10km to less than 20km,111,185,-74
E01003236,20km to less than 30km,3,17,-14
E01003236,2km to less than 5km,121,111,10
E01003236,30km to less than 40km,4,5,-1
E01003236,40km to less than 60km,1,15,-14
E01003236,5km to less than 10km,101,102,-1
E01003236,60km and over,4,11,-7
E01003236,Less than 2km,44,48,-4
E01003236,"Works mainly at an offshore installation, in no fixed place, or outside the UK",165,60,105
E01003236,Works mainly from home,237,35,202
E01003237,10km to less than 20km,99,164,-65
E01003237,20km to less than 30km,9,11,-2
E01003237,2km to less than 5km,100,134,-34
E01003237,30km to less than 40km,7,5,2
E01003237,40km to less than 60km,2,2,0
E01003237,5km to less than 10km,120,107,13
E01003237,60km and over,10,10,0
E01003237,Less than 2km,43,53,-10
E01003237,"Works mainly at an offshore installation, in no fixed place, or outside the UK",142,61,81
E01003237,Works mainly from home,212,42,170
E01003238,10km to less than 20km,83,176,-93
E01003238,20km to less than 30km,7,16,-9
E01003238,2km to less than 5km,101,122,-21
E01003238,30km to less than 40km,0,4,-4
E01003238,40km to less than 60km,0,1,-1
E01003238,5km to less than 10km,82,98,-16
E01003238,60km and over,6,11,-5
E01003238,Less than 2km,40,50,-10
E01003238,"Works mainly at an offshore installation, in no fixed place, or outside the UK",134,76,58
E01003238,Works mainly from home,176,33,143
E01003239,10km to less than 20km,96,145,-49
E01003239,20km to less than 30km,19,15,4
E01003239,2km to less than 5km,104,141,-37
E01003239,30km to less than 40km,1,2,-1
E01003239,40km to less than 60km,1,1,0
E01003239,5km to less than 10km,110,127,-17
E01003239,60km and over,4,6,-2
E01003239,Less than 2km,56,57,-1
E01003239,"Works mainly at an offshore installation, in no fixed place, or outside the UK",141,75,66
E01003239,Works mainly from home,166,27,139
E01003240,10km to less than 20km,104,187,-83
E01003240,20km to less than 30km,4,20,-16
E01003240,2km to less than 5km,152,174,-22
E01003240,30km to less than 40km,8,7,1
E01003240,40km to less than 60km,1,1,0
E01003240,5km to less than 10km,132,151,-19
E01003240,60km and over,8,10,-2
E01003240,Less than 2km,59,65,-6
E01003240,"Works mainly at an offshore installation, in no fixed place, or outside the UK",186,92,94
E01003240,Works mainly from home,193,43,150
E01003241,10km to less than 20km,82,174,-92
E01003241,20km to less than 30km,8,23,-15
E01003241,2km to less than 5km,100,112,-12
E01003241,30km to less than 40km,4,4,0
E01003241,40km to less than 60km,1,1,0
E01003241,5km to less than 10km,107,137,-30
E01003241,60km and over,6,9,-3
E01003241,Less than 2km,63,42,21
E01003241,"Works mainly at an offshore installation, in no fixed place, or outside the UK",126,65,61
E01003241,Works mainly from home,234,65,169
E01003243,10km to less than 20km,93,159,-66
E01003243,20km to less than 30km,5,15,-10
E01003243,2km to less than 5km,113,109,4
E01003243,30km to less than 40km,3,10,-7
E01003243,40km to less than 60km,2,6,-4
E01003243,5km to less than 10km,99,109,-10
E01003243,60km and over,5,4,1
E01003243,Less than 2km,52,38,14
E01003243,"Works mainly at an offshore installation, in no fixed place, or outside the UK",166,54,112
E01003243,Works mainly from home,171,43,128
E01003244,10km to less than 20km,74,83,-9
E01003244,20km to less than 30km,8,10,-2
E01003244,2km to less than 5km,136,123,13
E01003244,30km to less than 40km,5,5,0
E01003244,40km to less than 60km,3,9,-6
E01003244,5km to less than 10km,199,198,1
E01003244,60km and over,11,12,-1
E01003244,Less than 2km,66,70,-4
E01003244,"Works mainly at an offshore installation, in no fixed place, or outside the UK",137,73,64
E01003244,Works mainly from home,274,38,236
E01003245,10km to less than 20km,65,68,-3
E01003245,20km to less than 30km,17,12,5
E01003245,2km to less than 5km,155,158,-3
E01003245,30km to less than 40km,8,5,3
E01003245,40km to less than 60km,0,4,-4
E01003245,5km to less than 10km,122,188,-66
E01003245,60km and over,7,12,-5
E01003245,Less than 2km,50,70,-20
E01003245,"Works mainly at an offshore installation, in no fixed place, or outside the UK",100,46,54
E01003245,Works mainly from home,267,32,235
E01003246,10km to less than 20km,68,77,-9
E01003246,20km to less than 30km,6,5,1
E01003246,2km to less than 5km,161,130,31
E01003246,30km to less than 40km,2,4,-2
E01003246,40km to less than 60km,3,5,-2
E01003246,5km to less than 10km,215,221,-6
E01003246,60km and over,7,9,-2
E01003246,Less than 2km,95,72,23
E01003246,"Works mainly at an offshore installation, in no fixed place, or outside the UK",114,79,35
E01003246,Works mainly from home,713,45,668
E01003247,10km to less than 20km,98,103,-5
E01003247,20km to less than 30km,9,8,1
E01003247,2km to less than 5km,186,316,-130
E01003247,30km to less than 40km,13,3,10
E01003247,40km to less than 60km,6,3,3
E01003247,5km to less than 10km,230,387,-157
E01003247,60km and over,8,13,-5
E01003247,Less than 2km,62,73,-11
E01003247,"Works mainly at an offshore installation, in no fixed place, or outside the UK",127,106,21
E01003247,Works mainly from home,586,65,521
E01003248,10km to less than 20km,57,72,-15
E01003248,20km to less than 30km,9,5,4
E01003248,2km to less than 5km,106,189,-83
E01003248,30km to less than 40km,7,4,3
E01003248,40km to less than 60km,2,8,-6
E01003248,5km to less than 10km,143,257,-114
E01003248,60km and over,5,7,-2
E01003248,Less than 2km,52,55,-3
E01003248,"Works mainly at an offshore installation, in no fixed place, or outside the UK",115,88,27
E01003248,Works mainly from home,268,50,218
E01003249,10km to less than 20km,106,98,8
E01003249,20km to less than 30km,20,18,2
E01003249,2km to less than 5km,146,249,-103
E01003249,30km to less than 40km,1,8,-7
E01003249,40km to less than 60km,1,11,-10
E01003249,5km to less than 10km,230,346,-116
E01003249,60km and over,12,16,-4
E01003249,Less than 2km,63,101,-38
E01003249,"Works mainly at an offshore installation, in no fixed place, or outside the UK",136,110,26
E01003249,Works mainly from home,434,66,368
E01003251,10km to less than 20km,93,109,-16
E01003251,20km to less than 30km,18,31,-13
E01003251,2km to less than 5km,107,148,-41
E01003251,30km to less than 40km,4,2,2
E01003251,40km to less than 60km,7,3,4
E01003251,5km to less than 10km,156,214,-58
E01003251,60km and over,4,14,-10
E01003251,Less than 2km,58,71,-13
E01003251,"Works mainly at an offshore installation, in no fixed place, or outside the UK",129,117,12
E01003251,Works mainly from home,194,45,149
E01003252,10km to less than 20km,55,59,-4
E01003252,20km to less than 30km,11,15,-4
E01003252,2km to less than 5km,103,116,-13
E01003252,30km to less than 40km,6,5,1
E01003252,40km to less than 60km,2,5,-3
E01003252,5km to less than 10km,123,143,-20
E01003252,60km and over,3,10,-7
E01003252,Less than 2km,55,70,-15
E01003252,"Works mainly at an offshore installation, in no fixed place, or outside the UK",117,63,54
E01003252,Works mainly from home,142,37,105
E01003253,10km to less than 20km,52,90,-38
E01003253,20km to less than 30km,6,12,-6
E01003253,2km to less than 5km,89,114,-25
E01003253,30km to less than 40km,1,4,-3
E01003253,40km to less than 60km,4,5,-1
E01003253,5km to less than 10km,126,230,-104
E01003253,60km and over,8,18,-10
E01003253,Less than 2km,55,70,-15
E01003253,"Works mainly at an offshore installation, in no fixed place, or outside the UK",100,77,23
E01003253,Works mainly from home,298,60,238
E01003254,10km to less than 20km,42,99,-57
E01003254,20km to less than 30km,6,12,-6
E01003254,2km to less than 5km,63,100,-37
E01003254,30km to less than 40km,3,3,0
E01003254,40km to less than 60km,0,6,-6
E01003254,5km to less than 10km,119,363,-244
E01003254,60km and over,2,8,-6
E01003254,Less than 2km,24,51,-27
E01003254,"Works mainly at an offshore installation, in no fixed place, or outside the UK",56,73,-17
E01003254,Works mainly from home,438,93,345
E01003255,10km to less than 20km,98,213,-115
E01003255,20km to less than 30km,17,14,3
E01003255,2km to less than 5km,124,96,28
E01003255,30km to less than 40km,4,4,0
E01003255,40km to less than 60km,1,5,-4
E01003255,5km to less than 10km,148,514,-366
E01003255,60km and over,3,11,-8
E01003255,Less than 2km,64,64,0
E01003255,"Works mainly at an offshore installation, in no fixed place, or outside the UK",128,155,-27
E01003255,Works mainly from home,720,129,591
E01003256,10km to less than 20km,82,220,-138
E01003256,20km to less than 30km,7,18,-11
E01003256,2km to less than 5km,127,127,0
E01003256,30km to less than 40km,4,6,-2
E01003256,40km to less than 60km,1,6,-5
E01003256,5km to less than 10km,155,323,-168
E01003256,60km and over,3,25,-22
E01003256,Less than 2km,54,50,4
E01003256,"Works mainly at an offshore installation, in no fixed place, or outside the UK",138,138,0
E01003256,Works mainly from home,493,78,415
E01003257,10km to less than 20km,64,125,-61
E01003257,20km to less than 30km,10,14,-4
E01003257,2km to less than 5km,84,104,-20
E01003257,30km to less than 40km,1,4,-3
E01003257,40km to less than 60km,2,2,0
E01003257,5km to less than 10km,118,278,-160
E01003257,60km and over,6,12,-6
E01003257,Less than 2km,41,47,-6
E01003257,"Works mainly at an offshore installation, in no fixed place, or outside the UK",100,97,3
E01003257,Works mainly from home,390,95,295
E01003258,10km to less than 20km,70,118,-48
E01003258,20km to less than 30km,2,11,-9
E01003258,2km to less than 5km,121,88,33
E01003258,30km to less than 40km,2,5,-3
E01003258,40km to less than 60km,4,2,2
E01003258,5km to less than 10km,152,200,-48
E01003258,60km and over,3,9,-6
E01003258,Less than 2km,37,44,-7
E01003258,"Works mainly at an offshore installation, in no fixed place, or outside the UK",94,58,36
E01003258,Works mainly from home,200,47,153
E01003259,10km to less than 20km,68,229,-161
E01003259,20km to less than 30km,5,10,-5
E01003259,2km to less than 5km,104,99,5
E01003259,30km to less than 40km,1,7,-6
E01003259,40km to less than 60km,1,7,-6
E01003259,5km to less than 10km,120,281,-161
E01003259,60km and over,4,14,-10
E01003259,Less than 2km,40,75,-35
E01003259,"Works mainly at an offshore installation, in no fixed place, or outside the UK",96,95,1
E01003259,Works mainly from home,522,76,446
E01003260,10km to less than 20km,45,93,-48
E01003260,20km to less than 30km,6,14,-8
E01003260,2km to less than 5km,94,161,-67
E01003260,30km to less than 40km,6,3,3
E01003260,40km to less than 60km,2,6,-4
E01003260,5km to less than 10km,178,345,-167
E01003260,60km and over,3,8,-5
E01003260,Less than 2km,34,74,-40
E01003260,"Works mainly at an offshore installation, in no fixed place, or outside the UK",94,97,-3
E01003260,Works mainly from home,405,105,300
E01003261,10km to less than 20km,53,93,-40
E01003261,20km to less than 30km,2,5,-3
E01003261,2km to less than 5km,90,126,-36
E01003261,30km to less than 40km,2,4,-2
E01003261,40km to less than 60km,0,5,-5
E01003261,5km to less than 10km,140,326,-186
E01003261,60km and over,6,5,1
E01003261,Less than 2km,24,47,-23
E01003261,"Works mainly at an offshore installation, in no fixed place, or outside the UK",60,80,-20
E01003261,Works mainly from home,504,103,401
E01003262,10km to less than 20km,36,114,-78
E01003262,20km to less than 30km,5,17,-12
E01003262,2km to less than 5km,87,82,5
E01003262,30km to less than 40km,2,7,-5
E01003262,40km to less than 60km,1,3,-2
E01003262,5km to less than 10km,114,319,-205
E01003262,60km and over,1,7,-6
E01003262,Less than 2km,28,47,-19
E01003262,"Works mainly at an offshore installation, in no fixed place, or outside the UK",112,68,44
E01003262,Works mainly from home,495,77,418
E01003263,10km to less than 20km,143,264,-121
E01003263,20km to less than 30km,8,14,-6
E01003263,2km to less than 5km,121,114,7
E01003263,30km to less than 40km,3,11,-8
E01003263,40km to less than 60km,3,14,-11
E01003263,5km to less than 10km,107,113,-6
E01003263,60km and over,6,9,-3
E01003263,Less than 2km,36,51,-15
E01003263,"Works mainly at an offshore installation, in no fixed place, or outside the UK",130,84,46
E01003263,Works mainly from home,294,45,249
E01003264,10km to less than 20km,134,272,-138
E01003264,20km to less than 30km,6,9,-3
E01003264,2km to less than 5km,114,111,3
E01003264,30km to less than 40km,3,18,-15
E01003264,40km to less than 60km,4,11,-7
E01003264,5km to less than 10km,100,115,-15
E01003264,60km and over,5,5,0
E01003264,Less than 2km,30,42,-12
E01003264,"Works mainly at an offshore installation, in no fixed place, or outside the UK",116,93,23
E01003264,Works mainly from home,312,73,239
E01003265,10km to less than 20km,137,259,-122
E01003265,20km to less than 30km,7,11,-4
E01003265,2km to less than 5km,111,117,-6
E01003265,30km to less than 40km,4,3,1
E01003265,40km to less than 60km,2,0,2
E01003265,5km to less than 10km,119,96,23
E01003265,60km and over,6,19,-13
E01003265,Less than 2km,36,35,1
E01003265,"Works mainly at an offshore installation, in no fixed place, or outside the UK",151,84,67
E01003265,Works mainly from home,270,51,219
E01003266,10km to less than 20km,125,235,-110
E01003266,20km to less than 30km,7,21,-14
E01003266,2km to less than 5km,92,144,-52
E01003266,30km to less than 40km,9,10,-1
E01003266,40km to less than 60km,7,5,2
E01003266,5km to less than 10km,134,151,-17
E01003266,60km and over,6,11,-5
E01003266,Less than 2km,27,45,-18
E01003266,"Works mainly at an offshore installation, in no fixed place, or outside the UK",144,114,30
E01003266,Works mainly from home,210,50,160
E01003267,10km to less than 20km,118,192,-74
E01003267,20km to less than 30km,11,15,-4
E01003267,2km to less than 5km,125,93,32
E01003267,30km to less than 40km,27,8,19
E01003267,40km to less than 60km,6,2,4
E01003267,5km to less than 10km,103,90,13
E01003267,60km and over,2,11,-9
E01003267,Less than 2km,31,27,4
E01003267,"Works mainly at an offshore installation, in no fixed place, or outside the UK",181,53,128
E01003267,Works mainly from home,207,29,178
E01003268,10km to less than 20km,130,313,-183
E01003268,20km to less than 30km,13,27,-14
E01003268,2km to less than 5km,82,144,-62
E01003268,30km to less than 40km,3,11,-8
E01003268,40km to less than 60km,1,6,-5
E01003268,5km to less than 10km,120,182,-62
E01003268,60km and over,3,6,-3
E01003268,Less than 2km,34,51,-17
E01003268,"Works mainly at an offshore installation, in no fixed place, or outside the UK",135,98,37
E01003268,Works mainly from home,403,63,340
E01003269,10km to less than 20km,105,233,-128
E01003269,20km to less than 30km,6,24,-18
E01003269,2km to less than 5km,82,130,-48
E01003269,30km to less than 40km,3,5,-2
E01003269,40km to less than 60km,1,6,-5
E01003269,5km to less than 10km,83,150,-67
E01003269,60km and over,6,6,0
E01003269,Less than 2km,50,59,-9
E01003269,"Works mainly at an offshore installation, in no fixed place, or outside the UK",131,80,51
E01003269,Works mainly from home,328,61,267
E01003270,10km to less than 20km,143,318,-175
E01003270,20km to less than 30km,11,18,-7
E01003270,2km to less than 5km,116,166,-50
E01003270,30km to less than 40km,4,9,-5
E01003270,40km to less than 60km,1,7,-6
E01003270,5km to less than 10km,100,164,-64
E01003270,60km and over,9,12,-3
E01003270,Less than 2km,27,76,-49
E01003270,"Works mainly at an offshore installation, in no fixed place, or outside the UK",128,81,47
E01003270,Works mainly from home,387,62,325
E01003271,10km to less than 20km,105,295,-190
E01003271,20km to less than 30km,8,14,-6
E01003271,2km to less than 5km,91,176,-85
E01003271,30km to less than 40km,2,7,-5
E01003271,40km to less than 60km,0,7,-7
E01003271,5km to less than 10km,66,173,-107
E01003271,60km and over,5,6,-1
E01003271,Less than 2km,38,47,-9
E01003271,"Works mainly at an offshore installation, in no fixed place, or outside the UK",118,94,24
E01003271,Works mainly from home,359,82,277
E01003272,10km to less than 20km,57,133,-76
E01003272,20km to less than 30km,8,34,-26
E01003272,2km to less than 5km,78,115,-37
E01003272,30km to less than 40km,8,12,-4
E01003272,40km to less than 60km,0,8,-8
E01003272,5km to less than 10km,169,446,-277
E01003272,60km and over,1,11,-10
E01003272,Less than 2km,71,93,-22
E01003272,"Works mainly at an offshore installation, in no fixed place, or outside the UK",105,112,-7
E01003272,Works mainly from home,644,103,541
E01003273,10km to less than 20km,65,164,-99
E01003273,20km to less than 30km,10,17,-7
E01003273,2km to less than 5km,76,131,-55
E01003273,30km to less than 40km,5,8,-3
E01003273,40km to less than 60km,0,7,-7
E01003273,5km to less than 10km,107,264,-157
E01003273,60km and over,2,7,-5
E01003273,Less than 2km,80,109,-29
E01003273,"Works mainly at an offshore installation, in no fixed place, or outside the UK",68,97,-29
E01003273,Works mainly from home,406,76,330
E01003274,10km to less than 20km,63,206,-143
E01003274,20km to less than 30km,5,17,-12
E01003274,2km to less than 5km,84,108,-24
E01003274,30km to less than 40km,3,2,1
E01003274,40km to less than 60km,2,9,-7
E01003274,5km to less than 10km,113,347,-234
E01003274,60km and over,2,12,-10
E01003274,Less than 2km,60,82,-22
E01003274,"Works mainly at an offshore installation, in no fixed place, or outside the UK",82,91,-9
E01003274,Works mainly from home,495,99,396
E01003275,10km to less than 20km,74,118,-44
E01003275,20km to less than 30km,2,8,-6
E01003275,2km to less than 5km,62,90,-28
E01003275,30km to less than 40km,3,5,-2
E01003275,40km to less than 60km,3,3,0
E01003275,5km to less than 10km,120,239,-119
E01003275,60km and over,21,10,11
E01003275,Less than 2km,78,80,-2
E01003275,"Works mainly at an offshore installation, in no fixed place, or outside the UK",130,98,32
E01003275,Works mainly from home,303,63,240
E01003276,10km to less than 20km,61,152,-91
E01003276,20km to less than 30km,7,8,-1
E01003276,2km to less than 5km,80,139,-59
E01003276,30km to less than 40km,9,6,3
E01003276,40km to less than 60km,1,5,-4
E01003276,5km to less than 10km,137,330,-193
E01003276,60km and over,3,11,-8
E01003276,Less than 2km,81,119,-38
E01003276,"Works mainly at an offshore installation, in no fixed place, or outside the UK",95,94,1
E01003276,Works mainly from home,501,90,411
E01003277,10km to less than 20km,63,134,-71
E01003277,20km to less than 30km,4,17,-13
E01003277,2km to less than 5km,84,120,-36
E01003277,30km to less than 40km,3,6,-3
E01003277,40km to less than 60km,0,4,-4
E01003277,5km to less than 10km,141,360,-219
E01003277,60km and over,6,11,-5
E01003277,Less than 2km,39,94,-55
E01003277,"Works mainly at an offshore installation, in no fixed place, or outside the UK",88,129,-41
E01003277,Works mainly from home,604,117,487
E01003278,10km to less than 20km,86,224,-138
E01003278,20km to less than 30km,4,16,-12
E01003278,2km to less than 5km,80,133,-53
E01003278,30km to less than 40km,2,9,-7
E01003278,40km to less than 60km,1,4,-3
E01003278,5km to less than 10km,177,366,-189
E01003278,60km and over,7,10,-3
E01003278,Less than 2km,64,118,-54
E01003278,"Works mainly at an offshore installation, in no fixed place, or outside the UK",127,126,1
E01003278,Works mainly from home,550,87,463
E01003279,10km to less than 20km,62,199,-137
E01003279,20km to less than 30km,1,19,-18
E01003279,2km to less than 5km,48,93,-45
E01003279,30km to less than 40km,2,6,-4
E01003279,40km to less than 60km,1,3,-2
E01003279,5km to less than 10km,112,324,-212
E01003279,60km and over,1,14,-13
E01003279,Less than 2km,53,72,-19
E01003279,"Works mainly at an offshore installation, in no fixed place, or outside the UK",87,88,-1
E01003279,Works mainly from home,449,85,364
E01003280,10km to less than 20km,99,227,-128
E01003280,20km to less than 30km,1,22,-21
E01003280,2km to less than 5km,93,123,-30
E01003280,30km to less than 40km,7,5,2
E01003280,40km to less than 60km,0,2,-2
E01003280,5km to less than 10km,78,142,-64
E01003280,60km and over,6,10,-4
E01003280,Less than 2km,37,60,-23
E01003280,"Works mainly at an offshore installation, in no fixed place, or outside the UK",111,82,29
E01003280,Works mainly from home,301,65,236
E01003281,10km to less than 20km,80,264,-184
E01003281,20km to less than 30km,0,11,-11
E01003281,2km to less than 5km,62,99,-37
E01003281,30km to less than 40km,7,6,1
E01003281,40km to less than 60km,2,6,-4
E01003281,5km to less than 10km,68,145,-77
E01003281,60km and over,4,13,-9
E01003281,Less than 2km,36,72,-36
E01003281,"Works mainly at an offshore installation, in no fixed place, or outside the UK",67,78,-11
E01003281,Works mainly from home,405,69,336
E01003282,10km to less than 20km,156,501,-345
E01003282,20km to less than 30km,26,28,-2
E01003282,2km to less than 5km,87,131,-44
E01003282,30km to less than 40km,5,10,-5
E01003282,40km to less than 60km,0,5,-5
E01003282,5km to less than 10km,234,398,-164
E01003282,60km and over,16,10,6
E01003282,Less than 2km,103,145,-42
E01003282,"Works mainly at an offshore installation, in no fixed place, or outside the UK",150,176,-26
E01003282,Works mainly from home,613,79,534
E01003283,10km to less than 20km,87,375,-288
E01003283,20km to less than 30km,0,17,-17
E01003283,2km to less than 5km,53,115,-62
E01003283,30km to less than 40km,9,18,-9
E01003283,40km to less than 60km,4,5,-1
E01003283,5km to less than 10km,122,330,-208
E01003283,60km and over,3,7,-4
E01003283,Less than 2km,66,101,-35
E01003283,"Works mainly at an offshore installation, in no fixed place, or outside the UK",105,102,3
E01003283,Works mainly from home,708,118,590
E01003284,10km to less than 20km,100,296,-196
E01003284,20km to less than 30km,10,18,-8
E01003284,2km to less than 5km,56,83,-27
E01003284,30km to less than 40km,5,12,-7
E01003284,40km to less than 60km,3,10,-7
E01003284,5km to less than 10km,101,287,-186
E01003284,60km and over,2,7,-5
E01003284,Less than 2km,80,69,11
E01003284,"Works mainly at an offshore installation, in no fixed place, or outside the UK",73,84,-11
E01003284,Works mainly from home,587,90,497
E01003285,10km to less than 20km,111,305,-194
E01003285,20km to less than 30km,5,18,-13
E01003285,2km to less than 5km,70,113,-43
E01003285,30km to less than 40km,4,6,-2
E01003285,40km to less than 60km,2,4,-2
E01003285,5km to less than 10km,111,203,-92
E01003285,60km and over,5,9,-4
E01003285,Less than 2km,50,80,-30
E01003285,"Works mainly at an offshore installation, in no fixed place, or outside the UK",117,85,32
E01003285,Works mainly from home,464,82,382
E01003286,10km to less than 20km,109,217,-108
E01003286,20km to less than 30km,7,22,-15
E01003286,2km to less than 5km,111,109,2
E01003286,30km to less than 40km,3,5,-2
E01003286,40km to less than 60km,2,5,-3
E01003286,5km to less than 10km,110,163,-53
E01003286,60km and over,2,7,-5
E01003286,Less than 2km,50,60,-10
E01003286,"Works mainly at an offshore installation, in no fixed place, or outside the UK",87,67,20
E01003286,Works mainly from home,273,33,240
E01003287,10km to less than 20km,91,379,-288
E01003287,20km to less than 30km,2,28,-26
E01003287,2km to less than 5km,55,83,-28
E01003287,30km to less than 40km,5,10,-5
E01003287,40km to less than 60km,3,8,-5
E01003287,5km to less than 10km,95,271,-176
E01003287,60km and over,1,10,-9
E01003287,Less than 2km,45,98,-53
E01003287,"Works mainly at an offshore installation, in no fixed place, or outside the UK",85,86,-1
E01003287,Works mainly from home,634,114,520
E01003288,10km to less than 20km,121,166,-45
E01003288,20km to less than 30km,12,21,-9
E01003288,2km to less than 5km,79,105,-26
E01003288,30km to less than 40km,3,8,-5
E01003288,40km to less than 60km,3,1,2
E01003288,5km to less than 10km,208,240,-32
E01003288,60km and over,5,12,-7
E01003288,Less than 2km,88,114,-26
E01003288,"Works mainly at an offshore installation, in no fixed place, or outside the UK",146,73,73
E01003288,Works mainly from home,411,51,360
E01003290,10km to less than 20km,100,278,-178
E01003290,20km to less than 30km,3,13,-10
E01003290,2km to less than 5km,86,96,-10
E01003290,30km to less than 40km,4,6,-2
E01003290,40km to less than 60km,4,3,1
E01003290,5km to less than 10km,156,247,-91
E01003290,60km and over,7,14,-7
E01003290,Less than 2km,81,73,8
E01003290,"Works mainly at an offshore installation, in no fixed place, or outside the UK",165,100,65
E01003290,Works mainly from home,431,92,339
E01003291,10km to less than 20km,85,117,-32
E01003291,20km to less than 30km,10,11,-1
E01003291,2km to less than 5km,78,66,12
E01003291,30km to less than 40km,3,7,-4
E01003291,40km to less than 60km,6,2,4
E01003291,5km to less than 10km,141,181,-40
E01003291,60km and over,7,7,0
E01003291,Less than 2km,79,87,-8
E01003291,"Works mainly at an offshore installation, in no fixed place, or outside the UK",91,66,25
E01003291,Works mainly from home,198,51,147
E01003292,10km to less than 20km,129,331,-202
E01003292,20km to less than 30km,5,19,-14
E01003292,2km to less than 5km,48,69,-21
E01003292,30km to less than 40km,3,12,-9
E01003292,40km to less than 60km,3,4,-1
E01003292,5km to less than 10km,133,303,-170
E01003292,60km and over,4,16,-12
E01003292,Less than 2km,50,95,-45
E01003292,"Works mainly at an offshore installation, in no fixed place, or outside the UK",113,126,-13
E01003292,Works mainly from home,491,93,398
E01003293,10km to less than 20km,82,204,-122
E01003293,20km to less than 30km,11,12,-1
E01003293,2km to less than 5km,43,60,-17
E01003293,30km to less than 40km,2,6,-4
E01003293,40km to less than 60km,0,6,-6
E01003293,5km to less than 10km,126,249,-123
E01003293,60km and over,6,10,-4
E01003293,Less than 2km,102,88,14
E01003293,"Works mainly at an offshore installation, in no fixed place, or outside the UK",86,89,-3
E01003293,Works mainly from home,361,48,313
E01003295,10km to less than 20km,96,170,-74
E01003295,20km to less than 30km,5,16,-11
E01003295,2km to less than 5km,54,50,4
E01003295,30km to less than 40km,1,7,-6
E01003295,40km to less than 60km,2,12,-10
E01003295,5km to less than 10km,109,168,-59
E01003295,60km and over,9,6,3
E01003295,Less than 2km,53,92,-39
E01003295,"Works mainly at an offshore installation, in no fixed place, or outside the UK",101,56,45
E01003295,Works mainly from home,478,56,422
E01003297,10km to less than 20km,87,102,-15
E01003297,20km to less than 30km,10,14,-4
E01003297,2km to less than 5km,136,209,-73
E01003297,30km to less than 40km,3,10,-7
E01003297,40km to less than 60km,4,3,1
E01003297,5km to less than 10km,218,297,-79
E01003297,60km and over,5,15,-10
E01003297,Less than 2km,65,60,5
E01003297,"Works mainly at an offshore installation, in no fixed place, or outside the UK",109,89,20
E01003297,Works mainly from home,315,46,269
E01003298,10km to less than 20km,47,77,-30
E01003298,20km to less than 30km,10,4,6
E01003298,2km to less than 5km,91,113,-22
E01003298,30km to less than 40km,2,3,-1
E01003298,40km to less than 60km,1,4,-3
E01003298,5km to less than 10km,107,200,-93
E01003298,60km and over,4,11,-7
E01003298,Less than 2km,45,60,-15
E01003298,"Works mainly at an offshore installation, in no fixed place, or outside the UK",96,53,43
E01003298,Works mainly from home,212,33,179
E01003299,10km to less than 20km,51,95,-44
E01003299,20km to less than 30km,5,13,-8
E01003299,2km to less than 5km,102,137,-35
E01003299,30km to less than 40km,4,8,-4
E01003299,40km to less than 60km,4,2,2
E01003299,5km to less than 10km,169,257,-88
E01003299,60km and over,10,12,-2
E01003299,Less than 2km,60,80,-20
E01003299,"Works mainly at an offshore installation, in no fixed place, or outside the UK",161,82,79
E01003299,Works mainly from home,416,55,361
E01003300,10km to less than 20km,46,71,-25
E01003300,20km to less than 30km,16,9,7
E01003300,2km to less than 5km,100,117,-17
E01003300,30km to less than 40km,2,6,-4
E01003300,40km to less than 60km,4,2,2
E01003300,5km to less than 10km,133,196,-63
E01003300,60km and over,7,10,-3
E01003300,Less than 2km,57,74,-17
E01003300,"Works mainly at an offshore installation, in no fixed place, or outside the UK",110,57,53
E01003300,Works mainly from home,228,36,192
E01003301,10km to less than 20km,92,165,-73
E01003301,20km to less than 30km,7,18,-11
E01003301,2km to less than 5km,206,232,-26
E01003301,30km to less than 40km,6,7,-1
E01003301,40km to less than 60km,3,10,-7
E01003301,5km to less than 10km,231,446,-215
E01003301,60km and over,26,24,2
E01003301,Less than 2km,54,70,-16
E01003301,"Works mainly at an offshore installation, in no fixed place, or outside the UK",179,128,51
E01003301,Works mainly from home,606,63,543
E01003302,10km to less than 20km,67,72,-5
E01003302,20km to less than 30km,10,9,1
E01003302,2km to less than 5km,129,165,-36
E01003302,30km to less than 40km,5,6,-1
E01003302,40km to less than 60km,4,4,0
E01003302,5km to less than 10km,192,245,-53
E01003302,60km and over,10,10,0
E01003302,Less than 2km,58,60,-2
E01003302,"Works mainly at an offshore installation, in no fixed place, or outside the UK",150,90,60
E01003302,Works mainly from home,314,59,255
E01003303,10km to less than 20km,68,92,-24
E01003303,20km to less than 30km,6,2,4
E01003303,2km to less than 5km,98,93,5
E01003303,30km to less than 40km,3,3,0
E01003303,40km to less than 60km,3,10,-7
E01003303,5km to less than 10km,177,268,-91
E01003303,60km and over,11,29,-18
E01003303,Less than 2km,57,53,4
E01003303,"Works mainly at an offshore installation, in no fixed place, or outside the UK",143,81,62
E01003303,Works mainly from home,323,51,272
E01003304,10km to less than 20km,74,112,-38
E01003304,20km to less than 30km,15,20,-5
E01003304,2km to less than 5km,123,144,-21
E01003304,30km to less than 40km,1,3,-2
E01003304,40km to less than 60km,5,4,1
E01003304,5km to less than 10km,234,407,-173
E01003304,60km and over,8,9,-1
E01003304,Less than 2km,82,115,-33
E01003304,"Works mainly at an offshore installation, in no fixed place, or outside the UK",152,93,59
E01003304,Works mainly from home,628,78,550
E01003305,10km to less than 20km,76,60,16
E01003305,20km to less than 30km,7,10,-3
E01003305,2km to less than 5km,161,126,35
E01003305,30km to less than 40km,2,4,-2
E01003305,40km to less than 60km,1,7,-6
E01003305,5km to less than 10km,210,214,-4
E01003305,60km and over,5,5,0
E01003305,Less than 2km,68,74,-6
E01003305,"Works mainly at an offshore installation, in no fixed place, or outside the UK",141,65,76
E01003305,Works mainly from home,411,34,377
E01003307,10km to less than 20km,67,166,-99
E01003307,20km to less than 30km,6,17,-11
E01003307,2km to less than 5km,78,108,-30
E01003307,30km to less than 40km,0,5,-5
E01003307,40km to less than 60km,4,1,3
E01003307,5km to less than 10km,109,244,-135
E01003307,60km and over,7,10,-3
E01003307,Less than 2km,44,67,-23
E01003307,"Works mainly at an offshore installation, in no fixed place, or outside the UK",102,87,15
E01003307,Works mainly from home,450,71,379
E01003308,10km to less than 20km,66,206,-140
E01003308,20km to less than 30km,4,11,-7
E01003308,2km to less than 5km,104,101,3
E01003308,30km to less than 40km,4,5,-1
E01003308,40km to less than 60km,0,7,-7
E01003308,5km to less than 10km,138,335,-197
E01003308,60km and over,5,11,-6
E01003308,Less than 2km,55,100,-45
E01003308,"Works mainly at an offshore installation, in no fixed place, or outside the UK",98,78,20
E01003308,Works mainly from home,477,77,400
E01003309,10km to less than 20km,86,129,-43
E01003309,20km to less than 30km,7,15,-8
E01003309,2km to less than 5km,90,82,8
E01003309,30km to less than 40km,4,3,1
E01003309,40km to less than 60km,4,1,3
E01003309,5km to less than 10km,85,195,-110
E01003309,60km and over,3,13,-10
E01003309,Less than 2km,41,59,-18
E01003309,"Works mainly at an offshore installation, in no fixed place, or outside the UK",131,65,66
E01003309,Works mainly from home,301,58,243
E01003310,10km to less than 20km,79,158,-79
E01003310,20km to less than 30km,7,8,-1
E01003310,2km to less than 5km,90,104,-14
E01003310,30km to less than 40km,1,6,-5
E01003310,40km to less than 60km,3,9,-6
E01003310,5km to less than 10km,102,325,-223
E01003310,60km and over,4,10,-6
E01003310,Less than 2km,44,64,-20
E01003310,"Works mainly at an offshore installation, in no fixed place, or outside the UK",107,91,16
E01003310,Works mainly from home,480,65,415
E01003311,10km to less than 20km,55,185,-130
E01003311,20km to less than 30km,10,12,-2
E01003311,2km to less than 5km,64,101,-37
E01003311,30km to less than 40km,2,5,-3
E01003311,40km to less than 60km,2,8,-6
E01003311,5km to less than 10km,84,223,-139
E01003311,60km and over,3,6,-3
E01003311,Less than 2km,43,78,-35
E01003311,"Works mainly at an offshore installation, in no fixed place, or outside the UK",96,101,-5
E01003311,Works mainly from home,423,82,341
E01003312,10km to less than 20km,88,264,-176
E01003312,20km to less than 30km,14,26,-12
E01003312,2km to less than 5km,79,92,-13
E01003312,30km to less than 40km,0,11,-11
E01003312,40km to less than 60km,2,2,0
E01003312,5km to less than 10km,102,318,-216
E01003312,60km and over,6,13,-7
E01003312,Less than 2km,43,63,-20
E01003312,"Works mainly at an offshore installation, in no fixed place, or outside the UK",96,92,4
E01003312,Works mainly from home,488,77,411
E01003313,10km to less than 20km,66,185,-119
E01003313,20km to less than 30km,6,9,-3
E01003313,2km to less than 5km,69,96,-27
E01003313,30km to less than 40km,5,5,0
E01003313,40km to less than 60km,1,5,-4
E01003313,5km to less than 10km,108,216,-108
E01003313,60km and over,9,6,3
E01003313,Less than 2km,45,43,2
E01003313,"Works mainly at an offshore installation, in no fixed place, or outside the UK",142,72,70
E01003313,Works mainly from home,295,74,221
E01003314,10km to less than 20km,64,203,-139
E01003314,20km to less than 30km,7,13,-6
E01003314,2km to less than 5km,77,116,-39
E01003314,30km to less than 40km,5,6,-1
E01003314,40km to less than 60km,1,4,-3
E01003314,5km to less than 10km,118,303,-185
E01003314,60km and over,3,16,-13
E01003314,Less than 2km,53,78,-25
E01003314,"Works mainly at an offshore installation, in no fixed place, or outside the UK",80,123,-43
E01003314,Works mainly from home,509,66,443
E01003315,10km to less than 20km,52,130,-78
E01003315,20km to less than 30km,3,18,-15
E01003315,2km to less than 5km,62,86,-24
E01003315,30km to less than 40km,2,11,-9
E01003315,40km to less than 60km,3,2,1
E01003315,5km to less than 10km,83,257,-174
E01003315,60km and over,3,5,-2
E01003315,Less than 2km,33,58,-25
E01003315,"Works mainly at an offshore installation, in no fixed place, or outside the UK",95,78,17
E01003315,Works mainly from home,433,72,361
E01003316,10km to less than 20km,75,166,-91
E01003316,20km to less than 30km,3,15,-12
E01003316,2km to less than 5km,85,98,-13
E01003316,30km to less than 40km,0,5,-5
E01003316,40km to less than 60km,0,1,-1
E01003316,5km to less than 10km,112,271,-159
E01003316,60km and over,3,4,-1
E01003316,Less than 2km,57,85,-28
E01003316,"Works mainly at an offshore installation, in no fixed place, or outside the UK",75,90,-15
E01003316,Works mainly from home,456,70,386
E01003318,10km to less than 20km,110,159,-49
E01003318,20km to less than 30km,11,19,-8
E01003318,2km to less than 5km,100,88,12
E01003318,30km to less than 40km,2,5,-3
E01003318,40km to less than 60km,5,4,1
E01003318,5km to less than 10km,171,234,-63
E01003318,60km and over,5,15,-10
E01003318,Less than 2km,106,57,49
E01003318,"Works mainly at an offshore installation, in no fixed place, or outside the UK",123,111,12
E01003318,Works mainly from home,310,80,230
E01003319,10km to less than 20km,118,166,-48
E01003319,20km to less than 30km,11,15,-4
E01003319,2km to less than 5km,75,107,-32
E01003319,30km to less than 40km,14,4,10
E01003319,40km to less than 60km,3,0,3
E01003319,5km to less than 10km,138,254,-116
E01003319,60km and over,6,21,-15
E01003319,Less than 2km,71,95,-24
E01003319,"Works mainly at an offshore installation, in no fixed place, or outside the UK",141,81,60
E01003319,Works mainly from home,295,64,231
E01003320,10km to less than 20km,134,169,-35
E01003320,20km to less than 30km,12,20,-8
E01003320,2km to less than 5km,85,93,-8
E01003320,30km to less than 40km,7,3,4
E01003320,40km to less than 60km,3,9,-6
E01003320,5km to less than 10km,132,170,-38
E01003320,60km and over,3,6,-3
E01003320,Less than 2km,51,88,-37
E01003320,"Works mainly at an offshore installation, in no fixed place, or outside the UK",130,72,58
E01003320,Works mainly from home,275,35,240
E01003321,10km to less than 20km,107,183,-76
E01003321,20km to less than 30km,4,12,-8
E01003321,2km to less than 5km,79,124,-45
E01003321,30km to less than 40km,4,13,-9
E01003321,40km to less than 60km,2,5,-3
E01003321,5km to less than 10km,153,282,-129
E01003321,60km and over,7,12,-5
E01003321,Less than 2km,55,113,-58
E01003321,"Works mainly at an offshore installation, in no fixed place, or outside the UK",113,163,-50
E01003321,Works mainly from home,405,65,340
E01003322,10km to less than 20km,119,137,-18
E01003322,20km to less than 30km,14,23,-9
E01003322,2km to less than 5km,54,72,-18
E01003322,30km to less than 40km,2,4,-2
E01003322,40km to less than 60km,1,4,-3
E01003322,5km to less than 10km,95,202,-107
E01003322,60km and over,7,10,-3
E01003322,Less than 2km,82,74,8
E01003322,"Works mainly at an offshore installation, in no fixed place, or outside the UK",183,101,82
E01003322,Works mainly from home,346,72,274
E01003323,10km to less than 20km,100,207,-107
E01003323,20km to less than 30km,8,13,-5
E01003323,2km to less than 5km,49,90,-41
E01003323,30km to less than 40km,2,6,-4
E01003323,40km to less than 60km,2,0,2
E01003323,5km to less than 10km,125,186,-61
E01003323,60km and over,4,8,-4
E01003323,Less than 2km,61,87,-26
E01003323,"Works mainly at an offshore installation, in no fixed place, or outside the UK",101,78,23
E01003323,Works mainly from home,341,42,299
E01003324,10km to less than 20km,83,141,-58
E01003324,20km to less than 30km,7,14,-7
E01003324,2km to less than 5km,66,74,-8
E01003324,30km to less than 40km,3,2,1
E01003324,40km to less than 60km,2,4,-2
E01003324,5km to less than 10km,125,189,-64
E01003324,60km and over,5,9,-4
E01003324,Less than 2km,85,85,0
E01003324,"Works mainly at an offshore installation, in no fixed place, or outside the UK",167,84,83
E01003324,Works mainly from home,228,64,164
E01003325,10km to less than 20km,110,186,-76
E01003325,20km to less than 30km,6,14,-8
E01003325,2km to less than 5km,75,95,-20
E01003325,30km to less than 40km,8,4,4
E01003325,40km to less than 60km,4,3,1
E01003325,5km to less than 10km,118,221,-103
E01003325,60km and over,7,11,-4
E01003325,Less than 2km,90,99,-9
E01003325,"Works mainly at an offshore installation, in no fixed place, or outside the UK",141,81,60
E01003325,Works mainly from home,351,52,299
E01003326,10km to less than 20km,98,221,-123
E01003326,20km to less than 30km,3,14,-11
E01003326,2km to less than 5km,65,70,-5
E01003326,30km to less than 40km,6,4,2
E01003326,40km to less than 60km,4,8,-4
E01003326,5km to less than 10km,102,176,-74
E01003326,60km and over,3,13,-10
E01003326,Less than 2km,44,60,-16
E01003326,"Works mainly at an offshore installation, in no fixed place, or outside the UK",139,79,60
E01003326,Works mainly from home,401,53,348
E01003327,10km to less than 20km,90,277,-187
E01003327,20km to less than 30km,4,10,-6
E01003327,2km to less than 5km,52,77,-25
E01003327,30km to less than 40km,9,9,0
E01003327,40km to less than 60km,1,5,-4
E01003327,5km to less than 10km,89,184,-95
E01003327,60km and over,11,12,-1
E01003327,Less than 2km,39,85,-46
E01003327,"Works mainly at an offshore installation, in no fixed place, or outside the UK",120,108,12
E01003327,Works mainly from home,475,114,361
E01003328,10km to less than 20km,96,277,-181
E01003328,20km to less than 30km,5,15,-10
E01003328,2km to less than 5km,50,73,-23
E01003328,30km to less than 40km,6,7,-1
E01003328,40km to less than 60km,1,10,-9
E01003328,5km to less than 10km,122,226,-104
E01003328,60km and over,11,16,-5
E01003328,Less than 2km,49,76,-27
E01003328,"Works mainly at an offshore installation, in no fixed place, or outside the UK",111,95,16
E01003328,Works mainly from home,540,78,462
E01003329,10km to less than 20km,61,212,-151
E01003329,20km to less than 30km,4,8,-4
E01003329,2km to less than 5km,69,95,-26
E01003329,30km to less than 40km,9,8,1
E01003329,40km to less than 60km,2,5,-3
E01003329,5km to less than 10km,112,239,-127
E01003329,60km and over,2,9,-7
E01003329,Less than 2km,54,77,-23
E01003329,"Works mainly at an offshore installation, in no fixed place, or outside the UK",96,107,-11
E01003329,Works mainly from home,476,75,401
E01003330,10km to less than 20km,61,130,-69
E01003330,20km to less than 30km,6,14,-8
E01003330,2km to less than 5km,68,111,-43
E01003330,30km to less than 40km,2,3,-1
E01003330,40km to less than 60km,8,3,5
E01003330,5km to less than 10km,124,164,-40
E01003330,60km and over,9,9,0
E01003330,Less than 2km,36,51,-15
E01003330,"Works mainly at an offshore installation, in no fixed place, or outside the UK",102,70,32
E01003330,Works mainly from home,292,46,246
E01003331,10km to less than 20km,72,147,-75
E01003331,20km to less than 30km,5,7,-2
E01003331,2km to less than 5km,72,98,-26
E01003331,30km to less than 40km,0,6,-6
E01003331,40km to less than 60km,0,2,-2
E01003331,5km to less than 10km,118,169,-51
E01003331,60km and over,3,6,-3
E01003331,Less than 2km,39,56,-17
E01003331,"Works mainly at an offshore installation, in no fixed place, or outside the UK",90,64,26
E01003331,Works mainly from home,275,62,213
E01003332,10km to less than 20km,73,202,-129
E01003332,20km to less than 30km,4,15,-11
E01003332,2km to less than 5km,81,73,8
E01003332,30km to less than 40km,0,10,-10
E01003332,40km to less than 60km,1,4,-3
E01003332,5km to less than 10km,114,241,-127
E01003332,60km and over,6,12,-6
E01003332,Less than 2km,44,58,-14
E01003332,"Works mainly at an offshore installation, in no fixed place, or outside the UK",101,74,27
E01003332,Works mainly from home,372,62,310
E01003333,10km to less than 20km,72,211,-139
E01003333,20km to less than 30km,9,11,-2
E01003333,2km to less than 5km,60,86,-26
E01003333,30km to less than 40km,3,3,0
E01003333,40km to less than 60km,0,5,-5
E01003333,5km to less than 10km,131,207,-76
E01003333,60km and over,3,5,-2
E01003333,Less than 2km,35,70,-35
E01003333,"Works mainly at an offshore installation, in no fixed place, or outside the UK",92,102,-10
E01003333,Works mainly from home,386,47,339
E01003334,10km to less than 20km,128,250,-122
E01003334,20km to less than 30km,9,16,-7
E01003334,2km to less than 5km,68,80,-12
E01003334,30km to less than 40km,3,5,-2
E01003334,40km to less than 60km,2,2,0
E01003334,5km to less than 10km,141,238,-97
E01003334,60km and over,6,10,-4
E01003334,Less than 2km,47,78,-31
E01003334,"Works mainly at an offshore installation, in no fixed place, or outside the UK",139,94,45
E01003334,Works mainly from home,444,69,375
E01003335,10km to less than 20km,76,143,-67
E01003335,20km to less than 30km,4,18,-14
E01003335,2km to less than 5km,77,85,-8
E01003335,30km to less than 40km,2,4,-2
E01003335,40km to less than 60km,17,4,13
E01003335,5km to less than 10km,79,174,-95
E01003335,60km and over,5,6,-1
E01003335,Less than 2km,70,70,0
E01003335,"Works mainly at an offshore installation, in no fixed place, or outside the UK",118,65,53
E01003335,Works mainly from home,258,61,197
E01003336,10km to less than 20km,72,69,3
E01003336,20km to less than 30km,8,9,-1
E01003336,2km to less than 5km,112,97,15
E01003336,30km to less than 40km,2,17,-15
E01003336,40km to less than 60km,13,1,12
E01003336,5km to less than 10km,139,190,-51
E01003336,60km and over,15,12,3
E01003336,Less than 2km,53,54,-1
E01003336,"Works mainly at an offshore installation, in no fixed place, or outside the UK",98,64,34
E01003336,Works mainly from home,190,43,147
E01003337,10km to less than 20km,59,79,-20
E01003337,20km to less than 30km,6,13,-7
E01003337,2km to less than 5km,81,112,-31
E01003337,30km to less than 40km,5,8,-3
E01003337,40km to less than 60km,4,7,-3
E01003337,5km to less than 10km,116,263,-147
E01003337,60km and over,10,11,-1
E01003337,Less than 2km,43,46,-3
E01003337,"Works mainly at an offshore installation, in no fixed place, or outside the UK",115,79,36
E01003337,Works mainly from home,178,63,115
E01003338,10km to less than 20km,63,87,-24
E01003338,20km to less than 30km,11,8,3
E01003338,2km to less than 5km,139,139,0
E01003338,30km to less than 40km,7,4,3
E01003338,40km to less than 60km,5,3,2
E01003338,5km to less than 10km,178,257,-79
E01003338,60km and over,8,12,-4
E01003338,Less than 2km,59,71,-12
E01003338,"Works mainly at an offshore installation, in no fixed place, or outside the UK",133,101,32
E01003338,Works mainly from home,358,55,303
E01003339,10km to less than 20km,55,59,-4
E01003339,20km to less than 30km,10,11,-1
E01003339,2km to less than 5km,94,182,-88
E01003339,30km to less than 40km,3,9,-6
E01003339,40km to less than 60km,2,9,-7
E01003339,5km to less than 10km,167,387,-220
E01003339,60km and over,4,13,-9
E01003339,Less than 2km,52,74,-22
E01003339,"Works mainly at an offshore installation, in no fixed place, or outside the UK",132,98,34
E01003339,Works mainly from home,406,103,303
E01003340,10km to less than 20km,98,113,-15
E01003340,20km to less than 30km,5,13,-8
E01003340,2km to less than 5km,119,185,-66
E01003340,30km to less than 40km,0,5,-5
E01003340,40km to less than 60km,5,8,-3
E01003340,5km to less than 10km,197,470,-273
E01003340,60km and over,8,19,-11
E01003340,Less than 2km,78,83,-5
E01003340,"Works mainly at an offshore installation, in no fixed place, or outside the UK",131,128,3
E01003340,Works mainly from home,678,116,562
E01003341,10km to less than 20km,27,77,-50
E01003341,20km to less than 30km,8,5,3
E01003341,2km to less than 5km,65,134,-69
E01003341,30km to less than 40km,2,4,-2
E01003341,40km to less than 60km,2,13,-11
E01003341,5km to less than 10km,133,331,-198
E01003341,60km and over,3,20,-17
E01003341,Less than 2km,28,65,-37
E01003341,"Works mainly at an offshore installation, in no fixed place, or outside the UK",73,82,-9
E01003341,Works mainly from home,465,120,345
E01003342,10km to less than 20km,38,133,-95
E01003342,20km to less than 30km,5,9,-4
E01003342,2km to less than 5km,69,122,-53
E01003342,30km to less than 40km,1,10,-9
E01003342,40km to less than 60km,3,1,2
E01003342,5km to less than 10km,161,421,-260
E01003342,60km and over,6,9,-3
E01003342,Less than 2km,49,99,-50
E01003342,"Works mainly at an offshore installation, in no fixed place, or outside the UK",73,74,-1
E01003342,Works mainly from home,606,89,517
E01003343,10km to less than 20km,42,81,-39
E01003343,20km to less than 30km,5,9,-4
E01003343,2km to less than 5km,81,111,-30
E01003343,30km to less than 40km,5,5,0
E01003343,40km to less than 60km,0,6,-6
E01003343,5km to less than 10km,138,276,-138
E01003343,60km and over,4,16,-12
E01003343,Less than 2km,24,64,-40
E01003343,"Works mainly at an offshore installation, in no fixed place, or outside the UK",94,85,9
E01003343,Works mainly from home,408,73,335
E01003344,10km to less than 20km,54,126,-72
E01003344,20km to less than 30km,6,24,-18
E01003344,2km to less than 5km,78,136,-58
E01003344,30km to less than 40km,7,7,0
E01003344,40km to less than 60km,6,7,-1
E01003344,5km to less than 10km,153,360,-207
E01003344,60km and over,5,12,-7
E01003344,Less than 2km,52,75,-23
E01003344,"Works mainly at an offshore installation, in no fixed place, or outside the UK",106,157,-51
E01003344,Works mainly from home,475,125,350
E01003345,10km to less than 20km,70,114,-44
E01003345,20km to less than 30km,14,11,3
E01003345,2km to less than 5km,98,155,-57
E01003345,30km to less than 40km,3,2,1
E01003345,40km to less than 60km,4,9,-5
E01003345,5km to less than 10km,161,455,-294
E01003345,60km and over,4,13,-9
E01003345,Less than 2km,88,65,23
E01003345,"Works mainly at an offshore installation, in no fixed place, or outside the UK",107,117,-10
E01003345,Works mainly from home,592,72,520
E01003346,10km to less than 20km,114,180,-66
E01003346,20km to less than 30km,7,15,-8
E01003346,2km to less than 5km,113,150,-37
E01003346,30km to less than 40km,3,11,-8
E01003346,40km to less than 60km,1,3,-2
E01003346,5km to less than 10km,123,116,7
E01003346,60km and over,10,4,6
E01003346,Less than 2km,33,66,-33
E01003346,"Works mainly at an offshore installation, in no fixed place, or outside the UK",121,71,50
E01003346,Works mainly from home,235,31,204
E01003347,10km to less than 20km,83,127,-44
E01003347,20km to less than 30km,5,10,-5
E01003347,2km to less than 5km,114,149,-35
E01003347,30km to less than 40km,2,2,0
E01003347,40km to less than 60km,3,7,-4
E01003347,5km to less than 10km,119,109,10
E01003347,60km and over,7,15,-8
E01003347,Less than 2km,51,61,-10
E01003347,"Works mainly at an offshore installation, in no fixed place, or outside the UK",97,72,25
E01003347,Works mainly from home,130,44,86
E01003348,10km to less than 20km,98,129,-31
E01003348,20km to less than 30km,5,15,-10
E01003348,2km to less than 5km,129,154,-25
E01003348,30km to less than 40km,6,5,1
E01003348,40km to less than 60km,1,6,-5
E01003348,5km to less than 10km,131,138,-7
E01003348,60km and over,9,5,4
E01003348,Less than 2km,41,59,-18
E01003348,"Works mainly at an offshore installation, in no fixed place, or outside the UK",170,80,90
E01003348,Works mainly from home,228,39,189
E01003349,10km to less than 20km,112,148,-36
E01003349,20km to less than 30km,7,8,-1
E01003349,2km to less than 5km,107,116,-9
E01003349,30km to less than 40km,5,5,0
E01003349,40km to less than 60km,3,4,-1
E01003349,5km to less than 10km,83,104,-21
E01003349,60km and over,5,4,1
E01003349,Less than 2km,38,47,-9
E01003349,"Works mainly at an offshore installation, in no fixed place, or outside the UK",147,71,76
E01003349,Works mainly from home,168,35,133
E01003350,10km to less than 20km,74,116,-42
E01003350,20km to less than 30km,10,22,-12
E01003350,2km to less than 5km,99,103,-4
E01003350,30km to less than 40km,4,7,-3
E01003350,40km to less than 60km,3,3,0
E01003350,5km to less than 10km,96,114,-18
E01003350,60km and over,3,7,-4
E01003350,Less than 2km,44,66,-22
E01003350,"Works mainly at an offshore installation, in no fixed place, or outside the UK",108,62,46
E01003350,Works mainly from home,139,35,104
E01003351,10km to less than 20km,112,159,-47
E01003351,20km to less than 30km,13,16,-3
E01003351,2km to less than 5km,126,125,1
E01003351,30km to less than 40km,5,6,-1
E01003351,40km to less than 60km,1,3,-2
E01003351,5km to less than 10km,96,101,-5
E01003351,60km and over,8,5,3
E01003351,Less than 2km,48,54,-6
E01003351,"Works mainly at an offshore installation, in no fixed place, or outside the UK",142,70,72
E01003351,Works mainly from home,157,39,118
E01003352,10km to less than 20km,132,176,-44
E01003352,20km to less than 30km,10,11,-1
E01003352,2km to less than 5km,136,116,20
E01003352,30km to less than 40km,3,9,-6
E01003352,40km to less than 60km,2,2,0
E01003352,5km to less than 10km,150,174,-24
E01003352,60km and over,11,10,1
E01003352,Less than 2km,62,91,-29
E01003352,"Works mainly at an offshore installation, in no fixed place, or outside the UK",175,77,98
E01003352,Works mainly from home,263,69,194
E01003353,10km to less than 20km,115,232,-117
E01003353,20km to less than 30km,18,15,3
E01003353,2km to less than 5km,138,180,-42
E01003353,30km to less than 40km,7,5,2
E01003353,40km to less than 60km,1,5,-4
E01003353,5km to less than 10km,113,148,-35
E01003353,60km and over,3,11,-8
E01003353,Less than 2km,48,60,-12
E01003353,"Works mainly at an offshore installation, in no fixed place, or outside the UK",171,103,68
E01003353,Works mainly from home,277,65,212
E01003354,10km to less than 20km,135,251,-116
E01003354,20km to less than 30km,12,21,-9
E01003354,2km to less than 5km,114,146,-32
E01003354,30km to less than 40km,6,8,-2
E01003354,40km to less than 60km,2,12,-10
E01003354,5km to less than 10km,129,169,-40
E01003354,60km and over,6,6,0
E01003354,Less than 2km,62,70,-8
E01003354,"Works mainly at an offshore installation, in no fixed place, or outside the UK",188,76,112
E01003354,Works mainly from home,345,65,280
E01003355,10km to less than 20km,126,487,-361
E01003355,20km to less than 30km,11,21,-10
E01003355,2km to less than 5km,58,71,-13
E01003355,30km to less than 40km,1,15,-14
E01003355,40km to less than 60km,0,5,-5
E01003355,5km to less than 10km,101,198,-97
E01003355,60km and over,5,11,-6
E01003355,Less than 2km,95,105,-10
E01003355,"Works mainly at an offshore installation, in no fixed place, or outside the UK",89,74,15
E01003355,Works mainly from home,723,90,633
E01003356,10km to less than 20km,99,454,-355
E01003356,20km to less than 30km,8,27,-19
E01003356,2km to less than 5km,76,73,3
E01003356,30km to less than 40km,4,9,-5
E01003356,40km to less than 60km,3,12,-9
E01003356,5km to less than 10km,97,161,-64
E01003356,60km and over,4,9,-5
E01003356,Less than 2km,58,116,-58
E01003356,"Works mainly at an offshore installation, in no fixed place, or outside the UK",99,75,24
E01003356,Works mainly from home,620,111,509
E01003357,10km to less than 20km,85,241,-156
E01003357,20km to less than 30km,11,23,-12
E01003357,2km to less than 5km,99,130,-31
E01003357,30km to less than 40km,2,7,-5
E01003357,40km to less than 60km,2,5,-3
E01003357,5km to less than 10km,111,181,-70
E01003357,60km and over,6,5,1
E01003357,Less than 2km,119,146,-27
E01003357,"Works mainly at an offshore installation, in no fixed place, or outside the UK",116,101,15
E01003357,Works mainly from home,284,61,223
E01003358,10km to less than 20km,110,623,-513
E01003358,20km to less than 30km,8,27,-19
E01003358,2km to less than 5km,58,77,-19
E01003358,30km to less than 40km,5,21,-16
E01003358,40km to less than 60km,0,4,-4
E01003358,5km to less than 10km,88,162,-74
E01003358,60km and over,7,13,-6
E01003358,Less than 2km,74,101,-27
E01003358,"Works mainly at an offshore installation, in no fixed place, or outside the UK",90,87,3
E01003358,Works mainly from home,696,94,602
E01003359,10km to less than 20km,101,392,-291
E01003359,20km to less than 30km,11,26,-15
E01003359,2km to less than 5km,48,81,-33
E01003359,30km to less than 40km,2,11,-9
E01003359,40km to less than 60km,2,7,-5
E01003359,5km to less than 10km,127,186,-59
E01003359,60km and over,2,9,-7
E01003359,Less than 2km,84,105,-21
E01003359,"Works mainly at an offshore installation, in no fixed place, or outside the UK",120,90,30
E01003359,Works mainly from home,513,97,416
E01003360,10km to less than 20km,113,494,-381
E01003360,20km to less than 30km,6,34,-28
E01003360,2km to less than 5km,62,66,-4
E01003360,30km to less than 40km,4,14,-10
E01003360,40km to less than 60km,5,8,-3
E01003360,5km to less than 10km,79,179,-100
E01003360,60km and over,1,12,-11
E01003360,Less than 2km,85,120,-35
E01003360,"Works mainly at an offshore installation, in no fixed place, or outside the UK",81,103,-22
E01003360,Works mainly from home,728,108,620
E01003361,10km to less than 20km,106,242,-136
E01003361,20km to less than 30km,16,22,-6
E01003361,2km to less than 5km,92,116,-24
E01003361,30km to less than 40km,4,10,-6
E01003361,40km to less than 60km,1,8,-7
E01003361,5km to less than 10km,96,143,-47
E01003361,60km and over,6,5,1
E01003361,Less than 2km,64,121,-57
E01003361,"Works mainly at an offshore installation, in no fixed place, or outside the UK",133,110,23
E01003361,Works mainly from home,352,93,259
E01003362,10km to less than 20km,66,186,-120
E01003362,20km to less than 30km,9,19,-10
E01003362,2km to less than 5km,72,124,-52
E01003362,30km to less than 40km,0,6,-6
E01003362,40km to less than 60km,4,9,-5
E01003362,5km to less than 10km,62,93,-31
E01003362,60km and over,0,4,-4
E01003362,Less than 2km,52,67,-15
E01003362,"Works mainly at an offshore installation, in no fixed place, or outside the UK",79,88,-9
E01003362,Works mainly from home,337,75,262
E01003363,10km to less than 20km,91,234,-143
E01003363,20km to less than 30km,9,30,-21
E01003363,2km to less than 5km,92,143,-51
E01003363,30km to less than 40km,4,8,-4
E01003363,40km to less than 60km,0,5,-5
E01003363,5km to less than 10km,96,141,-45
E01003363,60km and over,7,7,0
E01003363,Less than 2km,51,98,-47
E01003363,"Works mainly at an offshore installation, in no fixed place, or outside the UK",124,95,29
E01003363,Works mainly from home,362,80,282
E01003364,10km to less than 20km,101,228,-127
E01003364,20km to less than 30km,5,21,-16
E01003364,2km to less than 5km,103,168,-65
E01003364,30km to less than 40km,3,11,-8
E01003364,40km to less than 60km,5,5,0
E01003364,5km to less than 10km,95,165,-70
E01003364,60km and over,5,10,-5
E01003364,Less than 2km,51,73,-22
E01003364,"Works mainly at an offshore installation, in no fixed place, or outside the UK",127,108,19
E01003364,Works mainly from home,378,87,291
E01003365,10km to less than 20km,58,208,-150
E01003365,20km to less than 30km,7,19,-12
E01003365,2km to less than 5km,93,121,-28
E01003365,30km to less than 40km,4,4,0
E01003365,40km to less than 60km,0,8,-8
E01003365,5km to less than 10km,68,109,-41
E01003365,60km and over,3,3,0
E01003365,Less than 2km,44,83,-39
E01003365,"Works mainly at an offshore installation, in no fixed place, or outside the UK",96,73,23
E01003365,Works mainly from home,323,68,255
E01003366,10km to less than 20km,85,249,-164
E01003366,20km to less than 30km,17,24,-7
E01003366,2km to less than 5km,84,116,-32
E01003366,30km to less than 40km,6,13,-7
E01003366,40km to less than 60km,3,4,-1
E01003366,5km to less than 10km,87,137,-50
E01003366,60km and over,7,17,-10
E01003366,Less than 2km,77,106,-29
E01003366,"Works mainly at an offshore installation, in no fixed place, or outside the UK",159,105,54
E01003366,Works mainly from home,419,76,343
E01003368,10km to less than 20km,87,196,-109
E01003368,20km to less than 30km,10,18,-8
E01003368,2km to less than 5km,80,120,-40
E01003368,30km to less than 40km,5,5,0
E01003368,40km to less than 60km,5,6,-1
E01003368,5km to less than 10km,123,183,-60
E01003368,60km and over,5,15,-10
E01003368,Less than 2km,82,114,-32
E01003368,"Works mainly at an offshore installation, in no fixed place, or outside the UK",181,146,35
E01003368,Works mainly from home,354,45,309
E01003369,10km to less than 20km,107,408,-301
E01003369,20km to less than 30km,8,19,-11
E01003369,2km to less than 5km,79,111,-32
E01003369,30km to less than 40km,4,14,-10
E01003369,40km to less than 60km,3,6,-3
E01003369,5km to less than 10km,141,200,-59
E01003369,60km and over,2,12,-10
E01003369,Less than 2km,114,152,-38
E01003369,"Works mainly at an offshore installation, in no fixed place, or outside the UK",127,115,12
E01003369,Works mainly from home,497,67,430
E01003370,10km to less than 20km,155,450,-295
E01003370,20km to less than 30km,12,17,-5
E01003370,2km to less than 5km,89,136,-47
E01003370,30km to less than 40km,4,15,-11
E01003370,40km to less than 60km,2,11,-9
E01003370,5km to less than 10km,151,281,-130
E01003370,60km and over,9,14,-5
E01003370,Less than 2km,123,151,-28
E01003370,"Works mainly at an offshore installation, in no fixed place, or outside the UK",162,167,-5
E01003370,Works mainly from home,537,72,465
E01003371,10km to less than 20km,99,321,-222
E01003371,20km to less than 30km,8,31,-23
E01003371,2km to less than 5km,67,115,-48
E01003371,30km to less than 40km,5,8,-3
E01003371,40km to less than 60km,0,5,-5
E01003371,5km to less than 10km,100,185,-85
E01003371,60km and over,3,6,-3
E01003371,Less than 2km,85,100,-15
E01003371,"Works mainly at an offshore installation, in no fixed place, or outside the UK",96,111,-15
E01003371,Works mainly from home,466,80,386
E01003372,10km to less than 20km,98,202,-104
E01003372,20km to less than 30km,7,22,-15
E01003372,2km to less than 5km,77,118,-41
E01003372,30km to less than 40km,0,1,-1
E01003372,40km to less than 60km,9,0,9
E01003372,5km to less than 10km,127,148,-21
E01003372,60km and over,6,12,-6
E01003372,Less than 2km,95,114,-19
E01003372,"Works mainly at an offshore installation, in no fixed place, or outside the UK",186,109,77
E01003372,Works mainly from home,310,52,258
E01003373,10km to less than 20km,60,113,-53
E01003373,20km to less than 30km,6,14,-8
E01003373,2km to less than 5km,116,116,0
E01003373,30km to less than 40km,1,4,-3
E01003373,40km to less than 60km,0,1,-1
E01003373,5km to less than 10km,116,110,6
E01003373,60km and over,7,4,3
E01003373,Less than 2km,75,93,-18
E01003373,"Works mainly at an offshore installation, in no fixed place, or outside the UK",144,88,56
E01003373,Works mainly from home,133,28,105
E01003374,10km to less than 20km,103,134,-31
E01003374,20km to less than 30km,10,18,-8
E01003374,2km to less than 5km,140,146,-6
E01003374,30km to less than 40km,0,2,-2
E01003374,40km to less than 60km,9,4,5
E01003374,5km to less than 10km,126,98,28
E01003374,60km and over,6,8,-2
E01003374,Less than 2km,65,67,-2
E01003374,"Works mainly at an offshore installation, in no fixed place, or outside the UK",155,67,88
E01003374,Works mainly from home,215,48,167
E01003375,10km to less than 20km,93,169,-76
E01003375,20km to less than 30km,14,25,-11
E01003375,2km to less than 5km,153,184,-31
E01003375,30km to less than 40km,2,4,-2
E01003375,40km to less than 60km,2,4,-2
E01003375,5km to less than 10km,102,141,-39
E01003375,60km and over,4,7,-3
E01003375,Less than 2km,43,82,-39
E01003375,"Works mainly at an offshore installation, in no fixed place, or outside the UK",171,108,63
E01003375,Works mainly from home,232,65,167
E01003376,10km to less than 20km,97,166,-69
E01003376,20km to less than 30km,17,19,-2
E01003376,2km to less than 5km,110,139,-29
E01003376,30km to less than 40km,6,2,4
E01003376,40km to less than 60km,6,5,1
E01003376,5km to less than 10km,96,121,-25
E01003376,60km and over,3,12,-9
E01003376,Less than 2km,88,108,-20
E01003376,"Works mainly at an offshore installation, in no fixed place, or outside the UK",183,122,61
E01003376,Works mainly from home,171,51,120
E01003377,10km to less than 20km,86,116,-30
E01003377,20km to less than 30km,15,18,-3
E01003377,2km to less than 5km,129,142,-13
E01003377,30km to less than 40km,3,4,-1
E01003377,40km to less than 60km,4,4,0
E01003377,5km to less than 10km,106,118,-12
E01003377,60km and over,7,7,0
E01003377,Less than 2km,83,102,-19
E01003377,"Works mainly at an offshore installation, in no fixed place, or outside the UK",138,80,58
E01003377,Works mainly from home,132,35,97
E01003378,10km to less than 20km,117,235,-118
E01003378,20km to less than 30km,15,24,-9
E01003378,2km to less than 5km,170,170,0
E01003378,30km to less than 40km,4,11,-7
E01003378,40km to less than 60km,9,2,7
E01003378,5km to less than 10km,141,196,-55
E01003378,60km and over,6,10,-4
E01003378,Less than 2km,114,129,-15
E01003378,"Works mainly at an offshore installation, in no fixed place, or outside the UK",267,138,129
E01003378,Works mainly from home,289,69,220
E01003379,10km to less than 20km,101,138,-37
E01003379,20km to less than 30km,15,17,-2
E01003379,2km to less than 5km,173,176,-3
E01003379,30km to less than 40km,1,8,-7
E01003379,40km to less than 60km,3,4,-1
E01003379,5km to less than 10km,155,150,5
E01003379,60km and over,6,9,-3
E01003379,Less than 2km,90,114,-24
E01003379,"Works mainly at an offshore installation, in no fixed place, or outside the UK",170,90,80
E01003379,Works mainly from home,166,37,129
E01003380,10km to less than 20km,83,396,-313
E01003380,20km to less than 30km,6,16,-10
E01003380,2km to less than 5km,45,107,-62
E01003380,30km to less than 40km,9,18,-9
E01003380,40km to less than 60km,3,6,-3
E01003380,5km to less than 10km,70,149,-79
E01003380,60km and over,2,18,-16
E01003380,Less than 2km,52,108,-56
E01003380,"Works mainly at an offshore installation, in no fixed place, or outside the UK",77,85,-8
E01003380,Works mainly from home,584,103,481
E01003381,10km to less than 20km,91,395,-304
E01003381,20km to less than 30km,7,26,-19
E01003381,2km to less than 5km,63,82,-19
E01003381,30km to less than 40km,7,13,-6
E01003381,40km to less than 60km,1,6,-5
E01003381,5km to less than 10km,78,103,-25
E01003381,60km and over,2,5,-3
E01003381,Less than 2km,37,54,-17
E01003381,"Works mainly at an offshore installation, in no fixed place, or outside the UK",101,68,33
E01003381,Works mainly from home,588,86,502
E01003382,10km to less than 20km,102,478,-376
E01003382,20km to less than 30km,10,29,-19
E01003382,2km to less than 5km,55,92,-37
E01003382,30km to less than 40km,0,22,-22
E01003382,40km to less than 60km,0,6,-6
E01003382,5km to less than 10km,95,149,-54
E01003382,60km and over,5,12,-7
E01003382,Less than 2km,54,95,-41
E01003382,"Works mainly at an offshore installation, in no fixed place, or outside the UK",87,93,-6
E01003382,Works mainly from home,633,92,541
E01003383,10km to less than 20km,102,511,-409
E01003383,20km to less than 30km,7,25,-18
E01003383,2km to less than 5km,47,48,-1
E01003383,30km to less than 40km,4,10,-6
E01003383,40km to less than 60km,1,8,-7
E01003383,5km to less than 10km,60,150,-90
E01003383,60km and over,4,14,-10
E01003383,Less than 2km,72,95,-23
E01003383,"Works mainly at an offshore installation, in no fixed place, or outside the UK",82,60,22
E01003383,Works mainly from home,644,107,537
E01003384,10km to less than 20km,96,446,-350
E01003384,20km to less than 30km,7,26,-19
E01003384,2km to less than 5km,49,63,-14
E01003384,30km to less than 40km,3,21,-18
E01003384,40km to less than 60km,1,9,-8
E01003384,5km to less than 10km,74,147,-73
E01003384,60km and over,4,9,-5
E01003384,Less than 2km,39,83,-44
E01003384,"Works mainly at an offshore installation, in no fixed place, or outside the UK",72,62,10
E01003384,Works mainly from home,653,81,572
E01003385,10km to less than 20km,60,405,-345
E01003385,20km to less than 30km,4,22,-18
E01003385,2km to less than 5km,37,79,-42
E01003385,30km to less than 40km,3,16,-13
E01003385,40km to less than 60km,0,4,-4
E01003385,5km to less than 10km,46,116,-70
E01003385,60km and over,4,13,-9
E01003385,Less than 2km,38,82,-44
E01003385,"Works mainly at an offshore installation, in no fixed place, or outside the UK",49,59,-10
E01003385,Works mainly from home,585,108,477
E01003386,10km to less than 20km,138,231,-93
E01003386,20km to less than 30km,13,20,-7
E01003386,2km to less than 5km,197,227,-30
E01003386,30km to less than 40km,5,9,-4
E01003386,40km to less than 60km,6,7,-1
E01003386,5km to less than 10km,157,181,-24
E01003386,60km and over,12,16,-4
E01003386,Less than 2km,92,95,-3
E01003386,"Works mainly at an offshore installation, in no fixed place, or outside the UK",283,149,134
E01003386,Works mainly from home,257,71,186
E01003387,10km to less than 20km,108,166,-58
E01003387,20km to less than 30km,15,19,-4
E01003387,2km to less than 5km,201,174,27
E01003387,30km to less than 40km,4,4,0
E01003387,40km to less than 60km,4,7,-3
E01003387,5km to less than 10km,155,143,12
E01003387,60km and over,7,12,-5
E01003387,Less than 2km,56,65,-9
E01003387,"Works mainly at an offshore installation, in no fixed place, or outside the UK",197,81,116
E01003387,Works mainly from home,270,48,222
E01003388,10km to less than 20km,118,144,-26
E01003388,20km to less than 30km,11,9,2
E01003388,2km to less than 5km,161,132,29
E01003388,30km to less than 40km,3,1,2
E01003388,40km to less than 60km,3,1,2
E01003388,5km to less than 10km,115,158,-43
E01003388,60km and over,4,8,-4
E01003388,Less than 2km,73,76,-3
E01003388,"Works mainly at an offshore installation, in no fixed place, or outside the UK",170,67,103
E01003388,Works mainly from home,183,42,141
E01003389,10km to less than 20km,118,209,-91
E01003389,20km to less than 30km,14,16,-2
E01003389,2km to less than 5km,136,189,-53
E01003389,30km to less than 40km,4,5,-1
E01003389,40km to less than 60km,4,6,-2
E01003389,5km to less than 10km,139,152,-13
E01003389,60km and over,7,8,-1
E01003389,Less than 2km,77,97,-20
E01003389,"Works mainly at an offshore installation, in no fixed place, or outside the UK",199,107,92
E01003389,Works mainly from home,209,62,147
E01003390,10km to less than 20km,87,144,-57
E01003390,20km to less than 30km,13,18,-5
E01003390,2km to less than 5km,136,151,-15
E01003390,30km to less than 40km,5,3,2
E01003390,40km to less than 60km,3,6,-3
E01003390,5km to less than 10km,139,150,-11
E01003390,60km and over,11,12,-1
E01003390,Less than 2km,73,95,-22
E01003390,"Works mainly at an offshore installation, in no fixed place, or outside the UK",186,75,111
E01003390,Works mainly from home,149,42,107
E01003391,10km to less than 20km,53,103,-50
E01003391,20km to less than 30km,8,10,-2
E01003391,2km to less than 5km,88,146,-58
E01003391,30km to less than 40km,6,3,3
E01003391,40km to less than 60km,2,5,-3
E01003391,5km to less than 10km,95,118,-23
E01003391,60km and over,0,5,-5
E01003391,Less than 2km,40,63,-23
E01003391,"Works mainly at an offshore installation, in no fixed place, or outside the UK",118,52,66
E01003391,Works mainly from home,91,33,58
E01003392,10km to less than 20km,77,181,-104
E01003392,20km to less than 30km,13,9,4
E01003392,2km to less than 5km,98,127,-29
E01003392,30km to less than 40km,5,1,4
E01003392,40km to less than 60km,1,4,-3
E01003392,5km to less than 10km,86,141,-55
E01003392,60km and over,11,6,5
E01003392,Less than 2km,64,77,-13
E01003392,"Works mainly at an offshore installation, in no fixed place, or outside the UK",144,91,53
E01003392,Works mainly from home,233,59,174
E01003393,10km to less than 20km,106,223,-117
E01003393,20km to less than 30km,7,20,-13
E01003393,2km to less than 5km,110,112,-2
E01003393,30km to less than 40km,6,1,5
E01003393,40km to less than 60km,1,6,-5
E01003393,5km to less than 10km,110,185,-75
E01003393,60km and over,8,8,0
E01003393,Less than 2km,91,77,14
E01003393,"Works mainly at an offshore installation, in no fixed place, or outside the UK",184,185,-1
E01003393,Works mainly from home,348,57,291
E01003394,10km to less than 20km,101,205,-104
E01003394,20km to less than 30km,7,23,-16
E01003394,2km to less than 5km,111,159,-48
E01003394,30km to less than 40km,7,7,0
E01003394,40km to less than 60km,2,5,-3
E01003394,5km to less than 10km,149,207,-58
E01003394,60km and over,12,13,-1
E01003394,Less than 2km,135,95,40
E01003394,"Works mainly at an offshore installation, in no fixed place, or outside the UK",256,227,29
E01003394,Works mainly from home,329,75,254
E01003395,10km to less than 20km,88,153,-65
E01003395,20km to less than 30km,7,11,-4
E01003395,2km to less than 5km,103,126,-23
E01003395,30km to less than 40km,4,7,-3
E01003395,40km to less than 60km,4,7,-3
E01003395,5km to less than 10km,103,152,-49
E01003395,60km and over,10,1,9
E01003395,Less than 2km,62,85,-23
E01003395,"Works mainly at an offshore installation, in no fixed place, or outside the UK",204,132,72
E01003395,Works mainly from home,228,51,177
E01003396,10km to less than 20km,85,231,-146
E01003396,20km to less than 30km,8,15,-7
E01003396,2km to less than 5km,87,107,-20
E01003396,30km to less than 40km,1,6,-5
E01003396,40km to less than 60km,0,7,-7
E01003396,5km to less than 10km,86,206,-120
E01003396,60km and over,7,6,1
E01003396,Less than 2km,64,82,-18
E01003396,"Works mainly at an offshore installation, in no fixed place, or outside the UK",123,123,0
E01003396,Works mainly from home,373,68,305
E01003397,10km to less than 20km,108,201,-93
E01003397,20km to less than 30km,9,28,-19
E01003397,2km to less than 5km,69,109,-40
E01003397,30km to less than 40km,7,2,5
E01003397,40km to less than 60km,0,5,-5
E01003397,5km to less than 10km,113,174,-61
E01003397,60km and over,9,6,3
E01003397,Less than 2km,74,91,-17
E01003397,"Works mainly at an offshore installation, in no fixed place, or outside the UK",124,119,5
E01003397,Works mainly from home,300,49,251
E01003398,10km to less than 20km,106,170,-64
E01003398,20km to less than 30km,8,17,-9
E01003398,2km to less than 5km,125,133,-8
E01003398,30km to less than 40km,7,4,3
E01003398,40km to less than 60km,6,3,3
E01003398,5km to less than 10km,146,215,-69
E01003398,60km and over,8,13,-5
E01003398,Less than 2km,69,100,-31
E01003398,"Works mainly at an offshore installation, in no fixed place, or outside the UK",181,130,51
E01003398,Works mainly from home,339,59,280
E01003399,10km to less than 20km,81,481,-400
E01003399,20km to less than 30km,6,24,-18
E01003399,2km to less than 5km,48,78,-30
E01003399,30km to less than 40km,10,16,-6
E01003399,40km to less than 60km,0,6,-6
E01003399,5km to less than 10km,65,134,-69
E01003399,60km and over,4,8,-4
E01003399,Less than 2km,49,103,-54
E01003399,"Works mainly at an offshore installation, in no fixed place, or outside the UK",72,73,-1
E01003399,Works mainly from home,526,108,418
E01003400,10km to less than 20km,83,427,-344
E01003400,20km to less than 30km,11,23,-12
E01003400,2km to less than 5km,35,73,-38
E01003400,30km to less than 40km,4,10,-6
E01003400,40km to less than 60km,1,4,-3
E01003400,5km to less than 10km,78,166,-88
E01003400,60km and over,3,13,-10
E01003400,Less than 2km,52,83,-31
E01003400,"Works mainly at an offshore installation, in no fixed place, or outside the UK",60,86,-26
E01003400,Works mainly from home,568,104,464
E01003401,10km to less than 20km,67,344,-277
E01003401,20km to less than 30km,13,28,-15
E01003401,2km to less than 5km,33,39,-6
E01003401,30km to less than 40km,4,8,-4
E01003401,40km to less than 60km,1,4,-3
E01003401,5km to less than 10km,70,112,-42
E01003401,60km and over,1,9,-8
E01003401,Less than 2km,31,71,-40
E01003401,"Works mainly at an offshore installation, in no fixed place, or outside the UK",54,50,4
E01003401,Works mainly from home,515,87,428
E01003402,10km to less than 20km,89,423,-334
E01003402,20km to less than 30km,5,17,-12
E01003402,2km to less than 5km,34,49,-15
E01003402,30km to less than 40km,1,9,-8
E01003402,40km to less than 60km,1,4,-3
E01003402,5km to less than 10km,62,134,-72
E01003402,60km and over,5,8,-3
E01003402,Less than 2km,29,68,-39
E01003402,"Works mainly at an offshore installation, in no fixed place, or outside the UK",43,55,-12
E01003402,Works mainly from home,491,83,408
E01003403,10km to less than 20km,75,387,-312
E01003403,20km to less than 30km,1,25,-24
E01003403,2km to less than 5km,31,45,-14
E01003403,30km to less than 40km,4,7,-3
E01003403,40km to less than 60km,1,7,-6
E01003403,5km to less than 10km,61,126,-65
E01003403,60km and over,3,13,-10
E01003403,Less than 2km,34,74,-40
E01003403,"Works mainly at an offshore installation, in no fixed place, or outside the UK",46,68,-22
E01003403,Works mainly from home,526,103,423
E01003404,10km to less than 20km,101,430,-329
E01003404,20km to less than 30km,11,21,-10
E01003404,2km to less than 5km,56,46,10
E01003404,30km to less than 40km,6,11,-5
E01003404,40km to less than 60km,3,8,-5
E01003404,5km to less than 10km,84,119,-35
E01003404,60km and over,1,11,-10
E01003404,Less than 2km,34,56,-22
E01003404,"Works mainly at an offshore installation, in no fixed place, or outside the UK",73,70,3
E01003404,Works mainly from home,667,95,572
E01003405,10km to less than 20km,131,174,-43
E01003405,20km to less than 30km,11,26,-15
E01003405,2km to less than 5km,203,148,55
E01003405,30km to less than 40km,6,1,5
E01003405,40km to less than 60km,3,1,2
E01003405,5km to less than 10km,159,153,6
E01003405,60km and over,13,10,3
E01003405,Less than 2km,129,139,-10
E01003405,"Works mainly at an offshore installation, in no fixed place, or outside the UK",249,95,154
E01003405,Works mainly from home,294,44,250
E01003406,10km to less than 20km,92,156,-64
E01003406,20km to less than 30km,11,21,-10
E01003406,2km to less than 5km,103,113,-10
E01003406,30km to less than 40km,2,5,-3
E01003406,40km to less than 60km,3,5,-2
E01003406,5km to less than 10km,108,198,-90
E01003406,60km and over,2,7,-5
E01003406,Less than 2km,113,118,-5
E01003406,"Works mainly at an offshore installation, in no fixed place, or outside the UK",216,107,109
E01003406,Works mainly from home,298,55,243
E01003407,10km to less than 20km,131,343,-212
E01003407,20km to less than 30km,21,28,-7
E01003407,2km to less than 5km,81,119,-38
E01003407,30km to less than 40km,8,7,1
E01003407,40km to less than 60km,7,11,-4
E01003407,5km to less than 10km,151,209,-58
E01003407,60km and over,8,8,0
E01003407,Less than 2km,123,120,3
E01003407,"Works mainly at an offshore installation, in no fixed place, or outside the UK",213,189,24
E01003407,Works mainly from home,401,67,334
E01003408,10km to less than 20km,162,415,-253
E01003408,20km to less than 30km,11,23,-12
E01003408,2km to less than 5km,78,109,-31
E01003408,30km to less than 40km,2,13,-11
E01003408,40km to less than 60km,5,16,-11
E01003408,5km to less than 10km,120,191,-71
E01003408,60km and over,6,9,-3
E01003408,Less than 2km,115,131,-16
E01003408,"Works mainly at an offshore installation, in no fixed place, or outside the UK",217,157,60
E01003408,Works mainly from home,485,85,400
E01003409,10km to less than 20km,85,153,-68
E01003409,20km to less than 30km,16,18,-2
E01003409,2km to less than 5km,129,138,-9
E01003409,30km to less than 40km,1,5,-4
E01003409,40km to less than 60km,7,4,3
E01003409,5km to less than 10km,129,163,-34
E01003409,60km and over,10,10,0
E01003409,Less than 2km,116,112,4
E01003409,"Works mainly at an offshore installation, in no fixed place, or outside the UK",175,115,60
E01003409,Works mainly from home,226,45,181
E01003410,10km to less than 20km,114,234,-120
E01003410,20km to less than 30km,6,20,-14
E01003410,2km to less than 5km,103,139,-36
E01003410,30km to less than 40km,2,8,-6
E01003410,40km to less than 60km,3,4,-1
E01003410,5km to less than 10km,90,154,-64
E01003410,60km and over,6,3,3
E01003410,Less than 2km,77,114,-37
E01003410,"Works mainly at an offshore installation, in no fixed place, or outside the UK",172,147,25
E01003410,Works mainly from home,231,49,182
E01003411,10km to less than 20km,122,229,-107
E01003411,20km to less than 30km,18,31,-13
E01003411,2km to less than 5km,105,146,-41
E01003411,30km to less than 40km,4,2,2
E01003411,40km to less than 60km,4,13,-9
E01003411,5km to less than 10km,143,193,-50
E01003411,60km and over,5,10,-5
E01003411,Less than 2km,43,59,-16
E01003411,"Works mainly at an offshore installation, in no fixed place, or outside the UK",193,113,80
E01003411,Works mainly from home,338,61,277
E01003412,10km to less than 20km,110,165,-55
E01003412,20km to less than 30km,8,25,-17
E01003412,2km to less than 5km,137,162,-25
E01003412,30km to less than 40km,2,2,0
E01003412,40km to less than 60km,4,8,-4
E01003412,5km to less than 10km,137,179,-42
E01003412,60km and over,7,8,-1
E01003412,Less than 2km,46,70,-24
E01003412,"Works mainly at an offshore installation, in no fixed place, or outside the UK",191,106,85
E01003412,Works mainly from home,222,54,168
E01003413,10km to less than 20km,145,233,-88
E01003413,20km to less than 30km,23,20,3
E01003413,2km to less than 5km,159,175,-16
E01003413,30km to less than 40km,5,7,-2
E01003413,40km to less than 60km,4,3,1
E01003413,5km to less than 10km,145,198,-53
E01003413,60km and over,12,14,-2
E01003413,Less than 2km,47,60,-13
E01003413,"Works mainly at an offshore installation, in no fixed place, or outside the UK",215,156,59
E01003413,Works mainly from home,332,87,245
E01003414,10km to less than 20km,94,187,-93
E01003414,20km to less than 30km,5,15,-10
E01003414,2km to less than 5km,130,145,-15
E01003414,30km to less than 40km,0,6,-6
E01003414,40km to less than 60km,3,8,-5
E01003414,5km to less than 10km,109,139,-30
E01003414,60km and over,8,8,0
E01003414,Less than 2km,35,52,-17
E01003414,"Works mainly at an offshore installation, in no fixed place, or outside the UK",156,119,37
E01003414,Works mainly from home,266,63,203
E01003415,10km to less than 20km,170,167,3
E01003415,20km to less than 30km,14,12,2
E01003415,2km to less than 5km,180,171,9
E01003415,30km to less than 40km,10,4,6
E01003415,40km to less than 60km,2,2,0
E01003415,5km to less than 10km,156,166,-10
E01003415,60km and over,10,12,-2
E01003415,Less than 2km,52,78,-26
E01003415,"Works mainly at an offshore installation, in no fixed place, or outside the UK",249,109,140
E01003415,Works mainly from home,375,42,333
E01003416,10km to less than 20km,119,156,-37
E01003416,20km to less than 30km,12,20,-8
E01003416,2km to less than 5km,126,156,-30
E01003416,30km to less than 40km,6,7,-1
E01003416,40km to less than 60km,2,7,-5
E01003416,5km to less than 10km,98,160,-62
E01003416,60km and over,11,8,3
E01003416,Less than 2km,44,67,-23
E01003416,"Works mainly at an offshore installation, in no fixed place, or outside the UK",206,94,112
E01003416,Works mainly from home,237,56,181
E01003417,10km to less than 20km,93,200,-107
E01003417,20km to less than 30km,14,26,-12
E01003417,2km to less than 5km,127,182,-55
E01003417,30km to less than 40km,5,10,-5
E01003417,40km to less than 60km,1,2,-1
E01003417,5km to less than 10km,122,169,-47
E01003417,60km and over,2,10,-8
E01003417,Less than 2km,59,60,-1
E01003417,"Works mainly at an offshore installation, in no fixed place, or outside the UK",136,96,40
E01003417,Works mainly from home,256,75,181
E01003418,10km to less than 20km,77,190,-113
E01003418,20km to less than 30km,10,28,-18
E01003418,2km to less than 5km,111,189,-78
E01003418,30km to less than 40km,6,11,-5
E01003418,40km to less than 60km,2,2,0
E01003418,5km to less than 10km,129,165,-36
E01003418,60km and over,4,8,-4
E01003418,Less than 2km,52,65,-13
E01003418,"Works mainly at an offshore installation, in no fixed place, or outside the UK",128,81,47
E01003418,Works mainly from home,238,56,182
E01003419,10km to less than 20km,105,233,-128
E01003419,20km to less than 30km,14,22,-8
E01003419,2km to less than 5km,138,200,-62
E01003419,30km to less than 40km,2,14,-12
E01003419,40km to less than 60km,2,4,-2
E01003419,5km to less than 10km,136,196,-60
E01003419,60km and over,2,6,-4
E01003419,Less than 2km,54,74,-20
E01003419,"Works mainly at an offshore installation, in no fixed place, or outside the UK",165,97,68
E01003419,Works mainly from home,295,71,224
E01003420,10km to less than 20km,66,179,-113
E01003420,20km to less than 30km,18,18,0
E01003420,2km to less than 5km,124,161,-37
E01003420,30km to less than 40km,9,3,6
E01003420,40km to less than 60km,0,7,-7
E01003420,5km to less than 10km,127,150,-23
E01003420,60km and over,5,6,-1
E01003420,Less than 2km,37,76,-39
E01003420,"Works mainly at an offshore installation, in no fixed place, or outside the UK",148,72,76
E01003420,Works mainly from home,242,41,201
E01003421,10km to less than 20km,77,240,-163
E01003421,20km to less than 30km,15,24,-9
E01003421,2km to less than 5km,122,197,-75
E01003421,30km to less than 40km,4,12,-8
E01003421,40km to less than 60km,1,4,-3
E01003421,5km to less than 10km,78,130,-52
E01003421,60km and over,5,9,-4
E01003421,Less than 2km,64,74,-10
E01003421,"Works mainly at an offshore installation, in no fixed place, or outside the UK",120,96,24
E01003421,Works mainly from home,328,82,246
E01003422,10km to less than 20km,68,164,-96
E01003422,20km to less than 30km,11,11,0
E01003422,2km to less than 5km,113,180,-67
E01003422,30km to less than 40km,3,13,-10
E01003422,40km to less than 60km,1,7,-6
E01003422,5km to less than 10km,74,125,-51
E01003422,60km and over,1,7,-6
E01003422,Less than 2km,52,58,-6
E01003422,"Works mainly at an offshore installation, in no fixed place, or outside the UK",119,95,24
E01003422,Works mainly from home,259,54,205
E01003423,10km to less than 20km,77,350,-273
E01003423,20km to less than 30km,7,16,-9
E01003423,2km to less than 5km,47,87,-40
E01003423,30km to less than 40km,1,11,-10
E01003423,40km to less than 60km,4,3,1
E01003423,5km to less than 10km,74,126,-52
E01003423,60km and over,0,13,-13
E01003423,Less than 2km,46,76,-30
E01003423,"Works mainly at an offshore installation, in no fixed place, or outside the UK",79,85,-6
E01003423,Works mainly from home,497,97,400
E01003424,10km to less than 20km,68,256,-188
E01003424,20km to less than 30km,7,16,-9
E01003424,2km to less than 5km,43,71,-28
E01003424,30km to less than 40km,1,8,-7
E01003424,40km to less than 60km,1,6,-5
E01003424,5km to less than 10km,59,109,-50
E01003424,60km and over,3,5,-2
E01003424,Less than 2km,39,99,-60
E01003424,"Works mainly at an offshore installation, in no fixed place, or outside the UK",48,70,-22
E01003424,Works mainly from home,441,91,350
E01003425,10km to less than 20km,64,215,-151
E01003425,20km to less than 30km,8,20,-12
E01003425,2km to less than 5km,55,98,-43
E01003425,30km to less than 40km,4,11,-7
E01003425,40km to less than 60km,1,5,-4
E01003425,5km to less than 10km,57,102,-45
E01003425,60km and over,6,10,-4
E01003425,Less than 2km,54,97,-43
E01003425,"Works mainly at an offshore installation, in no fixed place, or outside the UK",59,59,0
E01003425,Works mainly from home,425,105,320
E01003426,10km to less than 20km,99,287,-188
E01003426,20km to less than 30km,10,20,-10
E01003426,2km to less than 5km,79,116,-37
E01003426,30km to less than 40km,3,7,-4
E01003426,40km to less than 60km,3,4,-1
E01003426,5km to less than 10km,85,131,-46
E01003426,60km and over,8,12,-4
E01003426,Less than 2km,37,90,-53
E01003426,"Works mainly at an offshore installation, in no fixed place, or outside the UK",129,77,52
E01003426,Works mainly from home,452,100,352
E01003427,10km to less than 20km,139,248,-109
E01003427,20km to less than 30km,22,23,-1
E01003427,2km to less than 5km,140,144,-4
E01003427,30km to less than 40km,2,7,-5
E01003427,40km to less than 60km,7,7,0
E01003427,5km to less than 10km,121,142,-21
E01003427,60km and over,9,12,-3
E01003427,Less than 2km,72,97,-25
E01003427,"Works mainly at an offshore installation, in no fixed place, or outside the UK",191,127,64
E01003427,Works mainly from home,309,94,215
E01003428,10km to less than 20km,77,361,-284
E01003428,20km to less than 30km,7,12,-5
E01003428,2km to less than 5km,40,47,-7
E01003428,30km to less than 40km,5,8,-3
E01003428,40km to less than 60km,2,4,-2
E01003428,5km to less than 10km,71,135,-64
E01003428,60km and over,3,14,-11
E01003428,Less than 2km,49,67,-18
E01003428,"Works mainly at an offshore installation, in no fixed place, or outside the UK",46,59,-13
E01003428,Works mainly from home,436,85,351
E01003429,10km to less than 20km,99,156,-57
E01003429,20km to less than 30km,25,25,0
E01003429,2km to less than 5km,138,168,-30
E01003429,30km to less than 40km,8,8,0
E01003429,40km to less than 60km,4,2,2
E01003429,5km to less than 10km,108,148,-40
E01003429,60km and over,8,12,-4
E01003429,Less than 2km,34,62,-28
E01003429,"Works mainly at an offshore installation, in no fixed place, or outside the UK",200,79,121
E01003429,Works mainly from home,221,54,167
E01003430,10km to less than 20km,124,143,-19
E01003430,20km to less than 30km,19,15,4
E01003430,2km to less than 5km,153,144,9
E01003430,30km to less than 40km,3,3,0
E01003430,40km to less than 60km,2,3,-1
E01003430,5km to less than 10km,111,118,-7
E01003430,60km and over,12,13,-1
E01003430,Less than 2km,37,49,-12
E01003430,"Works mainly at an offshore installation, in no fixed place, or outside the UK",146,94,52
E01003430,Works mainly from home,144,43,101
E01003431,10km to less than 20km,100,141,-41
E01003431,20km to less than 30km,11,23,-12
E01003431,2km to less than 5km,144,143,1
E01003431,30km to less than 40km,1,3,-2
E01003431,40km to less than 60km,2,8,-6
E01003431,5km to less than 10km,110,132,-22
E01003431,60km and over,7,7,0
E01003431,Less than 2km,63,70,-7
E01003431,"Works mainly at an offshore installation, in no fixed place, or outside the UK",160,70,90
E01003431,Works mainly from home,160,38,122
E01003432,10km to less than 20km,75,142,-67
E01003432,20km to less than 30km,9,26,-17
E01003432,2km to less than 5km,146,167,-21
E01003432,30km to less than 40km,6,1,5
E01003432,40km to less than 60km,3,3,0
E01003432,5km to less than 10km,108,110,-2
E01003432,60km and over,6,8,-2
E01003432,Less than 2km,46,65,-19
E01003432,"Works mainly at an offshore installation, in no fixed place, or outside the UK",148,64,84
E01003432,Works mainly from home,183,34,149
E01003433,10km to less than 20km,100,158,-58
E01003433,20km to less than 30km,12,24,-12
E01003433,2km to less than 5km,143,156,-13
E01003433,30km to less than 40km,0,2,-2
E01003433,40km to less than 60km,3,8,-5
E01003433,5km to less than 10km,110,139,-29
E01003433,60km and over,5,15,-10
E01003433,Less than 2km,36,46,-10
E01003433,"Works mainly at an offshore installation, in no fixed place, or outside the UK",175,95,80
E01003433,Works mainly from home,177,46,131
E01003434,10km to less than 20km,88,170,-82
E01003434,20km to less than 30km,12,14,-2
E01003434,2km to less than 5km,113,169,-56
E01003434,30km to less than 40km,6,5,1
E01003434,40km to less than 60km,3,6,-3
E01003434,5km to less than 10km,99,152,-53
E01003434,60km and over,11,5,6
E01003434,Less than 2km,36,61,-25
E01003434,"Works mainly at an offshore installation, in no fixed place, or outside the UK",167,117,50
E01003434,Works mainly from home,221,61,160
E01003435,10km to less than 20km,124,151,-27
E01003435,20km to less than 30km,18,17,1
E01003435,2km to less than 5km,194,139,55
E01003435,30km to less than 40km,4,4,0
E01003435,40km to less than 60km,3,6,-3
E01003435,5km to less than 10km,124,141,-17
E01003435,60km and over,10,11,-1
E01003435,Less than 2km,44,59,-15
E01003435,"Works mainly at an offshore installation, in no fixed place, or outside the UK",175,67,108
E01003435,Works mainly from home,307,48,259
E01003436,10km to less than 20km,81,179,-98
E01003436,20km to less than 30km,10,14,-4
E01003436,2km to less than 5km,131,166,-35
E01003436,30km to less than 40km,3,9,-6
E01003436,40km to less than 60km,4,2,2
E01003436,5km to less than 10km,120,115,5
E01003436,60km and over,6,5,1
E01003436,Less than 2km,59,71,-12
E01003436,"Works mainly at an offshore installation, in no fixed place, or outside the UK",167,94,73
E01003436,Works mainly from home,251,64,187
E01003437,10km to less than 20km,101,220,-119
E01003437,20km to less than 30km,14,19,-5
E01003437,2km to less than 5km,174,169,5
E01003437,30km to less than 40km,2,4,-2
E01003437,40km to less than 60km,6,7,-1
E01003437,5km to less than 10km,127,135,-8
E01003437,60km and over,4,10,-6
E01003437,Less than 2km,69,104,-35
E01003437,"Works mainly at an offshore installation, in no fixed place, or outside the UK",235,119,116
E01003437,Works mainly from home,306,79,227
E01003438,10km to less than 20km,117,186,-69
E01003438,20km to less than 30km,8,14,-6
E01003438,2km to less than 5km,150,210,-60
E01003438,30km to less than 40km,3,8,-5
E01003438,40km to less than 60km,2,1,1
E01003438,5km to less than 10km,132,115,17
E01003438,60km and over,6,6,0
E01003438,Less than 2km,77,83,-6
E01003438,"Works mainly at an offshore installation, in no fixed place, or outside the UK",172,81,91
E01003438,Works mainly from home,211,54,157
E01003439,10km to less than 20km,113,172,-59
E01003439,20km to less than 30km,12,14,-2
E01003439,2km to less than 5km,87,117,-30
E01003439,30km to less than 40km,1,7,-6
E01003439,40km to less than 60km,1,1,0
E01003439,5km to less than 10km,96,113,-17
E01003439,60km and over,1,3,-2
E01003439,Less than 2km,69,98,-29
E01003439,"Works mainly at an offshore installation, in no fixed place, or outside the UK",204,108,96
E01003439,Works mainly from home,233,74,159
E01003440,10km to less than 20km,92,199,-107
E01003440,20km to less than 30km,6,19,-13
E01003440,2km to less than 5km,127,151,-24
E01003440,30km to less than 40km,2,8,-6
E01003440,40km to less than 60km,4,3,1
E01003440,5km to less than 10km,111,108,3
E01003440,60km and over,3,1,2
E01003440,Less than 2km,63,79,-16
E01003440,"Works mainly at an offshore installation, in no fixed place, or outside the UK",155,103,52
E01003440,Works mainly from home,212,59,153
E01003441,10km to less than 20km,92,205,-113
E01003441,20km to less than 30km,14,19,-5
E01003441,2km to less than 5km,168,164,4
E01003441,30km to less than 40km,3,10,-7
E01003441,40km to less than 60km,2,4,-2
E01003441,5km to less than 10km,130,135,-5
E01003441,60km and over,7,11,-4
E01003441,Less than 2km,68,89,-21
E01003441,"Works mainly at an offshore installation, in no fixed place, or outside the UK",177,140,37
E01003441,Works mainly from home,226,49,177
E01003442,10km to less than 20km,66,359,-293
E01003442,20km to less than 30km,8,10,-2
E01003442,2km to less than 5km,45,65,-20
E01003442,30km to less than 40km,2,13,-11
E01003442,40km to less than 60km,4,4,0
E01003442,5km to less than 10km,51,110,-59
E01003442,60km and over,4,7,-3
E01003442,Less than 2km,37,77,-40
E01003442,"Works mainly at an offshore installation, in no fixed place, or outside the UK",43,61,-18
E01003442,Works mainly from home,509,139,370
E01003443,10km to less than 20km,50,378,-328
E01003443,20km to less than 30km,5,10,-5
E01003443,2km to less than 5km,49,60,-11
E01003443,30km to less than 40km,0,12,-12
E01003443,40km to less than 60km,3,7,-4
E01003443,5km to less than 10km,43,96,-53
E01003443,60km and over,4,6,-2
E01003443,Less than 2km,30,61,-31
E01003443,"Works mainly at an offshore installation, in no fixed place, or outside the UK",39,61,-22
E01003443,Works mainly from home,546,109,437
E01003444,10km to less than 20km,81,375,-294
E01003444,20km to less than 30km,7,20,-13
E01003444,2km to less than 5km,52,89,-37
E01003444,30km to less than 40km,2,7,-5
E01003444,40km to less than 60km,1,8,-7
E01003444,5km to less than 10km,63,98,-35
E01003444,60km and over,1,11,-10
E01003444,Less than 2km,44,61,-17
E01003444,"Works mainly at an offshore installation, in no fixed place, or outside the UK",62,48,14
E01003444,Works mainly from home,517,113,404
E01003445,10km to less than 20km,70,318,-248
E01003445,20km to less than 30km,6,26,-20
E01003445,2km to less than 5km,77,144,-67
E01003445,30km to less than 40km,6,13,-7
E01003445,40km to less than 60km,0,2,-2
E01003445,5km to less than 10km,90,111,-21
E01003445,60km and over,5,12,-7
E01003445,Less than 2km,41,74,-33
E01003445,"Works mainly at an offshore installation, in no fixed place, or outside the UK",93,78,15
E01003445,Works mainly from home,522,111,411
E01003446,10km to less than 20km,130,446,-316
E01003446,20km to less than 30km,13,31,-18
E01003446,2km to less than 5km,104,129,-25
E01003446,30km to less than 40km,7,18,-11
E01003446,40km to less than 60km,0,5,-5
E01003446,5km to less than 10km,92,156,-64
E01003446,60km and over,6,12,-6
E01003446,Less than 2km,71,114,-43
E01003446,"Works mainly at an offshore installation, in no fixed place, or outside the UK",110,83,27
E01003446,Works mainly from home,591,65,526
E01003447,10km to less than 20km,99,259,-160
E01003447,20km to less than 30km,7,31,-24
E01003447,2km to less than 5km,88,127,-39
E01003447,30km to less than 40km,8,11,-3
E01003447,40km to less than 60km,2,5,-3
E01003447,5km to less than 10km,108,141,-33
E01003447,60km and over,6,5,1
E01003447,Less than 2km,73,60,13
E01003447,"Works mainly at an offshore installation, in no fixed place, or outside the UK",126,106,20
E01003447,Works mainly from home,303,65,238
E01003448,10km to less than 20km,149,187,-38
E01003448,20km to less than 30km,20,19,1
E01003448,2km to less than 5km,180,154,26
E01003448,30km to less than 40km,6,10,-4
E01003448,40km to less than 60km,6,5,1
E01003448,5km to less than 10km,138,121,17
E01003448,60km and over,8,14,-6
E01003448,Less than 2km,89,88,1
E01003448,"Works mainly at an offshore installation, in no fixed place, or outside the UK",232,111,121
E01003448,Works mainly from home,417,52,365
E01003449,10km to less than 20km,97,216,-119
E01003449,20km to less than 30km,12,15,-3
E01003449,2km to less than 5km,143,172,-29
E01003449,30km to less than 40km,7,11,-4
E01003449,40km to less than 60km,8,6,2
E01003449,5km to less than 10km,93,104,-11
E01003449,60km and over,6,12,-6
E01003449,Less than 2km,73,80,-7
E01003449,"Works mainly at an offshore installation, in no fixed place, or outside the UK",203,124,79
E01003449,Works mainly from home,285,54,231
E01003450,10km to less than 20km,91,174,-83
E01003450,20km to less than 30km,9,16,-7
E01003450,2km to less than 5km,128,174,-46
E01003450,30km to less than 40km,0,5,-5
E01003450,40km to less than 60km,4,9,-5
E01003450,5km to less than 10km,113,134,-21
E01003450,60km and over,5,3,2
E01003450,Less than 2km,101,90,11
E01003450,"Works mainly at an offshore installation, in no fixed place, or outside the UK",163,85,78
E01003450,Works mainly from home,215,39,176
E01003451,10km to less than 20km,115,193,-78
E01003451,20km to less than 30km,17,24,-7
E01003451,2km to less than 5km,147,186,-39
E01003451,30km to less than 40km,1,13,-12
E01003451,40km to less than 60km,4,3,1
E01003451,5km to less than 10km,99,149,-50
E01003451,60km and over,9,8,1
E01003451,Less than 2km,74,101,-27
E01003451,"Works mainly at an offshore installation, in no fixed place, or outside the UK",155,111,44
E01003451,Works mainly from home,308,67,241
E01003452,10km to less than 20km,162,247,-85
E01003452,20km to less than 30km,16,27,-11
E01003452,2km to less than 5km,151,189,-38
E01003452,30km to less than 40km,7,5,2
E01003452,40km to less than 60km,2,6,-4
E01003452,5km to less than 10km,143,131,12
E01003452,60km and over,3,9,-6
E01003452,Less than 2km,96,94,2
E01003452,"Works mainly at an offshore installation, in no fixed place, or outside the UK",208,118,90
E01003452,Works mainly from home,232,77,155
E01003453,10km to less than 20km,114,185,-71
E01003453,20km to less than 30km,16,25,-9
E01003453,2km to less than 5km,122,189,-67
E01003453,30km to less than 40km,5,4,1
E01003453,40km to less than 60km,6,2,4
E01003453,5km to less than 10km,90,99,-9
E01003453,60km and over,7,8,-1
E01003453,Less than 2km,73,83,-10
E01003453,"Works mainly at an offshore installation, in no fixed place, or outside the UK",222,93,129
E01003453,Works mainly from home,264,71,193
E01003454,10km to less than 20km,63,329,-266
E01003454,20km to less than 30km,3,27,-24
E01003454,2km to less than 5km,33,55,-22
E01003454,30km to less than 40km,3,17,-14
E01003454,40km to less than 60km,0,7,-7
E01003454,5km to less than 10km,76,156,-80
E01003454,60km and over,2,9,-7
E01003454,Less than 2km,49,87,-38
E01003454,"Works mainly at an offshore installation, in no fixed place, or outside the UK",71,43,28
E01003454,Works mainly from home,480,84,396
E01003455,10km to less than 20km,108,409,-301
E01003455,20km to less than 30km,15,28,-13
E01003455,2km to less than 5km,77,102,-25
E01003455,30km to less than 40km,2,14,-12
E01003455,40km to less than 60km,0,12,-12
E01003455,5km to less than 10km,116,210,-94
E01003455,60km and over,8,18,-10
E01003455,Less than 2km,105,126,-21
E01003455,"Works mainly at an offshore installation, in no fixed place, or outside the UK",133,75,58
E01003455,Works mainly from home,531,67,464
E01003456,10km to less than 20km,100,438,-338
E01003456,20km to less than 30km,2,24,-22
E01003456,2km to less than 5km,49,68,-19
E01003456,30km to less than 40km,4,8,-4
E01003456,40km to less than 60km,2,4,-2
E01003456,5km to less than 10km,78,160,-82
E01003456,60km and over,3,8,-5
E01003456,Less than 2km,62,86,-24
E01003456,"Works mainly at an offshore installation, in no fixed place, or outside the UK",67,72,-5
E01003456,Works mainly from home,593,87,506
E01003457,10km to less than 20km,75,442,-367
E01003457,20km to less than 30km,7,24,-17
E01003457,2km to less than 5km,41,62,-21
E01003457,30km to less than 40km,1,10,-9
E01003457,40km to less than 60km,2,8,-6
E01003457,5km to less than 10km,68,149,-81
E01003457,60km and over,5,6,-1
E01003457,Less than 2km,41,87,-46
E01003457,"Works mainly at an offshore installation, in no fixed place, or outside the UK",52,58,-6
E01003457,Works mainly from home,589,84,505
E01003458,10km to less than 20km,107,458,-351
E01003458,20km to less than 30km,11,27,-16
E01003458,2km to less than 5km,61,59,2
E01003458,30km to less than 40km,3,14,-11
E01003458,40km to less than 60km,0,4,-4
E01003458,5km to less than 10km,86,199,-113
E01003458,60km and over,6,9,-3
E01003458,Less than 2km,54,105,-51
E01003458,"Works mainly at an offshore installation, in no fixed place, or outside the UK",84,65,19
E01003458,Works mainly from home,663,87,576
E01003459,10km to less than 20km,120,492,-372
E01003459,20km to less than 30km,10,32,-22
E01003459,2km to less than 5km,89,99,-10
E01003459,30km to less than 40km,7,10,-3
E01003459,40km to less than 60km,7,12,-5
E01003459,5km to less than 10km,127,225,-98
E01003459,60km and over,10,16,-6
E01003459,Less than 2km,118,172,-54
E01003459,"Works mainly at an offshore installation, in no fixed place, or outside the UK",118,89,29
E01003459,Works mainly from home,656,92,564
E01003460,10km to less than 20km,66,298,-232
E01003460,20km to less than 30km,5,10,-5
E01003460,2km to less than 5km,37,48,-11
E01003460,30km to less than 40km,0,8,-8
E01003460,40km to less than 60km,0,5,-5
E01003460,5km to less than 10km,51,83,-32
E01003460,60km and over,3,7,-4
E01003460,Less than 2km,31,59,-28
E01003460,"Works mainly at an offshore installation, in no fixed place, or outside the UK",45,39,6
E01003460,Works mainly from home,386,155,231
E01003461,10km to less than 20km,67,426,-359
E01003461,20km to less than 30km,7,16,-9
E01003461,2km to less than 5km,47,54,-7
E01003461,30km to less than 40km,6,14,-8
E01003461,40km to less than 60km,2,11,-9
E01003461,5km to less than 10km,56,130,-74
E01003461,60km and over,6,12,-6
E01003461,Less than 2km,39,66,-27
E01003461,"Works mainly at an offshore installation, in no fixed place, or outside the UK",44,53,-9
E01003461,Works mainly from home,557,132,425
E01003462,10km to less than 20km,48,265,-217
E01003462,20km to less than 30km,4,7,-3
E01003462,2km to less than 5km,30,48,-18
E01003462,30km to less than 40km,0,8,-8
E01003462,40km to less than 60km,0,1,-1
E01003462,5km to less than 10km,36,90,-54
E01003462,60km and over,6,5,1
E01003462,Less than 2km,31,47,-16
E01003462,"Works mainly at an offshore installation, in no fixed place, or outside the UK",51,52,-1
E01003462,Works mainly from home,388,120,268
E01003463,10km to less than 20km,64,214,-150
E01003463,20km to less than 30km,1,11,-10
E01003463,2km to less than 5km,45,78,-33
E01003463,30km to less than 40km,3,7,-4
E01003463,40km to less than 60km,1,7,-6
E01003463,5km to less than 10km,63,71,-8
E01003463,60km and over,5,11,-6
E01003463,Less than 2km,27,38,-11
E01003463,"Works mainly at an offshore installation, in no fixed place, or outside the UK",49,49,0
E01003463,Works mainly from home,419,100,319
E01003464,10km to less than 20km,41,183,-142
E01003464,20km to less than 30km,8,9,-1
E01003464,2km to less than 5km,30,50,-20
E01003464,30km to less than 40km,1,4,-3
E01003464,40km to less than 60km,1,3,-2
E01003464,5km to less than 10km,35,87,-52
E01003464,60km and over,2,11,-9
E01003464,Less than 2km,20,33,-13
E01003464,"Works mainly at an offshore installation, in no fixed place, or outside the UK",57,40,17
E01003464,Works mainly from home,372,138,234
E01003465,10km to less than 20km,44,235,-191
E01003465,20km to less than 30km,1,1,0
E01003465,2km to less than 5km,23,28,-5
E01003465,30km to less than 40km,2,9,-7
E01003465,40km to less than 60km,1,2,-1
E01003465,5km to less than 10km,43,76,-33
E01003465,60km and over,0,9,-9
E01003465,Less than 2km,15,44,-29
E01003465,"Works mainly at an offshore installation, in no fixed place, or outside the UK",26,33,-7
E01003465,Works mainly from home,378,123,255
E01003466,10km to less than 20km,103,287,-184
E01003466,20km to less than 30km,11,23,-12
E01003466,2km to less than 5km,83,110,-27
E01003466,30km to less than 40km,2,12,-10
E01003466,40km to less than 60km,2,5,-3
E01003466,5km to less than 10km,69,140,-71
E01003466,60km and over,3,7,-4
E01003466,Less than 2km,45,75,-30
E01003466,"Works mainly at an offshore installation, in no fixed place, or outside the UK",104,57,47
E01003466,Works mainly from home,483,100,383
E01003467,10km to less than 20km,77,339,-262
E01003467,20km to less than 30km,13,20,-7
E01003467,2km to less than 5km,73,135,-62
E01003467,30km to less than 40km,5,11,-6
E01003467,40km to less than 60km,1,10,-9
E01003467,5km to less than 10km,82,111,-29
E01003467,60km and over,3,8,-5
E01003467,Less than 2km,41,66,-25
E01003467,"Works mainly at an offshore installation, in no fixed place, or outside the UK",76,76,0
E01003467,Works mainly from home,499,70,429
E01003468,10km to less than 20km,92,326,-234
E01003468,20km to less than 30km,6,23,-17
E01003468,2km to less than 5km,84,159,-75
E01003468,30km to less than 40km,2,8,-6
E01003468,40km to less than 60km,0,6,-6
E01003468,5km to less than 10km,73,114,-41
E01003468,60km and over,7,14,-7
E01003468,Less than 2km,48,65,-17
E01003468,"Works mainly at an offshore installation, in no fixed place, or outside the UK",112,97,15
E01003468,Works mainly from home,472,101,371
E01003469,10km to less than 20km,118,260,-142
E01003469,20km to less than 30km,13,27,-14
E01003469,2km to less than 5km,103,152,-49
E01003469,30km to less than 40km,8,11,-3
E01003469,40km to less than 60km,5,7,-2
E01003469,5km to less than 10km,81,128,-47
E01003469,60km and over,7,8,-1
E01003469,Less than 2km,100,107,-7
E01003469,"Works mainly at an offshore installation, in no fixed place, or outside the UK",145,64,81
E01003469,Works mainly from home,312,79,233
E01003470,10km to less than 20km,130,272,-142
E01003470,20km to less than 30km,9,27,-18
E01003470,2km to less than 5km,130,163,-33
E01003470,30km to less than 40km,11,15,-4
E01003470,40km to less than 60km,3,6,-3
E01003470,5km to less than 10km,123,149,-26
E01003470,60km and over,3,6,-3
E01003470,Less than 2km,74,101,-27
E01003470,"Works mainly at an offshore installation, in no fixed place, or outside the UK",135,84,51
E01003470,Works mainly from home,435,80,355
E01003471,10km to less than 20km,103,311,-208
E01003471,20km to less than 30km,12,22,-10
E01003471,2km to less than 5km,95,106,-11
E01003471,30km to less than 40km,3,11,-8
E01003471,40km to less than 60km,2,5,-3
E01003471,5km to less than 10km,86,128,-42
E01003471,60km and over,2,8,-6
E01003471,Less than 2km,54,66,-12
E01003471,"Works mainly at an offshore installation, in no fixed place, or outside the UK",91,55,36
E01003471,Works mainly from home,448,86,362
E01003472,10km to less than 20km,44,225,-181
E01003472,20km to less than 30km,0,14,-14
E01003472,2km to less than 5km,39,76,-37
E01003472,30km to less than 40km,0,11,-11
E01003472,40km to less than 60km,0,6,-6
E01003472,5km to less than 10km,76,193,-117
E01003472,60km and over,2,5,-3
E01003472,Less than 2km,15,44,-29
E01003472,"Works mainly at an offshore installation, in no fixed place, or outside the UK",38,50,-12
E01003472,Works mainly from home,476,90,386
E01003473,10km to less than 20km,66,219,-153
E01003473,20km to less than 30km,10,20,-10
E01003473,2km to less than 5km,55,80,-25
E01003473,30km to less than 40km,1,11,-10
E01003473,40km to less than 60km,2,4,-2
E01003473,5km to less than 10km,88,223,-135
E01003473,60km and over,2,10,-8
E01003473,Less than 2km,52,67,-15
E01003473,"Works mainly at an offshore installation, in no fixed place, or outside the UK",59,68,-9
E01003473,Works mainly from home,500,90,410
E01003474,10km to less than 20km,51,227,-176
E01003474,20km to less than 30km,4,14,-10
E01003474,2km to less than 5km,29,54,-25
E01003474,30km to less than 40km,5,8,-3
E01003474,40km to less than 60km,0,11,-11
E01003474,5km to less than 10km,66,153,-87
E01003474,60km and over,2,7,-5
E01003474,Less than 2km,23,42,-19
E01003474,"Works mainly at an offshore installation, in no fixed place, or outside the UK",30,44,-14
E01003474,Works mainly from home,444,118,326
E01003476,10km to less than 20km,55,233,-178
E01003476,20km to less than 30km,4,12,-8
E01003476,2km to less than 5km,43,63,-20
E01003476,30km to less than 40km,1,6,-5
E01003476,40km to less than 60km,3,3,0
E01003476,5km to less than 10km,87,167,-80
E01003476,60km and over,1,12,-11
E01003476,Less than 2km,59,116,-57
E01003476,"Works mainly at an offshore installation, in no fixed place, or outside the UK",63,64,-1
E01003476,Works mainly from home,376,76,300
E01003477,10km to less than 20km,64,401,-337
E01003477,20km to less than 30km,3,19,-16
E01003477,2km to less than 5km,69,85,-16
E01003477,30km to less than 40km,1,12,-11
E01003477,40km to less than 60km,1,1,0
E01003477,5km to less than 10km,81,236,-155
E01003477,60km and over,5,9,-4
E01003477,Less than 2km,52,104,-52
E01003477,"Works mainly at an offshore installation, in no fixed place, or outside the UK",78,74,4
E01003477,Works mainly from home,539,106,433
E01003478,10km to less than 20km,77,297,-220
E01003478,20km to less than 30km,10,15,-5
E01003478,2km to less than 5km,72,116,-44
E01003478,30km to less than 40km,1,10,-9
E01003478,40km to less than 60km,0,10,-10
E01003478,5km to less than 10km,109,268,-159
E01003478,60km and over,5,13,-8
E01003478,Less than 2km,51,62,-11
E01003478,"Works mainly at an offshore installation, in no fixed place, or outside the UK",83,73,10
E01003478,Works mainly from home,626,83,543
E01003479,10km to less than 20km,107,169,-62
E01003479,20km to less than 30km,19,18,1
E01003479,2km to less than 5km,88,110,-22
E01003479,30km to less than 40km,4,3,1
E01003479,40km to less than 60km,3,10,-7
E01003479,5km to less than 10km,89,132,-43
E01003479,60km and over,3,10,-7
E01003479,Less than 2km,63,81,-18
E01003479,"Works mainly at an offshore installation, in no fixed place, or outside the UK",208,160,48
E01003479,Works mainly from home,174,58,116
E01003480,10km to less than 20km,133,241,-108
E01003480,20km to less than 30km,18,44,-26
E01003480,2km to less than 5km,69,83,-14
E01003480,30km to less than 40km,9,10,-1
E01003480,40km to less than 60km,5,11,-6
E01003480,5km to less than 10km,108,146,-38
E01003480,60km and over,11,19,-8
E01003480,Less than 2km,71,87,-16
E01003480,"Works mainly at an offshore installation, in no fixed place, or outside the UK",237,171,66
E01003480,Works mainly from home,201,77,124
E01003481,10km to less than 20km,119,145,-26
E01003481,20km to less than 30km,9,26,-17
E01003481,2km to less than 5km,63,58,5
E01003481,30km to less than 40km,4,5,-1
E01003481,40km to less than 60km,9,5,4
E01003481,5km to less than 10km,91,97,-6
E01003481,60km and over,8,14,-6
E01003481,Less than 2km,40,52,-12
E01003481,"Works mainly at an offshore installation, in no fixed place, or outside the UK",163,139,24
E01003481,Works mainly from home,151,41,110
E01003483,10km to less than 20km,150,136,14
E01003483,20km to less than 30km,11,14,-3
E01003483,2km to less than 5km,99,92,7
E01003483,30km to less than 40km,11,7,4
E01003483,40km to less than 60km,5,8,-3
E01003483,5km to less than 10km,104,125,-21
E01003483,60km and over,4,8,-4
E01003483,Less than 2km,77,108,-31
E01003483,"Works mainly at an offshore installation, in no fixed place, or outside the UK",129,92,37
E01003483,Works mainly from home,202,36,166
E01003484,10km to less than 20km,133,226,-93
E01003484,20km to less than 30km,21,20,1
E01003484,2km to less than 5km,77,100,-23
E01003484,30km to less than 40km,17,9,8
E01003484,40km to less than 60km,14,14,0
E01003484,5km to less than 10km,110,164,-54
E01003484,60km and over,8,4,4
E01003484,Less than 2km,109,102,7
E01003484,"Works mainly at an offshore installation, in no fixed place, or outside the UK",242,162,80
E01003484,Works mainly from home,184,54,130
E01003485,10km to less than 20km,93,182,-89
E01003485,20km to less than 30km,17,21,-4
E01003485,2km to less than 5km,87,106,-19
E01003485,30km to less than 40km,12,4,8
E01003485,40km to less than 60km,2,6,-4
E01003485,5km to less than 10km,141,136,5
E01003485,60km and over,9,11,-2
E01003485,Less than 2km,68,73,-5
E01003485,"Works mainly at an offshore installation, in no fixed place, or outside the UK",237,161,76
E01003485,Works mainly from home,194,61,133
E01003486,10km to less than 20km,70,111,-41
E01003486,20km to less than 30km,9,11,-2
E01003486,2km to less than 5km,67,59,8
E01003486,30km to less than 40km,4,2,2
E01003486,40km to less than 60km,0,3,-3
E01003486,5km to less than 10km,60,87,-27
E01003486,60km and over,0,5,-5
E01003486,Less than 2km,48,59,-11
E01003486,"Works mainly at an offshore installation, in no fixed place, or outside the UK",81,53,28
E01003486,Works mainly from home,115,21,94
E01003487,10km to less than 20km,92,119,-27
E01003487,20km to less than 30km,7,17,-10
E01003487,2km to less than 5km,51,59,-8
E01003487,30km to less than 40km,3,5,-2
E01003487,40km to less than 60km,7,2,5
E01003487,5km to less than 10km,79,112,-33
E01003487,60km and over,7,9,-2
E01003487,Less than 2km,44,56,-12
E01003487,"Works mainly at an offshore installation, in no fixed place, or outside the UK",103,91,12
E01003487,Works mainly from home,139,30,109
E01003488,10km to less than 20km,111,173,-62
E01003488,20km to less than 30km,22,18,4
E01003488,2km to less than 5km,114,112,2
E01003488,30km to less than 40km,3,6,-3
E01003488,40km to less than 60km,14,8,6
E01003488,5km to less than 10km,97,143,-46
E01003488,60km and over,4,10,-6
E01003488,Less than 2km,82,114,-32
E01003488,"Works mainly at an offshore installation, in no fixed place, or outside the UK",138,109,29
E01003488,Works mainly from home,137,55,82
E01003489,10km to less than 20km,180,172,8
E01003489,20km to less than 30km,27,27,0
E01003489,2km to less than 5km,161,70,91
E01003489,30km to less than 40km,8,5,3
E01003489,40km to less than 60km,3,12,-9
E01003489,5km to less than 10km,143,134,9
E01003489,60km and over,9,7,2
E01003489,Less than 2km,105,54,51
E01003489,"Works mainly at an offshore installation, in no fixed place, or outside the UK",204,94,110
E01003489,Works mainly from home,417,44,373
E01003490,10km to less than 20km,110,140,-30
E01003490,20km to less than 30km,21,19,2
E01003490,2km to less than 5km,106,79,27
E01003490,30km to less than 40km,5,5,0
E01003490,40km to less than 60km,5,5,0
E01003490,5km to less than 10km,109,92,17
E01003490,60km and over,4,13,-9
E01003490,Less than 2km,93,81,12
E01003490,"Works mainly at an offshore installation, in no fixed place, or outside the UK",167,110,57
E01003490,Works mainly from home,155,58,97
E01003491,10km to less than 20km,140,201,-61
E01003491,20km to less than 30km,12,15,-3
E01003491,2km to less than 5km,108,118,-10
E01003491,30km to less than 40km,4,12,-8
E01003491,40km to less than 60km,5,7,-2
E01003491,5km to less than 10km,109,163,-54
E01003491,60km and over,9,14,-5
E01003491,Less than 2km,97,84,13
E01003491,"Works mainly at an offshore installation, in no fixed place, or outside the UK",145,98,47
E01003491,Works mainly from home,139,71,68
E01003492,10km to less than 20km,142,218,-76
E01003492,20km to less than 30km,28,24,4
E01003492,2km to less than 5km,121,109,12
E01003492,30km to less than 40km,6,7,-1
E01003492,40km to less than 60km,5,4,1
E01003492,5km to less than 10km,117,160,-43
E01003492,60km and over,12,12,0
E01003492,Less than 2km,84,95,-11
E01003492,"Works mainly at an offshore installation, in no fixed place, or outside the UK",190,124,66
E01003492,Works mainly from home,181,46,135
E01003494,10km to less than 20km,134,227,-93
E01003494,20km to less than 30km,21,25,-4
E01003494,2km to less than 5km,108,126,-18
E01003494,30km to less than 40km,8,6,2
E01003494,40km to less than 60km,4,7,-3
E01003494,5km to less than 10km,136,177,-41
E01003494,60km and over,13,8,5
E01003494,Less than 2km,89,107,-18
E01003494,"Works mainly at an offshore installation, in no fixed place, or outside the UK",212,135,77
E01003494,Works mainly from home,243,63,180
E01003495,10km to less than 20km,112,260,-148
E01003495,20km to less than 30km,20,14,6
E01003495,2km to less than 5km,100,150,-50
E01003495,30km to less than 40km,3,6,-3
E01003495,40km to less than 60km,2,6,-4
E01003495,5km to less than 10km,122,190,-68
E01003495,60km and over,7,17,-10
E01003495,Less than 2km,87,135,-48
E01003495,"Works mainly at an offshore installation, in no fixed place, or outside the UK",182,148,34
E01003495,Works mainly from home,288,55,233
E01003496,10km to less than 20km,70,131,-61
E01003496,20km to less than 30km,11,20,-9
E01003496,2km to less than 5km,108,133,-25
E01003496,30km to less than 40km,2,9,-7
E01003496,40km to less than 60km,4,11,-7
E01003496,5km to less than 10km,114,202,-88
E01003496,60km and over,5,8,-3
E01003496,Less than 2km,33,60,-27
E01003496,"Works mainly at an offshore installation, in no fixed place, or outside the UK",124,117,7
E01003496,Works mainly from home,206,33,173
E01003497,10km to less than 20km,80,119,-39
E01003497,20km to less than 30km,7,13,-6
E01003497,2km to less than 5km,107,120,-13
E01003497,30km to less than 40km,4,3,1
E01003497,40km to less than 60km,4,4,0
E01003497,5km to less than 10km,113,163,-50
E01003497,60km and over,11,9,2
E01003497,Less than 2km,60,82,-22
E01003497,"Works mainly at an offshore installation, in no fixed place, or outside the UK",166,162,4
E01003497,Works mainly from home,156,52,104
E01003498,10km to less than 20km,104,152,-48
E01003498,20km to less than 30km,12,16,-4
E01003498,2km to less than 5km,125,126,-1
E01003498,30km to less than 40km,7,7,0
E01003498,40km to less than 60km,1,6,-5
E01003498,5km to less than 10km,144,153,-9
E01003498,60km and over,20,11,9
E01003498,Less than 2km,62,79,-17
E01003498,"Works mainly at an offshore installation, in no fixed place, or outside the UK",197,147,50
E01003498,Works mainly from home,197,56,141
E01003499,10km to less than 20km,127,152,-25
E01003499,20km to less than 30km,10,15,-5
E01003499,2km to less than 5km,146,143,3
E01003499,30km to less than 40km,7,6,1
E01003499,40km to less than 60km,4,8,-4
E01003499,5km to less than 10km,147,165,-18
E01003499,60km and over,26,9,17
E01003499,Less than 2km,80,97,-17
E01003499,"Works mainly at an offshore installation, in no fixed place, or outside the UK",204,164,40
E01003499,Works mainly from home,179,59,120
E01003500,10km to less than 20km,117,147,-30
E01003500,20km to less than 30km,13,15,-2
E01003500,2km to less than 5km,129,126,3
E01003500,30km to less than 40km,14,6,8
E01003500,40km to less than 60km,5,9,-4
E01003500,5km to less than 10km,153,229,-76
E01003500,60km and over,12,10,2
E01003500,Less than 2km,75,90,-15
E01003500,"Works mainly at an offshore installation, in no fixed place, or outside the UK",223,174,49
E01003500,Works mainly from home,254,62,192
E01003501,10km to less than 20km,132,197,-65
E01003501,20km to less than 30km,17,16,1
E01003501,2km to less than 5km,134,145,-11
E01003501,30km to less than 40km,15,6,9
E01003501,40km to less than 60km,5,6,-1
E01003501,5km to less than 10km,213,170,43
E01003501,60km and over,15,10,5
E01003501,Less than 2km,77,96,-19
E01003501,"Works mainly at an offshore installation, in no fixed place, or outside the UK",245,173,72
E01003501,Works mainly from home,214,47,167
E01003502,10km to less than 20km,166,161,5
E01003502,20km to less than 30km,18,12,6
E01003502,2km to less than 5km,162,116,46
E01003502,30km to less than 40km,7,13,-6
E01003502,40km to less than 60km,4,4,0
E01003502,5km to less than 10km,170,183,-13
E01003502,60km and over,10,11,-1
E01003502,Less than 2km,99,72,27
E01003502,"Works mainly at an offshore installation, in no fixed place, or outside the UK",280,163,117
E01003502,Works mainly from home,230,60,170
E01003503,10km to less than 20km,199,119,80
E01003503,20km to less than 30km,30,16,14
E01003503,2km to less than 5km,152,115,37
E01003503,30km to less than 40km,10,7,3
E01003503,40km to less than 60km,5,10,-5
E01003503,5km to less than 10km,243,153,90
E01003503,60km and over,14,11,3
E01003503,Less than 2km,79,62,17
E01003503,"Works mainly at an offshore installation, in no fixed place, or outside the UK",224,96,128
E01003503,Works mainly from home,692,46,646
E01003506,10km to less than 20km,107,125,-18
E01003506,20km to less than 30km,20,8,12
E01003506,2km to less than 5km,88,100,-12
E01003506,30km to less than 40km,5,5,0
E01003506,40km to less than 60km,2,3,-1
E01003506,5km to less than 10km,109,122,-13
E01003506,60km and over,3,8,-5
E01003506,Less than 2km,44,74,-30
E01003506,"Works mainly at an offshore installation, in no fixed place, or outside the UK",134,95,39
E01003506,Works mainly from home,130,29,101
E01003507,10km to less than 20km,150,207,-57
E01003507,20km to less than 30km,17,15,2
E01003507,2km to less than 5km,136,150,-14
E01003507,30km to less than 40km,7,14,-7
E01003507,40km to less than 60km,8,8,0
E01003507,5km to less than 10km,152,180,-28
E01003507,60km and over,15,16,-1
E01003507,Less than 2km,75,88,-13
E01003507,"Works mainly at an offshore installation, in no fixed place, or outside the UK",238,160,78
E01003507,Works mainly from home,214,72,142
E01003508,10km to less than 20km,175,118,57
E01003508,20km to less than 30km,27,12,15
E01003508,2km to less than 5km,150,115,35
E01003508,30km to less than 40km,9,5,4
E01003508,40km to less than 60km,4,5,-1
E01003508,5km to less than 10km,194,116,78
E01003508,60km and over,9,7,2
E01003508,Less than 2km,107,69,38
E01003508,"Works mainly at an offshore installation, in no fixed place, or outside the UK",258,128,130
E01003508,Works mainly from home,423,41,382
E01003509,10km to less than 20km,122,153,-31
E01003509,20km to less than 30km,18,15,3
E01003509,2km to less than 5km,126,152,-26
E01003509,30km to less than 40km,10,10,0
E01003509,40km to less than 60km,9,10,-1
E01003509,5km to less than 10km,108,150,-42
E01003509,60km and over,12,13,-1
E01003509,Less than 2km,94,84,10
E01003509,"Works mainly at an offshore installation, in no fixed place, or outside the UK",235,219,16
E01003509,Works mainly from home,182,37,145
E01003511,10km to less than 20km,130,82,48
E01003511,20km to less than 30km,19,10,9
E01003511,2km to less than 5km,132,95,37
E01003511,30km to less than 40km,3,3,0
E01003511,40km to less than 60km,7,2,5
E01003511,5km to less than 10km,137,88,49
E01003511,60km and over,12,1,11
E01003511,Less than 2km,68,67,1
E01003511,"Works mainly at an offshore installation, in no fixed place, or outside the UK",159,78,81
E01003511,Works mainly from home,289,21,268
E01003512,10km to less than 20km,142,141,1
E01003512,20km to less than 30km,23,15,8
E01003512,2km to less than 5km,158,126,32
E01003512,30km to less than 40km,11,11,0
E01003512,40km to less than 60km,5,6,-1
E01003512,5km to less than 10km,133,140,-7
E01003512,60km and over,15,8,7
E01003512,Less than 2km,81,97,-16
E01003512,"Works mainly at an offshore installation, in no fixed place, or outside the UK",242,159,83
E01003512,Works mainly from home,173,49,124
E01003513,10km to less than 20km,117,175,-58
E01003513,20km to less than 30km,20,18,2
E01003513,2km to less than 5km,88,112,-24
E01003513,30km to less than 40km,8,8,0
E01003513,40km to less than 60km,7,9,-2
E01003513,5km to less than 10km,70,143,-73
E01003513,60km and over,12,10,2
E01003513,Less than 2km,72,77,-5
E01003513,"Works mainly at an offshore installation, in no fixed place, or outside the UK",208,177,31
E01003513,Works mainly from home,206,55,151
E01003514,10km to less than 20km,95,131,-36
E01003514,20km to less than 30km,16,13,3
E01003514,2km to less than 5km,130,123,7
E01003514,30km to less than 40km,6,6,0
E01003514,40km to less than 60km,7,7,0
E01003514,5km to less than 10km,85,106,-21
E01003514,60km and over,8,6,2
E01003514,Less than 2km,74,82,-8
E01003514,"Works mainly at an offshore installation, in no fixed place, or outside the UK",180,126,54
E01003514,Works mainly from home,125,35,90
E01003515,10km to less than 20km,160,131,29
E01003515,20km to less than 30km,23,19,4
E01003515,2km to less than 5km,117,142,-25
E01003515,30km to less than 40km,5,7,-2
E01003515,40km to less than 60km,2,11,-9
E01003515,5km to less than 10km,135,126,9
E01003515,60km and over,14,9,5
E01003515,Less than 2km,57,93,-36
E01003515,"Works mainly at an offshore installation, in no fixed place, or outside the UK",173,128,45
E01003515,Works mainly from home,214,52,162
E01003516,10km to less than 20km,129,142,-13
E01003516,20km to less than 30km,9,12,-3
E01003516,2km to less than 5km,125,148,-23
E01003516,30km to less than 40km,9,5,4
E01003516,40km to less than 60km,5,6,-1
E01003516,5km to less than 10km,118,132,-14
E01003516,60km and over,5,18,-13
E01003516,Less than 2km,68,59,9
E01003516,"Works mainly at an offshore installation, in no fixed place, or outside the UK",204,144,60
E01003516,Works mainly from home,144,39,105
E01003517,10km to less than 20km,135,156,-21
E01003517,20km to less than 30km,14,22,-8
E01003517,2km to less than 5km,88,127,-39
E01003517,30km to less than 40km,9,8,1
E01003517,40km to less than 60km,2,4,-2
E01003517,5km to less than 10km,130,132,-2
E01003517,60km and over,14,15,-1
E01003517,Less than 2km,67,79,-12
E01003517,"Works mainly at an offshore installation, in no fixed place, or outside the UK",158,141,17
E01003517,Works mainly from home,159,38,121
E01003518,10km to less than 20km,111,188,-77
E01003518,20km to less than 30km,15,23,-8
E01003518,2km to less than 5km,86,139,-53
E01003518,30km to less than 40km,9,11,-2
E01003518,40km to less than 60km,4,2,2
E01003518,5km to less than 10km,112,159,-47
E01003518,60km and over,11,12,-1
E01003518,Less than 2km,69,81,-12
E01003518,"Works mainly at an offshore installation, in no fixed place, or outside the UK",195,162,33
E01003518,Works mainly from home,197,54,143
E01003519,10km to less than 20km,132,172,-40
E01003519,20km to less than 30km,23,21,2
E01003519,2km to less than 5km,129,127,2
E01003519,30km to less than 40km,10,14,-4
E01003519,40km to less than 60km,16,4,12
E01003519,5km to less than 10km,128,140,-12
E01003519,60km and over,9,10,-1
E01003519,Less than 2km,58,83,-25
E01003519,"Works mainly at an offshore installation, in no fixed place, or outside the UK",223,159,64
E01003519,Works mainly from home,111,32,79
E01003520,10km to less than 20km,136,247,-111
E01003520,20km to less than 30km,22,28,-6
E01003520,2km to less than 5km,87,104,-17
E01003520,30km to less than 40km,6,5,1
E01003520,40km to less than 60km,8,6,2
E01003520,5km to less than 10km,108,129,-21
E01003520,60km and over,16,16,0
E01003520,Less than 2km,88,100,-12
E01003520,"Works mainly at an offshore installation, in no fixed place, or outside the UK",184,131,53
E01003520,Works mainly from home,139,54,85
E01003521,10km to less than 20km,195,305,-110
E01003521,20km to less than 30km,22,91,-69
E01003521,2km to less than 5km,90,88,2
E01003521,30km to less than 40km,6,8,-2
E01003521,40km to less than 60km,7,18,-11
E01003521,5km to less than 10km,117,151,-34
E01003521,60km and over,13,53,-40
E01003521,Less than 2km,88,113,-25
E01003521,"Works mainly at an offshore installation, in no fixed place, or outside the UK",194,181,13
E01003521,Works mainly from home,209,96,113
E01003522,10km to less than 20km,134,175,-41
E01003522,20km to less than 30km,21,25,-4
E01003522,2km to less than 5km,86,83,3
E01003522,30km to less than 40km,10,10,0
E01003522,40km to less than 60km,6,7,-1
E01003522,5km to less than 10km,85,150,-65
E01003522,60km and over,7,11,-4
E01003522,Less than 2km,83,97,-14
E01003522,"Works mainly at an offshore installation, in no fixed place, or outside the UK",161,97,64
E01003522,Works mainly from home,121,81,40
E01003523,10km to less than 20km,218,214,4
E01003523,20km to less than 30km,34,29,5
E01003523,2km to less than 5km,94,85,9
E01003523,30km to less than 40km,6,11,-5
E01003523,40km to less than 60km,4,7,-3
E01003523,5km to less than 10km,138,157,-19
E01003523,60km and over,7,14,-7
E01003523,Less than 2km,152,97,55
E01003523,"Works mainly at an offshore installation, in no fixed place, or outside the UK",230,129,101
E01003523,Works mainly from home,163,52,111
E01003524,10km to less than 20km,143,199,-56
E01003524,20km to less than 30km,23,49,-26
E01003524,2km to less than 5km,89,108,-19
E01003524,30km to less than 40km,3,4,-1
E01003524,40km to less than 60km,5,7,-2
E01003524,5km to less than 10km,109,155,-46
E01003524,60km and over,13,11,2
E01003524,Less than 2km,91,103,-12
E01003524,"Works mainly at an offshore installation, in no fixed place, or outside the UK",158,110,48
E01003524,Works mainly from home,138,48,90
E01003525,10km to less than 20km,134,217,-83
E01003525,20km to less than 30km,27,27,0
E01003525,2km to less than 5km,100,104,-4
E01003525,30km to less than 40km,9,11,-2
E01003525,40km to less than 60km,7,10,-3
E01003525,5km to less than 10km,111,156,-45
E01003525,60km and over,9,16,-7
E01003525,Less than 2km,104,120,-16
E01003525,"Works mainly at an offshore installation, in no fixed place, or outside the UK",150,125,25
E01003525,Works mainly from home,160,66,94
E01003526,10km to less than 20km,116,177,-61
E01003526,20km to less than 30km,20,30,-10
E01003526,2km to less than 5km,78,101,-23
E01003526,30km to less than 40km,6,3,3
E01003526,40km to less than 60km,8,10,-2
E01003526,5km to less than 10km,98,129,-31
E01003526,60km and over,4,10,-6
E01003526,Less than 2km,97,127,-30
E01003526,"Works mainly at an offshore installation, in no fixed place, or outside the UK",137,76,61
E01003526,Works mainly from home,171,56,115
E01003527,10km to less than 20km,107,217,-110
E01003527,20km to less than 30km,14,19,-5
E01003527,2km to less than 5km,85,102,-17
E01003527,30km to less than 40km,9,10,-1
E01003527,40km to less than 60km,7,11,-4
E01003527,5km to less than 10km,112,136,-24
E01003527,60km and over,5,16,-11
E01003527,Less than 2km,102,96,6
E01003527,"Works mainly at an offshore installation, in no fixed place, or outside the UK",145,104,41
E01003527,Works mainly from home,212,47,165
E01003528,10km to less than 20km,102,121,-19
E01003528,20km to less than 30km,7,24,-17
E01003528,2km to less than 5km,80,70,10
E01003528,30km to less than 40km,5,6,-1
E01003528,40km to less than 60km,8,5,3
E01003528,5km to less than 10km,69,81,-12
E01003528,60km and over,5,4,1
E01003528,Less than 2km,58,59,-1
E01003528,"Works mainly at an offshore installation, in no fixed place, or outside the UK",87,63,24
E01003528,Works mainly from home,67,33,34
E01003529,10km to less than 20km,178,268,-90
E01003529,20km to less than 30km,27,36,-9
E01003529,2km to less than 5km,129,133,-4
E01003529,30km to less than 40km,5,5,0
E01003529,40km to less than 60km,4,13,-9
E01003529,5km to less than 10km,146,178,-32
E01003529,60km and over,11,17,-6
E01003529,Less than 2km,127,144,-17
E01003529,"Works mainly at an offshore installation, in no fixed place, or outside the UK",180,112,68
E01003529,Works mainly from home,234,102,132
E01003530,10km to less than 20km,142,203,-61
E01003530,20km to less than 30km,19,50,-31
E01003530,2km to less than 5km,89,87,2
E01003530,30km to less than 40km,9,6,3
E01003530,40km to less than 60km,6,15,-9
E01003530,5km to less than 10km,114,107,7
E01003530,60km and over,11,14,-3
E01003530,Less than 2km,90,116,-26
E01003530,"Works mainly at an offshore installation, in no fixed place, or outside the UK",174,106,68
E01003530,Works mainly from home,195,40,155
E01003531,10km to less than 20km,162,209,-47
E01003531,20km to less than 30km,18,40,-22
E01003531,2km to less than 5km,107,82,25
E01003531,30km to less than 40km,5,13,-8
E01003531,40km to less than 60km,8,9,-1
E01003531,5km to less than 10km,119,134,-15
E01003531,60km and over,9,7,2
E01003531,Less than 2km,112,128,-16
E01003531,"Works mainly at an offshore installation, in no fixed place, or outside the UK",154,122,32
E01003531,Works mainly from home,178,85,93
E01003532,10km to less than 20km,183,228,-45
E01003532,20km to less than 30km,20,40,-20
E01003532,2km to less than 5km,128,106,22
E01003532,30km to less than 40km,8,14,-6
E01003532,40km to less than 60km,5,10,-5
E01003532,5km to less than 10km,166,134,32
E01003532,60km and over,13,14,-1
E01003532,Less than 2km,140,126,14
E01003532,"Works mainly at an offshore installation, in no fixed place, or outside the UK",220,92,128
E01003532,Works mainly from home,197,58,139
E01003533,10km to less than 20km,108,179,-71
E01003533,20km to less than 30km,26,29,-3
E01003533,2km to less than 5km,117,102,15
E01003533,30km to less than 40km,2,7,-5
E01003533,40km to less than 60km,4,9,-5
E01003533,5km to less than 10km,146,134,12
E01003533,60km and over,7,15,-8
E01003533,Less than 2km,96,132,-36
E01003533,"Works mainly at an offshore installation, in no fixed place, or outside the UK",154,109,45
E01003533,Works mainly from home,183,48,135
E01003534,10km to less than 20km,145,261,-116
E01003534,20km to less than 30km,26,26,0
E01003534,2km to less than 5km,127,103,24
E01003534,30km to less than 40km,8,9,-1
E01003534,40km to less than 60km,3,8,-5
E01003534,5km to less than 10km,116,169,-53
E01003534,60km and over,10,11,-1
E01003534,Less than 2km,109,110,-1
E01003534,"Works mainly at an offshore installation, in no fixed place, or outside the UK",173,138,35
E01003534,Works mainly from home,187,68,119
E01003535,10km to less than 20km,110,150,-40
E01003535,20km to less than 30km,15,18,-3
E01003535,2km to less than 5km,76,105,-29
E01003535,30km to less than 40km,6,7,-1
E01003535,40km to less than 60km,6,7,-1
E01003535,5km to less than 10km,78,82,-4
E01003535,60km and over,3,9,-6
E01003535,Less than 2km,68,74,-6
E01003535,"Works mainly at an offshore installation, in no fixed place, or outside the UK",144,82,62
E01003535,Works mainly from home,138,49,89
E01003536,10km to less than 20km,169,220,-51
E01003536,20km to less than 30km,15,36,-21
E01003536,2km to less than 5km,98,106,-8
E01003536,30km to less than 40km,8,6,2
E01003536,40km to less than 60km,4,12,-8
E01003536,5km to less than 10km,104,106,-2
E01003536,60km and over,12,10,2
E01003536,Less than 2km,83,85,-2
E01003536,"Works mainly at an offshore installation, in no fixed place, or outside the UK",195,111,84
E01003536,Works mainly from home,182,55,127
E01003537,10km to less than 20km,158,198,-40
E01003537,20km to less than 30km,12,35,-23
E01003537,2km to less than 5km,94,123,-29
E01003537,30km to less than 40km,8,11,-3
E01003537,40km to less than 60km,3,4,-1
E01003537,5km to less than 10km,137,169,-32
E01003537,60km and over,14,13,1
E01003537,Less than 2km,85,128,-43
E01003537,"Works mainly at an offshore installation, in no fixed place, or outside the UK",219,155,64
E01003537,Works mainly from home,203,62,141
E01003538,10km to less than 20km,151,192,-41
E01003538,20km to less than 30km,20,25,-5
E01003538,2km to less than 5km,115,116,-1
E01003538,30km to less than 40km,3,8,-5
E01003538,40km to less than 60km,6,5,1
E01003538,5km to less than 10km,115,163,-48
E01003538,60km and over,13,15,-2
E01003538,Less than 2km,84,103,-19
E01003538,"Works mainly at an offshore installation, in no fixed place, or outside the UK",200,106,94
E01003538,Works mainly from home,183,49,134
E01003539,10km to less than 20km,186,205,-19
E01003539,20km to less than 30km,22,30,-8
E01003539,2km to less than 5km,144,159,-15
E01003539,30km to less than 40km,6,7,-1
E01003539,40km to less than 60km,8,10,-2
E01003539,5km to less than 10km,138,160,-22
E01003539,60km and over,10,14,-4
E01003539,Less than 2km,99,131,-32
E01003539,"Works mainly at an offshore installation, in no fixed place, or outside the UK",306,143,163
E01003539,Works mainly from home,189,65,124
E01003540,10km to less than 20km,143,150,-7
E01003540,20km to less than 30km,14,24,-10
E01003540,2km to less than 5km,105,107,-2
E01003540,30km to less than 40km,4,12,-8
E01003540,40km to less than 60km,7,1,6
E01003540,5km to less than 10km,114,123,-9
E01003540,60km and over,8,17,-9
E01003540,Less than 2km,75,88,-13
E01003540,"Works mainly at an offshore installation, in no fixed place, or outside the UK",191,100,91
E01003540,Works mainly from home,169,50,119
E01003541,10km to less than 20km,138,171,-33
E01003541,20km to less than 30km,28,27,1
E01003541,2km to less than 5km,98,110,-12
E01003541,30km to less than 40km,8,4,4
E01003541,40km to less than 60km,6,7,-1
E01003541,5km to less than 10km,116,146,-30
E01003541,60km and over,4,19,-15
E01003541,Less than 2km,84,94,-10
E01003541,"Works mainly at an offshore installation, in no fixed place, or outside the UK",209,103,106
E01003541,Works mainly from home,174,51,123
E01003542,10km to less than 20km,137,184,-47
E01003542,20km to less than 30km,16,23,-7
E01003542,2km to less than 5km,90,94,-4
E01003542,30km to less than 40km,8,3,5
E01003542,40km to less than 60km,11,4,7
E01003542,5km to less than 10km,141,131,10
E01003542,60km and over,4,15,-11
E01003542,Less than 2km,112,116,-4
E01003542,"Works mainly at an offshore installation, in no fixed place, or outside the UK",178,76,102
E01003542,Works mainly from home,168,36,132
E01003543,10km to less than 20km,141,348,-207
E01003543,20km to less than 30km,30,30,0
E01003543,2km to less than 5km,117,150,-33
E01003543,30km to less than 40km,7,9,-2
E01003543,40km to less than 60km,8,10,-2
E01003543,5km to less than 10km,146,336,-190
E01003543,60km and over,9,23,-14
E01003543,Less than 2km,69,92,-23
E01003543,"Works mainly at an offshore installation, in no fixed place, or outside the UK",215,169,46
E01003543,Works mainly from home,417,72,345
E01003544,10km to less than 20km,127,212,-85
E01003544,20km to less than 30km,19,19,0
E01003544,2km to less than 5km,106,128,-22
E01003544,30km to less than 40km,16,6,10
E01003544,40km to less than 60km,4,5,-1
E01003544,5km to less than 10km,99,182,-83
E01003544,60km and over,10,17,-7
E01003544,Less than 2km,56,74,-18
E01003544,"Works mainly at an offshore installation, in no fixed place, or outside the UK",157,229,-72
E01003544,Works mainly from home,282,49,233
E01003545,10km to less than 20km,123,145,-22
E01003545,20km to less than 30km,16,23,-7
E01003545,2km to less than 5km,123,139,-16
E01003545,30km to less than 40km,8,7,1
E01003545,40km to less than 60km,7,3,4
E01003545,5km to less than 10km,136,177,-41
E01003545,60km and over,6,13,-7
E01003545,Less than 2km,63,64,-1
E01003545,"Works mainly at an offshore installation, in no fixed place, or outside the UK",231,130,101
E01003545,Works mainly from home,206,67,139
E01003546,10km to less than 20km,111,184,-73
E01003546,20km to less than 30km,17,43,-26
E01003546,2km to less than 5km,129,126,3
E01003546,30km to less than 40km,10,7,3
E01003546,40km to less than 60km,4,3,1
E01003546,5km to less than 10km,138,179,-41
E01003546,60km and over,3,11,-8
E01003546,Less than 2km,59,87,-28
E01003546,"Works mainly at an offshore installation, in no fixed place, or outside the UK",174,126,48
E01003546,Works mainly from home,206,27,179
E01003547,10km to less than 20km,114,227,-113
E01003547,20km to less than 30km,14,36,-22
E01003547,2km to less than 5km,99,147,-48
E01003547,30km to less than 40km,6,12,-6
E01003547,40km to less than 60km,3,10,-7
E01003547,5km to less than 10km,120,217,-97
E01003547,60km and over,3,8,-5
E01003547,Less than 2km,50,83,-33
E01003547,"Works mainly at an offshore installation, in no fixed place, or outside the UK",197,109,88
E01003547,Works mainly from home,369,91,278
E01003548,10km to less than 20km,144,225,-81
E01003548,20km to less than 30km,15,49,-34
E01003548,2km to less than 5km,98,150,-52
E01003548,30km to less than 40km,4,11,-7
E01003548,40km to less than 60km,8,6,2
E01003548,5km to less than 10km,222,258,-36
E01003548,60km and over,21,18,3
E01003548,Less than 2km,112,93,19
E01003548,"Works mainly at an offshore installation, in no fixed place, or outside the UK",277,266,11
E01003548,Works mainly from home,291,78,213
E01003549,10km to less than 20km,149,240,-91
E01003549,20km to less than 30km,12,28,-16
E01003549,2km to less than 5km,99,130,-31
E01003549,30km to less than 40km,3,5,-2
E01003549,40km to less than 60km,7,8,-1
E01003549,5km to less than 10km,182,268,-86
E01003549,60km and over,12,19,-7
E01003549,Less than 2km,104,68,36
E01003549,"Works mainly at an offshore installation, in no fixed place, or outside the UK",205,201,4
E01003549,Works mainly from home,298,73,225
E01003550,10km to less than 20km,97,186,-89
E01003550,20km to less than 30km,17,21,-4
E01003550,2km to less than 5km,123,119,4
E01003550,30km to less than 40km,2,5,-3
E01003550,40km to less than 60km,2,3,-1
E01003550,5km to less than 10km,129,192,-63
E01003550,60km and over,10,20,-10
E01003550,Less than 2km,49,57,-8
E01003550,"Works mainly at an offshore installation, in no fixed place, or outside the UK",150,124,26
E01003550,Works mainly from home,248,64,184
E01003551,10km to less than 20km,111,193,-82
E01003551,20km to less than 30km,8,30,-22
E01003551,2km to less than 5km,80,118,-38
E01003551,30km to less than 40km,9,4,5
E01003551,40km to less than 60km,3,7,-4
E01003551,5km to less than 10km,138,187,-49
E01003551,60km and over,10,15,-5
E01003551,Less than 2km,93,65,28
E01003551,"Works mainly at an offshore installation, in no fixed place, or outside the UK",232,152,80
E01003551,Works mainly from home,221,41,180
E01003552,10km to less than 20km,94,155,-61
E01003552,20km to less than 30km,6,20,-14
E01003552,2km to less than 5km,77,90,-13
E01003552,30km to less than 40km,7,9,-2
E01003552,40km to less than 60km,0,6,-6
E01003552,5km to less than 10km,117,132,-15
E01003552,60km and over,4,8,-4
E01003552,Less than 2km,62,92,-30
E01003552,"Works mainly at an offshore installation, in no fixed place, or outside the UK",164,154,10
E01003552,Works mainly from home,190,47,143
E01003553,10km to less than 20km,132,177,-45
E01003553,20km to less than 30km,14,18,-4
E01003553,2km to less than 5km,94,152,-58
E01003553,30km to less than 40km,2,5,-3
E01003553,40km to less than 60km,5,7,-2
E01003553,5km to less than 10km,149,219,-70
E01003553,60km and over,11,12,-1
E01003553,Less than 2km,86,80,6
E01003553,"Works mainly at an offshore installation, in no fixed place, or outside the UK",191,142,49
E01003553,Works mainly from home,213,50,163
E01003554,10km to less than 20km,100,227,-127
E01003554,20km to less than 30km,11,15,-4
E01003554,2km to less than 5km,110,137,-27
E01003554,30km to less than 40km,6,9,-3
E01003554,40km to less than 60km,8,4,4
E01003554,5km to less than 10km,159,272,-113
E01003554,60km and over,15,15,0
E01003554,Less than 2km,79,78,1
E01003554,"Works mainly at an offshore installation, in no fixed place, or outside the UK",217,204,13
E01003554,Works mainly from home,320,56,264
E01003555,10km to less than 20km,97,169,-72
E01003555,20km to less than 30km,11,27,-16
E01003555,2km to less than 5km,102,127,-25
E01003555,30km to less than 40km,5,4,1
E01003555,40km to less than 60km,0,9,-9
E01003555,5km to less than 10km,131,213,-82
E01003555,60km and over,5,9,-4
E01003555,Less than 2km,56,56,0
E01003555,"Works mainly at an offshore installation, in no fixed place, or outside the UK",155,124,31
E01003555,Works mainly from home,261,69,192
E01003556,10km to less than 20km,98,180,-82
E01003556,20km to less than 30km,12,22,-10
E01003556,2km to less than 5km,102,114,-12
E01003556,30km to less than 40km,7,12,-5
E01003556,40km to less than 60km,3,3,0
E01003556,5km to less than 10km,148,163,-15
E01003556,60km and over,8,8,0
E01003556,Less than 2km,62,81,-19
E01003556,"Works mainly at an offshore installation, in no fixed place, or outside the UK",149,118,31
E01003556,Works mainly from home,145,69,76
E01003557,10km to less than 20km,96,188,-92
E01003557,20km to less than 30km,17,19,-2
E01003557,2km to less than 5km,112,129,-17
E01003557,30km to less than 40km,11,3,8
E01003557,40km to less than 60km,6,13,-7
E01003557,5km to less than 10km,152,247,-95
E01003557,60km and over,12,20,-8
E01003557,Less than 2km,88,95,-7
E01003557,"Works mainly at an offshore installation, in no fixed place, or outside the UK",195,173,22
E01003557,Works mainly from home,208,63,145
E01003558,10km to less than 20km,108,159,-51
E01003558,20km to less than 30km,19,25,-6
E01003558,2km to less than 5km,85,83,2
E01003558,30km to less than 40km,10,4,6
E01003558,40km to less than 60km,9,3,6
E01003558,5km to less than 10km,123,120,3
E01003558,60km and over,5,10,-5
E01003558,Less than 2km,80,67,13
E01003558,"Works mainly at an offshore installation, in no fixed place, or outside the UK",149,106,43
E01003558,Works mainly from home,123,48,75
E01003559,10km to less than 20km,154,350,-196
E01003559,20km to less than 30km,20,37,-17
E01003559,2km to less than 5km,115,202,-87
E01003559,30km to less than 40km,11,13,-2
E01003559,40km to less than 60km,6,10,-4
E01003559,5km to less than 10km,230,438,-208
E01003559,60km and over,12,15,-3
E01003559,Less than 2km,107,105,2
E01003559,"Works mainly at an offshore installation, in no fixed place, or outside the UK",260,240,20
E01003559,Works mainly from home,451,99,352
E01003560,10km to less than 20km,107,165,-58
E01003560,20km to less than 30km,13,20,-7
E01003560,2km to less than 5km,98,87,11
E01003560,30km to less than 40km,10,4,6
E01003560,40km to less than 60km,1,6,-5
E01003560,5km to less than 10km,121,134,-13
E01003560,60km and over,5,16,-11
E01003560,Less than 2km,63,97,-34
E01003560,"Works mainly at an offshore installation, in no fixed place, or outside the UK",117,134,-17
E01003560,Works mainly from home,147,50,97
E01003561,10km to less than 20km,107,163,-56
E01003561,20km to less than 30km,11,29,-18
E01003561,2km to less than 5km,100,116,-16
E01003561,30km to less than 40km,12,10,2
E01003561,40km to less than 60km,2,7,-5
E01003561,5km to less than 10km,107,155,-48
E01003561,60km and over,5,14,-9
E01003561,Less than 2km,74,118,-44
E01003561,"Works mainly at an offshore installation, in no fixed place, or outside the UK",133,110,23
E01003561,Works mainly from home,154,57,97
E01003562,10km to less than 20km,124,193,-69
E01003562,20km to less than 30km,20,24,-4
E01003562,2km to less than 5km,106,124,-18
E01003562,30km to less than 40km,8,14,-6
E01003562,40km to less than 60km,5,7,-2
E01003562,5km to less than 10km,171,185,-14
E01003562,60km and over,5,17,-12
E01003562,Less than 2km,108,123,-15
E01003562,"Works mainly at an offshore installation, in no fixed place, or outside the UK",182,162,20
E01003562,Works mainly from home,173,86,87
E01003563,10km to less than 20km,142,197,-55
E01003563,20km to less than 30km,19,33,-14
E01003563,2km to less than 5km,111,88,23
E01003563,30km to less than 40km,8,12,-4
E01003563,40km to less than 60km,4,8,-4
E01003563,5km to less than 10km,144,108,36
E01003563,60km and over,12,13,-1
E01003563,Less than 2km,94,101,-7
E01003563,"Works mainly at an offshore installation, in no fixed place, or outside the UK",218,133,85
E01003563,Works mainly from home,192,57,135
E01003564,10km to less than 20km,172,247,-75
E01003564,20km to less than 30km,29,60,-31
E01003564,2km to less than 5km,134,128,6
E01003564,30km to less than 40km,4,8,-4
E01003564,40km to less than 60km,5,10,-5
E01003564,5km to less than 10km,143,215,-72
E01003564,60km and over,8,20,-12
E01003564,Less than 2km,103,117,-14
E01003564,"Works mainly at an offshore installation, in no fixed place, or outside the UK",195,160,35
E01003564,Works mainly from home,183,81,102
E01003565,10km to less than 20km,113,189,-76
E01003565,20km to less than 30km,24,29,-5
E01003565,2km to less than 5km,84,92,-8
E01003565,30km to less than 40km,4,10,-6
E01003565,40km to less than 60km,9,4,5
E01003565,5km to less than 10km,101,144,-43
E01003565,60km and over,19,12,7
E01003565,Less than 2km,116,95,21
E01003565,"Works mainly at an offshore installation, in no fixed place, or outside the UK",173,107,66
E01003565,Works mainly from home,166,50,116
E01003566,10km to less than 20km,97,148,-51
E01003566,20km to less than 30km,23,18,5
E01003566,2km to less than 5km,78,88,-10
E01003566,30km to less than 40km,4,9,-5
E01003566,40km to less than 60km,8,4,4
E01003566,5km to less than 10km,105,145,-40
E01003566,60km and over,10,17,-7
E01003566,Less than 2km,64,105,-41
E01003566,"Works mainly at an offshore installation, in no fixed place, or outside the UK",171,112,59
E01003566,Works mainly from home,106,62,44
E01003567,10km to less than 20km,124,165,-41
E01003567,20km to less than 30km,27,18,9
E01003567,2km to less than 5km,115,97,18
E01003567,30km to less than 40km,12,4,8
E01003567,40km to less than 60km,5,5,0
E01003567,5km to less than 10km,128,129,-1
E01003567,60km and over,5,14,-9
E01003567,Less than 2km,75,98,-23
E01003567,"Works mainly at an offshore installation, in no fixed place, or outside the UK",158,133,25
E01003567,Works mainly from home,151,63,88
E01003568,10km to less than 20km,175,212,-37
E01003568,20km to less than 30km,25,37,-12
E01003568,2km to less than 5km,129,135,-6
E01003568,30km to less than 40km,9,6,3
E01003568,40km to less than 60km,5,8,-3
E01003568,5km to less than 10km,161,180,-19
E01003568,60km and over,9,14,-5
E01003568,Less than 2km,129,152,-23
E01003568,"Works mainly at an offshore installation, in no fixed place, or outside the UK",202,124,78
E01003568,Works mainly from home,208,69,139
E01003569,10km to less than 20km,159,172,-13
E01003569,20km to less than 30km,16,28,-12
E01003569,2km to less than 5km,161,101,60
E01003569,30km to less than 40km,8,7,1
E01003569,40km to less than 60km,2,7,-5
E01003569,5km to less than 10km,171,167,4
E01003569,60km and over,13,8,5
E01003569,Less than 2km,122,93,29
E01003569,"Works mainly at an offshore installation, in no fixed place, or outside the UK",322,125,197
E01003569,Works mainly from home,163,66,97
E01003570,10km to less than 20km,109,185,-76
E01003570,20km to less than 30km,12,33,-21
E01003570,2km to less than 5km,99,103,-4
E01003570,30km to less than 40km,9,9,0
E01003570,40km to less than 60km,2,11,-9
E01003570,5km to less than 10km,139,169,-30
E01003570,60km and over,14,17,-3
E01003570,Less than 2km,94,104,-10
E01003570,"Works mainly at an offshore installation, in no fixed place, or outside the UK",160,148,12
E01003570,Works mainly from home,162,44,118
E01003571,10km to less than 20km,123,190,-67
E01003571,20km to less than 30km,32,26,6
E01003571,2km to less than 5km,115,120,-5
E01003571,30km to less than 40km,1,12,-11
E01003571,40km to less than 60km,9,6,3
E01003571,5km to less than 10km,133,173,-40
E01003571,60km and over,13,13,0
E01003571,Less than 2km,105,120,-15
E01003571,"Works mainly at an offshore installation, in no fixed place, or outside the UK",151,120,31
E01003571,Works mainly from home,157,55,102
E01003572,10km to less than 20km,94,108,-14
E01003572,20km to less than 30km,14,23,-9
E01003572,2km to less than 5km,95,123,-28
E01003572,30km to less than 40km,4,9,-5
E01003572,40km to less than 60km,5,8,-3
E01003572,5km to less than 10km,123,120,3
E01003572,60km and over,9,5,4
E01003572,Less than 2km,79,123,-44
E01003572,"Works mainly at an offshore installation, in no fixed place, or outside the UK",131,88,43
E01003572,Works mainly from home,151,45,106
E01003573,10km to less than 20km,140,214,-74
E01003573,20km to less than 30km,17,37,-20
E01003573,2km to less than 5km,101,120,-19
E01003573,30km to less than 40km,7,13,-6
E01003573,40km to less than 60km,4,8,-4
E01003573,5km to less than 10km,119,152,-33
E01003573,60km and over,4,8,-4
E01003573,Less than 2km,108,118,-10
E01003573,"Works mainly at an offshore installation, in no fixed place, or outside the UK",207,112,95
E01003573,Works mainly from home,185,66,119
E01003574,10km to less than 20km,117,245,-128
E01003574,20km to less than 30km,29,34,-5
E01003574,2km to less than 5km,145,149,-4
E01003574,30km to less than 40km,10,16,-6
E01003574,40km to less than 60km,0,9,-9
E01003574,5km to less than 10km,162,219,-57
E01003574,60km and over,5,14,-9
E01003574,Less than 2km,105,152,-47
E01003574,"Works mainly at an offshore installation, in no fixed place, or outside the UK",216,144,72
E01003574,Works mainly from home,226,88,138
E01003575,10km to less than 20km,100,137,-37
E01003575,20km to less than 30km,13,36,-23
E01003575,2km to less than 5km,74,100,-26
E01003575,30km to less than 40km,6,6,0
E01003575,40km to less than 60km,2,8,-6
E01003575,5km to less than 10km,82,100,-18
E01003575,60km and over,7,14,-7
E01003575,Less than 2km,79,77,2
E01003575,"Works mainly at an offshore installation, in no fixed place, or outside the UK",140,95,45
E01003575,Works mainly from home,146,36,110
E01003576,10km to less than 20km,122,200,-78
E01003576,20km to less than 30km,19,29,-10
E01003576,2km to less than 5km,111,116,-5
E01003576,30km to less than 40km,9,12,-3
E01003576,40km to less than 60km,1,4,-3
E01003576,5km to less than 10km,109,104,5
E01003576,60km and over,9,20,-11
E01003576,Less than 2km,52,52,0
E01003576,"Works mainly at an offshore installation, in no fixed place, or outside the UK",145,81,64
E01003576,Works mainly from home,112,55,57
E01003577,10km to less than 20km,162,146,16
E01003577,20km to less than 30km,23,31,-8
E01003577,2km to less than 5km,121,90,31
E01003577,30km to less than 40km,11,13,-2
E01003577,40km to less than 60km,3,4,-1
E01003577,5km to less than 10km,176,120,56
E01003577,60km and over,10,7,3
E01003577,Less than 2km,70,48,22
E01003577,"Works mainly at an offshore installation, in no fixed place, or outside the UK",161,75,86
E01003577,Works mainly from home,159,31,128
E01003578,10km to less than 20km,136,200,-64
E01003578,20km to less than 30km,14,20,-6
E01003578,2km to less than 5km,93,91,2
E01003578,30km to less than 40km,3,9,-6
E01003578,40km to less than 60km,8,11,-3
E01003578,5km to less than 10km,113,119,-6
E01003578,60km and over,13,16,-3
E01003578,Less than 2km,56,56,0
E01003578,"Works mainly at an offshore installation, in no fixed place, or outside the UK",187,174,13
E01003578,Works mainly from home,137,62,75
E01003579,10km to less than 20km,111,176,-65
E01003579,20km to less than 30km,14,18,-4
E01003579,2km to less than 5km,106,103,3
E01003579,30km to less than 40km,5,5,0
E01003579,40km to less than 60km,3,8,-5
E01003579,5km to less than 10km,102,114,-12
E01003579,60km and over,6,19,-13
E01003579,Less than 2km,52,80,-28
E01003579,"Works mainly at an offshore installation, in no fixed place, or outside the UK",176,102,74
E01003579,Works mainly from home,141,46,95
E01003580,10km to less than 20km,120,182,-62
E01003580,20km to less than 30km,16,20,-4
E01003580,2km to less than 5km,99,95,4
E01003580,30km to less than 40km,8,6,2
E01003580,40km to less than 60km,3,10,-7
E01003580,5km to less than 10km,104,110,-6
E01003580,60km and over,8,10,-2
E01003580,Less than 2km,75,67,8
E01003580,"Works mainly at an offshore installation, in no fixed place, or outside the UK",195,81,114
E01003580,Works mainly from home,116,41,75
E01003581,10km to less than 20km,96,174,-78
E01003581,20km to less than 30km,15,27,-12
E01003581,2km to less than 5km,94,98,-4
E01003581,30km to less than 40km,5,11,-6
E01003581,40km to less than 60km,2,7,-5
E01003581,5km to less than 10km,97,104,-7
E01003581,60km and over,5,13,-8
E01003581,Less than 2km,61,78,-17
E01003581,"Works mainly at an offshore installation, in no fixed place, or outside the UK",157,116,41
E01003581,Works mainly from home,147,45,102
E01003582,10km to less than 20km,100,153,-53
E01003582,20km to less than 30km,17,29,-12
E01003582,2km to less than 5km,78,65,13
E01003582,30km to less than 40km,6,6,0
E01003582,40km to less than 60km,2,5,-3
E01003582,5km to less than 10km,92,80,12
E01003582,60km and over,7,10,-3
E01003582,Less than 2km,53,65,-12
E01003582,"Works mainly at an offshore installation, in no fixed place, or outside the UK",128,83,45
E01003582,Works mainly from home,102,46,56
E01003583,10km to less than 20km,102,196,-94
E01003583,20km to less than 30km,19,34,-15
E01003583,2km to less than 5km,91,103,-12
E01003583,30km to less than 40km,4,3,1
E01003583,40km to less than 60km,4,6,-2
E01003583,5km to less than 10km,131,118,13
E01003583,60km and over,11,6,5
E01003583,Less than 2km,50,83,-33
E01003583,"Works mainly at an offshore installation, in no fixed place, or outside the UK",186,110,76
E01003583,Works mainly from home,158,53,105
E01003584,10km to less than 20km,112,205,-93
E01003584,20km to less than 30km,12,22,-10
E01003584,2km to less than 5km,103,147,-44
E01003584,30km to less than 40km,8,3,5
E01003584,40km to less than 60km,3,8,-5
E01003584,5km to less than 10km,99,191,-92
E01003584,60km and over,6,7,-1
E01003584,Less than 2km,67,66,1
E01003584,"Works mainly at an offshore installation, in no fixed place, or outside the UK",146,132,14
E01003584,Works mainly from home,293,61,232
E01003585,10km to less than 20km,119,153,-34
E01003585,20km to less than 30km,15,20,-5
E01003585,2km to less than 5km,74,87,-13
E01003585,30km to less than 40km,1,7,-6
E01003585,40km to less than 60km,5,5,0
E01003585,5km to less than 10km,103,113,-10
E01003585,60km and over,5,7,-2
E01003585,Less than 2km,62,80,-18
E01003585,"Works mainly at an offshore installation, in no fixed place, or outside the UK",142,84,58
E01003585,Works mainly from home,143,36,107
E01003586,10km to less than 20km,98,194,-96
E01003586,20km to less than 30km,14,29,-15
E01003586,2km to less than 5km,102,98,4
E01003586,30km to less than 40km,7,6,1
E01003586,40km to less than 60km,5,11,-6
E01003586,5km to less than 10km,113,151,-38
E01003586,60km and over,12,13,-1
E01003586,Less than 2km,83,91,-8
E01003586,"Works mainly at an offshore installation, in no fixed place, or outside the UK",163,93,70
E01003586,Works mainly from home,167,47,120
E01003587,10km to less than 20km,165,294,-129
E01003587,20km to less than 30km,25,28,-3
E01003587,2km to less than 5km,123,135,-12
E01003587,30km to less than 40km,8,17,-9
E01003587,40km to less than 60km,11,4,7
E01003587,5km to less than 10km,125,200,-75
E01003587,60km and over,12,22,-10
E01003587,Less than 2km,71,80,-9
E01003587,"Works mainly at an offshore installation, in no fixed place, or outside the UK",208,193,15
E01003587,Works mainly from home,234,76,158
E01003588,10km to less than 20km,89,167,-78
E01003588,20km to less than 30km,8,19,-11
E01003588,2km to less than 5km,87,75,12
E01003588,30km to less than 40km,3,10,-7
E01003588,40km to less than 60km,3,6,-3
E01003588,5km to less than 10km,75,136,-61
E01003588,60km and over,4,10,-6
E01003588,Less than 2km,73,84,-11
E01003588,"Works mainly at an offshore installation, in no fixed place, or outside the UK",158,117,41
E01003588,Works mainly from home,115,45,70
E01003589,10km to less than 20km,114,170,-56
E01003589,20km to less than 30km,26,23,3
E01003589,2km to less than 5km,90,102,-12
E01003589,30km to less than 40km,4,6,-2
E01003589,40km to less than 60km,4,3,1
E01003589,5km to less than 10km,92,122,-30
E01003589,60km and over,10,10,0
E01003589,Less than 2km,89,83,6
E01003589,"Works mainly at an offshore installation, in no fixed place, or outside the UK",173,137,36
E01003589,Works mainly from home,163,57,106
E01003590,10km to less than 20km,105,168,-63
E01003590,20km to less than 30km,14,19,-5
E01003590,2km to less than 5km,107,101,6
E01003590,30km to less than 40km,3,7,-4
E01003590,40km to less than 60km,4,4,0
E01003590,5km to less than 10km,92,124,-32
E01003590,60km and over,7,12,-5
E01003590,Less than 2km,51,42,9
E01003590,"Works mainly at an offshore installation, in no fixed place, or outside the UK",119,80,39
E01003590,Works mainly from home,162,44,118
E01003591,10km to less than 20km,159,207,-48
E01003591,20km to less than 30km,33,30,3
E01003591,2km to less than 5km,126,127,-1
E01003591,30km to less than 40km,14,4,10
E01003591,40km to less than 60km,9,7,2
E01003591,5km to less than 10km,97,153,-56
E01003591,60km and over,16,13,3
E01003591,Less than 2km,75,74,1
E01003591,"Works mainly at an offshore installation, in no fixed place, or outside the UK",205,131,74
E01003591,Works mainly from home,153,68,85
E01003592,10km to less than 20km,125,231,-106
E01003592,20km to less than 30km,15,13,2
E01003592,2km to less than 5km,106,111,-5
E01003592,30km to less than 40km,3,10,-7
E01003592,40km to less than 60km,12,3,9
E01003592,5km to less than 10km,105,148,-43
E01003592,60km and over,9,12,-3
E01003592,Less than 2km,71,65,6
E01003592,"Works mainly at an offshore installation, in no fixed place, or outside the UK",182,158,24
E01003592,Works mainly from home,212,57,155
E01003593,10km to less than 20km,92,116,-24
E01003593,20km to less than 30km,5,19,-14
E01003593,2km to less than 5km,99,106,-7
E01003593,30km to less than 40km,5,11,-6
E01003593,40km to less than 60km,4,5,-1
E01003593,5km to less than 10km,108,138,-30
E01003593,60km and over,13,9,4
E01003593,Less than 2km,56,66,-10
E01003593,"Works mainly at an offshore installation, in no fixed place, or outside the UK",155,100,55
E01003593,Works mainly from home,165,37,128
E01003594,10km to less than 20km,106,190,-84
E01003594,20km to less than 30km,14,18,-4
E01003594,2km to less than 5km,104,142,-38
E01003594,30km to less than 40km,8,7,1
E01003594,40km to less than 60km,4,5,-1
E01003594,5km to less than 10km,134,150,-16
E01003594,60km and over,14,12,2
E01003594,Less than 2km,56,64,-8
E01003594,"Works mainly at an offshore installation, in no fixed place, or outside the UK",192,109,83
E01003594,Works mainly from home,213,39,174
E01003595,10km to less than 20km,128,167,-39
E01003595,20km to less than 30km,13,14,-1
E01003595,2km to less than 5km,107,97,10
E01003595,30km to less than 40km,3,6,-3
E01003595,40km to less than 60km,1,9,-8
E01003595,5km to less than 10km,147,143,4
E01003595,60km and over,8,7,1
E01003595,Less than 2km,62,62,0
E01003595,"Works mainly at an offshore installation, in no fixed place, or outside the UK",192,101,91
E01003595,Works mainly from home,151,45,106
E01003596,10km to less than 20km,101,144,-43
E01003596,20km to less than 30km,16,9,7
E01003596,2km to less than 5km,114,103,11
E01003596,30km to less than 40km,4,9,-5
E01003596,40km to less than 60km,2,8,-6
E01003596,5km to less than 10km,103,200,-97
E01003596,60km and over,5,7,-2
E01003596,Less than 2km,71,84,-13
E01003596,"Works mainly at an offshore installation, in no fixed place, or outside the UK",134,170,-36
E01003596,Works mainly from home,185,55,130
E01003597,10km to less than 20km,144,153,-9
E01003597,20km to less than 30km,19,12,7
E01003597,2km to less than 5km,111,104,7
E01003597,30km to less than 40km,3,7,-4
E01003597,40km to less than 60km,7,7,0
E01003597,5km to less than 10km,119,128,-9
E01003597,60km and over,10,3,7
E01003597,Less than 2km,76,122,-46
E01003597,"Works mainly at an offshore installation, in no fixed place, or outside the UK",172,97,75
E01003597,Works mainly from home,196,53,143
E01003598,10km to less than 20km,113,139,-26
E01003598,20km to less than 30km,16,14,2
E01003598,2km to less than 5km,101,115,-14
E01003598,30km to less than 40km,5,9,-4
E01003598,40km to less than 60km,6,4,2
E01003598,5km to less than 10km,147,180,-33
E01003598,60km and over,17,5,12
E01003598,Less than 2km,69,79,-10
E01003598,"Works mainly at an offshore installation, in no fixed place, or outside the UK",145,101,44
E01003598,Works mainly from home,162,35,127
E01003599,10km to less than 20km,94,169,-75
E01003599,20km to less than 30km,15,21,-6
E01003599,2km to less than 5km,111,106,5
E01003599,30km to less than 40km,5,4,1
E01003599,40km to less than 60km,2,8,-6
E01003599,5km to less than 10km,105,114,-9
E01003599,60km and over,6,12,-6
E01003599,Less than 2km,55,65,-10
E01003599,"Works mainly at an offshore installation, in no fixed place, or outside the UK",131,101,30
E01003599,Works mainly from home,135,30,105
E01003600,10km to less than 20km,115,172,-57
E01003600,20km to less than 30km,9,27,-18
E01003600,2km to less than 5km,108,130,-22
E01003600,30km to less than 40km,6,6,0
E01003600,40km to less than 60km,6,5,1
E01003600,5km to less than 10km,105,163,-58
E01003600,60km and over,4,8,-4
E01003600,Less than 2km,76,80,-4
E01003600,"Works mainly at an offshore installation, in no fixed place, or outside the UK",158,97,61
E01003600,Works mainly from home,165,42,123
E01003601,10km to less than 20km,119,176,-57
E01003601,20km to less than 30km,19,17,2
E01003601,2km to less than 5km,143,153,-10
E01003601,30km to less than 40km,8,3,5
E01003601,40km to less than 60km,7,6,1
E01003601,5km to less than 10km,149,164,-15
E01003601,60km and over,15,10,5
E01003601,Less than 2km,71,123,-52
E01003601,"Works mainly at an offshore installation, in no fixed place, or outside the UK",198,114,84
E01003601,Works mainly from home,181,59,122
E01003602,10km to less than 20km,165,240,-75
E01003602,20km to less than 30km,16,23,-7
E01003602,2km to less than 5km,108,148,-40
E01003602,30km to less than 40km,9,6,3
E01003602,40km to less than 60km,8,6,2
E01003602,5km to less than 10km,114,183,-69
E01003602,60km and over,8,17,-9
E01003602,Less than 2km,67,98,-31
E01003602,"Works mainly at an offshore installation, in no fixed place, or outside the UK",333,181,152
E01003602,Works mainly from home,202,63,139
E01003603,10km to less than 20km,132,230,-98
E01003603,20km to less than 30km,19,16,3
E01003603,2km to less than 5km,121,111,10
E01003603,30km to less than 40km,13,1,12
E01003603,40km to less than 60km,5,6,-1
E01003603,5km to less than 10km,113,161,-48
E01003603,60km and over,11,9,2
E01003603,Less than 2km,92,102,-10
E01003603,"Works mainly at an offshore installation, in no fixed place, or outside the UK",176,141,35
E01003603,Works mainly from home,189,66,123
E01003604,10km to less than 20km,170,215,-45
E01003604,20km to less than 30km,22,19,3
E01003604,2km to less than 5km,127,145,-18
E01003604,30km to less than 40km,13,12,1
E01003604,40km to less than 60km,7,11,-4
E01003604,5km to less than 10km,130,170,-40
E01003604,60km and over,15,18,-3
E01003604,Less than 2km,123,150,-27
E01003604,"Works mainly at an offshore installation, in no fixed place, or outside the UK",230,183,47
E01003604,Works mainly from home,173,46,127
E01003605,10km to less than 20km,142,208,-66
E01003605,20km to less than 30km,20,23,-3
E01003605,2km to less than 5km,117,136,-19
E01003605,30km to less than 40km,9,12,-3
E01003605,40km to less than 60km,3,7,-4
E01003605,5km to less than 10km,117,145,-28
E01003605,60km and over,12,6,6
E01003605,Less than 2km,83,86,-3
E01003605,"Works mainly at an offshore installation, in no fixed place, or outside the UK",191,144,47
E01003605,Works mainly from home,166,63,103
E01003607,10km to less than 20km,149,183,-34
E01003607,20km to less than 30km,10,22,-12
E01003607,2km to less than 5km,102,124,-22
E01003607,30km to less than 40km,4,4,0
E01003607,40km to less than 60km,3,5,-2
E01003607,5km to less than 10km,136,145,-9
E01003607,60km and over,4,8,-4
E01003607,Less than 2km,75,87,-12
E01003607,"Works mainly at an offshore installation, in no fixed place, or outside the UK",201,136,65
E01003607,Works mainly from home,203,26,177
E01003608,10km to less than 20km,124,233,-109
E01003608,20km to less than 30km,19,23,-4
E01003608,2km to less than 5km,92,182,-90
E01003608,30km to less than 40km,5,8,-3
E01003608,40km to less than 60km,5,7,-2
E01003608,5km to less than 10km,142,176,-34
E01003608,60km and over,5,16,-11
E01003608,Less than 2km,92,91,1
E01003608,"Works mainly at an offshore installation, in no fixed place, or outside the UK",237,161,76
E01003608,Works mainly from home,276,55,221
E01003611,10km to less than 20km,173,205,-32
E01003611,20km to less than 30km,21,25,-4
E01003611,2km to less than 5km,95,71,24
E01003611,30km to less than 40km,9,7,2
E01003611,40km to less than 60km,9,5,4
E01003611,5km to less than 10km,133,161,-28
E01003611,60km and over,17,15,2
E01003611,Less than 2km,51,57,-6
E01003611,"Works mainly at an offshore installation, in no fixed place, or outside the UK",146,89,57
E01003611,Works mainly from home,167,50,117
E01003615,10km to less than 20km,100,158,-58
E01003615,20km to less than 30km,16,18,-2
E01003615,2km to less than 5km,90,98,-8
E01003615,30km to less than 40km,6,6,0
E01003615,40km to less than 60km,3,8,-5
E01003615,5km to less than 10km,124,276,-152
E01003615,60km and over,6,10,-4
E01003615,Less than 2km,76,57,19
E01003615,"Works mainly at an offshore installation, in no fixed place, or outside the UK",209,224,-15
E01003615,Works mainly from home,217,58,159
E01003616,10km to less than 20km,122,183,-61
E01003616,20km to less than 30km,14,15,-1
E01003616,2km to less than 5km,73,90,-17
E01003616,30km to less than 40km,10,11,-1
E01003616,40km to less than 60km,0,10,-10
E01003616,5km to less than 10km,197,284,-87
E01003616,60km and over,21,11,10
E01003616,Less than 2km,98,63,35
E01003616,"Works mainly at an offshore installation, in no fixed place, or outside the UK",187,151,36
E01003616,Works mainly from home,260,62,198
E01003618,10km to less than 20km,137,297,-160
E01003618,20km to less than 30km,22,28,-6
E01003618,2km to less than 5km,126,160,-34
E01003618,30km to less than 40km,9,10,-1
E01003618,40km to less than 60km,1,11,-10
E01003618,5km to less than 10km,184,384,-200
E01003618,60km and over,8,12,-4
E01003618,Less than 2km,91,92,-1
E01003618,"Works mainly at an offshore installation, in no fixed place, or outside the UK",235,199,36
E01003618,Works mainly from home,462,75,387
E01003619,10km to less than 20km,130,212,-82
E01003619,20km to less than 30km,12,22,-10
E01003619,2km to less than 5km,152,165,-13
E01003619,30km to less than 40km,3,13,-10
E01003619,40km to less than 60km,3,9,-6
E01003619,5km to less than 10km,183,421,-238
E01003619,60km and over,11,10,1
E01003619,Less than 2km,71,86,-15
E01003619,"Works mainly at an offshore installation, in no fixed place, or outside the UK",165,156,9
E01003619,Works mainly from home,451,65,386
E01003621,10km to less than 20km,111,173,-62
E01003621,20km to less than 30km,13,36,-23
E01003621,2km to less than 5km,96,76,20
E01003621,30km to less than 40km,4,2,2
E01003621,40km to less than 60km,9,6,3
E01003621,5km to less than 10km,105,105,0
E01003621,60km and over,17,9,8
E01003621,Less than 2km,66,85,-19
E01003621,"Works mainly at an offshore installation, in no fixed place, or outside the UK",158,92,66
E01003621,Works mainly from home,118,53,65
E01003622,10km to less than 20km,111,165,-54
E01003622,20km to less than 30km,30,26,4
E01003622,2km to less than 5km,83,102,-19
E01003622,30km to less than 40km,7,14,-7
E01003622,40km to less than 60km,7,5,2
E01003622,5km to less than 10km,109,83,26
E01003622,60km and over,7,8,-1
E01003622,Less than 2km,69,70,-1
E01003622,"Works mainly at an offshore installation, in no fixed place, or outside the UK",148,89,59
E01003622,Works mainly from home,134,37,97
E01003623,10km to less than 20km,112,162,-50
E01003623,20km to less than 30km,30,16,14
E01003623,2km to less than 5km,102,107,-5
E01003623,30km to less than 40km,8,6,2
E01003623,40km to less than 60km,7,7,0
E01003623,5km to less than 10km,97,97,0
E01003623,60km and over,7,12,-5
E01003623,Less than 2km,67,62,5
E01003623,"Works mainly at an offshore installation, in no fixed place, or outside the UK",172,88,84
E01003623,Works mainly from home,134,48,86
E01003624,10km to less than 20km,91,171,-80
E01003624,20km to less than 30km,20,24,-4
E01003624,2km to less than 5km,86,87,-1
E01003624,30km to less than 40km,10,12,-2
E01003624,40km to less than 60km,9,4,5
E01003624,5km to less than 10km,101,97,4
E01003624,60km and over,8,12,-4
E01003624,Less than 2km,63,72,-9
E01003624,"Works mainly at an offshore installation, in no fixed place, or outside the UK",162,105,57
E01003624,Works mainly from home,144,36,108
E01003625,10km to less than 20km,119,173,-54
E01003625,20km to less than 30km,29,48,-19
E01003625,2km to less than 5km,88,90,-2
E01003625,30km to less than 40km,7,10,-3
E01003625,40km to less than 60km,4,6,-2
E01003625,5km to less than 10km,89,113,-24
E01003625,60km and over,6,12,-6
E01003625,Less than 2km,66,70,-4
E01003625,"Works mainly at an offshore installation, in no fixed place, or outside the UK",190,92,98
E01003625,Works mainly from home,136,50,86
E01003626,10km to less than 20km,128,208,-80
E01003626,20km to less than 30km,27,54,-27
E01003626,2km to less than 5km,109,98,11
E01003626,30km to less than 40km,7,11,-4
E01003626,40km to less than 60km,3,4,-1
E01003626,5km to less than 10km,66,88,-22
E01003626,60km and over,14,16,-2
E01003626,Less than 2km,78,83,-5
E01003626,"Works mainly at an offshore installation, in no fixed place, or outside the UK",201,94,107
E01003626,Works mainly from home,127,46,81
E01003627,10km to less than 20km,109,211,-102
E01003627,20km to less than 30km,18,29,-11
E01003627,2km to less than 5km,93,65,28
E01003627,30km to less than 40km,2,5,-3
E01003627,40km to less than 60km,3,6,-3
E01003627,5km to less than 10km,98,101,-3
E01003627,60km and over,10,18,-8
E01003627,Less than 2km,69,74,-5
E01003627,"Works mainly at an offshore installation, in no fixed place, or outside the UK",139,100,39
E01003627,Works mainly from home,139,58,81
E01003628,10km to less than 20km,110,213,-103
E01003628,20km to less than 30km,33,25,8
E01003628,2km to less than 5km,78,66,12
E01003628,30km to less than 40km,8,10,-2
E01003628,40km to less than 60km,3,12,-9
E01003628,5km to less than 10km,105,115,-10
E01003628,60km and over,13,23,-10
E01003628,Less than 2km,81,86,-5
E01003628,"Works mainly at an offshore installation, in no fixed place, or outside the UK",197,100,97
E01003628,Works mainly from home,140,45,95
E01003629,10km to less than 20km,146,218,-72
E01003629,20km to less than 30km,30,27,3
E01003629,2km to less than 5km,76,83,-7
E01003629,30km to less than 40km,6,6,0
E01003629,40km to less than 60km,7,10,-3
E01003629,5km to less than 10km,123,106,17
E01003629,60km and over,21,16,5
E01003629,Less than 2km,69,86,-17
E01003629,"Works mainly at an offshore installation, in no fixed place, or outside the UK",232,75,157
E01003629,Works mainly from home,135,35,100
E01003630,10km to less than 20km,121,214,-93
E01003630,20km to less than 30km,21,21,0
E01003630,2km to less than 5km,131,119,12
E01003630,30km to less than 40km,11,17,-6
E01003630,40km to less than 60km,2,5,-3
E01003630,5km to less than 10km,125,211,-86
E01003630,60km and over,11,12,-1
E01003630,Less than 2km,80,97,-17
E01003630,"Works mainly at an offshore installation, in no fixed place, or outside the UK",157,138,19
E01003630,Works mainly from home,227,61,166
E01003631,10km to less than 20km,119,199,-80
E01003631,20km to less than 30km,12,26,-14
E01003631,2km to less than 5km,110,138,-28
E01003631,30km to less than 40km,7,12,-5
E01003631,40km to less than 60km,13,3,10
E01003631,5km to less than 10km,152,243,-91
E01003631,60km and over,15,9,6
E01003631,Less than 2km,58,84,-26
E01003631,"Works mainly at an offshore installation, in no fixed place, or outside the UK",164,143,21
E01003631,Works mainly from home,296,50,246
E01003632,10km to less than 20km,200,276,-76
E01003632,20km to less than 30km,20,25,-5
E01003632,2km to less than 5km,151,154,-3
E01003632,30km to less than 40km,8,7,1
E01003632,40km to less than 60km,7,7,0
E01003632,5km to less than 10km,208,243,-35
E01003632,60km and over,16,17,-1
E01003632,Less than 2km,106,107,-1
E01003632,"Works mainly at an offshore installation, in no fixed place, or outside the UK",256,211,45
E01003632,Works mainly from home,321,51,270
E01003633,10km to less than 20km,100,132,-32
E01003633,20km to less than 30km,4,24,-20
E01003633,2km to less than 5km,110,146,-36
E01003633,30km to less than 40km,9,10,-1
E01003633,40km to less than 60km,5,7,-2
E01003633,5km to less than 10km,126,172,-46
E01003633,60km and over,11,7,4
E01003633,Less than 2km,81,70,11
E01003633,"Works mainly at an offshore installation, in no fixed place, or outside the UK",167,98,69
E01003633,Works mainly from home,194,43,151
E01003634,10km to less than 20km,87,181,-94
E01003634,20km to less than 30km,14,12,2
E01003634,2km to less than 5km,104,134,-30
E01003634,30km to less than 40km,3,9,-6
E01003634,40km to less than 60km,7,3,4
E01003634,5km to less than 10km,130,185,-55
E01003634,60km and over,4,13,-9
E01003634,Less than 2km,58,60,-2
E01003634,"Works mainly at an offshore installation, in no fixed place, or outside the UK",149,127,22
E01003634,Works mainly from home,221,33,188
E01003635,10km to less than 20km,142,227,-85
E01003635,20km to less than 30km,14,32,-18
E01003635,2km to less than 5km,89,146,-57
E01003635,30km to less than 40km,2,9,-7
E01003635,40km to less than 60km,3,10,-7
E01003635,5km to less than 10km,127,214,-87
E01003635,60km and over,17,14,3
E01003635,Less than 2km,72,96,-24
E01003635,"Works mainly at an offshore installation, in no fixed place, or outside the UK",272,208,64
E01003635,Works mainly from home,256,62,194
E01003636,10km to less than 20km,125,144,-19
E01003636,20km to less than 30km,13,17,-4
E01003636,2km to less than 5km,133,141,-8
E01003636,30km to less than 40km,14,8,6
E01003636,40km to less than 60km,9,13,-4
E01003636,5km to less than 10km,176,203,-27
E01003636,60km and over,7,16,-9
E01003636,Less than 2km,99,63,36
E01003636,"Works mainly at an offshore installation, in no fixed place, or outside the UK",180,145,35
E01003636,Works mainly from home,253,46,207
E01003637,10km to less than 20km,120,207,-87
E01003637,20km to less than 30km,19,28,-9
E01003637,2km to less than 5km,120,136,-16
E01003637,30km to less than 40km,7,4,3
E01003637,40km to less than 60km,2,5,-3
E01003637,5km to less than 10km,185,210,-25
E01003637,60km and over,6,10,-4
E01003637,Less than 2km,92,83,9
E01003637,"Works mainly at an offshore installation, in no fixed place, or outside the UK",269,175,94
E01003637,Works mainly from home,234,52,182
E01003638,10km to less than 20km,127,206,-79
E01003638,20km to less than 30km,27,32,-5
E01003638,2km to less than 5km,69,95,-26
E01003638,30km to less than 40km,3,9,-6
E01003638,40km to less than 60km,6,5,1
E01003638,5km to less than 10km,81,114,-33
E01003638,60km and over,7,10,-3
E01003638,Less than 2km,54,68,-14
E01003638,"Works mainly at an offshore installation, in no fixed place, or outside the UK",141,89,52
E01003638,Works mainly from home,362,59,303
E01003639,10km to less than 20km,160,225,-65
E01003639,20km to less than 30km,37,41,-4
E01003639,2km to less than 5km,71,92,-21
E01003639,30km to less than 40km,18,10,8
E01003639,40km to less than 60km,10,6,4
E01003639,5km to less than 10km,107,144,-37
E01003639,60km and over,19,11,8
E01003639,Less than 2km,70,78,-8
E01003639,"Works mainly at an offshore installation, in no fixed place, or outside the UK",189,99,90
E01003639,Works mainly from home,338,71,267
E01003640,10km to less than 20km,145,261,-116
E01003640,20km to less than 30km,34,39,-5
E01003640,2km to less than 5km,70,120,-50
E01003640,30km to less than 40km,11,15,-4
E01003640,40km to less than 60km,10,14,-4
E01003640,5km to less than 10km,121,168,-47
E01003640,60km and over,10,5,5
E01003640,Less than 2km,57,55,2
E01003640,"Works mainly at an offshore installation, in no fixed place, or outside the UK",159,91,68
E01003640,Works mainly from home,312,68,244
E01003641,10km to less than 20km,186,245,-59
E01003641,20km to less than 30km,30,44,-14
E01003641,2km to less than 5km,94,79,15
E01003641,30km to less than 40km,11,11,0
E01003641,40km to less than 60km,4,6,-2
E01003641,5km to less than 10km,149,140,9
E01003641,60km and over,3,12,-9
E01003641,Less than 2km,83,90,-7
E01003641,"Works mainly at an offshore installation, in no fixed place, or outside the UK",161,94,67
E01003641,Works mainly from home,315,86,229
E01003642,10km to less than 20km,132,232,-100
E01003642,20km to less than 30km,32,29,3
E01003642,2km to less than 5km,65,89,-24
E01003642,30km to less than 40km,13,12,1
E01003642,40km to less than 60km,3,3,0
E01003642,5km to less than 10km,103,115,-12
E01003642,60km and over,15,17,-2
E01003642,Less than 2km,54,75,-21
E01003642,"Works mainly at an offshore installation, in no fixed place, or outside the UK",159,71,88
E01003642,Works mainly from home,280,58,222
E01003643,10km to less than 20km,171,244,-73
E01003643,20km to less than 30km,35,51,-16
E01003643,2km to less than 5km,60,103,-43
E01003643,30km to less than 40km,12,16,-4
E01003643,40km to less than 60km,3,11,-8
E01003643,5km to less than 10km,166,134,32
E01003643,60km and over,12,10,2
E01003643,Less than 2km,80,77,3
E01003643,"Works mainly at an offshore installation, in no fixed place, or outside the UK",182,75,107
E01003643,Works mainly from home,335,57,278
E01003644,10km to less than 20km,120,221,-101
E01003644,20km to less than 30km,26,27,-1
E01003644,2km to less than 5km,66,74,-8
E01003644,30km to less than 40km,11,7,4
E01003644,40km to less than 60km,4,10,-6
E01003644,5km to less than 10km,93,103,-10
E01003644,60km and over,8,8,0
E01003644,Less than 2km,72,86,-14
E01003644,"Works mainly at an offshore installation, in no fixed place, or outside the UK",134,81,53
E01003644,Works mainly from home,227,53,174
E01003645,10km to less than 20km,193,493,-300
E01003645,20km to less than 30km,41,58,-17
E01003645,2km to less than 5km,91,114,-23
E01003645,30km to less than 40km,14,24,-10
E01003645,40km to less than 60km,9,12,-3
E01003645,5km to less than 10km,161,168,-7
E01003645,60km and over,12,16,-4
E01003645,Less than 2km,89,133,-44
E01003645,"Works mainly at an offshore installation, in no fixed place, or outside the UK",207,145,62
E01003645,Works mainly from home,478,95,383
E01003646,10km to less than 20km,142,241,-99
E01003646,20km to less than 30km,25,30,-5
E01003646,2km to less than 5km,93,112,-19
E01003646,30km to less than 40km,15,9,6
E01003646,40km to less than 60km,3,7,-4
E01003646,5km to less than 10km,128,135,-7
E01003646,60km and over,14,15,-1
E01003646,Less than 2km,45,54,-9
E01003646,"Works mainly at an offshore installation, in no fixed place, or outside the UK",160,87,73
E01003646,Works mainly from home,267,68,199
E01003647,10km to less than 20km,199,325,-126
E01003647,20km to less than 30km,29,38,-9
E01003647,2km to less than 5km,84,78,6
E01003647,30km to less than 40km,12,8,4
E01003647,40km to less than 60km,7,14,-7
E01003647,5km to less than 10km,105,107,-2
E01003647,60km and over,9,14,-5
E01003647,Less than 2km,59,86,-27
E01003647,"Works mainly at an offshore installation, in no fixed place, or outside the UK",123,91,32
E01003647,Works mainly from home,334,56,278
E01003648,10km to less than 20km,106,241,-135
E01003648,20km to less than 30km,21,20,1
E01003648,2km to less than 5km,47,91,-44
E01003648,30km to less than 40km,8,10,-2
E01003648,40km to less than 60km,5,6,-1
E01003648,5km to less than 10km,89,85,4
E01003648,60km and over,9,6,3
E01003648,Less than 2km,28,57,-29
E01003648,"Works mainly at an offshore installation, in no fixed place, or outside the UK",104,78,26
E01003648,Works mainly from home,307,61,246
E01003649,10km to less than 20km,111,270,-159
E01003649,20km to less than 30km,24,34,-10
E01003649,2km to less than 5km,63,85,-22
E01003649,30km to less than 40km,8,6,2
E01003649,40km to less than 60km,3,5,-2
E01003649,5km to less than 10km,108,136,-28
E01003649,60km and over,13,10,3
E01003649,Less than 2km,37,66,-29
E01003649,"Works mainly at an offshore installation, in no fixed place, or outside the UK",103,82,21
E01003649,Works mainly from home,285,60,225
E01003650,10km to less than 20km,91,200,-109
E01003650,20km to less than 30km,18,29,-11
E01003650,2km to less than 5km,69,88,-19
E01003650,30km to less than 40km,6,6,0
E01003650,40km to less than 60km,6,8,-2
E01003650,5km to less than 10km,92,96,-4
E01003650,60km and over,8,11,-3
E01003650,Less than 2km,50,63,-13
E01003650,"Works mainly at an offshore installation, in no fixed place, or outside the UK",148,63,85
E01003650,Works mainly from home,280,60,220
E01003651,10km to less than 20km,101,234,-133
E01003651,20km to less than 30km,24,25,-1
E01003651,2km to less than 5km,72,93,-21
E01003651,30km to less than 40km,11,8,3
E01003651,40km to less than 60km,7,6,1
E01003651,5km to less than 10km,100,133,-33
E01003651,60km and over,11,9,2
E01003651,Less than 2km,30,55,-25
E01003651,"Works mainly at an offshore installation, in no fixed place, or outside the UK",107,80,27
E01003651,Works mainly from home,279,58,221
E01003652,10km to less than 20km,104,267,-163
E01003652,20km to less than 30km,21,36,-15
E01003652,2km to less than 5km,71,89,-18
E01003652,30km to less than 40km,7,5,2
E01003652,40km to less than 60km,5,5,0
E01003652,5km to less than 10km,78,111,-33
E01003652,60km and over,10,8,2
E01003652,Less than 2km,32,73,-41
E01003652,"Works mainly at an offshore installation, in no fixed place, or outside the UK",125,55,70
E01003652,Works mainly from home,316,69,247
E01003653,10km to less than 20km,153,241,-88
E01003653,20km to less than 30km,31,24,7
E01003653,2km to less than 5km,47,76,-29
E01003653,30km to less than 40km,10,7,3
E01003653,40km to less than 60km,4,14,-10
E01003653,5km to less than 10km,97,104,-7
E01003653,60km and over,11,10,1
E01003653,Less than 2km,72,64,8
E01003653,"Works mainly at an offshore installation, in no fixed place, or outside the UK",243,69,174
E01003653,Works mainly from home,289,53,236
E01003654,10km to less than 20km,125,281,-156
E01003654,20km to less than 30km,13,41,-28
E01003654,2km to less than 5km,80,83,-3
E01003654,30km to less than 40km,4,8,-4
E01003654,40km to less than 60km,3,8,-5
E01003654,5km to less than 10km,81,113,-32
E01003654,60km and over,11,13,-2
E01003654,Less than 2km,38,79,-41
E01003654,"Works mainly at an offshore installation, in no fixed place, or outside the UK",146,75,71
E01003654,Works mainly from home,355,51,304
E01003655,10km to less than 20km,146,367,-221
E01003655,20km to less than 30km,15,31,-16
E01003655,2km to less than 5km,59,71,-12
E01003655,30km to less than 40km,10,9,1
E01003655,40km to less than 60km,2,11,-9
E01003655,5km to less than 10km,77,95,-18
E01003655,60km and over,8,8,0
E01003655,Less than 2km,41,59,-18
E01003655,"Works mainly at an offshore installation, in no fixed place, or outside the UK",109,80,29
E01003655,Works mainly from home,439,77,362
E01003656,10km to less than 20km,95,211,-116
E01003656,20km to less than 30km,10,28,-18
E01003656,2km to less than 5km,95,107,-12
E01003656,30km to less than 40km,4,10,-6
E01003656,40km to less than 60km,0,6,-6
E01003656,5km to less than 10km,101,115,-14
E01003656,60km and over,5,6,-1
E01003656,Less than 2km,32,52,-20
E01003656,"Works mainly at an offshore installation, in no fixed place, or outside the UK",146,97,49
E01003656,Works mainly from home,256,57,199
E01003657,10km to less than 20km,150,341,-191
E01003657,20km to less than 30km,23,35,-12
E01003657,2km to less than 5km,113,138,-25
E01003657,30km to less than 40km,10,17,-7
E01003657,40km to less than 60km,5,5,0
E01003657,5km to less than 10km,118,210,-92
E01003657,60km and over,10,11,-1
E01003657,Less than 2km,53,68,-15
E01003657,"Works mainly at an offshore installation, in no fixed place, or outside the UK",208,128,80
E01003657,Works mainly from home,424,94,330
E01003658,10km to less than 20km,119,252,-133
E01003658,20km to less than 30km,10,34,-24
E01003658,2km to less than 5km,63,73,-10
E01003658,30km to less than 40km,8,10,-2
E01003658,40km to less than 60km,7,5,2
E01003658,5km to less than 10km,93,109,-16
E01003658,60km and over,8,10,-2
E01003658,Less than 2km,56,74,-18
E01003658,"Works mainly at an offshore installation, in no fixed place, or outside the UK",167,106,61
E01003658,Works mainly from home,276,69,207
E01003659,10km to less than 20km,176,320,-144
E01003659,20km to less than 30km,21,36,-15
E01003659,2km to less than 5km,81,95,-14
E01003659,30km to less than 40km,5,8,-3
E01003659,40km to less than 60km,5,6,-1
E01003659,5km to less than 10km,99,145,-46
E01003659,60km and over,3,9,-6
E01003659,Less than 2km,45,65,-20
E01003659,"Works mainly at an offshore installation, in no fixed place, or outside the UK",166,97,69
E01003659,Works mainly from home,349,64,285
E01003660,10km to less than 20km,136,354,-218
E01003660,20km to less than 30km,19,47,-28
E01003660,2km to less than 5km,75,109,-34
E01003660,30km to less than 40km,2,8,-6
E01003660,40km to less than 60km,3,4,-1
E01003660,5km to less than 10km,75,120,-45
E01003660,60km and over,2,7,-5
E01003660,Less than 2km,40,97,-57
E01003660,"Works mainly at an offshore installation, in no fixed place, or outside the UK",165,108,57
E01003660,Works mainly from home,411,98,313
E01003661,10km to less than 20km,153,269,-116
E01003661,20km to less than 30km,34,58,-24
E01003661,2km to less than 5km,111,144,-33
E01003661,30km to less than 40km,10,6,4
E01003661,40km to less than 60km,3,8,-5
E01003661,5km to less than 10km,103,115,-12
E01003661,60km and over,25,8,17
E01003661,Less than 2km,65,101,-36
E01003661,"Works mainly at an offshore installation, in no fixed place, or outside the UK",177,98,79
E01003661,Works mainly from home,298,70,228
E01003662,10km to less than 20km,169,293,-124
E01003662,20km to less than 30km,32,63,-31
E01003662,2km to less than 5km,108,140,-32
E01003662,30km to less than 40km,14,5,9
E01003662,40km to less than 60km,4,6,-2
E01003662,5km to less than 10km,88,112,-24
E01003662,60km and over,10,8,2
E01003662,Less than 2km,71,86,-15
E01003662,"Works mainly at an offshore installation, in no fixed place, or outside the UK",223,90,133
E01003662,Works mainly from home,284,63,221
E01003663,10km to less than 20km,89,177,-88
E01003663,20km to less than 30km,42,47,-5
E01003663,2km to less than 5km,86,112,-26
E01003663,30km to less than 40km,9,8,1
E01003663,40km to less than 60km,1,2,-1
E01003663,5km to less than 10km,93,102,-9
E01003663,60km and over,3,9,-6
E01003663,Less than 2km,47,90,-43
E01003663,"Works mainly at an offshore installation, in no fixed place, or outside the UK",134,79,55
E01003663,Works mainly from home,271,57,214
E01003664,10km to less than 20km,144,253,-109
E01003664,20km to less than 30km,41,65,-24
E01003664,2km to less than 5km,89,134,-45
E01003664,30km to less than 40km,16,9,7
E01003664,40km to less than 60km,8,6,2
E01003664,5km to less than 10km,93,111,-18
E01003664,60km and over,4,11,-7
E01003664,Less than 2km,48,88,-40
E01003664,"Works mainly at an offshore installation, in no fixed place, or outside the UK",134,63,71
E01003664,Works mainly from home,270,61,209
E01003665,10km to less than 20km,129,195,-66
E01003665,20km to less than 30km,24,53,-29
E01003665,2km to less than 5km,103,109,-6
E01003665,30km to less than 40km,10,10,0
E01003665,40km to less than 60km,5,8,-3
E01003665,5km to less than 10km,78,119,-41
E01003665,60km and over,9,14,-5
E01003665,Less than 2km,65,89,-24
E01003665,"Works mainly at an offshore installation, in no fixed place, or outside the UK",126,83,43
E01003665,Works mainly from home,248,67,181
E01003666,10km to less than 20km,185,346,-161
E01003666,20km to less than 30km,61,50,11
E01003666,2km to less than 5km,158,173,-15
E01003666,30km to less than 40km,14,18,-4
E01003666,40km to less than 60km,9,9,0
E01003666,5km to less than 10km,143,146,-3
E01003666,60km and over,14,18,-4
E01003666,Less than 2km,98,100,-2
E01003666,"Works mainly at an offshore installation, in no fixed place, or outside the UK",234,101,133
E01003666,Works mainly from home,339,74,265
E01003668,10km to less than 20km,120,426,-306
E01003668,20km to less than 30km,11,35,-24
E01003668,2km to less than 5km,60,78,-18
E01003668,30km to less than 40km,8,15,-7
E01003668,40km to less than 60km,7,8,-1
E01003668,5km to less than 10km,107,157,-50
E01003668,60km and over,11,12,-1
E01003668,Less than 2km,56,53,3
E01003668,"Works mainly at an offshore installation, in no fixed place, or outside the UK",146,71,75
E01003668,Works mainly from home,460,75,385
E01003669,10km to less than 20km,116,388,-272
E01003669,20km to less than 30km,4,19,-15
E01003669,2km to less than 5km,69,73,-4
E01003669,30km to less than 40km,2,13,-11
E01003669,40km to less than 60km,5,5,0
E01003669,5km to less than 10km,69,137,-68
E01003669,60km and over,6,8,-2
E01003669,Less than 2km,39,66,-27
E01003669,"Works mainly at an offshore installation, in no fixed place, or outside the UK",106,76,30
E01003669,Works mainly from home,431,86,345
E01003670,10km to less than 20km,99,305,-206
E01003670,20km to less than 30km,8,23,-15
E01003670,2km to less than 5km,54,86,-32
E01003670,30km to less than 40km,5,4,1
E01003670,40km to less than 60km,3,4,-1
E01003670,5km to less than 10km,74,118,-44
E01003670,60km and over,4,3,1
E01003670,Less than 2km,45,80,-35
E01003670,"Works mainly at an offshore installation, in no fixed place, or outside the UK",94,73,21
E01003670,Works mainly from home,345,69,276
E01003671,10km to less than 20km,91,343,-252
E01003671,20km to less than 30km,8,25,-17
E01003671,2km to less than 5km,37,91,-54
E01003671,30km to less than 40km,12,7,5
E01003671,40km to less than 60km,0,4,-4
E01003671,5km to less than 10km,71,102,-31
E01003671,60km and over,6,8,-2
E01003671,Less than 2km,42,81,-39
E01003671,"Works mainly at an offshore installation, in no fixed place, or outside the UK",92,75,17
E01003671,Works mainly from home,443,100,343
E01003672,10km to less than 20km,137,318,-181
E01003672,20km to less than 30km,13,28,-15
E01003672,2km to less than 5km,50,61,-11
E01003672,30km to less than 40km,6,6,0
E01003672,40km to less than 60km,4,8,-4
E01003672,5km to less than 10km,94,112,-18
E01003672,60km and over,3,10,-7
E01003672,Less than 2km,38,44,-6
E01003672,"Works mainly at an offshore installation, in no fixed place, or outside the UK",113,67,46
E01003672,Works mainly from home,391,56,335
E01003673,10km to less than 20km,145,489,-344
E01003673,20km to less than 30km,12,34,-22
E01003673,2km to less than 5km,75,104,-29
E01003673,30km to less than 40km,6,18,-12
E01003673,40km to less than 60km,2,11,-9
E01003673,5km to less than 10km,125,167,-42
E01003673,60km and over,3,12,-9
E01003673,Less than 2km,57,81,-24
E01003673,"Works mainly at an offshore installation, in no fixed place, or outside the UK",128,82,46
E01003673,Works mainly from home,517,96,421
E01003674,10km to less than 20km,198,611,-413
E01003674,20km to less than 30km,16,26,-10
E01003674,2km to less than 5km,67,104,-37
E01003674,30km to less than 40km,7,21,-14
E01003674,40km to less than 60km,7,5,2
E01003674,5km to less than 10km,114,173,-59
E01003674,60km and over,6,13,-7
E01003674,Less than 2km,57,120,-63
E01003674,"Works mainly at an offshore installation, in no fixed place, or outside the UK",175,134,41
E01003674,Works mainly from home,701,106,595
E01003675,10km to less than 20km,137,252,-115
E01003675,20km to less than 30km,25,30,-5
E01003675,2km to less than 5km,74,99,-25
E01003675,30km to less than 40km,6,12,-6
E01003675,40km to less than 60km,6,5,1
E01003675,5km to less than 10km,135,132,3
E01003675,60km and over,7,18,-11
E01003675,Less than 2km,38,45,-7
E01003675,"Works mainly at an offshore installation, in no fixed place, or outside the UK",107,55,52
E01003675,Works mainly from home,265,72,193
E01003676,10km to less than 20km,120,254,-134
E01003676,20km to less than 30km,25,22,3
E01003676,2km to less than 5km,90,104,-14
E01003676,30km to less than 40km,8,11,-3
E01003676,40km to less than 60km,11,6,5
E01003676,5km to less than 10km,147,165,-18
E01003676,60km and over,9,15,-6
E01003676,Less than 2km,50,41,9
E01003676,"Works mainly at an offshore installation, in no fixed place, or outside the UK",176,66,110
E01003676,Works mainly from home,286,59,227
E01003677,10km to less than 20km,111,190,-79
E01003677,20km to less than 30km,16,15,1
E01003677,2km to less than 5km,89,95,-6
E01003677,30km to less than 40km,9,10,-1
E01003677,40km to less than 60km,6,6,0
E01003677,5km to less than 10km,120,135,-15
E01003677,60km and over,7,8,-1
E01003677,Less than 2km,34,51,-17
E01003677,"Works mainly at an offshore installation, in no fixed place, or outside the UK",134,66,68
E01003677,Works mainly from home,311,81,230
E01003678,10km to less than 20km,122,228,-106
E01003678,20km to less than 30km,22,35,-13
E01003678,2km to less than 5km,77,99,-22
E01003678,30km to less than 40km,13,7,6
E01003678,40km to less than 60km,3,4,-1
E01003678,5km to less than 10km,106,148,-42
E01003678,60km and over,6,16,-10
E01003678,Less than 2km,37,58,-21
E01003678,"Works mainly at an offshore installation, in no fixed place, or outside the UK",107,56,51
E01003678,Works mainly from home,276,92,184
E01003679,10km to less than 20km,120,222,-102
E01003679,20km to less than 30km,24,26,-2
E01003679,2km to less than 5km,86,98,-12
E01003679,30km to less than 40km,13,10,3
E01003679,40km to less than 60km,4,2,2
E01003679,5km to less than 10km,107,174,-67
E01003679,60km and over,12,17,-5
E01003679,Less than 2km,35,61,-26
E01003679,"Works mainly at an offshore installation, in no fixed place, or outside the UK",132,81,51
E01003679,Works mainly from home,283,76,207
E01003680,10km to less than 20km,102,214,-112
E01003680,20km to less than 30km,29,29,0
E01003680,2km to less than 5km,73,101,-28
E01003680,30km to less than 40km,14,9,5
E01003680,40km to less than 60km,4,7,-3
E01003680,5km to less than 10km,119,171,-52
E01003680,60km and over,10,6,4
E01003680,Less than 2km,53,75,-22
E01003680,"Works mainly at an offshore installation, in no fixed place, or outside the UK",111,64,47
E01003680,Works mainly from home,276,87,189
E01003681,10km to less than 20km,132,212,-80
E01003681,20km to less than 30km,29,38,-9
E01003681,2km to less than 5km,96,115,-19
E01003681,30km to less than 40km,3,7,-4
E01003681,40km to less than 60km,10,8,2
E01003681,5km to less than 10km,114,147,-33
E01003681,60km and over,7,9,-2
E01003681,Less than 2km,55,66,-11
E01003681,"Works mainly at an offshore installation, in no fixed place, or outside the UK",133,90,43
E01003681,Works mainly from home,325,82,243
E01003682,10km to less than 20km,122,216,-94
E01003682,20km to less than 30km,13,29,-16
E01003682,2km to less than 5km,92,142,-50
E01003682,30km to less than 40km,13,8,5
E01003682,40km to less than 60km,6,2,4
E01003682,5km to less than 10km,112,175,-63
E01003682,60km and over,2,9,-7
E01003682,Less than 2km,50,54,-4
E01003682,"Works mainly at an offshore installation, in no fixed place, or outside the UK",109,70,39
E01003682,Works mainly from home,315,76,239
E01003683,10km to less than 20km,116,173,-57
E01003683,20km to less than 30km,31,26,5
E01003683,2km to less than 5km,89,102,-13
E01003683,30km to less than 40km,10,12,-2
E01003683,40km to less than 60km,3,9,-6
E01003683,5km to less than 10km,112,126,-14
E01003683,60km and over,7,11,-4
E01003683,Less than 2km,81,101,-20
E01003683,"Works mainly at an offshore installation, in no fixed place, or outside the UK",263,116,147
E01003683,Works mainly from home,190,55,135
E01003684,10km to less than 20km,96,183,-87
E01003684,20km to less than 30km,29,19,10
E01003684,2km to less than 5km,99,93,6
E01003684,30km to less than 40km,11,8,3
E01003684,40km to less than 60km,4,4,0
E01003684,5km to less than 10km,70,112,-42
E01003684,60km and over,9,14,-5
E01003684,Less than 2km,107,89,18
E01003684,"Works mainly at an offshore installation, in no fixed place, or outside the UK",162,84,78
E01003684,Works mainly from home,178,40,138
E01003685,10km to less than 20km,113,158,-45
E01003685,20km to less than 30km,28,33,-5
E01003685,2km to less than 5km,79,102,-23
E01003685,30km to less than 40km,6,6,0
E01003685,40km to less than 60km,2,3,-1
E01003685,5km to less than 10km,120,99,21
E01003685,60km and over,5,6,-1
E01003685,Less than 2km,83,107,-24
E01003685,"Works mainly at an offshore installation, in no fixed place, or outside the UK",178,124,54
E01003685,Works mainly from home,197,50,147
E01003686,10km to less than 20km,110,163,-53
E01003686,20km to less than 30km,24,22,2
E01003686,2km to less than 5km,90,116,-26
E01003686,30km to less than 40km,6,13,-7
E01003686,40km to less than 60km,5,6,-1
E01003686,5km to less than 10km,95,130,-35
E01003686,60km and over,13,15,-2
E01003686,Less than 2km,90,108,-18
E01003686,"Works mainly at an offshore installation, in no fixed place, or outside the UK",176,105,71
E01003686,Works mainly from home,167,61,106
E01003688,10km to less than 20km,98,186,-88
E01003688,20km to less than 30km,16,24,-8
E01003688,2km to less than 5km,63,79,-16
E01003688,30km to less than 40km,5,7,-2
E01003688,40km to less than 60km,3,3,0
E01003688,5km to less than 10km,85,103,-18
E01003688,60km and over,8,12,-4
E01003688,Less than 2km,71,97,-26
E01003688,"Works mainly at an offshore installation, in no fixed place, or outside the UK",133,112,21
E01003688,Works mainly from home,182,59,123
E01003689,10km to less than 20km,130,133,-3
E01003689,20km to less than 30km,35,13,22
E01003689,2km to less than 5km,71,55,16
E01003689,30km to less than 40km,5,8,-3
E01003689,40km to less than 60km,3,5,-2
E01003689,5km to less than 10km,98,96,2
E01003689,60km and over,8,8,0
E01003689,Less than 2km,76,77,-1
E01003689,"Works mainly at an offshore installation, in no fixed place, or outside the UK",152,76,76
E01003689,Works mainly from home,353,63,290
E01003690,10km to less than 20km,173,211,-38
E01003690,20km to less than 30km,31,21,10
E01003690,2km to less than 5km,68,111,-43
E01003690,30km to less than 40km,10,9,1
E01003690,40km to less than 60km,5,8,-3
E01003690,5km to less than 10km,127,120,7
E01003690,60km and over,6,6,0
E01003690,Less than 2km,64,80,-16
E01003690,"Works mainly at an offshore installation, in no fixed place, or outside the UK",165,92,73
E01003690,Works mainly from home,385,75,310
E01003691,10km to less than 20km,106,152,-46
E01003691,20km to less than 30km,15,14,1
E01003691,2km to less than 5km,86,84,2
E01003691,30km to less than 40km,3,8,-5
E01003691,40km to less than 60km,1,8,-7
E01003691,5km to less than 10km,112,116,-4
E01003691,60km and over,3,6,-3
E01003691,Less than 2km,66,79,-13
E01003691,"Works mainly at an offshore installation, in no fixed place, or outside the UK",122,64,58
E01003691,Works mainly from home,204,49,155
E01003692,10km to less than 20km,86,196,-110
E01003692,20km to less than 30km,15,25,-10
E01003692,2km to less than 5km,76,78,-2
E01003692,30km to less than 40km,9,6,3
E01003692,40km to less than 60km,3,4,-1
E01003692,5km to less than 10km,113,132,-19
E01003692,60km and over,8,10,-2
E01003692,Less than 2km,68,68,0
E01003692,"Works mainly at an offshore installation, in no fixed place, or outside the UK",117,81,36
E01003692,Works mainly from home,268,62,206
E01003693,10km to less than 20km,99,176,-77
E01003693,20km to less than 30km,20,24,-4
E01003693,2km to less than 5km,99,134,-35
E01003693,30km to less than 40km,4,12,-8
E01003693,40km to less than 60km,9,3,6
E01003693,5km to less than 10km,103,117,-14
E01003693,60km and over,11,8,3
E01003693,Less than 2km,46,45,1
E01003693,"Works mainly at an offshore installation, in no fixed place, or outside the UK",118,90,28
E01003693,Works mainly from home,253,76,177
E01003694,10km to less than 20km,68,166,-98
E01003694,20km to less than 30km,12,15,-3
E01003694,2km to less than 5km,71,94,-23
E01003694,30km to less than 40km,8,12,-4
E01003694,40km to less than 60km,3,12,-9
E01003694,5km to less than 10km,112,117,-5
E01003694,60km and over,9,6,3
E01003694,Less than 2km,44,63,-19
E01003694,"Works mainly at an offshore installation, in no fixed place, or outside the UK",86,71,15
E01003694,Works mainly from home,221,63,158
E01003695,10km to less than 20km,84,196,-112
E01003695,20km to less than 30km,14,12,2
E01003695,2km to less than 5km,75,86,-11
E01003695,30km to less than 40km,6,8,-2
E01003695,40km to less than 60km,1,5,-4
E01003695,5km to less than 10km,77,87,-10
E01003695,60km and over,5,11,-6
E01003695,Less than 2km,52,100,-48
E01003695,"Works mainly at an offshore installation, in no fixed place, or outside the UK",148,87,61
E01003695,Works mainly from home,184,58,126
E01003696,10km to less than 20km,116,187,-71
E01003696,20km to less than 30km,25,29,-4
E01003696,2km to less than 5km,93,114,-21
E01003696,30km to less than 40km,8,10,-2
E01003696,40km to less than 60km,3,13,-10
E01003696,5km to less than 10km,126,160,-34
E01003696,60km and over,5,9,-4
E01003696,Less than 2km,35,57,-22
E01003696,"Works mainly at an offshore installation, in no fixed place, or outside the UK",168,172,-4
E01003696,Works mainly from home,275,56,219
E01003697,10km to less than 20km,114,214,-100
E01003697,20km to less than 30km,18,27,-9
E01003697,2km to less than 5km,121,134,-13
E01003697,30km to less than 40km,11,15,-4
E01003697,40km to less than 60km,2,6,-4
E01003697,5km to less than 10km,96,134,-38
E01003697,60km and over,10,8,2
E01003697,Less than 2km,40,58,-18
E01003697,"Works mainly at an offshore installation, in no fixed place, or outside the UK",126,83,43
E01003697,Works mainly from home,284,84,200
E01003698,10km to less than 20km,121,210,-89
E01003698,20km to less than 30km,26,24,2
E01003698,2km to less than 5km,73,101,-28
E01003698,30km to less than 40km,5,5,0
E01003698,40km to less than 60km,6,6,0
E01003698,5km to less than 10km,101,102,-1
E01003698,60km and over,5,6,-1
E01003698,Less than 2km,55,80,-25
E01003698,"Works mainly at an offshore installation, in no fixed place, or outside the UK",117,86,31
E01003698,Works mainly from home,264,81,183
E01003699,10km to less than 20km,146,236,-90
E01003699,20km to less than 30km,31,60,-29
E01003699,2km to less than 5km,56,76,-20
E01003699,30km to less than 40km,7,12,-5
E01003699,40km to less than 60km,6,9,-3
E01003699,5km to less than 10km,90,124,-34
E01003699,60km and over,4,12,-8
E01003699,Less than 2km,33,50,-17
E01003699,"Works mainly at an offshore installation, in no fixed place, or outside the UK",160,96,64
E01003699,Works mainly from home,270,71,199
E01003700,10km to less than 20km,192,349,-157
E01003700,20km to less than 30km,36,39,-3
E01003700,2km to less than 5km,119,166,-47
E01003700,30km to less than 40km,25,20,5
E01003700,40km to less than 60km,3,8,-5
E01003700,5km to less than 10km,105,143,-38
E01003700,60km and over,17,6,11
E01003700,Less than 2km,72,112,-40
E01003700,"Works mainly at an offshore installation, in no fixed place, or outside the UK",241,116,125
E01003700,Works mainly from home,389,100,289
E01003701,10km to less than 20km,161,252,-91
E01003701,20km to less than 30km,30,31,-1
E01003701,2km to less than 5km,89,108,-19
E01003701,30km to less than 40km,6,11,-5
E01003701,40km to less than 60km,7,4,3
E01003701,5km to less than 10km,98,133,-35
E01003701,60km and over,4,21,-17
E01003701,Less than 2km,50,66,-16
E01003701,"Works mainly at an offshore installation, in no fixed place, or outside the UK",201,103,98
E01003701,Works mainly from home,325,74,251
E01003702,10km to less than 20km,228,313,-85
E01003702,20km to less than 30km,58,54,4
E01003702,2km to less than 5km,94,86,8
E01003702,30km to less than 40km,16,10,6
E01003702,40km to less than 60km,1,5,-4
E01003702,5km to less than 10km,128,132,-4
E01003702,60km and over,8,8,0
E01003702,Less than 2km,31,37,-6
E01003702,"Works mainly at an offshore installation, in no fixed place, or outside the UK",249,117,132
E01003702,Works mainly from home,405,65,340
E01003703,10km to less than 20km,184,414,-230
E01003703,20km to less than 30km,26,40,-14
E01003703,2km to less than 5km,124,177,-53
E01003703,30km to less than 40km,9,19,-10
E01003703,40km to less than 60km,4,9,-5
E01003703,5km to less than 10km,138,168,-30
E01003703,60km and over,20,24,-4
E01003703,Less than 2km,60,89,-29
E01003703,"Works mainly at an offshore installation, in no fixed place, or outside the UK",184,141,43
E01003703,Works mainly from home,457,138,319
E01003704,10km to less than 20km,151,249,-98
E01003704,20km to less than 30km,34,31,3
E01003704,2km to less than 5km,73,98,-25
E01003704,30km to less than 40km,10,8,2
E01003704,40km to less than 60km,8,3,5
E01003704,5km to less than 10km,111,118,-7
E01003704,60km and over,16,11,5
E01003704,Less than 2km,39,65,-26
E01003704,"Works mainly at an offshore installation, in no fixed place, or outside the UK",230,104,126
E01003704,Works mainly from home,219,50,169
E01003705,10km to less than 20km,196,356,-160
E01003705,20km to less than 30km,39,52,-13
E01003705,2km to less than 5km,98,145,-47
E01003705,30km to less than 40km,12,17,-5
E01003705,40km to less than 60km,9,10,-1
E01003705,5km to less than 10km,134,136,-2
E01003705,60km and over,2,10,-8
E01003705,Less than 2km,90,89,1
E01003705,"Works mainly at an offshore installation, in no fixed place, or outside the UK",213,114,99
E01003705,Works mainly from home,410,105,305
E01003706,10km to less than 20km,127,198,-71
E01003706,20km to less than 30km,20,34,-14
E01003706,2km to less than 5km,74,95,-21
E01003706,30km to less than 40km,9,10,-1
E01003706,40km to less than 60km,4,6,-2
E01003706,5km to less than 10km,75,89,-14
E01003706,60km and over,6,10,-4
E01003706,Less than 2km,42,62,-20
E01003706,"Works mainly at an offshore installation, in no fixed place, or outside the UK",170,87,83
E01003706,Works mainly from home,237,63,174
E01003707,10km to less than 20km,86,164,-78
E01003707,20km to less than 30km,20,24,-4
E01003707,2km to less than 5km,75,93,-18
E01003707,30km to less than 40km,7,7,0
E01003707,40km to less than 60km,2,3,-1
E01003707,5km to less than 10km,96,113,-17
E01003707,60km and over,8,3,5
E01003707,Less than 2km,53,58,-5
E01003707,"Works mainly at an offshore installation, in no fixed place, or outside the UK",125,81,44
E01003707,Works mainly from home,228,58,170
E01003708,10km to less than 20km,153,131,22
E01003708,20km to less than 30km,20,24,-4
E01003708,2km to less than 5km,98,95,3
E01003708,30km to less than 40km,7,7,0
E01003708,40km to less than 60km,4,4,0
E01003708,5km to less than 10km,121,99,22
E01003708,60km and over,11,3,8
E01003708,Less than 2km,42,55,-13
E01003708,"Works mainly at an offshore installation, in no fixed place, or outside the UK",180,66,114
E01003708,Works mainly from home,273,59,214
E01003709,10km to less than 20km,118,201,-83
E01003709,20km to less than 30km,23,37,-14
E01003709,2km to less than 5km,77,100,-23
E01003709,30km to less than 40km,6,10,-4
E01003709,40km to less than 60km,3,5,-2
E01003709,5km to less than 10km,112,117,-5
E01003709,60km and over,8,13,-5
E01003709,Less than 2km,60,82,-22
E01003709,"Works mainly at an offshore installation, in no fixed place, or outside the UK",129,93,36
E01003709,Works mainly from home,265,61,204
E01003710,10km to less than 20km,78,205,-127
E01003710,20km to less than 30km,14,16,-2
E01003710,2km to less than 5km,92,148,-56
E01003710,30km to less than 40km,4,6,-2
E01003710,40km to less than 60km,0,3,-3
E01003710,5km to less than 10km,98,144,-46
E01003710,60km and over,7,10,-3
E01003710,Less than 2km,42,52,-10
E01003710,"Works mainly at an offshore installation, in no fixed place, or outside the UK",103,62,41
E01003710,Works mainly from home,234,72,162
E01003711,10km to less than 20km,125,216,-91
E01003711,20km to less than 30km,31,36,-5
E01003711,2km to less than 5km,70,131,-61
E01003711,30km to less than 40km,8,9,-1
E01003711,40km to less than 60km,12,4,8
E01003711,5km to less than 10km,114,139,-25
E01003711,60km and over,11,7,4
E01003711,Less than 2km,49,84,-35
E01003711,"Works mainly at an offshore installation, in no fixed place, or outside the UK",150,102,48
E01003711,Works mainly from home,278,88,190
E01003712,10km to less than 20km,99,141,-42
E01003712,20km to less than 30km,23,21,2
E01003712,2km to less than 5km,62,76,-14
E01003712,30km to less than 40km,4,6,-2
E01003712,40km to less than 60km,3,3,0
E01003712,5km to less than 10km,69,102,-33
E01003712,60km and over,5,8,-3
E01003712,Less than 2km,33,40,-7
E01003712,"Works mainly at an offshore installation, in no fixed place, or outside the UK",115,59,56
E01003712,Works mainly from home,143,51,92
E01003713,10km to less than 20km,133,192,-59
E01003713,20km to less than 30km,36,37,-1
E01003713,2km to less than 5km,88,111,-23
E01003713,30km to less than 40km,12,11,1
E01003713,40km to less than 60km,8,12,-4
E01003713,5km to less than 10km,81,110,-29
E01003713,60km and over,7,10,-3
E01003713,Less than 2km,53,78,-25
E01003713,"Works mainly at an offshore installation, in no fixed place, or outside the UK",163,75,88
E01003713,Works mainly from home,197,54,143
E01003714,10km to less than 20km,183,265,-82
E01003714,20km to less than 30km,53,34,19
E01003714,2km to less than 5km,91,113,-22
E01003714,30km to less than 40km,16,11,5
E01003714,40km to less than 60km,5,5,0
E01003714,5km to less than 10km,156,126,30
E01003714,60km and over,6,20,-14
E01003714,Less than 2km,91,130,-39
E01003714,"Works mainly at an offshore installation, in no fixed place, or outside the UK",249,100,149
E01003714,Works mainly from home,243,72,171
E01003715,10km to less than 20km,135,227,-92
E01003715,20km to less than 30km,24,31,-7
E01003715,2km to less than 5km,119,115,4
E01003715,30km to less than 40km,7,14,-7
E01003715,40km to less than 60km,0,3,-3
E01003715,5km to less than 10km,94,136,-42
E01003715,60km and over,8,5,3
E01003715,Less than 2km,93,99,-6
E01003715,"Works mainly at an offshore installation, in no fixed place, or outside the UK",237,118,119
E01003715,Works mainly from home,264,41,223
E01003716,10km to less than 20km,118,231,-113
E01003716,20km to less than 30km,21,40,-19
E01003716,2km to less than 5km,84,141,-57
E01003716,30km to less than 40km,9,8,1
E01003716,40km to less than 60km,6,10,-4
E01003716,5km to less than 10km,93,97,-4
E01003716,60km and over,9,14,-5
E01003716,Less than 2km,56,69,-13
E01003716,"Works mainly at an offshore installation, in no fixed place, or outside the UK",137,75,62
E01003716,Works mainly from home,281,61,220
E01003718,10km to less than 20km,132,261,-129
E01003718,20km to less than 30km,36,41,-5
E01003718,2km to less than 5km,72,113,-41
E01003718,30km to less than 40km,10,5,5
E01003718,40km to less than 60km,5,7,-2
E01003718,5km to less than 10km,102,103,-1
E01003718,60km and over,9,11,-2
E01003718,Less than 2km,81,77,4
E01003718,"Works mainly at an offshore installation, in no fixed place, or outside the UK",141,136,5
E01003718,Works mainly from home,295,55,240
E01003719,10km to less than 20km,151,227,-76
E01003719,20km to less than 30km,29,33,-4
E01003719,2km to less than 5km,112,126,-14
E01003719,30km to less than 40km,10,18,-8
E01003719,40km to less than 60km,4,14,-10
E01003719,5km to less than 10km,107,124,-17
E01003719,60km and over,8,16,-8
E01003719,Less than 2km,88,86,2
E01003719,"Works mainly at an offshore installation, in no fixed place, or outside the UK",184,109,75
E01003719,Works mainly from home,274,88,186
E01003720,10km to less than 20km,145,205,-60
E01003720,20km to less than 30km,45,60,-15
E01003720,2km to less than 5km,81,75,6
E01003720,30km to less than 40km,19,14,5
E01003720,40km to less than 60km,6,5,1
E01003720,5km to less than 10km,90,127,-37
E01003720,60km and over,6,11,-5
E01003720,Less than 2km,42,63,-21
E01003720,"Works mainly at an offshore installation, in no fixed place, or outside the UK",208,102,106
E01003720,Works mainly from home,223,52,171
E01003721,10km to less than 20km,139,230,-91
E01003721,20km to less than 30km,49,68,-19
E01003721,2km to less than 5km,69,60,9
E01003721,30km to less than 40km,11,7,4
E01003721,40km to less than 60km,6,5,1
E01003721,5km to less than 10km,95,110,-15
E01003721,60km and over,15,19,-4
E01003721,Less than 2km,40,55,-15
E01003721,"Works mainly at an offshore installation, in no fixed place, or outside the UK",200,75,125
E01003721,Works mainly from home,240,51,189
E01003722,10km to less than 20km,164,220,-56
E01003722,20km to less than 30km,95,84,11
E01003722,2km to less than 5km,91,67,24
E01003722,30km to less than 40km,16,5,11
E01003722,40km to less than 60km,9,5,4
E01003722,5km to less than 10km,137,161,-24
E01003722,60km and over,4,4,0
E01003722,Less than 2km,38,50,-12
E01003722,"Works mainly at an offshore installation, in no fixed place, or outside the UK",252,99,153
E01003722,Works mainly from home,310,63,247
E01003723,10km to less than 20km,140,196,-56
E01003723,20km to less than 30km,67,71,-4
E01003723,2km to less than 5km,79,78,1
E01003723,30km to less than 40km,9,10,-1
E01003723,40km to less than 60km,3,9,-6
E01003723,5km to less than 10km,115,142,-27
E01003723,60km and over,10,10,0
E01003723,Less than 2km,44,64,-20
E01003723,"Works mainly at an offshore installation, in no fixed place, or outside the UK",216,99,117
E01003723,Works mainly from home,239,54,185
E01003724,10km to less than 20km,100,200,-100
E01003724,20km to less than 30km,41,59,-18
E01003724,2km to less than 5km,62,71,-9
E01003724,30km to less than 40km,3,3,0
E01003724,40km to less than 60km,4,11,-7
E01003724,5km to less than 10km,87,109,-22
E01003724,60km and over,10,12,-2
E01003724,Less than 2km,20,36,-16
E01003724,"Works mainly at an offshore installation, in no fixed place, or outside the UK",181,83,98
E01003724,Works mainly from home,238,57,181
E01003725,10km to less than 20km,132,247,-115
E01003725,20km to less than 30km,55,54,1
E01003725,2km to less than 5km,56,66,-10
E01003725,30km to less than 40km,2,3,-1
E01003725,40km to less than 60km,2,3,-1
E01003725,5km to less than 10km,89,118,-29
E01003725,60km and over,15,10,5
E01003725,Less than 2km,43,42,1
E01003725,"Works mainly at an offshore installation, in no fixed place, or outside the UK",184,89,95
E01003725,Works mainly from home,239,46,193
E01003726,10km to less than 20km,221,156,65
E01003726,20km to less than 30km,92,57,35
E01003726,2km to less than 5km,102,72,30
E01003726,30km to less than 40km,17,11,6
E01003726,40km to less than 60km,4,8,-4
E01003726,5km to less than 10km,169,129,40
E01003726,60km and over,11,5,6
E01003726,Less than 2km,35,45,-10
E01003726,"Works mainly at an offshore installation, in no fixed place, or outside the UK",227,73,154
E01003726,Works mainly from home,464,53,411
E01003727,10km to less than 20km,139,198,-59
E01003727,20km to less than 30km,60,59,1
E01003727,2km to less than 5km,75,59,16
E01003727,30km to less than 40km,8,4,4
E01003727,40km to less than 60km,11,3,8
E01003727,5km to less than 10km,105,120,-15
E01003727,60km and over,7,9,-2
E01003727,Less than 2km,47,51,-4
E01003727,"Works mainly at an offshore installation, in no fixed place, or outside the UK",184,102,82
E01003727,Works mainly from home,177,39,138
E01003729,10km to less than 20km,102,146,-44
E01003729,20km to less than 30km,17,29,-12
E01003729,2km to less than 5km,76,70,6
E01003729,30km to less than 40km,8,10,-2
E01003729,40km to less than 60km,5,6,-1
E01003729,5km to less than 10km,73,96,-23
E01003729,60km and over,13,13,0
E01003729,Less than 2km,89,84,5
E01003729,"Works mainly at an offshore installation, in no fixed place, or outside the UK",150,82,68
E01003729,Works mainly from home,157,47,110
E01003730,10km to less than 20km,102,135,-33
E01003730,20km to less than 30km,36,23,13
E01003730,2km to less than 5km,85,63,22
E01003730,30km to less than 40km,4,9,-5
E01003730,40km to less than 60km,3,8,-5
E01003730,5km to less than 10km,128,108,20
E01003730,60km and over,4,7,-3
E01003730,Less than 2km,64,93,-29
E01003730,"Works mainly at an offshore installation, in no fixed place, or outside the UK",124,70,54
E01003730,Works mainly from home,166,36,130
E01003731,10km to less than 20km,81,146,-65
E01003731,20km to less than 30km,30,24,6
E01003731,2km to less than 5km,57,75,-18
E01003731,30km to less than 40km,12,8,4
E01003731,40km to less than 60km,2,2,0
E01003731,5km to less than 10km,100,75,25
E01003731,60km and over,3,4,-1
E01003731,Less than 2km,54,88,-34
E01003731,"Works mainly at an offshore installation, in no fixed place, or outside the UK",109,81,28
E01003731,Works mainly from home,131,33,98
E01003732,10km to less than 20km,126,144,-18
E01003732,20km to less than 30km,20,18,2
E01003732,2km to less than 5km,55,57,-2
E01003732,30km to less than 40km,10,5,5
E01003732,40km to less than 60km,3,3,0
E01003732,5km to less than 10km,99,93,6
E01003732,60km and over,2,7,-5
E01003732,Less than 2km,73,57,16
E01003732,"Works mainly at an offshore installation, in no fixed place, or outside the UK",126,64,62
E01003732,Works mainly from home,117,36,81
E01003733,10km to less than 20km,112,165,-53
E01003733,20km to less than 30km,34,27,7
E01003733,2km to less than 5km,54,78,-24
E01003733,30km to less than 40km,12,6,6
E01003733,40km to less than 60km,3,12,-9
E01003733,5km to less than 10km,87,110,-23
E01003733,60km and over,3,10,-7
E01003733,Less than 2km,82,100,-18
E01003733,"Works mainly at an offshore installation, in no fixed place, or outside the UK",154,103,51
E01003733,Works mainly from home,179,52,127
E01003734,10km to less than 20km,113,165,-52
E01003734,20km to less than 30km,36,28,8
E01003734,2km to less than 5km,81,92,-11
E01003734,30km to less than 40km,6,10,-4
E01003734,40km to less than 60km,2,4,-2
E01003734,5km to less than 10km,105,100,5
E01003734,60km and over,8,9,-1
E01003734,Less than 2km,70,88,-18
E01003734,"Works mainly at an offshore installation, in no fixed place, or outside the UK",173,80,93
E01003734,Works mainly from home,118,58,60
E01003735,10km to less than 20km,142,172,-30
E01003735,20km to less than 30km,25,24,1
E01003735,2km to less than 5km,98,103,-5
E01003735,30km to less than 40km,5,5,0
E01003735,40km to less than 60km,3,5,-2
E01003735,5km to less than 10km,96,118,-22
E01003735,60km and over,4,10,-6
E01003735,Less than 2km,65,84,-19
E01003735,"Works mainly at an offshore installation, in no fixed place, or outside the UK",143,71,72
E01003735,Works mainly from home,161,49,112
E01003736,10km to less than 20km,122,166,-44
E01003736,20km to less than 30km,28,27,1
E01003736,2km to less than 5km,89,72,17
E01003736,30km to less than 40km,11,2,9
E01003736,40km to less than 60km,6,9,-3
E01003736,5km to less than 10km,134,86,48
E01003736,60km and over,10,11,-1
E01003736,Less than 2km,74,94,-20
E01003736,"Works mainly at an offshore installation, in no fixed place, or outside the UK",181,88,93
E01003736,Works mainly from home,143,60,83
E01003737,10km to less than 20km,155,219,-64
E01003737,20km to less than 30km,40,15,25
E01003737,2km to less than 5km,230,134,96
E01003737,30km to less than 40km,3,12,-9
E01003737,40km to less than 60km,6,7,-1
E01003737,5km to less than 10km,95,119,-24
E01003737,60km and over,12,11,1
E01003737,Less than 2km,101,72,29
E01003737,"Works mainly at an offshore installation, in no fixed place, or outside the UK",245,71,174
E01003737,Works mainly from home,371,99,272
E01003738,10km to less than 20km,135,250,-115
E01003738,20km to less than 30km,33,32,1
E01003738,2km to less than 5km,150,182,-32
E01003738,30km to less than 40km,12,11,1
E01003738,40km to less than 60km,11,11,0
E01003738,5km to less than 10km,127,137,-10
E01003738,60km and over,6,18,-12
E01003738,Less than 2km,58,80,-22
E01003738,"Works mainly at an offshore installation, in no fixed place, or outside the UK",221,126,95
E01003738,Works mainly from home,311,67,244
E01003739,10km to less than 20km,137,277,-140
E01003739,20km to less than 30km,46,42,4
E01003739,2km to less than 5km,102,113,-11
E01003739,30km to less than 40km,7,19,-12
E01003739,40km to less than 60km,3,9,-6
E01003739,5km to less than 10km,136,169,-33
E01003739,60km and over,6,16,-10
E01003739,Less than 2km,96,96,0
E01003739,"Works mainly at an offshore installation, in no fixed place, or outside the UK",196,111,85
E01003739,Works mainly from home,280,69,211
E01003740,10km to less than 20km,133,232,-99
E01003740,20km to less than 30km,22,34,-12
E01003740,2km to less than 5km,145,131,14
E01003740,30km to less than 40km,10,14,-4
E01003740,40km to less than 60km,7,10,-3
E01003740,5km to less than 10km,105,113,-8
E01003740,60km and over,3,16,-13
E01003740,Less than 2km,70,117,-47
E01003740,"Works mainly at an offshore installation, in no fixed place, or outside the UK",180,86,94
E01003740,Works mainly from home,299,97,202
E01003741,10km to less than 20km,141,205,-64
E01003741,20km to less than 30km,20,25,-5
E01003741,2km to less than 5km,79,140,-61
E01003741,30km to less than 40km,12,10,2
E01003741,40km to less than 60km,1,11,-10
E01003741,5km to less than 10km,119,118,1
E01003741,60km and over,17,5,12
E01003741,Less than 2km,66,62,4
E01003741,"Works mainly at an offshore installation, in no fixed place, or outside the UK",156,84,72
E01003741,Works mainly from home,238,56,182
E01003742,10km to less than 20km,137,244,-107
E01003742,20km to less than 30km,38,32,6
E01003742,2km to less than 5km,91,93,-2
E01003742,30km to less than 40km,14,13,1
E01003742,40km to less than 60km,5,10,-5
E01003742,5km to less than 10km,127,142,-15
E01003742,60km and over,20,12,8
E01003742,Less than 2km,103,100,3
E01003742,"Works mainly at an offshore installation, in no fixed place, or outside the UK",228,152,76
E01003742,Works mainly from home,243,76,167
E01003743,10km to less than 20km,107,199,-92
E01003743,20km to less than 30km,30,30,0
E01003743,2km to less than 5km,96,79,17
E01003743,30km to less than 40km,8,13,-5
E01003743,40km to less than 60km,4,4,0
E01003743,5km to less than 10km,88,107,-19
E01003743,60km and over,6,8,-2
E01003743,Less than 2km,77,88,-11
E01003743,"Works mainly at an offshore installation, in no fixed place, or outside the UK",175,82,93
E01003743,Works mainly from home,191,56,135
E01003744,10km to less than 20km,99,276,-177
E01003744,20km to less than 30km,17,24,-7
E01003744,2km to less than 5km,36,81,-45
E01003744,30km to less than 40km,6,4,2
E01003744,40km to less than 60km,2,8,-6
E01003744,5km to less than 10km,69,83,-14
E01003744,60km and over,4,8,-4
E01003744,Less than 2km,37,61,-24
E01003744,"Works mainly at an offshore installation, in no fixed place, or outside the UK",90,58,32
E01003744,Works mainly from home,311,90,221
E01003745,10km to less than 20km,104,265,-161
E01003745,20km to less than 30km,12,26,-14
E01003745,2km to less than 5km,55,86,-31
E01003745,30km to less than 40km,3,7,-4
E01003745,40km to less than 60km,4,7,-3
E01003745,5km to less than 10km,51,109,-58
E01003745,60km and over,3,9,-6
E01003745,Less than 2km,34,54,-20
E01003745,"Works mainly at an offshore installation, in no fixed place, or outside the UK",66,60,6
E01003745,Works mainly from home,332,102,230
E01003746,10km to less than 20km,98,307,-209
E01003746,20km to less than 30km,8,10,-2
E01003746,2km to less than 5km,62,84,-22
E01003746,30km to less than 40km,7,3,4
E01003746,40km to less than 60km,6,4,2
E01003746,5km to less than 10km,66,87,-21
E01003746,60km and over,5,4,1
E01003746,Less than 2km,43,64,-21
E01003746,"Works mainly at an offshore installation, in no fixed place, or outside the UK",79,79,0
E01003746,Works mainly from home,357,90,267
E01003747,10km to less than 20km,83,253,-170
E01003747,20km to less than 30km,10,16,-6
E01003747,2km to less than 5km,40,71,-31
E01003747,30km to less than 40km,2,5,-3
E01003747,40km to less than 60km,0,5,-5
E01003747,5km to less than 10km,41,91,-50
E01003747,60km and over,4,10,-6
E01003747,Less than 2km,19,40,-21
E01003747,"Works mainly at an offshore installation, in no fixed place, or outside the UK",44,50,-6
E01003747,Works mainly from home,343,80,263
E01003748,10km to less than 20km,107,297,-190
E01003748,20km to less than 30km,11,14,-3
E01003748,2km to less than 5km,50,85,-35
E01003748,30km to less than 40km,2,2,0
E01003748,40km to less than 60km,1,4,-3
E01003748,5km to less than 10km,61,76,-15
E01003748,60km and over,2,8,-6
E01003748,Less than 2km,43,64,-21
E01003748,"Works mainly at an offshore installation, in no fixed place, or outside the UK",63,52,11
E01003748,Works mainly from home,403,110,293
E01003749,10km to less than 20km,150,377,-227
E01003749,20km to less than 30km,12,28,-16
E01003749,2km to less than 5km,54,79,-25
E01003749,30km to less than 40km,7,5,2
E01003749,40km to less than 60km,0,3,-3
E01003749,5km to less than 10km,79,105,-26
E01003749,60km and over,3,9,-6
E01003749,Less than 2km,35,65,-30
E01003749,"Works mainly at an offshore installation, in no fixed place, or outside the UK",120,103,17
E01003749,Works mainly from home,396,86,310
E01003750,10km to less than 20km,152,384,-232
E01003750,20km to less than 30km,17,27,-10
E01003750,2km to less than 5km,82,94,-12
E01003750,30km to less than 40km,9,9,0
E01003750,40km to less than 60km,4,5,-1
E01003750,5km to less than 10km,86,93,-7
E01003750,60km and over,6,9,-3
E01003750,Less than 2km,44,87,-43
E01003750,"Works mainly at an offshore installation, in no fixed place, or outside the UK",135,65,70
E01003750,Works mainly from home,388,96,292
E01003751,10km to less than 20km,202,295,-93
E01003751,20km to less than 30km,31,34,-3
E01003751,2km to less than 5km,88,94,-6
E01003751,30km to less than 40km,24,12,12
E01003751,40km to less than 60km,6,9,-3
E01003751,5km to less than 10km,126,128,-2
E01003751,60km and over,11,14,-3
E01003751,Less than 2km,66,69,-3
E01003751,"Works mainly at an offshore installation, in no fixed place, or outside the UK",188,86,102
E01003751,Works mainly from home,310,68,242
E01003752,10km to less than 20km,213,467,-254
E01003752,20km to less than 30km,54,52,2
E01003752,2km to less than 5km,110,138,-28
E01003752,30km to less than 40km,16,27,-11
E01003752,40km to less than 60km,8,10,-2
E01003752,5km to less than 10km,119,152,-33
E01003752,60km and over,6,17,-11
E01003752,Less than 2km,100,133,-33
E01003752,"Works mainly at an offshore installation, in no fixed place, or outside the UK",168,149,19
E01003752,Works mainly from home,498,97,401
E01003753,10km to less than 20km,148,273,-125
E01003753,20km to less than 30km,25,51,-26
E01003753,2km to less than 5km,73,79,-6
E01003753,30km to less than 40km,16,12,4
E01003753,40km to less than 60km,7,6,1
E01003753,5km to less than 10km,118,153,-35
E01003753,60km and over,11,15,-4
E01003753,Less than 2km,88,120,-32
E01003753,"Works mainly at an offshore installation, in no fixed place, or outside the UK",156,82,74
E01003753,Works mainly from home,263,61,202
E01003754,10km to less than 20km,133,227,-94
E01003754,20km to less than 30km,24,18,6
E01003754,2km to less than 5km,63,76,-13
E01003754,30km to less than 40km,10,13,-3
E01003754,40km to less than 60km,8,6,2
E01003754,5km to less than 10km,85,107,-22
E01003754,60km and over,5,10,-5
E01003754,Less than 2km,74,93,-19
E01003754,"Works mainly at an offshore installation, in no fixed place, or outside the UK",124,70,54
E01003754,Works mainly from home,263,57,206
E01003755,10km to less than 20km,141,248,-107
E01003755,20km to less than 30km,42,35,7
E01003755,2km to less than 5km,85,84,1
E01003755,30km to less than 40km,33,24,9
E01003755,40km to less than 60km,9,12,-3
E01003755,5km to less than 10km,136,128,8
E01003755,60km and over,8,15,-7
E01003755,Less than 2km,101,135,-34
E01003755,"Works mainly at an offshore installation, in no fixed place, or outside the UK",176,73,103
E01003755,Works mainly from home,332,61,271
E01003756,10km to less than 20km,161,252,-91
E01003756,20km to less than 30km,26,31,-5
E01003756,2km to less than 5km,120,108,12
E01003756,30km to less than 40km,16,15,1
E01003756,40km to less than 60km,9,7,2
E01003756,5km to less than 10km,149,145,4
E01003756,60km and over,10,10,0
E01003756,Less than 2km,122,127,-5
E01003756,"Works mainly at an offshore installation, in no fixed place, or outside the UK",166,106,60
E01003756,Works mainly from home,302,72,230
E01003757,10km to less than 20km,151,203,-52
E01003757,20km to less than 30km,30,20,10
E01003757,2km to less than 5km,74,56,18
E01003757,30km to less than 40km,8,5,3
E01003757,40km to less than 60km,4,2,2
E01003757,5km to less than 10km,124,74,50
E01003757,60km and over,10,14,-4
E01003757,Less than 2km,91,120,-29
E01003757,"Works mainly at an offshore installation, in no fixed place, or outside the UK",184,89,95
E01003757,Works mainly from home,235,46,189
E01003759,10km to less than 20km,105,247,-142
E01003759,20km to less than 30km,9,15,-6
E01003759,2km to less than 5km,60,69,-9
E01003759,30km to less than 40km,5,3,2
E01003759,40km to less than 60km,4,3,1
E01003759,5km to less than 10km,79,115,-36
E01003759,60km and over,3,6,-3
E01003759,Less than 2km,42,89,-47
E01003759,"Works mainly at an offshore installation, in no fixed place, or outside the UK",73,99,-26
E01003759,Works mainly from home,376,68,308
E01003760,10km to less than 20km,149,327,-178
E01003760,20km to less than 30km,14,29,-15
E01003760,2km to less than 5km,63,96,-33
E01003760,30km to less than 40km,9,5,4
E01003760,40km to less than 60km,4,6,-2
E01003760,5km to less than 10km,138,136,2
E01003760,60km and over,5,8,-3
E01003760,Less than 2km,54,82,-28
E01003760,"Works mainly at an offshore installation, in no fixed place, or outside the UK",180,122,58
E01003760,Works mainly from home,382,77,305
E01003761,10km to less than 20km,141,192,-51
E01003761,20km to less than 30km,7,22,-15
E01003761,2km to less than 5km,72,70,2
E01003761,30km to less than 40km,5,10,-5
E01003761,40km to less than 60km,1,3,-2
E01003761,5km to less than 10km,99,124,-25
E01003761,60km and over,4,14,-10
E01003761,Less than 2km,50,69,-19
E01003761,"Works mainly at an offshore installation, in no fixed place, or outside the UK",150,72,78
E01003761,Works mainly from home,151,45,106
E01003762,10km to less than 20km,143,373,-230
E01003762,20km to less than 30km,13,38,-25
E01003762,2km to less than 5km,81,112,-31
E01003762,30km to less than 40km,5,9,-4
E01003762,40km to less than 60km,1,8,-7
E01003762,5km to less than 10km,87,113,-26
E01003762,60km and over,5,7,-2
E01003762,Less than 2km,45,88,-43
E01003762,"Works mainly at an offshore installation, in no fixed place, or outside the UK",127,73,54
E01003762,Works mainly from home,411,81,330
E01003763,10km to less than 20km,126,290,-164
E01003763,20km to less than 30km,25,27,-2
E01003763,2km to less than 5km,86,122,-36
E01003763,30km to less than 40km,6,4,2
E01003763,40km to less than 60km,6,9,-3
E01003763,5km to less than 10km,138,168,-30
E01003763,60km and over,3,15,-12
E01003763,Less than 2km,52,64,-12
E01003763,"Works mainly at an offshore installation, in no fixed place, or outside the UK",172,114,58
E01003763,Works mainly from home,364,109,255
E01003764,10km to less than 20km,171,486,-315
E01003764,20km to less than 30km,21,36,-15
E01003764,2km to less than 5km,78,116,-38
E01003764,30km to less than 40km,5,11,-6
E01003764,40km to less than 60km,1,2,-1
E01003764,5km to less than 10km,122,158,-36
E01003764,60km and over,8,8,0
E01003764,Less than 2km,42,64,-22
E01003764,"Works mainly at an offshore installation, in no fixed place, or outside the UK",159,123,36
E01003764,Works mainly from home,531,100,431
E01003765,10km to less than 20km,166,444,-278
E01003765,20km to less than 30km,15,30,-15
E01003765,2km to less than 5km,77,97,-20
E01003765,30km to less than 40km,12,15,-3
E01003765,40km to less than 60km,4,3,1
E01003765,5km to less than 10km,97,121,-24
E01003765,60km and over,14,11,3
E01003765,Less than 2km,71,75,-4
E01003765,"Works mainly at an offshore installation, in no fixed place, or outside the UK",131,79,52
E01003765,Works mainly from home,500,60,440
E01003766,10km to less than 20km,153,201,-48
E01003766,20km to less than 30km,32,25,7
E01003766,2km to less than 5km,99,102,-3
E01003766,30km to less than 40km,4,16,-12
E01003766,40km to less than 60km,6,6,0
E01003766,5km to less than 10km,137,141,-4
E01003766,60km and over,7,13,-6
E01003766,Less than 2km,74,88,-14
E01003766,"Works mainly at an offshore installation, in no fixed place, or outside the UK",173,94,79
E01003766,Works mainly from home,243,61,182
E01003767,10km to less than 20km,156,214,-58
E01003767,20km to less than 30km,39,37,2
E01003767,2km to less than 5km,93,106,-13
E01003767,30km to less than 40km,11,19,-8
E01003767,40km to less than 60km,3,7,-4
E01003767,5km to less than 10km,129,96,33
E01003767,60km and over,8,11,-3
E01003767,Less than 2km,82,83,-1
E01003767,"Works mainly at an offshore installation, in no fixed place, or outside the UK",208,135,73
E01003767,Works mainly from home,203,66,137
E01003768,10km to less than 20km,127,245,-118
E01003768,20km to less than 30km,22,32,-10
E01003768,2km to less than 5km,68,89,-21
E01003768,30km to less than 40km,14,12,2
E01003768,40km to less than 60km,2,7,-5
E01003768,5km to less than 10km,90,93,-3
E01003768,60km and over,4,17,-13
E01003768,Less than 2km,73,70,3
E01003768,"Works mainly at an offshore installation, in no fixed place, or outside the UK",160,81,79
E01003768,Works mainly from home,225,50,175
E01003769,10km to less than 20km,111,187,-76
E01003769,20km to less than 30km,34,34,0
E01003769,2km to less than 5km,93,97,-4
E01003769,30km to less than 40km,3,13,-10
E01003769,40km to less than 60km,6,5,1
E01003769,5km to less than 10km,80,108,-28
E01003769,60km and over,8,11,-3
E01003769,Less than 2km,52,67,-15
E01003769,"Works mainly at an offshore installation, in no fixed place, or outside the UK",186,79,107
E01003769,Works mainly from home,176,57,119
E01003770,10km to less than 20km,169,344,-175
E01003770,20km to less than 30km,50,49,1
E01003770,2km to less than 5km,147,189,-42
E01003770,30km to less than 40km,19,11,8
E01003770,40km to less than 60km,12,6,6
E01003770,5km to less than 10km,130,144,-14
E01003770,60km and over,12,15,-3
E01003770,Less than 2km,167,145,22
E01003770,"Works mainly at an offshore installation, in no fixed place, or outside the UK",211,123,88
E01003770,Works mainly from home,348,71,277
E01003771,10km to less than 20km,105,234,-129
E01003771,20km to less than 30km,30,40,-10
E01003771,2km to less than 5km,84,106,-22
E01003771,30km to less than 40km,2,7,-5
E01003771,40km to less than 60km,5,8,-3
E01003771,5km to less than 10km,76,106,-30
E01003771,60km and over,14,8,6
E01003771,Less than 2km,52,98,-46
E01003771,"Works mainly at an offshore installation, in no fixed place, or outside the UK",130,78,52
E01003771,Works mainly from home,231,67,164
E01003772,10km to less than 20km,137,245,-108
E01003772,20km to less than 30km,32,25,7
E01003772,2km to less than 5km,68,95,-27
E01003772,30km to less than 40km,16,13,3
E01003772,40km to less than 60km,2,3,-1
E01003772,5km to less than 10km,84,110,-26
E01003772,60km and over,5,6,-1
E01003772,Less than 2km,77,76,1
E01003772,"Works mainly at an offshore installation, in no fixed place, or outside the UK",131,89,42
E01003772,Works mainly from home,232,56,176
E01003773,10km to less than 20km,113,245,-132
E01003773,20km to less than 30km,27,47,-20
E01003773,2km to less than 5km,79,96,-17
E01003773,30km to less than 40km,11,11,0
E01003773,40km to less than 60km,6,10,-4
E01003773,5km to less than 10km,84,94,-10
E01003773,60km and over,6,13,-7
E01003773,Less than 2km,77,90,-13
E01003773,"Works mainly at an offshore installation, in no fixed place, or outside the UK",124,63,61
E01003773,Works mainly from home,270,56,214
E01003774,10km to less than 20km,121,456,-335
E01003774,20km to less than 30km,13,25,-12
E01003774,2km to less than 5km,50,72,-22
E01003774,30km to less than 40km,4,4,0
E01003774,40km to less than 60km,2,7,-5
E01003774,5km to less than 10km,86,205,-119
E01003774,60km and over,5,17,-12
E01003774,Less than 2km,46,70,-24
E01003774,"Works mainly at an offshore installation, in no fixed place, or outside the UK",90,104,-14
E01003774,Works mainly from home,598,74,524
E01003775,10km to less than 20km,102,348,-246
E01003775,20km to less than 30km,11,25,-14
E01003775,2km to less than 5km,55,93,-38
E01003775,30km to less than 40km,5,8,-3
E01003775,40km to less than 60km,3,2,1
E01003775,5km to less than 10km,88,178,-90
E01003775,60km and over,5,13,-8
E01003775,Less than 2km,42,67,-25
E01003775,"Works mainly at an offshore installation, in no fixed place, or outside the UK",78,74,4
E01003775,Works mainly from home,405,91,314
E01003776,10km to less than 20km,133,288,-155
E01003776,20km to less than 30km,23,28,-5
E01003776,2km to less than 5km,55,67,-12
E01003776,30km to less than 40km,8,12,-4
E01003776,40km to less than 60km,0,4,-4
E01003776,5km to less than 10km,111,163,-52
E01003776,60km and over,5,8,-3
E01003776,Less than 2km,52,65,-13
E01003776,"Works mainly at an offshore installation, in no fixed place, or outside the UK",111,90,21
E01003776,Works mainly from home,369,52,317
E01003777,10km to less than 20km,119,463,-344
E01003777,20km to less than 30km,14,34,-20
E01003777,2km to less than 5km,54,112,-58
E01003777,30km to less than 40km,7,12,-5
E01003777,40km to less than 60km,6,4,2
E01003777,5km to less than 10km,117,197,-80
E01003777,60km and over,2,18,-16
E01003777,Less than 2km,38,77,-39
E01003777,"Works mainly at an offshore installation, in no fixed place, or outside the UK",119,93,26
E01003777,Works mainly from home,621,76,545
E01003778,10km to less than 20km,166,405,-239
E01003778,20km to less than 30km,20,33,-13
E01003778,2km to less than 5km,76,104,-28
E01003778,30km to less than 40km,9,15,-6
E01003778,40km to less than 60km,2,6,-4
E01003778,5km to less than 10km,146,236,-90
E01003778,60km and over,6,11,-5
E01003778,Less than 2km,47,56,-9
E01003778,"Works mainly at an offshore installation, in no fixed place, or outside the UK",132,135,-3
E01003778,Works mainly from home,548,109,439
E01003779,10km to less than 20km,66,253,-187
E01003779,20km to less than 30km,6,12,-6
E01003779,2km to less than 5km,42,89,-47
E01003779,30km to less than 40km,7,9,-2
E01003779,40km to less than 60km,3,4,-1
E01003779,5km to less than 10km,69,182,-113
E01003779,60km and over,6,8,-2
E01003779,Less than 2km,29,43,-14
E01003779,"Works mainly at an offshore installation, in no fixed place, or outside the UK",100,81,19
E01003779,Works mainly from home,397,81,316
E01003780,10km to less than 20km,76,229,-153
E01003780,20km to less than 30km,9,17,-8
E01003780,2km to less than 5km,48,91,-43
E01003780,30km to less than 40km,5,6,-1
E01003780,40km to less than 60km,2,7,-5
E01003780,5km to less than 10km,98,150,-52
E01003780,60km and over,4,9,-5
E01003780,Less than 2km,39,76,-37
E01003780,"Works mainly at an offshore installation, in no fixed place, or outside the UK",76,47,29
E01003780,Works mainly from home,403,108,295
E01003781,10km to less than 20km,140,261,-121
E01003781,20km to less than 30km,30,23,7
E01003781,2km to less than 5km,89,66,23
E01003781,30km to less than 40km,9,5,4
E01003781,40km to less than 60km,4,5,-1
E01003781,5km to less than 10km,108,129,-21
E01003781,60km and over,8,6,2
E01003781,Less than 2km,61,92,-31
E01003781,"Works mainly at an offshore installation, in no fixed place, or outside the UK",147,98,49
E01003781,Works mainly from home,319,40,279
E01003782,10km to less than 20km,103,191,-88
E01003782,20km to less than 30km,21,28,-7
E01003782,2km to less than 5km,73,81,-8
E01003782,30km to less than 40km,4,5,-1
E01003782,40km to less than 60km,3,7,-4
E01003782,5km to less than 10km,87,133,-46
E01003782,60km and over,4,9,-5
E01003782,Less than 2km,86,107,-21
E01003782,"Works mainly at an offshore installation, in no fixed place, or outside the UK",140,73,67
E01003782,Works mainly from home,188,75,113
E01003783,10km to less than 20km,176,247,-71
E01003783,20km to less than 30km,33,43,-10
E01003783,2km to less than 5km,104,96,8
E01003783,30km to less than 40km,9,13,-4
E01003783,40km to less than 60km,3,14,-11
E01003783,5km to less than 10km,122,128,-6
E01003783,60km and over,8,13,-5
E01003783,Less than 2km,110,88,22
E01003783,"Works mainly at an offshore installation, in no fixed place, or outside the UK",180,136,44
E01003783,Works mainly from home,285,66,219
E01003784,10km to less than 20km,154,218,-64
E01003784,20km to less than 30km,22,18,4
E01003784,2km to less than 5km,102,108,-6
E01003784,30km to less than 40km,4,14,-10
E01003784,40km to less than 60km,3,3,0
E01003784,5km to less than 10km,106,151,-45
E01003784,60km and over,11,4,7
E01003784,Less than 2km,70,80,-10
E01003784,"Works mainly at an offshore installation, in no fixed place, or outside the UK",169,92,77
E01003784,Works mainly from home,256,57,199
E01003785,10km to less than 20km,112,261,-149
E01003785,20km to less than 30km,22,20,2
E01003785,2km to less than 5km,75,108,-33
E01003785,30km to less than 40km,4,9,-5
E01003785,40km to less than 60km,2,9,-7
E01003785,5km to less than 10km,111,135,-24
E01003785,60km and over,8,9,-1
E01003785,Less than 2km,70,78,-8
E01003785,"Works mainly at an offshore installation, in no fixed place, or outside the UK",176,116,60
E01003785,Works mainly from home,257,66,191
E01003786,10km to less than 20km,87,181,-94
E01003786,20km to less than 30km,22,24,-2
E01003786,2km to less than 5km,67,55,12
E01003786,30km to less than 40km,6,4,2
E01003786,40km to less than 60km,11,5,6
E01003786,5km to less than 10km,81,104,-23
E01003786,60km and over,3,13,-10
E01003786,Less than 2km,71,88,-17
E01003786,"Works mainly at an offshore installation, in no fixed place, or outside the UK",106,86,20
E01003786,Works mainly from home,280,55,225
E01003787,10km to less than 20km,91,177,-86
E01003787,20km to less than 30km,21,20,1
E01003787,2km to less than 5km,59,65,-6
E01003787,30km to less than 40km,6,6,0
E01003787,40km to less than 60km,1,6,-5
E01003787,5km to less than 10km,102,124,-22
E01003787,60km and over,8,12,-4
E01003787,Less than 2km,80,99,-19
E01003787,"Works mainly at an offshore installation, in no fixed place, or outside the UK",139,60,79
E01003787,Works mainly from home,223,56,167
E01003788,10km to less than 20km,110,224,-114
E01003788,20km to less than 30km,21,32,-11
E01003788,2km to less than 5km,64,97,-33
E01003788,30km to less than 40km,4,8,-4
E01003788,40km to less than 60km,2,4,-2
E01003788,5km to less than 10km,93,144,-51
E01003788,60km and over,0,4,-4
E01003788,Less than 2km,79,99,-20
E01003788,"Works mainly at an offshore installation, in no fixed place, or outside the UK",153,108,45
E01003788,Works mainly from home,223,68,155
E01003789,10km to less than 20km,73,237,-164
E01003789,20km to less than 30km,9,16,-7
E01003789,2km to less than 5km,76,138,-62
E01003789,30km to less than 40km,4,7,-3
E01003789,40km to less than 60km,1,8,-7
E01003789,5km to less than 10km,95,172,-77
E01003789,60km and over,5,20,-15
E01003789,Less than 2km,40,54,-14
E01003789,"Works mainly at an offshore installation, in no fixed place, or outside the UK",90,74,16
E01003789,Works mainly from home,380,84,296
E01003790,10km to less than 20km,73,187,-114
E01003790,20km to less than 30km,6,30,-24
E01003790,2km to less than 5km,80,114,-34
E01003790,30km to less than 40km,6,3,3
E01003790,40km to less than 60km,3,3,0
E01003790,5km to less than 10km,67,160,-93
E01003790,60km and over,3,5,-2
E01003790,Less than 2km,18,39,-21
E01003790,"Works mainly at an offshore installation, in no fixed place, or outside the UK",100,79,21
E01003790,Works mainly from home,319,71,248
E01003791,10km to less than 20km,48,174,-126
E01003791,20km to less than 30km,10,21,-11
E01003791,2km to less than 5km,65,124,-59
E01003791,30km to less than 40km,2,8,-6
E01003791,40km to less than 60km,0,6,-6
E01003791,5km to less than 10km,70,197,-127
E01003791,60km and over,3,6,-3
E01003791,Less than 2km,29,63,-34
E01003791,"Works mainly at an offshore installation, in no fixed place, or outside the UK",66,89,-23
E01003791,Works mainly from home,400,94,306
E01003792,10km to less than 20km,65,213,-148
E01003792,20km to less than 30km,7,18,-11
E01003792,2km to less than 5km,83,121,-38
E01003792,30km to less than 40km,5,4,1
E01003792,40km to less than 60km,2,1,1
E01003792,5km to less than 10km,78,175,-97
E01003792,60km and over,5,10,-5
E01003792,Less than 2km,29,42,-13
E01003792,"Works mainly at an offshore installation, in no fixed place, or outside the UK",76,68,8
E01003792,Works mainly from home,347,77,270
E01003793,10km to less than 20km,97,198,-101
E01003793,20km to less than 30km,8,15,-7
E01003793,2km to less than 5km,79,143,-64
E01003793,30km to less than 40km,3,4,-1
E01003793,40km to less than 60km,1,5,-4
E01003793,5km to less than 10km,119,177,-58
E01003793,60km and over,7,8,-1
E01003793,Less than 2km,30,39,-9
E01003793,"Works mainly at an offshore installation, in no fixed place, or outside the UK",129,88,41
E01003793,Works mainly from home,306,64,242
E01003794,10km to less than 20km,66,248,-182
E01003794,20km to less than 30km,13,25,-12
E01003794,2km to less than 5km,48,86,-38
E01003794,30km to less than 40km,7,12,-5
E01003794,40km to less than 60km,4,3,1
E01003794,5km to less than 10km,76,138,-62
E01003794,60km and over,5,8,-3
E01003794,Less than 2km,30,57,-27
E01003794,"Works mainly at an offshore installation, in no fixed place, or outside the UK",73,77,-4
E01003794,Works mainly from home,390,47,343
E01003795,10km to less than 20km,61,211,-150
E01003795,20km to less than 30km,3,20,-17
E01003795,2km to less than 5km,29,87,-58
E01003795,30km to less than 40km,5,6,-1
E01003795,40km to less than 60km,1,3,-2
E01003795,5km to less than 10km,60,118,-58
E01003795,60km and over,2,6,-4
E01003795,Less than 2km,21,46,-25
E01003795,"Works mainly at an offshore installation, in no fixed place, or outside the UK",60,50,10
E01003795,Works mainly from home,330,69,261
E01003796,10km to less than 20km,99,287,-188
E01003796,20km to less than 30km,10,13,-3
E01003796,2km to less than 5km,63,100,-37
E01003796,30km to less than 40km,12,8,4
E01003796,40km to less than 60km,2,3,-1
E01003796,5km to less than 10km,84,160,-76
E01003796,60km and over,4,12,-8
E01003796,Less than 2km,32,59,-27
E01003796,"Works mainly at an offshore installation, in no fixed place, or outside the UK",81,78,3
E01003796,Works mainly from home,411,78,333
E01003797,10km to less than 20km,23,132,-109
E01003797,20km to less than 30km,4,5,-1
E01003797,2km to less than 5km,28,71,-43
E01003797,30km to less than 40km,2,4,-2
E01003797,40km to less than 60km,1,6,-5
E01003797,5km to less than 10km,49,162,-113
E01003797,60km and over,2,4,-2
E01003797,Less than 2km,27,44,-17
E01003797,"Works mainly at an offshore installation, in no fixed place, or outside the UK",33,31,2
E01003797,Works mainly from home,409,140,269
E01003798,10km to less than 20km,32,185,-153
E01003798,20km to less than 30km,1,6,-5
E01003798,2km to less than 5km,32,96,-64
E01003798,30km to less than 40km,1,3,-2
E01003798,40km to less than 60km,0,9,-9
E01003798,5km to less than 10km,65,191,-126
E01003798,60km and over,5,16,-11
E01003798,Less than 2km,29,44,-15
E01003798,"Works mainly at an offshore installation, in no fixed place, or outside the UK",45,49,-4
E01003798,Works mainly from home,408,159,249
E01003799,10km to less than 20km,49,188,-139
E01003799,20km to less than 30km,1,14,-13
E01003799,2km to less than 5km,50,126,-76
E01003799,30km to less than 40km,2,5,-3
E01003799,40km to less than 60km,2,4,-2
E01003799,5km to less than 10km,87,248,-161
E01003799,60km and over,2,6,-4
E01003799,Less than 2km,40,52,-12
E01003799,"Works mainly at an offshore installation, in no fixed place, or outside the UK",52,64,-12
E01003799,Works mainly from home,533,143,390
E01003800,10km to less than 20km,41,119,-78
E01003800,20km to less than 30km,3,12,-9
E01003800,2km to less than 5km,50,115,-65
E01003800,30km to less than 40km,2,6,-4
E01003800,40km to less than 60km,2,4,-2
E01003800,5km to less than 10km,66,211,-145
E01003800,60km and over,3,7,-4
E01003800,Less than 2km,52,80,-28
E01003800,"Works mainly at an offshore installation, in no fixed place, or outside the UK",62,60,2
E01003800,Works mainly from home,402,128,274
E01003801,10km to less than 20km,27,133,-106
E01003801,20km to less than 30km,3,11,-8
E01003801,2km to less than 5km,22,97,-75
E01003801,30km to less than 40km,2,4,-2
E01003801,40km to less than 60km,2,5,-3
E01003801,5km to less than 10km,54,209,-155
E01003801,60km and over,4,8,-4
E01003801,Less than 2km,41,65,-24
E01003801,"Works mainly at an offshore installation, in no fixed place, or outside the UK",41,46,-5
E01003801,Works mainly from home,486,181,305
E01003802,10km to less than 20km,34,146,-112
E01003802,20km to less than 30km,3,13,-10
E01003802,2km to less than 5km,40,105,-65
E01003802,30km to less than 40km,2,8,-6
E01003802,40km to less than 60km,1,7,-6
E01003802,5km to less than 10km,57,206,-149
E01003802,60km and over,4,6,-2
E01003802,Less than 2km,27,77,-50
E01003802,"Works mainly at an offshore installation, in no fixed place, or outside the UK",41,56,-15
E01003802,Works mainly from home,431,99,332
E01003803,10km to less than 20km,45,90,-45
E01003803,20km to less than 30km,0,15,-15
E01003803,2km to less than 5km,75,115,-40
E01003803,30km to less than 40km,1,2,-1
E01003803,40km to less than 60km,3,1,2
E01003803,5km to less than 10km,90,156,-66
E01003803,60km and over,6,2,4
E01003803,Less than 2km,62,119,-57
E01003803,"Works mainly at an offshore installation, in no fixed place, or outside the UK",105,83,22
E01003803,Works mainly from home,311,89,222
E01003804,10km to less than 20km,56,332,-276
E01003804,20km to less than 30km,5,18,-13
E01003804,2km to less than 5km,66,102,-36
E01003804,30km to less than 40km,1,8,-7
E01003804,40km to less than 60km,0,6,-6
E01003804,5km to less than 10km,94,133,-39
E01003804,60km and over,4,8,-4
E01003804,Less than 2km,70,79,-9
E01003804,"Works mainly at an offshore installation, in no fixed place, or outside the UK",71,89,-18
E01003804,Works mainly from home,589,169,420
E01003805,10km to less than 20km,49,267,-218
E01003805,20km to less than 30km,3,12,-9
E01003805,2km to less than 5km,36,70,-34
E01003805,30km to less than 40km,2,11,-9
E01003805,40km to less than 60km,1,7,-6
E01003805,5km to less than 10km,51,107,-56
E01003805,60km and over,4,9,-5
E01003805,Less than 2km,27,54,-27
E01003805,"Works mainly at an offshore installation, in no fixed place, or outside the UK",43,39,4
E01003805,Works mainly from home,535,161,374
E01003806,10km to less than 20km,42,198,-156
E01003806,20km to less than 30km,2,13,-11
E01003806,2km to less than 5km,45,84,-39
E01003806,30km to less than 40km,3,7,-4
E01003806,40km to less than 60km,3,3,0
E01003806,5km to less than 10km,52,119,-67
E01003806,60km and over,1,9,-8
E01003806,Less than 2km,34,58,-24
E01003806,"Works mainly at an offshore installation, in no fixed place, or outside the UK",26,47,-21
E01003806,Works mainly from home,454,154,300
E01003807,10km to less than 20km,71,358,-287
E01003807,20km to less than 30km,6,24,-18
E01003807,2km to less than 5km,84,142,-58
E01003807,30km to less than 40km,6,4,2
E01003807,40km to less than 60km,3,9,-6
E01003807,5km to less than 10km,113,184,-71
E01003807,60km and over,7,9,-2
E01003807,Less than 2km,83,109,-26
E01003807,"Works mainly at an offshore installation, in no fixed place, or outside the UK",91,105,-14
E01003807,Works mainly from home,598,134,464
E01003808,10km to less than 20km,65,330,-265
E01003808,20km to less than 30km,6,18,-12
E01003808,2km to less than 5km,60,123,-63
E01003808,30km to less than 40km,1,13,-12
E01003808,40km to less than 60km,2,8,-6
E01003808,5km to less than 10km,78,209,-131
E01003808,60km and over,3,18,-15
E01003808,Less than 2km,44,63,-19
E01003808,"Works mainly at an offshore installation, in no fixed place, or outside the UK",73,87,-14
E01003808,Works mainly from home,660,153,507
E01003809,10km to less than 20km,48,261,-213
E01003809,20km to less than 30km,3,12,-9
E01003809,2km to less than 5km,63,109,-46
E01003809,30km to less than 40km,6,13,-7
E01003809,40km to less than 60km,0,5,-5
E01003809,5km to less than 10km,58,168,-110
E01003809,60km and over,2,11,-9
E01003809,Less than 2km,41,93,-52
E01003809,"Works mainly at an offshore installation, in no fixed place, or outside the UK",42,61,-19
E01003809,Works mainly from home,526,137,389
E01003810,10km to less than 20km,63,227,-164
E01003810,20km to less than 30km,19,72,-53
E01003810,2km to less than 5km,72,117,-45
E01003810,30km to less than 40km,3,12,-9
E01003810,40km to less than 60km,3,10,-7
E01003810,5km to less than 10km,58,100,-42
E01003810,60km and over,2,9,-7
E01003810,Less than 2km,51,125,-74
E01003810,"Works mainly at an offshore installation, in no fixed place, or outside the UK",60,74,-14
E01003810,Works mainly from home,513,129,384
E01003811,10km to less than 20km,66,295,-229
E01003811,20km to less than 30km,18,63,-45
E01003811,2km to less than 5km,75,106,-31
E01003811,30km to less than 40km,4,22,-18
E01003811,40km to less than 60km,2,10,-8
E01003811,5km to less than 10km,73,99,-26
E01003811,60km and over,6,5,1
E01003811,Less than 2km,64,102,-38
E01003811,"Works mainly at an offshore installation, in no fixed place, or outside the UK",75,64,11
E01003811,Works mainly from home,598,131,467
E01003812,10km to less than 20km,64,281,-217
E01003812,20km to less than 30km,17,66,-49
E01003812,2km to less than 5km,88,155,-67
E01003812,30km to less than 40km,4,8,-4
E01003812,40km to less than 60km,4,9,-5
E01003812,5km to less than 10km,68,128,-60
E01003812,60km and over,10,11,-1
E01003812,Less than 2km,89,172,-83
E01003812,"Works mainly at an offshore installation, in no fixed place, or outside the UK",87,86,1
E01003812,Works mainly from home,554,115,439
E01003813,10km to less than 20km,51,186,-135
E01003813,20km to less than 30km,7,75,-68
E01003813,2km to less than 5km,63,137,-74
E01003813,30km to less than 40km,2,9,-7
E01003813,40km to less than 60km,7,9,-2
E01003813,5km to less than 10km,48,107,-59
E01003813,60km and over,7,7,0
E01003813,Less than 2km,52,107,-55
E01003813,"Works mainly at an offshore installation, in no fixed place, or outside the UK",67,53,14
E01003813,Works mainly from home,433,124,309
E01003814,10km to less than 20km,65,217,-152
E01003814,20km to less than 30km,19,86,-67
E01003814,2km to less than 5km,79,140,-61
E01003814,30km to less than 40km,2,15,-13
E01003814,40km to less than 60km,3,11,-8
E01003814,5km to less than 10km,75,109,-34
E01003814,60km and over,1,4,-3
E01003814,Less than 2km,81,114,-33
E01003814,"Works mainly at an offshore installation, in no fixed place, or outside the UK",103,69,34
E01003814,Works mainly from home,539,109,430
E01003815,10km to less than 20km,96,208,-112
E01003815,20km to less than 30km,25,80,-55
E01003815,2km to less than 5km,106,162,-56
E01003815,30km to less than 40km,6,14,-8
E01003815,40km to less than 60km,0,14,-14
E01003815,5km to less than 10km,85,149,-64
E01003815,60km and over,3,18,-15
E01003815,Less than 2km,81,148,-67
E01003815,"Works mainly at an offshore installation, in no fixed place, or outside the UK",111,88,23
E01003815,Works mainly from home,543,115,428
E01003816,10km to less than 20km,48,196,-148
E01003816,20km to less than 30km,5,25,-20
E01003816,2km to less than 5km,68,98,-30
E01003816,30km to less than 40km,2,6,-4
E01003816,40km to less than 60km,3,5,-2
E01003816,5km to less than 10km,45,93,-48
E01003816,60km and over,2,7,-5
E01003816,Less than 2km,40,57,-17
E01003816,"Works mainly at an offshore installation, in no fixed place, or outside the UK",56,62,-6
E01003816,Works mainly from home,498,147,351
E01003817,10km to less than 20km,69,225,-156
E01003817,20km to less than 30km,4,37,-33
E01003817,2km to less than 5km,96,175,-79
E01003817,30km to less than 40km,4,15,-11
E01003817,40km to less than 60km,2,1,1
E01003817,5km to less than 10km,69,124,-55
E01003817,60km and over,4,12,-8
E01003817,Less than 2km,60,61,-1
E01003817,"Works mainly at an offshore installation, in no fixed place, or outside the UK",113,95,18
E01003817,Works mainly from home,462,173,289
E01003818,10km to less than 20km,65,193,-128
E01003818,20km to less than 30km,3,17,-14
E01003818,2km to less than 5km,82,165,-83
E01003818,30km to less than 40km,0,14,-14
E01003818,40km to less than 60km,0,4,-4
E01003818,5km to less than 10km,49,118,-69
E01003818,60km and over,3,4,-1
E01003818,Less than 2km,46,71,-25
E01003818,"Works mainly at an offshore installation, in no fixed place, or outside the UK",84,77,7
E01003818,Works mainly from home,431,111,320
E01003819,10km to less than 20km,59,159,-100
E01003819,20km to less than 30km,7,14,-7
E01003819,2km to less than 5km,133,178,-45
E01003819,30km to less than 40km,2,4,-2
E01003819,40km to less than 60km,2,0,2
E01003819,5km to less than 10km,74,125,-51
E01003819,60km and over,3,5,-2
E01003819,Less than 2km,55,96,-41
E01003819,"Works mainly at an offshore installation, in no fixed place, or outside the UK",111,81,30
E01003819,Works mainly from home,324,114,210
E01003820,10km to less than 20km,80,249,-169
E01003820,20km to less than 30km,7,22,-15
E01003820,2km to less than 5km,108,217,-109
E01003820,30km to less than 40km,4,13,-9
E01003820,40km to less than 60km,0,3,-3
E01003820,5km to less than 10km,79,150,-71
E01003820,60km and over,4,9,-5
E01003820,Less than 2km,80,95,-15
E01003820,"Works mainly at an offshore installation, in no fixed place, or outside the UK",116,92,24
E01003820,Works mainly from home,413,120,293
E01003821,10km to less than 20km,77,346,-269
E01003821,20km to less than 30km,12,48,-36
E01003821,2km to less than 5km,45,71,-26
E01003821,30km to less than 40km,2,21,-19
E01003821,40km to less than 60km,1,12,-11
E01003821,5km to less than 10km,54,107,-53
E01003821,60km and over,9,18,-9
E01003821,Less than 2km,26,60,-34
E01003821,"Works mainly at an offshore installation, in no fixed place, or outside the UK",54,59,-5
E01003821,Works mainly from home,620,177,443
E01003822,10km to less than 20km,48,123,-75
E01003822,20km to less than 30km,13,87,-74
E01003822,2km to less than 5km,47,112,-65
E01003822,30km to less than 40km,2,7,-5
E01003822,40km to less than 60km,2,9,-7
E01003822,5km to less than 10km,63,93,-30
E01003822,60km and over,6,7,-1
E01003822,Less than 2km,28,67,-39
E01003822,"Works mainly at an offshore installation, in no fixed place, or outside the UK",47,50,-3
E01003822,Works mainly from home,408,120,288
E01003823,10km to less than 20km,67,204,-137
E01003823,20km to less than 30km,24,94,-70
E01003823,2km to less than 5km,71,132,-61
E01003823,30km to less than 40km,7,8,-1
E01003823,40km to less than 60km,0,12,-12
E01003823,5km to less than 10km,59,129,-70
E01003823,60km and over,7,10,-3
E01003823,Less than 2km,34,90,-56
E01003823,"Works mainly at an offshore installation, in no fixed place, or outside the UK",72,91,-19
E01003823,Works mainly from home,514,175,339
E01003824,10km to less than 20km,56,158,-102
E01003824,20km to less than 30km,21,102,-81
E01003824,2km to less than 5km,53,118,-65
E01003824,30km to less than 40km,3,18,-15
E01003824,40km to less than 60km,4,8,-4
E01003824,5km to less than 10km,65,116,-51
E01003824,60km and over,1,7,-6
E01003824,Less than 2km,37,77,-40
E01003824,"Works mainly at an offshore installation, in no fixed place, or outside the UK",58,68,-10
E01003824,Works mainly from home,490,138,352
E01003825,10km to less than 20km,61,164,-103
E01003825,20km to less than 30km,27,112,-85
E01003825,2km to less than 5km,72,163,-91
E01003825,30km to less than 40km,3,14,-11
E01003825,40km to less than 60km,2,14,-12
E01003825,5km to less than 10km,76,159,-83
E01003825,60km and over,6,10,-4
E01003825,Less than 2km,52,95,-43
E01003825,"Works mainly at an offshore installation, in no fixed place, or outside the UK",80,81,-1
E01003825,Works mainly from home,493,120,373
E01003826,10km to less than 20km,59,144,-85
E01003826,20km to less than 30km,18,90,-72
E01003826,2km to less than 5km,85,150,-65
E01003826,30km to less than 40km,7,11,-4
E01003826,40km to less than 60km,1,7,-6
E01003826,5km to less than 10km,87,167,-80
E01003826,60km and over,3,5,-2
E01003826,Less than 2km,69,87,-18
E01003826,"Works mainly at an offshore installation, in no fixed place, or outside the UK",103,67,36
E01003826,Works mainly from home,361,81,280
E01003827,10km to less than 20km,80,236,-156
E01003827,20km to less than 30km,29,129,-100
E01003827,2km to less than 5km,111,160,-49
E01003827,30km to less than 40km,4,18,-14
E01003827,40km to less than 60km,4,6,-2
E01003827,5km to less than 10km,101,150,-49
E01003827,60km and over,6,10,-4
E01003827,Less than 2km,67,91,-24
E01003827,"Works mainly at an offshore installation, in no fixed place, or outside the UK",131,91,40
E01003827,Works mainly from home,521,125,396
E01003828,10km to less than 20km,48,136,-88
E01003828,20km to less than 30km,13,67,-54
E01003828,2km to less than 5km,59,157,-98
E01003828,30km to less than 40km,5,13,-8
E01003828,40km to less than 60km,4,2,2
E01003828,5km to less than 10km,69,137,-68
E01003828,60km and over,6,8,-2
E01003828,Less than 2km,34,79,-45
E01003828,"Works mainly at an offshore installation, in no fixed place, or outside the UK",58,60,-2
E01003828,Works mainly from home,368,108,260
E01003829,10km to less than 20km,56,110,-54
E01003829,20km to less than 30km,8,57,-49
E01003829,2km to less than 5km,104,166,-62
E01003829,30km to less than 40km,3,15,-12
E01003829,40km to less than 60km,2,3,-1
E01003829,5km to less than 10km,95,167,-72
E01003829,60km and over,1,16,-15
E01003829,Less than 2km,71,110,-39
E01003829,"Works mainly at an offshore installation, in no fixed place, or outside the UK",136,67,69
E01003829,Works mainly from home,265,67,198
E01003830,10km to less than 20km,75,157,-82
E01003830,20km to less than 30km,15,72,-57
E01003830,2km to less than 5km,89,171,-82
E01003830,30km to less than 40km,2,10,-8
E01003830,40km to less than 60km,2,2,0
E01003830,5km to less than 10km,89,141,-52
E01003830,60km and over,2,14,-12
E01003830,Less than 2km,76,129,-53
E01003830,"Works mainly at an offshore installation, in no fixed place, or outside the UK",93,69,24
E01003830,Works mainly from home,474,111,363
E01003831,10km to less than 20km,67,143,-76
E01003831,20km to less than 30km,19,63,-44
E01003831,2km to less than 5km,76,159,-83
E01003831,30km to less than 40km,4,8,-4
E01003831,40km to less than 60km,4,8,-4
E01003831,5km to less than 10km,105,200,-95
E01003831,60km and over,8,19,-11
E01003831,Less than 2km,61,90,-29
E01003831,"Works mainly at an offshore installation, in no fixed place, or outside the UK",107,65,42
E01003831,Works mainly from home,379,69,310
E01003832,10km to less than 20km,42,90,-48
E01003832,20km to less than 30km,32,48,-16
E01003832,2km to less than 5km,70,132,-62
E01003832,30km to less than 40km,4,10,-6
E01003832,40km to less than 60km,0,2,-2
E01003832,5km to less than 10km,95,179,-84
E01003832,60km and over,1,10,-9
E01003832,Less than 2km,71,74,-3
E01003832,"Works mainly at an offshore installation, in no fixed place, or outside the UK",90,73,17
E01003832,Works mainly from home,225,41,184
E01003833,10km to less than 20km,65,145,-80
E01003833,20km to less than 30km,12,52,-40
E01003833,2km to less than 5km,82,123,-41
E01003833,30km to less than 40km,1,12,-11
E01003833,40km to less than 60km,0,7,-7
E01003833,5km to less than 10km,128,203,-75
E01003833,60km and over,3,10,-7
E01003833,Less than 2km,47,76,-29
E01003833,"Works mainly at an offshore installation, in no fixed place, or outside the UK",96,58,38
E01003833,Works mainly from home,261,60,201
E01003834,10km to less than 20km,75,270,-195
E01003834,20km to less than 30km,19,46,-27
E01003834,2km to less than 5km,64,86,-22
E01003834,30km to less than 40km,2,22,-20
E01003834,40km to less than 60km,2,8,-6
E01003834,5km to less than 10km,77,103,-26
E01003834,60km and over,3,14,-11
E01003834,Less than 2km,74,121,-47
E01003834,"Works mainly at an offshore installation, in no fixed place, or outside the UK",69,74,-5
E01003834,Works mainly from home,497,124,373
E01003835,10km to less than 20km,53,220,-167
E01003835,20km to less than 30km,6,43,-37
E01003835,2km to less than 5km,47,112,-65
E01003835,30km to less than 40km,1,14,-13
E01003835,40km to less than 60km,1,13,-12
E01003835,5km to less than 10km,39,83,-44
E01003835,60km and over,2,10,-8
E01003835,Less than 2km,36,98,-62
E01003835,"Works mainly at an offshore installation, in no fixed place, or outside the UK",48,61,-13
E01003835,Works mainly from home,564,128,436
E01003836,10km to less than 20km,43,190,-147
E01003836,20km to less than 30km,4,35,-31
E01003836,2km to less than 5km,53,90,-37
E01003836,30km to less than 40km,2,4,-2
E01003836,40km to less than 60km,0,5,-5
E01003836,5km to less than 10km,44,78,-34
E01003836,60km and over,4,7,-3
E01003836,Less than 2km,63,90,-27
E01003836,"Works mainly at an offshore installation, in no fixed place, or outside the UK",56,45,11
E01003836,Works mainly from home,317,91,226
E01003837,10km to less than 20km,70,276,-206
E01003837,20km to less than 30km,11,33,-22
E01003837,2km to less than 5km,63,111,-48
E01003837,30km to less than 40km,2,11,-9
E01003837,40km to less than 60km,3,14,-11
E01003837,5km to less than 10km,56,96,-40
E01003837,60km and over,3,8,-5
E01003837,Less than 2km,55,88,-33
E01003837,"Works mainly at an offshore installation, in no fixed place, or outside the UK",88,74,14
E01003837,Works mainly from home,612,134,478
E01003838,10km to less than 20km,81,307,-226
E01003838,20km to less than 30km,8,42,-34
E01003838,2km to less than 5km,57,123,-66
E01003838,30km to less than 40km,1,14,-13
E01003838,40km to less than 60km,0,10,-10
E01003838,5km to less than 10km,54,137,-83
E01003838,60km and over,6,7,-1
E01003838,Less than 2km,84,142,-58
E01003838,"Works mainly at an offshore installation, in no fixed place, or outside the UK",61,76,-15
E01003838,Works mainly from home,590,122,468
E01003839,10km to less than 20km,124,294,-170
E01003839,20km to less than 30km,14,50,-36
E01003839,2km to less than 5km,99,124,-25
E01003839,30km to less than 40km,5,21,-16
E01003839,40km to less than 60km,2,7,-5
E01003839,5km to less than 10km,74,126,-52
E01003839,60km and over,3,10,-7
E01003839,Less than 2km,105,141,-36
E01003839,"Works mainly at an offshore installation, in no fixed place, or outside the UK",79,96,-17
E01003839,Works mainly from home,653,110,543
E01003840,10km to less than 20km,85,148,-63
E01003840,20km to less than 30km,15,50,-35
E01003840,2km to less than 5km,108,178,-70
E01003840,30km to less than 40km,7,9,-2
E01003840,40km to less than 60km,1,5,-4
E01003840,5km to less than 10km,115,150,-35
E01003840,60km and over,11,12,-1
E01003840,Less than 2km,55,75,-20
E01003840,"Works mainly at an offshore installation, in no fixed place, or outside the UK",165,93,72
E01003840,Works mainly from home,330,76,254
E01003841,10km to less than 20km,96,152,-56
E01003841,20km to less than 30km,27,38,-11
E01003841,2km to less than 5km,192,243,-51
E01003841,30km to less than 40km,7,7,0
E01003841,40km to less than 60km,2,5,-3
E01003841,5km to less than 10km,131,175,-44
E01003841,60km and over,3,4,-1
E01003841,Less than 2km,70,64,6
E01003841,"Works mainly at an offshore installation, in no fixed place, or outside the UK",182,104,78
E01003841,Works mainly from home,242,57,185
E01003842,10km to less than 20km,67,171,-104
E01003842,20km to less than 30km,13,44,-31
E01003842,2km to less than 5km,110,194,-84
E01003842,30km to less than 40km,1,6,-5
E01003842,40km to less than 60km,3,4,-1
E01003842,5km to less than 10km,73,142,-69
E01003842,60km and over,2,12,-10
E01003842,Less than 2km,63,101,-38
E01003842,"Works mainly at an offshore installation, in no fixed place, or outside the UK",94,70,24
E01003842,Works mainly from home,334,54,280
E01003843,10km to less than 20km,92,156,-64
E01003843,20km to less than 30km,21,58,-37
E01003843,2km to less than 5km,166,228,-62
E01003843,30km to less than 40km,4,8,-4
E01003843,40km to less than 60km,2,9,-7
E01003843,5km to less than 10km,168,206,-38
E01003843,60km and over,3,11,-8
E01003843,Less than 2km,59,76,-17
E01003843,"Works mainly at an offshore installation, in no fixed place, or outside the UK",168,116,52
E01003843,Works mainly from home,294,74,220
E01003844,10km to less than 20km,62,189,-127
E01003844,20km to less than 30km,16,40,-24
E01003844,2km to less than 5km,67,143,-76
E01003844,30km to less than 40km,2,9,-7
E01003844,40km to less than 60km,1,7,-6
E01003844,5km to less than 10km,64,106,-42
E01003844,60km and over,4,7,-3
E01003844,Less than 2km,45,84,-39
E01003844,"Works mainly at an offshore installation, in no fixed place, or outside the UK",75,60,15
E01003844,Works mainly from home,319,75,244
E01003845,10km to less than 20km,80,120,-40
E01003845,20km to less than 30km,19,66,-47
E01003845,2km to less than 5km,105,180,-75
E01003845,30km to less than 40km,1,14,-13
E01003845,40km to less than 60km,6,5,1
E01003845,5km to less than 10km,94,154,-60
E01003845,60km and over,4,11,-7
E01003845,Less than 2km,55,71,-16
E01003845,"Works mainly at an offshore installation, in no fixed place, or outside the UK",89,82,7
E01003845,Works mainly from home,367,80,287
E01003846,10km to less than 20km,53,287,-234
E01003846,20km to less than 30km,1,19,-18
E01003846,2km to less than 5km,40,84,-44
E01003846,30km to less than 40km,4,17,-13
E01003846,40km to less than 60km,2,13,-11
E01003846,5km to less than 10km,55,102,-47
E01003846,60km and over,5,13,-8
E01003846,Less than 2km,22,70,-48
E01003846,"Works mainly at an offshore installation, in no fixed place, or outside the UK",51,69,-18
E01003846,Works mainly from home,597,177,420
E01003847,10km to less than 20km,83,332,-249
E01003847,20km to less than 30km,11,17,-6
E01003847,2km to less than 5km,51,114,-63
E01003847,30km to less than 40km,3,21,-18
E01003847,40km to less than 60km,3,12,-9
E01003847,5km to less than 10km,72,122,-50
E01003847,60km and over,3,12,-9
E01003847,Less than 2km,62,104,-42
E01003847,"Works mainly at an offshore installation, in no fixed place, or outside the UK",77,84,-7
E01003847,Works mainly from home,589,108,481
E01003848,10km to less than 20km,89,352,-263
E01003848,20km to less than 30km,5,22,-17
E01003848,2km to less than 5km,49,146,-97
E01003848,30km to less than 40km,1,17,-16
E01003848,40km to less than 60km,1,16,-15
E01003848,5km to less than 10km,97,187,-90
E01003848,60km and over,4,16,-12
E01003848,Less than 2km,70,109,-39
E01003848,"Works mainly at an offshore installation, in no fixed place, or outside the UK",81,85,-4
E01003848,Works mainly from home,666,125,541
E01003849,10km to less than 20km,58,291,-233
E01003849,20km to less than 30km,5,19,-14
E01003849,2km to less than 5km,36,78,-42
E01003849,30km to less than 40km,2,8,-6
E01003849,40km to less than 60km,3,3,0
E01003849,5km to less than 10km,42,111,-69
E01003849,60km and over,3,8,-5
E01003849,Less than 2km,23,74,-51
E01003849,"Works mainly at an offshore installation, in no fixed place, or outside the UK",51,65,-14
E01003849,Works mainly from home,540,127,413
E01003851,10km to less than 20km,45,277,-232
E01003851,20km to less than 30km,3,16,-13
E01003851,2km to less than 5km,45,84,-39
E01003851,30km to less than 40km,5,11,-6
E01003851,40km to less than 60km,2,5,-3
E01003851,5km to less than 10km,52,125,-73
E01003851,60km and over,2,12,-10
E01003851,Less than 2km,35,79,-44
E01003851,"Works mainly at an offshore installation, in no fixed place, or outside the UK",27,59,-32
E01003851,Works mainly from home,554,166,388
E01003852,10km to less than 20km,53,177,-124
E01003852,20km to less than 30km,6,16,-10
E01003852,2km to less than 5km,55,87,-32
E01003852,30km to less than 40km,5,3,2
E01003852,40km to less than 60km,3,10,-7
E01003852,5km to less than 10km,87,202,-115
E01003852,60km and over,2,7,-5
E01003852,Less than 2km,35,56,-21
E01003852,"Works mainly at an offshore installation, in no fixed place, or outside the UK",77,64,13
E01003852,Works mainly from home,417,103,314
E01003853,10km to less than 20km,32,153,-121
E01003853,20km to less than 30km,2,12,-10
E01003853,2km to less than 5km,43,83,-40
E01003853,30km to less than 40km,3,8,-5
E01003853,40km to less than 60km,0,2,-2
E01003853,5km to less than 10km,57,192,-135
E01003853,60km and over,6,15,-9
E01003853,Less than 2km,36,50,-14
E01003853,"Works mainly at an offshore installation, in no fixed place, or outside the UK",51,50,1
E01003853,Works mainly from home,408,135,273
E01003854,10km to less than 20km,34,186,-152
E01003854,20km to less than 30km,2,7,-5
E01003854,2km to less than 5km,36,100,-64
E01003854,30km to less than 40km,3,10,-7
E01003854,40km to less than 60km,1,5,-4
E01003854,5km to less than 10km,63,191,-128
E01003854,60km and over,4,15,-11
E01003854,Less than 2km,37,72,-35
E01003854,"Works mainly at an offshore installation, in no fixed place, or outside the UK",56,58,-2
E01003854,Works mainly from home,480,129,351
E01003855,10km to less than 20km,71,265,-194
E01003855,20km to less than 30km,6,14,-8
E01003855,2km to less than 5km,78,139,-61
E01003855,30km to less than 40km,6,12,-6
E01003855,40km to less than 60km,1,12,-11
E01003855,5km to less than 10km,116,203,-87
E01003855,60km and over,4,13,-9
E01003855,Less than 2km,71,98,-27
E01003855,"Works mainly at an offshore installation, in no fixed place, or outside the UK",98,71,27
E01003855,Works mainly from home,526,105,421
E01003856,10km to less than 20km,52,303,-251
E01003856,20km to less than 30km,2,13,-11
E01003856,2km to less than 5km,50,146,-96
E01003856,30km to less than 40km,1,11,-10
E01003856,40km to less than 60km,4,9,-5
E01003856,5km to less than 10km,113,253,-140
E01003856,60km and over,3,12,-9
E01003856,Less than 2km,64,68,-4
E01003856,"Works mainly at an offshore installation, in no fixed place, or outside the UK",62,73,-11
E01003856,Works mainly from home,618,131,487
E01003857,10km to less than 20km,62,275,-213
E01003857,20km to less than 30km,3,12,-9
E01003857,2km to less than 5km,59,120,-61
E01003857,30km to less than 40km,3,8,-5
E01003857,40km to less than 60km,2,9,-7
E01003857,5km to less than 10km,101,253,-152
E01003857,60km and over,2,16,-14
E01003857,Less than 2km,40,87,-47
E01003857,"Works mainly at an offshore installation, in no fixed place, or outside the UK",57,74,-17
E01003857,Works mainly from home,710,137,573
E01003858,10km to less than 20km,54,273,-219
E01003858,20km to less than 30km,3,6,-3
E01003858,2km to less than 5km,40,107,-67
E01003858,30km to less than 40km,0,11,-11
E01003858,40km to less than 60km,0,13,-13
E01003858,5km to less than 10km,76,212,-136
E01003858,60km and over,4,10,-6
E01003858,Less than 2km,34,77,-43
E01003858,"Works mainly at an offshore installation, in no fixed place, or outside the UK",47,64,-17
E01003858,Works mainly from home,636,119,517
E01003859,10km to less than 20km,36,283,-247
E01003859,20km to less than 30km,2,7,-5
E01003859,2km to less than 5km,52,102,-50
E01003859,30km to less than 40km,4,7,-3
E01003859,40km to less than 60km,2,2,0
E01003859,5km to less than 10km,59,129,-70
E01003859,60km and over,4,5,-1
E01003859,Less than 2km,44,95,-51
E01003859,"Works mainly at an offshore installation, in no fixed place, or outside the UK",60,52,8
E01003859,Works mainly from home,519,129,390
E01003860,10km to less than 20km,67,440,-373
E01003860,20km to less than 30km,11,39,-28
E01003860,2km to less than 5km,50,106,-56
E01003860,30km to less than 40km,4,20,-16
E01003860,40km to less than 60km,2,6,-4
E01003860,5km to less than 10km,68,141,-73
E01003860,60km and over,8,13,-5
E01003860,Less than 2km,46,67,-21
E01003860,"Works mainly at an offshore installation, in no fixed place, or outside the UK",64,85,-21
E01003860,Works mainly from home,686,164,522
E01003861,10km to less than 20km,111,479,-368
E01003861,20km to less than 30km,5,34,-29
E01003861,2km to less than 5km,38,105,-67
E01003861,30km to less than 40km,6,29,-23
E01003861,40km to less than 60km,1,13,-12
E01003861,5km to less than 10km,81,157,-76
E01003861,60km and over,1,19,-18
E01003861,Less than 2km,68,112,-44
E01003861,"Works mainly at an offshore installation, in no fixed place, or outside the UK",75,51,24
E01003861,Works mainly from home,795,122,673
E01003862,10km to less than 20km,71,216,-145
E01003862,20km to less than 30km,8,15,-7
E01003862,2km to less than 5km,62,99,-37
E01003862,30km to less than 40km,3,8,-5
E01003862,40km to less than 60km,5,12,-7
E01003862,5km to less than 10km,88,121,-33
E01003862,60km and over,3,7,-4
E01003862,Less than 2km,80,103,-23
E01003862,"Works mainly at an offshore installation, in no fixed place, or outside the UK",105,56,49
E01003862,Works mainly from home,501,98,403
E01003863,10km to less than 20km,46,224,-178
E01003863,20km to less than 30km,6,14,-8
E01003863,2km to less than 5km,30,61,-31
E01003863,30km to less than 40km,4,15,-11
E01003863,40km to less than 60km,2,1,1
E01003863,5km to less than 10km,51,104,-53
E01003863,60km and over,1,14,-13
E01003863,Less than 2km,44,87,-43
E01003863,"Works mainly at an offshore installation, in no fixed place, or outside the UK",52,65,-13
E01003863,Works mainly from home,408,100,308
E01003864,10km to less than 20km,69,294,-225
E01003864,20km to less than 30km,5,24,-19
E01003864,2km to less than 5km,25,62,-37
E01003864,30km to less than 40km,5,20,-15
E01003864,40km to less than 60km,0,9,-9
E01003864,5km to less than 10km,59,115,-56
E01003864,60km and over,3,9,-6
E01003864,Less than 2km,44,78,-34
E01003864,"Works mainly at an offshore installation, in no fixed place, or outside the UK",43,64,-21
E01003864,Works mainly from home,462,119,343
E01003865,10km to less than 20km,62,190,-128
E01003865,20km to less than 30km,3,7,-4
E01003865,2km to less than 5km,50,97,-47
E01003865,30km to less than 40km,1,15,-14
E01003865,40km to less than 60km,3,8,-5
E01003865,5km to less than 10km,72,121,-49
E01003865,60km and over,4,8,-4
E01003865,Less than 2km,53,91,-38
E01003865,"Works mainly at an offshore installation, in no fixed place, or outside the UK",74,65,9
E01003865,Works mainly from home,411,71,340
E01003866,10km to less than 20km,61,326,-265
E01003866,20km to less than 30km,6,46,-40
E01003866,2km to less than 5km,47,79,-32
E01003866,30km to less than 40km,3,11,-8
E01003866,40km to less than 60km,1,7,-6
E01003866,5km to less than 10km,44,121,-77
E01003866,60km and over,2,11,-9
E01003866,Less than 2km,39,79,-40
E01003866,"Works mainly at an offshore installation, in no fixed place, or outside the UK",37,56,-19
E01003866,Works mainly from home,667,122,545
E01003867,10km to less than 20km,86,234,-148
E01003867,20km to less than 30km,9,36,-27
E01003867,2km to less than 5km,81,99,-18
E01003867,30km to less than 40km,3,15,-12
E01003867,40km to less than 60km,3,9,-6
E01003867,5km to less than 10km,74,143,-69
E01003867,60km and over,3,19,-16
E01003867,Less than 2km,66,110,-44
E01003867,"Works mainly at an offshore installation, in no fixed place, or outside the UK",74,58,16
E01003867,Works mainly from home,403,86,317
E01003868,10km to less than 20km,62,339,-277
E01003868,20km to less than 30km,12,41,-29
E01003868,2km to less than 5km,40,79,-39
E01003868,30km to less than 40km,1,12,-11
E01003868,40km to less than 60km,3,11,-8
E01003868,5km to less than 10km,60,119,-59
E01003868,60km and over,6,11,-5
E01003868,Less than 2km,42,82,-40
E01003868,"Works mainly at an offshore installation, in no fixed place, or outside the UK",49,55,-6
E01003868,Works mainly from home,628,144,484
E01003869,10km to less than 20km,73,324,-251
E01003869,20km to less than 30km,11,43,-32
E01003869,2km to less than 5km,63,122,-59
E01003869,30km to less than 40km,6,29,-23
E01003869,40km to less than 60km,7,18,-11
E01003869,5km to less than 10km,52,137,-85
E01003869,60km and over,4,17,-13
E01003869,Less than 2km,47,111,-64
E01003869,"Works mainly at an offshore installation, in no fixed place, or outside the UK",81,51,30
E01003869,Works mainly from home,578,117,461
E01003870,10km to less than 20km,109,365,-256
E01003870,20km to less than 30km,17,63,-46
E01003870,2km to less than 5km,63,127,-64
E01003870,30km to less than 40km,7,22,-15
E01003870,40km to less than 60km,9,23,-14
E01003870,5km to less than 10km,74,107,-33
E01003870,60km and over,3,11,-8
E01003870,Less than 2km,68,126,-58
E01003870,"Works mainly at an offshore installation, in no fixed place, or outside the UK",66,71,-5
E01003870,Works mainly from home,766,129,637
E01003871,10km to less than 20km,88,319,-231
E01003871,20km to less than 30km,4,37,-33
E01003871,2km to less than 5km,67,105,-38
E01003871,30km to less than 40km,6,16,-10
E01003871,40km to less than 60km,0,9,-9
E01003871,5km to less than 10km,55,131,-76
E01003871,60km and over,3,14,-11
E01003871,Less than 2km,57,103,-46
E01003871,"Works mainly at an offshore installation, in no fixed place, or outside the UK",58,72,-14
E01003871,Works mainly from home,555,123,432
E01003872,10km to less than 20km,76,317,-241
E01003872,20km to less than 30km,11,37,-26
E01003872,2km to less than 5km,44,73,-29
E01003872,30km to less than 40km,5,14,-9
E01003872,40km to less than 60km,1,4,-3
E01003872,5km to less than 10km,57,125,-68
E01003872,60km and over,1,15,-14
E01003872,Less than 2km,34,90,-56
E01003872,"Works mainly at an offshore installation, in no fixed place, or outside the UK",66,59,7
E01003872,Works mainly from home,589,120,469
E01003873,10km to less than 20km,76,420,-344
E01003873,20km to less than 30km,3,36,-33
E01003873,2km to less than 5km,38,84,-46
E01003873,30km to less than 40km,5,17,-12
E01003873,40km to less than 60km,4,7,-3
E01003873,5km to less than 10km,61,103,-42
E01003873,60km and over,4,14,-10
E01003873,Less than 2km,41,65,-24
E01003873,"Works mainly at an offshore installation, in no fixed place, or outside the UK",53,60,-7
E01003873,Works mainly from home,623,165,458
E01003874,10km to less than 20km,85,439,-354
E01003874,20km to less than 30km,7,20,-13
E01003874,2km to less than 5km,43,64,-21
E01003874,30km to less than 40km,3,26,-23
E01003874,40km to less than 60km,0,11,-11
E01003874,5km to less than 10km,61,108,-47
E01003874,60km and over,4,10,-6
E01003874,Less than 2km,19,82,-63
E01003874,"Works mainly at an offshore installation, in no fixed place, or outside the UK",44,82,-38
E01003874,Works mainly from home,667,133,534
E01003875,10km to less than 20km,59,311,-252
E01003875,20km to less than 30km,4,15,-11
E01003875,2km to less than 5km,32,53,-21
E01003875,30km to less than 40km,2,26,-24
E01003875,40km to less than 60km,2,11,-9
E01003875,5km to less than 10km,54,92,-38
E01003875,60km and over,5,9,-4
E01003875,Less than 2km,34,57,-23
E01003875,"Works mainly at an offshore installation, in no fixed place, or outside the UK",45,46,-1
E01003875,Works mainly from home,505,131,374
E01003876,10km to less than 20km,100,380,-280
E01003876,20km to less than 30km,10,37,-27
E01003876,2km to less than 5km,55,76,-21
E01003876,30km to less than 40km,6,15,-9
E01003876,40km to less than 60km,1,9,-8
E01003876,5km to less than 10km,75,127,-52
E01003876,60km and over,10,13,-3
E01003876,Less than 2km,52,76,-24
E01003876,"Works mainly at an offshore installation, in no fixed place, or outside the UK",59,58,1
E01003876,Works mainly from home,698,187,511
E01003877,10km to less than 20km,60,313,-253
E01003877,20km to less than 30km,6,39,-33
E01003877,2km to less than 5km,37,52,-15
E01003877,30km to less than 40km,0,14,-14
E01003877,40km to less than 60km,1,14,-13
E01003877,5km to less than 10km,47,89,-42
E01003877,60km and over,4,13,-9
E01003877,Less than 2km,19,57,-38
E01003877,"Works mainly at an offshore installation, in no fixed place, or outside the UK",43,59,-16
E01003877,Works mainly from home,548,130,418
E01003878,10km to less than 20km,50,192,-142
E01003878,20km to less than 30km,1,11,-10
E01003878,2km to less than 5km,57,84,-27
E01003878,30km to less than 40km,1,8,-7
E01003878,40km to less than 60km,2,5,-3
E01003878,5km to less than 10km,60,113,-53
E01003878,60km and over,12,18,-6
E01003878,Less than 2km,38,78,-40
E01003878,"Works mainly at an offshore installation, in no fixed place, or outside the UK",60,59,1
E01003878,Works mainly from home,340,106,234
E01003879,10km to less than 20km,66,313,-247
E01003879,20km to less than 30km,2,34,-32
E01003879,2km to less than 5km,21,56,-35
E01003879,30km to less than 40km,6,11,-5
E01003879,40km to less than 60km,5,11,-6
E01003879,5km to less than 10km,39,90,-51
E01003879,60km and over,4,14,-10
E01003879,Less than 2km,24,78,-54
E01003879,"Works mainly at an offshore installation, in no fixed place, or outside the UK",34,44,-10
E01003879,Works mainly from home,508,158,350
E01003880,10km to less than 20km,52,265,-213
E01003880,20km to less than 30km,4,43,-39
E01003880,2km to less than 5km,47,112,-65
E01003880,30km to less than 40km,1,16,-15
E01003880,40km to less than 60km,2,5,-3
E01003880,5km to less than 10km,40,79,-39
E01003880,60km and over,4,4,0
E01003880,Less than 2km,51,94,-43
E01003880,"Works mainly at an offshore installation, in no fixed place, or outside the UK",49,64,-15
E01003880,Works mainly from home,522,131,391
E01003881,10km to less than 20km,53,234,-181
E01003881,20km to less than 30km,7,48,-41
E01003881,2km to less than 5km,54,128,-74
E01003881,30km to less than 40km,7,27,-20
E01003881,40km to less than 60km,7,10,-3
E01003881,5km to less than 10km,41,84,-43
E01003881,60km and over,17,28,-11
E01003881,Less than 2km,39,127,-88
E01003881,"Works mainly at an offshore installation, in no fixed place, or outside the UK",68,63,5
E01003881,Works mainly from home,349,126,223
E01003882,10km to less than 20km,72,388,-316
E01003882,20km to less than 30km,10,43,-33
E01003882,2km to less than 5km,80,130,-50
E01003882,30km to less than 40km,2,22,-20
E01003882,40km to less than 60km,2,10,-8
E01003882,5km to less than 10km,66,104,-38
E01003882,60km and over,6,9,-3
E01003882,Less than 2km,76,94,-18
E01003882,"Works mainly at an offshore installation, in no fixed place, or outside the UK",75,96,-21
E01003882,Works mainly from home,687,154,533
E01003883,10km to less than 20km,106,445,-339
E01003883,20km to less than 30km,12,72,-60
E01003883,2km to less than 5km,53,126,-73
E01003883,30km to less than 40km,6,29,-23
E01003883,40km to less than 60km,1,18,-17
E01003883,5km to less than 10km,80,152,-72
E01003883,60km and over,5,20,-15
E01003883,Less than 2km,60,111,-51
E01003883,"Works mainly at an offshore installation, in no fixed place, or outside the UK",72,83,-11
E01003883,Works mainly from home,719,114,605
E01003884,10km to less than 20km,69,249,-180
E01003884,20km to less than 30km,7,55,-48
E01003884,2km to less than 5km,63,105,-42
E01003884,30km to less than 40km,4,21,-17
E01003884,40km to less than 60km,2,10,-8
E01003884,5km to less than 10km,62,95,-33
E01003884,60km and over,2,15,-13
E01003884,Less than 2km,66,127,-61
E01003884,"Works mainly at an offshore installation, in no fixed place, or outside the UK",59,71,-12
E01003884,Works mainly from home,490,115,375
E01003885,10km to less than 20km,75,255,-180
E01003885,20km to less than 30km,10,49,-39
E01003885,2km to less than 5km,61,115,-54
E01003885,30km to less than 40km,4,13,-9
E01003885,40km to less than 60km,0,14,-14
E01003885,5km to less than 10km,51,100,-49
E01003885,60km and over,8,10,-2
E01003885,Less than 2km,80,105,-25
E01003885,"Works mainly at an offshore installation, in no fixed place, or outside the UK",58,76,-18
E01003885,Works mainly from home,463,102,361
E01003886,10km to less than 20km,64,307,-243
E01003886,20km to less than 30km,8,64,-56
E01003886,2km to less than 5km,63,122,-59
E01003886,30km to less than 40km,2,18,-16
E01003886,40km to less than 60km,2,7,-5
E01003886,5km to less than 10km,58,117,-59
E01003886,60km and over,5,13,-8
E01003886,Less than 2km,66,115,-49
E01003886,"Works mainly at an offshore installation, in no fixed place, or outside the UK",57,71,-14
E01003886,Works mainly from home,516,130,386
E01003887,10km to less than 20km,94,335,-241
E01003887,20km to less than 30km,18,67,-49
E01003887,2km to less than 5km,72,124,-52
E01003887,30km to less than 40km,3,15,-12
E01003887,40km to less than 60km,5,10,-5
E01003887,5km to less than 10km,59,124,-65
E01003887,60km and over,2,8,-6
E01003887,Less than 2km,74,138,-64
E01003887,"Works mainly at an offshore installation, in no fixed place, or outside the UK",65,75,-10
E01003887,Works mainly from home,591,110,481
E01003888,10km to less than 20km,81,250,-169
E01003888,20km to less than 30km,12,71,-59
E01003888,2km to less than 5km,98,160,-62
E01003888,30km to less than 40km,5,18,-13
E01003888,40km to less than 60km,4,7,-3
E01003888,5km to less than 10km,71,119,-48
E01003888,60km and over,3,11,-8
E01003888,Less than 2km,89,141,-52
E01003888,"Works mainly at an offshore installation, in no fixed place, or outside the UK",112,76,36
E01003888,Works mainly from home,493,125,368
E01003889,10km to less than 20km,63,275,-212
E01003889,20km to less than 30km,11,67,-56
E01003889,2km to less than 5km,64,110,-46
E01003889,30km to less than 40km,2,12,-10
E01003889,40km to less than 60km,0,17,-17
E01003889,5km to less than 10km,48,127,-79
E01003889,60km and over,2,10,-8
E01003889,Less than 2km,37,132,-95
E01003889,"Works mainly at an offshore installation, in no fixed place, or outside the UK",61,68,-7
E01003889,Works mainly from home,552,137,415
E01003890,10km to less than 20km,55,244,-189
E01003890,20km to less than 30km,6,39,-33
E01003890,2km to less than 5km,68,131,-63
E01003890,30km to less than 40km,4,14,-10
E01003890,40km to less than 60km,1,11,-10
E01003890,5km to less than 10km,50,97,-47
E01003890,60km and over,5,11,-6
E01003890,Less than 2km,69,121,-52
E01003890,"Works mainly at an offshore installation, in no fixed place, or outside the UK",54,56,-2
E01003890,Works mainly from home,537,120,417
E01003891,10km to less than 20km,57,272,-215
E01003891,20km to less than 30km,11,50,-39
E01003891,2km to less than 5km,69,153,-84
E01003891,30km to less than 40km,1,17,-16
E01003891,40km to less than 60km,3,11,-8
E01003891,5km to less than 10km,44,130,-86
E01003891,60km and over,1,12,-11
E01003891,Less than 2km,68,99,-31
E01003891,"Works mainly at an offshore installation, in no fixed place, or outside the UK",58,64,-6
E01003891,Works mainly from home,528,151,377
E01003892,10km to less than 20km,90,387,-297
E01003892,20km to less than 30km,8,51,-43
E01003892,2km to less than 5km,46,94,-48
E01003892,30km to less than 40km,2,28,-26
E01003892,40km to less than 60km,1,13,-12
E01003892,5km to less than 10km,37,139,-102
E01003892,60km and over,2,9,-7
E01003892,Less than 2km,35,70,-35
E01003892,"Works mainly at an offshore installation, in no fixed place, or outside the UK",55,87,-32
E01003892,Works mainly from home,703,199,504
E01003893,10km to less than 20km,58,328,-270
E01003893,20km to less than 30km,6,40,-34
E01003893,2km to less than 5km,38,78,-40
E01003893,30km to less than 40km,2,23,-21
E01003893,40km to less than 60km,1,13,-12
E01003893,5km to less than 10km,58,109,-51
E01003893,60km and over,8,8,0
E01003893,Less than 2km,54,72,-18
E01003893,"Works mainly at an offshore installation, in no fixed place, or outside the UK",76,94,-18
E01003893,Works mainly from home,577,145,432
E01003894,10km to less than 20km,58,370,-312
E01003894,20km to less than 30km,12,42,-30
E01003894,2km to less than 5km,51,87,-36
E01003894,30km to less than 40km,5,22,-17
E01003894,40km to less than 60km,3,16,-13
E01003894,5km to less than 10km,41,124,-83
E01003894,60km and over,4,16,-12
E01003894,Less than 2km,53,88,-35
E01003894,"Works mainly at an offshore installation, in no fixed place, or outside the UK",68,86,-18
E01003894,Works mainly from home,647,137,510
E01003895,10km to less than 20km,62,335,-273
E01003895,20km to less than 30km,8,39,-31
E01003895,2km to less than 5km,57,100,-43
E01003895,30km to less than 40km,4,16,-12
E01003895,40km to less than 60km,0,13,-13
E01003895,5km to less than 10km,53,118,-65
E01003895,60km and over,5,16,-11
E01003895,Less than 2km,46,108,-62
E01003895,"Works mainly at an offshore installation, in no fixed place, or outside the UK",77,84,-7
E01003895,Works mainly from home,577,139,438
E01003896,10km to less than 20km,89,345,-256
E01003896,20km to less than 30km,15,39,-24
E01003896,2km to less than 5km,72,128,-56
E01003896,30km to less than 40km,1,7,-6
E01003896,40km to less than 60km,3,8,-5
E01003896,5km to less than 10km,77,139,-62
E01003896,60km and over,4,14,-10
E01003896,Less than 2km,77,133,-56
E01003896,"Works mainly at an offshore installation, in no fixed place, or outside the UK",100,74,26
E01003896,Works mainly from home,646,166,480
E01003897,10km to less than 20km,95,413,-318
E01003897,20km to less than 30km,15,46,-31
E01003897,2km to less than 5km,99,146,-47
E01003897,30km to less than 40km,3,24,-21
E01003897,40km to less than 60km,2,8,-6
E01003897,5km to less than 10km,69,147,-78
E01003897,60km and over,4,22,-18
E01003897,Less than 2km,71,131,-60
E01003897,"Works mainly at an offshore installation, in no fixed place, or outside the UK",83,77,6
E01003897,Works mainly from home,660,112,548
E01003898,10km to less than 20km,79,295,-216
E01003898,20km to less than 30km,12,59,-47
E01003898,2km to less than 5km,68,112,-44
E01003898,30km to less than 40km,3,17,-14
E01003898,40km to less than 60km,2,12,-10
E01003898,5km to less than 10km,68,103,-35
E01003898,60km and over,5,7,-2
E01003898,Less than 2km,58,97,-39
E01003898,"Works mainly at an offshore installation, in no fixed place, or outside the UK",84,91,-7
E01003898,Works mainly from home,542,144,398
E01003899,10km to less than 20km,77,231,-154
E01003899,20km to less than 30km,14,50,-36
E01003899,2km to less than 5km,58,135,-77
E01003899,30km to less than 40km,4,9,-5
E01003899,40km to less than 60km,2,13,-11
E01003899,5km to less than 10km,56,108,-52
E01003899,60km and over,2,11,-9
E01003899,Less than 2km,60,111,-51
E01003899,"Works mainly at an offshore installation, in no fixed place, or outside the UK",65,48,17
E01003899,Works mainly from home,437,94,343
E01003900,10km to less than 20km,68,118,-50
E01003900,20km to less than 30km,14,36,-22
E01003900,2km to less than 5km,102,176,-74
E01003900,30km to less than 40km,6,11,-5
E01003900,40km to less than 60km,1,3,-2
E01003900,5km to less than 10km,67,91,-24
E01003900,60km and over,2,8,-6
E01003900,Less than 2km,81,109,-28
E01003900,"Works mainly at an offshore installation, in no fixed place, or outside the UK",83,74,9
E01003900,Works mainly from home,356,111,245
E01003901,10km to less than 20km,68,198,-130
E01003901,20km to less than 30km,17,64,-47
E01003901,2km to less than 5km,82,159,-77
E01003901,30km to less than 40km,2,13,-11
E01003901,40km to less than 60km,4,13,-9
E01003901,5km to less than 10km,61,133,-72
E01003901,60km and over,4,9,-5
E01003901,Less than 2km,76,126,-50
E01003901,"Works mainly at an offshore installation, in no fixed place, or outside the UK",122,68,54
E01003901,Works mainly from home,475,112,363
E01003902,10km to less than 20km,69,150,-81
E01003902,20km to less than 30km,13,41,-28
E01003902,2km to less than 5km,74,163,-89
E01003902,30km to less than 40km,0,7,-7
E01003902,40km to less than 60km,3,7,-4
E01003902,5km to less than 10km,58,89,-31
E01003902,60km and over,4,16,-12
E01003902,Less than 2km,52,78,-26
E01003902,"Works mainly at an offshore installation, in no fixed place, or outside the UK",72,56,16
E01003902,Works mainly from home,350,80,270
E01003903,10km to less than 20km,57,122,-65
E01003903,20km to less than 30km,11,59,-48
E01003903,2km to less than 5km,119,197,-78
E01003903,30km to less than 40km,4,8,-4
E01003903,40km to less than 60km,1,8,-7
E01003903,5km to less than 10km,72,151,-79
E01003903,60km and over,3,15,-12
E01003903,Less than 2km,41,77,-36
E01003903,"Works mainly at an offshore installation, in no fixed place, or outside the UK",110,96,14
E01003903,Works mainly from home,339,83,256
E01003904,10km to less than 20km,58,222,-164
E01003904,20km to less than 30km,10,66,-56
E01003904,2km to less than 5km,62,137,-75
E01003904,30km to less than 40km,2,9,-7
E01003904,40km to less than 60km,3,7,-4
E01003904,5km to less than 10km,44,115,-71
E01003904,60km and over,3,10,-7
E01003904,Less than 2km,68,105,-37
E01003904,"Works mainly at an offshore installation, in no fixed place, or outside the UK",78,75,3
E01003904,Works mainly from home,490,91,399
E01003905,10km to less than 20km,65,174,-109
E01003905,20km to less than 30km,5,34,-29
E01003905,2km to less than 5km,83,153,-70
E01003905,30km to less than 40km,6,7,-1
E01003905,40km to less than 60km,2,5,-3
E01003905,5km to less than 10km,55,116,-61
E01003905,60km and over,2,15,-13
E01003905,Less than 2km,49,142,-93
E01003905,"Works mainly at an offshore installation, in no fixed place, or outside the UK",79,63,16
E01003905,Works mainly from home,333,84,249
E01003906,10km to less than 20km,79,174,-95
E01003906,20km to less than 30km,5,50,-45
E01003906,2km to less than 5km,96,162,-66
E01003906,30km to less than 40km,5,12,-7
E01003906,40km to less than 60km,4,6,-2
E01003906,5km to less than 10km,80,137,-57
E01003906,60km and over,4,11,-7
E01003906,Less than 2km,71,120,-49
E01003906,"Works mainly at an offshore installation, in no fixed place, or outside the UK",121,76,45
E01003906,Works mainly from home,410,89,321
E01003907,10km to less than 20km,56,168,-112
E01003907,20km to less than 30km,6,34,-28
E01003907,2km to less than 5km,115,174,-59
E01003907,30km to less than 40km,3,9,-6
E01003907,40km to less than 60km,2,5,-3
E01003907,5km to less than 10km,92,149,-57
E01003907,60km and over,3,10,-7
E01003907,Less than 2km,51,65,-14
E01003907,"Works mainly at an offshore installation, in no fixed place, or outside the UK",114,78,36
E01003907,Works mainly from home,313,71,242
E01003908,10km to less than 20km,68,191,-123
E01003908,20km to less than 30km,15,48,-33
E01003908,2km to less than 5km,130,205,-75
E01003908,30km to less than 40km,4,10,-6
E01003908,40km to less than 60km,0,8,-8
E01003908,5km to less than 10km,83,143,-60
E01003908,60km and over,3,9,-6
E01003908,Less than 2km,58,128,-70
E01003908,"Works mainly at an offshore installation, in no fixed place, or outside the UK",135,81,54
E01003908,Works mainly from home,409,121,288
E01003909,10km to less than 20km,61,205,-144
E01003909,20km to less than 30km,15,69,-54
E01003909,2km to less than 5km,87,178,-91
E01003909,30km to less than 40km,2,10,-8
E01003909,40km to less than 60km,0,4,-4
E01003909,5km to less than 10km,77,124,-47
E01003909,60km and over,2,9,-7
E01003909,Less than 2km,69,105,-36
E01003909,"Works mainly at an offshore installation, in no fixed place, or outside the UK",101,92,9
E01003909,Works mainly from home,361,106,255
E01003910,10km to less than 20km,67,174,-107
E01003910,20km to less than 30km,7,32,-25
E01003910,2km to less than 5km,91,124,-33
E01003910,30km to less than 40km,7,6,1
E01003910,40km to less than 60km,2,8,-6
E01003910,5km to less than 10km,71,120,-49
E01003910,60km and over,4,9,-5
E01003910,Less than 2km,61,108,-47
E01003910,"Works mainly at an offshore installation, in no fixed place, or outside the UK",82,50,32
E01003910,Works mainly from home,418,83,335
E01003911,10km to less than 20km,51,55,-4
E01003911,20km to less than 30km,5,23,-18
E01003911,2km to less than 5km,161,251,-90
E01003911,30km to less than 40km,2,6,-4
E01003911,40km to less than 60km,0,3,-3
E01003911,5km to less than 10km,183,276,-93
E01003911,60km and over,17,14,3
E01003911,Less than 2km,124,148,-24
E01003911,"Works mainly at an offshore installation, in no fixed place, or outside the UK",139,107,32
E01003911,Works mainly from home,338,70,268
E01003912,10km to less than 20km,56,57,-1
E01003912,20km to less than 30km,5,8,-3
E01003912,2km to less than 5km,122,137,-15
E01003912,30km to less than 40km,3,3,0
E01003912,40km to less than 60km,2,5,-3
E01003912,5km to less than 10km,141,155,-14
E01003912,60km and over,13,12,1
E01003912,Less than 2km,97,71,26
E01003912,"Works mainly at an offshore installation, in no fixed place, or outside the UK",119,83,36
E01003912,Works mainly from home,138,34,104
E01003913,10km to less than 20km,33,46,-13
E01003913,20km to less than 30km,8,13,-5
E01003913,2km to less than 5km,136,225,-89
E01003913,30km to less than 40km,3,6,-3
E01003913,40km to less than 60km,2,7,-5
E01003913,5km to less than 10km,182,372,-190
E01003913,60km and over,11,7,4
E01003913,Less than 2km,130,137,-7
E01003913,"Works mainly at an offshore installation, in no fixed place, or outside the UK",96,86,10
E01003913,Works mainly from home,632,120,512
E01003914,10km to less than 20km,34,69,-35
E01003914,20km to less than 30km,6,10,-4
E01003914,2km to less than 5km,103,224,-121
E01003914,30km to less than 40km,5,5,0
E01003914,40km to less than 60km,3,8,-5
E01003914,5km to less than 10km,156,370,-214
E01003914,60km and over,5,13,-8
E01003914,Less than 2km,73,98,-25
E01003914,"Works mainly at an offshore installation, in no fixed place, or outside the UK",93,114,-21
E01003914,Works mainly from home,648,95,553
E01003915,10km to less than 20km,68,86,-18
E01003915,20km to less than 30km,5,10,-5
E01003915,2km to less than 5km,147,214,-67
E01003915,30km to less than 40km,6,5,1
E01003915,40km to less than 60km,9,13,-4
E01003915,5km to less than 10km,181,323,-142
E01003915,60km and over,12,14,-2
E01003915,Less than 2km,87,95,-8
E01003915,"Works mainly at an offshore installation, in no fixed place, or outside the UK",128,113,15
E01003915,Works mainly from home,435,91,344
E01003916,10km to less than 20km,68,77,-9
E01003916,20km to less than 30km,10,10,0
E01003916,2km to less than 5km,223,344,-121
E01003916,30km to less than 40km,2,8,-6
E01003916,40km to less than 60km,6,5,1
E01003916,5km to less than 10km,211,322,-111
E01003916,60km and over,10,17,-7
E01003916,Less than 2km,103,131,-28
E01003916,"Works mainly at an offshore installation, in no fixed place, or outside the UK",171,135,36
E01003916,Works mainly from home,560,68,492
E01003917,10km to less than 20km,49,67,-18
E01003917,20km to less than 30km,7,11,-4
E01003917,2km to less than 5km,146,264,-118
E01003917,30km to less than 40km,2,6,-4
E01003917,40km to less than 60km,4,3,1
E01003917,5km to less than 10km,148,280,-132
E01003917,60km and over,6,20,-14
E01003917,Less than 2km,86,94,-8
E01003917,"Works mainly at an offshore installation, in no fixed place, or outside the UK",94,97,-3
E01003917,Works mainly from home,508,75,433
E01003918,10km to less than 20km,43,57,-14
E01003918,20km to less than 30km,7,11,-4
E01003918,2km to less than 5km,118,203,-85
E01003918,30km to less than 40km,2,2,0
E01003918,40km to less than 60km,2,5,-3
E01003918,5km to less than 10km,121,164,-43
E01003918,60km and over,4,10,-6
E01003918,Less than 2km,60,88,-28
E01003918,"Works mainly at an offshore installation, in no fixed place, or outside the UK",87,70,17
E01003918,Works mainly from home,302,40,262
E01003919,10km to less than 20km,30,58,-28
E01003919,20km to less than 30km,5,9,-4
E01003919,2km to less than 5km,125,296,-171
E01003919,30km to less than 40km,0,6,-6
E01003919,40km to less than 60km,1,4,-3
E01003919,5km to less than 10km,108,286,-178
E01003919,60km and over,5,12,-7
E01003919,Less than 2km,61,86,-25
E01003919,"Works mainly at an offshore installation, in no fixed place, or outside the UK",87,109,-22
E01003919,Works mainly from home,469,71,398
E01003920,10km to less than 20km,54,53,1
E01003920,20km to less than 30km,8,10,-2
E01003920,2km to less than 5km,195,240,-45
E01003920,30km to less than 40km,8,9,-1
E01003920,40km to less than 60km,1,5,-4
E01003920,5km to less than 10km,182,200,-18
E01003920,60km and over,11,10,1
E01003920,Less than 2km,122,118,4
E01003920,"Works mainly at an offshore installation, in no fixed place, or outside the UK",134,78,56
E01003920,Works mainly from home,349,67,282
E01003921,10km to less than 20km,40,67,-27
E01003921,20km to less than 30km,9,10,-1
E01003921,2km to less than 5km,185,177,8
E01003921,30km to less than 40km,3,4,-1
E01003921,40km to less than 60km,7,6,1
E01003921,5km to less than 10km,178,201,-23
E01003921,60km and over,6,9,-3
E01003921,Less than 2km,100,88,12
E01003921,"Works mainly at an offshore installation, in no fixed place, or outside the UK",103,77,26
E01003921,Works mainly from home,554,51,503
E01003922,10km to less than 20km,46,77,-31
E01003922,20km to less than 30km,9,12,-3
E01003922,2km to less than 5km,171,237,-66
E01003922,30km to less than 40km,8,5,3
E01003922,40km to less than 60km,6,6,0
E01003922,5km to less than 10km,175,254,-79
E01003922,60km and over,10,19,-9
E01003922,Less than 2km,166,109,57
E01003922,"Works mainly at an offshore installation, in no fixed place, or outside the UK",157,125,32
E01003922,Works mainly from home,425,75,350
E01003923,10km to less than 20km,26,45,-19
E01003923,20km to less than 30km,6,12,-6
E01003923,2km to less than 5km,187,399,-212
E01003923,30km to less than 40km,6,9,-3
E01003923,40km to less than 60km,6,3,3
E01003923,5km to less than 10km,83,206,-123
E01003923,60km and over,13,6,7
E01003923,Less than 2km,70,102,-32
E01003923,"Works mainly at an offshore installation, in no fixed place, or outside the UK",113,109,4
E01003923,Works mainly from home,429,80,349
E01003924,10km to less than 20km,56,70,-14
E01003924,20km to less than 30km,8,11,-3
E01003924,2km to less than 5km,258,257,1
E01003924,30km to less than 40km,6,5,1
E01003924,40km to less than 60km,8,6,2
E01003924,5km to less than 10km,166,217,-51
E01003924,60km and over,11,24,-13
E01003924,Less than 2km,88,81,7
E01003924,"Works mainly at an offshore installation, in no fixed place, or outside the UK",153,145,8
E01003924,Works mainly from home,225,59,166
E01003925,10km to less than 20km,44,37,7
E01003925,20km to less than 30km,7,4,3
E01003925,2km to less than 5km,196,182,14
E01003925,30km to less than 40km,1,3,-2
E01003925,40km to less than 60km,3,10,-7
E01003925,5km to less than 10km,154,123,31
E01003925,60km and over,14,6,8
E01003925,Less than 2km,92,76,16
E01003925,"Works mainly at an offshore installation, in no fixed place, or outside the UK",125,75,50
E01003925,Works mainly from home,446,55,391
E01003926,10km to less than 20km,30,46,-16
E01003926,20km to less than 30km,6,1,5
E01003926,2km to less than 5km,149,251,-102
E01003926,30km to less than 40km,3,0,3
E01003926,40km to less than 60km,7,6,1
E01003926,5km to less than 10km,97,145,-48
E01003926,60km and over,6,10,-4
E01003926,Less than 2km,45,74,-29
E01003926,"Works mainly at an offshore installation, in no fixed place, or outside the UK",96,52,44
E01003926,Works mainly from home,252,35,217
E01003929,10km to less than 20km,30,67,-37
E01003929,20km to less than 30km,4,20,-16
E01003929,2km to less than 5km,143,396,-253
E01003929,30km to less than 40km,3,19,-16
E01003929,40km to less than 60km,1,8,-7
E01003929,5km to less than 10km,65,220,-155
E01003929,60km and over,3,22,-19
E01003929,Less than 2km,118,469,-351
E01003929,"Works mainly at an offshore installation, in no fixed place, or outside the UK",82,101,-19
E01003929,Works mainly from home,819,118,701
E01003930,10km to less than 20km,21,23,-2
E01003930,20km to less than 30km,7,8,-1
E01003930,2km to less than 5km,110,204,-94
E01003930,30km to less than 40km,5,4,1
E01003930,40km to less than 60km,3,3,0
E01003930,5km to less than 10km,58,96,-38
E01003930,60km and over,18,14,4
E01003930,Less than 2km,84,152,-68
E01003930,"Works mainly at an offshore installation, in no fixed place, or outside the UK",71,66,5
E01003930,Works mainly from home,514,51,463
E01003932,10km to less than 20km,23,28,-5
E01003932,20km to less than 30km,5,13,-8
E01003932,2km to less than 5km,132,266,-134
E01003932,30km to less than 40km,3,5,-2
E01003932,40km to less than 60km,2,7,-5
E01003932,5km to less than 10km,69,124,-55
E01003932,60km and over,6,12,-6
E01003932,Less than 2km,89,138,-49
E01003932,"Works mainly at an offshore installation, in no fixed place, or outside the UK",96,73,23
E01003932,Works mainly from home,354,64,290
E01003933,10km to less than 20km,25,47,-22
E01003933,20km to less than 30km,11,4,7
E01003933,2km to less than 5km,176,309,-133
E01003933,30km to less than 40km,8,7,1
E01003933,40km to less than 60km,6,7,-1
E01003933,5km to less than 10km,82,109,-27
E01003933,60km and over,11,28,-17
E01003933,Less than 2km,100,152,-52
E01003933,"Works mainly at an offshore installation, in no fixed place, or outside the UK",92,53,39
E01003933,Works mainly from home,804,71,733
E01003934,10km to less than 20km,15,26,-11
E01003934,20km to less than 30km,7,9,-2
E01003934,2km to less than 5km,91,180,-89
E01003934,30km to less than 40km,2,4,-2
E01003934,40km to less than 60km,2,8,-6
E01003934,5km to less than 10km,55,93,-38
E01003934,60km and over,5,16,-11
E01003934,Less than 2km,132,301,-169
E01003934,"Works mainly at an offshore installation, in no fixed place, or outside the UK",77,60,17
E01003934,Works mainly from home,777,86,691
E01003935,10km to less than 20km,23,24,-1
E01003935,20km to less than 30km,4,9,-5
E01003935,2km to less than 5km,54,130,-76
E01003935,30km to less than 40km,2,3,-1
E01003935,40km to less than 60km,0,5,-5
E01003935,5km to less than 10km,34,88,-54
E01003935,60km and over,6,8,-2
E01003935,Less than 2km,72,208,-136
E01003935,"Works mainly at an offshore installation, in no fixed place, or outside the UK",64,52,12
E01003935,Works mainly from home,241,52,189
E01003936,10km to less than 20km,24,52,-28
E01003936,20km to less than 30km,1,11,-10
E01003936,2km to less than 5km,100,410,-310
E01003936,30km to less than 40km,1,9,-8
E01003936,40km to less than 60km,4,9,-5
E01003936,5km to less than 10km,34,111,-77
E01003936,60km and over,4,22,-18
E01003936,Less than 2km,89,221,-132
E01003936,"Works mainly at an offshore installation, in no fixed place, or outside the UK",31,68,-37
E01003936,Works mainly from home,659,87,572
E01003937,10km to less than 20km,31,42,-11
E01003937,20km to less than 30km,4,12,-8
E01003937,2km to less than 5km,139,445,-306
E01003937,30km to less than 40km,1,4,-3
E01003937,40km to less than 60km,5,10,-5
E01003937,5km to less than 10km,83,144,-61
E01003937,60km and over,8,15,-7
E01003937,Less than 2km,97,195,-98
E01003937,"Works mainly at an offshore installation, in no fixed place, or outside the UK",75,92,-17
E01003937,Works mainly from home,546,74,472
E01003938,10km to less than 20km,36,62,-26
E01003938,20km to less than 30km,8,14,-6
E01003938,2km to less than 5km,156,349,-193
E01003938,30km to less than 40km,3,6,-3
E01003938,40km to less than 60km,2,7,-5
E01003938,5km to less than 10km,93,141,-48
E01003938,60km and over,7,11,-4
E01003938,Less than 2km,119,233,-114
E01003938,"Works mainly at an offshore installation, in no fixed place, or outside the UK",91,72,19
E01003938,Works mainly from home,370,57,313
E01003939,10km to less than 20km,30,46,-16
E01003939,20km to less than 30km,1,11,-10
E01003939,2km to less than 5km,146,416,-270
E01003939,30km to less than 40km,12,11,1
E01003939,40km to less than 60km,2,9,-7
E01003939,5km to less than 10km,68,146,-78
E01003939,60km and over,4,19,-15
E01003939,Less than 2km,146,355,-209
E01003939,"Works mainly at an offshore installation, in no fixed place, or outside the UK",88,87,1
E01003939,Works mainly from home,628,82,546
E01003940,10km to less than 20km,41,54,-13
E01003940,20km to less than 30km,4,7,-3
E01003940,2km to less than 5km,159,244,-85
E01003940,30km to less than 40km,1,5,-4
E01003940,40km to less than 60km,3,3,0
E01003940,5km to less than 10km,106,106,0
E01003940,60km and over,1,6,-5
E01003940,Less than 2km,86,113,-27
E01003940,"Works mainly at an offshore installation, in no fixed place, or outside the UK",110,86,24
E01003940,Works mainly from home,258,32,226
E01003941,10km to less than 20km,26,62,-36
E01003941,20km to less than 30km,7,15,-8
E01003941,2km to less than 5km,183,548,-365
E01003941,30km to less than 40km,4,13,-9
E01003941,40km to less than 60km,1,8,-7
E01003941,5km to less than 10km,84,140,-56
E01003941,60km and over,5,9,-4
E01003941,Less than 2km,112,225,-113
E01003941,"Works mainly at an offshore installation, in no fixed place, or outside the UK",92,92,0
E01003941,Works mainly from home,773,96,677
E01003942,10km to less than 20km,24,39,-15
E01003942,20km to less than 30km,5,7,-2
E01003942,2km to less than 5km,136,285,-149
E01003942,30km to less than 40km,6,2,4
E01003942,40km to less than 60km,2,2,0
E01003942,5km to less than 10km,77,80,-3
E01003942,60km and over,3,11,-8
E01003942,Less than 2km,110,115,-5
E01003942,"Works mainly at an offshore installation, in no fixed place, or outside the UK",92,62,30
E01003942,Works mainly from home,296,53,243
E01003943,10km to less than 20km,51,43,8
E01003943,20km to less than 30km,3,6,-3
E01003943,2km to less than 5km,151,205,-54
E01003943,30km to less than 40km,2,5,-3
E01003943,40km to less than 60km,1,6,-5
E01003943,5km to less than 10km,84,93,-9
E01003943,60km and over,13,12,1
E01003943,Less than 2km,121,125,-4
E01003943,"Works mainly at an offshore installation, in no fixed place, or outside the UK",83,68,15
E01003943,Works mainly from home,269,55,214
E01003945,10km to less than 20km,56,161,-105
E01003945,20km to less than 30km,6,12,-6
E01003945,2km to less than 5km,92,110,-18
E01003945,30km to less than 40km,1,7,-6
E01003945,40km to less than 60km,2,6,-4
E01003945,5km to less than 10km,124,397,-273
E01003945,60km and over,7,5,2
E01003945,Less than 2km,24,38,-14
E01003945,"Works mainly at an offshore installation, in no fixed place, or outside the UK",77,73,4
E01003945,Works mainly from home,537,116,421
E01003946,10km to less than 20km,65,175,-110
E01003946,20km to less than 30km,6,13,-7
E01003946,2km to less than 5km,78,84,-6
E01003946,30km to less than 40km,2,5,-3
E01003946,40km to less than 60km,4,7,-3
E01003946,5km to less than 10km,145,291,-146
E01003946,60km and over,6,12,-6
E01003946,Less than 2km,48,60,-12
E01003946,"Works mainly at an offshore installation, in no fixed place, or outside the UK",93,53,40
E01003946,Works mainly from home,457,108,349
E01003947,10km to less than 20km,45,103,-58
E01003947,20km to less than 30km,15,13,2
E01003947,2km to less than 5km,76,71,5
E01003947,30km to less than 40km,0,2,-2
E01003947,40km to less than 60km,0,3,-3
E01003947,5km to less than 10km,139,191,-52
E01003947,60km and over,5,6,-1
E01003947,Less than 2km,35,59,-24
E01003947,"Works mainly at an offshore installation, in no fixed place, or outside the UK",133,72,61
E01003947,Works mainly from home,187,57,130
E01003948,10km to less than 20km,81,286,-205
E01003948,20km to less than 30km,5,16,-11
E01003948,2km to less than 5km,53,74,-21
E01003948,30km to less than 40km,1,2,-1
E01003948,40km to less than 60km,0,6,-6
E01003948,5km to less than 10km,120,272,-152
E01003948,60km and over,6,15,-9
E01003948,Less than 2km,43,58,-15
E01003948,"Works mainly at an offshore installation, in no fixed place, or outside the UK",102,70,32
E01003948,Works mainly from home,590,84,506
E01003949,10km to less than 20km,54,139,-85
E01003949,20km to less than 30km,8,12,-4
E01003949,2km to less than 5km,107,118,-11
E01003949,30km to less than 40km,4,9,-5
E01003949,40km to less than 60km,3,8,-5
E01003949,5km to less than 10km,149,522,-373
E01003949,60km and over,5,17,-12
E01003949,Less than 2km,46,55,-9
E01003949,"Works mainly at an offshore installation, in no fixed place, or outside the UK",101,113,-12
E01003949,Works mainly from home,596,137,459
E01003950,10km to less than 20km,59,87,-28
E01003950,20km to less than 30km,10,12,-2
E01003950,2km to less than 5km,123,153,-30
E01003950,30km to less than 40km,5,5,0
E01003950,40km to less than 60km,3,7,-4
E01003950,5km to less than 10km,219,346,-127
E01003950,60km and over,7,6,1
E01003950,Less than 2km,50,76,-26
E01003950,"Works mainly at an offshore installation, in no fixed place, or outside the UK",111,97,14
E01003950,Works mainly from home,364,76,288
E01003951,10km to less than 20km,26,83,-57
E01003951,20km to less than 30km,6,9,-3
E01003951,2km to less than 5km,42,63,-21
E01003951,30km to less than 40km,1,5,-4
E01003951,40km to less than 60km,3,2,1
E01003951,5km to less than 10km,95,309,-214
E01003951,60km and over,3,12,-9
E01003951,Less than 2km,26,57,-31
E01003951,"Works mainly at an offshore installation, in no fixed place, or outside the UK",64,45,19
E01003951,Works mainly from home,385,112,273
E01003952,10km to less than 20km,28,80,-52
E01003952,20km to less than 30km,10,7,3
E01003952,2km to less than 5km,49,96,-47
E01003952,30km to less than 40km,1,4,-3
E01003952,40km to less than 60km,2,4,-2
E01003952,5km to less than 10km,130,509,-379
E01003952,60km and over,4,4,0
E01003952,Less than 2km,70,91,-21
E01003952,"Works mainly at an offshore installation, in no fixed place, or outside the UK",79,63,16
E01003952,Works mainly from home,625,123,502
E01003953,10km to less than 20km,41,111,-70
E01003953,20km to less than 30km,7,9,-2
E01003953,2km to less than 5km,68,142,-74
E01003953,30km to less than 40km,2,14,-12
E01003953,40km to less than 60km,0,8,-8
E01003953,5km to less than 10km,161,618,-457
E01003953,60km and over,1,7,-6
E01003953,Less than 2km,125,195,-70
E01003953,"Works mainly at an offshore installation, in no fixed place, or outside the UK",93,111,-18
E01003953,Works mainly from home,822,118,704
E01003954,10km to less than 20km,33,93,-60
E01003954,20km to less than 30km,4,10,-6
E01003954,2km to less than 5km,58,98,-40
E01003954,30km to less than 40km,1,6,-5
E01003954,40km to less than 60km,1,6,-5
E01003954,5km to less than 10km,109,463,-354
E01003954,60km and over,1,13,-12
E01003954,Less than 2km,71,82,-11
E01003954,"Works mainly at an offshore installation, in no fixed place, or outside the UK",53,71,-18
E01003954,Works mainly from home,605,89,516
E01003955,10km to less than 20km,37,89,-52
E01003955,20km to less than 30km,6,5,1
E01003955,2km to less than 5km,109,151,-42
E01003955,30km to less than 40km,1,1,0
E01003955,40km to less than 60km,0,5,-5
E01003955,5km to less than 10km,142,561,-419
E01003955,60km and over,1,8,-7
E01003955,Less than 2km,56,55,1
E01003955,"Works mainly at an offshore installation, in no fixed place, or outside the UK",74,100,-26
E01003955,Works mainly from home,661,99,562
E01003956,10km to less than 20km,34,70,-36
E01003956,20km to less than 30km,4,15,-11
E01003956,2km to less than 5km,76,122,-46
E01003956,30km to less than 40km,3,5,-2
E01003956,40km to less than 60km,6,11,-5
E01003956,5km to less than 10km,162,557,-395
E01003956,60km and over,5,19,-14
E01003956,Less than 2km,58,55,3
E01003956,"Works mainly at an offshore installation, in no fixed place, or outside the UK",68,68,0
E01003956,Works mainly from home,656,108,548
E01003957,10km to less than 20km,38,93,-55
E01003957,20km to less than 30km,3,6,-3
E01003957,2km to less than 5km,67,125,-58
E01003957,30km to less than 40km,3,2,1
E01003957,40km to less than 60km,0,5,-5
E01003957,5km to less than 10km,131,489,-358
E01003957,60km and over,5,10,-5
E01003957,Less than 2km,61,64,-3
E01003957,"Works mainly at an offshore installation, in no fixed place, or outside the UK",82,99,-17
E01003957,Works mainly from home,654,97,557
E01003958,10km to less than 20km,35,97,-62
E01003958,20km to less than 30km,7,12,-5
E01003958,2km to less than 5km,89,135,-46
E01003958,30km to less than 40km,1,4,-3
E01003958,40km to less than 60km,3,3,0
E01003958,5km to less than 10km,142,423,-281
E01003958,60km and over,4,11,-7
E01003958,Less than 2km,60,62,-2
E01003958,"Works mainly at an offshore installation, in no fixed place, or outside the UK",89,95,-6
E01003958,Works mainly from home,581,99,482
E01003960,10km to less than 20km,31,68,-37
E01003960,20km to less than 30km,2,10,-8
E01003960,2km to less than 5km,194,406,-212
E01003960,30km to less than 40km,0,4,-4
E01003960,40km to less than 60km,2,5,-3
E01003960,5km to less than 10km,85,145,-60
E01003960,60km and over,2,13,-11
E01003960,Less than 2km,83,155,-72
E01003960,"Works mainly at an offshore installation, in no fixed place, or outside the UK",99,87,12
E01003960,Works mainly from home,516,58,458
E01003961,10km to less than 20km,42,56,-14
E01003961,20km to less than 30km,8,17,-9
E01003961,2km to less than 5km,210,285,-75
E01003961,30km to less than 40km,1,8,-7
E01003961,40km to less than 60km,3,2,1
E01003961,5km to less than 10km,134,154,-20
E01003961,60km and over,13,15,-2
E01003961,Less than 2km,112,120,-8
E01003961,"Works mainly at an offshore installation, in no fixed place, or outside the UK",144,115,29
E01003961,Works mainly from home,235,68,167
E01003963,10km to less than 20km,40,48,-8
E01003963,20km to less than 30km,9,8,1
E01003963,2km to less than 5km,176,246,-70
E01003963,30km to less than 40km,7,7,0
E01003963,40km to less than 60km,6,2,4
E01003963,5km to less than 10km,111,120,-9
E01003963,60km and over,7,7,0
E01003963,Less than 2km,99,94,5
E01003963,"Works mainly at an offshore installation, in no fixed place, or outside the UK",125,97,28
E01003963,Works mainly from home,205,52,153
E01003966,10km to less than 20km,54,67,-13
E01003966,20km to less than 30km,11,13,-2
E01003966,2km to less than 5km,243,301,-58
E01003966,30km to less than 40km,2,4,-2
E01003966,40km to less than 60km,10,9,1
E01003966,5km to less than 10km,164,146,18
E01003966,60km and over,13,10,3
E01003966,Less than 2km,126,124,2
E01003966,"Works mainly at an offshore installation, in no fixed place, or outside the UK",180,127,53
E01003966,Works mainly from home,297,48,249
E01003969,10km to less than 20km,61,43,18
E01003969,20km to less than 30km,13,16,-3
E01003969,2km to less than 5km,306,400,-94
E01003969,30km to less than 40km,6,9,-3
E01003969,40km to less than 60km,7,7,0
E01003969,5km to less than 10km,179,198,-19
E01003969,60km and over,15,4,11
E01003969,Less than 2km,95,102,-7
E01003969,"Works mainly at an offshore installation, in no fixed place, or outside the UK",158,157,1
E01003969,Works mainly from home,662,92,570
E01003971,10km to less than 20km,20,54,-34
E01003971,20km to less than 30km,1,10,-9
E01003971,2km to less than 5km,114,171,-57
E01003971,30km to less than 40km,2,0,2
E01003971,40km to less than 60km,2,7,-5
E01003971,5km to less than 10km,88,106,-18
E01003971,60km and over,3,13,-10
E01003971,Less than 2km,57,109,-52
E01003971,"Works mainly at an offshore installation, in no fixed place, or outside the UK",82,91,-9
E01003971,Works mainly from home,208,61,147
E01003972,10km to less than 20km,27,45,-18
E01003972,20km to less than 30km,12,11,1
E01003972,2km to less than 5km,145,302,-157
E01003972,30km to less than 40km,1,5,-4
E01003972,40km to less than 60km,3,2,1
E01003972,5km to less than 10km,106,193,-87
E01003972,60km and over,6,19,-13
E01003972,Less than 2km,66,102,-36
E01003972,"Works mainly at an offshore installation, in no fixed place, or outside the UK",94,108,-14
E01003972,Works mainly from home,296,37,259
E01003973,10km to less than 20km,37,34,3
E01003973,20km to less than 30km,4,7,-3
E01003973,2km to less than 5km,193,309,-116
E01003973,30km to less than 40km,3,4,-1
E01003973,40km to less than 60km,7,6,1
E01003973,5km to less than 10km,114,150,-36
E01003973,60km and over,8,10,-2
E01003973,Less than 2km,92,113,-21
E01003973,"Works mainly at an offshore installation, in no fixed place, or outside the UK",126,112,14
E01003973,Works mainly from home,313,47,266
E01003975,10km to less than 20km,39,46,-7
E01003975,20km to less than 30km,5,7,-2
E01003975,2km to less than 5km,141,259,-118
E01003975,30km to less than 40km,2,2,0
E01003975,40km to less than 60km,4,7,-3
E01003975,5km to less than 10km,90,116,-26
E01003975,60km and over,10,14,-4
E01003975,Less than 2km,131,140,-9
E01003975,"Works mainly at an offshore installation, in no fixed place, or outside the UK",102,66,36
E01003975,Works mainly from home,362,49,313
E01003976,10km to less than 20km,32,69,-37
E01003976,20km to less than 30km,15,18,-3
E01003976,2km to less than 5km,197,459,-262
E01003976,30km to less than 40km,6,8,-2
E01003976,40km to less than 60km,9,8,1
E01003976,5km to less than 10km,89,130,-41
E01003976,60km and over,15,15,0
E01003976,Less than 2km,129,218,-89
E01003976,"Works mainly at an offshore installation, in no fixed place, or outside the UK",118,91,27
E01003976,Works mainly from home,801,76,725
E01003977,10km to less than 20km,36,40,-4
E01003977,20km to less than 30km,5,9,-4
E01003977,2km to less than 5km,156,272,-116
E01003977,30km to less than 40km,4,4,0
E01003977,40km to less than 60km,2,4,-2
E01003977,5km to less than 10km,132,155,-23
E01003977,60km and over,8,10,-2
E01003977,Less than 2km,92,145,-53
E01003977,"Works mainly at an offshore installation, in no fixed place, or outside the UK",119,85,34
E01003977,Works mainly from home,409,61,348
E01003979,10km to less than 20km,55,46,9
E01003979,20km to less than 30km,5,10,-5
E01003979,2km to less than 5km,139,443,-304
E01003979,30km to less than 40km,1,3,-2
E01003979,40km to less than 60km,2,5,-3
E01003979,5km to less than 10km,104,121,-17
E01003979,60km and over,6,18,-12
E01003979,Less than 2km,98,159,-61
E01003979,"Works mainly at an offshore installation, in no fixed place, or outside the UK",98,69,29
E01003979,Works mainly from home,576,70,506
E01003980,10km to less than 20km,45,62,-17
E01003980,20km to less than 30km,10,16,-6
E01003980,2km to less than 5km,210,321,-111
E01003980,30km to less than 40km,0,5,-5
E01003980,40km to less than 60km,5,7,-2
E01003980,5km to less than 10km,121,135,-14
E01003980,60km and over,6,18,-12
E01003980,Less than 2km,112,155,-43
E01003980,"Works mainly at an offshore installation, in no fixed place, or outside the UK",127,122,5
E01003980,Works mainly from home,354,58,296
E01003981,10km to less than 20km,27,47,-20
E01003981,20km to less than 30km,3,10,-7
E01003981,2km to less than 5km,116,329,-213
E01003981,30km to less than 40km,3,13,-10
E01003981,40km to less than 60km,0,8,-8
E01003981,5km to less than 10km,48,98,-50
E01003981,60km and over,7,10,-3
E01003981,Less than 2km,98,230,-132
E01003981,"Works mainly at an offshore installation, in no fixed place, or outside the UK",57,70,-13
E01003981,Works mainly from home,379,73,306
E01003983,10km to less than 20km,55,97,-42
E01003983,20km to less than 30km,12,9,3
E01003983,2km to less than 5km,196,200,-4
E01003983,30km to less than 40km,3,6,-3
E01003983,40km to less than 60km,5,5,0
E01003983,5km to less than 10km,126,204,-78
E01003983,60km and over,6,8,-2
E01003983,Less than 2km,67,87,-20
E01003983,"Works mainly at an offshore installation, in no fixed place, or outside the UK",137,98,39
E01003983,Works mainly from home,180,48,132
E01003984,10km to less than 20km,71,78,-7
E01003984,20km to less than 30km,12,15,-3
E01003984,2km to less than 5km,214,254,-40
E01003984,30km to less than 40km,10,12,-2
E01003984,40km to less than 60km,0,4,-4
E01003984,5km to less than 10km,220,345,-125
E01003984,60km and over,6,18,-12
E01003984,Less than 2km,64,68,-4
E01003984,"Works mainly at an offshore installation, in no fixed place, or outside the UK",138,103,35
E01003984,Works mainly from home,576,79,497
E01003986,10km to less than 20km,45,55,-10
E01003986,20km to less than 30km,8,5,3
E01003986,2km to less than 5km,131,140,-9
E01003986,30km to less than 40km,0,3,-3
E01003986,40km to less than 60km,3,1,2
E01003986,5km to less than 10km,112,111,1
E01003986,60km and over,9,9,0
E01003986,Less than 2km,56,69,-13
E01003986,"Works mainly at an offshore installation, in no fixed place, or outside the UK",107,60,47
E01003986,Works mainly from home,245,32,213
E01003987,10km to less than 20km,41,48,-7
E01003987,20km to less than 30km,8,8,0
E01003987,2km to less than 5km,147,229,-82
E01003987,30km to less than 40km,1,4,-3
E01003987,40km to less than 60km,5,6,-1
E01003987,5km to less than 10km,132,190,-58
E01003987,60km and over,7,10,-3
E01003987,Less than 2km,88,108,-20
E01003987,"Works mainly at an offshore installation, in no fixed place, or outside the UK",144,70,74
E01003987,Works mainly from home,301,66,235
E01003988,10km to less than 20km,78,85,-7
E01003988,20km to less than 30km,7,9,-2
E01003988,2km to less than 5km,170,233,-63
E01003988,30km to less than 40km,4,13,-9
E01003988,40km to less than 60km,4,11,-7
E01003988,5km to less than 10km,184,301,-117
E01003988,60km and over,18,20,-2
E01003988,Less than 2km,62,74,-12
E01003988,"Works mainly at an offshore installation, in no fixed place, or outside the UK",158,122,36
E01003988,Works mainly from home,251,84,167
E01003989,10km to less than 20km,70,80,-10
E01003989,20km to less than 30km,12,9,3
E01003989,2km to less than 5km,248,192,56
E01003989,30km to less than 40km,6,6,0
E01003989,40km to less than 60km,7,7,0
E01003989,5km to less than 10km,172,196,-24
E01003989,60km and over,17,11,6
E01003989,Less than 2km,86,90,-4
E01003989,"Works mainly at an offshore installation, in no fixed place, or outside the UK",158,108,50
E01003989,Works mainly from home,385,80,305
E01003990,10km to less than 20km,63,70,-7
E01003990,20km to less than 30km,10,10,0
E01003990,2km to less than 5km,264,241,23
E01003990,30km to less than 40km,6,7,-1
E01003990,40km to less than 60km,2,6,-4
E01003990,5km to less than 10km,215,228,-13
E01003990,60km and over,5,14,-9
E01003990,Less than 2km,75,129,-54
E01003990,"Works mainly at an offshore installation, in no fixed place, or outside the UK",174,100,74
E01003990,Works mainly from home,295,67,228
E01003991,10km to less than 20km,23,41,-18
E01003991,20km to less than 30km,5,5,0
E01003991,2km to less than 5km,129,201,-72
E01003991,30km to less than 40km,0,7,-7
E01003991,40km to less than 60km,4,9,-5
E01003991,5km to less than 10km,65,116,-51
E01003991,60km and over,9,11,-2
E01003991,Less than 2km,44,62,-18
E01003991,"Works mainly at an offshore installation, in no fixed place, or outside the UK",85,52,33
E01003991,Works mainly from home,186,33,153
E01003992,10km to less than 20km,38,27,11
E01003992,20km to less than 30km,4,8,-4
E01003992,2km to less than 5km,151,254,-103
E01003992,30km to less than 40km,4,5,-1
E01003992,40km to less than 60km,5,3,2
E01003992,5km to less than 10km,72,105,-33
E01003992,60km and over,9,11,-2
E01003992,Less than 2km,69,81,-12
E01003992,"Works mainly at an offshore installation, in no fixed place, or outside the UK",98,71,27
E01003992,Works mainly from home,231,46,185
E01003993,10km to less than 20km,61,51,10
E01003993,20km to less than 30km,12,15,-3
E01003993,2km to less than 5km,242,285,-43
E01003993,30km to less than 40km,5,5,0
E01003993,40km to less than 60km,3,4,-1
E01003993,5km to less than 10km,131,157,-26
E01003993,60km and over,18,8,10
E01003993,Less than 2km,84,83,1
E01003993,"Works mainly at an offshore installation, in no fixed place, or outside the UK",149,89,60
E01003993,Works mainly from home,260,41,219
E01003994,10km to less than 20km,35,42,-7
E01003994,20km to less than 30km,5,10,-5
E01003994,2km to less than 5km,180,308,-128
E01003994,30km to less than 40km,4,3,1
E01003994,40km to less than 60km,3,8,-5
E01003994,5km to less than 10km,92,114,-22
E01003994,60km and over,7,14,-7
E01003994,Less than 2km,102,109,-7
E01003994,"Works mainly at an offshore installation, in no fixed place, or outside the UK",110,72,38
E01003994,Works mainly from home,535,66,469
E01003995,10km to less than 20km,34,35,-1
E01003995,20km to less than 30km,11,13,-2
E01003995,2km to less than 5km,127,308,-181
E01003995,30km to less than 40km,3,4,-1
E01003995,40km to less than 60km,1,4,-3
E01003995,5km to less than 10km,53,99,-46
E01003995,60km and over,5,11,-6
E01003995,Less than 2km,68,115,-47
E01003995,"Works mainly at an offshore installation, in no fixed place, or outside the UK",87,87,0
E01003995,Works mainly from home,293,45,248
E01003997,10km to less than 20km,30,36,-6
E01003997,20km to less than 30km,2,8,-6
E01003997,2km to less than 5km,94,283,-189
E01003997,30km to less than 40km,4,5,-1
E01003997,40km to less than 60km,1,2,-1
E01003997,5km to less than 10km,62,102,-40
E01003997,60km and over,7,7,0
E01003997,Less than 2km,50,62,-12
E01003997,"Works mainly at an offshore installation, in no fixed place, or outside the UK",89,66,23
E01003997,Works mainly from home,340,48,292
E01003998,10km to less than 20km,36,39,-3
E01003998,20km to less than 30km,2,11,-9
E01003998,2km to less than 5km,126,382,-256
E01003998,30km to less than 40km,0,4,-4
E01003998,40km to less than 60km,1,2,-1
E01003998,5km to less than 10km,58,112,-54
E01003998,60km and over,7,11,-4
E01003998,Less than 2km,55,88,-33
E01003998,"Works mainly at an offshore installation, in no fixed place, or outside the UK",78,76,2
E01003998,Works mainly from home,454,59,395
E01003999,10km to less than 20km,36,58,-22
E01003999,20km to less than 30km,7,8,-1
E01003999,2km to less than 5km,188,336,-148
E01003999,30km to less than 40km,0,5,-5
E01003999,40km to less than 60km,5,6,-1
E01003999,5km to less than 10km,84,128,-44
E01003999,60km and over,4,11,-7
E01003999,Less than 2km,52,88,-36
E01003999,"Works mainly at an offshore installation, in no fixed place, or outside the UK",74,82,-8
E01003999,Works mainly from home,330,61,269
E01004000,10km to less than 20km,66,82,-16
E01004000,20km to less than 30km,11,14,-3
E01004000,2km to less than 5km,112,196,-84
E01004000,30km to less than 40km,4,5,-1
E01004000,40km to less than 60km,4,5,-1
E01004000,5km to less than 10km,180,352,-172
E01004000,60km and over,3,16,-13
E01004000,Less than 2km,51,67,-16
E01004000,"Works mainly at an offshore installation, in no fixed place, or outside the UK",102,131,-29
E01004000,Works mainly from home,517,68,449
E01004001,10km to less than 20km,30,64,-34
E01004001,20km to less than 30km,4,11,-7
E01004001,2km to less than 5km,91,134,-43
E01004001,30km to less than 40km,7,4,3
E01004001,40km to less than 60km,4,5,-1
E01004001,5km to less than 10km,121,229,-108
E01004001,60km and over,9,12,-3
E01004001,Less than 2km,67,68,-1
E01004001,"Works mainly at an offshore installation, in no fixed place, or outside the UK",107,90,17
E01004001,Works mainly from home,309,66,243
E01004002,10km to less than 20km,53,78,-25
E01004002,20km to less than 30km,7,7,0
E01004002,2km to less than 5km,79,162,-83
E01004002,30km to less than 40km,5,4,1
E01004002,40km to less than 60km,0,9,-9
E01004002,5km to less than 10km,118,348,-230
E01004002,60km and over,1,9,-8
E01004002,Less than 2km,32,49,-17
E01004002,"Works mainly at an offshore installation, in no fixed place, or outside the UK",73,100,-27
E01004002,Works mainly from home,536,93,443
E01004003,10km to less than 20km,63,79,-16
E01004003,20km to less than 30km,19,19,0
E01004003,2km to less than 5km,154,176,-22
E01004003,30km to less than 40km,4,6,-2
E01004003,40km to less than 60km,3,3,0
E01004003,5km to less than 10km,147,225,-78
E01004003,60km and over,4,9,-5
E01004003,Less than 2km,78,65,13
E01004003,"Works mainly at an offshore installation, in no fixed place, or outside the UK",137,107,30
E01004003,Works mainly from home,286,61,225
E01004004,10km to less than 20km,47,128,-81
E01004004,20km to less than 30km,8,15,-7
E01004004,2km to less than 5km,191,288,-97
E01004004,30km to less than 40km,15,8,7
E01004004,40km to less than 60km,8,6,2
E01004004,5km to less than 10km,222,503,-281
E01004004,60km and over,14,13,1
E01004004,Less than 2km,79,94,-15
E01004004,"Works mainly at an offshore installation, in no fixed place, or outside the UK",163,153,10
E01004004,Works mainly from home,708,109,599
E01004005,10km to less than 20km,62,72,-10
E01004005,20km to less than 30km,9,11,-2
E01004005,2km to less than 5km,154,206,-52
E01004005,30km to less than 40km,6,10,-4
E01004005,40km to less than 60km,5,13,-8
E01004005,5km to less than 10km,202,291,-89
E01004005,60km and over,8,12,-4
E01004005,Less than 2km,74,79,-5
E01004005,"Works mainly at an offshore installation, in no fixed place, or outside the UK",130,130,0
E01004005,Works mainly from home,517,78,439
E01004006,10km to less than 20km,34,98,-64
E01004006,20km to less than 30km,7,14,-7
E01004006,2km to less than 5km,141,182,-41
E01004006,30km to less than 40km,3,6,-3
E01004006,40km to less than 60km,2,3,-1
E01004006,5km to less than 10km,151,362,-211
E01004006,60km and over,4,16,-12
E01004006,Less than 2km,60,90,-30
E01004006,"Works mainly at an offshore installation, in no fixed place, or outside the UK",88,135,-47
E01004006,Works mainly from home,508,56,452
E01004007,10km to less than 20km,41,42,-1
E01004007,20km to less than 30km,6,6,0
E01004007,2km to less than 5km,124,117,7
E01004007,30km to less than 40km,3,10,-7
E01004007,40km to less than 60km,4,6,-2
E01004007,5km to less than 10km,120,118,2
E01004007,60km and over,18,14,4
E01004007,Less than 2km,75,74,1
E01004007,"Works mainly at an offshore installation, in no fixed place, or outside the UK",93,65,28
E01004007,Works mainly from home,180,35,145
E01004008,10km to less than 20km,63,81,-18
E01004008,20km to less than 30km,18,25,-7
E01004008,2km to less than 5km,163,205,-42
E01004008,30km to less than 40km,4,10,-6
E01004008,40km to less than 60km,8,3,5
E01004008,5km to less than 10km,193,254,-61
E01004008,60km and over,8,15,-7
E01004008,Less than 2km,94,112,-18
E01004008,"Works mainly at an offshore installation, in no fixed place, or outside the UK",155,109,46
E01004008,Works mainly from home,309,65,244
E01004010,10km to less than 20km,48,63,-15
E01004010,20km to less than 30km,7,19,-12
E01004010,2km to less than 5km,138,149,-11
E01004010,30km to less than 40km,3,2,1
E01004010,40km to less than 60km,1,4,-3
E01004010,5km to less than 10km,144,220,-76
E01004010,60km and over,13,5,8
E01004010,Less than 2km,59,83,-24
E01004010,"Works mainly at an offshore installation, in no fixed place, or outside the UK",111,98,13
E01004010,Works mainly from home,282,60,222
E01004011,10km to less than 20km,60,86,-26
E01004011,20km to less than 30km,13,8,5
E01004011,2km to less than 5km,211,210,1
E01004011,30km to less than 40km,7,6,1
E01004011,40km to less than 60km,13,4,9
E01004011,5km to less than 10km,155,241,-86
E01004011,60km and over,12,23,-11
E01004011,Less than 2km,111,116,-5
E01004011,"Works mainly at an offshore installation, in no fixed place, or outside the UK",135,100,35
E01004011,Works mainly from home,304,63,241
E01004012,10km to less than 20km,48,94,-46
E01004012,20km to less than 30km,10,16,-6
E01004012,2km to less than 5km,232,388,-156
E01004012,30km to less than 40km,6,10,-4
E01004012,40km to less than 60km,5,8,-3
E01004012,5km to less than 10km,189,301,-112
E01004012,60km and over,12,20,-8
E01004012,Less than 2km,110,147,-37
E01004012,"Works mainly at an offshore installation, in no fixed place, or outside the UK",178,138,40
E01004012,Works mainly from home,446,63,383
E01004013,10km to less than 20km,64,74,-10
E01004013,20km to less than 30km,10,10,0
E01004013,2km to less than 5km,149,183,-34
E01004013,30km to less than 40km,7,12,-5
E01004013,40km to less than 60km,6,6,0
E01004013,5km to less than 10km,123,195,-72
E01004013,60km and over,7,9,-2
E01004013,Less than 2km,87,81,6
E01004013,"Works mainly at an offshore installation, in no fixed place, or outside the UK",124,79,45
E01004013,Works mainly from home,322,42,280
E01004014,10km to less than 20km,68,76,-8
E01004014,20km to less than 30km,14,14,0
E01004014,2km to less than 5km,222,220,2
E01004014,30km to less than 40km,5,9,-4
E01004014,40km to less than 60km,2,6,-4
E01004014,5km to less than 10km,169,161,8
E01004014,60km and over,9,13,-4
E01004014,Less than 2km,91,83,8
E01004014,"Works mainly at an offshore installation, in no fixed place, or outside the UK",143,93,50
E01004014,Works mainly from home,227,43,184
E01004015,10km to less than 20km,48,64,-16
E01004015,20km to less than 30km,1,6,-5
E01004015,2km to less than 5km,74,120,-46
E01004015,30km to less than 40km,3,5,-2
E01004015,40km to less than 60km,0,1,-1
E01004015,5km to less than 10km,137,445,-308
E01004015,60km and over,2,16,-14
E01004015,Less than 2km,51,56,-5
E01004015,"Works mainly at an offshore installation, in no fixed place, or outside the UK",54,79,-25
E01004015,Works mainly from home,539,107,432
E01004016,10km to less than 20km,57,111,-54
E01004016,20km to less than 30km,10,22,-12
E01004016,2km to less than 5km,118,166,-48
E01004016,30km to less than 40km,4,6,-2
E01004016,40km to less than 60km,1,9,-8
E01004016,5km to less than 10km,210,436,-226
E01004016,60km and over,9,14,-5
E01004016,Less than 2km,46,70,-24
E01004016,"Works mainly at an offshore installation, in no fixed place, or outside the UK",145,101,44
E01004016,Works mainly from home,827,96,731
E01004017,10km to less than 20km,36,104,-68
E01004017,20km to less than 30km,3,6,-3
E01004017,2km to less than 5km,102,108,-6
E01004017,30km to less than 40km,4,4,0
E01004017,40km to less than 60km,1,2,-1
E01004017,5km to less than 10km,124,380,-256
E01004017,60km and over,5,11,-6
E01004017,Less than 2km,49,53,-4
E01004017,"Works mainly at an offshore installation, in no fixed place, or outside the UK",72,90,-18
E01004017,Works mainly from home,529,95,434
E01004018,10km to less than 20km,35,107,-72
E01004018,20km to less than 30km,3,5,-2
E01004018,2km to less than 5km,82,145,-63
E01004018,30km to less than 40km,4,7,-3
E01004018,40km to less than 60km,0,5,-5
E01004018,5km to less than 10km,155,549,-394
E01004018,60km and over,5,12,-7
E01004018,Less than 2km,60,73,-13
E01004018,"Works mainly at an offshore installation, in no fixed place, or outside the UK",82,100,-18
E01004018,Works mainly from home,706,117,589
E01004019,10km to less than 20km,37,105,-68
E01004019,20km to less than 30km,7,16,-9
E01004019,2km to less than 5km,103,242,-139
E01004019,30km to less than 40km,7,6,1
E01004019,40km to less than 60km,5,12,-7
E01004019,5km to less than 10km,181,453,-272
E01004019,60km and over,4,24,-20
E01004019,Less than 2km,69,77,-8
E01004019,"Works mainly at an offshore installation, in no fixed place, or outside the UK",158,156,2
E01004019,Works mainly from home,587,90,497
E01004020,10km to less than 20km,58,91,-33
E01004020,20km to less than 30km,6,14,-8
E01004020,2km to less than 5km,127,175,-48
E01004020,30km to less than 40km,7,4,3
E01004020,40km to less than 60km,3,8,-5
E01004020,5km to less than 10km,158,367,-209
E01004020,60km and over,9,16,-7
E01004020,Less than 2km,55,63,-8
E01004020,"Works mainly at an offshore installation, in no fixed place, or outside the UK",98,94,4
E01004020,Works mainly from home,335,66,269
E01004021,10km to less than 20km,37,77,-40
E01004021,20km to less than 30km,7,17,-10
E01004021,2km to less than 5km,94,176,-82
E01004021,30km to less than 40km,3,10,-7
E01004021,40km to less than 60km,9,8,1
E01004021,5km to less than 10km,174,757,-583
E01004021,60km and over,2,19,-17
E01004021,Less than 2km,86,101,-15
E01004021,"Works mainly at an offshore installation, in no fixed place, or outside the UK",94,114,-20
E01004021,Works mainly from home,913,117,796
E01004023,10km to less than 20km,27,52,-25
E01004023,20km to less than 30km,3,10,-7
E01004023,2km to less than 5km,178,254,-76
E01004023,30km to less than 40km,4,1,3
E01004023,40km to less than 60km,1,2,-1
E01004023,5km to less than 10km,126,158,-32
E01004023,60km and over,5,6,-1
E01004023,Less than 2km,95,112,-17
E01004023,"Works mainly at an offshore installation, in no fixed place, or outside the UK",90,82,8
E01004023,Works mainly from home,373,53,320
E01004024,10km to less than 20km,42,47,-5
E01004024,20km to less than 30km,10,8,2
E01004024,2km to less than 5km,172,262,-90
E01004024,30km to less than 40km,5,10,-5
E01004024,40km to less than 60km,0,6,-6
E01004024,5km to less than 10km,151,219,-68
E01004024,60km and over,8,18,-10
E01004024,Less than 2km,94,112,-18
E01004024,"Works mainly at an offshore installation, in no fixed place, or outside the UK",125,86,39
E01004024,Works mainly from home,342,67,275
E01004028,10km to less than 20km,62,71,-9
E01004028,20km to less than 30km,6,8,-2
E01004028,2km to less than 5km,209,282,-73
E01004028,30km to less than 40km,5,6,-1
E01004028,40km to less than 60km,5,7,-2
E01004028,5km to less than 10km,131,139,-8
E01004028,60km and over,11,10,1
E01004028,Less than 2km,136,183,-47
E01004028,"Works mainly at an offshore installation, in no fixed place, or outside the UK",138,74,64
E01004028,Works mainly from home,642,55,587
E01004029,10km to less than 20km,51,97,-46
E01004029,20km to less than 30km,11,22,-11
E01004029,2km to less than 5km,157,488,-331
E01004029,30km to less than 40km,6,9,-3
E01004029,40km to less than 60km,8,7,1
E01004029,5km to less than 10km,160,339,-179
E01004029,60km and over,11,15,-4
E01004029,Less than 2km,54,93,-39
E01004029,"Works mainly at an offshore installation, in no fixed place, or outside the UK",90,95,-5
E01004029,Works mainly from home,812,63,749
E01004030,10km to less than 20km,69,62,7
E01004030,20km to less than 30km,3,14,-11
E01004030,2km to less than 5km,123,300,-177
E01004030,30km to less than 40km,3,5,-2
E01004030,40km to less than 60km,6,10,-4
E01004030,5km to less than 10km,120,224,-104
E01004030,60km and over,6,14,-8
E01004030,Less than 2km,64,65,-1
E01004030,"Works mainly at an offshore installation, in no fixed place, or outside the UK",77,89,-12
E01004030,Works mainly from home,411,92,319
E01004031,10km to less than 20km,59,82,-23
E01004031,20km to less than 30km,7,15,-8
E01004031,2km to less than 5km,183,338,-155
E01004031,30km to less than 40km,7,7,0
E01004031,40km to less than 60km,1,8,-7
E01004031,5km to less than 10km,197,254,-57
E01004031,60km and over,11,9,2
E01004031,Less than 2km,90,86,4
E01004031,"Works mainly at an offshore installation, in no fixed place, or outside the UK",122,81,41
E01004031,Works mainly from home,934,65,869
E01004032,10km to less than 20km,25,69,-44
E01004032,20km to less than 30km,5,25,-20
E01004032,2km to less than 5km,106,432,-326
E01004032,30km to less than 40km,1,5,-4
E01004032,40km to less than 60km,1,7,-6
E01004032,5km to less than 10km,139,299,-160
E01004032,60km and over,2,16,-14
E01004032,Less than 2km,42,125,-83
E01004032,"Works mainly at an offshore installation, in no fixed place, or outside the UK",74,88,-14
E01004032,Works mainly from home,657,79,578
E01004033,10km to less than 20km,60,53,7
E01004033,20km to less than 30km,9,12,-3
E01004033,2km to less than 5km,207,270,-63
E01004033,30km to less than 40km,3,6,-3
E01004033,40km to less than 60km,4,7,-3
E01004033,5km to less than 10km,156,170,-14
E01004033,60km and over,7,8,-1
E01004033,Less than 2km,64,78,-14
E01004033,"Works mainly at an offshore installation, in no fixed place, or outside the UK",116,73,43
E01004033,Works mainly from home,734,52,682
E01004034,10km to less than 20km,47,61,-14
E01004034,20km to less than 30km,10,18,-8
E01004034,2km to less than 5km,117,212,-95
E01004034,30km to less than 40km,6,6,0
E01004034,40km to less than 60km,1,3,-2
E01004034,5km to less than 10km,108,160,-52
E01004034,60km and over,5,9,-4
E01004034,Less than 2km,79,96,-17
E01004034,"Works mainly at an offshore installation, in no fixed place, or outside the UK",129,77,52
E01004034,Works mainly from home,308,51,257
E01004035,10km to less than 20km,29,48,-19
E01004035,20km to less than 30km,11,8,3
E01004035,2km to less than 5km,122,227,-105
E01004035,30km to less than 40km,1,4,-3
E01004035,40km to less than 60km,1,6,-5
E01004035,5km to less than 10km,126,176,-50
E01004035,60km and over,4,6,-2
E01004035,Less than 2km,60,87,-27
E01004035,"Works mainly at an offshore installation, in no fixed place, or outside the UK",94,85,9
E01004035,Works mainly from home,232,47,185
E01004036,10km to less than 20km,52,78,-26
E01004036,20km to less than 30km,4,16,-12
E01004036,2km to less than 5km,176,283,-107
E01004036,30km to less than 40km,2,11,-9
E01004036,40km to less than 60km,1,4,-3
E01004036,5km to less than 10km,183,261,-78
E01004036,60km and over,1,11,-10
E01004036,Less than 2km,67,107,-40
E01004036,"Works mainly at an offshore installation, in no fixed place, or outside the UK",170,95,75
E01004036,Works mainly from home,355,75,280
E01004037,10km to less than 20km,53,90,-37
E01004037,20km to less than 30km,5,16,-11
E01004037,2km to less than 5km,187,321,-134
E01004037,30km to less than 40km,6,10,-4
E01004037,40km to less than 60km,1,7,-6
E01004037,5km to less than 10km,166,268,-102
E01004037,60km and over,8,13,-5
E01004037,Less than 2km,80,101,-21
E01004037,"Works mainly at an offshore installation, in no fixed place, or outside the UK",166,116,50
E01004037,Works mainly from home,404,71,333
E01004038,10km to less than 20km,47,98,-51
E01004038,20km to less than 30km,9,17,-8
E01004038,2km to less than 5km,251,399,-148
E01004038,30km to less than 40km,5,10,-5
E01004038,40km to less than 60km,6,7,-1
E01004038,5km to less than 10km,196,293,-97
E01004038,60km and over,10,12,-2
E01004038,Less than 2km,92,132,-40
E01004038,"Works mainly at an offshore installation, in no fixed place, or outside the UK",157,123,34
E01004038,Works mainly from home,553,86,467
E01004039,10km to less than 20km,31,62,-31
E01004039,20km to less than 30km,8,15,-7
E01004039,2km to less than 5km,161,402,-241
E01004039,30km to less than 40km,3,5,-2
E01004039,40km to less than 60km,1,10,-9
E01004039,5km to less than 10km,119,230,-111
E01004039,60km and over,8,10,-2
E01004039,Less than 2km,70,123,-53
E01004039,"Works mainly at an offshore installation, in no fixed place, or outside the UK",111,104,7
E01004039,Works mainly from home,349,60,289
E01004040,10km to less than 20km,43,33,10
E01004040,20km to less than 30km,8,7,1
E01004040,2km to less than 5km,162,195,-33
E01004040,30km to less than 40km,8,2,6
E01004040,40km to less than 60km,2,3,-1
E01004040,5km to less than 10km,133,141,-8
E01004040,60km and over,10,7,3
E01004040,Less than 2km,59,69,-10
E01004040,"Works mainly at an offshore installation, in no fixed place, or outside the UK",118,54,64
E01004040,Works mainly from home,210,31,179
E01004041,10km to less than 20km,40,58,-18
E01004041,20km to less than 30km,8,11,-3
E01004041,2km to less than 5km,196,286,-90
E01004041,30km to less than 40km,2,3,-1
E01004041,40km to less than 60km,1,6,-5
E01004041,5km to less than 10km,122,168,-46
E01004041,60km and over,7,12,-5
E01004041,Less than 2km,73,85,-12
E01004041,"Works mainly at an offshore installation, in no fixed place, or outside the UK",120,76,44
E01004041,Works mainly from home,227,49,178
E01004042,10km to less than 20km,41,47,-6
E01004042,20km to less than 30km,6,6,0
E01004042,2km to less than 5km,188,214,-26
E01004042,30km to less than 40km,3,2,1
E01004042,40km to less than 60km,1,3,-2
E01004042,5km to less than 10km,141,156,-15
E01004042,60km and over,5,8,-3
E01004042,Less than 2km,82,135,-53
E01004042,"Works mainly at an offshore installation, in no fixed place, or outside the UK",137,102,35
E01004042,Works mainly from home,330,48,282
E01004043,10km to less than 20km,27,36,-9
E01004043,20km to less than 30km,3,12,-9
E01004043,2km to less than 5km,111,265,-154
E01004043,30km to less than 40km,5,9,-4
E01004043,40km to less than 60km,2,2,0
E01004043,5km to less than 10km,76,131,-55
E01004043,60km and over,4,5,-1
E01004043,Less than 2km,55,104,-49
E01004043,"Works mainly at an offshore installation, in no fixed place, or outside the UK",75,71,4
E01004043,Works mainly from home,370,61,309
E01004044,10km to less than 20km,39,49,-10
E01004044,20km to less than 30km,8,9,-1
E01004044,2km to less than 5km,152,195,-43
E01004044,30km to less than 40km,7,5,2
E01004044,40km to less than 60km,5,1,4
E01004044,5km to less than 10km,96,109,-13
E01004044,60km and over,6,12,-6
E01004044,Less than 2km,83,91,-8
E01004044,"Works mainly at an offshore installation, in no fixed place, or outside the UK",72,66,6
E01004044,Works mainly from home,203,52,151
E01004045,10km to less than 20km,39,50,-11
E01004045,20km to less than 30km,10,5,5
E01004045,2km to less than 5km,93,136,-43
E01004045,30km to less than 40km,5,1,4
E01004045,40km to less than 60km,0,4,-4
E01004045,5km to less than 10km,138,227,-89
E01004045,60km and over,3,12,-9
E01004045,Less than 2km,98,100,-2
E01004045,"Works mainly at an offshore installation, in no fixed place, or outside the UK",111,88,23
E01004045,Works mainly from home,227,62,165
E01004046,10km to less than 20km,20,71,-51
E01004046,20km to less than 30km,8,6,2
E01004046,2km to less than 5km,60,145,-85
E01004046,30km to less than 40km,3,3,0
E01004046,40km to less than 60km,0,5,-5
E01004046,5km to less than 10km,120,413,-293
E01004046,60km and over,3,16,-13
E01004046,Less than 2km,66,94,-28
E01004046,"Works mainly at an offshore installation, in no fixed place, or outside the UK",57,77,-20
E01004046,Works mainly from home,550,99,451
E01004047,10km to less than 20km,63,53,10
E01004047,20km to less than 30km,8,5,3
E01004047,2km to less than 5km,92,108,-16
E01004047,30km to less than 40km,4,5,-1
E01004047,40km to less than 60km,4,4,0
E01004047,5km to less than 10km,184,208,-24
E01004047,60km and over,21,14,7
E01004047,Less than 2km,130,116,14
E01004047,"Works mainly at an offshore installation, in no fixed place, or outside the UK",135,74,61
E01004047,Works mainly from home,251,51,200
E01004048,10km to less than 20km,33,42,-9
E01004048,20km to less than 30km,6,4,2
E01004048,2km to less than 5km,85,139,-54
E01004048,30km to less than 40km,6,2,4
E01004048,40km to less than 60km,0,4,-4
E01004048,5km to less than 10km,116,347,-231
E01004048,60km and over,3,10,-7
E01004048,Less than 2km,179,164,15
E01004048,"Works mainly at an offshore installation, in no fixed place, or outside the UK",73,82,-9
E01004048,Works mainly from home,409,91,318
E01004049,10km to less than 20km,19,46,-27
E01004049,20km to less than 30km,7,7,0
E01004049,2km to less than 5km,85,136,-51
E01004049,30km to less than 40km,4,4,0
E01004049,40km to less than 60km,1,4,-3
E01004049,5km to less than 10km,151,232,-81
E01004049,60km and over,7,7,0
E01004049,Less than 2km,90,116,-26
E01004049,"Works mainly at an offshore installation, in no fixed place, or outside the UK",67,84,-17
E01004049,Works mainly from home,240,74,166
E01004050,10km to less than 20km,22,62,-40
E01004050,20km to less than 30km,8,4,4
E01004050,2km to less than 5km,72,170,-98
E01004050,30km to less than 40km,3,0,3
E01004050,40km to less than 60km,0,9,-9
E01004050,5km to less than 10km,102,408,-306
E01004050,60km and over,2,9,-7
E01004050,Less than 2km,58,86,-28
E01004050,"Works mainly at an offshore installation, in no fixed place, or outside the UK",55,86,-31
E01004050,Works mainly from home,580,99,481
E01004051,10km to less than 20km,26,76,-50
E01004051,20km to less than 30km,6,1,5
E01004051,2km to less than 5km,68,142,-74
E01004051,30km to less than 40km,2,2,0
E01004051,40km to less than 60km,2,6,-4
E01004051,5km to less than 10km,99,334,-235
E01004051,60km and over,8,12,-4
E01004051,Less than 2km,81,90,-9
E01004051,"Works mainly at an offshore installation, in no fixed place, or outside the UK",43,69,-26
E01004051,Works mainly from home,453,71,382
E01004052,10km to less than 20km,39,71,-32
E01004052,20km to less than 30km,4,6,-2
E01004052,2km to less than 5km,101,168,-67
E01004052,30km to less than 40km,4,4,0
E01004052,40km to less than 60km,2,7,-5
E01004052,5km to less than 10km,123,512,-389
E01004052,60km and over,3,8,-5
E01004052,Less than 2km,81,90,-9
E01004052,"Works mainly at an offshore installation, in no fixed place, or outside the UK",80,92,-12
E01004052,Works mainly from home,673,105,568
E01004053,10km to less than 20km,34,82,-48
E01004053,20km to less than 30km,2,9,-7
E01004053,2km to less than 5km,122,497,-375
E01004053,30km to less than 40km,4,12,-8
E01004053,40km to less than 60km,5,8,-3
E01004053,5km to less than 10km,160,308,-148
E01004053,60km and over,5,16,-11
E01004053,Less than 2km,44,162,-118
E01004053,"Works mainly at an offshore installation, in no fixed place, or outside the UK",83,117,-34
E01004053,Works mainly from home,842,89,753
E01004054,10km to less than 20km,52,78,-26
E01004054,20km to less than 30km,3,12,-9
E01004054,2km to less than 5km,134,352,-218
E01004054,30km to less than 40km,0,6,-6
E01004054,40km to less than 60km,0,5,-5
E01004054,5km to less than 10km,147,371,-224
E01004054,60km and over,9,16,-7
E01004054,Less than 2km,52,162,-110
E01004054,"Works mainly at an offshore installation, in no fixed place, or outside the UK",70,93,-23
E01004054,Works mainly from home,608,102,506
E01004055,10km to less than 20km,33,46,-13
E01004055,20km to less than 30km,2,6,-4
E01004055,2km to less than 5km,105,170,-65
E01004055,30km to less than 40km,5,2,3
E01004055,40km to less than 60km,3,4,-1
E01004055,5km to less than 10km,90,135,-45
E01004055,60km and over,5,6,-1
E01004055,Less than 2km,55,89,-34
E01004055,"Works mainly at an offshore installation, in no fixed place, or outside the UK",100,56,44
E01004055,Works mainly from home,218,42,176
E01004056,10km to less than 20km,78,78,0
E01004056,20km to less than 30km,5,17,-12
E01004056,2km to less than 5km,151,336,-185
E01004056,30km to less than 40km,2,8,-6
E01004056,40km to less than 60km,6,15,-9
E01004056,5km to less than 10km,203,424,-221
E01004056,60km and over,3,16,-13
E01004056,Less than 2km,52,170,-118
E01004056,"Works mainly at an offshore installation, in no fixed place, or outside the UK",146,112,34
E01004056,Works mainly from home,766,91,675
E01004057,10km to less than 20km,76,77,-1
E01004057,20km to less than 30km,6,14,-8
E01004057,2km to less than 5km,143,246,-103
E01004057,30km to less than 40km,6,5,1
E01004057,40km to less than 60km,6,11,-5
E01004057,5km to less than 10km,145,256,-111
E01004057,60km and over,3,13,-10
E01004057,Less than 2km,53,129,-76
E01004057,"Works mainly at an offshore installation, in no fixed place, or outside the UK",129,92,37
E01004057,Works mainly from home,737,59,678
E01004058,10km to less than 20km,67,102,-35
E01004058,20km to less than 30km,5,14,-9
E01004058,2km to less than 5km,109,340,-231
E01004058,30km to less than 40km,3,8,-5
E01004058,40km to less than 60km,2,9,-7
E01004058,5km to less than 10km,165,455,-290
E01004058,60km and over,6,11,-5
E01004058,Less than 2km,32,178,-146
E01004058,"Works mainly at an offshore installation, in no fixed place, or outside the UK",87,95,-8
E01004058,Works mainly from home,821,111,710
E01004059,10km to less than 20km,62,76,-14
E01004059,20km to less than 30km,8,20,-12
E01004059,2km to less than 5km,135,353,-218
E01004059,30km to less than 40km,6,5,1
E01004059,40km to less than 60km,6,6,0
E01004059,5km to less than 10km,177,395,-218
E01004059,60km and over,8,13,-5
E01004059,Less than 2km,31,106,-75
E01004059,"Works mainly at an offshore installation, in no fixed place, or outside the UK",79,57,22
E01004059,Works mainly from home,930,83,847
E01004060,10km to less than 20km,58,78,-20
E01004060,20km to less than 30km,7,10,-3
E01004060,2km to less than 5km,154,303,-149
E01004060,30km to less than 40km,1,10,-9
E01004060,40km to less than 60km,4,3,1
E01004060,5km to less than 10km,184,306,-122
E01004060,60km and over,9,15,-6
E01004060,Less than 2km,51,101,-50
E01004060,"Works mainly at an offshore installation, in no fixed place, or outside the UK",118,89,29
E01004060,Works mainly from home,510,73,437
E01004061,10km to less than 20km,25,78,-53
E01004061,20km to less than 30km,3,9,-6
E01004061,2km to less than 5km,87,176,-89
E01004061,30km to less than 40km,2,8,-6
E01004061,40km to less than 60km,4,3,1
E01004061,5km to less than 10km,136,431,-295
E01004061,60km and over,4,13,-9
E01004061,Less than 2km,71,93,-22
E01004061,"Works mainly at an offshore installation, in no fixed place, or outside the UK",94,112,-18
E01004061,Works mainly from home,626,116,510
E01004062,10km to less than 20km,49,74,-25
E01004062,20km to less than 30km,9,5,4
E01004062,2km to less than 5km,131,170,-39
E01004062,30km to less than 40km,6,3,3
E01004062,40km to less than 60km,1,4,-3
E01004062,5km to less than 10km,231,432,-201
E01004062,60km and over,6,7,-1
E01004062,Less than 2km,99,94,5
E01004062,"Works mainly at an offshore installation, in no fixed place, or outside the UK",112,100,12
E01004062,Works mainly from home,660,65,595
E01004063,10km to less than 20km,40,96,-56
E01004063,20km to less than 30km,1,8,-7
E01004063,2km to less than 5km,103,185,-82
E01004063,30km to less than 40km,3,4,-1
E01004063,40km to less than 60km,1,4,-3
E01004063,5km to less than 10km,156,476,-320
E01004063,60km and over,2,11,-9
E01004063,Less than 2km,87,106,-19
E01004063,"Works mainly at an offshore installation, in no fixed place, or outside the UK",69,104,-35
E01004063,Works mainly from home,701,97,604
E01004064,10km to less than 20km,61,73,-12
E01004064,20km to less than 30km,15,13,2
E01004064,2km to less than 5km,107,146,-39
E01004064,30km to less than 40km,2,5,-3
E01004064,40km to less than 60km,1,7,-6
E01004064,5km to less than 10km,195,350,-155
E01004064,60km and over,2,18,-16
E01004064,Less than 2km,87,92,-5
E01004064,"Works mainly at an offshore installation, in no fixed place, or outside the UK",117,101,16
E01004064,Works mainly from home,500,74,426
E01004065,10km to less than 20km,29,70,-41
E01004065,20km to less than 30km,3,15,-12
E01004065,2km to less than 5km,59,109,-50
E01004065,30km to less than 40km,3,4,-1
E01004065,40km to less than 60km,1,3,-2
E01004065,5km to less than 10km,114,446,-332
E01004065,60km and over,6,7,-1
E01004065,Less than 2km,69,63,6
E01004065,"Works mainly at an offshore installation, in no fixed place, or outside the UK",75,86,-11
E01004065,Works mainly from home,581,89,492
E01004066,10km to less than 20km,51,81,-30
E01004066,20km to less than 30km,7,13,-6
E01004066,2km to less than 5km,107,248,-141
E01004066,30km to less than 40km,8,4,4
E01004066,40km to less than 60km,5,6,-1
E01004066,5km to less than 10km,167,338,-171
E01004066,60km and over,3,14,-11
E01004066,Less than 2km,85,89,-4
E01004066,"Works mainly at an offshore installation, in no fixed place, or outside the UK",147,126,21
E01004066,Works mainly from home,515,118,397
E01004067,10km to less than 20km,57,90,-33
E01004067,20km to less than 30km,12,15,-3
E01004067,2km to less than 5km,191,197,-6
E01004067,30km to less than 40km,10,4,6
E01004067,40km to less than 60km,8,7,1
E01004067,5km to less than 10km,222,324,-102
E01004067,60km and over,11,17,-6
E01004067,Less than 2km,111,173,-62
E01004067,"Works mainly at an offshore installation, in no fixed place, or outside the UK",198,118,80
E01004067,Works mainly from home,350,72,278
E01004068,10km to less than 20km,64,75,-11
E01004068,20km to less than 30km,1,22,-21
E01004068,2km to less than 5km,110,165,-55
E01004068,30km to less than 40km,4,7,-3
E01004068,40km to less than 60km,1,3,-2
E01004068,5km to less than 10km,156,299,-143
E01004068,60km and over,7,21,-14
E01004068,Less than 2km,57,85,-28
E01004068,"Works mainly at an offshore installation, in no fixed place, or outside the UK",120,88,32
E01004068,Works mainly from home,414,64,350
E01004069,10km to less than 20km,12,45,-33
E01004069,20km to less than 30km,3,10,-7
E01004069,2km to less than 5km,39,55,-16
E01004069,30km to less than 40km,0,4,-4
E01004069,40km to less than 60km,1,4,-3
E01004069,5km to less than 10km,86,348,-262
E01004069,60km and over,0,7,-7
E01004069,Less than 2km,32,79,-47
E01004069,"Works mainly at an offshore installation, in no fixed place, or outside the UK",29,52,-23
E01004069,Works mainly from home,401,106,295
E01004070,10km to less than 20km,20,64,-44
E01004070,20km to less than 30km,3,14,-11
E01004070,2km to less than 5km,60,90,-30
E01004070,30km to less than 40km,1,3,-2
E01004070,40km to less than 60km,1,6,-5
E01004070,5km to less than 10km,133,542,-409
E01004070,60km and over,2,13,-11
E01004070,Less than 2km,55,99,-44
E01004070,"Works mainly at an offshore installation, in no fixed place, or outside the UK",75,88,-13
E01004070,Works mainly from home,637,142,495
E01004071,10km to less than 20km,21,65,-44
E01004071,20km to less than 30km,4,2,2
E01004071,2km to less than 5km,67,101,-34
E01004071,30km to less than 40km,0,3,-3
E01004071,40km to less than 60km,1,4,-3
E01004071,5km to less than 10km,122,407,-285
E01004071,60km and over,1,12,-11
E01004071,Less than 2km,69,84,-15
E01004071,"Works mainly at an offshore installation, in no fixed place, or outside the UK",100,79,21
E01004071,Works mainly from home,467,75,392
E01004072,10km to less than 20km,17,46,-29
E01004072,20km to less than 30km,6,10,-4
E01004072,2km to less than 5km,53,85,-32
E01004072,30km to less than 40km,2,3,-1
E01004072,40km to less than 60km,3,4,-1
E01004072,5km to less than 10km,126,397,-271
E01004072,60km and over,2,8,-6
E01004072,Less than 2km,63,67,-4
E01004072,"Works mainly at an offshore installation, in no fixed place, or outside the UK",52,56,-4
E01004072,Works mainly from home,591,96,495
E01004073,10km to less than 20km,24,72,-48
E01004073,20km to less than 30km,0,10,-10
E01004073,2km to less than 5km,51,91,-40
E01004073,30km to less than 40km,3,6,-3
E01004073,40km to less than 60km,2,8,-6
E01004073,5km to less than 10km,148,570,-422
E01004073,60km and over,2,17,-15
E01004073,Less than 2km,61,91,-30
E01004073,"Works mainly at an offshore installation, in no fixed place, or outside the UK",53,77,-24
E01004073,Works mainly from home,665,127,538
E01004074,10km to less than 20km,27,45,-18
E01004074,20km to less than 30km,4,8,-4
E01004074,2km to less than 5km,36,78,-42
E01004074,30km to less than 40km,4,10,-6
E01004074,40km to less than 60km,1,3,-2
E01004074,5km to less than 10km,121,489,-368
E01004074,60km and over,4,7,-3
E01004074,Less than 2km,52,67,-15
E01004074,"Works mainly at an offshore installation, in no fixed place, or outside the UK",31,94,-63
E01004074,Works mainly from home,559,132,427
E01004075,10km to less than 20km,21,52,-31
E01004075,20km to less than 30km,2,7,-5
E01004075,2km to less than 5km,38,95,-57
E01004075,30km to less than 40km,1,4,-3
E01004075,40km to less than 60km,0,7,-7
E01004075,5km to less than 10km,121,547,-426
E01004075,60km and over,4,12,-8
E01004075,Less than 2km,29,102,-73
E01004075,"Works mainly at an offshore installation, in no fixed place, or outside the UK",44,90,-46
E01004075,Works mainly from home,591,164,427
E01004076,10km to less than 20km,88,176,-88
E01004076,20km to less than 30km,20,25,-5
E01004076,2km to less than 5km,127,186,-59
E01004076,30km to less than 40km,5,6,-1
E01004076,40km to less than 60km,4,5,-1
E01004076,5km to less than 10km,98,106,-8
E01004076,60km and over,5,7,-2
E01004076,Less than 2km,74,104,-30
E01004076,"Works mainly at an offshore installation, in no fixed place, or outside the UK",134,74,60
E01004076,Works mainly from home,244,64,180
E01004077,10km to less than 20km,83,169,-86
E01004077,20km to less than 30km,9,27,-18
E01004077,2km to less than 5km,122,150,-28
E01004077,30km to less than 40km,2,9,-7
E01004077,40km to less than 60km,3,6,-3
E01004077,5km to less than 10km,109,111,-2
E01004077,60km and over,6,10,-4
E01004077,Less than 2km,57,125,-68
E01004077,"Works mainly at an offshore installation, in no fixed place, or outside the UK",139,90,49
E01004077,Works mainly from home,255,80,175
E01004078,10km to less than 20km,107,208,-101
E01004078,20km to less than 30km,14,20,-6
E01004078,2km to less than 5km,112,159,-47
E01004078,30km to less than 40km,5,10,-5
E01004078,40km to less than 60km,3,5,-2
E01004078,5km to less than 10km,108,122,-14
E01004078,60km and over,2,10,-8
E01004078,Less than 2km,91,154,-63
E01004078,"Works mainly at an offshore installation, in no fixed place, or outside the UK",193,102,91
E01004078,Works mainly from home,256,60,196
E01004079,10km to less than 20km,87,182,-95
E01004079,20km to less than 30km,9,28,-19
E01004079,2km to less than 5km,113,156,-43
E01004079,30km to less than 40km,5,8,-3
E01004079,40km to less than 60km,4,3,1
E01004079,5km to less than 10km,63,94,-31
E01004079,60km and over,6,12,-6
E01004079,Less than 2km,50,132,-82
E01004079,"Works mainly at an offshore installation, in no fixed place, or outside the UK",96,66,30
E01004079,Works mainly from home,312,75,237
E01004080,10km to less than 20km,74,162,-88
E01004080,20km to less than 30km,14,26,-12
E01004080,2km to less than 5km,84,141,-57
E01004080,30km to less than 40km,1,5,-4
E01004080,40km to less than 60km,0,7,-7
E01004080,5km to less than 10km,84,104,-20
E01004080,60km and over,5,10,-5
E01004080,Less than 2km,57,115,-58
E01004080,"Works mainly at an offshore installation, in no fixed place, or outside the UK",118,76,42
E01004080,Works mainly from home,251,55,196
E01004081,10km to less than 20km,96,209,-113
E01004081,20km to less than 30km,16,28,-12
E01004081,2km to less than 5km,118,163,-45
E01004081,30km to less than 40km,3,4,-1
E01004081,40km to less than 60km,4,4,0
E01004081,5km to less than 10km,96,128,-32
E01004081,60km and over,3,6,-3
E01004081,Less than 2km,77,115,-38
E01004081,"Works mainly at an offshore installation, in no fixed place, or outside the UK",109,81,28
E01004081,Works mainly from home,324,59,265
E01004082,10km to less than 20km,74,175,-101
E01004082,20km to less than 30km,8,41,-33
E01004082,2km to less than 5km,115,166,-51
E01004082,30km to less than 40km,3,8,-5
E01004082,40km to less than 60km,3,5,-2
E01004082,5km to less than 10km,80,104,-24
E01004082,60km and over,7,15,-8
E01004082,Less than 2km,55,124,-69
E01004082,"Works mainly at an offshore installation, in no fixed place, or outside the UK",103,72,31
E01004082,Works mainly from home,266,45,221
E01004083,10km to less than 20km,74,99,-25
E01004083,20km to less than 30km,6,25,-19
E01004083,2km to less than 5km,116,160,-44
E01004083,30km to less than 40km,3,1,2
E01004083,40km to less than 60km,6,5,1
E01004083,5km to less than 10km,76,111,-35
E01004083,60km and over,4,6,-2
E01004083,Less than 2km,73,72,1
E01004083,"Works mainly at an offshore installation, in no fixed place, or outside the UK",125,58,67
E01004083,Works mainly from home,132,46,86
E01004084,10km to less than 20km,75,187,-112
E01004084,20km to less than 30km,22,43,-21
E01004084,2km to less than 5km,90,126,-36
E01004084,30km to less than 40km,6,6,0
E01004084,40km to less than 60km,6,6,0
E01004084,5km to less than 10km,64,115,-51
E01004084,60km and over,2,9,-7
E01004084,Less than 2km,26,64,-38
E01004084,"Works mainly at an offshore installation, in no fixed place, or outside the UK",72,56,16
E01004084,Works mainly from home,308,113,195
E01004085,10km to less than 20km,92,212,-120
E01004085,20km to less than 30km,18,48,-30
E01004085,2km to less than 5km,93,153,-60
E01004085,30km to less than 40km,3,8,-5
E01004085,40km to less than 60km,6,4,2
E01004085,5km to less than 10km,78,121,-43
E01004085,60km and over,7,13,-6
E01004085,Less than 2km,36,72,-36
E01004085,"Works mainly at an offshore installation, in no fixed place, or outside the UK",105,79,26
E01004085,Works mainly from home,349,104,245
E01004086,10km to less than 20km,129,189,-60
E01004086,20km to less than 30km,22,24,-2
E01004086,2km to less than 5km,120,175,-55
E01004086,30km to less than 40km,9,13,-4
E01004086,40km to less than 60km,7,6,1
E01004086,5km to less than 10km,134,129,5
E01004086,60km and over,3,7,-4
E01004086,Less than 2km,91,119,-28
E01004086,"Works mainly at an offshore installation, in no fixed place, or outside the UK",131,72,59
E01004086,Works mainly from home,330,78,252
E01004087,10km to less than 20km,67,157,-90
E01004087,20km to less than 30km,14,22,-8
E01004087,2km to less than 5km,114,155,-41
E01004087,30km to less than 40km,2,7,-5
E01004087,40km to less than 60km,7,10,-3
E01004087,5km to less than 10km,73,129,-56
E01004087,60km and over,9,12,-3
E01004087,Less than 2km,39,93,-54
E01004087,"Works mainly at an offshore installation, in no fixed place, or outside the UK",96,66,30
E01004087,Works mainly from home,317,83,234
E01004088,10km to less than 20km,78,106,-28
E01004088,20km to less than 30km,14,25,-11
E01004088,2km to less than 5km,160,198,-38
E01004088,30km to less than 40km,6,4,2
E01004088,40km to less than 60km,5,4,1
E01004088,5km to less than 10km,114,132,-18
E01004088,60km and over,5,9,-4
E01004088,Less than 2km,86,117,-31
E01004088,"Works mainly at an offshore installation, in no fixed place, or outside the UK",166,70,96
E01004088,Works mainly from home,134,29,105
E01004089,10km to less than 20km,74,96,-22
E01004089,20km to less than 30km,13,26,-13
E01004089,2km to less than 5km,104,174,-70
E01004089,30km to less than 40km,4,4,0
E01004089,40km to less than 60km,0,4,-4
E01004089,5km to less than 10km,59,69,-10
E01004089,60km and over,4,4,0
E01004089,Less than 2km,54,58,-4
E01004089,"Works mainly at an offshore installation, in no fixed place, or outside the UK",119,56,63
E01004089,Works mainly from home,118,43,75
E01004090,10km to less than 20km,56,88,-32
E01004090,20km to less than 30km,15,29,-14
E01004090,2km to less than 5km,93,87,6
E01004090,30km to less than 40km,6,2,4
E01004090,40km to less than 60km,1,4,-3
E01004090,5km to less than 10km,78,90,-12
E01004090,60km and over,2,7,-5
E01004090,Less than 2km,74,86,-12
E01004090,"Works mainly at an offshore installation, in no fixed place, or outside the UK",133,44,89
E01004090,Works mainly from home,97,40,57
E01004091,10km to less than 20km,43,135,-92
E01004091,20km to less than 30km,15,67,-52
E01004091,2km to less than 5km,69,124,-55
E01004091,30km to less than 40km,5,6,-1
E01004091,40km to less than 60km,2,3,-1
E01004091,5km to less than 10km,51,89,-38
E01004091,60km and over,3,7,-4
E01004091,Less than 2km,23,62,-39
E01004091,"Works mainly at an offshore installation, in no fixed place, or outside the UK",73,74,-1
E01004091,Works mainly from home,309,92,217
E01004092,10km to less than 20km,63,186,-123
E01004092,20km to less than 30km,16,46,-30
E01004092,2km to less than 5km,61,94,-33
E01004092,30km to less than 40km,4,6,-2
E01004092,40km to less than 60km,3,6,-3
E01004092,5km to less than 10km,67,118,-51
E01004092,60km and over,4,13,-9
E01004092,Less than 2km,57,108,-51
E01004092,"Works mainly at an offshore installation, in no fixed place, or outside the UK",90,74,16
E01004092,Works mainly from home,344,88,256
E01004093,10km to less than 20km,53,190,-137
E01004093,20km to less than 30km,23,85,-62
E01004093,2km to less than 5km,62,100,-38
E01004093,30km to less than 40km,3,2,1
E01004093,40km to less than 60km,5,10,-5
E01004093,5km to less than 10km,79,144,-65
E01004093,60km and over,6,9,-3
E01004093,Less than 2km,48,100,-52
E01004093,"Works mainly at an offshore installation, in no fixed place, or outside the UK",102,72,30
E01004093,Works mainly from home,387,81,306
E01004094,10km to less than 20km,81,206,-125
E01004094,20km to less than 30km,26,114,-88
E01004094,2km to less than 5km,115,144,-29
E01004094,30km to less than 40km,13,6,7
E01004094,40km to less than 60km,8,11,-3
E01004094,5km to less than 10km,95,146,-51
E01004094,60km and over,3,9,-6
E01004094,Less than 2km,85,122,-37
E01004094,"Works mainly at an offshore installation, in no fixed place, or outside the UK",133,85,48
E01004094,Works mainly from home,412,91,321
E01004095,10km to less than 20km,86,216,-130
E01004095,20km to less than 30km,15,76,-61
E01004095,2km to less than 5km,72,116,-44
E01004095,30km to less than 40km,3,9,-6
E01004095,40km to less than 60km,1,7,-6
E01004095,5km to less than 10km,62,130,-68
E01004095,60km and over,2,12,-10
E01004095,Less than 2km,39,105,-66
E01004095,"Works mainly at an offshore installation, in no fixed place, or outside the UK",79,49,30
E01004095,Works mainly from home,404,100,304
E01004096,10km to less than 20km,113,254,-141
E01004096,20km to less than 30km,21,57,-36
E01004096,2km to less than 5km,84,91,-7
E01004096,30km to less than 40km,5,14,-9
E01004096,40km to less than 60km,2,5,-3
E01004096,5km to less than 10km,108,151,-43
E01004096,60km and over,4,11,-7
E01004096,Less than 2km,102,97,5
E01004096,"Works mainly at an offshore installation, in no fixed place, or outside the UK",134,82,52
E01004096,Works mainly from home,309,50,259
E01004097,10km to less than 20km,69,240,-171
E01004097,20km to less than 30km,8,30,-22
E01004097,2km to less than 5km,103,127,-24
E01004097,30km to less than 40km,6,8,-2
E01004097,40km to less than 60km,2,8,-6
E01004097,5km to less than 10km,93,145,-52
E01004097,60km and over,3,16,-13
E01004097,Less than 2km,84,149,-65
E01004097,"Works mainly at an offshore installation, in no fixed place, or outside the UK",118,104,14
E01004097,Works mainly from home,380,109,271
E01004098,10km to less than 20km,66,223,-157
E01004098,20km to less than 30km,3,11,-8
E01004098,2km to less than 5km,59,98,-39
E01004098,30km to less than 40km,2,2,0
E01004098,40km to less than 60km,2,2,0
E01004098,5km to less than 10km,61,86,-25
E01004098,60km and over,4,5,-1
E01004098,Less than 2km,51,93,-42
E01004098,"Works mainly at an offshore installation, in no fixed place, or outside the UK",97,48,49
E01004098,Works mainly from home,319,78,241
E01004099,10km to less than 20km,101,272,-171
E01004099,20km to less than 30km,14,31,-17
E01004099,2km to less than 5km,114,178,-64
E01004099,30km to less than 40km,3,4,-1
E01004099,40km to less than 60km,3,5,-2
E01004099,5km to less than 10km,83,91,-8
E01004099,60km and over,3,7,-4
E01004099,Less than 2km,70,80,-10
E01004099,"Works mainly at an offshore installation, in no fixed place, or outside the UK",98,81,17
E01004099,Works mainly from home,369,69,300
E01004100,10km to less than 20km,65,180,-115
E01004100,20km to less than 30km,11,18,-7
E01004100,2km to less than 5km,104,110,-6
E01004100,30km to less than 40km,0,9,-9
E01004100,40km to less than 60km,3,9,-6
E01004100,5km to less than 10km,55,95,-40
E01004100,60km and over,7,6,1
E01004100,Less than 2km,72,136,-64
E01004100,"Works mainly at an offshore installation, in no fixed place, or outside the UK",109,65,44
E01004100,Works mainly from home,326,74,252
E01004101,10km to less than 20km,60,166,-106
E01004101,20km to less than 30km,4,19,-15
E01004101,2km to less than 5km,104,103,1
E01004101,30km to less than 40km,5,7,-2
E01004101,40km to less than 60km,3,2,1
E01004101,5km to less than 10km,62,124,-62
E01004101,60km and over,4,4,0
E01004101,Less than 2km,65,123,-58
E01004101,"Works mainly at an offshore installation, in no fixed place, or outside the UK",97,77,20
E01004101,Works mainly from home,293,60,233
E01004102,10km to less than 20km,68,202,-134
E01004102,20km to less than 30km,15,30,-15
E01004102,2km to less than 5km,88,145,-57
E01004102,30km to less than 40km,0,4,-4
E01004102,40km to less than 60km,3,3,0
E01004102,5km to less than 10km,73,91,-18
E01004102,60km and over,4,8,-4
E01004102,Less than 2km,58,89,-31
E01004102,"Works mainly at an offshore installation, in no fixed place, or outside the UK",99,63,36
E01004102,Works mainly from home,377,86,291
E01004103,10km to less than 20km,105,269,-164
E01004103,20km to less than 30km,19,26,-7
E01004103,2km to less than 5km,97,143,-46
E01004103,30km to less than 40km,5,10,-5
E01004103,40km to less than 60km,4,14,-10
E01004103,5km to less than 10km,128,136,-8
E01004103,60km and over,0,12,-12
E01004103,Less than 2km,94,168,-74
E01004103,"Works mainly at an offshore installation, in no fixed place, or outside the UK",131,98,33
E01004103,Works mainly from home,397,73,324
E01004104,10km to less than 20km,62,193,-131
E01004104,20km to less than 30km,9,25,-16
E01004104,2km to less than 5km,93,158,-65
E01004104,30km to less than 40km,1,5,-4
E01004104,40km to less than 60km,3,4,-1
E01004104,5km to less than 10km,61,106,-45
E01004104,60km and over,3,10,-7
E01004104,Less than 2km,64,99,-35
E01004104,"Works mainly at an offshore installation, in no fixed place, or outside the UK",82,70,12
E01004104,Works mainly from home,348,79,269
E01004105,10km to less than 20km,91,250,-159
E01004105,20km to less than 30km,20,42,-22
E01004105,2km to less than 5km,87,141,-54
E01004105,30km to less than 40km,3,7,-4
E01004105,40km to less than 60km,3,7,-4
E01004105,5km to less than 10km,88,163,-75
E01004105,60km and over,7,13,-6
E01004105,Less than 2km,64,148,-84
E01004105,"Works mainly at an offshore installation, in no fixed place, or outside the UK",115,94,21
E01004105,Works mainly from home,438,106,332
E01004106,10km to less than 20km,57,177,-120
E01004106,20km to less than 30km,25,53,-28
E01004106,2km to less than 5km,90,154,-64
E01004106,30km to less than 40km,4,7,-3
E01004106,40km to less than 60km,8,3,5
E01004106,5km to less than 10km,58,111,-53
E01004106,60km and over,4,9,-5
E01004106,Less than 2km,52,84,-32
E01004106,"Works mainly at an offshore installation, in no fixed place, or outside the UK",59,52,7
E01004106,Works mainly from home,407,141,266
E01004107,10km to less than 20km,68,176,-108
E01004107,20km to less than 30km,8,33,-25
E01004107,2km to less than 5km,122,174,-52
E01004107,30km to less than 40km,4,9,-5
E01004107,40km to less than 60km,6,5,1
E01004107,5km to less than 10km,90,126,-36
E01004107,60km and over,11,10,1
E01004107,Less than 2km,60,100,-40
E01004107,"Works mainly at an offshore installation, in no fixed place, or outside the UK",139,76,63
E01004107,Works mainly from home,283,68,215
E01004108,10km to less than 20km,92,192,-100
E01004108,20km to less than 30km,22,32,-10
E01004108,2km to less than 5km,107,191,-84
E01004108,30km to less than 40km,0,8,-8
E01004108,40km to less than 60km,1,7,-6
E01004108,5km to less than 10km,120,118,2
E01004108,60km and over,8,7,1
E01004108,Less than 2km,46,60,-14
E01004108,"Works mainly at an offshore installation, in no fixed place, or outside the UK",153,89,64
E01004108,Works mainly from home,456,139,317
E01004109,10km to less than 20km,71,108,-37
E01004109,20km to less than 30km,32,108,-76
E01004109,2km to less than 5km,84,114,-30
E01004109,30km to less than 40km,4,7,-3
E01004109,40km to less than 60km,5,3,2
E01004109,5km to less than 10km,139,197,-58
E01004109,60km and over,6,1,5
E01004109,Less than 2km,42,74,-32
E01004109,"Works mainly at an offshore installation, in no fixed place, or outside the UK",138,96,42
E01004109,Works mainly from home,294,79,215
E01004110,10km to less than 20km,97,230,-133
E01004110,20km to less than 30km,20,51,-31
E01004110,2km to less than 5km,122,132,-10
E01004110,30km to less than 40km,4,14,-10
E01004110,40km to less than 60km,0,10,-10
E01004110,5km to less than 10km,104,153,-49
E01004110,60km and over,5,8,-3
E01004110,Less than 2km,91,134,-43
E01004110,"Works mainly at an offshore installation, in no fixed place, or outside the UK",165,104,61
E01004110,Works mainly from home,400,129,271
E01004111,10km to less than 20km,88,172,-84
E01004111,20km to less than 30km,20,31,-11
E01004111,2km to less than 5km,114,151,-37
E01004111,30km to less than 40km,4,10,-6
E01004111,40km to less than 60km,3,8,-5
E01004111,5km to less than 10km,83,127,-44
E01004111,60km and over,7,12,-5
E01004111,Less than 2km,79,99,-20
E01004111,"Works mainly at an offshore installation, in no fixed place, or outside the UK",107,70,37
E01004111,Works mainly from home,320,58,262
E01004112,10km to less than 20km,74,181,-107
E01004112,20km to less than 30km,35,71,-36
E01004112,2km to less than 5km,72,141,-69
E01004112,30km to less than 40km,6,9,-3
E01004112,40km to less than 60km,0,10,-10
E01004112,5km to less than 10km,89,122,-33
E01004112,60km and over,0,14,-14
E01004112,Less than 2km,34,81,-47
E01004112,"Works mainly at an offshore installation, in no fixed place, or outside the UK",84,83,1
E01004112,Works mainly from home,391,98,293
E01004114,10km to less than 20km,68,121,-53
E01004114,20km to less than 30km,41,109,-68
E01004114,2km to less than 5km,77,142,-65
E01004114,30km to less than 40km,4,9,-5
E01004114,40km to less than 60km,5,8,-3
E01004114,5km to less than 10km,98,143,-45
E01004114,60km and over,7,11,-4
E01004114,Less than 2km,18,32,-14
E01004114,"Works mainly at an offshore installation, in no fixed place, or outside the UK",76,58,18
E01004114,Works mainly from home,382,139,243
E01004115,10km to less than 20km,86,190,-104
E01004115,20km to less than 30km,22,42,-20
E01004115,2km to less than 5km,109,138,-29
E01004115,30km to less than 40km,1,15,-14
E01004115,40km to less than 60km,1,5,-4
E01004115,5km to less than 10km,131,192,-61
E01004115,60km and over,6,13,-7
E01004115,Less than 2km,98,144,-46
E01004115,"Works mainly at an offshore installation, in no fixed place, or outside the UK",178,100,78
E01004115,Works mainly from home,306,69,237
E01004116,10km to less than 20km,68,182,-114
E01004116,20km to less than 30km,10,34,-24
E01004116,2km to less than 5km,87,151,-64
E01004116,30km to less than 40km,4,9,-5
E01004116,40km to less than 60km,4,2,2
E01004116,5km to less than 10km,80,120,-40
E01004116,60km and over,3,5,-2
E01004116,Less than 2km,41,69,-28
E01004116,"Works mainly at an offshore installation, in no fixed place, or outside the UK",116,89,27
E01004116,Works mainly from home,315,71,244
E01004117,10km to less than 20km,79,211,-132
E01004117,20km to less than 30km,13,32,-19
E01004117,2km to less than 5km,104,164,-60
E01004117,30km to less than 40km,0,8,-8
E01004117,40km to less than 60km,2,2,0
E01004117,5km to less than 10km,86,141,-55
E01004117,60km and over,6,9,-3
E01004117,Less than 2km,47,74,-27
E01004117,"Works mainly at an offshore installation, in no fixed place, or outside the UK",124,90,34
E01004117,Works mainly from home,333,78,255
E01004118,10km to less than 20km,93,185,-92
E01004118,20km to less than 30km,20,32,-12
E01004118,2km to less than 5km,109,176,-67
E01004118,30km to less than 40km,9,4,5
E01004118,40km to less than 60km,1,6,-5
E01004118,5km to less than 10km,121,170,-49
E01004118,60km and over,3,4,-1
E01004118,Less than 2km,95,98,-3
E01004118,"Works mainly at an offshore installation, in no fixed place, or outside the UK",148,95,53
E01004118,Works mainly from home,285,93,192
E01004119,10km to less than 20km,67,164,-97
E01004119,20km to less than 30km,16,40,-24
E01004119,2km to less than 5km,99,170,-71
E01004119,30km to less than 40km,2,6,-4
E01004119,40km to less than 60km,2,7,-5
E01004119,5km to less than 10km,105,150,-45
E01004119,60km and over,7,8,-1
E01004119,Less than 2km,76,103,-27
E01004119,"Works mainly at an offshore installation, in no fixed place, or outside the UK",119,97,22
E01004119,Works mainly from home,245,56,189
E01004120,10km to less than 20km,72,156,-84
E01004120,20km to less than 30km,14,38,-24
E01004120,2km to less than 5km,92,182,-90
E01004120,30km to less than 40km,6,1,5
E01004120,40km to less than 60km,1,3,-2
E01004120,5km to less than 10km,85,130,-45
E01004120,60km and over,5,6,-1
E01004120,Less than 2km,79,113,-34
E01004120,"Works mainly at an offshore installation, in no fixed place, or outside the UK",115,107,8
E01004120,Works mainly from home,287,80,207
E01004121,10km to less than 20km,70,238,-168
E01004121,20km to less than 30km,5,43,-38
E01004121,2km to less than 5km,79,130,-51
E01004121,30km to less than 40km,6,9,-3
E01004121,40km to less than 60km,3,6,-3
E01004121,5km to less than 10km,103,170,-67
E01004121,60km and over,0,7,-7
E01004121,Less than 2km,49,68,-19
E01004121,"Works mainly at an offshore installation, in no fixed place, or outside the UK",111,91,20
E01004121,Works mainly from home,363,76,287
E01004122,10km to less than 20km,56,196,-140
E01004122,20km to less than 30km,12,28,-16
E01004122,2km to less than 5km,73,121,-48
E01004122,30km to less than 40km,2,7,-5
E01004122,40km to less than 60km,0,5,-5
E01004122,5km to less than 10km,80,141,-61
E01004122,60km and over,4,7,-3
E01004122,Less than 2km,41,59,-18
E01004122,"Works mainly at an offshore installation, in no fixed place, or outside the UK",89,72,17
E01004122,Works mainly from home,327,87,240
E01004123,10km to less than 20km,102,153,-51
E01004123,20km to less than 30km,23,34,-11
E01004123,2km to less than 5km,249,268,-19
E01004123,30km to less than 40km,11,2,9
E01004123,40km to less than 60km,4,11,-7
E01004123,5km to less than 10km,137,166,-29
E01004123,60km and over,3,15,-12
E01004123,Less than 2km,148,183,-35
E01004123,"Works mainly at an offshore installation, in no fixed place, or outside the UK",189,124,65
E01004123,Works mainly from home,230,71,159
E01004124,10km to less than 20km,108,149,-41
E01004124,20km to less than 30km,14,21,-7
E01004124,2km to less than 5km,178,240,-62
E01004124,30km to less than 40km,7,6,1
E01004124,40km to less than 60km,1,3,-2
E01004124,5km to less than 10km,131,171,-40
E01004124,60km and over,10,13,-3
E01004124,Less than 2km,106,96,10
E01004124,"Works mainly at an offshore installation, in no fixed place, or outside the UK",218,113,105
E01004124,Works mainly from home,204,46,158
E01004125,10km to less than 20km,68,113,-45
E01004125,20km to less than 30km,11,24,-13
E01004125,2km to less than 5km,182,224,-42
E01004125,30km to less than 40km,2,4,-2
E01004125,40km to less than 60km,0,8,-8
E01004125,5km to less than 10km,84,114,-30
E01004125,60km and over,4,11,-7
E01004125,Less than 2km,82,95,-13
E01004125,"Works mainly at an offshore installation, in no fixed place, or outside the UK",139,81,58
E01004125,Works mainly from home,152,30,122
E01004126,10km to less than 20km,74,98,-24
E01004126,20km to less than 30km,16,3,13
E01004126,2km to less than 5km,133,187,-54
E01004126,30km to less than 40km,2,4,-2
E01004126,40km to less than 60km,3,7,-4
E01004126,5km to less than 10km,119,117,2
E01004126,60km and over,3,10,-7
E01004126,Less than 2km,94,129,-35
E01004126,"Works mainly at an offshore installation, in no fixed place, or outside the UK",145,66,79
E01004126,Works mainly from home,144,34,110
E01004127,10km to less than 20km,98,151,-53
E01004127,20km to less than 30km,11,27,-16
E01004127,2km to less than 5km,159,192,-33
E01004127,30km to less than 40km,3,14,-11
E01004127,40km to less than 60km,2,3,-1
E01004127,5km to less than 10km,131,154,-23
E01004127,60km and over,5,8,-3
E01004127,Less than 2km,83,111,-28
E01004127,"Works mainly at an offshore installation, in no fixed place, or outside the UK",192,85,107
E01004127,Works mainly from home,222,48,174
E01004128,10km to less than 20km,62,82,-20
E01004128,20km to less than 30km,9,18,-9
E01004128,2km to less than 5km,125,170,-45
E01004128,30km to less than 40km,4,5,-1
E01004128,40km to less than 60km,3,3,0
E01004128,5km to less than 10km,140,137,3
E01004128,60km and over,6,10,-4
E01004128,Less than 2km,110,120,-10
E01004128,"Works mainly at an offshore installation, in no fixed place, or outside the UK",148,97,51
E01004128,Works mainly from home,130,100,30
E01004129,10km to less than 20km,78,130,-52
E01004129,20km to less than 30km,18,19,-1
E01004129,2km to less than 5km,170,224,-54
E01004129,30km to less than 40km,2,8,-6
E01004129,40km to less than 60km,0,5,-5
E01004129,5km to less than 10km,119,136,-17
E01004129,60km and over,5,7,-2
E01004129,Less than 2km,99,97,2
E01004129,"Works mainly at an offshore installation, in no fixed place, or outside the UK",186,91,95
E01004129,Works mainly from home,168,40,128
E01004130,10km to less than 20km,88,174,-86
E01004130,20km to less than 30km,17,31,-14
E01004130,2km to less than 5km,114,156,-42
E01004130,30km to less than 40km,1,6,-5
E01004130,40km to less than 60km,10,5,5
E01004130,5km to less than 10km,113,173,-60
E01004130,60km and over,6,8,-2
E01004130,Less than 2km,95,136,-41
E01004130,"Works mainly at an offshore installation, in no fixed place, or outside the UK",178,77,101
E01004130,Works mainly from home,279,64,215
E01004131,10km to less than 20km,101,162,-61
E01004131,20km to less than 30km,13,24,-11
E01004131,2km to less than 5km,142,182,-40
E01004131,30km to less than 40km,2,7,-5
E01004131,40km to less than 60km,7,6,1
E01004131,5km to less than 10km,130,152,-22
E01004131,60km and over,10,8,2
E01004131,Less than 2km,90,120,-30
E01004131,"Works mainly at an offshore installation, in no fixed place, or outside the UK",179,98,81
E01004131,Works mainly from home,289,64,225
E01004132,10km to less than 20km,64,153,-89
E01004132,20km to less than 30km,14,22,-8
E01004132,2km to less than 5km,96,187,-91
E01004132,30km to less than 40km,3,8,-5
E01004132,40km to less than 60km,4,8,-4
E01004132,5km to less than 10km,119,164,-45
E01004132,60km and over,2,9,-7
E01004132,Less than 2km,94,117,-23
E01004132,"Works mainly at an offshore installation, in no fixed place, or outside the UK",157,73,84
E01004132,Works mainly from home,281,66,215
E01004133,10km to less than 20km,70,126,-56
E01004133,20km to less than 30km,13,19,-6
E01004133,2km to less than 5km,113,154,-41
E01004133,30km to less than 40km,7,5,2
E01004133,40km to less than 60km,0,7,-7
E01004133,5km to less than 10km,109,175,-66
E01004133,60km and over,6,7,-1
E01004133,Less than 2km,112,137,-25
E01004133,"Works mainly at an offshore installation, in no fixed place, or outside the UK",131,79,52
E01004133,Works mainly from home,254,70,184
E01004134,10km to less than 20km,88,164,-76
E01004134,20km to less than 30km,3,16,-13
E01004134,2km to less than 5km,107,175,-68
E01004134,30km to less than 40km,6,6,0
E01004134,40km to less than 60km,1,4,-3
E01004134,5km to less than 10km,109,162,-53
E01004134,60km and over,3,7,-4
E01004134,Less than 2km,60,92,-32
E01004134,"Works mainly at an offshore installation, in no fixed place, or outside the UK",145,91,54
E01004134,Works mainly from home,247,59,188
E01004135,10km to less than 20km,62,145,-83
E01004135,20km to less than 30km,7,26,-19
E01004135,2km to less than 5km,115,174,-59
E01004135,30km to less than 40km,3,9,-6
E01004135,40km to less than 60km,1,7,-6
E01004135,5km to less than 10km,89,133,-44
E01004135,60km and over,4,14,-10
E01004135,Less than 2km,59,98,-39
E01004135,"Works mainly at an offshore installation, in no fixed place, or outside the UK",126,97,29
E01004135,Works mainly from home,223,57,166
E01004136,10km to less than 20km,84,158,-74
E01004136,20km to less than 30km,9,24,-15
E01004136,2km to less than 5km,118,208,-90
E01004136,30km to less than 40km,7,12,-5
E01004136,40km to less than 60km,2,5,-3
E01004136,5km to less than 10km,109,171,-62
E01004136,60km and over,2,8,-6
E01004136,Less than 2km,83,86,-3
E01004136,"Works mainly at an offshore installation, in no fixed place, or outside the UK",162,82,80
E01004136,Works mainly from home,239,66,173
E01004137,10km to less than 20km,177,289,-112
E01004137,20km to less than 30km,21,37,-16
E01004137,2km to less than 5km,133,106,27
E01004137,30km to less than 40km,4,8,-4
E01004137,40km to less than 60km,2,8,-6
E01004137,5km to less than 10km,161,148,13
E01004137,60km and over,5,6,-1
E01004137,Less than 2km,149,131,18
E01004137,"Works mainly at an offshore installation, in no fixed place, or outside the UK",204,83,121
E01004137,Works mainly from home,649,75,574
E01004138,10km to less than 20km,88,229,-141
E01004138,20km to less than 30km,21,41,-20
E01004138,2km to less than 5km,100,115,-15
E01004138,30km to less than 40km,4,7,-3
E01004138,40km to less than 60km,3,6,-3
E01004138,5km to less than 10km,113,163,-50
E01004138,60km and over,4,13,-9
E01004138,Less than 2km,106,142,-36
E01004138,"Works mainly at an offshore installation, in no fixed place, or outside the UK",153,105,48
E01004138,Works mainly from home,354,56,298
E01004139,10km to less than 20km,101,185,-84
E01004139,20km to less than 30km,4,31,-27
E01004139,2km to less than 5km,83,91,-8
E01004139,30km to less than 40km,4,9,-5
E01004139,40km to less than 60km,7,7,0
E01004139,5km to less than 10km,62,136,-74
E01004139,60km and over,5,4,1
E01004139,Less than 2km,112,144,-32
E01004139,"Works mainly at an offshore installation, in no fixed place, or outside the UK",125,100,25
E01004139,Works mainly from home,313,63,250
E01004140,10km to less than 20km,74,131,-57
E01004140,20km to less than 30km,5,25,-20
E01004140,2km to less than 5km,111,115,-4
E01004140,30km to less than 40km,5,7,-2
E01004140,40km to less than 60km,5,4,1
E01004140,5km to less than 10km,137,143,-6
E01004140,60km and over,2,10,-8
E01004140,Less than 2km,141,152,-11
E01004140,"Works mainly at an offshore installation, in no fixed place, or outside the UK",198,107,91
E01004140,Works mainly from home,191,39,152
E01004141,10km to less than 20km,85,175,-90
E01004141,20km to less than 30km,13,26,-13
E01004141,2km to less than 5km,107,102,5
E01004141,30km to less than 40km,2,2,0
E01004141,40km to less than 60km,6,7,-1
E01004141,5km to less than 10km,133,149,-16
E01004141,60km and over,4,5,-1
E01004141,Less than 2km,132,156,-24
E01004141,"Works mainly at an offshore installation, in no fixed place, or outside the UK",143,96,47
E01004141,Works mainly from home,197,56,141
E01004143,10km to less than 20km,102,178,-76
E01004143,20km to less than 30km,14,28,-14
E01004143,2km to less than 5km,75,114,-39
E01004143,30km to less than 40km,6,6,0
E01004143,40km to less than 60km,1,7,-6
E01004143,5km to less than 10km,120,141,-21
E01004143,60km and over,2,9,-7
E01004143,Less than 2km,85,159,-74
E01004143,"Works mainly at an offshore installation, in no fixed place, or outside the UK",129,86,43
E01004143,Works mainly from home,297,58,239
E01004144,10km to less than 20km,88,192,-104
E01004144,20km to less than 30km,11,31,-20
E01004144,2km to less than 5km,108,127,-19
E01004144,30km to less than 40km,2,9,-7
E01004144,40km to less than 60km,1,6,-5
E01004144,5km to less than 10km,107,140,-33
E01004144,60km and over,11,6,5
E01004144,Less than 2km,88,151,-63
E01004144,"Works mainly at an offshore installation, in no fixed place, or outside the UK",149,100,49
E01004144,Works mainly from home,331,85,246
E01004145,10km to less than 20km,118,233,-115
E01004145,20km to less than 30km,20,29,-9
E01004145,2km to less than 5km,150,194,-44
E01004145,30km to less than 40km,6,17,-11
E01004145,40km to less than 60km,3,14,-11
E01004145,5km to less than 10km,141,221,-80
E01004145,60km and over,4,16,-12
E01004145,Less than 2km,115,186,-71
E01004145,"Works mainly at an offshore installation, in no fixed place, or outside the UK",190,119,71
E01004145,Works mainly from home,383,75,308
E01004146,10km to less than 20km,112,183,-71
E01004146,20km to less than 30km,19,25,-6
E01004146,2km to less than 5km,107,102,5
E01004146,30km to less than 40km,7,16,-9
E01004146,40km to less than 60km,1,8,-7
E01004146,5km to less than 10km,129,156,-27
E01004146,60km and over,3,12,-9
E01004146,Less than 2km,132,160,-28
E01004146,"Works mainly at an offshore installation, in no fixed place, or outside the UK",150,91,59
E01004146,Works mainly from home,388,81,307
E01004147,10km to less than 20km,61,149,-88
E01004147,20km to less than 30km,8,28,-20
E01004147,2km to less than 5km,106,116,-10
E01004147,30km to less than 40km,11,6,5
E01004147,40km to less than 60km,2,5,-3
E01004147,5km to less than 10km,95,150,-55
E01004147,60km and over,7,4,3
E01004147,Less than 2km,94,155,-61
E01004147,"Works mainly at an offshore installation, in no fixed place, or outside the UK",125,68,57
E01004147,Works mainly from home,243,69,174
E01004148,10km to less than 20km,74,165,-91
E01004148,20km to less than 30km,20,16,4
E01004148,2km to less than 5km,86,116,-30
E01004148,30km to less than 40km,1,8,-7
E01004148,40km to less than 60km,2,4,-2
E01004148,5km to less than 10km,99,127,-28
E01004148,60km and over,8,11,-3
E01004148,Less than 2km,99,146,-47
E01004148,"Works mainly at an offshore installation, in no fixed place, or outside the UK",152,82,70
E01004148,Works mainly from home,201,63,138
E01004149,10km to less than 20km,102,189,-87
E01004149,20km to less than 30km,20,19,1
E01004149,2km to less than 5km,108,115,-7
E01004149,30km to less than 40km,2,10,-8
E01004149,40km to less than 60km,3,6,-3
E01004149,5km to less than 10km,127,162,-35
E01004149,60km and over,6,6,0
E01004149,Less than 2km,97,146,-49
E01004149,"Works mainly at an offshore installation, in no fixed place, or outside the UK",160,109,51
E01004149,Works mainly from home,283,64,219
E01004150,10km to less than 20km,108,242,-134
E01004150,20km to less than 30km,17,42,-25
E01004150,2km to less than 5km,104,82,22
E01004150,30km to less than 40km,2,8,-6
E01004150,40km to less than 60km,3,9,-6
E01004150,5km to less than 10km,128,126,2
E01004150,60km and over,3,10,-7
E01004150,Less than 2km,103,142,-39
E01004150,"Works mainly at an offshore installation, in no fixed place, or outside the UK",176,77,99
E01004150,Works mainly from home,381,79,302
E01004151,10km to less than 20km,110,321,-211
E01004151,20km to less than 30km,19,44,-25
E01004151,2km to less than 5km,98,110,-12
E01004151,30km to less than 40km,3,8,-5
E01004151,40km to less than 60km,1,6,-5
E01004151,5km to less than 10km,100,155,-55
E01004151,60km and over,10,20,-10
E01004151,Less than 2km,76,152,-76
E01004151,"Works mainly at an offshore installation, in no fixed place, or outside the UK",146,82,64
E01004151,Works mainly from home,442,88,354
E01004152,10km to less than 20km,89,229,-140
E01004152,20km to less than 30km,20,45,-25
E01004152,2km to less than 5km,77,87,-10
E01004152,30km to less than 40km,2,6,-4
E01004152,40km to less than 60km,2,3,-1
E01004152,5km to less than 10km,110,114,-4
E01004152,60km and over,9,12,-3
E01004152,Less than 2km,91,142,-51
E01004152,"Works mainly at an offshore installation, in no fixed place, or outside the UK",132,96,36
E01004152,Works mainly from home,321,80,241
E01004153,10km to less than 20km,107,289,-182
E01004153,20km to less than 30km,25,65,-40
E01004153,2km to less than 5km,98,90,8
E01004153,30km to less than 40km,4,7,-3
E01004153,40km to less than 60km,2,14,-12
E01004153,5km to less than 10km,93,146,-53
E01004153,60km and over,3,9,-6
E01004153,Less than 2km,70,137,-67
E01004153,"Works mainly at an offshore installation, in no fixed place, or outside the UK",154,83,71
E01004153,Works mainly from home,431,76,355
E01004154,10km to less than 20km,57,221,-164
E01004154,20km to less than 30km,11,32,-21
E01004154,2km to less than 5km,42,82,-40
E01004154,30km to less than 40km,2,4,-2
E01004154,40km to less than 60km,1,7,-6
E01004154,5km to less than 10km,68,110,-42
E01004154,60km and over,4,12,-8
E01004154,Less than 2km,55,102,-47
E01004154,"Works mainly at an offshore installation, in no fixed place, or outside the UK",78,54,24
E01004154,Works mainly from home,345,91,254
E01004155,10km to less than 20km,114,274,-160
E01004155,20km to less than 30km,20,74,-54
E01004155,2km to less than 5km,93,82,11
E01004155,30km to less than 40km,6,12,-6
E01004155,40km to less than 60km,3,6,-3
E01004155,5km to less than 10km,108,169,-61
E01004155,60km and over,4,12,-8
E01004155,Less than 2km,95,146,-51
E01004155,"Works mainly at an offshore installation, in no fixed place, or outside the UK",150,91,59
E01004155,Works mainly from home,402,74,328
E01004156,10km to less than 20km,124,309,-185
E01004156,20km to less than 30km,16,60,-44
E01004156,2km to less than 5km,86,97,-11
E01004156,30km to less than 40km,7,10,-3
E01004156,40km to less than 60km,1,7,-6
E01004156,5km to less than 10km,150,144,6
E01004156,60km and over,6,17,-11
E01004156,Less than 2km,103,139,-36
E01004156,"Works mainly at an offshore installation, in no fixed place, or outside the UK",143,87,56
E01004156,Works mainly from home,451,90,361
E01004157,10km to less than 20km,53,161,-108
E01004157,20km to less than 30km,8,35,-27
E01004157,2km to less than 5km,50,88,-38
E01004157,30km to less than 40km,3,8,-5
E01004157,40km to less than 60km,3,6,-3
E01004157,5km to less than 10km,64,99,-35
E01004157,60km and over,1,9,-8
E01004157,Less than 2km,46,102,-56
E01004157,"Works mainly at an offshore installation, in no fixed place, or outside the UK",69,59,10
E01004157,Works mainly from home,321,90,231
E01004158,10km to less than 20km,89,255,-166
E01004158,20km to less than 30km,20,55,-35
E01004158,2km to less than 5km,76,89,-13
E01004158,30km to less than 40km,3,9,-6
E01004158,40km to less than 60km,3,2,1
E01004158,5km to less than 10km,104,145,-41
E01004158,60km and over,4,12,-8
E01004158,Less than 2km,60,117,-57
E01004158,"Works mainly at an offshore installation, in no fixed place, or outside the UK",107,70,37
E01004158,Works mainly from home,363,87,276
E01004159,10km to less than 20km,81,157,-76
E01004159,20km to less than 30km,17,36,-19
E01004159,2km to less than 5km,91,128,-37
E01004159,30km to less than 40km,1,7,-6
E01004159,40km to less than 60km,0,3,-3
E01004159,5km to less than 10km,115,147,-32
E01004159,60km and over,4,5,-1
E01004159,Less than 2km,85,149,-64
E01004159,"Works mainly at an offshore installation, in no fixed place, or outside the UK",165,100,65
E01004159,Works mainly from home,286,77,209
E01004160,10km to less than 20km,95,237,-142
E01004160,20km to less than 30km,12,40,-28
E01004160,2km to less than 5km,96,112,-16
E01004160,30km to less than 40km,8,8,0
E01004160,40km to less than 60km,3,5,-2
E01004160,5km to less than 10km,107,148,-41
E01004160,60km and over,4,10,-6
E01004160,Less than 2km,85,157,-72
E01004160,"Works mainly at an offshore installation, in no fixed place, or outside the UK",153,111,42
E01004160,Works mainly from home,359,76,283
E01004161,10km to less than 20km,77,222,-145
E01004161,20km to less than 30km,14,41,-27
E01004161,2km to less than 5km,78,124,-46
E01004161,30km to less than 40km,8,11,-3
E01004161,40km to less than 60km,3,3,0
E01004161,5km to less than 10km,102,139,-37
E01004161,60km and over,5,13,-8
E01004161,Less than 2km,70,129,-59
E01004161,"Works mainly at an offshore installation, in no fixed place, or outside the UK",125,95,30
E01004161,Works mainly from home,317,66,251
E01004162,10km to less than 20km,109,254,-145
E01004162,20km to less than 30km,13,40,-27
E01004162,2km to less than 5km,110,90,20
E01004162,30km to less than 40km,3,12,-9
E01004162,40km to less than 60km,2,7,-5
E01004162,5km to less than 10km,121,158,-37
E01004162,60km and over,4,14,-10
E01004162,Less than 2km,103,126,-23
E01004162,"Works mainly at an offshore installation, in no fixed place, or outside the UK",136,65,71
E01004162,Works mainly from home,327,61,266
E01004163,10km to less than 20km,81,154,-73
E01004163,20km to less than 30km,12,24,-12
E01004163,2km to less than 5km,139,235,-96
E01004163,30km to less than 40km,5,10,-5
E01004163,40km to less than 60km,1,6,-5
E01004163,5km to less than 10km,120,124,-4
E01004163,60km and over,3,7,-4
E01004163,Less than 2km,95,98,-3
E01004163,"Works mainly at an offshore installation, in no fixed place, or outside the UK",192,89,103
E01004163,Works mainly from home,263,63,200
E01004164,10km to less than 20km,84,189,-105
E01004164,20km to less than 30km,7,21,-14
E01004164,2km to less than 5km,131,257,-126
E01004164,30km to less than 40km,1,8,-7
E01004164,40km to less than 60km,3,5,-2
E01004164,5km to less than 10km,77,106,-29
E01004164,60km and over,2,8,-6
E01004164,Less than 2km,72,104,-32
E01004164,"Works mainly at an offshore installation, in no fixed place, or outside the UK",127,91,36
E01004164,Works mainly from home,284,49,235
E01004165,10km to less than 20km,104,207,-103
E01004165,20km to less than 30km,14,35,-21
E01004165,2km to less than 5km,138,188,-50
E01004165,30km to less than 40km,1,11,-10
E01004165,40km to less than 60km,2,6,-4
E01004165,5km to less than 10km,108,137,-29
E01004165,60km and over,9,10,-1
E01004165,Less than 2km,105,149,-44
E01004165,"Works mainly at an offshore installation, in no fixed place, or outside the UK",164,99,65
E01004165,Works mainly from home,302,80,222
E01004166,10km to less than 20km,77,237,-160
E01004166,20km to less than 30km,9,20,-11
E01004166,2km to less than 5km,121,188,-67
E01004166,30km to less than 40km,3,5,-2
E01004166,40km to less than 60km,4,5,-1
E01004166,5km to less than 10km,76,113,-37
E01004166,60km and over,1,5,-4
E01004166,Less than 2km,63,108,-45
E01004166,"Works mainly at an offshore installation, in no fixed place, or outside the UK",122,83,39
E01004166,Works mainly from home,335,58,277
E01004167,10km to less than 20km,71,123,-52
E01004167,20km to less than 30km,5,10,-5
E01004167,2km to less than 5km,100,121,-21
E01004167,30km to less than 40km,3,6,-3
E01004167,40km to less than 60km,0,3,-3
E01004167,5km to less than 10km,78,99,-21
E01004167,60km and over,2,12,-10
E01004167,Less than 2km,113,122,-9
E01004167,"Works mainly at an offshore installation, in no fixed place, or outside the UK",161,75,86
E01004167,Works mainly from home,171,28,143
E01004168,10km to less than 20km,80,148,-68
E01004168,20km to less than 30km,15,26,-11
E01004168,2km to less than 5km,102,142,-40
E01004168,30km to less than 40km,4,4,0
E01004168,40km to less than 60km,1,5,-4
E01004168,5km to less than 10km,96,132,-36
E01004168,60km and over,2,12,-10
E01004168,Less than 2km,109,214,-105
E01004168,"Works mainly at an offshore installation, in no fixed place, or outside the UK",151,87,64
E01004168,Works mainly from home,272,89,183
E01004169,10km to less than 20km,111,151,-40
E01004169,20km to less than 30km,12,14,-2
E01004169,2km to less than 5km,145,142,3
E01004169,30km to less than 40km,3,7,-4
E01004169,40km to less than 60km,5,5,0
E01004169,5km to less than 10km,135,75,60
E01004169,60km and over,7,6,1
E01004169,Less than 2km,64,60,4
E01004169,"Works mainly at an offshore installation, in no fixed place, or outside the UK",131,77,54
E01004169,Works mainly from home,306,30,276
E01004170,10km to less than 20km,123,260,-137
E01004170,20km to less than 30km,13,34,-21
E01004170,2km to less than 5km,159,220,-61
E01004170,30km to less than 40km,9,10,-1
E01004170,40km to less than 60km,6,8,-2
E01004170,5km to less than 10km,136,160,-24
E01004170,60km and over,3,15,-12
E01004170,Less than 2km,88,108,-20
E01004170,"Works mainly at an offshore installation, in no fixed place, or outside the UK",188,85,103
E01004170,Works mainly from home,426,88,338
E01004171,10km to less than 20km,84,175,-91
E01004171,20km to less than 30km,12,17,-5
E01004171,2km to less than 5km,105,180,-75
E01004171,30km to less than 40km,12,4,8
E01004171,40km to less than 60km,4,3,1
E01004171,5km to less than 10km,92,113,-21
E01004171,60km and over,9,5,4
E01004171,Less than 2km,55,102,-47
E01004171,"Works mainly at an offshore installation, in no fixed place, or outside the UK",116,85,31
E01004171,Works mainly from home,286,75,211
E01004172,10km to less than 20km,95,183,-88
E01004172,20km to less than 30km,13,33,-20
E01004172,2km to less than 5km,197,196,1
E01004172,30km to less than 40km,4,5,-1
E01004172,40km to less than 60km,6,2,4
E01004172,5km to less than 10km,97,114,-17
E01004172,60km and over,5,13,-8
E01004172,Less than 2km,92,81,11
E01004172,"Works mainly at an offshore installation, in no fixed place, or outside the UK",145,76,69
E01004172,Works mainly from home,277,70,207
E01004173,10km to less than 20km,66,150,-84
E01004173,20km to less than 30km,12,33,-21
E01004173,2km to less than 5km,97,184,-87
E01004173,30km to less than 40km,3,6,-3
E01004173,40km to less than 60km,1,7,-6
E01004173,5km to less than 10km,68,100,-32
E01004173,60km and over,4,7,-3
E01004173,Less than 2km,53,107,-54
E01004173,"Works mainly at an offshore installation, in no fixed place, or outside the UK",98,67,31
E01004173,Works mainly from home,261,51,210
E01004174,10km to less than 20km,83,207,-124
E01004174,20km to less than 30km,19,29,-10
E01004174,2km to less than 5km,115,163,-48
E01004174,30km to less than 40km,8,8,0
E01004174,40km to less than 60km,2,6,-4
E01004174,5km to less than 10km,99,108,-9
E01004174,60km and over,3,8,-5
E01004174,Less than 2km,46,104,-58
E01004174,"Works mainly at an offshore installation, in no fixed place, or outside the UK",115,69,46
E01004174,Works mainly from home,319,70,249
E01004175,10km to less than 20km,117,219,-102
E01004175,20km to less than 30km,20,29,-9
E01004175,2km to less than 5km,149,210,-61
E01004175,30km to less than 40km,9,8,1
E01004175,40km to less than 60km,2,5,-3
E01004175,5km to less than 10km,86,114,-28
E01004175,60km and over,4,10,-6
E01004175,Less than 2km,79,108,-29
E01004175,"Works mainly at an offshore installation, in no fixed place, or outside the UK",152,75,77
E01004175,Works mainly from home,344,78,266
E01004176,10km to less than 20km,92,266,-174
E01004176,20km to less than 30km,6,24,-18
E01004176,2km to less than 5km,133,160,-27
E01004176,30km to less than 40km,2,9,-7
E01004176,40km to less than 60km,2,3,-1
E01004176,5km to less than 10km,65,119,-54
E01004176,60km and over,2,7,-5
E01004176,Less than 2km,65,93,-28
E01004176,"Works mainly at an offshore installation, in no fixed place, or outside the UK",126,69,57
E01004176,Works mainly from home,331,53,278
E01004177,10km to less than 20km,94,181,-87
E01004177,20km to less than 30km,12,31,-19
E01004177,2km to less than 5km,127,178,-51
E01004177,30km to less than 40km,5,5,0
E01004177,40km to less than 60km,5,6,-1
E01004177,5km to less than 10km,85,122,-37
E01004177,60km and over,10,10,0
E01004177,Less than 2km,58,75,-17
E01004177,"Works mainly at an offshore installation, in no fixed place, or outside the UK",111,66,45
E01004177,Works mainly from home,211,56,155
E01004178,10km to less than 20km,123,281,-158
E01004178,20km to less than 30km,15,32,-17
E01004178,2km to less than 5km,160,233,-73
E01004178,30km to less than 40km,9,10,-1
E01004178,40km to less than 60km,2,6,-4
E01004178,5km to less than 10km,128,154,-26
E01004178,60km and over,6,14,-8
E01004178,Less than 2km,115,131,-16
E01004178,"Works mainly at an offshore installation, in no fixed place, or outside the UK",172,113,59
E01004178,Works mainly from home,404,102,302
E01004179,10km to less than 20km,87,226,-139
E01004179,20km to less than 30km,12,28,-16
E01004179,2km to less than 5km,120,183,-63
E01004179,30km to less than 40km,3,13,-10
E01004179,40km to less than 60km,4,7,-3
E01004179,5km to less than 10km,81,105,-24
E01004179,60km and over,3,5,-2
E01004179,Less than 2km,55,94,-39
E01004179,"Works mainly at an offshore installation, in no fixed place, or outside the UK",112,94,18
E01004179,Works mainly from home,364,87,277
E01004180,10km to less than 20km,72,222,-150
E01004180,20km to less than 30km,11,38,-27
E01004180,2km to less than 5km,103,189,-86
E01004180,30km to less than 40km,3,11,-8
E01004180,40km to less than 60km,2,5,-3
E01004180,5km to less than 10km,72,96,-24
E01004180,60km and over,9,5,4
E01004180,Less than 2km,41,84,-43
E01004180,"Works mainly at an offshore installation, in no fixed place, or outside the UK",119,85,34
E01004180,Works mainly from home,408,109,299
E01004181,10km to less than 20km,71,217,-146
E01004181,20km to less than 30km,19,38,-19
E01004181,2km to less than 5km,132,211,-79
E01004181,30km to less than 40km,5,10,-5
E01004181,40km to less than 60km,0,7,-7
E01004181,5km to less than 10km,93,128,-35
E01004181,60km and over,6,9,-3
E01004181,Less than 2km,59,74,-15
E01004181,"Works mainly at an offshore installation, in no fixed place, or outside the UK",121,88,33
E01004181,Works mainly from home,273,73,200
E01004182,10km to less than 20km,76,169,-93
E01004182,20km to less than 30km,10,18,-8
E01004182,2km to less than 5km,117,180,-63
E01004182,30km to less than 40km,4,7,-3
E01004182,40km to less than 60km,1,3,-2
E01004182,5km to less than 10km,83,92,-9
E01004182,60km and over,9,7,2
E01004182,Less than 2km,78,90,-12
E01004182,"Works mainly at an offshore installation, in no fixed place, or outside the UK",132,71,61
E01004182,Works mainly from home,258,62,196
E01004183,10km to less than 20km,93,138,-45
E01004183,20km to less than 30km,11,21,-10
E01004183,2km to less than 5km,210,254,-44
E01004183,30km to less than 40km,4,7,-3
E01004183,40km to less than 60km,3,3,0
E01004183,5km to less than 10km,126,155,-29
E01004183,60km and over,3,14,-11
E01004183,Less than 2km,89,98,-9
E01004183,"Works mainly at an offshore installation, in no fixed place, or outside the UK",181,86,95
E01004183,Works mainly from home,171,45,126
E01004184,10km to less than 20km,79,119,-40
E01004184,20km to less than 30km,6,18,-12
E01004184,2km to less than 5km,166,205,-39
E01004184,30km to less than 40km,3,0,3
E01004184,40km to less than 60km,2,6,-4
E01004184,5km to less than 10km,100,115,-15
E01004184,60km and over,5,5,0
E01004184,Less than 2km,70,74,-4
E01004184,"Works mainly at an offshore installation, in no fixed place, or outside the UK",162,94,68
E01004184,Works mainly from home,159,33,126
E01004185,10km to less than 20km,132,129,3
E01004185,20km to less than 30km,17,17,0
E01004185,2km to less than 5km,177,185,-8
E01004185,30km to less than 40km,4,0,4
E01004185,40km to less than 60km,1,8,-7
E01004185,5km to less than 10km,122,88,34
E01004185,60km and over,6,9,-3
E01004185,Less than 2km,53,77,-24
E01004185,"Works mainly at an offshore installation, in no fixed place, or outside the UK",166,83,83
E01004185,Works mainly from home,313,43,270
E01004186,10km to less than 20km,114,306,-192
E01004186,20km to less than 30km,8,29,-21
E01004186,2km to less than 5km,133,245,-112
E01004186,30km to less than 40km,6,4,2
E01004186,40km to less than 60km,3,5,-2
E01004186,5km to less than 10km,125,176,-51
E01004186,60km and over,3,14,-11
E01004186,Less than 2km,59,98,-39
E01004186,"Works mainly at an offshore installation, in no fixed place, or outside the UK",190,121,69
E01004186,Works mainly from home,332,52,280
E01004187,10km to less than 20km,84,126,-42
E01004187,20km to less than 30km,7,23,-16
E01004187,2km to less than 5km,159,199,-40
E01004187,30km to less than 40km,4,5,-1
E01004187,40km to less than 60km,2,7,-5
E01004187,5km to less than 10km,96,121,-25
E01004187,60km and over,9,13,-4
E01004187,Less than 2km,81,107,-26
E01004187,"Works mainly at an offshore installation, in no fixed place, or outside the UK",179,114,65
E01004187,Works mainly from home,188,65,123
E01004189,10km to less than 20km,106,183,-77
E01004189,20km to less than 30km,17,21,-4
E01004189,2km to less than 5km,202,248,-46
E01004189,30km to less than 40km,4,8,-4
E01004189,40km to less than 60km,5,5,0
E01004189,5km to less than 10km,129,144,-15
E01004189,60km and over,6,13,-7
E01004189,Less than 2km,109,104,5
E01004189,"Works mainly at an offshore installation, in no fixed place, or outside the UK",199,107,92
E01004189,Works mainly from home,187,44,143
E01004190,10km to less than 20km,75,192,-117
E01004190,20km to less than 30km,7,22,-15
E01004190,2km to less than 5km,78,118,-40
E01004190,30km to less than 40km,0,7,-7
E01004190,40km to less than 60km,1,10,-9
E01004190,5km to less than 10km,69,139,-70
E01004190,60km and over,0,7,-7
E01004190,Less than 2km,46,69,-23
E01004190,"Works mainly at an offshore installation, in no fixed place, or outside the UK",110,82,28
E01004190,Works mainly from home,311,83,228
E01004191,10km to less than 20km,91,207,-116
E01004191,20km to less than 30km,9,22,-13
E01004191,2km to less than 5km,121,146,-25
E01004191,30km to less than 40km,1,6,-5
E01004191,40km to less than 60km,6,6,0
E01004191,5km to less than 10km,117,175,-58
E01004191,60km and over,8,9,-1
E01004191,Less than 2km,64,93,-29
E01004191,"Works mainly at an offshore installation, in no fixed place, or outside the UK",213,101,112
E01004191,Works mainly from home,303,62,241
E01004192,10km to less than 20km,103,363,-260
E01004192,20km to less than 30km,18,41,-23
E01004192,2km to less than 5km,109,157,-48
E01004192,30km to less than 40km,4,16,-12
E01004192,40km to less than 60km,5,8,-3
E01004192,5km to less than 10km,96,197,-101
E01004192,60km and over,3,8,-5
E01004192,Less than 2km,51,86,-35
E01004192,"Works mainly at an offshore installation, in no fixed place, or outside the UK",147,120,27
E01004192,Works mainly from home,448,90,358
E01004193,10km to less than 20km,164,387,-223
E01004193,20km to less than 30km,20,47,-27
E01004193,2km to less than 5km,155,203,-48
E01004193,30km to less than 40km,10,14,-4
E01004193,40km to less than 60km,0,5,-5
E01004193,5km to less than 10km,177,247,-70
E01004193,60km and over,3,10,-7
E01004193,Less than 2km,74,100,-26
E01004193,"Works mainly at an offshore installation, in no fixed place, or outside the UK",223,126,97
E01004193,Works mainly from home,619,91,528
E01004194,10km to less than 20km,90,177,-87
E01004194,20km to less than 30km,14,29,-15
E01004194,2km to less than 5km,95,157,-62
E01004194,30km to less than 40km,6,9,-3
E01004194,40km to less than 60km,2,4,-2
E01004194,5km to less than 10km,114,151,-37
E01004194,60km and over,6,13,-7
E01004194,Less than 2km,70,87,-17
E01004194,"Works mainly at an offshore installation, in no fixed place, or outside the UK",146,77,69
E01004194,Works mainly from home,264,51,213
E01004195,10km to less than 20km,111,256,-145
E01004195,20km to less than 30km,26,31,-5
E01004195,2km to less than 5km,94,119,-25
E01004195,30km to less than 40km,3,14,-11
E01004195,40km to less than 60km,2,2,0
E01004195,5km to less than 10km,102,157,-55
E01004195,60km and over,8,6,2
E01004195,Less than 2km,53,93,-40
E01004195,"Works mainly at an offshore installation, in no fixed place, or outside the UK",144,115,29
E01004195,Works mainly from home,334,61,273
E01004196,10km to less than 20km,85,158,-73
E01004196,20km to less than 30km,14,32,-18
E01004196,2km to less than 5km,96,156,-60
E01004196,30km to less than 40km,1,11,-10
E01004196,40km to less than 60km,2,4,-2
E01004196,5km to less than 10km,114,165,-51
E01004196,60km and over,3,5,-2
E01004196,Less than 2km,56,70,-14
E01004196,"Works mainly at an offshore installation, in no fixed place, or outside the UK",116,70,46
E01004196,Works mainly from home,299,64,235
E01004198,10km to less than 20km,40,44,-4
E01004198,20km to less than 30km,2,14,-12
E01004198,2km to less than 5km,96,172,-76
E01004198,30km to less than 40km,3,2,1
E01004198,40km to less than 60km,0,4,-4
E01004198,5km to less than 10km,96,163,-67
E01004198,60km and over,10,8,2
E01004198,Less than 2km,84,119,-35
E01004198,"Works mainly at an offshore installation, in no fixed place, or outside the UK",75,67,8
E01004198,Works mainly from home,227,48,179
E01004199,10km to less than 20km,33,56,-23
E01004199,20km to less than 30km,0,8,-8
E01004199,2km to less than 5km,122,152,-30
E01004199,30km to less than 40km,1,8,-7
E01004199,40km to less than 60km,8,4,4
E01004199,5km to less than 10km,95,110,-15
E01004199,60km and over,5,6,-1
E01004199,Less than 2km,99,104,-5
E01004199,"Works mainly at an offshore installation, in no fixed place, or outside the UK",102,63,39
E01004199,Works mainly from home,235,42,193
E01004200,10km to less than 20km,20,70,-50
E01004200,20km to less than 30km,7,5,2
E01004200,2km to less than 5km,80,262,-182
E01004200,30km to less than 40km,2,10,-8
E01004200,40km to less than 60km,2,11,-9
E01004200,5km to less than 10km,87,224,-137
E01004200,60km and over,6,21,-15
E01004200,Less than 2km,77,158,-81
E01004200,"Works mainly at an offshore installation, in no fixed place, or outside the UK",66,91,-25
E01004200,Works mainly from home,529,73,456
E01004201,10km to less than 20km,27,61,-34
E01004201,20km to less than 30km,5,10,-5
E01004201,2km to less than 5km,141,235,-94
E01004201,30km to less than 40km,5,4,1
E01004201,40km to less than 60km,1,1,0
E01004201,5km to less than 10km,108,178,-70
E01004201,60km and over,4,8,-4
E01004201,Less than 2km,97,111,-14
E01004201,"Works mainly at an offshore installation, in no fixed place, or outside the UK",86,61,25
E01004201,Works mainly from home,424,74,350
E01004202,10km to less than 20km,28,73,-45
E01004202,20km to less than 30km,2,8,-6
E01004202,2km to less than 5km,109,317,-208
E01004202,30km to less than 40km,3,3,0
E01004202,40km to less than 60km,7,9,-2
E01004202,5km to less than 10km,88,214,-126
E01004202,60km and over,4,12,-8
E01004202,Less than 2km,88,177,-89
E01004202,"Works mainly at an offshore installation, in no fixed place, or outside the UK",136,107,29
E01004202,Works mainly from home,682,84,598
E01004203,10km to less than 20km,43,57,-14
E01004203,20km to less than 30km,3,12,-9
E01004203,2km to less than 5km,131,303,-172
E01004203,30km to less than 40km,0,2,-2
E01004203,40km to less than 60km,1,4,-3
E01004203,5km to less than 10km,138,231,-93
E01004203,60km and over,6,10,-4
E01004203,Less than 2km,109,178,-69
E01004203,"Works mainly at an offshore installation, in no fixed place, or outside the UK",94,91,3
E01004203,Works mainly from home,452,85,367
E01004204,10km to less than 20km,34,41,-7
E01004204,20km to less than 30km,5,13,-8
E01004204,2km to less than 5km,140,148,-8
E01004204,30km to less than 40km,4,3,1
E01004204,40km to less than 60km,2,7,-5
E01004204,5km to less than 10km,96,105,-9
E01004204,60km and over,4,4,0
E01004204,Less than 2km,115,133,-18
E01004204,"Works mainly at an offshore installation, in no fixed place, or outside the UK",125,74,51
E01004204,Works mainly from home,361,66,295
E01004205,10km to less than 20km,39,44,-5
E01004205,20km to less than 30km,10,11,-1
E01004205,2km to less than 5km,120,167,-47
E01004205,30km to less than 40km,3,8,-5
E01004205,40km to less than 60km,3,11,-8
E01004205,5km to less than 10km,79,156,-77
E01004205,60km and over,1,20,-19
E01004205,Less than 2km,191,184,7
E01004205,"Works mainly at an offshore installation, in no fixed place, or outside the UK",138,65,73
E01004205,Works mainly from home,303,75,228
E01004206,10km to less than 20km,36,40,-4
E01004206,20km to less than 30km,4,10,-6
E01004206,2km to less than 5km,98,138,-40
E01004206,30km to less than 40km,2,3,-1
E01004206,40km to less than 60km,5,5,0
E01004206,5km to less than 10km,88,128,-40
E01004206,60km and over,6,17,-11
E01004206,Less than 2km,93,107,-14
E01004206,"Works mainly at an offshore installation, in no fixed place, or outside the UK",90,58,32
E01004206,Works mainly from home,154,27,127
E01004207,10km to less than 20km,17,37,-20
E01004207,20km to less than 30km,5,17,-12
E01004207,2km to less than 5km,90,153,-63
E01004207,30km to less than 40km,2,8,-6
E01004207,40km to less than 60km,1,1,0
E01004207,5km to less than 10km,88,130,-42
E01004207,60km and over,4,9,-5
E01004207,Less than 2km,82,103,-21
E01004207,"Works mainly at an offshore installation, in no fixed place, or outside the UK",92,59,33
E01004207,Works mainly from home,273,45,228
E01004208,10km to less than 20km,47,87,-40
E01004208,20km to less than 30km,5,16,-11
E01004208,2km to less than 5km,149,344,-195
E01004208,30km to less than 40km,9,3,6
E01004208,40km to less than 60km,4,13,-9
E01004208,5km to less than 10km,109,271,-162
E01004208,60km and over,7,13,-6
E01004208,Less than 2km,109,172,-63
E01004208,"Works mainly at an offshore installation, in no fixed place, or outside the UK",114,86,28
E01004208,Works mainly from home,567,80,487
E01004209,10km to less than 20km,34,37,-3
E01004209,20km to less than 30km,1,5,-4
E01004209,2km to less than 5km,85,127,-42
E01004209,30km to less than 40km,1,6,-5
E01004209,40km to less than 60km,4,7,-3
E01004209,5km to less than 10km,69,122,-53
E01004209,60km and over,7,8,-1
E01004209,Less than 2km,86,98,-12
E01004209,"Works mainly at an offshore installation, in no fixed place, or outside the UK",76,34,42
E01004209,Works mainly from home,153,34,119
E01004211,10km to less than 20km,24,79,-55
E01004211,20km to less than 30km,2,15,-13
E01004211,2km to less than 5km,99,251,-152
E01004211,30km to less than 40km,1,6,-5
E01004211,40km to less than 60km,5,7,-2
E01004211,5km to less than 10km,82,231,-149
E01004211,60km and over,2,18,-16
E01004211,Less than 2km,98,131,-33
E01004211,"Works mainly at an offshore installation, in no fixed place, or outside the UK",69,81,-12
E01004211,Works mainly from home,578,84,494
E01004212,10km to less than 20km,25,59,-34
E01004212,20km to less than 30km,8,16,-8
E01004212,2km to less than 5km,116,188,-72
E01004212,30km to less than 40km,5,6,-1
E01004212,40km to less than 60km,3,3,0
E01004212,5km to less than 10km,92,164,-72
E01004212,60km and over,6,7,-1
E01004212,Less than 2km,121,136,-15
E01004212,"Works mainly at an offshore installation, in no fixed place, or outside the UK",106,68,38
E01004212,Works mainly from home,547,70,477
E01004214,10km to less than 20km,47,68,-21
E01004214,20km to less than 30km,6,16,-10
E01004214,2km to less than 5km,81,102,-21
E01004214,30km to less than 40km,2,7,-5
E01004214,40km to less than 60km,5,10,-5
E01004214,5km to less than 10km,110,158,-48
E01004214,60km and over,2,14,-12
E01004214,Less than 2km,64,95,-31
E01004214,"Works mainly at an offshore installation, in no fixed place, or outside the UK",109,70,39
E01004214,Works mainly from home,222,42,180
E01004216,10km to less than 20km,52,91,-39
E01004216,20km to less than 30km,10,18,-8
E01004216,2km to less than 5km,45,82,-37
E01004216,30km to less than 40km,3,9,-6
E01004216,40km to less than 60km,4,5,-1
E01004216,5km to less than 10km,129,334,-205
E01004216,60km and over,6,19,-13
E01004216,Less than 2km,84,241,-157
E01004216,"Works mainly at an offshore installation, in no fixed place, or outside the UK",97,90,7
E01004216,Works mainly from home,536,63,473
E01004217,10km to less than 20km,50,88,-38
E01004217,20km to less than 30km,9,13,-4
E01004217,2km to less than 5km,94,149,-55
E01004217,30km to less than 40km,4,8,-4
E01004217,40km to less than 60km,3,3,0
E01004217,5km to less than 10km,130,331,-201
E01004217,60km and over,12,11,1
E01004217,Less than 2km,69,146,-77
E01004217,"Works mainly at an offshore installation, in no fixed place, or outside the UK",107,80,27
E01004217,Works mainly from home,545,64,481
E01004218,10km to less than 20km,59,121,-62
E01004218,20km to less than 30km,9,19,-10
E01004218,2km to less than 5km,70,140,-70
E01004218,30km to less than 40km,6,11,-5
E01004218,40km to less than 60km,3,7,-4
E01004218,5km to less than 10km,167,383,-216
E01004218,60km and over,5,13,-8
E01004218,Less than 2km,64,131,-67
E01004218,"Works mainly at an offshore installation, in no fixed place, or outside the UK",101,94,7
E01004218,Works mainly from home,579,70,509
E01004219,10km to less than 20km,73,110,-37
E01004219,20km to less than 30km,8,12,-4
E01004219,2km to less than 5km,122,145,-23
E01004219,30km to less than 40km,12,5,7
E01004219,40km to less than 60km,2,7,-5
E01004219,5km to less than 10km,186,354,-168
E01004219,60km and over,7,16,-9
E01004219,Less than 2km,93,199,-106
E01004219,"Works mainly at an offshore installation, in no fixed place, or outside the UK",124,90,34
E01004219,Works mainly from home,715,71,644
E01004221,10km to less than 20km,57,107,-50
E01004221,20km to less than 30km,13,9,4
E01004221,2km to less than 5km,74,98,-24
E01004221,30km to less than 40km,7,10,-3
E01004221,40km to less than 60km,5,11,-6
E01004221,5km to less than 10km,138,414,-276
E01004221,60km and over,6,14,-8
E01004221,Less than 2km,99,264,-165
E01004221,"Works mainly at an offshore installation, in no fixed place, or outside the UK",104,91,13
E01004221,Works mainly from home,584,90,494
E01004222,10km to less than 20km,73,86,-13
E01004222,20km to less than 30km,5,21,-16
E01004222,2km to less than 5km,155,241,-86
E01004222,30km to less than 40km,4,6,-2
E01004222,40km to less than 60km,5,10,-5
E01004222,5km to less than 10km,176,284,-108
E01004222,60km and over,5,14,-9
E01004222,Less than 2km,129,113,16
E01004222,"Works mainly at an offshore installation, in no fixed place, or outside the UK",164,92,72
E01004222,Works mainly from home,445,64,381
E01004223,10km to less than 20km,43,79,-36
E01004223,20km to less than 30km,5,13,-8
E01004223,2km to less than 5km,157,278,-121
E01004223,30km to less than 40km,4,10,-6
E01004223,40km to less than 60km,2,3,-1
E01004223,5km to less than 10km,121,266,-145
E01004223,60km and over,8,14,-6
E01004223,Less than 2km,92,126,-34
E01004223,"Works mainly at an offshore installation, in no fixed place, or outside the UK",139,77,62
E01004223,Works mainly from home,390,70,320
E01004226,10km to less than 20km,53,72,-19
E01004226,20km to less than 30km,6,9,-3
E01004226,2km to less than 5km,183,219,-36
E01004226,30km to less than 40km,3,4,-1
E01004226,40km to less than 60km,8,13,-5
E01004226,5km to less than 10km,162,237,-75
E01004226,60km and over,12,8,4
E01004226,Less than 2km,95,104,-9
E01004226,"Works mainly at an offshore installation, in no fixed place, or outside the UK",135,66,69
E01004226,Works mainly from home,525,43,482
E01004228,10km to less than 20km,46,91,-45
E01004228,20km to less than 30km,8,13,-5
E01004228,2km to less than 5km,153,282,-129
E01004228,30km to less than 40km,2,5,-3
E01004228,40km to less than 60km,2,1,1
E01004228,5km to less than 10km,115,335,-220
E01004228,60km and over,4,17,-13
E01004228,Less than 2km,61,94,-33
E01004228,"Works mainly at an offshore installation, in no fixed place, or outside the UK",112,104,8
E01004228,Works mainly from home,641,82,559
E01004229,10km to less than 20km,32,68,-36
E01004229,20km to less than 30km,4,6,-2
E01004229,2km to less than 5km,133,197,-64
E01004229,30km to less than 40km,0,5,-5
E01004229,40km to less than 60km,6,9,-3
E01004229,5km to less than 10km,106,206,-100
E01004229,60km and over,9,5,4
E01004229,Less than 2km,41,81,-40
E01004229,"Works mainly at an offshore installation, in no fixed place, or outside the UK",61,68,-7
E01004229,Works mainly from home,324,52,272
E01004230,10km to less than 20km,50,88,-38
E01004230,20km to less than 30km,5,11,-6
E01004230,2km to less than 5km,169,287,-118
E01004230,30km to less than 40km,7,7,0
E01004230,40km to less than 60km,1,2,-1
E01004230,5km to less than 10km,127,291,-164
E01004230,60km and over,6,13,-7
E01004230,Less than 2km,93,117,-24
E01004230,"Works mainly at an offshore installation, in no fixed place, or outside the UK",88,101,-13
E01004230,Works mainly from home,553,62,491
E01004231,10km to less than 20km,46,73,-27
E01004231,20km to less than 30km,8,11,-3
E01004231,2km to less than 5km,144,169,-25
E01004231,30km to less than 40km,6,2,4
E01004231,40km to less than 60km,3,9,-6
E01004231,5km to less than 10km,106,213,-107
E01004231,60km and over,3,4,-1
E01004231,Less than 2km,58,81,-23
E01004231,"Works mainly at an offshore installation, in no fixed place, or outside the UK",117,78,39
E01004231,Works mainly from home,249,45,204
E01004232,10km to less than 20km,27,110,-83
E01004232,20km to less than 30km,9,10,-1
E01004232,2km to less than 5km,138,269,-131
E01004232,30km to less than 40km,3,2,1
E01004232,40km to less than 60km,3,5,-2
E01004232,5km to less than 10km,116,319,-203
E01004232,60km and over,16,19,-3
E01004232,Less than 2km,52,89,-37
E01004232,"Works mainly at an offshore installation, in no fixed place, or outside the UK",77,64,13
E01004232,Works mainly from home,581,92,489
E01004233,10km to less than 20km,41,58,-17
E01004233,20km to less than 30km,12,15,-3
E01004233,2km to less than 5km,139,207,-68
E01004233,30km to less than 40km,3,5,-2
E01004233,40km to less than 60km,4,9,-5
E01004233,5km to less than 10km,113,186,-73
E01004233,60km and over,5,11,-6
E01004233,Less than 2km,99,98,1
E01004233,"Works mainly at an offshore installation, in no fixed place, or outside the UK",117,82,35
E01004233,Works mainly from home,471,48,423
E01004234,10km to less than 20km,50,108,-58
E01004234,20km to less than 30km,9,16,-7
E01004234,2km to less than 5km,220,395,-175
E01004234,30km to less than 40km,3,6,-3
E01004234,40km to less than 60km,2,9,-7
E01004234,5km to less than 10km,197,372,-175
E01004234,60km and over,5,18,-13
E01004234,Less than 2km,111,141,-30
E01004234,"Works mainly at an offshore installation, in no fixed place, or outside the UK",160,109,51
E01004234,Works mainly from home,779,107,672
E01004235,10km to less than 20km,39,59,-20
E01004235,20km to less than 30km,7,8,-1
E01004235,2km to less than 5km,93,150,-57
E01004235,30km to less than 40km,5,5,0
E01004235,40km to less than 60km,7,9,-2
E01004235,5km to less than 10km,94,126,-32
E01004235,60km and over,7,7,0
E01004235,Less than 2km,53,66,-13
E01004235,"Works mainly at an offshore installation, in no fixed place, or outside the UK",78,46,32
E01004235,Works mainly from home,128,25,103
E01004236,10km to less than 20km,33,56,-23
E01004236,20km to less than 30km,6,10,-4
E01004236,2km to less than 5km,114,140,-26
E01004236,30km to less than 40km,1,4,-3
E01004236,40km to less than 60km,4,9,-5
E01004236,5km to less than 10km,90,136,-46
E01004236,60km and over,7,9,-2
E01004236,Less than 2km,76,69,7
E01004236,"Works mainly at an offshore installation, in no fixed place, or outside the UK",95,47,48
E01004236,Works mainly from home,149,48,101
E01004237,10km to less than 20km,40,60,-20
E01004237,20km to less than 30km,10,9,1
E01004237,2km to less than 5km,112,124,-12
E01004237,30km to less than 40km,2,4,-2
E01004237,40km to less than 60km,2,3,-1
E01004237,5km to less than 10km,124,184,-60
E01004237,60km and over,5,5,0
E01004237,Less than 2km,67,43,24
E01004237,"Works mainly at an offshore installation, in no fixed place, or outside the UK",73,51,22
E01004237,Works mainly from home,277,38,239
E01004239,10km to less than 20km,41,47,-6
E01004239,20km to less than 30km,11,18,-7
E01004239,2km to less than 5km,121,135,-14
E01004239,30km to less than 40km,2,4,-2
E01004239,40km to less than 60km,2,9,-7
E01004239,5km to less than 10km,120,130,-10
E01004239,60km and over,4,13,-9
E01004239,Less than 2km,80,116,-36
E01004239,"Works mainly at an offshore installation, in no fixed place, or outside the UK",115,68,47
E01004239,Works mainly from home,174,55,119
E01004240,10km to less than 20km,42,72,-30
E01004240,20km to less than 30km,10,9,1
E01004240,2km to less than 5km,104,139,-35
E01004240,30km to less than 40km,5,6,-1
E01004240,40km to less than 60km,2,2,0
E01004240,5km to less than 10km,106,184,-78
E01004240,60km and over,9,11,-2
E01004240,Less than 2km,84,86,-2
E01004240,"Works mainly at an offshore installation, in no fixed place, or outside the UK",99,74,25
E01004240,Works mainly from home,202,47,155
E01004241,10km to less than 20km,48,52,-4
E01004241,20km to less than 30km,7,6,1
E01004241,2km to less than 5km,126,125,1
E01004241,30km to less than 40km,6,10,-4
E01004241,40km to less than 60km,3,7,-4
E01004241,5km to less than 10km,81,130,-49
E01004241,60km and over,3,6,-3
E01004241,Less than 2km,74,110,-36
E01004241,"Works mainly at an offshore installation, in no fixed place, or outside the UK",97,41,56
E01004241,Works mainly from home,165,46,119
E01004243,10km to less than 20km,31,84,-53
E01004243,20km to less than 30km,13,6,7
E01004243,2km to less than 5km,63,119,-56
E01004243,30km to less than 40km,6,5,1
E01004243,40km to less than 60km,2,8,-6
E01004243,5km to less than 10km,91,143,-52
E01004243,60km and over,15,12,3
E01004243,Less than 2km,40,115,-75
E01004243,"Works mainly at an offshore installation, in no fixed place, or outside the UK",104,67,37
E01004243,Works mainly from home,207,48,159
E01004244,10km to less than 20km,40,48,-8
E01004244,20km to less than 30km,21,5,16
E01004244,2km to less than 5km,112,151,-39
E01004244,30km to less than 40km,6,3,3
E01004244,40km to less than 60km,4,2,2
E01004244,5km to less than 10km,160,150,10
E01004244,60km and over,3,7,-4
E01004244,Less than 2km,89,123,-34
E01004244,"Works mainly at an offshore installation, in no fixed place, or outside the UK",108,62,46
E01004244,Works mainly from home,287,42,245
E01004245,10km to less than 20km,92,48,44
E01004245,20km to less than 30km,16,5,11
E01004245,2km to less than 5km,156,106,50
E01004245,30km to less than 40km,4,6,-2
E01004245,40km to less than 60km,7,5,2
E01004245,5km to less than 10km,211,95,116
E01004245,60km and over,8,3,5
E01004245,Less than 2km,99,70,29
E01004245,"Works mainly at an offshore installation, in no fixed place, or outside the UK",122,51,71
E01004245,Works mainly from home,729,28,701
E01004247,10km to less than 20km,87,46,41
E01004247,20km to less than 30km,10,14,-4
E01004247,2km to less than 5km,153,139,14
E01004247,30km to less than 40km,1,6,-5
E01004247,40km to less than 60km,10,6,4
E01004247,5km to less than 10km,215,191,24
E01004247,60km and over,7,11,-4
E01004247,Less than 2km,125,155,-30
E01004247,"Works mainly at an offshore installation, in no fixed place, or outside the UK",132,92,40
E01004247,Works mainly from home,357,40,317
E01004248,10km to less than 20km,39,57,-18
E01004248,20km to less than 30km,3,5,-2
E01004248,2km to less than 5km,116,81,35
E01004248,30km to less than 40km,4,2,2
E01004248,40km to less than 60km,7,2,5
E01004248,5km to less than 10km,115,92,23
E01004248,60km and over,7,8,-1
E01004248,Less than 2km,66,61,5
E01004248,"Works mainly at an offshore installation, in no fixed place, or outside the UK",89,46,43
E01004248,Works mainly from home,252,32,220
E01004249,10km to less than 20km,70,76,-6
E01004249,20km to less than 30km,3,13,-10
E01004249,2km to less than 5km,161,135,26
E01004249,30km to less than 40km,4,9,-5
E01004249,40km to less than 60km,7,9,-2
E01004249,5km to less than 10km,129,196,-67
E01004249,60km and over,14,15,-1
E01004249,Less than 2km,93,121,-28
E01004249,"Works mainly at an offshore installation, in no fixed place, or outside the UK",185,89,96
E01004249,Works mainly from home,232,64,168
E01004251,10km to less than 20km,55,68,-13
E01004251,20km to less than 30km,13,10,3
E01004251,2km to less than 5km,161,207,-46
E01004251,30km to less than 40km,1,16,-15
E01004251,40km to less than 60km,7,7,0
E01004251,5km to less than 10km,153,187,-34
E01004251,60km and over,8,11,-3
E01004251,Less than 2km,135,183,-48
E01004251,"Works mainly at an offshore installation, in no fixed place, or outside the UK",137,83,54
E01004251,Works mainly from home,470,36,434
E01004255,10km to less than 20km,35,58,-23
E01004255,20km to less than 30km,11,15,-4
E01004255,2km to less than 5km,105,170,-65
E01004255,30km to less than 40km,7,4,3
E01004255,40km to less than 60km,4,9,-5
E01004255,5km to less than 10km,119,148,-29
E01004255,60km and over,2,8,-6
E01004255,Less than 2km,74,171,-97
E01004255,"Works mainly at an offshore installation, in no fixed place, or outside the UK",93,59,34
E01004255,Works mainly from home,295,50,245
E01004256,10km to less than 20km,50,61,-11
E01004256,20km to less than 30km,1,10,-9
E01004256,2km to less than 5km,99,153,-54
E01004256,30km to less than 40km,5,10,-5
E01004256,40km to less than 60km,4,4,0
E01004256,5km to less than 10km,104,148,-44
E01004256,60km and over,6,18,-12
E01004256,Less than 2km,75,139,-64
E01004256,"Works mainly at an offshore installation, in no fixed place, or outside the UK",99,89,10
E01004256,Works mainly from home,201,33,168
E01004257,10km to less than 20km,74,51,23
E01004257,20km to less than 30km,4,16,-12
E01004257,2km to less than 5km,152,137,15
E01004257,30km to less than 40km,12,8,4
E01004257,40km to less than 60km,5,10,-5
E01004257,5km to less than 10km,127,186,-59
E01004257,60km and over,4,14,-10
E01004257,Less than 2km,91,112,-21
E01004257,"Works mainly at an offshore installation, in no fixed place, or outside the UK",142,93,49
E01004257,Works mainly from home,247,36,211
E01004258,10km to less than 20km,22,43,-21
E01004258,20km to less than 30km,6,7,-1
E01004258,2km to less than 5km,98,241,-143
E01004258,30km to less than 40km,1,5,-4
E01004258,40km to less than 60km,0,6,-6
E01004258,5km to less than 10km,75,181,-106
E01004258,60km and over,5,9,-4
E01004258,Less than 2km,63,234,-171
E01004258,"Works mainly at an offshore installation, in no fixed place, or outside the UK",52,74,-22
E01004258,Works mainly from home,529,84,445
E01004259,10km to less than 20km,37,76,-39
E01004259,20km to less than 30km,7,19,-12
E01004259,2km to less than 5km,123,330,-207
E01004259,30km to less than 40km,4,5,-1
E01004259,40km to less than 60km,4,8,-4
E01004259,5km to less than 10km,96,281,-185
E01004259,60km and over,7,14,-7
E01004259,Less than 2km,95,105,-10
E01004259,"Works mainly at an offshore installation, in no fixed place, or outside the UK",96,80,16
E01004259,Works mainly from home,553,96,457
E01004260,10km to less than 20km,32,59,-27
E01004260,20km to less than 30km,4,6,-2
E01004260,2km to less than 5km,104,256,-152
E01004260,30km to less than 40km,2,4,-2
E01004260,40km to less than 60km,2,7,-5
E01004260,5km to less than 10km,97,194,-97
E01004260,60km and over,3,11,-8
E01004260,Less than 2km,84,100,-16
E01004260,"Works mainly at an offshore installation, in no fixed place, or outside the UK",88,53,35
E01004260,Works mainly from home,317,53,264
E01004263,10km to less than 20km,27,54,-27
E01004263,20km to less than 30km,13,6,7
E01004263,2km to less than 5km,88,151,-63
E01004263,30km to less than 40km,3,4,-1
E01004263,40km to less than 60km,1,1,0
E01004263,5km to less than 10km,73,119,-46
E01004263,60km and over,7,4,3
E01004263,Less than 2km,76,110,-34
E01004263,"Works mainly at an offshore installation, in no fixed place, or outside the UK",103,56,47
E01004263,Works mainly from home,190,38,152
E01004264,10km to less than 20km,36,36,0
E01004264,20km to less than 30km,1,11,-10
E01004264,2km to less than 5km,89,156,-67
E01004264,30km to less than 40km,0,4,-4
E01004264,40km to less than 60km,3,5,-2
E01004264,5km to less than 10km,106,118,-12
E01004264,60km and over,6,11,-5
E01004264,Less than 2km,69,83,-14
E01004264,"Works mainly at an offshore installation, in no fixed place, or outside the UK",92,50,42
E01004264,Works mainly from home,120,21,99
E01004266,10km to less than 20km,27,67,-40
E01004266,20km to less than 30km,6,7,-1
E01004266,2km to less than 5km,95,236,-141
E01004266,30km to less than 40km,0,6,-6
E01004266,40km to less than 60km,5,9,-4
E01004266,5km to less than 10km,84,202,-118
E01004266,60km and over,6,9,-3
E01004266,Less than 2km,95,116,-21
E01004266,"Works mainly at an offshore installation, in no fixed place, or outside the UK",82,61,21
E01004266,Works mainly from home,342,59,283
E01004267,10km to less than 20km,79,118,-39
E01004267,20km to less than 30km,11,5,6
E01004267,2km to less than 5km,178,249,-71
E01004267,30km to less than 40km,9,14,-5
E01004267,40km to less than 60km,6,8,-2
E01004267,5km to less than 10km,162,304,-142
E01004267,60km and over,4,11,-7
E01004267,Less than 2km,84,71,13
E01004267,"Works mainly at an offshore installation, in no fixed place, or outside the UK",96,86,10
E01004267,Works mainly from home,511,46,465
E01004268,10km to less than 20km,52,56,-4
E01004268,20km to less than 30km,3,16,-13
E01004268,2km to less than 5km,119,162,-43
E01004268,30km to less than 40km,3,9,-6
E01004268,40km to less than 60km,5,5,0
E01004268,5km to less than 10km,149,194,-45
E01004268,60km and over,3,18,-15
E01004268,Less than 2km,68,87,-19
E01004268,"Works mainly at an offshore installation, in no fixed place, or outside the UK",117,75,42
E01004268,Works mainly from home,247,34,213
E01004270,10km to less than 20km,65,121,-56
E01004270,20km to less than 30km,7,19,-12
E01004270,2km to less than 5km,188,292,-104
E01004270,30km to less than 40km,8,7,1
E01004270,40km to less than 60km,8,5,3
E01004270,5km to less than 10km,168,379,-211
E01004270,60km and over,3,21,-18
E01004270,Less than 2km,99,133,-34
E01004270,"Works mainly at an offshore installation, in no fixed place, or outside the UK",133,86,47
E01004270,Works mainly from home,632,86,546
E01004271,10km to less than 20km,61,54,7
E01004271,20km to less than 30km,6,18,-12
E01004271,2km to less than 5km,148,120,28
E01004271,30km to less than 40km,3,4,-1
E01004271,40km to less than 60km,8,7,1
E01004271,5km to less than 10km,162,143,19
E01004271,60km and over,5,16,-11
E01004271,Less than 2km,98,75,23
E01004271,"Works mainly at an offshore installation, in no fixed place, or outside the UK",138,54,84
E01004271,Works mainly from home,548,51,497
E01004272,10km to less than 20km,66,65,1
E01004272,20km to less than 30km,5,9,-4
E01004272,2km to less than 5km,165,162,3
E01004272,30km to less than 40km,4,6,-2
E01004272,40km to less than 60km,8,10,-2
E01004272,5km to less than 10km,210,163,47
E01004272,60km and over,12,16,-4
E01004272,Less than 2km,107,127,-20
E01004272,"Works mainly at an offshore installation, in no fixed place, or outside the UK",193,59,134
E01004272,Works mainly from home,411,40,371
E01004274,10km to less than 20km,57,60,-3
E01004274,20km to less than 30km,4,7,-3
E01004274,2km to less than 5km,118,155,-37
E01004274,30km to less than 40km,2,7,-5
E01004274,40km to less than 60km,3,6,-3
E01004274,5km to less than 10km,125,294,-169
E01004274,60km and over,3,11,-8
E01004274,Less than 2km,73,175,-102
E01004274,"Works mainly at an offshore installation, in no fixed place, or outside the UK",105,76,29
E01004274,Works mainly from home,399,53,346
E01004275,10km to less than 20km,73,92,-19
E01004275,20km to less than 30km,8,14,-6
E01004275,2km to less than 5km,108,136,-28
E01004275,30km to less than 40km,3,13,-10
E01004275,40km to less than 60km,1,4,-3
E01004275,5km to less than 10km,148,392,-244
E01004275,60km and over,13,16,-3
E01004275,Less than 2km,84,198,-114
E01004275,"Works mainly at an offshore installation, in no fixed place, or outside the UK",138,100,38
E01004275,Works mainly from home,569,92,477
E01004276,10km to less than 20km,42,128,-86
E01004276,20km to less than 30km,4,15,-11
E01004276,2km to less than 5km,87,280,-193
E01004276,30km to less than 40km,3,12,-9
E01004276,40km to less than 60km,4,7,-3
E01004276,5km to less than 10km,156,717,-561
E01004276,60km and over,2,14,-12
E01004276,Less than 2km,45,159,-114
E01004276,"Works mainly at an offshore installation, in no fixed place, or outside the UK",69,84,-15
E01004276,Works mainly from home,972,133,839
E01004277,10km to less than 20km,30,51,-21
E01004277,20km to less than 30km,2,7,-5
E01004277,2km to less than 5km,88,290,-202
E01004277,30km to less than 40km,1,5,-4
E01004277,40km to less than 60km,3,12,-9
E01004277,5km to less than 10km,94,260,-166
E01004277,60km and over,3,8,-5
E01004277,Less than 2km,69,397,-328
E01004277,"Works mainly at an offshore installation, in no fixed place, or outside the UK",36,62,-26
E01004277,Works mainly from home,788,97,691
E01004280,10km to less than 20km,50,49,1
E01004280,20km to less than 30km,9,10,-1
E01004280,2km to less than 5km,100,144,-44
E01004280,30km to less than 40km,0,4,-4
E01004280,40km to less than 60km,3,13,-10
E01004280,5km to less than 10km,123,248,-125
E01004280,60km and over,8,14,-6
E01004280,Less than 2km,116,220,-104
E01004280,"Works mainly at an offshore installation, in no fixed place, or outside the UK",101,74,27
E01004280,Works mainly from home,423,53,370
E01004281,10km to less than 20km,51,102,-51
E01004281,20km to less than 30km,5,20,-15
E01004281,2km to less than 5km,105,124,-19
E01004281,30km to less than 40km,9,7,2
E01004281,40km to less than 60km,12,9,3
E01004281,5km to less than 10km,148,470,-322
E01004281,60km and over,6,16,-10
E01004281,Less than 2km,87,271,-184
E01004281,"Works mainly at an offshore installation, in no fixed place, or outside the UK",94,78,16
E01004281,Works mainly from home,697,69,628
E01004283,10km to less than 20km,39,54,-15
E01004283,20km to less than 30km,2,11,-9
E01004283,2km to less than 5km,152,243,-91
E01004283,30km to less than 40km,9,5,4
E01004283,40km to less than 60km,8,4,4
E01004283,5km to less than 10km,116,209,-93
E01004283,60km and over,13,12,1
E01004283,Less than 2km,141,165,-24
E01004283,"Works mainly at an offshore installation, in no fixed place, or outside the UK",135,91,44
E01004283,Works mainly from home,342,56,286
E01004286,10km to less than 20km,42,61,-19
E01004286,20km to less than 30km,6,11,-5
E01004286,2km to less than 5km,154,234,-80
E01004286,30km to less than 40km,6,6,0
E01004286,40km to less than 60km,0,7,-7
E01004286,5km to less than 10km,141,224,-83
E01004286,60km and over,4,10,-6
E01004286,Less than 2km,141,173,-32
E01004286,"Works mainly at an offshore installation, in no fixed place, or outside the UK",148,79,69
E01004286,Works mainly from home,407,55,352
E01004287,10km to less than 20km,37,53,-16
E01004287,20km to less than 30km,6,17,-11
E01004287,2km to less than 5km,137,232,-95
E01004287,30km to less than 40km,3,5,-2
E01004287,40km to less than 60km,3,5,-2
E01004287,5km to less than 10km,107,180,-73
E01004287,60km and over,6,9,-3
E01004287,Less than 2km,143,180,-37
E01004287,"Works mainly at an offshore installation, in no fixed place, or outside the UK",114,100,14
E01004287,Works mainly from home,304,48,256
E01004288,10km to less than 20km,29,43,-14
E01004288,20km to less than 30km,13,7,6
E01004288,2km to less than 5km,98,149,-51
E01004288,30km to less than 40km,4,4,0
E01004288,40km to less than 60km,5,5,0
E01004288,5km to less than 10km,106,109,-3
E01004288,60km and over,6,4,2
E01004288,Less than 2km,104,108,-4
E01004288,"Works mainly at an offshore installation, in no fixed place, or outside the UK",125,75,50
E01004288,Works mainly from home,196,29,167
E01004289,10km to less than 20km,43,57,-14
E01004289,20km to less than 30km,8,6,2
E01004289,2km to less than 5km,139,233,-94
E01004289,30km to less than 40km,3,5,-2
E01004289,40km to less than 60km,3,4,-1
E01004289,5km to less than 10km,97,145,-48
E01004289,60km and over,4,10,-6
E01004289,Less than 2km,124,123,1
E01004289,"Works mainly at an offshore installation, in no fixed place, or outside the UK",116,76,40
E01004289,Works mainly from home,302,59,243
E01004290,10km to less than 20km,43,48,-5
E01004290,20km to less than 30km,10,6,4
E01004290,2km to less than 5km,139,220,-81
E01004290,30km to less than 40km,2,2,0
E01004290,40km to less than 60km,8,5,3
E01004290,5km to less than 10km,95,163,-68
E01004290,60km and over,6,5,1
E01004290,Less than 2km,118,92,26
E01004290,"Works mainly at an offshore installation, in no fixed place, or outside the UK",127,67,60
E01004290,Works mainly from home,431,54,377
E01004291,10km to less than 20km,16,55,-39
E01004291,20km to less than 30km,7,9,-2
E01004291,2km to less than 5km,132,595,-463
E01004291,30km to less than 40km,4,12,-8
E01004291,40km to less than 60km,8,8,0
E01004291,5km to less than 10km,78,191,-113
E01004291,60km and over,4,11,-7
E01004291,Less than 2km,69,204,-135
E01004291,"Works mainly at an offshore installation, in no fixed place, or outside the UK",76,67,9
E01004291,Works mainly from home,839,129,710
E01004292,10km to less than 20km,21,37,-16
E01004292,20km to less than 30km,3,12,-9
E01004292,2km to less than 5km,96,534,-438
E01004292,30km to less than 40km,3,9,-6
E01004292,40km to less than 60km,1,12,-11
E01004292,5km to less than 10km,74,167,-93
E01004292,60km and over,3,16,-13
E01004292,Less than 2km,86,334,-248
E01004292,"Works mainly at an offshore installation, in no fixed place, or outside the UK",66,82,-16
E01004292,Works mainly from home,808,82,726
E01004293,10km to less than 20km,23,48,-25
E01004293,20km to less than 30km,2,15,-13
E01004293,2km to less than 5km,120,532,-412
E01004293,30km to less than 40km,1,9,-8
E01004293,40km to less than 60km,5,14,-9
E01004293,5km to less than 10km,62,150,-88
E01004293,60km and over,4,21,-17
E01004293,Less than 2km,128,448,-320
E01004293,"Works mainly at an offshore installation, in no fixed place, or outside the UK",76,83,-7
E01004293,Works mainly from home,923,148,775
E01004295,10km to less than 20km,23,29,-6
E01004295,20km to less than 30km,2,11,-9
E01004295,2km to less than 5km,149,138,11
E01004295,30km to less than 40km,6,4,2
E01004295,40km to less than 60km,2,3,-1
E01004295,5km to less than 10km,91,96,-5
E01004295,60km and over,14,10,4
E01004295,Less than 2km,142,134,8
E01004295,"Works mainly at an offshore installation, in no fixed place, or outside the UK",114,47,67
E01004295,Works mainly from home,295,43,252
E01004296,10km to less than 20km,33,34,-1
E01004296,20km to less than 30km,8,12,-4
E01004296,2km to less than 5km,181,294,-113
E01004296,30km to less than 40km,6,5,1
E01004296,40km to less than 60km,4,8,-4
E01004296,5km to less than 10km,103,139,-36
E01004296,60km and over,4,14,-10
E01004296,Less than 2km,110,181,-71
E01004296,"Works mainly at an offshore installation, in no fixed place, or outside the UK",121,63,58
E01004296,Works mainly from home,780,53,727
E01004297,10km to less than 20km,33,55,-22
E01004297,20km to less than 30km,8,17,-9
E01004297,2km to less than 5km,127,609,-482
E01004297,30km to less than 40km,2,9,-7
E01004297,40km to less than 60km,1,5,-4
E01004297,5km to less than 10km,107,246,-139
E01004297,60km and over,18,11,7
E01004297,Less than 2km,50,157,-107
E01004297,"Works mainly at an offshore installation, in no fixed place, or outside the UK",69,81,-12
E01004297,Works mainly from home,849,90,759
E01004298,10km to less than 20km,32,49,-17
E01004298,20km to less than 30km,4,9,-5
E01004298,2km to less than 5km,117,198,-81
E01004298,30km to less than 40km,6,5,1
E01004298,40km to less than 60km,1,8,-7
E01004298,5km to less than 10km,75,129,-54
E01004298,60km and over,6,8,-2
E01004298,Less than 2km,93,146,-53
E01004298,"Works mainly at an offshore installation, in no fixed place, or outside the UK",77,68,9
E01004298,Works mainly from home,244,36,208
E01004300,10km to less than 20km,21,34,-13
E01004300,20km to less than 30km,4,8,-4
E01004300,2km to less than 5km,101,146,-45
E01004300,30km to less than 40km,2,6,-4
E01004300,40km to less than 60km,6,3,3
E01004300,5km to less than 10km,81,92,-11
E01004300,60km and over,3,8,-5
E01004300,Less than 2km,98,109,-11
E01004300,"Works mainly at an offshore installation, in no fixed place, or outside the UK",93,49,44
E01004300,Works mainly from home,179,42,137
E01004301,10km to less than 20km,25,35,-10
E01004301,20km to less than 30km,6,4,2
E01004301,2km to less than 5km,86,165,-79
E01004301,30km to less than 40km,1,2,-1
E01004301,40km to less than 60km,2,7,-5
E01004301,5km to less than 10km,74,98,-24
E01004301,60km and over,9,13,-4
E01004301,Less than 2km,87,103,-16
E01004301,"Works mainly at an offshore installation, in no fixed place, or outside the UK",90,44,46
E01004301,Works mainly from home,252,26,226
E01004302,10km to less than 20km,46,50,-4
E01004302,20km to less than 30km,5,17,-12
E01004302,2km to less than 5km,125,222,-97
E01004302,30km to less than 40km,1,7,-6
E01004302,40km to less than 60km,5,14,-9
E01004302,5km to less than 10km,86,131,-45
E01004302,60km and over,7,16,-9
E01004302,Less than 2km,104,156,-52
E01004302,"Works mainly at an offshore installation, in no fixed place, or outside the UK",92,64,28
E01004302,Works mainly from home,225,53,172
E01004303,10km to less than 20km,38,60,-22
E01004303,20km to less than 30km,6,9,-3
E01004303,2km to less than 5km,199,370,-171
E01004303,30km to less than 40km,4,8,-4
E01004303,40km to less than 60km,7,11,-4
E01004303,5km to less than 10km,130,233,-103
E01004303,60km and over,6,21,-15
E01004303,Less than 2km,147,189,-42
E01004303,"Works mainly at an offshore installation, in no fixed place, or outside the UK",168,83,85
E01004303,Works mainly from home,533,84,449
E01004304,10km to less than 20km,36,64,-28
E01004304,20km to less than 30km,6,12,-6
E01004304,2km to less than 5km,130,180,-50
E01004304,30km to less than 40km,4,4,0
E01004304,40km to less than 60km,4,7,-3
E01004304,5km to less than 10km,102,143,-41
E01004304,60km and over,15,7,8
E01004304,Less than 2km,161,150,11
E01004304,"Works mainly at an offshore installation, in no fixed place, or outside the UK",108,59,49
E01004304,Works mainly from home,261,46,215
E01004305,10km to less than 20km,27,46,-19
E01004305,20km to less than 30km,12,10,2
E01004305,2km to less than 5km,120,230,-110
E01004305,30km to less than 40km,4,6,-2
E01004305,40km to less than 60km,5,5,0
E01004305,5km to less than 10km,94,152,-58
E01004305,60km and over,5,11,-6
E01004305,Less than 2km,90,128,-38
E01004305,"Works mainly at an offshore installation, in no fixed place, or outside the UK",110,77,33
E01004305,Works mainly from home,297,50,247
E01004306,10km to less than 20km,26,60,-34
E01004306,20km to less than 30km,4,8,-4
E01004306,2km to less than 5km,109,278,-169
E01004306,30km to less than 40km,7,7,0
E01004306,40km to less than 60km,7,5,2
E01004306,5km to less than 10km,69,126,-57
E01004306,60km and over,7,18,-11
E01004306,Less than 2km,125,289,-164
E01004306,"Works mainly at an offshore installation, in no fixed place, or outside the UK",98,73,25
E01004306,Works mainly from home,472,103,369
E01004307,10km to less than 20km,22,46,-24
E01004307,20km to less than 30km,2,6,-4
E01004307,2km to less than 5km,98,351,-253
E01004307,30km to less than 40km,8,6,2
E01004307,40km to less than 60km,3,14,-11
E01004307,5km to less than 10km,58,134,-76
E01004307,60km and over,6,29,-23
E01004307,Less than 2km,126,545,-419
E01004307,"Works mainly at an offshore installation, in no fixed place, or outside the UK",74,103,-29
E01004307,Works mainly from home,902,133,769
E01004308,10km to less than 20km,21,34,-13
E01004308,20km to less than 30km,6,11,-5
E01004308,2km to less than 5km,73,186,-113
E01004308,30km to less than 40km,1,3,-2
E01004308,40km to less than 60km,3,8,-5
E01004308,5km to less than 10km,61,108,-47
E01004308,60km and over,6,9,-3
E01004308,Less than 2km,111,215,-104
E01004308,"Works mainly at an offshore installation, in no fixed place, or outside the UK",80,52,28
E01004308,Works mainly from home,329,52,277
E01004309,10km to less than 20km,43,68,-25
E01004309,20km to less than 30km,6,14,-8
E01004309,2km to less than 5km,155,314,-159
E01004309,30km to less than 40km,7,4,3
E01004309,40km to less than 60km,4,5,-1
E01004309,5km to less than 10km,119,196,-77
E01004309,60km and over,12,22,-10
E01004309,Less than 2km,227,324,-97
E01004309,"Works mainly at an offshore installation, in no fixed place, or outside the UK",147,92,55
E01004309,Works mainly from home,506,98,408
E01004310,10km to less than 20km,48,52,-4
E01004310,20km to less than 30km,5,16,-11
E01004310,2km to less than 5km,90,250,-160
E01004310,30km to less than 40km,4,4,0
E01004310,40km to less than 60km,3,7,-4
E01004310,5km to less than 10km,71,100,-29
E01004310,60km and over,8,9,-1
E01004310,Less than 2km,171,338,-167
E01004310,"Works mainly at an offshore installation, in no fixed place, or outside the UK",92,91,1
E01004310,Works mainly from home,504,82,422
E01004311,10km to less than 20km,23,41,-18
E01004311,20km to less than 30km,6,8,-2
E01004311,2km to less than 5km,101,201,-100
E01004311,30km to less than 40km,2,2,0
E01004311,40km to less than 60km,0,3,-3
E01004311,5km to less than 10km,69,101,-32
E01004311,60km and over,6,6,0
E01004311,Less than 2km,121,165,-44
E01004311,"Works mainly at an offshore installation, in no fixed place, or outside the UK",108,64,44
E01004311,Works mainly from home,440,60,380
E01004312,10km to less than 20km,20,60,-40
E01004312,20km to less than 30km,5,9,-4
E01004312,2km to less than 5km,82,202,-120
E01004312,30km to less than 40km,5,3,2
E01004312,40km to less than 60km,1,8,-7
E01004312,5km to less than 10km,63,100,-37
E01004312,60km and over,9,11,-2
E01004312,Less than 2km,98,179,-81
E01004312,"Works mainly at an offshore installation, in no fixed place, or outside the UK",98,59,39
E01004312,Works mainly from home,224,49,175
E01004313,10km to less than 20km,34,62,-28
E01004313,20km to less than 30km,10,10,0
E01004313,2km to less than 5km,137,285,-148
E01004313,30km to less than 40km,1,2,-1
E01004313,40km to less than 60km,0,9,-9
E01004313,5km to less than 10km,66,179,-113
E01004313,60km and over,5,7,-2
E01004313,Less than 2km,120,208,-88
E01004313,"Works mainly at an offshore installation, in no fixed place, or outside the UK",152,90,62
E01004313,Works mainly from home,497,81,416
E01004315,10km to less than 20km,13,57,-44
E01004315,20km to less than 30km,3,3,0
E01004315,2km to less than 5km,109,273,-164
E01004315,30km to less than 40km,3,3,0
E01004315,40km to less than 60km,3,8,-5
E01004315,5km to less than 10km,56,132,-76
E01004315,60km and over,3,8,-5
E01004315,Less than 2km,81,233,-152
E01004315,"Works mainly at an offshore installation, in no fixed place, or outside the UK",90,84,6
E01004315,Works mainly from home,432,86,346
E01004316,10km to less than 20km,21,29,-8
E01004316,20km to less than 30km,3,5,-2
E01004316,2km to less than 5km,73,154,-81
E01004316,30km to less than 40km,4,3,1
E01004316,40km to less than 60km,1,1,0
E01004316,5km to less than 10km,38,83,-45
E01004316,60km and over,2,6,-4
E01004316,Less than 2km,71,150,-79
E01004316,"Works mainly at an offshore installation, in no fixed place, or outside the UK",56,71,-15
E01004316,Works mainly from home,298,63,235
E01004319,10km to less than 20km,45,41,4
E01004319,20km to less than 30km,5,3,2
E01004319,2km to less than 5km,175,171,4
E01004319,30km to less than 40km,5,4,1
E01004319,40km to less than 60km,5,8,-3
E01004319,5km to less than 10km,80,127,-47
E01004319,60km and over,7,9,-2
E01004319,Less than 2km,185,229,-44
E01004319,"Works mainly at an offshore installation, in no fixed place, or outside the UK",127,80,47
E01004319,Works mainly from home,453,48,405
E01004321,10km to less than 20km,45,48,-3
E01004321,20km to less than 30km,2,6,-4
E01004321,2km to less than 5km,128,222,-94
E01004321,30km to less than 40km,2,5,-3
E01004321,40km to less than 60km,11,2,9
E01004321,5km to less than 10km,92,136,-44
E01004321,60km and over,7,17,-10
E01004321,Less than 2km,198,239,-41
E01004321,"Works mainly at an offshore installation, in no fixed place, or outside the UK",120,60,60
E01004321,Works mainly from home,421,49,372
E01004322,10km to less than 20km,25,34,-9
E01004322,20km to less than 30km,0,10,-10
E01004322,2km to less than 5km,106,134,-28
E01004322,30km to less than 40km,8,2,6
E01004322,40km to less than 60km,3,3,0
E01004322,5km to less than 10km,60,83,-23
E01004322,60km and over,5,10,-5
E01004322,Less than 2km,107,130,-23
E01004322,"Works mainly at an offshore installation, in no fixed place, or outside the UK",93,59,34
E01004322,Works mainly from home,245,37,208
E01004323,10km to less than 20km,20,42,-22
E01004323,20km to less than 30km,3,8,-5
E01004323,2km to less than 5km,129,209,-80
E01004323,30km to less than 40km,3,6,-3
E01004323,40km to less than 60km,1,3,-2
E01004323,5km to less than 10km,61,137,-76
E01004323,60km and over,4,13,-9
E01004323,Less than 2km,135,154,-19
E01004323,"Works mainly at an offshore installation, in no fixed place, or outside the UK",72,62,10
E01004323,Works mainly from home,295,51,244
E01004324,10km to less than 20km,31,35,-4
E01004324,20km to less than 30km,2,10,-8
E01004324,2km to less than 5km,116,173,-57
E01004324,30km to less than 40km,3,3,0
E01004324,40km to less than 60km,2,3,-1
E01004324,5km to less than 10km,65,127,-62
E01004324,60km and over,7,7,0
E01004324,Less than 2km,119,140,-21
E01004324,"Works mainly at an offshore installation, in no fixed place, or outside the UK",99,70,29
E01004324,Works mainly from home,215,32,183
E01004326,10km to less than 20km,32,46,-14
E01004326,20km to less than 30km,16,9,7
E01004326,2km to less than 5km,138,197,-59
E01004326,30km to less than 40km,4,5,-1
E01004326,40km to less than 60km,6,2,4
E01004326,5km to less than 10km,93,162,-69
E01004326,60km and over,15,14,1
E01004326,Less than 2km,153,155,-2
E01004326,"Works mainly at an offshore installation, in no fixed place, or outside the UK",98,48,50
E01004326,Works mainly from home,391,56,335
E01004327,10km to less than 20km,82,109,-27
E01004327,20km to less than 30km,7,12,-5
E01004327,2km to less than 5km,54,90,-36
E01004327,30km to less than 40km,3,5,-2
E01004327,40km to less than 60km,0,4,-4
E01004327,5km to less than 10km,107,136,-29
E01004327,60km and over,13,9,4
E01004327,Less than 2km,37,51,-14
E01004327,"Works mainly at an offshore installation, in no fixed place, or outside the UK",169,100,69
E01004327,Works mainly from home,216,31,185
E01004328,10km to less than 20km,94,189,-95
E01004328,20km to less than 30km,10,13,-3
E01004328,2km to less than 5km,94,116,-22
E01004328,30km to less than 40km,10,5,5
E01004328,40km to less than 60km,4,4,0
E01004328,5km to less than 10km,154,281,-127
E01004328,60km and over,6,6,0
E01004328,Less than 2km,56,59,-3
E01004328,"Works mainly at an offshore installation, in no fixed place, or outside the UK",220,217,3
E01004328,Works mainly from home,331,55,276
E01004329,10km to less than 20km,104,178,-74
E01004329,20km to less than 30km,17,20,-3
E01004329,2km to less than 5km,97,118,-21
E01004329,30km to less than 40km,1,8,-7
E01004329,40km to less than 60km,4,8,-4
E01004329,5km to less than 10km,135,254,-119
E01004329,60km and over,13,8,5
E01004329,Less than 2km,56,54,2
E01004329,"Works mainly at an offshore installation, in no fixed place, or outside the UK",235,169,66
E01004329,Works mainly from home,323,85,238
E01004330,10km to less than 20km,114,197,-83
E01004330,20km to less than 30km,15,19,-4
E01004330,2km to less than 5km,98,111,-13
E01004330,30km to less than 40km,9,12,-3
E01004330,40km to less than 60km,4,7,-3
E01004330,5km to less than 10km,93,217,-124
E01004330,60km and over,8,14,-6
E01004330,Less than 2km,57,65,-8
E01004330,"Works mainly at an offshore installation, in no fixed place, or outside the UK",185,212,-27
E01004330,Works mainly from home,337,70,267
E01004331,10km to less than 20km,123,191,-68
E01004331,20km to less than 30km,16,26,-10
E01004331,2km to less than 5km,78,115,-37
E01004331,30km to less than 40km,9,12,-3
E01004331,40km to less than 60km,3,6,-3
E01004331,5km to less than 10km,118,217,-99
E01004331,60km and over,8,11,-3
E01004331,Less than 2km,51,55,-4
E01004331,"Works mainly at an offshore installation, in no fixed place, or outside the UK",146,148,-2
E01004331,Works mainly from home,306,70,236
E01004332,10km to less than 20km,143,204,-61
E01004332,20km to less than 30km,18,24,-6
E01004332,2km to less than 5km,111,101,10
E01004332,30km to less than 40km,3,5,-2
E01004332,40km to less than 60km,10,6,4
E01004332,5km to less than 10km,152,224,-72
E01004332,60km and over,10,13,-3
E01004332,Less than 2km,98,73,25
E01004332,"Works mainly at an offshore installation, in no fixed place, or outside the UK",199,176,23
E01004332,Works mainly from home,252,64,188
E01004333,10km to less than 20km,98,170,-72
E01004333,20km to less than 30km,12,20,-8
E01004333,2km to less than 5km,87,101,-14
E01004333,30km to less than 40km,6,10,-4
E01004333,40km to less than 60km,2,3,-1
E01004333,5km to less than 10km,123,217,-94
E01004333,60km and over,5,4,1
E01004333,Less than 2km,56,62,-6
E01004333,"Works mainly at an offshore installation, in no fixed place, or outside the UK",131,140,-9
E01004333,Works mainly from home,278,51,227
E01004334,10km to less than 20km,130,106,24
E01004334,20km to less than 30km,20,11,9
E01004334,2km to less than 5km,70,87,-17
E01004334,30km to less than 40km,2,6,-4
E01004334,40km to less than 60km,4,5,-1
E01004334,5km to less than 10km,151,123,28
E01004334,60km and over,1,8,-7
E01004334,Less than 2km,70,47,23
E01004334,"Works mainly at an offshore installation, in no fixed place, or outside the UK",268,75,193
E01004334,Works mainly from home,161,43,118
E01004335,10km to less than 20km,90,118,-28
E01004335,20km to less than 30km,18,12,6
E01004335,2km to less than 5km,108,111,-3
E01004335,30km to less than 40km,1,16,-15
E01004335,40km to less than 60km,4,3,1
E01004335,5km to less than 10km,147,134,13
E01004335,60km and over,7,15,-8
E01004335,Less than 2km,80,59,21
E01004335,"Works mainly at an offshore installation, in no fixed place, or outside the UK",127,90,37
E01004335,Works mainly from home,192,41,151
E01004336,10km to less than 20km,98,204,-106
E01004336,20km to less than 30km,15,15,0
E01004336,2km to less than 5km,89,110,-21
E01004336,30km to less than 40km,3,2,1
E01004336,40km to less than 60km,5,6,-1
E01004336,5km to less than 10km,154,296,-142
E01004336,60km and over,10,9,1
E01004336,Less than 2km,71,77,-6
E01004336,"Works mainly at an offshore installation, in no fixed place, or outside the UK",171,181,-10
E01004336,Works mainly from home,226,50,176
E01004337,10km to less than 20km,78,128,-50
E01004337,20km to less than 30km,17,17,0
E01004337,2km to less than 5km,77,98,-21
E01004337,30km to less than 40km,1,25,-24
E01004337,40km to less than 60km,1,7,-6
E01004337,5km to less than 10km,134,235,-101
E01004337,60km and over,6,10,-4
E01004337,Less than 2km,64,69,-5
E01004337,"Works mainly at an offshore installation, in no fixed place, or outside the UK",211,233,-22
E01004337,Works mainly from home,267,46,221
E01004338,10km to less than 20km,145,196,-51
E01004338,20km to less than 30km,32,24,8
E01004338,2km to less than 5km,87,107,-20
E01004338,30km to less than 40km,12,7,5
E01004338,40km to less than 60km,3,4,-1
E01004338,5km to less than 10km,161,290,-129
E01004338,60km and over,10,14,-4
E01004338,Less than 2km,65,49,16
E01004338,"Works mainly at an offshore installation, in no fixed place, or outside the UK",387,217,170
E01004338,Works mainly from home,316,61,255
E01004339,10km to less than 20km,121,219,-98
E01004339,20km to less than 30km,8,16,-8
E01004339,2km to less than 5km,89,103,-14
E01004339,30km to less than 40km,6,7,-1
E01004339,40km to less than 60km,8,12,-4
E01004339,5km to less than 10km,196,232,-36
E01004339,60km and over,6,5,1
E01004339,Less than 2km,55,101,-46
E01004339,"Works mainly at an offshore installation, in no fixed place, or outside the UK",179,158,21
E01004339,Works mainly from home,408,58,350
E01004340,10km to less than 20km,106,163,-57
E01004340,20km to less than 30km,15,18,-3
E01004340,2km to less than 5km,97,118,-21
E01004340,30km to less than 40km,4,7,-3
E01004340,40km to less than 60km,5,6,-1
E01004340,5km to less than 10km,129,212,-83
E01004340,60km and over,8,13,-5
E01004340,Less than 2km,93,75,18
E01004340,"Works mainly at an offshore installation, in no fixed place, or outside the UK",198,129,69
E01004340,Works mainly from home,242,44,198
E01004341,10km to less than 20km,135,151,-16
E01004341,20km to less than 30km,9,18,-9
E01004341,2km to less than 5km,91,90,1
E01004341,30km to less than 40km,17,14,3
E01004341,40km to less than 60km,2,9,-7
E01004341,5km to less than 10km,159,179,-20
E01004341,60km and over,7,8,-1
E01004341,Less than 2km,78,72,6
E01004341,"Works mainly at an offshore installation, in no fixed place, or outside the UK",208,123,85
E01004341,Works mainly from home,220,45,175
E01004342,10km to less than 20km,131,258,-127
E01004342,20km to less than 30km,14,24,-10
E01004342,2km to less than 5km,76,102,-26
E01004342,30km to less than 40km,12,3,9
E01004342,40km to less than 60km,1,4,-3
E01004342,5km to less than 10km,132,165,-33
E01004342,60km and over,6,8,-2
E01004342,Less than 2km,95,98,-3
E01004342,"Works mainly at an offshore installation, in no fixed place, or outside the UK",187,165,22
E01004342,Works mainly from home,408,70,338
E01004343,10km to less than 20km,125,283,-158
E01004343,20km to less than 30km,13,27,-14
E01004343,2km to less than 5km,80,136,-56
E01004343,30km to less than 40km,7,9,-2
E01004343,40km to less than 60km,4,12,-8
E01004343,5km to less than 10km,72,155,-83
E01004343,60km and over,2,7,-5
E01004343,Less than 2km,62,106,-44
E01004343,"Works mainly at an offshore installation, in no fixed place, or outside the UK",176,121,55
E01004343,Works mainly from home,427,70,357
E01004344,10km to less than 20km,126,223,-97
E01004344,20km to less than 30km,11,23,-12
E01004344,2km to less than 5km,103,121,-18
E01004344,30km to less than 40km,4,4,0
E01004344,40km to less than 60km,6,8,-2
E01004344,5km to less than 10km,120,131,-11
E01004344,60km and over,5,8,-3
E01004344,Less than 2km,63,93,-30
E01004344,"Works mainly at an offshore installation, in no fixed place, or outside the UK",190,114,76
E01004344,Works mainly from home,254,75,179
E01004345,10km to less than 20km,146,257,-111
E01004345,20km to less than 30km,21,16,5
E01004345,2km to less than 5km,90,151,-61
E01004345,30km to less than 40km,6,8,-2
E01004345,40km to less than 60km,4,6,-2
E01004345,5km to less than 10km,89,166,-77
E01004345,60km and over,5,7,-2
E01004345,Less than 2km,66,86,-20
E01004345,"Works mainly at an offshore installation, in no fixed place, or outside the UK",199,128,71
E01004345,Works mainly from home,334,64,270
E01004346,10km to less than 20km,122,200,-78
E01004346,20km to less than 30km,17,27,-10
E01004346,2km to less than 5km,89,91,-2
E01004346,30km to less than 40km,9,8,1
E01004346,40km to less than 60km,3,5,-2
E01004346,5km to less than 10km,77,136,-59
E01004346,60km and over,9,7,2
E01004346,Less than 2km,78,124,-46
E01004346,"Works mainly at an offshore installation, in no fixed place, or outside the UK",141,105,36
E01004346,Works mainly from home,361,72,289
E01004347,10km to less than 20km,144,363,-219
E01004347,20km to less than 30km,16,34,-18
E01004347,2km to less than 5km,90,103,-13
E01004347,30km to less than 40km,7,5,2
E01004347,40km to less than 60km,8,8,0
E01004347,5km to less than 10km,97,175,-78
E01004347,60km and over,4,10,-6
E01004347,Less than 2km,68,117,-49
E01004347,"Works mainly at an offshore installation, in no fixed place, or outside the UK",182,167,15
E01004347,Works mainly from home,563,80,483
E01004348,10km to less than 20km,205,382,-177
E01004348,20km to less than 30km,18,31,-13
E01004348,2km to less than 5km,126,138,-12
E01004348,30km to less than 40km,11,8,3
E01004348,40km to less than 60km,11,7,4
E01004348,5km to less than 10km,180,251,-71
E01004348,60km and over,10,20,-10
E01004348,Less than 2km,123,170,-47
E01004348,"Works mainly at an offshore installation, in no fixed place, or outside the UK",241,218,23
E01004348,Works mainly from home,695,106,589
E01004349,10km to less than 20km,113,185,-72
E01004349,20km to less than 30km,10,27,-17
E01004349,2km to less than 5km,77,89,-12
E01004349,30km to less than 40km,9,11,-2
E01004349,40km to less than 60km,2,5,-3
E01004349,5km to less than 10km,98,120,-22
E01004349,60km and over,6,5,1
E01004349,Less than 2km,38,41,-3
E01004349,"Works mainly at an offshore installation, in no fixed place, or outside the UK",126,73,53
E01004349,Works mainly from home,218,44,174
E01004350,10km to less than 20km,109,154,-45
E01004350,20km to less than 30km,11,20,-9
E01004350,2km to less than 5km,77,94,-17
E01004350,30km to less than 40km,11,3,8
E01004350,40km to less than 60km,2,6,-4
E01004350,5km to less than 10km,81,121,-40
E01004350,60km and over,9,7,2
E01004350,Less than 2km,29,48,-19
E01004350,"Works mainly at an offshore installation, in no fixed place, or outside the UK",163,103,60
E01004350,Works mainly from home,237,79,158
E01004351,10km to less than 20km,100,258,-158
E01004351,20km to less than 30km,13,21,-8
E01004351,2km to less than 5km,80,82,-2
E01004351,30km to less than 40km,4,6,-2
E01004351,40km to less than 60km,0,6,-6
E01004351,5km to less than 10km,92,139,-47
E01004351,60km and over,1,9,-8
E01004351,Less than 2km,34,64,-30
E01004351,"Works mainly at an offshore installation, in no fixed place, or outside the UK",157,94,63
E01004351,Works mainly from home,318,81,237
E01004352,10km to less than 20km,120,388,-268
E01004352,20km to less than 30km,15,38,-23
E01004352,2km to less than 5km,79,118,-39
E01004352,30km to less than 40km,7,7,0
E01004352,40km to less than 60km,2,2,0
E01004352,5km to less than 10km,82,112,-30
E01004352,60km and over,6,26,-20
E01004352,Less than 2km,41,73,-32
E01004352,"Works mainly at an offshore installation, in no fixed place, or outside the UK",134,96,38
E01004352,Works mainly from home,455,116,339
E01004353,10km to less than 20km,140,331,-191
E01004353,20km to less than 30km,12,24,-12
E01004353,2km to less than 5km,66,106,-40
E01004353,30km to less than 40km,7,10,-3
E01004353,40km to less than 60km,2,8,-6
E01004353,5km to less than 10km,99,112,-13
E01004353,60km and over,2,13,-11
E01004353,Less than 2km,48,70,-22
E01004353,"Works mainly at an offshore installation, in no fixed place, or outside the UK",120,89,31
E01004353,Works mainly from home,399,110,289
E01004354,10km to less than 20km,131,341,-210
E01004354,20km to less than 30km,15,32,-17
E01004354,2km to less than 5km,85,106,-21
E01004354,30km to less than 40km,8,9,-1
E01004354,40km to less than 60km,4,9,-5
E01004354,5km to less than 10km,104,143,-39
E01004354,60km and over,5,5,0
E01004354,Less than 2km,57,69,-12
E01004354,"Works mainly at an offshore installation, in no fixed place, or outside the UK",149,102,47
E01004354,Works mainly from home,444,85,359
E01004355,10km to less than 20km,95,249,-154
E01004355,20km to less than 30km,11,25,-14
E01004355,2km to less than 5km,81,111,-30
E01004355,30km to less than 40km,5,6,-1
E01004355,40km to less than 60km,3,2,1
E01004355,5km to less than 10km,92,126,-34
E01004355,60km and over,3,6,-3
E01004355,Less than 2km,47,70,-23
E01004355,"Works mainly at an offshore installation, in no fixed place, or outside the UK",158,87,71
E01004355,Works mainly from home,266,62,204
E01004356,10km to less than 20km,104,179,-75
E01004356,20km to less than 30km,17,19,-2
E01004356,2km to less than 5km,109,111,-2
E01004356,30km to less than 40km,4,14,-10
E01004356,40km to less than 60km,3,4,-1
E01004356,5km to less than 10km,108,132,-24
E01004356,60km and over,4,10,-6
E01004356,Less than 2km,54,67,-13
E01004356,"Works mainly at an offshore installation, in no fixed place, or outside the UK",176,92,84
E01004356,Works mainly from home,219,73,146
E01004357,10km to less than 20km,93,211,-118
E01004357,20km to less than 30km,9,26,-17
E01004357,2km to less than 5km,93,95,-2
E01004357,30km to less than 40km,4,9,-5
E01004357,40km to less than 60km,2,3,-1
E01004357,5km to less than 10km,74,101,-27
E01004357,60km and over,6,6,0
E01004357,Less than 2km,41,46,-5
E01004357,"Works mainly at an offshore installation, in no fixed place, or outside the UK",142,99,43
E01004357,Works mainly from home,270,90,180
E01004358,10km to less than 20km,134,291,-157
E01004358,20km to less than 30km,18,32,-14
E01004358,2km to less than 5km,85,102,-17
E01004358,30km to less than 40km,2,10,-8
E01004358,40km to less than 60km,7,5,2
E01004358,5km to less than 10km,102,109,-7
E01004358,60km and over,7,10,-3
E01004358,Less than 2km,65,72,-7
E01004358,"Works mainly at an offshore installation, in no fixed place, or outside the UK",159,86,73
E01004358,Works mainly from home,392,64,328
E01004359,10km to less than 20km,120,277,-157
E01004359,20km to less than 30km,17,18,-1
E01004359,2km to less than 5km,71,131,-60
E01004359,30km to less than 40km,4,10,-6
E01004359,40km to less than 60km,1,2,-1
E01004359,5km to less than 10km,77,116,-39
E01004359,60km and over,6,10,-4
E01004359,Less than 2km,65,91,-26
E01004359,"Works mainly at an offshore installation, in no fixed place, or outside the UK",127,97,30
E01004359,Works mainly from home,356,71,285
E01004360,10km to less than 20km,85,197,-112
E01004360,20km to less than 30km,15,23,-8
E01004360,2km to less than 5km,62,101,-39
E01004360,30km to less than 40km,5,5,0
E01004360,40km to less than 60km,1,6,-5
E01004360,5km to less than 10km,80,75,5
E01004360,60km and over,2,5,-3
E01004360,Less than 2km,53,79,-26
E01004360,"Works mainly at an offshore installation, in no fixed place, or outside the UK",112,75,37
E01004360,Works mainly from home,218,65,153
E01004361,10km to less than 20km,83,215,-132
E01004361,20km to less than 30km,12,15,-3
E01004361,2km to less than 5km,70,109,-39
E01004361,30km to less than 40km,10,3,7
E01004361,40km to less than 60km,1,2,-1
E01004361,5km to less than 10km,65,119,-54
E01004361,60km and over,7,5,2
E01004361,Less than 2km,36,53,-17
E01004361,"Works mainly at an offshore installation, in no fixed place, or outside the UK",159,108,51
E01004361,Works mainly from home,250,56,194
E01004362,10km to less than 20km,96,217,-121
E01004362,20km to less than 30km,12,29,-17
E01004362,2km to less than 5km,59,93,-34
E01004362,30km to less than 40km,5,10,-5
E01004362,40km to less than 60km,3,4,-1
E01004362,5km to less than 10km,99,219,-120
E01004362,60km and over,5,15,-10
E01004362,Less than 2km,49,80,-31
E01004362,"Works mainly at an offshore installation, in no fixed place, or outside the UK",129,121,8
E01004362,Works mainly from home,434,60,374
E01004363,10km to less than 20km,99,160,-61
E01004363,20km to less than 30km,15,19,-4
E01004363,2km to less than 5km,60,82,-22
E01004363,30km to less than 40km,3,12,-9
E01004363,40km to less than 60km,2,2,0
E01004363,5km to less than 10km,119,195,-76
E01004363,60km and over,2,11,-9
E01004363,Less than 2km,99,137,-38
E01004363,"Works mainly at an offshore installation, in no fixed place, or outside the UK",155,110,45
E01004363,Works mainly from home,272,67,205
E01004364,10km to less than 20km,86,137,-51
E01004364,20km to less than 30km,13,17,-4
E01004364,2km to less than 5km,90,74,16
E01004364,30km to less than 40km,4,5,-1
E01004364,40km to less than 60km,1,5,-4
E01004364,5km to less than 10km,146,178,-32
E01004364,60km and over,6,16,-10
E01004364,Less than 2km,121,130,-9
E01004364,"Works mainly at an offshore installation, in no fixed place, or outside the UK",146,86,60
E01004364,Works mainly from home,261,45,216
E01004365,10km to less than 20km,115,244,-129
E01004365,20km to less than 30km,17,49,-32
E01004365,2km to less than 5km,103,94,9
E01004365,30km to less than 40km,4,12,-8
E01004365,40km to less than 60km,15,2,13
E01004365,5km to less than 10km,193,207,-14
E01004365,60km and over,7,5,2
E01004365,Less than 2km,144,98,46
E01004365,"Works mainly at an offshore installation, in no fixed place, or outside the UK",275,328,-53
E01004365,Works mainly from home,272,56,216
E01004366,10km to less than 20km,128,203,-75
E01004366,20km to less than 30km,13,22,-9
E01004366,2km to less than 5km,94,93,1
E01004366,30km to less than 40km,5,6,-1
E01004366,40km to less than 60km,0,4,-4
E01004366,5km to less than 10km,130,227,-97
E01004366,60km and over,5,9,-4
E01004366,Less than 2km,94,106,-12
E01004366,"Works mainly at an offshore installation, in no fixed place, or outside the UK",147,100,47
E01004366,Works mainly from home,377,63,314
E01004367,10km to less than 20km,76,151,-75
E01004367,20km to less than 30km,6,21,-15
E01004367,2km to less than 5km,64,79,-15
E01004367,30km to less than 40km,2,3,-1
E01004367,40km to less than 60km,4,3,1
E01004367,5km to less than 10km,125,164,-39
E01004367,60km and over,2,10,-8
E01004367,Less than 2km,82,86,-4
E01004367,"Works mainly at an offshore installation, in no fixed place, or outside the UK",145,134,11
E01004367,Works mainly from home,262,62,200
E01004368,10km to less than 20km,134,226,-92
E01004368,20km to less than 30km,14,23,-9
E01004368,2km to less than 5km,77,88,-11
E01004368,30km to less than 40km,7,11,-4
E01004368,40km to less than 60km,2,8,-6
E01004368,5km to less than 10km,177,263,-86
E01004368,60km and over,9,9,0
E01004368,Less than 2km,112,140,-28
E01004368,"Works mainly at an offshore installation, in no fixed place, or outside the UK",193,135,58
E01004368,Works mainly from home,384,71,313
E01004369,10km to less than 20km,89,212,-123
E01004369,20km to less than 30km,22,23,-1
E01004369,2km to less than 5km,84,83,1
E01004369,30km to less than 40km,6,9,-3
E01004369,40km to less than 60km,1,2,-1
E01004369,5km to less than 10km,133,267,-134
E01004369,60km and over,3,10,-7
E01004369,Less than 2km,75,74,1
E01004369,"Works mainly at an offshore installation, in no fixed place, or outside the UK",209,185,24
E01004369,Works mainly from home,398,50,348
E01004370,10km to less than 20km,133,217,-84
E01004370,20km to less than 30km,7,25,-18
E01004370,2km to less than 5km,103,110,-7
E01004370,30km to less than 40km,4,5,-1
E01004370,40km to less than 60km,4,4,0
E01004370,5km to less than 10km,164,267,-103
E01004370,60km and over,9,9,0
E01004370,Less than 2km,59,82,-23
E01004370,"Works mainly at an offshore installation, in no fixed place, or outside the UK",230,168,62
E01004370,Works mainly from home,532,61,471
E01004371,10km to less than 20km,92,236,-144
E01004371,20km to less than 30km,12,15,-3
E01004371,2km to less than 5km,69,91,-22
E01004371,30km to less than 40km,1,4,-3
E01004371,40km to less than 60km,3,7,-4
E01004371,5km to less than 10km,132,285,-153
E01004371,60km and over,13,8,5
E01004371,Less than 2km,46,70,-24
E01004371,"Works mainly at an offshore installation, in no fixed place, or outside the UK",156,104,52
E01004371,Works mainly from home,361,68,293
E01004372,10km to less than 20km,110,271,-161
E01004372,20km to less than 30km,19,21,-2
E01004372,2km to less than 5km,67,88,-21
E01004372,30km to less than 40km,4,8,-4
E01004372,40km to less than 60km,1,8,-7
E01004372,5km to less than 10km,137,276,-139
E01004372,60km and over,3,11,-8
E01004372,Less than 2km,48,115,-67
E01004372,"Works mainly at an offshore installation, in no fixed place, or outside the UK",164,153,11
E01004372,Works mainly from home,491,67,424
E01004373,10km to less than 20km,108,179,-71
E01004373,20km to less than 30km,12,19,-7
E01004373,2km to less than 5km,85,80,5
E01004373,30km to less than 40km,7,8,-1
E01004373,40km to less than 60km,3,1,2
E01004373,5km to less than 10km,141,256,-115
E01004373,60km and over,12,14,-2
E01004373,Less than 2km,60,75,-15
E01004373,"Works mainly at an offshore installation, in no fixed place, or outside the UK",171,195,-24
E01004373,Works mainly from home,333,45,288
E01004374,10km to less than 20km,127,267,-140
E01004374,20km to less than 30km,14,27,-13
E01004374,2km to less than 5km,88,95,-7
E01004374,30km to less than 40km,10,11,-1
E01004374,40km to less than 60km,6,5,1
E01004374,5km to less than 10km,175,299,-124
E01004374,60km and over,14,8,6
E01004374,Less than 2km,66,84,-18
E01004374,"Works mainly at an offshore installation, in no fixed place, or outside the UK",221,168,53
E01004374,Works mainly from home,399,55,344
E01004375,10km to less than 20km,140,199,-59
E01004375,20km to less than 30km,7,16,-9
E01004375,2km to less than 5km,115,116,-1
E01004375,30km to less than 40km,5,11,-6
E01004375,40km to less than 60km,4,11,-7
E01004375,5km to less than 10km,159,260,-101
E01004375,60km and over,12,14,-2
E01004375,Less than 2km,68,79,-11
E01004375,"Works mainly at an offshore installation, in no fixed place, or outside the UK",213,165,48
E01004375,Works mainly from home,359,61,298
E01004376,10km to less than 20km,123,195,-72
E01004376,20km to less than 30km,23,31,-8
E01004376,2km to less than 5km,75,114,-39
E01004376,30km to less than 40km,6,5,1
E01004376,40km to less than 60km,7,10,-3
E01004376,5km to less than 10km,191,329,-138
E01004376,60km and over,14,13,1
E01004376,Less than 2km,101,114,-13
E01004376,"Works mainly at an offshore installation, in no fixed place, or outside the UK",208,217,-9
E01004376,Works mainly from home,321,64,257
E01004377,10km to less than 20km,148,243,-95
E01004377,20km to less than 30km,19,28,-9
E01004377,2km to less than 5km,73,129,-56
E01004377,30km to less than 40km,6,11,-5
E01004377,40km to less than 60km,3,8,-5
E01004377,5km to less than 10km,79,136,-57
E01004377,60km and over,12,6,6
E01004377,Less than 2km,73,89,-16
E01004377,"Works mainly at an offshore installation, in no fixed place, or outside the UK",147,123,24
E01004377,Works mainly from home,331,78,253
E01004378,10km to less than 20km,109,249,-140
E01004378,20km to less than 30km,16,32,-16
E01004378,2km to less than 5km,84,102,-18
E01004378,30km to less than 40km,16,11,5
E01004378,40km to less than 60km,8,3,5
E01004378,5km to less than 10km,99,152,-53
E01004378,60km and over,7,8,-1
E01004378,Less than 2km,80,112,-32
E01004378,"Works mainly at an offshore installation, in no fixed place, or outside the UK",135,131,4
E01004378,Works mainly from home,356,57,299
E01004379,10km to less than 20km,150,295,-145
E01004379,20km to less than 30km,11,22,-11
E01004379,2km to less than 5km,97,101,-4
E01004379,30km to less than 40km,6,8,-2
E01004379,40km to less than 60km,5,1,4
E01004379,5km to less than 10km,83,101,-18
E01004379,60km and over,5,9,-4
E01004379,Less than 2km,50,80,-30
E01004379,"Works mainly at an offshore installation, in no fixed place, or outside the UK",145,85,60
E01004379,Works mainly from home,526,61,465
E01004380,10km to less than 20km,100,232,-132
E01004380,20km to less than 30km,22,18,4
E01004380,2km to less than 5km,91,126,-35
E01004380,30km to less than 40km,6,7,-1
E01004380,40km to less than 60km,3,10,-7
E01004380,5km to less than 10km,100,118,-18
E01004380,60km and over,4,6,-2
E01004380,Less than 2km,46,73,-27
E01004380,"Works mainly at an offshore installation, in no fixed place, or outside the UK",135,81,54
E01004380,Works mainly from home,319,76,243
E01004381,10km to less than 20km,146,353,-207
E01004381,20km to less than 30km,15,20,-5
E01004381,2km to less than 5km,90,129,-39
E01004381,30km to less than 40km,6,8,-2
E01004381,40km to less than 60km,4,5,-1
E01004381,5km to less than 10km,88,122,-34
E01004381,60km and over,3,6,-3
E01004381,Less than 2km,63,105,-42
E01004381,"Works mainly at an offshore installation, in no fixed place, or outside the UK",172,102,70
E01004381,Works mainly from home,487,107,380
E01004382,10km to less than 20km,114,206,-92
E01004382,20km to less than 30km,17,18,-1
E01004382,2km to less than 5km,95,98,-3
E01004382,30km to less than 40km,9,6,3
E01004382,40km to less than 60km,4,4,0
E01004382,5km to less than 10km,68,94,-26
E01004382,60km and over,6,7,-1
E01004382,Less than 2km,67,79,-12
E01004382,"Works mainly at an offshore installation, in no fixed place, or outside the UK",122,80,42
E01004382,Works mainly from home,279,37,242
E01004383,10km to less than 20km,120,257,-137
E01004383,20km to less than 30km,5,19,-14
E01004383,2km to less than 5km,75,104,-29
E01004383,30km to less than 40km,5,6,-1
E01004383,40km to less than 60km,2,7,-5
E01004383,5km to less than 10km,89,97,-8
E01004383,60km and over,2,11,-9
E01004383,Less than 2km,63,102,-39
E01004383,"Works mainly at an offshore installation, in no fixed place, or outside the UK",114,112,2
E01004383,Works mainly from home,366,65,301
E01004384,10km to less than 20km,131,188,-57
E01004384,20km to less than 30km,12,29,-17
E01004384,2km to less than 5km,101,131,-30
E01004384,30km to less than 40km,4,4,0
E01004384,40km to less than 60km,0,8,-8
E01004384,5km to less than 10km,97,125,-28
E01004384,60km and over,3,9,-6
E01004384,Less than 2km,78,99,-21
E01004384,"Works mainly at an offshore installation, in no fixed place, or outside the UK",189,94,95
E01004384,Works mainly from home,269,48,221
E01004385,10km to less than 20km,106,218,-112
E01004385,20km to less than 30km,9,10,-1
E01004385,2km to less than 5km,88,98,-10
E01004385,30km to less than 40km,6,5,1
E01004385,40km to less than 60km,1,3,-2
E01004385,5km to less than 10km,79,93,-14
E01004385,60km and over,3,5,-2
E01004385,Less than 2km,36,44,-8
E01004385,"Works mainly at an offshore installation, in no fixed place, or outside the UK",93,60,33
E01004385,Works mainly from home,299,55,244
E01004386,10km to less than 20km,121,292,-171
E01004386,20km to less than 30km,15,32,-17
E01004386,2km to less than 5km,84,126,-42
E01004386,30km to less than 40km,4,10,-6
E01004386,40km to less than 60km,2,4,-2
E01004386,5km to less than 10km,72,122,-50
E01004386,60km and over,2,9,-7
E01004386,Less than 2km,56,70,-14
E01004386,"Works mainly at an offshore installation, in no fixed place, or outside the UK",126,106,20
E01004386,Works mainly from home,385,79,306
E01004387,10km to less than 20km,92,279,-187
E01004387,20km to less than 30km,14,29,-15
E01004387,2km to less than 5km,72,150,-78
E01004387,30km to less than 40km,0,4,-4
E01004387,40km to less than 60km,4,5,-1
E01004387,5km to less than 10km,59,101,-42
E01004387,60km and over,4,6,-2
E01004387,Less than 2km,40,92,-52
E01004387,"Works mainly at an offshore installation, in no fixed place, or outside the UK",88,78,10
E01004387,Works mainly from home,363,60,303
E01004388,10km to less than 20km,101,270,-169
E01004388,20km to less than 30km,13,18,-5
E01004388,2km to less than 5km,86,96,-10
E01004388,30km to less than 40km,3,8,-5
E01004388,40km to less than 60km,3,5,-2
E01004388,5km to less than 10km,76,119,-43
E01004388,60km and over,2,6,-4
E01004388,Less than 2km,39,67,-28
E01004388,"Works mainly at an offshore installation, in no fixed place, or outside the UK",125,79,46
E01004388,Works mainly from home,339,75,264
E01004389,10km to less than 20km,123,222,-99
E01004389,20km to less than 30km,19,20,-1
E01004389,2km to less than 5km,77,91,-14
E01004389,30km to less than 40km,8,7,1
E01004389,40km to less than 60km,10,2,8
E01004389,5km to less than 10km,106,130,-24
E01004389,60km and over,4,14,-10
E01004389,Less than 2km,54,59,-5
E01004389,"Works mainly at an offshore installation, in no fixed place, or outside the UK",169,96,73
E01004389,Works mainly from home,230,45,185
E01004390,10km to less than 20km,101,209,-108
E01004390,20km to less than 30km,12,23,-11
E01004390,2km to less than 5km,82,102,-20
E01004390,30km to less than 40km,3,4,-1
E01004390,40km to less than 60km,3,2,1
E01004390,5km to less than 10km,70,122,-52
E01004390,60km and over,1,6,-5
E01004390,Less than 2km,55,67,-12
E01004390,"Works mainly at an offshore installation, in no fixed place, or outside the UK",159,107,52
E01004390,Works mainly from home,224,41,183
E01004391,10km to less than 20km,111,231,-120
E01004391,20km to less than 30km,17,17,0
E01004391,2km to less than 5km,119,109,10
E01004391,30km to less than 40km,4,9,-5
E01004391,40km to less than 60km,2,8,-6
E01004391,5km to less than 10km,215,296,-81
E01004391,60km and over,6,11,-5
E01004391,Less than 2km,74,72,2
E01004391,"Works mainly at an offshore installation, in no fixed place, or outside the UK",170,157,13
E01004391,Works mainly from home,624,76,548
E01004392,10km to less than 20km,139,257,-118
E01004392,20km to less than 30km,20,29,-9
E01004392,2km to less than 5km,94,120,-26
E01004392,30km to less than 40km,12,6,6
E01004392,40km to less than 60km,3,7,-4
E01004392,5km to less than 10km,215,342,-127
E01004392,60km and over,6,14,-8
E01004392,Less than 2km,90,123,-33
E01004392,"Works mainly at an offshore installation, in no fixed place, or outside the UK",249,186,63
E01004392,Works mainly from home,571,96,475
E01004393,10km to less than 20km,96,381,-285
E01004393,20km to less than 30km,13,42,-29
E01004393,2km to less than 5km,57,111,-54
E01004393,30km to less than 40km,3,6,-3
E01004393,40km to less than 60km,1,2,-1
E01004393,5km to less than 10km,123,354,-231
E01004393,60km and over,6,33,-27
E01004393,Less than 2km,46,76,-30
E01004393,"Works mainly at an offshore installation, in no fixed place, or outside the UK",160,176,-16
E01004393,Works mainly from home,367,77,290
E01004394,10km to less than 20km,99,181,-82
E01004394,20km to less than 30km,9,17,-8
E01004394,2km to less than 5km,95,87,8
E01004394,30km to less than 40km,5,6,-1
E01004394,40km to less than 60km,5,1,4
E01004394,5km to less than 10km,142,257,-115
E01004394,60km and over,2,4,-2
E01004394,Less than 2km,56,66,-10
E01004394,"Works mainly at an offshore installation, in no fixed place, or outside the UK",175,122,53
E01004394,Works mainly from home,436,56,380
E01004395,10km to less than 20km,76,139,-63
E01004395,20km to less than 30km,7,10,-3
E01004395,2km to less than 5km,86,121,-35
E01004395,30km to less than 40km,5,2,3
E01004395,40km to less than 60km,3,7,-4
E01004395,5km to less than 10km,127,261,-134
E01004395,60km and over,6,8,-2
E01004395,Less than 2km,42,62,-20
E01004395,"Works mainly at an offshore installation, in no fixed place, or outside the UK",127,125,2
E01004395,Works mainly from home,447,84,363
E01004396,10km to less than 20km,136,218,-82
E01004396,20km to less than 30km,17,15,2
E01004396,2km to less than 5km,73,76,-3
E01004396,30km to less than 40km,6,11,-5
E01004396,40km to less than 60km,1,4,-3
E01004396,5km to less than 10km,161,221,-60
E01004396,60km and over,11,14,-3
E01004396,Less than 2km,68,69,-1
E01004396,"Works mainly at an offshore installation, in no fixed place, or outside the UK",181,182,-1
E01004396,Works mainly from home,416,74,342
E01004397,10km to less than 20km,216,361,-145
E01004397,20km to less than 30km,31,39,-8
E01004397,2km to less than 5km,141,105,36
E01004397,30km to less than 40km,7,8,-1
E01004397,40km to less than 60km,11,3,8
E01004397,5km to less than 10km,217,332,-115
E01004397,60km and over,20,14,6
E01004397,Less than 2km,116,149,-33
E01004397,"Works mainly at an offshore installation, in no fixed place, or outside the UK",200,192,8
E01004397,Works mainly from home,707,94,613
E01004398,10km to less than 20km,114,183,-69
E01004398,20km to less than 30km,7,13,-6
E01004398,2km to less than 5km,116,119,-3
E01004398,30km to less than 40km,12,10,2
E01004398,40km to less than 60km,2,8,-6
E01004398,5km to less than 10km,127,143,-16
E01004398,60km and over,3,9,-6
E01004398,Less than 2km,78,83,-5
E01004398,"Works mainly at an offshore installation, in no fixed place, or outside the UK",197,123,74
E01004398,Works mainly from home,227,49,178
E01004399,10km to less than 20km,114,139,-25
E01004399,20km to less than 30km,13,15,-2
E01004399,2km to less than 5km,95,116,-21
E01004399,30km to less than 40km,7,3,4
E01004399,40km to less than 60km,2,5,-3
E01004399,5km to less than 10km,129,124,5
E01004399,60km and over,8,9,-1
E01004399,Less than 2km,74,74,0
E01004399,"Works mainly at an offshore installation, in no fixed place, or outside the UK",142,90,52
E01004399,Works mainly from home,171,36,135
E01004400,10km to less than 20km,124,217,-93
E01004400,20km to less than 30km,11,14,-3
E01004400,2km to less than 5km,84,109,-25
E01004400,30km to less than 40km,7,3,4
E01004400,40km to less than 60km,3,5,-2
E01004400,5km to less than 10km,143,171,-28
E01004400,60km and over,1,9,-8
E01004400,Less than 2km,79,72,7
E01004400,"Works mainly at an offshore installation, in no fixed place, or outside the UK",173,124,49
E01004400,Works mainly from home,330,58,272
E01004401,10km to less than 20km,159,266,-107
E01004401,20km to less than 30km,18,18,0
E01004401,2km to less than 5km,91,121,-30
E01004401,30km to less than 40km,8,4,4
E01004401,40km to less than 60km,3,8,-5
E01004401,5km to less than 10km,171,269,-98
E01004401,60km and over,7,14,-7
E01004401,Less than 2km,70,93,-23
E01004401,"Works mainly at an offshore installation, in no fixed place, or outside the UK",226,219,7
E01004401,Works mainly from home,524,55,469
E01004402,10km to less than 20km,113,180,-67
E01004402,20km to less than 30km,10,24,-14
E01004402,2km to less than 5km,79,84,-5
E01004402,30km to less than 40km,6,2,4
E01004402,40km to less than 60km,1,6,-5
E01004402,5km to less than 10km,113,162,-49
E01004402,60km and over,4,5,-1
E01004402,Less than 2km,57,89,-32
E01004402,"Works mainly at an offshore installation, in no fixed place, or outside the UK",144,113,31
E01004402,Works mainly from home,323,56,267
E01004403,10km to less than 20km,181,197,-16
E01004403,20km to less than 30km,11,25,-14
E01004403,2km to less than 5km,115,118,-3
E01004403,30km to less than 40km,10,5,5
E01004403,40km to less than 60km,5,4,1
E01004403,5km to less than 10km,154,127,27
E01004403,60km and over,11,12,-1
E01004403,Less than 2km,101,89,12
E01004403,"Works mainly at an offshore installation, in no fixed place, or outside the UK",184,103,81
E01004403,Works mainly from home,503,51,452
E01004404,10km to less than 20km,173,268,-95
E01004404,20km to less than 30km,21,20,1
E01004404,2km to less than 5km,142,116,26
E01004404,30km to less than 40km,6,8,-2
E01004404,40km to less than 60km,4,11,-7
E01004404,5km to less than 10km,181,229,-48
E01004404,60km and over,15,18,-3
E01004404,Less than 2km,86,107,-21
E01004404,"Works mainly at an offshore installation, in no fixed place, or outside the UK",252,156,96
E01004404,Works mainly from home,473,77,396
E01004405,10km to less than 20km,83,189,-106
E01004405,20km to less than 30km,10,18,-8
E01004405,2km to less than 5km,71,76,-5
E01004405,30km to less than 40km,2,1,1
E01004405,40km to less than 60km,2,5,-3
E01004405,5km to less than 10km,91,185,-94
E01004405,60km and over,3,5,-2
E01004405,Less than 2km,61,94,-33
E01004405,"Works mainly at an offshore installation, in no fixed place, or outside the UK",121,120,1
E01004405,Works mainly from home,373,66,307
E01004406,10km to less than 20km,99,237,-138
E01004406,20km to less than 30km,11,21,-10
E01004406,2km to less than 5km,70,100,-30
E01004406,30km to less than 40km,3,4,-1
E01004406,40km to less than 60km,0,9,-9
E01004406,5km to less than 10km,133,252,-119
E01004406,60km and over,3,15,-12
E01004406,Less than 2km,95,84,11
E01004406,"Works mainly at an offshore installation, in no fixed place, or outside the UK",192,172,20
E01004406,Works mainly from home,385,62,323
E01004407,10km to less than 20km,96,119,-23
E01004407,20km to less than 30km,11,13,-2
E01004407,2km to less than 5km,56,46,10
E01004407,30km to less than 40km,4,1,3
E01004407,40km to less than 60km,5,2,3
E01004407,5km to less than 10km,96,107,-11
E01004407,60km and over,5,13,-8
E01004407,Less than 2km,64,56,8
E01004407,"Works mainly at an offshore installation, in no fixed place, or outside the UK",143,63,80
E01004407,Works mainly from home,162,59,103
E01004408,10km to less than 20km,102,278,-176
E01004408,20km to less than 30km,12,22,-10
E01004408,2km to less than 5km,48,73,-25
E01004408,30km to less than 40km,4,4,0
E01004408,40km to less than 60km,0,1,-1
E01004408,5km to less than 10km,98,195,-97
E01004408,60km and over,7,5,2
E01004408,Less than 2km,68,86,-18
E01004408,"Works mainly at an offshore installation, in no fixed place, or outside the UK",147,118,29
E01004408,Works mainly from home,449,78,371
E01004409,10km to less than 20km,96,259,-163
E01004409,20km to less than 30km,12,18,-6
E01004409,2km to less than 5km,70,54,16
E01004409,30km to less than 40km,3,7,-4
E01004409,40km to less than 60km,4,1,3
E01004409,5km to less than 10km,92,179,-87
E01004409,60km and over,2,13,-11
E01004409,Less than 2km,61,80,-19
E01004409,"Works mainly at an offshore installation, in no fixed place, or outside the UK",134,117,17
E01004409,Works mainly from home,436,84,352
E01004410,10km to less than 20km,105,235,-130
E01004410,20km to less than 30km,4,8,-4
E01004410,2km to less than 5km,57,71,-14
E01004410,30km to less than 40km,3,4,-1
E01004410,40km to less than 60km,0,3,-3
E01004410,5km to less than 10km,107,174,-67
E01004410,60km and over,8,12,-4
E01004410,Less than 2km,60,115,-55
E01004410,"Works mainly at an offshore installation, in no fixed place, or outside the UK",117,105,12
E01004410,Works mainly from home,387,87,300
E01004411,10km to less than 20km,144,300,-156
E01004411,20km to less than 30km,38,22,16
E01004411,2km to less than 5km,73,65,8
E01004411,30km to less than 40km,2,9,-7
E01004411,40km to less than 60km,3,3,0
E01004411,5km to less than 10km,150,214,-64
E01004411,60km and over,7,21,-14
E01004411,Less than 2km,51,91,-40
E01004411,"Works mainly at an offshore installation, in no fixed place, or outside the UK",183,134,49
E01004411,Works mainly from home,546,78,468
E01004412,10km to less than 20km,102,289,-187
E01004412,20km to less than 30km,8,21,-13
E01004412,2km to less than 5km,52,88,-36
E01004412,30km to less than 40km,5,6,-1
E01004412,40km to less than 60km,1,8,-7
E01004412,5km to less than 10km,99,221,-122
E01004412,60km and over,4,12,-8
E01004412,Less than 2km,50,94,-44
E01004412,"Works mainly at an offshore installation, in no fixed place, or outside the UK",113,108,5
E01004412,Works mainly from home,599,82,517
E01004413,10km to less than 20km,96,200,-104
E01004413,20km to less than 30km,14,19,-5
E01004413,2km to less than 5km,91,117,-26
E01004413,30km to less than 40km,5,5,0
E01004413,40km to less than 60km,2,5,-3
E01004413,5km to less than 10km,73,113,-40
E01004413,60km and over,3,2,1
E01004413,Less than 2km,64,71,-7
E01004413,"Works mainly at an offshore installation, in no fixed place, or outside the UK",126,71,55
E01004413,Works mainly from home,199,51,148
E01004414,10km to less than 20km,122,201,-79
E01004414,20km to less than 30km,13,23,-10
E01004414,2km to less than 5km,100,116,-16
E01004414,30km to less than 40km,1,4,-3
E01004414,40km to less than 60km,9,3,6
E01004414,5km to less than 10km,71,131,-60
E01004414,60km and over,7,6,1
E01004414,Less than 2km,70,83,-13
E01004414,"Works mainly at an offshore installation, in no fixed place, or outside the UK",201,101,100
E01004414,Works mainly from home,267,68,199
E01004415,10km to less than 20km,97,186,-89
E01004415,20km to less than 30km,11,16,-5
E01004415,2km to less than 5km,98,112,-14
E01004415,30km to less than 40km,5,3,2
E01004415,40km to less than 60km,3,5,-2
E01004415,5km to less than 10km,75,137,-62
E01004415,60km and over,5,8,-3
E01004415,Less than 2km,47,73,-26
E01004415,"Works mainly at an offshore installation, in no fixed place, or outside the UK",142,83,59
E01004415,Works mainly from home,218,68,150
E01004416,10km to less than 20km,127,278,-151
E01004416,20km to less than 30km,12,19,-7
E01004416,2km to less than 5km,93,137,-44
E01004416,30km to less than 40km,8,11,-3
E01004416,40km to less than 60km,1,6,-5
E01004416,5km to less than 10km,99,118,-19
E01004416,60km and over,3,3,0
E01004416,Less than 2km,56,80,-24
E01004416,"Works mainly at an offshore installation, in no fixed place, or outside the UK",160,102,58
E01004416,Works mainly from home,381,77,304
E01004417,10km to less than 20km,144,211,-67
E01004417,20km to less than 30km,19,20,-1
E01004417,2km to less than 5km,105,136,-31
E01004417,30km to less than 40km,5,8,-3
E01004417,40km to less than 60km,2,6,-4
E01004417,5km to less than 10km,78,135,-57
E01004417,60km and over,8,10,-2
E01004417,Less than 2km,59,77,-18
E01004417,"Works mainly at an offshore installation, in no fixed place, or outside the UK",178,118,60
E01004417,Works mainly from home,255,57,198
E01004418,10km to less than 20km,145,228,-83
E01004418,20km to less than 30km,13,25,-12
E01004418,2km to less than 5km,105,151,-46
E01004418,30km to less than 40km,1,10,-9
E01004418,40km to less than 60km,2,1,1
E01004418,5km to less than 10km,85,111,-26
E01004418,60km and over,4,9,-5
E01004418,Less than 2km,62,76,-14
E01004418,"Works mainly at an offshore installation, in no fixed place, or outside the UK",152,96,56
E01004418,Works mainly from home,277,58,219
E01004419,10km to less than 20km,193,198,-5
E01004419,20km to less than 30km,25,17,8
E01004419,2km to less than 5km,133,119,14
E01004419,30km to less than 40km,5,3,2
E01004419,40km to less than 60km,4,5,-1
E01004419,5km to less than 10km,129,89,40
E01004419,60km and over,12,4,8
E01004419,Less than 2km,101,83,18
E01004419,"Works mainly at an offshore installation, in no fixed place, or outside the UK",259,86,173
E01004419,Works mainly from home,429,33,396
E01004420,10km to less than 20km,123,177,-54
E01004420,20km to less than 30km,24,28,-4
E01004420,2km to less than 5km,78,105,-27
E01004420,30km to less than 40km,2,6,-4
E01004420,40km to less than 60km,4,3,1
E01004420,5km to less than 10km,190,232,-42
E01004420,60km and over,15,15,0
E01004420,Less than 2km,102,125,-23
E01004420,"Works mainly at an offshore installation, in no fixed place, or outside the UK",277,179,98
E01004420,Works mainly from home,282,52,230
E01004421,10km to less than 20km,113,139,-26
E01004421,20km to less than 30km,11,20,-9
E01004421,2km to less than 5km,86,117,-31
E01004421,30km to less than 40km,6,8,-2
E01004421,40km to less than 60km,4,8,-4
E01004421,5km to less than 10km,155,223,-68
E01004421,60km and over,5,5,0
E01004421,Less than 2km,94,141,-47
E01004421,"Works mainly at an offshore installation, in no fixed place, or outside the UK",233,104,129
E01004421,Works mainly from home,267,44,223
E01004422,10km to less than 20km,103,92,11
E01004422,20km to less than 30km,9,11,-2
E01004422,2km to less than 5km,170,130,40
E01004422,30km to less than 40km,12,3,9
E01004422,40km to less than 60km,7,7,0
E01004422,5km to less than 10km,214,229,-15
E01004422,60km and over,7,9,-2
E01004422,Less than 2km,79,83,-4
E01004422,"Works mainly at an offshore installation, in no fixed place, or outside the UK",227,95,132
E01004422,Works mainly from home,554,55,499
E01004423,10km to less than 20km,102,116,-14
E01004423,20km to less than 30km,9,13,-4
E01004423,2km to less than 5km,94,62,32
E01004423,30km to less than 40km,0,2,-2
E01004423,40km to less than 60km,5,4,1
E01004423,5km to less than 10km,155,191,-36
E01004423,60km and over,11,10,1
E01004423,Less than 2km,100,81,19
E01004423,"Works mainly at an offshore installation, in no fixed place, or outside the UK",185,104,81
E01004423,Works mainly from home,255,36,219
E01004424,10km to less than 20km,115,119,-4
E01004424,20km to less than 30km,6,13,-7
E01004424,2km to less than 5km,108,101,7
E01004424,30km to less than 40km,4,5,-1
E01004424,40km to less than 60km,2,5,-3
E01004424,5km to less than 10km,194,220,-26
E01004424,60km and over,15,12,3
E01004424,Less than 2km,71,91,-20
E01004424,"Works mainly at an offshore installation, in no fixed place, or outside the UK",185,127,58
E01004424,Works mainly from home,312,48,264
E01004425,10km to less than 20km,87,198,-111
E01004425,20km to less than 30km,17,17,0
E01004425,2km to less than 5km,100,152,-52
E01004425,30km to less than 40km,4,3,1
E01004425,40km to less than 60km,3,10,-7
E01004425,5km to less than 10km,186,337,-151
E01004425,60km and over,10,15,-5
E01004425,Less than 2km,52,74,-22
E01004425,"Works mainly at an offshore installation, in no fixed place, or outside the UK",179,149,30
E01004425,Works mainly from home,462,62,400
E01004426,10km to less than 20km,63,149,-86
E01004426,20km to less than 30km,7,14,-7
E01004426,2km to less than 5km,99,129,-30
E01004426,30km to less than 40km,7,2,5
E01004426,40km to less than 60km,4,1,3
E01004426,5km to less than 10km,169,258,-89
E01004426,60km and over,8,15,-7
E01004426,Less than 2km,86,135,-49
E01004426,"Works mainly at an offshore installation, in no fixed place, or outside the UK",178,142,36
E01004426,Works mainly from home,266,61,205
E01004427,10km to less than 20km,93,118,-25
E01004427,20km to less than 30km,10,17,-7
E01004427,2km to less than 5km,122,173,-51
E01004427,30km to less than 40km,5,4,1
E01004427,40km to less than 60km,1,5,-4
E01004427,5km to less than 10km,191,339,-148
E01004427,60km and over,12,13,-1
E01004427,Less than 2km,66,113,-47
E01004427,"Works mainly at an offshore installation, in no fixed place, or outside the UK",241,200,41
E01004427,Works mainly from home,375,71,304
E01004428,10km to less than 20km,93,93,0
E01004428,20km to less than 30km,14,15,-1
E01004428,2km to less than 5km,102,110,-8
E01004428,30km to less than 40km,3,4,-1
E01004428,40km to less than 60km,4,2,2
E01004428,5km to less than 10km,155,177,-22
E01004428,60km and over,4,7,-3
E01004428,Less than 2km,68,87,-19
E01004428,"Works mainly at an offshore installation, in no fixed place, or outside the UK",186,79,107
E01004428,Works mainly from home,200,26,174
E01004429,10km to less than 20km,85,148,-63
E01004429,20km to less than 30km,12,14,-2
E01004429,2km to less than 5km,120,114,6
E01004429,30km to less than 40km,4,4,0
E01004429,40km to less than 60km,0,6,-6
E01004429,5km to less than 10km,163,266,-103
E01004429,60km and over,10,7,3
E01004429,Less than 2km,60,82,-22
E01004429,"Works mainly at an offshore installation, in no fixed place, or outside the UK",183,135,48
E01004429,Works mainly from home,279,44,235
E01004430,10km to less than 20km,148,215,-67
E01004430,20km to less than 30km,28,27,1
E01004430,2km to less than 5km,143,136,7
E01004430,30km to less than 40km,9,11,-2
E01004430,40km to less than 60km,7,7,0
E01004430,5km to less than 10km,290,404,-114
E01004430,60km and over,28,12,16
E01004430,Less than 2km,90,108,-18
E01004430,"Works mainly at an offshore installation, in no fixed place, or outside the UK",218,225,-7
E01004430,Works mainly from home,664,75,589
E01004432,10km to less than 20km,97,144,-47
E01004432,20km to less than 30km,12,21,-9
E01004432,2km to less than 5km,59,79,-20
E01004432,30km to less than 40km,3,6,-3
E01004432,40km to less than 60km,2,4,-2
E01004432,5km to less than 10km,176,268,-92
E01004432,60km and over,6,8,-2
E01004432,Less than 2km,83,93,-10
E01004432,"Works mainly at an offshore installation, in no fixed place, or outside the UK",210,104,106
E01004432,Works mainly from home,325,57,268
E01004434,10km to less than 20km,78,139,-61
E01004434,20km to less than 30km,21,19,2
E01004434,2km to less than 5km,109,129,-20
E01004434,30km to less than 40km,12,5,7
E01004434,40km to less than 60km,3,4,-1
E01004434,5km to less than 10km,177,256,-79
E01004434,60km and over,6,15,-9
E01004434,Less than 2km,70,80,-10
E01004434,"Works mainly at an offshore installation, in no fixed place, or outside the UK",199,133,66
E01004434,Works mainly from home,272,71,201
E01004435,10km to less than 20km,98,158,-60
E01004435,20km to less than 30km,11,17,-6
E01004435,2km to less than 5km,102,150,-48
E01004435,30km to less than 40km,4,8,-4
E01004435,40km to less than 60km,1,4,-3
E01004435,5km to less than 10km,175,234,-59
E01004435,60km and over,9,5,4
E01004435,Less than 2km,66,84,-18
E01004435,"Works mainly at an offshore installation, in no fixed place, or outside the UK",209,184,25
E01004435,Works mainly from home,317,49,268
E01004436,10km to less than 20km,75,241,-166
E01004436,20km to less than 30km,12,26,-14
E01004436,2km to less than 5km,63,102,-39
E01004436,30km to less than 40km,4,7,-3
E01004436,40km to less than 60km,1,9,-8
E01004436,5km to less than 10km,131,205,-74
E01004436,60km and over,3,6,-3
E01004436,Less than 2km,52,63,-11
E01004436,"Works mainly at an offshore installation, in no fixed place, or outside the UK",130,112,18
E01004436,Works mainly from home,349,65,284
E01004437,10km to less than 20km,123,258,-135
E01004437,20km to less than 30km,15,22,-7
E01004437,2km to less than 5km,75,74,1
E01004437,30km to less than 40km,3,7,-4
E01004437,40km to less than 60km,1,2,-1
E01004437,5km to less than 10km,139,260,-121
E01004437,60km and over,7,13,-6
E01004437,Less than 2km,63,79,-16
E01004437,"Works mainly at an offshore installation, in no fixed place, or outside the UK",157,158,-1
E01004437,Works mainly from home,374,71,303
E01004438,10km to less than 20km,144,366,-222
E01004438,20km to less than 30km,14,34,-20
E01004438,2km to less than 5km,99,128,-29
E01004438,30km to less than 40km,13,13,0
E01004438,40km to less than 60km,6,6,0
E01004438,5km to less than 10km,162,281,-119
E01004438,60km and over,16,17,-1
E01004438,Less than 2km,68,110,-42
E01004438,"Works mainly at an offshore installation, in no fixed place, or outside the UK",166,163,3
E01004438,Works mainly from home,558,108,450
E01004439,10km to less than 20km,99,232,-133
E01004439,20km to less than 30km,7,20,-13
E01004439,2km to less than 5km,62,94,-32
E01004439,30km to less than 40km,0,5,-5
E01004439,40km to less than 60km,4,9,-5
E01004439,5km to less than 10km,130,231,-101
E01004439,60km and over,3,3,0
E01004439,Less than 2km,57,59,-2
E01004439,"Works mainly at an offshore installation, in no fixed place, or outside the UK",165,121,44
E01004439,Works mainly from home,374,70,304
E01004440,10km to less than 20km,152,375,-223
E01004440,20km to less than 30km,17,16,1
E01004440,2km to less than 5km,101,120,-19
E01004440,30km to less than 40km,4,6,-2
E01004440,40km to less than 60km,6,3,3
E01004440,5km to less than 10km,178,317,-139
E01004440,60km and over,8,16,-8
E01004440,Less than 2km,64,96,-32
E01004440,"Works mainly at an offshore installation, in no fixed place, or outside the UK",169,175,-6
E01004440,Works mainly from home,485,89,396
E01004441,10km to less than 20km,89,251,-162
E01004441,20km to less than 30km,16,22,-6
E01004441,2km to less than 5km,49,107,-58
E01004441,30km to less than 40km,3,8,-5
E01004441,40km to less than 60km,3,4,-1
E01004441,5km to less than 10km,101,216,-115
E01004441,60km and over,7,11,-4
E01004441,Less than 2km,49,58,-9
E01004441,"Works mainly at an offshore installation, in no fixed place, or outside the UK",116,174,-58
E01004441,Works mainly from home,405,80,325
E01004442,10km to less than 20km,116,304,-188
E01004442,20km to less than 30km,14,18,-4
E01004442,2km to less than 5km,57,111,-54
E01004442,30km to less than 40km,1,16,-15
E01004442,40km to less than 60km,1,4,-3
E01004442,5km to less than 10km,133,261,-128
E01004442,60km and over,5,15,-10
E01004442,Less than 2km,47,72,-25
E01004442,"Works mainly at an offshore installation, in no fixed place, or outside the UK",105,123,-18
E01004442,Works mainly from home,420,61,359
E01004443,10km to less than 20km,135,227,-92
E01004443,20km to less than 30km,22,36,-14
E01004443,2km to less than 5km,75,89,-14
E01004443,30km to less than 40km,4,9,-5
E01004443,40km to less than 60km,6,2,4
E01004443,5km to less than 10km,148,239,-91
E01004443,60km and over,6,7,-1
E01004443,Less than 2km,123,131,-8
E01004443,"Works mainly at an offshore installation, in no fixed place, or outside the UK",176,170,6
E01004443,Works mainly from home,519,74,445
E01004444,10km to less than 20km,160,269,-109
E01004444,20km to less than 30km,14,30,-16
E01004444,2km to less than 5km,147,133,14
E01004444,30km to less than 40km,4,3,1
E01004444,40km to less than 60km,1,5,-4
E01004444,5km to less than 10km,212,348,-136
E01004444,60km and over,8,19,-11
E01004444,Less than 2km,105,152,-47
E01004444,"Works mainly at an offshore installation, in no fixed place, or outside the UK",227,213,14
E01004444,Works mainly from home,672,75,597
E01004445,10km to less than 20km,124,98,26
E01004445,20km to less than 30km,18,10,8
E01004445,2km to less than 5km,73,50,23
E01004445,30km to less than 40km,5,4,1
E01004445,40km to less than 60km,1,7,-6
E01004445,5km to less than 10km,159,172,-13
E01004445,60km and over,6,2,4
E01004445,Less than 2km,87,71,16
E01004445,"Works mainly at an offshore installation, in no fixed place, or outside the UK",209,105,104
E01004445,Works mainly from home,407,34,373
E01004446,10km to less than 20km,137,172,-35
E01004446,20km to less than 30km,38,18,20
E01004446,2km to less than 5km,103,112,-9
E01004446,30km to less than 40km,11,3,8
E01004446,40km to less than 60km,3,4,-1
E01004446,5km to less than 10km,232,273,-41
E01004446,60km and over,14,10,4
E01004446,Less than 2km,82,84,-2
E01004446,"Works mainly at an offshore installation, in no fixed place, or outside the UK",300,142,158
E01004446,Works mainly from home,503,63,440
E01004447,10km to less than 20km,78,208,-130
E01004447,20km to less than 30km,14,15,-1
E01004447,2km to less than 5km,64,104,-40
E01004447,30km to less than 40km,5,7,-2
E01004447,40km to less than 60km,6,3,3
E01004447,5km to less than 10km,141,260,-119
E01004447,60km and over,1,15,-14
E01004447,Less than 2km,84,109,-25
E01004447,"Works mainly at an offshore installation, in no fixed place, or outside the UK",166,160,6
E01004447,Works mainly from home,449,73,376
E01004448,10km to less than 20km,88,147,-59
E01004448,20km to less than 30km,10,17,-7
E01004448,2km to less than 5km,92,140,-48
E01004448,30km to less than 40km,2,3,-1
E01004448,40km to less than 60km,4,3,1
E01004448,5km to less than 10km,129,269,-140
E01004448,60km and over,8,13,-5
E01004448,Less than 2km,50,74,-24
E01004448,"Works mainly at an offshore installation, in no fixed place, or outside the UK",167,166,1
E01004448,Works mainly from home,486,64,422
E01004449,10km to less than 20km,69,107,-38
E01004449,20km to less than 30km,13,13,0
E01004449,2km to less than 5km,100,97,3
E01004449,30km to less than 40km,6,5,1
E01004449,40km to less than 60km,2,2,0
E01004449,5km to less than 10km,137,156,-19
E01004449,60km and over,9,8,1
E01004449,Less than 2km,73,102,-29
E01004449,"Works mainly at an offshore installation, in no fixed place, or outside the UK",149,85,64
E01004449,Works mainly from home,187,28,159
E01004450,10km to less than 20km,146,244,-98
E01004450,20km to less than 30km,14,17,-3
E01004450,2km to less than 5km,121,156,-35
E01004450,30km to less than 40km,8,5,3
E01004450,40km to less than 60km,1,3,-2
E01004450,5km to less than 10km,107,148,-41
E01004450,60km and over,6,10,-4
E01004450,Less than 2km,67,74,-7
E01004450,"Works mainly at an offshore installation, in no fixed place, or outside the UK",145,96,49
E01004450,Works mainly from home,229,67,162
E01004451,10km to less than 20km,117,271,-154
E01004451,20km to less than 30km,15,19,-4
E01004451,2km to less than 5km,95,150,-55
E01004451,30km to less than 40km,4,17,-13
E01004451,40km to less than 60km,8,8,0
E01004451,5km to less than 10km,119,168,-49
E01004451,60km and over,8,4,4
E01004451,Less than 2km,74,80,-6
E01004451,"Works mainly at an offshore installation, in no fixed place, or outside the UK",194,100,94
E01004451,Works mainly from home,233,49,184
E01004452,10km to less than 20km,133,189,-56
E01004452,20km to less than 30km,16,14,2
E01004452,2km to less than 5km,101,129,-28
E01004452,30km to less than 40km,17,11,6
E01004452,40km to less than 60km,4,5,-1
E01004452,5km to less than 10km,120,150,-30
E01004452,60km and over,9,6,3
E01004452,Less than 2km,99,87,12
E01004452,"Works mainly at an offshore installation, in no fixed place, or outside the UK",208,101,107
E01004452,Works mainly from home,197,60,137
E01004453,10km to less than 20km,128,228,-100
E01004453,20km to less than 30km,19,26,-7
E01004453,2km to less than 5km,105,140,-35
E01004453,30km to less than 40km,5,12,-7
E01004453,40km to less than 60km,5,3,2
E01004453,5km to less than 10km,121,144,-23
E01004453,60km and over,8,8,0
E01004453,Less than 2km,52,73,-21
E01004453,"Works mainly at an offshore installation, in no fixed place, or outside the UK",177,103,74
E01004453,Works mainly from home,222,57,165
E01004454,10km to less than 20km,142,215,-73
E01004454,20km to less than 30km,19,19,0
E01004454,2km to less than 5km,108,126,-18
E01004454,30km to less than 40km,7,11,-4
E01004454,40km to less than 60km,1,0,1
E01004454,5km to less than 10km,114,138,-24
E01004454,60km and over,5,6,-1
E01004454,Less than 2km,76,76,0
E01004454,"Works mainly at an offshore installation, in no fixed place, or outside the UK",199,90,109
E01004454,Works mainly from home,238,62,176
E01004455,10km to less than 20km,135,162,-27
E01004455,20km to less than 30km,7,17,-10
E01004455,2km to less than 5km,105,118,-13
E01004455,30km to less than 40km,6,4,2
E01004455,40km to less than 60km,2,1,1
E01004455,5km to less than 10km,104,115,-11
E01004455,60km and over,13,11,2
E01004455,Less than 2km,61,75,-14
E01004455,"Works mainly at an offshore installation, in no fixed place, or outside the UK",165,90,75
E01004455,Works mainly from home,213,60,153
E01004456,10km to less than 20km,96,128,-32
E01004456,20km to less than 30km,14,8,6
E01004456,2km to less than 5km,112,137,-25
E01004456,30km to less than 40km,2,3,-1
E01004456,40km to less than 60km,3,1,2
E01004456,5km to less than 10km,87,107,-20
E01004456,60km and over,6,7,-1
E01004456,Less than 2km,77,87,-10
E01004456,"Works mainly at an offshore installation, in no fixed place, or outside the UK",141,65,76
E01004456,Works mainly from home,142,43,99
E01004457,10km to less than 20km,108,287,-179
E01004457,20km to less than 30km,13,21,-8
E01004457,2km to less than 5km,52,98,-46
E01004457,30km to less than 40km,5,2,3
E01004457,40km to less than 60km,0,3,-3
E01004457,5km to less than 10km,126,221,-95
E01004457,60km and over,6,18,-12
E01004457,Less than 2km,68,106,-38
E01004457,"Works mainly at an offshore installation, in no fixed place, or outside the UK",139,131,8
E01004457,Works mainly from home,571,72,499
E01004458,10km to less than 20km,125,221,-96
E01004458,20km to less than 30km,16,15,1
E01004458,2km to less than 5km,97,118,-21
E01004458,30km to less than 40km,4,5,-1
E01004458,40km to less than 60km,3,2,1
E01004458,5km to less than 10km,135,214,-79
E01004458,60km and over,8,14,-6
E01004458,Less than 2km,68,90,-22
E01004458,"Works mainly at an offshore installation, in no fixed place, or outside the UK",181,163,18
E01004458,Works mainly from home,399,64,335
E01004459,10km to less than 20km,78,89,-11
E01004459,20km to less than 30km,12,7,5
E01004459,2km to less than 5km,119,85,34
E01004459,30km to less than 40km,3,1,2
E01004459,40km to less than 60km,5,9,-4
E01004459,5km to less than 10km,76,107,-31
E01004459,60km and over,7,11,-4
E01004459,Less than 2km,62,70,-8
E01004459,"Works mainly at an offshore installation, in no fixed place, or outside the UK",109,58,51
E01004459,Works mainly from home,156,39,117
E01004460,10km to less than 20km,140,248,-108
E01004460,20km to less than 30km,14,31,-17
E01004460,2km to less than 5km,91,77,14
E01004460,30km to less than 40km,23,8,15
E01004460,40km to less than 60km,4,5,-1
E01004460,5km to less than 10km,119,195,-76
E01004460,60km and over,13,14,-1
E01004460,Less than 2km,70,92,-22
E01004460,"Works mainly at an offshore installation, in no fixed place, or outside the UK",174,134,40
E01004460,Works mainly from home,423,61,362
E01004462,10km to less than 20km,176,212,-36
E01004462,20km to less than 30km,23,20,3
E01004462,2km to less than 5km,100,94,6
E01004462,30km to less than 40km,4,5,-1
E01004462,40km to less than 60km,3,5,-2
E01004462,5km to less than 10km,124,208,-84
E01004462,60km and over,10,15,-5
E01004462,Less than 2km,69,117,-48
E01004462,"Works mainly at an offshore installation, in no fixed place, or outside the UK",184,143,41
E01004462,Works mainly from home,517,70,447
E01004463,10km to less than 20km,113,398,-285
E01004463,20km to less than 30km,16,26,-10
E01004463,2km to less than 5km,78,92,-14
E01004463,30km to less than 40km,10,5,5
E01004463,40km to less than 60km,4,8,-4
E01004463,5km to less than 10km,113,278,-165
E01004463,60km and over,4,13,-9
E01004463,Less than 2km,66,95,-29
E01004463,"Works mainly at an offshore installation, in no fixed place, or outside the UK",137,149,-12
E01004463,Works mainly from home,679,69,610
E01004464,10km to less than 20km,95,175,-80
E01004464,20km to less than 30km,12,19,-7
E01004464,2km to less than 5km,67,64,3
E01004464,30km to less than 40km,7,4,3
E01004464,40km to less than 60km,3,5,-2
E01004464,5km to less than 10km,114,125,-11
E01004464,60km and over,4,7,-3
E01004464,Less than 2km,58,77,-19
E01004464,"Works mainly at an offshore installation, in no fixed place, or outside the UK",122,78,44
E01004464,Works mainly from home,319,50,269
E01004465,10km to less than 20km,93,196,-103
E01004465,20km to less than 30km,5,21,-16
E01004465,2km to less than 5km,61,82,-21
E01004465,30km to less than 40km,7,3,4
E01004465,40km to less than 60km,2,7,-5
E01004465,5km to less than 10km,103,169,-66
E01004465,60km and over,8,11,-3
E01004465,Less than 2km,56,107,-51
E01004465,"Works mainly at an offshore installation, in no fixed place, or outside the UK",84,87,-3
E01004465,Works mainly from home,426,61,365
E01004466,10km to less than 20km,87,290,-203
E01004466,20km to less than 30km,15,15,0
E01004466,2km to less than 5km,47,66,-19
E01004466,30km to less than 40km,1,9,-8
E01004466,40km to less than 60km,3,6,-3
E01004466,5km to less than 10km,108,226,-118
E01004466,60km and over,5,7,-2
E01004466,Less than 2km,57,101,-44
E01004466,"Works mainly at an offshore installation, in no fixed place, or outside the UK",91,104,-13
E01004466,Works mainly from home,561,83,478
E01004467,10km to less than 20km,159,256,-97
E01004467,20km to less than 30km,20,27,-7
E01004467,2km to less than 5km,106,116,-10
E01004467,30km to less than 40km,5,2,3
E01004467,40km to less than 60km,13,8,5
E01004467,5km to less than 10km,120,194,-74
E01004467,60km and over,7,4,3
E01004467,Less than 2km,105,146,-41
E01004467,"Works mainly at an offshore installation, in no fixed place, or outside the UK",192,171,21
E01004467,Works mainly from home,370,61,309
E01004468,10km to less than 20km,111,229,-118
E01004468,20km to less than 30km,13,22,-9
E01004468,2km to less than 5km,72,79,-7
E01004468,30km to less than 40km,1,5,-4
E01004468,40km to less than 60km,2,12,-10
E01004468,5km to less than 10km,119,183,-64
E01004468,60km and over,2,12,-10
E01004468,Less than 2km,57,106,-49
E01004468,"Works mainly at an offshore installation, in no fixed place, or outside the UK",130,114,16
E01004468,Works mainly from home,452,85,367
E01004469,10km to less than 20km,120,177,-57
E01004469,20km to less than 30km,19,23,-4
E01004469,2km to less than 5km,80,78,2
E01004469,30km to less than 40km,10,8,2
E01004469,40km to less than 60km,2,4,-2
E01004469,5km to less than 10km,117,102,15
E01004469,60km and over,4,6,-2
E01004469,Less than 2km,67,62,5
E01004469,"Works mainly at an offshore installation, in no fixed place, or outside the UK",148,81,67
E01004469,Works mainly from home,241,60,181
E01004470,10km to less than 20km,123,218,-95
E01004470,20km to less than 30km,21,20,1
E01004470,2km to less than 5km,49,70,-21
E01004470,30km to less than 40km,4,4,0
E01004470,40km to less than 60km,2,0,2
E01004470,5km to less than 10km,79,126,-47
E01004470,60km and over,5,6,-1
E01004470,Less than 2km,46,77,-31
E01004470,"Works mainly at an offshore installation, in no fixed place, or outside the UK",146,108,38
E01004470,Works mainly from home,343,59,284
E01004471,10km to less than 20km,98,172,-74
E01004471,20km to less than 30km,24,22,2
E01004471,2km to less than 5km,67,84,-17
E01004471,30km to less than 40km,7,4,3
E01004471,40km to less than 60km,2,5,-3
E01004471,5km to less than 10km,84,161,-77
E01004471,60km and over,7,7,0
E01004471,Less than 2km,65,83,-18
E01004471,"Works mainly at an offshore installation, in no fixed place, or outside the UK",142,106,36
E01004471,Works mainly from home,331,49,282
E01004472,10km to less than 20km,28,140,-112
E01004472,20km to less than 30km,3,17,-14
E01004472,2km to less than 5km,80,125,-45
E01004472,30km to less than 40km,0,10,-10
E01004472,40km to less than 60km,1,5,-4
E01004472,5km to less than 10km,133,740,-607
E01004472,60km and over,4,14,-10
E01004472,Less than 2km,31,56,-25
E01004472,"Works mainly at an offshore installation, in no fixed place, or outside the UK",49,70,-21
E01004472,Works mainly from home,835,128,707
E01004473,10km to less than 20km,37,133,-96
E01004473,20km to less than 30km,4,12,-8
E01004473,2km to less than 5km,63,85,-22
E01004473,30km to less than 40km,3,10,-7
E01004473,40km to less than 60km,4,13,-9
E01004473,5km to less than 10km,155,665,-510
E01004473,60km and over,1,8,-7
E01004473,Less than 2km,36,61,-25
E01004473,"Works mainly at an offshore installation, in no fixed place, or outside the UK",57,77,-20
E01004473,Works mainly from home,804,76,728
E01004474,10km to less than 20km,61,154,-93
E01004474,20km to less than 30km,3,32,-29
E01004474,2km to less than 5km,94,133,-39
E01004474,30km to less than 40km,0,8,-8
E01004474,40km to less than 60km,1,10,-9
E01004474,5km to less than 10km,214,807,-593
E01004474,60km and over,2,14,-12
E01004474,Less than 2km,58,57,1
E01004474,"Works mainly at an offshore installation, in no fixed place, or outside the UK",66,90,-24
E01004474,Works mainly from home,986,89,897
E01004475,10km to less than 20km,22,106,-84
E01004475,20km to less than 30km,5,14,-9
E01004475,2km to less than 5km,58,71,-13
E01004475,30km to less than 40km,1,14,-13
E01004475,40km to less than 60km,2,21,-19
E01004475,5km to less than 10km,130,496,-366
E01004475,60km and over,4,11,-7
E01004475,Less than 2km,21,57,-36
E01004475,"Works mainly at an offshore installation, in no fixed place, or outside the UK",55,75,-20
E01004475,Works mainly from home,637,82,555
E01004476,10km to less than 20km,53,122,-69
E01004476,20km to less than 30km,5,7,-2
E01004476,2km to less than 5km,84,102,-18
E01004476,30km to less than 40km,3,6,-3
E01004476,40km to less than 60km,1,5,-4
E01004476,5km to less than 10km,159,525,-366
E01004476,60km and over,2,9,-7
E01004476,Less than 2km,43,42,1
E01004476,"Works mainly at an offshore installation, in no fixed place, or outside the UK",61,61,0
E01004476,Works mainly from home,835,77,758
E01004477,10km to less than 20km,36,85,-49
E01004477,20km to less than 30km,3,6,-3
E01004477,2km to less than 5km,51,75,-24
E01004477,30km to less than 40km,0,2,-2
E01004477,40km to less than 60km,2,6,-4
E01004477,5km to less than 10km,83,499,-416
E01004477,60km and over,5,8,-3
E01004477,Less than 2km,27,47,-20
E01004477,"Works mainly at an offshore installation, in no fixed place, or outside the UK",43,54,-11
E01004477,Works mainly from home,614,118,496
E01004478,10km to less than 20km,27,83,-56
E01004478,20km to less than 30km,1,11,-10
E01004478,2km to less than 5km,41,75,-34
E01004478,30km to less than 40km,0,7,-7
E01004478,40km to less than 60km,2,6,-4
E01004478,5km to less than 10km,92,449,-357
E01004478,60km and over,3,6,-3
E01004478,Less than 2km,37,56,-19
E01004478,"Works mainly at an offshore installation, in no fixed place, or outside the UK",38,35,3
E01004478,Works mainly from home,557,85,472
E01004479,10km to less than 20km,26,70,-44
E01004479,20km to less than 30km,3,8,-5
E01004479,2km to less than 5km,53,73,-20
E01004479,30km to less than 40km,3,2,1
E01004479,40km to less than 60km,1,4,-3
E01004479,5km to less than 10km,108,475,-367
E01004479,60km and over,2,6,-4
E01004479,Less than 2km,40,56,-16
E01004479,"Works mainly at an offshore installation, in no fixed place, or outside the UK",45,62,-17
E01004479,Works mainly from home,588,114,474
E01004480,10km to less than 20km,28,120,-92
E01004480,20km to less than 30km,5,17,-12
E01004480,2km to less than 5km,53,98,-45
E01004480,30km to less than 40km,3,12,-9
E01004480,40km to less than 60km,2,10,-8
E01004480,5km to less than 10km,182,740,-558
E01004480,60km and over,10,10,0
E01004480,Less than 2km,31,55,-24
E01004480,"Works mainly at an offshore installation, in no fixed place, or outside the UK",49,63,-14
E01004480,Works mainly from home,867,76,791
E01004481,10km to less than 20km,60,297,-237
E01004481,20km to less than 30km,7,21,-14
E01004481,2km to less than 5km,75,102,-27
E01004481,30km to less than 40km,0,4,-4
E01004481,40km to less than 60km,2,8,-6
E01004481,5km to less than 10km,168,502,-334
E01004481,60km and over,5,4,1
E01004481,Less than 2km,51,75,-24
E01004481,"Works mainly at an offshore installation, in no fixed place, or outside the UK",91,78,13
E01004481,Works mainly from home,704,70,634
E01004482,10km to less than 20km,67,211,-144
E01004482,20km to less than 30km,2,13,-11
E01004482,2km to less than 5km,53,93,-40
E01004482,30km to less than 40km,3,7,-4
E01004482,40km to less than 60km,1,5,-4
E01004482,5km to less than 10km,116,347,-231
E01004482,60km and over,0,4,-4
E01004482,Less than 2km,69,79,-10
E01004482,"Works mainly at an offshore installation, in no fixed place, or outside the UK",84,90,-6
E01004482,Works mainly from home,603,77,526
E01004483,10km to less than 20km,114,435,-321
E01004483,20km to less than 30km,12,19,-7
E01004483,2km to less than 5km,90,113,-23
E01004483,30km to less than 40km,6,18,-12
E01004483,40km to less than 60km,3,10,-7
E01004483,5km to less than 10km,163,554,-391
E01004483,60km and over,5,19,-14
E01004483,Less than 2km,90,95,-5
E01004483,"Works mainly at an offshore installation, in no fixed place, or outside the UK",84,114,-30
E01004483,Works mainly from home,849,84,765
E01004484,10km to less than 20km,49,136,-87
E01004484,20km to less than 30km,5,16,-11
E01004484,2km to less than 5km,62,116,-54
E01004484,30km to less than 40km,5,8,-3
E01004484,40km to less than 60km,2,7,-5
E01004484,5km to less than 10km,130,545,-415
E01004484,60km and over,2,9,-7
E01004484,Less than 2km,28,55,-27
E01004484,"Works mainly at an offshore installation, in no fixed place, or outside the UK",58,53,5
E01004484,Works mainly from home,662,81,581
E01004485,10km to less than 20km,45,169,-124
E01004485,20km to less than 30km,6,16,-10
E01004485,2km to less than 5km,71,92,-21
E01004485,30km to less than 40km,3,8,-5
E01004485,40km to less than 60km,1,8,-7
E01004485,5km to less than 10km,142,491,-349
E01004485,60km and over,3,11,-8
E01004485,Less than 2km,55,53,2
E01004485,"Works mainly at an offshore installation, in no fixed place, or outside the UK",71,89,-18
E01004485,Works mainly from home,721,81,640
E01004486,10km to less than 20km,47,164,-117
E01004486,20km to less than 30km,5,25,-20
E01004486,2km to less than 5km,55,68,-13
E01004486,30km to less than 40km,3,10,-7
E01004486,40km to less than 60km,5,5,0
E01004486,5km to less than 10km,121,522,-401
E01004486,60km and over,4,9,-5
E01004486,Less than 2km,32,54,-22
E01004486,"Works mainly at an offshore installation, in no fixed place, or outside the UK",74,59,15
E01004486,Works mainly from home,649,79,570
E01004487,10km to less than 20km,47,144,-97
E01004487,20km to less than 30km,4,20,-16
E01004487,2km to less than 5km,71,97,-26
E01004487,30km to less than 40km,1,9,-8
E01004487,40km to less than 60km,1,3,-2
E01004487,5km to less than 10km,135,483,-348
E01004487,60km and over,3,9,-6
E01004487,Less than 2km,38,47,-9
E01004487,"Works mainly at an offshore installation, in no fixed place, or outside the UK",67,45,22
E01004487,Works mainly from home,580,77,503
E01004488,10km to less than 20km,25,159,-134
E01004488,20km to less than 30km,4,12,-8
E01004488,2km to less than 5km,43,78,-35
E01004488,30km to less than 40km,1,4,-3
E01004488,40km to less than 60km,1,4,-3
E01004488,5km to less than 10km,101,360,-259
E01004488,60km and over,1,13,-12
E01004488,Less than 2km,31,64,-33
E01004488,"Works mainly at an offshore installation, in no fixed place, or outside the UK",47,44,3
E01004488,Works mainly from home,495,92,403
E01004489,10km to less than 20km,48,164,-116
E01004489,20km to less than 30km,2,12,-10
E01004489,2km to less than 5km,45,61,-16
E01004489,30km to less than 40km,1,8,-7
E01004489,40km to less than 60km,2,5,-3
E01004489,5km to less than 10km,81,373,-292
E01004489,60km and over,2,6,-4
E01004489,Less than 2km,38,62,-24
E01004489,"Works mainly at an offshore installation, in no fixed place, or outside the UK",56,64,-8
E01004489,Works mainly from home,465,75,390
E01004490,10km to less than 20km,51,322,-271
E01004490,20km to less than 30km,5,22,-17
E01004490,2km to less than 5km,58,109,-51
E01004490,30km to less than 40km,2,5,-3
E01004490,40km to less than 60km,1,4,-3
E01004490,5km to less than 10km,103,300,-197
E01004490,60km and over,3,9,-6
E01004490,Less than 2km,44,60,-16
E01004490,"Works mainly at an offshore installation, in no fixed place, or outside the UK",51,71,-20
E01004490,Works mainly from home,660,75,585
E01004491,10km to less than 20km,88,180,-92
E01004491,20km to less than 30km,14,13,1
E01004491,2km to less than 5km,99,145,-46
E01004491,30km to less than 40km,3,6,-3
E01004491,40km to less than 60km,4,5,-1
E01004491,5km to less than 10km,172,259,-87
E01004491,60km and over,14,8,6
E01004491,Less than 2km,456,403,53
E01004491,"Works mainly at an offshore installation, in no fixed place, or outside the UK",115,68,47
E01004491,Works mainly from home,498,64,434
E01004492,10km to less than 20km,75,302,-227
E01004492,20km to less than 30km,9,24,-15
E01004492,2km to less than 5km,81,140,-59
E01004492,30km to less than 40km,2,9,-7
E01004492,40km to less than 60km,1,3,-2
E01004492,5km to less than 10km,110,330,-220
E01004492,60km and over,5,12,-7
E01004492,Less than 2km,68,83,-15
E01004492,"Works mainly at an offshore installation, in no fixed place, or outside the UK",85,79,6
E01004492,Works mainly from home,594,94,500
E01004493,10km to less than 20km,47,226,-179
E01004493,20km to less than 30km,10,15,-5
E01004493,2km to less than 5km,129,158,-29
E01004493,30km to less than 40km,3,18,-15
E01004493,40km to less than 60km,3,6,-3
E01004493,5km to less than 10km,146,452,-306
E01004493,60km and over,7,10,-3
E01004493,Less than 2km,74,90,-16
E01004493,"Works mainly at an offshore installation, in no fixed place, or outside the UK",85,91,-6
E01004493,Works mainly from home,720,108,612
E01004494,10km to less than 20km,49,173,-124
E01004494,20km to less than 30km,6,29,-23
E01004494,2km to less than 5km,117,149,-32
E01004494,30km to less than 40km,4,16,-12
E01004494,40km to less than 60km,2,6,-4
E01004494,5km to less than 10km,154,406,-252
E01004494,60km and over,5,12,-7
E01004494,Less than 2km,79,82,-3
E01004494,"Works mainly at an offshore installation, in no fixed place, or outside the UK",82,82,0
E01004494,Works mainly from home,616,89,527
E01004495,10km to less than 20km,61,153,-92
E01004495,20km to less than 30km,7,12,-5
E01004495,2km to less than 5km,98,126,-28
E01004495,30km to less than 40km,0,6,-6
E01004495,40km to less than 60km,0,3,-3
E01004495,5km to less than 10km,111,271,-160
E01004495,60km and over,7,9,-2
E01004495,Less than 2km,69,83,-14
E01004495,"Works mainly at an offshore installation, in no fixed place, or outside the UK",104,61,43
E01004495,Works mainly from home,361,56,305
E01004496,10km to less than 20km,59,391,-332
E01004496,20km to less than 30km,4,34,-30
E01004496,2km to less than 5km,89,165,-76
E01004496,30km to less than 40km,11,14,-3
E01004496,40km to less than 60km,4,13,-9
E01004496,5km to less than 10km,186,558,-372
E01004496,60km and over,7,12,-5
E01004496,Less than 2km,40,74,-34
E01004496,"Works mainly at an offshore installation, in no fixed place, or outside the UK",59,102,-43
E01004496,Works mainly from home,915,105,810
E01004497,10km to less than 20km,34,188,-154
E01004497,20km to less than 30km,3,15,-12
E01004497,2km to less than 5km,60,105,-45
E01004497,30km to less than 40km,2,12,-10
E01004497,40km to less than 60km,1,5,-4
E01004497,5km to less than 10km,87,248,-161
E01004497,60km and over,2,3,-1
E01004497,Less than 2km,50,70,-20
E01004497,"Works mainly at an offshore installation, in no fixed place, or outside the UK",53,46,7
E01004497,Works mainly from home,481,84,397
E01004498,10km to less than 20km,68,395,-327
E01004498,20km to less than 30km,8,23,-15
E01004498,2km to less than 5km,62,105,-43
E01004498,30km to less than 40km,1,14,-13
E01004498,40km to less than 60km,0,15,-15
E01004498,5km to less than 10km,119,425,-306
E01004498,60km and over,1,18,-17
E01004498,Less than 2km,26,62,-36
E01004498,"Works mainly at an offshore installation, in no fixed place, or outside the UK",54,65,-11
E01004498,Works mainly from home,802,96,706
E01004499,10km to less than 20km,43,230,-187
E01004499,20km to less than 30km,8,20,-12
E01004499,2km to less than 5km,86,112,-26
E01004499,30km to less than 40km,2,10,-8
E01004499,40km to less than 60km,4,3,1
E01004499,5km to less than 10km,110,440,-330
E01004499,60km and over,5,21,-16
E01004499,Less than 2km,61,68,-7
E01004499,"Works mainly at an offshore installation, in no fixed place, or outside the UK",69,61,8
E01004499,Works mainly from home,656,85,571
E01004500,10km to less than 20km,75,278,-203
E01004500,20km to less than 30km,6,20,-14
E01004500,2km to less than 5km,112,111,1
E01004500,30km to less than 40km,2,13,-11
E01004500,40km to less than 60km,1,7,-6
E01004500,5km to less than 10km,181,412,-231
E01004500,60km and over,2,11,-9
E01004500,Less than 2km,73,85,-12
E01004500,"Works mainly at an offshore installation, in no fixed place, or outside the UK",91,53,38
E01004500,Works mainly from home,757,75,682
E01004501,10km to less than 20km,50,204,-154
E01004501,20km to less than 30km,4,22,-18
E01004501,2km to less than 5km,84,120,-36
E01004501,30km to less than 40km,4,5,-1
E01004501,40km to less than 60km,4,6,-2
E01004501,5km to less than 10km,124,317,-193
E01004501,60km and over,4,13,-9
E01004501,Less than 2km,61,69,-8
E01004501,"Works mainly at an offshore installation, in no fixed place, or outside the UK",86,82,4
E01004501,Works mainly from home,403,89,314
E01004502,10km to less than 20km,40,185,-145
E01004502,20km to less than 30km,4,32,-28
E01004502,2km to less than 5km,80,124,-44
E01004502,30km to less than 40km,5,17,-12
E01004502,40km to less than 60km,2,8,-6
E01004502,5km to less than 10km,100,367,-267
E01004502,60km and over,3,11,-8
E01004502,Less than 2km,49,79,-30
E01004502,"Works mainly at an offshore installation, in no fixed place, or outside the UK",50,61,-11
E01004502,Works mainly from home,661,128,533
E01004503,10km to less than 20km,51,225,-174
E01004503,20km to less than 30km,1,15,-14
E01004503,2km to less than 5km,77,121,-44
E01004503,30km to less than 40km,4,7,-3
E01004503,40km to less than 60km,1,8,-7
E01004503,5km to less than 10km,137,374,-237
E01004503,60km and over,8,15,-7
E01004503,Less than 2km,69,82,-13
E01004503,"Works mainly at an offshore installation, in no fixed place, or outside the UK",69,74,-5
E01004503,Works mainly from home,613,79,534
E01004504,10km to less than 20km,42,128,-86
E01004504,20km to less than 30km,3,22,-19
E01004504,2km to less than 5km,69,110,-41
E01004504,30km to less than 40km,4,9,-5
E01004504,40km to less than 60km,0,8,-8
E01004504,5km to less than 10km,117,296,-179
E01004504,60km and over,7,10,-3
E01004504,Less than 2km,51,85,-34
E01004504,"Works mainly at an offshore installation, in no fixed place, or outside the UK",77,59,18
E01004504,Works mainly from home,462,116,346
E01004505,10km to less than 20km,53,266,-213
E01004505,20km to less than 30km,9,24,-15
E01004505,2km to less than 5km,76,116,-40
E01004505,30km to less than 40km,1,13,-12
E01004505,40km to less than 60km,2,4,-2
E01004505,5km to less than 10km,115,344,-229
E01004505,60km and over,1,12,-11
E01004505,Less than 2km,59,80,-21
E01004505,"Works mainly at an offshore installation, in no fixed place, or outside the UK",61,66,-5
E01004505,Works mainly from home,576,110,466
E01004506,10km to less than 20km,87,353,-266
E01004506,20km to less than 30km,15,36,-21
E01004506,2km to less than 5km,97,133,-36
E01004506,30km to less than 40km,1,8,-7
E01004506,40km to less than 60km,2,13,-11
E01004506,5km to less than 10km,166,475,-309
E01004506,60km and over,3,13,-10
E01004506,Less than 2km,65,75,-10
E01004506,"Works mainly at an offshore installation, in no fixed place, or outside the UK",67,75,-8
E01004506,Works mainly from home,997,109,888
E01004507,10km to less than 20km,71,268,-197
E01004507,20km to less than 30km,6,33,-27
E01004507,2km to less than 5km,160,144,16
E01004507,30km to less than 40km,7,18,-11
E01004507,40km to less than 60km,1,9,-8
E01004507,5km to less than 10km,228,524,-296
E01004507,60km and over,2,11,-9
E01004507,Less than 2km,76,74,2
E01004507,"Works mainly at an offshore installation, in no fixed place, or outside the UK",74,86,-12
E01004507,Works mainly from home,1110,115,995
E01004508,10km to less than 20km,49,143,-94
E01004508,20km to less than 30km,15,37,-22
E01004508,2km to less than 5km,115,196,-81
E01004508,30km to less than 40km,9,17,-8
E01004508,40km to less than 60km,3,14,-11
E01004508,5km to less than 10km,149,722,-573
E01004508,60km and over,9,16,-7
E01004508,Less than 2km,64,85,-21
E01004508,"Works mainly at an offshore installation, in no fixed place, or outside the UK",81,89,-8
E01004508,Works mainly from home,953,113,840
E01004510,10km to less than 20km,45,197,-152
E01004510,20km to less than 30km,11,22,-11
E01004510,2km to less than 5km,110,191,-81
E01004510,30km to less than 40km,2,24,-22
E01004510,40km to less than 60km,3,18,-15
E01004510,5km to less than 10km,135,649,-514
E01004510,60km and over,10,15,-5
E01004510,Less than 2km,70,101,-31
E01004510,"Works mainly at an offshore installation, in no fixed place, or outside the UK",88,82,6
E01004510,Works mainly from home,758,127,631
E01004511,10km to less than 20km,48,181,-133
E01004511,20km to less than 30km,8,31,-23
E01004511,2km to less than 5km,78,143,-65
E01004511,30km to less than 40km,4,10,-6
E01004511,40km to less than 60km,0,14,-14
E01004511,5km to less than 10km,132,529,-397
E01004511,60km and over,3,10,-7
E01004511,Less than 2km,55,93,-38
E01004511,"Works mainly at an offshore installation, in no fixed place, or outside the UK",67,103,-36
E01004511,Works mainly from home,681,108,573
E01004512,10km to less than 20km,18,103,-85
E01004512,20km to less than 30km,6,21,-15
E01004512,2km to less than 5km,68,112,-44
E01004512,30km to less than 40km,2,9,-7
E01004512,40km to less than 60km,3,4,-1
E01004512,5km to less than 10km,80,369,-289
E01004512,60km and over,2,8,-6
E01004512,Less than 2km,36,67,-31
E01004512,"Works mainly at an offshore installation, in no fixed place, or outside the UK",72,58,14
E01004512,Works mainly from home,555,109,446
E01004513,10km to less than 20km,52,126,-74
E01004513,20km to less than 30km,8,21,-13
E01004513,2km to less than 5km,119,173,-54
E01004513,30km to less than 40km,5,14,-9
E01004513,40km to less than 60km,1,4,-3
E01004513,5km to less than 10km,170,443,-273
E01004513,60km and over,7,9,-2
E01004513,Less than 2km,98,122,-24
E01004513,"Works mainly at an offshore installation, in no fixed place, or outside the UK",124,109,15
E01004513,Works mainly from home,596,86,510
E01004514,10km to less than 20km,44,142,-98
E01004514,20km to less than 30km,4,19,-15
E01004514,2km to less than 5km,102,164,-62
E01004514,30km to less than 40km,4,13,-9
E01004514,40km to less than 60km,1,10,-9
E01004514,5km to less than 10km,153,559,-406
E01004514,60km and over,6,9,-3
E01004514,Less than 2km,63,94,-31
E01004514,"Works mainly at an offshore installation, in no fixed place, or outside the UK",62,65,-3
E01004514,Works mainly from home,732,110,622
E01004515,10km to less than 20km,43,110,-67
E01004515,20km to less than 30km,19,39,-20
E01004515,2km to less than 5km,122,197,-75
E01004515,30km to less than 40km,5,12,-7
E01004515,40km to less than 60km,2,14,-12
E01004515,5km to less than 10km,152,520,-368
E01004515,60km and over,13,15,-2
E01004515,Less than 2km,73,83,-10
E01004515,"Works mainly at an offshore installation, in no fixed place, or outside the UK",90,66,24
E01004515,Works mainly from home,637,81,556
E01004516,10km to less than 20km,44,200,-156
E01004516,20km to less than 30km,7,11,-4
E01004516,2km to less than 5km,77,122,-45
E01004516,30km to less than 40km,0,3,-3
E01004516,40km to less than 60km,2,4,-2
E01004516,5km to less than 10km,74,210,-136
E01004516,60km and over,18,7,11
E01004516,Less than 2km,59,91,-32
E01004516,"Works mainly at an offshore installation, in no fixed place, or outside the UK",95,88,7
E01004516,Works mainly from home,400,100,300
E01004517,10km to less than 20km,153,273,-120
E01004517,20km to less than 30km,9,20,-11
E01004517,2km to less than 5km,125,115,10
E01004517,30km to less than 40km,3,8,-5
E01004517,40km to less than 60km,0,4,-4
E01004517,5km to less than 10km,178,298,-120
E01004517,60km and over,10,14,-4
E01004517,Less than 2km,59,75,-16
E01004517,"Works mainly at an offshore installation, in no fixed place, or outside the UK",199,154,45
E01004517,Works mainly from home,596,99,497
E01004518,10km to less than 20km,75,247,-172
E01004518,20km to less than 30km,6,8,-2
E01004518,2km to less than 5km,101,125,-24
E01004518,30km to less than 40km,0,5,-5
E01004518,40km to less than 60km,3,3,0
E01004518,5km to less than 10km,92,201,-109
E01004518,60km and over,7,6,1
E01004518,Less than 2km,41,72,-31
E01004518,"Works mainly at an offshore installation, in no fixed place, or outside the UK",100,115,-15
E01004518,Works mainly from home,492,113,379
E01004519,10km to less than 20km,75,209,-134
E01004519,20km to less than 30km,8,14,-6
E01004519,2km to less than 5km,94,132,-38
E01004519,30km to less than 40km,2,3,-1
E01004519,40km to less than 60km,0,6,-6
E01004519,5km to less than 10km,89,166,-77
E01004519,60km and over,4,13,-9
E01004519,Less than 2km,95,105,-10
E01004519,"Works mainly at an offshore installation, in no fixed place, or outside the UK",126,119,7
E01004519,Works mainly from home,397,85,312
E01004520,10km to less than 20km,61,150,-89
E01004520,20km to less than 30km,9,10,-1
E01004520,2km to less than 5km,69,100,-31
E01004520,30km to less than 40km,3,2,1
E01004520,40km to less than 60km,0,3,-3
E01004520,5km to less than 10km,71,141,-70
E01004520,60km and over,2,8,-6
E01004520,Less than 2km,70,80,-10
E01004520,"Works mainly at an offshore installation, in no fixed place, or outside the UK",79,66,13
E01004520,Works mainly from home,305,55,250
E01004521,10km to less than 20km,124,293,-169
E01004521,20km to less than 30km,9,21,-12
E01004521,2km to less than 5km,108,144,-36
E01004521,30km to less than 40km,2,8,-6
E01004521,40km to less than 60km,4,7,-3
E01004521,5km to less than 10km,135,247,-112
E01004521,60km and over,6,4,2
E01004521,Less than 2km,39,67,-28
E01004521,"Works mainly at an offshore installation, in no fixed place, or outside the UK",138,107,31
E01004521,Works mainly from home,521,94,427
E01004522,10km to less than 20km,98,244,-146
E01004522,20km to less than 30km,5,18,-13
E01004522,2km to less than 5km,95,113,-18
E01004522,30km to less than 40km,5,2,3
E01004522,40km to less than 60km,2,7,-5
E01004522,5km to less than 10km,103,200,-97
E01004522,60km and over,11,7,4
E01004522,Less than 2km,46,49,-3
E01004522,"Works mainly at an offshore installation, in no fixed place, or outside the UK",177,126,51
E01004522,Works mainly from home,395,67,328
E01004523,10km to less than 20km,53,183,-130
E01004523,20km to less than 30km,0,11,-11
E01004523,2km to less than 5km,101,128,-27
E01004523,30km to less than 40km,2,5,-3
E01004523,40km to less than 60km,5,6,-1
E01004523,5km to less than 10km,94,218,-124
E01004523,60km and over,5,9,-4
E01004523,Less than 2km,35,67,-32
E01004523,"Works mainly at an offshore installation, in no fixed place, or outside the UK",96,94,2
E01004523,Works mainly from home,432,87,345
E01004524,10km to less than 20km,79,129,-50
E01004524,20km to less than 30km,8,11,-3
E01004524,2km to less than 5km,112,113,-1
E01004524,30km to less than 40km,2,2,0
E01004524,40km to less than 60km,11,5,6
E01004524,5km to less than 10km,122,192,-70
E01004524,60km and over,13,7,6
E01004524,Less than 2km,48,59,-11
E01004524,"Works mainly at an offshore installation, in no fixed place, or outside the UK",153,118,35
E01004524,Works mainly from home,253,53,200
E01004525,10km to less than 20km,105,272,-167
E01004525,20km to less than 30km,9,17,-8
E01004525,2km to less than 5km,88,110,-22
E01004525,30km to less than 40km,1,8,-7
E01004525,40km to less than 60km,2,9,-7
E01004525,5km to less than 10km,156,247,-91
E01004525,60km and over,2,5,-3
E01004525,Less than 2km,105,114,-9
E01004525,"Works mainly at an offshore installation, in no fixed place, or outside the UK",123,135,-12
E01004525,Works mainly from home,542,88,454
E01004526,10km to less than 20km,77,295,-218
E01004526,20km to less than 30km,11,15,-4
E01004526,2km to less than 5km,57,121,-64
E01004526,30km to less than 40km,2,2,0
E01004526,40km to less than 60km,5,6,-1
E01004526,5km to less than 10km,119,206,-87
E01004526,60km and over,1,10,-9
E01004526,Less than 2km,92,122,-30
E01004526,"Works mainly at an offshore installation, in no fixed place, or outside the UK",131,92,39
E01004526,Works mainly from home,548,61,487
E01004527,10km to less than 20km,79,243,-164
E01004527,20km to less than 30km,10,10,0
E01004527,2km to less than 5km,62,106,-44
E01004527,30km to less than 40km,5,2,3
E01004527,40km to less than 60km,3,6,-3
E01004527,5km to less than 10km,91,196,-105
E01004527,60km and over,3,4,-1
E01004527,Less than 2km,88,116,-28
E01004527,"Works mainly at an offshore installation, in no fixed place, or outside the UK",97,115,-18
E01004527,Works mainly from home,484,56,428
E01004528,10km to less than 20km,63,182,-119
E01004528,20km to less than 30km,8,12,-4
E01004528,2km to less than 5km,71,97,-26
E01004528,30km to less than 40km,2,4,-2
E01004528,40km to less than 60km,1,4,-3
E01004528,5km to less than 10km,108,166,-58
E01004528,60km and over,2,7,-5
E01004528,Less than 2km,86,95,-9
E01004528,"Works mainly at an offshore installation, in no fixed place, or outside the UK",117,92,25
E01004528,Works mainly from home,346,72,274
E01004529,10km to less than 20km,140,443,-303
E01004529,20km to less than 30km,6,23,-17
E01004529,2km to less than 5km,90,145,-55
E01004529,30km to less than 40km,5,8,-3
E01004529,40km to less than 60km,6,4,2
E01004529,5km to less than 10km,121,280,-159
E01004529,60km and over,4,19,-15
E01004529,Less than 2km,117,129,-12
E01004529,"Works mainly at an offshore installation, in no fixed place, or outside the UK",139,136,3
E01004529,Works mainly from home,705,85,620
E01004530,10km to less than 20km,106,371,-265
E01004530,20km to less than 30km,2,21,-19
E01004530,2km to less than 5km,61,122,-61
E01004530,30km to less than 40km,3,8,-5
E01004530,40km to less than 60km,3,5,-2
E01004530,5km to less than 10km,113,197,-84
E01004530,60km and over,2,16,-14
E01004530,Less than 2km,74,110,-36
E01004530,"Works mainly at an offshore installation, in no fixed place, or outside the UK",123,122,1
E01004530,Works mainly from home,581,90,491
E01004531,10km to less than 20km,60,202,-142
E01004531,20km to less than 30km,4,10,-6
E01004531,2km to less than 5km,73,123,-50
E01004531,30km to less than 40km,2,2,0
E01004531,40km to less than 60km,1,5,-4
E01004531,5km to less than 10km,94,221,-127
E01004531,60km and over,5,11,-6
E01004531,Less than 2km,83,115,-32
E01004531,"Works mainly at an offshore installation, in no fixed place, or outside the UK",89,74,15
E01004531,Works mainly from home,511,64,447
E01004532,10km to less than 20km,55,243,-188
E01004532,20km to less than 30km,3,13,-10
E01004532,2km to less than 5km,53,96,-43
E01004532,30km to less than 40km,3,2,1
E01004532,40km to less than 60km,3,6,-3
E01004532,5km to less than 10km,100,277,-177
E01004532,60km and over,2,6,-4
E01004532,Less than 2km,50,63,-13
E01004532,"Works mainly at an offshore installation, in no fixed place, or outside the UK",52,69,-17
E01004532,Works mainly from home,519,69,450
E01004533,10km to less than 20km,67,180,-113
E01004533,20km to less than 30km,6,16,-10
E01004533,2km to less than 5km,55,92,-37
E01004533,30km to less than 40km,1,5,-4
E01004533,40km to less than 60km,1,7,-6
E01004533,5km to less than 10km,87,191,-104
E01004533,60km and over,2,4,-2
E01004533,Less than 2km,86,81,5
E01004533,"Works mainly at an offshore installation, in no fixed place, or outside the UK",74,61,13
E01004533,Works mainly from home,435,57,378
E01004534,10km to less than 20km,45,97,-52
E01004534,20km to less than 30km,7,32,-25
E01004534,2km to less than 5km,117,276,-159
E01004534,30km to less than 40km,3,16,-13
E01004534,40km to less than 60km,2,17,-15
E01004534,5km to less than 10km,122,526,-404
E01004534,60km and over,10,16,-6
E01004534,Less than 2km,67,107,-40
E01004534,"Works mainly at an offshore installation, in no fixed place, or outside the UK",82,93,-11
E01004534,Works mainly from home,816,129,687
E01004535,10km to less than 20km,39,72,-33
E01004535,20km to less than 30km,4,11,-7
E01004535,2km to less than 5km,137,159,-22
E01004535,30km to less than 40km,6,2,4
E01004535,40km to less than 60km,2,5,-3
E01004535,5km to less than 10km,129,208,-79
E01004535,60km and over,9,6,3
E01004535,Less than 2km,99,116,-17
E01004535,"Works mainly at an offshore installation, in no fixed place, or outside the UK",125,69,56
E01004535,Works mainly from home,147,48,99
E01004536,10km to less than 20km,63,125,-62
E01004536,20km to less than 30km,9,45,-36
E01004536,2km to less than 5km,186,247,-61
E01004536,30km to less than 40km,3,21,-18
E01004536,40km to less than 60km,1,17,-16
E01004536,5km to less than 10km,170,471,-301
E01004536,60km and over,18,14,4
E01004536,Less than 2km,91,108,-17
E01004536,"Works mainly at an offshore installation, in no fixed place, or outside the UK",143,101,42
E01004536,Works mainly from home,532,91,441
E01004537,10km to less than 20km,35,85,-50
E01004537,20km to less than 30km,11,19,-8
E01004537,2km to less than 5km,206,227,-21
E01004537,30km to less than 40km,3,15,-12
E01004537,40km to less than 60km,2,5,-3
E01004537,5km to less than 10km,173,267,-94
E01004537,60km and over,8,7,1
E01004537,Less than 2km,87,134,-47
E01004537,"Works mainly at an offshore installation, in no fixed place, or outside the UK",133,73,60
E01004537,Works mainly from home,467,58,409
E01004538,10km to less than 20km,56,100,-44
E01004538,20km to less than 30km,10,14,-4
E01004538,2km to less than 5km,199,231,-32
E01004538,30km to less than 40km,3,15,-12
E01004538,40km to less than 60km,1,12,-11
E01004538,5km to less than 10km,208,372,-164
E01004538,60km and over,7,13,-6
E01004538,Less than 2km,87,144,-57
E01004538,"Works mainly at an offshore installation, in no fixed place, or outside the UK",144,111,33
E01004538,Works mainly from home,661,58,603
E01004539,10km to less than 20km,62,66,-4
E01004539,20km to less than 30km,12,18,-6
E01004539,2km to less than 5km,222,291,-69
E01004539,30km to less than 40km,2,13,-11
E01004539,40km to less than 60km,3,4,-1
E01004539,5km to less than 10km,133,209,-76
E01004539,60km and over,5,7,-2
E01004539,Less than 2km,92,117,-25
E01004539,"Works mainly at an offshore installation, in no fixed place, or outside the UK",160,103,57
E01004539,Works mainly from home,286,61,225
E01004540,10km to less than 20km,39,90,-51
E01004540,20km to less than 30km,8,24,-16
E01004540,2km to less than 5km,209,360,-151
E01004540,30km to less than 40km,2,15,-13
E01004540,40km to less than 60km,0,6,-6
E01004540,5km to less than 10km,144,347,-203
E01004540,60km and over,5,9,-4
E01004540,Less than 2km,99,127,-28
E01004540,"Works mainly at an offshore installation, in no fixed place, or outside the UK",140,95,45
E01004540,Works mainly from home,686,106,580
E01004541,10km to less than 20km,32,62,-30
E01004541,20km to less than 30km,5,19,-14
E01004541,2km to less than 5km,137,187,-50
E01004541,30km to less than 40km,3,10,-7
E01004541,40km to less than 60km,3,3,0
E01004541,5km to less than 10km,92,208,-116
E01004541,60km and over,1,12,-11
E01004541,Less than 2km,74,102,-28
E01004541,"Works mainly at an offshore installation, in no fixed place, or outside the UK",108,65,43
E01004541,Works mainly from home,328,62,266
E01004542,10km to less than 20km,34,112,-78
E01004542,20km to less than 30km,9,16,-7
E01004542,2km to less than 5km,49,83,-34
E01004542,30km to less than 40km,1,8,-7
E01004542,40km to less than 60km,4,4,0
E01004542,5km to less than 10km,122,516,-394
E01004542,60km and over,6,12,-6
E01004542,Less than 2km,31,51,-20
E01004542,"Works mainly at an offshore installation, in no fixed place, or outside the UK",41,50,-9
E01004542,Works mainly from home,648,125,523
E01004543,10km to less than 20km,47,143,-96
E01004543,20km to less than 30km,3,21,-18
E01004543,2km to less than 5km,49,92,-43
E01004543,30km to less than 40km,1,13,-12
E01004543,40km to less than 60km,3,7,-4
E01004543,5km to less than 10km,159,555,-396
E01004543,60km and over,6,10,-4
E01004543,Less than 2km,38,65,-27
E01004543,"Works mainly at an offshore installation, in no fixed place, or outside the UK",56,55,1
E01004543,Works mainly from home,730,128,602
E01004544,10km to less than 20km,29,97,-68
E01004544,20km to less than 30km,5,12,-7
E01004544,2km to less than 5km,54,85,-31
E01004544,30km to less than 40km,1,4,-3
E01004544,40km to less than 60km,0,10,-10
E01004544,5km to less than 10km,122,497,-375
E01004544,60km and over,0,8,-8
E01004544,Less than 2km,38,49,-11
E01004544,"Works mainly at an offshore installation, in no fixed place, or outside the UK",32,38,-6
E01004544,Works mainly from home,604,102,502
E01004545,10km to less than 20km,56,177,-121
E01004545,20km to less than 30km,12,32,-20
E01004545,2km to less than 5km,85,100,-15
E01004545,30km to less than 40km,6,13,-7
E01004545,40km to less than 60km,3,9,-6
E01004545,5km to less than 10km,219,658,-439
E01004545,60km and over,6,6,0
E01004545,Less than 2km,29,60,-31
E01004545,"Works mainly at an offshore installation, in no fixed place, or outside the UK",83,79,4
E01004545,Works mainly from home,1034,86,948
E01004546,10km to less than 20km,37,164,-127
E01004546,20km to less than 30km,2,19,-17
E01004546,2km to less than 5km,39,67,-28
E01004546,30km to less than 40km,2,5,-3
E01004546,40km to less than 60km,0,9,-9
E01004546,5km to less than 10km,128,533,-405
E01004546,60km and over,4,15,-11
E01004546,Less than 2km,35,59,-24
E01004546,"Works mainly at an offshore installation, in no fixed place, or outside the UK",40,72,-32
E01004546,Works mainly from home,692,87,605
E01004547,10km to less than 20km,33,100,-67
E01004547,20km to less than 30km,1,11,-10
E01004547,2km to less than 5km,58,97,-39
E01004547,30km to less than 40km,2,4,-2
E01004547,40km to less than 60km,1,3,-2
E01004547,5km to less than 10km,127,313,-186
E01004547,60km and over,3,6,-3
E01004547,Less than 2km,34,56,-22
E01004547,"Works mainly at an offshore installation, in no fixed place, or outside the UK",70,59,11
E01004547,Works mainly from home,462,90,372
E01004548,10km to less than 20km,63,206,-143
E01004548,20km to less than 30km,8,24,-16
E01004548,2km to less than 5km,72,148,-76
E01004548,30km to less than 40km,1,9,-8
E01004548,40km to less than 60km,2,7,-5
E01004548,5km to less than 10km,186,645,-459
E01004548,60km and over,8,10,-2
E01004548,Less than 2km,83,86,-3
E01004548,"Works mainly at an offshore installation, in no fixed place, or outside the UK",106,94,12
E01004548,Works mainly from home,786,118,668
E01004549,10km to less than 20km,50,162,-112
E01004549,20km to less than 30km,3,9,-6
E01004549,2km to less than 5km,39,116,-77
E01004549,30km to less than 40km,0,4,-4
E01004549,40km to less than 60km,2,6,-4
E01004549,5km to less than 10km,118,393,-275
E01004549,60km and over,2,9,-7
E01004549,Less than 2km,50,73,-23
E01004549,"Works mainly at an offshore installation, in no fixed place, or outside the UK",68,84,-16
E01004549,Works mainly from home,612,83,529
E01004550,10km to less than 20km,25,73,-48
E01004550,20km to less than 30km,1,7,-6
E01004550,2km to less than 5km,55,85,-30
E01004550,30km to less than 40km,1,2,-1
E01004550,40km to less than 60km,0,0,0
E01004550,5km to less than 10km,77,379,-302
E01004550,60km and over,1,10,-9
E01004550,Less than 2km,19,42,-23
E01004550,"Works mainly at an offshore installation, in no fixed place, or outside the UK",45,60,-15
E01004550,Works mainly from home,445,97,348
E01004551,10km to less than 20km,33,132,-99
E01004551,20km to less than 30km,4,42,-38
E01004551,2km to less than 5km,116,192,-76
E01004551,30km to less than 40km,7,20,-13
E01004551,40km to less than 60km,1,11,-10
E01004551,5km to less than 10km,158,570,-412
E01004551,60km and over,9,24,-15
E01004551,Less than 2km,41,99,-58
E01004551,"Works mainly at an offshore installation, in no fixed place, or outside the UK",69,72,-3
E01004551,Works mainly from home,677,82,595
E01004552,10km to less than 20km,45,176,-131
E01004552,20km to less than 30km,21,40,-19
E01004552,2km to less than 5km,120,206,-86
E01004552,30km to less than 40km,4,21,-17
E01004552,40km to less than 60km,8,17,-9
E01004552,5km to less than 10km,184,830,-646
E01004552,60km and over,8,15,-7
E01004552,Less than 2km,47,73,-26
E01004552,"Works mainly at an offshore installation, in no fixed place, or outside the UK",77,98,-21
E01004552,Works mainly from home,1009,107,902
E01004553,10km to less than 20km,47,100,-53
E01004553,20km to less than 30km,4,33,-29
E01004553,2km to less than 5km,113,163,-50
E01004553,30km to less than 40km,3,13,-10
E01004553,40km to less than 60km,2,9,-7
E01004553,5km to less than 10km,147,555,-408
E01004553,60km and over,4,12,-8
E01004553,Less than 2km,46,77,-31
E01004553,"Works mainly at an offshore installation, in no fixed place, or outside the UK",71,72,-1
E01004553,Works mainly from home,759,100,659
E01004554,10km to less than 20km,28,115,-87
E01004554,20km to less than 30km,2,29,-27
E01004554,2km to less than 5km,59,146,-87
E01004554,30km to less than 40km,1,18,-17
E01004554,40km to less than 60km,3,11,-8
E01004554,5km to less than 10km,134,513,-379
E01004554,60km and over,3,12,-9
E01004554,Less than 2km,29,48,-19
E01004554,"Works mainly at an offshore installation, in no fixed place, or outside the UK",45,57,-12
E01004554,Works mainly from home,725,110,615
E01004555,10km to less than 20km,24,93,-69
E01004555,20km to less than 30km,6,13,-7
E01004555,2km to less than 5km,45,89,-44
E01004555,30km to less than 40km,4,11,-7
E01004555,40km to less than 60km,3,4,-1
E01004555,5km to less than 10km,117,430,-313
E01004555,60km and over,6,10,-4
E01004555,Less than 2km,33,43,-10
E01004555,"Works mainly at an offshore installation, in no fixed place, or outside the UK",38,63,-25
E01004555,Works mainly from home,647,130,517
E01004556,10km to less than 20km,27,87,-60
E01004556,20km to less than 30km,4,13,-9
E01004556,2km to less than 5km,36,123,-87
E01004556,30km to less than 40km,5,8,-3
E01004556,40km to less than 60km,2,5,-3
E01004556,5km to less than 10km,93,458,-365
E01004556,60km and over,1,11,-10
E01004556,Less than 2km,27,59,-32
E01004556,"Works mainly at an offshore installation, in no fixed place, or outside the UK",36,59,-23
E01004556,Works mainly from home,644,103,541
E01004557,10km to less than 20km,30,87,-57
E01004557,20km to less than 30km,4,11,-7
E01004557,2km to less than 5km,60,112,-52
E01004557,30km to less than 40km,0,8,-8
E01004557,40km to less than 60km,3,4,-1
E01004557,5km to less than 10km,106,477,-371
E01004557,60km and over,2,9,-7
E01004557,Less than 2km,61,57,4
E01004557,"Works mainly at an offshore installation, in no fixed place, or outside the UK",48,55,-7
E01004557,Works mainly from home,620,114,506
E01004558,10km to less than 20km,35,115,-80
E01004558,20km to less than 30km,3,18,-15
E01004558,2km to less than 5km,68,131,-63
E01004558,30km to less than 40km,4,11,-7
E01004558,40km to less than 60km,4,7,-3
E01004558,5km to less than 10km,97,493,-396
E01004558,60km and over,5,9,-4
E01004558,Less than 2km,44,64,-20
E01004558,"Works mainly at an offshore installation, in no fixed place, or outside the UK",57,49,8
E01004558,Works mainly from home,708,115,593
E01004559,10km to less than 20km,27,79,-52
E01004559,20km to less than 30km,7,12,-5
E01004559,2km to less than 5km,55,58,-3
E01004559,30km to less than 40km,4,5,-1
E01004559,40km to less than 60km,1,8,-7
E01004559,5km to less than 10km,106,375,-269
E01004559,60km and over,1,11,-10
E01004559,Less than 2km,37,42,-5
E01004559,"Works mainly at an offshore installation, in no fixed place, or outside the UK",39,40,-1
E01004559,Works mainly from home,480,111,369
E01004560,10km to less than 20km,37,77,-40
E01004560,20km to less than 30km,6,6,0
E01004560,2km to less than 5km,148,451,-303
E01004560,30km to less than 40km,4,14,-10
E01004560,40km to less than 60km,1,10,-9
E01004560,5km to less than 10km,128,365,-237
E01004560,60km and over,4,12,-8
E01004560,Less than 2km,84,119,-35
E01004560,"Works mainly at an offshore installation, in no fixed place, or outside the UK",98,96,2
E01004560,Works mainly from home,669,147,522
E01004563,10km to less than 20km,50,63,-13
E01004563,20km to less than 30km,9,10,-1
E01004563,2km to less than 5km,249,378,-129
E01004563,30km to less than 40km,2,5,-3
E01004563,40km to less than 60km,3,7,-4
E01004563,5km to less than 10km,129,246,-117
E01004563,60km and over,5,7,-2
E01004563,Less than 2km,94,105,-11
E01004563,"Works mainly at an offshore installation, in no fixed place, or outside the UK",181,127,54
E01004563,Works mainly from home,406,72,334
E01004564,10km to less than 20km,38,88,-50
E01004564,20km to less than 30km,3,19,-16
E01004564,2km to less than 5km,178,452,-274
E01004564,30km to less than 40km,2,18,-16
E01004564,40km to less than 60km,7,13,-6
E01004564,5km to less than 10km,150,494,-344
E01004564,60km and over,4,18,-14
E01004564,Less than 2km,63,100,-37
E01004564,"Works mainly at an offshore installation, in no fixed place, or outside the UK",79,125,-46
E01004564,Works mainly from home,708,92,616
E01004565,10km to less than 20km,34,86,-52
E01004565,20km to less than 30km,9,10,-1
E01004565,2km to less than 5km,123,283,-160
E01004565,30km to less than 40km,4,8,-4
E01004565,40km to less than 60km,3,9,-6
E01004565,5km to less than 10km,110,373,-263
E01004565,60km and over,8,8,0
E01004565,Less than 2km,49,55,-6
E01004565,"Works mainly at an offshore installation, in no fixed place, or outside the UK",77,61,16
E01004565,Works mainly from home,681,61,620
E01004566,10km to less than 20km,29,49,-20
E01004566,20km to less than 30km,9,14,-5
E01004566,2km to less than 5km,128,331,-203
E01004566,30km to less than 40km,3,8,-5
E01004566,40km to less than 60km,3,9,-6
E01004566,5km to less than 10km,100,326,-226
E01004566,60km and over,5,10,-5
E01004566,Less than 2km,42,73,-31
E01004566,"Works mainly at an offshore installation, in no fixed place, or outside the UK",89,79,10
E01004566,Works mainly from home,689,139,550
E01004567,10km to less than 20km,43,93,-50
E01004567,20km to less than 30km,11,12,-1
E01004567,2km to less than 5km,303,407,-104
E01004567,30km to less than 40km,5,7,-2
E01004567,40km to less than 60km,4,7,-3
E01004567,5km to less than 10km,148,287,-139
E01004567,60km and over,12,10,2
E01004567,Less than 2km,77,117,-40
E01004567,"Works mainly at an offshore installation, in no fixed place, or outside the UK",147,112,35
E01004567,Works mainly from home,404,62,342
E01004568,10km to less than 20km,52,99,-47
E01004568,20km to less than 30km,6,15,-9
E01004568,2km to less than 5km,88,102,-14
E01004568,30km to less than 40km,4,8,-4
E01004568,40km to less than 60km,3,9,-6
E01004568,5km to less than 10km,91,160,-69
E01004568,60km and over,11,28,-17
E01004568,Less than 2km,42,66,-24
E01004568,"Works mainly at an offshore installation, in no fixed place, or outside the UK",129,70,59
E01004568,Works mainly from home,93,43,50
E01004569,10km to less than 20km,98,189,-91
E01004569,20km to less than 30km,10,24,-14
E01004569,2km to less than 5km,139,195,-56
E01004569,30km to less than 40km,1,13,-12
E01004569,40km to less than 60km,1,10,-9
E01004569,5km to less than 10km,129,290,-161
E01004569,60km and over,10,25,-15
E01004569,Less than 2km,50,64,-14
E01004569,"Works mainly at an offshore installation, in no fixed place, or outside the UK",173,117,56
E01004569,Works mainly from home,325,115,210
E01004570,10km to less than 20km,76,140,-64
E01004570,20km to less than 30km,10,8,2
E01004570,2km to less than 5km,152,148,4
E01004570,30km to less than 40km,2,1,1
E01004570,40km to less than 60km,4,5,-1
E01004570,5km to less than 10km,160,250,-90
E01004570,60km and over,6,12,-6
E01004570,Less than 2km,67,67,0
E01004570,"Works mainly at an offshore installation, in no fixed place, or outside the UK",179,99,80
E01004570,Works mainly from home,175,65,110
E01004571,10km to less than 20km,65,149,-84
E01004571,20km to less than 30km,9,22,-13
E01004571,2km to less than 5km,150,195,-45
E01004571,30km to less than 40km,6,7,-1
E01004571,40km to less than 60km,3,6,-3
E01004571,5km to less than 10km,178,254,-76
E01004571,60km and over,4,16,-12
E01004571,Less than 2km,61,74,-13
E01004571,"Works mainly at an offshore installation, in no fixed place, or outside the UK",182,145,37
E01004571,Works mainly from home,231,67,164
E01004572,10km to less than 20km,73,136,-63
E01004572,20km to less than 30km,1,10,-9
E01004572,2km to less than 5km,119,133,-14
E01004572,30km to less than 40km,0,5,-5
E01004572,40km to less than 60km,3,4,-1
E01004572,5km to less than 10km,156,170,-14
E01004572,60km and over,8,18,-10
E01004572,Less than 2km,35,45,-10
E01004572,"Works mainly at an offshore installation, in no fixed place, or outside the UK",112,72,40
E01004572,Works mainly from home,299,92,207
E01004573,10km to less than 20km,79,173,-94
E01004573,20km to less than 30km,5,15,-10
E01004573,2km to less than 5km,152,147,5
E01004573,30km to less than 40km,3,3,0
E01004573,40km to less than 60km,4,2,2
E01004573,5km to less than 10km,134,205,-71
E01004573,60km and over,9,13,-4
E01004573,Less than 2km,57,41,16
E01004573,"Works mainly at an offshore installation, in no fixed place, or outside the UK",175,151,24
E01004573,Works mainly from home,264,56,208
E01004574,10km to less than 20km,53,93,-40
E01004574,20km to less than 30km,11,10,1
E01004574,2km to less than 5km,166,148,18
E01004574,30km to less than 40km,8,6,2
E01004574,40km to less than 60km,7,1,6
E01004574,5km to less than 10km,173,202,-29
E01004574,60km and over,6,12,-6
E01004574,Less than 2km,79,64,15
E01004574,"Works mainly at an offshore installation, in no fixed place, or outside the UK",163,98,65
E01004574,Works mainly from home,149,32,117
E01004575,10km to less than 20km,81,123,-42
E01004575,20km to less than 30km,6,7,-1
E01004575,2km to less than 5km,99,160,-61
E01004575,30km to less than 40km,3,11,-8
E01004575,40km to less than 60km,3,5,-2
E01004575,5km to less than 10km,127,212,-85
E01004575,60km and over,4,21,-17
E01004575,Less than 2km,76,83,-7
E01004575,"Works mainly at an offshore installation, in no fixed place, or outside the UK",98,108,-10
E01004575,Works mainly from home,214,56,158
E01004576,10km to less than 20km,52,149,-97
E01004576,20km to less than 30km,19,9,10
E01004576,2km to less than 5km,80,122,-42
E01004576,30km to less than 40km,2,5,-3
E01004576,40km to less than 60km,0,1,-1
E01004576,5km to less than 10km,111,149,-38
E01004576,60km and over,2,10,-8
E01004576,Less than 2km,55,66,-11
E01004576,"Works mainly at an offshore installation, in no fixed place, or outside the UK",140,97,43
E01004576,Works mainly from home,218,87,131
E01004577,10km to less than 20km,32,74,-42
E01004577,20km to less than 30km,3,18,-15
E01004577,2km to less than 5km,146,371,-225
E01004577,30km to less than 40km,5,14,-9
E01004577,40km to less than 60km,4,2,2
E01004577,5km to less than 10km,85,320,-235
E01004577,60km and over,8,11,-3
E01004577,Less than 2km,72,126,-54
E01004577,"Works mainly at an offshore installation, in no fixed place, or outside the UK",79,107,-28
E01004577,Works mainly from home,633,136,497
E01004579,10km to less than 20km,41,59,-18
E01004579,20km to less than 30km,2,11,-9
E01004579,2km to less than 5km,128,238,-110
E01004579,30km to less than 40km,15,9,6
E01004579,40km to less than 60km,0,4,-4
E01004579,5km to less than 10km,94,321,-227
E01004579,60km and over,11,12,-1
E01004579,Less than 2km,80,103,-23
E01004579,"Works mainly at an offshore installation, in no fixed place, or outside the UK",73,58,15
E01004579,Works mainly from home,630,128,502
E01004580,10km to less than 20km,43,96,-53
E01004580,20km to less than 30km,9,22,-13
E01004580,2km to less than 5km,192,355,-163
E01004580,30km to less than 40km,8,25,-17
E01004580,40km to less than 60km,2,10,-8
E01004580,5km to less than 10km,156,426,-270
E01004580,60km and over,6,13,-7
E01004580,Less than 2km,105,142,-37
E01004580,"Works mainly at an offshore installation, in no fixed place, or outside the UK",100,112,-12
E01004580,Works mainly from home,671,109,562
E01004581,10km to less than 20km,43,67,-24
E01004581,20km to less than 30km,4,19,-15
E01004581,2km to less than 5km,154,302,-148
E01004581,30km to less than 40km,1,16,-15
E01004581,40km to less than 60km,3,6,-3
E01004581,5km to less than 10km,112,342,-230
E01004581,60km and over,6,14,-8
E01004581,Less than 2km,123,157,-34
E01004581,"Works mainly at an offshore installation, in no fixed place, or outside the UK",95,108,-13
E01004581,Works mainly from home,534,120,414
E01004582,10km to less than 20km,25,72,-47
E01004582,20km to less than 30km,3,25,-22
E01004582,2km to less than 5km,142,417,-275
E01004582,30km to less than 40km,4,8,-4
E01004582,40km to less than 60km,1,8,-7
E01004582,5km to less than 10km,137,291,-154
E01004582,60km and over,6,13,-7
E01004582,Less than 2km,193,169,24
E01004582,"Works mainly at an offshore installation, in no fixed place, or outside the UK",108,105,3
E01004582,Works mainly from home,564,171,393
E01004583,10km to less than 20km,38,68,-30
E01004583,20km to less than 30km,2,16,-14
E01004583,2km to less than 5km,106,277,-171
E01004583,30km to less than 40km,0,3,-3
E01004583,40km to less than 60km,1,9,-8
E01004583,5km to less than 10km,68,268,-200
E01004583,60km and over,4,13,-9
E01004583,Less than 2km,85,140,-55
E01004583,"Works mainly at an offshore installation, in no fixed place, or outside the UK",86,94,-8
E01004583,Works mainly from home,504,130,374
E01004584,10km to less than 20km,46,48,-2
E01004584,20km to less than 30km,6,9,-3
E01004584,2km to less than 5km,158,195,-37
E01004584,30km to less than 40km,1,9,-8
E01004584,40km to less than 60km,4,1,3
E01004584,5km to less than 10km,103,158,-55
E01004584,60km and over,3,9,-6
E01004584,Less than 2km,115,145,-30
E01004584,"Works mainly at an offshore installation, in no fixed place, or outside the UK",122,70,52
E01004584,Works mainly from home,247,39,208
E01004585,10km to less than 20km,53,130,-77
E01004585,20km to less than 30km,9,33,-24
E01004585,2km to less than 5km,134,261,-127
E01004585,30km to less than 40km,3,20,-17
E01004585,40km to less than 60km,1,11,-10
E01004585,5km to less than 10km,124,571,-447
E01004585,60km and over,3,20,-17
E01004585,Less than 2km,46,88,-42
E01004585,"Works mainly at an offshore installation, in no fixed place, or outside the UK",65,62,3
E01004585,Works mainly from home,806,105,701
E01004586,10km to less than 20km,44,149,-105
E01004586,20km to less than 30km,6,35,-29
E01004586,2km to less than 5km,124,224,-100
E01004586,30km to less than 40km,3,30,-27
E01004586,40km to less than 60km,3,20,-17
E01004586,5km to less than 10km,149,670,-521
E01004586,60km and over,1,18,-17
E01004586,Less than 2km,57,57,0
E01004586,"Works mainly at an offshore installation, in no fixed place, or outside the UK",65,62,3
E01004586,Works mainly from home,924,110,814
E01004587,10km to less than 20km,28,111,-83
E01004587,20km to less than 30km,5,22,-17
E01004587,2km to less than 5km,91,205,-114
E01004587,30km to less than 40km,4,12,-8
E01004587,40km to less than 60km,3,8,-5
E01004587,5km to less than 10km,124,610,-486
E01004587,60km and over,6,17,-11
E01004587,Less than 2km,35,52,-17
E01004587,"Works mainly at an offshore installation, in no fixed place, or outside the UK",57,56,1
E01004587,Works mainly from home,804,107,697
E01004588,10km to less than 20km,58,164,-106
E01004588,20km to less than 30km,15,57,-42
E01004588,2km to less than 5km,102,182,-80
E01004588,30km to less than 40km,4,24,-20
E01004588,40km to less than 60km,2,21,-19
E01004588,5km to less than 10km,219,722,-503
E01004588,60km and over,7,19,-12
E01004588,Less than 2km,28,60,-32
E01004588,"Works mainly at an offshore installation, in no fixed place, or outside the UK",69,67,2
E01004588,Works mainly from home,996,92,904
E01004589,10km to less than 20km,37,124,-87
E01004589,20km to less than 30km,9,24,-15
E01004589,2km to less than 5km,101,177,-76
E01004589,30km to less than 40km,7,11,-4
E01004589,40km to less than 60km,0,22,-22
E01004589,5km to less than 10km,125,575,-450
E01004589,60km and over,4,17,-13
E01004589,Less than 2km,39,66,-27
E01004589,"Works mainly at an offshore installation, in no fixed place, or outside the UK",56,52,4
E01004589,Works mainly from home,807,113,694
E01004590,10km to less than 20km,35,80,-45
E01004590,20km to less than 30km,12,14,-2
E01004590,2km to less than 5km,150,253,-103
E01004590,30km to less than 40km,1,7,-6
E01004590,40km to less than 60km,3,10,-7
E01004590,5km to less than 10km,115,278,-163
E01004590,60km and over,4,15,-11
E01004590,Less than 2km,61,97,-36
E01004590,"Works mainly at an offshore installation, in no fixed place, or outside the UK",131,84,47
E01004590,Works mainly from home,474,87,387
E01004591,10km to less than 20km,41,113,-72
E01004591,20km to less than 30km,5,20,-15
E01004591,2km to less than 5km,140,228,-88
E01004591,30km to less than 40km,7,7,0
E01004591,40km to less than 60km,4,9,-5
E01004591,5km to less than 10km,117,538,-421
E01004591,60km and over,1,15,-14
E01004591,Less than 2km,54,102,-48
E01004591,"Works mainly at an offshore installation, in no fixed place, or outside the UK",86,60,26
E01004591,Works mainly from home,710,72,638
E01004592,10km to less than 20km,30,74,-44
E01004592,20km to less than 30km,4,18,-14
E01004592,2km to less than 5km,140,238,-98
E01004592,30km to less than 40km,2,11,-9
E01004592,40km to less than 60km,1,8,-7
E01004592,5km to less than 10km,101,353,-252
E01004592,60km and over,7,9,-2
E01004592,Less than 2km,64,82,-18
E01004592,"Works mainly at an offshore installation, in no fixed place, or outside the UK",89,63,26
E01004592,Works mainly from home,495,73,422
E01004593,10km to less than 20km,47,208,-161
E01004593,20km to less than 30km,10,29,-19
E01004593,2km to less than 5km,121,172,-51
E01004593,30km to less than 40km,1,12,-11
E01004593,40km to less than 60km,1,7,-6
E01004593,5km to less than 10km,154,466,-312
E01004593,60km and over,5,9,-4
E01004593,Less than 2km,86,99,-13
E01004593,"Works mainly at an offshore installation, in no fixed place, or outside the UK",79,94,-15
E01004593,Works mainly from home,666,120,546
E01004594,10km to less than 20km,73,206,-133
E01004594,20km to less than 30km,6,14,-8
E01004594,2km to less than 5km,69,117,-48
E01004594,30km to less than 40km,4,10,-6
E01004594,40km to less than 60km,1,7,-6
E01004594,5km to less than 10km,99,289,-190
E01004594,60km and over,4,10,-6
E01004594,Less than 2km,55,79,-24
E01004594,"Works mainly at an offshore installation, in no fixed place, or outside the UK",65,88,-23
E01004594,Works mainly from home,601,109,492
E01004595,10km to less than 20km,66,289,-223
E01004595,20km to less than 30km,5,21,-16
E01004595,2km to less than 5km,90,129,-39
E01004595,30km to less than 40km,5,19,-14
E01004595,40km to less than 60km,0,7,-7
E01004595,5km to less than 10km,119,401,-282
E01004595,60km and over,5,12,-7
E01004595,Less than 2km,48,83,-35
E01004595,"Works mainly at an offshore installation, in no fixed place, or outside the UK",79,77,2
E01004595,Works mainly from home,739,112,627
E01004596,10km to less than 20km,54,238,-184
E01004596,20km to less than 30km,5,17,-12
E01004596,2km to less than 5km,64,116,-52
E01004596,30km to less than 40km,6,8,-2
E01004596,40km to less than 60km,0,11,-11
E01004596,5km to less than 10km,91,299,-208
E01004596,60km and over,5,11,-6
E01004596,Less than 2km,50,84,-34
E01004596,"Works mainly at an offshore installation, in no fixed place, or outside the UK",56,64,-8
E01004596,Works mainly from home,598,119,479
E01004597,10km to less than 20km,54,277,-223
E01004597,20km to less than 30km,6,15,-9
E01004597,2km to less than 5km,85,133,-48
E01004597,30km to less than 40km,1,11,-10
E01004597,40km to less than 60km,4,9,-5
E01004597,5km to less than 10km,104,385,-281
E01004597,60km and over,3,9,-6
E01004597,Less than 2km,63,66,-3
E01004597,"Works mainly at an offshore installation, in no fixed place, or outside the UK",78,72,6
E01004597,Works mainly from home,644,104,540
E01004598,10km to less than 20km,80,376,-296
E01004598,20km to less than 30km,3,21,-18
E01004598,2km to less than 5km,82,119,-37
E01004598,30km to less than 40km,1,16,-15
E01004598,40km to less than 60km,1,12,-11
E01004598,5km to less than 10km,153,500,-347
E01004598,60km and over,5,15,-10
E01004598,Less than 2km,38,87,-49
E01004598,"Works mainly at an offshore installation, in no fixed place, or outside the UK",91,77,14
E01004598,Works mainly from home,1001,98,903
E01004599,10km to less than 20km,44,241,-197
E01004599,20km to less than 30km,5,13,-8
E01004599,2km to less than 5km,47,95,-48
E01004599,30km to less than 40km,4,8,-4
E01004599,40km to less than 60km,0,5,-5
E01004599,5km to less than 10km,86,265,-179
E01004599,60km and over,0,9,-9
E01004599,Less than 2km,30,55,-25
E01004599,"Works mainly at an offshore installation, in no fixed place, or outside the UK",28,62,-34
E01004599,Works mainly from home,595,101,494
E01004601,10km to less than 20km,71,213,-142
E01004601,20km to less than 30km,8,24,-16
E01004601,2km to less than 5km,124,223,-99
E01004601,30km to less than 40km,4,15,-11
E01004601,40km to less than 60km,5,10,-5
E01004601,5km to less than 10km,182,476,-294
E01004601,60km and over,4,8,-4
E01004601,Less than 2km,111,142,-31
E01004601,"Works mainly at an offshore installation, in no fixed place, or outside the UK",166,99,67
E01004601,Works mainly from home,816,107,709
E01004602,10km to less than 20km,44,238,-194
E01004602,20km to less than 30km,6,21,-15
E01004602,2km to less than 5km,61,136,-75
E01004602,30km to less than 40km,1,17,-16
E01004602,40km to less than 60km,3,9,-6
E01004602,5km to less than 10km,119,427,-308
E01004602,60km and over,3,13,-10
E01004602,Less than 2km,51,78,-27
E01004602,"Works mainly at an offshore installation, in no fixed place, or outside the UK",63,78,-15
E01004602,Works mainly from home,692,122,570
E01004604,10km to less than 20km,30,221,-191
E01004604,20km to less than 30km,1,10,-9
E01004604,2km to less than 5km,45,109,-64
E01004604,30km to less than 40km,2,11,-9
E01004604,40km to less than 60km,0,6,-6
E01004604,5km to less than 10km,78,247,-169
E01004604,60km and over,6,10,-4
E01004604,Less than 2km,35,73,-38
E01004604,"Works mainly at an offshore installation, in no fixed place, or outside the UK",34,60,-26
E01004604,Works mainly from home,578,139,439
E01004605,10km to less than 20km,44,173,-129
E01004605,20km to less than 30km,5,18,-13
E01004605,2km to less than 5km,93,147,-54
E01004605,30km to less than 40km,2,10,-8
E01004605,40km to less than 60km,1,11,-10
E01004605,5km to less than 10km,148,323,-175
E01004605,60km and over,5,8,-3
E01004605,Less than 2km,42,94,-52
E01004605,"Works mainly at an offshore installation, in no fixed place, or outside the UK",70,71,-1
E01004605,Works mainly from home,529,116,413
E01004606,10km to less than 20km,59,245,-186
E01004606,20km to less than 30km,1,31,-30
E01004606,2km to less than 5km,75,154,-79
E01004606,30km to less than 40km,2,13,-11
E01004606,40km to less than 60km,1,7,-6
E01004606,5km to less than 10km,131,446,-315
E01004606,60km and over,5,11,-6
E01004606,Less than 2km,40,83,-43
E01004606,"Works mainly at an offshore installation, in no fixed place, or outside the UK",64,61,3
E01004606,Works mainly from home,773,130,643
E01004607,10km to less than 20km,39,230,-191
E01004607,20km to less than 30km,8,20,-12
E01004607,2km to less than 5km,49,101,-52
E01004607,30km to less than 40km,2,3,-1
E01004607,40km to less than 60km,2,4,-2
E01004607,5km to less than 10km,89,346,-257
E01004607,60km and over,3,15,-12
E01004607,Less than 2km,39,81,-42
E01004607,"Works mainly at an offshore installation, in no fixed place, or outside the UK",42,63,-21
E01004607,Works mainly from home,653,152,501
E01004608,10km to less than 20km,41,217,-176
E01004608,20km to less than 30km,7,25,-18
E01004608,2km to less than 5km,92,166,-74
E01004608,30km to less than 40km,2,13,-11
E01004608,40km to less than 60km,2,9,-7
E01004608,5km to less than 10km,115,391,-276
E01004608,60km and over,5,13,-8
E01004608,Less than 2km,65,84,-19
E01004608,"Works mainly at an offshore installation, in no fixed place, or outside the UK",66,60,6
E01004608,Works mainly from home,651,100,551
E01004609,10km to less than 20km,58,359,-301
E01004609,20km to less than 30km,5,40,-35
E01004609,2km to less than 5km,115,175,-60
E01004609,30km to less than 40km,2,10,-8
E01004609,40km to less than 60km,4,9,-5
E01004609,5km to less than 10km,182,574,-392
E01004609,60km and over,7,13,-6
E01004609,Less than 2km,71,104,-33
E01004609,"Works mainly at an offshore installation, in no fixed place, or outside the UK",99,88,11
E01004609,Works mainly from home,947,171,776
E01004610,10km to less than 20km,107,210,-103
E01004610,20km to less than 30km,8,18,-10
E01004610,2km to less than 5km,88,112,-24
E01004610,30km to less than 40km,2,10,-8
E01004610,40km to less than 60km,2,9,-7
E01004610,5km to less than 10km,165,269,-104
E01004610,60km and over,4,7,-3
E01004610,Less than 2km,119,142,-23
E01004610,"Works mainly at an offshore installation, in no fixed place, or outside the UK",104,89,15
E01004610,Works mainly from home,607,83,524
E01004611,10km to less than 20km,63,192,-129
E01004611,20km to less than 30km,8,20,-12
E01004611,2km to less than 5km,58,89,-31
E01004611,30km to less than 40km,4,3,1
E01004611,40km to less than 60km,4,6,-2
E01004611,5km to less than 10km,93,289,-196
E01004611,60km and over,2,7,-5
E01004611,Less than 2km,59,88,-29
E01004611,"Works mainly at an offshore installation, in no fixed place, or outside the UK",66,76,-10
E01004611,Works mainly from home,532,82,450
E01004612,10km to less than 20km,62,181,-119
E01004612,20km to less than 30km,4,20,-16
E01004612,2km to less than 5km,78,116,-38
E01004612,30km to less than 40km,3,6,-3
E01004612,40km to less than 60km,3,3,0
E01004612,5km to less than 10km,138,260,-122
E01004612,60km and over,6,8,-2
E01004612,Less than 2km,69,101,-32
E01004612,"Works mainly at an offshore installation, in no fixed place, or outside the UK",114,95,19
E01004612,Works mainly from home,379,78,301
E01004613,10km to less than 20km,62,151,-89
E01004613,20km to less than 30km,7,11,-4
E01004613,2km to less than 5km,72,111,-39
E01004613,30km to less than 40km,6,7,-1
E01004613,40km to less than 60km,0,3,-3
E01004613,5km to less than 10km,112,217,-105
E01004613,60km and over,8,4,4
E01004613,Less than 2km,88,80,8
E01004613,"Works mainly at an offshore installation, in no fixed place, or outside the UK",96,70,26
E01004613,Works mainly from home,381,51,330
E01004614,10km to less than 20km,132,301,-169
E01004614,20km to less than 30km,10,19,-9
E01004614,2km to less than 5km,92,192,-100
E01004614,30km to less than 40km,7,4,3
E01004614,40km to less than 60km,3,10,-7
E01004614,5km to less than 10km,172,262,-90
E01004614,60km and over,3,44,-41
E01004614,Less than 2km,116,134,-18
E01004614,"Works mainly at an offshore installation, in no fixed place, or outside the UK",109,104,5
E01004614,Works mainly from home,570,84,486
E01004615,10km to less than 20km,65,158,-93
E01004615,20km to less than 30km,10,10,0
E01004615,2km to less than 5km,82,129,-47
E01004615,30km to less than 40km,1,8,-7
E01004615,40km to less than 60km,2,6,-4
E01004615,5km to less than 10km,91,178,-87
E01004615,60km and over,2,13,-11
E01004615,Less than 2km,94,97,-3
E01004615,"Works mainly at an offshore installation, in no fixed place, or outside the UK",102,78,24
E01004615,Works mainly from home,278,59,219
E01004616,10km to less than 20km,114,313,-199
E01004616,20km to less than 30km,9,19,-10
E01004616,2km to less than 5km,77,135,-58
E01004616,30km to less than 40km,6,7,-1
E01004616,40km to less than 60km,2,8,-6
E01004616,5km to less than 10km,181,310,-129
E01004616,60km and over,6,8,-2
E01004616,Less than 2km,121,155,-34
E01004616,"Works mainly at an offshore installation, in no fixed place, or outside the UK",141,130,11
E01004616,Works mainly from home,588,92,496
E01004617,10km to less than 20km,98,254,-156
E01004617,20km to less than 30km,11,23,-12
E01004617,2km to less than 5km,80,102,-22
E01004617,30km to less than 40km,4,6,-2
E01004617,40km to less than 60km,1,4,-3
E01004617,5km to less than 10km,140,169,-29
E01004617,60km and over,3,10,-7
E01004617,Less than 2km,115,136,-21
E01004617,"Works mainly at an offshore installation, in no fixed place, or outside the UK",105,90,15
E01004617,Works mainly from home,485,60,425
E01004618,10km to less than 20km,55,185,-130
E01004618,20km to less than 30km,9,14,-5
E01004618,2km to less than 5km,47,87,-40
E01004618,30km to less than 40km,2,3,-1
E01004618,40km to less than 60km,1,11,-10
E01004618,5km to less than 10km,90,321,-231
E01004618,60km and over,5,10,-5
E01004618,Less than 2km,49,85,-36
E01004618,"Works mainly at an offshore installation, in no fixed place, or outside the UK",52,65,-13
E01004618,Works mainly from home,588,100,488
E01004619,10km to less than 20km,27,81,-54
E01004619,20km to less than 30km,10,17,-7
E01004619,2km to less than 5km,45,70,-25
E01004619,30km to less than 40km,2,6,-4
E01004619,40km to less than 60km,3,1,2
E01004619,5km to less than 10km,95,369,-274
E01004619,60km and over,1,8,-7
E01004619,Less than 2km,41,52,-11
E01004619,"Works mainly at an offshore installation, in no fixed place, or outside the UK",40,43,-3
E01004619,Works mainly from home,469,108,361
E01004620,10km to less than 20km,31,126,-95
E01004620,20km to less than 30km,11,13,-2
E01004620,2km to less than 5km,84,114,-30
E01004620,30km to less than 40km,4,15,-11
E01004620,40km to less than 60km,4,7,-3
E01004620,5km to less than 10km,157,417,-260
E01004620,60km and over,3,11,-8
E01004620,Less than 2km,66,91,-25
E01004620,"Works mainly at an offshore installation, in no fixed place, or outside the UK",103,75,28
E01004620,Works mainly from home,586,89,497
E01004621,10km to less than 20km,34,126,-92
E01004621,20km to less than 30km,6,26,-20
E01004621,2km to less than 5km,93,133,-40
E01004621,30km to less than 40km,0,11,-11
E01004621,40km to less than 60km,0,9,-9
E01004621,5km to less than 10km,103,411,-308
E01004621,60km and over,6,15,-9
E01004621,Less than 2km,58,88,-30
E01004621,"Works mainly at an offshore installation, in no fixed place, or outside the UK",73,64,9
E01004621,Works mainly from home,621,115,506
E01004622,10km to less than 20km,22,93,-71
E01004622,20km to less than 30km,3,15,-12
E01004622,2km to less than 5km,63,89,-26
E01004622,30km to less than 40km,2,11,-9
E01004622,40km to less than 60km,2,8,-6
E01004622,5km to less than 10km,88,294,-206
E01004622,60km and over,8,28,-20
E01004622,Less than 2km,91,55,36
E01004622,"Works mainly at an offshore installation, in no fixed place, or outside the UK",125,130,-5
E01004622,Works mainly from home,342,73,269
E01004623,10km to less than 20km,51,204,-153
E01004623,20km to less than 30km,5,18,-13
E01004623,2km to less than 5km,101,125,-24
E01004623,30km to less than 40km,2,6,-4
E01004623,40km to less than 60km,1,6,-5
E01004623,5km to less than 10km,140,419,-279
E01004623,60km and over,4,7,-3
E01004623,Less than 2km,50,83,-33
E01004623,"Works mainly at an offshore installation, in no fixed place, or outside the UK",76,70,6
E01004623,Works mainly from home,658,91,567
E01004624,10km to less than 20km,31,167,-136
E01004624,20km to less than 30km,8,16,-8
E01004624,2km to less than 5km,80,133,-53
E01004624,30km to less than 40km,1,11,-10
E01004624,40km to less than 60km,1,6,-5
E01004624,5km to less than 10km,113,379,-266
E01004624,60km and over,4,9,-5
E01004624,Less than 2km,74,97,-23
E01004624,"Works mainly at an offshore installation, in no fixed place, or outside the UK",74,57,17
E01004624,Works mainly from home,534,69,465
E01004625,10km to less than 20km,26,101,-75
E01004625,20km to less than 30km,6,6,0
E01004625,2km to less than 5km,44,71,-27
E01004625,30km to less than 40km,0,6,-6
E01004625,40km to less than 60km,2,1,1
E01004625,5km to less than 10km,59,243,-184
E01004625,60km and over,0,5,-5
E01004625,Less than 2km,35,60,-25
E01004625,"Works mainly at an offshore installation, in no fixed place, or outside the UK",38,41,-3
E01004625,Works mainly from home,418,126,292
E01004626,10km to less than 20km,47,196,-149
E01004626,20km to less than 30km,4,13,-9
E01004626,2km to less than 5km,58,92,-34
E01004626,30km to less than 40km,1,7,-6
E01004626,40km to less than 60km,3,3,0
E01004626,5km to less than 10km,152,443,-291
E01004626,60km and over,3,9,-6
E01004626,Less than 2km,57,64,-7
E01004626,"Works mainly at an offshore installation, in no fixed place, or outside the UK",63,58,5
E01004626,Works mainly from home,687,160,527
E01004627,10km to less than 20km,29,101,-72
E01004627,20km to less than 30km,6,10,-4
E01004627,2km to less than 5km,76,119,-43
E01004627,30km to less than 40km,1,12,-11
E01004627,40km to less than 60km,1,3,-2
E01004627,5km to less than 10km,97,406,-309
E01004627,60km and over,4,8,-4
E01004627,Less than 2km,45,77,-32
E01004627,"Works mainly at an offshore installation, in no fixed place, or outside the UK",53,59,-6
E01004627,Works mainly from home,560,106,454
E01004628,10km to less than 20km,69,246,-177
E01004628,20km to less than 30km,6,27,-21
E01004628,2km to less than 5km,136,176,-40
E01004628,30km to less than 40km,3,11,-8
E01004628,40km to less than 60km,5,10,-5
E01004628,5km to less than 10km,154,426,-272
E01004628,60km and over,10,9,1
E01004628,Less than 2km,101,107,-6
E01004628,"Works mainly at an offshore installation, in no fixed place, or outside the UK",132,108,24
E01004628,Works mainly from home,570,136,434
E01004629,10km to less than 20km,46,180,-134
E01004629,20km to less than 30km,3,17,-14
E01004629,2km to less than 5km,69,105,-36
E01004629,30km to less than 40km,6,3,3
E01004629,40km to less than 60km,8,7,1
E01004629,5km to less than 10km,79,260,-181
E01004629,60km and over,2,7,-5
E01004629,Less than 2km,40,83,-43
E01004629,"Works mainly at an offshore installation, in no fixed place, or outside the UK",65,77,-12
E01004629,Works mainly from home,498,91,407
E01004630,10km to less than 20km,68,119,-51
E01004630,20km to less than 30km,3,12,-9
E01004630,2km to less than 5km,121,165,-44
E01004630,30km to less than 40km,4,0,4
E01004630,40km to less than 60km,6,6,0
E01004630,5km to less than 10km,132,229,-97
E01004630,60km and over,6,8,-2
E01004630,Less than 2km,98,101,-3
E01004630,"Works mainly at an offshore installation, in no fixed place, or outside the UK",165,88,77
E01004630,Works mainly from home,185,56,129
E01004631,10km to less than 20km,105,159,-54
E01004631,20km to less than 30km,13,19,-6
E01004631,2km to less than 5km,131,139,-8
E01004631,30km to less than 40km,4,5,-1
E01004631,40km to less than 60km,0,4,-4
E01004631,5km to less than 10km,158,241,-83
E01004631,60km and over,3,7,-4
E01004631,Less than 2km,61,75,-14
E01004631,"Works mainly at an offshore installation, in no fixed place, or outside the UK",135,93,42
E01004631,Works mainly from home,391,68,323
E01004632,10km to less than 20km,88,204,-116
E01004632,20km to less than 30km,2,11,-9
E01004632,2km to less than 5km,111,132,-21
E01004632,30km to less than 40km,6,4,2
E01004632,40km to less than 60km,0,6,-6
E01004632,5km to less than 10km,131,238,-107
E01004632,60km and over,2,12,-10
E01004632,Less than 2km,40,63,-23
E01004632,"Works mainly at an offshore installation, in no fixed place, or outside the UK",101,68,33
E01004632,Works mainly from home,362,121,241
E01004633,10km to less than 20km,57,137,-80
E01004633,20km to less than 30km,9,11,-2
E01004633,2km to less than 5km,128,167,-39
E01004633,30km to less than 40km,4,7,-3
E01004633,40km to less than 60km,3,4,-1
E01004633,5km to less than 10km,121,209,-88
E01004633,60km and over,6,6,0
E01004633,Less than 2km,77,124,-47
E01004633,"Works mainly at an offshore installation, in no fixed place, or outside the UK",136,91,45
E01004633,Works mainly from home,192,46,146
E01004634,10km to less than 20km,61,214,-153
E01004634,20km to less than 30km,6,28,-22
E01004634,2km to less than 5km,87,152,-65
E01004634,30km to less than 40km,2,10,-8
E01004634,40km to less than 60km,1,4,-3
E01004634,5km to less than 10km,102,255,-153
E01004634,60km and over,0,15,-15
E01004634,Less than 2km,39,45,-6
E01004634,"Works mainly at an offshore installation, in no fixed place, or outside the UK",84,95,-11
E01004634,Works mainly from home,407,87,320
E01004635,10km to less than 20km,63,201,-138
E01004635,20km to less than 30km,10,17,-7
E01004635,2km to less than 5km,104,147,-43
E01004635,30km to less than 40km,1,6,-5
E01004635,40km to less than 60km,4,7,-3
E01004635,5km to less than 10km,126,280,-154
E01004635,60km and over,1,10,-9
E01004635,Less than 2km,62,73,-11
E01004635,"Works mainly at an offshore installation, in no fixed place, or outside the UK",113,100,13
E01004635,Works mainly from home,398,86,312
E01004636,10km to less than 20km,50,226,-176
E01004636,20km to less than 30km,6,16,-10
E01004636,2km to less than 5km,93,119,-26
E01004636,30km to less than 40km,3,6,-3
E01004636,40km to less than 60km,0,6,-6
E01004636,5km to less than 10km,97,213,-116
E01004636,60km and over,6,9,-3
E01004636,Less than 2km,29,45,-16
E01004636,"Works mainly at an offshore installation, in no fixed place, or outside the UK",103,84,19
E01004636,Works mainly from home,366,88,278
E01004637,10km to less than 20km,56,193,-137
E01004637,20km to less than 30km,8,10,-2
E01004637,2km to less than 5km,94,128,-34
E01004637,30km to less than 40km,2,7,-5
E01004637,40km to less than 60km,2,1,1
E01004637,5km to less than 10km,124,200,-76
E01004637,60km and over,3,12,-9
E01004637,Less than 2km,55,74,-19
E01004637,"Works mainly at an offshore installation, in no fixed place, or outside the UK",120,85,35
E01004637,Works mainly from home,323,64,259
E01004638,10km to less than 20km,36,201,-165
E01004638,20km to less than 30km,1,6,-5
E01004638,2km to less than 5km,43,74,-31
E01004638,30km to less than 40km,1,3,-2
E01004638,40km to less than 60km,0,6,-6
E01004638,5km to less than 10km,48,172,-124
E01004638,60km and over,2,7,-5
E01004638,Less than 2km,35,49,-14
E01004638,"Works mainly at an offshore installation, in no fixed place, or outside the UK",39,49,-10
E01004638,Works mainly from home,447,143,304
E01004639,10km to less than 20km,61,224,-163
E01004639,20km to less than 30km,2,34,-32
E01004639,2km to less than 5km,80,143,-63
E01004639,30km to less than 40km,0,8,-8
E01004639,40km to less than 60km,2,11,-9
E01004639,5km to less than 10km,154,338,-184
E01004639,60km and over,3,24,-21
E01004639,Less than 2km,51,81,-30
E01004639,"Works mainly at an offshore installation, in no fixed place, or outside the UK",86,86,0
E01004639,Works mainly from home,529,88,441
E01004640,10km to less than 20km,64,295,-231
E01004640,20km to less than 30km,8,26,-18
E01004640,2km to less than 5km,64,118,-54
E01004640,30km to less than 40km,1,9,-8
E01004640,40km to less than 60km,1,7,-6
E01004640,5km to less than 10km,102,360,-258
E01004640,60km and over,4,7,-3
E01004640,Less than 2km,32,82,-50
E01004640,"Works mainly at an offshore installation, in no fixed place, or outside the UK",59,64,-5
E01004640,Works mainly from home,695,130,565
E01004641,10km to less than 20km,50,213,-163
E01004641,20km to less than 30km,5,25,-20
E01004641,2km to less than 5km,100,138,-38
E01004641,30km to less than 40km,5,8,-3
E01004641,40km to less than 60km,1,4,-3
E01004641,5km to less than 10km,138,297,-159
E01004641,60km and over,3,11,-8
E01004641,Less than 2km,66,102,-36
E01004641,"Works mainly at an offshore installation, in no fixed place, or outside the UK",94,99,-5
E01004641,Works mainly from home,506,105,401
E01004642,10km to less than 20km,67,169,-102
E01004642,20km to less than 30km,12,16,-4
E01004642,2km to less than 5km,115,165,-50
E01004642,30km to less than 40km,8,7,1
E01004642,40km to less than 60km,5,7,-2
E01004642,5km to less than 10km,210,237,-27
E01004642,60km and over,6,11,-5
E01004642,Less than 2km,72,121,-49
E01004642,"Works mainly at an offshore installation, in no fixed place, or outside the UK",118,80,38
E01004642,Works mainly from home,506,60,446
E01004643,10km to less than 20km,72,213,-141
E01004643,20km to less than 30km,4,13,-9
E01004643,2km to less than 5km,126,152,-26
E01004643,30km to less than 40km,7,9,-2
E01004643,40km to less than 60km,3,5,-2
E01004643,5km to less than 10km,136,293,-157
E01004643,60km and over,7,9,-2
E01004643,Less than 2km,77,118,-41
E01004643,"Works mainly at an offshore installation, in no fixed place, or outside the UK",134,103,31
E01004643,Works mainly from home,559,97,462
E01004644,10km to less than 20km,94,222,-128
E01004644,20km to less than 30km,7,9,-2
E01004644,2km to less than 5km,131,172,-41
E01004644,30km to less than 40km,5,6,-1
E01004644,40km to less than 60km,3,5,-2
E01004644,5km to less than 10km,205,257,-52
E01004644,60km and over,5,8,-3
E01004644,Less than 2km,81,81,0
E01004644,"Works mainly at an offshore installation, in no fixed place, or outside the UK",131,87,44
E01004644,Works mainly from home,652,85,567
E01004645,10km to less than 20km,55,189,-134
E01004645,20km to less than 30km,10,14,-4
E01004645,2km to less than 5km,125,164,-39
E01004645,30km to less than 40km,5,5,0
E01004645,40km to less than 60km,3,3,0
E01004645,5km to less than 10km,172,266,-94
E01004645,60km and over,7,11,-4
E01004645,Less than 2km,108,92,16
E01004645,"Works mainly at an offshore installation, in no fixed place, or outside the UK",158,90,68
E01004645,Works mainly from home,274,66,208
E01004646,10km to less than 20km,17,55,-38
E01004646,20km to less than 30km,2,6,-4
E01004646,2km to less than 5km,83,171,-88
E01004646,30km to less than 40km,6,5,1
E01004646,40km to less than 60km,2,5,-3
E01004646,5km to less than 10km,72,197,-125
E01004646,60km and over,5,5,0
E01004646,Less than 2km,25,55,-30
E01004646,"Works mainly at an offshore installation, in no fixed place, or outside the UK",60,45,15
E01004646,Works mainly from home,390,120,270
E01004647,10km to less than 20km,15,55,-40
E01004647,20km to less than 30km,6,7,-1
E01004647,2km to less than 5km,81,208,-127
E01004647,30km to less than 40km,2,3,-1
E01004647,40km to less than 60km,2,8,-6
E01004647,5km to less than 10km,56,151,-95
E01004647,60km and over,4,9,-5
E01004647,Less than 2km,35,54,-19
E01004647,"Works mainly at an offshore installation, in no fixed place, or outside the UK",37,51,-14
E01004647,Works mainly from home,390,120,270
E01004648,10km to less than 20km,55,85,-30
E01004648,20km to less than 30km,6,15,-9
E01004648,2km to less than 5km,159,317,-158
E01004648,30km to less than 40km,3,11,-8
E01004648,40km to less than 60km,3,5,-2
E01004648,5km to less than 10km,84,371,-287
E01004648,60km and over,5,12,-7
E01004648,Less than 2km,72,107,-35
E01004648,"Works mainly at an offshore installation, in no fixed place, or outside the UK",69,96,-27
E01004648,Works mainly from home,790,209,581
E01004649,10km to less than 20km,23,71,-48
E01004649,20km to less than 30km,1,15,-14
E01004649,2km to less than 5km,85,202,-117
E01004649,30km to less than 40km,2,1,1
E01004649,40km to less than 60km,1,6,-5
E01004649,5km to less than 10km,58,186,-128
E01004649,60km and over,1,8,-7
E01004649,Less than 2km,22,128,-106
E01004649,"Works mainly at an offshore installation, in no fixed place, or outside the UK",41,43,-2
E01004649,Works mainly from home,401,128,273
E01004650,10km to less than 20km,30,82,-52
E01004650,20km to less than 30km,6,7,-1
E01004650,2km to less than 5km,97,283,-186
E01004650,30km to less than 40km,3,5,-2
E01004650,40km to less than 60km,0,6,-6
E01004650,5km to less than 10km,59,277,-218
E01004650,60km and over,3,11,-8
E01004650,Less than 2km,41,107,-66
E01004650,"Works mainly at an offshore installation, in no fixed place, or outside the UK",61,91,-30
E01004650,Works mainly from home,678,194,484
E01004651,10km to less than 20km,20,112,-92
E01004651,20km to less than 30km,6,21,-15
E01004651,2km to less than 5km,116,307,-191
E01004651,30km to less than 40km,0,4,-4
E01004651,40km to less than 60km,3,5,-2
E01004651,5km to less than 10km,68,309,-241
E01004651,60km and over,7,11,-4
E01004651,Less than 2km,57,93,-36
E01004651,"Works mainly at an offshore installation, in no fixed place, or outside the UK",45,78,-33
E01004651,Works mainly from home,710,123,587
E01004652,10km to less than 20km,19,74,-55
E01004652,20km to less than 30km,3,18,-15
E01004652,2km to less than 5km,132,329,-197
E01004652,30km to less than 40km,2,10,-8
E01004652,40km to less than 60km,5,21,-16
E01004652,5km to less than 10km,44,294,-250
E01004652,60km and over,4,11,-7
E01004652,Less than 2km,70,131,-61
E01004652,"Works mainly at an offshore installation, in no fixed place, or outside the UK",64,56,8
E01004652,Works mainly from home,552,97,455
E01004653,10km to less than 20km,35,77,-42
E01004653,20km to less than 30km,2,6,-4
E01004653,2km to less than 5km,127,321,-194
E01004653,30km to less than 40km,0,3,-3
E01004653,40km to less than 60km,4,10,-6
E01004653,5km to less than 10km,96,314,-218
E01004653,60km and over,5,10,-5
E01004653,Less than 2km,60,105,-45
E01004653,"Works mainly at an offshore installation, in no fixed place, or outside the UK",97,62,35
E01004653,Works mainly from home,675,151,524
E01004654,10km to less than 20km,44,107,-63
E01004654,20km to less than 30km,8,13,-5
E01004654,2km to less than 5km,156,403,-247
E01004654,30km to less than 40km,3,10,-7
E01004654,40km to less than 60km,1,15,-14
E01004654,5km to less than 10km,105,441,-336
E01004654,60km and over,4,22,-18
E01004654,Less than 2km,133,128,5
E01004654,"Works mainly at an offshore installation, in no fixed place, or outside the UK",83,116,-33
E01004654,Works mainly from home,992,199,793
E01004656,10km to less than 20km,21,76,-55
E01004656,20km to less than 30km,5,14,-9
E01004656,2km to less than 5km,133,361,-228
E01004656,30km to less than 40km,2,5,-3
E01004656,40km to less than 60km,3,6,-3
E01004656,5km to less than 10km,78,318,-240
E01004656,60km and over,6,17,-11
E01004656,Less than 2km,80,153,-73
E01004656,"Works mainly at an offshore installation, in no fixed place, or outside the UK",86,93,-7
E01004656,Works mainly from home,636,133,503
E01004657,10km to less than 20km,14,33,-19
E01004657,20km to less than 30km,0,10,-10
E01004657,2km to less than 5km,86,207,-121
E01004657,30km to less than 40km,0,3,-3
E01004657,40km to less than 60km,2,5,-3
E01004657,5km to less than 10km,29,136,-107
E01004657,60km and over,4,17,-13
E01004657,Less than 2km,113,229,-116
E01004657,"Works mainly at an offshore installation, in no fixed place, or outside the UK",40,81,-41
E01004657,Works mainly from home,494,178,316
E01004658,10km to less than 20km,10,35,-25
E01004658,20km to less than 30km,5,7,-2
E01004658,2km to less than 5km,90,176,-86
E01004658,30km to less than 40km,11,4,7
E01004658,40km to less than 60km,1,4,-3
E01004658,5km to less than 10km,27,127,-100
E01004658,60km and over,3,18,-15
E01004658,Less than 2km,96,185,-89
E01004658,"Works mainly at an offshore installation, in no fixed place, or outside the UK",52,60,-8
E01004658,Works mainly from home,505,96,409
E01004659,10km to less than 20km,23,84,-61
E01004659,20km to less than 30km,2,24,-22
E01004659,2km to less than 5km,87,292,-205
E01004659,30km to less than 40km,3,4,-1
E01004659,40km to less than 60km,4,9,-5
E01004659,5km to less than 10km,37,174,-137
E01004659,60km and over,5,15,-10
E01004659,Less than 2km,84,208,-124
E01004659,"Works mainly at an offshore installation, in no fixed place, or outside the UK",38,86,-48
E01004659,Works mainly from home,603,159,444
E01004660,10km to less than 20km,15,71,-56
E01004660,20km to less than 30km,2,9,-7
E01004660,2km to less than 5km,64,244,-180
E01004660,30km to less than 40km,1,6,-5
E01004660,40km to less than 60km,5,6,-1
E01004660,5km to less than 10km,50,175,-125
E01004660,60km and over,3,13,-10
E01004660,Less than 2km,58,207,-149
E01004660,"Works mainly at an offshore installation, in no fixed place, or outside the UK",27,77,-50
E01004660,Works mainly from home,504,129,375
E01004661,10km to less than 20km,24,42,-18
E01004661,20km to less than 30km,4,15,-11
E01004661,2km to less than 5km,110,271,-161
E01004661,30km to less than 40km,0,8,-8
E01004661,40km to less than 60km,1,3,-2
E01004661,5km to less than 10km,43,170,-127
E01004661,60km and over,6,13,-7
E01004661,Less than 2km,156,248,-92
E01004661,"Works mainly at an offshore installation, in no fixed place, or outside the UK",128,72,56
E01004661,Works mainly from home,629,120,509
E01004662,10km to less than 20km,13,74,-61
E01004662,20km to less than 30km,4,12,-8
E01004662,2km to less than 5km,98,323,-225
E01004662,30km to less than 40km,1,7,-6
E01004662,40km to less than 60km,2,10,-8
E01004662,5km to less than 10km,46,205,-159
E01004662,60km and over,2,16,-14
E01004662,Less than 2km,87,280,-193
E01004662,"Works mainly at an offshore installation, in no fixed place, or outside the UK",41,57,-16
E01004662,Works mainly from home,452,127,325
E01004663,10km to less than 20km,19,69,-50
E01004663,20km to less than 30km,3,19,-16
E01004663,2km to less than 5km,63,193,-130
E01004663,30km to less than 40km,0,5,-5
E01004663,40km to less than 60km,1,8,-7
E01004663,5km to less than 10km,42,105,-63
E01004663,60km and over,6,14,-8
E01004663,Less than 2km,72,204,-132
E01004663,"Works mainly at an offshore installation, in no fixed place, or outside the UK",55,62,-7
E01004663,Works mainly from home,441,164,277
E01004665,10km to less than 20km,26,26,0
E01004665,20km to less than 30km,5,5,0
E01004665,2km to less than 5km,109,163,-54
E01004665,30km to less than 40km,0,3,-3
E01004665,40km to less than 60km,2,2,0
E01004665,5km to less than 10km,53,70,-17
E01004665,60km and over,5,9,-4
E01004665,Less than 2km,69,112,-43
E01004665,"Works mainly at an offshore installation, in no fixed place, or outside the UK",83,56,27
E01004665,Works mainly from home,196,42,154
E01004668,10km to less than 20km,31,19,12
E01004668,20km to less than 30km,1,2,-1
E01004668,2km to less than 5km,135,269,-134
E01004668,30km to less than 40km,1,0,1
E01004668,40km to less than 60km,0,5,-5
E01004668,5km to less than 10km,49,109,-60
E01004668,60km and over,2,12,-10
E01004668,Less than 2km,66,143,-77
E01004668,"Works mainly at an offshore installation, in no fixed place, or outside the UK",91,51,40
E01004668,Works mainly from home,316,61,255
E01004669,10km to less than 20km,16,39,-23
E01004669,20km to less than 30km,1,7,-6
E01004669,2km to less than 5km,138,260,-122
E01004669,30km to less than 40km,3,2,1
E01004669,40km to less than 60km,0,4,-4
E01004669,5km to less than 10km,39,108,-69
E01004669,60km and over,3,6,-3
E01004669,Less than 2km,95,143,-48
E01004669,"Works mainly at an offshore installation, in no fixed place, or outside the UK",101,54,47
E01004669,Works mainly from home,379,68,311
E01004670,10km to less than 20km,36,30,6
E01004670,20km to less than 30km,11,11,0
E01004670,2km to less than 5km,184,193,-9
E01004670,30km to less than 40km,0,3,-3
E01004670,40km to less than 60km,2,4,-2
E01004670,5km to less than 10km,89,89,0
E01004670,60km and over,6,15,-9
E01004670,Less than 2km,125,180,-55
E01004670,"Works mainly at an offshore installation, in no fixed place, or outside the UK",114,51,63
E01004670,Works mainly from home,208,61,147
E01004674,10km to less than 20km,25,36,-11
E01004674,20km to less than 30km,4,15,-11
E01004674,2km to less than 5km,159,226,-67
E01004674,30km to less than 40km,0,2,-2
E01004674,40km to less than 60km,1,2,-1
E01004674,5km to less than 10km,101,235,-134
E01004674,60km and over,4,11,-7
E01004674,Less than 2km,69,118,-49
E01004674,"Works mainly at an offshore installation, in no fixed place, or outside the UK",124,71,53
E01004674,Works mainly from home,388,74,314
E01004675,10km to less than 20km,25,74,-49
E01004675,20km to less than 30km,0,25,-25
E01004675,2km to less than 5km,201,288,-87
E01004675,30km to less than 40km,1,9,-8
E01004675,40km to less than 60km,2,8,-6
E01004675,5km to less than 10km,110,249,-139
E01004675,60km and over,8,15,-7
E01004675,Less than 2km,126,141,-15
E01004675,"Works mainly at an offshore installation, in no fixed place, or outside the UK",117,102,15
E01004675,Works mainly from home,472,104,368
E01004676,10km to less than 20km,27,64,-37
E01004676,20km to less than 30km,1,16,-15
E01004676,2km to less than 5km,109,279,-170
E01004676,30km to less than 40km,4,11,-7
E01004676,40km to less than 60km,2,3,-1
E01004676,5km to less than 10km,81,238,-157
E01004676,60km and over,3,17,-14
E01004676,Less than 2km,83,118,-35
E01004676,"Works mainly at an offshore installation, in no fixed place, or outside the UK",84,72,12
E01004676,Works mainly from home,469,102,367
E01004677,10km to less than 20km,20,43,-23
E01004677,20km to less than 30km,6,9,-3
E01004677,2km to less than 5km,132,307,-175
E01004677,30km to less than 40km,1,8,-7
E01004677,40km to less than 60km,2,8,-6
E01004677,5km to less than 10km,116,311,-195
E01004677,60km and over,3,7,-4
E01004677,Less than 2km,53,112,-59
E01004677,"Works mainly at an offshore installation, in no fixed place, or outside the UK",120,92,28
E01004677,Works mainly from home,508,103,405
E01004678,10km to less than 20km,36,55,-19
E01004678,20km to less than 30km,5,15,-10
E01004678,2km to less than 5km,160,273,-113
E01004678,30km to less than 40km,1,5,-4
E01004678,40km to less than 60km,1,3,-2
E01004678,5km to less than 10km,124,307,-183
E01004678,60km and over,6,12,-6
E01004678,Less than 2km,73,115,-42
E01004678,"Works mainly at an offshore installation, in no fixed place, or outside the UK",105,87,18
E01004678,Works mainly from home,432,86,346
E01004679,10km to less than 20km,39,50,-11
E01004679,20km to less than 30km,3,12,-9
E01004679,2km to less than 5km,163,295,-132
E01004679,30km to less than 40km,1,8,-7
E01004679,40km to less than 60km,3,6,-3
E01004679,5km to less than 10km,103,257,-154
E01004679,60km and over,4,10,-6
E01004679,Less than 2km,87,126,-39
E01004679,"Works mainly at an offshore installation, in no fixed place, or outside the UK",128,85,43
E01004679,Works mainly from home,412,108,304
E01004680,10km to less than 20km,10,32,-22
E01004680,20km to less than 30km,1,7,-6
E01004680,2km to less than 5km,81,186,-105
E01004680,30km to less than 40km,0,2,-2
E01004680,40km to less than 60km,0,6,-6
E01004680,5km to less than 10km,16,121,-105
E01004680,60km and over,1,11,-10
E01004680,Less than 2km,67,192,-125
E01004680,"Works mainly at an offshore installation, in no fixed place, or outside the UK",40,43,-3
E01004680,Works mainly from home,420,161,259
E01004681,10km to less than 20km,54,103,-49
E01004681,20km to less than 30km,7,24,-17
E01004681,2km to less than 5km,118,361,-243
E01004681,30km to less than 40km,2,15,-13
E01004681,40km to less than 60km,11,14,-3
E01004681,5km to less than 10km,65,382,-317
E01004681,60km and over,8,28,-20
E01004681,Less than 2km,73,171,-98
E01004681,"Works mainly at an offshore installation, in no fixed place, or outside the UK",97,93,4
E01004681,Works mainly from home,678,152,526
E01004682,10km to less than 20km,9,73,-64
E01004682,20km to less than 30km,4,12,-8
E01004682,2km to less than 5km,78,236,-158
E01004682,30km to less than 40km,0,10,-10
E01004682,40km to less than 60km,1,12,-11
E01004682,5km to less than 10km,34,183,-149
E01004682,60km and over,3,18,-15
E01004682,Less than 2km,56,130,-74
E01004682,"Works mainly at an offshore installation, in no fixed place, or outside the UK",67,81,-14
E01004682,Works mainly from home,419,112,307
E01004683,10km to less than 20km,12,61,-49
E01004683,20km to less than 30km,3,20,-17
E01004683,2km to less than 5km,84,218,-134
E01004683,30km to less than 40km,1,8,-7
E01004683,40km to less than 60km,1,5,-4
E01004683,5km to less than 10km,29,192,-163
E01004683,60km and over,10,14,-4
E01004683,Less than 2km,95,162,-67
E01004683,"Works mainly at an offshore installation, in no fixed place, or outside the UK",62,86,-24
E01004683,Works mainly from home,555,181,374
E01004684,10km to less than 20km,10,37,-27
E01004684,20km to less than 30km,4,12,-8
E01004684,2km to less than 5km,60,108,-48
E01004684,30km to less than 40km,1,5,-4
E01004684,40km to less than 60km,0,4,-4
E01004684,5km to less than 10km,28,72,-44
E01004684,60km and over,3,7,-4
E01004684,Less than 2km,45,123,-78
E01004684,"Works mainly at an offshore installation, in no fixed place, or outside the UK",51,65,-14
E01004684,Works mainly from home,250,108,142
E01004686,10km to less than 20km,16,27,-11
E01004686,20km to less than 30km,1,13,-12
E01004686,2km to less than 5km,67,173,-106
E01004686,30km to less than 40km,0,0,0
E01004686,40km to less than 60km,9,4,5
E01004686,5km to less than 10km,27,101,-74
E01004686,60km and over,3,11,-8
E01004686,Less than 2km,84,170,-86
E01004686,"Works mainly at an offshore installation, in no fixed place, or outside the UK",65,69,-4
E01004686,Works mainly from home,369,85,284
E01004687,10km to less than 20km,7,13,-6
E01004687,20km to less than 30km,5,5,0
E01004687,2km to less than 5km,74,236,-162
E01004687,30km to less than 40km,2,3,-1
E01004687,40km to less than 60km,2,4,-2
E01004687,5km to less than 10km,29,115,-86
E01004687,60km and over,1,15,-14
E01004687,Less than 2km,39,202,-163
E01004687,"Works mainly at an offshore installation, in no fixed place, or outside the UK",56,46,10
E01004687,Works mainly from home,429,255,174
E01004690,10km to less than 20km,7,12,-5
E01004690,20km to less than 30km,0,5,-5
E01004690,2km to less than 5km,61,190,-129
E01004690,30km to less than 40km,1,1,0
E01004690,40km to less than 60km,0,3,-3
E01004690,5km to less than 10km,17,77,-60
E01004690,60km and over,6,13,-7
E01004690,Less than 2km,57,153,-96
E01004690,"Works mainly at an offshore installation, in no fixed place, or outside the UK",66,52,14
E01004690,Works mainly from home,295,210,85
E01004691,10km to less than 20km,12,23,-11
E01004691,20km to less than 30km,2,3,-1
E01004691,2km to less than 5km,72,150,-78
E01004691,30km to less than 40km,0,3,-3
E01004691,40km to less than 60km,1,4,-3
E01004691,5km to less than 10km,22,90,-68
E01004691,60km and over,3,17,-14
E01004691,Less than 2km,54,198,-144
E01004691,"Works mainly at an offshore installation, in no fixed place, or outside the UK",37,72,-35
E01004691,Works mainly from home,433,229,204
E01004692,10km to less than 20km,8,34,-26
E01004692,20km to less than 30km,1,5,-4
E01004692,2km to less than 5km,48,148,-100
E01004692,30km to less than 40km,0,1,-1
E01004692,40km to less than 60km,1,3,-2
E01004692,5km to less than 10km,17,117,-100
E01004692,60km and over,1,6,-5
E01004692,Less than 2km,47,116,-69
E01004692,"Works mainly at an offshore installation, in no fixed place, or outside the UK",63,62,1
E01004692,Works mainly from home,254,176,78
E01004693,10km to less than 20km,16,48,-32
E01004693,20km to less than 30km,1,5,-4
E01004693,2km to less than 5km,65,241,-176
E01004693,30km to less than 40km,0,5,-5
E01004693,40km to less than 60km,1,11,-10
E01004693,5km to less than 10km,40,239,-199
E01004693,60km and over,2,15,-13
E01004693,Less than 2km,31,70,-39
E01004693,"Works mainly at an offshore installation, in no fixed place, or outside the UK",37,41,-4
E01004693,Works mainly from home,412,112,300
E01004694,10km to less than 20km,13,70,-57
E01004694,20km to less than 30km,3,12,-9
E01004694,2km to less than 5km,99,322,-223
E01004694,30km to less than 40km,2,10,-8
E01004694,40km to less than 60km,1,7,-6
E01004694,5km to less than 10km,46,274,-228
E01004694,60km and over,4,17,-13
E01004694,Less than 2km,53,152,-99
E01004694,"Works mainly at an offshore installation, in no fixed place, or outside the UK",50,74,-24
E01004694,Works mainly from home,595,180,415
E01004695,10km to less than 20km,11,61,-50
E01004695,20km to less than 30km,1,10,-9
E01004695,2km to less than 5km,86,217,-131
E01004695,30km to less than 40km,1,2,-1
E01004695,40km to less than 60km,0,8,-8
E01004695,5km to less than 10km,40,215,-175
E01004695,60km and over,0,12,-12
E01004695,Less than 2km,20,81,-61
E01004695,"Works mainly at an offshore installation, in no fixed place, or outside the UK",38,63,-25
E01004695,Works mainly from home,364,108,256
E01004696,10km to less than 20km,14,32,-18
E01004696,20km to less than 30km,6,12,-6
E01004696,2km to less than 5km,127,174,-47
E01004696,30km to less than 40km,0,3,-3
E01004696,40km to less than 60km,2,3,-1
E01004696,5km to less than 10km,55,123,-68
E01004696,60km and over,3,10,-7
E01004696,Less than 2km,67,115,-48
E01004696,"Works mainly at an offshore installation, in no fixed place, or outside the UK",87,70,17
E01004696,Works mainly from home,291,75,216
E01004697,10km to less than 20km,18,75,-57
E01004697,20km to less than 30km,5,13,-8
E01004697,2km to less than 5km,150,273,-123
E01004697,30km to less than 40km,3,4,-1
E01004697,40km to less than 60km,3,11,-8
E01004697,5km to less than 10km,26,233,-207
E01004697,60km and over,5,13,-8
E01004697,Less than 2km,74,111,-37
E01004697,"Works mainly at an offshore installation, in no fixed place, or outside the UK",68,72,-4
E01004697,Works mainly from home,462,107,355
E01004698,10km to less than 20km,14,80,-66
E01004698,20km to less than 30km,7,10,-3
E01004698,2km to less than 5km,118,294,-176
E01004698,30km to less than 40km,2,6,-4
E01004698,40km to less than 60km,3,8,-5
E01004698,5km to less than 10km,64,226,-162
E01004698,60km and over,3,12,-9
E01004698,Less than 2km,65,128,-63
E01004698,"Works mainly at an offshore installation, in no fixed place, or outside the UK",63,86,-23
E01004698,Works mainly from home,436,135,301
E01004699,10km to less than 20km,24,80,-56
E01004699,20km to less than 30km,5,12,-7
E01004699,2km to less than 5km,120,433,-313
E01004699,30km to less than 40km,0,7,-7
E01004699,40km to less than 60km,0,10,-10
E01004699,5km to less than 10km,61,372,-311
E01004699,60km and over,10,16,-6
E01004699,Less than 2km,73,149,-76
E01004699,"Works mainly at an offshore installation, in no fixed place, or outside the UK",89,102,-13
E01004699,Works mainly from home,695,198,497
E01004700,10km to less than 20km,17,88,-71
E01004700,20km to less than 30km,5,13,-8
E01004700,2km to less than 5km,123,357,-234
E01004700,30km to less than 40km,1,12,-11
E01004700,40km to less than 60km,0,16,-16
E01004700,5km to less than 10km,49,286,-237
E01004700,60km and over,4,15,-11
E01004700,Less than 2km,40,130,-90
E01004700,"Works mainly at an offshore installation, in no fixed place, or outside the UK",78,78,0
E01004700,Works mainly from home,532,106,426
E01004701,10km to less than 20km,30,64,-34
E01004701,20km to less than 30km,4,9,-5
E01004701,2km to less than 5km,81,283,-202
E01004701,30km to less than 40km,2,12,-10
E01004701,40km to less than 60km,2,9,-7
E01004701,5km to less than 10km,53,263,-210
E01004701,60km and over,9,11,-2
E01004701,Less than 2km,57,96,-39
E01004701,"Works mainly at an offshore installation, in no fixed place, or outside the UK",40,72,-32
E01004701,Works mainly from home,594,109,485
E01004702,10km to less than 20km,26,49,-23
E01004702,20km to less than 30km,8,17,-9
E01004702,2km to less than 5km,186,294,-108
E01004702,30km to less than 40km,0,3,-3
E01004702,40km to less than 60km,6,6,0
E01004702,5km to less than 10km,86,139,-53
E01004702,60km and over,19,16,3
E01004702,Less than 2km,177,214,-37
E01004702,"Works mainly at an offshore installation, in no fixed place, or outside the UK",147,69,78
E01004702,Works mainly from home,410,73,337
E01004703,10km to less than 20km,21,90,-69
E01004703,20km to less than 30km,3,13,-10
E01004703,2km to less than 5km,105,355,-250
E01004703,30km to less than 40km,2,10,-8
E01004703,40km to less than 60km,0,10,-10
E01004703,5km to less than 10km,42,272,-230
E01004703,60km and over,11,14,-3
E01004703,Less than 2km,50,150,-100
E01004703,"Works mainly at an offshore installation, in no fixed place, or outside the UK",72,83,-11
E01004703,Works mainly from home,676,191,485
E01004705,10km to less than 20km,18,59,-41
E01004705,20km to less than 30km,3,13,-10
E01004705,2km to less than 5km,97,278,-181
E01004705,30km to less than 40km,2,6,-4
E01004705,40km to less than 60km,0,11,-11
E01004705,5km to less than 10km,48,227,-179
E01004705,60km and over,3,15,-12
E01004705,Less than 2km,24,90,-66
E01004705,"Works mainly at an offshore installation, in no fixed place, or outside the UK",50,54,-4
E01004705,Works mainly from home,484,137,347
E01004706,10km to less than 20km,30,90,-60
E01004706,20km to less than 30km,1,15,-14
E01004706,2km to less than 5km,89,282,-193
E01004706,30km to less than 40km,0,10,-10
E01004706,40km to less than 60km,5,12,-7
E01004706,5km to less than 10km,82,395,-313
E01004706,60km and over,7,12,-5
E01004706,Less than 2km,48,84,-36
E01004706,"Works mainly at an offshore installation, in no fixed place, or outside the UK",53,66,-13
E01004706,Works mainly from home,636,112,524
E01004707,10km to less than 20km,26,100,-74
E01004707,20km to less than 30km,6,23,-17
E01004707,2km to less than 5km,132,344,-212
E01004707,30km to less than 40km,1,10,-9
E01004707,40km to less than 60km,3,15,-12
E01004707,5km to less than 10km,67,404,-337
E01004707,60km and over,6,22,-16
E01004707,Less than 2km,66,144,-78
E01004707,"Works mainly at an offshore installation, in no fixed place, or outside the UK",59,84,-25
E01004707,Works mainly from home,811,158,653
E01004708,10km to less than 20km,28,57,-29
E01004708,20km to less than 30km,6,20,-14
E01004708,2km to less than 5km,139,275,-136
E01004708,30km to less than 40km,2,7,-5
E01004708,40km to less than 60km,0,8,-8
E01004708,5km to less than 10km,59,260,-201
E01004708,60km and over,2,12,-10
E01004708,Less than 2km,74,115,-41
E01004708,"Works mainly at an offshore installation, in no fixed place, or outside the UK",88,88,0
E01004708,Works mainly from home,482,102,380
E01004709,10km to less than 20km,24,50,-26
E01004709,20km to less than 30km,7,12,-5
E01004709,2km to less than 5km,110,215,-105
E01004709,30km to less than 40km,2,7,-5
E01004709,40km to less than 60km,1,10,-9
E01004709,5km to less than 10km,61,185,-124
E01004709,60km and over,6,10,-4
E01004709,Less than 2km,58,102,-44
E01004709,"Works mainly at an offshore installation, in no fixed place, or outside the UK",96,67,29
E01004709,Works mainly from home,424,74,350
E01004710,10km to less than 20km,34,30,4
E01004710,20km to less than 30km,13,10,3
E01004710,2km to less than 5km,121,181,-60
E01004710,30km to less than 40km,1,8,-7
E01004710,40km to less than 60km,2,3,-1
E01004710,5km to less than 10km,110,148,-38
E01004710,60km and over,3,5,-2
E01004710,Less than 2km,74,68,6
E01004710,"Works mainly at an offshore installation, in no fixed place, or outside the UK",89,54,35
E01004710,Works mainly from home,403,66,337
E01004711,10km to less than 20km,40,39,1
E01004711,20km to less than 30km,7,14,-7
E01004711,2km to less than 5km,174,227,-53
E01004711,30km to less than 40km,2,1,1
E01004711,40km to less than 60km,1,4,-3
E01004711,5km to less than 10km,76,244,-168
E01004711,60km and over,14,7,7
E01004711,Less than 2km,86,94,-8
E01004711,"Works mainly at an offshore installation, in no fixed place, or outside the UK",108,62,46
E01004711,Works mainly from home,361,65,296
E01004712,10km to less than 20km,15,33,-18
E01004712,20km to less than 30km,4,15,-11
E01004712,2km to less than 5km,70,277,-207
E01004712,30km to less than 40km,2,7,-5
E01004712,40km to less than 60km,0,9,-9
E01004712,5km to less than 10km,23,162,-139
E01004712,60km and over,5,12,-7
E01004712,Less than 2km,75,275,-200
E01004712,"Works mainly at an offshore installation, in no fixed place, or outside the UK",42,67,-25
E01004712,Works mainly from home,541,97,444
E01004713,10km to less than 20km,9,20,-11
E01004713,20km to less than 30km,2,11,-9
E01004713,2km to less than 5km,48,314,-266
E01004713,30km to less than 40km,0,5,-5
E01004713,40km to less than 60km,2,3,-1
E01004713,5km to less than 10km,39,146,-107
E01004713,60km and over,4,18,-14
E01004713,Less than 2km,100,393,-293
E01004713,"Works mainly at an offshore installation, in no fixed place, or outside the UK",47,63,-16
E01004713,Works mainly from home,504,235,269
E01004714,10km to less than 20km,16,25,-9
E01004714,20km to less than 30km,9,13,-4
E01004714,2km to less than 5km,86,355,-269
E01004714,30km to less than 40km,1,7,-6
E01004714,40km to less than 60km,2,7,-5
E01004714,5km to less than 10km,41,202,-161
E01004714,60km and over,12,22,-10
E01004714,Less than 2km,133,393,-260
E01004714,"Works mainly at an offshore installation, in no fixed place, or outside the UK",56,96,-40
E01004714,Works mainly from home,622,220,402
E01004715,10km to less than 20km,19,17,2
E01004715,20km to less than 30km,5,9,-4
E01004715,2km to less than 5km,60,155,-95
E01004715,30km to less than 40km,3,4,-1
E01004715,40km to less than 60km,0,4,-4
E01004715,5km to less than 10km,66,57,9
E01004715,60km and over,17,10,7
E01004715,Less than 2km,143,201,-58
E01004715,"Works mainly at an offshore installation, in no fixed place, or outside the UK",71,50,21
E01004715,Works mainly from home,436,91,345
E01004716,10km to less than 20km,11,19,-8
E01004716,20km to less than 30km,2,16,-14
E01004716,2km to less than 5km,74,264,-190
E01004716,30km to less than 40km,0,1,-1
E01004716,40km to less than 60km,0,5,-5
E01004716,5km to less than 10km,14,122,-108
E01004716,60km and over,0,21,-21
E01004716,Less than 2km,83,316,-233
E01004716,"Works mainly at an offshore installation, in no fixed place, or outside the UK",43,69,-26
E01004716,Works mainly from home,367,240,127
E01004717,10km to less than 20km,7,30,-23
E01004717,20km to less than 30km,4,15,-11
E01004717,2km to less than 5km,81,274,-193
E01004717,30km to less than 40km,3,3,0
E01004717,40km to less than 60km,3,5,-2
E01004717,5km to less than 10km,41,171,-130
E01004717,60km and over,4,14,-10
E01004717,Less than 2km,81,273,-192
E01004717,"Works mainly at an offshore installation, in no fixed place, or outside the UK",62,57,5
E01004717,Works mainly from home,505,149,356
E01004718,10km to less than 20km,29,58,-29
E01004718,20km to less than 30km,3,4,-1
E01004718,2km to less than 5km,153,284,-131
E01004718,30km to less than 40km,3,7,-4
E01004718,40km to less than 60km,3,1,2
E01004718,5km to less than 10km,103,261,-158
E01004718,60km and over,6,9,-3
E01004718,Less than 2km,106,103,3
E01004718,"Works mainly at an offshore installation, in no fixed place, or outside the UK",118,98,20
E01004718,Works mainly from home,402,86,316
E01004719,10km to less than 20km,32,55,-23
E01004719,20km to less than 30km,3,10,-7
E01004719,2km to less than 5km,155,213,-58
E01004719,30km to less than 40km,2,7,-5
E01004719,40km to less than 60km,1,4,-3
E01004719,5km to less than 10km,90,262,-172
E01004719,60km and over,7,15,-8
E01004719,Less than 2km,75,102,-27
E01004719,"Works mainly at an offshore installation, in no fixed place, or outside the UK",138,83,55
E01004719,Works mainly from home,368,84,284
E01004720,10km to less than 20km,20,55,-35
E01004720,20km to less than 30km,11,6,5
E01004720,2km to less than 5km,147,202,-55
E01004720,30km to less than 40km,1,1,0
E01004720,40km to less than 60km,0,0,0
E01004720,5km to less than 10km,152,253,-101
E01004720,60km and over,8,12,-4
E01004720,Less than 2km,134,110,24
E01004720,"Works mainly at an offshore installation, in no fixed place, or outside the UK",161,75,86
E01004720,Works mainly from home,347,86,261
E01004721,10km to less than 20km,35,37,-2
E01004721,20km to less than 30km,3,10,-7
E01004721,2km to less than 5km,124,217,-93
E01004721,30km to less than 40km,1,1,0
E01004721,40km to less than 60km,1,7,-6
E01004721,5km to less than 10km,114,243,-129
E01004721,60km and over,4,7,-3
E01004721,Less than 2km,71,131,-60
E01004721,"Works mainly at an offshore installation, in no fixed place, or outside the UK",116,82,34
E01004721,Works mainly from home,262,66,196
E01004722,10km to less than 20km,30,69,-39
E01004722,20km to less than 30km,8,10,-2
E01004722,2km to less than 5km,216,248,-32
E01004722,30km to less than 40km,1,4,-3
E01004722,40km to less than 60km,5,5,0
E01004722,5km to less than 10km,166,217,-51
E01004722,60km and over,6,15,-9
E01004722,Less than 2km,119,118,1
E01004722,"Works mainly at an offshore installation, in no fixed place, or outside the UK",171,67,104
E01004722,Works mainly from home,308,59,249
E01004723,10km to less than 20km,36,68,-32
E01004723,20km to less than 30km,6,20,-14
E01004723,2km to less than 5km,181,310,-129
E01004723,30km to less than 40km,3,5,-2
E01004723,40km to less than 60km,3,12,-9
E01004723,5km to less than 10km,137,323,-186
E01004723,60km and over,5,13,-8
E01004723,Less than 2km,70,98,-28
E01004723,"Works mainly at an offshore installation, in no fixed place, or outside the UK",118,89,29
E01004723,Works mainly from home,502,113,389
E01004724,10km to less than 20km,28,70,-42
E01004724,20km to less than 30km,5,9,-4
E01004724,2km to less than 5km,135,256,-121
E01004724,30km to less than 40km,2,3,-1
E01004724,40km to less than 60km,0,7,-7
E01004724,5km to less than 10km,40,206,-166
E01004724,60km and over,6,7,-1
E01004724,Less than 2km,87,116,-29
E01004724,"Works mainly at an offshore installation, in no fixed place, or outside the UK",73,68,5
E01004724,Works mainly from home,599,148,451
E01004725,10km to less than 20km,10,48,-38
E01004725,20km to less than 30km,3,8,-5
E01004725,2km to less than 5km,73,135,-62
E01004725,30km to less than 40km,0,2,-2
E01004725,40km to less than 60km,0,8,-8
E01004725,5km to less than 10km,37,87,-50
E01004725,60km and over,2,9,-7
E01004725,Less than 2km,57,92,-35
E01004725,"Works mainly at an offshore installation, in no fixed place, or outside the UK",51,64,-13
E01004725,Works mainly from home,278,79,199
E01004726,10km to less than 20km,22,72,-50
E01004726,20km to less than 30km,0,18,-18
E01004726,2km to less than 5km,111,247,-136
E01004726,30km to less than 40km,0,8,-8
E01004726,40km to less than 60km,1,7,-6
E01004726,5km to less than 10km,47,225,-178
E01004726,60km and over,3,10,-7
E01004726,Less than 2km,34,85,-51
E01004726,"Works mainly at an offshore installation, in no fixed place, or outside the UK",57,59,-2
E01004726,Works mainly from home,538,146,392
E01004727,10km to less than 20km,17,79,-62
E01004727,20km to less than 30km,1,21,-20
E01004727,2km to less than 5km,64,289,-225
E01004727,30km to less than 40km,4,6,-2
E01004727,40km to less than 60km,3,8,-5
E01004727,5km to less than 10km,35,208,-173
E01004727,60km and over,0,12,-12
E01004727,Less than 2km,73,167,-94
E01004727,"Works mainly at an offshore installation, in no fixed place, or outside the UK",62,55,7
E01004727,Works mainly from home,556,165,391
E01004728,10km to less than 20km,47,64,-17
E01004728,20km to less than 30km,2,11,-9
E01004728,2km to less than 5km,78,235,-157
E01004728,30km to less than 40km,0,3,-3
E01004728,40km to less than 60km,1,6,-5
E01004728,5km to less than 10km,32,136,-104
E01004728,60km and over,5,10,-5
E01004728,Less than 2km,58,97,-39
E01004728,"Works mainly at an offshore installation, in no fixed place, or outside the UK",55,55,0
E01004728,Works mainly from home,426,85,341
E01004729,10km to less than 20km,8,45,-37
E01004729,20km to less than 30km,4,9,-5
E01004729,2km to less than 5km,91,191,-100
E01004729,30km to less than 40km,0,4,-4
E01004729,40km to less than 60km,0,5,-5
E01004729,5km to less than 10km,33,147,-114
E01004729,60km and over,1,13,-12
E01004729,Less than 2km,72,87,-15
E01004729,"Works mainly at an offshore installation, in no fixed place, or outside the UK",66,43,23
E01004729,Works mainly from home,333,79,254
E01004730,10km to less than 20km,16,64,-48
E01004730,20km to less than 30km,3,11,-8
E01004730,2km to less than 5km,88,231,-143
E01004730,30km to less than 40km,2,6,-4
E01004730,40km to less than 60km,0,5,-5
E01004730,5km to less than 10km,32,172,-140
E01004730,60km and over,5,11,-6
E01004730,Less than 2km,35,66,-31
E01004730,"Works mainly at an offshore installation, in no fixed place, or outside the UK",41,58,-17
E01004730,Works mainly from home,470,149,321
E01004731,10km to less than 20km,11,31,-20
E01004731,20km to less than 30km,5,16,-11
E01004731,2km to less than 5km,118,386,-268
E01004731,30km to less than 40km,3,4,-1
E01004731,40km to less than 60km,3,9,-6
E01004731,5km to less than 10km,56,124,-68
E01004731,60km and over,4,20,-16
E01004731,Less than 2km,197,332,-135
E01004731,"Works mainly at an offshore installation, in no fixed place, or outside the UK",77,71,6
E01004731,Works mainly from home,761,197,564
E01004732,10km to less than 20km,12,23,-11
E01004732,20km to less than 30km,2,8,-6
E01004732,2km to less than 5km,97,201,-104
E01004732,30km to less than 40km,2,2,0
E01004732,40km to less than 60km,1,3,-2
E01004732,5km to less than 10km,31,59,-28
E01004732,60km and over,2,10,-8
E01004732,Less than 2km,82,174,-92
E01004732,"Works mainly at an offshore installation, in no fixed place, or outside the UK",78,47,31
E01004732,Works mainly from home,208,41,167
E01004733,10km to less than 20km,13,21,-8
E01004733,20km to less than 30km,12,11,1
E01004733,2km to less than 5km,138,357,-219
E01004733,30km to less than 40km,4,2,2
E01004733,40km to less than 60km,3,8,-5
E01004733,5km to less than 10km,50,142,-92
E01004733,60km and over,11,34,-23
E01004733,Less than 2km,120,328,-208
E01004733,"Works mainly at an offshore installation, in no fixed place, or outside the UK",60,65,-5
E01004733,Works mainly from home,718,149,569
E01004734,10km to less than 20km,16,32,-16
E01004734,20km to less than 30km,6,7,-1
E01004734,2km to less than 5km,92,231,-139
E01004734,30km to less than 40km,0,2,-2
E01004734,40km to less than 60km,7,7,0
E01004734,5km to less than 10km,51,80,-29
E01004734,60km and over,5,14,-9
E01004734,Less than 2km,158,448,-290
E01004734,"Works mainly at an offshore installation, in no fixed place, or outside the UK",91,105,-14
E01004734,Works mainly from home,471,183,288
E01004735,10km to less than 20km,21,22,-1
E01004735,20km to less than 30km,6,5,1
E01004735,2km to less than 5km,95,237,-142
E01004735,30km to less than 40km,0,5,-5
E01004735,40km to less than 60km,1,7,-6
E01004735,5km to less than 10km,46,75,-29
E01004735,60km and over,18,19,-1
E01004735,Less than 2km,120,381,-261
E01004735,"Works mainly at an offshore installation, in no fixed place, or outside the UK",79,75,4
E01004735,Works mainly from home,584,149,435
E01004736,10km to less than 20km,7,21,-14
E01004736,20km to less than 30km,3,4,-1
E01004736,2km to less than 5km,58,206,-148
E01004736,30km to less than 40km,24,3,21
E01004736,40km to less than 60km,0,7,-7
E01004736,5km to less than 10km,20,52,-32
E01004736,60km and over,3,28,-25
E01004736,Less than 2km,154,441,-287
E01004736,"Works mainly at an offshore installation, in no fixed place, or outside the UK",105,75,30
E01004736,Works mainly from home,501,318,183
E01004737,10km to less than 20km,15,21,-6
E01004737,20km to less than 30km,5,7,-2
E01004737,2km to less than 5km,108,275,-167
E01004737,30km to less than 40km,4,3,1
E01004737,40km to less than 60km,0,4,-4
E01004737,5km to less than 10km,45,77,-32
E01004737,60km and over,7,8,-1
E01004737,Less than 2km,51,112,-61
E01004737,"Works mainly at an offshore installation, in no fixed place, or outside the UK",77,65,12
E01004737,Works mainly from home,281,62,219
E01004740,10km to less than 20km,15,39,-24
E01004740,20km to less than 30km,1,6,-5
E01004740,2km to less than 5km,94,265,-171
E01004740,30km to less than 40km,0,7,-7
E01004740,40km to less than 60km,2,1,1
E01004740,5km to less than 10km,47,87,-40
E01004740,60km and over,7,8,-1
E01004740,Less than 2km,65,142,-77
E01004740,"Works mainly at an offshore installation, in no fixed place, or outside the UK",81,60,21
E01004740,Works mainly from home,251,60,191
E01004741,10km to less than 20km,22,26,-4
E01004741,20km to less than 30km,2,9,-7
E01004741,2km to less than 5km,107,318,-211
E01004741,30km to less than 40km,1,5,-4
E01004741,40km to less than 60km,0,5,-5
E01004741,5km to less than 10km,52,99,-47
E01004741,60km and over,3,13,-10
E01004741,Less than 2km,58,139,-81
E01004741,"Works mainly at an offshore installation, in no fixed place, or outside the UK",63,54,9
E01004741,Works mainly from home,406,56,350
E01004742,10km to less than 20km,12,39,-27
E01004742,20km to less than 30km,6,11,-5
E01004742,2km to less than 5km,101,415,-314
E01004742,30km to less than 40km,0,5,-5
E01004742,40km to less than 60km,0,8,-8
E01004742,5km to less than 10km,38,143,-105
E01004742,60km and over,2,8,-6
E01004742,Less than 2km,68,162,-94
E01004742,"Works mainly at an offshore installation, in no fixed place, or outside the UK",81,66,15
E01004742,Works mainly from home,533,104,429
E01004743,10km to less than 20km,17,20,-3
E01004743,20km to less than 30km,6,12,-6
E01004743,2km to less than 5km,106,273,-167
E01004743,30km to less than 40km,7,7,0
E01004743,40km to less than 60km,1,8,-7
E01004743,5km to less than 10km,53,81,-28
E01004743,60km and over,2,14,-12
E01004743,Less than 2km,99,172,-73
E01004743,"Works mainly at an offshore installation, in no fixed place, or outside the UK",78,56,22
E01004743,Works mainly from home,385,74,311
E01004744,10km to less than 20km,18,30,-12
E01004744,20km to less than 30km,4,7,-3
E01004744,2km to less than 5km,82,209,-127
E01004744,30km to less than 40km,1,7,-6
E01004744,40km to less than 60km,3,8,-5
E01004744,5km to less than 10km,27,76,-49
E01004744,60km and over,4,16,-12
E01004744,Less than 2km,121,216,-95
E01004744,"Works mainly at an offshore installation, in no fixed place, or outside the UK",59,51,8
E01004744,Works mainly from home,326,75,251
E01004746,10km to less than 20km,13,28,-15
E01004746,20km to less than 30km,3,5,-2
E01004746,2km to less than 5km,86,248,-162
E01004746,30km to less than 40km,3,6,-3
E01004746,40km to less than 60km,3,4,-1
E01004746,5km to less than 10km,45,77,-32
E01004746,60km and over,3,12,-9
E01004746,Less than 2km,87,165,-78
E01004746,"Works mainly at an offshore installation, in no fixed place, or outside the UK",76,54,22
E01004746,Works mainly from home,245,61,184
E01004747,10km to less than 20km,17,37,-20
E01004747,20km to less than 30km,8,14,-6
E01004747,2km to less than 5km,217,471,-254
E01004747,30km to less than 40km,1,11,-10
E01004747,40km to less than 60km,4,7,-3
E01004747,5km to less than 10km,79,146,-67
E01004747,60km and over,4,29,-25
E01004747,Less than 2km,112,326,-214
E01004747,"Works mainly at an offshore installation, in no fixed place, or outside the UK",72,80,-8
E01004747,Works mainly from home,632,116,516
E01004748,10km to less than 20km,6,21,-15
E01004748,20km to less than 30km,2,8,-6
E01004748,2km to less than 5km,72,241,-169
E01004748,30km to less than 40km,2,8,-6
E01004748,40km to less than 60km,0,6,-6
E01004748,5km to less than 10km,26,76,-50
E01004748,60km and over,5,14,-9
E01004748,Less than 2km,48,173,-125
E01004748,"Works mainly at an offshore installation, in no fixed place, or outside the UK",34,42,-8
E01004748,Works mainly from home,367,158,209
E01004749,10km to less than 20km,24,42,-18
E01004749,20km to less than 30km,8,13,-5
E01004749,2km to less than 5km,139,523,-384
E01004749,30km to less than 40km,1,6,-5
E01004749,40km to less than 60km,5,8,-3
E01004749,5km to less than 10km,84,221,-137
E01004749,60km and over,11,29,-18
E01004749,Less than 2km,110,297,-187
E01004749,"Works mainly at an offshore installation, in no fixed place, or outside the UK",86,96,-10
E01004749,Works mainly from home,786,195,591
E01004750,10km to less than 20km,12,36,-24
E01004750,20km to less than 30km,2,9,-7
E01004750,2km to less than 5km,91,314,-223
E01004750,30km to less than 40km,1,1,0
E01004750,40km to less than 60km,3,6,-3
E01004750,5km to less than 10km,42,150,-108
E01004750,60km and over,9,13,-4
E01004750,Less than 2km,102,219,-117
E01004750,"Works mainly at an offshore installation, in no fixed place, or outside the UK",90,56,34
E01004750,Works mainly from home,358,104,254
E01004751,10km to less than 20km,6,44,-38
E01004751,20km to less than 30km,3,7,-4
E01004751,2km to less than 5km,109,460,-351
E01004751,30km to less than 40km,2,9,-7
E01004751,40km to less than 60km,0,3,-3
E01004751,5km to less than 10km,44,201,-157
E01004751,60km and over,4,15,-11
E01004751,Less than 2km,55,202,-147
E01004751,"Works mainly at an offshore installation, in no fixed place, or outside the UK",73,69,4
E01004751,Works mainly from home,616,138,478
E01004752,10km to less than 20km,15,40,-25
E01004752,20km to less than 30km,6,9,-3
E01004752,2km to less than 5km,104,375,-271
E01004752,30km to less than 40km,1,7,-6
E01004752,40km to less than 60km,2,6,-4
E01004752,5km to less than 10km,93,135,-42
E01004752,60km and over,1,12,-11
E01004752,Less than 2km,63,193,-130
E01004752,"Works mainly at an offshore installation, in no fixed place, or outside the UK",81,75,6
E01004752,Works mainly from home,413,80,333
E01004753,10km to less than 20km,12,42,-30
E01004753,20km to less than 30km,0,16,-16
E01004753,2km to less than 5km,160,435,-275
E01004753,30km to less than 40km,2,4,-2
E01004753,40km to less than 60km,4,10,-6
E01004753,5km to less than 10km,58,224,-166
E01004753,60km and over,7,24,-17
E01004753,Less than 2km,86,219,-133
E01004753,"Works mainly at an offshore installation, in no fixed place, or outside the UK",101,90,11
E01004753,Works mainly from home,603,116,487
E01004754,10km to less than 20km,27,38,-11
E01004754,20km to less than 30km,2,9,-7
E01004754,2km to less than 5km,128,154,-26
E01004754,30km to less than 40km,2,5,-3
E01004754,40km to less than 60km,2,4,-2
E01004754,5km to less than 10km,53,109,-56
E01004754,60km and over,6,5,1
E01004754,Less than 2km,95,117,-22
E01004754,"Works mainly at an offshore installation, in no fixed place, or outside the UK",99,36,63
E01004754,Works mainly from home,248,43,205
E01004755,10km to less than 20km,27,43,-16
E01004755,20km to less than 30km,0,6,-6
E01004755,2km to less than 5km,207,244,-37
E01004755,30km to less than 40km,14,2,12
E01004755,40km to less than 60km,2,11,-9
E01004755,5km to less than 10km,121,210,-89
E01004755,60km and over,3,10,-7
E01004755,Less than 2km,165,167,-2
E01004755,"Works mainly at an offshore installation, in no fixed place, or outside the UK",146,68,78
E01004755,Works mainly from home,475,69,406
E01004756,10km to less than 20km,20,77,-57
E01004756,20km to less than 30km,5,25,-20
E01004756,2km to less than 5km,131,343,-212
E01004756,30km to less than 40km,7,6,1
E01004756,40km to less than 60km,1,10,-9
E01004756,5km to less than 10km,75,327,-252
E01004756,60km and over,2,21,-19
E01004756,Less than 2km,71,164,-93
E01004756,"Works mainly at an offshore installation, in no fixed place, or outside the UK",75,99,-24
E01004756,Works mainly from home,465,143,322
E01004757,10km to less than 20km,24,43,-19
E01004757,20km to less than 30km,8,12,-4
E01004757,2km to less than 5km,112,186,-74
E01004757,30km to less than 40km,1,8,-7
E01004757,40km to less than 60km,2,7,-5
E01004757,5km to less than 10km,53,77,-24
E01004757,60km and over,9,6,3
E01004757,Less than 2km,84,116,-32
E01004757,"Works mainly at an offshore installation, in no fixed place, or outside the UK",101,63,38
E01004757,Works mainly from home,260,39,221
E01004760,10km to less than 20km,11,47,-36
E01004760,20km to less than 30km,3,9,-6
E01004760,2km to less than 5km,115,253,-138
E01004760,30km to less than 40km,3,3,0
E01004760,40km to less than 60km,1,2,-1
E01004760,5km to less than 10km,91,214,-123
E01004760,60km and over,1,4,-3
E01004760,Less than 2km,93,98,-5
E01004760,"Works mainly at an offshore installation, in no fixed place, or outside the UK",106,87,19
E01004760,Works mainly from home,420,113,307
E01004761,10km to less than 20km,5,24,-19
E01004761,20km to less than 30km,1,9,-8
E01004761,2km to less than 5km,50,278,-228
E01004761,30km to less than 40km,1,13,-12
E01004761,40km to less than 60km,2,9,-7
E01004761,5km to less than 10km,21,101,-80
E01004761,60km and over,8,20,-12
E01004761,Less than 2km,108,360,-252
E01004761,"Works mainly at an offshore installation, in no fixed place, or outside the UK",70,80,-10
E01004761,Works mainly from home,359,292,67
E01004762,10km to less than 20km,8,29,-21
E01004762,20km to less than 30km,2,7,-5
E01004762,2km to less than 5km,52,243,-191
E01004762,30km to less than 40km,0,5,-5
E01004762,40km to less than 60km,1,2,-1
E01004762,5km to less than 10km,25,119,-94
E01004762,60km and over,5,21,-16
E01004762,Less than 2km,100,290,-190
E01004762,"Works mainly at an offshore installation, in no fixed place, or outside the UK",105,82,23
E01004762,Works mainly from home,455,290,165
E01004763,10km to less than 20km,19,35,-16
E01004763,20km to less than 30km,3,14,-11
E01004763,2km to less than 5km,104,274,-170
E01004763,30km to less than 40km,6,11,-5
E01004763,40km to less than 60km,0,12,-12
E01004763,5km to less than 10km,35,117,-82
E01004763,60km and over,7,5,2
E01004763,Less than 2km,233,624,-391
E01004763,"Works mainly at an offshore installation, in no fixed place, or outside the UK",67,143,-76
E01004763,Works mainly from home,697,248,449
E01004765,10km to less than 20km,16,26,-10
E01004765,20km to less than 30km,14,5,9
E01004765,2km to less than 5km,94,349,-255
E01004765,30km to less than 40km,2,7,-5
E01004765,40km to less than 60km,1,5,-4
E01004765,5km to less than 10km,34,107,-73
E01004765,60km and over,2,18,-16
E01004765,Less than 2km,185,365,-180
E01004765,"Works mainly at an offshore installation, in no fixed place, or outside the UK",76,82,-6
E01004765,Works mainly from home,544,215,329
E01032512,10km to less than 20km,23,54,-31
E01032512,20km to less than 30km,4,9,-5
E01032512,2km to less than 5km,207,283,-76
E01032512,30km to less than 40km,1,5,-4
E01032512,40km to less than 60km,3,5,-2
E01032512,5km to less than 10km,90,164,-74
E01032512,60km and over,3,7,-4
E01032512,Less than 2km,117,180,-63
E01032512,"Works mainly at an offshore installation, in no fixed place, or outside the UK",145,87,58
E01032512,Works mainly from home,284,63,221
E01032513,10km to less than 20km,25,23,2
E01032513,20km to less than 30km,7,4,3
E01032513,2km to less than 5km,94,148,-54
E01032513,30km to less than 40km,1,0,1
E01032513,40km to less than 60km,2,2,0
E01032513,5km to less than 10km,53,107,-54
E01032513,60km and over,5,6,-1
E01032513,Less than 2km,66,80,-14
E01032513,"Works mainly at an offshore installation, in no fixed place, or outside the UK",75,51,24
E01032513,Works mainly from home,168,54,114
E01032562,10km to less than 20km,97,156,-59
E01032562,20km to less than 30km,13,14,-1
E01032562,2km to less than 5km,118,127,-9
E01032562,30km to less than 40km,4,6,-2
E01032562,40km to less than 60km,3,2,1
E01032562,5km to less than 10km,97,120,-23
E01032562,60km and over,8,4,4
E01032562,Less than 2km,68,70,-2
E01032562,"Works mainly at an offshore installation, in no fixed place, or outside the UK",133,78,55
E01032562,Works mainly from home,167,42,125
E01032563,10km to less than 20km,59,205,-146
E01032563,20km to less than 30km,7,11,-4
E01032563,2km to less than 5km,53,90,-37
E01032563,30km to less than 40km,5,7,-2
E01032563,40km to less than 60km,4,2,2
E01032563,5km to less than 10km,80,124,-44
E01032563,60km and over,2,3,-1
E01032563,Less than 2km,39,56,-17
E01032563,"Works mainly at an offshore installation, in no fixed place, or outside the UK",83,71,12
E01032563,Works mainly from home,315,90,225
E01032564,10km to less than 20km,74,144,-70
E01032564,20km to less than 30km,7,12,-5
E01032564,2km to less than 5km,92,104,-12
E01032564,30km to less than 40km,1,5,-4
E01032564,40km to less than 60km,1,8,-7
E01032564,5km to less than 10km,98,114,-16
E01032564,60km and over,10,8,2
E01032564,Less than 2km,48,43,5
E01032564,"Works mainly at an offshore installation, in no fixed place, or outside the UK",104,51,53
E01032564,Works mainly from home,159,30,129
E01032565,10km to less than 20km,88,162,-74
E01032565,20km to less than 30km,2,9,-7
E01032565,2km to less than 5km,132,119,13
E01032565,30km to less than 40km,3,2,1
E01032565,40km to less than 60km,1,0,1
E01032565,5km to less than 10km,86,85,1
E01032565,60km and over,1,5,-4
E01032565,Less than 2km,51,64,-13
E01032565,"Works mainly at an offshore installation, in no fixed place, or outside the UK",124,56,68
E01032565,Works mainly from home,183,36,147
E01032566,10km to less than 20km,163,226,-63
E01032566,20km to less than 30km,26,30,-4
E01032566,2km to less than 5km,107,141,-34
E01032566,30km to less than 40km,12,8,4
E01032566,40km to less than 60km,7,6,1
E01032566,5km to less than 10km,113,154,-41
E01032566,60km and over,5,10,-5
E01032566,Less than 2km,30,59,-29
E01032566,"Works mainly at an offshore installation, in no fixed place, or outside the UK",176,82,94
E01032566,Works mainly from home,264,34,230
E01032567,10km to less than 20km,104,209,-105
E01032567,20km to less than 30km,22,28,-6
E01032567,2km to less than 5km,119,132,-13
E01032567,30km to less than 40km,10,13,-3
E01032567,40km to less than 60km,1,3,-2
E01032567,5km to less than 10km,112,133,-21
E01032567,60km and over,15,14,1
E01032567,Less than 2km,40,53,-13
E01032567,"Works mainly at an offshore installation, in no fixed place, or outside the UK",125,85,40
E01032567,Works mainly from home,255,75,180
E01032568,10km to less than 20km,91,252,-161
E01032568,20km to less than 30km,7,20,-13
E01032568,2km to less than 5km,115,119,-4
E01032568,30km to less than 40km,1,7,-6
E01032568,40km to less than 60km,6,5,1
E01032568,5km to less than 10km,86,95,-9
E01032568,60km and over,5,5,0
E01032568,Less than 2km,51,73,-22
E01032568,"Works mainly at an offshore installation, in no fixed place, or outside the UK",115,83,32
E01032568,Works mainly from home,271,58,213
E01032569,10km to less than 20km,108,133,-25
E01032569,20km to less than 30km,15,18,-3
E01032569,2km to less than 5km,143,191,-48
E01032569,30km to less than 40km,4,5,-1
E01032569,40km to less than 60km,4,3,1
E01032569,5km to less than 10km,131,116,15
E01032569,60km and over,4,11,-7
E01032569,Less than 2km,48,86,-38
E01032569,"Works mainly at an offshore installation, in no fixed place, or outside the UK",142,63,79
E01032569,Works mainly from home,180,40,140
E01032570,10km to less than 20km,125,174,-49
E01032570,20km to less than 30km,50,144,-94
E01032570,2km to less than 5km,20,23,-3
E01032570,30km to less than 40km,5,10,-5
E01032570,40km to less than 60km,1,10,-9
E01032570,5km to less than 10km,84,93,-9
E01032570,60km and over,1,10,-9
E01032570,Less than 2km,54,99,-45
E01032570,"Works mainly at an offshore installation, in no fixed place, or outside the UK",142,77,65
E01032570,Works mainly from home,261,109,152
E01032572,10km to less than 20km,50,254,-204
E01032572,20km to less than 30km,8,26,-18
E01032572,2km to less than 5km,81,141,-60
E01032572,30km to less than 40km,1,14,-13
E01032572,40km to less than 60km,0,7,-7
E01032572,5km to less than 10km,85,274,-189
E01032572,60km and over,2,10,-8
E01032572,Less than 2km,64,100,-36
E01032572,"Works mainly at an offshore installation, in no fixed place, or outside the UK",86,66,20
E01032572,Works mainly from home,566,110,456
E01032573,10km to less than 20km,71,287,-216
E01032573,20km to less than 30km,15,36,-21
E01032573,2km to less than 5km,81,180,-99
E01032573,30km to less than 40km,6,25,-19
E01032573,40km to less than 60km,4,12,-8
E01032573,5km to less than 10km,97,251,-154
E01032573,60km and over,6,11,-5
E01032573,Less than 2km,64,149,-85
E01032573,"Works mainly at an offshore installation, in no fixed place, or outside the UK",85,116,-31
E01032573,Works mainly from home,614,152,462
E01032574,10km to less than 20km,122,170,-48
E01032574,20km to less than 30km,18,23,-5
E01032574,2km to less than 5km,96,145,-49
E01032574,30km to less than 40km,7,11,-4
E01032574,40km to less than 60km,1,3,-2
E01032574,5km to less than 10km,117,154,-37
E01032574,60km and over,18,8,10
E01032574,Less than 2km,139,136,3
E01032574,"Works mainly at an offshore installation, in no fixed place, or outside the UK",183,83,100
E01032574,Works mainly from home,159,61,98
E01032575,10km to less than 20km,166,175,-9
E01032575,20km to less than 30km,9,17,-8
E01032575,2km to less than 5km,117,108,9
E01032575,30km to less than 40km,8,6,2
E01032575,40km to less than 60km,1,1,0
E01032575,5km to less than 10km,152,153,-1
E01032575,60km and over,9,7,2
E01032575,Less than 2km,83,71,12
E01032575,"Works mainly at an offshore installation, in no fixed place, or outside the UK",163,96,67
E01032575,Works mainly from home,169,45,124
E01032576,10km to less than 20km,109,205,-96
E01032576,20km to less than 30km,44,88,-44
E01032576,2km to less than 5km,100,120,-20
E01032576,30km to less than 40km,7,11,-4
E01032576,40km to less than 60km,1,5,-4
E01032576,5km to less than 10km,89,151,-62
E01032576,60km and over,9,7,2
E01032576,Less than 2km,54,92,-38
E01032576,"Works mainly at an offshore installation, in no fixed place, or outside the UK",133,74,59
E01032576,Works mainly from home,308,69,239
E01032577,10km to less than 20km,112,197,-85
E01032577,20km to less than 30km,32,61,-29
E01032577,2km to less than 5km,93,119,-26
E01032577,30km to less than 40km,7,15,-8
E01032577,40km to less than 60km,5,4,1
E01032577,5km to less than 10km,114,196,-82
E01032577,60km and over,4,12,-8
E01032577,Less than 2km,64,74,-10
E01032577,"Works mainly at an offshore installation, in no fixed place, or outside the UK",146,97,49
E01032577,Works mainly from home,315,64,251
E01032579,10km to less than 20km,89,104,-15
E01032579,20km to less than 30km,2,7,-5
E01032579,2km to less than 5km,74,105,-31
E01032579,30km to less than 40km,5,4,1
E01032579,40km to less than 60km,2,1,1
E01032579,5km to less than 10km,211,275,-64
E01032579,60km and over,8,16,-8
E01032579,Less than 2km,87,88,-1
E01032579,"Works mainly at an offshore installation, in no fixed place, or outside the UK",120,86,34
E01032579,Works mainly from home,598,39,559
E01032580,10km to less than 20km,72,112,-40
E01032580,20km to less than 30km,23,25,-2
E01032580,2km to less than 5km,105,133,-28
E01032580,30km to less than 40km,6,6,0
E01032580,40km to less than 60km,5,3,2
E01032580,5km to less than 10km,84,57,27
E01032580,60km and over,6,15,-9
E01032580,Less than 2km,54,62,-8
E01032580,"Works mainly at an offshore installation, in no fixed place, or outside the UK",137,72,65
E01032580,Works mainly from home,140,40,100
E01032581,10km to less than 20km,144,251,-107
E01032581,20km to less than 30km,46,51,-5
E01032581,2km to less than 5km,105,121,-16
E01032581,30km to less than 40km,11,5,6
E01032581,40km to less than 60km,3,9,-6
E01032581,5km to less than 10km,75,109,-34
E01032581,60km and over,10,15,-5
E01032581,Less than 2km,69,61,8
E01032581,"Works mainly at an offshore installation, in no fixed place, or outside the UK",211,82,129
E01032581,Works mainly from home,219,44,175
E01032582,10km to less than 20km,47,54,-7
E01032582,20km to less than 30km,5,21,-16
E01032582,2km to less than 5km,141,365,-224
E01032582,30km to less than 40km,3,7,-4
E01032582,40km to less than 60km,7,9,-2
E01032582,5km to less than 10km,96,122,-26
E01032582,60km and over,5,13,-8
E01032582,Less than 2km,176,284,-108
E01032582,"Works mainly at an offshore installation, in no fixed place, or outside the UK",132,96,36
E01032582,Works mainly from home,628,97,531
E01032583,10km to less than 20km,41,52,-11
E01032583,20km to less than 30km,7,10,-3
E01032583,2km to less than 5km,141,252,-111
E01032583,30km to less than 40km,7,7,0
E01032583,40km to less than 60km,3,7,-4
E01032583,5km to less than 10km,102,100,2
E01032583,60km and over,8,14,-6
E01032583,Less than 2km,158,276,-118
E01032583,"Works mainly at an offshore installation, in no fixed place, or outside the UK",81,59,22
E01032583,Works mainly from home,556,78,478
E01032584,10km to less than 20km,21,39,-18
E01032584,20km to less than 30km,3,12,-9
E01032584,2km to less than 5km,105,225,-120
E01032584,30km to less than 40km,0,4,-4
E01032584,40km to less than 60km,4,10,-6
E01032584,5km to less than 10km,70,79,-9
E01032584,60km and over,4,17,-13
E01032584,Less than 2km,96,167,-71
E01032584,"Works mainly at an offshore installation, in no fixed place, or outside the UK",59,64,-5
E01032584,Works mainly from home,326,64,262
E01032623,10km to less than 20km,62,152,-90
E01032623,20km to less than 30km,26,84,-58
E01032623,2km to less than 5km,83,130,-47
E01032623,30km to less than 40km,5,14,-9
E01032623,40km to less than 60km,3,6,-3
E01032623,5km to less than 10km,83,129,-46
E01032623,60km and over,8,14,-6
E01032623,Less than 2km,28,70,-42
E01032623,"Works mainly at an offshore installation, in no fixed place, or outside the UK",79,51,28
E01032623,Works mainly from home,412,134,278
E01032637,10km to less than 20km,8,47,-39
E01032637,20km to less than 30km,3,5,-2
E01032637,2km to less than 5km,106,436,-330
E01032637,30km to less than 40km,1,7,-6
E01032637,40km to less than 60km,2,6,-4
E01032637,5km to less than 10km,26,107,-81
E01032637,60km and over,3,15,-12
E01032637,Less than 2km,35,232,-197
E01032637,"Works mainly at an offshore installation, in no fixed place, or outside the UK",17,43,-26
E01032637,Works mainly from home,577,53,524
E01032638,10km to less than 20km,9,38,-29
E01032638,20km to less than 30km,3,4,-1
E01032638,2km to less than 5km,82,423,-341
E01032638,30km to less than 40km,1,6,-5
E01032638,40km to less than 60km,1,6,-5
E01032638,5km to less than 10km,43,108,-65
E01032638,60km and over,0,17,-17
E01032638,Less than 2km,43,216,-173
E01032638,"Works mainly at an offshore installation, in no fixed place, or outside the UK",30,59,-29
E01032638,Works mainly from home,645,71,574
E01032639,10km to less than 20km,22,71,-49
E01032639,20km to less than 30km,7,13,-6
E01032639,2km to less than 5km,189,402,-213
E01032639,30km to less than 40km,3,8,-5
E01032639,40km to less than 60km,7,7,0
E01032639,5km to less than 10km,75,149,-74
E01032639,60km and over,9,25,-16
E01032639,Less than 2km,91,131,-40
E01032639,"Works mainly at an offshore installation, in no fixed place, or outside the UK",97,86,11
E01032639,Works mainly from home,615,51,564
E01032640,10km to less than 20km,18,24,-6
E01032640,20km to less than 30km,4,4,0
E01032640,2km to less than 5km,93,418,-325
E01032640,30km to less than 40km,0,12,-12
E01032640,40km to less than 60km,2,10,-8
E01032640,5km to less than 10km,26,76,-50
E01032640,60km and over,2,16,-14
E01032640,Less than 2km,49,307,-258
E01032640,"Works mainly at an offshore installation, in no fixed place, or outside the UK",32,75,-43
E01032640,Works mainly from home,605,79,526
E01032646,10km to less than 20km,30,55,-25
E01032646,20km to less than 30km,5,7,-2
E01032646,2km to less than 5km,124,565,-441
E01032646,30km to less than 40km,3,11,-8
E01032646,40km to less than 60km,2,7,-5
E01032646,5km to less than 10km,61,117,-56
E01032646,60km and over,1,16,-15
E01032646,Less than 2km,110,218,-108
E01032646,"Works mainly at an offshore installation, in no fixed place, or outside the UK",51,63,-12
E01032646,Works mainly from home,672,96,576
E01032719,10km to less than 20km,28,45,-17
E01032719,20km to less than 30km,7,11,-4
E01032719,2km to less than 5km,138,257,-119
E01032719,30km to less than 40km,1,3,-2
E01032719,40km to less than 60km,3,1,2
E01032719,5km to less than 10km,83,84,-1
E01032719,60km and over,8,8,0
E01032719,Less than 2km,61,74,-13
E01032719,"Works mainly at an offshore installation, in no fixed place, or outside the UK",81,53,28
E01032719,Works mainly from home,398,39,359
E01032739,10km to less than 20km,14,15,-1
E01032739,20km to less than 30km,2,8,-6
E01032739,2km to less than 5km,77,102,-25
E01032739,30km to less than 40km,1,4,-3
E01032739,40km to less than 60km,1,2,-1
E01032739,5km to less than 10km,48,56,-8
E01032739,60km and over,12,17,-5
E01032739,Less than 2km,153,424,-271
E01032739,"Works mainly at an offshore installation, in no fixed place, or outside the UK",54,44,10
E01032739,Works mainly from home,817,147,670
E01032740,10km to less than 20km,6,20,-14
E01032740,20km to less than 30km,3,6,-3
E01032740,2km to less than 5km,56,95,-39
E01032740,30km to less than 40km,0,2,-2
E01032740,40km to less than 60km,0,6,-6
E01032740,5km to less than 10km,29,53,-24
E01032740,60km and over,4,16,-12
E01032740,Less than 2km,119,488,-369
E01032740,"Works mainly at an offshore installation, in no fixed place, or outside the UK",60,34,26
E01032740,Works mainly from home,651,132,519
E01032741,10km to less than 20km,89,135,-46
E01032741,20km to less than 30km,77,154,-77
E01032741,2km to less than 5km,55,61,-6
E01032741,30km to less than 40km,10,11,-1
E01032741,40km to less than 60km,8,5,3
E01032741,5km to less than 10km,66,74,-8
E01032741,60km and over,5,15,-10
E01032741,Less than 2km,110,124,-14
E01032741,"Works mainly at an offshore installation, in no fixed place, or outside the UK",158,69,89
E01032741,Works mainly from home,268,38,230
E01032742,10km to less than 20km,94,92,2
E01032742,20km to less than 30km,83,176,-93
E01032742,2km to less than 5km,75,80,-5
E01032742,30km to less than 40km,8,17,-9
E01032742,40km to less than 60km,3,7,-4
E01032742,5km to less than 10km,51,58,-7
E01032742,60km and over,7,10,-3
E01032742,Less than 2km,107,102,5
E01032742,"Works mainly at an offshore installation, in no fixed place, or outside the UK",135,69,66
E01032742,Works mainly from home,361,49,312
E01032743,10km to less than 20km,140,222,-82
E01032743,20km to less than 30km,24,55,-31
E01032743,2km to less than 5km,160,131,29
E01032743,30km to less than 40km,3,6,-3
E01032743,40km to less than 60km,3,7,-4
E01032743,5km to less than 10km,171,282,-111
E01032743,60km and over,8,12,-4
E01032743,Less than 2km,42,51,-9
E01032743,"Works mainly at an offshore installation, in no fixed place, or outside the UK",217,108,109
E01032743,Works mainly from home,214,66,148
E01032744,10km to less than 20km,85,133,-48
E01032744,20km to less than 30km,7,28,-21
E01032744,2km to less than 5km,117,109,8
E01032744,30km to less than 40km,3,9,-6
E01032744,40km to less than 60km,3,6,-3
E01032744,5km to less than 10km,140,150,-10
E01032744,60km and over,11,7,4
E01032744,Less than 2km,31,48,-17
E01032744,"Works mainly at an offshore installation, in no fixed place, or outside the UK",108,70,38
E01032744,Works mainly from home,145,48,97
E01032764,10km to less than 20km,52,80,-28
E01032764,20km to less than 30km,4,13,-9
E01032764,2km to less than 5km,161,195,-34
E01032764,30km to less than 40km,1,3,-2
E01032764,40km to less than 60km,3,4,-1
E01032764,5km to less than 10km,186,334,-148
E01032764,60km and over,5,11,-6
E01032764,Less than 2km,57,69,-12
E01032764,"Works mainly at an offshore installation, in no fixed place, or outside the UK",98,68,30
E01032764,Works mainly from home,861,53,808
E01032765,10km to less than 20km,50,63,-13
E01032765,20km to less than 30km,6,15,-9
E01032765,2km to less than 5km,108,172,-64
E01032765,30km to less than 40km,5,3,2
E01032765,40km to less than 60km,5,4,1
E01032765,5km to less than 10km,126,214,-88
E01032765,60km and over,2,8,-6
E01032765,Less than 2km,55,70,-15
E01032765,"Works mainly at an offshore installation, in no fixed place, or outside the UK",91,56,35
E01032765,Works mainly from home,481,30,451
E01032767,10km to less than 20km,22,65,-43
E01032767,20km to less than 30km,2,8,-6
E01032767,2km to less than 5km,95,404,-309
E01032767,30km to less than 40km,1,9,-8
E01032767,40km to less than 60km,2,7,-5
E01032767,5km to less than 10km,59,128,-69
E01032767,60km and over,4,19,-15
E01032767,Less than 2km,140,453,-313
E01032767,"Works mainly at an offshore installation, in no fixed place, or outside the UK",39,57,-18
E01032767,Works mainly from home,782,70,712
E01032768,10km to less than 20km,26,48,-22
E01032768,20km to less than 30km,5,9,-4
E01032768,2km to less than 5km,81,352,-271
E01032768,30km to less than 40km,2,7,-5
E01032768,40km to less than 60km,5,5,0
E01032768,5km to less than 10km,68,193,-125
E01032768,60km and over,4,12,-8
E01032768,Less than 2km,44,242,-198
E01032768,"Works mainly at an offshore installation, in no fixed place, or outside the UK",37,48,-11
E01032768,Works mainly from home,726,58,668
E01032769,10km to less than 20km,36,43,-7
E01032769,20km to less than 30km,3,6,-3
E01032769,2km to less than 5km,87,304,-217
E01032769,30km to less than 40km,6,6,0
E01032769,40km to less than 60km,4,3,1
E01032769,5km to less than 10km,74,144,-70
E01032769,60km and over,3,15,-12
E01032769,Less than 2km,61,150,-89
E01032769,"Works mainly at an offshore installation, in no fixed place, or outside the UK",57,47,10
E01032769,Works mainly from home,520,74,446
E01032770,10km to less than 20km,52,37,15
E01032770,20km to less than 30km,4,11,-7
E01032770,2km to less than 5km,98,164,-66
E01032770,30km to less than 40km,1,7,-6
E01032770,40km to less than 60km,6,3,3
E01032770,5km to less than 10km,122,205,-83
E01032770,60km and over,4,9,-5
E01032770,Less than 2km,104,222,-118
E01032770,"Works mainly at an offshore installation, in no fixed place, or outside the UK",75,40,35
E01032770,Works mainly from home,1001,25,976
E01032771,10km to less than 20km,29,41,-12
E01032771,20km to less than 30km,6,5,1
E01032771,2km to less than 5km,56,79,-23
E01032771,30km to less than 40km,2,4,-2
E01032771,40km to less than 60km,7,1,6
E01032771,5km to less than 10km,107,183,-76
E01032771,60km and over,5,13,-8
E01032771,Less than 2km,65,206,-141
E01032771,"Works mainly at an offshore installation, in no fixed place, or outside the UK",56,39,17
E01032771,Works mainly from home,622,53,569
E01032772,10km to less than 20km,47,40,7
E01032772,20km to less than 30km,2,4,-2
E01032772,2km to less than 5km,113,89,24
E01032772,30km to less than 40km,3,3,0
E01032772,40km to less than 60km,3,3,0
E01032772,5km to less than 10km,95,153,-58
E01032772,60km and over,8,13,-5
E01032772,Less than 2km,122,174,-52
E01032772,"Works mainly at an offshore installation, in no fixed place, or outside the UK",83,59,24
E01032772,Works mainly from home,776,53,723
E01032774,10km to less than 20km,50,62,-12
E01032774,20km to less than 30km,4,13,-9
E01032774,2km to less than 5km,71,101,-30
E01032774,30km to less than 40km,5,3,2
E01032774,40km to less than 60km,1,2,-1
E01032774,5km to less than 10km,106,195,-89
E01032774,60km and over,3,9,-6
E01032774,Less than 2km,76,172,-96
E01032774,"Works mainly at an offshore installation, in no fixed place, or outside the UK",92,49,43
E01032774,Works mainly from home,527,45,482
E01032775,10km to less than 20km,21,28,-7
E01032775,20km to less than 30km,4,6,-2
E01032775,2km to less than 5km,51,107,-56
E01032775,30km to less than 40km,4,5,-1
E01032775,40km to less than 60km,6,1,5
E01032775,5km to less than 10km,79,209,-130
E01032775,60km and over,2,8,-6
E01032775,Less than 2km,55,141,-86
E01032775,"Works mainly at an offshore installation, in no fixed place, or outside the UK",36,46,-10
E01032775,Works mainly from home,547,54,493
E01032776,10km to less than 20km,56,60,-4
E01032776,20km to less than 30km,4,6,-2
E01032776,2km to less than 5km,53,44,9
E01032776,30km to less than 40km,4,5,-1
E01032776,40km to less than 60km,0,5,-5
E01032776,5km to less than 10km,141,293,-152
E01032776,60km and over,8,9,-1
E01032776,Less than 2km,92,242,-150
E01032776,"Works mainly at an offshore installation, in no fixed place, or outside the UK",71,58,13
E01032776,Works mainly from home,933,41,892
E01032777,10km to less than 20km,33,66,-33
E01032777,20km to less than 30km,3,11,-8
E01032777,2km to less than 5km,78,82,-4
E01032777,30km to less than 40km,1,10,-9
E01032777,40km to less than 60km,0,3,-3
E01032777,5km to less than 10km,99,281,-182
E01032777,60km and over,3,12,-9
E01032777,Less than 2km,59,136,-77
E01032777,"Works mainly at an offshore installation, in no fixed place, or outside the UK",62,50,12
E01032777,Works mainly from home,411,40,371
E01032779,10km to less than 20km,44,56,-12
E01032779,20km to less than 30km,3,10,-7
E01032779,2km to less than 5km,49,45,4
E01032779,30km to less than 40km,4,0,4
E01032779,40km to less than 60km,1,0,1
E01032779,5km to less than 10km,102,283,-181
E01032779,60km and over,6,11,-5
E01032779,Less than 2km,60,204,-144
E01032779,"Works mainly at an offshore installation, in no fixed place, or outside the UK",54,41,13
E01032779,Works mainly from home,571,48,523
E01032780,10km to less than 20km,60,57,3
E01032780,20km to less than 30km,6,9,-3
E01032780,2km to less than 5km,65,83,-18
E01032780,30km to less than 40km,9,15,-6
E01032780,40km to less than 60km,4,3,1
E01032780,5km to less than 10km,145,376,-231
E01032780,60km and over,4,11,-7
E01032780,Less than 2km,93,292,-199
E01032780,"Works mainly at an offshore installation, in no fixed place, or outside the UK",69,65,4
E01032780,Works mainly from home,894,74,820
E01032781,10km to less than 20km,33,61,-28
E01032781,20km to less than 30km,6,23,-17
E01032781,2km to less than 5km,79,236,-157
E01032781,30km to less than 40km,0,4,-4
E01032781,40km to less than 60km,5,11,-6
E01032781,5km to less than 10km,94,315,-221
E01032781,60km and over,7,23,-16
E01032781,Less than 2km,70,361,-291
E01032781,"Works mainly at an offshore installation, in no fixed place, or outside the UK",62,91,-29
E01032781,Works mainly from home,664,88,576
E01032782,10km to less than 20km,42,37,5
E01032782,20km to less than 30km,12,9,3
E01032782,2km to less than 5km,96,152,-56
E01032782,30km to less than 40km,4,5,-1
E01032782,40km to less than 60km,2,8,-6
E01032782,5km to less than 10km,144,223,-79
E01032782,60km and over,4,12,-8
E01032782,Less than 2km,93,243,-150
E01032782,"Works mainly at an offshore installation, in no fixed place, or outside the UK",108,70,38
E01032782,Works mainly from home,895,58,837
E01032783,10km to less than 20km,16,64,-48
E01032783,20km to less than 30km,5,17,-12
E01032783,2km to less than 5km,64,157,-93
E01032783,30km to less than 40km,3,12,-9
E01032783,40km to less than 60km,3,6,-3
E01032783,5km to less than 10km,125,371,-246
E01032783,60km and over,6,14,-8
E01032783,Less than 2km,54,261,-207
E01032783,"Works mainly at an offshore installation, in no fixed place, or outside the UK",79,92,-13
E01032783,Works mainly from home,368,54,314
E01032784,10km to less than 20km,45,112,-67
E01032784,20km to less than 30km,3,14,-11
E01032784,2km to less than 5km,140,309,-169
E01032784,30km to less than 40km,3,4,-1
E01032784,40km to less than 60km,1,6,-5
E01032784,5km to less than 10km,114,405,-291
E01032784,60km and over,2,19,-17
E01032784,Less than 2km,59,54,5
E01032784,"Works mainly at an offshore installation, in no fixed place, or outside the UK",74,72,2
E01032784,Works mainly from home,618,50,568
E01032785,10km to less than 20km,42,79,-37
E01032785,20km to less than 30km,8,9,-1
E01032785,2km to less than 5km,181,308,-127
E01032785,30km to less than 40km,5,8,-3
E01032785,40km to less than 60km,6,5,1
E01032785,5km to less than 10km,132,253,-121
E01032785,60km and over,7,8,-1
E01032785,Less than 2km,97,76,21
E01032785,"Works mainly at an offshore installation, in no fixed place, or outside the UK",108,50,58
E01032785,Works mainly from home,874,55,819
E01032786,10km to less than 20km,31,52,-21
E01032786,20km to less than 30km,7,13,-6
E01032786,2km to less than 5km,116,183,-67
E01032786,30km to less than 40km,5,0,5
E01032786,40km to less than 60km,5,6,-1
E01032786,5km to less than 10km,105,206,-101
E01032786,60km and over,5,14,-9
E01032786,Less than 2km,86,111,-25
E01032786,"Works mainly at an offshore installation, in no fixed place, or outside the UK",86,69,17
E01032786,Works mainly from home,238,50,188
E01032787,10km to less than 20km,52,75,-23
E01032787,20km to less than 30km,10,15,-5
E01032787,2km to less than 5km,177,269,-92
E01032787,30km to less than 40km,5,8,-3
E01032787,40km to less than 60km,6,4,2
E01032787,5km to less than 10km,146,231,-85
E01032787,60km and over,6,12,-6
E01032787,Less than 2km,143,175,-32
E01032787,"Works mainly at an offshore installation, in no fixed place, or outside the UK",144,94,50
E01032787,Works mainly from home,374,76,298
E01032788,10km to less than 20km,33,41,-8
E01032788,20km to less than 30km,6,9,-3
E01032788,2km to less than 5km,88,133,-45
E01032788,30km to less than 40km,4,1,3
E01032788,40km to less than 60km,3,1,2
E01032788,5km to less than 10km,121,242,-121
E01032788,60km and over,2,6,-4
E01032788,Less than 2km,73,90,-17
E01032788,"Works mainly at an offshore installation, in no fixed place, or outside the UK",102,41,61
E01032788,Works mainly from home,521,49,472
E01032789,10km to less than 20km,30,45,-15
E01032789,20km to less than 30km,2,9,-7
E01032789,2km to less than 5km,97,161,-64
E01032789,30km to less than 40km,0,6,-6
E01032789,40km to less than 60km,3,5,-2
E01032789,5km to less than 10km,81,251,-170
E01032789,60km and over,6,7,-1
E01032789,Less than 2km,42,82,-40
E01032789,"Works mainly at an offshore installation, in no fixed place, or outside the UK",51,49,2
E01032789,Works mainly from home,357,67,290
E01032790,10km to less than 20km,23,31,-8
E01032790,20km to less than 30km,0,4,-4
E01032790,2km to less than 5km,46,85,-39
E01032790,30km to less than 40km,1,6,-5
E01032790,40km to less than 60km,0,4,-4
E01032790,5km to less than 10km,68,205,-137
E01032790,60km and over,3,6,-3
E01032790,Less than 2km,40,47,-7
E01032790,"Works mainly at an offshore installation, in no fixed place, or outside the UK",61,54,7
E01032790,Works mainly from home,270,75,195
E01032803,10km to less than 20km,26,37,-11
E01032803,20km to less than 30km,6,8,-2
E01032803,2km to less than 5km,142,482,-340
E01032803,30km to less than 40km,2,8,-6
E01032803,40km to less than 60km,1,7,-6
E01032803,5km to less than 10km,53,104,-51
E01032803,60km and over,4,10,-6
E01032803,Less than 2km,83,228,-145
E01032803,"Works mainly at an offshore installation, in no fixed place, or outside the UK",46,50,-4
E01032803,Works mainly from home,716,67,649
E01032834,10km to less than 20km,16,27,-11
E01032834,20km to less than 30km,8,6,2
E01032834,2km to less than 5km,76,405,-329
E01032834,30km to less than 40km,0,5,-5
E01032834,40km to less than 60km,1,10,-9
E01032834,5km to less than 10km,34,82,-48
E01032834,60km and over,3,13,-10
E01032834,Less than 2km,49,240,-191
E01032834,"Works mainly at an offshore installation, in no fixed place, or outside the UK",28,60,-32
E01032834,Works mainly from home,584,69,515
E01033000,10km to less than 20km,85,84,1
E01033000,20km to less than 30km,18,46,-28
E01033000,2km to less than 5km,122,168,-46
E01033000,30km to less than 40km,4,9,-5
E01033000,40km to less than 60km,2,2,0
E01033000,5km to less than 10km,139,187,-48
E01033000,60km and over,8,19,-11
E01033000,Less than 2km,75,119,-44
E01033000,"Works mainly at an offshore installation, in no fixed place, or outside the UK",139,72,67
E01033000,Works mainly from home,140,34,106
E01033030,10km to less than 20km,72,126,-54
E01033030,20km to less than 30km,45,198,-153
E01033030,2km to less than 5km,96,159,-63
E01033030,30km to less than 40km,9,10,-1
E01033030,40km to less than 60km,0,2,-2
E01033030,5km to less than 10km,107,219,-112
E01033030,60km and over,5,16,-11
E01033030,Less than 2km,65,88,-23
E01033030,"Works mainly at an offshore installation, in no fixed place, or outside the UK",90,99,-9
E01033030,Works mainly from home,499,64,435
E01033081,10km to less than 20km,81,197,-116
E01033081,20km to less than 30km,8,19,-11
E01033081,2km to less than 5km,87,133,-46
E01033081,30km to less than 40km,2,6,-4
E01033081,40km to less than 60km,1,9,-8
E01033081,5km to less than 10km,98,117,-19
E01033081,60km and over,7,11,-4
E01033081,Less than 2km,46,85,-39
E01033081,"Works mainly at an offshore installation, in no fixed place, or outside the UK",92,99,-7
E01033081,Works mainly from home,461,75,386
E01033082,10km to less than 20km,44,163,-119
E01033082,20km to less than 30km,11,19,-8
E01033082,2km to less than 5km,70,110,-40
E01033082,30km to less than 40km,1,3,-2
E01033082,40km to less than 60km,0,3,-3
E01033082,5km to less than 10km,65,115,-50
E01033082,60km and over,4,3,1
E01033082,Less than 2km,36,92,-56
E01033082,"Works mainly at an offshore installation, in no fixed place, or outside the UK",91,83,8
E01033082,Works mainly from home,248,62,186
E01033083,10km to less than 20km,172,303,-131
E01033083,20km to less than 30km,18,79,-61
E01033083,2km to less than 5km,125,102,23
E01033083,30km to less than 40km,2,7,-5
E01033083,40km to less than 60km,6,8,-2
E01033083,5km to less than 10km,159,218,-59
E01033083,60km and over,9,12,-3
E01033083,Less than 2km,60,81,-21
E01033083,"Works mainly at an offshore installation, in no fixed place, or outside the UK",108,106,2
E01033083,Works mainly from home,489,71,418
E01033084,10km to less than 20km,129,257,-128
E01033084,20km to less than 30km,11,44,-33
E01033084,2km to less than 5km,137,130,7
E01033084,30km to less than 40km,8,3,5
E01033084,40km to less than 60km,3,7,-4
E01033084,5km to less than 10km,147,179,-32
E01033084,60km and over,10,8,2
E01033084,Less than 2km,80,104,-24
E01033084,"Works mainly at an offshore installation, in no fixed place, or outside the UK",143,98,45
E01033084,Works mainly from home,233,74,159
E01033086,10km to less than 20km,36,44,-8
E01033086,20km to less than 30km,9,6,3
E01033086,2km to less than 5km,73,54,19
E01033086,30km to less than 40km,2,3,-1
E01033086,40km to less than 60km,3,1,2
E01033086,5km to less than 10km,79,128,-49
E01033086,60km and over,1,8,-7
E01033086,Less than 2km,49,55,-6
E01033086,"Works mainly at an offshore installation, in no fixed place, or outside the UK",77,45,32
E01033086,Works mainly from home,172,29,143
E01033098,10km to less than 20km,20,19,1
E01033098,20km to less than 30km,11,6,5
E01033098,2km to less than 5km,128,246,-118
E01033098,30km to less than 40km,3,3,0
E01033098,40km to less than 60km,0,1,-1
E01033098,5km to less than 10km,80,179,-99
E01033098,60km and over,9,15,-6
E01033098,Less than 2km,46,55,-9
E01033098,"Works mainly at an offshore installation, in no fixed place, or outside the UK",56,46,10
E01033098,Works mainly from home,806,72,734
E01033099,10km to less than 20km,38,57,-19
E01033099,20km to less than 30km,10,14,-4
E01033099,2km to less than 5km,163,150,13
E01033099,30km to less than 40km,1,7,-6
E01033099,40km to less than 60km,2,3,-1
E01033099,5km to less than 10km,164,205,-41
E01033099,60km and over,5,13,-8
E01033099,Less than 2km,81,71,10
E01033099,"Works mainly at an offshore installation, in no fixed place, or outside the UK",89,54,35
E01033099,Works mainly from home,689,53,636
E01033100,10km to less than 20km,38,45,-7
E01033100,20km to less than 30km,8,7,1
E01033100,2km to less than 5km,202,287,-85
E01033100,30km to less than 40km,5,6,-1
E01033100,40km to less than 60km,3,4,-1
E01033100,5km to less than 10km,106,186,-80
E01033100,60km and over,15,8,7
E01033100,Less than 2km,73,90,-17
E01033100,"Works mainly at an offshore installation, in no fixed place, or outside the UK",111,78,33
E01033100,Works mainly from home,602,68,534
E01033132,10km to less than 20km,29,42,-13
E01033132,20km to less than 30km,5,13,-8
E01033132,2km to less than 5km,171,245,-74
E01033132,30km to less than 40km,3,3,0
E01033132,40km to less than 60km,1,2,-1
E01033132,5km to less than 10km,120,164,-44
E01033132,60km and over,5,6,-1
E01033132,Less than 2km,62,71,-9
E01033132,"Works mainly at an offshore installation, in no fixed place, or outside the UK",94,58,36
E01033132,Works mainly from home,858,48,810
E01033133,10km to less than 20km,33,63,-30
E01033133,20km to less than 30km,4,20,-16
E01033133,2km to less than 5km,79,165,-86
E01033133,30km to less than 40km,2,10,-8
E01033133,40km to less than 60km,2,11,-9
E01033133,5km to less than 10km,104,369,-265
E01033133,60km and over,0,12,-12
E01033133,Less than 2km,45,67,-22
E01033133,"Works mainly at an offshore installation, in no fixed place, or outside the UK",42,57,-15
E01033133,Works mainly from home,516,83,433
E01033135,10km to less than 20km,32,138,-106
E01033135,20km to less than 30km,5,19,-14
E01033135,2km to less than 5km,53,90,-37
E01033135,30km to less than 40km,1,10,-9
E01033135,40km to less than 60km,2,7,-5
E01033135,5km to less than 10km,80,304,-224
E01033135,60km and over,5,8,-3
E01033135,Less than 2km,19,54,-35
E01033135,"Works mainly at an offshore installation, in no fixed place, or outside the UK",31,47,-16
E01033135,Works mainly from home,525,74,451
E01033146,10km to less than 20km,102,137,-35
E01033146,20km to less than 30km,15,19,-4
E01033146,2km to less than 5km,108,116,-8
E01033146,30km to less than 40km,3,13,-10
E01033146,40km to less than 60km,2,3,-1
E01033146,5km to less than 10km,92,110,-18
E01033146,60km and over,4,7,-3
E01033146,Less than 2km,53,68,-15
E01033146,"Works mainly at an offshore installation, in no fixed place, or outside the UK",106,55,51
E01033146,Works mainly from home,114,34,80
E01033148,10km to less than 20km,165,249,-84
E01033148,20km to less than 30km,65,60,5
E01033148,2km to less than 5km,82,75,7
E01033148,30km to less than 40km,9,15,-6
E01033148,40km to less than 60km,4,4,0
E01033148,5km to less than 10km,122,110,12
E01033148,60km and over,7,13,-6
E01033148,Less than 2km,66,59,7
E01033148,"Works mainly at an offshore installation, in no fixed place, or outside the UK",192,87,105
E01033148,Works mainly from home,251,62,189
E01033150,10km to less than 20km,150,276,-126
E01033150,20km to less than 30km,27,72,-45
E01033150,2km to less than 5km,59,63,-4
E01033150,30km to less than 40km,13,9,4
E01033150,40km to less than 60km,6,9,-3
E01033150,5km to less than 10km,87,105,-18
E01033150,60km and over,3,15,-12
E01033150,Less than 2km,58,57,1
E01033150,"Works mainly at an offshore installation, in no fixed place, or outside the UK",91,67,24
E01033150,Works mainly from home,188,60,128
E01033151,10km to less than 20km,88,117,-29
E01033151,20km to less than 30km,8,14,-6
E01033151,2km to less than 5km,97,87,10
E01033151,30km to less than 40km,2,10,-8
E01033151,40km to less than 60km,6,1,5
E01033151,5km to less than 10km,68,92,-24
E01033151,60km and over,4,9,-5
E01033151,Less than 2km,52,53,-1
E01033151,"Works mainly at an offshore installation, in no fixed place, or outside the UK",88,59,29
E01033151,Works mainly from home,90,30,60
E01033208,10km to less than 20km,29,47,-18
E01033208,20km to less than 30km,7,30,-23
E01033208,2km to less than 5km,129,444,-315
E01033208,30km to less than 40km,3,7,-4
E01033208,40km to less than 60km,1,6,-5
E01033208,5km to less than 10km,72,162,-90
E01033208,60km and over,5,36,-31
E01033208,Less than 2km,58,142,-84
E01033208,"Works mainly at an offshore installation, in no fixed place, or outside the UK",99,89,10
E01033208,Works mainly from home,662,76,586
E01033320,10km to less than 20km,98,241,-143
E01033320,20km to less than 30km,4,19,-15
E01033320,2km to less than 5km,61,65,-4
E01033320,30km to less than 40km,3,3,0
E01033320,40km to less than 60km,2,3,-1
E01033320,5km to less than 10km,86,216,-130
E01033320,60km and over,5,8,-3
E01033320,Less than 2km,57,78,-21
E01033320,"Works mainly at an offshore installation, in no fixed place, or outside the UK",101,72,29
E01033320,Works mainly from home,399,57,342
E01033322,10km to less than 20km,88,321,-233
E01033322,20km to less than 30km,5,12,-7
E01033322,2km to less than 5km,41,47,-6
E01033322,30km to less than 40km,3,10,-7
E01033322,40km to less than 60km,5,4,1
E01033322,5km to less than 10km,88,249,-161
E01033322,60km and over,5,6,-1
E01033322,Less than 2km,50,62,-12
E01033322,"Works mainly at an offshore installation, in no fixed place, or outside the UK",70,67,3
E01033322,Works mainly from home,401,51,350
E01033324,10km to less than 20km,67,72,-5
E01033324,20km to less than 30km,7,7,0
E01033324,2km to less than 5km,66,115,-49
E01033324,30km to less than 40km,2,12,-10
E01033324,40km to less than 60km,2,3,-1
E01033324,5km to less than 10km,108,348,-240
E01033324,60km and over,3,5,-2
E01033324,Less than 2km,53,88,-35
E01033324,"Works mainly at an offshore installation, in no fixed place, or outside the UK",84,87,-3
E01033324,Works mainly from home,389,78,311
E01033325,10km to less than 20km,56,112,-56
E01033325,20km to less than 30km,6,11,-5
E01033325,2km to less than 5km,55,196,-141
E01033325,30km to less than 40km,4,4,0
E01033325,40km to less than 60km,1,6,-5
E01033325,5km to less than 10km,153,501,-348
E01033325,60km and over,2,6,-4
E01033325,Less than 2km,32,22,10
E01033325,"Works mainly at an offshore installation, in no fixed place, or outside the UK",76,74,2
E01033325,Works mainly from home,639,57,582
E01033327,10km to less than 20km,116,187,-71
E01033327,20km to less than 30km,9,16,-7
E01033327,2km to less than 5km,70,86,-16
E01033327,30km to less than 40km,2,3,-1
E01033327,40km to less than 60km,5,4,1
E01033327,5km to less than 10km,191,327,-136
E01033327,60km and over,6,7,-1
E01033327,Less than 2km,110,77,33
E01033327,"Works mainly at an offshore installation, in no fixed place, or outside the UK",144,97,47
E01033327,Works mainly from home,648,65,583
E01033341,10km to less than 20km,48,128,-80
E01033341,20km to less than 30km,4,12,-8
E01033341,2km to less than 5km,62,70,-8
E01033341,30km to less than 40km,1,8,-7
E01033341,40km to less than 60km,4,2,2
E01033341,5km to less than 10km,97,199,-102
E01033341,60km and over,4,6,-2
E01033341,Less than 2km,58,69,-11
E01033341,"Works mainly at an offshore installation, in no fixed place, or outside the UK",91,73,18
E01033341,Works mainly from home,262,45,217
E01033455,10km to less than 20km,28,59,-31
E01033455,20km to less than 30km,7,6,1
E01033455,2km to less than 5km,72,104,-32
E01033455,30km to less than 40km,2,4,-2
E01033455,40km to less than 60km,2,4,-2
E01033455,5km to less than 10km,118,143,-25
E01033455,60km and over,3,7,-4
E01033455,Less than 2km,48,58,-10
E01033455,"Works mainly at an offshore installation, in no fixed place, or outside the UK",140,109,31
E01033455,Works mainly from home,108,49,59
E01033456,10km to less than 20km,99,109,-10
E01033456,20km to less than 30km,11,6,5
E01033456,2km to less than 5km,141,155,-14
E01033456,30km to less than 40km,4,7,-3
E01033456,40km to less than 60km,0,7,-7
E01033456,5km to less than 10km,176,168,8
E01033456,60km and over,11,20,-9
E01033456,Less than 2km,118,128,-10
E01033456,"Works mainly at an offshore installation, in no fixed place, or outside the UK",197,74,123
E01033456,Works mainly from home,216,50,166
E01033457,10km to less than 20km,183,269,-86
E01033457,20km to less than 30km,9,20,-11
E01033457,2km to less than 5km,173,143,30
E01033457,30km to less than 40km,3,6,-3
E01033457,40km to less than 60km,1,3,-2
E01033457,5km to less than 10km,120,137,-17
E01033457,60km and over,12,12,0
E01033457,Less than 2km,113,102,11
E01033457,"Works mainly at an offshore installation, in no fixed place, or outside the UK",203,165,38
E01033457,Works mainly from home,227,86,141
E01033463,10km to less than 20km,219,354,-135
E01033463,20km to less than 30km,40,42,-2
E01033463,2km to less than 5km,225,280,-55
E01033463,30km to less than 40km,12,10,2
E01033463,40km to less than 60km,12,9,3
E01033463,5km to less than 10km,171,208,-37
E01033463,60km and over,26,14,12
E01033463,Less than 2km,93,96,-3
E01033463,"Works mainly at an offshore installation, in no fixed place, or outside the UK",343,194,149
E01033463,Works mainly from home,467,127,340
E01033485,10km to less than 20km,41,99,-58
E01033485,20km to less than 30km,10,11,-1
E01033485,2km to less than 5km,122,148,-26
E01033485,30km to less than 40km,0,5,-5
E01033485,40km to less than 60km,2,2,0
E01033485,5km to less than 10km,159,226,-67
E01033485,60km and over,6,12,-6
E01033485,Less than 2km,57,98,-41
E01033485,"Works mainly at an offshore installation, in no fixed place, or outside the UK",150,160,-10
E01033485,Works mainly from home,242,71,171
E01033486,10km to less than 20km,22,40,-18
E01033486,20km to less than 30km,8,12,-4
E01033486,2km to less than 5km,84,233,-149
E01033486,30km to less than 40km,1,0,1
E01033486,40km to less than 60km,4,1,3
E01033486,5km to less than 10km,41,95,-54
E01033486,60km and over,4,5,-1
E01033486,Less than 2km,48,69,-21
E01033486,"Works mainly at an offshore installation, in no fixed place, or outside the UK",47,39,8
E01033486,Works mainly from home,246,32,214
E01033487,10km to less than 20km,28,41,-13
E01033487,20km to less than 30km,5,16,-11
E01033487,2km to less than 5km,124,452,-328
E01033487,30km to less than 40km,2,6,-4
E01033487,40km to less than 60km,0,5,-5
E01033487,5km to less than 10km,75,189,-114
E01033487,60km and over,0,10,-10
E01033487,Less than 2km,36,43,-7
E01033487,"Works mainly at an offshore installation, in no fixed place, or outside the UK",41,40,1
E01033487,Works mainly from home,583,47,536
E01033488,10km to less than 20km,38,26,12
E01033488,20km to less than 30km,4,10,-6
E01033488,2km to less than 5km,159,244,-85
E01033488,30km to less than 40km,0,4,-4
E01033488,40km to less than 60km,2,1,1
E01033488,5km to less than 10km,79,128,-49
E01033488,60km and over,5,3,2
E01033488,Less than 2km,77,90,-13
E01033488,"Works mainly at an offshore installation, in no fixed place, or outside the UK",81,54,27
E01033488,Works mainly from home,393,49,344
E01033489,10km to less than 20km,13,25,-12
E01033489,20km to less than 30km,5,15,-10
E01033489,2km to less than 5km,71,204,-133
E01033489,30km to less than 40km,3,13,-10
E01033489,40km to less than 60km,2,13,-11
E01033489,5km to less than 10km,23,86,-63
E01033489,60km and over,1,15,-14
E01033489,Less than 2km,105,452,-347
E01033489,"Works mainly at an offshore installation, in no fixed place, or outside the UK",42,60,-18
E01033489,Works mainly from home,603,118,485
E01033490,10km to less than 20km,17,35,-18
E01033490,20km to less than 30km,3,4,-1
E01033490,2km to less than 5km,65,134,-69
E01033490,30km to less than 40km,3,5,-2
E01033490,40km to less than 60km,4,7,-3
E01033490,5km to less than 10km,41,67,-26
E01033490,60km and over,10,6,4
E01033490,Less than 2km,81,348,-267
E01033490,"Works mainly at an offshore installation, in no fixed place, or outside the UK",55,45,10
E01033490,Works mainly from home,377,69,308
E01033491,10km to less than 20km,37,63,-26
E01033491,20km to less than 30km,4,10,-6
E01033491,2km to less than 5km,188,403,-215
E01033491,30km to less than 40km,0,5,-5
E01033491,40km to less than 60km,0,8,-8
E01033491,5km to less than 10km,107,248,-141
E01033491,60km and over,5,14,-9
E01033491,Less than 2km,85,103,-18
E01033491,"Works mainly at an offshore installation, in no fixed place, or outside the UK",90,89,1
E01033491,Works mainly from home,682,77,605
E01033493,10km to less than 20km,30,63,-33
E01033493,20km to less than 30km,7,22,-15
E01033493,2km to less than 5km,87,415,-328
E01033493,30km to less than 40km,2,4,-2
E01033493,40km to less than 60km,5,6,-1
E01033493,5km to less than 10km,70,396,-326
E01033493,60km and over,1,12,-11
E01033493,Less than 2km,19,49,-30
E01033493,"Works mainly at an offshore installation, in no fixed place, or outside the UK",30,58,-28
E01033493,Works mainly from home,769,67,702
E01033494,10km to less than 20km,15,59,-44
E01033494,20km to less than 30km,5,9,-4
E01033494,2km to less than 5km,107,329,-222
E01033494,30km to less than 40km,0,6,-6
E01033494,40km to less than 60km,0,3,-3
E01033494,5km to less than 10km,82,331,-249
E01033494,60km and over,0,9,-9
E01033494,Less than 2km,39,60,-21
E01033494,"Works mainly at an offshore installation, in no fixed place, or outside the UK",61,64,-3
E01033494,Works mainly from home,581,85,496
E01033569,10km to less than 20km,70,329,-259
E01033569,20km to less than 30km,13,39,-26
E01033569,2km to less than 5km,43,80,-37
E01033569,30km to less than 40km,1,7,-6
E01033569,40km to less than 60km,3,12,-9
E01033569,5km to less than 10km,83,123,-40
E01033569,60km and over,5,10,-5
E01033569,Less than 2km,101,168,-67
E01033569,"Works mainly at an offshore installation, in no fixed place, or outside the UK",66,79,-13
E01033569,Works mainly from home,586,88,498
E01033570,10km to less than 20km,61,309,-248
E01033570,20km to less than 30km,7,28,-21
E01033570,2km to less than 5km,66,116,-50
E01033570,30km to less than 40km,5,17,-12
E01033570,40km to less than 60km,6,10,-4
E01033570,5km to less than 10km,84,135,-51
E01033570,60km and over,7,16,-9
E01033570,Less than 2km,27,60,-33
E01033570,"Works mainly at an offshore installation, in no fixed place, or outside the UK",74,63,11
E01033570,Works mainly from home,669,106,563
E01033571,10km to less than 20km,51,205,-154
E01033571,20km to less than 30km,4,21,-17
E01033571,2km to less than 5km,55,95,-40
E01033571,30km to less than 40km,0,15,-15
E01033571,40km to less than 60km,1,8,-7
E01033571,5km to less than 10km,75,124,-49
E01033571,60km and over,2,15,-13
E01033571,Less than 2km,45,88,-43
E01033571,"Works mainly at an offshore installation, in no fixed place, or outside the UK",54,53,1
E01033571,Works mainly from home,413,114,299
E01033579,10km to less than 20km,89,116,-27
E01033579,20km to less than 30km,8,15,-7
E01033579,2km to less than 5km,110,162,-52
E01033579,30km to less than 40km,2,5,-3
E01033579,40km to less than 60km,9,6,3
E01033579,5km to less than 10km,192,360,-168
E01033579,60km and over,8,13,-5
E01033579,Less than 2km,42,28,14
E01033579,"Works mainly at an offshore installation, in no fixed place, or outside the UK",114,78,36
E01033579,Works mainly from home,741,49,692
E01033580,10km to less than 20km,112,281,-169
E01033580,20km to less than 30km,9,23,-14
E01033580,2km to less than 5km,85,205,-120
E01033580,30km to less than 40km,7,8,-1
E01033580,40km to less than 60km,3,10,-7
E01033580,5km to less than 10km,109,343,-234
E01033580,60km and over,6,12,-6
E01033580,Less than 2km,35,40,-5
E01033580,"Works mainly at an offshore installation, in no fixed place, or outside the UK",122,124,-2
E01033580,Works mainly from home,472,80,392
E01033581,10km to less than 20km,158,247,-89
E01033581,20km to less than 30km,25,23,2
E01033581,2km to less than 5km,95,115,-20
E01033581,30km to less than 40km,8,6,2
E01033581,40km to less than 60km,2,4,-2
E01033581,5km to less than 10km,127,163,-36
E01033581,60km and over,7,13,-6
E01033581,Less than 2km,54,44,10
E01033581,"Works mainly at an offshore installation, in no fixed place, or outside the UK",191,152,39
E01033581,Works mainly from home,220,56,164
E01033582,10km to less than 20km,163,372,-209
E01033582,20km to less than 30km,30,35,-5
E01033582,2km to less than 5km,63,50,13
E01033582,30km to less than 40km,4,11,-7
E01033582,40km to less than 60km,7,11,-4
E01033582,5km to less than 10km,116,177,-61
E01033582,60km and over,5,13,-8
E01033582,Less than 2km,41,31,10
E01033582,"Works mainly at an offshore installation, in no fixed place, or outside the UK",158,177,-19
E01033582,Works mainly from home,365,69,296
E01033584,10km to less than 20km,81,147,-66
E01033584,20km to less than 30km,15,10,5
E01033584,2km to less than 5km,100,123,-23
E01033584,30km to less than 40km,12,8,4
E01033584,40km to less than 60km,4,10,-6
E01033584,5km to less than 10km,128,141,-13
E01033584,60km and over,5,15,-10
E01033584,Less than 2km,63,62,1
E01033584,"Works mainly at an offshore installation, in no fixed place, or outside the UK",142,112,30
E01033584,Works mainly from home,177,27,150
E01033586,10km to less than 20km,101,110,-9
E01033586,20km to less than 30km,13,23,-10
E01033586,2km to less than 5km,134,126,8
E01033586,30km to less than 40km,9,8,1
E01033586,40km to less than 60km,4,6,-2
E01033586,5km to less than 10km,221,252,-31
E01033586,60km and over,6,4,2
E01033586,Less than 2km,62,59,3
E01033586,"Works mainly at an offshore installation, in no fixed place, or outside the UK",155,114,41
E01033586,Works mainly from home,503,27,476
E01033587,10km to less than 20km,240,233,7
E01033587,20km to less than 30km,33,26,7
E01033587,2km to less than 5km,83,55,28
E01033587,30km to less than 40km,17,6,11
E01033587,40km to less than 60km,2,7,-5
E01033587,5km to less than 10km,183,125,58
E01033587,60km and over,16,13,3
E01033587,Less than 2km,79,70,9
E01033587,"Works mainly at an offshore installation, in no fixed place, or outside the UK",210,116,94
E01033587,Works mainly from home,381,53,328
E01033589,10km to less than 20km,105,277,-172
E01033589,20km to less than 30km,17,28,-11
E01033589,2km to less than 5km,51,33,18
E01033589,30km to less than 40km,3,6,-3
E01033589,40km to less than 60km,4,4,0
E01033589,5km to less than 10km,69,142,-73
E01033589,60km and over,4,6,-2
E01033589,Less than 2km,40,49,-9
E01033589,"Works mainly at an offshore installation, in no fixed place, or outside the UK",112,101,11
E01033589,Works mainly from home,384,57,327
E01033590,10km to less than 20km,80,183,-103
E01033590,20km to less than 30km,31,40,-9
E01033590,2km to less than 5km,51,80,-29
E01033590,30km to less than 40km,6,5,1
E01033590,40km to less than 60km,2,7,-5
E01033590,5km to less than 10km,76,75,1
E01033590,60km and over,5,12,-7
E01033590,Less than 2km,37,36,1
E01033590,"Works mainly at an offshore installation, in no fixed place, or outside the UK",79,43,36
E01033590,Works mainly from home,164,28,136
E01033591,10km to less than 20km,219,236,-17
E01033591,20km to less than 30km,46,37,9
E01033591,2km to less than 5km,92,100,-8
E01033591,30km to less than 40km,5,3,2
E01033591,40km to less than 60km,6,5,1
E01033591,5km to less than 10km,142,114,28
E01033591,60km and over,15,9,6
E01033591,Less than 2km,111,113,-2
E01033591,"Works mainly at an offshore installation, in no fixed place, or outside the UK",295,122,173
E01033591,Works mainly from home,338,74,264
E01033592,10km to less than 20km,141,306,-165
E01033592,20km to less than 30km,47,49,-2
E01033592,2km to less than 5km,99,144,-45
E01033592,30km to less than 40km,10,16,-6
E01033592,40km to less than 60km,5,12,-7
E01033592,5km to less than 10km,94,166,-72
E01033592,60km and over,9,10,-1
E01033592,Less than 2km,72,102,-30
E01033592,"Works mainly at an offshore installation, in no fixed place, or outside the UK",154,78,76
E01033592,Works mainly from home,270,48,222
E01033593,10km to less than 20km,21,33,-12
E01033593,20km to less than 30km,10,7,3
E01033593,2km to less than 5km,110,129,-19
E01033593,30km to less than 40km,3,5,-2
E01033593,40km to less than 60km,4,7,-3
E01033593,5km to less than 10km,39,86,-47
E01033593,60km and over,3,12,-9
E01033593,Less than 2km,77,111,-34
E01033593,"Works mainly at an offshore installation, in no fixed place, or outside the UK",83,38,45
E01033593,Works mainly from home,553,65,488
E01033594,10km to less than 20km,13,39,-26
E01033594,20km to less than 30km,8,8,0
E01033594,2km to less than 5km,104,183,-79
E01033594,30km to less than 40km,2,4,-2
E01033594,40km to less than 60km,2,9,-7
E01033594,5km to less than 10km,39,99,-60
E01033594,60km and over,2,7,-5
E01033594,Less than 2km,74,142,-68
E01033594,"Works mainly at an offshore installation, in no fixed place, or outside the UK",63,59,4
E01033594,Works mainly from home,379,141,238
E01033597,10km to less than 20km,13,11,2
E01033597,20km to less than 30km,2,4,-2
E01033597,2km to less than 5km,70,139,-69
E01033597,30km to less than 40km,1,2,-1
E01033597,40km to less than 60km,1,2,-1
E01033597,5km to less than 10km,43,101,-58
E01033597,60km and over,6,3,3
E01033597,Less than 2km,45,74,-29
E01033597,"Works mainly at an offshore installation, in no fixed place, or outside the UK",76,24,52
E01033597,Works mainly from home,243,43,200
E01033598,10km to less than 20km,21,22,-1
E01033598,20km to less than 30km,2,4,-2
E01033598,2km to less than 5km,100,115,-15
E01033598,30km to less than 40km,1,3,-2
E01033598,40km to less than 60km,0,5,-5
E01033598,5km to less than 10km,38,59,-21
E01033598,60km and over,7,4,3
E01033598,Less than 2km,70,90,-20
E01033598,"Works mainly at an offshore installation, in no fixed place, or outside the UK",62,43,19
E01033598,Works mainly from home,166,24,142
E01033599,10km to less than 20km,11,19,-8
E01033599,20km to less than 30km,2,7,-5
E01033599,2km to less than 5km,113,220,-107
E01033599,30km to less than 40km,1,2,-1
E01033599,40km to less than 60km,0,2,-2
E01033599,5km to less than 10km,77,113,-36
E01033599,60km and over,5,6,-1
E01033599,Less than 2km,69,122,-53
E01033599,"Works mainly at an offshore installation, in no fixed place, or outside the UK",83,57,26
E01033599,Works mainly from home,212,40,172
E01033601,10km to less than 20km,40,34,6
E01033601,20km to less than 30km,4,9,-5
E01033601,2km to less than 5km,155,174,-19
E01033601,30km to less than 40km,0,4,-4
E01033601,40km to less than 60km,3,2,1
E01033601,5km to less than 10km,76,72,4
E01033601,60km and over,1,14,-13
E01033601,Less than 2km,124,154,-30
E01033601,"Works mainly at an offshore installation, in no fixed place, or outside the UK",83,47,36
E01033601,Works mainly from home,253,52,201
E01033602,10km to less than 20km,16,25,-9
E01033602,20km to less than 30km,3,9,-6
E01033602,2km to less than 5km,98,160,-62
E01033602,30km to less than 40km,0,2,-2
E01033602,40km to less than 60km,1,1,0
E01033602,5km to less than 10km,43,77,-34
E01033602,60km and over,5,5,0
E01033602,Less than 2km,104,135,-31
E01033602,"Works mainly at an offshore installation, in no fixed place, or outside the UK",68,42,26
E01033602,Works mainly from home,181,31,150
E01033603,10km to less than 20km,10,39,-29
E01033603,20km to less than 30km,7,5,2
E01033603,2km to less than 5km,76,187,-111
E01033603,30km to less than 40km,2,9,-7
E01033603,40km to less than 60km,2,3,-1
E01033603,5km to less than 10km,46,101,-55
E01033603,60km and over,6,17,-11
E01033603,Less than 2km,71,120,-49
E01033603,"Works mainly at an offshore installation, in no fixed place, or outside the UK",50,59,-9
E01033603,Works mainly from home,319,54,265
E01033604,10km to less than 20km,14,36,-22
E01033604,20km to less than 30km,1,8,-7
E01033604,2km to less than 5km,121,180,-59
E01033604,30km to less than 40km,0,0,0
E01033604,40km to less than 60km,2,4,-2
E01033604,5km to less than 10km,38,70,-32
E01033604,60km and over,2,7,-5
E01033604,Less than 2km,83,129,-46
E01033604,"Works mainly at an offshore installation, in no fixed place, or outside the UK",83,63,20
E01033604,Works mainly from home,169,52,117
E01033605,10km to less than 20km,29,45,-16
E01033605,20km to less than 30km,4,8,-4
E01033605,2km to less than 5km,108,215,-107
E01033605,30km to less than 40km,1,3,-2
E01033605,40km to less than 60km,0,4,-4
E01033605,5km to less than 10km,33,89,-56
E01033605,60km and over,6,10,-4
E01033605,Less than 2km,94,137,-43
E01033605,"Works mainly at an offshore installation, in no fixed place, or outside the UK",92,75,17
E01033605,Works mainly from home,235,61,174
E01033699,10km to less than 20km,38,52,-14
E01033699,20km to less than 30km,3,7,-4
E01033699,2km to less than 5km,113,225,-112
E01033699,30km to less than 40km,2,4,-2
E01033699,40km to less than 60km,1,1,0
E01033699,5km to less than 10km,84,226,-142
E01033699,60km and over,6,6,0
E01033699,Less than 2km,48,64,-16
E01033699,"Works mainly at an offshore installation, in no fixed place, or outside the UK",84,108,-24
E01033699,Works mainly from home,621,95,526
E01033700,10km to less than 20km,36,48,-12
E01033700,20km to less than 30km,4,6,-2
E01033700,2km to less than 5km,173,387,-214
E01033700,30km to less than 40km,1,5,-4
E01033700,40km to less than 60km,1,7,-6
E01033700,5km to less than 10km,150,255,-105
E01033700,60km and over,3,9,-6
E01033700,Less than 2km,78,84,-6
E01033700,"Works mainly at an offshore installation, in no fixed place, or outside the UK",102,79,23
E01033700,Works mainly from home,1213,114,1099
E01033702,10km to less than 20km,37,63,-26
E01033702,20km to less than 30km,4,12,-8
E01033702,2km to less than 5km,81,81,0
E01033702,30km to less than 40km,1,1,0
E01033702,40km to less than 60km,2,1,1
E01033702,5km to less than 10km,103,184,-81
E01033702,60km and over,5,1,4
E01033702,Less than 2km,67,38,29
E01033702,"Works mainly at an offshore installation, in no fixed place, or outside the UK",78,65,13
E01033702,Works mainly from home,284,68,216
E01033703,10km to less than 20km,28,60,-32
E01033703,20km to less than 30km,7,4,3
E01033703,2km to less than 5km,102,152,-50
E01033703,30km to less than 40km,0,2,-2
E01033703,40km to less than 60km,4,4,0
E01033703,5km to less than 10km,100,241,-141
E01033703,60km and over,4,7,-3
E01033703,Less than 2km,52,73,-21
E01033703,"Works mainly at an offshore installation, in no fixed place, or outside the UK",75,77,-2
E01033703,Works mainly from home,411,71,340
E01033704,10km to less than 20km,37,82,-45
E01033704,20km to less than 30km,5,15,-10
E01033704,2km to less than 5km,202,338,-136
E01033704,30km to less than 40km,1,3,-2
E01033704,40km to less than 60km,4,5,-1
E01033704,5km to less than 10km,159,305,-146
E01033704,60km and over,6,8,-2
E01033704,Less than 2km,122,99,23
E01033704,"Works mainly at an offshore installation, in no fixed place, or outside the UK",142,133,9
E01033704,Works mainly from home,1020,153,867
E01033705,10km to less than 20km,26,44,-18
E01033705,20km to less than 30km,3,16,-13
E01033705,2km to less than 5km,98,102,-4
E01033705,30km to less than 40km,3,3,0
E01033705,40km to less than 60km,4,5,-1
E01033705,5km to less than 10km,149,232,-83
E01033705,60km and over,1,6,-5
E01033705,Less than 2km,40,67,-27
E01033705,"Works mainly at an offshore installation, in no fixed place, or outside the UK",72,84,-12
E01033705,Works mainly from home,279,41,238
E01033706,10km to less than 20km,17,49,-32
E01033706,20km to less than 30km,2,11,-9
E01033706,2km to less than 5km,87,309,-222
E01033706,30km to less than 40km,0,6,-6
E01033706,40km to less than 60km,0,3,-3
E01033706,5km to less than 10km,41,154,-113
E01033706,60km and over,2,8,-6
E01033706,Less than 2km,112,321,-209
E01033706,"Works mainly at an offshore installation, in no fixed place, or outside the UK",54,83,-29
E01033706,Works mainly from home,724,151,573
E01033708,10km to less than 20km,38,58,-20
E01033708,20km to less than 30km,9,10,-1
E01033708,2km to less than 5km,114,324,-210
E01033708,30km to less than 40km,5,2,3
E01033708,40km to less than 60km,6,11,-5
E01033708,5km to less than 10km,50,135,-85
E01033708,60km and over,5,11,-6
E01033708,Less than 2km,117,383,-266
E01033708,"Works mainly at an offshore installation, in no fixed place, or outside the UK",84,79,5
E01033708,Works mainly from home,831,214,617
E01033709,10km to less than 20km,29,54,-25
E01033709,20km to less than 30km,5,12,-7
E01033709,2km to less than 5km,166,353,-187
E01033709,30km to less than 40km,3,4,-1
E01033709,40km to less than 60km,1,6,-5
E01033709,5km to less than 10km,70,138,-68
E01033709,60km and over,6,16,-10
E01033709,Less than 2km,134,267,-133
E01033709,"Works mainly at an offshore installation, in no fixed place, or outside the UK",104,76,28
E01033709,Works mainly from home,583,72,511
E01033710,10km to less than 20km,25,54,-29
E01033710,20km to less than 30km,6,12,-6
E01033710,2km to less than 5km,72,78,-6
E01033710,30km to less than 40km,1,4,-3
E01033710,40km to less than 60km,0,1,-1
E01033710,5km to less than 10km,112,250,-138
E01033710,60km and over,2,7,-5
E01033710,Less than 2km,38,26,12
E01033710,"Works mainly at an offshore installation, in no fixed place, or outside the UK",92,94,-2
E01033710,Works mainly from home,289,44,245
E01033711,10km to less than 20km,20,39,-19
E01033711,20km to less than 30km,2,5,-3
E01033711,2km to less than 5km,101,199,-98
E01033711,30km to less than 40km,3,3,0
E01033711,40km to less than 60km,0,2,-2
E01033711,5km to less than 10km,42,86,-44
E01033711,60km and over,3,10,-7
E01033711,Less than 2km,128,192,-64
E01033711,"Works mainly at an offshore installation, in no fixed place, or outside the UK",51,54,-3
E01033711,Works mainly from home,799,85,714
E01033712,10km to less than 20km,34,56,-22
E01033712,20km to less than 30km,7,12,-5
E01033712,2km to less than 5km,116,225,-109
E01033712,30km to less than 40km,8,3,5
E01033712,40km to less than 60km,3,2,1
E01033712,5km to less than 10km,87,239,-152
E01033712,60km and over,1,11,-10
E01033712,Less than 2km,65,114,-49
E01033712,"Works mainly at an offshore installation, in no fixed place, or outside the UK",90,108,-18
E01033712,Works mainly from home,497,113,384
E01033713,10km to less than 20km,35,70,-35
E01033713,20km to less than 30km,3,7,-4
E01033713,2km to less than 5km,76,147,-71
E01033713,30km to less than 40km,1,1,0
E01033713,40km to less than 60km,2,7,-5
E01033713,5km to less than 10km,98,247,-149
E01033713,60km and over,4,4,0
E01033713,Less than 2km,69,80,-11
E01033713,"Works mainly at an offshore installation, in no fixed place, or outside the UK",70,76,-6
E01033713,Works mainly from home,485,60,425
E01033727,10km to less than 20km,80,107,-27
E01033727,20km to less than 30km,7,16,-9
E01033727,2km to less than 5km,108,178,-70
E01033727,30km to less than 40km,8,10,-2
E01033727,40km to less than 60km,8,13,-5
E01033727,5km to less than 10km,214,348,-134
E01033727,60km and over,10,18,-8
E01033727,Less than 2km,70,94,-24
E01033727,"Works mainly at an offshore installation, in no fixed place, or outside the UK",113,123,-10
E01033727,Works mainly from home,703,76,627
E01033728,10km to less than 20km,66,75,-9
E01033728,20km to less than 30km,6,8,-2
E01033728,2km to less than 5km,64,200,-136
E01033728,30km to less than 40km,0,8,-8
E01033728,40km to less than 60km,1,12,-11
E01033728,5km to less than 10km,166,404,-238
E01033728,60km and over,6,10,-4
E01033728,Less than 2km,35,40,-5
E01033728,"Works mainly at an offshore installation, in no fixed place, or outside the UK",82,54,28
E01033728,Works mainly from home,823,66,757
E01033729,10km to less than 20km,145,233,-88
E01033729,20km to less than 30km,19,41,-22
E01033729,2km to less than 5km,94,122,-28
E01033729,30km to less than 40km,4,36,-32
E01033729,40km to less than 60km,5,14,-9
E01033729,5km to less than 10km,136,183,-47
E01033729,60km and over,18,29,-11
E01033729,Less than 2km,59,90,-31
E01033729,"Works mainly at an offshore installation, in no fixed place, or outside the UK",156,128,28
E01033729,Works mainly from home,230,73,157
E01033732,10km to less than 20km,50,125,-75
E01033732,20km to less than 30km,3,15,-12
E01033732,2km to less than 5km,43,136,-93
E01033732,30km to less than 40km,3,7,-4
E01033732,40km to less than 60km,2,2,0
E01033732,5km to less than 10km,83,219,-136
E01033732,60km and over,0,9,-9
E01033732,Less than 2km,30,29,1
E01033732,"Works mainly at an offshore installation, in no fixed place, or outside the UK",35,56,-21
E01033732,Works mainly from home,417,32,385
E01033734,10km to less than 20km,135,390,-255
E01033734,20km to less than 30km,21,17,4
E01033734,2km to less than 5km,61,38,23
E01033734,30km to less than 40km,7,8,-1
E01033734,40km to less than 60km,2,7,-5
E01033734,5km to less than 10km,61,122,-61
E01033734,60km and over,2,9,-7
E01033734,Less than 2km,46,62,-16
E01033734,"Works mainly at an offshore installation, in no fixed place, or outside the UK",85,72,13
E01033734,Works mainly from home,517,51,466
E01033735,10km to less than 20km,158,236,-78
E01033735,20km to less than 30km,18,12,6
E01033735,2km to less than 5km,47,35,12
E01033735,30km to less than 40km,6,6,0
E01033735,40km to less than 60km,5,6,-1
E01033735,5km to less than 10km,84,71,13
E01033735,60km and over,5,5,0
E01033735,Less than 2km,48,70,-22
E01033735,"Works mainly at an offshore installation, in no fixed place, or outside the UK",101,75,26
E01033735,Works mainly from home,235,38,197
E01033736,10km to less than 20km,234,439,-205
E01033736,20km to less than 30km,32,19,13
E01033736,2km to less than 5km,80,31,49
E01033736,30km to less than 40km,7,7,0
E01033736,40km to less than 60km,7,3,4
E01033736,5km to less than 10km,101,145,-44
E01033736,60km and over,9,15,-6
E01033736,Less than 2km,24,53,-29
E01033736,"Works mainly at an offshore installation, in no fixed place, or outside the UK",95,76,19
E01033736,Works mainly from home,1119,65,1054
E01033737,10km to less than 20km,181,173,8
E01033737,20km to less than 30km,25,13,12
E01033737,2km to less than 5km,81,73,8
E01033737,30km to less than 40km,8,9,-1
E01033737,40km to less than 60km,6,3,3
E01033737,5km to less than 10km,108,120,-12
E01033737,60km and over,7,7,0
E01033737,Less than 2km,85,86,-1
E01033737,"Works mainly at an offshore installation, in no fixed place, or outside the UK",131,80,51
E01033737,Works mainly from home,381,45,336
E01033738,10km to less than 20km,124,147,-23
E01033738,20km to less than 30km,11,13,-2
E01033738,2km to less than 5km,90,92,-2
E01033738,30km to less than 40km,9,5,4
E01033738,40km to less than 60km,7,5,2
E01033738,5km to less than 10km,89,154,-65
E01033738,60km and over,5,6,-1
E01033738,Less than 2km,59,48,11
E01033738,"Works mainly at an offshore installation, in no fixed place, or outside the UK",103,87,16
E01033738,Works mainly from home,587,52,535
E01033739,10km to less than 20km,163,274,-111
E01033739,20km to less than 30km,17,41,-24
E01033739,2km to less than 5km,68,65,3
E01033739,30km to less than 40km,10,12,-2
E01033739,40km to less than 60km,4,6,-2
E01033739,5km to less than 10km,106,108,-2
E01033739,60km and over,21,11,10
E01033739,Less than 2km,39,46,-7
E01033739,"Works mainly at an offshore installation, in no fixed place, or outside the UK",160,93,67
E01033739,Works mainly from home,248,48,200
E01033740,10km to less than 20km,159,271,-112
E01033740,20km to less than 30km,16,34,-18
E01033740,2km to less than 5km,73,58,15
E01033740,30km to less than 40km,8,12,-4
E01033740,40km to less than 60km,5,9,-4
E01033740,5km to less than 10km,95,121,-26
E01033740,60km and over,15,12,3
E01033740,Less than 2km,55,57,-2
E01033740,"Works mainly at an offshore installation, in no fixed place, or outside the UK",139,107,32
E01033740,Works mainly from home,215,64,151
E01033741,10km to less than 20km,153,313,-160
E01033741,20km to less than 30km,26,27,-1
E01033741,2km to less than 5km,90,71,19
E01033741,30km to less than 40km,7,13,-6
E01033741,40km to less than 60km,3,9,-6
E01033741,5km to less than 10km,120,141,-21
E01033741,60km and over,11,15,-4
E01033741,Less than 2km,50,56,-6
E01033741,"Works mainly at an offshore installation, in no fixed place, or outside the UK",238,136,102
E01033741,Works mainly from home,305,94,211
E01033742,10km to less than 20km,159,321,-162
E01033742,20km to less than 30km,19,31,-12
E01033742,2km to less than 5km,47,63,-16
E01033742,30km to less than 40km,4,12,-8
E01033742,40km to less than 60km,4,6,-2
E01033742,5km to less than 10km,99,134,-35
E01033742,60km and over,10,12,-2
E01033742,Less than 2km,32,45,-13
E01033742,"Works mainly at an offshore installation, in no fixed place, or outside the UK",121,91,30
E01033742,Works mainly from home,327,48,279
E01033743,10km to less than 20km,173,276,-103
E01033743,20km to less than 30km,27,39,-12
E01033743,2km to less than 5km,93,66,27
E01033743,30km to less than 40km,12,15,-3
E01033743,40km to less than 60km,10,11,-1
E01033743,5km to less than 10km,124,139,-15
E01033743,60km and over,22,13,9
E01033743,Less than 2km,42,43,-1
E01033743,"Works mainly at an offshore installation, in no fixed place, or outside the UK",157,146,11
E01033743,Works mainly from home,206,69,137
E01033744,10km to less than 20km,146,266,-120
E01033744,20km to less than 30km,25,18,7
E01033744,2km to less than 5km,80,75,5
E01033744,30km to less than 40km,3,8,-5
E01033744,40km to less than 60km,1,5,-4
E01033744,5km to less than 10km,146,142,4
E01033744,60km and over,11,12,-1
E01033744,Less than 2km,67,103,-36
E01033744,"Works mainly at an offshore installation, in no fixed place, or outside the UK",119,95,24
E01033744,Works mainly from home,247,52,195
E01033745,10km to less than 20km,141,242,-101
E01033745,20km to less than 30km,25,33,-8
E01033745,2km to less than 5km,72,94,-22
E01033745,30km to less than 40km,21,15,6
E01033745,40km to less than 60km,6,6,0
E01033745,5km to less than 10km,110,145,-35
E01033745,60km and over,14,23,-9
E01033745,Less than 2km,63,61,2
E01033745,"Works mainly at an offshore installation, in no fixed place, or outside the UK",138,108,30
E01033745,Works mainly from home,244,61,183
E01033746,10km to less than 20km,34,81,-47
E01033746,20km to less than 30km,5,13,-8
E01033746,2km to less than 5km,46,126,-80
E01033746,30km to less than 40km,6,9,-3
E01033746,40km to less than 60km,1,4,-3
E01033746,5km to less than 10km,84,339,-255
E01033746,60km and over,3,11,-8
E01033746,Less than 2km,27,60,-33
E01033746,"Works mainly at an offshore installation, in no fixed place, or outside the UK",64,68,-4
E01033746,Works mainly from home,494,77,417
E01033784,10km to less than 20km,85,125,-40
E01033784,20km to less than 30km,81,192,-111
E01033784,2km to less than 5km,74,92,-18
E01033784,30km to less than 40km,11,19,-8
E01033784,40km to less than 60km,3,6,-3
E01033784,5km to less than 10km,51,94,-43
E01033784,60km and over,3,10,-7
E01033784,Less than 2km,63,70,-7
E01033784,"Works mainly at an offshore installation, in no fixed place, or outside the UK",144,84,60
E01033784,Works mainly from home,325,46,279
E01033785,10km to less than 20km,72,18,54
E01033785,20km to less than 30km,115,38,77
E01033785,2km to less than 5km,63,19,44
E01033785,30km to less than 40km,17,4,13
E01033785,40km to less than 60km,6,1,5
E01033785,5km to less than 10km,35,14,21
E01033785,60km and over,5,0,5
E01033785,Less than 2km,31,10,21
E01033785,"Works mainly at an offshore installation, in no fixed place, or outside the UK",92,21,71
E01033785,Works mainly from home,438,14,424
E01033786,10km to less than 20km,72,21,51
E01033786,20km to less than 30km,51,21,30
E01033786,2km to less than 5km,52,9,43
E01033786,30km to less than 40km,4,4,0
E01033786,40km to less than 60km,4,3,1
E01033786,5km to less than 10km,35,16,19
E01033786,60km and over,9,4,5
E01033786,Less than 2km,182,49,133
E01033786,"Works mainly at an offshore installation, in no fixed place, or outside the UK",97,11,86
E01033786,Works mainly from home,235,5,230
E01033787,10km to less than 20km,78,40,38
E01033787,20km to less than 30km,66,23,43
E01033787,2km to less than 5km,78,23,55
E01033787,30km to less than 40km,10,5,5
E01033787,40km to less than 60km,8,2,6
E01033787,5km to less than 10km,43,18,25
E01033787,60km and over,7,3,4
E01033787,Less than 2km,231,120,111
E01033787,"Works mainly at an offshore installation, in no fixed place, or outside the UK",106,22,84
E01033787,Works mainly from home,210,11,199
E01033788,10km to less than 20km,86,115,-29
E01033788,20km to less than 30km,50,75,-25
E01033788,2km to less than 5km,58,97,-39
E01033788,30km to less than 40km,8,9,-1
E01033788,40km to less than 60km,6,4,2
E01033788,5km to less than 10km,67,65,2
E01033788,60km and over,5,7,-2
E01033788,Less than 2km,105,144,-39
E01033788,"Works mainly at an offshore installation, in no fixed place, or outside the UK",134,64,70
E01033788,Works mainly from home,206,34,172
E01033789,10km to less than 20km,112,23,89
E01033789,20km to less than 30km,88,24,64
E01033789,2km to less than 5km,79,35,44
E01033789,30km to less than 40km,10,4,6
E01033789,40km to less than 60km,8,2,6
E01033789,5km to less than 10km,84,22,62
E01033789,60km and over,6,1,5
E01033789,Less than 2km,31,17,14
E01033789,"Works mainly at an offshore installation, in no fixed place, or outside the UK",110,10,100
E01033789,Works mainly from home,361,13,348
E01033790,10km to less than 20km,88,70,18
E01033790,20km to less than 30km,49,74,-25
E01033790,2km to less than 5km,85,105,-20
E01033790,30km to less than 40km,7,7,0
E01033790,40km to less than 60km,1,11,-10
E01033790,5km to less than 10km,86,73,13
E01033790,60km and over,7,12,-5
E01033790,Less than 2km,55,61,-6
E01033790,"Works mainly at an offshore installation, in no fixed place, or outside the UK",94,61,33
E01033790,Works mainly from home,125,25,100
E01033791,10km to less than 20km,74,69,5
E01033791,20km to less than 30km,42,53,-11
E01033791,2km to less than 5km,83,61,22
E01033791,30km to less than 40km,9,9,0
E01033791,40km to less than 60km,2,4,-2
E01033791,5km to less than 10km,87,58,29
E01033791,60km and over,10,8,2
E01033791,Less than 2km,72,49,23
E01033791,"Works mainly at an offshore installation, in no fixed place, or outside the UK",108,38,70
E01033791,Works mainly from home,187,35,152
E01033792,10km to less than 20km,65,167,-102
E01033792,20km to less than 30km,52,153,-101
E01033792,2km to less than 5km,79,103,-24
E01033792,30km to less than 40km,6,9,-3
E01033792,40km to less than 60km,7,6,1
E01033792,5km to less than 10km,83,83,0
E01033792,60km and over,7,9,-2
E01033792,Less than 2km,26,60,-34
E01033792,"Works mainly at an offshore installation, in no fixed place, or outside the UK",103,69,34
E01033792,Works mainly from home,299,52,247
E01033862,10km to less than 20km,13,21,-8
E01033862,20km to less than 30km,4,9,-5
E01033862,2km to less than 5km,110,197,-87
E01033862,30km to less than 40km,3,2,1
E01033862,40km to less than 60km,1,4,-3
E01033862,5km to less than 10km,61,63,-2
E01033862,60km and over,3,9,-6
E01033862,Less than 2km,64,91,-27
E01033862,"Works mainly at an offshore installation, in no fixed place, or outside the UK",54,50,4
E01033862,Works mainly from home,518,35,483
E01033863,10km to less than 20km,27,48,-21
E01033863,20km to less than 30km,3,15,-12
E01033863,2km to less than 5km,133,260,-127
E01033863,30km to less than 40km,3,6,-3
E01033863,40km to less than 60km,1,8,-7
E01033863,5km to less than 10km,68,113,-45
E01033863,60km and over,5,11,-6
E01033863,Less than 2km,72,116,-44
E01033863,"Works mainly at an offshore installation, in no fixed place, or outside the UK",94,80,14
E01033863,Works mainly from home,221,55,166
E01033864,10km to less than 20km,29,42,-13
E01033864,20km to less than 30km,3,9,-6
E01033864,2km to less than 5km,113,182,-69
E01033864,30km to less than 40km,0,0,0
E01033864,40km to less than 60km,3,3,0
E01033864,5km to less than 10km,53,88,-35
E01033864,60km and over,5,6,-1
E01033864,Less than 2km,34,41,-7
E01033864,"Works mainly at an offshore installation, in no fixed place, or outside the UK",81,47,34
E01033864,Works mainly from home,175,40,135
E01033865,10km to less than 20km,19,22,-3
E01033865,20km to less than 30km,7,4,3
E01033865,2km to less than 5km,118,165,-47
E01033865,30km to less than 40km,2,5,-3
E01033865,40km to less than 60km,4,5,-1
E01033865,5km to less than 10km,57,77,-20
E01033865,60km and over,5,2,3
E01033865,Less than 2km,33,37,-4
E01033865,"Works mainly at an offshore installation, in no fixed place, or outside the UK",51,36,15
E01033865,Works mainly from home,500,29,471
E01033866,10km to less than 20km,17,0,17
E01033866,20km to less than 30km,3,0,3
E01033866,2km to less than 5km,95,0,95
E01033866,30km to less than 40km,1,0,1
E01033866,40km to less than 60km,1,0,1
E01033866,5km to less than 10km,39,0,39
E01033866,60km and over,2,0,2
E01033866,Less than 2km,20,0,20
E01033866,"Works mainly at an offshore installation, in no fixed place, or outside the UK",40,0,40
E01033866,Works mainly from home,517,0,517
E01033867,10km to less than 20km,18,29,-11
E01033867,20km to less than 30km,2,14,-12
E01033867,2km to less than 5km,99,201,-102
E01033867,30km to less than 40km,3,7,-4
E01033867,40km to less than 60km,1,7,-6
E01033867,5km to less than 10km,56,105,-49
E01033867,60km and over,10,15,-5
E01033867,Less than 2km,86,234,-148
E01033867,"Works mainly at an offshore installation, in no fixed place, or outside the UK",59,67,-8
E01033867,Works mainly from home,422,60,362
E01033868,10km to less than 20km,13,21,-8
E01033868,20km to less than 30km,2,6,-4
E01033868,2km to less than 5km,73,189,-116
E01033868,30km to less than 40km,2,3,-1
E01033868,40km to less than 60km,4,4,0
E01033868,5km to less than 10km,42,105,-63
E01033868,60km and over,3,11,-8
E01033868,Less than 2km,56,195,-139
E01033868,"Works mainly at an offshore installation, in no fixed place, or outside the UK",38,41,-3
E01033868,Works mainly from home,504,53,451
E01033869,10km to less than 20km,37,38,-1
E01033869,20km to less than 30km,3,14,-11
E01033869,2km to less than 5km,102,216,-114
E01033869,30km to less than 40km,0,4,-4
E01033869,40km to less than 60km,3,8,-5
E01033869,5km to less than 10km,89,132,-43
E01033869,60km and over,4,5,-1
E01033869,Less than 2km,82,87,-5
E01033869,"Works mainly at an offshore installation, in no fixed place, or outside the UK",91,35,56
E01033869,Works mainly from home,319,39,280
E01033870,10km to less than 20km,38,27,11
E01033870,20km to less than 30km,4,1,3
E01033870,2km to less than 5km,170,173,-3
E01033870,30km to less than 40km,2,0,2
E01033870,40km to less than 60km,3,3,0
E01033870,5km to less than 10km,82,65,17
E01033870,60km and over,3,4,-1
E01033870,Less than 2km,86,72,14
E01033870,"Works mainly at an offshore installation, in no fixed place, or outside the UK",91,28,63
E01033870,Works mainly from home,767,23,744
E01033871,10km to less than 20km,29,53,-24
E01033871,20km to less than 30km,4,12,-8
E01033871,2km to less than 5km,106,337,-231
E01033871,30km to less than 40km,4,2,2
E01033871,40km to less than 60km,4,4,0
E01033871,5km to less than 10km,105,168,-63
E01033871,60km and over,6,5,1
E01033871,Less than 2km,59,106,-47
E01033871,"Works mainly at an offshore installation, in no fixed place, or outside the UK",87,65,22
E01033871,Works mainly from home,403,48,355
E01033872,10km to less than 20km,29,40,-11
E01033872,20km to less than 30km,13,8,5
E01033872,2km to less than 5km,111,286,-175
E01033872,30km to less than 40km,4,3,1
E01033872,40km to less than 60km,2,10,-8
E01033872,5km to less than 10km,64,94,-30
E01033872,60km and over,12,15,-3
E01033872,Less than 2km,44,115,-71
E01033872,"Works mainly at an offshore installation, in no fixed place, or outside the UK",92,39,53
E01033872,Works mainly from home,418,44,374
E01033873,10km to less than 20km,40,60,-20
E01033873,20km to less than 30km,10,11,-1
E01033873,2km to less than 5km,157,303,-146
E01033873,30km to less than 40km,2,5,-3
E01033873,40km to less than 60km,7,7,0
E01033873,5km to less than 10km,94,122,-28
E01033873,60km and over,12,22,-10
E01033873,Less than 2km,100,155,-55
E01033873,"Works mainly at an offshore installation, in no fixed place, or outside the UK",103,95,8
E01033873,Works mainly from home,301,74,227
E01033874,10km to less than 20km,7,0,7
E01033874,20km to less than 30km,3,0,3
E01033874,2km to less than 5km,89,0,89
E01033874,30km to less than 40km,10,0,10
E01033874,40km to less than 60km,0,0,0
E01033874,5km to less than 10km,40,0,40
E01033874,60km and over,2,0,2
E01033874,Less than 2km,30,0,30
E01033874,"Works mainly at an offshore installation, in no fixed place, or outside the UK",26,0,26
E01033874,Works mainly from home,484,0,484
E01033875,10km to less than 20km,25,16,9
E01033875,20km to less than 30km,1,4,-3
E01033875,2km to less than 5km,110,86,24
E01033875,30km to less than 40km,1,1,0
E01033875,40km to less than 60km,1,3,-2
E01033875,5km to less than 10km,64,41,23
E01033875,60km and over,5,3,2
E01033875,Less than 2km,49,66,-17
E01033875,"Works mainly at an offshore installation, in no fixed place, or outside the UK",61,23,38
E01033875,Works mainly from home,408,35,373
E01033876,10km to less than 20km,18,16,2
E01033876,20km to less than 30km,8,5,3
E01033876,2km to less than 5km,126,126,0
E01033876,30km to less than 40km,5,0,5
E01033876,40km to less than 60km,1,3,-2
E01033876,5km to less than 10km,46,55,-9
E01033876,60km and over,6,6,0
E01033876,Less than 2km,64,49,15
E01033876,"Works mainly at an offshore installation, in no fixed place, or outside the UK",49,22,27
E01033876,Works mainly from home,534,16,518
E01033877,10km to less than 20km,29,31,-2
E01033877,20km to less than 30km,8,9,-1
E01033877,2km to less than 5km,167,222,-55
E01033877,30km to less than 40km,1,2,-1
E01033877,40km to less than 60km,2,0,2
E01033877,5km to less than 10km,64,79,-15
E01033877,60km and over,8,7,1
E01033877,Less than 2km,63,71,-8
E01033877,"Works mainly at an offshore installation, in no fixed place, or outside the UK",110,66,44
E01033877,Works mainly from home,440,37,403
E01033878,10km to less than 20km,18,35,-17
E01033878,20km to less than 30km,6,4,2
E01033878,2km to less than 5km,112,140,-28
E01033878,30km to less than 40km,2,3,-1
E01033878,40km to less than 60km,3,4,-1
E01033878,5km to less than 10km,64,90,-26
E01033878,60km and over,5,4,1
E01033878,Less than 2km,55,81,-26
E01033878,"Works mainly at an offshore installation, in no fixed place, or outside the UK",75,61,14
E01033878,Works mainly from home,177,43,134
E01033879,10km to less than 20km,72,99,-27
E01033879,20km to less than 30km,18,16,2
E01033879,2km to less than 5km,217,332,-115
E01033879,30km to less than 40km,5,4,1
E01033879,40km to less than 60km,1,14,-13
E01033879,5km to less than 10km,167,218,-51
E01033879,60km and over,12,25,-13
E01033879,Less than 2km,113,163,-50
E01033879,"Works mainly at an offshore installation, in no fixed place, or outside the UK",136,121,15
E01033879,Works mainly from home,257,80,177
E01033880,10km to less than 20km,42,49,-7
E01033880,20km to less than 30km,13,5,8
E01033880,2km to less than 5km,235,182,53
E01033880,30km to less than 40km,12,4,8
E01033880,40km to less than 60km,2,2,0
E01033880,5km to less than 10km,143,115,28
E01033880,60km and over,19,5,14
E01033880,Less than 2km,107,44,63
E01033880,"Works mainly at an offshore installation, in no fixed place, or outside the UK",362,61,301
E01033880,Works mainly from home,355,24,331
E01033881,10km to less than 20km,40,112,-72
E01033881,20km to less than 30km,5,24,-19
E01033881,2km to less than 5km,193,414,-221
E01033881,30km to less than 40km,3,5,-2
E01033881,40km to less than 60km,2,15,-13
E01033881,5km to less than 10km,104,261,-157
E01033881,60km and over,7,16,-9
E01033881,Less than 2km,103,226,-123
E01033881,"Works mainly at an offshore installation, in no fixed place, or outside the UK",118,144,-26
E01033881,Works mainly from home,250,100,150
E01033882,10km to less than 20km,25,52,-27
E01033882,20km to less than 30km,9,5,4
E01033882,2km to less than 5km,116,168,-52
E01033882,30km to less than 40km,4,5,-1
E01033882,40km to less than 60km,1,2,-1
E01033882,5km to less than 10km,130,209,-79
E01033882,60km and over,6,8,-2
E01033882,Less than 2km,58,74,-16
E01033882,"Works mainly at an offshore installation, in no fixed place, or outside the UK",92,74,18
E01033882,Works mainly from home,311,58,253
E01033883,10km to less than 20km,66,43,23
E01033883,20km to less than 30km,8,7,1
E01033883,2km to less than 5km,128,107,21
E01033883,30km to less than 40km,2,2,0
E01033883,40km to less than 60km,4,1,3
E01033883,5km to less than 10km,120,121,-1
E01033883,60km and over,2,13,-11
E01033883,Less than 2km,53,59,-6
E01033883,"Works mainly at an offshore installation, in no fixed place, or outside the UK",111,38,73
E01033883,Works mainly from home,351,31,320
E01033884,10km to less than 20km,16,28,-12
E01033884,20km to less than 30km,2,5,-3
E01033884,2km to less than 5km,88,165,-77
E01033884,30km to less than 40km,3,5,-2
E01033884,40km to less than 60km,6,3,3
E01033884,5km to less than 10km,40,45,-5
E01033884,60km and over,4,9,-5
E01033884,Less than 2km,66,135,-69
E01033884,"Works mainly at an offshore installation, in no fixed place, or outside the UK",41,35,6
E01033884,Works mainly from home,456,36,420
E01033885,10km to less than 20km,32,59,-27
E01033885,20km to less than 30km,1,10,-9
E01033885,2km to less than 5km,120,281,-161
E01033885,30km to less than 40km,2,9,-7
E01033885,40km to less than 60km,3,12,-9
E01033885,5km to less than 10km,72,93,-21
E01033885,60km and over,8,13,-5
E01033885,Less than 2km,67,168,-101
E01033885,"Works mainly at an offshore installation, in no fixed place, or outside the UK",57,65,-8
E01033885,Works mainly from home,374,57,317
E01033911,10km to less than 20km,110,218,-108
E01033911,20km to less than 30km,10,15,-5
E01033911,2km to less than 5km,79,104,-25
E01033911,30km to less than 40km,9,10,-1
E01033911,40km to less than 60km,2,2,0
E01033911,5km to less than 10km,72,101,-29
E01033911,60km and over,6,6,0
E01033911,Less than 2km,17,97,-80
E01033911,"Works mainly at an offshore installation, in no fixed place, or outside the UK",112,57,55
E01033911,Works mainly from home,486,139,347
E01033912,10km to less than 20km,122,103,19
E01033912,20km to less than 30km,10,5,5
E01033912,2km to less than 5km,67,44,23
E01033912,30km to less than 40km,2,4,-2
E01033912,40km to less than 60km,1,3,-2
E01033912,5km to less than 10km,55,28,27
E01033912,60km and over,4,5,-1
E01033912,Less than 2km,26,12,14
E01033912,"Works mainly at an offshore installation, in no fixed place, or outside the UK",95,20,75
E01033912,Works mainly from home,478,23,455
E01033913,10km to less than 20km,83,201,-118
E01033913,20km to less than 30km,10,34,-24
E01033913,2km to less than 5km,55,58,-3
E01033913,30km to less than 40km,2,3,-1
E01033913,40km to less than 60km,1,3,-2
E01033913,5km to less than 10km,91,107,-16
E01033913,60km and over,3,7,-4
E01033913,Less than 2km,48,51,-3
E01033913,"Works mainly at an offshore installation, in no fixed place, or outside the UK",151,76,75
E01033913,Works mainly from home,137,42,95
E01033914,10km to less than 20km,141,142,-1
E01033914,20km to less than 30km,10,25,-15
E01033914,2km to less than 5km,71,82,-11
E01033914,30km to less than 40km,6,5,1
E01033914,40km to less than 60km,7,3,4
E01033914,5km to less than 10km,139,106,33
E01033914,60km and over,7,10,-3
E01033914,Less than 2km,90,62,28
E01033914,"Works mainly at an offshore installation, in no fixed place, or outside the UK",180,101,79
E01033914,Works mainly from home,125,52,73
E01033915,10km to less than 20km,74,0,74
E01033915,20km to less than 30km,3,0,3
E01033915,2km to less than 5km,51,0,51
E01033915,30km to less than 40km,1,0,1
E01033915,40km to less than 60km,0,0,0
E01033915,5km to less than 10km,66,0,66
E01033915,60km and over,1,0,1
E01033915,Less than 2km,40,0,40
E01033915,"Works mainly at an offshore installation, in no fixed place, or outside the UK",85,0,85
E01033915,Works mainly from home,230,0,230
E01033916,10km to less than 20km,144,297,-153
E01033916,20km to less than 30km,8,18,-10
E01033916,2km to less than 5km,78,99,-21
E01033916,30km to less than 40km,6,7,-1
E01033916,40km to less than 60km,2,3,-1
E01033916,5km to less than 10km,127,158,-31
E01033916,60km and over,3,6,-3
E01033916,Less than 2km,46,73,-27
E01033916,"Works mainly at an offshore installation, in no fixed place, or outside the UK",191,149,42
E01033916,Works mainly from home,227,63,164
E01033917,10km to less than 20km,137,157,-20
E01033917,20km to less than 30km,15,10,5
E01033917,2km to less than 5km,64,35,29
E01033917,30km to less than 40km,6,1,5
E01033917,40km to less than 60km,10,3,7
E01033917,5km to less than 10km,96,76,20
E01033917,60km and over,7,4,3
E01033917,Less than 2km,50,29,21
E01033917,"Works mainly at an offshore installation, in no fixed place, or outside the UK",96,29,67
E01033917,Works mainly from home,383,36,347
E01033918,10km to less than 20km,134,126,8
E01033918,20km to less than 30km,7,8,-1
E01033918,2km to less than 5km,50,23,27
E01033918,30km to less than 40km,2,7,-5
E01033918,40km to less than 60km,5,6,-1
E01033918,5km to less than 10km,87,53,34
E01033918,60km and over,5,8,-3
E01033918,Less than 2km,43,31,12
E01033918,"Works mainly at an offshore installation, in no fixed place, or outside the UK",77,36,41
E01033918,Works mainly from home,413,21,392
E01033919,10km to less than 20km,138,29,109
E01033919,20km to less than 30km,9,5,4
E01033919,2km to less than 5km,33,3,30
E01033919,30km to less than 40km,4,1,3
E01033919,40km to less than 60km,2,1,1
E01033919,5km to less than 10km,72,9,63
E01033919,60km and over,4,1,3
E01033919,Less than 2km,24,2,22
E01033919,"Works mainly at an offshore installation, in no fixed place, or outside the UK",95,18,77
E01033919,Works mainly from home,423,9,414
E01033920,10km to less than 20km,166,56,110
E01033920,20km to less than 30km,6,3,3
E01033920,2km to less than 5km,35,23,12
E01033920,30km to less than 40km,3,1,2
E01033920,40km to less than 60km,1,0,1
E01033920,5km to less than 10km,89,19,70
E01033920,60km and over,5,2,3
E01033920,Less than 2km,40,22,18
E01033920,"Works mainly at an offshore installation, in no fixed place, or outside the UK",113,47,66
E01033920,Works mainly from home,444,18,426
E01033921,10km to less than 20km,162,0,162
E01033921,20km to less than 30km,11,0,11
E01033921,2km to less than 5km,63,0,63
E01033921,30km to less than 40km,5,0,5
E01033921,40km to less than 60km,1,0,1
E01033921,5km to less than 10km,101,0,101
E01033921,60km and over,9,0,9
E01033921,Less than 2km,44,0,44
E01033921,"Works mainly at an offshore installation, in no fixed place, or outside the UK",124,0,124
E01033921,Works mainly from home,408,0,408
E01033922,10km to less than 20km,152,42,110
E01033922,20km to less than 30km,5,4,1
E01033922,2km to less than 5km,65,15,50
E01033922,30km to less than 40km,2,1,1
E01033922,40km to less than 60km,2,0,2
E01033922,5km to less than 10km,121,16,105
E01033922,60km and over,4,4,0
E01033922,Less than 2km,49,23,26
E01033922,"Works mainly at an offshore installation, in no fixed place, or outside the UK",176,29,147
E01033922,Works mainly from home,429,11,418
E01033923,10km to less than 20km,119,92,27
E01033923,20km to less than 30km,9,5,4
E01033923,2km to less than 5km,72,19,53
E01033923,30km to less than 40km,5,0,5
E01033923,40km to less than 60km,0,0,0
E01033923,5km to less than 10km,80,43,37
E01033923,60km and over,0,6,-6
E01033923,Less than 2km,54,38,16
E01033923,"Works mainly at an offshore installation, in no fixed place, or outside the UK",136,42,94
E01033923,Works mainly from home,245,18,227
E01033924,10km to less than 20km,113,157,-44
E01033924,20km to less than 30km,9,15,-6
E01033924,2km to less than 5km,62,90,-28
E01033924,30km to less than 40km,5,4,1
E01033924,40km to less than 60km,2,1,1
E01033924,5km to less than 10km,70,106,-36
E01033924,60km and over,5,1,4
E01033924,Less than 2km,59,59,0
E01033924,"Works mainly at an offshore installation, in no fixed place, or outside the UK",144,74,70
E01033924,Works mainly from home,188,33,155
E01033925,10km to less than 20km,121,125,-4
E01033925,20km to less than 30km,17,15,2
E01033925,2km to less than 5km,79,64,15
E01033925,30km to less than 40km,1,3,-2
E01033925,40km to less than 60km,1,1,0
E01033925,5km to less than 10km,128,99,29
E01033925,60km and over,7,3,4
E01033925,Less than 2km,59,55,4
E01033925,"Works mainly at an offshore installation, in no fixed place, or outside the UK",163,110,53
E01033925,Works mainly from home,295,49,246
E01033926,10km to less than 20km,182,300,-118
E01033926,20km to less than 30km,16,30,-14
E01033926,2km to less than 5km,148,183,-35
E01033926,30km to less than 40km,8,12,-4
E01033926,40km to less than 60km,3,7,-4
E01033926,5km to less than 10km,116,180,-64
E01033926,60km and over,7,22,-15
E01033926,Less than 2km,103,153,-50
E01033926,"Works mainly at an offshore installation, in no fixed place, or outside the UK",189,95,94
E01033926,Works mainly from home,236,73,163
E01033927,10km to less than 20km,99,285,-186
E01033927,20km to less than 30km,14,17,-3
E01033927,2km to less than 5km,70,72,-2
E01033927,30km to less than 40km,4,5,-1
E01033927,40km to less than 60km,1,4,-3
E01033927,5km to less than 10km,91,93,-2
E01033927,60km and over,2,6,-4
E01033927,Less than 2km,55,51,4
E01033927,"Works mainly at an offshore installation, in no fixed place, or outside the UK",203,104,99
E01033927,Works mainly from home,269,74,195
E01033928,10km to less than 20km,91,291,-200
E01033928,20km to less than 30km,5,12,-7
E01033928,2km to less than 5km,54,83,-29
E01033928,30km to less than 40km,4,6,-2
E01033928,40km to less than 60km,7,7,0
E01033928,5km to less than 10km,66,78,-12
E01033928,60km and over,1,4,-3
E01033928,Less than 2km,46,45,1
E01033928,"Works mainly at an offshore installation, in no fixed place, or outside the UK",142,70,72
E01033928,Works mainly from home,267,59,208
E01033929,10km to less than 20km,135,45,90
E01033929,20km to less than 30km,5,4,1
E01033929,2km to less than 5km,40,23,17
E01033929,30km to less than 40km,3,0,3
E01033929,40km to less than 60km,4,3,1
E01033929,5km to less than 10km,93,35,58
E01033929,60km and over,7,5,2
E01033929,Less than 2km,27,14,13
E01033929,"Works mainly at an offshore installation, in no fixed place, or outside the UK",71,19,52
E01033929,Works mainly from home,350,22,328
E01033930,10km to less than 20km,118,199,-81
E01033930,20km to less than 30km,13,18,-5
E01033930,2km to less than 5km,112,127,-15
E01033930,30km to less than 40km,4,8,-4
E01033930,40km to less than 60km,3,3,0
E01033930,5km to less than 10km,127,155,-28
E01033930,60km and over,10,15,-5
E01033930,Less than 2km,75,84,-9
E01033930,"Works mainly at an offshore installation, in no fixed place, or outside the UK",188,118,70
E01033930,Works mainly from home,222,54,168
E01033931,10km to less than 20km,75,163,-88
E01033931,20km to less than 30km,8,9,-1
E01033931,2km to less than 5km,89,96,-7
E01033931,30km to less than 40km,1,1,0
E01033931,40km to less than 60km,0,3,-3
E01033931,5km to less than 10km,85,81,4
E01033931,60km and over,6,7,-1
E01033931,Less than 2km,53,53,0
E01033931,"Works mainly at an offshore installation, in no fixed place, or outside the UK",111,77,34
E01033931,Works mainly from home,144,41,103
E01033932,10km to less than 20km,94,112,-18
E01033932,20km to less than 30km,4,16,-12
E01033932,2km to less than 5km,132,148,-16
E01033932,30km to less than 40km,4,3,1
E01033932,40km to less than 60km,2,4,-2
E01033932,5km to less than 10km,97,118,-21
E01033932,60km and over,11,1,10
E01033932,Less than 2km,66,66,0
E01033932,"Works mainly at an offshore installation, in no fixed place, or outside the UK",143,89,54
E01033932,Works mainly from home,152,59,93
E01033933,10km to less than 20km,41,114,-73
E01033933,20km to less than 30km,9,17,-8
E01033933,2km to less than 5km,84,116,-32
E01033933,30km to less than 40km,6,5,1
E01033933,40km to less than 60km,6,5,1
E01033933,5km to less than 10km,85,152,-67
E01033933,60km and over,3,3,0
E01033933,Less than 2km,51,126,-75
E01033933,"Works mainly at an offshore installation, in no fixed place, or outside the UK",118,135,-17
E01033933,Works mainly from home,86,59,27
E01033934,10km to less than 20km,52,61,-9
E01033934,20km to less than 30km,10,11,-1
E01033934,2km to less than 5km,116,83,33
E01033934,30km to less than 40km,2,0,2
E01033934,40km to less than 60km,8,3,5
E01033934,5km to less than 10km,96,99,-3
E01033934,60km and over,7,2,5
E01033934,Less than 2km,44,57,-13
E01033934,"Works mainly at an offshore installation, in no fixed place, or outside the UK",142,84,58
E01033934,Works mainly from home,130,30,100
E01033935,10km to less than 20km,187,163,24
E01033935,20km to less than 30km,13,19,-6
E01033935,2km to less than 5km,291,168,123
E01033935,30km to less than 40km,1,6,-5
E01033935,40km to less than 60km,14,0,14
E01033935,5km to less than 10km,144,139,5
E01033935,60km and over,6,14,-8
E01033935,Less than 2km,107,118,-11
E01033935,"Works mainly at an offshore installation, in no fixed place, or outside the UK",157,123,34
E01033935,Works mainly from home,146,44,102
E01033936,10km to less than 20km,131,92,39
E01033936,20km to less than 30km,4,9,-5
E01033936,2km to less than 5km,204,69,135
E01033936,30km to less than 40km,3,3,0
E01033936,40km to less than 60km,3,2,1
E01033936,5km to less than 10km,109,70,39
E01033936,60km and over,1,5,-4
E01033936,Less than 2km,74,46,28
E01033936,"Works mainly at an offshore installation, in no fixed place, or outside the UK",95,57,38
E01033936,Works mainly from home,257,28,229
E01033937,10km to less than 20km,32,37,-5
E01033937,20km to less than 30km,3,12,-9
E01033937,2km to less than 5km,67,71,-4
E01033937,30km to less than 40km,1,0,1
E01033937,40km to less than 60km,3,0,3
E01033937,5km to less than 10km,98,80,18
E01033937,60km and over,5,5,0
E01033937,Less than 2km,74,58,16
E01033937,"Works mainly at an offshore installation, in no fixed place, or outside the UK",97,42,55
E01033937,Works mainly from home,131,39,92
E01033938,10km to less than 20km,49,27,22
E01033938,20km to less than 30km,14,3,11
E01033938,2km to less than 5km,60,47,13
E01033938,30km to less than 40km,0,1,-1
E01033938,40km to less than 60km,2,0,2
E01033938,5km to less than 10km,95,67,28
E01033938,60km and over,8,5,3
E01033938,Less than 2km,70,35,35
E01033938,"Works mainly at an offshore installation, in no fixed place, or outside the UK",72,22,50
E01033938,Works mainly from home,117,20,97
E01033939,10km to less than 20km,113,45,68
E01033939,20km to less than 30km,17,7,10
E01033939,2km to less than 5km,73,29,44
E01033939,30km to less than 40km,8,2,6
E01033939,40km to less than 60km,5,0,5
E01033939,5km to less than 10km,130,36,94
E01033939,60km and over,11,5,6
E01033939,Less than 2km,88,10,78
E01033939,"Works mainly at an offshore installation, in no fixed place, or outside the UK",125,17,108
E01033939,Works mainly from home,426,11,415
E01033940,10km to less than 20km,151,0,151
E01033940,20km to less than 30km,9,0,9
E01033940,2km to less than 5km,64,0,64
E01033940,30km to less than 40km,9,0,9
E01033940,40km to less than 60km,4,0,4
E01033940,5km to less than 10km,94,0,94
E01033940,60km and over,16,0,16
E01033940,Less than 2km,44,0,44
E01033940,"Works mainly at an offshore installation, in no fixed place, or outside the UK",71,0,71
E01033940,Works mainly from home,624,0,624
E01033941,10km to less than 20km,129,257,-128
E01033941,20km to less than 30km,6,24,-18
E01033941,2km to less than 5km,75,79,-4
E01033941,30km to less than 40km,4,3,1
E01033941,40km to less than 60km,0,4,-4
E01033941,5km to less than 10km,69,115,-46
E01033941,60km and over,5,12,-7
E01033941,Less than 2km,34,64,-30
E01033941,"Works mainly at an offshore installation, in no fixed place, or outside the UK",94,71,23
E01033941,Works mainly from home,406,42,364
E01033942,10km to less than 20km,132,0,132
E01033942,20km to less than 30km,8,0,8
E01033942,2km to less than 5km,48,0,48
E01033942,30km to less than 40km,3,0,3
E01033942,40km to less than 60km,2,0,2
E01033942,5km to less than 10km,72,0,72
E01033942,60km and over,12,0,12
E01033942,Less than 2km,39,0,39
E01033942,"Works mainly at an offshore installation, in no fixed place, or outside the UK",50,0,50
E01033942,Works mainly from home,518,0,518
E01033943,10km to less than 20km,166,110,56
E01033943,20km to less than 30km,29,14,15
E01033943,2km to less than 5km,77,82,-5
E01033943,30km to less than 40km,7,1,6
E01033943,40km to less than 60km,5,2,3
E01033943,5km to less than 10km,213,169,44
E01033943,60km and over,21,7,14
E01033943,Less than 2km,67,53,14
E01033943,"Works mainly at an offshore installation, in no fixed place, or outside the UK",294,86,208
E01033943,Works mainly from home,524,39,485
E01033944,10km to less than 20km,135,24,111
E01033944,20km to less than 30km,11,5,6
E01033944,2km to less than 5km,123,22,101
E01033944,30km to less than 40km,7,1,6
E01033944,40km to less than 60km,6,1,5
E01033944,5km to less than 10km,195,47,148
E01033944,60km and over,15,2,13
E01033944,Less than 2km,49,8,41
E01033944,"Works mainly at an offshore installation, in no fixed place, or outside the UK",149,38,111
E01033944,Works mainly from home,331,10,321
E01033945,10km to less than 20km,50,122,-72
E01033945,20km to less than 30km,7,25,-18
E01033945,2km to less than 5km,48,77,-29
E01033945,30km to less than 40km,1,5,-4
E01033945,40km to less than 60km,2,0,2
E01033945,5km to less than 10km,112,388,-276
E01033945,60km and over,4,10,-6
E01033945,Less than 2km,44,59,-15
E01033945,"Works mainly at an offshore installation, in no fixed place, or outside the UK",90,66,24
E01033945,Works mainly from home,473,52,421
E01033946,10km to less than 20km,44,49,-5
E01033946,20km to less than 30km,7,7,0
E01033946,2km to less than 5km,55,31,24
E01033946,30km to less than 40km,3,1,2
E01033946,40km to less than 60km,3,1,2
E01033946,5km to less than 10km,122,143,-21
E01033946,60km and over,2,0,2
E01033946,Less than 2km,41,14,27
E01033946,"Works mainly at an offshore installation, in no fixed place, or outside the UK",72,24,48
E01033946,Works mainly from home,593,17,576
E01034026,10km to less than 20km,70,106,-36
E01034026,20km to less than 30km,8,5,3
E01034026,2km to less than 5km,88,87,1
E01034026,30km to less than 40km,4,5,-1
E01034026,40km to less than 60km,5,3,2
E01034026,5km to less than 10km,173,170,3
E01034026,60km and over,14,4,10
E01034026,Less than 2km,66,57,9
E01034026,"Works mainly at an offshore installation, in no fixed place, or outside the UK",82,61,21
E01034026,Works mainly from home,399,30,369
E01034027,10km to less than 20km,69,197,-128
E01034027,20km to less than 30km,10,31,-21
E01034027,2km to less than 5km,179,174,5
E01034027,30km to less than 40km,4,3,1
E01034027,40km to less than 60km,9,6,3
E01034027,5km to less than 10km,173,275,-102
E01034027,60km and over,7,10,-3
E01034027,Less than 2km,81,179,-98
E01034027,"Works mainly at an offshore installation, in no fixed place, or outside the UK",175,157,18
E01034027,Works mainly from home,357,61,296
E01034028,10km to less than 20km,88,231,-143
E01034028,20km to less than 30km,10,37,-27
E01034028,2km to less than 5km,51,100,-49
E01034028,30km to less than 40km,1,6,-5
E01034028,40km to less than 60km,1,6,-5
E01034028,5km to less than 10km,86,120,-34
E01034028,60km and over,3,17,-14
E01034028,Less than 2km,62,72,-10
E01034028,"Works mainly at an offshore installation, in no fixed place, or outside the UK",120,75,45
E01034028,Works mainly from home,304,60,244
E01034029,10km to less than 20km,74,256,-182
E01034029,20km to less than 30km,5,34,-29
E01034029,2km to less than 5km,55,71,-16
E01034029,30km to less than 40km,1,4,-3
E01034029,40km to less than 60km,3,5,-2
E01034029,5km to less than 10km,85,136,-51
E01034029,60km and over,5,17,-12
E01034029,Less than 2km,57,67,-10
E01034029,"Works mainly at an offshore installation, in no fixed place, or outside the UK",79,71,8
E01034029,Works mainly from home,490,57,433
E01034030,10km to less than 20km,112,428,-316
E01034030,20km to less than 30km,6,48,-42
E01034030,2km to less than 5km,94,151,-57
E01034030,30km to less than 40km,3,10,-7
E01034030,40km to less than 60km,5,13,-8
E01034030,5km to less than 10km,132,256,-124
E01034030,60km and over,4,18,-14
E01034030,Less than 2km,65,105,-40
E01034030,"Works mainly at an offshore installation, in no fixed place, or outside the UK",104,124,-20
E01034030,Works mainly from home,564,125,439
E01034031,10km to less than 20km,70,0,70
E01034031,20km to less than 30km,5,0,5
E01034031,2km to less than 5km,64,0,64
E01034031,30km to less than 40km,0,0,0
E01034031,40km to less than 60km,0,0,0
E01034031,5km to less than 10km,50,0,50
E01034031,60km and over,5,0,5
E01034031,Less than 2km,19,0,19
E01034031,"Works mainly at an offshore installation, in no fixed place, or outside the UK",40,0,40
E01034031,Works mainly from home,458,0,458
E01034032,10km to less than 20km,106,154,-48
E01034032,20km to less than 30km,9,15,-6
E01034032,2km to less than 5km,97,123,-26
E01034032,30km to less than 40km,4,5,-1
E01034032,40km to less than 60km,1,5,-4
E01034032,5km to less than 10km,105,136,-31
E01034032,60km and over,5,6,-1
E01034032,Less than 2km,89,89,0
E01034032,"Works mainly at an offshore installation, in no fixed place, or outside the UK",133,72,61
E01034032,Works mainly from home,359,85,274
E01034033,10km to less than 20km,105,175,-70
E01034033,20km to less than 30km,10,27,-17
E01034033,2km to less than 5km,106,87,19
E01034033,30km to less than 40km,3,12,-9
E01034033,40km to less than 60km,4,6,-2
E01034033,5km to less than 10km,124,117,7
E01034033,60km and over,8,15,-7
E01034033,Less than 2km,80,70,10
E01034033,"Works mainly at an offshore installation, in no fixed place, or outside the UK",114,59,55
E01034033,Works mainly from home,596,77,519
E01034034,10km to less than 20km,81,154,-73
E01034034,20km to less than 30km,6,25,-19
E01034034,2km to less than 5km,67,85,-18
E01034034,30km to less than 40km,7,2,5
E01034034,40km to less than 60km,0,9,-9
E01034034,5km to less than 10km,104,123,-19
E01034034,60km and over,4,3,1
E01034034,Less than 2km,81,63,18
E01034034,"Works mainly at an offshore installation, in no fixed place, or outside the UK",114,52,62
E01034034,Works mainly from home,420,49,371
E01034035,10km to less than 20km,80,221,-141
E01034035,20km to less than 30km,13,26,-13
E01034035,2km to less than 5km,90,128,-38
E01034035,30km to less than 40km,5,7,-2
E01034035,40km to less than 60km,1,4,-3
E01034035,5km to less than 10km,76,141,-65
E01034035,60km and over,6,12,-6
E01034035,Less than 2km,68,88,-20
E01034035,"Works mainly at an offshore installation, in no fixed place, or outside the UK",95,106,-11
E01034035,Works mainly from home,438,108,330
E01034036,10km to less than 20km,152,173,-21
E01034036,20km to less than 30km,17,19,-2
E01034036,2km to less than 5km,129,75,54
E01034036,30km to less than 40km,2,8,-6
E01034036,40km to less than 60km,3,7,-4
E01034036,5km to less than 10km,130,118,12
E01034036,60km and over,11,9,2
E01034036,Less than 2km,64,55,9
E01034036,"Works mainly at an offshore installation, in no fixed place, or outside the UK",104,89,15
E01034036,Works mainly from home,233,63,170
E01034037,10km to less than 20km,135,93,42
E01034037,20km to less than 30km,16,18,-2
E01034037,2km to less than 5km,127,47,80
E01034037,30km to less than 40km,5,4,1
E01034037,40km to less than 60km,1,5,-4
E01034037,5km to less than 10km,140,97,43
E01034037,60km and over,5,3,2
E01034037,Less than 2km,52,47,5
E01034037,"Works mainly at an offshore installation, in no fixed place, or outside the UK",121,46,75
E01034037,Works mainly from home,295,50,245
E01034038,10km to less than 20km,118,46,72
E01034038,20km to less than 30km,30,13,17
E01034038,2km to less than 5km,115,36,79
E01034038,30km to less than 40km,0,2,-2
E01034038,40km to less than 60km,1,1,0
E01034038,5km to less than 10km,131,43,88
E01034038,60km and over,10,4,6
E01034038,Less than 2km,77,27,50
E01034038,"Works mainly at an offshore installation, in no fixed place, or outside the UK",112,30,82
E01034038,Works mainly from home,214,27,187
E01034039,10km to less than 20km,66,102,-36
E01034039,20km to less than 30km,19,21,-2
E01034039,2km to less than 5km,122,78,44
E01034039,30km to less than 40km,6,2,4
E01034039,40km to less than 60km,1,4,-3
E01034039,5km to less than 10km,149,107,42
E01034039,60km and over,1,7,-6
E01034039,Less than 2km,74,56,18
E01034039,"Works mainly at an offshore installation, in no fixed place, or outside the UK",110,41,69
E01034039,Works mainly from home,151,44,107
E01034040,10km to less than 20km,115,156,-41
E01034040,20km to less than 30km,12,29,-17
E01034040,2km to less than 5km,141,112,29
E01034040,30km to less than 40km,3,7,-4
E01034040,40km to less than 60km,12,1,11
E01034040,5km to less than 10km,114,163,-49
E01034040,60km and over,6,11,-5
E01034040,Less than 2km,65,87,-22
E01034040,"Works mainly at an offshore installation, in no fixed place, or outside the UK",130,91,39
E01034040,Works mainly from home,190,40,150
E01034041,10km to less than 20km,98,110,-12
E01034041,20km to less than 30km,19,40,-21
E01034041,2km to less than 5km,96,111,-15
E01034041,30km to less than 40km,5,10,-5
E01034041,40km to less than 60km,5,3,2
E01034041,5km to less than 10km,122,154,-32
E01034041,60km and over,12,13,-1
E01034041,Less than 2km,73,67,6
E01034041,"Works mainly at an offshore installation, in no fixed place, or outside the UK",141,92,49
E01034041,Works mainly from home,164,58,106
E01034042,10km to less than 20km,66,66,0
E01034042,20km to less than 30km,9,7,2
E01034042,2km to less than 5km,79,47,32
E01034042,30km to less than 40km,0,2,-2
E01034042,40km to less than 60km,3,1,2
E01034042,5km to less than 10km,77,57,20
E01034042,60km and over,0,7,-7
E01034042,Less than 2km,42,33,9
E01034042,"Works mainly at an offshore installation, in no fixed place, or outside the UK",72,42,30
E01034042,Works mainly from home,256,27,229
E01034043,10km to less than 20km,73,88,-15
E01034043,20km to less than 30km,11,15,-4
E01034043,2km to less than 5km,74,47,27
E01034043,30km to less than 40km,4,4,0
E01034043,40km to less than 60km,0,1,-1
E01034043,5km to less than 10km,76,78,-2
E01034043,60km and over,8,6,2
E01034043,Less than 2km,43,49,-6
E01034043,"Works mainly at an offshore installation, in no fixed place, or outside the UK",98,63,35
E01034043,Works mainly from home,341,43,298
E01034044,10km to less than 20km,66,81,-15
E01034044,20km to less than 30km,15,6,9
E01034044,2km to less than 5km,50,45,5
E01034044,30km to less than 40km,2,7,-5
E01034044,40km to less than 60km,4,9,-5
E01034044,5km to less than 10km,87,56,31
E01034044,60km and over,7,6,1
E01034044,Less than 2km,34,32,2
E01034044,"Works mainly at an offshore installation, in no fixed place, or outside the UK",60,26,34
E01034044,Works mainly from home,360,42,318
E01034045,10km to less than 20km,137,166,-29
E01034045,20km to less than 30km,17,13,4
E01034045,2km to less than 5km,125,65,60
E01034045,30km to less than 40km,6,11,-5
E01034045,40km to less than 60km,6,7,-1
E01034045,5km to less than 10km,149,88,61
E01034045,60km and over,10,11,-1
E01034045,Less than 2km,75,69,6
E01034045,"Works mainly at an offshore installation, in no fixed place, or outside the UK",117,53,64
E01034045,Works mainly from home,509,38,471
E01034046,10km to less than 20km,66,127,-61
E01034046,20km to less than 30km,13,16,-3
E01034046,2km to less than 5km,118,179,-61
E01034046,30km to less than 40km,4,7,-3
E01034046,40km to less than 60km,4,3,1
E01034046,5km to less than 10km,132,144,-12
E01034046,60km and over,4,8,-4
E01034046,Less than 2km,80,116,-36
E01034046,"Works mainly at an offshore installation, in no fixed place, or outside the UK",164,94,70
E01034046,Works mainly from home,183,52,131
E01034139,10km to less than 20km,108,101,7
E01034139,20km to less than 30km,15,19,-4
E01034139,2km to less than 5km,79,53,26
E01034139,30km to less than 40km,4,4,0
E01034139,40km to less than 60km,2,7,-5
E01034139,5km to less than 10km,101,90,11
E01034139,60km and over,8,14,-6
E01034139,Less than 2km,161,123,38
E01034139,"Works mainly at an offshore installation, in no fixed place, or outside the UK",167,48,119
E01034139,Works mainly from home,194,44,150
E01034140,10km to less than 20km,98,234,-136
E01034140,20km to less than 30km,13,30,-17
E01034140,2km to less than 5km,50,64,-14
E01034140,30km to less than 40km,4,10,-6
E01034140,40km to less than 60km,8,7,1
E01034140,5km to less than 10km,67,139,-72
E01034140,60km and over,7,16,-9
E01034140,Less than 2km,103,160,-57
E01034140,"Works mainly at an offshore installation, in no fixed place, or outside the UK",97,77,20
E01034140,Works mainly from home,190,55,135
E01034141,10km to less than 20km,113,99,14
E01034141,20km to less than 30km,15,14,1
E01034141,2km to less than 5km,37,24,13
E01034141,30km to less than 40km,2,3,-1
E01034141,40km to less than 60km,2,2,0
E01034141,5km to less than 10km,71,35,36
E01034141,60km and over,3,6,-3
E01034141,Less than 2km,88,50,38
E01034141,"Works mainly at an offshore installation, in no fixed place, or outside the UK",97,25,72
E01034141,Works mainly from home,366,20,346
E01034142,10km to less than 20km,91,229,-138
E01034142,20km to less than 30km,25,34,-9
E01034142,2km to less than 5km,72,49,23
E01034142,30km to less than 40km,5,4,1
E01034142,40km to less than 60km,2,3,-1
E01034142,5km to less than 10km,51,55,-4
E01034142,60km and over,4,13,-9
E01034142,Less than 2km,71,112,-41
E01034142,"Works mainly at an offshore installation, in no fixed place, or outside the UK",99,61,38
E01034142,Works mainly from home,279,47,232
E01034143,10km to less than 20km,142,42,100
E01034143,20km to less than 30km,22,11,11
E01034143,2km to less than 5km,52,17,35
E01034143,30km to less than 40km,2,1,1
E01034143,40km to less than 60km,6,2,4
E01034143,5km to less than 10km,65,14,51
E01034143,60km and over,6,4,2
E01034143,Less than 2km,80,31,49
E01034143,"Works mainly at an offshore installation, in no fixed place, or outside the UK",97,10,87
E01034143,Works mainly from home,370,17,353
E01034144,10km to less than 20km,117,87,30
E01034144,20km to less than 30km,12,8,4
E01034144,2km to less than 5km,46,35,11
E01034144,30km to less than 40km,2,1,1
E01034144,40km to less than 60km,2,1,1
E01034144,5km to less than 10km,86,49,37
E01034144,60km and over,3,4,-1
E01034144,Less than 2km,93,92,1
E01034144,"Works mainly at an offshore installation, in no fixed place, or outside the UK",99,32,67
E01034144,Works mainly from home,309,15,294
E01034145,10km to less than 20km,112,149,-37
E01034145,20km to less than 30km,12,24,-12
E01034145,2km to less than 5km,63,57,6
E01034145,30km to less than 40km,4,6,-2
E01034145,40km to less than 60km,3,5,-2
E01034145,5km to less than 10km,73,89,-16
E01034145,60km and over,4,9,-5
E01034145,Less than 2km,85,127,-42
E01034145,"Works mainly at an offshore installation, in no fixed place, or outside the UK",92,54,38
E01034145,Works mainly from home,161,44,117
E01034146,10km to less than 20km,147,206,-59
E01034146,20km to less than 30km,22,21,1
E01034146,2km to less than 5km,65,32,33
E01034146,30km to less than 40km,4,1,3
E01034146,40km to less than 60km,0,1,-1
E01034146,5km to less than 10km,77,70,7
E01034146,60km and over,2,6,-4
E01034146,Less than 2km,87,69,18
E01034146,"Works mainly at an offshore installation, in no fixed place, or outside the UK",78,34,44
E01034146,Works mainly from home,303,13,290
E01034147,10km to less than 20km,112,0,112
E01034147,20km to less than 30km,16,0,16
E01034147,2km to less than 5km,25,0,25
E01034147,30km to less than 40km,2,0,2
E01034147,40km to less than 60km,3,0,3
E01034147,5km to less than 10km,49,0,49
E01034147,60km and over,2,0,2
E01034147,Less than 2km,57,0,57
E01034147,"Works mainly at an offshore installation, in no fixed place, or outside the UK",45,0,45
E01034147,Works mainly from home,539,0,539
E01034148,10km to less than 20km,168,0,168
E01034148,20km to less than 30km,22,0,22
E01034148,2km to less than 5km,31,0,31
E01034148,30km to less than 40km,4,0,4
E01034148,40km to less than 60km,4,0,4
E01034148,5km to less than 10km,79,0,79
E01034148,60km and over,6,0,6
E01034148,Less than 2km,68,0,68
E01034148,"Works mainly at an offshore installation, in no fixed place, or outside the UK",84,0,84
E01034148,Works mainly from home,610,0,610
E01034149,10km to less than 20km,179,380,-201
E01034149,20km to less than 30km,24,47,-23
E01034149,2km to less than 5km,82,71,11
E01034149,30km to less than 40km,2,12,-10
E01034149,40km to less than 60km,2,9,-7
E01034149,5km to less than 10km,73,73,0
E01034149,60km and over,8,24,-16
E01034149,Less than 2km,133,234,-101
E01034149,"Works mainly at an offshore installation, in no fixed place, or outside the UK",143,89,54
E01034149,Works mainly from home,571,74,497
E01034150,10km to less than 20km,137,161,-24
E01034150,20km to less than 30km,13,15,-2
E01034150,2km to less than 5km,56,30,26
E01034150,30km to less than 40km,4,2,2
E01034150,40km to less than 60km,5,2,3
E01034150,5km to less than 10km,63,49,14
E01034150,60km and over,3,6,-3
E01034150,Less than 2km,68,95,-27
E01034150,"Works mainly at an offshore installation, in no fixed place, or outside the UK",118,39,79
E01034150,Works mainly from home,345,45,300
E01034151,10km to less than 20km,127,138,-11
E01034151,20km to less than 30km,15,12,3
E01034151,2km to less than 5km,30,31,-1
E01034151,30km to less than 40km,0,6,-6
E01034151,40km to less than 60km,3,3,0
E01034151,5km to less than 10km,54,32,22
E01034151,60km and over,4,6,-2
E01034151,Less than 2km,67,63,4
E01034151,"Works mainly at an offshore installation, in no fixed place, or outside the UK",81,36,45
E01034151,Works mainly from home,388,20,368
E01034152,10km to less than 20km,121,213,-92
E01034152,20km to less than 30km,16,26,-10
E01034152,2km to less than 5km,86,70,16
E01034152,30km to less than 40km,3,7,-4
E01034152,40km to less than 60km,1,6,-5
E01034152,5km to less than 10km,82,84,-2
E01034152,60km and over,7,10,-3
E01034152,Less than 2km,116,141,-25
E01034152,"Works mainly at an offshore installation, in no fixed place, or outside the UK",110,73,37
E01034152,Works mainly from home,268,63,205
E01034153,10km to less than 20km,86,230,-144
E01034153,20km to less than 30km,6,18,-12
E01034153,2km to less than 5km,120,185,-65
E01034153,30km to less than 40km,1,5,-4
E01034153,40km to less than 60km,1,7,-6
E01034153,5km to less than 10km,95,102,-7
E01034153,60km and over,2,9,-7
E01034153,Less than 2km,61,73,-12
E01034153,"Works mainly at an offshore installation, in no fixed place, or outside the UK",128,60,68
E01034153,Works mainly from home,259,52,207
E01034154,10km to less than 20km,142,24,118
E01034154,20km to less than 30km,12,5,7
E01034154,2km to less than 5km,107,32,75
E01034154,30km to less than 40km,3,0,3
E01034154,40km to less than 60km,4,0,4
E01034154,5km to less than 10km,91,17,74
E01034154,60km and over,7,3,4
E01034154,Less than 2km,32,13,19
E01034154,"Works mainly at an offshore installation, in no fixed place, or outside the UK",99,18,81
E01034154,Works mainly from home,489,11,478
E01034155,10km to less than 20km,97,120,-23
E01034155,20km to less than 30km,14,22,-8
E01034155,2km to less than 5km,100,76,24
E01034155,30km to less than 40km,4,2,2
E01034155,40km to less than 60km,2,0,2
E01034155,5km to less than 10km,159,94,65
E01034155,60km and over,5,6,-1
E01034155,Less than 2km,143,144,-1
E01034155,"Works mainly at an offshore installation, in no fixed place, or outside the UK",154,72,82
E01034155,Works mainly from home,343,47,296
E01034156,10km to less than 20km,105,162,-57
E01034156,20km to less than 30km,10,20,-10
E01034156,2km to less than 5km,76,53,23
E01034156,30km to less than 40km,2,0,2
E01034156,40km to less than 60km,5,7,-2
E01034156,5km to less than 10km,90,104,-14
E01034156,60km and over,2,4,-2
E01034156,Less than 2km,77,69,8
E01034156,"Works mainly at an offshore installation, in no fixed place, or outside the UK",97,37,60
E01034156,Works mainly from home,361,34,327
E01034173,10km to less than 20km,135,241,-106
E01034173,20km to less than 30km,9,20,-11
E01034173,2km to less than 5km,84,148,-64
E01034173,30km to less than 40km,8,17,-9
E01034173,40km to less than 60km,12,6,6
E01034173,5km to less than 10km,98,205,-107
E01034173,60km and over,5,21,-16
E01034173,Less than 2km,89,169,-80
E01034173,"Works mainly at an offshore installation, in no fixed place, or outside the UK",115,153,-38
E01034173,Works mainly from home,180,77,103
E01034174,10km to less than 20km,59,49,10
E01034174,20km to less than 30km,2,4,-2
E01034174,2km to less than 5km,31,25,6
E01034174,30km to less than 40km,3,4,-1
E01034174,40km to less than 60km,2,0,2
E01034174,5km to less than 10km,49,30,19
E01034174,60km and over,1,4,-3
E01034174,Less than 2km,16,16,0
E01034174,"Works mainly at an offshore installation, in no fixed place, or outside the UK",47,14,33
E01034174,Works mainly from home,430,10,420
E01034175,10km to less than 20km,113,32,81
E01034175,20km to less than 30km,6,4,2
E01034175,2km to less than 5km,38,28,10
E01034175,30km to less than 40km,4,0,4
E01034175,40km to less than 60km,2,0,2
E01034175,5km to less than 10km,69,24,45
E01034175,60km and over,2,3,-1
E01034175,Less than 2km,12,11,1
E01034175,"Works mainly at an offshore installation, in no fixed place, or outside the UK",60,23,37
E01034175,Works mainly from home,647,15,632
E01034176,10km to less than 20km,112,175,-63
E01034176,20km to less than 30km,16,26,-10
E01034176,2km to less than 5km,102,111,-9
E01034176,30km to less than 40km,19,14,5
E01034176,40km to less than 60km,15,6,9
E01034176,5km to less than 10km,154,131,23
E01034176,60km and over,9,8,1
E01034176,Less than 2km,53,60,-7
E01034176,"Works mainly at an offshore installation, in no fixed place, or outside the UK",182,83,99
E01034176,Works mainly from home,255,34,221
E01034177,10km to less than 20km,126,0,126
E01034177,20km to less than 30km,10,0,10
E01034177,2km to less than 5km,51,0,51
E01034177,30km to less than 40km,5,0,5
E01034177,40km to less than 60km,0,0,0
E01034177,5km to less than 10km,89,0,89
E01034177,60km and over,6,0,6
E01034177,Less than 2km,36,0,36
E01034177,"Works mainly at an offshore installation, in no fixed place, or outside the UK",97,0,97
E01034177,Works mainly from home,413,0,413
E01034178,10km to less than 20km,57,0,57
E01034178,20km to less than 30km,7,0,7
E01034178,2km to less than 5km,74,0,74
E01034178,30km to less than 40km,3,0,3
E01034178,40km to less than 60km,4,0,4
E01034178,5km to less than 10km,104,0,104
E01034178,60km and over,3,0,3
E01034178,Less than 2km,29,0,29
E01034178,"Works mainly at an offshore installation, in no fixed place, or outside the UK",49,0,49
E01034178,Works mainly from home,727,0,727
E01034179,10km to less than 20km,50,42,8
E01034179,20km to less than 30km,10,6,4
E01034179,2km to less than 5km,64,77,-13
E01034179,30km to less than 40km,6,2,4
E01034179,40km to less than 60km,0,2,-2
E01034179,5km to less than 10km,105,154,-49
E01034179,60km and over,6,7,-1
E01034179,Less than 2km,28,43,-15
E01034179,"Works mainly at an offshore installation, in no fixed place, or outside the UK",59,51,8
E01034179,Works mainly from home,407,33,374
E01034180,10km to less than 20km,52,81,-29
E01034180,20km to less than 30km,4,5,-1
E01034180,2km to less than 5km,58,73,-15
E01034180,30km to less than 40km,4,8,-4
E01034180,40km to less than 60km,2,2,0
E01034180,5km to less than 10km,108,213,-105
E01034180,60km and over,4,7,-3
E01034180,Less than 2km,50,80,-30
E01034180,"Works mainly at an offshore installation, in no fixed place, or outside the UK",78,74,4
E01034180,Works mainly from home,221,34,187
E01034181,10km to less than 20km,51,40,11
E01034181,20km to less than 30km,8,9,-1
E01034181,2km to less than 5km,59,86,-27
E01034181,30km to less than 40km,3,2,1
E01034181,40km to less than 60km,8,2,6
E01034181,5km to less than 10km,126,206,-80
E01034181,60km and over,5,1,4
E01034181,Less than 2km,29,30,-1
E01034181,"Works mainly at an offshore installation, in no fixed place, or outside the UK",36,23,13
E01034181,Works mainly from home,783,24,759
E01034182,10km to less than 20km,53,40,13
E01034182,20km to less than 30km,4,6,-2
E01034182,2km to less than 5km,43,82,-39
E01034182,30km to less than 40km,0,0,0
E01034182,40km to less than 60km,4,3,1
E01034182,5km to less than 10km,115,147,-32
E01034182,60km and over,4,3,1
E01034182,Less than 2km,28,16,12
E01034182,"Works mainly at an offshore installation, in no fixed place, or outside the UK",56,17,39
E01034182,Works mainly from home,610,26,584
E01034183,10km to less than 20km,62,53,9
E01034183,20km to less than 30km,1,6,-5
E01034183,2km to less than 5km,59,55,4
E01034183,30km to less than 40km,3,0,3
E01034183,40km to less than 60km,6,2,4
E01034183,5km to less than 10km,117,108,9
E01034183,60km and over,6,1,5
E01034183,Less than 2km,35,27,8
E01034183,"Works mainly at an offshore installation, in no fixed place, or outside the UK",54,44,10
E01034183,Works mainly from home,584,34,550
E01034184,10km to less than 20km,50,54,-4
E01034184,20km to less than 30km,0,1,-1
E01034184,2km to less than 5km,42,22,20
E01034184,30km to less than 40km,5,1,4
E01034184,40km to less than 60km,2,0,2
E01034184,5km to less than 10km,70,75,-5
E01034184,60km and over,5,4,1
E01034184,Less than 2km,14,13,1
E01034184,"Works mainly at an offshore installation, in no fixed place, or outside the UK",45,15,30
E01034184,Works mainly from home,536,17,519
E01034185,10km to less than 20km,46,83,-37
E01034185,20km to less than 30km,9,6,3
E01034185,2km to less than 5km,46,72,-26
E01034185,30km to less than 40km,4,5,-1
E01034185,40km to less than 60km,0,2,-2
E01034185,5km to less than 10km,75,182,-107
E01034185,60km and over,3,4,-1
E01034185,Less than 2km,38,36,2
E01034185,"Works mainly at an offshore installation, in no fixed place, or outside the UK",53,55,-2
E01034185,Works mainly from home,498,46,452
E01034186,10km to less than 20km,119,95,24
E01034186,20km to less than 30km,12,7,5
E01034186,2km to less than 5km,46,7,39
E01034186,30km to less than 40km,2,0,2
E01034186,40km to less than 60km,3,1,2
E01034186,5km to less than 10km,68,41,27
E01034186,60km and over,6,5,1
E01034186,Less than 2km,14,7,7
E01034186,"Works mainly at an offshore installation, in no fixed place, or outside the UK",58,20,38
E01034186,Works mainly from home,709,15,694
E01034187,10km to less than 20km,116,249,-133
E01034187,20km to less than 30km,10,18,-8
E01034187,2km to less than 5km,53,40,13
E01034187,30km to less than 40km,3,4,-1
E01034187,40km to less than 60km,3,3,0
E01034187,5km to less than 10km,74,70,4
E01034187,60km and over,4,5,-1
E01034187,Less than 2km,24,41,-17
E01034187,"Works mainly at an offshore installation, in no fixed place, or outside the UK",59,53,6
E01034187,Works mainly from home,406,51,355
E01034188,10km to less than 20km,61,0,61
E01034188,20km to less than 30km,7,0,7
E01034188,2km to less than 5km,51,0,51
E01034188,30km to less than 40km,3,0,3
E01034188,40km to less than 60km,12,0,12
E01034188,5km to less than 10km,100,0,100
E01034188,60km and over,1,0,1
E01034188,Less than 2km,33,0,33
E01034188,"Works mainly at an offshore installation, in no fixed place, or outside the UK",59,0,59
E01034188,Works mainly from home,575,0,575
E01034189,10km to less than 20km,64,0,64
E01034189,20km to less than 30km,10,0,10
E01034189,2km to less than 5km,48,0,48
E01034189,30km to less than 40km,0,0,0
E01034189,40km to less than 60km,5,0,5
E01034189,5km to less than 10km,72,0,72
E01034189,60km and over,3,0,3
E01034189,Less than 2km,9,0,9
E01034189,"Works mainly at an offshore installation, in no fixed place, or outside the UK",32,0,32
E01034189,Works mainly from home,603,0,603
E01034190,10km to less than 20km,96,110,-14
E01034190,20km to less than 30km,10,9,1
E01034190,2km to less than 5km,85,114,-29
E01034190,30km to less than 40km,5,4,1
E01034190,40km to less than 60km,1,4,-3
E01034190,5km to less than 10km,132,187,-55
E01034190,60km and over,5,5,0
E01034190,Less than 2km,62,92,-30
E01034190,"Works mainly at an offshore installation, in no fixed place, or outside the UK",111,86,25
E01034190,Works mainly from home,324,50,274
E01034191,10km to less than 20km,57,18,39
E01034191,20km to less than 30km,6,0,6
E01034191,2km to less than 5km,54,29,25
E01034191,30km to less than 40km,3,3,0
E01034191,40km to less than 60km,3,2,1
E01034191,5km to less than 10km,101,34,67
E01034191,60km and over,3,2,1
E01034191,Less than 2km,30,14,16
E01034191,"Works mainly at an offshore installation, in no fixed place, or outside the UK",48,20,28
E01034191,Works mainly from home,731,10,721
E01034192,10km to less than 20km,76,166,-90
E01034192,20km to less than 30km,12,16,-4
E01034192,2km to less than 5km,112,197,-85
E01034192,30km to less than 40km,3,7,-4
E01034192,40km to less than 60km,0,3,-3
E01034192,5km to less than 10km,136,289,-153
E01034192,60km and over,7,11,-4
E01034192,Less than 2km,86,96,-10
E01034192,"Works mainly at an offshore installation, in no fixed place, or outside the UK",95,98,-3
E01034192,Works mainly from home,760,86,674
E01034193,10km to less than 20km,79,0,79
E01034193,20km to less than 30km,1,0,1
E01034193,2km to less than 5km,42,0,42
E01034193,30km to less than 40km,6,0,6
E01034193,40km to less than 60km,5,0,5
E01034193,5km to less than 10km,87,0,87
E01034193,60km and over,1,0,1
E01034193,Less than 2km,13,0,13
E01034193,"Works mainly at an offshore installation, in no fixed place, or outside the UK",75,0,75
E01034193,Works mainly from home,599,0,599
E01034194,10km to less than 20km,67,50,17
E01034194,20km to less than 30km,4,9,-5
E01034194,2km to less than 5km,46,52,-6
E01034194,30km to less than 40km,1,0,1
E01034194,40km to less than 60km,2,1,1
E01034194,5km to less than 10km,98,90,8
E01034194,60km and over,2,5,-3
E01034194,Less than 2km,22,8,14
E01034194,"Works mainly at an offshore installation, in no fixed place, or outside the UK",40,21,19
E01034194,Works mainly from home,604,22,582
E01034195,10km to less than 20km,53,0,53
E01034195,20km to less than 30km,6,0,6
E01034195,2km to less than 5km,41,0,41
E01034195,30km to less than 40km,2,0,2
E01034195,40km to less than 60km,4,0,4
E01034195,5km to less than 10km,107,0,107
E01034195,60km and over,7,0,7
E01034195,Less than 2km,36,0,36
E01034195,"Works mainly at an offshore installation, in no fixed place, or outside the UK",41,0,41
E01034195,Works mainly from home,359,0,359
E01034196,10km to less than 20km,72,105,-33
E01034196,20km to less than 30km,6,4,2
E01034196,2km to less than 5km,44,121,-77
E01034196,30km to less than 40km,5,6,-1
E01034196,40km to less than 60km,3,2,1
E01034196,5km to less than 10km,79,203,-124
E01034196,60km and over,3,8,-5
E01034196,Less than 2km,25,21,4
E01034196,"Works mainly at an offshore installation, in no fixed place, or outside the UK",60,35,25
E01034196,Works mainly from home,560,36,524
E01034198,10km to less than 20km,208,338,-130
E01034198,20km to less than 30km,20,41,-21
E01034198,2km to less than 5km,133,192,-59
E01034198,30km to less than 40km,15,18,-3
E01034198,40km to less than 60km,7,8,-1
E01034198,5km to less than 10km,156,248,-92
E01034198,60km and over,11,14,-3
E01034198,Less than 2km,94,146,-52
E01034198,"Works mainly at an offshore installation, in no fixed place, or outside the UK",178,151,27
E01034198,Works mainly from home,392,116,276
E01034199,10km to less than 20km,107,219,-112
E01034199,20km to less than 30km,18,21,-3
E01034199,2km to less than 5km,113,133,-20
E01034199,30km to less than 40km,4,7,-3
E01034199,40km to less than 60km,6,6,0
E01034199,5km to less than 10km,176,303,-127
E01034199,60km and over,9,12,-3
E01034199,Less than 2km,68,68,0
E01034199,"Works mainly at an offshore installation, in no fixed place, or outside the UK",136,114,22
E01034199,Works mainly from home,262,56,206
E01034200,10km to less than 20km,90,131,-41
E01034200,20km to less than 30km,9,12,-3
E01034200,2km to less than 5km,76,94,-18
E01034200,30km to less than 40km,2,8,-6
E01034200,40km to less than 60km,3,5,-2
E01034200,5km to less than 10km,130,192,-62
E01034200,60km and over,5,11,-6
E01034200,Less than 2km,26,46,-20
E01034200,"Works mainly at an offshore installation, in no fixed place, or outside the UK",97,83,14
E01034200,Works mainly from home,524,33,491
E01034201,10km to less than 20km,101,76,25
E01034201,20km to less than 30km,10,8,2
E01034201,2km to less than 5km,92,52,40
E01034201,30km to less than 40km,7,0,7
E01034201,40km to less than 60km,3,0,3
E01034201,5km to less than 10km,105,65,40
E01034201,60km and over,8,7,1
E01034201,Less than 2km,63,50,13
E01034201,"Works mainly at an offshore installation, in no fixed place, or outside the UK",108,48,60
E01034201,Works mainly from home,155,21,134
E01034202,10km to less than 20km,116,140,-24
E01034202,20km to less than 30km,20,17,3
E01034202,2km to less than 5km,93,79,14
E01034202,30km to less than 40km,4,1,3
E01034202,40km to less than 60km,2,7,-5
E01034202,5km to less than 10km,105,109,-4
E01034202,60km and over,8,11,-3
E01034202,Less than 2km,85,65,20
E01034202,"Works mainly at an offshore installation, in no fixed place, or outside the UK",192,71,121
E01034202,Works mainly from home,182,47,135
E01034203,10km to less than 20km,201,46,155
E01034203,20km to less than 30km,21,5,16
E01034203,2km to less than 5km,62,23,39
E01034203,30km to less than 40km,1,0,1
E01034203,40km to less than 60km,5,1,4
E01034203,5km to less than 10km,137,33,104
E01034203,60km and over,3,3,0
E01034203,Less than 2km,33,15,18
E01034203,"Works mainly at an offshore installation, in no fixed place, or outside the UK",85,25,60
E01034203,Works mainly from home,243,14,229
E01034204,10km to less than 20km,137,207,-70
E01034204,20km to less than 30km,25,13,12
E01034204,2km to less than 5km,86,104,-18
E01034204,30km to less than 40km,10,7,3
E01034204,40km to less than 60km,4,10,-6
E01034204,5km to less than 10km,115,144,-29
E01034204,60km and over,8,14,-6
E01034204,Less than 2km,89,108,-19
E01034204,"Works mainly at an offshore installation, in no fixed place, or outside the UK",212,119,93
E01034204,Works mainly from home,138,54,84
E01034205,10km to less than 20km,118,187,-69
E01034205,20km to less than 30km,20,25,-5
E01034205,2km to less than 5km,75,85,-10
E01034205,30km to less than 40km,3,5,-2
E01034205,40km to less than 60km,5,7,-2
E01034205,5km to less than 10km,85,122,-37
E01034205,60km and over,5,12,-7
E01034205,Less than 2km,53,48,5
E01034205,"Works mainly at an offshore installation, in no fixed place, or outside the UK",185,203,-18
E01034205,Works mainly from home,246,54,192
E01034206,10km to less than 20km,158,21,137
E01034206,20km to less than 30km,24,4,20
E01034206,2km to less than 5km,71,25,46
E01034206,30km to less than 40km,11,1,10
E01034206,40km to less than 60km,6,0,6
E01034206,5km to less than 10km,124,23,101
E01034206,60km and over,8,1,7
E01034206,Less than 2km,39,15,24
E01034206,"Works mainly at an offshore installation, in no fixed place, or outside the UK",103,12,91
E01034206,Works mainly from home,372,8,364
E01034207,10km to less than 20km,188,201,-13
E01034207,20km to less than 30km,24,16,8
E01034207,2km to less than 5km,63,23,40
E01034207,30km to less than 40km,5,9,-4
E01034207,40km to less than 60km,3,8,-5
E01034207,5km to less than 10km,104,112,-8
E01034207,60km and over,3,13,-10
E01034207,Less than 2km,33,15,18
E01034207,"Works mainly at an offshore installation, in no fixed place, or outside the UK",92,56,36
E01034207,Works mainly from home,538,42,496
E01034208,10km to less than 20km,111,147,-36
E01034208,20km to less than 30km,14,19,-5
E01034208,2km to less than 5km,103,120,-17
E01034208,30km to less than 40km,12,9,3
E01034208,40km to less than 60km,1,5,-4
E01034208,5km to less than 10km,150,166,-16
E01034208,60km and over,11,14,-3
E01034208,Less than 2km,58,90,-32
E01034208,"Works mainly at an offshore installation, in no fixed place, or outside the UK",136,153,-17
E01034208,Works mainly from home,166,36,130
E01034209,10km to less than 20km,84,62,22
E01034209,20km to less than 30km,5,7,-2
E01034209,2km to less than 5km,50,50,0
E01034209,30km to less than 40km,5,0,5
E01034209,40km to less than 60km,6,0,6
E01034209,5km to less than 10km,134,124,10
E01034209,60km and over,3,0,3
E01034209,Less than 2km,30,19,11
E01034209,"Works mainly at an offshore installation, in no fixed place, or outside the UK",77,46,31
E01034209,Works mainly from home,649,17,632
E01034210,10km to less than 20km,123,127,-4
E01034210,20km to less than 30km,13,12,1
E01034210,2km to less than 5km,72,111,-39
E01034210,30km to less than 40km,5,4,1
E01034210,40km to less than 60km,3,4,-1
E01034210,5km to less than 10km,128,182,-54
E01034210,60km and over,5,9,-4
E01034210,Less than 2km,21,31,-10
E01034210,"Works mainly at an offshore installation, in no fixed place, or outside the UK",98,56,42
E01034210,Works mainly from home,547,35,512
E01034211,10km to less than 20km,98,44,54
E01034211,20km to less than 30km,6,2,4
E01034211,2km to less than 5km,59,34,25
E01034211,30km to less than 40km,4,0,4
E01034211,40km to less than 60km,3,0,3
E01034211,5km to less than 10km,102,74,28
E01034211,60km and over,4,1,3
E01034211,Less than 2km,7,8,-1
E01034211,"Works mainly at an offshore installation, in no fixed place, or outside the UK",87,22,65
E01034211,Works mainly from home,783,9,774
E01034212,10km to less than 20km,128,288,-160
E01034212,20km to less than 30km,9,30,-21
E01034212,2km to less than 5km,67,365,-298
E01034212,30km to less than 40km,10,16,-6
E01034212,40km to less than 60km,1,15,-14
E01034212,5km to less than 10km,134,496,-362
E01034212,60km and over,10,19,-9
E01034212,Less than 2km,33,63,-30
E01034212,"Works mainly at an offshore installation, in no fixed place, or outside the UK",108,189,-81
E01034212,Works mainly from home,866,105,761
E01034213,10km to less than 20km,51,0,51
E01034213,20km to less than 30km,12,0,12
E01034213,2km to less than 5km,84,0,84
E01034213,30km to less than 40km,2,0,2
E01034213,40km to less than 60km,4,0,4
E01034213,5km to less than 10km,160,0,160
E01034213,60km and over,4,0,4
E01034213,Less than 2km,34,0,34
E01034213,"Works mainly at an offshore installation, in no fixed place, or outside the UK",61,0,61
E01034213,Works mainly from home,624,0,624
E01034214,10km to less than 20km,52,0,52
E01034214,20km to less than 30km,13,0,13
E01034214,2km to less than 5km,55,0,55
E01034214,30km to less than 40km,3,0,3
E01034214,40km to less than 60km,4,0,4
E01034214,5km to less than 10km,154,0,154
E01034214,60km and over,3,0,3
E01034214,Less than 2km,32,0,32
E01034214,"Works mainly at an offshore installation, in no fixed place, or outside the UK",48,0,48
E01034214,Works mainly from home,732,0,732
E01034215,10km to less than 20km,51,0,51
E01034215,20km to less than 30km,8,0,8
E01034215,2km to less than 5km,54,0,54
E01034215,30km to less than 40km,1,0,1
E01034215,40km to less than 60km,1,0,1
E01034215,5km to less than 10km,113,0,113
E01034215,60km and over,5,0,5
E01034215,Less than 2km,34,0,34
E01034215,"Works mainly at an offshore installation, in no fixed place, or outside the UK",63,0,63
E01034215,Works mainly from home,660,0,660
E01034216,10km to less than 20km,65,0,65
E01034216,20km to less than 30km,14,0,14
E01034216,2km to less than 5km,81,0,81
E01034216,30km to less than 40km,0,0,0
E01034216,40km to less than 60km,0,0,0
E01034216,5km to less than 10km,161,0,161
E01034216,60km and over,3,0,3
E01034216,Less than 2km,37,0,37
E01034216,"Works mainly at an offshore installation, in no fixed place, or outside the UK",78,0,78
E01034216,Works mainly from home,708,0,708
E01034217,10km to less than 20km,69,0,69
E01034217,20km to less than 30km,8,0,8
E01034217,2km to less than 5km,69,0,69
E01034217,30km to less than 40km,4,0,4
E01034217,40km to less than 60km,0,0,0
E01034217,5km to less than 10km,156,0,156
E01034217,60km and over,9,0,9
E01034217,Less than 2km,38,0,38
E01034217,"Works mainly at an offshore installation, in no fixed place, or outside the UK",68,0,68
E01034217,Works mainly from home,746,0,746
E01034218,10km to less than 20km,87,96,-9
E01034218,20km to less than 30km,13,15,-2
E01034218,2km to less than 5km,74,73,1
E01034218,30km to less than 40km,9,7,2
E01034218,40km to less than 60km,4,5,-1
E01034218,5km to less than 10km,182,163,19
E01034218,60km and over,7,6,1
E01034218,Less than 2km,52,34,18
E01034218,"Works mainly at an offshore installation, in no fixed place, or outside the UK",152,105,47
E01034218,Works mainly from home,384,39,345
E01034219,10km to less than 20km,61,0,61
E01034219,20km to less than 30km,7,0,7
E01034219,2km to less than 5km,48,0,48
E01034219,30km to less than 40km,0,0,0
E01034219,40km to less than 60km,4,0,4
E01034219,5km to less than 10km,146,0,146
E01034219,60km and over,9,0,9
E01034219,Less than 2km,26,0,26
E01034219,"Works mainly at an offshore installation, in no fixed place, or outside the UK",51,0,51
E01034219,Works mainly from home,744,0,744
E01034220,10km to less than 20km,58,20,38
E01034220,20km to less than 30km,3,3,0
E01034220,2km to less than 5km,51,7,44
E01034220,30km to less than 40km,2,1,1
E01034220,40km to less than 60km,2,0,2
E01034220,5km to less than 10km,70,44,26
E01034220,60km and over,3,2,1
E01034220,Less than 2km,19,6,13
E01034220,"Works mainly at an offshore installation, in no fixed place, or outside the UK",37,10,27
E01034220,Works mainly from home,618,4,614
E01034221,10km to less than 20km,79,163,-84
E01034221,20km to less than 30km,12,21,-9
E01034221,2km to less than 5km,93,159,-66
E01034221,30km to less than 40km,3,7,-4
E01034221,40km to less than 60km,5,14,-9
E01034221,5km to less than 10km,160,412,-252
E01034221,60km and over,5,13,-8
E01034221,Less than 2km,41,63,-22
E01034221,"Works mainly at an offshore installation, in no fixed place, or outside the UK",111,125,-14
E01034221,Works mainly from home,426,58,368
E01034222,10km to less than 20km,62,56,6
E01034222,20km to less than 30km,9,5,4
E01034222,2km to less than 5km,91,61,30
E01034222,30km to less than 40km,6,4,2
E01034222,40km to less than 60km,4,7,-3
E01034222,5km to less than 10km,143,177,-34
E01034222,60km and over,3,3,0
E01034222,Less than 2km,52,20,32
E01034222,"Works mainly at an offshore installation, in no fixed place, or outside the UK",63,48,15
E01034222,Works mainly from home,525,20,505
E01034223,10km to less than 20km,70,42,28
E01034223,20km to less than 30km,10,4,6
E01034223,2km to less than 5km,75,51,24
E01034223,30km to less than 40km,5,5,0
E01034223,40km to less than 60km,2,4,-2
E01034223,5km to less than 10km,160,138,22
E01034223,60km and over,6,4,2
E01034223,Less than 2km,39,18,21
E01034223,"Works mainly at an offshore installation, in no fixed place, or outside the UK",64,51,13
E01034223,Works mainly from home,520,18,502
E01034224,10km to less than 20km,140,153,-13
E01034224,20km to less than 30km,23,12,11
E01034224,2km to less than 5km,95,104,-9
E01034224,30km to less than 40km,6,6,0
E01034224,40km to less than 60km,4,11,-7
E01034224,5km to less than 10km,121,137,-16
E01034224,60km and over,6,10,-4
E01034224,Less than 2km,55,46,9
E01034224,"Works mainly at an offshore installation, in no fixed place, or outside the UK",134,100,34
E01034224,Works mainly from home,254,38,216
E01034225,10km to less than 20km,119,118,1
E01034225,20km to less than 30km,10,14,-4
E01034225,2km to less than 5km,89,101,-12
E01034225,30km to less than 40km,5,6,-1
E01034225,40km to less than 60km,2,5,-3
E01034225,5km to less than 10km,94,114,-20
E01034225,60km and over,3,10,-7
E01034225,Less than 2km,37,42,-5
E01034225,"Works mainly at an offshore installation, in no fixed place, or outside the UK",98,55,43
E01034225,Works mainly from home,342,30,312
E01034226,10km to less than 20km,122,64,58
E01034226,20km to less than 30km,9,6,3
E01034226,2km to less than 5km,77,40,37
E01034226,30km to less than 40km,12,0,12
E01034226,40km to less than 60km,7,0,7
E01034226,5km to less than 10km,105,57,48
E01034226,60km and over,5,6,-1
E01034226,Less than 2km,18,6,12
E01034226,"Works mainly at an offshore installation, in no fixed place, or outside the UK",81,22,59
E01034226,Works mainly from home,457,8,449
E01034227,10km to less than 20km,122,0,122
E01034227,20km to less than 30km,11,0,11
E01034227,2km to less than 5km,89,0,89
E01034227,30km to less than 40km,4,0,4
E01034227,40km to less than 60km,2,0,2
E01034227,5km to less than 10km,111,0,111
E01034227,60km and over,5,0,5
E01034227,Less than 2km,25,0,25
E01034227,"Works mainly at an offshore installation, in no fixed place, or outside the UK",67,0,67
E01034227,Works mainly from home,349,0,349
E01034228,10km to less than 20km,84,65,19
E01034228,20km to less than 30km,14,7,7
E01034228,2km to less than 5km,55,66,-11
E01034228,30km to less than 40km,2,4,-2
E01034228,40km to less than 60km,2,4,-2
E01034228,5km to less than 10km,93,78,15
E01034228,60km and over,7,3,4
E01034228,Less than 2km,10,10,0
E01034228,"Works mainly at an offshore installation, in no fixed place, or outside the UK",40,27,13
E01034228,Works mainly from home,673,20,653
E01034229,10km to less than 20km,104,100,4
E01034229,20km to less than 30km,26,13,13
E01034229,2km to less than 5km,88,100,-12
E01034229,30km to less than 40km,1,6,-5
E01034229,40km to less than 60km,3,1,2
E01034229,5km to less than 10km,114,117,-3
E01034229,60km and over,6,6,0
E01034229,Less than 2km,26,42,-16
E01034229,"Works mainly at an offshore installation, in no fixed place, or outside the UK",97,60,37
E01034229,Works mainly from home,466,37,429
E01034230,10km to less than 20km,80,0,80
E01034230,20km to less than 30km,6,0,6
E01034230,2km to less than 5km,48,0,48
E01034230,30km to less than 40km,5,0,5
E01034230,40km to less than 60km,1,0,1
E01034230,5km to less than 10km,85,0,85
E01034230,60km and over,2,0,2
E01034230,Less than 2km,10,0,10
E01034230,"Works mainly at an offshore installation, in no fixed place, or outside the UK",42,0,42
E01034230,Works mainly from home,720,0,720
E01034231,10km to less than 20km,81,33,48
E01034231,20km to less than 30km,4,5,-1
E01034231,2km to less than 5km,39,20,19
E01034231,30km to less than 40km,2,3,-1
E01034231,40km to less than 60km,2,2,0
E01034231,5km to less than 10km,84,37,47
E01034231,60km and over,5,1,4
E01034231,Less than 2km,15,1,14
E01034231,"Works mainly at an offshore installation, in no fixed place, or outside the UK",49,9,40
E01034231,Works mainly from home,700,6,694
E01034383,10km to less than 20km,117,216,-99
E01034383,20km to less than 30km,6,8,-2
E01034383,2km to less than 5km,60,52,8
E01034383,30km to less than 40km,3,5,-2
E01034383,40km to less than 60km,2,4,-2
E01034383,5km to less than 10km,90,122,-32
E01034383,60km and over,2,11,-9
E01034383,Less than 2km,28,66,-38
E01034383,"Works mainly at an offshore installation, in no fixed place, or outside the UK",111,87,24
E01034383,Works mainly from home,340,61,279
E01034384,10km to less than 20km,120,125,-5
E01034384,20km to less than 30km,9,3,6
E01034384,2km to less than 5km,51,31,20
E01034384,30km to less than 40km,0,2,-2
E01034384,40km to less than 60km,2,3,-1
E01034384,5km to less than 10km,81,73,8
E01034384,60km and over,3,3,0
E01034384,Less than 2km,27,25,2
E01034384,"Works mainly at an offshore installation, in no fixed place, or outside the UK",87,40,47
E01034384,Works mainly from home,417,29,388
E01034385,10km to less than 20km,102,241,-139
E01034385,20km to less than 30km,19,18,1
E01034385,2km to less than 5km,41,43,-2
E01034385,30km to less than 40km,4,14,-10
E01034385,40km to less than 60km,1,5,-4
E01034385,5km to less than 10km,55,69,-14
E01034385,60km and over,4,7,-3
E01034385,Less than 2km,36,106,-70
E01034385,"Works mainly at an offshore installation, in no fixed place, or outside the UK",94,50,44
E01034385,Works mainly from home,387,79,308
E01034386,10km to less than 20km,137,97,40
E01034386,20km to less than 30km,19,7,12
E01034386,2km to less than 5km,82,21,61
E01034386,30km to less than 40km,5,5,0
E01034386,40km to less than 60km,0,0,0
E01034386,5km to less than 10km,60,28,32
E01034386,60km and over,0,5,-5
E01034386,Less than 2km,41,46,-5
E01034386,"Works mainly at an offshore installation, in no fixed place, or outside the UK",67,30,37
E01034386,Works mainly from home,414,24,390
E01034387,10km to less than 20km,22,14,8
E01034387,20km to less than 30km,5,4,1
E01034387,2km to less than 5km,106,111,-5
E01034387,30km to less than 40km,2,2,0
E01034387,40km to less than 60km,0,4,-4
E01034387,5km to less than 10km,135,119,16
E01034387,60km and over,1,2,-1
E01034387,Less than 2km,23,26,-3
E01034387,"Works mainly at an offshore installation, in no fixed place, or outside the UK",67,31,36
E01034387,Works mainly from home,853,18,835
E01034388,10km to less than 20km,34,16,18
E01034388,20km to less than 30km,3,3,0
E01034388,2km to less than 5km,83,40,43
E01034388,30km to less than 40km,0,0,0
E01034388,40km to less than 60km,0,0,0
E01034388,5km to less than 10km,111,35,76
E01034388,60km and over,5,0,5
E01034388,Less than 2km,23,36,-13
E01034388,"Works mainly at an offshore installation, in no fixed place, or outside the UK",49,13,36
E01034388,Works mainly from home,567,10,557
E01034389,10km to less than 20km,52,62,-10
E01034389,20km to less than 30km,12,3,9
E01034389,2km to less than 5km,130,104,26
E01034389,30km to less than 40km,5,5,0
E01034389,40km to less than 60km,0,0,0
E01034389,5km to less than 10km,131,127,4
E01034389,60km and over,7,12,-5
E01034389,Less than 2km,42,33,9
E01034389,"Works mainly at an offshore installation, in no fixed place, or outside the UK",106,49,57
E01034389,Works mainly from home,401,26,375
E01034390,10km to less than 20km,76,26,50
E01034390,20km to less than 30km,7,2,5
E01034390,2km to less than 5km,50,11,39
E01034390,30km to less than 40km,6,2,4
E01034390,40km to less than 60km,4,1,3
E01034390,5km to less than 10km,122,33,89
E01034390,60km and over,1,1,0
E01034390,Less than 2km,56,28,28
E01034390,"Works mainly at an offshore installation, in no fixed place, or outside the UK",78,8,70
E01034390,Works mainly from home,515,10,505
E01034391,10km to less than 20km,73,141,-68
E01034391,20km to less than 30km,11,14,-3
E01034391,2km to less than 5km,72,91,-19
E01034391,30km to less than 40km,3,6,-3
E01034391,40km to less than 60km,0,6,-6
E01034391,5km to less than 10km,120,262,-142
E01034391,60km and over,1,7,-6
E01034391,Less than 2km,34,68,-34
E01034391,"Works mainly at an offshore installation, in no fixed place, or outside the UK",102,86,16
E01034391,Works mainly from home,452,76,376
E01034392,10km to less than 20km,78,86,-8
E01034392,20km to less than 30km,10,8,2
E01034392,2km to less than 5km,72,83,-11
E01034392,30km to less than 40km,5,3,2
E01034392,40km to less than 60km,0,4,-4
E01034392,5km to less than 10km,139,239,-100
E01034392,60km and over,5,7,-2
E01034392,Less than 2km,73,65,8
E01034392,"Works mainly at an offshore installation, in no fixed place, or outside the UK",79,62,17
E01034392,Works mainly from home,375,38,337
E01034393,10km to less than 20km,75,49,26
E01034393,20km to less than 30km,3,6,-3
E01034393,2km to less than 5km,32,63,-31
E01034393,30km to less than 40km,4,0,4
E01034393,40km to less than 60km,3,1,2
E01034393,5km to less than 10km,105,109,-4
E01034393,60km and over,0,3,-3
E01034393,Less than 2km,21,18,3
E01034393,"Works mainly at an offshore installation, in no fixed place, or outside the UK",48,18,30
E01034393,Works mainly from home,611,17,594
E01034394,10km to less than 20km,77,15,62
E01034394,20km to less than 30km,6,0,6
E01034394,2km to less than 5km,36,23,13
E01034394,30km to less than 40km,3,0,3
E01034394,40km to less than 60km,1,1,0
E01034394,5km to less than 10km,136,45,91
E01034394,60km and over,8,0,8
E01034394,Less than 2km,23,5,18
E01034394,"Works mainly at an offshore installation, in no fixed place, or outside the UK",40,13,27
E01034394,Works mainly from home,640,9,631
E01034395,10km to less than 20km,99,41,58
E01034395,20km to less than 30km,4,5,-1
E01034395,2km to less than 5km,70,25,45
E01034395,30km to less than 40km,5,0,5
E01034395,40km to less than 60km,6,0,6
E01034395,5km to less than 10km,143,54,89
E01034395,60km and over,7,5,2
E01034395,Less than 2km,90,24,66
E01034395,"Works mainly at an offshore installation, in no fixed place, or outside the UK",89,18,71
E01034395,Works mainly from home,346,13,333
E01034469,10km to less than 20km,136,33,103
E01034469,20km to less than 30km,52,10,42
E01034469,2km to less than 5km,76,17,59
E01034469,30km to less than 40km,9,1,8
E01034469,40km to less than 60km,3,0,3
E01034469,5km to less than 10km,85,25,60
E01034469,60km and over,7,1,6
E01034469,Less than 2km,35,16,19
E01034469,"Works mainly at an offshore installation, in no fixed place, or outside the UK",134,15,119
E01034469,Works mainly from home,265,12,253
E01034470,10km to less than 20km,108,143,-35
E01034470,20km to less than 30km,32,42,-10
E01034470,2km to less than 5km,99,115,-16
E01034470,30km to less than 40km,9,6,3
E01034470,40km to less than 60km,4,4,0
E01034470,5km to less than 10km,74,101,-27
E01034470,60km and over,9,9,0
E01034470,Less than 2km,46,69,-23
E01034470,"Works mainly at an offshore installation, in no fixed place, or outside the UK",146,87,59
E01034470,Works mainly from home,152,34,118
E01034471,10km to less than 20km,234,97,137
E01034471,20km to less than 30km,42,19,23
E01034471,2km to less than 5km,156,72,84
E01034471,30km to less than 40km,13,3,10
E01034471,40km to less than 60km,11,8,3
E01034471,5km to less than 10km,137,61,76
E01034471,60km and over,14,7,7
E01034471,Less than 2km,43,15,28
E01034471,"Works mainly at an offshore installation, in no fixed place, or outside the UK",245,46,199
E01034471,Works mainly from home,222,45,177
E01034472,10km to less than 20km,184,58,126
E01034472,20km to less than 30km,39,10,29
E01034472,2km to less than 5km,100,19,81
E01034472,30km to less than 40km,10,2,8
E01034472,40km to less than 60km,8,1,7
E01034472,5km to less than 10km,95,23,72
E01034472,60km and over,7,2,5
E01034472,Less than 2km,24,7,17
E01034472,"Works mainly at an offshore installation, in no fixed place, or outside the UK",145,18,127
E01034472,Works mainly from home,200,8,192
E01034473,10km to less than 20km,120,159,-39
E01034473,20km to less than 30km,13,12,1
E01034473,2km to less than 5km,45,42,3
E01034473,30km to less than 40km,4,4,0
E01034473,40km to less than 60km,5,1,4
E01034473,5km to less than 10km,65,66,-1
E01034473,60km and over,7,4,3
E01034473,Less than 2km,40,38,2
E01034473,"Works mainly at an offshore installation, in no fixed place, or outside the UK",106,83,23
E01034473,Works mainly from home,140,21,119
E01034474,10km to less than 20km,190,334,-144
E01034474,20km to less than 30km,47,49,-2
E01034474,2km to less than 5km,75,87,-12
E01034474,30km to less than 40km,1,9,-8
E01034474,40km to less than 60km,5,3,2
E01034474,5km to less than 10km,140,145,-5
E01034474,60km and over,8,15,-7
E01034474,Less than 2km,57,73,-16
E01034474,"Works mainly at an offshore installation, in no fixed place, or outside the UK",160,120,40
E01034474,Works mainly from home,385,62,323
E01034475,10km to less than 20km,137,156,-19
E01034475,20km to less than 30km,18,21,-3
E01034475,2km to less than 5km,92,66,26
E01034475,30km to less than 40km,14,5,9
E01034475,40km to less than 60km,13,6,7
E01034475,5km to less than 10km,111,106,5
E01034475,60km and over,9,8,1
E01034475,Less than 2km,58,77,-19
E01034475,"Works mainly at an offshore installation, in no fixed place, or outside the UK",177,74,103
E01034475,Works mainly from home,135,54,81
E01034476,10km to less than 20km,148,78,70
E01034476,20km to less than 30km,19,13,6
E01034476,2km to less than 5km,83,33,50
E01034476,30km to less than 40km,5,2,3
E01034476,40km to less than 60km,8,4,4
E01034476,5km to less than 10km,111,38,73
E01034476,60km and over,7,9,-2
E01034476,Less than 2km,35,16,19
E01034476,"Works mainly at an offshore installation, in no fixed place, or outside the UK",159,28,131
E01034476,Works mainly from home,206,27,179
E01034477,10km to less than 20km,174,79,95
E01034477,20km to less than 30km,42,20,22
E01034477,2km to less than 5km,57,23,34
E01034477,30km to less than 40km,6,3,3
E01034477,40km to less than 60km,3,1,2
E01034477,5km to less than 10km,89,41,48
E01034477,60km and over,2,2,0
E01034477,Less than 2km,15,10,5
E01034477,"Works mainly at an offshore installation, in no fixed place, or outside the UK",168,37,131
E01034477,Works mainly from home,215,19,196
E01034478,10km to less than 20km,187,0,187
E01034478,20km to less than 30km,16,0,16
E01034478,2km to less than 5km,47,0,47
E01034478,30km to less than 40km,6,0,6
E01034478,40km to less than 60km,5,0,5
E01034478,5km to less than 10km,70,0,70
E01034478,60km and over,2,0,2
E01034478,Less than 2km,14,0,14
E01034478,"Works mainly at an offshore installation, in no fixed place, or outside the UK",102,0,102
E01034478,Works mainly from home,256,0,256
E01034479,10km to less than 20km,167,313,-146
E01034479,20km to less than 30km,19,68,-49
E01034479,2km to less than 5km,81,124,-43
E01034479,30km to less than 40km,9,12,-3
E01034479,40km to less than 60km,5,7,-2
E01034479,5km to less than 10km,160,191,-31
E01034479,60km and over,10,28,-18
E01034479,Less than 2km,90,125,-35
E01034479,"Works mainly at an offshore installation, in no fixed place, or outside the UK",155,200,-45
E01034479,Works mainly from home,159,80,79
E01034480,10km to less than 20km,90,221,-131
E01034480,20km to less than 30km,16,37,-21
E01034480,2km to less than 5km,53,82,-29
E01034480,30km to less than 40km,7,10,-3
E01034480,40km to less than 60km,2,5,-3
E01034480,5km to less than 10km,52,90,-38
E01034480,60km and over,7,16,-9
E01034480,Less than 2km,43,87,-44
E01034480,"Works mainly at an offshore installation, in no fixed place, or outside the UK",105,65,40
E01034480,Works mainly from home,152,55,97
E01034481,10km to less than 20km,74,134,-60
E01034481,20km to less than 30km,20,18,2
E01034481,2km to less than 5km,45,78,-33
E01034481,30km to less than 40km,7,7,0
E01034481,40km to less than 60km,2,1,1
E01034481,5km to less than 10km,74,96,-22
E01034481,60km and over,5,12,-7
E01034481,Less than 2km,67,59,8
E01034481,"Works mainly at an offshore installation, in no fixed place, or outside the UK",143,52,91
E01034481,Works mainly from home,154,42,112
E01034482,10km to less than 20km,87,87,0
E01034482,20km to less than 30km,11,6,5
E01034482,2km to less than 5km,30,2,28
E01034482,30km to less than 40km,0,2,-2
E01034482,40km to less than 60km,0,0,0
E01034482,5km to less than 10km,67,42,25
E01034482,60km and over,2,3,-1
E01034482,Less than 2km,10,16,-6
E01034482,"Works mainly at an offshore installation, in no fixed place, or outside the UK",44,22,22
E01034482,Works mainly from home,308,17,291
E01034483,10km to less than 20km,95,70,25
E01034483,20km to less than 30km,16,9,7
E01034483,2km to less than 5km,45,41,4
E01034483,30km to less than 40km,8,4,4
E01034483,40km to less than 60km,1,1,0
E01034483,5km to less than 10km,79,31,48
E01034483,60km and over,7,2,5
E01034483,Less than 2km,33,15,18
E01034483,"Works mainly at an offshore installation, in no fixed place, or outside the UK",57,17,40
E01034483,Works mainly from home,236,15,221
E01034484,10km to less than 20km,101,164,-63
E01034484,20km to less than 30km,30,21,9
E01034484,2km to less than 5km,75,84,-9
E01034484,30km to less than 40km,4,13,-9
E01034484,40km to less than 60km,1,5,-4
E01034484,5km to less than 10km,70,106,-36
E01034484,60km and over,3,10,-7
E01034484,Less than 2km,76,60,16
E01034484,"Works mainly at an offshore installation, in no fixed place, or outside the UK",165,80,85
E01034484,Works mainly from home,165,40,125
E01034485,10km to less than 20km,147,336,-189
E01034485,20km to less than 30km,12,23,-11
E01034485,2km to less than 5km,90,117,-27
E01034485,30km to less than 40km,4,7,-3
E01034485,40km to less than 60km,2,8,-6
E01034485,5km to less than 10km,136,268,-132
E01034485,60km and over,3,16,-13
E01034485,Less than 2km,42,93,-51
E01034485,"Works mainly at an offshore installation, in no fixed place, or outside the UK",209,209,0
E01034485,Works mainly from home,518,78,440
E01034486,10km to less than 20km,103,0,103
E01034486,20km to less than 30km,9,0,9
E01034486,2km to less than 5km,71,0,71
E01034486,30km to less than 40km,7,0,7
E01034486,40km to less than 60km,5,0,5
E01034486,5km to less than 10km,123,0,123
E01034486,60km and over,5,0,5
E01034486,Less than 2km,30,0,30
E01034486,"Works mainly at an offshore installation, in no fixed place, or outside the UK",65,0,65
E01034486,Works mainly from home,792,0,792
E01034487,10km to less than 20km,58,44,14
E01034487,20km to less than 30km,12,6,6
E01034487,2km to less than 5km,59,42,17
E01034487,30km to less than 40km,0,6,-6
E01034487,40km to less than 60km,3,5,-2
E01034487,5km to less than 10km,92,86,6
E01034487,60km and over,3,6,-3
E01034487,Less than 2km,60,46,14
E01034487,"Works mainly at an offshore installation, in no fixed place, or outside the UK",118,38,80
E01034487,Works mainly from home,148,23,125
E01034488,10km to less than 20km,64,89,-25
E01034488,20km to less than 30km,9,14,-5
E01034488,2km to less than 5km,87,74,13
E01034488,30km to less than 40km,1,3,-2
E01034488,40km to less than 60km,1,3,-2
E01034488,5km to less than 10km,114,166,-52
E01034488,60km and over,8,8,0
E01034488,Less than 2km,103,104,-1
E01034488,"Works mainly at an offshore installation, in no fixed place, or outside the UK",144,67,77
E01034488,Works mainly from home,158,32,126
E01034576,10km to less than 20km,59,145,-86
E01034576,20km to less than 30km,5,21,-16
E01034576,2km to less than 5km,30,26,4
E01034576,30km to less than 40km,2,10,-8
E01034576,40km to less than 60km,0,9,-9
E01034576,5km to less than 10km,39,51,-12
E01034576,60km and over,6,1,5
E01034576,Less than 2km,61,43,18
E01034576,"Works mainly at an offshore installation, in no fixed place, or outside the UK",36,31,5
E01034576,Works mainly from home,431,45,386
E01034577,10km to less than 20km,74,138,-64
E01034577,20km to less than 30km,14,18,-4
E01034577,2km to less than 5km,47,45,2
E01034577,30km to less than 40km,3,3,0
E01034577,40km to less than 60km,2,5,-3
E01034577,5km to less than 10km,47,58,-11
E01034577,60km and over,4,4,0
E01034577,Less than 2km,99,94,5
E01034577,"Works mainly at an offshore installation, in no fixed place, or outside the UK",68,33,35
E01034577,Works mainly from home,378,34,344
E01034578,10km to less than 20km,46,153,-107
E01034578,20km to less than 30km,5,16,-11
E01034578,2km to less than 5km,48,54,-6
E01034578,30km to less than 40km,3,2,1
E01034578,40km to less than 60km,1,6,-5
E01034578,5km to less than 10km,68,129,-61
E01034578,60km and over,4,5,-1
E01034578,Less than 2km,46,71,-25
E01034578,"Works mainly at an offshore installation, in no fixed place, or outside the UK",63,53,10
E01034578,Works mainly from home,246,52,194
E01034579,10km to less than 20km,102,296,-194
E01034579,20km to less than 30km,9,24,-15
E01034579,2km to less than 5km,74,63,11
E01034579,30km to less than 40km,3,6,-3
E01034579,40km to less than 60km,3,3,0
E01034579,5km to less than 10km,155,241,-86
E01034579,60km and over,5,12,-7
E01034579,Less than 2km,107,84,23
E01034579,"Works mainly at an offshore installation, in no fixed place, or outside the UK",103,69,34
E01034579,Works mainly from home,605,61,544
E01034580,10km to less than 20km,117,180,-63
E01034580,20km to less than 30km,4,9,-5
E01034580,2km to less than 5km,62,66,-4
E01034580,30km to less than 40km,2,6,-4
E01034580,40km to less than 60km,3,1,2
E01034580,5km to less than 10km,77,110,-33
E01034580,60km and over,6,8,-2
E01034580,Less than 2km,81,72,9
E01034580,"Works mainly at an offshore installation, in no fixed place, or outside the UK",115,70,45
E01034580,Works mainly from home,387,47,340
E01034581,10km to less than 20km,125,394,-269
E01034581,20km to less than 30km,14,28,-14
E01034581,2km to less than 5km,47,64,-17
E01034581,30km to less than 40km,7,9,-2
E01034581,40km to less than 60km,1,15,-14
E01034581,5km to less than 10km,101,137,-36
E01034581,60km and over,4,7,-3
E01034581,Less than 2km,75,77,-2
E01034581,"Works mainly at an offshore installation, in no fixed place, or outside the UK",85,105,-20
E01034581,Works mainly from home,555,61,494
E01034589,10km to less than 20km,104,290,-186
E01034589,20km to less than 30km,15,46,-31
E01034589,2km to less than 5km,104,118,-14
E01034589,30km to less than 40km,15,8,7
E01034589,40km to less than 60km,9,18,-9
E01034589,5km to less than 10km,99,160,-61
E01034589,60km and over,5,10,-5
E01034589,Less than 2km,60,120,-60
E01034589,"Works mainly at an offshore installation, in no fixed place, or outside the UK",145,88,57
E01034589,Works mainly from home,415,129,286
E01034590,10km to less than 20km,112,0,112
E01034590,20km to less than 30km,25,0,25
E01034590,2km to less than 5km,55,0,55
E01034590,30km to less than 40km,12,0,12
E01034590,40km to less than 60km,4,0,4
E01034590,5km to less than 10km,64,0,64
E01034590,60km and over,5,0,5
E01034590,Less than 2km,34,0,34
E01034590,"Works mainly at an offshore installation, in no fixed place, or outside the UK",65,0,65
E01034590,Works mainly from home,389,0,389
E01034591,10km to less than 20km,165,111,54
E01034591,20km to less than 30km,20,13,7
E01034591,2km to less than 5km,89,52,37
E01034591,30km to less than 40km,1,3,-2
E01034591,40km to less than 60km,7,1,6
E01034591,5km to less than 10km,87,66,21
E01034591,60km and over,8,6,2
E01034591,Less than 2km,74,99,-25
E01034591,"Works mainly at an offshore installation, in no fixed place, or outside the UK",247,52,195
E01034591,Works mainly from home,206,28,178
E01034592,10km to less than 20km,73,146,-73
E01034592,20km to less than 30km,8,13,-5
E01034592,2km to less than 5km,44,68,-24
E01034592,30km to less than 40km,1,3,-2
E01034592,40km to less than 60km,1,5,-4
E01034592,5km to less than 10km,60,78,-18
E01034592,60km and over,6,4,2
E01034592,Less than 2km,53,90,-37
E01034592,"Works mainly at an offshore installation, in no fixed place, or outside the UK",107,60,47
E01034592,Works mainly from home,116,28,88
E01034593,10km to less than 20km,77,167,-90
E01034593,20km to less than 30km,16,50,-34
E01034593,2km to less than 5km,87,97,-10
E01034593,30km to less than 40km,3,6,-3
E01034593,40km to less than 60km,1,9,-8
E01034593,5km to less than 10km,84,102,-18
E01034593,60km and over,8,7,1
E01034593,Less than 2km,44,63,-19
E01034593,"Works mainly at an offshore installation, in no fixed place, or outside the UK",101,59,42
E01034593,Works mainly from home,281,82,199
E01034594,10km to less than 20km,114,88,26
E01034594,20km to less than 30km,18,30,-12
E01034594,2km to less than 5km,85,65,20
E01034594,30km to less than 40km,5,3,2
E01034594,40km to less than 60km,2,5,-3
E01034594,5km to less than 10km,74,59,15
E01034594,60km and over,10,6,4
E01034594,Less than 2km,42,39,3
E01034594,"Works mainly at an offshore installation, in no fixed place, or outside the UK",97,32,65
E01034594,Works mainly from home,387,44,343
E01034595,10km to less than 20km,86,250,-164
E01034595,20km to less than 30km,10,29,-19
E01034595,2km to less than 5km,41,63,-22
E01034595,30km to less than 40km,2,2,0
E01034595,40km to less than 60km,1,6,-5
E01034595,5km to less than 10km,59,77,-18
E01034595,60km and over,4,12,-8
E01034595,Less than 2km,129,109,20
E01034595,"Works mainly at an offshore installation, in no fixed place, or outside the UK",125,61,64
E01034595,Works mainly from home,225,63,162
E01034596,10km to less than 20km,131,170,-39
E01034596,20km to less than 30km,13,29,-16
E01034596,2km to less than 5km,34,23,11
E01034596,30km to less than 40km,2,2,0
E01034596,40km to less than 60km,4,6,-2
E01034596,5km to less than 10km,42,34,8
E01034596,60km and over,6,4,2
E01034596,Less than 2km,86,37,49
E01034596,"Works mainly at an offshore installation, in no fixed place, or outside the UK",49,27,22
E01034596,Works mainly from home,401,28,373
E01034597,10km to less than 20km,102,118,-16
E01034597,20km to less than 30km,15,23,-8
E01034597,2km to less than 5km,50,36,14
E01034597,30km to less than 40km,3,4,-1
E01034597,40km to less than 60km,0,3,-3
E01034597,5km to less than 10km,55,43,12
E01034597,60km and over,7,3,4
E01034597,Less than 2km,78,80,-2
E01034597,"Works mainly at an offshore installation, in no fixed place, or outside the UK",53,48,5
E01034597,Works mainly from home,299,64,235
E01034598,10km to less than 20km,115,0,115
E01034598,20km to less than 30km,20,0,20
E01034598,2km to less than 5km,46,0,46
E01034598,30km to less than 40km,2,0,2
E01034598,40km to less than 60km,1,0,1
E01034598,5km to less than 10km,62,0,62
E01034598,60km and over,9,0,9
E01034598,Less than 2km,78,0,78
E01034598,"Works mainly at an offshore installation, in no fixed place, or outside the UK",73,0,73
E01034598,Works mainly from home,434,0,434
E01034599,10km to less than 20km,103,192,-89
E01034599,20km to less than 30km,19,38,-19
E01034599,2km to less than 5km,108,132,-24
E01034599,30km to less than 40km,8,9,-1
E01034599,40km to less than 60km,6,6,0
E01034599,5km to less than 10km,131,163,-32
E01034599,60km and over,11,11,0
E01034599,Less than 2km,57,87,-30
E01034599,"Works mainly at an offshore installation, in no fixed place, or outside the UK",148,84,64
E01034599,Works mainly from home,185,84,101
E01034600,10km to less than 20km,155,198,-43
E01034600,20km to less than 30km,19,25,-6
E01034600,2km to less than 5km,104,89,15
E01034600,30km to less than 40km,9,4,5
E01034600,40km to less than 60km,1,3,-2
E01034600,5km to less than 10km,129,93,36
E01034600,60km and over,5,5,0
E01034600,Less than 2km,61,72,-11
E01034600,"Works mainly at an offshore installation, in no fixed place, or outside the UK",143,55,88
E01034600,Works mainly from home,335,41,294
E01034601,10km to less than 20km,65,74,-9
E01034601,20km to less than 30km,36,68,-32
E01034601,2km to less than 5km,78,86,-8
E01034601,30km to less than 40km,10,9,1
E01034601,40km to less than 60km,5,6,-1
E01034601,5km to less than 10km,74,98,-24
E01034601,60km and over,5,9,-4
E01034601,Less than 2km,64,118,-54
E01034601,"Works mainly at an offshore installation, in no fixed place, or outside the UK",85,33,52
E01034601,Works mainly from home,274,42,232
E01034602,10km to less than 20km,94,41,53
E01034602,20km to less than 30km,56,36,20
E01034602,2km to less than 5km,45,26,19
E01034602,30km to less than 40km,8,8,0
E01034602,40km to less than 60km,1,3,-2
E01034602,5km to less than 10km,83,51,32
E01034602,60km and over,4,4,0
E01034602,Less than 2km,58,81,-23
E01034602,"Works mainly at an offshore installation, in no fixed place, or outside the UK",90,20,70
E01034602,Works mainly from home,310,24,286
E01034603,10km to less than 20km,89,10,79
E01034603,20km to less than 30km,48,26,22
E01034603,2km to less than 5km,36,16,20
E01034603,30km to less than 40km,9,1,8
E01034603,40km to less than 60km,3,2,1
E01034603,5km to less than 10km,86,27,59
E01034603,60km and over,6,6,0
E01034603,Less than 2km,52,18,34
E01034603,"Works mainly at an offshore installation, in no fixed place, or outside the UK",72,5,67
E01034603,Works mainly from home,397,8,389
E01034604,10km to less than 20km,78,95,-17
E01034604,20km to less than 30km,33,81,-48
E01034604,2km to less than 5km,46,71,-25
E01034604,30km to less than 40km,9,10,-1
E01034604,40km to less than 60km,6,9,-3
E01034604,5km to less than 10km,87,118,-31
E01034604,60km and over,5,8,-3
E01034604,Less than 2km,74,142,-68
E01034604,"Works mainly at an offshore installation, in no fixed place, or outside the UK",93,70,23
E01034604,Works mainly from home,215,57,158
E01034605,10km to less than 20km,90,47,43
E01034605,20km to less than 30km,45,46,-1
E01034605,2km to less than 5km,62,51,11
E01034605,30km to less than 40km,12,3,9
E01034605,40km to less than 60km,4,4,0
E01034605,5km to less than 10km,107,67,40
E01034605,60km and over,7,11,-4
E01034605,Less than 2km,86,56,30
E01034605,"Works mainly at an offshore installation, in no fixed place, or outside the UK",117,36,81
E01034605,Works mainly from home,294,23,271
E01034606,10km to less than 20km,87,161,-74
E01034606,20km to less than 30km,55,144,-89
E01034606,2km to less than 5km,41,56,-15
E01034606,30km to less than 40km,10,40,-30
E01034606,40km to less than 60km,8,20,-12
E01034606,5km to less than 10km,88,104,-16
E01034606,60km and over,22,22,0
E01034606,Less than 2km,108,228,-120
E01034606,"Works mainly at an offshore installation, in no fixed place, or outside the UK",98,54,44
E01034606,Works mainly from home,267,55,212
E01034607,10km to less than 20km,80,122,-42
E01034607,20km to less than 30km,43,110,-67
E01034607,2km to less than 5km,68,96,-28
E01034607,30km to less than 40km,9,29,-20
E01034607,40km to less than 60km,4,12,-8
E01034607,5km to less than 10km,107,144,-37
E01034607,60km and over,10,17,-7
E01034607,Less than 2km,121,271,-150
E01034607,"Works mainly at an offshore installation, in no fixed place, or outside the UK",123,55,68
E01034607,Works mainly from home,235,85,150
E01034608,10km to less than 20km,139,122,17
E01034608,20km to less than 30km,82,115,-33
E01034608,2km to less than 5km,135,165,-30
E01034608,30km to less than 40km,11,12,-1
E01034608,40km to less than 60km,6,7,-1
E01034608,5km to less than 10km,111,128,-17
E01034608,60km and over,11,10,1
E01034608,Less than 2km,120,99,21
E01034608,"Works mainly at an offshore installation, in no fixed place, or outside the UK",190,74,116
E01034608,Works mainly from home,419,40,379
E01034609,10km to less than 20km,121,67,54
E01034609,20km to less than 30km,63,51,12
E01034609,2km to less than 5km,145,139,6
E01034609,30km to less than 40km,11,8,3
E01034609,40km to less than 60km,5,2,3
E01034609,5km to less than 10km,78,81,-3
E01034609,60km and over,9,10,-1
E01034609,Less than 2km,94,95,-1
E01034609,"Works mainly at an offshore installation, in no fixed place, or outside the UK",145,59,86
E01034609,Works mainly from home,288,29,259
E01034610,10km to less than 20km,74,85,-11
E01034610,20km to less than 30km,28,49,-21
E01034610,2km to less than 5km,99,119,-20
E01034610,30km to less than 40km,8,11,-3
E01034610,40km to less than 60km,1,4,-3
E01034610,5km to less than 10km,139,175,-36
E01034610,60km and over,6,15,-9
E01034610,Less than 2km,59,89,-30
E01034610,"Works mainly at an offshore installation, in no fixed place, or outside the UK",135,53,82
E01034610,Works mainly from home,175,47,128
E01034611,10km to less than 20km,58,48,10
E01034611,20km to less than 30km,20,21,-1
E01034611,2km to less than 5km,69,51,18
E01034611,30km to less than 40km,10,5,5
E01034611,40km to less than 60km,1,1,0
E01034611,5km to less than 10km,98,73,25
E01034611,60km and over,2,2,0
E01034611,Less than 2km,51,34,17
E01034611,"Works mainly at an offshore installation, in no fixed place, or outside the UK",95,23,72
E01034611,Works mainly from home,137,23,114
E01034612,10km to less than 20km,113,92,21
E01034612,20km to less than 30km,32,42,-10
E01034612,2km to less than 5km,148,150,-2
E01034612,30km to less than 40km,9,7,2
E01034612,40km to less than 60km,2,11,-9
E01034612,5km to less than 10km,158,171,-13
E01034612,60km and over,12,6,6
E01034612,Less than 2km,106,125,-19
E01034612,"Works mainly at an offshore installation, in no fixed place, or outside the UK",149,85,64
E01034612,Works mainly from home,183,57,126
E01034613,10km to less than 20km,71,26,45
E01034613,20km to less than 30km,36,13,23
E01034613,2km to less than 5km,56,28,28
E01034613,30km to less than 40km,2,3,-1
E01034613,40km to less than 60km,9,2,7
E01034613,5km to less than 10km,65,31,34
E01034613,60km and over,5,1,4
E01034613,Less than 2km,46,18,28
E01034613,"Works mainly at an offshore installation, in no fixed place, or outside the UK",68,5,63
E01034613,Works mainly from home,244,14,230
E01034614,10km to less than 20km,101,112,-11
E01034614,20km to less than 30km,42,66,-24
E01034614,2km to less than 5km,132,158,-26
E01034614,30km to less than 40km,11,7,4
E01034614,40km to less than 60km,5,3,2
E01034614,5km to less than 10km,68,85,-17
E01034614,60km and over,11,9,2
E01034614,Less than 2km,59,82,-23
E01034614,"Works mainly at an offshore installation, in no fixed place, or outside the UK",138,51,87
E01034614,Works mainly from home,389,24,365
E01034615,10km to less than 20km,98,64,34
E01034615,20km to less than 30km,57,35,22
E01034615,2km to less than 5km,162,116,46
E01034615,30km to less than 40km,10,6,4
E01034615,40km to less than 60km,11,6,5
E01034615,5km to less than 10km,111,87,24
E01034615,60km and over,7,2,5
E01034615,Less than 2km,85,83,2
E01034615,"Works mainly at an offshore installation, in no fixed place, or outside the UK",153,29,124
E01034615,Works mainly from home,352,29,323
E01034616,10km to less than 20km,90,37,53
E01034616,20km to less than 30km,32,18,14
E01034616,2km to less than 5km,80,40,40
E01034616,30km to less than 40km,10,1,9
E01034616,40km to less than 60km,3,1,2
E01034616,5km to less than 10km,89,41,48
E01034616,60km and over,9,5,4
E01034616,Less than 2km,48,22,26
E01034616,"Works mainly at an offshore installation, in no fixed place, or outside the UK",111,26,85
E01034616,Works mainly from home,331,17,314
E01034617,10km to less than 20km,133,137,-4
E01034617,20km to less than 30km,32,63,-31
E01034617,2km to less than 5km,205,187,18
E01034617,30km to less than 40km,14,11,3
E01034617,40km to less than 60km,4,8,-4
E01034617,5km to less than 10km,157,154,3
E01034617,60km and over,8,19,-11
E01034617,Less than 2km,103,115,-12
E01034617,"Works mainly at an offshore installation, in no fixed place, or outside the UK",146,70,76
E01034617,Works mainly from home,317,58,259
E01035484,10km to less than 20km,34,62,-28
E01035484,20km to less than 30km,3,3,0
E01035484,2km to less than 5km,112,138,-26
E01035484,30km to less than 40km,1,1,0
E01035484,40km to less than 60km,0,2,-2
E01035484,5km to less than 10km,124,200,-76
E01035484,60km and over,7,7,0
E01035484,Less than 2km,83,118,-35
E01035484,"Works mainly at an offshore installation, in no fixed place, or outside the UK",84,85,-1
E01035484,Works mainly from home,294,59,235
E01035485,10km to less than 20km,26,53,-27
E01035485,20km to less than 30km,4,3,1
E01035485,2km to less than 5km,68,110,-42
E01035485,30km to less than 40km,1,0,1
E01035485,40km to less than 60km,0,0,0
E01035485,5km to less than 10km,81,156,-75
E01035485,60km and over,13,5,8
E01035485,Less than 2km,72,103,-31
E01035485,"Works mainly at an offshore installation, in no fixed place, or outside the UK",59,48,11
E01035485,Works mainly from home,286,31,255
E01035486,10km to less than 20km,25,16,9
E01035486,20km to less than 30km,8,5,3
E01035486,2km to less than 5km,109,93,16
E01035486,30km to less than 40km,3,2,1
E01035486,40km to less than 60km,1,3,-2
E01035486,5km to less than 10km,111,94,17
E01035486,60km and over,2,5,-3
E01035486,Less than 2km,69,47,22
E01035486,"Works mainly at an offshore installation, in no fixed place, or outside the UK",81,40,41
E01035486,Works mainly from home,541,76,465
E01035487,10km to less than 20km,24,54,-30
E01035487,20km to less than 30km,6,8,-2
E01035487,2km to less than 5km,99,135,-36
E01035487,30km to less than 40km,3,3,0
E01035487,40km to less than 60km,2,4,-2
E01035487,5km to less than 10km,124,204,-80
E01035487,60km and over,7,6,1
E01035487,Less than 2km,63,115,-52
E01035487,"Works mainly at an offshore installation, in no fixed place, or outside the UK",90,61,29
E01035487,Works mainly from home,404,63,341
E01035488,10km to less than 20km,30,50,-20
E01035488,20km to less than 30km,8,21,-13
E01035488,2km to less than 5km,96,115,-19
E01035488,30km to less than 40km,2,14,-12
E01035488,40km to less than 60km,4,8,-4
E01035488,5km to less than 10km,119,301,-182
E01035488,60km and over,6,13,-7
E01035488,Less than 2km,46,36,10
E01035488,"Works mainly at an offshore installation, in no fixed place, or outside the UK",59,69,-10
E01035488,Works mainly from home,685,97,588
E01035489,10km to less than 20km,31,15,16
E01035489,20km to less than 30km,6,2,4
E01035489,2km to less than 5km,108,24,84
E01035489,30km to less than 40km,3,4,-1
E01035489,40km to less than 60km,0,2,-2
E01035489,5km to less than 10km,114,84,30
E01035489,60km and over,7,7,0
E01035489,Less than 2km,33,11,22
E01035489,"Works mainly at an offshore installation, in no fixed place, or outside the UK",55,9,46
E01035489,Works mainly from home,553,18,535
E01035490,10km to less than 20km,59,141,-82
E01035490,20km to less than 30km,7,16,-9
E01035490,2km to less than 5km,60,74,-14
E01035490,30km to less than 40km,5,6,-1
E01035490,40km to less than 60km,2,15,-13
E01035490,5km to less than 10km,112,346,-234
E01035490,60km and over,8,12,-4
E01035490,Less than 2km,49,66,-17
E01035490,"Works mainly at an offshore installation, in no fixed place, or outside the UK",61,66,-5
E01035490,Works mainly from home,669,115,554
E01035491,10km to less than 20km,33,119,-86
E01035491,20km to less than 30km,4,18,-14
E01035491,2km to less than 5km,91,132,-41
E01035491,30km to less than 40km,2,13,-11
E01035491,40km to less than 60km,0,6,-6
E01035491,5km to less than 10km,103,533,-430
E01035491,60km and over,4,9,-5
E01035491,Less than 2km,43,61,-18
E01035491,"Works mainly at an offshore installation, in no fixed place, or outside the UK",54,57,-3
E01035491,Works mainly from home,618,90,528
E01035492,10km to less than 20km,27,32,-5
E01035492,20km to less than 30km,6,3,3
E01035492,2km to less than 5km,95,29,66
E01035492,30km to less than 40km,7,6,1
E01035492,40km to less than 60km,2,2,0
E01035492,5km to less than 10km,153,107,46
E01035492,60km and over,8,1,7
E01035492,Less than 2km,52,15,37
E01035492,"Works mainly at an offshore installation, in no fixed place, or outside the UK",61,20,41
E01035492,Works mainly from home,829,19,810
E01035493,10km to less than 20km,37,83,-46
E01035493,20km to less than 30km,10,9,1
E01035493,2km to less than 5km,97,106,-9
E01035493,30km to less than 40km,0,0,0
E01035493,40km to less than 60km,3,3,0
E01035493,5km to less than 10km,135,248,-113
E01035493,60km and over,5,3,2
E01035493,Less than 2km,65,54,11
E01035493,"Works mainly at an offshore installation, in no fixed place, or outside the UK",80,53,27
E01035493,Works mainly from home,656,42,614
E01035494,10km to less than 20km,63,97,-34
E01035494,20km to less than 30km,5,8,-3
E01035494,2km to less than 5km,115,84,31
E01035494,30km to less than 40km,3,5,-2
E01035494,40km to less than 60km,2,2,0
E01035494,5km to less than 10km,168,226,-58
E01035494,60km and over,17,6,11
E01035494,Less than 2km,57,48,9
E01035494,"Works mainly at an offshore installation, in no fixed place, or outside the UK",82,34,48
E01035494,Works mainly from home,915,44,871
E01035495,10km to less than 20km,42,46,-4
E01035495,20km to less than 30km,2,10,-8
E01035495,2km to less than 5km,100,102,-2
E01035495,30km to less than 40km,1,2,-1
E01035495,40km to less than 60km,1,2,-1
E01035495,5km to less than 10km,95,165,-70
E01035495,60km and over,4,5,-1
E01035495,Less than 2km,92,81,11
E01035495,"Works mainly at an offshore installation, in no fixed place, or outside the UK",79,48,31
E01035495,Works mainly from home,152,38,114
E01035496,10km to less than 20km,15,14,1
E01035496,20km to less than 30km,2,4,-2
E01035496,2km to less than 5km,102,91,11
E01035496,30km to less than 40km,2,2,0
E01035496,40km to less than 60km,3,3,0
E01035496,5km to less than 10km,44,46,-2
E01035496,60km and over,3,5,-2
E01035496,Less than 2km,37,32,5
E01035496,"Works mainly at an offshore installation, in no fixed place, or outside the UK",45,17,28
E01035496,Works mainly from home,460,42,418
E01035497,10km to less than 20km,18,0,18
E01035497,20km to less than 30km,3,0,3
E01035497,2km to less than 5km,124,0,124
E01035497,30km to less than 40km,1,0,1
E01035497,40km to less than 60km,3,0,3
E01035497,5km to less than 10km,126,0,126
E01035497,60km and over,1,0,1
E01035497,Less than 2km,35,0,35
E01035497,"Works mainly at an offshore installation, in no fixed place, or outside the UK",77,0,77
E01035497,Works mainly from home,431,0,431
E01035498,10km to less than 20km,9,0,9
E01035498,20km to less than 30km,5,0,5
E01035498,2km to less than 5km,116,0,116
E01035498,30km to less than 40km,4,0,4
E01035498,40km to less than 60km,3,0,3
E01035498,5km to less than 10km,66,0,66
E01035498,60km and over,2,0,2
E01035498,Less than 2km,32,0,32
E01035498,"Works mainly at an offshore installation, in no fixed place, or outside the UK",38,0,38
E01035498,Works mainly from home,575,0,575
E01035499,10km to less than 20km,42,57,-15
E01035499,20km to less than 30km,8,10,-2
E01035499,2km to less than 5km,153,223,-70
E01035499,30km to less than 40km,3,1,2
E01035499,40km to less than 60km,2,2,0
E01035499,5km to less than 10km,114,134,-20
E01035499,60km and over,3,8,-5
E01035499,Less than 2km,42,68,-26
E01035499,"Works mainly at an offshore installation, in no fixed place, or outside the UK",119,95,24
E01035499,Works mainly from home,240,43,197
E01035638,10km to less than 20km,44,28,16
E01035638,20km to less than 30km,5,10,-5
E01035638,2km to less than 5km,72,66,6
E01035638,30km to less than 40km,3,0,3
E01035638,40km to less than 60km,3,2,1
E01035638,5km to less than 10km,141,136,5
E01035638,60km and over,3,2,1
E01035638,Less than 2km,30,29,1
E01035638,"Works mainly at an offshore installation, in no fixed place, or outside the UK",83,36,47
E01035638,Works mainly from home,658,33,625
E01035639,10km to less than 20km,55,25,30
E01035639,20km to less than 30km,1,6,-5
E01035639,2km to less than 5km,83,55,28
E01035639,30km to less than 40km,3,0,3
E01035639,40km to less than 60km,2,0,2
E01035639,5km to less than 10km,144,120,24
E01035639,60km and over,2,11,-9
E01035639,Less than 2km,37,23,14
E01035639,"Works mainly at an offshore installation, in no fixed place, or outside the UK",76,48,28
E01035639,Works mainly from home,542,20,522
E01035640,10km to less than 20km,26,67,-41
E01035640,20km to less than 30km,7,5,2
E01035640,2km to less than 5km,91,250,-159
E01035640,30km to less than 40km,0,1,-1
E01035640,40km to less than 60km,4,1,3
E01035640,5km to less than 10km,72,272,-200
E01035640,60km and over,4,11,-7
E01035640,Less than 2km,64,107,-43
E01035640,"Works mainly at an offshore installation, in no fixed place, or outside the UK",70,103,-33
E01035640,Works mainly from home,471,103,368
E01035641,10km to less than 20km,20,49,-29
E01035641,20km to less than 30km,5,4,1
E01035641,2km to less than 5km,110,155,-45
E01035641,30km to less than 40km,1,3,-2
E01035641,40km to less than 60km,6,0,6
E01035641,5km to less than 10km,79,133,-54
E01035641,60km and over,14,8,6
E01035641,Less than 2km,52,35,17
E01035641,"Works mainly at an offshore installation, in no fixed place, or outside the UK",63,44,19
E01035641,Works mainly from home,579,55,524
E01035642,10km to less than 20km,19,29,-10
E01035642,20km to less than 30km,2,9,-7
E01035642,2km to less than 5km,125,248,-123
E01035642,30km to less than 40km,1,4,-3
E01035642,40km to less than 60km,0,7,-7
E01035642,5km to less than 10km,84,115,-31
E01035642,60km and over,6,9,-3
E01035642,Less than 2km,70,94,-24
E01035642,"Works mainly at an offshore installation, in no fixed place, or outside the UK",83,57,26
E01035642,Works mainly from home,786,82,704
E01035643,10km to less than 20km,26,49,-23
E01035643,20km to less than 30km,6,13,-7
E01035643,2km to less than 5km,154,416,-262
E01035643,30km to less than 40km,2,1,1
E01035643,40km to less than 60km,0,2,-2
E01035643,5km to less than 10km,74,153,-79
E01035643,60km and over,7,9,-2
E01035643,Less than 2km,53,122,-69
E01035643,"Works mainly at an offshore installation, in no fixed place, or outside the UK",82,54,28
E01035643,Works mainly from home,588,81,507
E01035644,10km to less than 20km,18,21,-3
E01035644,20km to less than 30km,3,4,-1
E01035644,2km to less than 5km,110,265,-155
E01035644,30km to less than 40km,1,4,-3
E01035644,40km to less than 60km,3,7,-4
E01035644,5km to less than 10km,28,68,-40
E01035644,60km and over,1,1,0
E01035644,Less than 2km,38,95,-57
E01035644,"Works mainly at an offshore installation, in no fixed place, or outside the UK",42,27,15
E01035644,Works mainly from home,620,41,579
E01035645,10km to less than 20km,28,31,-3
E01035645,20km to less than 30km,2,7,-5
E01035645,2km to less than 5km,116,218,-102
E01035645,30km to less than 40km,1,4,-3
E01035645,40km to less than 60km,4,2,2
E01035645,5km to less than 10km,48,109,-61
E01035645,60km and over,8,1,7
E01035645,Less than 2km,82,117,-35
E01035645,"Works mainly at an offshore installation, in no fixed place, or outside the UK",101,60,41
E01035645,Works mainly from home,303,61,242
E01035646,10km to less than 20km,39,43,-4
E01035646,20km to less than 30km,3,5,-2
E01035646,2km to less than 5km,106,293,-187
E01035646,30km to less than 40km,2,5,-3
E01035646,40km to less than 60km,2,9,-7
E01035646,5km to less than 10km,76,130,-54
E01035646,60km and over,6,16,-10
E01035646,Less than 2km,86,197,-111
E01035646,"Works mainly at an offshore installation, in no fixed place, or outside the UK",87,75,12
E01035646,Works mainly from home,486,50,436
E01035647,10km to less than 20km,10,24,-14
E01035647,20km to less than 30km,0,4,-4
E01035647,2km to less than 5km,54,171,-117
E01035647,30km to less than 40km,1,4,-3
E01035647,40km to less than 60km,1,4,-3
E01035647,5km to less than 10km,30,63,-33
E01035647,60km and over,6,3,3
E01035647,Less than 2km,68,144,-76
E01035647,"Works mainly at an offshore installation, in no fixed place, or outside the UK",28,41,-13
E01035647,Works mainly from home,652,75,577
E01035648,10km to less than 20km,25,38,-13
E01035648,20km to less than 30km,5,7,-2
E01035648,2km to less than 5km,132,257,-125
E01035648,30km to less than 40km,0,8,-8
E01035648,40km to less than 60km,5,6,-1
E01035648,5km to less than 10km,80,124,-44
E01035648,60km and over,5,6,-1
E01035648,Less than 2km,87,201,-114
E01035648,"Works mainly at an offshore installation, in no fixed place, or outside the UK",91,64,27
E01035648,Works mainly from home,309,56,253
E01035649,10km to less than 20km,17,13,4
E01035649,20km to less than 30km,2,6,-4
E01035649,2km to less than 5km,82,135,-53
E01035649,30km to less than 40km,1,0,1
E01035649,40km to less than 60km,1,1,0
E01035649,5km to less than 10km,61,58,3
E01035649,60km and over,3,8,-5
E01035649,Less than 2km,93,134,-41
E01035649,"Works mainly at an offshore installation, in no fixed place, or outside the UK",62,25,37
E01035649,Works mainly from home,537,50,487
E01035650,10km to less than 20km,33,74,-41
E01035650,20km to less than 30km,2,12,-10
E01035650,2km to less than 5km,142,441,-299
E01035650,30km to less than 40km,1,6,-5
E01035650,40km to less than 60km,1,4,-3
E01035650,5km to less than 10km,105,277,-172
E01035650,60km and over,6,15,-9
E01035650,Less than 2km,80,174,-94
E01035650,"Works mainly at an offshore installation, in no fixed place, or outside the UK",109,134,-25
E01035650,Works mainly from home,540,154,386
E01035651,10km to less than 20km,19,39,-20
E01035651,20km to less than 30km,10,14,-4
E01035651,2km to less than 5km,126,161,-35
E01035651,30km to less than 40km,1,2,-1
E01035651,40km to less than 60km,1,7,-6
E01035651,5km to less than 10km,125,262,-137
E01035651,60km and over,8,11,-3
E01035651,Less than 2km,56,49,7
E01035651,"Works mainly at an offshore installation, in no fixed place, or outside the UK",89,64,25
E01035651,Works mainly from home,481,46,435
E01035652,10km to less than 20km,27,30,-3
E01035652,20km to less than 30km,10,7,3
E01035652,2km to less than 5km,97,171,-74
E01035652,30km to less than 40km,1,3,-2
E01035652,40km to less than 60km,1,5,-4
E01035652,5km to less than 10km,85,203,-118
E01035652,60km and over,2,8,-6
E01035652,Less than 2km,41,37,4
E01035652,"Works mainly at an offshore installation, in no fixed place, or outside the UK",75,61,14
E01035652,Works mainly from home,507,43,464
E01035653,10km to less than 20km,23,55,-32
E01035653,20km to less than 30km,1,14,-13
E01035653,2km to less than 5km,151,380,-229
E01035653,30km to less than 40km,2,10,-8
E01035653,40km to less than 60km,1,10,-9
E01035653,5km to less than 10km,94,272,-178
E01035653,60km and over,5,10,-5
E01035653,Less than 2km,34,64,-30
E01035653,"Works mainly at an offshore installation, in no fixed place, or outside the UK",37,42,-5
E01035653,Works mainly from home,735,34,701
E01035654,10km to less than 20km,25,5,20
E01035654,20km to less than 30km,2,3,-1
E01035654,2km to less than 5km,102,63,39
E01035654,30km to less than 40km,0,1,-1
E01035654,40km to less than 60km,3,0,3
E01035654,5km to less than 10km,46,38,8
E01035654,60km and over,2,3,-1
E01035654,Less than 2km,39,5,34
E01035654,"Works mainly at an offshore installation, in no fixed place, or outside the UK",43,7,36
E01035654,Works mainly from home,344,6,338
E01035655,10km to less than 20km,21,27,-6
E01035655,20km to less than 30km,3,8,-5
E01035655,2km to less than 5km,123,346,-223
E01035655,30km to less than 40km,10,4,6
E01035655,40km to less than 60km,2,2,0
E01035655,5km to less than 10km,53,110,-57
E01035655,60km and over,10,6,4
E01035655,Less than 2km,83,213,-130
E01035655,"Works mainly at an offshore installation, in no fixed place, or outside the UK",87,55,32
E01035655,Works mainly from home,497,107,390
E01035656,10km to less than 20km,25,7,18
E01035656,20km to less than 30km,7,2,5
E01035656,2km to less than 5km,81,69,12
E01035656,30km to less than 40km,2,1,1
E01035656,40km to less than 60km,2,5,-3
E01035656,5km to less than 10km,37,39,-2
E01035656,60km and over,4,9,-5
E01035656,Less than 2km,89,70,19
E01035656,"Works mainly at an offshore installation, in no fixed place, or outside the UK",43,17,26
E01035656,Works mainly from home,566,20,546
E01035657,10km to less than 20km,23,38,-15
E01035657,20km to less than 30km,4,3,1
E01035657,2km to less than 5km,52,62,-10
E01035657,30km to less than 40km,2,3,-1
E01035657,40km to less than 60km,3,0,3
E01035657,5km to less than 10km,90,116,-26
E01035657,60km and over,0,2,-2
E01035657,Less than 2km,21,13,8
E01035657,"Works mainly at an offshore installation, in no fixed place, or outside the UK",53,28,25
E01035657,Works mainly from home,592,25,567
E01035658,10km to less than 20km,41,0,41
E01035658,20km to less than 30km,1,0,1
E01035658,2km to less than 5km,52,0,52
E01035658,30km to less than 40km,2,0,2
E01035658,40km to less than 60km,2,0,2
E01035658,5km to less than 10km,100,0,100
E01035658,60km and over,2,0,2
E01035658,Less than 2km,13,0,13
E01035658,"Works mainly at an offshore installation, in no fixed place, or outside the UK",48,0,48
E01035658,Works mainly from home,599,0,599
E01035659,10km to less than 20km,31,73,-42
E01035659,20km to less than 30km,7,15,-8
E01035659,2km to less than 5km,106,179,-73
E01035659,30km to less than 40km,2,6,-4
E01035659,40km to less than 60km,3,0,3
E01035659,5km to less than 10km,121,231,-110
E01035659,60km and over,7,13,-6
E01035659,Less than 2km,37,65,-28
E01035659,"Works mainly at an offshore installation, in no fixed place, or outside the UK",95,50,45
E01035659,Works mainly from home,345,28,317
E01035660,10km to less than 20km,31,61,-30
E01035660,20km to less than 30km,3,4,-1
E01035660,2km to less than 5km,85,198,-113
E01035660,30km to less than 40km,0,0,0
E01035660,40km to less than 60km,0,7,-7
E01035660,5km to less than 10km,66,153,-87
E01035660,60km and over,3,16,-13
E01035660,Less than 2km,74,72,2
E01035660,"Works mainly at an offshore installation, in no fixed place, or outside the UK",86,52,34
E01035660,Works mainly from home,424,64,360
E01035661,10km to less than 20km,22,40,-18
E01035661,20km to less than 30km,1,12,-11
E01035661,2km to less than 5km,94,148,-54
E01035661,30km to less than 40km,5,1,4
E01035661,40km to less than 60km,2,3,-1
E01035661,5km to less than 10km,84,163,-79
E01035661,60km and over,2,10,-8
E01035661,Less than 2km,77,80,-3
E01035661,"Works mainly at an offshore installation, in no fixed place, or outside the UK",72,57,15
E01035661,Works mainly from home,333,55,278
E01035662,10km to less than 20km,30,72,-42
E01035662,20km to less than 30km,4,12,-8
E01035662,2km to less than 5km,89,229,-140
E01035662,30km to less than 40km,3,7,-4
E01035662,40km to less than 60km,1,9,-8
E01035662,5km to less than 10km,107,400,-293
E01035662,60km and over,3,7,-4
E01035662,Less than 2km,31,28,3
E01035662,"Works mainly at an offshore installation, in no fixed place, or outside the UK",60,64,-4
E01035662,Works mainly from home,623,79,544
E01035663,10km to less than 20km,21,76,-55
E01035663,20km to less than 30km,3,11,-8
E01035663,2km to less than 5km,102,198,-96
E01035663,30km to less than 40km,2,3,-1
E01035663,40km to less than 60km,2,7,-5
E01035663,5km to less than 10km,73,290,-217
E01035663,60km and over,6,9,-3
E01035663,Less than 2km,41,42,-1
E01035663,"Works mainly at an offshore installation, in no fixed place, or outside the UK",67,49,18
E01035663,Works mainly from home,438,30,408
E01035664,10km to less than 20km,27,62,-35
E01035664,20km to less than 30km,7,16,-9
E01035664,2km to less than 5km,186,380,-194
E01035664,30km to less than 40km,1,2,-1
E01035664,40km to less than 60km,2,3,-1
E01035664,5km to less than 10km,107,240,-133
E01035664,60km and over,5,19,-14
E01035664,Less than 2km,106,340,-234
E01035664,"Works mainly at an offshore installation, in no fixed place, or outside the UK",139,131,8
E01035664,Works mainly from home,730,143,587
E01035665,10km to less than 20km,47,18,29
E01035665,20km to less than 30km,3,4,-1
E01035665,2km to less than 5km,100,26,74
E01035665,30km to less than 40km,7,3,4
E01035665,40km to less than 60km,2,2,0
E01035665,5km to less than 10km,150,73,77
E01035665,60km and over,1,2,-1
E01035665,Less than 2km,30,7,23
E01035665,"Works mainly at an offshore installation, in no fixed place, or outside the UK",47,13,34
E01035665,Works mainly from home,571,5,566
E01035666,10km to less than 20km,53,34,19
E01035666,20km to less than 30km,9,6,3
E01035666,2km to less than 5km,130,52,78
E01035666,30km to less than 40km,6,3,3
E01035666,40km to less than 60km,4,1,3
E01035666,5km to less than 10km,132,119,13
E01035666,60km and over,4,3,1
E01035666,Less than 2km,69,22,47
E01035666,"Works mainly at an offshore installation, in no fixed place, or outside the UK",135,33,102
E01035666,Works mainly from home,474,20,454
E01035667,10km to less than 20km,61,101,-40
E01035667,20km to less than 30km,11,10,1
E01035667,2km to less than 5km,143,178,-35
E01035667,30km to less than 40km,3,4,-1
E01035667,40km to less than 60km,3,5,-2
E01035667,5km to less than 10km,124,244,-120
E01035667,60km and over,7,9,-2
E01035667,Less than 2km,75,77,-2
E01035667,"Works mainly at an offshore installation, in no fixed place, or outside the UK",98,58,40
E01035667,Works mainly from home,327,51,276
E01035668,10km to less than 20km,36,53,-17
E01035668,20km to less than 30km,10,8,2
E01035668,2km to less than 5km,128,380,-252
E01035668,30km to less than 40km,4,8,-4
E01035668,40km to less than 60km,6,7,-1
E01035668,5km to less than 10km,89,196,-107
E01035668,60km and over,7,13,-6
E01035668,Less than 2km,127,259,-132
E01035668,"Works mainly at an offshore installation, in no fixed place, or outside the UK",80,102,-22
E01035668,Works mainly from home,708,99,609
E01035669,10km to less than 20km,20,34,-14
E01035669,20km to less than 30km,1,5,-4
E01035669,2km to less than 5km,95,152,-57
E01035669,30km to less than 40km,4,3,1
E01035669,40km to less than 60km,1,7,-6
E01035669,5km to less than 10km,52,74,-22
E01035669,60km and over,2,6,-4
E01035669,Less than 2km,107,156,-49
E01035669,"Works mainly at an offshore installation, in no fixed place, or outside the UK",62,65,-3
E01035669,Works mainly from home,532,75,457
E01035670,10km to less than 20km,66,89,-23
E01035670,20km to less than 30km,17,25,-8
E01035670,2km to less than 5km,176,273,-97
E01035670,30km to less than 40km,2,9,-7
E01035670,40km to less than 60km,29,22,7
E01035670,5km to less than 10km,164,272,-108
E01035670,60km and over,29,68,-39
E01035670,Less than 2km,158,228,-70
E01035670,"Works mainly at an offshore installation, in no fixed place, or outside the UK",142,130,12
E01035670,Works mainly from home,464,95,369
E01035671,10km to less than 20km,42,0,42
E01035671,20km to less than 30km,6,0,6
E01035671,2km to less than 5km,129,0,129
E01035671,30km to less than 40km,6,0,6
E01035671,40km to less than 60km,2,0,2
E01035671,5km to less than 10km,150,0,150
E01035671,60km and over,3,0,3
E01035671,Less than 2km,50,0,50
E01035671,"Works mainly at an offshore installation, in no fixed place, or outside the UK",94,0,94
E01035671,Works mainly from home,741,0,741
E01035672,10km to less than 20km,63,77,-14
E01035672,20km to less than 30km,7,10,-3
E01035672,2km to less than 5km,197,213,-16
E01035672,30km to less than 40km,7,8,-1
E01035672,40km to less than 60km,4,9,-5
E01035672,5km to less than 10km,176,280,-104
E01035672,60km and over,11,13,-2
E01035672,Less than 2km,116,177,-61
E01035672,"Works mainly at an offshore installation, in no fixed place, or outside the UK",174,85,89
E01035672,Works mainly from home,426,70,356
E01035673,10km to less than 20km,21,0,21
E01035673,20km to less than 30km,5,0,5
E01035673,2km to less than 5km,82,0,82
E01035673,30km to less than 40km,2,0,2
E01035673,40km to less than 60km,1,0,1
E01035673,5km to less than 10km,64,0,64
E01035673,60km and over,2,0,2
E01035673,Less than 2km,40,0,40
E01035673,"Works mainly at an offshore installation, in no fixed place, or outside the UK",61,0,61
E01035673,Works mainly from home,323,0,323
E01035674,10km to less than 20km,44,37,7
E01035674,20km to less than 30km,4,7,-3
E01035674,2km to less than 5km,103,88,15
E01035674,30km to less than 40km,2,0,2
E01035674,40km to less than 60km,1,4,-3
E01035674,5km to less than 10km,71,83,-12
E01035674,60km and over,1,3,-2
E01035674,Less than 2km,43,34,9
E01035674,"Works mainly at an offshore installation, in no fixed place, or outside the UK",49,25,24
E01035674,Works mainly from home,400,17,383
E01035675,10km to less than 20km,31,48,-17
E01035675,20km to less than 30km,7,5,2
E01035675,2km to less than 5km,135,122,13
E01035675,30km to less than 40km,5,4,1
E01035675,40km to less than 60km,8,7,1
E01035675,5km to less than 10km,111,159,-48
E01035675,60km and over,8,7,1
E01035675,Less than 2km,65,55,10
E01035675,"Works mainly at an offshore installation, in no fixed place, or outside the UK",99,62,37
E01035675,Works mainly from home,312,32,280
E01035676,10km to less than 20km,32,32,0
E01035676,20km to less than 30km,8,8,0
E01035676,2km to less than 5km,104,111,-7
E01035676,30km to less than 40km,5,4,1
E01035676,40km to less than 60km,3,3,0
E01035676,5km to less than 10km,71,86,-15
E01035676,60km and over,6,6,0
E01035676,Less than 2km,62,89,-27
E01035676,"Works mainly at an offshore installation, in no fixed place, or outside the UK",93,32,61
E01035676,Works mainly from home,192,27,165
E01035677,10km to less than 20km,22,12,10
E01035677,20km to less than 30km,3,1,2
E01035677,2km to less than 5km,110,57,53
E01035677,30km to less than 40km,4,1,3
E01035677,40km to less than 60km,5,2,3
E01035677,5km to less than 10km,76,47,29
E01035677,60km and over,6,10,-4
E01035677,Less than 2km,62,51,11
E01035677,"Works mainly at an offshore installation, in no fixed place, or outside the UK",65,18,47
E01035677,Works mainly from home,415,14,401
E01035678,10km to less than 20km,55,26,29
E01035678,20km to less than 30km,8,4,4
E01035678,2km to less than 5km,98,70,28
E01035678,30km to less than 40km,2,2,0
E01035678,40km to less than 60km,2,3,-1
E01035678,5km to less than 10km,109,104,5
E01035678,60km and over,4,2,2
E01035678,Less than 2km,57,66,-9
E01035678,"Works mainly at an offshore installation, in no fixed place, or outside the UK",105,40,65
E01035678,Works mainly from home,544,58,486
E01035679,10km to less than 20km,37,52,-15
E01035679,20km to less than 30km,2,7,-5
E01035679,2km to less than 5km,90,104,-14
E01035679,30km to less than 40km,1,3,-2
E01035679,40km to less than 60km,2,3,-1
E01035679,5km to less than 10km,114,154,-40
E01035679,60km and over,8,8,0
E01035679,Less than 2km,66,118,-52
E01035679,"Works mainly at an offshore installation, in no fixed place, or outside the UK",82,63,19
E01035679,Works mainly from home,387,41,346
E01035680,10km to less than 20km,49,64,-15
E01035680,20km to less than 30km,7,16,-9
E01035680,2km to less than 5km,146,208,-62
E01035680,30km to less than 40km,6,2,4
E01035680,40km to less than 60km,3,7,-4
E01035680,5km to less than 10km,122,189,-67
E01035680,60km and over,6,14,-8
E01035680,Less than 2km,97,114,-17
E01035680,"Works mainly at an offshore installation, in no fixed place, or outside the UK",71,57,14
E01035680,Works mainly from home,519,38,481
E01035681,10km to less than 20km,52,26,26
E01035681,20km to less than 30km,6,6,0
E01035681,2km to less than 5km,131,111,20
E01035681,30km to less than 40km,4,1,3
E01035681,40km to less than 60km,4,2,2
E01035681,5km to less than 10km,94,70,24
E01035681,60km and over,5,4,1
E01035681,Less than 2km,117,49,68
E01035681,"Works mainly at an offshore installation, in no fixed place, or outside the UK",97,30,67
E01035681,Works mainly from home,262,24,238
E01035682,10km to less than 20km,24,23,1
E01035682,20km to less than 30km,7,5,2
E01035682,2km to less than 5km,68,62,6
E01035682,30km to less than 40km,1,1,0
E01035682,40km to less than 60km,3,3,0
E01035682,5km to less than 10km,56,54,2
E01035682,60km and over,9,3,6
E01035682,Less than 2km,97,53,44
E01035682,"Works mainly at an offshore installation, in no fixed place, or outside the UK",57,21,36
E01035682,Works mainly from home,291,21,270
E01035683,10km to less than 20km,24,27,-3
E01035683,20km to less than 30km,2,13,-11
E01035683,2km to less than 5km,96,112,-16
E01035683,30km to less than 40km,3,6,-3
E01035683,40km to less than 60km,6,5,1
E01035683,5km to less than 10km,91,89,2
E01035683,60km and over,3,7,-4
E01035683,Less than 2km,88,98,-10
E01035683,"Works mainly at an offshore installation, in no fixed place, or outside the UK",86,64,22
E01035683,Works mainly from home,206,29,177
E01035684,10km to less than 20km,39,33,6
E01035684,20km to less than 30km,2,6,-4
E01035684,2km to less than 5km,110,81,29
E01035684,30km to less than 40km,4,3,1
E01035684,40km to less than 60km,6,0,6
E01035684,5km to less than 10km,100,101,-1
E01035684,60km and over,4,4,0
E01035684,Less than 2km,56,98,-42
E01035684,"Works mainly at an offshore installation, in no fixed place, or outside the UK",85,57,28
E01035684,Works mainly from home,301,12,289
E01035685,10km to less than 20km,24,41,-17
E01035685,20km to less than 30km,6,2,4
E01035685,2km to less than 5km,68,109,-41
E01035685,30km to less than 40km,0,3,-3
E01035685,40km to less than 60km,4,1,3
E01035685,5km to less than 10km,80,90,-10
E01035685,60km and over,10,8,2
E01035685,Less than 2km,61,92,-31
E01035685,"Works mainly at an offshore installation, in no fixed place, or outside the UK",82,49,33
E01035685,Works mainly from home,134,34,100
E01035686,10km to less than 20km,20,57,-37
E01035686,20km to less than 30km,13,8,5
E01035686,2km to less than 5km,88,307,-219
E01035686,30km to less than 40km,3,5,-2
E01035686,40km to less than 60km,8,5,3
E01035686,5km to less than 10km,61,145,-84
E01035686,60km and over,7,8,-1
E01035686,Less than 2km,123,283,-160
E01035686,"Works mainly at an offshore installation, in no fixed place, or outside the UK",72,51,21
E01035686,Works mainly from home,382,73,309
E01035687,10km to less than 20km,20,32,-12
E01035687,20km to less than 30km,4,7,-3
E01035687,2km to less than 5km,91,179,-88
E01035687,30km to less than 40km,2,3,-1
E01035687,40km to less than 60km,3,2,1
E01035687,5km to less than 10km,65,90,-25
E01035687,60km and over,6,6,0
E01035687,Less than 2km,92,225,-133
E01035687,"Works mainly at an offshore installation, in no fixed place, or outside the UK",53,33,20
E01035687,Works mainly from home,504,45,459
E01035688,10km to less than 20km,21,0,21
E01035688,20km to less than 30km,7,0,7
E01035688,2km to less than 5km,59,0,59
E01035688,30km to less than 40km,1,0,1
E01035688,40km to less than 60km,5,0,5
E01035688,5km to less than 10km,29,0,29
E01035688,60km and over,2,0,2
E01035688,Less than 2km,93,0,93
E01035688,"Works mainly at an offshore installation, in no fixed place, or outside the UK",36,0,36
E01035688,Works mainly from home,502,0,502
E01035689,10km to less than 20km,23,43,-20
E01035689,20km to less than 30km,10,8,2
E01035689,2km to less than 5km,84,246,-162
E01035689,30km to less than 40km,3,5,-2
E01035689,40km to less than 60km,1,5,-4
E01035689,5km to less than 10km,54,122,-68
E01035689,60km and over,9,5,4
E01035689,Less than 2km,110,250,-140
E01035689,"Works mainly at an offshore installation, in no fixed place, or outside the UK",65,53,12
E01035689,Works mainly from home,516,62,454
E01035690,10km to less than 20km,37,31,6
E01035690,20km to less than 30km,4,6,-2
E01035690,2km to less than 5km,135,196,-61
E01035690,30km to less than 40km,4,11,-7
E01035690,40km to less than 60km,3,7,-4
E01035690,5km to less than 10km,134,133,1
E01035690,60km and over,9,5,4
E01035690,Less than 2km,84,132,-48
E01035690,"Works mainly at an offshore installation, in no fixed place, or outside the UK",109,56,53
E01035690,Works mainly from home,757,33,724
E01035691,10km to less than 20km,41,47,-6
E01035691,20km to less than 30km,3,4,-1
E01035691,2km to less than 5km,133,300,-167
E01035691,30km to less than 40km,2,5,-3
E01035691,40km to less than 60km,2,14,-12
E01035691,5km to less than 10km,153,212,-59
E01035691,60km and over,6,7,-1
E01035691,Less than 2km,53,231,-178
E01035691,"Works mainly at an offshore installation, in no fixed place, or outside the UK",111,68,43
E01035691,Works mainly from home,797,56,741
E01035692,10km to less than 20km,38,43,-5
E01035692,20km to less than 30km,9,7,2
E01035692,2km to less than 5km,88,114,-26
E01035692,30km to less than 40km,1,3,-2
E01035692,40km to less than 60km,1,1,0
E01035692,5km to less than 10km,102,131,-29
E01035692,60km and over,4,7,-3
E01035692,Less than 2km,62,116,-54
E01035692,"Works mainly at an offshore installation, in no fixed place, or outside the UK",75,50,25
E01035692,Works mainly from home,391,41,350
E01035693,10km to less than 20km,38,21,17
E01035693,20km to less than 30km,1,2,-1
E01035693,2km to less than 5km,88,53,35
E01035693,30km to less than 40km,0,0,0
E01035693,40km to less than 60km,7,5,2
E01035693,5km to less than 10km,88,56,32
E01035693,60km and over,2,6,-4
E01035693,Less than 2km,73,56,17
E01035693,"Works mainly at an offshore installation, in no fixed place, or outside the UK",91,38,53
E01035693,Works mainly from home,457,26,431
E01035694,10km to less than 20km,54,60,-6
E01035694,20km to less than 30km,9,12,-3
E01035694,2km to less than 5km,156,162,-6
E01035694,30km to less than 40km,6,7,-1
E01035694,40km to less than 60km,17,5,12
E01035694,5km to less than 10km,119,171,-52
E01035694,60km and over,8,15,-7
E01035694,Less than 2km,87,174,-87
E01035694,"Works mainly at an offshore installation, in no fixed place, or outside the UK",112,87,25
E01035694,Works mainly from home,405,50,355
E01035695,10km to less than 20km,40,39,1
E01035695,20km to less than 30km,3,6,-3
E01035695,2km to less than 5km,110,157,-47
E01035695,30km to less than 40km,3,6,-3
E01035695,40km to less than 60km,8,6,2
E01035695,5km to less than 10km,100,143,-43
E01035695,60km and over,7,8,-1
E01035695,Less than 2km,76,120,-44
E01035695,"Works mainly at an offshore installation, in no fixed place, or outside the UK",114,67,47
E01035695,Works mainly from home,231,41,190
E01035696,10km to less than 20km,15,16,-1
E01035696,20km to less than 30km,1,7,-6
E01035696,2km to less than 5km,72,165,-93
E01035696,30km to less than 40km,2,7,-5
E01035696,40km to less than 60km,2,5,-3
E01035696,5km to less than 10km,44,70,-26
E01035696,60km and over,2,5,-3
E01035696,Less than 2km,69,171,-102
E01035696,"Works mainly at an offshore installation, in no fixed place, or outside the UK",41,35,6
E01035696,Works mainly from home,563,33,530
E01035697,10km to less than 20km,21,26,-5
E01035697,20km to less than 30km,7,3,4
E01035697,2km to less than 5km,120,182,-62
E01035697,30km to less than 40km,3,4,-1
E01035697,40km to less than 60km,1,2,-1
E01035697,5km to less than 10km,42,68,-26
E01035697,60km and over,5,5,0
E01035697,Less than 2km,123,203,-80
E01035697,"Works mainly at an offshore installation, in no fixed place, or outside the UK",65,46,19
E01035697,Works mainly from home,590,40,550
E01035698,10km to less than 20km,14,41,-27
E01035698,20km to less than 30km,3,3,0
E01035698,2km to less than 5km,29,80,-51
E01035698,30km to less than 40km,0,10,-10
E01035698,40km to less than 60km,0,3,-3
E01035698,5km to less than 10km,51,169,-118
E01035698,60km and over,3,8,-5
E01035698,Less than 2km,54,145,-91
E01035698,"Works mainly at an offshore installation, in no fixed place, or outside the UK",38,33,5
E01035698,Works mainly from home,411,33,378
E01035699,10km to less than 20km,33,20,13
E01035699,20km to less than 30km,5,2,3
E01035699,2km to less than 5km,73,66,7
E01035699,30km to less than 40km,3,2,1
E01035699,40km to less than 60km,4,2,2
E01035699,5km to less than 10km,100,134,-34
E01035699,60km and over,6,8,-2
E01035699,Less than 2km,52,118,-66
E01035699,"Works mainly at an offshore installation, in no fixed place, or outside the UK",68,31,37
E01035699,Works mainly from home,664,24,640
E01035700,10km to less than 20km,51,0,51
E01035700,20km to less than 30km,5,0,5
E01035700,2km to less than 5km,30,0,30
E01035700,30km to less than 40km,0,0,0
E01035700,40km to less than 60km,6,0,6
E01035700,5km to less than 10km,91,0,91
E01035700,60km and over,3,0,3
E01035700,Less than 2km,36,0,36
E01035700,"Works mainly at an offshore installation, in no fixed place, or outside the UK",31,0,31
E01035700,Works mainly from home,657,0,657
E01035701,10km to less than 20km,43,0,43
E01035701,20km to less than 30km,6,0,6
E01035701,2km to less than 5km,38,0,38
E01035701,30km to less than 40km,2,0,2
E01035701,40km to less than 60km,5,0,5
E01035701,5km to less than 10km,85,0,85
E01035701,60km and over,1,0,1
E01035701,Less than 2km,32,0,32
E01035701,"Works mainly at an offshore installation, in no fixed place, or outside the UK",24,0,24
E01035701,Works mainly from home,673,0,673
E01035702,10km to less than 20km,59,75,-16
E01035702,20km to less than 30km,13,16,-3
E01035702,2km to less than 5km,65,29,36
E01035702,30km to less than 40km,5,3,2
E01035702,40km to less than 60km,5,2,3
E01035702,5km to less than 10km,101,300,-199
E01035702,60km and over,3,6,-3
E01035702,Less than 2km,42,177,-135
E01035702,"Works mainly at an offshore installation, in no fixed place, or outside the UK",56,53,3
E01035702,Works mainly from home,463,60,403
E01035703,10km to less than 20km,20,0,20
E01035703,20km to less than 30km,1,0,1
E01035703,2km to less than 5km,21,0,21
E01035703,30km to less than 40km,0,0,0
E01035703,40km to less than 60km,6,0,6
E01035703,5km to less than 10km,75,0,75
E01035703,60km and over,1,0,1
E01035703,Less than 2km,39,0,39
E01035703,"Works mainly at an offshore installation, in no fixed place, or outside the UK",23,0,23
E01035703,Works mainly from home,481,0,481
E01035704,10km to less than 20km,39,40,-1
E01035704,20km to less than 30km,6,5,1
E01035704,2km to less than 5km,48,40,8
E01035704,30km to less than 40km,2,7,-5
E01035704,40km to less than 60km,9,3,6
E01035704,5km to less than 10km,94,167,-73
E01035704,60km and over,3,3,0
E01035704,Less than 2km,71,157,-86
E01035704,"Works mainly at an offshore installation, in no fixed place, or outside the UK",75,37,38
E01035704,Works mainly from home,414,26,388
E01035705,10km to less than 20km,34,70,-36
E01035705,20km to less than 30km,4,5,-1
E01035705,2km to less than 5km,65,59,6
E01035705,30km to less than 40km,4,7,-3
E01035705,40km to less than 60km,4,2,2
E01035705,5km to less than 10km,113,189,-76
E01035705,60km and over,6,2,4
E01035705,Less than 2km,70,147,-77
E01035705,"Works mainly at an offshore installation, in no fixed place, or outside the UK",92,60,32
E01035705,Works mainly from home,273,61,212
E01035706,10km to less than 20km,40,26,14
E01035706,20km to less than 30km,8,3,5
E01035706,2km to less than 5km,35,26,9
E01035706,30km to less than 40km,3,3,0
E01035706,40km to less than 60km,0,2,-2
E01035706,5km to less than 10km,101,99,2
E01035706,60km and over,3,4,-1
E01035706,Less than 2km,38,82,-44
E01035706,"Works mainly at an offshore installation, in no fixed place, or outside the UK",49,20,29
E01035706,Works mainly from home,482,19,463
E01035707,10km to less than 20km,31,56,-25
E01035707,20km to less than 30km,9,18,-9
E01035707,2km to less than 5km,194,618,-424
E01035707,30km to less than 40km,2,2,0
E01035707,40km to less than 60km,2,11,-9
E01035707,5km to less than 10km,77,246,-169
E01035707,60km and over,5,28,-23
E01035707,Less than 2km,95,205,-110
E01035707,"Works mainly at an offshore installation, in no fixed place, or outside the UK",131,130,1
E01035707,Works mainly from home,871,204,667
E01035708,10km to less than 20km,15,0,15
E01035708,20km to less than 30km,1,0,1
E01035708,2km to less than 5km,112,0,112
E01035708,30km to less than 40km,2,0,2
E01035708,40km to less than 60km,0,0,0
E01035708,5km to less than 10km,32,0,32
E01035708,60km and over,9,0,9
E01035708,Less than 2km,68,0,68
E01035708,"Works mainly at an offshore installation, in no fixed place, or outside the UK",63,0,63
E01035708,Works mainly from home,439,0,439
E01035709,10km to less than 20km,16,29,-13
E01035709,20km to less than 30km,1,14,-13
E01035709,2km to less than 5km,101,180,-79
E01035709,30km to less than 40km,1,1,0
E01035709,40km to less than 60km,0,3,-3
E01035709,5km to less than 10km,49,78,-29
E01035709,60km and over,6,8,-2
E01035709,Less than 2km,140,172,-32
E01035709,"Works mainly at an offshore installation, in no fixed place, or outside the UK",95,57,38
E01035709,Works mainly from home,177,52,125
E01035710,10km to less than 20km,24,51,-27
E01035710,20km to less than 30km,3,12,-9
E01035710,2km to less than 5km,133,320,-187
E01035710,30km to less than 40km,0,4,-4
E01035710,40km to less than 60km,0,10,-10
E01035710,5km to less than 10km,56,111,-55
E01035710,60km and over,16,10,6
E01035710,Less than 2km,152,375,-223
E01035710,"Works mainly at an offshore installation, in no fixed place, or outside the UK",146,139,7
E01035710,Works mainly from home,313,120,193
E01035711,10km to less than 20km,22,46,-24
E01035711,20km to less than 30km,5,16,-11
E01035711,2km to less than 5km,75,261,-186
E01035711,30km to less than 40km,2,6,-4
E01035711,40km to less than 60km,5,7,-2
E01035711,5km to less than 10km,41,103,-62
E01035711,60km and over,12,24,-12
E01035711,Less than 2km,119,419,-300
E01035711,"Works mainly at an offshore installation, in no fixed place, or outside the UK",52,118,-66
E01035711,Works mainly from home,433,135,298
E01035712,10km to less than 20km,23,31,-8
E01035712,20km to less than 30km,8,18,-10
E01035712,2km to less than 5km,107,260,-153
E01035712,30km to less than 40km,0,1,-1
E01035712,40km to less than 60km,3,5,-2
E01035712,5km to less than 10km,59,102,-43
E01035712,60km and over,11,11,0
E01035712,Less than 2km,118,346,-228
E01035712,"Works mainly at an offshore installation, in no fixed place, or outside the UK",90,99,-9
E01035712,Works mainly from home,418,133,285
E01035713,10km to less than 20km,15,93,-78
E01035713,20km to less than 30km,1,7,-6
E01035713,2km to less than 5km,104,337,-233
E01035713,30km to less than 40km,3,11,-8
E01035713,40km to less than 60km,0,9,-9
E01035713,5km to less than 10km,67,360,-293
E01035713,60km and over,13,12,1
E01035713,Less than 2km,61,217,-156
E01035713,"Works mainly at an offshore installation, in no fixed place, or outside the UK",88,72,16
E01035713,Works mainly from home,680,250,430
E01035714,10km to less than 20km,14,88,-74
E01035714,20km to less than 30km,0,10,-10
E01035714,2km to less than 5km,112,343,-231
E01035714,30km to less than 40km,0,4,-4
E01035714,40km to less than 60km,0,15,-15
E01035714,5km to less than 10km,69,375,-306
E01035714,60km and over,8,17,-9
E01035714,Less than 2km,60,209,-149
E01035714,"Works mainly at an offshore installation, in no fixed place, or outside the UK",69,73,-4
E01035714,Works mainly from home,665,255,410
E01035715,10km to less than 20km,26,123,-97
E01035715,20km to less than 30km,6,24,-18
E01035715,2km to less than 5km,239,498,-259
E01035715,30km to less than 40km,3,25,-22
E01035715,40km to less than 60km,5,22,-17
E01035715,5km to less than 10km,145,459,-314
E01035715,60km and over,14,19,-5
E01035715,Less than 2km,95,156,-61
E01035715,"Works mainly at an offshore installation, in no fixed place, or outside the UK",134,131,3
E01035715,Works mainly from home,1040,197,843
E01035716,10km to less than 20km,48,46,2
E01035716,20km to less than 30km,6,17,-11
E01035716,2km to less than 5km,118,318,-200
E01035716,30km to less than 40km,1,6,-5
E01035716,40km to less than 60km,0,11,-11
E01035716,5km to less than 10km,61,128,-67
E01035716,60km and over,3,18,-15
E01035716,Less than 2km,210,482,-272
E01035716,"Works mainly at an offshore installation, in no fixed place, or outside the UK",149,112,37
E01035716,Works mainly from home,596,313,283
E01035717,10km to less than 20km,41,76,-35
E01035717,20km to less than 30km,3,9,-6
E01035717,2km to less than 5km,110,421,-311
E01035717,30km to less than 40km,0,18,-18
E01035717,40km to less than 60km,1,46,-45
E01035717,5km to less than 10km,86,398,-312
E01035717,60km and over,0,16,-16
E01035717,Less than 2km,97,166,-69
E01035717,"Works mainly at an offshore installation, in no fixed place, or outside the UK",85,62,23
E01035717,Works mainly from home,683,199,484
E01035718,10km to less than 20km,22,53,-31
E01035718,20km to less than 30km,3,7,-4
E01035718,2km to less than 5km,108,240,-132
E01035718,30km to less than 40km,22,13,9
E01035718,40km to less than 60km,2,4,-2
E01035718,5km to less than 10km,28,170,-142
E01035718,60km and over,2,23,-21
E01035718,Less than 2km,61,284,-223
E01035718,"Works mainly at an offshore installation, in no fixed place, or outside the UK",69,81,-12
E01035718,Works mainly from home,610,302,308
E01035719,10km to less than 20km,16,19,-3
E01035719,20km to less than 30km,4,3,1
E01035719,2km to less than 5km,86,207,-121
E01035719,30km to less than 40km,0,3,-3
E01035719,40km to less than 60km,0,3,-3
E01035719,5km to less than 10km,40,70,-30
E01035719,60km and over,4,10,-6
E01035719,Less than 2km,61,150,-89
E01035719,"Works mainly at an offshore installation, in no fixed place, or outside the UK",51,42,9
E01035719,Works mainly from home,414,77,337
E01035720,10km to less than 20km,7,28,-21
E01035720,20km to less than 30km,1,8,-7
E01035720,2km to less than 5km,124,245,-121
E01035720,30km to less than 40km,3,9,-6
E01035720,40km to less than 60km,2,5,-3
E01035720,5km to less than 10km,73,78,-5
E01035720,60km and over,1,13,-12
E01035720,Less than 2km,55,131,-76
E01035720,"Works mainly at an offshore installation, in no fixed place, or outside the UK",61,45,16
E01035720,Works mainly from home,353,61,292
E01035721,10km to less than 20km,21,54,-33
E01035721,20km to less than 30km,4,11,-7
E01035721,2km to less than 5km,140,449,-309
E01035721,30km to less than 40km,1,8,-7
E01035721,40km to less than 60km,5,8,-3
E01035721,5km to less than 10km,88,251,-163
E01035721,60km and over,5,20,-15
E01035721,Less than 2km,96,295,-199
E01035721,"Works mainly at an offshore installation, in no fixed place, or outside the UK",109,123,-14
E01035721,Works mainly from home,606,198,408
E01035722,10km to less than 20km,11,47,-36
E01035722,20km to less than 30km,2,16,-14
E01035722,2km to less than 5km,189,742,-553
E01035722,30km to less than 40km,3,17,-14
E01035722,40km to less than 60km,3,11,-8
E01035722,5km to less than 10km,74,247,-173
E01035722,60km and over,3,33,-30
E01035722,Less than 2km,84,312,-228
E01035722,"Works mainly at an offshore installation, in no fixed place, or outside the UK",66,97,-31
E01035722,Works mainly from home,747,217,530
