lsoa21cd,category,count_21,count_11,change
E01000001,Full-time: 31 to 48 hours worked,435,424,11
E01000001,Full-time: 49 or more hours worked,264,360,-96
E01000001,Part-time: 15 hours or less worked,85,55,30
E01000001,Part-time: 16 to 30 hours worked,80,87,-7
E01000002,Full-time: 31 to 48 hours worked,431,443,-12
E01000002,Full-time: 49 or more hours worked,318,325,-7
E01000002,Part-time: 15 hours or less worked,52,62,-10
E01000002,Part-time: 16 to 30 hours worked,79,80,-1
E01000003,Full-time: 31 to 48 hours worked,544,414,130
E01000003,Full-time: 49 or more hours worked,246,207,39
E01000003,Part-time: 15 hours or less worked,80,39,41
E01000003,Part-time: 16 to 30 hours worked,130,104,26
E01000005,Full-time: 31 to 48 hours worked,304,271,33
E01000005,Full-time: 49 or more hours worked,65,91,-26
E01000005,Part-time: 15 hours or less worked,57,38,19
E01000005,Part-time: 16 to 30 hours worked,76,76,0
E01000006,Full-time: 31 to 48 hours worked,483,448,35
E01000006,Full-time: 49 or more hours worked,80,90,-10
E01000006,Part-time: 15 hours or less worked,117,73,44
E01000006,Part-time: 16 to 30 hours worked,205,170,35
E01000007,Full-time: 31 to 48 hours worked,868,384,484
E01000007,Full-time: 49 or more hours worked,120,49,71
E01000007,Part-time: 15 hours or less worked,137,49,88
E01000007,Part-time: 16 to 30 hours worked,259,125,134
E01000008,Full-time: 31 to 48 hours worked,339,292,47
E01000008,Full-time: 49 or more hours worked,41,43,-2
E01000008,Part-time: 15 hours or less worked,110,60,50
E01000008,Part-time: 16 to 30 hours worked,155,150,5
E01000009,Full-time: 31 to 48 hours worked,460,478,-18
E01000009,Full-time: 49 or more hours worked,73,64,9
E01000009,Part-time: 15 hours or less worked,98,78,20
E01000009,Part-time: 16 to 30 hours worked,152,149,3
E01000011,Full-time: 31 to 48 hours worked,357,377,-20
E01000011,Full-time: 49 or more hours worked,88,47,41
E01000011,Part-time: 15 hours or less worked,104,89,15
E01000011,Part-time: 16 to 30 hours worked,187,178,9
E01000012,Full-time: 31 to 48 hours worked,491,438,53
E01000012,Full-time: 49 or more hours worked,72,85,-13
E01000012,Part-time: 15 hours or less worked,108,66,42
E01000012,Part-time: 16 to 30 hours worked,231,180,51
E01000013,Full-time: 31 to 48 hours worked,482,481,1
E01000013,Full-time: 49 or more hours worked,67,78,-11
E01000013,Part-time: 15 hours or less worked,80,77,3
E01000013,Part-time: 16 to 30 hours worked,175,164,11
E01000014,Full-time: 31 to 48 hours worked,466,352,114
E01000014,Full-time: 49 or more hours worked,71,57,14
E01000014,Part-time: 15 hours or less worked,85,52,33
E01000014,Part-time: 16 to 30 hours worked,171,104,67
E01000015,Full-time: 31 to 48 hours worked,624,544,80
E01000015,Full-time: 49 or more hours worked,88,80,8
E01000015,Part-time: 15 hours or less worked,105,76,29
E01000015,Part-time: 16 to 30 hours worked,246,185,61
E01000016,Full-time: 31 to 48 hours worked,538,412,126
E01000016,Full-time: 49 or more hours worked,76,55,21
E01000016,Part-time: 15 hours or less worked,88,62,26
E01000016,Part-time: 16 to 30 hours worked,164,149,15
E01000017,Full-time: 31 to 48 hours worked,457,414,43
E01000017,Full-time: 49 or more hours worked,72,57,15
E01000017,Part-time: 15 hours or less worked,80,44,36
E01000017,Part-time: 16 to 30 hours worked,144,127,17
E01000018,Full-time: 31 to 48 hours worked,486,399,87
E01000018,Full-time: 49 or more hours worked,83,50,33
E01000018,Part-time: 15 hours or less worked,77,55,22
E01000018,Part-time: 16 to 30 hours worked,188,140,48
E01000019,Full-time: 31 to 48 hours worked,361,337,24
E01000019,Full-time: 49 or more hours worked,64,51,13
E01000019,Part-time: 15 hours or less worked,80,57,23
E01000019,Part-time: 16 to 30 hours worked,183,113,70
E01000020,Full-time: 31 to 48 hours worked,514,471,43
E01000020,Full-time: 49 or more hours worked,70,55,15
E01000020,Part-time: 15 hours or less worked,122,68,54
E01000020,Part-time: 16 to 30 hours worked,187,118,69
E01000021,Full-time: 31 to 48 hours worked,382,398,-16
E01000021,Full-time: 49 or more hours worked,51,42,9
E01000021,Part-time: 15 hours or less worked,92,53,39
E01000021,Part-time: 16 to 30 hours worked,159,121,38
E01000022,Full-time: 31 to 48 hours worked,341,315,26
E01000022,Full-time: 49 or more hours worked,59,52,7
E01000022,Part-time: 15 hours or less worked,81,60,21
E01000022,Part-time: 16 to 30 hours worked,162,105,57
E01000024,Full-time: 31 to 48 hours worked,375,327,48
E01000024,Full-time: 49 or more hours worked,47,45,2
E01000024,Part-time: 15 hours or less worked,81,51,30
E01000024,Part-time: 16 to 30 hours worked,123,111,12
E01000025,Full-time: 31 to 48 hours worked,499,400,99
E01000025,Full-time: 49 or more hours worked,65,82,-17
E01000025,Part-time: 15 hours or less worked,104,58,46
E01000025,Part-time: 16 to 30 hours worked,170,138,32
E01000027,Full-time: 31 to 48 hours worked,466,393,73
E01000027,Full-time: 49 or more hours worked,70,60,10
E01000027,Part-time: 15 hours or less worked,106,46,60
E01000027,Part-time: 16 to 30 hours worked,162,135,27
E01000028,Full-time: 31 to 48 hours worked,397,340,57
E01000028,Full-time: 49 or more hours worked,45,43,2
E01000028,Part-time: 15 hours or less worked,85,42,43
E01000028,Part-time: 16 to 30 hours worked,159,110,49
E01000029,Full-time: 31 to 48 hours worked,475,393,82
E01000029,Full-time: 49 or more hours worked,54,53,1
E01000029,Part-time: 15 hours or less worked,95,66,29
E01000029,Part-time: 16 to 30 hours worked,149,124,25
E01000030,Full-time: 31 to 48 hours worked,552,413,139
E01000030,Full-time: 49 or more hours worked,87,47,40
E01000030,Part-time: 15 hours or less worked,126,41,85
E01000030,Part-time: 16 to 30 hours worked,210,164,46
E01000031,Full-time: 31 to 48 hours worked,458,482,-24
E01000031,Full-time: 49 or more hours worked,67,76,-9
E01000031,Part-time: 15 hours or less worked,99,59,40
E01000031,Part-time: 16 to 30 hours worked,168,111,57
E01000032,Full-time: 31 to 48 hours worked,521,426,95
E01000032,Full-time: 49 or more hours worked,77,86,-9
E01000032,Part-time: 15 hours or less worked,99,62,37
E01000032,Part-time: 16 to 30 hours worked,188,144,44
E01000033,Full-time: 31 to 48 hours worked,336,297,39
E01000033,Full-time: 49 or more hours worked,51,56,-5
E01000033,Part-time: 15 hours or less worked,70,49,21
E01000033,Part-time: 16 to 30 hours worked,131,110,21
E01000034,Full-time: 31 to 48 hours worked,412,359,53
E01000034,Full-time: 49 or more hours worked,58,58,0
E01000034,Part-time: 15 hours or less worked,61,49,12
E01000034,Part-time: 16 to 30 hours worked,122,93,29
E01000035,Full-time: 31 to 48 hours worked,502,416,86
E01000035,Full-time: 49 or more hours worked,68,69,-1
E01000035,Part-time: 15 hours or less worked,92,68,24
E01000035,Part-time: 16 to 30 hours worked,159,131,28
E01000036,Full-time: 31 to 48 hours worked,439,417,22
E01000036,Full-time: 49 or more hours worked,61,62,-1
E01000036,Part-time: 15 hours or less worked,89,54,35
E01000036,Part-time: 16 to 30 hours worked,106,110,-4
E01000037,Full-time: 31 to 48 hours worked,534,573,-39
E01000037,Full-time: 49 or more hours worked,91,93,-2
E01000037,Part-time: 15 hours or less worked,75,78,-3
E01000037,Part-time: 16 to 30 hours worked,161,146,15
E01000038,Full-time: 31 to 48 hours worked,492,403,89
E01000038,Full-time: 49 or more hours worked,78,64,14
E01000038,Part-time: 15 hours or less worked,68,71,-3
E01000038,Part-time: 16 to 30 hours worked,143,112,31
E01000039,Full-time: 31 to 48 hours worked,515,487,28
E01000039,Full-time: 49 or more hours worked,90,85,5
E01000039,Part-time: 15 hours or less worked,69,54,15
E01000039,Part-time: 16 to 30 hours worked,145,122,23
E01000040,Full-time: 31 to 48 hours worked,410,369,41
E01000040,Full-time: 49 or more hours worked,61,70,-9
E01000040,Part-time: 15 hours or less worked,96,65,31
E01000040,Part-time: 16 to 30 hours worked,170,133,37
E01000041,Full-time: 31 to 48 hours worked,502,455,47
E01000041,Full-time: 49 or more hours worked,76,64,12
E01000041,Part-time: 15 hours or less worked,85,60,25
E01000041,Part-time: 16 to 30 hours worked,162,104,58
E01000042,Full-time: 31 to 48 hours worked,427,370,57
E01000042,Full-time: 49 or more hours worked,47,49,-2
E01000042,Part-time: 15 hours or less worked,84,44,40
E01000042,Part-time: 16 to 30 hours worked,152,147,5
E01000043,Full-time: 31 to 48 hours worked,391,307,84
E01000043,Full-time: 49 or more hours worked,66,46,20
E01000043,Part-time: 15 hours or less worked,99,48,51
E01000043,Part-time: 16 to 30 hours worked,147,118,29
E01000044,Full-time: 31 to 48 hours worked,514,463,51
E01000044,Full-time: 49 or more hours worked,86,63,23
E01000044,Part-time: 15 hours or less worked,110,63,47
E01000044,Part-time: 16 to 30 hours worked,189,180,9
E01000045,Full-time: 31 to 48 hours worked,394,422,-28
E01000045,Full-time: 49 or more hours worked,87,52,35
E01000045,Part-time: 15 hours or less worked,83,52,31
E01000045,Part-time: 16 to 30 hours worked,164,138,26
E01000046,Full-time: 31 to 48 hours worked,525,444,81
E01000046,Full-time: 49 or more hours worked,85,76,9
E01000046,Part-time: 15 hours or less worked,85,63,22
E01000046,Part-time: 16 to 30 hours worked,164,155,9
E01000049,Full-time: 31 to 48 hours worked,356,310,46
E01000049,Full-time: 49 or more hours worked,65,47,18
E01000049,Part-time: 15 hours or less worked,95,71,24
E01000049,Part-time: 16 to 30 hours worked,161,144,17
E01000050,Full-time: 31 to 48 hours worked,479,331,148
E01000050,Full-time: 49 or more hours worked,83,60,23
E01000050,Part-time: 15 hours or less worked,91,53,38
E01000050,Part-time: 16 to 30 hours worked,160,126,34
E01000051,Full-time: 31 to 48 hours worked,381,323,58
E01000051,Full-time: 49 or more hours worked,42,43,-1
E01000051,Part-time: 15 hours or less worked,41,65,-24
E01000051,Part-time: 16 to 30 hours worked,105,150,-45
E01000052,Full-time: 31 to 48 hours worked,508,506,2
E01000052,Full-time: 49 or more hours worked,100,87,13
E01000052,Part-time: 15 hours or less worked,120,91,29
E01000052,Part-time: 16 to 30 hours worked,240,174,66
E01000053,Full-time: 31 to 48 hours worked,397,428,-31
E01000053,Full-time: 49 or more hours worked,70,54,16
E01000053,Part-time: 15 hours or less worked,69,36,33
E01000053,Part-time: 16 to 30 hours worked,156,99,57
E01000054,Full-time: 31 to 48 hours worked,512,424,88
E01000054,Full-time: 49 or more hours worked,75,62,13
E01000054,Part-time: 15 hours or less worked,74,59,15
E01000054,Part-time: 16 to 30 hours worked,160,149,11
E01000055,Full-time: 31 to 48 hours worked,424,424,0
E01000055,Full-time: 49 or more hours worked,70,63,7
E01000055,Part-time: 15 hours or less worked,88,63,25
E01000055,Part-time: 16 to 30 hours worked,173,114,59
E01000056,Full-time: 31 to 48 hours worked,414,374,40
E01000056,Full-time: 49 or more hours worked,58,48,10
E01000056,Part-time: 15 hours or less worked,74,52,22
E01000056,Part-time: 16 to 30 hours worked,159,135,24
E01000057,Full-time: 31 to 48 hours worked,374,372,2
E01000057,Full-time: 49 or more hours worked,58,67,-9
E01000057,Part-time: 15 hours or less worked,77,39,38
E01000057,Part-time: 16 to 30 hours worked,143,117,26
E01000058,Full-time: 31 to 48 hours worked,520,506,14
E01000058,Full-time: 49 or more hours worked,63,67,-4
E01000058,Part-time: 15 hours or less worked,128,67,61
E01000058,Part-time: 16 to 30 hours worked,215,156,59
E01000059,Full-time: 31 to 48 hours worked,482,400,82
E01000059,Full-time: 49 or more hours worked,68,52,16
E01000059,Part-time: 15 hours or less worked,65,50,15
E01000059,Part-time: 16 to 30 hours worked,172,119,53
E01000060,Full-time: 31 to 48 hours worked,468,425,43
E01000060,Full-time: 49 or more hours worked,69,58,11
E01000060,Part-time: 15 hours or less worked,116,67,49
E01000060,Part-time: 16 to 30 hours worked,216,135,81
E01000061,Full-time: 31 to 48 hours worked,448,361,87
E01000061,Full-time: 49 or more hours worked,69,55,14
E01000061,Part-time: 15 hours or less worked,91,51,40
E01000061,Part-time: 16 to 30 hours worked,152,124,28
E01000062,Full-time: 31 to 48 hours worked,599,498,101
E01000062,Full-time: 49 or more hours worked,80,66,14
E01000062,Part-time: 15 hours or less worked,138,73,65
E01000062,Part-time: 16 to 30 hours worked,205,133,72
E01000063,Full-time: 31 to 48 hours worked,469,411,58
E01000063,Full-time: 49 or more hours worked,77,65,12
E01000063,Part-time: 15 hours or less worked,84,46,38
E01000063,Part-time: 16 to 30 hours worked,171,139,32
E01000064,Full-time: 31 to 48 hours worked,614,461,153
E01000064,Full-time: 49 or more hours worked,96,72,24
E01000064,Part-time: 15 hours or less worked,105,66,39
E01000064,Part-time: 16 to 30 hours worked,209,155,54
E01000065,Full-time: 31 to 48 hours worked,467,395,72
E01000065,Full-time: 49 or more hours worked,59,70,-11
E01000065,Part-time: 15 hours or less worked,110,64,46
E01000065,Part-time: 16 to 30 hours worked,176,132,44
E01000066,Full-time: 31 to 48 hours worked,553,506,47
E01000066,Full-time: 49 or more hours worked,70,70,0
E01000066,Part-time: 15 hours or less worked,142,71,71
E01000066,Part-time: 16 to 30 hours worked,208,155,53
E01000067,Full-time: 31 to 48 hours worked,526,487,39
E01000067,Full-time: 49 or more hours worked,61,73,-12
E01000067,Part-time: 15 hours or less worked,132,84,48
E01000067,Part-time: 16 to 30 hours worked,211,180,31
E01000068,Full-time: 31 to 48 hours worked,481,428,53
E01000068,Full-time: 49 or more hours worked,70,86,-16
E01000068,Part-time: 15 hours or less worked,130,78,52
E01000068,Part-time: 16 to 30 hours worked,169,147,22
E01000069,Full-time: 31 to 48 hours worked,601,589,12
E01000069,Full-time: 49 or more hours worked,66,96,-30
E01000069,Part-time: 15 hours or less worked,120,95,25
E01000069,Part-time: 16 to 30 hours worked,228,188,40
E01000070,Full-time: 31 to 48 hours worked,544,415,129
E01000070,Full-time: 49 or more hours worked,78,72,6
E01000070,Part-time: 15 hours or less worked,99,68,31
E01000070,Part-time: 16 to 30 hours worked,167,118,49
E01000071,Full-time: 31 to 48 hours worked,720,589,131
E01000071,Full-time: 49 or more hours worked,102,107,-5
E01000071,Part-time: 15 hours or less worked,144,82,62
E01000071,Part-time: 16 to 30 hours worked,245,195,50
E01000072,Full-time: 31 to 48 hours worked,488,475,13
E01000072,Full-time: 49 or more hours worked,94,57,37
E01000072,Part-time: 15 hours or less worked,97,61,36
E01000072,Part-time: 16 to 30 hours worked,194,132,62
E01000073,Full-time: 31 to 48 hours worked,460,406,54
E01000073,Full-time: 49 or more hours worked,68,50,18
E01000073,Part-time: 15 hours or less worked,99,51,48
E01000073,Part-time: 16 to 30 hours worked,160,145,15
E01000074,Full-time: 31 to 48 hours worked,435,369,66
E01000074,Full-time: 49 or more hours worked,63,78,-15
E01000074,Part-time: 15 hours or less worked,90,48,42
E01000074,Part-time: 16 to 30 hours worked,165,146,19
E01000075,Full-time: 31 to 48 hours worked,540,421,119
E01000075,Full-time: 49 or more hours worked,85,63,22
E01000075,Part-time: 15 hours or less worked,112,56,56
E01000075,Part-time: 16 to 30 hours worked,218,138,80
E01000076,Full-time: 31 to 48 hours worked,500,461,39
E01000076,Full-time: 49 or more hours worked,81,74,7
E01000076,Part-time: 15 hours or less worked,89,73,16
E01000076,Part-time: 16 to 30 hours worked,183,132,51
E01000077,Full-time: 31 to 48 hours worked,407,383,24
E01000077,Full-time: 49 or more hours worked,65,49,16
E01000077,Part-time: 15 hours or less worked,92,58,34
E01000077,Part-time: 16 to 30 hours worked,148,118,30
E01000078,Full-time: 31 to 48 hours worked,473,390,83
E01000078,Full-time: 49 or more hours worked,53,48,5
E01000078,Part-time: 15 hours or less worked,97,43,54
E01000078,Part-time: 16 to 30 hours worked,157,130,27
E01000079,Full-time: 31 to 48 hours worked,426,334,92
E01000079,Full-time: 49 or more hours worked,62,69,-7
E01000079,Part-time: 15 hours or less worked,64,52,12
E01000079,Part-time: 16 to 30 hours worked,167,120,47
E01000080,Full-time: 31 to 48 hours worked,496,364,132
E01000080,Full-time: 49 or more hours worked,74,58,16
E01000080,Part-time: 15 hours or less worked,83,47,36
E01000080,Part-time: 16 to 30 hours worked,176,143,33
E01000081,Full-time: 31 to 48 hours worked,515,444,71
E01000081,Full-time: 49 or more hours worked,71,72,-1
E01000081,Part-time: 15 hours or less worked,95,58,37
E01000081,Part-time: 16 to 30 hours worked,204,127,77
E01000082,Full-time: 31 to 48 hours worked,489,417,72
E01000082,Full-time: 49 or more hours worked,89,63,26
E01000082,Part-time: 15 hours or less worked,105,57,48
E01000082,Part-time: 16 to 30 hours worked,172,133,39
E01000083,Full-time: 31 to 48 hours worked,437,410,27
E01000083,Full-time: 49 or more hours worked,72,61,11
E01000083,Part-time: 15 hours or less worked,102,61,41
E01000083,Part-time: 16 to 30 hours worked,164,139,25
E01000084,Full-time: 31 to 48 hours worked,367,316,51
E01000084,Full-time: 49 or more hours worked,69,60,9
E01000084,Part-time: 15 hours or less worked,69,64,5
E01000084,Part-time: 16 to 30 hours worked,129,121,8
E01000085,Full-time: 31 to 48 hours worked,442,373,69
E01000085,Full-time: 49 or more hours worked,63,64,-1
E01000085,Part-time: 15 hours or less worked,84,48,36
E01000085,Part-time: 16 to 30 hours worked,142,145,-3
E01000086,Full-time: 31 to 48 hours worked,392,387,5
E01000086,Full-time: 49 or more hours worked,68,57,11
E01000086,Part-time: 15 hours or less worked,60,53,7
E01000086,Part-time: 16 to 30 hours worked,121,105,16
E01000087,Full-time: 31 to 48 hours worked,410,343,67
E01000087,Full-time: 49 or more hours worked,53,55,-2
E01000087,Part-time: 15 hours or less worked,80,41,39
E01000087,Part-time: 16 to 30 hours worked,157,120,37
E01000088,Full-time: 31 to 48 hours worked,456,471,-15
E01000088,Full-time: 49 or more hours worked,72,63,9
E01000088,Part-time: 15 hours or less worked,100,67,33
E01000088,Part-time: 16 to 30 hours worked,177,152,25
E01000089,Full-time: 31 to 48 hours worked,429,429,0
E01000089,Full-time: 49 or more hours worked,56,77,-21
E01000089,Part-time: 15 hours or less worked,97,62,35
E01000089,Part-time: 16 to 30 hours worked,196,154,42
E01000090,Full-time: 31 to 48 hours worked,414,403,11
E01000090,Full-time: 49 or more hours worked,48,63,-15
E01000090,Part-time: 15 hours or less worked,94,59,35
E01000090,Part-time: 16 to 30 hours worked,177,139,38
E01000091,Full-time: 31 to 48 hours worked,446,366,80
E01000091,Full-time: 49 or more hours worked,61,55,6
E01000091,Part-time: 15 hours or less worked,104,48,56
E01000091,Part-time: 16 to 30 hours worked,193,116,77
E01000093,Full-time: 31 to 48 hours worked,399,340,59
E01000093,Full-time: 49 or more hours worked,51,51,0
E01000093,Part-time: 15 hours or less worked,75,63,12
E01000093,Part-time: 16 to 30 hours worked,166,122,44
E01000094,Full-time: 31 to 48 hours worked,704,399,305
E01000094,Full-time: 49 or more hours worked,80,54,26
E01000094,Part-time: 15 hours or less worked,99,51,48
E01000094,Part-time: 16 to 30 hours worked,235,122,113
E01000095,Full-time: 31 to 48 hours worked,587,422,165
E01000095,Full-time: 49 or more hours worked,78,58,20
E01000095,Part-time: 15 hours or less worked,101,60,41
E01000095,Part-time: 16 to 30 hours worked,189,131,58
E01000096,Full-time: 31 to 48 hours worked,358,348,10
E01000096,Full-time: 49 or more hours worked,43,60,-17
E01000096,Part-time: 15 hours or less worked,68,75,-7
E01000096,Part-time: 16 to 30 hours worked,136,136,0
E01000097,Full-time: 31 to 48 hours worked,469,368,101
E01000097,Full-time: 49 or more hours worked,72,60,12
E01000097,Part-time: 15 hours or less worked,85,65,20
E01000097,Part-time: 16 to 30 hours worked,169,149,20
E01000098,Full-time: 31 to 48 hours worked,453,413,40
E01000098,Full-time: 49 or more hours worked,62,75,-13
E01000098,Part-time: 15 hours or less worked,96,68,28
E01000098,Part-time: 16 to 30 hours worked,179,123,56
E01000099,Full-time: 31 to 48 hours worked,815,439,376
E01000099,Full-time: 49 or more hours worked,106,72,34
E01000099,Part-time: 15 hours or less worked,148,66,82
E01000099,Part-time: 16 to 30 hours worked,231,149,82
E01000100,Full-time: 31 to 48 hours worked,487,411,76
E01000100,Full-time: 49 or more hours worked,61,51,10
E01000100,Part-time: 15 hours or less worked,94,66,28
E01000100,Part-time: 16 to 30 hours worked,171,112,59
E01000101,Full-time: 31 to 48 hours worked,407,389,18
E01000101,Full-time: 49 or more hours worked,78,74,4
E01000101,Part-time: 15 hours or less worked,89,66,23
E01000101,Part-time: 16 to 30 hours worked,163,117,46
E01000102,Full-time: 31 to 48 hours worked,415,404,11
E01000102,Full-time: 49 or more hours worked,48,57,-9
E01000102,Part-time: 15 hours or less worked,92,47,45
E01000102,Part-time: 16 to 30 hours worked,195,108,87
E01000103,Full-time: 31 to 48 hours worked,509,413,96
E01000103,Full-time: 49 or more hours worked,57,56,1
E01000103,Part-time: 15 hours or less worked,77,62,15
E01000103,Part-time: 16 to 30 hours worked,165,139,26
E01000104,Full-time: 31 to 48 hours worked,509,428,81
E01000104,Full-time: 49 or more hours worked,67,63,4
E01000104,Part-time: 15 hours or less worked,90,63,27
E01000104,Part-time: 16 to 30 hours worked,152,124,28
E01000105,Full-time: 31 to 48 hours worked,600,505,95
E01000105,Full-time: 49 or more hours worked,103,82,21
E01000105,Part-time: 15 hours or less worked,98,57,41
E01000105,Part-time: 16 to 30 hours worked,217,140,77
E01000106,Full-time: 31 to 48 hours worked,497,487,10
E01000106,Full-time: 49 or more hours worked,85,73,12
E01000106,Part-time: 15 hours or less worked,78,54,24
E01000106,Part-time: 16 to 30 hours worked,202,137,65
E01000107,Full-time: 31 to 48 hours worked,430,424,6
E01000107,Full-time: 49 or more hours worked,78,61,17
E01000107,Part-time: 15 hours or less worked,84,65,19
E01000107,Part-time: 16 to 30 hours worked,149,143,6
E01000108,Full-time: 31 to 48 hours worked,497,486,11
E01000108,Full-time: 49 or more hours worked,97,62,35
E01000108,Part-time: 15 hours or less worked,88,57,31
E01000108,Part-time: 16 to 30 hours worked,172,141,31
E01000110,Full-time: 31 to 48 hours worked,431,411,20
E01000110,Full-time: 49 or more hours worked,57,80,-23
E01000110,Part-time: 15 hours or less worked,103,54,49
E01000110,Part-time: 16 to 30 hours worked,151,126,25
E01000111,Full-time: 31 to 48 hours worked,597,455,142
E01000111,Full-time: 49 or more hours worked,64,76,-12
E01000111,Part-time: 15 hours or less worked,105,67,38
E01000111,Part-time: 16 to 30 hours worked,195,159,36
E01000112,Full-time: 31 to 48 hours worked,530,550,-20
E01000112,Full-time: 49 or more hours worked,102,100,2
E01000112,Part-time: 15 hours or less worked,123,75,48
E01000112,Part-time: 16 to 30 hours worked,166,151,15
E01000113,Full-time: 31 to 48 hours worked,538,482,56
E01000113,Full-time: 49 or more hours worked,97,79,18
E01000113,Part-time: 15 hours or less worked,104,75,29
E01000113,Part-time: 16 to 30 hours worked,207,134,73
E01000114,Full-time: 31 to 48 hours worked,614,565,49
E01000114,Full-time: 49 or more hours worked,86,90,-4
E01000114,Part-time: 15 hours or less worked,101,88,13
E01000114,Part-time: 16 to 30 hours worked,238,152,86
E01000115,Full-time: 31 to 48 hours worked,368,362,6
E01000115,Full-time: 49 or more hours worked,91,105,-14
E01000115,Part-time: 15 hours or less worked,90,88,2
E01000115,Part-time: 16 to 30 hours worked,127,149,-22
E01000116,Full-time: 31 to 48 hours worked,482,493,-11
E01000116,Full-time: 49 or more hours worked,82,105,-23
E01000116,Part-time: 15 hours or less worked,90,101,-11
E01000116,Part-time: 16 to 30 hours worked,175,167,8
E01000117,Full-time: 31 to 48 hours worked,453,523,-70
E01000117,Full-time: 49 or more hours worked,103,120,-17
E01000117,Part-time: 15 hours or less worked,94,88,6
E01000117,Part-time: 16 to 30 hours worked,166,148,18
E01000118,Full-time: 31 to 48 hours worked,579,544,35
E01000118,Full-time: 49 or more hours worked,115,116,-1
E01000118,Part-time: 15 hours or less worked,112,96,16
E01000118,Part-time: 16 to 30 hours worked,190,203,-13
E01000119,Full-time: 31 to 48 hours worked,464,460,4
E01000119,Full-time: 49 or more hours worked,113,116,-3
E01000119,Part-time: 15 hours or less worked,97,72,25
E01000119,Part-time: 16 to 30 hours worked,170,146,24
E01000120,Full-time: 31 to 48 hours worked,402,384,18
E01000120,Full-time: 49 or more hours worked,101,104,-3
E01000120,Part-time: 15 hours or less worked,75,65,10
E01000120,Part-time: 16 to 30 hours worked,131,142,-11
E01000121,Full-time: 31 to 48 hours worked,335,301,34
E01000121,Full-time: 49 or more hours worked,56,64,-8
E01000121,Part-time: 15 hours or less worked,97,60,37
E01000121,Part-time: 16 to 30 hours worked,142,118,24
E01000122,Full-time: 31 to 48 hours worked,407,441,-34
E01000122,Full-time: 49 or more hours worked,86,116,-30
E01000122,Part-time: 15 hours or less worked,89,55,34
E01000122,Part-time: 16 to 30 hours worked,159,134,25
E01000123,Full-time: 31 to 48 hours worked,581,545,36
E01000123,Full-time: 49 or more hours worked,95,106,-11
E01000123,Part-time: 15 hours or less worked,100,93,7
E01000123,Part-time: 16 to 30 hours worked,199,156,43
E01000124,Full-time: 31 to 48 hours worked,478,477,1
E01000124,Full-time: 49 or more hours worked,95,98,-3
E01000124,Part-time: 15 hours or less worked,113,73,40
E01000124,Part-time: 16 to 30 hours worked,184,137,47
E01000126,Full-time: 31 to 48 hours worked,591,495,96
E01000126,Full-time: 49 or more hours worked,99,86,13
E01000126,Part-time: 15 hours or less worked,131,100,31
E01000126,Part-time: 16 to 30 hours worked,198,194,4
E01000127,Full-time: 31 to 48 hours worked,387,399,-12
E01000127,Full-time: 49 or more hours worked,60,73,-13
E01000127,Part-time: 15 hours or less worked,83,60,23
E01000127,Part-time: 16 to 30 hours worked,161,135,26
E01000128,Full-time: 31 to 48 hours worked,526,496,30
E01000128,Full-time: 49 or more hours worked,95,76,19
E01000128,Part-time: 15 hours or less worked,108,75,33
E01000128,Part-time: 16 to 30 hours worked,189,163,26
E01000129,Full-time: 31 to 48 hours worked,403,393,10
E01000129,Full-time: 49 or more hours worked,80,65,15
E01000129,Part-time: 15 hours or less worked,94,73,21
E01000129,Part-time: 16 to 30 hours worked,147,192,-45
E01000130,Full-time: 31 to 48 hours worked,494,433,61
E01000130,Full-time: 49 or more hours worked,109,68,41
E01000130,Part-time: 15 hours or less worked,129,65,64
E01000130,Part-time: 16 to 30 hours worked,194,158,36
E01000131,Full-time: 31 to 48 hours worked,562,493,69
E01000131,Full-time: 49 or more hours worked,110,88,22
E01000131,Part-time: 15 hours or less worked,109,74,35
E01000131,Part-time: 16 to 30 hours worked,186,181,5
E01000132,Full-time: 31 to 48 hours worked,442,379,63
E01000132,Full-time: 49 or more hours worked,59,64,-5
E01000132,Part-time: 15 hours or less worked,74,54,20
E01000132,Part-time: 16 to 30 hours worked,158,134,24
E01000133,Full-time: 31 to 48 hours worked,401,382,19
E01000133,Full-time: 49 or more hours worked,67,75,-8
E01000133,Part-time: 15 hours or less worked,87,61,26
E01000133,Part-time: 16 to 30 hours worked,179,130,49
E01000134,Full-time: 31 to 48 hours worked,466,432,34
E01000134,Full-time: 49 or more hours worked,70,70,0
E01000134,Part-time: 15 hours or less worked,97,75,22
E01000134,Part-time: 16 to 30 hours worked,174,167,7
E01000135,Full-time: 31 to 48 hours worked,398,347,51
E01000135,Full-time: 49 or more hours worked,149,147,2
E01000135,Part-time: 15 hours or less worked,106,96,10
E01000135,Part-time: 16 to 30 hours worked,128,123,5
E01000136,Full-time: 31 to 48 hours worked,299,343,-44
E01000136,Full-time: 49 or more hours worked,158,183,-25
E01000136,Part-time: 15 hours or less worked,103,69,34
E01000136,Part-time: 16 to 30 hours worked,104,109,-5
E01000137,Full-time: 31 to 48 hours worked,368,401,-33
E01000137,Full-time: 49 or more hours worked,68,83,-15
E01000137,Part-time: 15 hours or less worked,89,50,39
E01000137,Part-time: 16 to 30 hours worked,162,148,14
E01000138,Full-time: 31 to 48 hours worked,399,364,35
E01000138,Full-time: 49 or more hours worked,78,94,-16
E01000138,Part-time: 15 hours or less worked,117,69,48
E01000138,Part-time: 16 to 30 hours worked,168,137,31
E01000139,Full-time: 31 to 48 hours worked,387,385,2
E01000139,Full-time: 49 or more hours worked,128,158,-30
E01000139,Part-time: 15 hours or less worked,94,78,16
E01000139,Part-time: 16 to 30 hours worked,111,121,-10
E01000140,Full-time: 31 to 48 hours worked,528,444,84
E01000140,Full-time: 49 or more hours worked,207,160,47
E01000140,Part-time: 15 hours or less worked,114,80,34
E01000140,Part-time: 16 to 30 hours worked,186,158,28
E01000141,Full-time: 31 to 48 hours worked,558,669,-111
E01000141,Full-time: 49 or more hours worked,110,143,-33
E01000141,Part-time: 15 hours or less worked,133,96,37
E01000141,Part-time: 16 to 30 hours worked,195,234,-39
E01000142,Full-time: 31 to 48 hours worked,577,710,-133
E01000142,Full-time: 49 or more hours worked,124,167,-43
E01000142,Part-time: 15 hours or less worked,158,105,53
E01000142,Part-time: 16 to 30 hours worked,217,231,-14
E01000143,Full-time: 31 to 48 hours worked,421,314,107
E01000143,Full-time: 49 or more hours worked,62,77,-15
E01000143,Part-time: 15 hours or less worked,91,64,27
E01000143,Part-time: 16 to 30 hours worked,176,136,40
E01000144,Full-time: 31 to 48 hours worked,419,425,-6
E01000144,Full-time: 49 or more hours worked,128,176,-48
E01000144,Part-time: 15 hours or less worked,123,91,32
E01000144,Part-time: 16 to 30 hours worked,146,147,-1
E01000145,Full-time: 31 to 48 hours worked,325,312,13
E01000145,Full-time: 49 or more hours worked,84,113,-29
E01000145,Part-time: 15 hours or less worked,114,69,45
E01000145,Part-time: 16 to 30 hours worked,133,131,2
E01000146,Full-time: 31 to 48 hours worked,550,552,-2
E01000146,Full-time: 49 or more hours worked,160,139,21
E01000146,Part-time: 15 hours or less worked,142,98,44
E01000146,Part-time: 16 to 30 hours worked,170,153,17
E01000147,Full-time: 31 to 48 hours worked,568,513,55
E01000147,Full-time: 49 or more hours worked,120,98,22
E01000147,Part-time: 15 hours or less worked,114,66,48
E01000147,Part-time: 16 to 30 hours worked,164,171,-7
E01000150,Full-time: 31 to 48 hours worked,657,586,71
E01000150,Full-time: 49 or more hours worked,119,125,-6
E01000150,Part-time: 15 hours or less worked,152,96,56
E01000150,Part-time: 16 to 30 hours worked,215,213,2
E01000151,Full-time: 31 to 48 hours worked,287,329,-42
E01000151,Full-time: 49 or more hours worked,48,45,3
E01000151,Part-time: 15 hours or less worked,85,63,22
E01000151,Part-time: 16 to 30 hours worked,167,150,17
E01000152,Full-time: 31 to 48 hours worked,801,321,480
E01000152,Full-time: 49 or more hours worked,128,37,91
E01000152,Part-time: 15 hours or less worked,163,70,93
E01000152,Part-time: 16 to 30 hours worked,225,179,46
E01000153,Full-time: 31 to 48 hours worked,451,328,123
E01000153,Full-time: 49 or more hours worked,61,31,30
E01000153,Part-time: 15 hours or less worked,124,76,48
E01000153,Part-time: 16 to 30 hours worked,190,143,47
E01000154,Full-time: 31 to 48 hours worked,533,335,198
E01000154,Full-time: 49 or more hours worked,94,55,39
E01000154,Part-time: 15 hours or less worked,116,45,71
E01000154,Part-time: 16 to 30 hours worked,153,118,35
E01000156,Full-time: 31 to 48 hours worked,574,574,0
E01000156,Full-time: 49 or more hours worked,157,169,-12
E01000156,Part-time: 15 hours or less worked,107,85,22
E01000156,Part-time: 16 to 30 hours worked,166,175,-9
E01000157,Full-time: 31 to 48 hours worked,443,531,-88
E01000157,Full-time: 49 or more hours worked,96,113,-17
E01000157,Part-time: 15 hours or less worked,99,73,26
E01000157,Part-time: 16 to 30 hours worked,169,121,48
E01000158,Full-time: 31 to 48 hours worked,399,512,-113
E01000158,Full-time: 49 or more hours worked,97,160,-63
E01000158,Part-time: 15 hours or less worked,101,90,11
E01000158,Part-time: 16 to 30 hours worked,139,171,-32
E01000159,Full-time: 31 to 48 hours worked,466,432,34
E01000159,Full-time: 49 or more hours worked,111,122,-11
E01000159,Part-time: 15 hours or less worked,139,84,55
E01000159,Part-time: 16 to 30 hours worked,169,160,9
E01000160,Full-time: 31 to 48 hours worked,595,714,-119
E01000160,Full-time: 49 or more hours worked,149,220,-71
E01000160,Part-time: 15 hours or less worked,139,92,47
E01000160,Part-time: 16 to 30 hours worked,180,183,-3
E01000161,Full-time: 31 to 48 hours worked,499,516,-17
E01000161,Full-time: 49 or more hours worked,148,98,50
E01000161,Part-time: 15 hours or less worked,105,53,52
E01000161,Part-time: 16 to 30 hours worked,185,116,69
E01000162,Full-time: 31 to 48 hours worked,351,432,-81
E01000162,Full-time: 49 or more hours worked,75,89,-14
E01000162,Part-time: 15 hours or less worked,112,76,36
E01000162,Part-time: 16 to 30 hours worked,161,144,17
E01000163,Full-time: 31 to 48 hours worked,456,470,-14
E01000163,Full-time: 49 or more hours worked,66,86,-20
E01000163,Part-time: 15 hours or less worked,97,59,38
E01000163,Part-time: 16 to 30 hours worked,148,135,13
E01000164,Full-time: 31 to 48 hours worked,447,446,1
E01000164,Full-time: 49 or more hours worked,65,92,-27
E01000164,Part-time: 15 hours or less worked,85,75,10
E01000164,Part-time: 16 to 30 hours worked,171,169,2
E01000165,Full-time: 31 to 48 hours worked,464,625,-161
E01000165,Full-time: 49 or more hours worked,97,144,-47
E01000165,Part-time: 15 hours or less worked,112,86,26
E01000165,Part-time: 16 to 30 hours worked,179,150,29
E01000166,Full-time: 31 to 48 hours worked,410,411,-1
E01000166,Full-time: 49 or more hours worked,88,124,-36
E01000166,Part-time: 15 hours or less worked,77,65,12
E01000166,Part-time: 16 to 30 hours worked,139,131,8
E01000167,Full-time: 31 to 48 hours worked,402,365,37
E01000167,Full-time: 49 or more hours worked,60,74,-14
E01000167,Part-time: 15 hours or less worked,73,66,7
E01000167,Part-time: 16 to 30 hours worked,130,122,8
E01000168,Full-time: 31 to 48 hours worked,371,387,-16
E01000168,Full-time: 49 or more hours worked,108,113,-5
E01000168,Part-time: 15 hours or less worked,84,77,7
E01000168,Part-time: 16 to 30 hours worked,144,151,-7
E01000169,Full-time: 31 to 48 hours worked,465,466,-1
E01000169,Full-time: 49 or more hours worked,110,128,-18
E01000169,Part-time: 15 hours or less worked,117,87,30
E01000169,Part-time: 16 to 30 hours worked,137,131,6
E01000170,Full-time: 31 to 48 hours worked,493,464,29
E01000170,Full-time: 49 or more hours worked,95,112,-17
E01000170,Part-time: 15 hours or less worked,114,66,48
E01000170,Part-time: 16 to 30 hours worked,204,134,70
E01000171,Full-time: 31 to 48 hours worked,576,619,-43
E01000171,Full-time: 49 or more hours worked,133,116,17
E01000171,Part-time: 15 hours or less worked,144,84,60
E01000171,Part-time: 16 to 30 hours worked,215,150,65
E01000172,Full-time: 31 to 48 hours worked,408,426,-18
E01000172,Full-time: 49 or more hours worked,92,109,-17
E01000172,Part-time: 15 hours or less worked,103,83,20
E01000172,Part-time: 16 to 30 hours worked,132,135,-3
E01000173,Full-time: 31 to 48 hours worked,477,494,-17
E01000173,Full-time: 49 or more hours worked,85,121,-36
E01000173,Part-time: 15 hours or less worked,74,78,-4
E01000173,Part-time: 16 to 30 hours worked,185,158,27
E01000174,Full-time: 31 to 48 hours worked,467,476,-9
E01000174,Full-time: 49 or more hours worked,92,111,-19
E01000174,Part-time: 15 hours or less worked,92,68,24
E01000174,Part-time: 16 to 30 hours worked,159,167,-8
E01000175,Full-time: 31 to 48 hours worked,540,443,97
E01000175,Full-time: 49 or more hours worked,103,98,5
E01000175,Part-time: 15 hours or less worked,132,90,42
E01000175,Part-time: 16 to 30 hours worked,249,146,103
E01000176,Full-time: 31 to 48 hours worked,411,409,2
E01000176,Full-time: 49 or more hours worked,96,107,-11
E01000176,Part-time: 15 hours or less worked,73,63,10
E01000176,Part-time: 16 to 30 hours worked,161,127,34
E01000177,Full-time: 31 to 48 hours worked,477,590,-113
E01000177,Full-time: 49 or more hours worked,144,173,-29
E01000177,Part-time: 15 hours or less worked,75,79,-4
E01000177,Part-time: 16 to 30 hours worked,170,153,17
E01000178,Full-time: 31 to 48 hours worked,441,501,-60
E01000178,Full-time: 49 or more hours worked,112,167,-55
E01000178,Part-time: 15 hours or less worked,91,86,5
E01000178,Part-time: 16 to 30 hours worked,169,150,19
E01000179,Full-time: 31 to 48 hours worked,625,647,-22
E01000179,Full-time: 49 or more hours worked,138,162,-24
E01000179,Part-time: 15 hours or less worked,108,76,32
E01000179,Part-time: 16 to 30 hours worked,151,144,7
E01000180,Full-time: 31 to 48 hours worked,417,481,-64
E01000180,Full-time: 49 or more hours worked,120,146,-26
E01000180,Part-time: 15 hours or less worked,81,73,8
E01000180,Part-time: 16 to 30 hours worked,136,109,27
E01000181,Full-time: 31 to 48 hours worked,559,593,-34
E01000181,Full-time: 49 or more hours worked,152,189,-37
E01000181,Part-time: 15 hours or less worked,103,70,33
E01000181,Part-time: 16 to 30 hours worked,151,155,-4
E01000182,Full-time: 31 to 48 hours worked,486,590,-104
E01000182,Full-time: 49 or more hours worked,154,205,-51
E01000182,Part-time: 15 hours or less worked,111,69,42
E01000182,Part-time: 16 to 30 hours worked,133,118,15
E01000183,Full-time: 31 to 48 hours worked,350,416,-66
E01000183,Full-time: 49 or more hours worked,129,154,-25
E01000183,Part-time: 15 hours or less worked,81,78,3
E01000183,Part-time: 16 to 30 hours worked,108,97,11
E01000184,Full-time: 31 to 48 hours worked,512,370,142
E01000184,Full-time: 49 or more hours worked,71,60,11
E01000184,Part-time: 15 hours or less worked,94,52,42
E01000184,Part-time: 16 to 30 hours worked,144,126,18
E01000185,Full-time: 31 to 48 hours worked,371,374,-3
E01000185,Full-time: 49 or more hours worked,53,78,-25
E01000185,Part-time: 15 hours or less worked,85,59,26
E01000185,Part-time: 16 to 30 hours worked,128,107,21
E01000186,Full-time: 31 to 48 hours worked,384,370,14
E01000186,Full-time: 49 or more hours worked,128,128,0
E01000186,Part-time: 15 hours or less worked,118,108,10
E01000186,Part-time: 16 to 30 hours worked,212,153,59
E01000187,Full-time: 31 to 48 hours worked,331,364,-33
E01000187,Full-time: 49 or more hours worked,94,117,-23
E01000187,Part-time: 15 hours or less worked,102,83,19
E01000187,Part-time: 16 to 30 hours worked,184,141,43
E01000188,Full-time: 31 to 48 hours worked,339,428,-89
E01000188,Full-time: 49 or more hours worked,111,160,-49
E01000188,Part-time: 15 hours or less worked,118,79,39
E01000188,Part-time: 16 to 30 hours worked,157,146,11
E01000189,Full-time: 31 to 48 hours worked,769,356,413
E01000189,Full-time: 49 or more hours worked,152,59,93
E01000189,Part-time: 15 hours or less worked,106,96,10
E01000189,Part-time: 16 to 30 hours worked,216,168,48
E01000190,Full-time: 31 to 48 hours worked,424,381,43
E01000190,Full-time: 49 or more hours worked,114,115,-1
E01000190,Part-time: 15 hours or less worked,90,82,8
E01000190,Part-time: 16 to 30 hours worked,160,137,23
E01000191,Full-time: 31 to 48 hours worked,313,392,-79
E01000191,Full-time: 49 or more hours worked,95,100,-5
E01000191,Part-time: 15 hours or less worked,103,68,35
E01000191,Part-time: 16 to 30 hours worked,160,150,10
E01000192,Full-time: 31 to 48 hours worked,459,473,-14
E01000192,Full-time: 49 or more hours worked,114,115,-1
E01000192,Part-time: 15 hours or less worked,156,104,52
E01000192,Part-time: 16 to 30 hours worked,225,169,56
E01000193,Full-time: 31 to 48 hours worked,484,428,56
E01000193,Full-time: 49 or more hours worked,109,118,-9
E01000193,Part-time: 15 hours or less worked,131,100,31
E01000193,Part-time: 16 to 30 hours worked,237,166,71
E01000194,Full-time: 31 to 48 hours worked,463,475,-12
E01000194,Full-time: 49 or more hours worked,82,120,-38
E01000194,Part-time: 15 hours or less worked,103,75,28
E01000194,Part-time: 16 to 30 hours worked,203,149,54
E01000195,Full-time: 31 to 48 hours worked,511,456,55
E01000195,Full-time: 49 or more hours worked,76,62,14
E01000195,Part-time: 15 hours or less worked,105,71,34
E01000195,Part-time: 16 to 30 hours worked,193,145,48
E01000196,Full-time: 31 to 48 hours worked,629,628,1
E01000196,Full-time: 49 or more hours worked,135,143,-8
E01000196,Part-time: 15 hours or less worked,160,109,51
E01000196,Part-time: 16 to 30 hours worked,180,150,30
E01000197,Full-time: 31 to 48 hours worked,577,605,-28
E01000197,Full-time: 49 or more hours worked,128,148,-20
E01000197,Part-time: 15 hours or less worked,125,83,42
E01000197,Part-time: 16 to 30 hours worked,178,196,-18
E01000198,Full-time: 31 to 48 hours worked,481,490,-9
E01000198,Full-time: 49 or more hours worked,146,147,-1
E01000198,Part-time: 15 hours or less worked,149,90,59
E01000198,Part-time: 16 to 30 hours worked,202,179,23
E01000199,Full-time: 31 to 48 hours worked,331,348,-17
E01000199,Full-time: 49 or more hours worked,136,150,-14
E01000199,Part-time: 15 hours or less worked,109,110,-1
E01000199,Part-time: 16 to 30 hours worked,123,139,-16
E01000200,Full-time: 31 to 48 hours worked,462,446,16
E01000200,Full-time: 49 or more hours worked,130,156,-26
E01000200,Part-time: 15 hours or less worked,121,86,35
E01000200,Part-time: 16 to 30 hours worked,161,159,2
E01000201,Full-time: 31 to 48 hours worked,313,333,-20
E01000201,Full-time: 49 or more hours worked,156,141,15
E01000201,Part-time: 15 hours or less worked,131,107,24
E01000201,Part-time: 16 to 30 hours worked,105,146,-41
E01000202,Full-time: 31 to 48 hours worked,427,466,-39
E01000202,Full-time: 49 or more hours worked,141,161,-20
E01000202,Part-time: 15 hours or less worked,130,102,28
E01000202,Part-time: 16 to 30 hours worked,166,161,5
E01000203,Full-time: 31 to 48 hours worked,403,389,14
E01000203,Full-time: 49 or more hours worked,115,116,-1
E01000203,Part-time: 15 hours or less worked,112,97,15
E01000203,Part-time: 16 to 30 hours worked,165,151,14
E01000204,Full-time: 31 to 48 hours worked,414,492,-78
E01000204,Full-time: 49 or more hours worked,147,173,-26
E01000204,Part-time: 15 hours or less worked,130,90,40
E01000204,Part-time: 16 to 30 hours worked,160,156,4
E01000205,Full-time: 31 to 48 hours worked,358,358,0
E01000205,Full-time: 49 or more hours worked,161,177,-16
E01000205,Part-time: 15 hours or less worked,110,82,28
E01000205,Part-time: 16 to 30 hours worked,119,139,-20
E01000206,Full-time: 31 to 48 hours worked,310,323,-13
E01000206,Full-time: 49 or more hours worked,142,174,-32
E01000206,Part-time: 15 hours or less worked,117,72,45
E01000206,Part-time: 16 to 30 hours worked,116,116,0
E01000207,Full-time: 31 to 48 hours worked,315,343,-28
E01000207,Full-time: 49 or more hours worked,150,181,-31
E01000207,Part-time: 15 hours or less worked,101,85,16
E01000207,Part-time: 16 to 30 hours worked,97,126,-29
E01000208,Full-time: 31 to 48 hours worked,404,396,8
E01000208,Full-time: 49 or more hours worked,189,192,-3
E01000208,Part-time: 15 hours or less worked,122,94,28
E01000208,Part-time: 16 to 30 hours worked,137,126,11
E01000209,Full-time: 31 to 48 hours worked,297,348,-51
E01000209,Full-time: 49 or more hours worked,132,151,-19
E01000209,Part-time: 15 hours or less worked,94,91,3
E01000209,Part-time: 16 to 30 hours worked,129,116,13
E01000210,Full-time: 31 to 48 hours worked,389,407,-18
E01000210,Full-time: 49 or more hours worked,139,180,-41
E01000210,Part-time: 15 hours or less worked,114,75,39
E01000210,Part-time: 16 to 30 hours worked,133,122,11
E01000211,Full-time: 31 to 48 hours worked,561,641,-80
E01000211,Full-time: 49 or more hours worked,130,174,-44
E01000211,Part-time: 15 hours or less worked,139,105,34
E01000211,Part-time: 16 to 30 hours worked,193,190,3
E01000212,Full-time: 31 to 48 hours worked,269,467,-198
E01000212,Full-time: 49 or more hours worked,163,210,-47
E01000212,Part-time: 15 hours or less worked,92,110,-18
E01000212,Part-time: 16 to 30 hours worked,153,138,15
E01000213,Full-time: 31 to 48 hours worked,264,257,7
E01000213,Full-time: 49 or more hours worked,150,176,-26
E01000213,Part-time: 15 hours or less worked,99,83,16
E01000213,Part-time: 16 to 30 hours worked,101,93,8
E01000214,Full-time: 31 to 48 hours worked,458,430,28
E01000214,Full-time: 49 or more hours worked,206,151,55
E01000214,Part-time: 15 hours or less worked,115,66,49
E01000214,Part-time: 16 to 30 hours worked,131,94,37
E01000215,Full-time: 31 to 48 hours worked,288,412,-124
E01000215,Full-time: 49 or more hours worked,99,118,-19
E01000215,Part-time: 15 hours or less worked,167,97,70
E01000215,Part-time: 16 to 30 hours worked,242,192,50
E01000216,Full-time: 31 to 48 hours worked,394,471,-77
E01000216,Full-time: 49 or more hours worked,135,162,-27
E01000216,Part-time: 15 hours or less worked,130,111,19
E01000216,Part-time: 16 to 30 hours worked,203,162,41
E01000217,Full-time: 31 to 48 hours worked,368,376,-8
E01000217,Full-time: 49 or more hours worked,88,135,-47
E01000217,Part-time: 15 hours or less worked,115,93,22
E01000217,Part-time: 16 to 30 hours worked,228,152,76
E01000218,Full-time: 31 to 48 hours worked,316,389,-73
E01000218,Full-time: 49 or more hours worked,74,132,-58
E01000218,Part-time: 15 hours or less worked,164,98,66
E01000218,Part-time: 16 to 30 hours worked,222,168,54
E01000219,Full-time: 31 to 48 hours worked,412,438,-26
E01000219,Full-time: 49 or more hours worked,96,104,-8
E01000219,Part-time: 15 hours or less worked,160,95,65
E01000219,Part-time: 16 to 30 hours worked,311,199,112
E01000220,Full-time: 31 to 48 hours worked,328,437,-109
E01000220,Full-time: 49 or more hours worked,60,109,-49
E01000220,Part-time: 15 hours or less worked,144,99,45
E01000220,Part-time: 16 to 30 hours worked,245,176,69
E01000221,Full-time: 31 to 48 hours worked,269,260,9
E01000221,Full-time: 49 or more hours worked,33,66,-33
E01000221,Part-time: 15 hours or less worked,69,60,9
E01000221,Part-time: 16 to 30 hours worked,130,98,32
E01000222,Full-time: 31 to 48 hours worked,479,368,111
E01000222,Full-time: 49 or more hours worked,76,75,1
E01000222,Part-time: 15 hours or less worked,152,81,71
E01000222,Part-time: 16 to 30 hours worked,182,143,39
E01000223,Full-time: 31 to 48 hours worked,451,329,122
E01000223,Full-time: 49 or more hours worked,84,63,21
E01000223,Part-time: 15 hours or less worked,132,46,86
E01000223,Part-time: 16 to 30 hours worked,192,137,55
E01000224,Full-time: 31 to 48 hours worked,348,359,-11
E01000224,Full-time: 49 or more hours worked,93,111,-18
E01000224,Part-time: 15 hours or less worked,98,73,25
E01000224,Part-time: 16 to 30 hours worked,171,135,36
E01000225,Full-time: 31 to 48 hours worked,270,261,9
E01000225,Full-time: 49 or more hours worked,109,110,-1
E01000225,Part-time: 15 hours or less worked,115,79,36
E01000225,Part-time: 16 to 30 hours worked,202,168,34
E01000226,Full-time: 31 to 48 hours worked,427,390,37
E01000226,Full-time: 49 or more hours worked,95,87,8
E01000226,Part-time: 15 hours or less worked,94,95,-1
E01000226,Part-time: 16 to 30 hours worked,167,164,3
E01000227,Full-time: 31 to 48 hours worked,533,513,20
E01000227,Full-time: 49 or more hours worked,99,105,-6
E01000227,Part-time: 15 hours or less worked,112,94,18
E01000227,Part-time: 16 to 30 hours worked,182,168,14
E01000228,Full-time: 31 to 48 hours worked,359,369,-10
E01000228,Full-time: 49 or more hours worked,122,113,9
E01000228,Part-time: 15 hours or less worked,86,88,-2
E01000228,Part-time: 16 to 30 hours worked,137,132,5
E01000229,Full-time: 31 to 48 hours worked,462,447,15
E01000229,Full-time: 49 or more hours worked,83,85,-2
E01000229,Part-time: 15 hours or less worked,96,74,22
E01000229,Part-time: 16 to 30 hours worked,146,150,-4
E01000230,Full-time: 31 to 48 hours worked,407,438,-31
E01000230,Full-time: 49 or more hours worked,91,114,-23
E01000230,Part-time: 15 hours or less worked,120,81,39
E01000230,Part-time: 16 to 30 hours worked,208,174,34
E01000231,Full-time: 31 to 48 hours worked,495,528,-33
E01000231,Full-time: 49 or more hours worked,97,95,2
E01000231,Part-time: 15 hours or less worked,104,98,6
E01000231,Part-time: 16 to 30 hours worked,183,173,10
E01000232,Full-time: 31 to 48 hours worked,467,470,-3
E01000232,Full-time: 49 or more hours worked,131,139,-8
E01000232,Part-time: 15 hours or less worked,103,77,26
E01000232,Part-time: 16 to 30 hours worked,166,155,11
E01000233,Full-time: 31 to 48 hours worked,531,506,25
E01000233,Full-time: 49 or more hours worked,139,155,-16
E01000233,Part-time: 15 hours or less worked,125,85,40
E01000233,Part-time: 16 to 30 hours worked,210,155,55
E01000234,Full-time: 31 to 48 hours worked,479,474,5
E01000234,Full-time: 49 or more hours worked,162,160,2
E01000234,Part-time: 15 hours or less worked,111,68,43
E01000234,Part-time: 16 to 30 hours worked,166,156,10
E01000235,Full-time: 31 to 48 hours worked,481,427,54
E01000235,Full-time: 49 or more hours worked,113,108,5
E01000235,Part-time: 15 hours or less worked,120,73,47
E01000235,Part-time: 16 to 30 hours worked,176,147,29
E01000236,Full-time: 31 to 48 hours worked,413,393,20
E01000236,Full-time: 49 or more hours worked,113,123,-10
E01000236,Part-time: 15 hours or less worked,124,121,3
E01000236,Part-time: 16 to 30 hours worked,195,166,29
E01000237,Full-time: 31 to 48 hours worked,599,607,-8
E01000237,Full-time: 49 or more hours worked,142,171,-29
E01000237,Part-time: 15 hours or less worked,117,142,-25
E01000237,Part-time: 16 to 30 hours worked,216,153,63
E01000238,Full-time: 31 to 48 hours worked,455,453,2
E01000238,Full-time: 49 or more hours worked,109,113,-4
E01000238,Part-time: 15 hours or less worked,150,124,26
E01000238,Part-time: 16 to 30 hours worked,198,172,26
E01000239,Full-time: 31 to 48 hours worked,560,640,-80
E01000239,Full-time: 49 or more hours worked,125,145,-20
E01000239,Part-time: 15 hours or less worked,129,80,49
E01000239,Part-time: 16 to 30 hours worked,200,152,48
E01000240,Full-time: 31 to 48 hours worked,465,421,44
E01000240,Full-time: 49 or more hours worked,122,122,0
E01000240,Part-time: 15 hours or less worked,119,87,32
E01000240,Part-time: 16 to 30 hours worked,154,151,3
E01000241,Full-time: 31 to 48 hours worked,465,470,-5
E01000241,Full-time: 49 or more hours worked,130,158,-28
E01000241,Part-time: 15 hours or less worked,134,127,7
E01000241,Part-time: 16 to 30 hours worked,162,159,3
E01000242,Full-time: 31 to 48 hours worked,322,333,-11
E01000242,Full-time: 49 or more hours worked,97,127,-30
E01000242,Part-time: 15 hours or less worked,123,74,49
E01000242,Part-time: 16 to 30 hours worked,136,130,6
E01000243,Full-time: 31 to 48 hours worked,570,509,61
E01000243,Full-time: 49 or more hours worked,128,137,-9
E01000243,Part-time: 15 hours or less worked,139,107,32
E01000243,Part-time: 16 to 30 hours worked,269,171,98
E01000244,Full-time: 31 to 48 hours worked,415,435,-20
E01000244,Full-time: 49 or more hours worked,104,100,4
E01000244,Part-time: 15 hours or less worked,120,82,38
E01000244,Part-time: 16 to 30 hours worked,176,138,38
E01000245,Full-time: 31 to 48 hours worked,514,486,28
E01000245,Full-time: 49 or more hours worked,98,130,-32
E01000245,Part-time: 15 hours or less worked,136,85,51
E01000245,Part-time: 16 to 30 hours worked,215,176,39
E01000246,Full-time: 31 to 48 hours worked,426,383,43
E01000246,Full-time: 49 or more hours worked,96,138,-42
E01000246,Part-time: 15 hours or less worked,83,74,9
E01000246,Part-time: 16 to 30 hours worked,125,140,-15
E01000247,Full-time: 31 to 48 hours worked,550,571,-21
E01000247,Full-time: 49 or more hours worked,108,149,-41
E01000247,Part-time: 15 hours or less worked,88,83,5
E01000247,Part-time: 16 to 30 hours worked,160,139,21
E01000248,Full-time: 31 to 48 hours worked,490,462,28
E01000248,Full-time: 49 or more hours worked,124,150,-26
E01000248,Part-time: 15 hours or less worked,105,78,27
E01000248,Part-time: 16 to 30 hours worked,129,152,-23
E01000249,Full-time: 31 to 48 hours worked,430,387,43
E01000249,Full-time: 49 or more hours worked,103,154,-51
E01000249,Part-time: 15 hours or less worked,96,80,16
E01000249,Part-time: 16 to 30 hours worked,159,182,-23
E01000250,Full-time: 31 to 48 hours worked,768,661,107
E01000250,Full-time: 49 or more hours worked,167,208,-41
E01000250,Part-time: 15 hours or less worked,139,115,24
E01000250,Part-time: 16 to 30 hours worked,240,193,47
E01000251,Full-time: 31 to 48 hours worked,568,596,-28
E01000251,Full-time: 49 or more hours worked,115,125,-10
E01000251,Part-time: 15 hours or less worked,147,77,70
E01000251,Part-time: 16 to 30 hours worked,185,133,52
E01000252,Full-time: 31 to 48 hours worked,555,462,93
E01000252,Full-time: 49 or more hours worked,112,133,-21
E01000252,Part-time: 15 hours or less worked,90,93,-3
E01000252,Part-time: 16 to 30 hours worked,124,129,-5
E01000253,Full-time: 31 to 48 hours worked,435,338,97
E01000253,Full-time: 49 or more hours worked,195,146,49
E01000253,Part-time: 15 hours or less worked,157,104,53
E01000253,Part-time: 16 to 30 hours worked,155,135,20
E01000254,Full-time: 31 to 48 hours worked,375,407,-32
E01000254,Full-time: 49 or more hours worked,131,155,-24
E01000254,Part-time: 15 hours or less worked,116,82,34
E01000254,Part-time: 16 to 30 hours worked,153,115,38
E01000255,Full-time: 31 to 48 hours worked,413,351,62
E01000255,Full-time: 49 or more hours worked,101,101,0
E01000255,Part-time: 15 hours or less worked,122,73,49
E01000255,Part-time: 16 to 30 hours worked,130,139,-9
E01000256,Full-time: 31 to 48 hours worked,441,472,-31
E01000256,Full-time: 49 or more hours worked,147,174,-27
E01000256,Part-time: 15 hours or less worked,98,93,5
E01000256,Part-time: 16 to 30 hours worked,186,154,32
E01000257,Full-time: 31 to 48 hours worked,620,453,167
E01000257,Full-time: 49 or more hours worked,120,78,42
E01000257,Part-time: 15 hours or less worked,101,67,34
E01000257,Part-time: 16 to 30 hours worked,206,152,54
E01000258,Full-time: 31 to 48 hours worked,460,440,20
E01000258,Full-time: 49 or more hours worked,159,163,-4
E01000258,Part-time: 15 hours or less worked,126,87,39
E01000258,Part-time: 16 to 30 hours worked,175,154,21
E01000259,Full-time: 31 to 48 hours worked,695,733,-38
E01000259,Full-time: 49 or more hours worked,167,219,-52
E01000259,Part-time: 15 hours or less worked,161,114,47
E01000259,Part-time: 16 to 30 hours worked,213,205,8
E01000260,Full-time: 31 to 48 hours worked,597,547,50
E01000260,Full-time: 49 or more hours worked,115,165,-50
E01000260,Part-time: 15 hours or less worked,157,102,55
E01000260,Part-time: 16 to 30 hours worked,205,171,34
E01000261,Full-time: 31 to 48 hours worked,383,355,28
E01000261,Full-time: 49 or more hours worked,145,164,-19
E01000261,Part-time: 15 hours or less worked,93,82,11
E01000261,Part-time: 16 to 30 hours worked,130,120,10
E01000263,Full-time: 31 to 48 hours worked,343,389,-46
E01000263,Full-time: 49 or more hours worked,174,153,21
E01000263,Part-time: 15 hours or less worked,109,117,-8
E01000263,Part-time: 16 to 30 hours worked,137,121,16
E01000264,Full-time: 31 to 48 hours worked,504,419,85
E01000264,Full-time: 49 or more hours worked,157,148,9
E01000264,Part-time: 15 hours or less worked,127,75,52
E01000264,Part-time: 16 to 30 hours worked,186,165,21
E01000265,Full-time: 31 to 48 hours worked,518,504,14
E01000265,Full-time: 49 or more hours worked,86,147,-61
E01000265,Part-time: 15 hours or less worked,125,75,50
E01000265,Part-time: 16 to 30 hours worked,196,191,5
E01000266,Full-time: 31 to 48 hours worked,372,397,-25
E01000266,Full-time: 49 or more hours worked,108,131,-23
E01000266,Part-time: 15 hours or less worked,89,100,-11
E01000266,Part-time: 16 to 30 hours worked,121,145,-24
E01000267,Full-time: 31 to 48 hours worked,460,440,20
E01000267,Full-time: 49 or more hours worked,112,138,-26
E01000267,Part-time: 15 hours or less worked,104,85,19
E01000267,Part-time: 16 to 30 hours worked,157,154,3
E01000268,Full-time: 31 to 48 hours worked,584,521,63
E01000268,Full-time: 49 or more hours worked,145,145,0
E01000268,Part-time: 15 hours or less worked,105,76,29
E01000268,Part-time: 16 to 30 hours worked,168,143,25
E01000269,Full-time: 31 to 48 hours worked,378,407,-29
E01000269,Full-time: 49 or more hours worked,74,103,-29
E01000269,Part-time: 15 hours or less worked,98,87,11
E01000269,Part-time: 16 to 30 hours worked,125,133,-8
E01000270,Full-time: 31 to 48 hours worked,431,453,-22
E01000270,Full-time: 49 or more hours worked,117,120,-3
E01000270,Part-time: 15 hours or less worked,83,69,14
E01000270,Part-time: 16 to 30 hours worked,125,120,5
E01000271,Full-time: 31 to 48 hours worked,391,358,33
E01000271,Full-time: 49 or more hours worked,133,142,-9
E01000271,Part-time: 15 hours or less worked,108,99,9
E01000271,Part-time: 16 to 30 hours worked,134,116,18
E01000272,Full-time: 31 to 48 hours worked,327,320,7
E01000272,Full-time: 49 or more hours worked,118,153,-35
E01000272,Part-time: 15 hours or less worked,89,88,1
E01000272,Part-time: 16 to 30 hours worked,104,95,9
E01000273,Full-time: 31 to 48 hours worked,456,415,41
E01000273,Full-time: 49 or more hours worked,109,121,-12
E01000273,Part-time: 15 hours or less worked,95,71,24
E01000273,Part-time: 16 to 30 hours worked,145,119,26
E01000274,Full-time: 31 to 48 hours worked,520,496,24
E01000274,Full-time: 49 or more hours worked,104,126,-22
E01000274,Part-time: 15 hours or less worked,111,83,28
E01000274,Part-time: 16 to 30 hours worked,202,178,24
E01000275,Full-time: 31 to 48 hours worked,473,460,13
E01000275,Full-time: 49 or more hours worked,121,151,-30
E01000275,Part-time: 15 hours or less worked,103,71,32
E01000275,Part-time: 16 to 30 hours worked,143,145,-2
E01000276,Full-time: 31 to 48 hours worked,346,356,-10
E01000276,Full-time: 49 or more hours worked,145,158,-13
E01000276,Part-time: 15 hours or less worked,98,88,10
E01000276,Part-time: 16 to 30 hours worked,129,111,18
E01000277,Full-time: 31 to 48 hours worked,469,406,63
E01000277,Full-time: 49 or more hours worked,98,110,-12
E01000277,Part-time: 15 hours or less worked,123,66,57
E01000277,Part-time: 16 to 30 hours worked,119,118,1
E01000278,Full-time: 31 to 48 hours worked,348,349,-1
E01000278,Full-time: 49 or more hours worked,131,136,-5
E01000278,Part-time: 15 hours or less worked,76,82,-6
E01000278,Part-time: 16 to 30 hours worked,104,115,-11
E01000279,Full-time: 31 to 48 hours worked,248,280,-32
E01000279,Full-time: 49 or more hours worked,143,176,-33
E01000279,Part-time: 15 hours or less worked,93,89,4
E01000279,Part-time: 16 to 30 hours worked,119,118,1
E01000280,Full-time: 31 to 48 hours worked,313,312,1
E01000280,Full-time: 49 or more hours worked,122,147,-25
E01000280,Part-time: 15 hours or less worked,90,104,-14
E01000280,Part-time: 16 to 30 hours worked,100,126,-26
E01000281,Full-time: 31 to 48 hours worked,653,322,331
E01000281,Full-time: 49 or more hours worked,146,88,58
E01000281,Part-time: 15 hours or less worked,75,49,26
E01000281,Part-time: 16 to 30 hours worked,120,125,-5
E01000282,Full-time: 31 to 48 hours worked,477,465,12
E01000282,Full-time: 49 or more hours worked,158,138,20
E01000282,Part-time: 15 hours or less worked,95,75,20
E01000282,Part-time: 16 to 30 hours worked,156,140,16
E01000283,Full-time: 31 to 48 hours worked,309,335,-26
E01000283,Full-time: 49 or more hours worked,124,138,-14
E01000283,Part-time: 15 hours or less worked,81,88,-7
E01000283,Part-time: 16 to 30 hours worked,135,129,6
E01000284,Full-time: 31 to 48 hours worked,529,516,13
E01000284,Full-time: 49 or more hours worked,115,143,-28
E01000284,Part-time: 15 hours or less worked,115,67,48
E01000284,Part-time: 16 to 30 hours worked,178,137,41
E01000285,Full-time: 31 to 48 hours worked,421,411,10
E01000285,Full-time: 49 or more hours worked,80,87,-7
E01000285,Part-time: 15 hours or less worked,79,71,8
E01000285,Part-time: 16 to 30 hours worked,113,134,-21
E01000286,Full-time: 31 to 48 hours worked,478,418,60
E01000286,Full-time: 49 or more hours worked,74,91,-17
E01000286,Part-time: 15 hours or less worked,68,80,-12
E01000286,Part-time: 16 to 30 hours worked,152,108,44
E01000287,Full-time: 31 to 48 hours worked,416,387,29
E01000287,Full-time: 49 or more hours worked,86,81,5
E01000287,Part-time: 15 hours or less worked,92,67,25
E01000287,Part-time: 16 to 30 hours worked,146,147,-1
E01000288,Full-time: 31 to 48 hours worked,445,425,20
E01000288,Full-time: 49 or more hours worked,92,110,-18
E01000288,Part-time: 15 hours or less worked,95,77,18
E01000288,Part-time: 16 to 30 hours worked,137,155,-18
E01000289,Full-time: 31 to 48 hours worked,364,374,-10
E01000289,Full-time: 49 or more hours worked,54,55,-1
E01000289,Part-time: 15 hours or less worked,71,89,-18
E01000289,Part-time: 16 to 30 hours worked,167,162,5
E01000290,Full-time: 31 to 48 hours worked,395,376,19
E01000290,Full-time: 49 or more hours worked,113,125,-12
E01000290,Part-time: 15 hours or less worked,82,63,19
E01000290,Part-time: 16 to 30 hours worked,133,118,15
E01000291,Full-time: 31 to 48 hours worked,424,331,93
E01000291,Full-time: 49 or more hours worked,99,61,38
E01000291,Part-time: 15 hours or less worked,76,73,3
E01000291,Part-time: 16 to 30 hours worked,137,149,-12
E01000292,Full-time: 31 to 48 hours worked,375,387,-12
E01000292,Full-time: 49 or more hours worked,101,106,-5
E01000292,Part-time: 15 hours or less worked,79,81,-2
E01000292,Part-time: 16 to 30 hours worked,130,125,5
E01000293,Full-time: 31 to 48 hours worked,514,498,16
E01000293,Full-time: 49 or more hours worked,137,151,-14
E01000293,Part-time: 15 hours or less worked,93,103,-10
E01000293,Part-time: 16 to 30 hours worked,160,154,6
E01000294,Full-time: 31 to 48 hours worked,526,418,108
E01000294,Full-time: 49 or more hours worked,87,104,-17
E01000294,Part-time: 15 hours or less worked,104,82,22
E01000294,Part-time: 16 to 30 hours worked,124,118,6
E01000295,Full-time: 31 to 48 hours worked,483,530,-47
E01000295,Full-time: 49 or more hours worked,151,180,-29
E01000295,Part-time: 15 hours or less worked,97,73,24
E01000295,Part-time: 16 to 30 hours worked,143,129,14
E01000296,Full-time: 31 to 48 hours worked,631,586,45
E01000296,Full-time: 49 or more hours worked,121,182,-61
E01000296,Part-time: 15 hours or less worked,127,76,51
E01000296,Part-time: 16 to 30 hours worked,126,130,-4
E01000297,Full-time: 31 to 48 hours worked,451,491,-40
E01000297,Full-time: 49 or more hours worked,87,133,-46
E01000297,Part-time: 15 hours or less worked,86,60,26
E01000297,Part-time: 16 to 30 hours worked,127,121,6
E01000298,Full-time: 31 to 48 hours worked,529,624,-95
E01000298,Full-time: 49 or more hours worked,141,149,-8
E01000298,Part-time: 15 hours or less worked,109,81,28
E01000298,Part-time: 16 to 30 hours worked,150,168,-18
E01000299,Full-time: 31 to 48 hours worked,567,588,-21
E01000299,Full-time: 49 or more hours worked,138,133,5
E01000299,Part-time: 15 hours or less worked,136,68,68
E01000299,Part-time: 16 to 30 hours worked,186,154,32
E01000300,Full-time: 31 to 48 hours worked,538,523,15
E01000300,Full-time: 49 or more hours worked,96,150,-54
E01000300,Part-time: 15 hours or less worked,104,83,21
E01000300,Part-time: 16 to 30 hours worked,132,137,-5
E01000301,Full-time: 31 to 48 hours worked,372,399,-27
E01000301,Full-time: 49 or more hours worked,145,125,20
E01000301,Part-time: 15 hours or less worked,66,75,-9
E01000301,Part-time: 16 to 30 hours worked,104,126,-22
E01000302,Full-time: 31 to 48 hours worked,486,588,-102
E01000302,Full-time: 49 or more hours worked,96,131,-35
E01000302,Part-time: 15 hours or less worked,119,63,56
E01000302,Part-time: 16 to 30 hours worked,150,126,24
E01000303,Full-time: 31 to 48 hours worked,402,411,-9
E01000303,Full-time: 49 or more hours worked,122,141,-19
E01000303,Part-time: 15 hours or less worked,81,69,12
E01000303,Part-time: 16 to 30 hours worked,108,124,-16
E01000304,Full-time: 31 to 48 hours worked,521,541,-20
E01000304,Full-time: 49 or more hours worked,106,136,-30
E01000304,Part-time: 15 hours or less worked,92,69,23
E01000304,Part-time: 16 to 30 hours worked,151,136,15
E01000305,Full-time: 31 to 48 hours worked,512,431,81
E01000305,Full-time: 49 or more hours worked,100,97,3
E01000305,Part-time: 15 hours or less worked,96,76,20
E01000305,Part-time: 16 to 30 hours worked,142,175,-33
E01000306,Full-time: 31 to 48 hours worked,626,513,113
E01000306,Full-time: 49 or more hours worked,138,112,26
E01000306,Part-time: 15 hours or less worked,112,84,28
E01000306,Part-time: 16 to 30 hours worked,189,150,39
E01000307,Full-time: 31 to 48 hours worked,430,460,-30
E01000307,Full-time: 49 or more hours worked,84,63,21
E01000307,Part-time: 15 hours or less worked,79,79,0
E01000307,Part-time: 16 to 30 hours worked,161,159,2
E01000308,Full-time: 31 to 48 hours worked,720,317,403
E01000308,Full-time: 49 or more hours worked,142,46,96
E01000308,Part-time: 15 hours or less worked,123,64,59
E01000308,Part-time: 16 to 30 hours worked,202,148,54
E01000309,Full-time: 31 to 48 hours worked,561,475,86
E01000309,Full-time: 49 or more hours worked,125,135,-10
E01000309,Part-time: 15 hours or less worked,118,115,3
E01000309,Part-time: 16 to 30 hours worked,224,164,60
E01000310,Full-time: 31 to 48 hours worked,625,594,31
E01000310,Full-time: 49 or more hours worked,102,149,-47
E01000310,Part-time: 15 hours or less worked,110,120,-10
E01000310,Part-time: 16 to 30 hours worked,205,202,3
E01000311,Full-time: 31 to 48 hours worked,345,306,39
E01000311,Full-time: 49 or more hours worked,93,125,-32
E01000311,Part-time: 15 hours or less worked,132,86,46
E01000311,Part-time: 16 to 30 hours worked,177,131,46
E01000312,Full-time: 31 to 48 hours worked,499,465,34
E01000312,Full-time: 49 or more hours worked,92,86,6
E01000312,Part-time: 15 hours or less worked,118,76,42
E01000312,Part-time: 16 to 30 hours worked,146,182,-36
E01000313,Full-time: 31 to 48 hours worked,516,516,0
E01000313,Full-time: 49 or more hours worked,112,105,7
E01000313,Part-time: 15 hours or less worked,126,108,18
E01000313,Part-time: 16 to 30 hours worked,205,190,15
E01000314,Full-time: 31 to 48 hours worked,649,529,120
E01000314,Full-time: 49 or more hours worked,140,159,-19
E01000314,Part-time: 15 hours or less worked,172,123,49
E01000314,Part-time: 16 to 30 hours worked,184,144,40
E01000315,Full-time: 31 to 48 hours worked,398,416,-18
E01000315,Full-time: 49 or more hours worked,75,73,2
E01000315,Part-time: 15 hours or less worked,92,73,19
E01000315,Part-time: 16 to 30 hours worked,205,149,56
E01000316,Full-time: 31 to 48 hours worked,640,703,-63
E01000316,Full-time: 49 or more hours worked,125,162,-37
E01000316,Part-time: 15 hours or less worked,112,100,12
E01000316,Part-time: 16 to 30 hours worked,210,204,6
E01000317,Full-time: 31 to 48 hours worked,420,483,-63
E01000317,Full-time: 49 or more hours worked,110,133,-23
E01000317,Part-time: 15 hours or less worked,87,59,28
E01000317,Part-time: 16 to 30 hours worked,125,142,-17
E01000318,Full-time: 31 to 48 hours worked,475,522,-47
E01000318,Full-time: 49 or more hours worked,94,118,-24
E01000318,Part-time: 15 hours or less worked,108,92,16
E01000318,Part-time: 16 to 30 hours worked,180,173,7
E01000319,Full-time: 31 to 48 hours worked,396,461,-65
E01000319,Full-time: 49 or more hours worked,89,131,-42
E01000319,Part-time: 15 hours or less worked,84,83,1
E01000319,Part-time: 16 to 30 hours worked,129,124,5
E01000320,Full-time: 31 to 48 hours worked,564,387,177
E01000320,Full-time: 49 or more hours worked,147,125,22
E01000320,Part-time: 15 hours or less worked,99,54,45
E01000320,Part-time: 16 to 30 hours worked,179,137,42
E01000321,Full-time: 31 to 48 hours worked,677,536,141
E01000321,Full-time: 49 or more hours worked,120,135,-15
E01000321,Part-time: 15 hours or less worked,113,89,24
E01000321,Part-time: 16 to 30 hours worked,165,173,-8
E01000322,Full-time: 31 to 48 hours worked,470,514,-44
E01000322,Full-time: 49 or more hours worked,117,114,3
E01000322,Part-time: 15 hours or less worked,134,81,53
E01000322,Part-time: 16 to 30 hours worked,184,191,-7
E01000323,Full-time: 31 to 48 hours worked,676,634,42
E01000323,Full-time: 49 or more hours worked,182,142,40
E01000323,Part-time: 15 hours or less worked,150,108,42
E01000323,Part-time: 16 to 30 hours worked,214,176,38
E01000324,Full-time: 31 to 48 hours worked,511,449,62
E01000324,Full-time: 49 or more hours worked,103,128,-25
E01000324,Part-time: 15 hours or less worked,103,98,5
E01000324,Part-time: 16 to 30 hours worked,201,182,19
E01000325,Full-time: 31 to 48 hours worked,517,482,35
E01000325,Full-time: 49 or more hours worked,90,107,-17
E01000325,Part-time: 15 hours or less worked,71,95,-24
E01000325,Part-time: 16 to 30 hours worked,129,155,-26
E01000326,Full-time: 31 to 48 hours worked,499,507,-8
E01000326,Full-time: 49 or more hours worked,60,64,-4
E01000326,Part-time: 15 hours or less worked,68,46,22
E01000326,Part-time: 16 to 30 hours worked,98,118,-20
E01000327,Full-time: 31 to 48 hours worked,442,453,-11
E01000327,Full-time: 49 or more hours worked,76,81,-5
E01000327,Part-time: 15 hours or less worked,83,75,8
E01000327,Part-time: 16 to 30 hours worked,150,142,8
E01000328,Full-time: 31 to 48 hours worked,469,419,50
E01000328,Full-time: 49 or more hours worked,77,100,-23
E01000328,Part-time: 15 hours or less worked,75,77,-2
E01000328,Part-time: 16 to 30 hours worked,124,137,-13
E01000329,Full-time: 31 to 48 hours worked,486,393,93
E01000329,Full-time: 49 or more hours worked,88,63,25
E01000329,Part-time: 15 hours or less worked,89,56,33
E01000329,Part-time: 16 to 30 hours worked,141,112,29
E01000330,Full-time: 31 to 48 hours worked,478,450,28
E01000330,Full-time: 49 or more hours worked,80,97,-17
E01000330,Part-time: 15 hours or less worked,62,36,26
E01000330,Part-time: 16 to 30 hours worked,152,132,20
E01000331,Full-time: 31 to 48 hours worked,441,408,33
E01000331,Full-time: 49 or more hours worked,84,75,9
E01000331,Part-time: 15 hours or less worked,79,60,19
E01000331,Part-time: 16 to 30 hours worked,155,151,4
E01000332,Full-time: 31 to 48 hours worked,464,406,58
E01000332,Full-time: 49 or more hours worked,73,93,-20
E01000332,Part-time: 15 hours or less worked,57,76,-19
E01000332,Part-time: 16 to 30 hours worked,129,131,-2
E01000333,Full-time: 31 to 48 hours worked,530,460,70
E01000333,Full-time: 49 or more hours worked,96,99,-3
E01000333,Part-time: 15 hours or less worked,108,53,55
E01000333,Part-time: 16 to 30 hours worked,139,126,13
E01000334,Full-time: 31 to 48 hours worked,477,500,-23
E01000334,Full-time: 49 or more hours worked,83,86,-3
E01000334,Part-time: 15 hours or less worked,77,67,10
E01000334,Part-time: 16 to 30 hours worked,158,145,13
E01000335,Full-time: 31 to 48 hours worked,946,461,485
E01000335,Full-time: 49 or more hours worked,122,82,40
E01000335,Part-time: 15 hours or less worked,122,70,52
E01000335,Part-time: 16 to 30 hours worked,233,132,101
E01000336,Full-time: 31 to 48 hours worked,537,478,59
E01000336,Full-time: 49 or more hours worked,72,92,-20
E01000336,Part-time: 15 hours or less worked,81,62,19
E01000336,Part-time: 16 to 30 hours worked,172,181,-9
E01000337,Full-time: 31 to 48 hours worked,557,538,19
E01000337,Full-time: 49 or more hours worked,80,79,1
E01000337,Part-time: 15 hours or less worked,61,64,-3
E01000337,Part-time: 16 to 30 hours worked,139,160,-21
E01000338,Full-time: 31 to 48 hours worked,649,574,75
E01000338,Full-time: 49 or more hours worked,97,103,-6
E01000338,Part-time: 15 hours or less worked,76,86,-10
E01000338,Part-time: 16 to 30 hours worked,150,159,-9
E01000339,Full-time: 31 to 48 hours worked,449,435,14
E01000339,Full-time: 49 or more hours worked,85,91,-6
E01000339,Part-time: 15 hours or less worked,87,76,11
E01000339,Part-time: 16 to 30 hours worked,135,122,13
E01000340,Full-time: 31 to 48 hours worked,459,338,121
E01000340,Full-time: 49 or more hours worked,76,64,12
E01000340,Part-time: 15 hours or less worked,97,42,55
E01000340,Part-time: 16 to 30 hours worked,132,115,17
E01000341,Full-time: 31 to 48 hours worked,439,428,11
E01000341,Full-time: 49 or more hours worked,74,81,-7
E01000341,Part-time: 15 hours or less worked,81,62,19
E01000341,Part-time: 16 to 30 hours worked,125,150,-25
E01000342,Full-time: 31 to 48 hours worked,535,649,-114
E01000342,Full-time: 49 or more hours worked,72,127,-55
E01000342,Part-time: 15 hours or less worked,76,93,-17
E01000342,Part-time: 16 to 30 hours worked,150,187,-37
E01000343,Full-time: 31 to 48 hours worked,429,397,32
E01000343,Full-time: 49 or more hours worked,81,117,-36
E01000343,Part-time: 15 hours or less worked,76,76,0
E01000343,Part-time: 16 to 30 hours worked,143,162,-19
E01000344,Full-time: 31 to 48 hours worked,492,488,4
E01000344,Full-time: 49 or more hours worked,80,84,-4
E01000344,Part-time: 15 hours or less worked,85,78,7
E01000344,Part-time: 16 to 30 hours worked,134,148,-14
E01000345,Full-time: 31 to 48 hours worked,456,409,47
E01000345,Full-time: 49 or more hours worked,68,110,-42
E01000345,Part-time: 15 hours or less worked,72,73,-1
E01000345,Part-time: 16 to 30 hours worked,118,122,-4
E01000346,Full-time: 31 to 48 hours worked,528,512,16
E01000346,Full-time: 49 or more hours worked,74,108,-34
E01000346,Part-time: 15 hours or less worked,59,78,-19
E01000346,Part-time: 16 to 30 hours worked,157,142,15
E01000347,Full-time: 31 to 48 hours worked,469,427,42
E01000347,Full-time: 49 or more hours worked,67,86,-19
E01000347,Part-time: 15 hours or less worked,72,80,-8
E01000347,Part-time: 16 to 30 hours worked,134,148,-14
E01000348,Full-time: 31 to 48 hours worked,484,417,67
E01000348,Full-time: 49 or more hours worked,84,102,-18
E01000348,Part-time: 15 hours or less worked,84,88,-4
E01000348,Part-time: 16 to 30 hours worked,131,146,-15
E01000349,Full-time: 31 to 48 hours worked,479,461,18
E01000349,Full-time: 49 or more hours worked,107,119,-12
E01000349,Part-time: 15 hours or less worked,85,81,4
E01000349,Part-time: 16 to 30 hours worked,146,121,25
E01000350,Full-time: 31 to 48 hours worked,479,442,37
E01000350,Full-time: 49 or more hours worked,91,84,7
E01000350,Part-time: 15 hours or less worked,73,73,0
E01000350,Part-time: 16 to 30 hours worked,148,175,-27
E01000351,Full-time: 31 to 48 hours worked,522,491,31
E01000351,Full-time: 49 or more hours worked,70,89,-19
E01000351,Part-time: 15 hours or less worked,81,81,0
E01000351,Part-time: 16 to 30 hours worked,136,163,-27
E01000352,Full-time: 31 to 48 hours worked,508,478,30
E01000352,Full-time: 49 or more hours worked,72,90,-18
E01000352,Part-time: 15 hours or less worked,77,68,9
E01000352,Part-time: 16 to 30 hours worked,128,141,-13
E01000353,Full-time: 31 to 48 hours worked,458,479,-21
E01000353,Full-time: 49 or more hours worked,87,108,-21
E01000353,Part-time: 15 hours or less worked,65,96,-31
E01000353,Part-time: 16 to 30 hours worked,110,139,-29
E01000354,Full-time: 31 to 48 hours worked,459,427,32
E01000354,Full-time: 49 or more hours worked,61,79,-18
E01000354,Part-time: 15 hours or less worked,49,88,-39
E01000354,Part-time: 16 to 30 hours worked,139,145,-6
E01000355,Full-time: 31 to 48 hours worked,417,403,14
E01000355,Full-time: 49 or more hours worked,81,96,-15
E01000355,Part-time: 15 hours or less worked,63,69,-6
E01000355,Part-time: 16 to 30 hours worked,113,133,-20
E01000356,Full-time: 31 to 48 hours worked,396,431,-35
E01000356,Full-time: 49 or more hours worked,65,72,-7
E01000356,Part-time: 15 hours or less worked,86,56,30
E01000356,Part-time: 16 to 30 hours worked,124,134,-10
E01000357,Full-time: 31 to 48 hours worked,458,427,31
E01000357,Full-time: 49 or more hours worked,69,88,-19
E01000357,Part-time: 15 hours or less worked,61,70,-9
E01000357,Part-time: 16 to 30 hours worked,135,146,-11
E01000358,Full-time: 31 to 48 hours worked,487,517,-30
E01000358,Full-time: 49 or more hours worked,81,102,-21
E01000358,Part-time: 15 hours or less worked,91,77,14
E01000358,Part-time: 16 to 30 hours worked,135,122,13
E01000359,Full-time: 31 to 48 hours worked,395,392,3
E01000359,Full-time: 49 or more hours worked,67,75,-8
E01000359,Part-time: 15 hours or less worked,64,53,11
E01000359,Part-time: 16 to 30 hours worked,93,116,-23
E01000360,Full-time: 31 to 48 hours worked,586,547,39
E01000360,Full-time: 49 or more hours worked,103,109,-6
E01000360,Part-time: 15 hours or less worked,89,66,23
E01000360,Part-time: 16 to 30 hours worked,177,130,47
E01000361,Full-time: 31 to 48 hours worked,503,474,29
E01000361,Full-time: 49 or more hours worked,93,119,-26
E01000361,Part-time: 15 hours or less worked,95,90,5
E01000361,Part-time: 16 to 30 hours worked,152,134,18
E01000362,Full-time: 31 to 48 hours worked,564,400,164
E01000362,Full-time: 49 or more hours worked,104,87,17
E01000362,Part-time: 15 hours or less worked,91,82,9
E01000362,Part-time: 16 to 30 hours worked,153,133,20
E01000363,Full-time: 31 to 48 hours worked,447,456,-9
E01000363,Full-time: 49 or more hours worked,90,113,-23
E01000363,Part-time: 15 hours or less worked,72,66,6
E01000363,Part-time: 16 to 30 hours worked,131,122,9
E01000364,Full-time: 31 to 48 hours worked,499,457,42
E01000364,Full-time: 49 or more hours worked,90,106,-16
E01000364,Part-time: 15 hours or less worked,101,72,29
E01000364,Part-time: 16 to 30 hours worked,144,141,3
E01000365,Full-time: 31 to 48 hours worked,471,467,4
E01000365,Full-time: 49 or more hours worked,80,93,-13
E01000365,Part-time: 15 hours or less worked,86,64,22
E01000365,Part-time: 16 to 30 hours worked,144,133,11
E01000366,Full-time: 31 to 48 hours worked,584,546,38
E01000366,Full-time: 49 or more hours worked,87,114,-27
E01000366,Part-time: 15 hours or less worked,71,78,-7
E01000366,Part-time: 16 to 30 hours worked,130,138,-8
E01000367,Full-time: 31 to 48 hours worked,616,412,204
E01000367,Full-time: 49 or more hours worked,86,66,20
E01000367,Part-time: 15 hours or less worked,94,64,30
E01000367,Part-time: 16 to 30 hours worked,187,152,35
E01000368,Full-time: 31 to 48 hours worked,484,410,74
E01000368,Full-time: 49 or more hours worked,54,70,-16
E01000368,Part-time: 15 hours or less worked,70,54,16
E01000368,Part-time: 16 to 30 hours worked,144,130,14
E01000369,Full-time: 31 to 48 hours worked,534,503,31
E01000369,Full-time: 49 or more hours worked,73,87,-14
E01000369,Part-time: 15 hours or less worked,67,79,-12
E01000369,Part-time: 16 to 30 hours worked,162,166,-4
E01000370,Full-time: 31 to 48 hours worked,477,456,21
E01000370,Full-time: 49 or more hours worked,69,84,-15
E01000370,Part-time: 15 hours or less worked,67,63,4
E01000370,Part-time: 16 to 30 hours worked,133,160,-27
E01000371,Full-time: 31 to 48 hours worked,515,539,-24
E01000371,Full-time: 49 or more hours worked,92,100,-8
E01000371,Part-time: 15 hours or less worked,77,47,30
E01000371,Part-time: 16 to 30 hours worked,147,146,1
E01000372,Full-time: 31 to 48 hours worked,455,387,68
E01000372,Full-time: 49 or more hours worked,80,80,0
E01000372,Part-time: 15 hours or less worked,69,76,-7
E01000372,Part-time: 16 to 30 hours worked,138,139,-1
E01000373,Full-time: 31 to 48 hours worked,429,330,99
E01000373,Full-time: 49 or more hours worked,48,62,-14
E01000373,Part-time: 15 hours or less worked,51,52,-1
E01000373,Part-time: 16 to 30 hours worked,107,141,-34
E01000374,Full-time: 31 to 48 hours worked,376,347,29
E01000374,Full-time: 49 or more hours worked,69,63,6
E01000374,Part-time: 15 hours or less worked,66,46,20
E01000374,Part-time: 16 to 30 hours worked,139,112,27
E01000375,Full-time: 31 to 48 hours worked,722,436,286
E01000375,Full-time: 49 or more hours worked,101,63,38
E01000375,Part-time: 15 hours or less worked,103,67,36
E01000375,Part-time: 16 to 30 hours worked,180,106,74
E01000376,Full-time: 31 to 48 hours worked,555,462,93
E01000376,Full-time: 49 or more hours worked,74,81,-7
E01000376,Part-time: 15 hours or less worked,83,80,3
E01000376,Part-time: 16 to 30 hours worked,162,130,32
E01000377,Full-time: 31 to 48 hours worked,461,442,19
E01000377,Full-time: 49 or more hours worked,81,89,-8
E01000377,Part-time: 15 hours or less worked,58,54,4
E01000377,Part-time: 16 to 30 hours worked,127,144,-17
E01000379,Full-time: 31 to 48 hours worked,551,501,50
E01000379,Full-time: 49 or more hours worked,89,88,1
E01000379,Part-time: 15 hours or less worked,90,71,19
E01000379,Part-time: 16 to 30 hours worked,144,137,7
E01000380,Full-time: 31 to 48 hours worked,585,476,109
E01000380,Full-time: 49 or more hours worked,76,64,12
E01000380,Part-time: 15 hours or less worked,84,59,25
E01000380,Part-time: 16 to 30 hours worked,168,138,30
E01000381,Full-time: 31 to 48 hours worked,449,467,-18
E01000381,Full-time: 49 or more hours worked,62,87,-25
E01000381,Part-time: 15 hours or less worked,77,63,14
E01000381,Part-time: 16 to 30 hours worked,128,122,6
E01000382,Full-time: 31 to 48 hours worked,445,416,29
E01000382,Full-time: 49 or more hours worked,126,104,22
E01000382,Part-time: 15 hours or less worked,81,83,-2
E01000382,Part-time: 16 to 30 hours worked,113,122,-9
E01000383,Full-time: 31 to 48 hours worked,424,395,29
E01000383,Full-time: 49 or more hours worked,72,89,-17
E01000383,Part-time: 15 hours or less worked,83,73,10
E01000383,Part-time: 16 to 30 hours worked,150,146,4
E01000384,Full-time: 31 to 48 hours worked,553,506,47
E01000384,Full-time: 49 or more hours worked,85,116,-31
E01000384,Part-time: 15 hours or less worked,98,76,22
E01000384,Part-time: 16 to 30 hours worked,130,139,-9
E01000385,Full-time: 31 to 48 hours worked,504,481,23
E01000385,Full-time: 49 or more hours worked,60,102,-42
E01000385,Part-time: 15 hours or less worked,99,68,31
E01000385,Part-time: 16 to 30 hours worked,174,142,32
E01000386,Full-time: 31 to 48 hours worked,382,321,61
E01000386,Full-time: 49 or more hours worked,52,56,-4
E01000386,Part-time: 15 hours or less worked,88,64,24
E01000386,Part-time: 16 to 30 hours worked,113,118,-5
E01000387,Full-time: 31 to 48 hours worked,479,438,41
E01000387,Full-time: 49 or more hours worked,84,83,1
E01000387,Part-time: 15 hours or less worked,57,63,-6
E01000387,Part-time: 16 to 30 hours worked,139,140,-1
E01000388,Full-time: 31 to 48 hours worked,439,407,32
E01000388,Full-time: 49 or more hours worked,61,85,-24
E01000388,Part-time: 15 hours or less worked,81,73,8
E01000388,Part-time: 16 to 30 hours worked,100,117,-17
E01000389,Full-time: 31 to 48 hours worked,512,507,5
E01000389,Full-time: 49 or more hours worked,89,126,-37
E01000389,Part-time: 15 hours or less worked,84,64,20
E01000389,Part-time: 16 to 30 hours worked,122,140,-18
E01000390,Full-time: 31 to 48 hours worked,404,376,28
E01000390,Full-time: 49 or more hours worked,65,83,-18
E01000390,Part-time: 15 hours or less worked,52,56,-4
E01000390,Part-time: 16 to 30 hours worked,110,118,-8
E01000391,Full-time: 31 to 48 hours worked,566,547,19
E01000391,Full-time: 49 or more hours worked,71,92,-21
E01000391,Part-time: 15 hours or less worked,93,82,11
E01000391,Part-time: 16 to 30 hours worked,149,156,-7
E01000392,Full-time: 31 to 48 hours worked,641,461,180
E01000392,Full-time: 49 or more hours worked,65,87,-22
E01000392,Part-time: 15 hours or less worked,90,71,19
E01000392,Part-time: 16 to 30 hours worked,190,160,30
E01000393,Full-time: 31 to 48 hours worked,546,515,31
E01000393,Full-time: 49 or more hours worked,81,107,-26
E01000393,Part-time: 15 hours or less worked,80,69,11
E01000393,Part-time: 16 to 30 hours worked,166,165,1
E01000394,Full-time: 31 to 48 hours worked,502,426,76
E01000394,Full-time: 49 or more hours worked,82,103,-21
E01000394,Part-time: 15 hours or less worked,77,59,18
E01000394,Part-time: 16 to 30 hours worked,121,123,-2
E01000395,Full-time: 31 to 48 hours worked,464,425,39
E01000395,Full-time: 49 or more hours worked,93,95,-2
E01000395,Part-time: 15 hours or less worked,86,82,4
E01000395,Part-time: 16 to 30 hours worked,146,132,14
E01000396,Full-time: 31 to 48 hours worked,492,454,38
E01000396,Full-time: 49 or more hours worked,66,87,-21
E01000396,Part-time: 15 hours or less worked,68,69,-1
E01000396,Part-time: 16 to 30 hours worked,132,128,4
E01000398,Full-time: 31 to 48 hours worked,457,447,10
E01000398,Full-time: 49 or more hours worked,61,72,-11
E01000398,Part-time: 15 hours or less worked,76,54,22
E01000398,Part-time: 16 to 30 hours worked,130,141,-11
E01000399,Full-time: 31 to 48 hours worked,464,450,14
E01000399,Full-time: 49 or more hours worked,88,85,3
E01000399,Part-time: 15 hours or less worked,81,68,13
E01000399,Part-time: 16 to 30 hours worked,138,136,2
E01000400,Full-time: 31 to 48 hours worked,499,470,29
E01000400,Full-time: 49 or more hours worked,68,72,-4
E01000400,Part-time: 15 hours or less worked,81,79,2
E01000400,Part-time: 16 to 30 hours worked,124,134,-10
E01000401,Full-time: 31 to 48 hours worked,469,455,14
E01000401,Full-time: 49 or more hours worked,50,88,-38
E01000401,Part-time: 15 hours or less worked,86,61,25
E01000401,Part-time: 16 to 30 hours worked,160,139,21
E01000402,Full-time: 31 to 48 hours worked,480,446,34
E01000402,Full-time: 49 or more hours worked,52,82,-30
E01000402,Part-time: 15 hours or less worked,59,56,3
E01000402,Part-time: 16 to 30 hours worked,130,115,15
E01000403,Full-time: 31 to 48 hours worked,610,556,54
E01000403,Full-time: 49 or more hours worked,97,86,11
E01000403,Part-time: 15 hours or less worked,89,67,22
E01000403,Part-time: 16 to 30 hours worked,194,157,37
E01000404,Full-time: 31 to 48 hours worked,671,631,40
E01000404,Full-time: 49 or more hours worked,84,137,-53
E01000404,Part-time: 15 hours or less worked,94,79,15
E01000404,Part-time: 16 to 30 hours worked,176,149,27
E01000405,Full-time: 31 to 48 hours worked,465,406,59
E01000405,Full-time: 49 or more hours worked,72,69,3
E01000405,Part-time: 15 hours or less worked,70,58,12
E01000405,Part-time: 16 to 30 hours worked,143,122,21
E01000406,Full-time: 31 to 48 hours worked,693,456,237
E01000406,Full-time: 49 or more hours worked,110,89,21
E01000406,Part-time: 15 hours or less worked,92,59,33
E01000406,Part-time: 16 to 30 hours worked,211,147,64
E01000407,Full-time: 31 to 48 hours worked,554,403,151
E01000407,Full-time: 49 or more hours worked,105,63,42
E01000407,Part-time: 15 hours or less worked,97,54,43
E01000407,Part-time: 16 to 30 hours worked,158,119,39
E01000408,Full-time: 31 to 48 hours worked,549,454,95
E01000408,Full-time: 49 or more hours worked,77,91,-14
E01000408,Part-time: 15 hours or less worked,70,71,-1
E01000408,Part-time: 16 to 30 hours worked,149,135,14
E01000409,Full-time: 31 to 48 hours worked,586,551,35
E01000409,Full-time: 49 or more hours worked,83,97,-14
E01000409,Part-time: 15 hours or less worked,79,63,16
E01000409,Part-time: 16 to 30 hours worked,144,148,-4
E01000410,Full-time: 31 to 48 hours worked,555,500,55
E01000410,Full-time: 49 or more hours worked,88,101,-13
E01000410,Part-time: 15 hours or less worked,97,69,28
E01000410,Part-time: 16 to 30 hours worked,152,149,3
E01000411,Full-time: 31 to 48 hours worked,458,432,26
E01000411,Full-time: 49 or more hours worked,72,71,1
E01000411,Part-time: 15 hours or less worked,76,52,24
E01000411,Part-time: 16 to 30 hours worked,140,149,-9
E01000412,Full-time: 31 to 48 hours worked,601,570,31
E01000412,Full-time: 49 or more hours worked,90,105,-15
E01000412,Part-time: 15 hours or less worked,98,63,35
E01000412,Part-time: 16 to 30 hours worked,163,140,23
E01000413,Full-time: 31 to 48 hours worked,468,441,27
E01000413,Full-time: 49 or more hours worked,54,71,-17
E01000413,Part-time: 15 hours or less worked,58,61,-3
E01000413,Part-time: 16 to 30 hours worked,119,121,-2
E01000414,Full-time: 31 to 48 hours worked,568,481,87
E01000414,Full-time: 49 or more hours worked,104,95,9
E01000414,Part-time: 15 hours or less worked,100,79,21
E01000414,Part-time: 16 to 30 hours worked,149,137,12
E01000415,Full-time: 31 to 48 hours worked,460,470,-10
E01000415,Full-time: 49 or more hours worked,61,82,-21
E01000415,Part-time: 15 hours or less worked,67,70,-3
E01000415,Part-time: 16 to 30 hours worked,133,136,-3
E01000416,Full-time: 31 to 48 hours worked,405,408,-3
E01000416,Full-time: 49 or more hours worked,78,70,8
E01000416,Part-time: 15 hours or less worked,95,53,42
E01000416,Part-time: 16 to 30 hours worked,157,137,20
E01000417,Full-time: 31 to 48 hours worked,515,481,34
E01000417,Full-time: 49 or more hours worked,77,99,-22
E01000417,Part-time: 15 hours or less worked,81,68,13
E01000417,Part-time: 16 to 30 hours worked,149,154,-5
E01000418,Full-time: 31 to 48 hours worked,582,559,23
E01000418,Full-time: 49 or more hours worked,110,107,3
E01000418,Part-time: 15 hours or less worked,79,79,0
E01000418,Part-time: 16 to 30 hours worked,185,177,8
E01000419,Full-time: 31 to 48 hours worked,441,404,37
E01000419,Full-time: 49 or more hours worked,64,75,-11
E01000419,Part-time: 15 hours or less worked,75,65,10
E01000419,Part-time: 16 to 30 hours worked,116,134,-18
E01000420,Full-time: 31 to 48 hours worked,430,452,-22
E01000420,Full-time: 49 or more hours worked,88,92,-4
E01000420,Part-time: 15 hours or less worked,76,71,5
E01000420,Part-time: 16 to 30 hours worked,142,158,-16
E01000421,Full-time: 31 to 48 hours worked,452,411,41
E01000421,Full-time: 49 or more hours worked,68,67,1
E01000421,Part-time: 15 hours or less worked,76,62,14
E01000421,Part-time: 16 to 30 hours worked,140,121,19
E01000422,Full-time: 31 to 48 hours worked,330,372,-42
E01000422,Full-time: 49 or more hours worked,43,63,-20
E01000422,Part-time: 15 hours or less worked,69,67,2
E01000422,Part-time: 16 to 30 hours worked,126,142,-16
E01000423,Full-time: 31 to 48 hours worked,455,470,-15
E01000423,Full-time: 49 or more hours worked,87,101,-14
E01000423,Part-time: 15 hours or less worked,83,91,-8
E01000423,Part-time: 16 to 30 hours worked,134,155,-21
E01000424,Full-time: 31 to 48 hours worked,542,551,-9
E01000424,Full-time: 49 or more hours worked,113,138,-25
E01000424,Part-time: 15 hours or less worked,93,77,16
E01000424,Part-time: 16 to 30 hours worked,123,115,8
E01000425,Full-time: 31 to 48 hours worked,476,468,8
E01000425,Full-time: 49 or more hours worked,101,94,7
E01000425,Part-time: 15 hours or less worked,80,101,-21
E01000425,Part-time: 16 to 30 hours worked,145,159,-14
E01000426,Full-time: 31 to 48 hours worked,589,566,23
E01000426,Full-time: 49 or more hours worked,85,105,-20
E01000426,Part-time: 15 hours or less worked,87,85,2
E01000426,Part-time: 16 to 30 hours worked,153,139,14
E01000427,Full-time: 31 to 48 hours worked,586,524,62
E01000427,Full-time: 49 or more hours worked,96,114,-18
E01000427,Part-time: 15 hours or less worked,86,76,10
E01000427,Part-time: 16 to 30 hours worked,150,157,-7
E01000428,Full-time: 31 to 48 hours worked,534,459,75
E01000428,Full-time: 49 or more hours worked,84,122,-38
E01000428,Part-time: 15 hours or less worked,79,71,8
E01000428,Part-time: 16 to 30 hours worked,154,121,33
E01000429,Full-time: 31 to 48 hours worked,455,410,45
E01000429,Full-time: 49 or more hours worked,53,70,-17
E01000429,Part-time: 15 hours or less worked,67,71,-4
E01000429,Part-time: 16 to 30 hours worked,150,141,9
E01000430,Full-time: 31 to 48 hours worked,625,552,73
E01000430,Full-time: 49 or more hours worked,90,88,2
E01000430,Part-time: 15 hours or less worked,85,51,34
E01000430,Part-time: 16 to 30 hours worked,189,137,52
E01000431,Full-time: 31 to 48 hours worked,316,388,-72
E01000431,Full-time: 49 or more hours worked,33,60,-27
E01000431,Part-time: 15 hours or less worked,38,70,-32
E01000431,Part-time: 16 to 30 hours worked,109,132,-23
E01000433,Full-time: 31 to 48 hours worked,501,420,81
E01000433,Full-time: 49 or more hours worked,66,74,-8
E01000433,Part-time: 15 hours or less worked,88,61,27
E01000433,Part-time: 16 to 30 hours worked,171,134,37
E01000434,Full-time: 31 to 48 hours worked,395,326,69
E01000434,Full-time: 49 or more hours worked,56,61,-5
E01000434,Part-time: 15 hours or less worked,60,59,1
E01000434,Part-time: 16 to 30 hours worked,167,134,33
E01000435,Full-time: 31 to 48 hours worked,429,365,64
E01000435,Full-time: 49 or more hours worked,56,68,-12
E01000435,Part-time: 15 hours or less worked,63,46,17
E01000435,Part-time: 16 to 30 hours worked,115,113,2
E01000436,Full-time: 31 to 48 hours worked,503,495,8
E01000436,Full-time: 49 or more hours worked,100,97,3
E01000436,Part-time: 15 hours or less worked,87,83,4
E01000436,Part-time: 16 to 30 hours worked,178,176,2
E01000437,Full-time: 31 to 48 hours worked,433,358,75
E01000437,Full-time: 49 or more hours worked,73,75,-2
E01000437,Part-time: 15 hours or less worked,73,65,8
E01000437,Part-time: 16 to 30 hours worked,134,132,2
E01000438,Full-time: 31 to 48 hours worked,514,498,16
E01000438,Full-time: 49 or more hours worked,63,92,-29
E01000438,Part-time: 15 hours or less worked,75,70,5
E01000438,Part-time: 16 to 30 hours worked,138,140,-2
E01000439,Full-time: 31 to 48 hours worked,410,402,8
E01000439,Full-time: 49 or more hours worked,59,88,-29
E01000439,Part-time: 15 hours or less worked,56,59,-3
E01000439,Part-time: 16 to 30 hours worked,121,125,-4
E01000440,Full-time: 31 to 48 hours worked,404,417,-13
E01000440,Full-time: 49 or more hours worked,71,81,-10
E01000440,Part-time: 15 hours or less worked,72,73,-1
E01000440,Part-time: 16 to 30 hours worked,130,133,-3
E01000441,Full-time: 31 to 48 hours worked,469,438,31
E01000441,Full-time: 49 or more hours worked,58,88,-30
E01000441,Part-time: 15 hours or less worked,91,67,24
E01000441,Part-time: 16 to 30 hours worked,165,136,29
E01000442,Full-time: 31 to 48 hours worked,513,443,70
E01000442,Full-time: 49 or more hours worked,88,88,0
E01000442,Part-time: 15 hours or less worked,72,79,-7
E01000442,Part-time: 16 to 30 hours worked,144,143,1
E01000443,Full-time: 31 to 48 hours worked,429,366,63
E01000443,Full-time: 49 or more hours worked,68,62,6
E01000443,Part-time: 15 hours or less worked,48,50,-2
E01000443,Part-time: 16 to 30 hours worked,102,118,-16
E01000444,Full-time: 31 to 48 hours worked,423,403,20
E01000444,Full-time: 49 or more hours worked,113,130,-17
E01000444,Part-time: 15 hours or less worked,93,91,2
E01000444,Part-time: 16 to 30 hours worked,134,155,-21
E01000445,Full-time: 31 to 48 hours worked,480,429,51
E01000445,Full-time: 49 or more hours worked,90,107,-17
E01000445,Part-time: 15 hours or less worked,83,75,8
E01000445,Part-time: 16 to 30 hours worked,134,145,-11
E01000446,Full-time: 31 to 48 hours worked,531,547,-16
E01000446,Full-time: 49 or more hours worked,91,109,-18
E01000446,Part-time: 15 hours or less worked,70,84,-14
E01000446,Part-time: 16 to 30 hours worked,147,146,1
E01000447,Full-time: 31 to 48 hours worked,655,497,158
E01000447,Full-time: 49 or more hours worked,155,133,22
E01000447,Part-time: 15 hours or less worked,91,71,20
E01000447,Part-time: 16 to 30 hours worked,155,116,39
E01000448,Full-time: 31 to 48 hours worked,388,362,26
E01000448,Full-time: 49 or more hours worked,80,85,-5
E01000448,Part-time: 15 hours or less worked,65,64,1
E01000448,Part-time: 16 to 30 hours worked,108,123,-15
E01000449,Full-time: 31 to 48 hours worked,412,373,39
E01000449,Full-time: 49 or more hours worked,122,130,-8
E01000449,Part-time: 15 hours or less worked,71,57,14
E01000449,Part-time: 16 to 30 hours worked,87,99,-12
E01000450,Full-time: 31 to 48 hours worked,550,461,89
E01000450,Full-time: 49 or more hours worked,76,93,-17
E01000450,Part-time: 15 hours or less worked,81,82,-1
E01000450,Part-time: 16 to 30 hours worked,159,152,7
E01000451,Full-time: 31 to 48 hours worked,600,555,45
E01000451,Full-time: 49 or more hours worked,74,92,-18
E01000451,Part-time: 15 hours or less worked,90,72,18
E01000451,Part-time: 16 to 30 hours worked,158,150,8
E01000452,Full-time: 31 to 48 hours worked,481,433,48
E01000452,Full-time: 49 or more hours worked,82,88,-6
E01000452,Part-time: 15 hours or less worked,79,83,-4
E01000452,Part-time: 16 to 30 hours worked,143,152,-9
E01000453,Full-time: 31 to 48 hours worked,473,463,10
E01000453,Full-time: 49 or more hours worked,81,91,-10
E01000453,Part-time: 15 hours or less worked,58,72,-14
E01000453,Part-time: 16 to 30 hours worked,146,143,3
E01000454,Full-time: 31 to 48 hours worked,519,485,34
E01000454,Full-time: 49 or more hours worked,69,80,-11
E01000454,Part-time: 15 hours or less worked,55,58,-3
E01000454,Part-time: 16 to 30 hours worked,134,141,-7
E01000455,Full-time: 31 to 48 hours worked,613,530,83
E01000455,Full-time: 49 or more hours worked,63,85,-22
E01000455,Part-time: 15 hours or less worked,72,73,-1
E01000455,Part-time: 16 to 30 hours worked,148,165,-17
E01000456,Full-time: 31 to 48 hours worked,501,457,44
E01000456,Full-time: 49 or more hours worked,54,69,-15
E01000456,Part-time: 15 hours or less worked,52,80,-28
E01000456,Part-time: 16 to 30 hours worked,126,143,-17
E01000457,Full-time: 31 to 48 hours worked,689,546,143
E01000457,Full-time: 49 or more hours worked,123,115,8
E01000457,Part-time: 15 hours or less worked,115,99,16
E01000457,Part-time: 16 to 30 hours worked,139,114,25
E01000458,Full-time: 31 to 48 hours worked,390,397,-7
E01000458,Full-time: 49 or more hours worked,86,95,-9
E01000458,Part-time: 15 hours or less worked,92,86,6
E01000458,Part-time: 16 to 30 hours worked,115,126,-11
E01000459,Full-time: 31 to 48 hours worked,508,420,88
E01000459,Full-time: 49 or more hours worked,94,108,-14
E01000459,Part-time: 15 hours or less worked,110,79,31
E01000459,Part-time: 16 to 30 hours worked,121,110,11
E01000460,Full-time: 31 to 48 hours worked,359,438,-79
E01000460,Full-time: 49 or more hours worked,96,110,-14
E01000460,Part-time: 15 hours or less worked,63,95,-32
E01000460,Part-time: 16 to 30 hours worked,106,114,-8
E01000461,Full-time: 31 to 48 hours worked,480,511,-31
E01000461,Full-time: 49 or more hours worked,99,108,-9
E01000461,Part-time: 15 hours or less worked,102,117,-15
E01000461,Part-time: 16 to 30 hours worked,124,160,-36
E01000462,Full-time: 31 to 48 hours worked,616,441,175
E01000462,Full-time: 49 or more hours worked,99,91,8
E01000462,Part-time: 15 hours or less worked,99,76,23
E01000462,Part-time: 16 to 30 hours worked,139,130,9
E01000463,Full-time: 31 to 48 hours worked,399,395,4
E01000463,Full-time: 49 or more hours worked,68,84,-16
E01000463,Part-time: 15 hours or less worked,58,70,-12
E01000463,Part-time: 16 to 30 hours worked,116,104,12
E01000464,Full-time: 31 to 48 hours worked,397,386,11
E01000464,Full-time: 49 or more hours worked,53,57,-4
E01000464,Part-time: 15 hours or less worked,70,55,15
E01000464,Part-time: 16 to 30 hours worked,137,116,21
E01000465,Full-time: 31 to 48 hours worked,435,395,40
E01000465,Full-time: 49 or more hours worked,57,64,-7
E01000465,Part-time: 15 hours or less worked,91,61,30
E01000465,Part-time: 16 to 30 hours worked,140,129,11
E01000466,Full-time: 31 to 48 hours worked,412,383,29
E01000466,Full-time: 49 or more hours worked,74,63,11
E01000466,Part-time: 15 hours or less worked,81,44,37
E01000466,Part-time: 16 to 30 hours worked,172,140,32
E01000467,Full-time: 31 to 48 hours worked,451,462,-11
E01000467,Full-time: 49 or more hours worked,51,65,-14
E01000467,Part-time: 15 hours or less worked,77,55,22
E01000467,Part-time: 16 to 30 hours worked,145,132,13
E01000468,Full-time: 31 to 48 hours worked,755,747,8
E01000468,Full-time: 49 or more hours worked,122,106,16
E01000468,Part-time: 15 hours or less worked,135,84,51
E01000468,Part-time: 16 to 30 hours worked,271,236,35
E01000469,Full-time: 31 to 48 hours worked,508,480,28
E01000469,Full-time: 49 or more hours worked,78,78,0
E01000469,Part-time: 15 hours or less worked,86,63,23
E01000469,Part-time: 16 to 30 hours worked,157,136,21
E01000470,Full-time: 31 to 48 hours worked,290,333,-43
E01000470,Full-time: 49 or more hours worked,41,43,-2
E01000470,Part-time: 15 hours or less worked,51,36,15
E01000470,Part-time: 16 to 30 hours worked,123,126,-3
E01000471,Full-time: 31 to 48 hours worked,624,536,88
E01000471,Full-time: 49 or more hours worked,66,70,-4
E01000471,Part-time: 15 hours or less worked,81,74,7
E01000471,Part-time: 16 to 30 hours worked,138,133,5
E01000472,Full-time: 31 to 48 hours worked,786,510,276
E01000472,Full-time: 49 or more hours worked,102,74,28
E01000472,Part-time: 15 hours or less worked,118,57,61
E01000472,Part-time: 16 to 30 hours worked,214,123,91
E01000473,Full-time: 31 to 48 hours worked,840,444,396
E01000473,Full-time: 49 or more hours worked,80,46,34
E01000473,Part-time: 15 hours or less worked,142,64,78
E01000473,Part-time: 16 to 30 hours worked,230,105,125
E01000474,Full-time: 31 to 48 hours worked,735,584,151
E01000474,Full-time: 49 or more hours worked,74,68,6
E01000474,Part-time: 15 hours or less worked,115,83,32
E01000474,Part-time: 16 to 30 hours worked,181,174,7
E01000475,Full-time: 31 to 48 hours worked,613,625,-12
E01000475,Full-time: 49 or more hours worked,81,76,5
E01000475,Part-time: 15 hours or less worked,121,87,34
E01000475,Part-time: 16 to 30 hours worked,200,183,17
E01000476,Full-time: 31 to 48 hours worked,728,509,219
E01000476,Full-time: 49 or more hours worked,70,75,-5
E01000476,Part-time: 15 hours or less worked,108,81,27
E01000476,Part-time: 16 to 30 hours worked,168,108,60
E01000477,Full-time: 31 to 48 hours worked,785,591,194
E01000477,Full-time: 49 or more hours worked,96,88,8
E01000477,Part-time: 15 hours or less worked,108,90,18
E01000477,Part-time: 16 to 30 hours worked,200,152,48
E01000478,Full-time: 31 to 48 hours worked,789,700,89
E01000478,Full-time: 49 or more hours worked,79,88,-9
E01000478,Part-time: 15 hours or less worked,125,84,41
E01000478,Part-time: 16 to 30 hours worked,206,190,16
E01000479,Full-time: 31 to 48 hours worked,434,416,18
E01000479,Full-time: 49 or more hours worked,102,118,-16
E01000479,Part-time: 15 hours or less worked,111,68,43
E01000479,Part-time: 16 to 30 hours worked,145,137,8
E01000480,Full-time: 31 to 48 hours worked,460,486,-26
E01000480,Full-time: 49 or more hours worked,122,144,-22
E01000480,Part-time: 15 hours or less worked,86,87,-1
E01000480,Part-time: 16 to 30 hours worked,125,147,-22
E01000481,Full-time: 31 to 48 hours worked,410,421,-11
E01000481,Full-time: 49 or more hours worked,61,90,-29
E01000481,Part-time: 15 hours or less worked,111,71,40
E01000481,Part-time: 16 to 30 hours worked,165,119,46
E01000483,Full-time: 31 to 48 hours worked,412,401,11
E01000483,Full-time: 49 or more hours worked,66,57,9
E01000483,Part-time: 15 hours or less worked,109,67,42
E01000483,Part-time: 16 to 30 hours worked,177,168,9
E01000484,Full-time: 31 to 48 hours worked,405,300,105
E01000484,Full-time: 49 or more hours worked,56,47,9
E01000484,Part-time: 15 hours or less worked,102,43,59
E01000484,Part-time: 16 to 30 hours worked,172,107,65
E01000485,Full-time: 31 to 48 hours worked,399,395,4
E01000485,Full-time: 49 or more hours worked,80,70,10
E01000485,Part-time: 15 hours or less worked,79,45,34
E01000485,Part-time: 16 to 30 hours worked,139,126,13
E01000486,Full-time: 31 to 48 hours worked,436,566,-130
E01000486,Full-time: 49 or more hours worked,93,121,-28
E01000486,Part-time: 15 hours or less worked,94,123,-29
E01000486,Part-time: 16 to 30 hours worked,146,191,-45
E01000487,Full-time: 31 to 48 hours worked,471,424,47
E01000487,Full-time: 49 or more hours worked,111,92,19
E01000487,Part-time: 15 hours or less worked,137,61,76
E01000487,Part-time: 16 to 30 hours worked,180,114,66
E01000488,Full-time: 31 to 48 hours worked,462,394,68
E01000488,Full-time: 49 or more hours worked,120,132,-12
E01000488,Part-time: 15 hours or less worked,90,75,15
E01000488,Part-time: 16 to 30 hours worked,190,162,28
E01000489,Full-time: 31 to 48 hours worked,419,466,-47
E01000489,Full-time: 49 or more hours worked,134,113,21
E01000489,Part-time: 15 hours or less worked,143,71,72
E01000489,Part-time: 16 to 30 hours worked,153,142,11
E01000490,Full-time: 31 to 48 hours worked,618,637,-19
E01000490,Full-time: 49 or more hours worked,146,200,-54
E01000490,Part-time: 15 hours or less worked,79,73,6
E01000490,Part-time: 16 to 30 hours worked,157,133,24
E01000491,Full-time: 31 to 48 hours worked,574,547,27
E01000491,Full-time: 49 or more hours worked,175,199,-24
E01000491,Part-time: 15 hours or less worked,117,80,37
E01000491,Part-time: 16 to 30 hours worked,165,142,23
E01000492,Full-time: 31 to 48 hours worked,340,398,-58
E01000492,Full-time: 49 or more hours worked,113,102,11
E01000492,Part-time: 15 hours or less worked,75,55,20
E01000492,Part-time: 16 to 30 hours worked,115,131,-16
E01000493,Full-time: 31 to 48 hours worked,456,474,-18
E01000493,Full-time: 49 or more hours worked,100,125,-25
E01000493,Part-time: 15 hours or less worked,99,70,29
E01000493,Part-time: 16 to 30 hours worked,147,162,-15
E01000494,Full-time: 31 to 48 hours worked,475,546,-71
E01000494,Full-time: 49 or more hours worked,127,149,-22
E01000494,Part-time: 15 hours or less worked,73,63,10
E01000494,Part-time: 16 to 30 hours worked,121,126,-5
E01000495,Full-time: 31 to 48 hours worked,482,510,-28
E01000495,Full-time: 49 or more hours worked,108,149,-41
E01000495,Part-time: 15 hours or less worked,79,52,27
E01000495,Part-time: 16 to 30 hours worked,133,142,-9
E01000497,Full-time: 31 to 48 hours worked,595,429,166
E01000497,Full-time: 49 or more hours worked,97,116,-19
E01000497,Part-time: 15 hours or less worked,103,75,28
E01000497,Part-time: 16 to 30 hours worked,200,151,49
E01000498,Full-time: 31 to 48 hours worked,305,372,-67
E01000498,Full-time: 49 or more hours worked,52,57,-5
E01000498,Part-time: 15 hours or less worked,100,71,29
E01000498,Part-time: 16 to 30 hours worked,164,138,26
E01000499,Full-time: 31 to 48 hours worked,408,392,16
E01000499,Full-time: 49 or more hours worked,52,53,-1
E01000499,Part-time: 15 hours or less worked,99,72,27
E01000499,Part-time: 16 to 30 hours worked,195,142,53
E01000501,Full-time: 31 to 48 hours worked,429,419,10
E01000501,Full-time: 49 or more hours worked,71,82,-11
E01000501,Part-time: 15 hours or less worked,114,72,42
E01000501,Part-time: 16 to 30 hours worked,235,144,91
E01000502,Full-time: 31 to 48 hours worked,373,327,46
E01000502,Full-time: 49 or more hours worked,72,81,-9
E01000502,Part-time: 15 hours or less worked,92,43,49
E01000502,Part-time: 16 to 30 hours worked,191,124,67
E01000503,Full-time: 31 to 48 hours worked,518,500,18
E01000503,Full-time: 49 or more hours worked,94,111,-17
E01000503,Part-time: 15 hours or less worked,126,80,46
E01000503,Part-time: 16 to 30 hours worked,183,208,-25
E01000504,Full-time: 31 to 48 hours worked,512,586,-74
E01000504,Full-time: 49 or more hours worked,144,161,-17
E01000504,Part-time: 15 hours or less worked,130,76,54
E01000504,Part-time: 16 to 30 hours worked,149,137,12
E01000505,Full-time: 31 to 48 hours worked,388,459,-71
E01000505,Full-time: 49 or more hours worked,82,108,-26
E01000505,Part-time: 15 hours or less worked,115,68,47
E01000505,Part-time: 16 to 30 hours worked,126,126,0
E01000506,Full-time: 31 to 48 hours worked,441,483,-42
E01000506,Full-time: 49 or more hours worked,71,68,3
E01000506,Part-time: 15 hours or less worked,103,69,34
E01000506,Part-time: 16 to 30 hours worked,167,158,9
E01000507,Full-time: 31 to 48 hours worked,423,449,-26
E01000507,Full-time: 49 or more hours worked,97,96,1
E01000507,Part-time: 15 hours or less worked,92,76,16
E01000507,Part-time: 16 to 30 hours worked,148,175,-27
E01000508,Full-time: 31 to 48 hours worked,494,420,74
E01000508,Full-time: 49 or more hours worked,80,71,9
E01000508,Part-time: 15 hours or less worked,116,79,37
E01000508,Part-time: 16 to 30 hours worked,229,174,55
E01000509,Full-time: 31 to 48 hours worked,327,382,-55
E01000509,Full-time: 49 or more hours worked,58,81,-23
E01000509,Part-time: 15 hours or less worked,78,57,21
E01000509,Part-time: 16 to 30 hours worked,134,110,24
E01000510,Full-time: 31 to 48 hours worked,365,446,-81
E01000510,Full-time: 49 or more hours worked,72,71,1
E01000510,Part-time: 15 hours or less worked,84,90,-6
E01000510,Part-time: 16 to 30 hours worked,165,140,25
E01000511,Full-time: 31 to 48 hours worked,352,385,-33
E01000511,Full-time: 49 or more hours worked,73,91,-18
E01000511,Part-time: 15 hours or less worked,141,61,80
E01000511,Part-time: 16 to 30 hours worked,172,168,4
E01000512,Full-time: 31 to 48 hours worked,448,592,-144
E01000512,Full-time: 49 or more hours worked,104,138,-34
E01000512,Part-time: 15 hours or less worked,119,73,46
E01000512,Part-time: 16 to 30 hours worked,129,176,-47
E01000513,Full-time: 31 to 48 hours worked,423,462,-39
E01000513,Full-time: 49 or more hours worked,89,82,7
E01000513,Part-time: 15 hours or less worked,89,84,5
E01000513,Part-time: 16 to 30 hours worked,165,157,8
E01000514,Full-time: 31 to 48 hours worked,470,452,18
E01000514,Full-time: 49 or more hours worked,96,116,-20
E01000514,Part-time: 15 hours or less worked,92,79,13
E01000514,Part-time: 16 to 30 hours worked,132,143,-11
E01000515,Full-time: 31 to 48 hours worked,484,444,40
E01000515,Full-time: 49 or more hours worked,100,83,17
E01000515,Part-time: 15 hours or less worked,100,71,29
E01000515,Part-time: 16 to 30 hours worked,197,156,41
E01000516,Full-time: 31 to 48 hours worked,722,471,251
E01000516,Full-time: 49 or more hours worked,155,102,53
E01000516,Part-time: 15 hours or less worked,136,90,46
E01000516,Part-time: 16 to 30 hours worked,188,181,7
E01000517,Full-time: 31 to 48 hours worked,472,462,10
E01000517,Full-time: 49 or more hours worked,86,105,-19
E01000517,Part-time: 15 hours or less worked,79,77,2
E01000517,Part-time: 16 to 30 hours worked,132,131,1
E01000518,Full-time: 31 to 48 hours worked,489,419,70
E01000518,Full-time: 49 or more hours worked,107,91,16
E01000518,Part-time: 15 hours or less worked,127,73,54
E01000518,Part-time: 16 to 30 hours worked,199,138,61
E01000519,Full-time: 31 to 48 hours worked,519,489,30
E01000519,Full-time: 49 or more hours worked,112,99,13
E01000519,Part-time: 15 hours or less worked,125,75,50
E01000519,Part-time: 16 to 30 hours worked,202,166,36
E01000520,Full-time: 31 to 48 hours worked,416,396,20
E01000520,Full-time: 49 or more hours worked,88,97,-9
E01000520,Part-time: 15 hours or less worked,91,72,19
E01000520,Part-time: 16 to 30 hours worked,145,142,3
E01000521,Full-time: 31 to 48 hours worked,449,456,-7
E01000521,Full-time: 49 or more hours worked,80,71,9
E01000521,Part-time: 15 hours or less worked,149,98,51
E01000521,Part-time: 16 to 30 hours worked,243,205,38
E01000522,Full-time: 31 to 48 hours worked,436,444,-8
E01000522,Full-time: 49 or more hours worked,91,55,36
E01000522,Part-time: 15 hours or less worked,105,74,31
E01000522,Part-time: 16 to 30 hours worked,206,190,16
E01000523,Full-time: 31 to 48 hours worked,536,688,-152
E01000523,Full-time: 49 or more hours worked,95,116,-21
E01000523,Part-time: 15 hours or less worked,139,106,33
E01000523,Part-time: 16 to 30 hours worked,255,248,7
E01000524,Full-time: 31 to 48 hours worked,547,554,-7
E01000524,Full-time: 49 or more hours worked,106,109,-3
E01000524,Part-time: 15 hours or less worked,158,128,30
E01000524,Part-time: 16 to 30 hours worked,252,252,0
E01000525,Full-time: 31 to 48 hours worked,477,493,-16
E01000525,Full-time: 49 or more hours worked,78,65,13
E01000525,Part-time: 15 hours or less worked,101,84,17
E01000525,Part-time: 16 to 30 hours worked,196,207,-11
E01000526,Full-time: 31 to 48 hours worked,448,477,-29
E01000526,Full-time: 49 or more hours worked,54,50,4
E01000526,Part-time: 15 hours or less worked,129,88,41
E01000526,Part-time: 16 to 30 hours worked,225,200,25
E01000527,Full-time: 31 to 48 hours worked,373,511,-138
E01000527,Full-time: 49 or more hours worked,79,69,10
E01000527,Part-time: 15 hours or less worked,94,73,21
E01000527,Part-time: 16 to 30 hours worked,179,205,-26
E01000528,Full-time: 31 to 48 hours worked,429,285,144
E01000528,Full-time: 49 or more hours worked,72,44,28
E01000528,Part-time: 15 hours or less worked,94,69,25
E01000528,Part-time: 16 to 30 hours worked,157,153,4
E01000530,Full-time: 31 to 48 hours worked,579,630,-51
E01000530,Full-time: 49 or more hours worked,127,141,-14
E01000530,Part-time: 15 hours or less worked,90,79,11
E01000530,Part-time: 16 to 30 hours worked,147,186,-39
E01000531,Full-time: 31 to 48 hours worked,497,651,-154
E01000531,Full-time: 49 or more hours worked,118,146,-28
E01000531,Part-time: 15 hours or less worked,100,104,-4
E01000531,Part-time: 16 to 30 hours worked,150,194,-44
E01000532,Full-time: 31 to 48 hours worked,483,586,-103
E01000532,Full-time: 49 or more hours worked,156,153,3
E01000532,Part-time: 15 hours or less worked,80,75,5
E01000532,Part-time: 16 to 30 hours worked,115,117,-2
E01000533,Full-time: 31 to 48 hours worked,471,593,-122
E01000533,Full-time: 49 or more hours worked,91,132,-41
E01000533,Part-time: 15 hours or less worked,125,77,48
E01000533,Part-time: 16 to 30 hours worked,229,236,-7
E01000534,Full-time: 31 to 48 hours worked,525,508,17
E01000534,Full-time: 49 or more hours worked,123,116,7
E01000534,Part-time: 15 hours or less worked,112,93,19
E01000534,Part-time: 16 to 30 hours worked,173,156,17
E01000535,Full-time: 31 to 48 hours worked,598,668,-70
E01000535,Full-time: 49 or more hours worked,113,131,-18
E01000535,Part-time: 15 hours or less worked,129,112,17
E01000535,Part-time: 16 to 30 hours worked,212,208,4
E01000536,Full-time: 31 to 48 hours worked,429,448,-19
E01000536,Full-time: 49 or more hours worked,76,107,-31
E01000536,Part-time: 15 hours or less worked,87,96,-9
E01000536,Part-time: 16 to 30 hours worked,137,135,2
E01000538,Full-time: 31 to 48 hours worked,417,414,3
E01000538,Full-time: 49 or more hours worked,121,125,-4
E01000538,Part-time: 15 hours or less worked,87,78,9
E01000538,Part-time: 16 to 30 hours worked,129,157,-28
E01000539,Full-time: 31 to 48 hours worked,421,473,-52
E01000539,Full-time: 49 or more hours worked,128,113,15
E01000539,Part-time: 15 hours or less worked,82,63,19
E01000539,Part-time: 16 to 30 hours worked,125,113,12
E01000540,Full-time: 31 to 48 hours worked,418,417,1
E01000540,Full-time: 49 or more hours worked,105,120,-15
E01000540,Part-time: 15 hours or less worked,75,69,6
E01000540,Part-time: 16 to 30 hours worked,136,134,2
E01000541,Full-time: 31 to 48 hours worked,383,410,-27
E01000541,Full-time: 49 or more hours worked,102,102,0
E01000541,Part-time: 15 hours or less worked,93,58,35
E01000541,Part-time: 16 to 30 hours worked,127,154,-27
E01000543,Full-time: 31 to 48 hours worked,503,461,42
E01000543,Full-time: 49 or more hours worked,81,84,-3
E01000543,Part-time: 15 hours or less worked,79,84,-5
E01000543,Part-time: 16 to 30 hours worked,132,135,-3
E01000544,Full-time: 31 to 48 hours worked,481,486,-5
E01000544,Full-time: 49 or more hours worked,130,83,47
E01000544,Part-time: 15 hours or less worked,124,78,46
E01000544,Part-time: 16 to 30 hours worked,136,145,-9
E01000545,Full-time: 31 to 48 hours worked,619,670,-51
E01000545,Full-time: 49 or more hours worked,142,205,-63
E01000545,Part-time: 15 hours or less worked,97,79,18
E01000545,Part-time: 16 to 30 hours worked,193,196,-3
E01000546,Full-time: 31 to 48 hours worked,484,563,-79
E01000546,Full-time: 49 or more hours worked,126,185,-59
E01000546,Part-time: 15 hours or less worked,108,81,27
E01000546,Part-time: 16 to 30 hours worked,157,141,16
E01000547,Full-time: 31 to 48 hours worked,525,581,-56
E01000547,Full-time: 49 or more hours worked,148,153,-5
E01000547,Part-time: 15 hours or less worked,78,64,14
E01000547,Part-time: 16 to 30 hours worked,123,156,-33
E01000548,Full-time: 31 to 48 hours worked,708,766,-58
E01000548,Full-time: 49 or more hours worked,131,245,-114
E01000548,Part-time: 15 hours or less worked,135,74,61
E01000548,Part-time: 16 to 30 hours worked,158,141,17
E01000549,Full-time: 31 to 48 hours worked,615,710,-95
E01000549,Full-time: 49 or more hours worked,238,253,-15
E01000549,Part-time: 15 hours or less worked,121,60,61
E01000549,Part-time: 16 to 30 hours worked,149,173,-24
E01000550,Full-time: 31 to 48 hours worked,561,567,-6
E01000550,Full-time: 49 or more hours worked,114,136,-22
E01000550,Part-time: 15 hours or less worked,102,91,11
E01000550,Part-time: 16 to 30 hours worked,153,148,5
E01000551,Full-time: 31 to 48 hours worked,728,461,267
E01000551,Full-time: 49 or more hours worked,139,89,50
E01000551,Part-time: 15 hours or less worked,171,74,97
E01000551,Part-time: 16 to 30 hours worked,285,193,92
E01000552,Full-time: 31 to 48 hours worked,350,346,4
E01000552,Full-time: 49 or more hours worked,67,51,16
E01000552,Part-time: 15 hours or less worked,66,90,-24
E01000552,Part-time: 16 to 30 hours worked,152,162,-10
E01000553,Full-time: 31 to 48 hours worked,623,633,-10
E01000553,Full-time: 49 or more hours worked,105,138,-33
E01000553,Part-time: 15 hours or less worked,131,113,18
E01000553,Part-time: 16 to 30 hours worked,215,183,32
E01000554,Full-time: 31 to 48 hours worked,515,563,-48
E01000554,Full-time: 49 or more hours worked,117,137,-20
E01000554,Part-time: 15 hours or less worked,113,72,41
E01000554,Part-time: 16 to 30 hours worked,216,168,48
E01000555,Full-time: 31 to 48 hours worked,413,413,0
E01000555,Full-time: 49 or more hours worked,134,139,-5
E01000555,Part-time: 15 hours or less worked,89,67,22
E01000555,Part-time: 16 to 30 hours worked,122,128,-6
E01000556,Full-time: 31 to 48 hours worked,682,604,78
E01000556,Full-time: 49 or more hours worked,106,138,-32
E01000556,Part-time: 15 hours or less worked,92,110,-18
E01000556,Part-time: 16 to 30 hours worked,242,173,69
E01000557,Full-time: 31 to 48 hours worked,518,628,-110
E01000557,Full-time: 49 or more hours worked,106,134,-28
E01000557,Part-time: 15 hours or less worked,146,110,36
E01000557,Part-time: 16 to 30 hours worked,165,186,-21
E01000558,Full-time: 31 to 48 hours worked,356,486,-130
E01000558,Full-time: 49 or more hours worked,117,155,-38
E01000558,Part-time: 15 hours or less worked,91,74,17
E01000558,Part-time: 16 to 30 hours worked,112,134,-22
E01000559,Full-time: 31 to 48 hours worked,450,509,-59
E01000559,Full-time: 49 or more hours worked,131,126,5
E01000559,Part-time: 15 hours or less worked,91,69,22
E01000559,Part-time: 16 to 30 hours worked,98,131,-33
E01000560,Full-time: 31 to 48 hours worked,454,549,-95
E01000560,Full-time: 49 or more hours worked,143,197,-54
E01000560,Part-time: 15 hours or less worked,107,77,30
E01000560,Part-time: 16 to 30 hours worked,150,124,26
E01000561,Full-time: 31 to 48 hours worked,574,583,-9
E01000561,Full-time: 49 or more hours worked,132,179,-47
E01000561,Part-time: 15 hours or less worked,109,83,26
E01000561,Part-time: 16 to 30 hours worked,168,148,20
E01000562,Full-time: 31 to 48 hours worked,405,348,57
E01000562,Full-time: 49 or more hours worked,108,122,-14
E01000562,Part-time: 15 hours or less worked,90,67,23
E01000562,Part-time: 16 to 30 hours worked,134,111,23
E01000563,Full-time: 31 to 48 hours worked,469,422,47
E01000563,Full-time: 49 or more hours worked,101,114,-13
E01000563,Part-time: 15 hours or less worked,108,51,57
E01000563,Part-time: 16 to 30 hours worked,135,131,4
E01000564,Full-time: 31 to 48 hours worked,457,352,105
E01000564,Full-time: 49 or more hours worked,79,51,28
E01000564,Part-time: 15 hours or less worked,75,47,28
E01000564,Part-time: 16 to 30 hours worked,171,124,47
E01000565,Full-time: 31 to 48 hours worked,400,378,22
E01000565,Full-time: 49 or more hours worked,55,75,-20
E01000565,Part-time: 15 hours or less worked,66,77,-11
E01000565,Part-time: 16 to 30 hours worked,136,128,8
E01000566,Full-time: 31 to 48 hours worked,468,462,6
E01000566,Full-time: 49 or more hours worked,86,99,-13
E01000566,Part-time: 15 hours or less worked,93,55,38
E01000566,Part-time: 16 to 30 hours worked,133,120,13
E01000567,Full-time: 31 to 48 hours worked,371,452,-81
E01000567,Full-time: 49 or more hours worked,75,91,-16
E01000567,Part-time: 15 hours or less worked,70,87,-17
E01000567,Part-time: 16 to 30 hours worked,133,155,-22
E01000568,Full-time: 31 to 48 hours worked,779,799,-20
E01000568,Full-time: 49 or more hours worked,74,96,-22
E01000568,Part-time: 15 hours or less worked,143,129,14
E01000568,Part-time: 16 to 30 hours worked,143,139,4
E01000569,Full-time: 31 to 48 hours worked,447,442,5
E01000569,Full-time: 49 or more hours worked,74,118,-44
E01000569,Part-time: 15 hours or less worked,81,91,-10
E01000569,Part-time: 16 to 30 hours worked,139,152,-13
E01000570,Full-time: 31 to 48 hours worked,454,436,18
E01000570,Full-time: 49 or more hours worked,58,66,-8
E01000570,Part-time: 15 hours or less worked,89,66,23
E01000570,Part-time: 16 to 30 hours worked,164,145,19
E01000571,Full-time: 31 to 48 hours worked,510,406,104
E01000571,Full-time: 49 or more hours worked,123,109,14
E01000571,Part-time: 15 hours or less worked,117,81,36
E01000571,Part-time: 16 to 30 hours worked,152,147,5
E01000572,Full-time: 31 to 48 hours worked,440,446,-6
E01000572,Full-time: 49 or more hours worked,74,74,0
E01000572,Part-time: 15 hours or less worked,72,78,-6
E01000572,Part-time: 16 to 30 hours worked,127,120,7
E01000573,Full-time: 31 to 48 hours worked,503,455,48
E01000573,Full-time: 49 or more hours worked,103,89,14
E01000573,Part-time: 15 hours or less worked,87,65,22
E01000573,Part-time: 16 to 30 hours worked,131,111,20
E01000574,Full-time: 31 to 48 hours worked,494,403,91
E01000574,Full-time: 49 or more hours worked,131,88,43
E01000574,Part-time: 15 hours or less worked,96,48,48
E01000574,Part-time: 16 to 30 hours worked,135,124,11
E01000575,Full-time: 31 to 48 hours worked,645,606,39
E01000575,Full-time: 49 or more hours worked,194,122,72
E01000575,Part-time: 15 hours or less worked,136,101,35
E01000575,Part-time: 16 to 30 hours worked,220,140,80
E01000576,Full-time: 31 to 48 hours worked,491,477,14
E01000576,Full-time: 49 or more hours worked,165,99,66
E01000576,Part-time: 15 hours or less worked,137,86,51
E01000576,Part-time: 16 to 30 hours worked,171,144,27
E01000577,Full-time: 31 to 48 hours worked,645,621,24
E01000577,Full-time: 49 or more hours worked,90,112,-22
E01000577,Part-time: 15 hours or less worked,142,82,60
E01000577,Part-time: 16 to 30 hours worked,238,185,53
E01000578,Full-time: 31 to 48 hours worked,547,517,30
E01000578,Full-time: 49 or more hours worked,117,95,22
E01000578,Part-time: 15 hours or less worked,107,53,54
E01000578,Part-time: 16 to 30 hours worked,192,154,38
E01000579,Full-time: 31 to 48 hours worked,526,545,-19
E01000579,Full-time: 49 or more hours worked,126,186,-60
E01000579,Part-time: 15 hours or less worked,69,64,5
E01000579,Part-time: 16 to 30 hours worked,143,133,10
E01000580,Full-time: 31 to 48 hours worked,521,575,-54
E01000580,Full-time: 49 or more hours worked,216,250,-34
E01000580,Part-time: 15 hours or less worked,112,67,45
E01000580,Part-time: 16 to 30 hours worked,158,185,-27
E01000581,Full-time: 31 to 48 hours worked,400,529,-129
E01000581,Full-time: 49 or more hours worked,127,165,-38
E01000581,Part-time: 15 hours or less worked,97,70,27
E01000581,Part-time: 16 to 30 hours worked,141,107,34
E01000582,Full-time: 31 to 48 hours worked,483,570,-87
E01000582,Full-time: 49 or more hours worked,232,238,-6
E01000582,Part-time: 15 hours or less worked,88,70,18
E01000582,Part-time: 16 to 30 hours worked,121,156,-35
E01000583,Full-time: 31 to 48 hours worked,621,782,-161
E01000583,Full-time: 49 or more hours worked,198,283,-85
E01000583,Part-time: 15 hours or less worked,132,92,40
E01000583,Part-time: 16 to 30 hours worked,161,183,-22
E01000584,Full-time: 31 to 48 hours worked,449,534,-85
E01000584,Full-time: 49 or more hours worked,136,131,5
E01000584,Part-time: 15 hours or less worked,94,82,12
E01000584,Part-time: 16 to 30 hours worked,125,158,-33
E01000585,Full-time: 31 to 48 hours worked,475,593,-118
E01000585,Full-time: 49 or more hours worked,139,192,-53
E01000585,Part-time: 15 hours or less worked,90,86,4
E01000585,Part-time: 16 to 30 hours worked,144,149,-5
E01000586,Full-time: 31 to 48 hours worked,814,896,-82
E01000586,Full-time: 49 or more hours worked,230,238,-8
E01000586,Part-time: 15 hours or less worked,170,110,60
E01000586,Part-time: 16 to 30 hours worked,185,235,-50
E01000587,Full-time: 31 to 48 hours worked,490,460,30
E01000587,Full-time: 49 or more hours worked,104,89,15
E01000587,Part-time: 15 hours or less worked,73,84,-11
E01000587,Part-time: 16 to 30 hours worked,162,146,16
E01000589,Full-time: 31 to 48 hours worked,764,575,189
E01000589,Full-time: 49 or more hours worked,150,97,53
E01000589,Part-time: 15 hours or less worked,142,97,45
E01000589,Part-time: 16 to 30 hours worked,210,170,40
E01000590,Full-time: 31 to 48 hours worked,553,493,60
E01000590,Full-time: 49 or more hours worked,142,118,24
E01000590,Part-time: 15 hours or less worked,104,79,25
E01000590,Part-time: 16 to 30 hours worked,170,165,5
E01000591,Full-time: 31 to 48 hours worked,568,592,-24
E01000591,Full-time: 49 or more hours worked,157,87,70
E01000591,Part-time: 15 hours or less worked,122,107,15
E01000591,Part-time: 16 to 30 hours worked,207,161,46
E01000592,Full-time: 31 to 48 hours worked,548,496,52
E01000592,Full-time: 49 or more hours worked,126,86,40
E01000592,Part-time: 15 hours or less worked,97,65,32
E01000592,Part-time: 16 to 30 hours worked,189,146,43
E01000593,Full-time: 31 to 48 hours worked,587,639,-52
E01000593,Full-time: 49 or more hours worked,115,121,-6
E01000593,Part-time: 15 hours or less worked,130,90,40
E01000593,Part-time: 16 to 30 hours worked,183,189,-6
E01000594,Full-time: 31 to 48 hours worked,536,478,58
E01000594,Full-time: 49 or more hours worked,114,75,39
E01000594,Part-time: 15 hours or less worked,121,85,36
E01000594,Part-time: 16 to 30 hours worked,169,178,-9
E01000595,Full-time: 31 to 48 hours worked,286,311,-25
E01000595,Full-time: 49 or more hours worked,32,54,-22
E01000595,Part-time: 15 hours or less worked,84,51,33
E01000595,Part-time: 16 to 30 hours worked,243,128,115
E01000596,Full-time: 31 to 48 hours worked,301,292,9
E01000596,Full-time: 49 or more hours worked,63,51,12
E01000596,Part-time: 15 hours or less worked,86,65,21
E01000596,Part-time: 16 to 30 hours worked,184,135,49
E01000599,Full-time: 31 to 48 hours worked,505,313,192
E01000599,Full-time: 49 or more hours worked,61,46,15
E01000599,Part-time: 15 hours or less worked,67,55,12
E01000599,Part-time: 16 to 30 hours worked,165,108,57
E01000601,Full-time: 31 to 48 hours worked,244,269,-25
E01000601,Full-time: 49 or more hours worked,23,57,-34
E01000601,Part-time: 15 hours or less worked,66,58,8
E01000601,Part-time: 16 to 30 hours worked,132,131,1
E01000602,Full-time: 31 to 48 hours worked,309,327,-18
E01000602,Full-time: 49 or more hours worked,28,36,-8
E01000602,Part-time: 15 hours or less worked,61,57,4
E01000602,Part-time: 16 to 30 hours worked,158,128,30
E01000603,Full-time: 31 to 48 hours worked,294,376,-82
E01000603,Full-time: 49 or more hours worked,38,53,-15
E01000603,Part-time: 15 hours or less worked,65,50,15
E01000603,Part-time: 16 to 30 hours worked,150,138,12
E01000604,Full-time: 31 to 48 hours worked,378,345,33
E01000604,Full-time: 49 or more hours worked,49,38,11
E01000604,Part-time: 15 hours or less worked,78,63,15
E01000604,Part-time: 16 to 30 hours worked,165,160,5
E01000605,Full-time: 31 to 48 hours worked,306,322,-16
E01000605,Full-time: 49 or more hours worked,51,36,15
E01000605,Part-time: 15 hours or less worked,70,46,24
E01000605,Part-time: 16 to 30 hours worked,146,161,-15
E01000606,Full-time: 31 to 48 hours worked,520,488,32
E01000606,Full-time: 49 or more hours worked,77,87,-10
E01000606,Part-time: 15 hours or less worked,83,86,-3
E01000606,Part-time: 16 to 30 hours worked,182,149,33
E01000607,Full-time: 31 to 48 hours worked,735,600,135
E01000607,Full-time: 49 or more hours worked,119,94,25
E01000607,Part-time: 15 hours or less worked,102,98,4
E01000607,Part-time: 16 to 30 hours worked,245,241,4
E01000608,Full-time: 31 to 48 hours worked,690,616,74
E01000608,Full-time: 49 or more hours worked,96,81,15
E01000608,Part-time: 15 hours or less worked,124,114,10
E01000608,Part-time: 16 to 30 hours worked,235,270,-35
E01000609,Full-time: 31 to 48 hours worked,641,603,38
E01000609,Full-time: 49 or more hours worked,85,90,-5
E01000609,Part-time: 15 hours or less worked,94,87,7
E01000609,Part-time: 16 to 30 hours worked,187,177,10
E01000610,Full-time: 31 to 48 hours worked,633,533,100
E01000610,Full-time: 49 or more hours worked,63,95,-32
E01000610,Part-time: 15 hours or less worked,95,92,3
E01000610,Part-time: 16 to 30 hours worked,198,182,16
E01000611,Full-time: 31 to 48 hours worked,637,416,221
E01000611,Full-time: 49 or more hours worked,83,53,30
E01000611,Part-time: 15 hours or less worked,97,58,39
E01000611,Part-time: 16 to 30 hours worked,175,144,31
E01000612,Full-time: 31 to 48 hours worked,503,493,10
E01000612,Full-time: 49 or more hours worked,67,69,-2
E01000612,Part-time: 15 hours or less worked,104,80,24
E01000612,Part-time: 16 to 30 hours worked,169,175,-6
E01000613,Full-time: 31 to 48 hours worked,507,585,-78
E01000613,Full-time: 49 or more hours worked,67,111,-44
E01000613,Part-time: 15 hours or less worked,88,94,-6
E01000613,Part-time: 16 to 30 hours worked,169,198,-29
E01000615,Full-time: 31 to 48 hours worked,719,526,193
E01000615,Full-time: 49 or more hours worked,118,61,57
E01000615,Part-time: 15 hours or less worked,220,69,151
E01000615,Part-time: 16 to 30 hours worked,259,123,136
E01000616,Full-time: 31 to 48 hours worked,658,554,104
E01000616,Full-time: 49 or more hours worked,103,120,-17
E01000616,Part-time: 15 hours or less worked,103,88,15
E01000616,Part-time: 16 to 30 hours worked,200,165,35
E01000617,Full-time: 31 to 48 hours worked,762,504,258
E01000617,Full-time: 49 or more hours worked,97,88,9
E01000617,Part-time: 15 hours or less worked,88,72,16
E01000617,Part-time: 16 to 30 hours worked,191,171,20
E01000618,Full-time: 31 to 48 hours worked,511,311,200
E01000618,Full-time: 49 or more hours worked,79,45,34
E01000618,Part-time: 15 hours or less worked,75,53,22
E01000618,Part-time: 16 to 30 hours worked,148,93,55
E01000619,Full-time: 31 to 48 hours worked,497,493,4
E01000619,Full-time: 49 or more hours worked,52,66,-14
E01000619,Part-time: 15 hours or less worked,68,66,2
E01000619,Part-time: 16 to 30 hours worked,153,160,-7
E01000620,Full-time: 31 to 48 hours worked,533,493,40
E01000620,Full-time: 49 or more hours worked,55,73,-18
E01000620,Part-time: 15 hours or less worked,76,75,1
E01000620,Part-time: 16 to 30 hours worked,160,152,8
E01000621,Full-time: 31 to 48 hours worked,578,692,-114
E01000621,Full-time: 49 or more hours worked,79,82,-3
E01000621,Part-time: 15 hours or less worked,98,99,-1
E01000621,Part-time: 16 to 30 hours worked,149,203,-54
E01000622,Full-time: 31 to 48 hours worked,445,466,-21
E01000622,Full-time: 49 or more hours worked,78,97,-19
E01000622,Part-time: 15 hours or less worked,139,57,82
E01000622,Part-time: 16 to 30 hours worked,184,147,37
E01000623,Full-time: 31 to 48 hours worked,529,504,25
E01000623,Full-time: 49 or more hours worked,145,97,48
E01000623,Part-time: 15 hours or less worked,78,69,9
E01000623,Part-time: 16 to 30 hours worked,177,155,22
E01000624,Full-time: 31 to 48 hours worked,469,443,26
E01000624,Full-time: 49 or more hours worked,87,75,12
E01000624,Part-time: 15 hours or less worked,98,72,26
E01000624,Part-time: 16 to 30 hours worked,148,163,-15
E01000625,Full-time: 31 to 48 hours worked,389,388,1
E01000625,Full-time: 49 or more hours worked,81,76,5
E01000625,Part-time: 15 hours or less worked,89,68,21
E01000625,Part-time: 16 to 30 hours worked,143,122,21
E01000626,Full-time: 31 to 48 hours worked,407,344,63
E01000626,Full-time: 49 or more hours worked,43,51,-8
E01000626,Part-time: 15 hours or less worked,68,62,6
E01000626,Part-time: 16 to 30 hours worked,143,118,25
E01000627,Full-time: 31 to 48 hours worked,509,482,27
E01000627,Full-time: 49 or more hours worked,95,74,21
E01000627,Part-time: 15 hours or less worked,122,67,55
E01000627,Part-time: 16 to 30 hours worked,192,195,-3
E01000628,Full-time: 31 to 48 hours worked,413,486,-73
E01000628,Full-time: 49 or more hours worked,65,79,-14
E01000628,Part-time: 15 hours or less worked,109,88,21
E01000628,Part-time: 16 to 30 hours worked,187,157,30
E01000629,Full-time: 31 to 48 hours worked,552,587,-35
E01000629,Full-time: 49 or more hours worked,107,86,21
E01000629,Part-time: 15 hours or less worked,107,109,-2
E01000629,Part-time: 16 to 30 hours worked,185,174,11
E01000630,Full-time: 31 to 48 hours worked,882,641,241
E01000630,Full-time: 49 or more hours worked,91,87,4
E01000630,Part-time: 15 hours or less worked,140,88,52
E01000630,Part-time: 16 to 30 hours worked,247,208,39
E01000631,Full-time: 31 to 48 hours worked,651,613,38
E01000631,Full-time: 49 or more hours worked,60,75,-15
E01000631,Part-time: 15 hours or less worked,94,86,8
E01000631,Part-time: 16 to 30 hours worked,200,149,51
E01000632,Full-time: 31 to 48 hours worked,764,589,175
E01000632,Full-time: 49 or more hours worked,73,100,-27
E01000632,Part-time: 15 hours or less worked,108,94,14
E01000632,Part-time: 16 to 30 hours worked,218,195,23
E01000633,Full-time: 31 to 48 hours worked,735,623,112
E01000633,Full-time: 49 or more hours worked,99,94,5
E01000633,Part-time: 15 hours or less worked,132,97,35
E01000633,Part-time: 16 to 30 hours worked,236,167,69
E01000634,Full-time: 31 to 48 hours worked,841,701,140
E01000634,Full-time: 49 or more hours worked,91,79,12
E01000634,Part-time: 15 hours or less worked,86,102,-16
E01000634,Part-time: 16 to 30 hours worked,248,213,35
E01000636,Full-time: 31 to 48 hours worked,892,551,341
E01000636,Full-time: 49 or more hours worked,92,98,-6
E01000636,Part-time: 15 hours or less worked,120,89,31
E01000636,Part-time: 16 to 30 hours worked,238,186,52
E01000637,Full-time: 31 to 48 hours worked,408,537,-129
E01000637,Full-time: 49 or more hours worked,87,120,-33
E01000637,Part-time: 15 hours or less worked,89,66,23
E01000637,Part-time: 16 to 30 hours worked,152,139,13
E01000638,Full-time: 31 to 48 hours worked,514,551,-37
E01000638,Full-time: 49 or more hours worked,110,93,17
E01000638,Part-time: 15 hours or less worked,129,105,24
E01000638,Part-time: 16 to 30 hours worked,230,197,33
E01000639,Full-time: 31 to 48 hours worked,604,700,-96
E01000639,Full-time: 49 or more hours worked,103,154,-51
E01000639,Part-time: 15 hours or less worked,111,73,38
E01000639,Part-time: 16 to 30 hours worked,166,155,11
E01000640,Full-time: 31 to 48 hours worked,514,600,-86
E01000640,Full-time: 49 or more hours worked,108,111,-3
E01000640,Part-time: 15 hours or less worked,131,94,37
E01000640,Part-time: 16 to 30 hours worked,238,232,6
E01000641,Full-time: 31 to 48 hours worked,468,560,-92
E01000641,Full-time: 49 or more hours worked,93,107,-14
E01000641,Part-time: 15 hours or less worked,121,92,29
E01000641,Part-time: 16 to 30 hours worked,174,200,-26
E01000642,Full-time: 31 to 48 hours worked,740,783,-43
E01000642,Full-time: 49 or more hours worked,144,196,-52
E01000642,Part-time: 15 hours or less worked,138,71,67
E01000642,Part-time: 16 to 30 hours worked,245,196,49
E01000643,Full-time: 31 to 48 hours worked,525,512,13
E01000643,Full-time: 49 or more hours worked,64,72,-8
E01000643,Part-time: 15 hours or less worked,108,60,48
E01000643,Part-time: 16 to 30 hours worked,200,174,26
E01000644,Full-time: 31 to 48 hours worked,551,637,-86
E01000644,Full-time: 49 or more hours worked,112,108,4
E01000644,Part-time: 15 hours or less worked,93,84,9
E01000644,Part-time: 16 to 30 hours worked,186,166,20
E01000645,Full-time: 31 to 48 hours worked,372,313,59
E01000645,Full-time: 49 or more hours worked,154,180,-26
E01000645,Part-time: 15 hours or less worked,87,80,7
E01000645,Part-time: 16 to 30 hours worked,105,97,8
E01000646,Full-time: 31 to 48 hours worked,539,523,16
E01000646,Full-time: 49 or more hours worked,131,161,-30
E01000646,Part-time: 15 hours or less worked,94,43,51
E01000646,Part-time: 16 to 30 hours worked,131,95,36
E01000647,Full-time: 31 to 48 hours worked,567,523,44
E01000647,Full-time: 49 or more hours worked,107,134,-27
E01000647,Part-time: 15 hours or less worked,82,76,6
E01000647,Part-time: 16 to 30 hours worked,146,136,10
E01000648,Full-time: 31 to 48 hours worked,578,508,70
E01000648,Full-time: 49 or more hours worked,139,150,-11
E01000648,Part-time: 15 hours or less worked,108,93,15
E01000648,Part-time: 16 to 30 hours worked,164,155,9
E01000649,Full-time: 31 to 48 hours worked,527,493,34
E01000649,Full-time: 49 or more hours worked,215,225,-10
E01000649,Part-time: 15 hours or less worked,95,92,3
E01000649,Part-time: 16 to 30 hours worked,159,151,8
E01000650,Full-time: 31 to 48 hours worked,392,413,-21
E01000650,Full-time: 49 or more hours worked,163,185,-22
E01000650,Part-time: 15 hours or less worked,102,98,4
E01000650,Part-time: 16 to 30 hours worked,114,156,-42
E01000651,Full-time: 31 to 48 hours worked,460,425,35
E01000651,Full-time: 49 or more hours worked,113,129,-16
E01000651,Part-time: 15 hours or less worked,81,71,10
E01000651,Part-time: 16 to 30 hours worked,148,129,19
E01000652,Full-time: 31 to 48 hours worked,505,468,37
E01000652,Full-time: 49 or more hours worked,114,109,5
E01000652,Part-time: 15 hours or less worked,102,88,14
E01000652,Part-time: 16 to 30 hours worked,129,140,-11
E01000653,Full-time: 31 to 48 hours worked,366,340,26
E01000653,Full-time: 49 or more hours worked,136,139,-3
E01000653,Part-time: 15 hours or less worked,70,62,8
E01000653,Part-time: 16 to 30 hours worked,85,117,-32
E01000654,Full-time: 31 to 48 hours worked,392,416,-24
E01000654,Full-time: 49 or more hours worked,76,109,-33
E01000654,Part-time: 15 hours or less worked,84,66,18
E01000654,Part-time: 16 to 30 hours worked,120,135,-15
E01000655,Full-time: 31 to 48 hours worked,409,427,-18
E01000655,Full-time: 49 or more hours worked,71,98,-27
E01000655,Part-time: 15 hours or less worked,68,63,5
E01000655,Part-time: 16 to 30 hours worked,143,130,13
E01000656,Full-time: 31 to 48 hours worked,444,444,0
E01000656,Full-time: 49 or more hours worked,92,97,-5
E01000656,Part-time: 15 hours or less worked,83,91,-8
E01000656,Part-time: 16 to 30 hours worked,146,151,-5
E01000657,Full-time: 31 to 48 hours worked,502,523,-21
E01000657,Full-time: 49 or more hours worked,76,115,-39
E01000657,Part-time: 15 hours or less worked,84,74,10
E01000657,Part-time: 16 to 30 hours worked,143,144,-1
E01000658,Full-time: 31 to 48 hours worked,332,352,-20
E01000658,Full-time: 49 or more hours worked,55,101,-46
E01000658,Part-time: 15 hours or less worked,78,74,4
E01000658,Part-time: 16 to 30 hours worked,120,118,2
E01000659,Full-time: 31 to 48 hours worked,479,480,-1
E01000659,Full-time: 49 or more hours worked,92,109,-17
E01000659,Part-time: 15 hours or less worked,64,95,-31
E01000659,Part-time: 16 to 30 hours worked,161,165,-4
E01000661,Full-time: 31 to 48 hours worked,797,359,438
E01000661,Full-time: 49 or more hours worked,121,66,55
E01000661,Part-time: 15 hours or less worked,111,56,55
E01000661,Part-time: 16 to 30 hours worked,199,131,68
E01000662,Full-time: 31 to 48 hours worked,530,472,58
E01000662,Full-time: 49 or more hours worked,101,92,9
E01000662,Part-time: 15 hours or less worked,115,71,44
E01000662,Part-time: 16 to 30 hours worked,174,162,12
E01000663,Full-time: 31 to 48 hours worked,457,410,47
E01000663,Full-time: 49 or more hours worked,68,107,-39
E01000663,Part-time: 15 hours or less worked,94,61,33
E01000663,Part-time: 16 to 30 hours worked,150,147,3
E01000664,Full-time: 31 to 48 hours worked,496,441,55
E01000664,Full-time: 49 or more hours worked,84,83,1
E01000664,Part-time: 15 hours or less worked,87,91,-4
E01000664,Part-time: 16 to 30 hours worked,150,134,16
E01000665,Full-time: 31 to 48 hours worked,529,521,8
E01000665,Full-time: 49 or more hours worked,118,120,-2
E01000665,Part-time: 15 hours or less worked,102,106,-4
E01000665,Part-time: 16 to 30 hours worked,175,172,3
E01000666,Full-time: 31 to 48 hours worked,452,421,31
E01000666,Full-time: 49 or more hours worked,138,176,-38
E01000666,Part-time: 15 hours or less worked,149,104,45
E01000666,Part-time: 16 to 30 hours worked,140,154,-14
E01000667,Full-time: 31 to 48 hours worked,378,309,69
E01000667,Full-time: 49 or more hours worked,143,160,-17
E01000667,Part-time: 15 hours or less worked,98,89,9
E01000667,Part-time: 16 to 30 hours worked,169,149,20
E01000668,Full-time: 31 to 48 hours worked,767,535,232
E01000668,Full-time: 49 or more hours worked,147,137,10
E01000668,Part-time: 15 hours or less worked,93,63,30
E01000668,Part-time: 16 to 30 hours worked,192,154,38
E01000669,Full-time: 31 to 48 hours worked,583,567,16
E01000669,Full-time: 49 or more hours worked,121,95,26
E01000669,Part-time: 15 hours or less worked,89,62,27
E01000669,Part-time: 16 to 30 hours worked,179,157,22
E01000670,Full-time: 31 to 48 hours worked,659,661,-2
E01000670,Full-time: 49 or more hours worked,140,200,-60
E01000670,Part-time: 15 hours or less worked,88,85,3
E01000670,Part-time: 16 to 30 hours worked,133,125,8
E01000671,Full-time: 31 to 48 hours worked,785,557,228
E01000671,Full-time: 49 or more hours worked,150,115,35
E01000671,Part-time: 15 hours or less worked,91,74,17
E01000671,Part-time: 16 to 30 hours worked,171,154,17
E01000672,Full-time: 31 to 48 hours worked,547,491,56
E01000672,Full-time: 49 or more hours worked,111,120,-9
E01000672,Part-time: 15 hours or less worked,86,61,25
E01000672,Part-time: 16 to 30 hours worked,118,108,10
E01000673,Full-time: 31 to 48 hours worked,505,488,17
E01000673,Full-time: 49 or more hours worked,128,121,7
E01000673,Part-time: 15 hours or less worked,99,56,43
E01000673,Part-time: 16 to 30 hours worked,156,145,11
E01000674,Full-time: 31 to 48 hours worked,556,545,11
E01000674,Full-time: 49 or more hours worked,100,127,-27
E01000674,Part-time: 15 hours or less worked,119,66,53
E01000674,Part-time: 16 to 30 hours worked,163,131,32
E01000676,Full-time: 31 to 48 hours worked,694,608,86
E01000676,Full-time: 49 or more hours worked,125,140,-15
E01000676,Part-time: 15 hours or less worked,95,62,33
E01000676,Part-time: 16 to 30 hours worked,170,119,51
E01000677,Full-time: 31 to 48 hours worked,688,662,26
E01000677,Full-time: 49 or more hours worked,129,151,-22
E01000677,Part-time: 15 hours or less worked,87,71,16
E01000677,Part-time: 16 to 30 hours worked,166,145,21
E01000678,Full-time: 31 to 48 hours worked,632,536,96
E01000678,Full-time: 49 or more hours worked,120,137,-17
E01000678,Part-time: 15 hours or less worked,71,67,4
E01000678,Part-time: 16 to 30 hours worked,154,140,14
E01000679,Full-time: 31 to 48 hours worked,620,570,50
E01000679,Full-time: 49 or more hours worked,120,106,14
E01000679,Part-time: 15 hours or less worked,94,61,33
E01000679,Part-time: 16 to 30 hours worked,148,159,-11
E01000680,Full-time: 31 to 48 hours worked,402,385,17
E01000680,Full-time: 49 or more hours worked,147,175,-28
E01000680,Part-time: 15 hours or less worked,90,99,-9
E01000680,Part-time: 16 to 30 hours worked,140,141,-1
E01000681,Full-time: 31 to 48 hours worked,549,516,33
E01000681,Full-time: 49 or more hours worked,100,110,-10
E01000681,Part-time: 15 hours or less worked,85,91,-6
E01000681,Part-time: 16 to 30 hours worked,160,167,-7
E01000682,Full-time: 31 to 48 hours worked,464,419,45
E01000682,Full-time: 49 or more hours worked,76,71,5
E01000682,Part-time: 15 hours or less worked,64,74,-10
E01000682,Part-time: 16 to 30 hours worked,106,149,-43
E01000683,Full-time: 31 to 48 hours worked,563,515,48
E01000683,Full-time: 49 or more hours worked,72,112,-40
E01000683,Part-time: 15 hours or less worked,83,71,12
E01000683,Part-time: 16 to 30 hours worked,140,139,1
E01000684,Full-time: 31 to 48 hours worked,594,558,36
E01000684,Full-time: 49 or more hours worked,160,185,-25
E01000684,Part-time: 15 hours or less worked,98,109,-11
E01000684,Part-time: 16 to 30 hours worked,167,172,-5
E01000685,Full-time: 31 to 48 hours worked,502,443,59
E01000685,Full-time: 49 or more hours worked,93,107,-14
E01000685,Part-time: 15 hours or less worked,81,87,-6
E01000685,Part-time: 16 to 30 hours worked,141,142,-1
E01000686,Full-time: 31 to 48 hours worked,366,416,-50
E01000686,Full-time: 49 or more hours worked,85,104,-19
E01000686,Part-time: 15 hours or less worked,94,97,-3
E01000686,Part-time: 16 to 30 hours worked,123,120,3
E01000687,Full-time: 31 to 48 hours worked,432,434,-2
E01000687,Full-time: 49 or more hours worked,101,118,-17
E01000687,Part-time: 15 hours or less worked,91,97,-6
E01000687,Part-time: 16 to 30 hours worked,138,140,-2
E01000688,Full-time: 31 to 48 hours worked,358,353,5
E01000688,Full-time: 49 or more hours worked,117,127,-10
E01000688,Part-time: 15 hours or less worked,74,87,-13
E01000688,Part-time: 16 to 30 hours worked,118,122,-4
E01000689,Full-time: 31 to 48 hours worked,392,390,2
E01000689,Full-time: 49 or more hours worked,73,93,-20
E01000689,Part-time: 15 hours or less worked,84,64,20
E01000689,Part-time: 16 to 30 hours worked,128,106,22
E01000690,Full-time: 31 to 48 hours worked,384,397,-13
E01000690,Full-time: 49 or more hours worked,110,121,-11
E01000690,Part-time: 15 hours or less worked,64,65,-1
E01000690,Part-time: 16 to 30 hours worked,104,127,-23
E01000691,Full-time: 31 to 48 hours worked,455,435,20
E01000691,Full-time: 49 or more hours worked,105,96,9
E01000691,Part-time: 15 hours or less worked,81,53,28
E01000691,Part-time: 16 to 30 hours worked,139,138,1
E01000692,Full-time: 31 to 48 hours worked,475,464,11
E01000692,Full-time: 49 or more hours worked,137,157,-20
E01000692,Part-time: 15 hours or less worked,77,71,6
E01000692,Part-time: 16 to 30 hours worked,142,155,-13
E01000693,Full-time: 31 to 48 hours worked,293,305,-12
E01000693,Full-time: 49 or more hours worked,116,136,-20
E01000693,Part-time: 15 hours or less worked,71,55,16
E01000693,Part-time: 16 to 30 hours worked,84,89,-5
E01000694,Full-time: 31 to 48 hours worked,584,317,267
E01000694,Full-time: 49 or more hours worked,242,198,44
E01000694,Part-time: 15 hours or less worked,100,57,43
E01000694,Part-time: 16 to 30 hours worked,139,129,10
E01000695,Full-time: 31 to 48 hours worked,404,443,-39
E01000695,Full-time: 49 or more hours worked,135,204,-69
E01000695,Part-time: 15 hours or less worked,79,91,-12
E01000695,Part-time: 16 to 30 hours worked,114,124,-10
E01000696,Full-time: 31 to 48 hours worked,346,329,17
E01000696,Full-time: 49 or more hours worked,182,166,16
E01000696,Part-time: 15 hours or less worked,80,68,12
E01000696,Part-time: 16 to 30 hours worked,111,100,11
E01000697,Full-time: 31 to 48 hours worked,537,448,89
E01000697,Full-time: 49 or more hours worked,206,173,33
E01000697,Part-time: 15 hours or less worked,107,47,60
E01000697,Part-time: 16 to 30 hours worked,125,93,32
E01000698,Full-time: 31 to 48 hours worked,273,252,21
E01000698,Full-time: 49 or more hours worked,104,96,8
E01000698,Part-time: 15 hours or less worked,66,67,-1
E01000698,Part-time: 16 to 30 hours worked,89,117,-28
E01000699,Full-time: 31 to 48 hours worked,523,479,44
E01000699,Full-time: 49 or more hours worked,89,91,-2
E01000699,Part-time: 15 hours or less worked,79,58,21
E01000699,Part-time: 16 to 30 hours worked,142,135,7
E01000700,Full-time: 31 to 48 hours worked,518,578,-60
E01000700,Full-time: 49 or more hours worked,99,110,-11
E01000700,Part-time: 15 hours or less worked,87,44,43
E01000700,Part-time: 16 to 30 hours worked,123,116,7
E01000701,Full-time: 31 to 48 hours worked,513,486,27
E01000701,Full-time: 49 or more hours worked,98,101,-3
E01000701,Part-time: 15 hours or less worked,69,56,13
E01000701,Part-time: 16 to 30 hours worked,130,98,32
E01000702,Full-time: 31 to 48 hours worked,558,515,43
E01000702,Full-time: 49 or more hours worked,103,126,-23
E01000702,Part-time: 15 hours or less worked,75,47,28
E01000702,Part-time: 16 to 30 hours worked,119,112,7
E01000703,Full-time: 31 to 48 hours worked,531,547,-16
E01000703,Full-time: 49 or more hours worked,156,144,12
E01000703,Part-time: 15 hours or less worked,71,74,-3
E01000703,Part-time: 16 to 30 hours worked,142,134,8
E01000704,Full-time: 31 to 48 hours worked,491,495,-4
E01000704,Full-time: 49 or more hours worked,88,79,9
E01000704,Part-time: 15 hours or less worked,82,63,19
E01000704,Part-time: 16 to 30 hours worked,126,118,8
E01000705,Full-time: 31 to 48 hours worked,428,438,-10
E01000705,Full-time: 49 or more hours worked,88,92,-4
E01000705,Part-time: 15 hours or less worked,79,48,31
E01000705,Part-time: 16 to 30 hours worked,122,112,10
E01000706,Full-time: 31 to 48 hours worked,461,461,0
E01000706,Full-time: 49 or more hours worked,73,78,-5
E01000706,Part-time: 15 hours or less worked,58,48,10
E01000706,Part-time: 16 to 30 hours worked,128,102,26
E01000707,Full-time: 31 to 48 hours worked,490,374,116
E01000707,Full-time: 49 or more hours worked,114,72,42
E01000707,Part-time: 15 hours or less worked,72,37,35
E01000707,Part-time: 16 to 30 hours worked,127,95,32
E01000708,Full-time: 31 to 48 hours worked,524,605,-81
E01000708,Full-time: 49 or more hours worked,119,160,-41
E01000708,Part-time: 15 hours or less worked,77,73,4
E01000708,Part-time: 16 to 30 hours worked,146,175,-29
E01000709,Full-time: 31 to 48 hours worked,483,471,12
E01000709,Full-time: 49 or more hours worked,93,97,-4
E01000709,Part-time: 15 hours or less worked,59,40,19
E01000709,Part-time: 16 to 30 hours worked,87,82,5
E01000710,Full-time: 31 to 48 hours worked,979,657,322
E01000710,Full-time: 49 or more hours worked,188,162,26
E01000710,Part-time: 15 hours or less worked,117,39,78
E01000710,Part-time: 16 to 30 hours worked,146,120,26
E01000711,Full-time: 31 to 48 hours worked,710,722,-12
E01000711,Full-time: 49 or more hours worked,167,194,-27
E01000711,Part-time: 15 hours or less worked,80,42,38
E01000711,Part-time: 16 to 30 hours worked,146,97,49
E01000712,Full-time: 31 to 48 hours worked,653,647,6
E01000712,Full-time: 49 or more hours worked,150,149,1
E01000712,Part-time: 15 hours or less worked,86,74,12
E01000712,Part-time: 16 to 30 hours worked,131,114,17
E01000713,Full-time: 31 to 48 hours worked,669,615,54
E01000713,Full-time: 49 or more hours worked,180,194,-14
E01000713,Part-time: 15 hours or less worked,65,67,-2
E01000713,Part-time: 16 to 30 hours worked,129,120,9
E01000714,Full-time: 31 to 48 hours worked,796,759,37
E01000714,Full-time: 49 or more hours worked,171,220,-49
E01000714,Part-time: 15 hours or less worked,117,59,58
E01000714,Part-time: 16 to 30 hours worked,157,122,35
E01000715,Full-time: 31 to 48 hours worked,642,586,56
E01000715,Full-time: 49 or more hours worked,129,169,-40
E01000715,Part-time: 15 hours or less worked,72,53,19
E01000715,Part-time: 16 to 30 hours worked,100,115,-15
E01000716,Full-time: 31 to 48 hours worked,465,445,20
E01000716,Full-time: 49 or more hours worked,118,124,-6
E01000716,Part-time: 15 hours or less worked,71,76,-5
E01000716,Part-time: 16 to 30 hours worked,98,117,-19
E01000717,Full-time: 31 to 48 hours worked,601,631,-30
E01000717,Full-time: 49 or more hours worked,123,156,-33
E01000717,Part-time: 15 hours or less worked,87,58,29
E01000717,Part-time: 16 to 30 hours worked,126,118,8
E01000718,Full-time: 31 to 48 hours worked,647,658,-11
E01000718,Full-time: 49 or more hours worked,106,141,-35
E01000718,Part-time: 15 hours or less worked,108,56,52
E01000718,Part-time: 16 to 30 hours worked,166,134,32
E01000719,Full-time: 31 to 48 hours worked,627,429,198
E01000719,Full-time: 49 or more hours worked,95,62,33
E01000719,Part-time: 15 hours or less worked,94,39,55
E01000719,Part-time: 16 to 30 hours worked,181,110,71
E01000720,Full-time: 31 to 48 hours worked,468,415,53
E01000720,Full-time: 49 or more hours worked,78,108,-30
E01000720,Part-time: 15 hours or less worked,95,50,45
E01000720,Part-time: 16 to 30 hours worked,161,114,47
E01000721,Full-time: 31 to 48 hours worked,414,423,-9
E01000721,Full-time: 49 or more hours worked,78,70,8
E01000721,Part-time: 15 hours or less worked,64,54,10
E01000721,Part-time: 16 to 30 hours worked,127,143,-16
E01000722,Full-time: 31 to 48 hours worked,596,478,118
E01000722,Full-time: 49 or more hours worked,79,92,-13
E01000722,Part-time: 15 hours or less worked,83,80,3
E01000722,Part-time: 16 to 30 hours worked,182,133,49
E01000723,Full-time: 31 to 48 hours worked,343,324,19
E01000723,Full-time: 49 or more hours worked,58,68,-10
E01000723,Part-time: 15 hours or less worked,69,59,10
E01000723,Part-time: 16 to 30 hours worked,91,116,-25
E01000724,Full-time: 31 to 48 hours worked,461,388,73
E01000724,Full-time: 49 or more hours worked,57,50,7
E01000724,Part-time: 15 hours or less worked,78,73,5
E01000724,Part-time: 16 to 30 hours worked,139,136,3
E01000725,Full-time: 31 to 48 hours worked,527,495,32
E01000725,Full-time: 49 or more hours worked,77,80,-3
E01000725,Part-time: 15 hours or less worked,89,60,29
E01000725,Part-time: 16 to 30 hours worked,129,143,-14
E01000726,Full-time: 31 to 48 hours worked,414,383,31
E01000726,Full-time: 49 or more hours worked,70,86,-16
E01000726,Part-time: 15 hours or less worked,63,66,-3
E01000726,Part-time: 16 to 30 hours worked,102,115,-13
E01000727,Full-time: 31 to 48 hours worked,502,452,50
E01000727,Full-time: 49 or more hours worked,88,102,-14
E01000727,Part-time: 15 hours or less worked,74,74,0
E01000727,Part-time: 16 to 30 hours worked,145,114,31
E01000728,Full-time: 31 to 48 hours worked,427,396,31
E01000728,Full-time: 49 or more hours worked,82,76,6
E01000728,Part-time: 15 hours or less worked,93,60,33
E01000728,Part-time: 16 to 30 hours worked,117,113,4
E01000729,Full-time: 31 to 48 hours worked,561,399,162
E01000729,Full-time: 49 or more hours worked,70,71,-1
E01000729,Part-time: 15 hours or less worked,94,61,33
E01000729,Part-time: 16 to 30 hours worked,134,143,-9
E01000730,Full-time: 31 to 48 hours worked,456,381,75
E01000730,Full-time: 49 or more hours worked,68,63,5
E01000730,Part-time: 15 hours or less worked,82,82,0
E01000730,Part-time: 16 to 30 hours worked,163,141,22
E01000731,Full-time: 31 to 48 hours worked,395,352,43
E01000731,Full-time: 49 or more hours worked,61,74,-13
E01000731,Part-time: 15 hours or less worked,66,50,16
E01000731,Part-time: 16 to 30 hours worked,125,116,9
E01000732,Full-time: 31 to 48 hours worked,435,366,69
E01000732,Full-time: 49 or more hours worked,104,110,-6
E01000732,Part-time: 15 hours or less worked,76,70,6
E01000732,Part-time: 16 to 30 hours worked,133,123,10
E01000733,Full-time: 31 to 48 hours worked,508,468,40
E01000733,Full-time: 49 or more hours worked,99,89,10
E01000733,Part-time: 15 hours or less worked,76,80,-4
E01000733,Part-time: 16 to 30 hours worked,147,133,14
E01000734,Full-time: 31 to 48 hours worked,396,376,20
E01000734,Full-time: 49 or more hours worked,83,103,-20
E01000734,Part-time: 15 hours or less worked,73,55,18
E01000734,Part-time: 16 to 30 hours worked,114,135,-21
E01000735,Full-time: 31 to 48 hours worked,416,367,49
E01000735,Full-time: 49 or more hours worked,75,69,6
E01000735,Part-time: 15 hours or less worked,62,65,-3
E01000735,Part-time: 16 to 30 hours worked,134,115,19
E01000736,Full-time: 31 to 48 hours worked,444,395,49
E01000736,Full-time: 49 or more hours worked,70,80,-10
E01000736,Part-time: 15 hours or less worked,74,65,9
E01000736,Part-time: 16 to 30 hours worked,162,131,31
E01000737,Full-time: 31 to 48 hours worked,410,325,85
E01000737,Full-time: 49 or more hours worked,68,79,-11
E01000737,Part-time: 15 hours or less worked,59,48,11
E01000737,Part-time: 16 to 30 hours worked,117,103,14
E01000738,Full-time: 31 to 48 hours worked,517,418,99
E01000738,Full-time: 49 or more hours worked,85,86,-1
E01000738,Part-time: 15 hours or less worked,84,78,6
E01000738,Part-time: 16 to 30 hours worked,138,133,5
E01000739,Full-time: 31 to 48 hours worked,394,309,85
E01000739,Full-time: 49 or more hours worked,64,57,7
E01000739,Part-time: 15 hours or less worked,73,71,2
E01000739,Part-time: 16 to 30 hours worked,146,113,33
E01000741,Full-time: 31 to 48 hours worked,768,565,203
E01000741,Full-time: 49 or more hours worked,133,113,20
E01000741,Part-time: 15 hours or less worked,88,64,24
E01000741,Part-time: 16 to 30 hours worked,157,126,31
E01000742,Full-time: 31 to 48 hours worked,816,764,52
E01000742,Full-time: 49 or more hours worked,132,132,0
E01000742,Part-time: 15 hours or less worked,120,74,46
E01000742,Part-time: 16 to 30 hours worked,190,175,15
E01000743,Full-time: 31 to 48 hours worked,511,468,43
E01000743,Full-time: 49 or more hours worked,93,79,14
E01000743,Part-time: 15 hours or less worked,77,52,25
E01000743,Part-time: 16 to 30 hours worked,177,141,36
E01000744,Full-time: 31 to 48 hours worked,412,337,75
E01000744,Full-time: 49 or more hours worked,54,48,6
E01000744,Part-time: 15 hours or less worked,82,71,11
E01000744,Part-time: 16 to 30 hours worked,140,130,10
E01000745,Full-time: 31 to 48 hours worked,703,644,59
E01000745,Full-time: 49 or more hours worked,146,138,8
E01000745,Part-time: 15 hours or less worked,98,65,33
E01000745,Part-time: 16 to 30 hours worked,147,113,34
E01000746,Full-time: 31 to 48 hours worked,740,671,69
E01000746,Full-time: 49 or more hours worked,138,164,-26
E01000746,Part-time: 15 hours or less worked,124,71,53
E01000746,Part-time: 16 to 30 hours worked,178,141,37
E01000747,Full-time: 31 to 48 hours worked,511,474,37
E01000747,Full-time: 49 or more hours worked,164,180,-16
E01000747,Part-time: 15 hours or less worked,133,104,29
E01000747,Part-time: 16 to 30 hours worked,158,184,-26
E01000748,Full-time: 31 to 48 hours worked,384,394,-10
E01000748,Full-time: 49 or more hours worked,112,148,-36
E01000748,Part-time: 15 hours or less worked,110,90,20
E01000748,Part-time: 16 to 30 hours worked,156,133,23
E01000749,Full-time: 31 to 48 hours worked,388,378,10
E01000749,Full-time: 49 or more hours worked,92,114,-22
E01000749,Part-time: 15 hours or less worked,101,90,11
E01000749,Part-time: 16 to 30 hours worked,142,154,-12
E01000750,Full-time: 31 to 48 hours worked,326,371,-45
E01000750,Full-time: 49 or more hours worked,46,71,-25
E01000750,Part-time: 15 hours or less worked,76,77,-1
E01000750,Part-time: 16 to 30 hours worked,121,137,-16
E01000751,Full-time: 31 to 48 hours worked,662,547,115
E01000751,Full-time: 49 or more hours worked,145,145,0
E01000751,Part-time: 15 hours or less worked,93,101,-8
E01000751,Part-time: 16 to 30 hours worked,183,175,8
E01000752,Full-time: 31 to 48 hours worked,441,377,64
E01000752,Full-time: 49 or more hours worked,92,98,-6
E01000752,Part-time: 15 hours or less worked,101,76,25
E01000752,Part-time: 16 to 30 hours worked,141,123,18
E01000753,Full-time: 31 to 48 hours worked,487,412,75
E01000753,Full-time: 49 or more hours worked,117,111,6
E01000753,Part-time: 15 hours or less worked,93,98,-5
E01000753,Part-time: 16 to 30 hours worked,162,130,32
E01000754,Full-time: 31 to 48 hours worked,530,466,64
E01000754,Full-time: 49 or more hours worked,125,101,24
E01000754,Part-time: 15 hours or less worked,92,74,18
E01000754,Part-time: 16 to 30 hours worked,128,161,-33
E01000755,Full-time: 31 to 48 hours worked,473,394,79
E01000755,Full-time: 49 or more hours worked,88,84,4
E01000755,Part-time: 15 hours or less worked,87,73,14
E01000755,Part-time: 16 to 30 hours worked,130,152,-22
E01000756,Full-time: 31 to 48 hours worked,414,336,78
E01000756,Full-time: 49 or more hours worked,139,129,10
E01000756,Part-time: 15 hours or less worked,86,113,-27
E01000756,Part-time: 16 to 30 hours worked,127,130,-3
E01000757,Full-time: 31 to 48 hours worked,390,405,-15
E01000757,Full-time: 49 or more hours worked,94,100,-6
E01000757,Part-time: 15 hours or less worked,87,73,14
E01000757,Part-time: 16 to 30 hours worked,130,129,1
E01000758,Full-time: 31 to 48 hours worked,445,413,32
E01000758,Full-time: 49 or more hours worked,82,103,-21
E01000758,Part-time: 15 hours or less worked,73,84,-11
E01000758,Part-time: 16 to 30 hours worked,113,122,-9
E01000759,Full-time: 31 to 48 hours worked,440,408,32
E01000759,Full-time: 49 or more hours worked,113,128,-15
E01000759,Part-time: 15 hours or less worked,97,116,-19
E01000759,Part-time: 16 to 30 hours worked,166,130,36
E01000760,Full-time: 31 to 48 hours worked,428,408,20
E01000760,Full-time: 49 or more hours worked,89,107,-18
E01000760,Part-time: 15 hours or less worked,67,74,-7
E01000760,Part-time: 16 to 30 hours worked,151,136,15
E01000761,Full-time: 31 to 48 hours worked,433,420,13
E01000761,Full-time: 49 or more hours worked,74,121,-47
E01000761,Part-time: 15 hours or less worked,75,77,-2
E01000761,Part-time: 16 to 30 hours worked,155,170,-15
E01000762,Full-time: 31 to 48 hours worked,556,466,90
E01000762,Full-time: 49 or more hours worked,95,115,-20
E01000762,Part-time: 15 hours or less worked,82,69,13
E01000762,Part-time: 16 to 30 hours worked,150,130,20
E01000763,Full-time: 31 to 48 hours worked,395,385,10
E01000763,Full-time: 49 or more hours worked,99,116,-17
E01000763,Part-time: 15 hours or less worked,79,73,6
E01000763,Part-time: 16 to 30 hours worked,140,143,-3
E01000764,Full-time: 31 to 48 hours worked,549,443,106
E01000764,Full-time: 49 or more hours worked,81,96,-15
E01000764,Part-time: 15 hours or less worked,81,75,6
E01000764,Part-time: 16 to 30 hours worked,166,145,21
E01000765,Full-time: 31 to 48 hours worked,487,481,6
E01000765,Full-time: 49 or more hours worked,124,160,-36
E01000765,Part-time: 15 hours or less worked,104,75,29
E01000765,Part-time: 16 to 30 hours worked,148,150,-2
E01000766,Full-time: 31 to 48 hours worked,456,435,21
E01000766,Full-time: 49 or more hours worked,135,148,-13
E01000766,Part-time: 15 hours or less worked,110,107,3
E01000766,Part-time: 16 to 30 hours worked,168,160,8
E01000767,Full-time: 31 to 48 hours worked,456,460,-4
E01000767,Full-time: 49 or more hours worked,97,102,-5
E01000767,Part-time: 15 hours or less worked,85,93,-8
E01000767,Part-time: 16 to 30 hours worked,149,167,-18
E01000768,Full-time: 31 to 48 hours worked,370,388,-18
E01000768,Full-time: 49 or more hours worked,87,126,-39
E01000768,Part-time: 15 hours or less worked,75,82,-7
E01000768,Part-time: 16 to 30 hours worked,122,131,-9
E01000769,Full-time: 31 to 48 hours worked,396,394,2
E01000769,Full-time: 49 or more hours worked,56,79,-23
E01000769,Part-time: 15 hours or less worked,50,80,-30
E01000769,Part-time: 16 to 30 hours worked,140,133,7
E01000770,Full-time: 31 to 48 hours worked,346,374,-28
E01000770,Full-time: 49 or more hours worked,109,141,-32
E01000770,Part-time: 15 hours or less worked,91,66,25
E01000770,Part-time: 16 to 30 hours worked,107,77,30
E01000771,Full-time: 31 to 48 hours worked,455,484,-29
E01000771,Full-time: 49 or more hours worked,91,123,-32
E01000771,Part-time: 15 hours or less worked,95,92,3
E01000771,Part-time: 16 to 30 hours worked,138,162,-24
E01000772,Full-time: 31 to 48 hours worked,387,374,13
E01000772,Full-time: 49 or more hours worked,123,128,-5
E01000772,Part-time: 15 hours or less worked,84,51,33
E01000772,Part-time: 16 to 30 hours worked,116,126,-10
E01000773,Full-time: 31 to 48 hours worked,438,397,41
E01000773,Full-time: 49 or more hours worked,106,109,-3
E01000773,Part-time: 15 hours or less worked,77,63,14
E01000773,Part-time: 16 to 30 hours worked,144,132,12
E01000774,Full-time: 31 to 48 hours worked,471,481,-10
E01000774,Full-time: 49 or more hours worked,89,78,11
E01000774,Part-time: 15 hours or less worked,53,67,-14
E01000774,Part-time: 16 to 30 hours worked,144,121,23
E01000775,Full-time: 31 to 48 hours worked,636,580,56
E01000775,Full-time: 49 or more hours worked,160,207,-47
E01000775,Part-time: 15 hours or less worked,122,119,3
E01000775,Part-time: 16 to 30 hours worked,173,193,-20
E01000777,Full-time: 31 to 48 hours worked,497,453,44
E01000777,Full-time: 49 or more hours worked,97,112,-15
E01000777,Part-time: 15 hours or less worked,70,73,-3
E01000777,Part-time: 16 to 30 hours worked,153,153,0
E01000778,Full-time: 31 to 48 hours worked,486,461,25
E01000778,Full-time: 49 or more hours worked,108,92,16
E01000778,Part-time: 15 hours or less worked,81,75,6
E01000778,Part-time: 16 to 30 hours worked,172,157,15
E01000779,Full-time: 31 to 48 hours worked,375,363,12
E01000779,Full-time: 49 or more hours worked,92,117,-25
E01000779,Part-time: 15 hours or less worked,76,51,25
E01000779,Part-time: 16 to 30 hours worked,115,95,20
E01000780,Full-time: 31 to 48 hours worked,477,408,69
E01000780,Full-time: 49 or more hours worked,81,73,8
E01000780,Part-time: 15 hours or less worked,85,65,20
E01000780,Part-time: 16 to 30 hours worked,121,126,-5
E01000781,Full-time: 31 to 48 hours worked,406,361,45
E01000781,Full-time: 49 or more hours worked,69,61,8
E01000781,Part-time: 15 hours or less worked,78,32,46
E01000781,Part-time: 16 to 30 hours worked,147,119,28
E01000782,Full-time: 31 to 48 hours worked,400,350,50
E01000782,Full-time: 49 or more hours worked,59,59,0
E01000782,Part-time: 15 hours or less worked,68,43,25
E01000782,Part-time: 16 to 30 hours worked,157,116,41
E01000783,Full-time: 31 to 48 hours worked,471,360,111
E01000783,Full-time: 49 or more hours worked,69,85,-16
E01000783,Part-time: 15 hours or less worked,63,50,13
E01000783,Part-time: 16 to 30 hours worked,137,111,26
E01000784,Full-time: 31 to 48 hours worked,479,457,22
E01000784,Full-time: 49 or more hours worked,117,119,-2
E01000784,Part-time: 15 hours or less worked,68,75,-7
E01000784,Part-time: 16 to 30 hours worked,127,137,-10
E01000785,Full-time: 31 to 48 hours worked,441,330,111
E01000785,Full-time: 49 or more hours worked,61,68,-7
E01000785,Part-time: 15 hours or less worked,83,61,22
E01000785,Part-time: 16 to 30 hours worked,137,137,0
E01000786,Full-time: 31 to 48 hours worked,372,330,42
E01000786,Full-time: 49 or more hours worked,86,96,-10
E01000786,Part-time: 15 hours or less worked,89,64,25
E01000786,Part-time: 16 to 30 hours worked,115,125,-10
E01000787,Full-time: 31 to 48 hours worked,406,392,14
E01000787,Full-time: 49 or more hours worked,55,63,-8
E01000787,Part-time: 15 hours or less worked,71,53,18
E01000787,Part-time: 16 to 30 hours worked,120,126,-6
E01000788,Full-time: 31 to 48 hours worked,458,426,32
E01000788,Full-time: 49 or more hours worked,78,92,-14
E01000788,Part-time: 15 hours or less worked,78,74,4
E01000788,Part-time: 16 to 30 hours worked,134,137,-3
E01000789,Full-time: 31 to 48 hours worked,422,363,59
E01000789,Full-time: 49 or more hours worked,54,54,0
E01000789,Part-time: 15 hours or less worked,82,74,8
E01000789,Part-time: 16 to 30 hours worked,160,140,20
E01000790,Full-time: 31 to 48 hours worked,828,640,188
E01000790,Full-time: 49 or more hours worked,166,154,12
E01000790,Part-time: 15 hours or less worked,125,91,34
E01000790,Part-time: 16 to 30 hours worked,185,162,23
E01000791,Full-time: 31 to 48 hours worked,442,379,63
E01000791,Full-time: 49 or more hours worked,70,75,-5
E01000791,Part-time: 15 hours or less worked,49,68,-19
E01000791,Part-time: 16 to 30 hours worked,117,122,-5
E01000792,Full-time: 31 to 48 hours worked,427,278,149
E01000792,Full-time: 49 or more hours worked,60,72,-12
E01000792,Part-time: 15 hours or less worked,79,43,36
E01000792,Part-time: 16 to 30 hours worked,115,84,31
E01000793,Full-time: 31 to 48 hours worked,379,410,-31
E01000793,Full-time: 49 or more hours worked,109,97,12
E01000793,Part-time: 15 hours or less worked,98,91,7
E01000793,Part-time: 16 to 30 hours worked,127,139,-12
E01000794,Full-time: 31 to 48 hours worked,383,393,-10
E01000794,Full-time: 49 or more hours worked,88,93,-5
E01000794,Part-time: 15 hours or less worked,80,86,-6
E01000794,Part-time: 16 to 30 hours worked,125,145,-20
E01000795,Full-time: 31 to 48 hours worked,355,378,-23
E01000795,Full-time: 49 or more hours worked,68,77,-9
E01000795,Part-time: 15 hours or less worked,65,76,-11
E01000795,Part-time: 16 to 30 hours worked,103,115,-12
E01000796,Full-time: 31 to 48 hours worked,426,381,45
E01000796,Full-time: 49 or more hours worked,48,62,-14
E01000796,Part-time: 15 hours or less worked,82,72,10
E01000796,Part-time: 16 to 30 hours worked,153,137,16
E01000797,Full-time: 31 to 48 hours worked,515,500,15
E01000797,Full-time: 49 or more hours worked,124,140,-16
E01000797,Part-time: 15 hours or less worked,82,78,4
E01000797,Part-time: 16 to 30 hours worked,121,146,-25
E01000798,Full-time: 31 to 48 hours worked,493,347,146
E01000798,Full-time: 49 or more hours worked,68,61,7
E01000798,Part-time: 15 hours or less worked,77,76,1
E01000798,Part-time: 16 to 30 hours worked,136,122,14
E01000799,Full-time: 31 to 48 hours worked,601,654,-53
E01000799,Full-time: 49 or more hours worked,103,106,-3
E01000799,Part-time: 15 hours or less worked,92,95,-3
E01000799,Part-time: 16 to 30 hours worked,174,197,-23
E01000800,Full-time: 31 to 48 hours worked,592,537,55
E01000800,Full-time: 49 or more hours worked,103,104,-1
E01000800,Part-time: 15 hours or less worked,100,67,33
E01000800,Part-time: 16 to 30 hours worked,150,95,55
E01000801,Full-time: 31 to 48 hours worked,477,443,34
E01000801,Full-time: 49 or more hours worked,68,86,-18
E01000801,Part-time: 15 hours or less worked,80,52,28
E01000801,Part-time: 16 to 30 hours worked,140,134,6
E01000802,Full-time: 31 to 48 hours worked,669,581,88
E01000802,Full-time: 49 or more hours worked,135,139,-4
E01000802,Part-time: 15 hours or less worked,86,62,24
E01000802,Part-time: 16 to 30 hours worked,167,161,6
E01000803,Full-time: 31 to 48 hours worked,523,529,-6
E01000803,Full-time: 49 or more hours worked,121,101,20
E01000803,Part-time: 15 hours or less worked,89,71,18
E01000803,Part-time: 16 to 30 hours worked,148,135,13
E01000804,Full-time: 31 to 48 hours worked,405,412,-7
E01000804,Full-time: 49 or more hours worked,100,137,-37
E01000804,Part-time: 15 hours or less worked,94,72,22
E01000804,Part-time: 16 to 30 hours worked,132,121,11
E01000805,Full-time: 31 to 48 hours worked,581,381,200
E01000805,Full-time: 49 or more hours worked,99,90,9
E01000805,Part-time: 15 hours or less worked,74,58,16
E01000805,Part-time: 16 to 30 hours worked,162,109,53
E01000806,Full-time: 31 to 48 hours worked,549,515,34
E01000806,Full-time: 49 or more hours worked,96,81,15
E01000806,Part-time: 15 hours or less worked,92,59,33
E01000806,Part-time: 16 to 30 hours worked,161,178,-17
E01000807,Full-time: 31 to 48 hours worked,426,386,40
E01000807,Full-time: 49 or more hours worked,127,137,-10
E01000807,Part-time: 15 hours or less worked,89,81,8
E01000807,Part-time: 16 to 30 hours worked,140,112,28
E01000808,Full-time: 31 to 48 hours worked,428,391,37
E01000808,Full-time: 49 or more hours worked,108,119,-11
E01000808,Part-time: 15 hours or less worked,65,77,-12
E01000808,Part-time: 16 to 30 hours worked,114,129,-15
E01000809,Full-time: 31 to 48 hours worked,436,430,6
E01000809,Full-time: 49 or more hours worked,104,99,5
E01000809,Part-time: 15 hours or less worked,67,88,-21
E01000809,Part-time: 16 to 30 hours worked,125,118,7
E01000810,Full-time: 31 to 48 hours worked,409,372,37
E01000810,Full-time: 49 or more hours worked,111,128,-17
E01000810,Part-time: 15 hours or less worked,83,62,21
E01000810,Part-time: 16 to 30 hours worked,106,135,-29
E01000811,Full-time: 31 to 48 hours worked,439,421,18
E01000811,Full-time: 49 or more hours worked,88,100,-12
E01000811,Part-time: 15 hours or less worked,64,60,4
E01000811,Part-time: 16 to 30 hours worked,94,107,-13
E01000812,Full-time: 31 to 48 hours worked,438,434,4
E01000812,Full-time: 49 or more hours worked,112,118,-6
E01000812,Part-time: 15 hours or less worked,84,69,15
E01000812,Part-time: 16 to 30 hours worked,127,134,-7
E01000813,Full-time: 31 to 48 hours worked,431,402,29
E01000813,Full-time: 49 or more hours worked,98,110,-12
E01000813,Part-time: 15 hours or less worked,73,87,-14
E01000813,Part-time: 16 to 30 hours worked,115,128,-13
E01000814,Full-time: 31 to 48 hours worked,375,387,-12
E01000814,Full-time: 49 or more hours worked,120,139,-19
E01000814,Part-time: 15 hours or less worked,74,114,-40
E01000814,Part-time: 16 to 30 hours worked,122,133,-11
E01000815,Full-time: 31 to 48 hours worked,354,320,34
E01000815,Full-time: 49 or more hours worked,162,174,-12
E01000815,Part-time: 15 hours or less worked,67,115,-48
E01000815,Part-time: 16 to 30 hours worked,103,124,-21
E01000816,Full-time: 31 to 48 hours worked,483,472,11
E01000816,Full-time: 49 or more hours worked,77,89,-12
E01000816,Part-time: 15 hours or less worked,86,57,29
E01000816,Part-time: 16 to 30 hours worked,137,136,1
E01000818,Full-time: 31 to 48 hours worked,526,436,90
E01000818,Full-time: 49 or more hours worked,89,98,-9
E01000818,Part-time: 15 hours or less worked,101,74,27
E01000818,Part-time: 16 to 30 hours worked,142,133,9
E01000819,Full-time: 31 to 48 hours worked,521,412,109
E01000819,Full-time: 49 or more hours worked,96,106,-10
E01000819,Part-time: 15 hours or less worked,108,55,53
E01000819,Part-time: 16 to 30 hours worked,160,153,7
E01000820,Full-time: 31 to 48 hours worked,454,403,51
E01000820,Full-time: 49 or more hours worked,98,124,-26
E01000820,Part-time: 15 hours or less worked,70,54,16
E01000820,Part-time: 16 to 30 hours worked,127,98,29
E01000822,Full-time: 31 to 48 hours worked,513,533,-20
E01000822,Full-time: 49 or more hours worked,108,128,-20
E01000822,Part-time: 15 hours or less worked,72,62,10
E01000822,Part-time: 16 to 30 hours worked,125,119,6
E01000823,Full-time: 31 to 48 hours worked,547,600,-53
E01000823,Full-time: 49 or more hours worked,123,156,-33
E01000823,Part-time: 15 hours or less worked,103,79,24
E01000823,Part-time: 16 to 30 hours worked,130,147,-17
E01000824,Full-time: 31 to 48 hours worked,474,393,81
E01000824,Full-time: 49 or more hours worked,99,101,-2
E01000824,Part-time: 15 hours or less worked,79,55,24
E01000824,Part-time: 16 to 30 hours worked,132,115,17
E01000825,Full-time: 31 to 48 hours worked,570,540,30
E01000825,Full-time: 49 or more hours worked,102,132,-30
E01000825,Part-time: 15 hours or less worked,69,46,23
E01000825,Part-time: 16 to 30 hours worked,126,104,22
E01000826,Full-time: 31 to 48 hours worked,363,390,-27
E01000826,Full-time: 49 or more hours worked,140,138,2
E01000826,Part-time: 15 hours or less worked,103,106,-3
E01000826,Part-time: 16 to 30 hours worked,141,148,-7
E01000827,Full-time: 31 to 48 hours worked,517,458,59
E01000827,Full-time: 49 or more hours worked,107,128,-21
E01000827,Part-time: 15 hours or less worked,62,77,-15
E01000827,Part-time: 16 to 30 hours worked,124,117,7
E01000828,Full-time: 31 to 48 hours worked,515,475,40
E01000828,Full-time: 49 or more hours worked,107,136,-29
E01000828,Part-time: 15 hours or less worked,86,71,15
E01000828,Part-time: 16 to 30 hours worked,119,102,17
E01000829,Full-time: 31 to 48 hours worked,630,559,71
E01000829,Full-time: 49 or more hours worked,117,158,-41
E01000829,Part-time: 15 hours or less worked,73,77,-4
E01000829,Part-time: 16 to 30 hours worked,135,160,-25
E01000830,Full-time: 31 to 48 hours worked,353,346,7
E01000830,Full-time: 49 or more hours worked,154,139,15
E01000830,Part-time: 15 hours or less worked,85,106,-21
E01000830,Part-time: 16 to 30 hours worked,137,126,11
E01000831,Full-time: 31 to 48 hours worked,455,432,23
E01000831,Full-time: 49 or more hours worked,106,143,-37
E01000831,Part-time: 15 hours or less worked,83,93,-10
E01000831,Part-time: 16 to 30 hours worked,129,125,4
E01000832,Full-time: 31 to 48 hours worked,409,367,42
E01000832,Full-time: 49 or more hours worked,107,117,-10
E01000832,Part-time: 15 hours or less worked,99,87,12
E01000832,Part-time: 16 to 30 hours worked,121,152,-31
E01000833,Full-time: 31 to 48 hours worked,380,354,26
E01000833,Full-time: 49 or more hours worked,97,106,-9
E01000833,Part-time: 15 hours or less worked,81,72,9
E01000833,Part-time: 16 to 30 hours worked,150,143,7
E01000834,Full-time: 31 to 48 hours worked,411,402,9
E01000834,Full-time: 49 or more hours worked,85,82,3
E01000834,Part-time: 15 hours or less worked,67,83,-16
E01000834,Part-time: 16 to 30 hours worked,142,139,3
E01000835,Full-time: 31 to 48 hours worked,479,426,53
E01000835,Full-time: 49 or more hours worked,110,124,-14
E01000835,Part-time: 15 hours or less worked,92,102,-10
E01000835,Part-time: 16 to 30 hours worked,174,143,31
E01000836,Full-time: 31 to 48 hours worked,415,391,24
E01000836,Full-time: 49 or more hours worked,92,95,-3
E01000836,Part-time: 15 hours or less worked,79,72,7
E01000836,Part-time: 16 to 30 hours worked,128,153,-25
E01000837,Full-time: 31 to 48 hours worked,416,389,27
E01000837,Full-time: 49 or more hours worked,86,89,-3
E01000837,Part-time: 15 hours or less worked,92,73,19
E01000837,Part-time: 16 to 30 hours worked,127,135,-8
E01000838,Full-time: 31 to 48 hours worked,376,364,12
E01000838,Full-time: 49 or more hours worked,97,94,3
E01000838,Part-time: 15 hours or less worked,70,78,-8
E01000838,Part-time: 16 to 30 hours worked,120,135,-15
E01000839,Full-time: 31 to 48 hours worked,385,413,-28
E01000839,Full-time: 49 or more hours worked,89,108,-19
E01000839,Part-time: 15 hours or less worked,72,90,-18
E01000839,Part-time: 16 to 30 hours worked,114,155,-41
E01000840,Full-time: 31 to 48 hours worked,311,353,-42
E01000840,Full-time: 49 or more hours worked,95,101,-6
E01000840,Part-time: 15 hours or less worked,77,96,-19
E01000840,Part-time: 16 to 30 hours worked,97,135,-38
E01000841,Full-time: 31 to 48 hours worked,504,422,82
E01000841,Full-time: 49 or more hours worked,97,115,-18
E01000841,Part-time: 15 hours or less worked,98,94,4
E01000841,Part-time: 16 to 30 hours worked,143,148,-5
E01000842,Full-time: 31 to 48 hours worked,397,401,-4
E01000842,Full-time: 49 or more hours worked,231,294,-63
E01000842,Part-time: 15 hours or less worked,74,64,10
E01000842,Part-time: 16 to 30 hours worked,113,90,23
E01000843,Full-time: 31 to 48 hours worked,357,446,-89
E01000843,Full-time: 49 or more hours worked,220,296,-76
E01000843,Part-time: 15 hours or less worked,82,71,11
E01000843,Part-time: 16 to 30 hours worked,63,96,-33
E01000844,Full-time: 31 to 48 hours worked,440,546,-106
E01000844,Full-time: 49 or more hours worked,313,389,-76
E01000844,Part-time: 15 hours or less worked,73,58,15
E01000844,Part-time: 16 to 30 hours worked,112,96,16
E01000845,Full-time: 31 to 48 hours worked,455,441,14
E01000845,Full-time: 49 or more hours worked,189,258,-69
E01000845,Part-time: 15 hours or less worked,76,61,15
E01000845,Part-time: 16 to 30 hours worked,101,87,14
E01000846,Full-time: 31 to 48 hours worked,279,289,-10
E01000846,Full-time: 49 or more hours worked,99,104,-5
E01000846,Part-time: 15 hours or less worked,83,62,21
E01000846,Part-time: 16 to 30 hours worked,157,127,30
E01000847,Full-time: 31 to 48 hours worked,331,347,-16
E01000847,Full-time: 49 or more hours worked,129,194,-65
E01000847,Part-time: 15 hours or less worked,91,59,32
E01000847,Part-time: 16 to 30 hours worked,137,112,25
E01000848,Full-time: 31 to 48 hours worked,428,502,-74
E01000848,Full-time: 49 or more hours worked,260,336,-76
E01000848,Part-time: 15 hours or less worked,87,62,25
E01000848,Part-time: 16 to 30 hours worked,99,108,-9
E01000849,Full-time: 31 to 48 hours worked,479,511,-32
E01000849,Full-time: 49 or more hours worked,196,285,-89
E01000849,Part-time: 15 hours or less worked,74,58,16
E01000849,Part-time: 16 to 30 hours worked,81,128,-47
E01000850,Full-time: 31 to 48 hours worked,420,543,-123
E01000850,Full-time: 49 or more hours worked,163,235,-72
E01000850,Part-time: 15 hours or less worked,111,66,45
E01000850,Part-time: 16 to 30 hours worked,56,93,-37
E01000851,Full-time: 31 to 48 hours worked,299,526,-227
E01000851,Full-time: 49 or more hours worked,168,231,-63
E01000851,Part-time: 15 hours or less worked,99,147,-48
E01000851,Part-time: 16 to 30 hours worked,67,113,-46
E01000853,Full-time: 31 to 48 hours worked,281,349,-68
E01000853,Full-time: 49 or more hours worked,56,88,-32
E01000853,Part-time: 15 hours or less worked,86,66,20
E01000853,Part-time: 16 to 30 hours worked,90,119,-29
E01000855,Full-time: 31 to 48 hours worked,394,696,-302
E01000855,Full-time: 49 or more hours worked,144,243,-99
E01000855,Part-time: 15 hours or less worked,73,53,20
E01000855,Part-time: 16 to 30 hours worked,76,118,-42
E01000856,Full-time: 31 to 48 hours worked,426,417,9
E01000856,Full-time: 49 or more hours worked,104,107,-3
E01000856,Part-time: 15 hours or less worked,102,77,25
E01000856,Part-time: 16 to 30 hours worked,120,130,-10
E01000857,Full-time: 31 to 48 hours worked,359,390,-31
E01000857,Full-time: 49 or more hours worked,171,242,-71
E01000857,Part-time: 15 hours or less worked,88,43,45
E01000857,Part-time: 16 to 30 hours worked,83,98,-15
E01000858,Full-time: 31 to 48 hours worked,509,421,88
E01000858,Full-time: 49 or more hours worked,121,175,-54
E01000858,Part-time: 15 hours or less worked,112,67,45
E01000858,Part-time: 16 to 30 hours worked,142,138,4
E01000859,Full-time: 31 to 48 hours worked,380,450,-70
E01000859,Full-time: 49 or more hours worked,244,348,-104
E01000859,Part-time: 15 hours or less worked,96,72,24
E01000859,Part-time: 16 to 30 hours worked,89,122,-33
E01000860,Full-time: 31 to 48 hours worked,226,263,-37
E01000860,Full-time: 49 or more hours worked,125,141,-16
E01000860,Part-time: 15 hours or less worked,80,52,28
E01000860,Part-time: 16 to 30 hours worked,71,78,-7
E01000861,Full-time: 31 to 48 hours worked,423,482,-59
E01000861,Full-time: 49 or more hours worked,136,147,-11
E01000861,Part-time: 15 hours or less worked,96,88,8
E01000861,Part-time: 16 to 30 hours worked,103,122,-19
E01000862,Full-time: 31 to 48 hours worked,433,597,-164
E01000862,Full-time: 49 or more hours worked,312,348,-36
E01000862,Part-time: 15 hours or less worked,94,70,24
E01000862,Part-time: 16 to 30 hours worked,104,127,-23
E01000863,Full-time: 31 to 48 hours worked,447,513,-66
E01000863,Full-time: 49 or more hours worked,153,207,-54
E01000863,Part-time: 15 hours or less worked,79,86,-7
E01000863,Part-time: 16 to 30 hours worked,76,101,-25
E01000866,Full-time: 31 to 48 hours worked,563,591,-28
E01000866,Full-time: 49 or more hours worked,145,201,-56
E01000866,Part-time: 15 hours or less worked,100,83,17
E01000866,Part-time: 16 to 30 hours worked,160,169,-9
E01000867,Full-time: 31 to 48 hours worked,478,403,75
E01000867,Full-time: 49 or more hours worked,118,106,12
E01000867,Part-time: 15 hours or less worked,94,57,37
E01000867,Part-time: 16 to 30 hours worked,140,134,6
E01000868,Full-time: 31 to 48 hours worked,456,332,124
E01000868,Full-time: 49 or more hours worked,88,71,17
E01000868,Part-time: 15 hours or less worked,100,72,28
E01000868,Part-time: 16 to 30 hours worked,134,130,4
E01000869,Full-time: 31 to 48 hours worked,602,660,-58
E01000869,Full-time: 49 or more hours worked,168,240,-72
E01000869,Part-time: 15 hours or less worked,129,101,28
E01000869,Part-time: 16 to 30 hours worked,138,165,-27
E01000870,Full-time: 31 to 48 hours worked,472,506,-34
E01000870,Full-time: 49 or more hours worked,152,159,-7
E01000870,Part-time: 15 hours or less worked,75,66,9
E01000870,Part-time: 16 to 30 hours worked,138,142,-4
E01000871,Full-time: 31 to 48 hours worked,446,462,-16
E01000871,Full-time: 49 or more hours worked,189,201,-12
E01000871,Part-time: 15 hours or less worked,94,79,15
E01000871,Part-time: 16 to 30 hours worked,112,123,-11
E01000872,Full-time: 31 to 48 hours worked,597,772,-175
E01000872,Full-time: 49 or more hours worked,141,201,-60
E01000872,Part-time: 15 hours or less worked,111,77,34
E01000872,Part-time: 16 to 30 hours worked,145,141,4
E01000873,Full-time: 31 to 48 hours worked,520,581,-61
E01000873,Full-time: 49 or more hours worked,212,241,-29
E01000873,Part-time: 15 hours or less worked,108,69,39
E01000873,Part-time: 16 to 30 hours worked,97,113,-16
E01000874,Full-time: 31 to 48 hours worked,422,502,-80
E01000874,Full-time: 49 or more hours worked,215,250,-35
E01000874,Part-time: 15 hours or less worked,96,82,14
E01000874,Part-time: 16 to 30 hours worked,89,109,-20
E01000875,Full-time: 31 to 48 hours worked,567,610,-43
E01000875,Full-time: 49 or more hours worked,149,198,-49
E01000875,Part-time: 15 hours or less worked,97,55,42
E01000875,Part-time: 16 to 30 hours worked,124,119,5
E01000876,Full-time: 31 to 48 hours worked,610,502,108
E01000876,Full-time: 49 or more hours worked,156,157,-1
E01000876,Part-time: 15 hours or less worked,106,74,32
E01000876,Part-time: 16 to 30 hours worked,131,106,25
E01000877,Full-time: 31 to 48 hours worked,493,588,-95
E01000877,Full-time: 49 or more hours worked,188,231,-43
E01000877,Part-time: 15 hours or less worked,92,49,43
E01000877,Part-time: 16 to 30 hours worked,89,105,-16
E01000878,Full-time: 31 to 48 hours worked,383,292,91
E01000878,Full-time: 49 or more hours worked,204,196,8
E01000878,Part-time: 15 hours or less worked,86,103,-17
E01000878,Part-time: 16 to 30 hours worked,117,84,33
E01000879,Full-time: 31 to 48 hours worked,355,340,15
E01000879,Full-time: 49 or more hours worked,202,232,-30
E01000879,Part-time: 15 hours or less worked,66,74,-8
E01000879,Part-time: 16 to 30 hours worked,83,91,-8
E01000880,Full-time: 31 to 48 hours worked,356,356,0
E01000880,Full-time: 49 or more hours worked,234,296,-62
E01000880,Part-time: 15 hours or less worked,95,57,38
E01000880,Part-time: 16 to 30 hours worked,74,81,-7
E01000881,Full-time: 31 to 48 hours worked,396,384,12
E01000881,Full-time: 49 or more hours worked,176,261,-85
E01000881,Part-time: 15 hours or less worked,70,55,15
E01000881,Part-time: 16 to 30 hours worked,84,95,-11
E01000882,Full-time: 31 to 48 hours worked,408,464,-56
E01000882,Full-time: 49 or more hours worked,227,329,-102
E01000882,Part-time: 15 hours or less worked,89,69,20
E01000882,Part-time: 16 to 30 hours worked,90,92,-2
E01000883,Full-time: 31 to 48 hours worked,525,383,142
E01000883,Full-time: 49 or more hours worked,221,229,-8
E01000883,Part-time: 15 hours or less worked,94,48,46
E01000883,Part-time: 16 to 30 hours worked,77,57,20
E01000884,Full-time: 31 to 48 hours worked,276,277,-1
E01000884,Full-time: 49 or more hours worked,240,242,-2
E01000884,Part-time: 15 hours or less worked,103,89,14
E01000884,Part-time: 16 to 30 hours worked,93,108,-15
E01000885,Full-time: 31 to 48 hours worked,272,274,-2
E01000885,Full-time: 49 or more hours worked,164,212,-48
E01000885,Part-time: 15 hours or less worked,76,78,-2
E01000885,Part-time: 16 to 30 hours worked,103,100,3
E01000886,Full-time: 31 to 48 hours worked,399,437,-38
E01000886,Full-time: 49 or more hours worked,165,173,-8
E01000886,Part-time: 15 hours or less worked,74,54,20
E01000886,Part-time: 16 to 30 hours worked,107,138,-31
E01000887,Full-time: 31 to 48 hours worked,466,493,-27
E01000887,Full-time: 49 or more hours worked,176,232,-56
E01000887,Part-time: 15 hours or less worked,66,55,11
E01000887,Part-time: 16 to 30 hours worked,102,105,-3
E01000888,Full-time: 31 to 48 hours worked,379,424,-45
E01000888,Full-time: 49 or more hours worked,141,198,-57
E01000888,Part-time: 15 hours or less worked,79,67,12
E01000888,Part-time: 16 to 30 hours worked,123,123,0
E01000889,Full-time: 31 to 48 hours worked,437,368,69
E01000889,Full-time: 49 or more hours worked,67,83,-16
E01000889,Part-time: 15 hours or less worked,73,71,2
E01000889,Part-time: 16 to 30 hours worked,148,137,11
E01000890,Full-time: 31 to 48 hours worked,260,314,-54
E01000890,Full-time: 49 or more hours worked,49,46,3
E01000890,Part-time: 15 hours or less worked,58,68,-10
E01000890,Part-time: 16 to 30 hours worked,118,147,-29
E01000891,Full-time: 31 to 48 hours worked,367,303,64
E01000891,Full-time: 49 or more hours worked,73,61,12
E01000891,Part-time: 15 hours or less worked,58,56,2
E01000891,Part-time: 16 to 30 hours worked,112,120,-8
E01000892,Full-time: 31 to 48 hours worked,514,521,-7
E01000892,Full-time: 49 or more hours worked,180,244,-64
E01000892,Part-time: 15 hours or less worked,119,45,74
E01000892,Part-time: 16 to 30 hours worked,120,133,-13
E01000893,Full-time: 31 to 48 hours worked,400,410,-10
E01000893,Full-time: 49 or more hours worked,192,259,-67
E01000893,Part-time: 15 hours or less worked,96,94,2
E01000893,Part-time: 16 to 30 hours worked,103,137,-34
E01000894,Full-time: 31 to 48 hours worked,284,325,-41
E01000894,Full-time: 49 or more hours worked,206,271,-65
E01000894,Part-time: 15 hours or less worked,61,65,-4
E01000894,Part-time: 16 to 30 hours worked,85,106,-21
E01000895,Full-time: 31 to 48 hours worked,402,426,-24
E01000895,Full-time: 49 or more hours worked,220,293,-73
E01000895,Part-time: 15 hours or less worked,72,75,-3
E01000895,Part-time: 16 to 30 hours worked,106,99,7
E01000896,Full-time: 31 to 48 hours worked,374,415,-41
E01000896,Full-time: 49 or more hours worked,236,312,-76
E01000896,Part-time: 15 hours or less worked,94,59,35
E01000896,Part-time: 16 to 30 hours worked,89,124,-35
E01000897,Full-time: 31 to 48 hours worked,363,355,8
E01000897,Full-time: 49 or more hours worked,272,346,-74
E01000897,Part-time: 15 hours or less worked,71,74,-3
E01000897,Part-time: 16 to 30 hours worked,105,95,10
E01000898,Full-time: 31 to 48 hours worked,578,571,7
E01000898,Full-time: 49 or more hours worked,125,268,-143
E01000898,Part-time: 15 hours or less worked,53,60,-7
E01000898,Part-time: 16 to 30 hours worked,96,79,17
E01000899,Full-time: 31 to 48 hours worked,367,352,15
E01000899,Full-time: 49 or more hours worked,242,296,-54
E01000899,Part-time: 15 hours or less worked,114,87,27
E01000899,Part-time: 16 to 30 hours worked,84,91,-7
E01000900,Full-time: 31 to 48 hours worked,521,518,3
E01000900,Full-time: 49 or more hours worked,131,175,-44
E01000900,Part-time: 15 hours or less worked,81,70,11
E01000900,Part-time: 16 to 30 hours worked,146,122,24
E01000901,Full-time: 31 to 48 hours worked,421,377,44
E01000901,Full-time: 49 or more hours worked,88,91,-3
E01000901,Part-time: 15 hours or less worked,97,63,34
E01000901,Part-time: 16 to 30 hours worked,192,149,43
E01000902,Full-time: 31 to 48 hours worked,298,301,-3
E01000902,Full-time: 49 or more hours worked,70,77,-7
E01000902,Part-time: 15 hours or less worked,71,61,10
E01000902,Part-time: 16 to 30 hours worked,130,111,19
E01000903,Full-time: 31 to 48 hours worked,363,403,-40
E01000903,Full-time: 49 or more hours worked,168,201,-33
E01000903,Part-time: 15 hours or less worked,101,67,34
E01000903,Part-time: 16 to 30 hours worked,109,97,12
E01000904,Full-time: 31 to 48 hours worked,549,561,-12
E01000904,Full-time: 49 or more hours worked,154,191,-37
E01000904,Part-time: 15 hours or less worked,100,83,17
E01000904,Part-time: 16 to 30 hours worked,154,181,-27
E01000905,Full-time: 31 to 48 hours worked,397,381,16
E01000905,Full-time: 49 or more hours worked,77,79,-2
E01000905,Part-time: 15 hours or less worked,101,78,23
E01000905,Part-time: 16 to 30 hours worked,171,155,16
E01000906,Full-time: 31 to 48 hours worked,510,508,2
E01000906,Full-time: 49 or more hours worked,208,292,-84
E01000906,Part-time: 15 hours or less worked,68,59,9
E01000906,Part-time: 16 to 30 hours worked,103,86,17
E01000907,Full-time: 31 to 48 hours worked,355,356,-1
E01000907,Full-time: 49 or more hours worked,103,110,-7
E01000907,Part-time: 15 hours or less worked,70,51,19
E01000907,Part-time: 16 to 30 hours worked,119,122,-3
E01000908,Full-time: 31 to 48 hours worked,381,397,-16
E01000908,Full-time: 49 or more hours worked,94,120,-26
E01000908,Part-time: 15 hours or less worked,81,88,-7
E01000908,Part-time: 16 to 30 hours worked,132,153,-21
E01000909,Full-time: 31 to 48 hours worked,373,444,-71
E01000909,Full-time: 49 or more hours worked,155,171,-16
E01000909,Part-time: 15 hours or less worked,126,92,34
E01000909,Part-time: 16 to 30 hours worked,129,129,0
E01000910,Full-time: 31 to 48 hours worked,389,449,-60
E01000910,Full-time: 49 or more hours worked,166,170,-4
E01000910,Part-time: 15 hours or less worked,79,71,8
E01000910,Part-time: 16 to 30 hours worked,116,120,-4
E01000911,Full-time: 31 to 48 hours worked,391,420,-29
E01000911,Full-time: 49 or more hours worked,106,141,-35
E01000911,Part-time: 15 hours or less worked,70,53,17
E01000911,Part-time: 16 to 30 hours worked,113,141,-28
E01000912,Full-time: 31 to 48 hours worked,421,461,-40
E01000912,Full-time: 49 or more hours worked,96,105,-9
E01000912,Part-time: 15 hours or less worked,74,67,7
E01000912,Part-time: 16 to 30 hours worked,159,124,35
E01000913,Full-time: 31 to 48 hours worked,344,446,-102
E01000913,Full-time: 49 or more hours worked,208,252,-44
E01000913,Part-time: 15 hours or less worked,135,104,31
E01000913,Part-time: 16 to 30 hours worked,114,136,-22
E01000914,Full-time: 31 to 48 hours worked,347,493,-146
E01000914,Full-time: 49 or more hours worked,192,298,-106
E01000914,Part-time: 15 hours or less worked,78,75,3
E01000914,Part-time: 16 to 30 hours worked,93,86,7
E01000915,Full-time: 31 to 48 hours worked,310,374,-64
E01000915,Full-time: 49 or more hours worked,78,140,-62
E01000915,Part-time: 15 hours or less worked,95,52,43
E01000915,Part-time: 16 to 30 hours worked,158,109,49
E01000916,Full-time: 31 to 48 hours worked,496,496,0
E01000916,Full-time: 49 or more hours worked,241,312,-71
E01000916,Part-time: 15 hours or less worked,117,55,62
E01000916,Part-time: 16 to 30 hours worked,145,109,36
E01000917,Full-time: 31 to 48 hours worked,348,386,-38
E01000917,Full-time: 49 or more hours worked,74,111,-37
E01000917,Part-time: 15 hours or less worked,94,75,19
E01000917,Part-time: 16 to 30 hours worked,138,154,-16
E01000918,Full-time: 31 to 48 hours worked,370,515,-145
E01000918,Full-time: 49 or more hours worked,161,224,-63
E01000918,Part-time: 15 hours or less worked,130,131,-1
E01000918,Part-time: 16 to 30 hours worked,112,168,-56
E01000919,Full-time: 31 to 48 hours worked,330,494,-164
E01000919,Full-time: 49 or more hours worked,147,236,-89
E01000919,Part-time: 15 hours or less worked,86,124,-38
E01000919,Part-time: 16 to 30 hours worked,93,154,-61
E01000920,Full-time: 31 to 48 hours worked,459,566,-107
E01000920,Full-time: 49 or more hours worked,176,308,-132
E01000920,Part-time: 15 hours or less worked,106,77,29
E01000920,Part-time: 16 to 30 hours worked,113,143,-30
E01000921,Full-time: 31 to 48 hours worked,704,801,-97
E01000921,Full-time: 49 or more hours worked,203,218,-15
E01000921,Part-time: 15 hours or less worked,112,70,42
E01000921,Part-time: 16 to 30 hours worked,160,168,-8
E01000922,Full-time: 31 to 48 hours worked,482,461,21
E01000922,Full-time: 49 or more hours worked,155,135,20
E01000922,Part-time: 15 hours or less worked,92,69,23
E01000922,Part-time: 16 to 30 hours worked,132,91,41
E01000923,Full-time: 31 to 48 hours worked,440,434,6
E01000923,Full-time: 49 or more hours worked,172,181,-9
E01000923,Part-time: 15 hours or less worked,87,67,20
E01000923,Part-time: 16 to 30 hours worked,100,113,-13
E01000924,Full-time: 31 to 48 hours worked,573,564,9
E01000924,Full-time: 49 or more hours worked,156,213,-57
E01000924,Part-time: 15 hours or less worked,94,78,16
E01000924,Part-time: 16 to 30 hours worked,84,134,-50
E01000925,Full-time: 31 to 48 hours worked,301,328,-27
E01000925,Full-time: 49 or more hours worked,77,80,-3
E01000925,Part-time: 15 hours or less worked,97,61,36
E01000925,Part-time: 16 to 30 hours worked,121,114,7
E01000926,Full-time: 31 to 48 hours worked,434,753,-319
E01000926,Full-time: 49 or more hours worked,110,168,-58
E01000926,Part-time: 15 hours or less worked,91,75,16
E01000926,Part-time: 16 to 30 hours worked,126,107,19
E01000927,Full-time: 31 to 48 hours worked,434,573,-139
E01000927,Full-time: 49 or more hours worked,178,217,-39
E01000927,Part-time: 15 hours or less worked,99,80,19
E01000927,Part-time: 16 to 30 hours worked,119,128,-9
E01000928,Full-time: 31 to 48 hours worked,531,477,54
E01000928,Full-time: 49 or more hours worked,158,161,-3
E01000928,Part-time: 15 hours or less worked,116,81,35
E01000928,Part-time: 16 to 30 hours worked,134,127,7
E01000929,Full-time: 31 to 48 hours worked,386,353,33
E01000929,Full-time: 49 or more hours worked,95,103,-8
E01000929,Part-time: 15 hours or less worked,97,72,25
E01000929,Part-time: 16 to 30 hours worked,169,113,56
E01000930,Full-time: 31 to 48 hours worked,474,463,11
E01000930,Full-time: 49 or more hours worked,121,150,-29
E01000930,Part-time: 15 hours or less worked,101,68,33
E01000930,Part-time: 16 to 30 hours worked,165,133,32
E01000931,Full-time: 31 to 48 hours worked,532,520,12
E01000931,Full-time: 49 or more hours worked,131,152,-21
E01000931,Part-time: 15 hours or less worked,111,71,40
E01000931,Part-time: 16 to 30 hours worked,180,154,26
E01000932,Full-time: 31 to 48 hours worked,667,691,-24
E01000932,Full-time: 49 or more hours worked,215,343,-128
E01000932,Part-time: 15 hours or less worked,90,79,11
E01000932,Part-time: 16 to 30 hours worked,112,110,2
E01000933,Full-time: 31 to 48 hours worked,545,632,-87
E01000933,Full-time: 49 or more hours worked,166,219,-53
E01000933,Part-time: 15 hours or less worked,97,71,26
E01000933,Part-time: 16 to 30 hours worked,139,115,24
E01000934,Full-time: 31 to 48 hours worked,339,370,-31
E01000934,Full-time: 49 or more hours worked,74,80,-6
E01000934,Part-time: 15 hours or less worked,96,72,24
E01000934,Part-time: 16 to 30 hours worked,139,141,-2
E01000935,Full-time: 31 to 48 hours worked,352,333,19
E01000935,Full-time: 49 or more hours worked,78,89,-11
E01000935,Part-time: 15 hours or less worked,88,48,40
E01000935,Part-time: 16 to 30 hours worked,187,124,63
E01000937,Full-time: 31 to 48 hours worked,182,253,-71
E01000937,Full-time: 49 or more hours worked,64,88,-24
E01000937,Part-time: 15 hours or less worked,63,92,-29
E01000937,Part-time: 16 to 30 hours worked,52,80,-28
E01000938,Full-time: 31 to 48 hours worked,337,395,-58
E01000938,Full-time: 49 or more hours worked,74,129,-55
E01000938,Part-time: 15 hours or less worked,87,126,-39
E01000938,Part-time: 16 to 30 hours worked,107,151,-44
E01000939,Full-time: 31 to 48 hours worked,253,180,73
E01000939,Full-time: 49 or more hours worked,50,43,7
E01000939,Part-time: 15 hours or less worked,80,76,4
E01000939,Part-time: 16 to 30 hours worked,115,92,23
E01000941,Full-time: 31 to 48 hours worked,236,252,-16
E01000941,Full-time: 49 or more hours worked,47,65,-18
E01000941,Part-time: 15 hours or less worked,63,56,7
E01000941,Part-time: 16 to 30 hours worked,99,103,-4
E01000942,Full-time: 31 to 48 hours worked,240,320,-80
E01000942,Full-time: 49 or more hours worked,77,142,-65
E01000942,Part-time: 15 hours or less worked,60,159,-99
E01000942,Part-time: 16 to 30 hours worked,62,73,-11
E01000943,Full-time: 31 to 48 hours worked,239,267,-28
E01000943,Full-time: 49 or more hours worked,53,106,-53
E01000943,Part-time: 15 hours or less worked,97,66,31
E01000943,Part-time: 16 to 30 hours worked,57,60,-3
E01000944,Full-time: 31 to 48 hours worked,303,277,26
E01000944,Full-time: 49 or more hours worked,50,75,-25
E01000944,Part-time: 15 hours or less worked,88,114,-26
E01000944,Part-time: 16 to 30 hours worked,101,98,3
E01000946,Full-time: 31 to 48 hours worked,428,407,21
E01000946,Full-time: 49 or more hours worked,153,196,-43
E01000946,Part-time: 15 hours or less worked,79,66,13
E01000946,Part-time: 16 to 30 hours worked,105,87,18
E01000947,Full-time: 31 to 48 hours worked,477,585,-108
E01000947,Full-time: 49 or more hours worked,112,206,-94
E01000947,Part-time: 15 hours or less worked,109,91,18
E01000947,Part-time: 16 to 30 hours worked,140,132,8
E01000948,Full-time: 31 to 48 hours worked,394,517,-123
E01000948,Full-time: 49 or more hours worked,151,200,-49
E01000948,Part-time: 15 hours or less worked,96,77,19
E01000948,Part-time: 16 to 30 hours worked,116,111,5
E01000949,Full-time: 31 to 48 hours worked,470,517,-47
E01000949,Full-time: 49 or more hours worked,84,68,16
E01000949,Part-time: 15 hours or less worked,65,53,12
E01000949,Part-time: 16 to 30 hours worked,144,111,33
E01000951,Full-time: 31 to 48 hours worked,294,278,16
E01000951,Full-time: 49 or more hours worked,43,45,-2
E01000951,Part-time: 15 hours or less worked,81,71,10
E01000951,Part-time: 16 to 30 hours worked,121,103,18
E01000952,Full-time: 31 to 48 hours worked,358,360,-2
E01000952,Full-time: 49 or more hours worked,51,75,-24
E01000952,Part-time: 15 hours or less worked,110,76,34
E01000952,Part-time: 16 to 30 hours worked,152,143,9
E01000954,Full-time: 31 to 48 hours worked,275,277,-2
E01000954,Full-time: 49 or more hours worked,37,66,-29
E01000954,Part-time: 15 hours or less worked,86,57,29
E01000954,Part-time: 16 to 30 hours worked,149,127,22
E01000955,Full-time: 31 to 48 hours worked,249,257,-8
E01000955,Full-time: 49 or more hours worked,37,62,-25
E01000955,Part-time: 15 hours or less worked,81,72,9
E01000955,Part-time: 16 to 30 hours worked,107,132,-25
E01000956,Full-time: 31 to 48 hours worked,325,330,-5
E01000956,Full-time: 49 or more hours worked,63,70,-7
E01000956,Part-time: 15 hours or less worked,84,73,11
E01000956,Part-time: 16 to 30 hours worked,104,113,-9
E01000957,Full-time: 31 to 48 hours worked,438,513,-75
E01000957,Full-time: 49 or more hours worked,90,111,-21
E01000957,Part-time: 15 hours or less worked,74,78,-4
E01000957,Part-time: 16 to 30 hours worked,108,127,-19
E01000958,Full-time: 31 to 48 hours worked,602,591,11
E01000958,Full-time: 49 or more hours worked,166,136,30
E01000958,Part-time: 15 hours or less worked,151,102,49
E01000958,Part-time: 16 to 30 hours worked,190,140,50
E01000959,Full-time: 31 to 48 hours worked,357,316,41
E01000959,Full-time: 49 or more hours worked,45,57,-12
E01000959,Part-time: 15 hours or less worked,96,105,-9
E01000959,Part-time: 16 to 30 hours worked,120,124,-4
E01000960,Full-time: 31 to 48 hours worked,578,478,100
E01000960,Full-time: 49 or more hours worked,252,259,-7
E01000960,Part-time: 15 hours or less worked,82,71,11
E01000960,Part-time: 16 to 30 hours worked,118,118,0
E01000961,Full-time: 31 to 48 hours worked,436,312,124
E01000961,Full-time: 49 or more hours worked,138,140,-2
E01000961,Part-time: 15 hours or less worked,87,58,29
E01000961,Part-time: 16 to 30 hours worked,135,112,23
E01000962,Full-time: 31 to 48 hours worked,560,604,-44
E01000962,Full-time: 49 or more hours worked,295,327,-32
E01000962,Part-time: 15 hours or less worked,72,44,28
E01000962,Part-time: 16 to 30 hours worked,82,101,-19
E01000963,Full-time: 31 to 48 hours worked,438,443,-5
E01000963,Full-time: 49 or more hours worked,251,282,-31
E01000963,Part-time: 15 hours or less worked,63,67,-4
E01000963,Part-time: 16 to 30 hours worked,104,61,43
E01000964,Full-time: 31 to 48 hours worked,503,444,59
E01000964,Full-time: 49 or more hours worked,213,259,-46
E01000964,Part-time: 15 hours or less worked,87,43,44
E01000964,Part-time: 16 to 30 hours worked,123,96,27
E01000965,Full-time: 31 to 48 hours worked,560,536,24
E01000965,Full-time: 49 or more hours worked,226,247,-21
E01000965,Part-time: 15 hours or less worked,68,42,26
E01000965,Part-time: 16 to 30 hours worked,122,103,19
E01000966,Full-time: 31 to 48 hours worked,521,529,-8
E01000966,Full-time: 49 or more hours worked,290,327,-37
E01000966,Part-time: 15 hours or less worked,93,61,32
E01000966,Part-time: 16 to 30 hours worked,92,80,12
E01000967,Full-time: 31 to 48 hours worked,338,337,1
E01000967,Full-time: 49 or more hours worked,182,220,-38
E01000967,Part-time: 15 hours or less worked,89,50,39
E01000967,Part-time: 16 to 30 hours worked,101,77,24
E01000968,Full-time: 31 to 48 hours worked,578,566,12
E01000968,Full-time: 49 or more hours worked,209,272,-63
E01000968,Part-time: 15 hours or less worked,73,60,13
E01000968,Part-time: 16 to 30 hours worked,71,75,-4
E01000969,Full-time: 31 to 48 hours worked,677,782,-105
E01000969,Full-time: 49 or more hours worked,294,402,-108
E01000969,Part-time: 15 hours or less worked,92,65,27
E01000969,Part-time: 16 to 30 hours worked,116,120,-4
E01000970,Full-time: 31 to 48 hours worked,595,639,-44
E01000970,Full-time: 49 or more hours worked,230,336,-106
E01000970,Part-time: 15 hours or less worked,76,44,32
E01000970,Part-time: 16 to 30 hours worked,68,79,-11
E01000971,Full-time: 31 to 48 hours worked,406,519,-113
E01000971,Full-time: 49 or more hours worked,181,218,-37
E01000971,Part-time: 15 hours or less worked,56,54,2
E01000971,Part-time: 16 to 30 hours worked,99,112,-13
E01000972,Full-time: 31 to 48 hours worked,563,594,-31
E01000972,Full-time: 49 or more hours worked,131,202,-71
E01000972,Part-time: 15 hours or less worked,106,73,33
E01000972,Part-time: 16 to 30 hours worked,160,116,44
E01000973,Full-time: 31 to 48 hours worked,874,693,181
E01000973,Full-time: 49 or more hours worked,281,265,16
E01000973,Part-time: 15 hours or less worked,142,73,69
E01000973,Part-time: 16 to 30 hours worked,162,118,44
E01000974,Full-time: 31 to 48 hours worked,503,568,-65
E01000974,Full-time: 49 or more hours worked,156,183,-27
E01000974,Part-time: 15 hours or less worked,77,70,7
E01000974,Part-time: 16 to 30 hours worked,113,119,-6
E01000975,Full-time: 31 to 48 hours worked,869,655,214
E01000975,Full-time: 49 or more hours worked,186,117,69
E01000975,Part-time: 15 hours or less worked,131,59,72
E01000975,Part-time: 16 to 30 hours worked,181,104,77
E01000976,Full-time: 31 to 48 hours worked,721,644,77
E01000976,Full-time: 49 or more hours worked,100,135,-35
E01000976,Part-time: 15 hours or less worked,115,69,46
E01000976,Part-time: 16 to 30 hours worked,190,137,53
E01000977,Full-time: 31 to 48 hours worked,584,599,-15
E01000977,Full-time: 49 or more hours worked,86,90,-4
E01000977,Part-time: 15 hours or less worked,106,51,55
E01000977,Part-time: 16 to 30 hours worked,155,142,13
E01000978,Full-time: 31 to 48 hours worked,591,755,-164
E01000978,Full-time: 49 or more hours worked,108,128,-20
E01000978,Part-time: 15 hours or less worked,94,42,52
E01000978,Part-time: 16 to 30 hours worked,137,106,31
E01000979,Full-time: 31 to 48 hours worked,646,704,-58
E01000979,Full-time: 49 or more hours worked,106,139,-33
E01000979,Part-time: 15 hours or less worked,106,64,42
E01000979,Part-time: 16 to 30 hours worked,158,118,40
E01000980,Full-time: 31 to 48 hours worked,435,478,-43
E01000980,Full-time: 49 or more hours worked,73,82,-9
E01000980,Part-time: 15 hours or less worked,60,50,10
E01000980,Part-time: 16 to 30 hours worked,143,111,32
E01000981,Full-time: 31 to 48 hours worked,598,580,18
E01000981,Full-time: 49 or more hours worked,100,71,29
E01000981,Part-time: 15 hours or less worked,77,55,22
E01000981,Part-time: 16 to 30 hours worked,154,147,7
E01000982,Full-time: 31 to 48 hours worked,584,566,18
E01000982,Full-time: 49 or more hours worked,75,87,-12
E01000982,Part-time: 15 hours or less worked,96,67,29
E01000982,Part-time: 16 to 30 hours worked,144,133,11
E01000983,Full-time: 31 to 48 hours worked,693,598,95
E01000983,Full-time: 49 or more hours worked,133,103,30
E01000983,Part-time: 15 hours or less worked,69,87,-18
E01000983,Part-time: 16 to 30 hours worked,162,165,-3
E01000984,Full-time: 31 to 48 hours worked,521,592,-71
E01000984,Full-time: 49 or more hours worked,77,81,-4
E01000984,Part-time: 15 hours or less worked,138,69,69
E01000984,Part-time: 16 to 30 hours worked,148,119,29
E01000985,Full-time: 31 to 48 hours worked,423,441,-18
E01000985,Full-time: 49 or more hours worked,88,94,-6
E01000985,Part-time: 15 hours or less worked,62,68,-6
E01000985,Part-time: 16 to 30 hours worked,117,144,-27
E01000986,Full-time: 31 to 48 hours worked,499,529,-30
E01000986,Full-time: 49 or more hours worked,99,135,-36
E01000986,Part-time: 15 hours or less worked,93,60,33
E01000986,Part-time: 16 to 30 hours worked,161,143,18
E01000987,Full-time: 31 to 48 hours worked,454,494,-40
E01000987,Full-time: 49 or more hours worked,74,79,-5
E01000987,Part-time: 15 hours or less worked,72,68,4
E01000987,Part-time: 16 to 30 hours worked,131,137,-6
E01000989,Full-time: 31 to 48 hours worked,555,541,14
E01000989,Full-time: 49 or more hours worked,91,95,-4
E01000989,Part-time: 15 hours or less worked,87,73,14
E01000989,Part-time: 16 to 30 hours worked,164,188,-24
E01000990,Full-time: 31 to 48 hours worked,335,343,-8
E01000990,Full-time: 49 or more hours worked,38,53,-15
E01000990,Part-time: 15 hours or less worked,78,56,22
E01000990,Part-time: 16 to 30 hours worked,126,115,11
E01000991,Full-time: 31 to 48 hours worked,474,504,-30
E01000991,Full-time: 49 or more hours worked,101,103,-2
E01000991,Part-time: 15 hours or less worked,85,83,2
E01000991,Part-time: 16 to 30 hours worked,175,162,13
E01000992,Full-time: 31 to 48 hours worked,556,508,48
E01000992,Full-time: 49 or more hours worked,82,90,-8
E01000992,Part-time: 15 hours or less worked,96,82,14
E01000992,Part-time: 16 to 30 hours worked,168,167,1
E01000993,Full-time: 31 to 48 hours worked,507,503,4
E01000993,Full-time: 49 or more hours worked,81,99,-18
E01000993,Part-time: 15 hours or less worked,86,65,21
E01000993,Part-time: 16 to 30 hours worked,149,167,-18
E01000994,Full-time: 31 to 48 hours worked,427,431,-4
E01000994,Full-time: 49 or more hours worked,88,73,15
E01000994,Part-time: 15 hours or less worked,86,74,12
E01000994,Part-time: 16 to 30 hours worked,155,138,17
E01000995,Full-time: 31 to 48 hours worked,447,426,21
E01000995,Full-time: 49 or more hours worked,60,56,4
E01000995,Part-time: 15 hours or less worked,113,60,53
E01000995,Part-time: 16 to 30 hours worked,170,167,3
E01000996,Full-time: 31 to 48 hours worked,398,394,4
E01000996,Full-time: 49 or more hours worked,55,67,-12
E01000996,Part-time: 15 hours or less worked,73,60,13
E01000996,Part-time: 16 to 30 hours worked,115,109,6
E01000997,Full-time: 31 to 48 hours worked,381,389,-8
E01000997,Full-time: 49 or more hours worked,55,55,0
E01000997,Part-time: 15 hours or less worked,71,60,11
E01000997,Part-time: 16 to 30 hours worked,150,121,29
E01000998,Full-time: 31 to 48 hours worked,417,458,-41
E01000998,Full-time: 49 or more hours worked,65,74,-9
E01000998,Part-time: 15 hours or less worked,103,81,22
E01000998,Part-time: 16 to 30 hours worked,132,121,11
E01000999,Full-time: 31 to 48 hours worked,341,415,-74
E01000999,Full-time: 49 or more hours worked,54,64,-10
E01000999,Part-time: 15 hours or less worked,58,56,2
E01000999,Part-time: 16 to 30 hours worked,147,108,39
E01001000,Full-time: 31 to 48 hours worked,368,384,-16
E01001000,Full-time: 49 or more hours worked,59,65,-6
E01001000,Part-time: 15 hours or less worked,90,62,28
E01001000,Part-time: 16 to 30 hours worked,137,106,31
E01001001,Full-time: 31 to 48 hours worked,374,320,54
E01001001,Full-time: 49 or more hours worked,54,52,2
E01001001,Part-time: 15 hours or less worked,95,52,43
E01001001,Part-time: 16 to 30 hours worked,131,85,46
E01001002,Full-time: 31 to 48 hours worked,399,383,16
E01001002,Full-time: 49 or more hours worked,58,54,4
E01001002,Part-time: 15 hours or less worked,74,65,9
E01001002,Part-time: 16 to 30 hours worked,150,125,25
E01001003,Full-time: 31 to 48 hours worked,460,492,-32
E01001003,Full-time: 49 or more hours worked,70,72,-2
E01001003,Part-time: 15 hours or less worked,84,63,21
E01001003,Part-time: 16 to 30 hours worked,141,109,32
E01001004,Full-time: 31 to 48 hours worked,632,585,47
E01001004,Full-time: 49 or more hours worked,76,72,4
E01001004,Part-time: 15 hours or less worked,126,80,46
E01001004,Part-time: 16 to 30 hours worked,214,199,15
E01001005,Full-time: 31 to 48 hours worked,465,432,33
E01001005,Full-time: 49 or more hours worked,74,63,11
E01001005,Part-time: 15 hours or less worked,106,70,36
E01001005,Part-time: 16 to 30 hours worked,184,182,2
E01001006,Full-time: 31 to 48 hours worked,542,428,114
E01001006,Full-time: 49 or more hours worked,60,70,-10
E01001006,Part-time: 15 hours or less worked,82,51,31
E01001006,Part-time: 16 to 30 hours worked,168,143,25
E01001007,Full-time: 31 to 48 hours worked,511,490,21
E01001007,Full-time: 49 or more hours worked,59,67,-8
E01001007,Part-time: 15 hours or less worked,135,94,41
E01001007,Part-time: 16 to 30 hours worked,238,193,45
E01001008,Full-time: 31 to 48 hours worked,408,481,-73
E01001008,Full-time: 49 or more hours worked,43,54,-11
E01001008,Part-time: 15 hours or less worked,70,77,-7
E01001008,Part-time: 16 to 30 hours worked,179,196,-17
E01001009,Full-time: 31 to 48 hours worked,593,376,217
E01001009,Full-time: 49 or more hours worked,65,51,14
E01001009,Part-time: 15 hours or less worked,90,76,14
E01001009,Part-time: 16 to 30 hours worked,213,143,70
E01001010,Full-time: 31 to 48 hours worked,447,386,61
E01001010,Full-time: 49 or more hours worked,55,51,4
E01001010,Part-time: 15 hours or less worked,84,60,24
E01001010,Part-time: 16 to 30 hours worked,162,160,2
E01001011,Full-time: 31 to 48 hours worked,540,527,13
E01001011,Full-time: 49 or more hours worked,65,74,-9
E01001011,Part-time: 15 hours or less worked,139,100,39
E01001011,Part-time: 16 to 30 hours worked,245,178,67
E01001012,Full-time: 31 to 48 hours worked,586,524,62
E01001012,Full-time: 49 or more hours worked,99,59,40
E01001012,Part-time: 15 hours or less worked,112,87,25
E01001012,Part-time: 16 to 30 hours worked,165,172,-7
E01001013,Full-time: 31 to 48 hours worked,430,429,1
E01001013,Full-time: 49 or more hours worked,57,63,-6
E01001013,Part-time: 15 hours or less worked,104,85,19
E01001013,Part-time: 16 to 30 hours worked,194,180,14
E01001015,Full-time: 31 to 48 hours worked,365,417,-52
E01001015,Full-time: 49 or more hours worked,76,93,-17
E01001015,Part-time: 15 hours or less worked,65,61,4
E01001015,Part-time: 16 to 30 hours worked,150,96,54
E01001016,Full-time: 31 to 48 hours worked,503,498,5
E01001016,Full-time: 49 or more hours worked,90,93,-3
E01001016,Part-time: 15 hours or less worked,85,82,3
E01001016,Part-time: 16 to 30 hours worked,137,134,3
E01001017,Full-time: 31 to 48 hours worked,508,463,45
E01001017,Full-time: 49 or more hours worked,96,141,-45
E01001017,Part-time: 15 hours or less worked,92,76,16
E01001017,Part-time: 16 to 30 hours worked,138,140,-2
E01001018,Full-time: 31 to 48 hours worked,506,481,25
E01001018,Full-time: 49 or more hours worked,82,106,-24
E01001018,Part-time: 15 hours or less worked,83,67,16
E01001018,Part-time: 16 to 30 hours worked,152,145,7
E01001019,Full-time: 31 to 48 hours worked,382,408,-26
E01001019,Full-time: 49 or more hours worked,95,101,-6
E01001019,Part-time: 15 hours or less worked,85,75,10
E01001019,Part-time: 16 to 30 hours worked,117,144,-27
E01001020,Full-time: 31 to 48 hours worked,464,476,-12
E01001020,Full-time: 49 or more hours worked,77,104,-27
E01001020,Part-time: 15 hours or less worked,94,61,33
E01001020,Part-time: 16 to 30 hours worked,142,150,-8
E01001021,Full-time: 31 to 48 hours worked,306,267,39
E01001021,Full-time: 49 or more hours worked,58,59,-1
E01001021,Part-time: 15 hours or less worked,50,52,-2
E01001021,Part-time: 16 to 30 hours worked,136,119,17
E01001022,Full-time: 31 to 48 hours worked,405,364,41
E01001022,Full-time: 49 or more hours worked,71,85,-14
E01001022,Part-time: 15 hours or less worked,77,66,11
E01001022,Part-time: 16 to 30 hours worked,127,120,7
E01001023,Full-time: 31 to 48 hours worked,897,424,473
E01001023,Full-time: 49 or more hours worked,157,80,77
E01001023,Part-time: 15 hours or less worked,112,43,69
E01001023,Part-time: 16 to 30 hours worked,186,124,62
E01001024,Full-time: 31 to 48 hours worked,430,421,9
E01001024,Full-time: 49 or more hours worked,71,88,-17
E01001024,Part-time: 15 hours or less worked,51,71,-20
E01001024,Part-time: 16 to 30 hours worked,121,157,-36
E01001025,Full-time: 31 to 48 hours worked,437,398,39
E01001025,Full-time: 49 or more hours worked,80,80,0
E01001025,Part-time: 15 hours or less worked,61,68,-7
E01001025,Part-time: 16 to 30 hours worked,124,113,11
E01001026,Full-time: 31 to 48 hours worked,562,513,49
E01001026,Full-time: 49 or more hours worked,85,114,-29
E01001026,Part-time: 15 hours or less worked,91,97,-6
E01001026,Part-time: 16 to 30 hours worked,178,170,8
E01001027,Full-time: 31 to 48 hours worked,995,469,526
E01001027,Full-time: 49 or more hours worked,219,122,97
E01001027,Part-time: 15 hours or less worked,118,88,30
E01001027,Part-time: 16 to 30 hours worked,209,132,77
E01001028,Full-time: 31 to 48 hours worked,425,395,30
E01001028,Full-time: 49 or more hours worked,130,169,-39
E01001028,Part-time: 15 hours or less worked,97,104,-7
E01001028,Part-time: 16 to 30 hours worked,133,118,15
E01001029,Full-time: 31 to 48 hours worked,476,409,67
E01001029,Full-time: 49 or more hours worked,116,165,-49
E01001029,Part-time: 15 hours or less worked,77,85,-8
E01001029,Part-time: 16 to 30 hours worked,123,136,-13
E01001030,Full-time: 31 to 48 hours worked,387,365,22
E01001030,Full-time: 49 or more hours worked,119,127,-8
E01001030,Part-time: 15 hours or less worked,93,88,5
E01001030,Part-time: 16 to 30 hours worked,134,121,13
E01001031,Full-time: 31 to 48 hours worked,435,426,9
E01001031,Full-time: 49 or more hours worked,116,122,-6
E01001031,Part-time: 15 hours or less worked,83,77,6
E01001031,Part-time: 16 to 30 hours worked,127,130,-3
E01001032,Full-time: 31 to 48 hours worked,394,336,58
E01001032,Full-time: 49 or more hours worked,106,115,-9
E01001032,Part-time: 15 hours or less worked,83,84,-1
E01001032,Part-time: 16 to 30 hours worked,133,123,10
E01001033,Full-time: 31 to 48 hours worked,588,545,43
E01001033,Full-time: 49 or more hours worked,110,121,-11
E01001033,Part-time: 15 hours or less worked,97,51,46
E01001033,Part-time: 16 to 30 hours worked,155,114,41
E01001034,Full-time: 31 to 48 hours worked,587,586,1
E01001034,Full-time: 49 or more hours worked,91,124,-33
E01001034,Part-time: 15 hours or less worked,91,60,31
E01001034,Part-time: 16 to 30 hours worked,137,117,20
E01001035,Full-time: 31 to 48 hours worked,663,750,-87
E01001035,Full-time: 49 or more hours worked,109,118,-9
E01001035,Part-time: 15 hours or less worked,105,65,40
E01001035,Part-time: 16 to 30 hours worked,149,103,46
E01001036,Full-time: 31 to 48 hours worked,486,422,64
E01001036,Full-time: 49 or more hours worked,124,123,1
E01001036,Part-time: 15 hours or less worked,65,84,-19
E01001036,Part-time: 16 to 30 hours worked,102,108,-6
E01001037,Full-time: 31 to 48 hours worked,561,522,39
E01001037,Full-time: 49 or more hours worked,100,85,15
E01001037,Part-time: 15 hours or less worked,61,42,19
E01001037,Part-time: 16 to 30 hours worked,125,124,1
E01001038,Full-time: 31 to 48 hours worked,755,806,-51
E01001038,Full-time: 49 or more hours worked,107,153,-46
E01001038,Part-time: 15 hours or less worked,88,42,46
E01001038,Part-time: 16 to 30 hours worked,167,119,48
E01001039,Full-time: 31 to 48 hours worked,486,475,11
E01001039,Full-time: 49 or more hours worked,106,114,-8
E01001039,Part-time: 15 hours or less worked,84,67,17
E01001039,Part-time: 16 to 30 hours worked,125,113,12
E01001040,Full-time: 31 to 48 hours worked,592,643,-51
E01001040,Full-time: 49 or more hours worked,125,122,3
E01001040,Part-time: 15 hours or less worked,81,52,29
E01001040,Part-time: 16 to 30 hours worked,158,143,15
E01001041,Full-time: 31 to 48 hours worked,564,537,27
E01001041,Full-time: 49 or more hours worked,91,129,-38
E01001041,Part-time: 15 hours or less worked,104,67,37
E01001041,Part-time: 16 to 30 hours worked,150,131,19
E01001042,Full-time: 31 to 48 hours worked,704,633,71
E01001042,Full-time: 49 or more hours worked,104,128,-24
E01001042,Part-time: 15 hours or less worked,111,58,53
E01001042,Part-time: 16 to 30 hours worked,235,161,74
E01001044,Full-time: 31 to 48 hours worked,646,631,15
E01001044,Full-time: 49 or more hours worked,120,146,-26
E01001044,Part-time: 15 hours or less worked,85,67,18
E01001044,Part-time: 16 to 30 hours worked,128,110,18
E01001046,Full-time: 31 to 48 hours worked,694,644,50
E01001046,Full-time: 49 or more hours worked,76,114,-38
E01001046,Part-time: 15 hours or less worked,77,65,12
E01001046,Part-time: 16 to 30 hours worked,123,101,22
E01001047,Full-time: 31 to 48 hours worked,633,697,-64
E01001047,Full-time: 49 or more hours worked,98,119,-21
E01001047,Part-time: 15 hours or less worked,97,51,46
E01001047,Part-time: 16 to 30 hours worked,140,120,20
E01001049,Full-time: 31 to 48 hours worked,381,352,29
E01001049,Full-time: 49 or more hours worked,122,139,-17
E01001049,Part-time: 15 hours or less worked,100,68,32
E01001049,Part-time: 16 to 30 hours worked,106,97,9
E01001050,Full-time: 31 to 48 hours worked,534,492,42
E01001050,Full-time: 49 or more hours worked,84,102,-18
E01001050,Part-time: 15 hours or less worked,68,57,11
E01001050,Part-time: 16 to 30 hours worked,123,71,52
E01001051,Full-time: 31 to 48 hours worked,349,291,58
E01001051,Full-time: 49 or more hours worked,48,46,2
E01001051,Part-time: 15 hours or less worked,48,51,-3
E01001051,Part-time: 16 to 30 hours worked,159,157,2
E01001052,Full-time: 31 to 48 hours worked,316,268,48
E01001052,Full-time: 49 or more hours worked,35,40,-5
E01001052,Part-time: 15 hours or less worked,80,40,40
E01001052,Part-time: 16 to 30 hours worked,115,146,-31
E01001053,Full-time: 31 to 48 hours worked,429,398,31
E01001053,Full-time: 49 or more hours worked,48,54,-6
E01001053,Part-time: 15 hours or less worked,80,41,39
E01001053,Part-time: 16 to 30 hours worked,143,140,3
E01001054,Full-time: 31 to 48 hours worked,433,380,53
E01001054,Full-time: 49 or more hours worked,67,57,10
E01001054,Part-time: 15 hours or less worked,73,61,12
E01001054,Part-time: 16 to 30 hours worked,175,148,27
E01001055,Full-time: 31 to 48 hours worked,361,387,-26
E01001055,Full-time: 49 or more hours worked,62,63,-1
E01001055,Part-time: 15 hours or less worked,70,55,15
E01001055,Part-time: 16 to 30 hours worked,171,126,45
E01001056,Full-time: 31 to 48 hours worked,339,352,-13
E01001056,Full-time: 49 or more hours worked,41,46,-5
E01001056,Part-time: 15 hours or less worked,90,74,16
E01001056,Part-time: 16 to 30 hours worked,203,190,13
E01001057,Full-time: 31 to 48 hours worked,342,208,134
E01001057,Full-time: 49 or more hours worked,47,37,10
E01001057,Part-time: 15 hours or less worked,83,45,38
E01001057,Part-time: 16 to 30 hours worked,158,122,36
E01001058,Full-time: 31 to 48 hours worked,412,382,30
E01001058,Full-time: 49 or more hours worked,69,87,-18
E01001058,Part-time: 15 hours or less worked,80,64,16
E01001058,Part-time: 16 to 30 hours worked,128,127,1
E01001059,Full-time: 31 to 48 hours worked,448,505,-57
E01001059,Full-time: 49 or more hours worked,86,82,4
E01001059,Part-time: 15 hours or less worked,61,47,14
E01001059,Part-time: 16 to 30 hours worked,119,136,-17
E01001060,Full-time: 31 to 48 hours worked,468,526,-58
E01001060,Full-time: 49 or more hours worked,80,103,-23
E01001060,Part-time: 15 hours or less worked,94,67,27
E01001060,Part-time: 16 to 30 hours worked,155,138,17
E01001061,Full-time: 31 to 48 hours worked,529,511,18
E01001061,Full-time: 49 or more hours worked,89,78,11
E01001061,Part-time: 15 hours or less worked,77,53,24
E01001061,Part-time: 16 to 30 hours worked,154,134,20
E01001062,Full-time: 31 to 48 hours worked,390,426,-36
E01001062,Full-time: 49 or more hours worked,77,114,-37
E01001062,Part-time: 15 hours or less worked,83,95,-12
E01001062,Part-time: 16 to 30 hours worked,110,136,-26
E01001063,Full-time: 31 to 48 hours worked,477,473,4
E01001063,Full-time: 49 or more hours worked,76,115,-39
E01001063,Part-time: 15 hours or less worked,96,79,17
E01001063,Part-time: 16 to 30 hours worked,149,143,6
E01001064,Full-time: 31 to 48 hours worked,450,401,49
E01001064,Full-time: 49 or more hours worked,92,122,-30
E01001064,Part-time: 15 hours or less worked,111,79,32
E01001064,Part-time: 16 to 30 hours worked,130,146,-16
E01001065,Full-time: 31 to 48 hours worked,441,476,-35
E01001065,Full-time: 49 or more hours worked,79,95,-16
E01001065,Part-time: 15 hours or less worked,70,53,17
E01001065,Part-time: 16 to 30 hours worked,110,113,-3
E01001066,Full-time: 31 to 48 hours worked,321,299,22
E01001066,Full-time: 49 or more hours worked,51,54,-3
E01001066,Part-time: 15 hours or less worked,68,46,22
E01001066,Part-time: 16 to 30 hours worked,155,126,29
E01001067,Full-time: 31 to 48 hours worked,446,464,-18
E01001067,Full-time: 49 or more hours worked,121,140,-19
E01001067,Part-time: 15 hours or less worked,87,73,14
E01001067,Part-time: 16 to 30 hours worked,135,152,-17
E01001068,Full-time: 31 to 48 hours worked,576,571,5
E01001068,Full-time: 49 or more hours worked,114,149,-35
E01001068,Part-time: 15 hours or less worked,102,86,16
E01001068,Part-time: 16 to 30 hours worked,152,150,2
E01001069,Full-time: 31 to 48 hours worked,425,393,32
E01001069,Full-time: 49 or more hours worked,104,94,10
E01001069,Part-time: 15 hours or less worked,74,59,15
E01001069,Part-time: 16 to 30 hours worked,112,121,-9
E01001070,Full-time: 31 to 48 hours worked,491,451,40
E01001070,Full-time: 49 or more hours worked,91,101,-10
E01001070,Part-time: 15 hours or less worked,74,61,13
E01001070,Part-time: 16 to 30 hours worked,150,141,9
E01001071,Full-time: 31 to 48 hours worked,658,582,76
E01001071,Full-time: 49 or more hours worked,103,122,-19
E01001071,Part-time: 15 hours or less worked,97,109,-12
E01001071,Part-time: 16 to 30 hours worked,159,206,-47
E01001072,Full-time: 31 to 48 hours worked,350,326,24
E01001072,Full-time: 49 or more hours worked,104,146,-42
E01001072,Part-time: 15 hours or less worked,97,69,28
E01001072,Part-time: 16 to 30 hours worked,121,122,-1
E01001073,Full-time: 31 to 48 hours worked,463,496,-33
E01001073,Full-time: 49 or more hours worked,77,109,-32
E01001073,Part-time: 15 hours or less worked,72,46,26
E01001073,Part-time: 16 to 30 hours worked,102,120,-18
E01001074,Full-time: 31 to 48 hours worked,604,631,-27
E01001074,Full-time: 49 or more hours worked,98,150,-52
E01001074,Part-time: 15 hours or less worked,82,67,15
E01001074,Part-time: 16 to 30 hours worked,171,152,19
E01001075,Full-time: 31 to 48 hours worked,562,504,58
E01001075,Full-time: 49 or more hours worked,95,95,0
E01001075,Part-time: 15 hours or less worked,82,63,19
E01001075,Part-time: 16 to 30 hours worked,141,119,22
E01001076,Full-time: 31 to 48 hours worked,403,366,37
E01001076,Full-time: 49 or more hours worked,48,71,-23
E01001076,Part-time: 15 hours or less worked,64,54,10
E01001076,Part-time: 16 to 30 hours worked,158,151,7
E01001077,Full-time: 31 to 48 hours worked,408,423,-15
E01001077,Full-time: 49 or more hours worked,60,86,-26
E01001077,Part-time: 15 hours or less worked,59,72,-13
E01001077,Part-time: 16 to 30 hours worked,127,137,-10
E01001078,Full-time: 31 to 48 hours worked,383,347,36
E01001078,Full-time: 49 or more hours worked,52,44,8
E01001078,Part-time: 15 hours or less worked,74,68,6
E01001078,Part-time: 16 to 30 hours worked,125,135,-10
E01001079,Full-time: 31 to 48 hours worked,438,405,33
E01001079,Full-time: 49 or more hours worked,55,51,4
E01001079,Part-time: 15 hours or less worked,63,63,0
E01001079,Part-time: 16 to 30 hours worked,159,149,10
E01001080,Full-time: 31 to 48 hours worked,286,297,-11
E01001080,Full-time: 49 or more hours worked,38,35,3
E01001080,Part-time: 15 hours or less worked,79,70,9
E01001080,Part-time: 16 to 30 hours worked,118,134,-16
E01001081,Full-time: 31 to 48 hours worked,362,323,39
E01001081,Full-time: 49 or more hours worked,53,54,-1
E01001081,Part-time: 15 hours or less worked,73,63,10
E01001081,Part-time: 16 to 30 hours worked,145,106,39
E01001082,Full-time: 31 to 48 hours worked,439,402,37
E01001082,Full-time: 49 or more hours worked,71,58,13
E01001082,Part-time: 15 hours or less worked,68,62,6
E01001082,Part-time: 16 to 30 hours worked,160,152,8
E01001083,Full-time: 31 to 48 hours worked,435,424,11
E01001083,Full-time: 49 or more hours worked,99,115,-16
E01001083,Part-time: 15 hours or less worked,80,67,13
E01001083,Part-time: 16 to 30 hours worked,137,136,1
E01001084,Full-time: 31 to 48 hours worked,492,531,-39
E01001084,Full-time: 49 or more hours worked,125,124,1
E01001084,Part-time: 15 hours or less worked,97,71,26
E01001084,Part-time: 16 to 30 hours worked,195,142,53
E01001085,Full-time: 31 to 48 hours worked,518,436,82
E01001085,Full-time: 49 or more hours worked,75,81,-6
E01001085,Part-time: 15 hours or less worked,115,65,50
E01001085,Part-time: 16 to 30 hours worked,160,141,19
E01001086,Full-time: 31 to 48 hours worked,552,535,17
E01001086,Full-time: 49 or more hours worked,70,96,-26
E01001086,Part-time: 15 hours or less worked,89,75,14
E01001086,Part-time: 16 to 30 hours worked,152,147,5
E01001087,Full-time: 31 to 48 hours worked,784,676,108
E01001087,Full-time: 49 or more hours worked,126,124,2
E01001087,Part-time: 15 hours or less worked,168,97,71
E01001087,Part-time: 16 to 30 hours worked,283,197,86
E01001088,Full-time: 31 to 48 hours worked,536,481,55
E01001088,Full-time: 49 or more hours worked,66,77,-11
E01001088,Part-time: 15 hours or less worked,83,76,7
E01001088,Part-time: 16 to 30 hours worked,149,168,-19
E01001089,Full-time: 31 to 48 hours worked,491,451,40
E01001089,Full-time: 49 or more hours worked,84,72,12
E01001089,Part-time: 15 hours or less worked,95,66,29
E01001089,Part-time: 16 to 30 hours worked,182,187,-5
E01001090,Full-time: 31 to 48 hours worked,680,645,35
E01001090,Full-time: 49 or more hours worked,107,117,-10
E01001090,Part-time: 15 hours or less worked,122,93,29
E01001090,Part-time: 16 to 30 hours worked,228,201,27
E01001091,Full-time: 31 to 48 hours worked,424,440,-16
E01001091,Full-time: 49 or more hours worked,88,97,-9
E01001091,Part-time: 15 hours or less worked,106,84,22
E01001091,Part-time: 16 to 30 hours worked,147,156,-9
E01001092,Full-time: 31 to 48 hours worked,496,438,58
E01001092,Full-time: 49 or more hours worked,138,125,13
E01001092,Part-time: 15 hours or less worked,92,62,30
E01001092,Part-time: 16 to 30 hours worked,117,111,6
E01001093,Full-time: 31 to 48 hours worked,557,541,16
E01001093,Full-time: 49 or more hours worked,100,100,0
E01001093,Part-time: 15 hours or less worked,80,60,20
E01001093,Part-time: 16 to 30 hours worked,168,153,15
E01001094,Full-time: 31 to 48 hours worked,393,351,42
E01001094,Full-time: 49 or more hours worked,150,173,-23
E01001094,Part-time: 15 hours or less worked,105,89,16
E01001094,Part-time: 16 to 30 hours worked,135,117,18
E01001095,Full-time: 31 to 48 hours worked,482,512,-30
E01001095,Full-time: 49 or more hours worked,86,109,-23
E01001095,Part-time: 15 hours or less worked,62,52,10
E01001095,Part-time: 16 to 30 hours worked,138,139,-1
E01001096,Full-time: 31 to 48 hours worked,411,423,-12
E01001096,Full-time: 49 or more hours worked,99,131,-32
E01001096,Part-time: 15 hours or less worked,67,74,-7
E01001096,Part-time: 16 to 30 hours worked,133,143,-10
E01001097,Full-time: 31 to 48 hours worked,739,769,-30
E01001097,Full-time: 49 or more hours worked,132,160,-28
E01001097,Part-time: 15 hours or less worked,138,79,59
E01001097,Part-time: 16 to 30 hours worked,169,136,33
E01001098,Full-time: 31 to 48 hours worked,417,418,-1
E01001098,Full-time: 49 or more hours worked,119,119,0
E01001098,Part-time: 15 hours or less worked,74,83,-9
E01001098,Part-time: 16 to 30 hours worked,119,115,4
E01001099,Full-time: 31 to 48 hours worked,481,429,52
E01001099,Full-time: 49 or more hours worked,83,106,-23
E01001099,Part-time: 15 hours or less worked,80,81,-1
E01001099,Part-time: 16 to 30 hours worked,130,116,14
E01001100,Full-time: 31 to 48 hours worked,523,515,8
E01001100,Full-time: 49 or more hours worked,98,106,-8
E01001100,Part-time: 15 hours or less worked,80,55,25
E01001100,Part-time: 16 to 30 hours worked,117,118,-1
E01001101,Full-time: 31 to 48 hours worked,424,390,34
E01001101,Full-time: 49 or more hours worked,102,113,-11
E01001101,Part-time: 15 hours or less worked,72,86,-14
E01001101,Part-time: 16 to 30 hours worked,126,131,-5
E01001102,Full-time: 31 to 48 hours worked,332,361,-29
E01001102,Full-time: 49 or more hours worked,82,119,-37
E01001102,Part-time: 15 hours or less worked,98,64,34
E01001102,Part-time: 16 to 30 hours worked,115,113,2
E01001103,Full-time: 31 to 48 hours worked,391,387,4
E01001103,Full-time: 49 or more hours worked,96,110,-14
E01001103,Part-time: 15 hours or less worked,73,95,-22
E01001103,Part-time: 16 to 30 hours worked,139,149,-10
E01001104,Full-time: 31 to 48 hours worked,511,498,13
E01001104,Full-time: 49 or more hours worked,107,143,-36
E01001104,Part-time: 15 hours or less worked,81,75,6
E01001104,Part-time: 16 to 30 hours worked,127,160,-33
E01001105,Full-time: 31 to 48 hours worked,512,474,38
E01001105,Full-time: 49 or more hours worked,84,81,3
E01001105,Part-time: 15 hours or less worked,90,79,11
E01001105,Part-time: 16 to 30 hours worked,172,166,6
E01001106,Full-time: 31 to 48 hours worked,451,445,6
E01001106,Full-time: 49 or more hours worked,68,85,-17
E01001106,Part-time: 15 hours or less worked,94,62,32
E01001106,Part-time: 16 to 30 hours worked,137,122,15
E01001107,Full-time: 31 to 48 hours worked,419,466,-47
E01001107,Full-time: 49 or more hours worked,110,147,-37
E01001107,Part-time: 15 hours or less worked,90,72,18
E01001107,Part-time: 16 to 30 hours worked,116,119,-3
E01001108,Full-time: 31 to 48 hours worked,478,432,46
E01001108,Full-time: 49 or more hours worked,118,161,-43
E01001108,Part-time: 15 hours or less worked,101,90,11
E01001108,Part-time: 16 to 30 hours worked,142,154,-12
E01001109,Full-time: 31 to 48 hours worked,634,500,134
E01001109,Full-time: 49 or more hours worked,97,71,26
E01001109,Part-time: 15 hours or less worked,117,82,35
E01001109,Part-time: 16 to 30 hours worked,205,168,37
E01001110,Full-time: 31 to 48 hours worked,615,567,48
E01001110,Full-time: 49 or more hours worked,73,78,-5
E01001110,Part-time: 15 hours or less worked,112,79,33
E01001110,Part-time: 16 to 30 hours worked,203,150,53
E01001111,Full-time: 31 to 48 hours worked,569,471,98
E01001111,Full-time: 49 or more hours worked,60,77,-17
E01001111,Part-time: 15 hours or less worked,112,81,31
E01001111,Part-time: 16 to 30 hours worked,174,131,43
E01001112,Full-time: 31 to 48 hours worked,638,495,143
E01001112,Full-time: 49 or more hours worked,71,58,13
E01001112,Part-time: 15 hours or less worked,88,62,26
E01001112,Part-time: 16 to 30 hours worked,176,149,27
E01001113,Full-time: 31 to 48 hours worked,636,573,63
E01001113,Full-time: 49 or more hours worked,89,60,29
E01001113,Part-time: 15 hours or less worked,118,58,60
E01001113,Part-time: 16 to 30 hours worked,210,168,42
E01001114,Full-time: 31 to 48 hours worked,425,341,84
E01001114,Full-time: 49 or more hours worked,43,48,-5
E01001114,Part-time: 15 hours or less worked,84,53,31
E01001114,Part-time: 16 to 30 hours worked,139,125,14
E01001115,Full-time: 31 to 48 hours worked,431,368,63
E01001115,Full-time: 49 or more hours worked,48,71,-23
E01001115,Part-time: 15 hours or less worked,102,55,47
E01001115,Part-time: 16 to 30 hours worked,144,148,-4
E01001116,Full-time: 31 to 48 hours worked,452,384,68
E01001116,Full-time: 49 or more hours worked,55,44,11
E01001116,Part-time: 15 hours or less worked,71,63,8
E01001116,Part-time: 16 to 30 hours worked,117,134,-17
E01001118,Full-time: 31 to 48 hours worked,507,459,48
E01001118,Full-time: 49 or more hours worked,76,77,-1
E01001118,Part-time: 15 hours or less worked,116,66,50
E01001118,Part-time: 16 to 30 hours worked,211,151,60
E01001119,Full-time: 31 to 48 hours worked,396,499,-103
E01001119,Full-time: 49 or more hours worked,67,87,-20
E01001119,Part-time: 15 hours or less worked,70,84,-14
E01001119,Part-time: 16 to 30 hours worked,145,161,-16
E01001120,Full-time: 31 to 48 hours worked,395,414,-19
E01001120,Full-time: 49 or more hours worked,65,80,-15
E01001120,Part-time: 15 hours or less worked,73,74,-1
E01001120,Part-time: 16 to 30 hours worked,113,117,-4
E01001121,Full-time: 31 to 48 hours worked,325,357,-32
E01001121,Full-time: 49 or more hours worked,77,113,-36
E01001121,Part-time: 15 hours or less worked,75,90,-15
E01001121,Part-time: 16 to 30 hours worked,117,125,-8
E01001122,Full-time: 31 to 48 hours worked,389,460,-71
E01001122,Full-time: 49 or more hours worked,100,159,-59
E01001122,Part-time: 15 hours or less worked,78,83,-5
E01001122,Part-time: 16 to 30 hours worked,108,122,-14
E01001123,Full-time: 31 to 48 hours worked,502,414,88
E01001123,Full-time: 49 or more hours worked,91,95,-4
E01001123,Part-time: 15 hours or less worked,91,73,18
E01001123,Part-time: 16 to 30 hours worked,118,126,-8
E01001124,Full-time: 31 to 48 hours worked,402,404,-2
E01001124,Full-time: 49 or more hours worked,82,104,-22
E01001124,Part-time: 15 hours or less worked,79,108,-29
E01001124,Part-time: 16 to 30 hours worked,123,156,-33
E01001125,Full-time: 31 to 48 hours worked,445,490,-45
E01001125,Full-time: 49 or more hours worked,77,114,-37
E01001125,Part-time: 15 hours or less worked,83,77,6
E01001125,Part-time: 16 to 30 hours worked,142,156,-14
E01001126,Full-time: 31 to 48 hours worked,439,451,-12
E01001126,Full-time: 49 or more hours worked,59,91,-32
E01001126,Part-time: 15 hours or less worked,74,71,3
E01001126,Part-time: 16 to 30 hours worked,131,120,11
E01001127,Full-time: 31 to 48 hours worked,479,475,4
E01001127,Full-time: 49 or more hours worked,67,88,-21
E01001127,Part-time: 15 hours or less worked,91,107,-16
E01001127,Part-time: 16 to 30 hours worked,128,163,-35
E01001128,Full-time: 31 to 48 hours worked,369,355,14
E01001128,Full-time: 49 or more hours worked,56,43,13
E01001128,Part-time: 15 hours or less worked,69,61,8
E01001128,Part-time: 16 to 30 hours worked,137,143,-6
E01001129,Full-time: 31 to 48 hours worked,417,438,-21
E01001129,Full-time: 49 or more hours worked,86,119,-33
E01001129,Part-time: 15 hours or less worked,67,74,-7
E01001129,Part-time: 16 to 30 hours worked,124,146,-22
E01001130,Full-time: 31 to 48 hours worked,321,293,28
E01001130,Full-time: 49 or more hours worked,30,32,-2
E01001130,Part-time: 15 hours or less worked,87,68,19
E01001130,Part-time: 16 to 30 hours worked,176,165,11
E01001131,Full-time: 31 to 48 hours worked,504,489,15
E01001131,Full-time: 49 or more hours worked,61,89,-28
E01001131,Part-time: 15 hours or less worked,77,73,4
E01001131,Part-time: 16 to 30 hours worked,134,145,-11
E01001132,Full-time: 31 to 48 hours worked,469,406,63
E01001132,Full-time: 49 or more hours worked,74,93,-19
E01001132,Part-time: 15 hours or less worked,80,76,4
E01001132,Part-time: 16 to 30 hours worked,140,145,-5
E01001133,Full-time: 31 to 48 hours worked,430,401,29
E01001133,Full-time: 49 or more hours worked,64,85,-21
E01001133,Part-time: 15 hours or less worked,89,70,19
E01001133,Part-time: 16 to 30 hours worked,136,116,20
E01001134,Full-time: 31 to 48 hours worked,497,535,-38
E01001134,Full-time: 49 or more hours worked,88,145,-57
E01001134,Part-time: 15 hours or less worked,72,72,0
E01001134,Part-time: 16 to 30 hours worked,155,124,31
E01001135,Full-time: 31 to 48 hours worked,469,519,-50
E01001135,Full-time: 49 or more hours worked,87,94,-7
E01001135,Part-time: 15 hours or less worked,80,82,-2
E01001135,Part-time: 16 to 30 hours worked,150,165,-15
E01001136,Full-time: 31 to 48 hours worked,662,557,105
E01001136,Full-time: 49 or more hours worked,112,96,16
E01001136,Part-time: 15 hours or less worked,129,63,66
E01001136,Part-time: 16 to 30 hours worked,197,184,13
E01001137,Full-time: 31 to 48 hours worked,725,583,142
E01001137,Full-time: 49 or more hours worked,138,109,29
E01001137,Part-time: 15 hours or less worked,106,81,25
E01001137,Part-time: 16 to 30 hours worked,167,141,26
E01001138,Full-time: 31 to 48 hours worked,488,559,-71
E01001138,Full-time: 49 or more hours worked,112,119,-7
E01001138,Part-time: 15 hours or less worked,73,56,17
E01001138,Part-time: 16 to 30 hours worked,139,146,-7
E01001139,Full-time: 31 to 48 hours worked,530,522,8
E01001139,Full-time: 49 or more hours worked,77,89,-12
E01001139,Part-time: 15 hours or less worked,91,62,29
E01001139,Part-time: 16 to 30 hours worked,161,132,29
E01001140,Full-time: 31 to 48 hours worked,564,588,-24
E01001140,Full-time: 49 or more hours worked,104,101,3
E01001140,Part-time: 15 hours or less worked,90,56,34
E01001140,Part-time: 16 to 30 hours worked,170,126,44
E01001141,Full-time: 31 to 48 hours worked,399,390,9
E01001141,Full-time: 49 or more hours worked,51,52,-1
E01001141,Part-time: 15 hours or less worked,72,61,11
E01001141,Part-time: 16 to 30 hours worked,137,99,38
E01001142,Full-time: 31 to 48 hours worked,576,467,109
E01001142,Full-time: 49 or more hours worked,113,102,11
E01001142,Part-time: 15 hours or less worked,77,51,26
E01001142,Part-time: 16 to 30 hours worked,171,126,45
E01001143,Full-time: 31 to 48 hours worked,562,484,78
E01001143,Full-time: 49 or more hours worked,85,81,4
E01001143,Part-time: 15 hours or less worked,109,78,31
E01001143,Part-time: 16 to 30 hours worked,183,168,15
E01001144,Full-time: 31 to 48 hours worked,603,460,143
E01001144,Full-time: 49 or more hours worked,68,62,6
E01001144,Part-time: 15 hours or less worked,96,68,28
E01001144,Part-time: 16 to 30 hours worked,148,143,5
E01001145,Full-time: 31 to 48 hours worked,457,418,39
E01001145,Full-time: 49 or more hours worked,50,57,-7
E01001145,Part-time: 15 hours or less worked,95,79,16
E01001145,Part-time: 16 to 30 hours worked,166,157,9
E01001146,Full-time: 31 to 48 hours worked,438,466,-28
E01001146,Full-time: 49 or more hours worked,62,76,-14
E01001146,Part-time: 15 hours or less worked,78,58,20
E01001146,Part-time: 16 to 30 hours worked,167,156,11
E01001147,Full-time: 31 to 48 hours worked,460,377,83
E01001147,Full-time: 49 or more hours worked,59,47,12
E01001147,Part-time: 15 hours or less worked,103,76,27
E01001147,Part-time: 16 to 30 hours worked,201,153,48
E01001148,Full-time: 31 to 48 hours worked,517,497,20
E01001148,Full-time: 49 or more hours worked,72,64,8
E01001148,Part-time: 15 hours or less worked,86,79,7
E01001148,Part-time: 16 to 30 hours worked,183,140,43
E01001149,Full-time: 31 to 48 hours worked,456,469,-13
E01001149,Full-time: 49 or more hours worked,86,76,10
E01001149,Part-time: 15 hours or less worked,81,49,32
E01001149,Part-time: 16 to 30 hours worked,165,148,17
E01001150,Full-time: 31 to 48 hours worked,561,527,34
E01001150,Full-time: 49 or more hours worked,106,76,30
E01001150,Part-time: 15 hours or less worked,90,64,26
E01001150,Part-time: 16 to 30 hours worked,163,131,32
E01001151,Full-time: 31 to 48 hours worked,445,388,57
E01001151,Full-time: 49 or more hours worked,61,56,5
E01001151,Part-time: 15 hours or less worked,96,57,39
E01001151,Part-time: 16 to 30 hours worked,169,165,4
E01001152,Full-time: 31 to 48 hours worked,609,456,153
E01001152,Full-time: 49 or more hours worked,74,76,-2
E01001152,Part-time: 15 hours or less worked,93,62,31
E01001152,Part-time: 16 to 30 hours worked,255,172,83
E01001153,Full-time: 31 to 48 hours worked,507,476,31
E01001153,Full-time: 49 or more hours worked,85,68,17
E01001153,Part-time: 15 hours or less worked,90,72,18
E01001153,Part-time: 16 to 30 hours worked,142,156,-14
E01001154,Full-time: 31 to 48 hours worked,567,518,49
E01001154,Full-time: 49 or more hours worked,95,72,23
E01001154,Part-time: 15 hours or less worked,107,92,15
E01001154,Part-time: 16 to 30 hours worked,208,175,33
E01001155,Full-time: 31 to 48 hours worked,395,389,6
E01001155,Full-time: 49 or more hours worked,66,54,12
E01001155,Part-time: 15 hours or less worked,82,50,32
E01001155,Part-time: 16 to 30 hours worked,135,136,-1
E01001156,Full-time: 31 to 48 hours worked,562,458,104
E01001156,Full-time: 49 or more hours worked,104,112,-8
E01001156,Part-time: 15 hours or less worked,86,79,7
E01001156,Part-time: 16 to 30 hours worked,150,133,17
E01001157,Full-time: 31 to 48 hours worked,485,495,-10
E01001157,Full-time: 49 or more hours worked,85,99,-14
E01001157,Part-time: 15 hours or less worked,114,78,36
E01001157,Part-time: 16 to 30 hours worked,136,152,-16
E01001158,Full-time: 31 to 48 hours worked,503,481,22
E01001158,Full-time: 49 or more hours worked,75,95,-20
E01001158,Part-time: 15 hours or less worked,65,53,12
E01001158,Part-time: 16 to 30 hours worked,141,138,3
E01001159,Full-time: 31 to 48 hours worked,546,515,31
E01001159,Full-time: 49 or more hours worked,102,112,-10
E01001159,Part-time: 15 hours or less worked,116,82,34
E01001159,Part-time: 16 to 30 hours worked,173,163,10
E01001160,Full-time: 31 to 48 hours worked,488,528,-40
E01001160,Full-time: 49 or more hours worked,105,127,-22
E01001160,Part-time: 15 hours or less worked,129,84,45
E01001160,Part-time: 16 to 30 hours worked,171,150,21
E01001161,Full-time: 31 to 48 hours worked,444,397,47
E01001161,Full-time: 49 or more hours worked,71,70,1
E01001161,Part-time: 15 hours or less worked,88,75,13
E01001161,Part-time: 16 to 30 hours worked,174,153,21
E01001162,Full-time: 31 to 48 hours worked,548,486,62
E01001162,Full-time: 49 or more hours worked,79,93,-14
E01001162,Part-time: 15 hours or less worked,109,66,43
E01001162,Part-time: 16 to 30 hours worked,209,170,39
E01001163,Full-time: 31 to 48 hours worked,619,639,-20
E01001163,Full-time: 49 or more hours worked,108,132,-24
E01001163,Part-time: 15 hours or less worked,117,68,49
E01001163,Part-time: 16 to 30 hours worked,180,162,18
E01001164,Full-time: 31 to 48 hours worked,745,755,-10
E01001164,Full-time: 49 or more hours worked,160,144,16
E01001164,Part-time: 15 hours or less worked,120,90,30
E01001164,Part-time: 16 to 30 hours worked,193,170,23
E01001165,Full-time: 31 to 48 hours worked,632,595,37
E01001165,Full-time: 49 or more hours worked,102,99,3
E01001165,Part-time: 15 hours or less worked,98,65,33
E01001165,Part-time: 16 to 30 hours worked,200,150,50
E01001166,Full-time: 31 to 48 hours worked,497,542,-45
E01001166,Full-time: 49 or more hours worked,68,84,-16
E01001166,Part-time: 15 hours or less worked,138,68,70
E01001166,Part-time: 16 to 30 hours worked,154,171,-17
E01001167,Full-time: 31 to 48 hours worked,705,688,17
E01001167,Full-time: 49 or more hours worked,120,125,-5
E01001167,Part-time: 15 hours or less worked,108,87,21
E01001167,Part-time: 16 to 30 hours worked,219,188,31
E01001168,Full-time: 31 to 48 hours worked,615,600,15
E01001168,Full-time: 49 or more hours worked,122,119,3
E01001168,Part-time: 15 hours or less worked,87,70,17
E01001168,Part-time: 16 to 30 hours worked,172,136,36
E01001169,Full-time: 31 to 48 hours worked,492,425,67
E01001169,Full-time: 49 or more hours worked,55,52,3
E01001169,Part-time: 15 hours or less worked,89,69,20
E01001169,Part-time: 16 to 30 hours worked,160,154,6
E01001170,Full-time: 31 to 48 hours worked,568,702,-134
E01001170,Full-time: 49 or more hours worked,84,140,-56
E01001170,Part-time: 15 hours or less worked,86,57,29
E01001170,Part-time: 16 to 30 hours worked,180,146,34
E01001171,Full-time: 31 to 48 hours worked,441,399,42
E01001171,Full-time: 49 or more hours worked,83,76,7
E01001171,Part-time: 15 hours or less worked,80,54,26
E01001171,Part-time: 16 to 30 hours worked,134,138,-4
E01001172,Full-time: 31 to 48 hours worked,518,395,123
E01001172,Full-time: 49 or more hours worked,58,68,-10
E01001172,Part-time: 15 hours or less worked,81,57,24
E01001172,Part-time: 16 to 30 hours worked,227,134,93
E01001173,Full-time: 31 to 48 hours worked,843,808,35
E01001173,Full-time: 49 or more hours worked,140,148,-8
E01001173,Part-time: 15 hours or less worked,166,105,61
E01001173,Part-time: 16 to 30 hours worked,257,215,42
E01001174,Full-time: 31 to 48 hours worked,413,436,-23
E01001174,Full-time: 49 or more hours worked,55,60,-5
E01001174,Part-time: 15 hours or less worked,92,73,19
E01001174,Part-time: 16 to 30 hours worked,170,136,34
E01001175,Full-time: 31 to 48 hours worked,422,372,50
E01001175,Full-time: 49 or more hours worked,56,56,0
E01001175,Part-time: 15 hours or less worked,68,69,-1
E01001175,Part-time: 16 to 30 hours worked,166,146,20
E01001176,Full-time: 31 to 48 hours worked,443,487,-44
E01001176,Full-time: 49 or more hours worked,62,71,-9
E01001176,Part-time: 15 hours or less worked,106,74,32
E01001176,Part-time: 16 to 30 hours worked,185,177,8
E01001177,Full-time: 31 to 48 hours worked,453,401,52
E01001177,Full-time: 49 or more hours worked,52,54,-2
E01001177,Part-time: 15 hours or less worked,98,58,40
E01001177,Part-time: 16 to 30 hours worked,185,171,14
E01001178,Full-time: 31 to 48 hours worked,341,279,62
E01001178,Full-time: 49 or more hours worked,52,51,1
E01001178,Part-time: 15 hours or less worked,109,57,52
E01001178,Part-time: 16 to 30 hours worked,135,107,28
E01001179,Full-time: 31 to 48 hours worked,419,425,-6
E01001179,Full-time: 49 or more hours worked,60,63,-3
E01001179,Part-time: 15 hours or less worked,93,71,22
E01001179,Part-time: 16 to 30 hours worked,169,140,29
E01001180,Full-time: 31 to 48 hours worked,510,452,58
E01001180,Full-time: 49 or more hours worked,54,65,-11
E01001180,Part-time: 15 hours or less worked,106,83,23
E01001180,Part-time: 16 to 30 hours worked,231,177,54
E01001181,Full-time: 31 to 48 hours worked,477,509,-32
E01001181,Full-time: 49 or more hours worked,37,60,-23
E01001181,Part-time: 15 hours or less worked,101,72,29
E01001181,Part-time: 16 to 30 hours worked,203,161,42
E01001182,Full-time: 31 to 48 hours worked,391,361,30
E01001182,Full-time: 49 or more hours worked,65,57,8
E01001182,Part-time: 15 hours or less worked,71,63,8
E01001182,Part-time: 16 to 30 hours worked,121,128,-7
E01001183,Full-time: 31 to 48 hours worked,462,424,38
E01001183,Full-time: 49 or more hours worked,46,67,-21
E01001183,Part-time: 15 hours or less worked,95,79,16
E01001183,Part-time: 16 to 30 hours worked,186,144,42
E01001184,Full-time: 31 to 48 hours worked,393,340,53
E01001184,Full-time: 49 or more hours worked,58,75,-17
E01001184,Part-time: 15 hours or less worked,63,60,3
E01001184,Part-time: 16 to 30 hours worked,143,143,0
E01001185,Full-time: 31 to 48 hours worked,594,520,74
E01001185,Full-time: 49 or more hours worked,83,96,-13
E01001185,Part-time: 15 hours or less worked,89,70,19
E01001185,Part-time: 16 to 30 hours worked,143,153,-10
E01001186,Full-time: 31 to 48 hours worked,527,521,6
E01001186,Full-time: 49 or more hours worked,61,78,-17
E01001186,Part-time: 15 hours or less worked,91,46,45
E01001186,Part-time: 16 to 30 hours worked,142,145,-3
E01001187,Full-time: 31 to 48 hours worked,602,616,-14
E01001187,Full-time: 49 or more hours worked,112,77,35
E01001187,Part-time: 15 hours or less worked,101,68,33
E01001187,Part-time: 16 to 30 hours worked,171,193,-22
E01001188,Full-time: 31 to 48 hours worked,575,543,32
E01001188,Full-time: 49 or more hours worked,79,69,10
E01001188,Part-time: 15 hours or less worked,97,69,28
E01001188,Part-time: 16 to 30 hours worked,180,161,19
E01001189,Full-time: 31 to 48 hours worked,392,386,6
E01001189,Full-time: 49 or more hours worked,53,50,3
E01001189,Part-time: 15 hours or less worked,71,51,20
E01001189,Part-time: 16 to 30 hours worked,116,118,-2
E01001190,Full-time: 31 to 48 hours worked,521,603,-82
E01001190,Full-time: 49 or more hours worked,86,81,5
E01001190,Part-time: 15 hours or less worked,73,85,-12
E01001190,Part-time: 16 to 30 hours worked,143,227,-84
E01001191,Full-time: 31 to 48 hours worked,589,538,51
E01001191,Full-time: 49 or more hours worked,93,93,0
E01001191,Part-time: 15 hours or less worked,112,81,31
E01001191,Part-time: 16 to 30 hours worked,195,176,19
E01001192,Full-time: 31 to 48 hours worked,518,339,179
E01001192,Full-time: 49 or more hours worked,76,63,13
E01001192,Part-time: 15 hours or less worked,80,28,52
E01001192,Part-time: 16 to 30 hours worked,163,91,72
E01001193,Full-time: 31 to 48 hours worked,486,421,65
E01001193,Full-time: 49 or more hours worked,65,56,9
E01001193,Part-time: 15 hours or less worked,86,72,14
E01001193,Part-time: 16 to 30 hours worked,163,173,-10
E01001194,Full-time: 31 to 48 hours worked,560,541,19
E01001194,Full-time: 49 or more hours worked,97,78,19
E01001194,Part-time: 15 hours or less worked,92,50,42
E01001194,Part-time: 16 to 30 hours worked,135,142,-7
E01001195,Full-time: 31 to 48 hours worked,465,477,-12
E01001195,Full-time: 49 or more hours worked,120,129,-9
E01001195,Part-time: 15 hours or less worked,82,63,19
E01001195,Part-time: 16 to 30 hours worked,148,141,7
E01001196,Full-time: 31 to 48 hours worked,414,420,-6
E01001196,Full-time: 49 or more hours worked,67,91,-24
E01001196,Part-time: 15 hours or less worked,80,75,5
E01001196,Part-time: 16 to 30 hours worked,132,145,-13
E01001197,Full-time: 31 to 48 hours worked,449,465,-16
E01001197,Full-time: 49 or more hours worked,148,137,11
E01001197,Part-time: 15 hours or less worked,109,58,51
E01001197,Part-time: 16 to 30 hours worked,138,111,27
E01001198,Full-time: 31 to 48 hours worked,482,469,13
E01001198,Full-time: 49 or more hours worked,146,138,8
E01001198,Part-time: 15 hours or less worked,89,57,32
E01001198,Part-time: 16 to 30 hours worked,139,132,7
E01001199,Full-time: 31 to 48 hours worked,511,554,-43
E01001199,Full-time: 49 or more hours worked,80,122,-42
E01001199,Part-time: 15 hours or less worked,124,67,57
E01001199,Part-time: 16 to 30 hours worked,156,153,3
E01001200,Full-time: 31 to 48 hours worked,479,540,-61
E01001200,Full-time: 49 or more hours worked,161,142,19
E01001200,Part-time: 15 hours or less worked,107,43,64
E01001200,Part-time: 16 to 30 hours worked,146,150,-4
E01001201,Full-time: 31 to 48 hours worked,501,546,-45
E01001201,Full-time: 49 or more hours worked,158,155,3
E01001201,Part-time: 15 hours or less worked,84,68,16
E01001201,Part-time: 16 to 30 hours worked,156,122,34
E01001202,Full-time: 31 to 48 hours worked,729,598,131
E01001202,Full-time: 49 or more hours worked,123,146,-23
E01001202,Part-time: 15 hours or less worked,126,74,52
E01001202,Part-time: 16 to 30 hours worked,225,179,46
E01001203,Full-time: 31 to 48 hours worked,506,586,-80
E01001203,Full-time: 49 or more hours worked,104,132,-28
E01001203,Part-time: 15 hours or less worked,105,69,36
E01001203,Part-time: 16 to 30 hours worked,147,172,-25
E01001204,Full-time: 31 to 48 hours worked,441,478,-37
E01001204,Full-time: 49 or more hours worked,142,134,8
E01001204,Part-time: 15 hours or less worked,82,56,26
E01001204,Part-time: 16 to 30 hours worked,103,128,-25
E01001205,Full-time: 31 to 48 hours worked,431,431,0
E01001205,Full-time: 49 or more hours worked,74,94,-20
E01001205,Part-time: 15 hours or less worked,98,54,44
E01001205,Part-time: 16 to 30 hours worked,148,124,24
E01001206,Full-time: 31 to 48 hours worked,292,320,-28
E01001206,Full-time: 49 or more hours worked,44,57,-13
E01001206,Part-time: 15 hours or less worked,85,61,24
E01001206,Part-time: 16 to 30 hours worked,155,121,34
E01001207,Full-time: 31 to 48 hours worked,668,599,69
E01001207,Full-time: 49 or more hours worked,134,164,-30
E01001207,Part-time: 15 hours or less worked,90,64,26
E01001207,Part-time: 16 to 30 hours worked,149,133,16
E01001208,Full-time: 31 to 48 hours worked,334,348,-14
E01001208,Full-time: 49 or more hours worked,103,112,-9
E01001208,Part-time: 15 hours or less worked,78,54,24
E01001208,Part-time: 16 to 30 hours worked,122,117,5
E01001209,Full-time: 31 to 48 hours worked,486,498,-12
E01001209,Full-time: 49 or more hours worked,139,172,-33
E01001209,Part-time: 15 hours or less worked,109,76,33
E01001209,Part-time: 16 to 30 hours worked,124,144,-20
E01001210,Full-time: 31 to 48 hours worked,341,320,21
E01001210,Full-time: 49 or more hours worked,55,75,-20
E01001210,Part-time: 15 hours or less worked,109,72,37
E01001210,Part-time: 16 to 30 hours worked,145,132,13
E01001211,Full-time: 31 to 48 hours worked,497,518,-21
E01001211,Full-time: 49 or more hours worked,133,184,-51
E01001211,Part-time: 15 hours or less worked,110,60,50
E01001211,Part-time: 16 to 30 hours worked,136,112,24
E01001212,Full-time: 31 to 48 hours worked,473,474,-1
E01001212,Full-time: 49 or more hours worked,125,141,-16
E01001212,Part-time: 15 hours or less worked,98,63,35
E01001212,Part-time: 16 to 30 hours worked,121,115,6
E01001213,Full-time: 31 to 48 hours worked,469,474,-5
E01001213,Full-time: 49 or more hours worked,50,64,-14
E01001213,Part-time: 15 hours or less worked,100,96,4
E01001213,Part-time: 16 to 30 hours worked,197,151,46
E01001214,Full-time: 31 to 48 hours worked,417,506,-89
E01001214,Full-time: 49 or more hours worked,59,89,-30
E01001214,Part-time: 15 hours or less worked,67,92,-25
E01001214,Part-time: 16 to 30 hours worked,145,142,3
E01001215,Full-time: 31 to 48 hours worked,450,459,-9
E01001215,Full-time: 49 or more hours worked,53,46,7
E01001215,Part-time: 15 hours or less worked,95,78,17
E01001215,Part-time: 16 to 30 hours worked,173,126,47
E01001216,Full-time: 31 to 48 hours worked,378,448,-70
E01001216,Full-time: 49 or more hours worked,40,57,-17
E01001216,Part-time: 15 hours or less worked,80,75,5
E01001216,Part-time: 16 to 30 hours worked,145,110,35
E01001217,Full-time: 31 to 48 hours worked,394,463,-69
E01001217,Full-time: 49 or more hours worked,74,79,-5
E01001217,Part-time: 15 hours or less worked,68,58,10
E01001217,Part-time: 16 to 30 hours worked,126,143,-17
E01001218,Full-time: 31 to 48 hours worked,442,469,-27
E01001218,Full-time: 49 or more hours worked,66,82,-16
E01001218,Part-time: 15 hours or less worked,123,72,51
E01001218,Part-time: 16 to 30 hours worked,189,167,22
E01001219,Full-time: 31 to 48 hours worked,439,382,57
E01001219,Full-time: 49 or more hours worked,44,50,-6
E01001219,Part-time: 15 hours or less worked,89,85,4
E01001219,Part-time: 16 to 30 hours worked,222,172,50
E01001220,Full-time: 31 to 48 hours worked,319,275,44
E01001220,Full-time: 49 or more hours worked,34,38,-4
E01001220,Part-time: 15 hours or less worked,83,40,43
E01001220,Part-time: 16 to 30 hours worked,138,129,9
E01001223,Full-time: 31 to 48 hours worked,434,456,-22
E01001223,Full-time: 49 or more hours worked,137,187,-50
E01001223,Part-time: 15 hours or less worked,92,47,45
E01001223,Part-time: 16 to 30 hours worked,85,104,-19
E01001224,Full-time: 31 to 48 hours worked,447,451,-4
E01001224,Full-time: 49 or more hours worked,154,170,-16
E01001224,Part-time: 15 hours or less worked,100,98,2
E01001224,Part-time: 16 to 30 hours worked,118,112,6
E01001225,Full-time: 31 to 48 hours worked,548,596,-48
E01001225,Full-time: 49 or more hours worked,180,178,2
E01001225,Part-time: 15 hours or less worked,96,62,34
E01001225,Part-time: 16 to 30 hours worked,131,122,9
E01001226,Full-time: 31 to 48 hours worked,510,572,-62
E01001226,Full-time: 49 or more hours worked,150,149,1
E01001226,Part-time: 15 hours or less worked,62,46,16
E01001226,Part-time: 16 to 30 hours worked,119,78,41
E01001227,Full-time: 31 to 48 hours worked,489,447,42
E01001227,Full-time: 49 or more hours worked,153,195,-42
E01001227,Part-time: 15 hours or less worked,83,69,14
E01001227,Part-time: 16 to 30 hours worked,103,89,14
E01001228,Full-time: 31 to 48 hours worked,683,625,58
E01001228,Full-time: 49 or more hours worked,148,194,-46
E01001228,Part-time: 15 hours or less worked,118,51,67
E01001228,Part-time: 16 to 30 hours worked,182,125,57
E01001229,Full-time: 31 to 48 hours worked,440,441,-1
E01001229,Full-time: 49 or more hours worked,77,103,-26
E01001229,Part-time: 15 hours or less worked,80,51,29
E01001229,Part-time: 16 to 30 hours worked,131,132,-1
E01001230,Full-time: 31 to 48 hours worked,437,503,-66
E01001230,Full-time: 49 or more hours worked,145,173,-28
E01001230,Part-time: 15 hours or less worked,82,66,16
E01001230,Part-time: 16 to 30 hours worked,100,115,-15
E01001231,Full-time: 31 to 48 hours worked,605,601,4
E01001231,Full-time: 49 or more hours worked,157,191,-34
E01001231,Part-time: 15 hours or less worked,167,68,99
E01001231,Part-time: 16 to 30 hours worked,156,121,35
E01001232,Full-time: 31 to 48 hours worked,412,470,-58
E01001232,Full-time: 49 or more hours worked,81,113,-32
E01001232,Part-time: 15 hours or less worked,92,68,24
E01001232,Part-time: 16 to 30 hours worked,117,127,-10
E01001233,Full-time: 31 to 48 hours worked,430,507,-77
E01001233,Full-time: 49 or more hours worked,113,130,-17
E01001233,Part-time: 15 hours or less worked,95,55,40
E01001233,Part-time: 16 to 30 hours worked,133,86,47
E01001234,Full-time: 31 to 48 hours worked,518,554,-36
E01001234,Full-time: 49 or more hours worked,118,147,-29
E01001234,Part-time: 15 hours or less worked,77,51,26
E01001234,Part-time: 16 to 30 hours worked,104,109,-5
E01001235,Full-time: 31 to 48 hours worked,716,694,22
E01001235,Full-time: 49 or more hours worked,143,204,-61
E01001235,Part-time: 15 hours or less worked,99,55,44
E01001235,Part-time: 16 to 30 hours worked,123,83,40
E01001236,Full-time: 31 to 48 hours worked,506,589,-83
E01001236,Full-time: 49 or more hours worked,120,147,-27
E01001236,Part-time: 15 hours or less worked,79,62,17
E01001236,Part-time: 16 to 30 hours worked,114,103,11
E01001237,Full-time: 31 to 48 hours worked,548,585,-37
E01001237,Full-time: 49 or more hours worked,152,200,-48
E01001237,Part-time: 15 hours or less worked,104,56,48
E01001237,Part-time: 16 to 30 hours worked,96,99,-3
E01001239,Full-time: 31 to 48 hours worked,454,490,-36
E01001239,Full-time: 49 or more hours worked,71,75,-4
E01001239,Part-time: 15 hours or less worked,73,66,7
E01001239,Part-time: 16 to 30 hours worked,124,120,4
E01001240,Full-time: 31 to 48 hours worked,594,476,118
E01001240,Full-time: 49 or more hours worked,85,82,3
E01001240,Part-time: 15 hours or less worked,118,76,42
E01001240,Part-time: 16 to 30 hours worked,167,132,35
E01001241,Full-time: 31 to 48 hours worked,661,473,188
E01001241,Full-time: 49 or more hours worked,104,101,3
E01001241,Part-time: 15 hours or less worked,96,72,24
E01001241,Part-time: 16 to 30 hours worked,144,106,38
E01001242,Full-time: 31 to 48 hours worked,417,313,104
E01001242,Full-time: 49 or more hours worked,120,115,5
E01001242,Part-time: 15 hours or less worked,111,67,44
E01001242,Part-time: 16 to 30 hours worked,139,106,33
E01001243,Full-time: 31 to 48 hours worked,740,483,257
E01001243,Full-time: 49 or more hours worked,142,102,40
E01001243,Part-time: 15 hours or less worked,137,59,78
E01001243,Part-time: 16 to 30 hours worked,188,140,48
E01001244,Full-time: 31 to 48 hours worked,727,666,61
E01001244,Full-time: 49 or more hours worked,163,177,-14
E01001244,Part-time: 15 hours or less worked,155,86,69
E01001244,Part-time: 16 to 30 hours worked,250,169,81
E01001245,Full-time: 31 to 48 hours worked,743,827,-84
E01001245,Full-time: 49 or more hours worked,202,202,0
E01001245,Part-time: 15 hours or less worked,117,63,54
E01001245,Part-time: 16 to 30 hours worked,178,168,10
E01001246,Full-time: 31 to 48 hours worked,631,387,244
E01001246,Full-time: 49 or more hours worked,110,100,10
E01001246,Part-time: 15 hours or less worked,104,53,51
E01001246,Part-time: 16 to 30 hours worked,156,137,19
E01001247,Full-time: 31 to 48 hours worked,593,721,-128
E01001247,Full-time: 49 or more hours worked,123,161,-38
E01001247,Part-time: 15 hours or less worked,110,71,39
E01001247,Part-time: 16 to 30 hours worked,195,173,22
E01001248,Full-time: 31 to 48 hours worked,434,477,-43
E01001248,Full-time: 49 or more hours worked,93,118,-25
E01001248,Part-time: 15 hours or less worked,99,74,25
E01001248,Part-time: 16 to 30 hours worked,131,137,-6
E01001249,Full-time: 31 to 48 hours worked,673,720,-47
E01001249,Full-time: 49 or more hours worked,139,161,-22
E01001249,Part-time: 15 hours or less worked,143,66,77
E01001249,Part-time: 16 to 30 hours worked,219,204,15
E01001250,Full-time: 31 to 48 hours worked,629,692,-63
E01001250,Full-time: 49 or more hours worked,92,124,-32
E01001250,Part-time: 15 hours or less worked,126,67,59
E01001250,Part-time: 16 to 30 hours worked,180,173,7
E01001251,Full-time: 31 to 48 hours worked,578,579,-1
E01001251,Full-time: 49 or more hours worked,118,125,-7
E01001251,Part-time: 15 hours or less worked,97,74,23
E01001251,Part-time: 16 to 30 hours worked,154,144,10
E01001252,Full-time: 31 to 48 hours worked,696,648,48
E01001252,Full-time: 49 or more hours worked,159,140,19
E01001252,Part-time: 15 hours or less worked,144,61,83
E01001252,Part-time: 16 to 30 hours worked,243,189,54
E01001253,Full-time: 31 to 48 hours worked,650,557,93
E01001253,Full-time: 49 or more hours worked,143,134,9
E01001253,Part-time: 15 hours or less worked,128,65,63
E01001253,Part-time: 16 to 30 hours worked,178,140,38
E01001254,Full-time: 31 to 48 hours worked,519,599,-80
E01001254,Full-time: 49 or more hours worked,119,116,3
E01001254,Part-time: 15 hours or less worked,88,62,26
E01001254,Part-time: 16 to 30 hours worked,173,138,35
E01001255,Full-time: 31 to 48 hours worked,482,515,-33
E01001255,Full-time: 49 or more hours worked,107,136,-29
E01001255,Part-time: 15 hours or less worked,72,64,8
E01001255,Part-time: 16 to 30 hours worked,145,127,18
E01001257,Full-time: 31 to 48 hours worked,599,449,150
E01001257,Full-time: 49 or more hours worked,89,74,15
E01001257,Part-time: 15 hours or less worked,81,73,8
E01001257,Part-time: 16 to 30 hours worked,202,172,30
E01001258,Full-time: 31 to 48 hours worked,538,515,23
E01001258,Full-time: 49 or more hours worked,75,86,-11
E01001258,Part-time: 15 hours or less worked,86,75,11
E01001258,Part-time: 16 to 30 hours worked,155,144,11
E01001259,Full-time: 31 to 48 hours worked,390,442,-52
E01001259,Full-time: 49 or more hours worked,76,75,1
E01001259,Part-time: 15 hours or less worked,101,71,30
E01001259,Part-time: 16 to 30 hours worked,180,141,39
E01001260,Full-time: 31 to 48 hours worked,547,543,4
E01001260,Full-time: 49 or more hours worked,94,96,-2
E01001260,Part-time: 15 hours or less worked,120,101,19
E01001260,Part-time: 16 to 30 hours worked,218,196,22
E01001261,Full-time: 31 to 48 hours worked,678,619,59
E01001261,Full-time: 49 or more hours worked,126,107,19
E01001261,Part-time: 15 hours or less worked,129,131,-2
E01001261,Part-time: 16 to 30 hours worked,220,230,-10
E01001262,Full-time: 31 to 48 hours worked,404,401,3
E01001262,Full-time: 49 or more hours worked,57,77,-20
E01001262,Part-time: 15 hours or less worked,66,57,9
E01001262,Part-time: 16 to 30 hours worked,144,134,10
E01001263,Full-time: 31 to 48 hours worked,518,361,157
E01001263,Full-time: 49 or more hours worked,71,64,7
E01001263,Part-time: 15 hours or less worked,93,53,40
E01001263,Part-time: 16 to 30 hours worked,164,107,57
E01001264,Full-time: 31 to 48 hours worked,501,417,84
E01001264,Full-time: 49 or more hours worked,67,75,-8
E01001264,Part-time: 15 hours or less worked,87,64,23
E01001264,Part-time: 16 to 30 hours worked,165,146,19
E01001265,Full-time: 31 to 48 hours worked,558,557,1
E01001265,Full-time: 49 or more hours worked,72,98,-26
E01001265,Part-time: 15 hours or less worked,94,72,22
E01001265,Part-time: 16 to 30 hours worked,160,159,1
E01001266,Full-time: 31 to 48 hours worked,541,587,-46
E01001266,Full-time: 49 or more hours worked,85,86,-1
E01001266,Part-time: 15 hours or less worked,124,78,46
E01001266,Part-time: 16 to 30 hours worked,157,158,-1
E01001267,Full-time: 31 to 48 hours worked,512,670,-158
E01001267,Full-time: 49 or more hours worked,76,116,-40
E01001267,Part-time: 15 hours or less worked,113,82,31
E01001267,Part-time: 16 to 30 hours worked,155,165,-10
E01001268,Full-time: 31 to 48 hours worked,541,388,153
E01001268,Full-time: 49 or more hours worked,99,81,18
E01001268,Part-time: 15 hours or less worked,88,57,31
E01001268,Part-time: 16 to 30 hours worked,186,116,70
E01001269,Full-time: 31 to 48 hours worked,717,617,100
E01001269,Full-time: 49 or more hours worked,124,133,-9
E01001269,Part-time: 15 hours or less worked,155,97,58
E01001269,Part-time: 16 to 30 hours worked,224,221,3
E01001270,Full-time: 31 to 48 hours worked,559,579,-20
E01001270,Full-time: 49 or more hours worked,84,68,16
E01001270,Part-time: 15 hours or less worked,90,77,13
E01001270,Part-time: 16 to 30 hours worked,168,145,23
E01001271,Full-time: 31 to 48 hours worked,544,562,-18
E01001271,Full-time: 49 or more hours worked,77,82,-5
E01001271,Part-time: 15 hours or less worked,98,92,6
E01001271,Part-time: 16 to 30 hours worked,218,177,41
E01001272,Full-time: 31 to 48 hours worked,498,541,-43
E01001272,Full-time: 49 or more hours worked,99,104,-5
E01001272,Part-time: 15 hours or less worked,93,67,26
E01001272,Part-time: 16 to 30 hours worked,176,137,39
E01001273,Full-time: 31 to 48 hours worked,420,448,-28
E01001273,Full-time: 49 or more hours worked,172,175,-3
E01001273,Part-time: 15 hours or less worked,74,58,16
E01001273,Part-time: 16 to 30 hours worked,131,121,10
E01001274,Full-time: 31 to 48 hours worked,407,407,0
E01001274,Full-time: 49 or more hours worked,122,145,-23
E01001274,Part-time: 15 hours or less worked,71,62,9
E01001274,Part-time: 16 to 30 hours worked,101,75,26
E01001275,Full-time: 31 to 48 hours worked,628,711,-83
E01001275,Full-time: 49 or more hours worked,154,192,-38
E01001275,Part-time: 15 hours or less worked,91,67,24
E01001275,Part-time: 16 to 30 hours worked,124,88,36
E01001276,Full-time: 31 to 48 hours worked,507,593,-86
E01001276,Full-time: 49 or more hours worked,113,140,-27
E01001276,Part-time: 15 hours or less worked,114,84,30
E01001276,Part-time: 16 to 30 hours worked,171,145,26
E01001277,Full-time: 31 to 48 hours worked,589,639,-50
E01001277,Full-time: 49 or more hours worked,138,140,-2
E01001277,Part-time: 15 hours or less worked,104,64,40
E01001277,Part-time: 16 to 30 hours worked,179,163,16
E01001278,Full-time: 31 to 48 hours worked,457,598,-141
E01001278,Full-time: 49 or more hours worked,153,128,25
E01001278,Part-time: 15 hours or less worked,153,84,69
E01001278,Part-time: 16 to 30 hours worked,196,145,51
E01001279,Full-time: 31 to 48 hours worked,361,402,-41
E01001279,Full-time: 49 or more hours worked,126,143,-17
E01001279,Part-time: 15 hours or less worked,81,65,16
E01001279,Part-time: 16 to 30 hours worked,93,112,-19
E01001280,Full-time: 31 to 48 hours worked,469,533,-64
E01001280,Full-time: 49 or more hours worked,123,163,-40
E01001280,Part-time: 15 hours or less worked,108,78,30
E01001280,Part-time: 16 to 30 hours worked,135,121,14
E01001281,Full-time: 31 to 48 hours worked,427,462,-35
E01001281,Full-time: 49 or more hours worked,128,151,-23
E01001281,Part-time: 15 hours or less worked,91,47,44
E01001281,Part-time: 16 to 30 hours worked,126,141,-15
E01001282,Full-time: 31 to 48 hours worked,425,383,42
E01001282,Full-time: 49 or more hours worked,57,61,-4
E01001282,Part-time: 15 hours or less worked,68,80,-12
E01001282,Part-time: 16 to 30 hours worked,143,117,26
E01001283,Full-time: 31 to 48 hours worked,422,376,46
E01001283,Full-time: 49 or more hours worked,70,77,-7
E01001283,Part-time: 15 hours or less worked,98,66,32
E01001283,Part-time: 16 to 30 hours worked,160,131,29
E01001284,Full-time: 31 to 48 hours worked,472,498,-26
E01001284,Full-time: 49 or more hours worked,85,99,-14
E01001284,Part-time: 15 hours or less worked,97,84,13
E01001284,Part-time: 16 to 30 hours worked,153,140,13
E01001285,Full-time: 31 to 48 hours worked,458,462,-4
E01001285,Full-time: 49 or more hours worked,63,99,-36
E01001285,Part-time: 15 hours or less worked,118,78,40
E01001285,Part-time: 16 to 30 hours worked,188,159,29
E01001286,Full-time: 31 to 48 hours worked,430,454,-24
E01001286,Full-time: 49 or more hours worked,78,83,-5
E01001286,Part-time: 15 hours or less worked,79,68,11
E01001286,Part-time: 16 to 30 hours worked,149,164,-15
E01001287,Full-time: 31 to 48 hours worked,314,326,-12
E01001287,Full-time: 49 or more hours worked,41,56,-15
E01001287,Part-time: 15 hours or less worked,103,72,31
E01001287,Part-time: 16 to 30 hours worked,145,136,9
E01001288,Full-time: 31 to 48 hours worked,400,482,-82
E01001288,Full-time: 49 or more hours worked,104,99,5
E01001288,Part-time: 15 hours or less worked,78,56,22
E01001288,Part-time: 16 to 30 hours worked,128,137,-9
E01001289,Full-time: 31 to 48 hours worked,425,418,7
E01001289,Full-time: 49 or more hours worked,90,112,-22
E01001289,Part-time: 15 hours or less worked,80,57,23
E01001289,Part-time: 16 to 30 hours worked,103,129,-26
E01001290,Full-time: 31 to 48 hours worked,640,640,0
E01001290,Full-time: 49 or more hours worked,141,153,-12
E01001290,Part-time: 15 hours or less worked,115,87,28
E01001290,Part-time: 16 to 30 hours worked,208,163,45
E01001291,Full-time: 31 to 48 hours worked,502,389,113
E01001291,Full-time: 49 or more hours worked,70,51,19
E01001291,Part-time: 15 hours or less worked,89,49,40
E01001291,Part-time: 16 to 30 hours worked,159,116,43
E01001292,Full-time: 31 to 48 hours worked,517,543,-26
E01001292,Full-time: 49 or more hours worked,58,66,-8
E01001292,Part-time: 15 hours or less worked,77,79,-2
E01001292,Part-time: 16 to 30 hours worked,159,163,-4
E01001293,Full-time: 31 to 48 hours worked,498,541,-43
E01001293,Full-time: 49 or more hours worked,55,68,-13
E01001293,Part-time: 15 hours or less worked,93,110,-17
E01001293,Part-time: 16 to 30 hours worked,167,192,-25
E01001294,Full-time: 31 to 48 hours worked,541,595,-54
E01001294,Full-time: 49 or more hours worked,75,70,5
E01001294,Part-time: 15 hours or less worked,92,72,20
E01001294,Part-time: 16 to 30 hours worked,163,175,-12
E01001295,Full-time: 31 to 48 hours worked,528,555,-27
E01001295,Full-time: 49 or more hours worked,53,75,-22
E01001295,Part-time: 15 hours or less worked,102,87,15
E01001295,Part-time: 16 to 30 hours worked,168,181,-13
E01001296,Full-time: 31 to 48 hours worked,377,435,-58
E01001296,Full-time: 49 or more hours worked,55,61,-6
E01001296,Part-time: 15 hours or less worked,65,68,-3
E01001296,Part-time: 16 to 30 hours worked,143,120,23
E01001297,Full-time: 31 to 48 hours worked,456,542,-86
E01001297,Full-time: 49 or more hours worked,38,65,-27
E01001297,Part-time: 15 hours or less worked,97,75,22
E01001297,Part-time: 16 to 30 hours worked,175,161,14
E01001298,Full-time: 31 to 48 hours worked,524,497,27
E01001298,Full-time: 49 or more hours worked,53,70,-17
E01001298,Part-time: 15 hours or less worked,115,85,30
E01001298,Part-time: 16 to 30 hours worked,185,135,50
E01001299,Full-time: 31 to 48 hours worked,470,515,-45
E01001299,Full-time: 49 or more hours worked,128,151,-23
E01001299,Part-time: 15 hours or less worked,96,96,0
E01001299,Part-time: 16 to 30 hours worked,155,164,-9
E01001300,Full-time: 31 to 48 hours worked,485,585,-100
E01001300,Full-time: 49 or more hours worked,143,181,-38
E01001300,Part-time: 15 hours or less worked,83,65,18
E01001300,Part-time: 16 to 30 hours worked,122,142,-20
E01001301,Full-time: 31 to 48 hours worked,626,641,-15
E01001301,Full-time: 49 or more hours worked,132,153,-21
E01001301,Part-time: 15 hours or less worked,111,62,49
E01001301,Part-time: 16 to 30 hours worked,169,113,56
E01001302,Full-time: 31 to 48 hours worked,521,595,-74
E01001302,Full-time: 49 or more hours worked,149,126,23
E01001302,Part-time: 15 hours or less worked,78,57,21
E01001302,Part-time: 16 to 30 hours worked,124,143,-19
E01001303,Full-time: 31 to 48 hours worked,495,572,-77
E01001303,Full-time: 49 or more hours worked,141,176,-35
E01001303,Part-time: 15 hours or less worked,82,53,29
E01001303,Part-time: 16 to 30 hours worked,122,163,-41
E01001304,Full-time: 31 to 48 hours worked,590,633,-43
E01001304,Full-time: 49 or more hours worked,135,157,-22
E01001304,Part-time: 15 hours or less worked,67,69,-2
E01001304,Part-time: 16 to 30 hours worked,122,115,7
E01001305,Full-time: 31 to 48 hours worked,500,558,-58
E01001305,Full-time: 49 or more hours worked,123,147,-24
E01001305,Part-time: 15 hours or less worked,100,81,19
E01001305,Part-time: 16 to 30 hours worked,149,176,-27
E01001306,Full-time: 31 to 48 hours worked,509,582,-73
E01001306,Full-time: 49 or more hours worked,145,145,0
E01001306,Part-time: 15 hours or less worked,86,73,13
E01001306,Part-time: 16 to 30 hours worked,124,129,-5
E01001307,Full-time: 31 to 48 hours worked,598,635,-37
E01001307,Full-time: 49 or more hours worked,95,114,-19
E01001307,Part-time: 15 hours or less worked,121,81,40
E01001307,Part-time: 16 to 30 hours worked,185,153,32
E01001308,Full-time: 31 to 48 hours worked,602,687,-85
E01001308,Full-time: 49 or more hours worked,115,110,5
E01001308,Part-time: 15 hours or less worked,95,78,17
E01001308,Part-time: 16 to 30 hours worked,177,165,12
E01001309,Full-time: 31 to 48 hours worked,538,566,-28
E01001309,Full-time: 49 or more hours worked,95,120,-25
E01001309,Part-time: 15 hours or less worked,115,65,50
E01001309,Part-time: 16 to 30 hours worked,207,178,29
E01001310,Full-time: 31 to 48 hours worked,655,585,70
E01001310,Full-time: 49 or more hours worked,122,87,35
E01001310,Part-time: 15 hours or less worked,107,70,37
E01001310,Part-time: 16 to 30 hours worked,192,144,48
E01001311,Full-time: 31 to 48 hours worked,823,584,239
E01001311,Full-time: 49 or more hours worked,132,103,29
E01001311,Part-time: 15 hours or less worked,133,69,64
E01001311,Part-time: 16 to 30 hours worked,234,148,86
E01001312,Full-time: 31 to 48 hours worked,616,565,51
E01001312,Full-time: 49 or more hours worked,97,103,-6
E01001312,Part-time: 15 hours or less worked,97,83,14
E01001312,Part-time: 16 to 30 hours worked,176,197,-21
E01001313,Full-time: 31 to 48 hours worked,534,565,-31
E01001313,Full-time: 49 or more hours worked,71,81,-10
E01001313,Part-time: 15 hours or less worked,106,77,29
E01001313,Part-time: 16 to 30 hours worked,143,157,-14
E01001314,Full-time: 31 to 48 hours worked,456,516,-60
E01001314,Full-time: 49 or more hours worked,80,99,-19
E01001314,Part-time: 15 hours or less worked,87,75,12
E01001314,Part-time: 16 to 30 hours worked,135,167,-32
E01001315,Full-time: 31 to 48 hours worked,471,486,-15
E01001315,Full-time: 49 or more hours worked,57,67,-10
E01001315,Part-time: 15 hours or less worked,90,50,40
E01001315,Part-time: 16 to 30 hours worked,120,129,-9
E01001316,Full-time: 31 to 48 hours worked,406,413,-7
E01001316,Full-time: 49 or more hours worked,62,72,-10
E01001316,Part-time: 15 hours or less worked,97,63,34
E01001316,Part-time: 16 to 30 hours worked,156,117,39
E01001317,Full-time: 31 to 48 hours worked,587,493,94
E01001317,Full-time: 49 or more hours worked,85,97,-12
E01001317,Part-time: 15 hours or less worked,112,69,43
E01001317,Part-time: 16 to 30 hours worked,214,156,58
E01001318,Full-time: 31 to 48 hours worked,529,487,42
E01001318,Full-time: 49 or more hours worked,49,63,-14
E01001318,Part-time: 15 hours or less worked,96,47,49
E01001318,Part-time: 16 to 30 hours worked,176,136,40
E01001319,Full-time: 31 to 48 hours worked,497,465,32
E01001319,Full-time: 49 or more hours worked,67,63,4
E01001319,Part-time: 15 hours or less worked,80,48,32
E01001319,Part-time: 16 to 30 hours worked,145,138,7
E01001320,Full-time: 31 to 48 hours worked,379,327,52
E01001320,Full-time: 49 or more hours worked,57,60,-3
E01001320,Part-time: 15 hours or less worked,72,35,37
E01001320,Part-time: 16 to 30 hours worked,148,146,2
E01001321,Full-time: 31 to 48 hours worked,583,545,38
E01001321,Full-time: 49 or more hours worked,81,95,-14
E01001321,Part-time: 15 hours or less worked,111,73,38
E01001321,Part-time: 16 to 30 hours worked,183,186,-3
E01001322,Full-time: 31 to 48 hours worked,556,557,-1
E01001322,Full-time: 49 or more hours worked,101,96,5
E01001322,Part-time: 15 hours or less worked,98,70,28
E01001322,Part-time: 16 to 30 hours worked,235,146,89
E01001323,Full-time: 31 to 48 hours worked,525,523,2
E01001323,Full-time: 49 or more hours worked,107,98,9
E01001323,Part-time: 15 hours or less worked,96,79,17
E01001323,Part-time: 16 to 30 hours worked,175,180,-5
E01001324,Full-time: 31 to 48 hours worked,436,470,-34
E01001324,Full-time: 49 or more hours worked,67,70,-3
E01001324,Part-time: 15 hours or less worked,78,55,23
E01001324,Part-time: 16 to 30 hours worked,170,138,32
E01001325,Full-time: 31 to 48 hours worked,547,436,111
E01001325,Full-time: 49 or more hours worked,71,67,4
E01001325,Part-time: 15 hours or less worked,82,70,12
E01001325,Part-time: 16 to 30 hours worked,143,140,3
E01001326,Full-time: 31 to 48 hours worked,458,445,13
E01001326,Full-time: 49 or more hours worked,60,67,-7
E01001326,Part-time: 15 hours or less worked,104,59,45
E01001326,Part-time: 16 to 30 hours worked,168,118,50
E01001327,Full-time: 31 to 48 hours worked,522,464,58
E01001327,Full-time: 49 or more hours worked,77,74,3
E01001327,Part-time: 15 hours or less worked,110,79,31
E01001327,Part-time: 16 to 30 hours worked,154,137,17
E01001328,Full-time: 31 to 48 hours worked,434,386,48
E01001328,Full-time: 49 or more hours worked,50,63,-13
E01001328,Part-time: 15 hours or less worked,120,75,45
E01001328,Part-time: 16 to 30 hours worked,192,150,42
E01001329,Full-time: 31 to 48 hours worked,486,437,49
E01001329,Full-time: 49 or more hours worked,63,78,-15
E01001329,Part-time: 15 hours or less worked,98,68,30
E01001329,Part-time: 16 to 30 hours worked,189,168,21
E01001330,Full-time: 31 to 48 hours worked,441,396,45
E01001330,Full-time: 49 or more hours worked,61,61,0
E01001330,Part-time: 15 hours or less worked,76,53,23
E01001330,Part-time: 16 to 30 hours worked,178,139,39
E01001331,Full-time: 31 to 48 hours worked,379,365,14
E01001331,Full-time: 49 or more hours worked,55,51,4
E01001331,Part-time: 15 hours or less worked,89,57,32
E01001331,Part-time: 16 to 30 hours worked,208,131,77
E01001332,Full-time: 31 to 48 hours worked,377,385,-8
E01001332,Full-time: 49 or more hours worked,49,56,-7
E01001332,Part-time: 15 hours or less worked,76,57,19
E01001332,Part-time: 16 to 30 hours worked,164,123,41
E01001333,Full-time: 31 to 48 hours worked,576,454,122
E01001333,Full-time: 49 or more hours worked,62,56,6
E01001333,Part-time: 15 hours or less worked,123,85,38
E01001333,Part-time: 16 to 30 hours worked,216,147,69
E01001334,Full-time: 31 to 48 hours worked,293,308,-15
E01001334,Full-time: 49 or more hours worked,45,48,-3
E01001334,Part-time: 15 hours or less worked,91,73,18
E01001334,Part-time: 16 to 30 hours worked,118,134,-16
E01001335,Full-time: 31 to 48 hours worked,479,515,-36
E01001335,Full-time: 49 or more hours worked,88,100,-12
E01001335,Part-time: 15 hours or less worked,74,69,5
E01001335,Part-time: 16 to 30 hours worked,177,139,38
E01001336,Full-time: 31 to 48 hours worked,461,414,47
E01001336,Full-time: 49 or more hours worked,62,71,-9
E01001336,Part-time: 15 hours or less worked,103,62,41
E01001336,Part-time: 16 to 30 hours worked,172,126,46
E01001337,Full-time: 31 to 48 hours worked,744,415,329
E01001337,Full-time: 49 or more hours worked,83,71,12
E01001337,Part-time: 15 hours or less worked,78,78,0
E01001337,Part-time: 16 to 30 hours worked,182,113,69
E01001338,Full-time: 31 to 48 hours worked,483,478,5
E01001338,Full-time: 49 or more hours worked,74,60,14
E01001338,Part-time: 15 hours or less worked,78,89,-11
E01001338,Part-time: 16 to 30 hours worked,151,136,15
E01001339,Full-time: 31 to 48 hours worked,624,399,225
E01001339,Full-time: 49 or more hours worked,67,57,10
E01001339,Part-time: 15 hours or less worked,111,65,46
E01001339,Part-time: 16 to 30 hours worked,186,142,44
E01001340,Full-time: 31 to 48 hours worked,428,494,-66
E01001340,Full-time: 49 or more hours worked,69,75,-6
E01001340,Part-time: 15 hours or less worked,91,63,28
E01001340,Part-time: 16 to 30 hours worked,102,111,-9
E01001341,Full-time: 31 to 48 hours worked,496,531,-35
E01001341,Full-time: 49 or more hours worked,82,93,-11
E01001341,Part-time: 15 hours or less worked,99,60,39
E01001341,Part-time: 16 to 30 hours worked,165,178,-13
E01001342,Full-time: 31 to 48 hours worked,536,610,-74
E01001342,Full-time: 49 or more hours worked,98,101,-3
E01001342,Part-time: 15 hours or less worked,120,62,58
E01001342,Part-time: 16 to 30 hours worked,173,158,15
E01001343,Full-time: 31 to 48 hours worked,414,488,-74
E01001343,Full-time: 49 or more hours worked,80,85,-5
E01001343,Part-time: 15 hours or less worked,74,63,11
E01001343,Part-time: 16 to 30 hours worked,121,135,-14
E01001344,Full-time: 31 to 48 hours worked,647,678,-31
E01001344,Full-time: 49 or more hours worked,127,168,-41
E01001344,Part-time: 15 hours or less worked,100,95,5
E01001344,Part-time: 16 to 30 hours worked,212,183,29
E01001345,Full-time: 31 to 48 hours worked,506,461,45
E01001345,Full-time: 49 or more hours worked,72,79,-7
E01001345,Part-time: 15 hours or less worked,106,48,58
E01001345,Part-time: 16 to 30 hours worked,146,161,-15
E01001346,Full-time: 31 to 48 hours worked,510,558,-48
E01001346,Full-time: 49 or more hours worked,100,124,-24
E01001346,Part-time: 15 hours or less worked,126,75,51
E01001346,Part-time: 16 to 30 hours worked,177,181,-4
E01001347,Full-time: 31 to 48 hours worked,569,509,60
E01001347,Full-time: 49 or more hours worked,118,125,-7
E01001347,Part-time: 15 hours or less worked,121,62,59
E01001347,Part-time: 16 to 30 hours worked,184,150,34
E01001348,Full-time: 31 to 48 hours worked,456,539,-83
E01001348,Full-time: 49 or more hours worked,73,93,-20
E01001348,Part-time: 15 hours or less worked,99,60,39
E01001348,Part-time: 16 to 30 hours worked,158,132,26
E01001349,Full-time: 31 to 48 hours worked,346,416,-70
E01001349,Full-time: 49 or more hours worked,57,74,-17
E01001349,Part-time: 15 hours or less worked,84,72,12
E01001349,Part-time: 16 to 30 hours worked,165,106,59
E01001350,Full-time: 31 to 48 hours worked,434,472,-38
E01001350,Full-time: 49 or more hours worked,120,159,-39
E01001350,Part-time: 15 hours or less worked,97,59,38
E01001350,Part-time: 16 to 30 hours worked,114,91,23
E01001351,Full-time: 31 to 48 hours worked,593,609,-16
E01001351,Full-time: 49 or more hours worked,129,145,-16
E01001351,Part-time: 15 hours or less worked,141,83,58
E01001351,Part-time: 16 to 30 hours worked,159,142,17
E01001352,Full-time: 31 to 48 hours worked,524,508,16
E01001352,Full-time: 49 or more hours worked,155,180,-25
E01001352,Part-time: 15 hours or less worked,103,67,36
E01001352,Part-time: 16 to 30 hours worked,144,104,40
E01001353,Full-time: 31 to 48 hours worked,458,548,-90
E01001353,Full-time: 49 or more hours worked,97,139,-42
E01001353,Part-time: 15 hours or less worked,102,63,39
E01001353,Part-time: 16 to 30 hours worked,125,134,-9
E01001354,Full-time: 31 to 48 hours worked,598,610,-12
E01001354,Full-time: 49 or more hours worked,199,182,17
E01001354,Part-time: 15 hours or less worked,102,79,23
E01001354,Part-time: 16 to 30 hours worked,168,141,27
E01001355,Full-time: 31 to 48 hours worked,681,548,133
E01001355,Full-time: 49 or more hours worked,169,133,36
E01001355,Part-time: 15 hours or less worked,96,68,28
E01001355,Part-time: 16 to 30 hours worked,186,122,64
E01001356,Full-time: 31 to 48 hours worked,304,378,-74
E01001356,Full-time: 49 or more hours worked,38,68,-30
E01001356,Part-time: 15 hours or less worked,70,75,-5
E01001356,Part-time: 16 to 30 hours worked,123,156,-33
E01001357,Full-time: 31 to 48 hours worked,979,309,670
E01001357,Full-time: 49 or more hours worked,215,52,163
E01001357,Part-time: 15 hours or less worked,114,42,72
E01001357,Part-time: 16 to 30 hours worked,222,88,134
E01001358,Full-time: 31 to 48 hours worked,692,288,404
E01001358,Full-time: 49 or more hours worked,180,49,131
E01001358,Part-time: 15 hours or less worked,79,64,15
E01001358,Part-time: 16 to 30 hours worked,131,134,-3
E01001359,Full-time: 31 to 48 hours worked,579,556,23
E01001359,Full-time: 49 or more hours worked,46,52,-6
E01001359,Part-time: 15 hours or less worked,117,113,4
E01001359,Part-time: 16 to 30 hours worked,227,179,48
E01001360,Full-time: 31 to 48 hours worked,640,525,115
E01001360,Full-time: 49 or more hours worked,51,65,-14
E01001360,Part-time: 15 hours or less worked,90,73,17
E01001360,Part-time: 16 to 30 hours worked,209,146,63
E01001361,Full-time: 31 to 48 hours worked,547,424,123
E01001361,Full-time: 49 or more hours worked,50,64,-14
E01001361,Part-time: 15 hours or less worked,106,94,12
E01001361,Part-time: 16 to 30 hours worked,187,138,49
E01001362,Full-time: 31 to 48 hours worked,646,542,104
E01001362,Full-time: 49 or more hours worked,64,46,18
E01001362,Part-time: 15 hours or less worked,104,102,2
E01001362,Part-time: 16 to 30 hours worked,215,179,36
E01001363,Full-time: 31 to 48 hours worked,456,419,37
E01001363,Full-time: 49 or more hours worked,54,49,5
E01001363,Part-time: 15 hours or less worked,86,78,8
E01001363,Part-time: 16 to 30 hours worked,204,128,76
E01001364,Full-time: 31 to 48 hours worked,444,349,95
E01001364,Full-time: 49 or more hours worked,38,52,-14
E01001364,Part-time: 15 hours or less worked,77,73,4
E01001364,Part-time: 16 to 30 hours worked,132,134,-2
E01001365,Full-time: 31 to 48 hours worked,658,582,76
E01001365,Full-time: 49 or more hours worked,56,82,-26
E01001365,Part-time: 15 hours or less worked,118,89,29
E01001365,Part-time: 16 to 30 hours worked,209,180,29
E01001366,Full-time: 31 to 48 hours worked,435,485,-50
E01001366,Full-time: 49 or more hours worked,58,79,-21
E01001366,Part-time: 15 hours or less worked,85,80,5
E01001366,Part-time: 16 to 30 hours worked,192,161,31
E01001367,Full-time: 31 to 48 hours worked,649,430,219
E01001367,Full-time: 49 or more hours worked,88,47,41
E01001367,Part-time: 15 hours or less worked,110,86,24
E01001367,Part-time: 16 to 30 hours worked,239,175,64
E01001368,Full-time: 31 to 48 hours worked,429,431,-2
E01001368,Full-time: 49 or more hours worked,49,62,-13
E01001368,Part-time: 15 hours or less worked,85,69,16
E01001368,Part-time: 16 to 30 hours worked,157,143,14
E01001369,Full-time: 31 to 48 hours worked,469,519,-50
E01001369,Full-time: 49 or more hours worked,56,60,-4
E01001369,Part-time: 15 hours or less worked,98,64,34
E01001369,Part-time: 16 to 30 hours worked,181,162,19
E01001370,Full-time: 31 to 48 hours worked,601,500,101
E01001370,Full-time: 49 or more hours worked,68,87,-19
E01001370,Part-time: 15 hours or less worked,88,87,1
E01001370,Part-time: 16 to 30 hours worked,197,142,55
E01001371,Full-time: 31 to 48 hours worked,494,516,-22
E01001371,Full-time: 49 or more hours worked,57,73,-16
E01001371,Part-time: 15 hours or less worked,106,77,29
E01001371,Part-time: 16 to 30 hours worked,209,177,32
E01001372,Full-time: 31 to 48 hours worked,655,471,184
E01001372,Full-time: 49 or more hours worked,72,59,13
E01001372,Part-time: 15 hours or less worked,103,82,21
E01001372,Part-time: 16 to 30 hours worked,240,150,90
E01001373,Full-time: 31 to 48 hours worked,517,411,106
E01001373,Full-time: 49 or more hours worked,64,51,13
E01001373,Part-time: 15 hours or less worked,92,64,28
E01001373,Part-time: 16 to 30 hours worked,202,129,73
E01001374,Full-time: 31 to 48 hours worked,684,602,82
E01001374,Full-time: 49 or more hours worked,227,256,-29
E01001374,Part-time: 15 hours or less worked,87,60,27
E01001374,Part-time: 16 to 30 hours worked,154,132,22
E01001375,Full-time: 31 to 48 hours worked,527,528,-1
E01001375,Full-time: 49 or more hours worked,218,270,-52
E01001375,Part-time: 15 hours or less worked,85,68,17
E01001375,Part-time: 16 to 30 hours worked,100,109,-9
E01001376,Full-time: 31 to 48 hours worked,527,555,-28
E01001376,Full-time: 49 or more hours worked,150,165,-15
E01001376,Part-time: 15 hours or less worked,93,54,39
E01001376,Part-time: 16 to 30 hours worked,117,114,3
E01001377,Full-time: 31 to 48 hours worked,415,441,-26
E01001377,Full-time: 49 or more hours worked,187,259,-72
E01001377,Part-time: 15 hours or less worked,107,69,38
E01001377,Part-time: 16 to 30 hours worked,112,122,-10
E01001379,Full-time: 31 to 48 hours worked,521,512,9
E01001379,Full-time: 49 or more hours worked,211,270,-59
E01001379,Part-time: 15 hours or less worked,87,56,31
E01001379,Part-time: 16 to 30 hours worked,117,120,-3
E01001380,Full-time: 31 to 48 hours worked,846,622,224
E01001380,Full-time: 49 or more hours worked,279,241,38
E01001380,Part-time: 15 hours or less worked,107,65,42
E01001380,Part-time: 16 to 30 hours worked,146,119,27
E01001381,Full-time: 31 to 48 hours worked,622,578,44
E01001381,Full-time: 49 or more hours worked,159,166,-7
E01001381,Part-time: 15 hours or less worked,111,75,36
E01001381,Part-time: 16 to 30 hours worked,152,159,-7
E01001382,Full-time: 31 to 48 hours worked,404,473,-69
E01001382,Full-time: 49 or more hours worked,148,139,9
E01001382,Part-time: 15 hours or less worked,92,69,23
E01001382,Part-time: 16 to 30 hours worked,113,122,-9
E01001383,Full-time: 31 to 48 hours worked,590,664,-74
E01001383,Full-time: 49 or more hours worked,134,161,-27
E01001383,Part-time: 15 hours or less worked,104,61,43
E01001383,Part-time: 16 to 30 hours worked,132,152,-20
E01001384,Full-time: 31 to 48 hours worked,654,662,-8
E01001384,Full-time: 49 or more hours worked,152,185,-33
E01001384,Part-time: 15 hours or less worked,69,62,7
E01001384,Part-time: 16 to 30 hours worked,142,128,14
E01001385,Full-time: 31 to 48 hours worked,570,609,-39
E01001385,Full-time: 49 or more hours worked,142,153,-11
E01001385,Part-time: 15 hours or less worked,76,72,4
E01001385,Part-time: 16 to 30 hours worked,135,124,11
E01001386,Full-time: 31 to 48 hours worked,542,584,-42
E01001386,Full-time: 49 or more hours worked,189,221,-32
E01001386,Part-time: 15 hours or less worked,121,62,59
E01001386,Part-time: 16 to 30 hours worked,160,117,43
E01001387,Full-time: 31 to 48 hours worked,525,565,-40
E01001387,Full-time: 49 or more hours worked,160,181,-21
E01001387,Part-time: 15 hours or less worked,86,58,28
E01001387,Part-time: 16 to 30 hours worked,130,109,21
E01001388,Full-time: 31 to 48 hours worked,383,493,-110
E01001388,Full-time: 49 or more hours worked,91,109,-18
E01001388,Part-time: 15 hours or less worked,73,75,-2
E01001388,Part-time: 16 to 30 hours worked,130,123,7
E01001389,Full-time: 31 to 48 hours worked,529,620,-91
E01001389,Full-time: 49 or more hours worked,122,152,-30
E01001389,Part-time: 15 hours or less worked,86,80,6
E01001389,Part-time: 16 to 30 hours worked,148,139,9
E01001390,Full-time: 31 to 48 hours worked,579,749,-170
E01001390,Full-time: 49 or more hours worked,135,147,-12
E01001390,Part-time: 15 hours or less worked,132,103,29
E01001390,Part-time: 16 to 30 hours worked,169,203,-34
E01001391,Full-time: 31 to 48 hours worked,555,534,21
E01001391,Full-time: 49 or more hours worked,87,94,-7
E01001391,Part-time: 15 hours or less worked,124,80,44
E01001391,Part-time: 16 to 30 hours worked,205,155,50
E01001392,Full-time: 31 to 48 hours worked,592,610,-18
E01001392,Full-time: 49 or more hours worked,121,135,-14
E01001392,Part-time: 15 hours or less worked,114,94,20
E01001392,Part-time: 16 to 30 hours worked,169,171,-2
E01001393,Full-time: 31 to 48 hours worked,653,743,-90
E01001393,Full-time: 49 or more hours worked,110,170,-60
E01001393,Part-time: 15 hours or less worked,140,98,42
E01001393,Part-time: 16 to 30 hours worked,187,218,-31
E01001394,Full-time: 31 to 48 hours worked,488,475,13
E01001394,Full-time: 49 or more hours worked,89,90,-1
E01001394,Part-time: 15 hours or less worked,150,72,78
E01001394,Part-time: 16 to 30 hours worked,198,153,45
E01001395,Full-time: 31 to 48 hours worked,408,369,39
E01001395,Full-time: 49 or more hours worked,48,59,-11
E01001395,Part-time: 15 hours or less worked,87,77,10
E01001395,Part-time: 16 to 30 hours worked,201,159,42
E01001396,Full-time: 31 to 48 hours worked,406,430,-24
E01001396,Full-time: 49 or more hours worked,76,76,0
E01001396,Part-time: 15 hours or less worked,103,68,35
E01001396,Part-time: 16 to 30 hours worked,161,127,34
E01001397,Full-time: 31 to 48 hours worked,506,595,-89
E01001397,Full-time: 49 or more hours worked,80,89,-9
E01001397,Part-time: 15 hours or less worked,112,92,20
E01001397,Part-time: 16 to 30 hours worked,229,194,35
E01001398,Full-time: 31 to 48 hours worked,405,449,-44
E01001398,Full-time: 49 or more hours worked,60,95,-35
E01001398,Part-time: 15 hours or less worked,68,82,-14
E01001398,Part-time: 16 to 30 hours worked,123,125,-2
E01001399,Full-time: 31 to 48 hours worked,438,462,-24
E01001399,Full-time: 49 or more hours worked,71,84,-13
E01001399,Part-time: 15 hours or less worked,95,83,12
E01001399,Part-time: 16 to 30 hours worked,142,142,0
E01001400,Full-time: 31 to 48 hours worked,374,311,63
E01001400,Full-time: 49 or more hours worked,93,66,27
E01001400,Part-time: 15 hours or less worked,79,49,30
E01001400,Part-time: 16 to 30 hours worked,141,110,31
E01001401,Full-time: 31 to 48 hours worked,397,407,-10
E01001401,Full-time: 49 or more hours worked,62,69,-7
E01001401,Part-time: 15 hours or less worked,65,57,8
E01001401,Part-time: 16 to 30 hours worked,116,116,0
E01001402,Full-time: 31 to 48 hours worked,533,555,-22
E01001402,Full-time: 49 or more hours worked,110,158,-48
E01001402,Part-time: 15 hours or less worked,100,86,14
E01001402,Part-time: 16 to 30 hours worked,177,154,23
E01001403,Full-time: 31 to 48 hours worked,446,555,-109
E01001403,Full-time: 49 or more hours worked,67,108,-41
E01001403,Part-time: 15 hours or less worked,108,92,16
E01001403,Part-time: 16 to 30 hours worked,165,155,10
E01001404,Full-time: 31 to 48 hours worked,374,398,-24
E01001404,Full-time: 49 or more hours worked,55,77,-22
E01001404,Part-time: 15 hours or less worked,78,71,7
E01001404,Part-time: 16 to 30 hours worked,156,125,31
E01001405,Full-time: 31 to 48 hours worked,397,477,-80
E01001405,Full-time: 49 or more hours worked,108,154,-46
E01001405,Part-time: 15 hours or less worked,94,68,26
E01001405,Part-time: 16 to 30 hours worked,118,111,7
E01001406,Full-time: 31 to 48 hours worked,463,444,19
E01001406,Full-time: 49 or more hours worked,83,96,-13
E01001406,Part-time: 15 hours or less worked,88,75,13
E01001406,Part-time: 16 to 30 hours worked,152,163,-11
E01001407,Full-time: 31 to 48 hours worked,457,387,70
E01001407,Full-time: 49 or more hours worked,68,85,-17
E01001407,Part-time: 15 hours or less worked,73,56,17
E01001407,Part-time: 16 to 30 hours worked,165,114,51
E01001408,Full-time: 31 to 48 hours worked,523,552,-29
E01001408,Full-time: 49 or more hours worked,86,117,-31
E01001408,Part-time: 15 hours or less worked,87,61,26
E01001408,Part-time: 16 to 30 hours worked,165,165,0
E01001409,Full-time: 31 to 48 hours worked,536,492,44
E01001409,Full-time: 49 or more hours worked,71,91,-20
E01001409,Part-time: 15 hours or less worked,91,63,28
E01001409,Part-time: 16 to 30 hours worked,221,170,51
E01001410,Full-time: 31 to 48 hours worked,473,512,-39
E01001410,Full-time: 49 or more hours worked,50,71,-21
E01001410,Part-time: 15 hours or less worked,97,72,25
E01001410,Part-time: 16 to 30 hours worked,198,171,27
E01001411,Full-time: 31 to 48 hours worked,526,575,-49
E01001411,Full-time: 49 or more hours worked,92,99,-7
E01001411,Part-time: 15 hours or less worked,83,80,3
E01001411,Part-time: 16 to 30 hours worked,176,179,-3
E01001412,Full-time: 31 to 48 hours worked,461,445,16
E01001412,Full-time: 49 or more hours worked,100,136,-36
E01001412,Part-time: 15 hours or less worked,105,96,9
E01001412,Part-time: 16 to 30 hours worked,150,177,-27
E01001413,Full-time: 31 to 48 hours worked,421,469,-48
E01001413,Full-time: 49 or more hours worked,104,126,-22
E01001413,Part-time: 15 hours or less worked,105,85,20
E01001413,Part-time: 16 to 30 hours worked,149,156,-7
E01001414,Full-time: 31 to 48 hours worked,352,347,5
E01001414,Full-time: 49 or more hours worked,45,42,3
E01001414,Part-time: 15 hours or less worked,60,70,-10
E01001414,Part-time: 16 to 30 hours worked,169,116,53
E01001415,Full-time: 31 to 48 hours worked,557,386,171
E01001415,Full-time: 49 or more hours worked,120,104,16
E01001415,Part-time: 15 hours or less worked,130,69,61
E01001415,Part-time: 16 to 30 hours worked,192,144,48
E01001416,Full-time: 31 to 48 hours worked,471,556,-85
E01001416,Full-time: 49 or more hours worked,105,166,-61
E01001416,Part-time: 15 hours or less worked,111,132,-21
E01001416,Part-time: 16 to 30 hours worked,168,198,-30
E01001417,Full-time: 31 to 48 hours worked,429,348,81
E01001417,Full-time: 49 or more hours worked,189,196,-7
E01001417,Part-time: 15 hours or less worked,142,103,39
E01001417,Part-time: 16 to 30 hours worked,138,161,-23
E01001418,Full-time: 31 to 48 hours worked,418,398,20
E01001418,Full-time: 49 or more hours worked,91,114,-23
E01001418,Part-time: 15 hours or less worked,89,90,-1
E01001418,Part-time: 16 to 30 hours worked,168,133,35
E01001419,Full-time: 31 to 48 hours worked,487,444,43
E01001419,Full-time: 49 or more hours worked,99,107,-8
E01001419,Part-time: 15 hours or less worked,102,75,27
E01001419,Part-time: 16 to 30 hours worked,186,112,74
E01001420,Full-time: 31 to 48 hours worked,432,348,84
E01001420,Full-time: 49 or more hours worked,69,96,-27
E01001420,Part-time: 15 hours or less worked,85,74,11
E01001420,Part-time: 16 to 30 hours worked,175,164,11
E01001421,Full-time: 31 to 48 hours worked,428,380,48
E01001421,Full-time: 49 or more hours worked,59,79,-20
E01001421,Part-time: 15 hours or less worked,95,89,6
E01001421,Part-time: 16 to 30 hours worked,166,169,-3
E01001422,Full-time: 31 to 48 hours worked,338,342,-4
E01001422,Full-time: 49 or more hours worked,173,200,-27
E01001422,Part-time: 15 hours or less worked,114,101,13
E01001422,Part-time: 16 to 30 hours worked,135,117,18
E01001423,Full-time: 31 to 48 hours worked,329,285,44
E01001423,Full-time: 49 or more hours worked,45,42,3
E01001423,Part-time: 15 hours or less worked,81,64,17
E01001423,Part-time: 16 to 30 hours worked,205,124,81
E01001424,Full-time: 31 to 48 hours worked,247,336,-89
E01001424,Full-time: 49 or more hours worked,31,41,-10
E01001424,Part-time: 15 hours or less worked,64,57,7
E01001424,Part-time: 16 to 30 hours worked,121,145,-24
E01001425,Full-time: 31 to 48 hours worked,331,309,22
E01001425,Full-time: 49 or more hours worked,61,55,6
E01001425,Part-time: 15 hours or less worked,107,77,30
E01001425,Part-time: 16 to 30 hours worked,232,183,49
E01001426,Full-time: 31 to 48 hours worked,395,391,4
E01001426,Full-time: 49 or more hours worked,52,44,8
E01001426,Part-time: 15 hours or less worked,85,84,1
E01001426,Part-time: 16 to 30 hours worked,175,182,-7
E01001427,Full-time: 31 to 48 hours worked,309,321,-12
E01001427,Full-time: 49 or more hours worked,50,51,-1
E01001427,Part-time: 15 hours or less worked,83,72,11
E01001427,Part-time: 16 to 30 hours worked,182,157,25
E01001428,Full-time: 31 to 48 hours worked,360,314,46
E01001428,Full-time: 49 or more hours worked,50,44,6
E01001428,Part-time: 15 hours or less worked,92,53,39
E01001428,Part-time: 16 to 30 hours worked,194,142,52
E01001429,Full-time: 31 to 48 hours worked,415,438,-23
E01001429,Full-time: 49 or more hours worked,48,53,-5
E01001429,Part-time: 15 hours or less worked,103,111,-8
E01001429,Part-time: 16 to 30 hours worked,237,194,43
E01001430,Full-time: 31 to 48 hours worked,329,273,56
E01001430,Full-time: 49 or more hours worked,39,43,-4
E01001430,Part-time: 15 hours or less worked,87,66,21
E01001430,Part-time: 16 to 30 hours worked,243,176,67
E01001431,Full-time: 31 to 48 hours worked,357,325,32
E01001431,Full-time: 49 or more hours worked,36,48,-12
E01001431,Part-time: 15 hours or less worked,110,58,52
E01001431,Part-time: 16 to 30 hours worked,189,133,56
E01001432,Full-time: 31 to 48 hours worked,395,415,-20
E01001432,Full-time: 49 or more hours worked,61,57,4
E01001432,Part-time: 15 hours or less worked,105,73,32
E01001432,Part-time: 16 to 30 hours worked,218,211,7
E01001433,Full-time: 31 to 48 hours worked,366,396,-30
E01001433,Full-time: 49 or more hours worked,45,62,-17
E01001433,Part-time: 15 hours or less worked,104,62,42
E01001433,Part-time: 16 to 30 hours worked,192,150,42
E01001434,Full-time: 31 to 48 hours worked,367,384,-17
E01001434,Full-time: 49 or more hours worked,55,75,-20
E01001434,Part-time: 15 hours or less worked,92,70,22
E01001434,Part-time: 16 to 30 hours worked,199,159,40
E01001435,Full-time: 31 to 48 hours worked,367,390,-23
E01001435,Full-time: 49 or more hours worked,41,60,-19
E01001435,Part-time: 15 hours or less worked,67,57,10
E01001435,Part-time: 16 to 30 hours worked,148,124,24
E01001436,Full-time: 31 to 48 hours worked,441,475,-34
E01001436,Full-time: 49 or more hours worked,53,63,-10
E01001436,Part-time: 15 hours or less worked,101,66,35
E01001436,Part-time: 16 to 30 hours worked,166,164,2
E01001437,Full-time: 31 to 48 hours worked,451,481,-30
E01001437,Full-time: 49 or more hours worked,60,99,-39
E01001437,Part-time: 15 hours or less worked,99,75,24
E01001437,Part-time: 16 to 30 hours worked,240,213,27
E01001438,Full-time: 31 to 48 hours worked,394,378,16
E01001438,Full-time: 49 or more hours worked,56,65,-9
E01001438,Part-time: 15 hours or less worked,80,68,12
E01001438,Part-time: 16 to 30 hours worked,150,143,7
E01001439,Full-time: 31 to 48 hours worked,380,368,12
E01001439,Full-time: 49 or more hours worked,56,86,-30
E01001439,Part-time: 15 hours or less worked,119,66,53
E01001439,Part-time: 16 to 30 hours worked,239,205,34
E01001440,Full-time: 31 to 48 hours worked,341,387,-46
E01001440,Full-time: 49 or more hours worked,50,58,-8
E01001440,Part-time: 15 hours or less worked,89,67,22
E01001440,Part-time: 16 to 30 hours worked,170,132,38
E01001441,Full-time: 31 to 48 hours worked,308,356,-48
E01001441,Full-time: 49 or more hours worked,38,56,-18
E01001441,Part-time: 15 hours or less worked,75,66,9
E01001441,Part-time: 16 to 30 hours worked,159,131,28
E01001442,Full-time: 31 to 48 hours worked,270,309,-39
E01001442,Full-time: 49 or more hours worked,57,39,18
E01001442,Part-time: 15 hours or less worked,84,49,35
E01001442,Part-time: 16 to 30 hours worked,174,147,27
E01001444,Full-time: 31 to 48 hours worked,398,442,-44
E01001444,Full-time: 49 or more hours worked,59,81,-22
E01001444,Part-time: 15 hours or less worked,76,74,2
E01001444,Part-time: 16 to 30 hours worked,196,173,23
E01001445,Full-time: 31 to 48 hours worked,748,622,126
E01001445,Full-time: 49 or more hours worked,107,131,-24
E01001445,Part-time: 15 hours or less worked,129,79,50
E01001445,Part-time: 16 to 30 hours worked,275,194,81
E01001446,Full-time: 31 to 48 hours worked,458,516,-58
E01001446,Full-time: 49 or more hours worked,61,70,-9
E01001446,Part-time: 15 hours or less worked,84,57,27
E01001446,Part-time: 16 to 30 hours worked,189,143,46
E01001447,Full-time: 31 to 48 hours worked,404,433,-29
E01001447,Full-time: 49 or more hours worked,52,48,4
E01001447,Part-time: 15 hours or less worked,95,77,18
E01001447,Part-time: 16 to 30 hours worked,192,165,27
E01001448,Full-time: 31 to 48 hours worked,474,450,24
E01001448,Full-time: 49 or more hours worked,57,74,-17
E01001448,Part-time: 15 hours or less worked,93,75,18
E01001448,Part-time: 16 to 30 hours worked,177,137,40
E01001449,Full-time: 31 to 48 hours worked,386,378,8
E01001449,Full-time: 49 or more hours worked,35,89,-54
E01001449,Part-time: 15 hours or less worked,84,57,27
E01001449,Part-time: 16 to 30 hours worked,181,129,52
E01001450,Full-time: 31 to 48 hours worked,688,572,116
E01001450,Full-time: 49 or more hours worked,104,144,-40
E01001450,Part-time: 15 hours or less worked,137,74,63
E01001450,Part-time: 16 to 30 hours worked,215,150,65
E01001451,Full-time: 31 to 48 hours worked,433,451,-18
E01001451,Full-time: 49 or more hours worked,118,130,-12
E01001451,Part-time: 15 hours or less worked,94,73,21
E01001451,Part-time: 16 to 30 hours worked,152,133,19
E01001452,Full-time: 31 to 48 hours worked,320,258,62
E01001452,Full-time: 49 or more hours worked,122,103,19
E01001452,Part-time: 15 hours or less worked,78,76,2
E01001452,Part-time: 16 to 30 hours worked,116,94,22
E01001453,Full-time: 31 to 48 hours worked,369,420,-51
E01001453,Full-time: 49 or more hours worked,142,138,4
E01001453,Part-time: 15 hours or less worked,102,83,19
E01001453,Part-time: 16 to 30 hours worked,143,148,-5
E01001454,Full-time: 31 to 48 hours worked,403,379,24
E01001454,Full-time: 49 or more hours worked,101,160,-59
E01001454,Part-time: 15 hours or less worked,104,84,20
E01001454,Part-time: 16 to 30 hours worked,127,137,-10
E01001455,Full-time: 31 to 48 hours worked,401,422,-21
E01001455,Full-time: 49 or more hours worked,84,119,-35
E01001455,Part-time: 15 hours or less worked,77,90,-13
E01001455,Part-time: 16 to 30 hours worked,152,156,-4
E01001456,Full-time: 31 to 48 hours worked,398,444,-46
E01001456,Full-time: 49 or more hours worked,112,167,-55
E01001456,Part-time: 15 hours or less worked,76,100,-24
E01001456,Part-time: 16 to 30 hours worked,124,148,-24
E01001457,Full-time: 31 to 48 hours worked,529,556,-27
E01001457,Full-time: 49 or more hours worked,105,118,-13
E01001457,Part-time: 15 hours or less worked,101,66,35
E01001457,Part-time: 16 to 30 hours worked,162,115,47
E01001458,Full-time: 31 to 48 hours worked,323,302,21
E01001458,Full-time: 49 or more hours worked,47,64,-17
E01001458,Part-time: 15 hours or less worked,83,63,20
E01001458,Part-time: 16 to 30 hours worked,205,176,29
E01001459,Full-time: 31 to 48 hours worked,361,456,-95
E01001459,Full-time: 49 or more hours worked,108,65,43
E01001459,Part-time: 15 hours or less worked,80,71,9
E01001459,Part-time: 16 to 30 hours worked,162,143,19
E01001460,Full-time: 31 to 48 hours worked,453,336,117
E01001460,Full-time: 49 or more hours worked,59,38,21
E01001460,Part-time: 15 hours or less worked,128,61,67
E01001460,Part-time: 16 to 30 hours worked,212,203,9
E01001461,Full-time: 31 to 48 hours worked,304,327,-23
E01001461,Full-time: 49 or more hours worked,38,59,-21
E01001461,Part-time: 15 hours or less worked,65,66,-1
E01001461,Part-time: 16 to 30 hours worked,174,149,25
E01001462,Full-time: 31 to 48 hours worked,321,329,-8
E01001462,Full-time: 49 or more hours worked,54,43,11
E01001462,Part-time: 15 hours or less worked,76,51,25
E01001462,Part-time: 16 to 30 hours worked,136,124,12
E01001463,Full-time: 31 to 48 hours worked,410,379,31
E01001463,Full-time: 49 or more hours worked,58,59,-1
E01001463,Part-time: 15 hours or less worked,91,62,29
E01001463,Part-time: 16 to 30 hours worked,151,151,0
E01001464,Full-time: 31 to 48 hours worked,287,283,4
E01001464,Full-time: 49 or more hours worked,47,50,-3
E01001464,Part-time: 15 hours or less worked,75,56,19
E01001464,Part-time: 16 to 30 hours worked,131,97,34
E01001465,Full-time: 31 to 48 hours worked,392,356,36
E01001465,Full-time: 49 or more hours worked,50,62,-12
E01001465,Part-time: 15 hours or less worked,96,77,19
E01001465,Part-time: 16 to 30 hours worked,180,151,29
E01001466,Full-time: 31 to 48 hours worked,423,418,5
E01001466,Full-time: 49 or more hours worked,39,57,-18
E01001466,Part-time: 15 hours or less worked,106,68,38
E01001466,Part-time: 16 to 30 hours worked,259,179,80
E01001467,Full-time: 31 to 48 hours worked,461,446,15
E01001467,Full-time: 49 or more hours worked,58,63,-5
E01001467,Part-time: 15 hours or less worked,93,82,11
E01001467,Part-time: 16 to 30 hours worked,269,193,76
E01001468,Full-time: 31 to 48 hours worked,427,348,79
E01001468,Full-time: 49 or more hours worked,88,112,-24
E01001468,Part-time: 15 hours or less worked,63,49,14
E01001468,Part-time: 16 to 30 hours worked,106,102,4
E01001469,Full-time: 31 to 48 hours worked,524,494,30
E01001469,Full-time: 49 or more hours worked,87,85,2
E01001469,Part-time: 15 hours or less worked,96,66,30
E01001469,Part-time: 16 to 30 hours worked,145,135,10
E01001470,Full-time: 31 to 48 hours worked,435,390,45
E01001470,Full-time: 49 or more hours worked,73,113,-40
E01001470,Part-time: 15 hours or less worked,88,80,8
E01001470,Part-time: 16 to 30 hours worked,161,150,11
E01001471,Full-time: 31 to 48 hours worked,545,603,-58
E01001471,Full-time: 49 or more hours worked,105,119,-14
E01001471,Part-time: 15 hours or less worked,86,59,27
E01001471,Part-time: 16 to 30 hours worked,155,149,6
E01001472,Full-time: 31 to 48 hours worked,477,615,-138
E01001472,Full-time: 49 or more hours worked,111,148,-37
E01001472,Part-time: 15 hours or less worked,79,86,-7
E01001472,Part-time: 16 to 30 hours worked,176,174,2
E01001473,Full-time: 31 to 48 hours worked,395,344,51
E01001473,Full-time: 49 or more hours worked,82,68,14
E01001473,Part-time: 15 hours or less worked,94,99,-5
E01001473,Part-time: 16 to 30 hours worked,141,150,-9
E01001474,Full-time: 31 to 48 hours worked,511,522,-11
E01001474,Full-time: 49 or more hours worked,102,148,-46
E01001474,Part-time: 15 hours or less worked,105,75,30
E01001474,Part-time: 16 to 30 hours worked,160,117,43
E01001475,Full-time: 31 to 48 hours worked,514,458,56
E01001475,Full-time: 49 or more hours worked,108,99,9
E01001475,Part-time: 15 hours or less worked,101,85,16
E01001475,Part-time: 16 to 30 hours worked,154,142,12
E01001476,Full-time: 31 to 48 hours worked,347,412,-65
E01001476,Full-time: 49 or more hours worked,22,55,-33
E01001476,Part-time: 15 hours or less worked,90,69,21
E01001476,Part-time: 16 to 30 hours worked,218,161,57
E01001477,Full-time: 31 to 48 hours worked,410,377,33
E01001477,Full-time: 49 or more hours worked,49,49,0
E01001477,Part-time: 15 hours or less worked,93,83,10
E01001477,Part-time: 16 to 30 hours worked,196,164,32
E01001478,Full-time: 31 to 48 hours worked,403,393,10
E01001478,Full-time: 49 or more hours worked,46,68,-22
E01001478,Part-time: 15 hours or less worked,100,67,33
E01001478,Part-time: 16 to 30 hours worked,184,151,33
E01001479,Full-time: 31 to 48 hours worked,340,386,-46
E01001479,Full-time: 49 or more hours worked,51,55,-4
E01001479,Part-time: 15 hours or less worked,116,82,34
E01001479,Part-time: 16 to 30 hours worked,205,174,31
E01001480,Full-time: 31 to 48 hours worked,345,425,-80
E01001480,Full-time: 49 or more hours worked,41,55,-14
E01001480,Part-time: 15 hours or less worked,81,73,8
E01001480,Part-time: 16 to 30 hours worked,196,138,58
E01001481,Full-time: 31 to 48 hours worked,396,412,-16
E01001481,Full-time: 49 or more hours worked,32,46,-14
E01001481,Part-time: 15 hours or less worked,69,75,-6
E01001481,Part-time: 16 to 30 hours worked,196,155,41
E01001482,Full-time: 31 to 48 hours worked,340,405,-65
E01001482,Full-time: 49 or more hours worked,49,50,-1
E01001482,Part-time: 15 hours or less worked,98,89,9
E01001482,Part-time: 16 to 30 hours worked,206,157,49
E01001483,Full-time: 31 to 48 hours worked,215,255,-40
E01001483,Full-time: 49 or more hours worked,38,37,1
E01001483,Part-time: 15 hours or less worked,77,64,13
E01001483,Part-time: 16 to 30 hours worked,128,127,1
E01001484,Full-time: 31 to 48 hours worked,336,330,6
E01001484,Full-time: 49 or more hours worked,46,44,2
E01001484,Part-time: 15 hours or less worked,65,66,-1
E01001484,Part-time: 16 to 30 hours worked,128,126,2
E01001485,Full-time: 31 to 48 hours worked,347,287,60
E01001485,Full-time: 49 or more hours worked,36,39,-3
E01001485,Part-time: 15 hours or less worked,102,78,24
E01001485,Part-time: 16 to 30 hours worked,202,126,76
E01001486,Full-time: 31 to 48 hours worked,426,414,12
E01001486,Full-time: 49 or more hours worked,71,55,16
E01001486,Part-time: 15 hours or less worked,143,60,83
E01001486,Part-time: 16 to 30 hours worked,209,202,7
E01001487,Full-time: 31 to 48 hours worked,344,405,-61
E01001487,Full-time: 49 or more hours worked,55,63,-8
E01001487,Part-time: 15 hours or less worked,111,62,49
E01001487,Part-time: 16 to 30 hours worked,236,188,48
E01001488,Full-time: 31 to 48 hours worked,411,437,-26
E01001488,Full-time: 49 or more hours worked,57,53,4
E01001488,Part-time: 15 hours or less worked,107,60,47
E01001488,Part-time: 16 to 30 hours worked,228,199,29
E01001489,Full-time: 31 to 48 hours worked,350,400,-50
E01001489,Full-time: 49 or more hours worked,50,72,-22
E01001489,Part-time: 15 hours or less worked,98,83,15
E01001489,Part-time: 16 to 30 hours worked,218,166,52
E01001491,Full-time: 31 to 48 hours worked,432,437,-5
E01001491,Full-time: 49 or more hours worked,56,70,-14
E01001491,Part-time: 15 hours or less worked,121,81,40
E01001491,Part-time: 16 to 30 hours worked,226,214,12
E01001492,Full-time: 31 to 48 hours worked,470,525,-55
E01001492,Full-time: 49 or more hours worked,55,72,-17
E01001492,Part-time: 15 hours or less worked,93,107,-14
E01001492,Part-time: 16 to 30 hours worked,248,199,49
E01001493,Full-time: 31 to 48 hours worked,479,425,54
E01001493,Full-time: 49 or more hours worked,81,88,-7
E01001493,Part-time: 15 hours or less worked,131,80,51
E01001493,Part-time: 16 to 30 hours worked,154,160,-6
E01001494,Full-time: 31 to 48 hours worked,378,373,5
E01001494,Full-time: 49 or more hours worked,65,108,-43
E01001494,Part-time: 15 hours or less worked,77,71,6
E01001494,Part-time: 16 to 30 hours worked,137,140,-3
E01001495,Full-time: 31 to 48 hours worked,620,626,-6
E01001495,Full-time: 49 or more hours worked,118,133,-15
E01001495,Part-time: 15 hours or less worked,111,84,27
E01001495,Part-time: 16 to 30 hours worked,187,178,9
E01001496,Full-time: 31 to 48 hours worked,577,476,101
E01001496,Full-time: 49 or more hours worked,92,91,1
E01001496,Part-time: 15 hours or less worked,93,80,13
E01001496,Part-time: 16 to 30 hours worked,187,158,29
E01001497,Full-time: 31 to 48 hours worked,320,346,-26
E01001497,Full-time: 49 or more hours worked,48,76,-28
E01001497,Part-time: 15 hours or less worked,86,76,10
E01001497,Part-time: 16 to 30 hours worked,172,140,32
E01001498,Full-time: 31 to 48 hours worked,535,615,-80
E01001498,Full-time: 49 or more hours worked,105,120,-15
E01001498,Part-time: 15 hours or less worked,111,101,10
E01001498,Part-time: 16 to 30 hours worked,202,213,-11
E01001499,Full-time: 31 to 48 hours worked,394,443,-49
E01001499,Full-time: 49 or more hours worked,76,64,12
E01001499,Part-time: 15 hours or less worked,79,68,11
E01001499,Part-time: 16 to 30 hours worked,160,153,7
E01001500,Full-time: 31 to 48 hours worked,416,422,-6
E01001500,Full-time: 49 or more hours worked,51,98,-47
E01001500,Part-time: 15 hours or less worked,82,69,13
E01001500,Part-time: 16 to 30 hours worked,142,147,-5
E01001501,Full-time: 31 to 48 hours worked,600,589,11
E01001501,Full-time: 49 or more hours worked,129,136,-7
E01001501,Part-time: 15 hours or less worked,128,80,48
E01001501,Part-time: 16 to 30 hours worked,209,158,51
E01001502,Full-time: 31 to 48 hours worked,437,389,48
E01001502,Full-time: 49 or more hours worked,65,43,22
E01001502,Part-time: 15 hours or less worked,92,108,-16
E01001502,Part-time: 16 to 30 hours worked,210,170,40
E01001503,Full-time: 31 to 48 hours worked,368,438,-70
E01001503,Full-time: 49 or more hours worked,52,63,-11
E01001503,Part-time: 15 hours or less worked,125,80,45
E01001503,Part-time: 16 to 30 hours worked,196,168,28
E01001504,Full-time: 31 to 48 hours worked,348,313,35
E01001504,Full-time: 49 or more hours worked,71,58,13
E01001504,Part-time: 15 hours or less worked,144,55,89
E01001504,Part-time: 16 to 30 hours worked,194,162,32
E01001505,Full-time: 31 to 48 hours worked,424,365,59
E01001505,Full-time: 49 or more hours worked,55,57,-2
E01001505,Part-time: 15 hours or less worked,127,79,48
E01001505,Part-time: 16 to 30 hours worked,224,190,34
E01001507,Full-time: 31 to 48 hours worked,447,409,38
E01001507,Full-time: 49 or more hours worked,55,79,-24
E01001507,Part-time: 15 hours or less worked,91,80,11
E01001507,Part-time: 16 to 30 hours worked,308,188,120
E01001508,Full-time: 31 to 48 hours worked,504,438,66
E01001508,Full-time: 49 or more hours worked,60,69,-9
E01001508,Part-time: 15 hours or less worked,112,108,4
E01001508,Part-time: 16 to 30 hours worked,265,185,80
E01001509,Full-time: 31 to 48 hours worked,348,378,-30
E01001509,Full-time: 49 or more hours worked,59,62,-3
E01001509,Part-time: 15 hours or less worked,98,75,23
E01001509,Part-time: 16 to 30 hours worked,171,186,-15
E01001511,Full-time: 31 to 48 hours worked,496,493,3
E01001511,Full-time: 49 or more hours worked,85,86,-1
E01001511,Part-time: 15 hours or less worked,110,78,32
E01001511,Part-time: 16 to 30 hours worked,180,157,23
E01001512,Full-time: 31 to 48 hours worked,726,580,146
E01001512,Full-time: 49 or more hours worked,99,87,12
E01001512,Part-time: 15 hours or less worked,110,67,43
E01001512,Part-time: 16 to 30 hours worked,220,163,57
E01001513,Full-time: 31 to 48 hours worked,468,424,44
E01001513,Full-time: 49 or more hours worked,57,69,-12
E01001513,Part-time: 15 hours or less worked,108,63,45
E01001513,Part-time: 16 to 30 hours worked,181,139,42
E01001514,Full-time: 31 to 48 hours worked,474,531,-57
E01001514,Full-time: 49 or more hours worked,87,99,-12
E01001514,Part-time: 15 hours or less worked,96,73,23
E01001514,Part-time: 16 to 30 hours worked,181,182,-1
E01001515,Full-time: 31 to 48 hours worked,438,446,-8
E01001515,Full-time: 49 or more hours worked,47,60,-13
E01001515,Part-time: 15 hours or less worked,100,76,24
E01001515,Part-time: 16 to 30 hours worked,221,157,64
E01001516,Full-time: 31 to 48 hours worked,505,441,64
E01001516,Full-time: 49 or more hours worked,90,78,12
E01001516,Part-time: 15 hours or less worked,116,77,39
E01001516,Part-time: 16 to 30 hours worked,192,152,40
E01001517,Full-time: 31 to 48 hours worked,329,341,-12
E01001517,Full-time: 49 or more hours worked,40,41,-1
E01001517,Part-time: 15 hours or less worked,89,73,16
E01001517,Part-time: 16 to 30 hours worked,185,165,20
E01001518,Full-time: 31 to 48 hours worked,495,580,-85
E01001518,Full-time: 49 or more hours worked,82,92,-10
E01001518,Part-time: 15 hours or less worked,86,74,12
E01001518,Part-time: 16 to 30 hours worked,156,161,-5
E01001520,Full-time: 31 to 48 hours worked,487,455,32
E01001520,Full-time: 49 or more hours worked,82,106,-24
E01001520,Part-time: 15 hours or less worked,97,78,19
E01001520,Part-time: 16 to 30 hours worked,134,148,-14
E01001521,Full-time: 31 to 48 hours worked,509,521,-12
E01001521,Full-time: 49 or more hours worked,119,159,-40
E01001521,Part-time: 15 hours or less worked,112,65,47
E01001521,Part-time: 16 to 30 hours worked,166,155,11
E01001522,Full-time: 31 to 48 hours worked,490,524,-34
E01001522,Full-time: 49 or more hours worked,102,132,-30
E01001522,Part-time: 15 hours or less worked,88,72,16
E01001522,Part-time: 16 to 30 hours worked,170,152,18
E01001523,Full-time: 31 to 48 hours worked,431,470,-39
E01001523,Full-time: 49 or more hours worked,122,151,-29
E01001523,Part-time: 15 hours or less worked,119,70,49
E01001523,Part-time: 16 to 30 hours worked,136,153,-17
E01001524,Full-time: 31 to 48 hours worked,420,382,38
E01001524,Full-time: 49 or more hours worked,77,81,-4
E01001524,Part-time: 15 hours or less worked,102,58,44
E01001524,Part-time: 16 to 30 hours worked,150,141,9
E01001525,Full-time: 31 to 48 hours worked,514,543,-29
E01001525,Full-time: 49 or more hours worked,99,110,-11
E01001525,Part-time: 15 hours or less worked,117,89,28
E01001525,Part-time: 16 to 30 hours worked,165,142,23
E01001526,Full-time: 31 to 48 hours worked,398,426,-28
E01001526,Full-time: 49 or more hours worked,117,130,-13
E01001526,Part-time: 15 hours or less worked,101,70,31
E01001526,Part-time: 16 to 30 hours worked,151,135,16
E01001527,Full-time: 31 to 48 hours worked,615,505,110
E01001527,Full-time: 49 or more hours worked,124,112,12
E01001527,Part-time: 15 hours or less worked,117,51,66
E01001527,Part-time: 16 to 30 hours worked,155,136,19
E01001528,Full-time: 31 to 48 hours worked,443,323,120
E01001528,Full-time: 49 or more hours worked,74,62,12
E01001528,Part-time: 15 hours or less worked,92,74,18
E01001528,Part-time: 16 to 30 hours worked,167,152,15
E01001529,Full-time: 31 to 48 hours worked,547,378,169
E01001529,Full-time: 49 or more hours worked,82,88,-6
E01001529,Part-time: 15 hours or less worked,119,73,46
E01001529,Part-time: 16 to 30 hours worked,200,161,39
E01001530,Full-time: 31 to 48 hours worked,443,392,51
E01001530,Full-time: 49 or more hours worked,65,59,6
E01001530,Part-time: 15 hours or less worked,93,53,40
E01001530,Part-time: 16 to 30 hours worked,190,130,60
E01001531,Full-time: 31 to 48 hours worked,394,426,-32
E01001531,Full-time: 49 or more hours worked,108,139,-31
E01001531,Part-time: 15 hours or less worked,94,101,-7
E01001531,Part-time: 16 to 30 hours worked,136,113,23
E01001532,Full-time: 31 to 48 hours worked,468,523,-55
E01001532,Full-time: 49 or more hours worked,120,178,-58
E01001532,Part-time: 15 hours or less worked,108,85,23
E01001532,Part-time: 16 to 30 hours worked,174,161,13
E01001533,Full-time: 31 to 48 hours worked,368,378,-10
E01001533,Full-time: 49 or more hours worked,99,134,-35
E01001533,Part-time: 15 hours or less worked,112,82,30
E01001533,Part-time: 16 to 30 hours worked,134,136,-2
E01001534,Full-time: 31 to 48 hours worked,459,459,0
E01001534,Full-time: 49 or more hours worked,127,122,5
E01001534,Part-time: 15 hours or less worked,93,89,4
E01001534,Part-time: 16 to 30 hours worked,156,138,18
E01001535,Full-time: 31 to 48 hours worked,344,400,-56
E01001535,Full-time: 49 or more hours worked,99,105,-6
E01001535,Part-time: 15 hours or less worked,99,77,22
E01001535,Part-time: 16 to 30 hours worked,110,140,-30
E01001536,Full-time: 31 to 48 hours worked,561,569,-8
E01001536,Full-time: 49 or more hours worked,128,141,-13
E01001536,Part-time: 15 hours or less worked,87,64,23
E01001536,Part-time: 16 to 30 hours worked,177,126,51
E01001537,Full-time: 31 to 48 hours worked,491,529,-38
E01001537,Full-time: 49 or more hours worked,100,114,-14
E01001537,Part-time: 15 hours or less worked,82,65,17
E01001537,Part-time: 16 to 30 hours worked,172,180,-8
E01001538,Full-time: 31 to 48 hours worked,490,512,-22
E01001538,Full-time: 49 or more hours worked,97,105,-8
E01001538,Part-time: 15 hours or less worked,90,76,14
E01001538,Part-time: 16 to 30 hours worked,153,167,-14
E01001539,Full-time: 31 to 48 hours worked,480,478,2
E01001539,Full-time: 49 or more hours worked,88,110,-22
E01001539,Part-time: 15 hours or less worked,88,93,-5
E01001539,Part-time: 16 to 30 hours worked,154,171,-17
E01001540,Full-time: 31 to 48 hours worked,528,641,-113
E01001540,Full-time: 49 or more hours worked,126,119,7
E01001540,Part-time: 15 hours or less worked,107,53,54
E01001540,Part-time: 16 to 30 hours worked,158,154,4
E01001541,Full-time: 31 to 48 hours worked,479,523,-44
E01001541,Full-time: 49 or more hours worked,83,121,-38
E01001541,Part-time: 15 hours or less worked,75,57,18
E01001541,Part-time: 16 to 30 hours worked,149,140,9
E01001542,Full-time: 31 to 48 hours worked,394,433,-39
E01001542,Full-time: 49 or more hours worked,79,74,5
E01001542,Part-time: 15 hours or less worked,98,50,48
E01001542,Part-time: 16 to 30 hours worked,155,146,9
E01001543,Full-time: 31 to 48 hours worked,488,481,7
E01001543,Full-time: 49 or more hours worked,73,99,-26
E01001543,Part-time: 15 hours or less worked,77,85,-8
E01001543,Part-time: 16 to 30 hours worked,143,142,1
E01001544,Full-time: 31 to 48 hours worked,487,442,45
E01001544,Full-time: 49 or more hours worked,85,88,-3
E01001544,Part-time: 15 hours or less worked,81,76,5
E01001544,Part-time: 16 to 30 hours worked,157,147,10
E01001545,Full-time: 31 to 48 hours worked,361,368,-7
E01001545,Full-time: 49 or more hours worked,44,47,-3
E01001545,Part-time: 15 hours or less worked,107,82,25
E01001545,Part-time: 16 to 30 hours worked,177,140,37
E01001546,Full-time: 31 to 48 hours worked,401,475,-74
E01001546,Full-time: 49 or more hours worked,56,65,-9
E01001546,Part-time: 15 hours or less worked,99,74,25
E01001546,Part-time: 16 to 30 hours worked,184,158,26
E01001547,Full-time: 31 to 48 hours worked,457,427,30
E01001547,Full-time: 49 or more hours worked,58,73,-15
E01001547,Part-time: 15 hours or less worked,104,65,39
E01001547,Part-time: 16 to 30 hours worked,222,167,55
E01001548,Full-time: 31 to 48 hours worked,399,439,-40
E01001548,Full-time: 49 or more hours worked,45,68,-23
E01001548,Part-time: 15 hours or less worked,87,65,22
E01001548,Part-time: 16 to 30 hours worked,187,155,32
E01001549,Full-time: 31 to 48 hours worked,355,376,-21
E01001549,Full-time: 49 or more hours worked,44,49,-5
E01001549,Part-time: 15 hours or less worked,92,65,27
E01001549,Part-time: 16 to 30 hours worked,231,194,37
E01001550,Full-time: 31 to 48 hours worked,393,364,29
E01001550,Full-time: 49 or more hours worked,60,64,-4
E01001550,Part-time: 15 hours or less worked,77,60,17
E01001550,Part-time: 16 to 30 hours worked,205,140,65
E01001551,Full-time: 31 to 48 hours worked,379,356,23
E01001551,Full-time: 49 or more hours worked,57,55,2
E01001551,Part-time: 15 hours or less worked,76,64,12
E01001551,Part-time: 16 to 30 hours worked,183,138,45
E01001552,Full-time: 31 to 48 hours worked,464,484,-20
E01001552,Full-time: 49 or more hours worked,61,103,-42
E01001552,Part-time: 15 hours or less worked,104,73,31
E01001552,Part-time: 16 to 30 hours worked,199,169,30
E01001553,Full-time: 31 to 48 hours worked,333,332,1
E01001553,Full-time: 49 or more hours worked,41,50,-9
E01001553,Part-time: 15 hours or less worked,75,65,10
E01001553,Part-time: 16 to 30 hours worked,190,120,70
E01001554,Full-time: 31 to 48 hours worked,309,309,0
E01001554,Full-time: 49 or more hours worked,52,51,1
E01001554,Part-time: 15 hours or less worked,65,84,-19
E01001554,Part-time: 16 to 30 hours worked,194,183,11
E01001555,Full-time: 31 to 48 hours worked,554,382,172
E01001555,Full-time: 49 or more hours worked,63,46,17
E01001555,Part-time: 15 hours or less worked,124,121,3
E01001555,Part-time: 16 to 30 hours worked,233,177,56
E01001556,Full-time: 31 to 48 hours worked,383,418,-35
E01001556,Full-time: 49 or more hours worked,74,76,-2
E01001556,Part-time: 15 hours or less worked,108,73,35
E01001556,Part-time: 16 to 30 hours worked,180,163,17
E01001557,Full-time: 31 to 48 hours worked,352,361,-9
E01001557,Full-time: 49 or more hours worked,47,53,-6
E01001557,Part-time: 15 hours or less worked,103,68,35
E01001557,Part-time: 16 to 30 hours worked,184,150,34
E01001558,Full-time: 31 to 48 hours worked,340,287,53
E01001558,Full-time: 49 or more hours worked,47,41,6
E01001558,Part-time: 15 hours or less worked,122,59,63
E01001558,Part-time: 16 to 30 hours worked,264,166,98
E01001559,Full-time: 31 to 48 hours worked,416,440,-24
E01001559,Full-time: 49 or more hours worked,62,55,7
E01001559,Part-time: 15 hours or less worked,130,80,50
E01001559,Part-time: 16 to 30 hours worked,216,210,6
E01001560,Full-time: 31 to 48 hours worked,366,377,-11
E01001560,Full-time: 49 or more hours worked,43,65,-22
E01001560,Part-time: 15 hours or less worked,98,65,33
E01001560,Part-time: 16 to 30 hours worked,194,170,24
E01001562,Full-time: 31 to 48 hours worked,447,357,90
E01001562,Full-time: 49 or more hours worked,47,53,-6
E01001562,Part-time: 15 hours or less worked,113,65,48
E01001562,Part-time: 16 to 30 hours worked,230,156,74
E01001563,Full-time: 31 to 48 hours worked,506,511,-5
E01001563,Full-time: 49 or more hours worked,125,137,-12
E01001563,Part-time: 15 hours or less worked,133,76,57
E01001563,Part-time: 16 to 30 hours worked,163,147,16
E01001564,Full-time: 31 to 48 hours worked,466,496,-30
E01001564,Full-time: 49 or more hours worked,134,150,-16
E01001564,Part-time: 15 hours or less worked,88,79,9
E01001564,Part-time: 16 to 30 hours worked,131,145,-14
E01001565,Full-time: 31 to 48 hours worked,460,479,-19
E01001565,Full-time: 49 or more hours worked,98,129,-31
E01001565,Part-time: 15 hours or less worked,120,69,51
E01001565,Part-time: 16 to 30 hours worked,184,140,44
E01001566,Full-time: 31 to 48 hours worked,536,522,14
E01001566,Full-time: 49 or more hours worked,122,164,-42
E01001566,Part-time: 15 hours or less worked,99,84,15
E01001566,Part-time: 16 to 30 hours worked,146,163,-17
E01001567,Full-time: 31 to 48 hours worked,403,407,-4
E01001567,Full-time: 49 or more hours worked,121,140,-19
E01001567,Part-time: 15 hours or less worked,98,83,15
E01001567,Part-time: 16 to 30 hours worked,137,148,-11
E01001568,Full-time: 31 to 48 hours worked,541,401,140
E01001568,Full-time: 49 or more hours worked,148,138,10
E01001568,Part-time: 15 hours or less worked,149,85,64
E01001568,Part-time: 16 to 30 hours worked,150,143,7
E01001569,Full-time: 31 to 48 hours worked,480,554,-74
E01001569,Full-time: 49 or more hours worked,143,199,-56
E01001569,Part-time: 15 hours or less worked,99,80,19
E01001569,Part-time: 16 to 30 hours worked,151,167,-16
E01001570,Full-time: 31 to 48 hours worked,530,527,3
E01001570,Full-time: 49 or more hours worked,103,129,-26
E01001570,Part-time: 15 hours or less worked,104,69,35
E01001570,Part-time: 16 to 30 hours worked,175,178,-3
E01001571,Full-time: 31 to 48 hours worked,619,494,125
E01001571,Full-time: 49 or more hours worked,99,75,24
E01001571,Part-time: 15 hours or less worked,78,69,9
E01001571,Part-time: 16 to 30 hours worked,148,164,-16
E01001572,Full-time: 31 to 48 hours worked,535,529,6
E01001572,Full-time: 49 or more hours worked,89,94,-5
E01001572,Part-time: 15 hours or less worked,79,53,26
E01001572,Part-time: 16 to 30 hours worked,155,141,14
E01001573,Full-time: 31 to 48 hours worked,465,433,32
E01001573,Full-time: 49 or more hours worked,82,67,15
E01001573,Part-time: 15 hours or less worked,67,51,16
E01001573,Part-time: 16 to 30 hours worked,138,161,-23
E01001574,Full-time: 31 to 48 hours worked,415,393,22
E01001574,Full-time: 49 or more hours worked,76,63,13
E01001574,Part-time: 15 hours or less worked,85,43,42
E01001574,Part-time: 16 to 30 hours worked,151,132,19
E01001575,Full-time: 31 to 48 hours worked,394,357,37
E01001575,Full-time: 49 or more hours worked,57,55,2
E01001575,Part-time: 15 hours or less worked,84,59,25
E01001575,Part-time: 16 to 30 hours worked,156,145,11
E01001576,Full-time: 31 to 48 hours worked,431,351,80
E01001576,Full-time: 49 or more hours worked,71,43,28
E01001576,Part-time: 15 hours or less worked,113,53,60
E01001576,Part-time: 16 to 30 hours worked,173,127,46
E01001577,Full-time: 31 to 48 hours worked,466,412,54
E01001577,Full-time: 49 or more hours worked,69,70,-1
E01001577,Part-time: 15 hours or less worked,66,55,11
E01001577,Part-time: 16 to 30 hours worked,209,150,59
E01001578,Full-time: 31 to 48 hours worked,685,607,78
E01001578,Full-time: 49 or more hours worked,128,103,25
E01001578,Part-time: 15 hours or less worked,118,69,49
E01001578,Part-time: 16 to 30 hours worked,217,160,57
E01001579,Full-time: 31 to 48 hours worked,456,410,46
E01001579,Full-time: 49 or more hours worked,63,57,6
E01001579,Part-time: 15 hours or less worked,60,54,6
E01001579,Part-time: 16 to 30 hours worked,171,145,26
E01001580,Full-time: 31 to 48 hours worked,608,603,5
E01001580,Full-time: 49 or more hours worked,179,273,-94
E01001580,Part-time: 15 hours or less worked,76,92,-16
E01001580,Part-time: 16 to 30 hours worked,100,97,3
E01001581,Full-time: 31 to 48 hours worked,540,538,2
E01001581,Full-time: 49 or more hours worked,151,193,-42
E01001581,Part-time: 15 hours or less worked,72,74,-2
E01001581,Part-time: 16 to 30 hours worked,116,83,33
E01001582,Full-time: 31 to 48 hours worked,383,374,9
E01001582,Full-time: 49 or more hours worked,101,125,-24
E01001582,Part-time: 15 hours or less worked,58,58,0
E01001582,Part-time: 16 to 30 hours worked,132,90,42
E01001583,Full-time: 31 to 48 hours worked,529,586,-57
E01001583,Full-time: 49 or more hours worked,169,245,-76
E01001583,Part-time: 15 hours or less worked,78,42,36
E01001583,Part-time: 16 to 30 hours worked,122,86,36
E01001584,Full-time: 31 to 48 hours worked,424,448,-24
E01001584,Full-time: 49 or more hours worked,179,222,-43
E01001584,Part-time: 15 hours or less worked,69,54,15
E01001584,Part-time: 16 to 30 hours worked,107,106,1
E01001585,Full-time: 31 to 48 hours worked,451,466,-15
E01001585,Full-time: 49 or more hours worked,151,174,-23
E01001585,Part-time: 15 hours or less worked,82,60,22
E01001585,Part-time: 16 to 30 hours worked,120,97,23
E01001586,Full-time: 31 to 48 hours worked,364,393,-29
E01001586,Full-time: 49 or more hours worked,123,130,-7
E01001586,Part-time: 15 hours or less worked,68,51,17
E01001586,Part-time: 16 to 30 hours worked,108,98,10
E01001587,Full-time: 31 to 48 hours worked,680,629,51
E01001587,Full-time: 49 or more hours worked,229,246,-17
E01001587,Part-time: 15 hours or less worked,98,66,32
E01001587,Part-time: 16 to 30 hours worked,130,126,4
E01001588,Full-time: 31 to 48 hours worked,416,400,16
E01001588,Full-time: 49 or more hours worked,78,83,-5
E01001588,Part-time: 15 hours or less worked,86,69,17
E01001588,Part-time: 16 to 30 hours worked,149,157,-8
E01001589,Full-time: 31 to 48 hours worked,527,456,71
E01001589,Full-time: 49 or more hours worked,102,83,19
E01001589,Part-time: 15 hours or less worked,94,65,29
E01001589,Part-time: 16 to 30 hours worked,175,153,22
E01001590,Full-time: 31 to 48 hours worked,610,551,59
E01001590,Full-time: 49 or more hours worked,113,131,-18
E01001590,Part-time: 15 hours or less worked,100,85,15
E01001590,Part-time: 16 to 30 hours worked,154,168,-14
E01001591,Full-time: 31 to 48 hours worked,541,464,77
E01001591,Full-time: 49 or more hours worked,100,108,-8
E01001591,Part-time: 15 hours or less worked,101,85,16
E01001591,Part-time: 16 to 30 hours worked,178,173,5
E01001592,Full-time: 31 to 48 hours worked,741,598,143
E01001592,Full-time: 49 or more hours worked,136,142,-6
E01001592,Part-time: 15 hours or less worked,111,81,30
E01001592,Part-time: 16 to 30 hours worked,170,154,16
E01001593,Full-time: 31 to 48 hours worked,571,576,-5
E01001593,Full-time: 49 or more hours worked,157,168,-11
E01001593,Part-time: 15 hours or less worked,80,65,15
E01001593,Part-time: 16 to 30 hours worked,147,117,30
E01001594,Full-time: 31 to 48 hours worked,763,461,302
E01001594,Full-time: 49 or more hours worked,120,98,22
E01001594,Part-time: 15 hours or less worked,132,76,56
E01001594,Part-time: 16 to 30 hours worked,236,160,76
E01001595,Full-time: 31 to 48 hours worked,519,422,97
E01001595,Full-time: 49 or more hours worked,125,79,46
E01001595,Part-time: 15 hours or less worked,93,83,10
E01001595,Part-time: 16 to 30 hours worked,216,187,29
E01001596,Full-time: 31 to 48 hours worked,486,434,52
E01001596,Full-time: 49 or more hours worked,113,119,-6
E01001596,Part-time: 15 hours or less worked,74,92,-18
E01001596,Part-time: 16 to 30 hours worked,145,141,4
E01001597,Full-time: 31 to 48 hours worked,470,447,23
E01001597,Full-time: 49 or more hours worked,109,113,-4
E01001597,Part-time: 15 hours or less worked,70,57,13
E01001597,Part-time: 16 to 30 hours worked,123,125,-2
E01001598,Full-time: 31 to 48 hours worked,506,490,16
E01001598,Full-time: 49 or more hours worked,84,100,-16
E01001598,Part-time: 15 hours or less worked,74,71,3
E01001598,Part-time: 16 to 30 hours worked,128,143,-15
E01001599,Full-time: 31 to 48 hours worked,481,472,9
E01001599,Full-time: 49 or more hours worked,73,111,-38
E01001599,Part-time: 15 hours or less worked,76,77,-1
E01001599,Part-time: 16 to 30 hours worked,157,155,2
E01001600,Full-time: 31 to 48 hours worked,502,489,13
E01001600,Full-time: 49 or more hours worked,78,110,-32
E01001600,Part-time: 15 hours or less worked,66,70,-4
E01001600,Part-time: 16 to 30 hours worked,124,128,-4
E01001601,Full-time: 31 to 48 hours worked,456,467,-11
E01001601,Full-time: 49 or more hours worked,90,105,-15
E01001601,Part-time: 15 hours or less worked,63,60,3
E01001601,Part-time: 16 to 30 hours worked,117,144,-27
E01001602,Full-time: 31 to 48 hours worked,546,449,97
E01001602,Full-time: 49 or more hours worked,84,86,-2
E01001602,Part-time: 15 hours or less worked,82,73,9
E01001602,Part-time: 16 to 30 hours worked,182,160,22
E01001603,Full-time: 31 to 48 hours worked,459,425,34
E01001603,Full-time: 49 or more hours worked,65,60,5
E01001603,Part-time: 15 hours or less worked,78,71,7
E01001603,Part-time: 16 to 30 hours worked,149,97,52
E01001604,Full-time: 31 to 48 hours worked,448,465,-17
E01001604,Full-time: 49 or more hours worked,100,112,-12
E01001604,Part-time: 15 hours or less worked,81,78,3
E01001604,Part-time: 16 to 30 hours worked,133,119,14
E01001605,Full-time: 31 to 48 hours worked,445,488,-43
E01001605,Full-time: 49 or more hours worked,101,121,-20
E01001605,Part-time: 15 hours or less worked,71,64,7
E01001605,Part-time: 16 to 30 hours worked,134,140,-6
E01001606,Full-time: 31 to 48 hours worked,541,555,-14
E01001606,Full-time: 49 or more hours worked,93,128,-35
E01001606,Part-time: 15 hours or less worked,70,81,-11
E01001606,Part-time: 16 to 30 hours worked,152,149,3
E01001607,Full-time: 31 to 48 hours worked,460,418,42
E01001607,Full-time: 49 or more hours worked,105,99,6
E01001607,Part-time: 15 hours or less worked,76,59,17
E01001607,Part-time: 16 to 30 hours worked,137,142,-5
E01001608,Full-time: 31 to 48 hours worked,351,359,-8
E01001608,Full-time: 49 or more hours worked,107,128,-21
E01001608,Part-time: 15 hours or less worked,75,72,3
E01001608,Part-time: 16 to 30 hours worked,133,126,7
E01001609,Full-time: 31 to 48 hours worked,434,396,38
E01001609,Full-time: 49 or more hours worked,101,120,-19
E01001609,Part-time: 15 hours or less worked,94,81,13
E01001609,Part-time: 16 to 30 hours worked,146,141,5
E01001610,Full-time: 31 to 48 hours worked,539,495,44
E01001610,Full-time: 49 or more hours worked,100,125,-25
E01001610,Part-time: 15 hours or less worked,89,78,11
E01001610,Part-time: 16 to 30 hours worked,145,152,-7
E01001611,Full-time: 31 to 48 hours worked,490,450,40
E01001611,Full-time: 49 or more hours worked,90,103,-13
E01001611,Part-time: 15 hours or less worked,73,67,6
E01001611,Part-time: 16 to 30 hours worked,167,161,6
E01001613,Full-time: 31 to 48 hours worked,486,458,28
E01001613,Full-time: 49 or more hours worked,87,97,-10
E01001613,Part-time: 15 hours or less worked,84,87,-3
E01001613,Part-time: 16 to 30 hours worked,144,126,18
E01001614,Full-time: 31 to 48 hours worked,389,379,10
E01001614,Full-time: 49 or more hours worked,117,104,13
E01001614,Part-time: 15 hours or less worked,76,91,-15
E01001614,Part-time: 16 to 30 hours worked,128,130,-2
E01001615,Full-time: 31 to 48 hours worked,633,482,151
E01001615,Full-time: 49 or more hours worked,138,129,9
E01001615,Part-time: 15 hours or less worked,114,66,48
E01001615,Part-time: 16 to 30 hours worked,161,133,28
E01001617,Full-time: 31 to 48 hours worked,516,465,51
E01001617,Full-time: 49 or more hours worked,90,111,-21
E01001617,Part-time: 15 hours or less worked,59,69,-10
E01001617,Part-time: 16 to 30 hours worked,125,115,10
E01001618,Full-time: 31 to 48 hours worked,565,417,148
E01001618,Full-time: 49 or more hours worked,114,81,33
E01001618,Part-time: 15 hours or less worked,101,60,41
E01001618,Part-time: 16 to 30 hours worked,136,140,-4
E01001619,Full-time: 31 to 48 hours worked,696,635,61
E01001619,Full-time: 49 or more hours worked,106,143,-37
E01001619,Part-time: 15 hours or less worked,106,63,43
E01001619,Part-time: 16 to 30 hours worked,206,171,35
E01001620,Full-time: 31 to 48 hours worked,403,375,28
E01001620,Full-time: 49 or more hours worked,59,67,-8
E01001620,Part-time: 15 hours or less worked,77,46,31
E01001620,Part-time: 16 to 30 hours worked,163,132,31
E01001621,Full-time: 31 to 48 hours worked,456,428,28
E01001621,Full-time: 49 or more hours worked,84,83,1
E01001621,Part-time: 15 hours or less worked,67,63,4
E01001621,Part-time: 16 to 30 hours worked,148,118,30
E01001623,Full-time: 31 to 48 hours worked,523,513,10
E01001623,Full-time: 49 or more hours worked,93,89,4
E01001623,Part-time: 15 hours or less worked,81,60,21
E01001623,Part-time: 16 to 30 hours worked,162,145,17
E01001624,Full-time: 31 to 48 hours worked,491,461,30
E01001624,Full-time: 49 or more hours worked,76,60,16
E01001624,Part-time: 15 hours or less worked,57,53,4
E01001624,Part-time: 16 to 30 hours worked,164,154,10
E01001625,Full-time: 31 to 48 hours worked,447,402,45
E01001625,Full-time: 49 or more hours worked,67,61,6
E01001625,Part-time: 15 hours or less worked,87,70,17
E01001625,Part-time: 16 to 30 hours worked,140,130,10
E01001629,Full-time: 31 to 48 hours worked,553,584,-31
E01001629,Full-time: 49 or more hours worked,88,82,6
E01001629,Part-time: 15 hours or less worked,104,67,37
E01001629,Part-time: 16 to 30 hours worked,200,206,-6
E01001631,Full-time: 31 to 48 hours worked,500,514,-14
E01001631,Full-time: 49 or more hours worked,64,70,-6
E01001631,Part-time: 15 hours or less worked,95,78,17
E01001631,Part-time: 16 to 30 hours worked,233,169,64
E01001632,Full-time: 31 to 48 hours worked,561,613,-52
E01001632,Full-time: 49 or more hours worked,83,90,-7
E01001632,Part-time: 15 hours or less worked,83,140,-57
E01001632,Part-time: 16 to 30 hours worked,198,284,-86
E01001633,Full-time: 31 to 48 hours worked,587,393,194
E01001633,Full-time: 49 or more hours worked,85,78,7
E01001633,Part-time: 15 hours or less worked,84,68,16
E01001633,Part-time: 16 to 30 hours worked,155,135,20
E01001634,Full-time: 31 to 48 hours worked,433,358,75
E01001634,Full-time: 49 or more hours worked,61,71,-10
E01001634,Part-time: 15 hours or less worked,77,52,25
E01001634,Part-time: 16 to 30 hours worked,146,159,-13
E01001635,Full-time: 31 to 48 hours worked,530,465,65
E01001635,Full-time: 49 or more hours worked,100,86,14
E01001635,Part-time: 15 hours or less worked,79,65,14
E01001635,Part-time: 16 to 30 hours worked,149,158,-9
E01001636,Full-time: 31 to 48 hours worked,446,435,11
E01001636,Full-time: 49 or more hours worked,70,86,-16
E01001636,Part-time: 15 hours or less worked,91,99,-8
E01001636,Part-time: 16 to 30 hours worked,177,142,35
E01001637,Full-time: 31 to 48 hours worked,518,448,70
E01001637,Full-time: 49 or more hours worked,93,93,0
E01001637,Part-time: 15 hours or less worked,93,84,9
E01001637,Part-time: 16 to 30 hours worked,183,158,25
E01001638,Full-time: 31 to 48 hours worked,464,521,-57
E01001638,Full-time: 49 or more hours worked,70,115,-45
E01001638,Part-time: 15 hours or less worked,103,72,31
E01001638,Part-time: 16 to 30 hours worked,185,164,21
E01001641,Full-time: 31 to 48 hours worked,624,500,124
E01001641,Full-time: 49 or more hours worked,212,261,-49
E01001641,Part-time: 15 hours or less worked,97,79,18
E01001641,Part-time: 16 to 30 hours worked,134,118,16
E01001642,Full-time: 31 to 48 hours worked,543,534,9
E01001642,Full-time: 49 or more hours worked,205,296,-91
E01001642,Part-time: 15 hours or less worked,87,73,14
E01001642,Part-time: 16 to 30 hours worked,111,101,10
E01001644,Full-time: 31 to 48 hours worked,989,894,95
E01001644,Full-time: 49 or more hours worked,323,285,38
E01001644,Part-time: 15 hours or less worked,141,93,48
E01001644,Part-time: 16 to 30 hours worked,171,122,49
E01001645,Full-time: 31 to 48 hours worked,550,384,166
E01001645,Full-time: 49 or more hours worked,63,69,-6
E01001645,Part-time: 15 hours or less worked,74,52,22
E01001645,Part-time: 16 to 30 hours worked,172,121,51
E01001646,Full-time: 31 to 48 hours worked,863,859,4
E01001646,Full-time: 49 or more hours worked,140,216,-76
E01001646,Part-time: 15 hours or less worked,143,93,50
E01001646,Part-time: 16 to 30 hours worked,246,207,39
E01001647,Full-time: 31 to 48 hours worked,402,352,50
E01001647,Full-time: 49 or more hours worked,94,105,-11
E01001647,Part-time: 15 hours or less worked,92,54,38
E01001647,Part-time: 16 to 30 hours worked,102,128,-26
E01001648,Full-time: 31 to 48 hours worked,549,631,-82
E01001648,Full-time: 49 or more hours worked,125,180,-55
E01001648,Part-time: 15 hours or less worked,82,75,7
E01001648,Part-time: 16 to 30 hours worked,158,156,2
E01001649,Full-time: 31 to 48 hours worked,440,458,-18
E01001649,Full-time: 49 or more hours worked,74,63,11
E01001649,Part-time: 15 hours or less worked,72,52,20
E01001649,Part-time: 16 to 30 hours worked,130,136,-6
E01001650,Full-time: 31 to 48 hours worked,466,471,-5
E01001650,Full-time: 49 or more hours worked,68,66,2
E01001650,Part-time: 15 hours or less worked,73,73,0
E01001650,Part-time: 16 to 30 hours worked,189,145,44
E01001651,Full-time: 31 to 48 hours worked,506,443,63
E01001651,Full-time: 49 or more hours worked,75,68,7
E01001651,Part-time: 15 hours or less worked,72,68,4
E01001651,Part-time: 16 to 30 hours worked,131,137,-6
E01001652,Full-time: 31 to 48 hours worked,548,507,41
E01001652,Full-time: 49 or more hours worked,117,137,-20
E01001652,Part-time: 15 hours or less worked,88,60,28
E01001652,Part-time: 16 to 30 hours worked,134,109,25
E01001653,Full-time: 31 to 48 hours worked,405,375,30
E01001653,Full-time: 49 or more hours worked,48,70,-22
E01001653,Part-time: 15 hours or less worked,84,58,26
E01001653,Part-time: 16 to 30 hours worked,129,128,1
E01001654,Full-time: 31 to 48 hours worked,408,350,58
E01001654,Full-time: 49 or more hours worked,62,75,-13
E01001654,Part-time: 15 hours or less worked,67,47,20
E01001654,Part-time: 16 to 30 hours worked,139,118,21
E01001655,Full-time: 31 to 48 hours worked,414,371,43
E01001655,Full-time: 49 or more hours worked,60,55,5
E01001655,Part-time: 15 hours or less worked,80,58,22
E01001655,Part-time: 16 to 30 hours worked,153,135,18
E01001656,Full-time: 31 to 48 hours worked,331,353,-22
E01001656,Full-time: 49 or more hours worked,96,94,2
E01001656,Part-time: 15 hours or less worked,74,64,10
E01001656,Part-time: 16 to 30 hours worked,103,73,30
E01001657,Full-time: 31 to 48 hours worked,471,398,73
E01001657,Full-time: 49 or more hours worked,152,173,-21
E01001657,Part-time: 15 hours or less worked,69,64,5
E01001657,Part-time: 16 to 30 hours worked,133,113,20
E01001658,Full-time: 31 to 48 hours worked,494,445,49
E01001658,Full-time: 49 or more hours worked,90,108,-18
E01001658,Part-time: 15 hours or less worked,74,57,17
E01001658,Part-time: 16 to 30 hours worked,138,123,15
E01001659,Full-time: 31 to 48 hours worked,480,358,122
E01001659,Full-time: 49 or more hours worked,89,96,-7
E01001659,Part-time: 15 hours or less worked,69,54,15
E01001659,Part-time: 16 to 30 hours worked,93,142,-49
E01001660,Full-time: 31 to 48 hours worked,396,355,41
E01001660,Full-time: 49 or more hours worked,75,81,-6
E01001660,Part-time: 15 hours or less worked,70,73,-3
E01001660,Part-time: 16 to 30 hours worked,133,135,-2
E01001661,Full-time: 31 to 48 hours worked,403,346,57
E01001661,Full-time: 49 or more hours worked,75,87,-12
E01001661,Part-time: 15 hours or less worked,96,59,37
E01001661,Part-time: 16 to 30 hours worked,136,128,8
E01001664,Full-time: 31 to 48 hours worked,755,661,94
E01001664,Full-time: 49 or more hours worked,221,215,6
E01001664,Part-time: 15 hours or less worked,125,73,52
E01001664,Part-time: 16 to 30 hours worked,173,109,64
E01001665,Full-time: 31 to 48 hours worked,680,643,37
E01001665,Full-time: 49 or more hours worked,187,187,0
E01001665,Part-time: 15 hours or less worked,108,101,7
E01001665,Part-time: 16 to 30 hours worked,149,158,-9
E01001666,Full-time: 31 to 48 hours worked,647,552,95
E01001666,Full-time: 49 or more hours worked,114,122,-8
E01001666,Part-time: 15 hours or less worked,104,97,7
E01001666,Part-time: 16 to 30 hours worked,168,174,-6
E01001669,Full-time: 31 to 48 hours worked,642,508,134
E01001669,Full-time: 49 or more hours worked,100,72,28
E01001669,Part-time: 15 hours or less worked,127,95,32
E01001669,Part-time: 16 to 30 hours worked,204,157,47
E01001671,Full-time: 31 to 48 hours worked,460,455,5
E01001671,Full-time: 49 or more hours worked,69,71,-2
E01001671,Part-time: 15 hours or less worked,87,61,26
E01001671,Part-time: 16 to 30 hours worked,176,154,22
E01001672,Full-time: 31 to 48 hours worked,537,496,41
E01001672,Full-time: 49 or more hours worked,94,92,2
E01001672,Part-time: 15 hours or less worked,120,107,13
E01001672,Part-time: 16 to 30 hours worked,175,211,-36
E01001673,Full-time: 31 to 48 hours worked,570,421,149
E01001673,Full-time: 49 or more hours worked,77,71,6
E01001673,Part-time: 15 hours or less worked,110,89,21
E01001673,Part-time: 16 to 30 hours worked,202,157,45
E01001674,Full-time: 31 to 48 hours worked,613,483,130
E01001674,Full-time: 49 or more hours worked,87,75,12
E01001674,Part-time: 15 hours or less worked,75,91,-16
E01001674,Part-time: 16 to 30 hours worked,196,184,12
E01001675,Full-time: 31 to 48 hours worked,733,485,248
E01001675,Full-time: 49 or more hours worked,90,78,12
E01001675,Part-time: 15 hours or less worked,85,95,-10
E01001675,Part-time: 16 to 30 hours worked,293,271,22
E01001676,Full-time: 31 to 48 hours worked,488,431,57
E01001676,Full-time: 49 or more hours worked,73,53,20
E01001676,Part-time: 15 hours or less worked,82,55,27
E01001676,Part-time: 16 to 30 hours worked,168,173,-5
E01001677,Full-time: 31 to 48 hours worked,532,524,8
E01001677,Full-time: 49 or more hours worked,72,92,-20
E01001677,Part-time: 15 hours or less worked,116,98,18
E01001677,Part-time: 16 to 30 hours worked,187,212,-25
E01001678,Full-time: 31 to 48 hours worked,514,471,43
E01001678,Full-time: 49 or more hours worked,62,74,-12
E01001678,Part-time: 15 hours or less worked,99,71,28
E01001678,Part-time: 16 to 30 hours worked,160,171,-11
E01001679,Full-time: 31 to 48 hours worked,418,444,-26
E01001679,Full-time: 49 or more hours worked,75,94,-19
E01001679,Part-time: 15 hours or less worked,68,68,0
E01001679,Part-time: 16 to 30 hours worked,129,110,19
E01001680,Full-time: 31 to 48 hours worked,488,450,38
E01001680,Full-time: 49 or more hours worked,104,118,-14
E01001680,Part-time: 15 hours or less worked,78,51,27
E01001680,Part-time: 16 to 30 hours worked,102,152,-50
E01001681,Full-time: 31 to 48 hours worked,422,298,124
E01001681,Full-time: 49 or more hours worked,78,60,18
E01001681,Part-time: 15 hours or less worked,72,43,29
E01001681,Part-time: 16 to 30 hours worked,110,93,17
E01001682,Full-time: 31 to 48 hours worked,382,402,-20
E01001682,Full-time: 49 or more hours worked,64,92,-28
E01001682,Part-time: 15 hours or less worked,67,46,21
E01001682,Part-time: 16 to 30 hours worked,128,102,26
E01001683,Full-time: 31 to 48 hours worked,402,481,-79
E01001683,Full-time: 49 or more hours worked,98,107,-9
E01001683,Part-time: 15 hours or less worked,66,67,-1
E01001683,Part-time: 16 to 30 hours worked,143,158,-15
E01001684,Full-time: 31 to 48 hours worked,409,400,9
E01001684,Full-time: 49 or more hours worked,49,67,-18
E01001684,Part-time: 15 hours or less worked,89,67,22
E01001684,Part-time: 16 to 30 hours worked,124,127,-3
E01001685,Full-time: 31 to 48 hours worked,460,439,21
E01001685,Full-time: 49 or more hours worked,90,66,24
E01001685,Part-time: 15 hours or less worked,75,62,13
E01001685,Part-time: 16 to 30 hours worked,125,139,-14
E01001686,Full-time: 31 to 48 hours worked,548,481,67
E01001686,Full-time: 49 or more hours worked,107,100,7
E01001686,Part-time: 15 hours or less worked,86,62,24
E01001686,Part-time: 16 to 30 hours worked,175,163,12
E01001687,Full-time: 31 to 48 hours worked,352,342,10
E01001687,Full-time: 49 or more hours worked,49,48,1
E01001687,Part-time: 15 hours or less worked,92,45,47
E01001687,Part-time: 16 to 30 hours worked,124,97,27
E01001688,Full-time: 31 to 48 hours worked,652,706,-54
E01001688,Full-time: 49 or more hours worked,115,96,19
E01001688,Part-time: 15 hours or less worked,123,85,38
E01001688,Part-time: 16 to 30 hours worked,233,230,3
E01001690,Full-time: 31 to 48 hours worked,460,568,-108
E01001690,Full-time: 49 or more hours worked,100,70,30
E01001690,Part-time: 15 hours or less worked,73,53,20
E01001690,Part-time: 16 to 30 hours worked,159,174,-15
E01001692,Full-time: 31 to 48 hours worked,343,318,25
E01001692,Full-time: 49 or more hours worked,62,59,3
E01001692,Part-time: 15 hours or less worked,51,50,1
E01001692,Part-time: 16 to 30 hours worked,131,111,20
E01001693,Full-time: 31 to 48 hours worked,369,349,20
E01001693,Full-time: 49 or more hours worked,37,64,-27
E01001693,Part-time: 15 hours or less worked,58,50,8
E01001693,Part-time: 16 to 30 hours worked,146,159,-13
E01001694,Full-time: 31 to 48 hours worked,480,441,39
E01001694,Full-time: 49 or more hours worked,69,82,-13
E01001694,Part-time: 15 hours or less worked,100,62,38
E01001694,Part-time: 16 to 30 hours worked,162,157,5
E01001695,Full-time: 31 to 48 hours worked,505,348,157
E01001695,Full-time: 49 or more hours worked,55,65,-10
E01001695,Part-time: 15 hours or less worked,59,90,-31
E01001695,Part-time: 16 to 30 hours worked,150,158,-8
E01001696,Full-time: 31 to 48 hours worked,912,234,678
E01001696,Full-time: 49 or more hours worked,149,65,84
E01001696,Part-time: 15 hours or less worked,123,53,70
E01001696,Part-time: 16 to 30 hours worked,213,132,81
E01001697,Full-time: 31 to 48 hours worked,782,486,296
E01001697,Full-time: 49 or more hours worked,102,89,13
E01001697,Part-time: 15 hours or less worked,166,103,63
E01001697,Part-time: 16 to 30 hours worked,245,219,26
E01001698,Full-time: 31 to 48 hours worked,459,400,59
E01001698,Full-time: 49 or more hours worked,71,65,6
E01001698,Part-time: 15 hours or less worked,93,73,20
E01001698,Part-time: 16 to 30 hours worked,178,144,34
E01001699,Full-time: 31 to 48 hours worked,474,448,26
E01001699,Full-time: 49 or more hours worked,127,335,-208
E01001699,Part-time: 15 hours or less worked,62,74,-12
E01001699,Part-time: 16 to 30 hours worked,97,130,-33
E01001700,Full-time: 31 to 48 hours worked,596,477,119
E01001700,Full-time: 49 or more hours worked,111,98,13
E01001700,Part-time: 15 hours or less worked,117,86,31
E01001700,Part-time: 16 to 30 hours worked,239,232,7
E01001701,Full-time: 31 to 48 hours worked,556,352,204
E01001701,Full-time: 49 or more hours worked,165,118,47
E01001701,Part-time: 15 hours or less worked,78,36,42
E01001701,Part-time: 16 to 30 hours worked,98,95,3
E01001702,Full-time: 31 to 48 hours worked,339,241,98
E01001702,Full-time: 49 or more hours worked,45,50,-5
E01001702,Part-time: 15 hours or less worked,62,75,-13
E01001702,Part-time: 16 to 30 hours worked,141,163,-22
E01001703,Full-time: 31 to 48 hours worked,436,401,35
E01001703,Full-time: 49 or more hours worked,62,47,15
E01001703,Part-time: 15 hours or less worked,103,81,22
E01001703,Part-time: 16 to 30 hours worked,213,166,47
E01001704,Full-time: 31 to 48 hours worked,459,472,-13
E01001704,Full-time: 49 or more hours worked,76,96,-20
E01001704,Part-time: 15 hours or less worked,94,49,45
E01001704,Part-time: 16 to 30 hours worked,154,152,2
E01001705,Full-time: 31 to 48 hours worked,585,426,159
E01001705,Full-time: 49 or more hours worked,101,55,46
E01001705,Part-time: 15 hours or less worked,104,73,31
E01001705,Part-time: 16 to 30 hours worked,191,168,23
E01001708,Full-time: 31 to 48 hours worked,494,477,17
E01001708,Full-time: 49 or more hours worked,101,95,6
E01001708,Part-time: 15 hours or less worked,103,67,36
E01001708,Part-time: 16 to 30 hours worked,140,133,7
E01001710,Full-time: 31 to 48 hours worked,402,303,99
E01001710,Full-time: 49 or more hours worked,59,33,26
E01001710,Part-time: 15 hours or less worked,73,68,5
E01001710,Part-time: 16 to 30 hours worked,169,153,16
E01001712,Full-time: 31 to 48 hours worked,593,524,69
E01001712,Full-time: 49 or more hours worked,109,131,-22
E01001712,Part-time: 15 hours or less worked,105,59,46
E01001712,Part-time: 16 to 30 hours worked,172,156,16
E01001714,Full-time: 31 to 48 hours worked,657,387,270
E01001714,Full-time: 49 or more hours worked,147,78,69
E01001714,Part-time: 15 hours or less worked,121,62,59
E01001714,Part-time: 16 to 30 hours worked,188,129,59
E01001715,Full-time: 31 to 48 hours worked,597,663,-66
E01001715,Full-time: 49 or more hours worked,111,143,-32
E01001715,Part-time: 15 hours or less worked,77,49,28
E01001715,Part-time: 16 to 30 hours worked,102,98,4
E01001716,Full-time: 31 to 48 hours worked,556,477,79
E01001716,Full-time: 49 or more hours worked,112,100,12
E01001716,Part-time: 15 hours or less worked,90,64,26
E01001716,Part-time: 16 to 30 hours worked,123,104,19
E01001717,Full-time: 31 to 48 hours worked,370,376,-6
E01001717,Full-time: 49 or more hours worked,55,79,-24
E01001717,Part-time: 15 hours or less worked,75,40,35
E01001717,Part-time: 16 to 30 hours worked,113,94,19
E01001718,Full-time: 31 to 48 hours worked,724,764,-40
E01001718,Full-time: 49 or more hours worked,212,298,-86
E01001718,Part-time: 15 hours or less worked,109,92,17
E01001718,Part-time: 16 to 30 hours worked,143,130,13
E01001719,Full-time: 31 to 48 hours worked,573,330,243
E01001719,Full-time: 49 or more hours worked,106,63,43
E01001719,Part-time: 15 hours or less worked,79,50,29
E01001719,Part-time: 16 to 30 hours worked,127,99,28
E01001720,Full-time: 31 to 48 hours worked,703,768,-65
E01001720,Full-time: 49 or more hours worked,195,258,-63
E01001720,Part-time: 15 hours or less worked,85,79,6
E01001720,Part-time: 16 to 30 hours worked,128,132,-4
E01001722,Full-time: 31 to 48 hours worked,495,500,-5
E01001722,Full-time: 49 or more hours worked,88,106,-18
E01001722,Part-time: 15 hours or less worked,143,91,52
E01001722,Part-time: 16 to 30 hours worked,271,190,81
E01001723,Full-time: 31 to 48 hours worked,531,559,-28
E01001723,Full-time: 49 or more hours worked,118,115,3
E01001723,Part-time: 15 hours or less worked,130,105,25
E01001723,Part-time: 16 to 30 hours worked,231,219,12
E01001724,Full-time: 31 to 48 hours worked,1002,809,193
E01001724,Full-time: 49 or more hours worked,191,215,-24
E01001724,Part-time: 15 hours or less worked,177,109,68
E01001724,Part-time: 16 to 30 hours worked,360,229,131
E01001725,Full-time: 31 to 48 hours worked,246,315,-69
E01001725,Full-time: 49 or more hours worked,48,60,-12
E01001725,Part-time: 15 hours or less worked,106,55,51
E01001725,Part-time: 16 to 30 hours worked,296,217,79
E01001726,Full-time: 31 to 48 hours worked,244,252,-8
E01001726,Full-time: 49 or more hours worked,50,53,-3
E01001726,Part-time: 15 hours or less worked,85,46,39
E01001726,Part-time: 16 to 30 hours worked,154,172,-18
E01001727,Full-time: 31 to 48 hours worked,330,393,-63
E01001727,Full-time: 49 or more hours worked,45,90,-45
E01001727,Part-time: 15 hours or less worked,127,80,47
E01001727,Part-time: 16 to 30 hours worked,285,223,62
E01001728,Full-time: 31 to 48 hours worked,212,218,-6
E01001728,Full-time: 49 or more hours worked,29,31,-2
E01001728,Part-time: 15 hours or less worked,129,93,36
E01001728,Part-time: 16 to 30 hours worked,342,277,65
E01001729,Full-time: 31 to 48 hours worked,510,490,20
E01001729,Full-time: 49 or more hours worked,84,75,9
E01001729,Part-time: 15 hours or less worked,100,69,31
E01001729,Part-time: 16 to 30 hours worked,176,175,1
E01001730,Full-time: 31 to 48 hours worked,693,405,288
E01001730,Full-time: 49 or more hours worked,115,60,55
E01001730,Part-time: 15 hours or less worked,153,68,85
E01001730,Part-time: 16 to 30 hours worked,253,152,101
E01001731,Full-time: 31 to 48 hours worked,914,700,214
E01001731,Full-time: 49 or more hours worked,180,136,44
E01001731,Part-time: 15 hours or less worked,177,91,86
E01001731,Part-time: 16 to 30 hours worked,241,218,23
E01001732,Full-time: 31 to 48 hours worked,444,368,76
E01001732,Full-time: 49 or more hours worked,87,70,17
E01001732,Part-time: 15 hours or less worked,99,58,41
E01001732,Part-time: 16 to 30 hours worked,197,137,60
E01001733,Full-time: 31 to 48 hours worked,633,539,94
E01001733,Full-time: 49 or more hours worked,154,133,21
E01001733,Part-time: 15 hours or less worked,107,88,19
E01001733,Part-time: 16 to 30 hours worked,193,199,-6
E01001734,Full-time: 31 to 48 hours worked,659,585,74
E01001734,Full-time: 49 or more hours worked,147,121,26
E01001734,Part-time: 15 hours or less worked,103,78,25
E01001734,Part-time: 16 to 30 hours worked,201,208,-7
E01001735,Full-time: 31 to 48 hours worked,504,468,36
E01001735,Full-time: 49 or more hours worked,100,110,-10
E01001735,Part-time: 15 hours or less worked,61,59,2
E01001735,Part-time: 16 to 30 hours worked,134,136,-2
E01001736,Full-time: 31 to 48 hours worked,612,581,31
E01001736,Full-time: 49 or more hours worked,135,133,2
E01001736,Part-time: 15 hours or less worked,72,56,16
E01001736,Part-time: 16 to 30 hours worked,131,156,-25
E01001737,Full-time: 31 to 48 hours worked,620,676,-56
E01001737,Full-time: 49 or more hours worked,159,202,-43
E01001737,Part-time: 15 hours or less worked,98,63,35
E01001737,Part-time: 16 to 30 hours worked,158,173,-15
E01001738,Full-time: 31 to 48 hours worked,627,649,-22
E01001738,Full-time: 49 or more hours worked,163,169,-6
E01001738,Part-time: 15 hours or less worked,110,59,51
E01001738,Part-time: 16 to 30 hours worked,162,164,-2
E01001739,Full-time: 31 to 48 hours worked,747,762,-15
E01001739,Full-time: 49 or more hours worked,199,203,-4
E01001739,Part-time: 15 hours or less worked,82,80,2
E01001739,Part-time: 16 to 30 hours worked,209,191,18
E01001740,Full-time: 31 to 48 hours worked,433,341,92
E01001740,Full-time: 49 or more hours worked,66,70,-4
E01001740,Part-time: 15 hours or less worked,90,61,29
E01001740,Part-time: 16 to 30 hours worked,148,152,-4
E01001741,Full-time: 31 to 48 hours worked,491,483,8
E01001741,Full-time: 49 or more hours worked,137,173,-36
E01001741,Part-time: 15 hours or less worked,81,69,12
E01001741,Part-time: 16 to 30 hours worked,133,144,-11
E01001742,Full-time: 31 to 48 hours worked,625,560,65
E01001742,Full-time: 49 or more hours worked,111,153,-42
E01001742,Part-time: 15 hours or less worked,87,67,20
E01001742,Part-time: 16 to 30 hours worked,148,175,-27
E01001744,Full-time: 31 to 48 hours worked,623,536,87
E01001744,Full-time: 49 or more hours worked,172,163,9
E01001744,Part-time: 15 hours or less worked,107,86,21
E01001744,Part-time: 16 to 30 hours worked,152,184,-32
E01001745,Full-time: 31 to 48 hours worked,623,601,22
E01001745,Full-time: 49 or more hours worked,126,161,-35
E01001745,Part-time: 15 hours or less worked,119,107,12
E01001745,Part-time: 16 to 30 hours worked,204,201,3
E01001746,Full-time: 31 to 48 hours worked,378,319,59
E01001746,Full-time: 49 or more hours worked,46,59,-13
E01001746,Part-time: 15 hours or less worked,86,51,35
E01001746,Part-time: 16 to 30 hours worked,164,177,-13
E01001747,Full-time: 31 to 48 hours worked,881,742,139
E01001747,Full-time: 49 or more hours worked,212,203,9
E01001747,Part-time: 15 hours or less worked,119,98,21
E01001747,Part-time: 16 to 30 hours worked,210,186,24
E01001749,Full-time: 31 to 48 hours worked,517,643,-126
E01001749,Full-time: 49 or more hours worked,156,203,-47
E01001749,Part-time: 15 hours or less worked,88,65,23
E01001749,Part-time: 16 to 30 hours worked,115,146,-31
E01001750,Full-time: 31 to 48 hours worked,749,559,190
E01001750,Full-time: 49 or more hours worked,191,208,-17
E01001750,Part-time: 15 hours or less worked,108,66,42
E01001750,Part-time: 16 to 30 hours worked,176,172,4
E01001751,Full-time: 31 to 48 hours worked,552,596,-44
E01001751,Full-time: 49 or more hours worked,241,291,-50
E01001751,Part-time: 15 hours or less worked,53,49,4
E01001751,Part-time: 16 to 30 hours worked,91,129,-38
E01001753,Full-time: 31 to 48 hours worked,341,354,-13
E01001753,Full-time: 49 or more hours worked,75,67,8
E01001753,Part-time: 15 hours or less worked,91,58,33
E01001753,Part-time: 16 to 30 hours worked,150,146,4
E01001755,Full-time: 31 to 48 hours worked,502,446,56
E01001755,Full-time: 49 or more hours worked,96,84,12
E01001755,Part-time: 15 hours or less worked,81,74,7
E01001755,Part-time: 16 to 30 hours worked,161,159,2
E01001756,Full-time: 31 to 48 hours worked,795,848,-53
E01001756,Full-time: 49 or more hours worked,281,289,-8
E01001756,Part-time: 15 hours or less worked,96,79,17
E01001756,Part-time: 16 to 30 hours worked,146,185,-39
E01001757,Full-time: 31 to 48 hours worked,360,404,-44
E01001757,Full-time: 49 or more hours worked,46,54,-8
E01001757,Part-time: 15 hours or less worked,103,66,37
E01001757,Part-time: 16 to 30 hours worked,174,192,-18
E01001758,Full-time: 31 to 48 hours worked,721,575,146
E01001758,Full-time: 49 or more hours worked,161,110,51
E01001758,Part-time: 15 hours or less worked,142,74,68
E01001758,Part-time: 16 to 30 hours worked,227,172,55
E01001759,Full-time: 31 to 48 hours worked,557,541,16
E01001759,Full-time: 49 or more hours worked,132,144,-12
E01001759,Part-time: 15 hours or less worked,73,79,-6
E01001759,Part-time: 16 to 30 hours worked,150,158,-8
E01001760,Full-time: 31 to 48 hours worked,705,587,118
E01001760,Full-time: 49 or more hours worked,133,129,4
E01001760,Part-time: 15 hours or less worked,112,70,42
E01001760,Part-time: 16 to 30 hours worked,168,159,9
E01001761,Full-time: 31 to 48 hours worked,521,517,4
E01001761,Full-time: 49 or more hours worked,120,129,-9
E01001761,Part-time: 15 hours or less worked,100,74,26
E01001761,Part-time: 16 to 30 hours worked,154,175,-21
E01001762,Full-time: 31 to 48 hours worked,641,611,30
E01001762,Full-time: 49 or more hours worked,179,211,-32
E01001762,Part-time: 15 hours or less worked,89,75,14
E01001762,Part-time: 16 to 30 hours worked,173,170,3
E01001763,Full-time: 31 to 48 hours worked,557,483,74
E01001763,Full-time: 49 or more hours worked,137,142,-5
E01001763,Part-time: 15 hours or less worked,91,79,12
E01001763,Part-time: 16 to 30 hours worked,173,137,36
E01001764,Full-time: 31 to 48 hours worked,478,523,-45
E01001764,Full-time: 49 or more hours worked,111,99,12
E01001764,Part-time: 15 hours or less worked,114,68,46
E01001764,Part-time: 16 to 30 hours worked,198,157,41
E01001765,Full-time: 31 to 48 hours worked,376,324,52
E01001765,Full-time: 49 or more hours worked,71,40,31
E01001765,Part-time: 15 hours or less worked,84,76,8
E01001765,Part-time: 16 to 30 hours worked,214,151,63
E01001767,Full-time: 31 to 48 hours worked,506,450,56
E01001767,Full-time: 49 or more hours worked,109,108,1
E01001767,Part-time: 15 hours or less worked,79,67,12
E01001767,Part-time: 16 to 30 hours worked,154,167,-13
E01001768,Full-time: 31 to 48 hours worked,666,615,51
E01001768,Full-time: 49 or more hours worked,135,153,-18
E01001768,Part-time: 15 hours or less worked,102,78,24
E01001768,Part-time: 16 to 30 hours worked,173,188,-15
E01001769,Full-time: 31 to 48 hours worked,512,577,-65
E01001769,Full-time: 49 or more hours worked,108,105,3
E01001769,Part-time: 15 hours or less worked,102,72,30
E01001769,Part-time: 16 to 30 hours worked,145,144,1
E01001770,Full-time: 31 to 48 hours worked,452,395,57
E01001770,Full-time: 49 or more hours worked,97,85,12
E01001770,Part-time: 15 hours or less worked,108,79,29
E01001770,Part-time: 16 to 30 hours worked,160,171,-11
E01001772,Full-time: 31 to 48 hours worked,511,220,291
E01001772,Full-time: 49 or more hours worked,128,50,78
E01001772,Part-time: 15 hours or less worked,80,41,39
E01001772,Part-time: 16 to 30 hours worked,160,104,56
E01001773,Full-time: 31 to 48 hours worked,929,543,386
E01001773,Full-time: 49 or more hours worked,215,196,19
E01001773,Part-time: 15 hours or less worked,113,69,44
E01001773,Part-time: 16 to 30 hours worked,203,157,46
E01001774,Full-time: 31 to 48 hours worked,731,659,72
E01001774,Full-time: 49 or more hours worked,168,206,-38
E01001774,Part-time: 15 hours or less worked,101,72,29
E01001774,Part-time: 16 to 30 hours worked,149,174,-25
E01001775,Full-time: 31 to 48 hours worked,474,452,22
E01001775,Full-time: 49 or more hours worked,91,114,-23
E01001775,Part-time: 15 hours or less worked,86,63,23
E01001775,Part-time: 16 to 30 hours worked,132,116,16
E01001776,Full-time: 31 to 48 hours worked,568,376,192
E01001776,Full-time: 49 or more hours worked,113,92,21
E01001776,Part-time: 15 hours or less worked,84,47,37
E01001776,Part-time: 16 to 30 hours worked,142,109,33
E01001777,Full-time: 31 to 48 hours worked,907,753,154
E01001777,Full-time: 49 or more hours worked,316,218,98
E01001777,Part-time: 15 hours or less worked,135,86,49
E01001777,Part-time: 16 to 30 hours worked,225,171,54
E01001780,Full-time: 31 to 48 hours worked,567,484,83
E01001780,Full-time: 49 or more hours worked,146,186,-40
E01001780,Part-time: 15 hours or less worked,82,52,30
E01001780,Part-time: 16 to 30 hours worked,176,162,14
E01001781,Full-time: 31 to 48 hours worked,418,360,58
E01001781,Full-time: 49 or more hours worked,70,97,-27
E01001781,Part-time: 15 hours or less worked,91,82,9
E01001781,Part-time: 16 to 30 hours worked,167,123,44
E01001783,Full-time: 31 to 48 hours worked,398,400,-2
E01001783,Full-time: 49 or more hours worked,87,89,-2
E01001783,Part-time: 15 hours or less worked,79,98,-19
E01001783,Part-time: 16 to 30 hours worked,151,168,-17
E01001784,Full-time: 31 to 48 hours worked,518,539,-21
E01001784,Full-time: 49 or more hours worked,133,143,-10
E01001784,Part-time: 15 hours or less worked,98,115,-17
E01001784,Part-time: 16 to 30 hours worked,126,172,-46
E01001785,Full-time: 31 to 48 hours worked,470,397,73
E01001785,Full-time: 49 or more hours worked,86,96,-10
E01001785,Part-time: 15 hours or less worked,100,56,44
E01001785,Part-time: 16 to 30 hours worked,127,135,-8
E01001786,Full-time: 31 to 48 hours worked,594,382,212
E01001786,Full-time: 49 or more hours worked,97,50,47
E01001786,Part-time: 15 hours or less worked,115,57,58
E01001786,Part-time: 16 to 30 hours worked,202,166,36
E01001787,Full-time: 31 to 48 hours worked,375,258,117
E01001787,Full-time: 49 or more hours worked,41,57,-16
E01001787,Part-time: 15 hours or less worked,93,53,40
E01001787,Part-time: 16 to 30 hours worked,177,103,74
E01001788,Full-time: 31 to 48 hours worked,308,279,29
E01001788,Full-time: 49 or more hours worked,61,49,12
E01001788,Part-time: 15 hours or less worked,99,50,49
E01001788,Part-time: 16 to 30 hours worked,119,114,5
E01001789,Full-time: 31 to 48 hours worked,490,466,24
E01001789,Full-time: 49 or more hours worked,107,127,-20
E01001789,Part-time: 15 hours or less worked,95,97,-2
E01001789,Part-time: 16 to 30 hours worked,170,181,-11
E01001790,Full-time: 31 to 48 hours worked,310,249,61
E01001790,Full-time: 49 or more hours worked,56,36,20
E01001790,Part-time: 15 hours or less worked,99,60,39
E01001790,Part-time: 16 to 30 hours worked,140,120,20
E01001791,Full-time: 31 to 48 hours worked,353,314,39
E01001791,Full-time: 49 or more hours worked,90,71,19
E01001791,Part-time: 15 hours or less worked,69,70,-1
E01001791,Part-time: 16 to 30 hours worked,140,149,-9
E01001792,Full-time: 31 to 48 hours worked,528,489,39
E01001792,Full-time: 49 or more hours worked,102,90,12
E01001792,Part-time: 15 hours or less worked,120,84,36
E01001792,Part-time: 16 to 30 hours worked,170,153,17
E01001793,Full-time: 31 to 48 hours worked,522,558,-36
E01001793,Full-time: 49 or more hours worked,96,114,-18
E01001793,Part-time: 15 hours or less worked,104,68,36
E01001793,Part-time: 16 to 30 hours worked,161,167,-6
E01001794,Full-time: 31 to 48 hours worked,667,559,108
E01001794,Full-time: 49 or more hours worked,119,136,-17
E01001794,Part-time: 15 hours or less worked,106,88,18
E01001794,Part-time: 16 to 30 hours worked,150,178,-28
E01001795,Full-time: 31 to 48 hours worked,440,455,-15
E01001795,Full-time: 49 or more hours worked,106,114,-8
E01001795,Part-time: 15 hours or less worked,79,55,24
E01001795,Part-time: 16 to 30 hours worked,121,150,-29
E01001796,Full-time: 31 to 48 hours worked,562,546,16
E01001796,Full-time: 49 or more hours worked,130,108,22
E01001796,Part-time: 15 hours or less worked,79,71,8
E01001796,Part-time: 16 to 30 hours worked,133,175,-42
E01001798,Full-time: 31 to 48 hours worked,512,362,150
E01001798,Full-time: 49 or more hours worked,61,63,-2
E01001798,Part-time: 15 hours or less worked,135,73,62
E01001798,Part-time: 16 to 30 hours worked,259,159,100
E01001799,Full-time: 31 to 48 hours worked,228,193,35
E01001799,Full-time: 49 or more hours worked,38,50,-12
E01001799,Part-time: 15 hours or less worked,77,43,34
E01001799,Part-time: 16 to 30 hours worked,273,156,117
E01001800,Full-time: 31 to 48 hours worked,228,293,-65
E01001800,Full-time: 49 or more hours worked,24,50,-26
E01001800,Part-time: 15 hours or less worked,97,91,6
E01001800,Part-time: 16 to 30 hours worked,303,256,47
E01001801,Full-time: 31 to 48 hours worked,259,259,0
E01001801,Full-time: 49 or more hours worked,75,91,-16
E01001801,Part-time: 15 hours or less worked,72,72,0
E01001801,Part-time: 16 to 30 hours worked,189,166,23
E01001802,Full-time: 31 to 48 hours worked,265,239,26
E01001802,Full-time: 49 or more hours worked,53,35,18
E01001802,Part-time: 15 hours or less worked,104,52,52
E01001802,Part-time: 16 to 30 hours worked,181,156,25
E01001803,Full-time: 31 to 48 hours worked,625,543,82
E01001803,Full-time: 49 or more hours worked,159,152,7
E01001803,Part-time: 15 hours or less worked,108,68,40
E01001803,Part-time: 16 to 30 hours worked,184,190,-6
E01001804,Full-time: 31 to 48 hours worked,196,261,-65
E01001804,Full-time: 49 or more hours worked,41,46,-5
E01001804,Part-time: 15 hours or less worked,100,57,43
E01001804,Part-time: 16 to 30 hours worked,278,181,97
E01001805,Full-time: 31 to 48 hours worked,363,436,-73
E01001805,Full-time: 49 or more hours worked,83,113,-30
E01001805,Part-time: 15 hours or less worked,81,51,30
E01001805,Part-time: 16 to 30 hours worked,127,134,-7
E01001806,Full-time: 31 to 48 hours worked,452,470,-18
E01001806,Full-time: 49 or more hours worked,91,126,-35
E01001806,Part-time: 15 hours or less worked,81,60,21
E01001806,Part-time: 16 to 30 hours worked,155,132,23
E01001807,Full-time: 31 to 48 hours worked,346,407,-61
E01001807,Full-time: 49 or more hours worked,67,102,-35
E01001807,Part-time: 15 hours or less worked,96,58,38
E01001807,Part-time: 16 to 30 hours worked,271,213,58
E01001808,Full-time: 31 to 48 hours worked,150,232,-82
E01001808,Full-time: 49 or more hours worked,53,60,-7
E01001808,Part-time: 15 hours or less worked,122,72,50
E01001808,Part-time: 16 to 30 hours worked,317,291,26
E01001809,Full-time: 31 to 48 hours worked,219,296,-77
E01001809,Full-time: 49 or more hours worked,35,63,-28
E01001809,Part-time: 15 hours or less worked,91,85,6
E01001809,Part-time: 16 to 30 hours worked,357,234,123
E01001811,Full-time: 31 to 48 hours worked,430,301,129
E01001811,Full-time: 49 or more hours worked,61,34,27
E01001811,Part-time: 15 hours or less worked,87,67,20
E01001811,Part-time: 16 to 30 hours worked,168,150,18
E01001812,Full-time: 31 to 48 hours worked,220,274,-54
E01001812,Full-time: 49 or more hours worked,35,58,-23
E01001812,Part-time: 15 hours or less worked,98,71,27
E01001812,Part-time: 16 to 30 hours worked,262,217,45
E01001813,Full-time: 31 to 48 hours worked,361,251,110
E01001813,Full-time: 49 or more hours worked,53,51,2
E01001813,Part-time: 15 hours or less worked,112,70,42
E01001813,Part-time: 16 to 30 hours worked,171,117,54
E01001814,Full-time: 31 to 48 hours worked,249,361,-112
E01001814,Full-time: 49 or more hours worked,52,64,-12
E01001814,Part-time: 15 hours or less worked,105,70,35
E01001814,Part-time: 16 to 30 hours worked,293,201,92
E01001815,Full-time: 31 to 48 hours worked,427,449,-22
E01001815,Full-time: 49 or more hours worked,87,99,-12
E01001815,Part-time: 15 hours or less worked,88,69,19
E01001815,Part-time: 16 to 30 hours worked,144,117,27
E01001816,Full-time: 31 to 48 hours worked,422,483,-61
E01001816,Full-time: 49 or more hours worked,135,133,2
E01001816,Part-time: 15 hours or less worked,85,59,26
E01001816,Part-time: 16 to 30 hours worked,151,130,21
E01001819,Full-time: 31 to 48 hours worked,431,478,-47
E01001819,Full-time: 49 or more hours worked,149,165,-16
E01001819,Part-time: 15 hours or less worked,77,60,17
E01001819,Part-time: 16 to 30 hours worked,143,139,4
E01001820,Full-time: 31 to 48 hours worked,382,367,15
E01001820,Full-time: 49 or more hours worked,64,75,-11
E01001820,Part-time: 15 hours or less worked,54,78,-24
E01001820,Part-time: 16 to 30 hours worked,127,118,9
E01001821,Full-time: 31 to 48 hours worked,365,374,-9
E01001821,Full-time: 49 or more hours worked,56,81,-25
E01001821,Part-time: 15 hours or less worked,63,60,3
E01001821,Part-time: 16 to 30 hours worked,140,112,28
E01001822,Full-time: 31 to 48 hours worked,351,283,68
E01001822,Full-time: 49 or more hours worked,51,58,-7
E01001822,Part-time: 15 hours or less worked,113,81,32
E01001822,Part-time: 16 to 30 hours worked,256,191,65
E01001823,Full-time: 31 to 48 hours worked,249,224,25
E01001823,Full-time: 49 or more hours worked,47,37,10
E01001823,Part-time: 15 hours or less worked,96,83,13
E01001823,Part-time: 16 to 30 hours worked,264,237,27
E01001824,Full-time: 31 to 48 hours worked,169,187,-18
E01001824,Full-time: 49 or more hours worked,35,46,-11
E01001824,Part-time: 15 hours or less worked,76,67,9
E01001824,Part-time: 16 to 30 hours worked,258,180,78
E01001825,Full-time: 31 to 48 hours worked,130,151,-21
E01001825,Full-time: 49 or more hours worked,34,38,-4
E01001825,Part-time: 15 hours or less worked,79,63,16
E01001825,Part-time: 16 to 30 hours worked,277,219,58
E01001826,Full-time: 31 to 48 hours worked,167,249,-82
E01001826,Full-time: 49 or more hours worked,43,38,5
E01001826,Part-time: 15 hours or less worked,83,72,11
E01001826,Part-time: 16 to 30 hours worked,267,239,28
E01001827,Full-time: 31 to 48 hours worked,290,287,3
E01001827,Full-time: 49 or more hours worked,36,35,1
E01001827,Part-time: 15 hours or less worked,96,75,21
E01001827,Part-time: 16 to 30 hours worked,204,194,10
E01001828,Full-time: 31 to 48 hours worked,519,409,110
E01001828,Full-time: 49 or more hours worked,61,72,-11
E01001828,Part-time: 15 hours or less worked,135,79,56
E01001828,Part-time: 16 to 30 hours worked,229,199,30
E01001829,Full-time: 31 to 48 hours worked,595,625,-30
E01001829,Full-time: 49 or more hours worked,190,198,-8
E01001829,Part-time: 15 hours or less worked,119,79,40
E01001829,Part-time: 16 to 30 hours worked,128,150,-22
E01001830,Full-time: 31 to 48 hours worked,627,646,-19
E01001830,Full-time: 49 or more hours worked,103,108,-5
E01001830,Part-time: 15 hours or less worked,115,94,21
E01001830,Part-time: 16 to 30 hours worked,180,149,31
E01001831,Full-time: 31 to 48 hours worked,638,643,-5
E01001831,Full-time: 49 or more hours worked,179,178,1
E01001831,Part-time: 15 hours or less worked,91,62,29
E01001831,Part-time: 16 to 30 hours worked,154,126,28
E01001832,Full-time: 31 to 48 hours worked,533,586,-53
E01001832,Full-time: 49 or more hours worked,120,133,-13
E01001832,Part-time: 15 hours or less worked,82,74,8
E01001832,Part-time: 16 to 30 hours worked,184,141,43
E01001833,Full-time: 31 to 48 hours worked,667,652,15
E01001833,Full-time: 49 or more hours worked,173,181,-8
E01001833,Part-time: 15 hours or less worked,134,94,40
E01001833,Part-time: 16 to 30 hours worked,206,195,11
E01001834,Full-time: 31 to 48 hours worked,719,733,-14
E01001834,Full-time: 49 or more hours worked,186,192,-6
E01001834,Part-time: 15 hours or less worked,97,107,-10
E01001834,Part-time: 16 to 30 hours worked,186,198,-12
E01001835,Full-time: 31 to 48 hours worked,475,469,6
E01001835,Full-time: 49 or more hours worked,110,134,-24
E01001835,Part-time: 15 hours or less worked,94,48,46
E01001835,Part-time: 16 to 30 hours worked,117,112,5
E01001836,Full-time: 31 to 48 hours worked,621,588,33
E01001836,Full-time: 49 or more hours worked,136,158,-22
E01001836,Part-time: 15 hours or less worked,94,55,39
E01001836,Part-time: 16 to 30 hours worked,184,149,35
E01001837,Full-time: 31 to 48 hours worked,553,563,-10
E01001837,Full-time: 49 or more hours worked,122,187,-65
E01001837,Part-time: 15 hours or less worked,70,48,22
E01001837,Part-time: 16 to 30 hours worked,112,128,-16
E01001838,Full-time: 31 to 48 hours worked,356,263,93
E01001838,Full-time: 49 or more hours worked,51,59,-8
E01001838,Part-time: 15 hours or less worked,79,71,8
E01001838,Part-time: 16 to 30 hours worked,186,142,44
E01001839,Full-time: 31 to 48 hours worked,962,771,191
E01001839,Full-time: 49 or more hours worked,257,232,25
E01001839,Part-time: 15 hours or less worked,104,91,13
E01001839,Part-time: 16 to 30 hours worked,210,198,12
E01001840,Full-time: 31 to 48 hours worked,392,373,19
E01001840,Full-time: 49 or more hours worked,82,94,-12
E01001840,Part-time: 15 hours or less worked,90,65,25
E01001840,Part-time: 16 to 30 hours worked,155,135,20
E01001841,Full-time: 31 to 48 hours worked,364,407,-43
E01001841,Full-time: 49 or more hours worked,86,108,-22
E01001841,Part-time: 15 hours or less worked,68,51,17
E01001841,Part-time: 16 to 30 hours worked,106,109,-3
E01001842,Full-time: 31 to 48 hours worked,494,412,82
E01001842,Full-time: 49 or more hours worked,87,95,-8
E01001842,Part-time: 15 hours or less worked,81,69,12
E01001842,Part-time: 16 to 30 hours worked,132,141,-9
E01001843,Full-time: 31 to 48 hours worked,359,347,12
E01001843,Full-time: 49 or more hours worked,71,87,-16
E01001843,Part-time: 15 hours or less worked,63,39,24
E01001843,Part-time: 16 to 30 hours worked,113,99,14
E01001844,Full-time: 31 to 48 hours worked,558,573,-15
E01001844,Full-time: 49 or more hours worked,154,173,-19
E01001844,Part-time: 15 hours or less worked,117,82,35
E01001844,Part-time: 16 to 30 hours worked,169,168,1
E01001845,Full-time: 31 to 48 hours worked,398,346,52
E01001845,Full-time: 49 or more hours worked,81,56,25
E01001845,Part-time: 15 hours or less worked,80,51,29
E01001845,Part-time: 16 to 30 hours worked,126,143,-17
E01001846,Full-time: 31 to 48 hours worked,304,310,-6
E01001846,Full-time: 49 or more hours worked,57,47,10
E01001846,Part-time: 15 hours or less worked,60,42,18
E01001846,Part-time: 16 to 30 hours worked,102,94,8
E01001847,Full-time: 31 to 48 hours worked,471,268,203
E01001847,Full-time: 49 or more hours worked,65,77,-12
E01001847,Part-time: 15 hours or less worked,78,50,28
E01001847,Part-time: 16 to 30 hours worked,121,95,26
E01001848,Full-time: 31 to 48 hours worked,464,419,45
E01001848,Full-time: 49 or more hours worked,99,107,-8
E01001848,Part-time: 15 hours or less worked,126,57,69
E01001848,Part-time: 16 to 30 hours worked,167,112,55
E01001849,Full-time: 31 to 48 hours worked,874,712,162
E01001849,Full-time: 49 or more hours worked,175,149,26
E01001849,Part-time: 15 hours or less worked,150,99,51
E01001849,Part-time: 16 to 30 hours worked,220,176,44
E01001850,Full-time: 31 to 48 hours worked,387,340,47
E01001850,Full-time: 49 or more hours worked,55,42,13
E01001850,Part-time: 15 hours or less worked,107,79,28
E01001850,Part-time: 16 to 30 hours worked,178,142,36
E01001851,Full-time: 31 to 48 hours worked,425,505,-80
E01001851,Full-time: 49 or more hours worked,201,297,-96
E01001851,Part-time: 15 hours or less worked,63,56,7
E01001851,Part-time: 16 to 30 hours worked,95,124,-29
E01001852,Full-time: 31 to 48 hours worked,642,768,-126
E01001852,Full-time: 49 or more hours worked,222,307,-85
E01001852,Part-time: 15 hours or less worked,74,61,13
E01001852,Part-time: 16 to 30 hours worked,112,115,-3
E01001853,Full-time: 31 to 48 hours worked,514,530,-16
E01001853,Full-time: 49 or more hours worked,195,279,-84
E01001853,Part-time: 15 hours or less worked,67,48,19
E01001853,Part-time: 16 to 30 hours worked,102,120,-18
E01001854,Full-time: 31 to 48 hours worked,654,648,6
E01001854,Full-time: 49 or more hours worked,189,243,-54
E01001854,Part-time: 15 hours or less worked,92,71,21
E01001854,Part-time: 16 to 30 hours worked,134,122,12
E01001855,Full-time: 31 to 48 hours worked,610,634,-24
E01001855,Full-time: 49 or more hours worked,219,325,-106
E01001855,Part-time: 15 hours or less worked,91,43,48
E01001855,Part-time: 16 to 30 hours worked,113,104,9
E01001856,Full-time: 31 to 48 hours worked,510,341,169
E01001856,Full-time: 49 or more hours worked,151,153,-2
E01001856,Part-time: 15 hours or less worked,72,52,20
E01001856,Part-time: 16 to 30 hours worked,133,101,32
E01001857,Full-time: 31 to 48 hours worked,442,427,15
E01001857,Full-time: 49 or more hours worked,80,119,-39
E01001857,Part-time: 15 hours or less worked,87,56,31
E01001857,Part-time: 16 to 30 hours worked,122,121,1
E01001858,Full-time: 31 to 48 hours worked,518,562,-44
E01001858,Full-time: 49 or more hours worked,113,150,-37
E01001858,Part-time: 15 hours or less worked,116,85,31
E01001858,Part-time: 16 to 30 hours worked,139,137,2
E01001859,Full-time: 31 to 48 hours worked,889,878,11
E01001859,Full-time: 49 or more hours worked,181,219,-38
E01001859,Part-time: 15 hours or less worked,155,95,60
E01001859,Part-time: 16 to 30 hours worked,214,178,36
E01001860,Full-time: 31 to 48 hours worked,518,535,-17
E01001860,Full-time: 49 or more hours worked,116,120,-4
E01001860,Part-time: 15 hours or less worked,99,87,12
E01001860,Part-time: 16 to 30 hours worked,176,161,15
E01001861,Full-time: 31 to 48 hours worked,384,461,-77
E01001861,Full-time: 49 or more hours worked,137,164,-27
E01001861,Part-time: 15 hours or less worked,81,70,11
E01001861,Part-time: 16 to 30 hours worked,116,99,17
E01001862,Full-time: 31 to 48 hours worked,584,598,-14
E01001862,Full-time: 49 or more hours worked,164,173,-9
E01001862,Part-time: 15 hours or less worked,81,55,26
E01001862,Part-time: 16 to 30 hours worked,143,136,7
E01001863,Full-time: 31 to 48 hours worked,481,566,-85
E01001863,Full-time: 49 or more hours worked,157,166,-9
E01001863,Part-time: 15 hours or less worked,85,59,26
E01001863,Part-time: 16 to 30 hours worked,102,109,-7
E01001864,Full-time: 31 to 48 hours worked,472,579,-107
E01001864,Full-time: 49 or more hours worked,146,148,-2
E01001864,Part-time: 15 hours or less worked,85,53,32
E01001864,Part-time: 16 to 30 hours worked,130,119,11
E01001865,Full-time: 31 to 48 hours worked,486,626,-140
E01001865,Full-time: 49 or more hours worked,193,198,-5
E01001865,Part-time: 15 hours or less worked,79,56,23
E01001865,Part-time: 16 to 30 hours worked,120,127,-7
E01001866,Full-time: 31 to 48 hours worked,447,482,-35
E01001866,Full-time: 49 or more hours worked,121,227,-106
E01001866,Part-time: 15 hours or less worked,89,77,12
E01001866,Part-time: 16 to 30 hours worked,119,98,21
E01001867,Full-time: 31 to 48 hours worked,333,343,-10
E01001867,Full-time: 49 or more hours worked,72,157,-85
E01001867,Part-time: 15 hours or less worked,58,61,-3
E01001867,Part-time: 16 to 30 hours worked,78,76,2
E01001868,Full-time: 31 to 48 hours worked,346,380,-34
E01001868,Full-time: 49 or more hours worked,48,86,-38
E01001868,Part-time: 15 hours or less worked,67,55,12
E01001868,Part-time: 16 to 30 hours worked,131,105,26
E01001869,Full-time: 31 to 48 hours worked,326,475,-149
E01001869,Full-time: 49 or more hours worked,172,304,-132
E01001869,Part-time: 15 hours or less worked,77,53,24
E01001869,Part-time: 16 to 30 hours worked,83,109,-26
E01001870,Full-time: 31 to 48 hours worked,640,740,-100
E01001870,Full-time: 49 or more hours worked,170,296,-126
E01001870,Part-time: 15 hours or less worked,85,82,3
E01001870,Part-time: 16 to 30 hours worked,118,118,0
E01001871,Full-time: 31 to 48 hours worked,454,517,-63
E01001871,Full-time: 49 or more hours worked,155,225,-70
E01001871,Part-time: 15 hours or less worked,92,52,40
E01001871,Part-time: 16 to 30 hours worked,96,102,-6
E01001872,Full-time: 31 to 48 hours worked,502,574,-72
E01001872,Full-time: 49 or more hours worked,173,215,-42
E01001872,Part-time: 15 hours or less worked,74,73,1
E01001872,Part-time: 16 to 30 hours worked,85,109,-24
E01001873,Full-time: 31 to 48 hours worked,470,475,-5
E01001873,Full-time: 49 or more hours worked,123,157,-34
E01001873,Part-time: 15 hours or less worked,81,60,21
E01001873,Part-time: 16 to 30 hours worked,112,120,-8
E01001875,Full-time: 31 to 48 hours worked,460,430,30
E01001875,Full-time: 49 or more hours worked,79,64,15
E01001875,Part-time: 15 hours or less worked,96,60,36
E01001875,Part-time: 16 to 30 hours worked,156,145,11
E01001876,Full-time: 31 to 48 hours worked,676,554,122
E01001876,Full-time: 49 or more hours worked,107,109,-2
E01001876,Part-time: 15 hours or less worked,93,92,1
E01001876,Part-time: 16 to 30 hours worked,157,128,29
E01001877,Full-time: 31 to 48 hours worked,433,432,1
E01001877,Full-time: 49 or more hours worked,80,100,-20
E01001877,Part-time: 15 hours or less worked,74,64,10
E01001877,Part-time: 16 to 30 hours worked,134,110,24
E01001878,Full-time: 31 to 48 hours worked,414,377,37
E01001878,Full-time: 49 or more hours worked,79,65,14
E01001878,Part-time: 15 hours or less worked,89,79,10
E01001878,Part-time: 16 to 30 hours worked,132,151,-19
E01001879,Full-time: 31 to 48 hours worked,432,468,-36
E01001879,Full-time: 49 or more hours worked,154,168,-14
E01001879,Part-time: 15 hours or less worked,85,61,24
E01001879,Part-time: 16 to 30 hours worked,121,96,25
E01001880,Full-time: 31 to 48 hours worked,537,513,24
E01001880,Full-time: 49 or more hours worked,168,219,-51
E01001880,Part-time: 15 hours or less worked,61,56,5
E01001880,Part-time: 16 to 30 hours worked,97,97,0
E01001881,Full-time: 31 to 48 hours worked,655,549,106
E01001881,Full-time: 49 or more hours worked,297,320,-23
E01001881,Part-time: 15 hours or less worked,88,58,30
E01001881,Part-time: 16 to 30 hours worked,108,92,16
E01001882,Full-time: 31 to 48 hours worked,597,690,-93
E01001882,Full-time: 49 or more hours worked,264,315,-51
E01001882,Part-time: 15 hours or less worked,69,64,5
E01001882,Part-time: 16 to 30 hours worked,91,93,-2
E01001883,Full-time: 31 to 48 hours worked,559,474,85
E01001883,Full-time: 49 or more hours worked,265,213,52
E01001883,Part-time: 15 hours or less worked,84,66,18
E01001883,Part-time: 16 to 30 hours worked,120,72,48
E01001884,Full-time: 31 to 48 hours worked,580,617,-37
E01001884,Full-time: 49 or more hours worked,164,224,-60
E01001884,Part-time: 15 hours or less worked,102,67,35
E01001884,Part-time: 16 to 30 hours worked,116,102,14
E01001885,Full-time: 31 to 48 hours worked,290,276,14
E01001885,Full-time: 49 or more hours worked,46,38,8
E01001885,Part-time: 15 hours or less worked,73,62,11
E01001885,Part-time: 16 to 30 hours worked,133,104,29
E01001886,Full-time: 31 to 48 hours worked,454,435,19
E01001886,Full-time: 49 or more hours worked,127,151,-24
E01001886,Part-time: 15 hours or less worked,86,59,27
E01001886,Part-time: 16 to 30 hours worked,113,106,7
E01001887,Full-time: 31 to 48 hours worked,440,451,-11
E01001887,Full-time: 49 or more hours worked,88,180,-92
E01001887,Part-time: 15 hours or less worked,94,69,25
E01001887,Part-time: 16 to 30 hours worked,106,100,6
E01001888,Full-time: 31 to 48 hours worked,501,521,-20
E01001888,Full-time: 49 or more hours worked,186,215,-29
E01001888,Part-time: 15 hours or less worked,92,76,16
E01001888,Part-time: 16 to 30 hours worked,86,80,6
E01001889,Full-time: 31 to 48 hours worked,516,505,11
E01001889,Full-time: 49 or more hours worked,171,230,-59
E01001889,Part-time: 15 hours or less worked,74,51,23
E01001889,Part-time: 16 to 30 hours worked,79,69,10
E01001890,Full-time: 31 to 48 hours worked,736,787,-51
E01001890,Full-time: 49 or more hours worked,126,203,-77
E01001890,Part-time: 15 hours or less worked,76,66,10
E01001890,Part-time: 16 to 30 hours worked,108,92,16
E01001891,Full-time: 31 to 48 hours worked,911,880,31
E01001891,Full-time: 49 or more hours worked,302,246,56
E01001891,Part-time: 15 hours or less worked,132,75,57
E01001891,Part-time: 16 to 30 hours worked,158,109,49
E01001892,Full-time: 31 to 48 hours worked,379,400,-21
E01001892,Full-time: 49 or more hours worked,102,150,-48
E01001892,Part-time: 15 hours or less worked,72,51,21
E01001892,Part-time: 16 to 30 hours worked,110,97,13
E01001893,Full-time: 31 to 48 hours worked,422,363,59
E01001893,Full-time: 49 or more hours worked,93,91,2
E01001893,Part-time: 15 hours or less worked,98,54,44
E01001893,Part-time: 16 to 30 hours worked,128,82,46
E01001894,Full-time: 31 to 48 hours worked,508,402,106
E01001894,Full-time: 49 or more hours worked,106,119,-13
E01001894,Part-time: 15 hours or less worked,67,50,17
E01001894,Part-time: 16 to 30 hours worked,93,102,-9
E01001895,Full-time: 31 to 48 hours worked,452,476,-24
E01001895,Full-time: 49 or more hours worked,159,233,-74
E01001895,Part-time: 15 hours or less worked,73,68,5
E01001895,Part-time: 16 to 30 hours worked,127,130,-3
E01001896,Full-time: 31 to 48 hours worked,484,488,-4
E01001896,Full-time: 49 or more hours worked,163,165,-2
E01001896,Part-time: 15 hours or less worked,82,120,-38
E01001896,Part-time: 16 to 30 hours worked,74,88,-14
E01001897,Full-time: 31 to 48 hours worked,373,444,-71
E01001897,Full-time: 49 or more hours worked,149,211,-62
E01001897,Part-time: 15 hours or less worked,72,44,28
E01001897,Part-time: 16 to 30 hours worked,92,112,-20
E01001898,Full-time: 31 to 48 hours worked,699,571,128
E01001898,Full-time: 49 or more hours worked,237,217,20
E01001898,Part-time: 15 hours or less worked,102,73,29
E01001898,Part-time: 16 to 30 hours worked,133,101,32
E01001899,Full-time: 31 to 48 hours worked,501,343,158
E01001899,Full-time: 49 or more hours worked,117,95,22
E01001899,Part-time: 15 hours or less worked,68,40,28
E01001899,Part-time: 16 to 30 hours worked,139,115,24
E01001900,Full-time: 31 to 48 hours worked,471,555,-84
E01001900,Full-time: 49 or more hours worked,98,144,-46
E01001900,Part-time: 15 hours or less worked,87,69,18
E01001900,Part-time: 16 to 30 hours worked,150,122,28
E01001901,Full-time: 31 to 48 hours worked,524,463,61
E01001901,Full-time: 49 or more hours worked,262,310,-48
E01001901,Part-time: 15 hours or less worked,72,48,24
E01001901,Part-time: 16 to 30 hours worked,80,94,-14
E01001902,Full-time: 31 to 48 hours worked,572,590,-18
E01001902,Full-time: 49 or more hours worked,234,299,-65
E01001902,Part-time: 15 hours or less worked,91,60,31
E01001902,Part-time: 16 to 30 hours worked,141,107,34
E01001903,Full-time: 31 to 48 hours worked,455,518,-63
E01001903,Full-time: 49 or more hours worked,131,158,-27
E01001903,Part-time: 15 hours or less worked,79,62,17
E01001903,Part-time: 16 to 30 hours worked,95,109,-14
E01001904,Full-time: 31 to 48 hours worked,588,537,51
E01001904,Full-time: 49 or more hours worked,273,322,-49
E01001904,Part-time: 15 hours or less worked,63,54,9
E01001904,Part-time: 16 to 30 hours worked,84,91,-7
E01001905,Full-time: 31 to 48 hours worked,509,561,-52
E01001905,Full-time: 49 or more hours worked,236,332,-96
E01001905,Part-time: 15 hours or less worked,79,61,18
E01001905,Part-time: 16 to 30 hours worked,95,80,15
E01001906,Full-time: 31 to 48 hours worked,522,570,-48
E01001906,Full-time: 49 or more hours worked,211,287,-76
E01001906,Part-time: 15 hours or less worked,79,45,34
E01001906,Part-time: 16 to 30 hours worked,72,80,-8
E01001907,Full-time: 31 to 48 hours worked,367,389,-22
E01001907,Full-time: 49 or more hours worked,188,244,-56
E01001907,Part-time: 15 hours or less worked,66,45,21
E01001907,Part-time: 16 to 30 hours worked,79,66,13
E01001908,Full-time: 31 to 48 hours worked,558,693,-135
E01001908,Full-time: 49 or more hours worked,190,241,-51
E01001908,Part-time: 15 hours or less worked,76,56,20
E01001908,Part-time: 16 to 30 hours worked,105,102,3
E01001909,Full-time: 31 to 48 hours worked,592,620,-28
E01001909,Full-time: 49 or more hours worked,209,256,-47
E01001909,Part-time: 15 hours or less worked,127,73,54
E01001909,Part-time: 16 to 30 hours worked,107,95,12
E01001910,Full-time: 31 to 48 hours worked,517,657,-140
E01001910,Full-time: 49 or more hours worked,159,211,-52
E01001910,Part-time: 15 hours or less worked,76,47,29
E01001910,Part-time: 16 to 30 hours worked,86,109,-23
E01001911,Full-time: 31 to 48 hours worked,450,454,-4
E01001911,Full-time: 49 or more hours worked,71,113,-42
E01001911,Part-time: 15 hours or less worked,92,73,19
E01001911,Part-time: 16 to 30 hours worked,124,144,-20
E01001912,Full-time: 31 to 48 hours worked,340,341,-1
E01001912,Full-time: 49 or more hours worked,54,105,-51
E01001912,Part-time: 15 hours or less worked,72,70,2
E01001912,Part-time: 16 to 30 hours worked,113,108,5
E01001913,Full-time: 31 to 48 hours worked,624,685,-61
E01001913,Full-time: 49 or more hours worked,204,383,-179
E01001913,Part-time: 15 hours or less worked,64,56,8
E01001913,Part-time: 16 to 30 hours worked,73,61,12
E01001914,Full-time: 31 to 48 hours worked,593,714,-121
E01001914,Full-time: 49 or more hours worked,154,259,-105
E01001914,Part-time: 15 hours or less worked,93,58,35
E01001914,Part-time: 16 to 30 hours worked,106,117,-11
E01001915,Full-time: 31 to 48 hours worked,378,353,25
E01001915,Full-time: 49 or more hours worked,213,255,-42
E01001915,Part-time: 15 hours or less worked,67,49,18
E01001915,Part-time: 16 to 30 hours worked,81,81,0
E01001916,Full-time: 31 to 48 hours worked,287,348,-61
E01001916,Full-time: 49 or more hours worked,149,226,-77
E01001916,Part-time: 15 hours or less worked,48,57,-9
E01001916,Part-time: 16 to 30 hours worked,76,88,-12
E01001917,Full-time: 31 to 48 hours worked,423,445,-22
E01001917,Full-time: 49 or more hours worked,153,185,-32
E01001917,Part-time: 15 hours or less worked,66,50,16
E01001917,Part-time: 16 to 30 hours worked,89,102,-13
E01001918,Full-time: 31 to 48 hours worked,452,464,-12
E01001918,Full-time: 49 or more hours worked,182,232,-50
E01001918,Part-time: 15 hours or less worked,79,65,14
E01001918,Part-time: 16 to 30 hours worked,109,87,22
E01001919,Full-time: 31 to 48 hours worked,395,405,-10
E01001919,Full-time: 49 or more hours worked,201,210,-9
E01001919,Part-time: 15 hours or less worked,83,61,22
E01001919,Part-time: 16 to 30 hours worked,90,109,-19
E01001920,Full-time: 31 to 48 hours worked,417,455,-38
E01001920,Full-time: 49 or more hours worked,133,168,-35
E01001920,Part-time: 15 hours or less worked,64,49,15
E01001920,Part-time: 16 to 30 hours worked,118,78,40
E01001921,Full-time: 31 to 48 hours worked,388,415,-27
E01001921,Full-time: 49 or more hours worked,246,308,-62
E01001921,Part-time: 15 hours or less worked,67,56,11
E01001921,Part-time: 16 to 30 hours worked,82,78,4
E01001922,Full-time: 31 to 48 hours worked,427,397,30
E01001922,Full-time: 49 or more hours worked,242,314,-72
E01001922,Part-time: 15 hours or less worked,88,66,22
E01001922,Part-time: 16 to 30 hours worked,90,94,-4
E01001923,Full-time: 31 to 48 hours worked,437,414,23
E01001923,Full-time: 49 or more hours worked,241,274,-33
E01001923,Part-time: 15 hours or less worked,79,51,28
E01001923,Part-time: 16 to 30 hours worked,90,84,6
E01001924,Full-time: 31 to 48 hours worked,403,473,-70
E01001924,Full-time: 49 or more hours worked,294,289,5
E01001924,Part-time: 15 hours or less worked,72,63,9
E01001924,Part-time: 16 to 30 hours worked,92,65,27
E01001925,Full-time: 31 to 48 hours worked,354,378,-24
E01001925,Full-time: 49 or more hours worked,267,311,-44
E01001925,Part-time: 15 hours or less worked,74,54,20
E01001925,Part-time: 16 to 30 hours worked,82,97,-15
E01001926,Full-time: 31 to 48 hours worked,383,433,-50
E01001926,Full-time: 49 or more hours worked,254,315,-61
E01001926,Part-time: 15 hours or less worked,71,49,22
E01001926,Part-time: 16 to 30 hours worked,67,79,-12
E01001927,Full-time: 31 to 48 hours worked,299,387,-88
E01001927,Full-time: 49 or more hours worked,165,171,-6
E01001927,Part-time: 15 hours or less worked,80,88,-8
E01001927,Part-time: 16 to 30 hours worked,92,114,-22
E01001928,Full-time: 31 to 48 hours worked,448,487,-39
E01001928,Full-time: 49 or more hours worked,177,199,-22
E01001928,Part-time: 15 hours or less worked,93,68,25
E01001928,Part-time: 16 to 30 hours worked,126,122,4
E01001929,Full-time: 31 to 48 hours worked,388,393,-5
E01001929,Full-time: 49 or more hours worked,174,216,-42
E01001929,Part-time: 15 hours or less worked,72,47,25
E01001929,Part-time: 16 to 30 hours worked,95,85,10
E01001930,Full-time: 31 to 48 hours worked,444,509,-65
E01001930,Full-time: 49 or more hours worked,150,192,-42
E01001930,Part-time: 15 hours or less worked,97,71,26
E01001930,Part-time: 16 to 30 hours worked,120,118,2
E01001931,Full-time: 31 to 48 hours worked,457,482,-25
E01001931,Full-time: 49 or more hours worked,145,134,11
E01001931,Part-time: 15 hours or less worked,81,66,15
E01001931,Part-time: 16 to 30 hours worked,90,113,-23
E01001932,Full-time: 31 to 48 hours worked,575,596,-21
E01001932,Full-time: 49 or more hours worked,152,203,-51
E01001932,Part-time: 15 hours or less worked,80,66,14
E01001932,Part-time: 16 to 30 hours worked,127,91,36
E01001933,Full-time: 31 to 48 hours worked,429,373,56
E01001933,Full-time: 49 or more hours worked,142,158,-16
E01001933,Part-time: 15 hours or less worked,94,65,29
E01001933,Part-time: 16 to 30 hours worked,111,107,4
E01001934,Full-time: 31 to 48 hours worked,499,418,81
E01001934,Full-time: 49 or more hours worked,170,175,-5
E01001934,Part-time: 15 hours or less worked,113,58,55
E01001934,Part-time: 16 to 30 hours worked,154,116,38
E01001935,Full-time: 31 to 48 hours worked,691,816,-125
E01001935,Full-time: 49 or more hours worked,292,394,-102
E01001935,Part-time: 15 hours or less worked,74,84,-10
E01001935,Part-time: 16 to 30 hours worked,99,150,-51
E01001937,Full-time: 31 to 48 hours worked,521,463,58
E01001937,Full-time: 49 or more hours worked,298,254,44
E01001937,Part-time: 15 hours or less worked,75,61,14
E01001937,Part-time: 16 to 30 hours worked,88,79,9
E01001938,Full-time: 31 to 48 hours worked,473,438,35
E01001938,Full-time: 49 or more hours worked,134,174,-40
E01001938,Part-time: 15 hours or less worked,70,49,21
E01001938,Part-time: 16 to 30 hours worked,127,107,20
E01001940,Full-time: 31 to 48 hours worked,479,533,-54
E01001940,Full-time: 49 or more hours worked,112,147,-35
E01001940,Part-time: 15 hours or less worked,73,55,18
E01001940,Part-time: 16 to 30 hours worked,122,108,14
E01001941,Full-time: 31 to 48 hours worked,675,774,-99
E01001941,Full-time: 49 or more hours worked,157,206,-49
E01001941,Part-time: 15 hours or less worked,79,60,19
E01001941,Part-time: 16 to 30 hours worked,124,110,14
E01001942,Full-time: 31 to 48 hours worked,742,706,36
E01001942,Full-time: 49 or more hours worked,159,211,-52
E01001942,Part-time: 15 hours or less worked,79,56,23
E01001942,Part-time: 16 to 30 hours worked,133,150,-17
E01001943,Full-time: 31 to 48 hours worked,709,702,7
E01001943,Full-time: 49 or more hours worked,194,228,-34
E01001943,Part-time: 15 hours or less worked,128,74,54
E01001943,Part-time: 16 to 30 hours worked,194,131,63
E01001944,Full-time: 31 to 48 hours worked,339,362,-23
E01001944,Full-time: 49 or more hours worked,56,108,-52
E01001944,Part-time: 15 hours or less worked,103,84,19
E01001944,Part-time: 16 to 30 hours worked,159,127,32
E01001945,Full-time: 31 to 48 hours worked,542,597,-55
E01001945,Full-time: 49 or more hours worked,187,199,-12
E01001945,Part-time: 15 hours or less worked,86,84,2
E01001945,Part-time: 16 to 30 hours worked,134,138,-4
E01001946,Full-time: 31 to 48 hours worked,620,572,48
E01001946,Full-time: 49 or more hours worked,231,194,37
E01001946,Part-time: 15 hours or less worked,111,69,42
E01001946,Part-time: 16 to 30 hours worked,130,115,15
E01001947,Full-time: 31 to 48 hours worked,375,341,34
E01001947,Full-time: 49 or more hours worked,57,88,-31
E01001947,Part-time: 15 hours or less worked,78,45,33
E01001947,Part-time: 16 to 30 hours worked,104,121,-17
E01001948,Full-time: 31 to 48 hours worked,582,657,-75
E01001948,Full-time: 49 or more hours worked,314,401,-87
E01001948,Part-time: 15 hours or less worked,70,64,6
E01001948,Part-time: 16 to 30 hours worked,110,118,-8
E01001949,Full-time: 31 to 48 hours worked,448,485,-37
E01001949,Full-time: 49 or more hours worked,281,341,-60
E01001949,Part-time: 15 hours or less worked,69,40,29
E01001949,Part-time: 16 to 30 hours worked,92,89,3
E01001950,Full-time: 31 to 48 hours worked,421,443,-22
E01001950,Full-time: 49 or more hours worked,269,366,-97
E01001950,Part-time: 15 hours or less worked,75,49,26
E01001950,Part-time: 16 to 30 hours worked,69,95,-26
E01001951,Full-time: 31 to 48 hours worked,492,541,-49
E01001951,Full-time: 49 or more hours worked,222,304,-82
E01001951,Part-time: 15 hours or less worked,73,45,28
E01001951,Part-time: 16 to 30 hours worked,97,87,10
E01001952,Full-time: 31 to 48 hours worked,656,658,-2
E01001952,Full-time: 49 or more hours worked,218,323,-105
E01001952,Part-time: 15 hours or less worked,109,60,49
E01001952,Part-time: 16 to 30 hours worked,126,88,38
E01001953,Full-time: 31 to 48 hours worked,554,455,99
E01001953,Full-time: 49 or more hours worked,148,215,-67
E01001953,Part-time: 15 hours or less worked,70,50,20
E01001953,Part-time: 16 to 30 hours worked,84,74,10
E01001954,Full-time: 31 to 48 hours worked,406,425,-19
E01001954,Full-time: 49 or more hours worked,113,137,-24
E01001954,Part-time: 15 hours or less worked,84,58,26
E01001954,Part-time: 16 to 30 hours worked,130,124,6
E01001955,Full-time: 31 to 48 hours worked,552,390,162
E01001955,Full-time: 49 or more hours worked,118,98,20
E01001955,Part-time: 15 hours or less worked,111,72,39
E01001955,Part-time: 16 to 30 hours worked,184,123,61
E01001956,Full-time: 31 to 48 hours worked,422,423,-1
E01001956,Full-time: 49 or more hours worked,99,129,-30
E01001956,Part-time: 15 hours or less worked,77,73,4
E01001956,Part-time: 16 to 30 hours worked,136,109,27
E01001957,Full-time: 31 to 48 hours worked,346,363,-17
E01001957,Full-time: 49 or more hours worked,30,52,-22
E01001957,Part-time: 15 hours or less worked,78,74,4
E01001957,Part-time: 16 to 30 hours worked,164,136,28
E01001958,Full-time: 31 to 48 hours worked,407,340,67
E01001958,Full-time: 49 or more hours worked,51,54,-3
E01001958,Part-time: 15 hours or less worked,105,66,39
E01001958,Part-time: 16 to 30 hours worked,187,182,5
E01001959,Full-time: 31 to 48 hours worked,467,393,74
E01001959,Full-time: 49 or more hours worked,84,75,9
E01001959,Part-time: 15 hours or less worked,104,71,33
E01001959,Part-time: 16 to 30 hours worked,132,126,6
E01001960,Full-time: 31 to 48 hours worked,680,738,-58
E01001960,Full-time: 49 or more hours worked,183,246,-63
E01001960,Part-time: 15 hours or less worked,87,87,0
E01001960,Part-time: 16 to 30 hours worked,143,103,40
E01001961,Full-time: 31 to 48 hours worked,325,276,49
E01001961,Full-time: 49 or more hours worked,41,57,-16
E01001961,Part-time: 15 hours or less worked,91,76,15
E01001961,Part-time: 16 to 30 hours worked,146,133,13
E01001962,Full-time: 31 to 48 hours worked,443,493,-50
E01001962,Full-time: 49 or more hours worked,122,118,4
E01001962,Part-time: 15 hours or less worked,112,81,31
E01001962,Part-time: 16 to 30 hours worked,148,162,-14
E01001963,Full-time: 31 to 48 hours worked,484,491,-7
E01001963,Full-time: 49 or more hours worked,195,183,12
E01001963,Part-time: 15 hours or less worked,99,90,9
E01001963,Part-time: 16 to 30 hours worked,146,179,-33
E01001964,Full-time: 31 to 48 hours worked,484,574,-90
E01001964,Full-time: 49 or more hours worked,101,142,-41
E01001964,Part-time: 15 hours or less worked,103,83,20
E01001964,Part-time: 16 to 30 hours worked,141,145,-4
E01001965,Full-time: 31 to 48 hours worked,443,541,-98
E01001965,Full-time: 49 or more hours worked,152,169,-17
E01001965,Part-time: 15 hours or less worked,103,65,38
E01001965,Part-time: 16 to 30 hours worked,129,145,-16
E01001966,Full-time: 31 to 48 hours worked,350,411,-61
E01001966,Full-time: 49 or more hours worked,117,161,-44
E01001966,Part-time: 15 hours or less worked,108,91,17
E01001966,Part-time: 16 to 30 hours worked,130,127,3
E01001967,Full-time: 31 to 48 hours worked,405,591,-186
E01001967,Full-time: 49 or more hours worked,128,234,-106
E01001967,Part-time: 15 hours or less worked,104,102,2
E01001967,Part-time: 16 to 30 hours worked,116,155,-39
E01001968,Full-time: 31 to 48 hours worked,489,518,-29
E01001968,Full-time: 49 or more hours worked,150,139,11
E01001968,Part-time: 15 hours or less worked,114,68,46
E01001968,Part-time: 16 to 30 hours worked,155,135,20
E01001969,Full-time: 31 to 48 hours worked,526,564,-38
E01001969,Full-time: 49 or more hours worked,116,146,-30
E01001969,Part-time: 15 hours or less worked,145,78,67
E01001969,Part-time: 16 to 30 hours worked,208,178,30
E01001970,Full-time: 31 to 48 hours worked,559,516,43
E01001970,Full-time: 49 or more hours worked,107,102,5
E01001970,Part-time: 15 hours or less worked,145,102,43
E01001970,Part-time: 16 to 30 hours worked,202,202,0
E01001971,Full-time: 31 to 48 hours worked,431,459,-28
E01001971,Full-time: 49 or more hours worked,72,99,-27
E01001971,Part-time: 15 hours or less worked,136,73,63
E01001971,Part-time: 16 to 30 hours worked,216,166,50
E01001972,Full-time: 31 to 48 hours worked,448,484,-36
E01001972,Full-time: 49 or more hours worked,107,105,2
E01001972,Part-time: 15 hours or less worked,104,77,27
E01001972,Part-time: 16 to 30 hours worked,165,155,10
E01001973,Full-time: 31 to 48 hours worked,683,744,-61
E01001973,Full-time: 49 or more hours worked,146,143,3
E01001973,Part-time: 15 hours or less worked,154,91,63
E01001973,Part-time: 16 to 30 hours worked,262,181,81
E01001974,Full-time: 31 to 48 hours worked,741,793,-52
E01001974,Full-time: 49 or more hours worked,115,150,-35
E01001974,Part-time: 15 hours or less worked,175,104,71
E01001974,Part-time: 16 to 30 hours worked,261,226,35
E01001975,Full-time: 31 to 48 hours worked,621,621,0
E01001975,Full-time: 49 or more hours worked,112,130,-18
E01001975,Part-time: 15 hours or less worked,122,75,47
E01001975,Part-time: 16 to 30 hours worked,188,176,12
E01001976,Full-time: 31 to 48 hours worked,539,470,69
E01001976,Full-time: 49 or more hours worked,81,81,0
E01001976,Part-time: 15 hours or less worked,69,65,4
E01001976,Part-time: 16 to 30 hours worked,218,204,14
E01001977,Full-time: 31 to 48 hours worked,397,359,38
E01001977,Full-time: 49 or more hours worked,66,59,7
E01001977,Part-time: 15 hours or less worked,100,52,48
E01001977,Part-time: 16 to 30 hours worked,180,165,15
E01001978,Full-time: 31 to 48 hours worked,453,353,100
E01001978,Full-time: 49 or more hours worked,82,59,23
E01001978,Part-time: 15 hours or less worked,146,60,86
E01001978,Part-time: 16 to 30 hours worked,225,168,57
E01001979,Full-time: 31 to 48 hours worked,586,444,142
E01001979,Full-time: 49 or more hours worked,102,101,1
E01001979,Part-time: 15 hours or less worked,147,84,63
E01001979,Part-time: 16 to 30 hours worked,259,196,63
E01001980,Full-time: 31 to 48 hours worked,570,529,41
E01001980,Full-time: 49 or more hours worked,82,98,-16
E01001980,Part-time: 15 hours or less worked,121,74,47
E01001980,Part-time: 16 to 30 hours worked,176,204,-28
E01001981,Full-time: 31 to 48 hours worked,565,476,89
E01001981,Full-time: 49 or more hours worked,98,87,11
E01001981,Part-time: 15 hours or less worked,127,70,57
E01001981,Part-time: 16 to 30 hours worked,212,159,53
E01001982,Full-time: 31 to 48 hours worked,536,526,10
E01001982,Full-time: 49 or more hours worked,98,100,-2
E01001982,Part-time: 15 hours or less worked,96,76,20
E01001982,Part-time: 16 to 30 hours worked,182,173,9
E01001983,Full-time: 31 to 48 hours worked,512,460,52
E01001983,Full-time: 49 or more hours worked,83,82,1
E01001983,Part-time: 15 hours or less worked,99,61,38
E01001983,Part-time: 16 to 30 hours worked,177,188,-11
E01001984,Full-time: 31 to 48 hours worked,645,633,12
E01001984,Full-time: 49 or more hours worked,130,195,-65
E01001984,Part-time: 15 hours or less worked,102,58,44
E01001984,Part-time: 16 to 30 hours worked,125,133,-8
E01001985,Full-time: 31 to 48 hours worked,513,580,-67
E01001985,Full-time: 49 or more hours worked,176,236,-60
E01001985,Part-time: 15 hours or less worked,87,70,17
E01001985,Part-time: 16 to 30 hours worked,126,138,-12
E01001986,Full-time: 31 to 48 hours worked,488,548,-60
E01001986,Full-time: 49 or more hours worked,155,215,-60
E01001986,Part-time: 15 hours or less worked,87,63,24
E01001986,Part-time: 16 to 30 hours worked,127,176,-49
E01001987,Full-time: 31 to 48 hours worked,553,598,-45
E01001987,Full-time: 49 or more hours worked,178,264,-86
E01001987,Part-time: 15 hours or less worked,106,84,22
E01001987,Part-time: 16 to 30 hours worked,129,151,-22
E01001988,Full-time: 31 to 48 hours worked,596,693,-97
E01001988,Full-time: 49 or more hours worked,156,214,-58
E01001988,Part-time: 15 hours or less worked,116,70,46
E01001988,Part-time: 16 to 30 hours worked,135,142,-7
E01001989,Full-time: 31 to 48 hours worked,527,565,-38
E01001989,Full-time: 49 or more hours worked,175,204,-29
E01001989,Part-time: 15 hours or less worked,99,75,24
E01001989,Part-time: 16 to 30 hours worked,132,155,-23
E01001990,Full-time: 31 to 48 hours worked,791,914,-123
E01001990,Full-time: 49 or more hours worked,207,300,-93
E01001990,Part-time: 15 hours or less worked,130,93,37
E01001990,Part-time: 16 to 30 hours worked,170,181,-11
E01001991,Full-time: 31 to 48 hours worked,535,599,-64
E01001991,Full-time: 49 or more hours worked,134,177,-43
E01001991,Part-time: 15 hours or less worked,99,75,24
E01001991,Part-time: 16 to 30 hours worked,144,131,13
E01001992,Full-time: 31 to 48 hours worked,473,485,-12
E01001992,Full-time: 49 or more hours worked,160,173,-13
E01001992,Part-time: 15 hours or less worked,106,102,4
E01001992,Part-time: 16 to 30 hours worked,114,139,-25
E01001993,Full-time: 31 to 48 hours worked,405,355,50
E01001993,Full-time: 49 or more hours worked,172,193,-21
E01001993,Part-time: 15 hours or less worked,91,93,-2
E01001993,Part-time: 16 to 30 hours worked,132,145,-13
E01001994,Full-time: 31 to 48 hours worked,514,537,-23
E01001994,Full-time: 49 or more hours worked,158,231,-73
E01001994,Part-time: 15 hours or less worked,138,90,48
E01001994,Part-time: 16 to 30 hours worked,141,140,1
E01001995,Full-time: 31 to 48 hours worked,704,601,103
E01001995,Full-time: 49 or more hours worked,158,159,-1
E01001995,Part-time: 15 hours or less worked,146,80,66
E01001995,Part-time: 16 to 30 hours worked,255,211,44
E01001996,Full-time: 31 to 48 hours worked,428,537,-109
E01001996,Full-time: 49 or more hours worked,131,143,-12
E01001996,Part-time: 15 hours or less worked,94,91,3
E01001996,Part-time: 16 to 30 hours worked,125,130,-5
E01001997,Full-time: 31 to 48 hours worked,543,594,-51
E01001997,Full-time: 49 or more hours worked,148,214,-66
E01001997,Part-time: 15 hours or less worked,128,72,56
E01001997,Part-time: 16 to 30 hours worked,173,126,47
E01001998,Full-time: 31 to 48 hours worked,755,797,-42
E01001998,Full-time: 49 or more hours worked,147,194,-47
E01001998,Part-time: 15 hours or less worked,132,81,51
E01001998,Part-time: 16 to 30 hours worked,156,182,-26
E01001999,Full-time: 31 to 48 hours worked,848,698,150
E01001999,Full-time: 49 or more hours worked,144,167,-23
E01001999,Part-time: 15 hours or less worked,125,92,33
E01001999,Part-time: 16 to 30 hours worked,225,176,49
E01002000,Full-time: 31 to 48 hours worked,684,606,78
E01002000,Full-time: 49 or more hours worked,122,162,-40
E01002000,Part-time: 15 hours or less worked,103,66,37
E01002000,Part-time: 16 to 30 hours worked,166,150,16
E01002001,Full-time: 31 to 48 hours worked,636,640,-4
E01002001,Full-time: 49 or more hours worked,124,144,-20
E01002001,Part-time: 15 hours or less worked,109,80,29
E01002001,Part-time: 16 to 30 hours worked,167,141,26
E01002002,Full-time: 31 to 48 hours worked,573,635,-62
E01002002,Full-time: 49 or more hours worked,138,131,7
E01002002,Part-time: 15 hours or less worked,134,74,60
E01002002,Part-time: 16 to 30 hours worked,158,198,-40
E01002003,Full-time: 31 to 48 hours worked,822,564,258
E01002003,Full-time: 49 or more hours worked,141,114,27
E01002003,Part-time: 15 hours or less worked,157,105,52
E01002003,Part-time: 16 to 30 hours worked,297,260,37
E01002004,Full-time: 31 to 48 hours worked,638,645,-7
E01002004,Full-time: 49 or more hours worked,127,141,-14
E01002004,Part-time: 15 hours or less worked,116,87,29
E01002004,Part-time: 16 to 30 hours worked,176,160,16
E01002005,Full-time: 31 to 48 hours worked,643,746,-103
E01002005,Full-time: 49 or more hours worked,176,271,-95
E01002005,Part-time: 15 hours or less worked,97,60,37
E01002005,Part-time: 16 to 30 hours worked,117,155,-38
E01002006,Full-time: 31 to 48 hours worked,620,652,-32
E01002006,Full-time: 49 or more hours worked,185,258,-73
E01002006,Part-time: 15 hours or less worked,82,62,20
E01002006,Part-time: 16 to 30 hours worked,101,100,1
E01002007,Full-time: 31 to 48 hours worked,420,546,-126
E01002007,Full-time: 49 or more hours worked,190,240,-50
E01002007,Part-time: 15 hours or less worked,80,79,1
E01002007,Part-time: 16 to 30 hours worked,116,122,-6
E01002008,Full-time: 31 to 48 hours worked,271,349,-78
E01002008,Full-time: 49 or more hours worked,157,216,-59
E01002008,Part-time: 15 hours or less worked,75,74,1
E01002008,Part-time: 16 to 30 hours worked,91,121,-30
E01002009,Full-time: 31 to 48 hours worked,419,523,-104
E01002009,Full-time: 49 or more hours worked,179,263,-84
E01002009,Part-time: 15 hours or less worked,118,90,28
E01002009,Part-time: 16 to 30 hours worked,117,145,-28
E01002010,Full-time: 31 to 48 hours worked,396,457,-61
E01002010,Full-time: 49 or more hours worked,172,182,-10
E01002010,Part-time: 15 hours or less worked,89,80,9
E01002010,Part-time: 16 to 30 hours worked,115,134,-19
E01002011,Full-time: 31 to 48 hours worked,592,544,48
E01002011,Full-time: 49 or more hours worked,192,253,-61
E01002011,Part-time: 15 hours or less worked,93,72,21
E01002011,Part-time: 16 to 30 hours worked,107,154,-47
E01002013,Full-time: 31 to 48 hours worked,460,578,-118
E01002013,Full-time: 49 or more hours worked,118,172,-54
E01002013,Part-time: 15 hours or less worked,86,64,22
E01002013,Part-time: 16 to 30 hours worked,109,146,-37
E01002014,Full-time: 31 to 48 hours worked,628,635,-7
E01002014,Full-time: 49 or more hours worked,140,173,-33
E01002014,Part-time: 15 hours or less worked,107,58,49
E01002014,Part-time: 16 to 30 hours worked,175,150,25
E01002015,Full-time: 31 to 48 hours worked,362,343,19
E01002015,Full-time: 49 or more hours worked,93,79,14
E01002015,Part-time: 15 hours or less worked,93,41,52
E01002015,Part-time: 16 to 30 hours worked,135,109,26
E01002016,Full-time: 31 to 48 hours worked,639,720,-81
E01002016,Full-time: 49 or more hours worked,185,157,28
E01002016,Part-time: 15 hours or less worked,112,68,44
E01002016,Part-time: 16 to 30 hours worked,171,189,-18
E01002017,Full-time: 31 to 48 hours worked,512,610,-98
E01002017,Full-time: 49 or more hours worked,130,148,-18
E01002017,Part-time: 15 hours or less worked,102,92,10
E01002017,Part-time: 16 to 30 hours worked,145,193,-48
E01002018,Full-time: 31 to 48 hours worked,396,400,-4
E01002018,Full-time: 49 or more hours worked,80,91,-11
E01002018,Part-time: 15 hours or less worked,75,49,26
E01002018,Part-time: 16 to 30 hours worked,128,135,-7
E01002019,Full-time: 31 to 48 hours worked,364,390,-26
E01002019,Full-time: 49 or more hours worked,147,164,-17
E01002019,Part-time: 15 hours or less worked,80,67,13
E01002019,Part-time: 16 to 30 hours worked,103,122,-19
E01002020,Full-time: 31 to 48 hours worked,501,513,-12
E01002020,Full-time: 49 or more hours worked,129,159,-30
E01002020,Part-time: 15 hours or less worked,108,64,44
E01002020,Part-time: 16 to 30 hours worked,151,165,-14
E01002021,Full-time: 31 to 48 hours worked,356,442,-86
E01002021,Full-time: 49 or more hours worked,141,165,-24
E01002021,Part-time: 15 hours or less worked,106,74,32
E01002021,Part-time: 16 to 30 hours worked,103,127,-24
E01002022,Full-time: 31 to 48 hours worked,663,810,-147
E01002022,Full-time: 49 or more hours worked,173,216,-43
E01002022,Part-time: 15 hours or less worked,160,79,81
E01002022,Part-time: 16 to 30 hours worked,173,164,9
E01002023,Full-time: 31 to 48 hours worked,357,420,-63
E01002023,Full-time: 49 or more hours worked,125,192,-67
E01002023,Part-time: 15 hours or less worked,83,61,22
E01002023,Part-time: 16 to 30 hours worked,116,130,-14
E01002024,Full-time: 31 to 48 hours worked,377,398,-21
E01002024,Full-time: 49 or more hours worked,109,133,-24
E01002024,Part-time: 15 hours or less worked,82,61,21
E01002024,Part-time: 16 to 30 hours worked,95,105,-10
E01002025,Full-time: 31 to 48 hours worked,365,486,-121
E01002025,Full-time: 49 or more hours worked,176,222,-46
E01002025,Part-time: 15 hours or less worked,112,76,36
E01002025,Part-time: 16 to 30 hours worked,144,158,-14
E01002026,Full-time: 31 to 48 hours worked,400,341,59
E01002026,Full-time: 49 or more hours worked,53,48,5
E01002026,Part-time: 15 hours or less worked,105,64,41
E01002026,Part-time: 16 to 30 hours worked,205,154,51
E01002027,Full-time: 31 to 48 hours worked,420,453,-33
E01002027,Full-time: 49 or more hours worked,60,76,-16
E01002027,Part-time: 15 hours or less worked,86,74,12
E01002027,Part-time: 16 to 30 hours worked,170,148,22
E01002028,Full-time: 31 to 48 hours worked,500,531,-31
E01002028,Full-time: 49 or more hours worked,97,99,-2
E01002028,Part-time: 15 hours or less worked,105,76,29
E01002028,Part-time: 16 to 30 hours worked,185,187,-2
E01002029,Full-time: 31 to 48 hours worked,561,458,103
E01002029,Full-time: 49 or more hours worked,120,80,40
E01002029,Part-time: 15 hours or less worked,166,75,91
E01002029,Part-time: 16 to 30 hours worked,238,166,72
E01002030,Full-time: 31 to 48 hours worked,535,501,34
E01002030,Full-time: 49 or more hours worked,87,114,-27
E01002030,Part-time: 15 hours or less worked,110,69,41
E01002030,Part-time: 16 to 30 hours worked,147,161,-14
E01002031,Full-time: 31 to 48 hours worked,640,602,38
E01002031,Full-time: 49 or more hours worked,95,88,7
E01002031,Part-time: 15 hours or less worked,115,105,10
E01002031,Part-time: 16 to 30 hours worked,204,212,-8
E01002032,Full-time: 31 to 48 hours worked,482,464,18
E01002032,Full-time: 49 or more hours worked,93,70,23
E01002032,Part-time: 15 hours or less worked,139,77,62
E01002032,Part-time: 16 to 30 hours worked,213,189,24
E01002033,Full-time: 31 to 48 hours worked,489,473,16
E01002033,Full-time: 49 or more hours worked,70,74,-4
E01002033,Part-time: 15 hours or less worked,141,87,54
E01002033,Part-time: 16 to 30 hours worked,174,162,12
E01002034,Full-time: 31 to 48 hours worked,489,320,169
E01002034,Full-time: 49 or more hours worked,87,46,41
E01002034,Part-time: 15 hours or less worked,145,82,63
E01002034,Part-time: 16 to 30 hours worked,290,189,101
E01002036,Full-time: 31 to 48 hours worked,348,283,65
E01002036,Full-time: 49 or more hours worked,56,42,14
E01002036,Part-time: 15 hours or less worked,95,86,9
E01002036,Part-time: 16 to 30 hours worked,221,161,60
E01002037,Full-time: 31 to 48 hours worked,343,304,39
E01002037,Full-time: 49 or more hours worked,62,51,11
E01002037,Part-time: 15 hours or less worked,101,79,22
E01002037,Part-time: 16 to 30 hours worked,181,175,6
E01002038,Full-time: 31 to 48 hours worked,350,290,60
E01002038,Full-time: 49 or more hours worked,58,54,4
E01002038,Part-time: 15 hours or less worked,111,69,42
E01002038,Part-time: 16 to 30 hours worked,204,151,53
E01002039,Full-time: 31 to 48 hours worked,287,210,77
E01002039,Full-time: 49 or more hours worked,39,32,7
E01002039,Part-time: 15 hours or less worked,81,69,12
E01002039,Part-time: 16 to 30 hours worked,180,152,28
E01002040,Full-time: 31 to 48 hours worked,544,457,87
E01002040,Full-time: 49 or more hours worked,97,63,34
E01002040,Part-time: 15 hours or less worked,120,91,29
E01002040,Part-time: 16 to 30 hours worked,240,190,50
E01002041,Full-time: 31 to 48 hours worked,380,369,11
E01002041,Full-time: 49 or more hours worked,82,72,10
E01002041,Part-time: 15 hours or less worked,117,77,40
E01002041,Part-time: 16 to 30 hours worked,226,156,70
E01002042,Full-time: 31 to 48 hours worked,475,456,19
E01002042,Full-time: 49 or more hours worked,93,89,4
E01002042,Part-time: 15 hours or less worked,117,110,7
E01002042,Part-time: 16 to 30 hours worked,168,149,19
E01002043,Full-time: 31 to 48 hours worked,530,575,-45
E01002043,Full-time: 49 or more hours worked,106,102,4
E01002043,Part-time: 15 hours or less worked,114,88,26
E01002043,Part-time: 16 to 30 hours worked,213,203,10
E01002044,Full-time: 31 to 48 hours worked,587,645,-58
E01002044,Full-time: 49 or more hours worked,114,100,14
E01002044,Part-time: 15 hours or less worked,104,95,9
E01002044,Part-time: 16 to 30 hours worked,189,132,57
E01002045,Full-time: 31 to 48 hours worked,514,524,-10
E01002045,Full-time: 49 or more hours worked,80,101,-21
E01002045,Part-time: 15 hours or less worked,133,71,62
E01002045,Part-time: 16 to 30 hours worked,218,231,-13
E01002046,Full-time: 31 to 48 hours worked,418,402,16
E01002046,Full-time: 49 or more hours worked,65,79,-14
E01002046,Part-time: 15 hours or less worked,102,82,20
E01002046,Part-time: 16 to 30 hours worked,175,163,12
E01002047,Full-time: 31 to 48 hours worked,622,545,77
E01002047,Full-time: 49 or more hours worked,103,119,-16
E01002047,Part-time: 15 hours or less worked,121,105,16
E01002047,Part-time: 16 to 30 hours worked,199,175,24
E01002048,Full-time: 31 to 48 hours worked,649,611,38
E01002048,Full-time: 49 or more hours worked,98,119,-21
E01002048,Part-time: 15 hours or less worked,125,75,50
E01002048,Part-time: 16 to 30 hours worked,173,174,-1
E01002049,Full-time: 31 to 48 hours worked,506,473,33
E01002049,Full-time: 49 or more hours worked,88,80,8
E01002049,Part-time: 15 hours or less worked,114,94,20
E01002049,Part-time: 16 to 30 hours worked,185,159,26
E01002050,Full-time: 31 to 48 hours worked,242,320,-78
E01002050,Full-time: 49 or more hours worked,49,32,17
E01002050,Part-time: 15 hours or less worked,89,75,14
E01002050,Part-time: 16 to 30 hours worked,330,222,108
E01002051,Full-time: 31 to 48 hours worked,381,450,-69
E01002051,Full-time: 49 or more hours worked,43,72,-29
E01002051,Part-time: 15 hours or less worked,136,72,64
E01002051,Part-time: 16 to 30 hours worked,263,218,45
E01002052,Full-time: 31 to 48 hours worked,280,259,21
E01002052,Full-time: 49 or more hours worked,55,40,15
E01002052,Part-time: 15 hours or less worked,90,76,14
E01002052,Part-time: 16 to 30 hours worked,393,263,130
E01002053,Full-time: 31 to 48 hours worked,432,415,17
E01002053,Full-time: 49 or more hours worked,64,72,-8
E01002053,Part-time: 15 hours or less worked,126,69,57
E01002053,Part-time: 16 to 30 hours worked,251,179,72
E01002054,Full-time: 31 to 48 hours worked,330,465,-135
E01002054,Full-time: 49 or more hours worked,54,75,-21
E01002054,Part-time: 15 hours or less worked,99,85,14
E01002054,Part-time: 16 to 30 hours worked,221,221,0
E01002055,Full-time: 31 to 48 hours worked,231,321,-90
E01002055,Full-time: 49 or more hours worked,61,49,12
E01002055,Part-time: 15 hours or less worked,115,57,58
E01002055,Part-time: 16 to 30 hours worked,356,195,161
E01002056,Full-time: 31 to 48 hours worked,915,452,463
E01002056,Full-time: 49 or more hours worked,165,83,82
E01002056,Part-time: 15 hours or less worked,186,70,116
E01002056,Part-time: 16 to 30 hours worked,396,172,224
E01002057,Full-time: 31 to 48 hours worked,592,446,146
E01002057,Full-time: 49 or more hours worked,98,93,5
E01002057,Part-time: 15 hours or less worked,126,58,68
E01002057,Part-time: 16 to 30 hours worked,209,158,51
E01002058,Full-time: 31 to 48 hours worked,530,629,-99
E01002058,Full-time: 49 or more hours worked,86,123,-37
E01002058,Part-time: 15 hours or less worked,107,55,52
E01002058,Part-time: 16 to 30 hours worked,181,147,34
E01002059,Full-time: 31 to 48 hours worked,471,513,-42
E01002059,Full-time: 49 or more hours worked,142,141,1
E01002059,Part-time: 15 hours or less worked,83,58,25
E01002059,Part-time: 16 to 30 hours worked,119,126,-7
E01002060,Full-time: 31 to 48 hours worked,617,685,-68
E01002060,Full-time: 49 or more hours worked,168,198,-30
E01002060,Part-time: 15 hours or less worked,103,59,44
E01002060,Part-time: 16 to 30 hours worked,152,158,-6
E01002061,Full-time: 31 to 48 hours worked,668,691,-23
E01002061,Full-time: 49 or more hours worked,158,198,-40
E01002061,Part-time: 15 hours or less worked,82,52,30
E01002061,Part-time: 16 to 30 hours worked,118,127,-9
E01002062,Full-time: 31 to 48 hours worked,686,738,-52
E01002062,Full-time: 49 or more hours worked,179,221,-42
E01002062,Part-time: 15 hours or less worked,115,90,25
E01002062,Part-time: 16 to 30 hours worked,138,176,-38
E01002063,Full-time: 31 to 48 hours worked,522,581,-59
E01002063,Full-time: 49 or more hours worked,152,179,-27
E01002063,Part-time: 15 hours or less worked,88,52,36
E01002063,Part-time: 16 to 30 hours worked,124,126,-2
E01002064,Full-time: 31 to 48 hours worked,511,525,-14
E01002064,Full-time: 49 or more hours worked,104,92,12
E01002064,Part-time: 15 hours or less worked,87,52,35
E01002064,Part-time: 16 to 30 hours worked,135,140,-5
E01002065,Full-time: 31 to 48 hours worked,610,712,-102
E01002065,Full-time: 49 or more hours worked,149,176,-27
E01002065,Part-time: 15 hours or less worked,94,86,8
E01002065,Part-time: 16 to 30 hours worked,148,131,17
E01002066,Full-time: 31 to 48 hours worked,613,449,164
E01002066,Full-time: 49 or more hours worked,121,67,54
E01002066,Part-time: 15 hours or less worked,154,64,90
E01002066,Part-time: 16 to 30 hours worked,302,165,137
E01002067,Full-time: 31 to 48 hours worked,466,411,55
E01002067,Full-time: 49 or more hours worked,83,74,9
E01002067,Part-time: 15 hours or less worked,118,68,50
E01002067,Part-time: 16 to 30 hours worked,223,175,48
E01002068,Full-time: 31 to 48 hours worked,608,542,66
E01002068,Full-time: 49 or more hours worked,129,112,17
E01002068,Part-time: 15 hours or less worked,191,79,112
E01002068,Part-time: 16 to 30 hours worked,263,197,66
E01002069,Full-time: 31 to 48 hours worked,561,517,44
E01002069,Full-time: 49 or more hours worked,114,91,23
E01002069,Part-time: 15 hours or less worked,150,86,64
E01002069,Part-time: 16 to 30 hours worked,239,225,14
E01002070,Full-time: 31 to 48 hours worked,918,614,304
E01002070,Full-time: 49 or more hours worked,181,112,69
E01002070,Part-time: 15 hours or less worked,165,72,93
E01002070,Part-time: 16 to 30 hours worked,262,192,70
E01002071,Full-time: 31 to 48 hours worked,479,353,126
E01002071,Full-time: 49 or more hours worked,69,49,20
E01002071,Part-time: 15 hours or less worked,97,63,34
E01002071,Part-time: 16 to 30 hours worked,182,166,16
E01002072,Full-time: 31 to 48 hours worked,463,447,16
E01002072,Full-time: 49 or more hours worked,82,64,18
E01002072,Part-time: 15 hours or less worked,149,76,73
E01002072,Part-time: 16 to 30 hours worked,174,184,-10
E01002073,Full-time: 31 to 48 hours worked,418,456,-38
E01002073,Full-time: 49 or more hours worked,77,71,6
E01002073,Part-time: 15 hours or less worked,120,64,56
E01002073,Part-time: 16 to 30 hours worked,185,178,7
E01002074,Full-time: 31 to 48 hours worked,485,454,31
E01002074,Full-time: 49 or more hours worked,72,45,27
E01002074,Part-time: 15 hours or less worked,121,62,59
E01002074,Part-time: 16 to 30 hours worked,237,195,42
E01002075,Full-time: 31 to 48 hours worked,459,390,69
E01002075,Full-time: 49 or more hours worked,96,49,47
E01002075,Part-time: 15 hours or less worked,126,75,51
E01002075,Part-time: 16 to 30 hours worked,196,145,51
E01002076,Full-time: 31 to 48 hours worked,475,448,27
E01002076,Full-time: 49 or more hours worked,64,44,20
E01002076,Part-time: 15 hours or less worked,115,61,54
E01002076,Part-time: 16 to 30 hours worked,209,188,21
E01002077,Full-time: 31 to 48 hours worked,567,420,147
E01002077,Full-time: 49 or more hours worked,124,58,66
E01002077,Part-time: 15 hours or less worked,132,90,42
E01002077,Part-time: 16 to 30 hours worked,231,210,21
E01002078,Full-time: 31 to 48 hours worked,889,595,294
E01002078,Full-time: 49 or more hours worked,122,88,34
E01002078,Part-time: 15 hours or less worked,134,83,51
E01002078,Part-time: 16 to 30 hours worked,277,199,78
E01002079,Full-time: 31 to 48 hours worked,446,423,23
E01002079,Full-time: 49 or more hours worked,60,55,5
E01002079,Part-time: 15 hours or less worked,123,54,69
E01002079,Part-time: 16 to 30 hours worked,223,158,65
E01002081,Full-time: 31 to 48 hours worked,446,341,105
E01002081,Full-time: 49 or more hours worked,44,23,21
E01002081,Part-time: 15 hours or less worked,114,63,51
E01002081,Part-time: 16 to 30 hours worked,202,171,31
E01002082,Full-time: 31 to 48 hours worked,273,251,22
E01002082,Full-time: 49 or more hours worked,42,35,7
E01002082,Part-time: 15 hours or less worked,89,75,14
E01002082,Part-time: 16 to 30 hours worked,147,142,5
E01002083,Full-time: 31 to 48 hours worked,462,442,20
E01002083,Full-time: 49 or more hours worked,81,90,-9
E01002083,Part-time: 15 hours or less worked,109,83,26
E01002083,Part-time: 16 to 30 hours worked,152,151,1
E01002084,Full-time: 31 to 48 hours worked,470,514,-44
E01002084,Full-time: 49 or more hours worked,82,85,-3
E01002084,Part-time: 15 hours or less worked,122,81,41
E01002084,Part-time: 16 to 30 hours worked,213,159,54
E01002085,Full-time: 31 to 48 hours worked,639,670,-31
E01002085,Full-time: 49 or more hours worked,108,116,-8
E01002085,Part-time: 15 hours or less worked,145,107,38
E01002085,Part-time: 16 to 30 hours worked,192,196,-4
E01002086,Full-time: 31 to 48 hours worked,546,402,144
E01002086,Full-time: 49 or more hours worked,79,79,0
E01002086,Part-time: 15 hours or less worked,101,57,44
E01002086,Part-time: 16 to 30 hours worked,141,174,-33
E01002087,Full-time: 31 to 48 hours worked,535,452,83
E01002087,Full-time: 49 or more hours worked,112,104,8
E01002087,Part-time: 15 hours or less worked,137,64,73
E01002087,Part-time: 16 to 30 hours worked,218,172,46
E01002088,Full-time: 31 to 48 hours worked,507,542,-35
E01002088,Full-time: 49 or more hours worked,88,127,-39
E01002088,Part-time: 15 hours or less worked,111,78,33
E01002088,Part-time: 16 to 30 hours worked,221,167,54
E01002089,Full-time: 31 to 48 hours worked,259,227,32
E01002089,Full-time: 49 or more hours worked,19,28,-9
E01002089,Part-time: 15 hours or less worked,63,65,-2
E01002089,Part-time: 16 to 30 hours worked,126,149,-23
E01002090,Full-time: 31 to 48 hours worked,450,361,89
E01002090,Full-time: 49 or more hours worked,83,51,32
E01002090,Part-time: 15 hours or less worked,112,74,38
E01002090,Part-time: 16 to 30 hours worked,173,138,35
E01002091,Full-time: 31 to 48 hours worked,391,296,95
E01002091,Full-time: 49 or more hours worked,48,55,-7
E01002091,Part-time: 15 hours or less worked,100,67,33
E01002091,Part-time: 16 to 30 hours worked,203,137,66
E01002092,Full-time: 31 to 48 hours worked,350,386,-36
E01002092,Full-time: 49 or more hours worked,38,56,-18
E01002092,Part-time: 15 hours or less worked,97,64,33
E01002092,Part-time: 16 to 30 hours worked,196,147,49
E01002093,Full-time: 31 to 48 hours worked,356,358,-2
E01002093,Full-time: 49 or more hours worked,36,50,-14
E01002093,Part-time: 15 hours or less worked,83,58,25
E01002093,Part-time: 16 to 30 hours worked,210,151,59
E01002094,Full-time: 31 to 48 hours worked,350,304,46
E01002094,Full-time: 49 or more hours worked,44,40,4
E01002094,Part-time: 15 hours or less worked,91,64,27
E01002094,Part-time: 16 to 30 hours worked,159,162,-3
E01002095,Full-time: 31 to 48 hours worked,402,339,63
E01002095,Full-time: 49 or more hours worked,55,52,3
E01002095,Part-time: 15 hours or less worked,57,68,-11
E01002095,Part-time: 16 to 30 hours worked,184,148,36
E01002096,Full-time: 31 to 48 hours worked,415,310,105
E01002096,Full-time: 49 or more hours worked,43,53,-10
E01002096,Part-time: 15 hours or less worked,82,70,12
E01002096,Part-time: 16 to 30 hours worked,170,135,35
E01002097,Full-time: 31 to 48 hours worked,388,318,70
E01002097,Full-time: 49 or more hours worked,59,60,-1
E01002097,Part-time: 15 hours or less worked,89,79,10
E01002097,Part-time: 16 to 30 hours worked,185,147,38
E01002098,Full-time: 31 to 48 hours worked,516,488,28
E01002098,Full-time: 49 or more hours worked,95,111,-16
E01002098,Part-time: 15 hours or less worked,82,70,12
E01002098,Part-time: 16 to 30 hours worked,148,118,30
E01002099,Full-time: 31 to 48 hours worked,462,448,14
E01002099,Full-time: 49 or more hours worked,56,62,-6
E01002099,Part-time: 15 hours or less worked,131,95,36
E01002099,Part-time: 16 to 30 hours worked,207,176,31
E01002100,Full-time: 31 to 48 hours worked,438,516,-78
E01002100,Full-time: 49 or more hours worked,68,70,-2
E01002100,Part-time: 15 hours or less worked,115,83,32
E01002100,Part-time: 16 to 30 hours worked,200,175,25
E01002101,Full-time: 31 to 48 hours worked,601,596,5
E01002101,Full-time: 49 or more hours worked,107,101,6
E01002101,Part-time: 15 hours or less worked,124,80,44
E01002101,Part-time: 16 to 30 hours worked,200,202,-2
E01002102,Full-time: 31 to 48 hours worked,533,584,-51
E01002102,Full-time: 49 or more hours worked,72,137,-65
E01002102,Part-time: 15 hours or less worked,129,95,34
E01002102,Part-time: 16 to 30 hours worked,174,169,5
E01002103,Full-time: 31 to 48 hours worked,535,556,-21
E01002103,Full-time: 49 or more hours worked,89,97,-8
E01002103,Part-time: 15 hours or less worked,130,91,39
E01002103,Part-time: 16 to 30 hours worked,194,172,22
E01002104,Full-time: 31 to 48 hours worked,411,374,37
E01002104,Full-time: 49 or more hours worked,87,67,20
E01002104,Part-time: 15 hours or less worked,96,71,25
E01002104,Part-time: 16 to 30 hours worked,140,166,-26
E01002105,Full-time: 31 to 48 hours worked,701,700,1
E01002105,Full-time: 49 or more hours worked,110,120,-10
E01002105,Part-time: 15 hours or less worked,147,106,41
E01002105,Part-time: 16 to 30 hours worked,238,201,37
E01002106,Full-time: 31 to 48 hours worked,580,607,-27
E01002106,Full-time: 49 or more hours worked,123,124,-1
E01002106,Part-time: 15 hours or less worked,104,99,5
E01002106,Part-time: 16 to 30 hours worked,181,178,3
E01002107,Full-time: 31 to 48 hours worked,551,524,27
E01002107,Full-time: 49 or more hours worked,108,116,-8
E01002107,Part-time: 15 hours or less worked,85,67,18
E01002107,Part-time: 16 to 30 hours worked,146,173,-27
E01002108,Full-time: 31 to 48 hours worked,573,542,31
E01002108,Full-time: 49 or more hours worked,102,96,6
E01002108,Part-time: 15 hours or less worked,95,60,35
E01002108,Part-time: 16 to 30 hours worked,150,166,-16
E01002109,Full-time: 31 to 48 hours worked,509,494,15
E01002109,Full-time: 49 or more hours worked,155,150,5
E01002109,Part-time: 15 hours or less worked,107,110,-3
E01002109,Part-time: 16 to 30 hours worked,154,183,-29
E01002110,Full-time: 31 to 48 hours worked,507,503,4
E01002110,Full-time: 49 or more hours worked,106,124,-18
E01002110,Part-time: 15 hours or less worked,122,84,38
E01002110,Part-time: 16 to 30 hours worked,148,145,3
E01002111,Full-time: 31 to 48 hours worked,609,590,19
E01002111,Full-time: 49 or more hours worked,156,117,39
E01002111,Part-time: 15 hours or less worked,119,106,13
E01002111,Part-time: 16 to 30 hours worked,200,194,6
E01002112,Full-time: 31 to 48 hours worked,531,501,30
E01002112,Full-time: 49 or more hours worked,172,173,-1
E01002112,Part-time: 15 hours or less worked,106,94,12
E01002112,Part-time: 16 to 30 hours worked,177,162,15
E01002113,Full-time: 31 to 48 hours worked,434,395,39
E01002113,Full-time: 49 or more hours worked,126,131,-5
E01002113,Part-time: 15 hours or less worked,96,73,23
E01002113,Part-time: 16 to 30 hours worked,121,143,-22
E01002114,Full-time: 31 to 48 hours worked,528,499,29
E01002114,Full-time: 49 or more hours worked,114,155,-41
E01002114,Part-time: 15 hours or less worked,110,88,22
E01002114,Part-time: 16 to 30 hours worked,166,123,43
E01002115,Full-time: 31 to 48 hours worked,445,431,14
E01002115,Full-time: 49 or more hours worked,90,101,-11
E01002115,Part-time: 15 hours or less worked,78,63,15
E01002115,Part-time: 16 to 30 hours worked,129,133,-4
E01002116,Full-time: 31 to 48 hours worked,404,473,-69
E01002116,Full-time: 49 or more hours worked,109,125,-16
E01002116,Part-time: 15 hours or less worked,99,87,12
E01002116,Part-time: 16 to 30 hours worked,168,124,44
E01002118,Full-time: 31 to 48 hours worked,490,481,9
E01002118,Full-time: 49 or more hours worked,94,107,-13
E01002118,Part-time: 15 hours or less worked,100,96,4
E01002118,Part-time: 16 to 30 hours worked,179,143,36
E01002119,Full-time: 31 to 48 hours worked,727,483,244
E01002119,Full-time: 49 or more hours worked,130,98,32
E01002119,Part-time: 15 hours or less worked,157,73,84
E01002119,Part-time: 16 to 30 hours worked,232,160,72
E01002120,Full-time: 31 to 48 hours worked,331,325,6
E01002120,Full-time: 49 or more hours worked,50,53,-3
E01002120,Part-time: 15 hours or less worked,65,42,23
E01002120,Part-time: 16 to 30 hours worked,104,113,-9
E01002121,Full-time: 31 to 48 hours worked,556,496,60
E01002121,Full-time: 49 or more hours worked,82,92,-10
E01002121,Part-time: 15 hours or less worked,96,96,0
E01002121,Part-time: 16 to 30 hours worked,155,147,8
E01002122,Full-time: 31 to 48 hours worked,552,498,54
E01002122,Full-time: 49 or more hours worked,123,88,35
E01002122,Part-time: 15 hours or less worked,91,76,15
E01002122,Part-time: 16 to 30 hours worked,157,188,-31
E01002123,Full-time: 31 to 48 hours worked,488,502,-14
E01002123,Full-time: 49 or more hours worked,126,111,15
E01002123,Part-time: 15 hours or less worked,88,81,7
E01002123,Part-time: 16 to 30 hours worked,171,183,-12
E01002124,Full-time: 31 to 48 hours worked,488,494,-6
E01002124,Full-time: 49 or more hours worked,105,74,31
E01002124,Part-time: 15 hours or less worked,93,77,16
E01002124,Part-time: 16 to 30 hours worked,182,147,35
E01002125,Full-time: 31 to 48 hours worked,548,504,44
E01002125,Full-time: 49 or more hours worked,141,96,45
E01002125,Part-time: 15 hours or less worked,133,73,60
E01002125,Part-time: 16 to 30 hours worked,187,197,-10
E01002127,Full-time: 31 to 48 hours worked,507,546,-39
E01002127,Full-time: 49 or more hours worked,130,126,4
E01002127,Part-time: 15 hours or less worked,103,57,46
E01002127,Part-time: 16 to 30 hours worked,144,158,-14
E01002128,Full-time: 31 to 48 hours worked,660,732,-72
E01002128,Full-time: 49 or more hours worked,139,156,-17
E01002128,Part-time: 15 hours or less worked,111,84,27
E01002128,Part-time: 16 to 30 hours worked,173,182,-9
E01002129,Full-time: 31 to 48 hours worked,949,677,272
E01002129,Full-time: 49 or more hours worked,193,170,23
E01002129,Part-time: 15 hours or less worked,123,81,42
E01002129,Part-time: 16 to 30 hours worked,183,147,36
E01002130,Full-time: 31 to 48 hours worked,804,819,-15
E01002130,Full-time: 49 or more hours worked,141,124,17
E01002130,Part-time: 15 hours or less worked,171,102,69
E01002130,Part-time: 16 to 30 hours worked,245,193,52
E01002131,Full-time: 31 to 48 hours worked,455,464,-9
E01002131,Full-time: 49 or more hours worked,106,81,25
E01002131,Part-time: 15 hours or less worked,89,78,11
E01002131,Part-time: 16 to 30 hours worked,147,135,12
E01002132,Full-time: 31 to 48 hours worked,593,669,-76
E01002132,Full-time: 49 or more hours worked,167,231,-64
E01002132,Part-time: 15 hours or less worked,109,88,21
E01002132,Part-time: 16 to 30 hours worked,172,152,20
E01002133,Full-time: 31 to 48 hours worked,457,510,-53
E01002133,Full-time: 49 or more hours worked,85,100,-15
E01002133,Part-time: 15 hours or less worked,119,93,26
E01002133,Part-time: 16 to 30 hours worked,221,173,48
E01002134,Full-time: 31 to 48 hours worked,425,435,-10
E01002134,Full-time: 49 or more hours worked,134,168,-34
E01002134,Part-time: 15 hours or less worked,76,67,9
E01002134,Part-time: 16 to 30 hours worked,127,102,25
E01002135,Full-time: 31 to 48 hours worked,612,523,89
E01002135,Full-time: 49 or more hours worked,100,131,-31
E01002135,Part-time: 15 hours or less worked,108,74,34
E01002135,Part-time: 16 to 30 hours worked,167,155,12
E01002136,Full-time: 31 to 48 hours worked,563,489,74
E01002136,Full-time: 49 or more hours worked,167,110,57
E01002136,Part-time: 15 hours or less worked,97,59,38
E01002136,Part-time: 16 to 30 hours worked,207,164,43
E01002137,Full-time: 31 to 48 hours worked,340,329,11
E01002137,Full-time: 49 or more hours worked,174,190,-16
E01002137,Part-time: 15 hours or less worked,61,43,18
E01002137,Part-time: 16 to 30 hours worked,65,74,-9
E01002138,Full-time: 31 to 48 hours worked,437,424,13
E01002138,Full-time: 49 or more hours worked,54,64,-10
E01002138,Part-time: 15 hours or less worked,79,83,-4
E01002138,Part-time: 16 to 30 hours worked,191,161,30
E01002139,Full-time: 31 to 48 hours worked,383,309,74
E01002139,Full-time: 49 or more hours worked,46,51,-5
E01002139,Part-time: 15 hours or less worked,74,58,16
E01002139,Part-time: 16 to 30 hours worked,134,107,27
E01002140,Full-time: 31 to 48 hours worked,475,486,-11
E01002140,Full-time: 49 or more hours worked,79,87,-8
E01002140,Part-time: 15 hours or less worked,95,66,29
E01002140,Part-time: 16 to 30 hours worked,169,150,19
E01002141,Full-time: 31 to 48 hours worked,487,492,-5
E01002141,Full-time: 49 or more hours worked,98,118,-20
E01002141,Part-time: 15 hours or less worked,95,82,13
E01002141,Part-time: 16 to 30 hours worked,142,157,-15
E01002142,Full-time: 31 to 48 hours worked,485,526,-41
E01002142,Full-time: 49 or more hours worked,120,112,8
E01002142,Part-time: 15 hours or less worked,96,89,7
E01002142,Part-time: 16 to 30 hours worked,166,168,-2
E01002143,Full-time: 31 to 48 hours worked,438,437,1
E01002143,Full-time: 49 or more hours worked,58,70,-12
E01002143,Part-time: 15 hours or less worked,85,61,24
E01002143,Part-time: 16 to 30 hours worked,159,148,11
E01002144,Full-time: 31 to 48 hours worked,409,393,16
E01002144,Full-time: 49 or more hours worked,102,135,-33
E01002144,Part-time: 15 hours or less worked,106,78,28
E01002144,Part-time: 16 to 30 hours worked,141,156,-15
E01002145,Full-time: 31 to 48 hours worked,405,367,38
E01002145,Full-time: 49 or more hours worked,91,97,-6
E01002145,Part-time: 15 hours or less worked,88,53,35
E01002145,Part-time: 16 to 30 hours worked,142,143,-1
E01002146,Full-time: 31 to 48 hours worked,409,402,7
E01002146,Full-time: 49 or more hours worked,115,141,-26
E01002146,Part-time: 15 hours or less worked,76,73,3
E01002146,Part-time: 16 to 30 hours worked,132,131,1
E01002147,Full-time: 31 to 48 hours worked,329,344,-15
E01002147,Full-time: 49 or more hours worked,113,111,2
E01002147,Part-time: 15 hours or less worked,73,78,-5
E01002147,Part-time: 16 to 30 hours worked,118,114,4
E01002148,Full-time: 31 to 48 hours worked,418,384,34
E01002148,Full-time: 49 or more hours worked,81,107,-26
E01002148,Part-time: 15 hours or less worked,76,74,2
E01002148,Part-time: 16 to 30 hours worked,120,133,-13
E01002149,Full-time: 31 to 48 hours worked,358,379,-21
E01002149,Full-time: 49 or more hours worked,86,120,-34
E01002149,Part-time: 15 hours or less worked,83,69,14
E01002149,Part-time: 16 to 30 hours worked,126,133,-7
E01002150,Full-time: 31 to 48 hours worked,558,497,61
E01002150,Full-time: 49 or more hours worked,144,162,-18
E01002150,Part-time: 15 hours or less worked,105,74,31
E01002150,Part-time: 16 to 30 hours worked,203,159,44
E01002151,Full-time: 31 to 48 hours worked,363,315,48
E01002151,Full-time: 49 or more hours worked,60,59,1
E01002151,Part-time: 15 hours or less worked,79,51,28
E01002151,Part-time: 16 to 30 hours worked,149,121,28
E01002152,Full-time: 31 to 48 hours worked,451,463,-12
E01002152,Full-time: 49 or more hours worked,98,156,-58
E01002152,Part-time: 15 hours or less worked,81,93,-12
E01002152,Part-time: 16 to 30 hours worked,131,127,4
E01002153,Full-time: 31 to 48 hours worked,534,493,41
E01002153,Full-time: 49 or more hours worked,122,105,17
E01002153,Part-time: 15 hours or less worked,71,65,6
E01002153,Part-time: 16 to 30 hours worked,145,154,-9
E01002155,Full-time: 31 to 48 hours worked,501,481,20
E01002155,Full-time: 49 or more hours worked,106,120,-14
E01002155,Part-time: 15 hours or less worked,102,72,30
E01002155,Part-time: 16 to 30 hours worked,136,130,6
E01002156,Full-time: 31 to 48 hours worked,459,439,20
E01002156,Full-time: 49 or more hours worked,117,123,-6
E01002156,Part-time: 15 hours or less worked,80,84,-4
E01002156,Part-time: 16 to 30 hours worked,128,125,3
E01002157,Full-time: 31 to 48 hours worked,537,515,22
E01002157,Full-time: 49 or more hours worked,103,101,2
E01002157,Part-time: 15 hours or less worked,101,86,15
E01002157,Part-time: 16 to 30 hours worked,115,166,-51
E01002158,Full-time: 31 to 48 hours worked,467,457,10
E01002158,Full-time: 49 or more hours worked,92,113,-21
E01002158,Part-time: 15 hours or less worked,58,68,-10
E01002158,Part-time: 16 to 30 hours worked,101,132,-31
E01002159,Full-time: 31 to 48 hours worked,581,573,8
E01002159,Full-time: 49 or more hours worked,105,104,1
E01002159,Part-time: 15 hours or less worked,120,85,35
E01002159,Part-time: 16 to 30 hours worked,185,157,28
E01002160,Full-time: 31 to 48 hours worked,750,630,120
E01002160,Full-time: 49 or more hours worked,132,154,-22
E01002160,Part-time: 15 hours or less worked,167,96,71
E01002160,Part-time: 16 to 30 hours worked,235,176,59
E01002161,Full-time: 31 to 48 hours worked,603,610,-7
E01002161,Full-time: 49 or more hours worked,107,127,-20
E01002161,Part-time: 15 hours or less worked,113,85,28
E01002161,Part-time: 16 to 30 hours worked,199,160,39
E01002162,Full-time: 31 to 48 hours worked,512,533,-21
E01002162,Full-time: 49 or more hours worked,91,111,-20
E01002162,Part-time: 15 hours or less worked,100,67,33
E01002162,Part-time: 16 to 30 hours worked,200,176,24
E01002163,Full-time: 31 to 48 hours worked,491,430,61
E01002163,Full-time: 49 or more hours worked,113,120,-7
E01002163,Part-time: 15 hours or less worked,77,75,2
E01002163,Part-time: 16 to 30 hours worked,144,147,-3
E01002164,Full-time: 31 to 48 hours worked,591,587,4
E01002164,Full-time: 49 or more hours worked,122,121,1
E01002164,Part-time: 15 hours or less worked,82,73,9
E01002164,Part-time: 16 to 30 hours worked,171,152,19
E01002165,Full-time: 31 to 48 hours worked,511,502,9
E01002165,Full-time: 49 or more hours worked,111,99,12
E01002165,Part-time: 15 hours or less worked,112,86,26
E01002165,Part-time: 16 to 30 hours worked,180,185,-5
E01002166,Full-time: 31 to 48 hours worked,516,482,34
E01002166,Full-time: 49 or more hours worked,83,88,-5
E01002166,Part-time: 15 hours or less worked,88,94,-6
E01002166,Part-time: 16 to 30 hours worked,163,143,20
E01002167,Full-time: 31 to 48 hours worked,504,494,10
E01002167,Full-time: 49 or more hours worked,81,90,-9
E01002167,Part-time: 15 hours or less worked,77,81,-4
E01002167,Part-time: 16 to 30 hours worked,158,138,20
E01002168,Full-time: 31 to 48 hours worked,448,407,41
E01002168,Full-time: 49 or more hours worked,65,46,19
E01002168,Part-time: 15 hours or less worked,71,52,19
E01002168,Part-time: 16 to 30 hours worked,138,149,-11
E01002169,Full-time: 31 to 48 hours worked,448,478,-30
E01002169,Full-time: 49 or more hours worked,104,81,23
E01002169,Part-time: 15 hours or less worked,89,73,16
E01002169,Part-time: 16 to 30 hours worked,142,142,0
E01002170,Full-time: 31 to 48 hours worked,396,410,-14
E01002170,Full-time: 49 or more hours worked,71,56,15
E01002170,Part-time: 15 hours or less worked,69,49,20
E01002170,Part-time: 16 to 30 hours worked,129,108,21
E01002171,Full-time: 31 to 48 hours worked,464,529,-65
E01002171,Full-time: 49 or more hours worked,77,85,-8
E01002171,Part-time: 15 hours or less worked,107,84,23
E01002171,Part-time: 16 to 30 hours worked,164,135,29
E01002172,Full-time: 31 to 48 hours worked,471,461,10
E01002172,Full-time: 49 or more hours worked,77,72,5
E01002172,Part-time: 15 hours or less worked,77,74,3
E01002172,Part-time: 16 to 30 hours worked,141,163,-22
E01002173,Full-time: 31 to 48 hours worked,587,552,35
E01002173,Full-time: 49 or more hours worked,118,76,42
E01002173,Part-time: 15 hours or less worked,91,89,2
E01002173,Part-time: 16 to 30 hours worked,170,187,-17
E01002174,Full-time: 31 to 48 hours worked,453,495,-42
E01002174,Full-time: 49 or more hours worked,79,88,-9
E01002174,Part-time: 15 hours or less worked,72,81,-9
E01002174,Part-time: 16 to 30 hours worked,147,146,1
E01002175,Full-time: 31 to 48 hours worked,370,446,-76
E01002175,Full-time: 49 or more hours worked,90,97,-7
E01002175,Part-time: 15 hours or less worked,86,68,18
E01002175,Part-time: 16 to 30 hours worked,124,144,-20
E01002176,Full-time: 31 to 48 hours worked,532,520,12
E01002176,Full-time: 49 or more hours worked,103,106,-3
E01002176,Part-time: 15 hours or less worked,89,129,-40
E01002176,Part-time: 16 to 30 hours worked,138,161,-23
E01002177,Full-time: 31 to 48 hours worked,485,404,81
E01002177,Full-time: 49 or more hours worked,82,68,14
E01002177,Part-time: 15 hours or less worked,83,73,10
E01002177,Part-time: 16 to 30 hours worked,118,127,-9
E01002178,Full-time: 31 to 48 hours worked,515,497,18
E01002178,Full-time: 49 or more hours worked,92,89,3
E01002178,Part-time: 15 hours or less worked,85,92,-7
E01002178,Part-time: 16 to 30 hours worked,127,134,-7
E01002179,Full-time: 31 to 48 hours worked,736,601,135
E01002179,Full-time: 49 or more hours worked,136,95,41
E01002179,Part-time: 15 hours or less worked,125,114,11
E01002179,Part-time: 16 to 30 hours worked,240,244,-4
E01002181,Full-time: 31 to 48 hours worked,800,611,189
E01002181,Full-time: 49 or more hours worked,143,127,16
E01002181,Part-time: 15 hours or less worked,121,96,25
E01002181,Part-time: 16 to 30 hours worked,183,149,34
E01002182,Full-time: 31 to 48 hours worked,598,634,-36
E01002182,Full-time: 49 or more hours worked,102,120,-18
E01002182,Part-time: 15 hours or less worked,139,100,39
E01002182,Part-time: 16 to 30 hours worked,199,165,34
E01002183,Full-time: 31 to 48 hours worked,529,628,-99
E01002183,Full-time: 49 or more hours worked,94,93,1
E01002183,Part-time: 15 hours or less worked,119,78,41
E01002183,Part-time: 16 to 30 hours worked,177,194,-17
E01002184,Full-time: 31 to 48 hours worked,532,539,-7
E01002184,Full-time: 49 or more hours worked,86,91,-5
E01002184,Part-time: 15 hours or less worked,96,83,13
E01002184,Part-time: 16 to 30 hours worked,173,176,-3
E01002185,Full-time: 31 to 48 hours worked,502,453,49
E01002185,Full-time: 49 or more hours worked,85,104,-19
E01002185,Part-time: 15 hours or less worked,99,77,22
E01002185,Part-time: 16 to 30 hours worked,163,160,3
E01002186,Full-time: 31 to 48 hours worked,530,399,131
E01002186,Full-time: 49 or more hours worked,110,87,23
E01002186,Part-time: 15 hours or less worked,91,61,30
E01002186,Part-time: 16 to 30 hours worked,156,104,52
E01002187,Full-time: 31 to 48 hours worked,488,485,3
E01002187,Full-time: 49 or more hours worked,121,121,0
E01002187,Part-time: 15 hours or less worked,103,80,23
E01002187,Part-time: 16 to 30 hours worked,169,155,14
E01002188,Full-time: 31 to 48 hours worked,391,383,8
E01002188,Full-time: 49 or more hours worked,131,175,-44
E01002188,Part-time: 15 hours or less worked,117,98,19
E01002188,Part-time: 16 to 30 hours worked,102,123,-21
E01002189,Full-time: 31 to 48 hours worked,485,466,19
E01002189,Full-time: 49 or more hours worked,119,153,-34
E01002189,Part-time: 15 hours or less worked,94,78,16
E01002189,Part-time: 16 to 30 hours worked,142,135,7
E01002190,Full-time: 31 to 48 hours worked,419,426,-7
E01002190,Full-time: 49 or more hours worked,150,146,4
E01002190,Part-time: 15 hours or less worked,100,80,20
E01002190,Part-time: 16 to 30 hours worked,124,142,-18
E01002191,Full-time: 31 to 48 hours worked,658,537,121
E01002191,Full-time: 49 or more hours worked,116,152,-36
E01002191,Part-time: 15 hours or less worked,85,84,1
E01002191,Part-time: 16 to 30 hours worked,176,176,0
E01002192,Full-time: 31 to 48 hours worked,416,366,50
E01002192,Full-time: 49 or more hours worked,114,141,-27
E01002192,Part-time: 15 hours or less worked,88,90,-2
E01002192,Part-time: 16 to 30 hours worked,144,114,30
E01002193,Full-time: 31 to 48 hours worked,520,515,5
E01002193,Full-time: 49 or more hours worked,139,143,-4
E01002193,Part-time: 15 hours or less worked,86,88,-2
E01002193,Part-time: 16 to 30 hours worked,148,143,5
E01002194,Full-time: 31 to 48 hours worked,481,443,38
E01002194,Full-time: 49 or more hours worked,116,152,-36
E01002194,Part-time: 15 hours or less worked,106,84,22
E01002194,Part-time: 16 to 30 hours worked,165,151,14
E01002195,Full-time: 31 to 48 hours worked,472,460,12
E01002195,Full-time: 49 or more hours worked,100,96,4
E01002195,Part-time: 15 hours or less worked,79,70,9
E01002195,Part-time: 16 to 30 hours worked,142,141,1
E01002196,Full-time: 31 to 48 hours worked,516,473,43
E01002196,Full-time: 49 or more hours worked,101,148,-47
E01002196,Part-time: 15 hours or less worked,92,106,-14
E01002196,Part-time: 16 to 30 hours worked,150,184,-34
E01002197,Full-time: 31 to 48 hours worked,404,378,26
E01002197,Full-time: 49 or more hours worked,82,75,7
E01002197,Part-time: 15 hours or less worked,67,81,-14
E01002197,Part-time: 16 to 30 hours worked,115,110,5
E01002198,Full-time: 31 to 48 hours worked,552,562,-10
E01002198,Full-time: 49 or more hours worked,122,76,46
E01002198,Part-time: 15 hours or less worked,103,78,25
E01002198,Part-time: 16 to 30 hours worked,196,179,17
E01002199,Full-time: 31 to 48 hours worked,442,429,13
E01002199,Full-time: 49 or more hours worked,93,84,9
E01002199,Part-time: 15 hours or less worked,79,64,15
E01002199,Part-time: 16 to 30 hours worked,140,142,-2
E01002200,Full-time: 31 to 48 hours worked,609,516,93
E01002200,Full-time: 49 or more hours worked,120,71,49
E01002200,Part-time: 15 hours or less worked,118,77,41
E01002200,Part-time: 16 to 30 hours worked,209,125,84
E01002201,Full-time: 31 to 48 hours worked,542,505,37
E01002201,Full-time: 49 or more hours worked,95,94,1
E01002201,Part-time: 15 hours or less worked,93,86,7
E01002201,Part-time: 16 to 30 hours worked,146,172,-26
E01002202,Full-time: 31 to 48 hours worked,507,521,-14
E01002202,Full-time: 49 or more hours worked,141,59,82
E01002202,Part-time: 15 hours or less worked,123,84,39
E01002202,Part-time: 16 to 30 hours worked,198,220,-22
E01002203,Full-time: 31 to 48 hours worked,531,488,43
E01002203,Full-time: 49 or more hours worked,95,79,16
E01002203,Part-time: 15 hours or less worked,100,84,16
E01002203,Part-time: 16 to 30 hours worked,179,167,12
E01002204,Full-time: 31 to 48 hours worked,510,480,30
E01002204,Full-time: 49 or more hours worked,89,78,11
E01002204,Part-time: 15 hours or less worked,107,70,37
E01002204,Part-time: 16 to 30 hours worked,197,195,2
E01002206,Full-time: 31 to 48 hours worked,410,387,23
E01002206,Full-time: 49 or more hours worked,55,76,-21
E01002206,Part-time: 15 hours or less worked,81,65,16
E01002206,Part-time: 16 to 30 hours worked,128,138,-10
E01002207,Full-time: 31 to 48 hours worked,511,470,41
E01002207,Full-time: 49 or more hours worked,59,76,-17
E01002207,Part-time: 15 hours or less worked,103,88,15
E01002207,Part-time: 16 to 30 hours worked,180,167,13
E01002208,Full-time: 31 to 48 hours worked,386,356,30
E01002208,Full-time: 49 or more hours worked,91,82,9
E01002208,Part-time: 15 hours or less worked,52,65,-13
E01002208,Part-time: 16 to 30 hours worked,114,118,-4
E01002209,Full-time: 31 to 48 hours worked,575,443,132
E01002209,Full-time: 49 or more hours worked,124,116,8
E01002209,Part-time: 15 hours or less worked,91,89,2
E01002209,Part-time: 16 to 30 hours worked,153,168,-15
E01002210,Full-time: 31 to 48 hours worked,462,475,-13
E01002210,Full-time: 49 or more hours worked,82,85,-3
E01002210,Part-time: 15 hours or less worked,80,80,0
E01002210,Part-time: 16 to 30 hours worked,156,149,7
E01002211,Full-time: 31 to 48 hours worked,431,387,44
E01002211,Full-time: 49 or more hours worked,38,52,-14
E01002211,Part-time: 15 hours or less worked,92,66,26
E01002211,Part-time: 16 to 30 hours worked,136,147,-11
E01002212,Full-time: 31 to 48 hours worked,481,516,-35
E01002212,Full-time: 49 or more hours worked,59,51,8
E01002212,Part-time: 15 hours or less worked,106,69,37
E01002212,Part-time: 16 to 30 hours worked,178,162,16
E01002214,Full-time: 31 to 48 hours worked,495,463,32
E01002214,Full-time: 49 or more hours worked,54,73,-19
E01002214,Part-time: 15 hours or less worked,86,70,16
E01002214,Part-time: 16 to 30 hours worked,168,188,-20
E01002215,Full-time: 31 to 48 hours worked,428,361,67
E01002215,Full-time: 49 or more hours worked,41,61,-20
E01002215,Part-time: 15 hours or less worked,84,64,20
E01002215,Part-time: 16 to 30 hours worked,168,126,42
E01002216,Full-time: 31 to 48 hours worked,463,455,8
E01002216,Full-time: 49 or more hours worked,77,85,-8
E01002216,Part-time: 15 hours or less worked,81,64,17
E01002216,Part-time: 16 to 30 hours worked,172,155,17
E01002217,Full-time: 31 to 48 hours worked,673,348,325
E01002217,Full-time: 49 or more hours worked,85,40,45
E01002217,Part-time: 15 hours or less worked,106,51,55
E01002217,Part-time: 16 to 30 hours worked,171,126,45
E01002218,Full-time: 31 to 48 hours worked,516,457,59
E01002218,Full-time: 49 or more hours worked,95,79,16
E01002218,Part-time: 15 hours or less worked,93,64,29
E01002218,Part-time: 16 to 30 hours worked,166,144,22
E01002219,Full-time: 31 to 48 hours worked,473,476,-3
E01002219,Full-time: 49 or more hours worked,95,73,22
E01002219,Part-time: 15 hours or less worked,97,76,21
E01002219,Part-time: 16 to 30 hours worked,195,192,3
E01002220,Full-time: 31 to 48 hours worked,448,473,-25
E01002220,Full-time: 49 or more hours worked,73,94,-21
E01002220,Part-time: 15 hours or less worked,95,69,26
E01002220,Part-time: 16 to 30 hours worked,157,150,7
E01002221,Full-time: 31 to 48 hours worked,472,437,35
E01002221,Full-time: 49 or more hours worked,89,74,15
E01002221,Part-time: 15 hours or less worked,85,70,15
E01002221,Part-time: 16 to 30 hours worked,139,171,-32
E01002222,Full-time: 31 to 48 hours worked,479,442,37
E01002222,Full-time: 49 or more hours worked,82,84,-2
E01002222,Part-time: 15 hours or less worked,78,72,6
E01002222,Part-time: 16 to 30 hours worked,152,150,2
E01002223,Full-time: 31 to 48 hours worked,544,546,-2
E01002223,Full-time: 49 or more hours worked,81,83,-2
E01002223,Part-time: 15 hours or less worked,74,87,-13
E01002223,Part-time: 16 to 30 hours worked,195,189,6
E01002224,Full-time: 31 to 48 hours worked,456,419,37
E01002224,Full-time: 49 or more hours worked,59,74,-15
E01002224,Part-time: 15 hours or less worked,73,46,27
E01002224,Part-time: 16 to 30 hours worked,137,121,16
E01002225,Full-time: 31 to 48 hours worked,351,322,29
E01002225,Full-time: 49 or more hours worked,132,139,-7
E01002225,Part-time: 15 hours or less worked,93,100,-7
E01002225,Part-time: 16 to 30 hours worked,151,117,34
E01002226,Full-time: 31 to 48 hours worked,711,548,163
E01002226,Full-time: 49 or more hours worked,189,194,-5
E01002226,Part-time: 15 hours or less worked,141,115,26
E01002226,Part-time: 16 to 30 hours worked,211,184,27
E01002227,Full-time: 31 to 48 hours worked,453,402,51
E01002227,Full-time: 49 or more hours worked,92,70,22
E01002227,Part-time: 15 hours or less worked,120,62,58
E01002227,Part-time: 16 to 30 hours worked,180,130,50
E01002228,Full-time: 31 to 48 hours worked,573,535,38
E01002228,Full-time: 49 or more hours worked,169,202,-33
E01002228,Part-time: 15 hours or less worked,128,91,37
E01002228,Part-time: 16 to 30 hours worked,179,143,36
E01002229,Full-time: 31 to 48 hours worked,444,442,2
E01002229,Full-time: 49 or more hours worked,103,113,-10
E01002229,Part-time: 15 hours or less worked,120,66,54
E01002229,Part-time: 16 to 30 hours worked,154,143,11
E01002230,Full-time: 31 to 48 hours worked,466,510,-44
E01002230,Full-time: 49 or more hours worked,154,122,32
E01002230,Part-time: 15 hours or less worked,99,68,31
E01002230,Part-time: 16 to 30 hours worked,146,176,-30
E01002231,Full-time: 31 to 48 hours worked,609,535,74
E01002231,Full-time: 49 or more hours worked,74,72,2
E01002231,Part-time: 15 hours or less worked,100,72,28
E01002231,Part-time: 16 to 30 hours worked,173,164,9
E01002232,Full-time: 31 to 48 hours worked,528,532,-4
E01002232,Full-time: 49 or more hours worked,83,103,-20
E01002232,Part-time: 15 hours or less worked,102,72,30
E01002232,Part-time: 16 to 30 hours worked,175,187,-12
E01002233,Full-time: 31 to 48 hours worked,653,535,118
E01002233,Full-time: 49 or more hours worked,113,93,20
E01002233,Part-time: 15 hours or less worked,152,80,72
E01002233,Part-time: 16 to 30 hours worked,194,166,28
E01002234,Full-time: 31 to 48 hours worked,583,472,111
E01002234,Full-time: 49 or more hours worked,92,80,12
E01002234,Part-time: 15 hours or less worked,87,67,20
E01002234,Part-time: 16 to 30 hours worked,188,168,20
E01002235,Full-time: 31 to 48 hours worked,458,412,46
E01002235,Full-time: 49 or more hours worked,58,81,-23
E01002235,Part-time: 15 hours or less worked,101,82,19
E01002235,Part-time: 16 to 30 hours worked,163,146,17
E01002236,Full-time: 31 to 48 hours worked,668,521,147
E01002236,Full-time: 49 or more hours worked,85,90,-5
E01002236,Part-time: 15 hours or less worked,125,94,31
E01002236,Part-time: 16 to 30 hours worked,209,168,41
E01002237,Full-time: 31 to 48 hours worked,760,546,214
E01002237,Full-time: 49 or more hours worked,153,91,62
E01002237,Part-time: 15 hours or less worked,107,83,24
E01002237,Part-time: 16 to 30 hours worked,178,152,26
E01002238,Full-time: 31 to 48 hours worked,572,591,-19
E01002238,Full-time: 49 or more hours worked,102,123,-21
E01002238,Part-time: 15 hours or less worked,93,73,20
E01002238,Part-time: 16 to 30 hours worked,163,135,28
E01002239,Full-time: 31 to 48 hours worked,588,491,97
E01002239,Full-time: 49 or more hours worked,115,101,14
E01002239,Part-time: 15 hours or less worked,102,78,24
E01002239,Part-time: 16 to 30 hours worked,143,120,23
E01002240,Full-time: 31 to 48 hours worked,546,470,76
E01002240,Full-time: 49 or more hours worked,93,113,-20
E01002240,Part-time: 15 hours or less worked,117,71,46
E01002240,Part-time: 16 to 30 hours worked,186,160,26
E01002241,Full-time: 31 to 48 hours worked,529,453,76
E01002241,Full-time: 49 or more hours worked,97,79,18
E01002241,Part-time: 15 hours or less worked,96,87,9
E01002241,Part-time: 16 to 30 hours worked,157,121,36
E01002242,Full-time: 31 to 48 hours worked,517,564,-47
E01002242,Full-time: 49 or more hours worked,106,109,-3
E01002242,Part-time: 15 hours or less worked,86,89,-3
E01002242,Part-time: 16 to 30 hours worked,178,179,-1
E01002243,Full-time: 31 to 48 hours worked,561,514,47
E01002243,Full-time: 49 or more hours worked,84,116,-32
E01002243,Part-time: 15 hours or less worked,75,62,13
E01002243,Part-time: 16 to 30 hours worked,181,148,33
E01002244,Full-time: 31 to 48 hours worked,613,624,-11
E01002244,Full-time: 49 or more hours worked,75,86,-11
E01002244,Part-time: 15 hours or less worked,80,52,28
E01002244,Part-time: 16 to 30 hours worked,156,125,31
E01002245,Full-time: 31 to 48 hours worked,522,450,72
E01002245,Full-time: 49 or more hours worked,73,87,-14
E01002245,Part-time: 15 hours or less worked,76,74,2
E01002245,Part-time: 16 to 30 hours worked,139,116,23
E01002246,Full-time: 31 to 48 hours worked,521,479,42
E01002246,Full-time: 49 or more hours worked,68,84,-16
E01002246,Part-time: 15 hours or less worked,92,80,12
E01002246,Part-time: 16 to 30 hours worked,152,149,3
E01002247,Full-time: 31 to 48 hours worked,704,570,134
E01002247,Full-time: 49 or more hours worked,106,115,-9
E01002247,Part-time: 15 hours or less worked,139,70,69
E01002247,Part-time: 16 to 30 hours worked,207,157,50
E01002248,Full-time: 31 to 48 hours worked,446,401,45
E01002248,Full-time: 49 or more hours worked,50,66,-16
E01002248,Part-time: 15 hours or less worked,91,51,40
E01002248,Part-time: 16 to 30 hours worked,141,104,37
E01002250,Full-time: 31 to 48 hours worked,600,543,57
E01002250,Full-time: 49 or more hours worked,77,85,-8
E01002250,Part-time: 15 hours or less worked,102,60,42
E01002250,Part-time: 16 to 30 hours worked,151,136,15
E01002251,Full-time: 31 to 48 hours worked,426,393,33
E01002251,Full-time: 49 or more hours worked,52,59,-7
E01002251,Part-time: 15 hours or less worked,90,57,33
E01002251,Part-time: 16 to 30 hours worked,130,111,19
E01002252,Full-time: 31 to 48 hours worked,410,414,-4
E01002252,Full-time: 49 or more hours worked,86,76,10
E01002252,Part-time: 15 hours or less worked,97,87,10
E01002252,Part-time: 16 to 30 hours worked,145,128,17
E01002253,Full-time: 31 to 48 hours worked,466,405,61
E01002253,Full-time: 49 or more hours worked,86,118,-32
E01002253,Part-time: 15 hours or less worked,80,87,-7
E01002253,Part-time: 16 to 30 hours worked,114,104,10
E01002254,Full-time: 31 to 48 hours worked,429,407,22
E01002254,Full-time: 49 or more hours worked,122,104,18
E01002254,Part-time: 15 hours or less worked,69,95,-26
E01002254,Part-time: 16 to 30 hours worked,116,127,-11
E01002255,Full-time: 31 to 48 hours worked,487,465,22
E01002255,Full-time: 49 or more hours worked,100,90,10
E01002255,Part-time: 15 hours or less worked,73,74,-1
E01002255,Part-time: 16 to 30 hours worked,116,116,0
E01002256,Full-time: 31 to 48 hours worked,465,420,45
E01002256,Full-time: 49 or more hours worked,76,85,-9
E01002256,Part-time: 15 hours or less worked,73,75,-2
E01002256,Part-time: 16 to 30 hours worked,133,131,2
E01002257,Full-time: 31 to 48 hours worked,421,380,41
E01002257,Full-time: 49 or more hours worked,118,164,-46
E01002257,Part-time: 15 hours or less worked,109,80,29
E01002257,Part-time: 16 to 30 hours worked,113,116,-3
E01002258,Full-time: 31 to 48 hours worked,505,424,81
E01002258,Full-time: 49 or more hours worked,72,105,-33
E01002258,Part-time: 15 hours or less worked,90,71,19
E01002258,Part-time: 16 to 30 hours worked,142,124,18
E01002259,Full-time: 31 to 48 hours worked,475,437,38
E01002259,Full-time: 49 or more hours worked,73,94,-21
E01002259,Part-time: 15 hours or less worked,63,60,3
E01002259,Part-time: 16 to 30 hours worked,119,121,-2
E01002260,Full-time: 31 to 48 hours worked,554,461,93
E01002260,Full-time: 49 or more hours worked,81,60,21
E01002260,Part-time: 15 hours or less worked,93,74,19
E01002260,Part-time: 16 to 30 hours worked,163,144,19
E01002261,Full-time: 31 to 48 hours worked,541,515,26
E01002261,Full-time: 49 or more hours worked,66,74,-8
E01002261,Part-time: 15 hours or less worked,99,68,31
E01002261,Part-time: 16 to 30 hours worked,153,159,-6
E01002262,Full-time: 31 to 48 hours worked,572,494,78
E01002262,Full-time: 49 or more hours worked,81,62,19
E01002262,Part-time: 15 hours or less worked,70,72,-2
E01002262,Part-time: 16 to 30 hours worked,146,131,15
E01002263,Full-time: 31 to 48 hours worked,504,573,-69
E01002263,Full-time: 49 or more hours worked,75,106,-31
E01002263,Part-time: 15 hours or less worked,79,66,13
E01002263,Part-time: 16 to 30 hours worked,132,119,13
E01002264,Full-time: 31 to 48 hours worked,444,348,96
E01002264,Full-time: 49 or more hours worked,58,72,-14
E01002264,Part-time: 15 hours or less worked,66,45,21
E01002264,Part-time: 16 to 30 hours worked,146,119,27
E01002265,Full-time: 31 to 48 hours worked,514,522,-8
E01002265,Full-time: 49 or more hours worked,63,80,-17
E01002265,Part-time: 15 hours or less worked,76,63,13
E01002265,Part-time: 16 to 30 hours worked,117,123,-6
E01002266,Full-time: 31 to 48 hours worked,461,401,60
E01002266,Full-time: 49 or more hours worked,79,65,14
E01002266,Part-time: 15 hours or less worked,71,59,12
E01002266,Part-time: 16 to 30 hours worked,131,129,2
E01002267,Full-time: 31 to 48 hours worked,519,406,113
E01002267,Full-time: 49 or more hours worked,67,72,-5
E01002267,Part-time: 15 hours or less worked,73,62,11
E01002267,Part-time: 16 to 30 hours worked,153,146,7
E01002268,Full-time: 31 to 48 hours worked,431,411,20
E01002268,Full-time: 49 or more hours worked,88,88,0
E01002268,Part-time: 15 hours or less worked,60,79,-19
E01002268,Part-time: 16 to 30 hours worked,141,90,51
E01002269,Full-time: 31 to 48 hours worked,558,504,54
E01002269,Full-time: 49 or more hours worked,99,109,-10
E01002269,Part-time: 15 hours or less worked,98,91,7
E01002269,Part-time: 16 to 30 hours worked,174,155,19
E01002270,Full-time: 31 to 48 hours worked,424,418,6
E01002270,Full-time: 49 or more hours worked,129,165,-36
E01002270,Part-time: 15 hours or less worked,112,87,25
E01002270,Part-time: 16 to 30 hours worked,142,150,-8
E01002271,Full-time: 31 to 48 hours worked,402,351,51
E01002271,Full-time: 49 or more hours worked,112,138,-26
E01002271,Part-time: 15 hours or less worked,90,97,-7
E01002271,Part-time: 16 to 30 hours worked,125,120,5
E01002272,Full-time: 31 to 48 hours worked,426,391,35
E01002272,Full-time: 49 or more hours worked,75,86,-11
E01002272,Part-time: 15 hours or less worked,63,85,-22
E01002272,Part-time: 16 to 30 hours worked,103,122,-19
E01002273,Full-time: 31 to 48 hours worked,342,336,6
E01002273,Full-time: 49 or more hours worked,81,125,-44
E01002273,Part-time: 15 hours or less worked,85,78,7
E01002273,Part-time: 16 to 30 hours worked,103,97,6
E01002274,Full-time: 31 to 48 hours worked,485,474,11
E01002274,Full-time: 49 or more hours worked,107,110,-3
E01002274,Part-time: 15 hours or less worked,100,86,14
E01002274,Part-time: 16 to 30 hours worked,155,128,27
E01002275,Full-time: 31 to 48 hours worked,308,352,-44
E01002275,Full-time: 49 or more hours worked,77,116,-39
E01002275,Part-time: 15 hours or less worked,84,66,18
E01002275,Part-time: 16 to 30 hours worked,118,126,-8
E01002276,Full-time: 31 to 48 hours worked,578,501,77
E01002276,Full-time: 49 or more hours worked,97,109,-12
E01002276,Part-time: 15 hours or less worked,113,73,40
E01002276,Part-time: 16 to 30 hours worked,171,157,14
E01002277,Full-time: 31 to 48 hours worked,435,409,26
E01002277,Full-time: 49 or more hours worked,65,70,-5
E01002277,Part-time: 15 hours or less worked,67,52,15
E01002277,Part-time: 16 to 30 hours worked,161,137,24
E01002278,Full-time: 31 to 48 hours worked,439,378,61
E01002278,Full-time: 49 or more hours worked,69,56,13
E01002278,Part-time: 15 hours or less worked,95,68,27
E01002278,Part-time: 16 to 30 hours worked,165,124,41
E01002279,Full-time: 31 to 48 hours worked,509,413,96
E01002279,Full-time: 49 or more hours worked,71,81,-10
E01002279,Part-time: 15 hours or less worked,75,72,3
E01002279,Part-time: 16 to 30 hours worked,168,139,29
E01002280,Full-time: 31 to 48 hours worked,467,339,128
E01002280,Full-time: 49 or more hours worked,69,63,6
E01002280,Part-time: 15 hours or less worked,79,49,30
E01002280,Part-time: 16 to 30 hours worked,159,106,53
E01002281,Full-time: 31 to 48 hours worked,717,384,333
E01002281,Full-time: 49 or more hours worked,91,63,28
E01002281,Part-time: 15 hours or less worked,94,56,38
E01002281,Part-time: 16 to 30 hours worked,203,119,84
E01002282,Full-time: 31 to 48 hours worked,430,367,63
E01002282,Full-time: 49 or more hours worked,77,58,19
E01002282,Part-time: 15 hours or less worked,70,50,20
E01002282,Part-time: 16 to 30 hours worked,167,130,37
E01002283,Full-time: 31 to 48 hours worked,456,391,65
E01002283,Full-time: 49 or more hours worked,87,64,23
E01002283,Part-time: 15 hours or less worked,80,52,28
E01002283,Part-time: 16 to 30 hours worked,171,104,67
E01002284,Full-time: 31 to 48 hours worked,578,478,100
E01002284,Full-time: 49 or more hours worked,97,95,2
E01002284,Part-time: 15 hours or less worked,81,59,22
E01002284,Part-time: 16 to 30 hours worked,195,149,46
E01002285,Full-time: 31 to 48 hours worked,413,380,33
E01002285,Full-time: 49 or more hours worked,74,67,7
E01002285,Part-time: 15 hours or less worked,54,44,10
E01002285,Part-time: 16 to 30 hours worked,120,122,-2
E01002286,Full-time: 31 to 48 hours worked,492,461,31
E01002286,Full-time: 49 or more hours worked,77,98,-21
E01002286,Part-time: 15 hours or less worked,84,96,-12
E01002286,Part-time: 16 to 30 hours worked,157,153,4
E01002287,Full-time: 31 to 48 hours worked,498,491,7
E01002287,Full-time: 49 or more hours worked,85,96,-11
E01002287,Part-time: 15 hours or less worked,61,78,-17
E01002287,Part-time: 16 to 30 hours worked,144,134,10
E01002288,Full-time: 31 to 48 hours worked,507,533,-26
E01002288,Full-time: 49 or more hours worked,66,91,-25
E01002288,Part-time: 15 hours or less worked,91,101,-10
E01002288,Part-time: 16 to 30 hours worked,133,146,-13
E01002289,Full-time: 31 to 48 hours worked,580,471,109
E01002289,Full-time: 49 or more hours worked,90,95,-5
E01002289,Part-time: 15 hours or less worked,67,86,-19
E01002289,Part-time: 16 to 30 hours worked,128,130,-2
E01002290,Full-time: 31 to 48 hours worked,452,429,23
E01002290,Full-time: 49 or more hours worked,77,75,2
E01002290,Part-time: 15 hours or less worked,59,65,-6
E01002290,Part-time: 16 to 30 hours worked,125,122,3
E01002291,Full-time: 31 to 48 hours worked,499,557,-58
E01002291,Full-time: 49 or more hours worked,90,109,-19
E01002291,Part-time: 15 hours or less worked,54,57,-3
E01002291,Part-time: 16 to 30 hours worked,107,116,-9
E01002292,Full-time: 31 to 48 hours worked,502,404,98
E01002292,Full-time: 49 or more hours worked,83,92,-9
E01002292,Part-time: 15 hours or less worked,78,55,23
E01002292,Part-time: 16 to 30 hours worked,131,130,1
E01002294,Full-time: 31 to 48 hours worked,401,421,-20
E01002294,Full-time: 49 or more hours worked,91,94,-3
E01002294,Part-time: 15 hours or less worked,69,74,-5
E01002294,Part-time: 16 to 30 hours worked,134,122,12
E01002295,Full-time: 31 to 48 hours worked,601,497,104
E01002295,Full-time: 49 or more hours worked,126,110,16
E01002295,Part-time: 15 hours or less worked,80,62,18
E01002295,Part-time: 16 to 30 hours worked,163,123,40
E01002296,Full-time: 31 to 48 hours worked,493,433,60
E01002296,Full-time: 49 or more hours worked,96,133,-37
E01002296,Part-time: 15 hours or less worked,65,79,-14
E01002296,Part-time: 16 to 30 hours worked,121,167,-46
E01002297,Full-time: 31 to 48 hours worked,460,398,62
E01002297,Full-time: 49 or more hours worked,76,55,21
E01002297,Part-time: 15 hours or less worked,85,60,25
E01002297,Part-time: 16 to 30 hours worked,148,122,26
E01002298,Full-time: 31 to 48 hours worked,491,582,-91
E01002298,Full-time: 49 or more hours worked,79,113,-34
E01002298,Part-time: 15 hours or less worked,79,80,-1
E01002298,Part-time: 16 to 30 hours worked,152,143,9
E01002299,Full-time: 31 to 48 hours worked,582,533,49
E01002299,Full-time: 49 or more hours worked,86,92,-6
E01002299,Part-time: 15 hours or less worked,102,65,37
E01002299,Part-time: 16 to 30 hours worked,196,123,73
E01002300,Full-time: 31 to 48 hours worked,645,369,276
E01002300,Full-time: 49 or more hours worked,123,59,64
E01002300,Part-time: 15 hours or less worked,77,45,32
E01002300,Part-time: 16 to 30 hours worked,177,102,75
E01002301,Full-time: 31 to 48 hours worked,464,453,11
E01002301,Full-time: 49 or more hours worked,79,98,-19
E01002301,Part-time: 15 hours or less worked,72,74,-2
E01002301,Part-time: 16 to 30 hours worked,155,147,8
E01002302,Full-time: 31 to 48 hours worked,512,443,69
E01002302,Full-time: 49 or more hours worked,71,93,-22
E01002302,Part-time: 15 hours or less worked,69,72,-3
E01002302,Part-time: 16 to 30 hours worked,154,136,18
E01002303,Full-time: 31 to 48 hours worked,554,518,36
E01002303,Full-time: 49 or more hours worked,90,86,4
E01002303,Part-time: 15 hours or less worked,98,90,8
E01002303,Part-time: 16 to 30 hours worked,189,171,18
E01002304,Full-time: 31 to 48 hours worked,387,308,79
E01002304,Full-time: 49 or more hours worked,71,108,-37
E01002304,Part-time: 15 hours or less worked,77,55,22
E01002304,Part-time: 16 to 30 hours worked,116,125,-9
E01002305,Full-time: 31 to 48 hours worked,464,416,48
E01002305,Full-time: 49 or more hours worked,82,80,2
E01002305,Part-time: 15 hours or less worked,80,54,26
E01002305,Part-time: 16 to 30 hours worked,157,148,9
E01002306,Full-time: 31 to 48 hours worked,426,412,14
E01002306,Full-time: 49 or more hours worked,60,51,9
E01002306,Part-time: 15 hours or less worked,85,62,23
E01002306,Part-time: 16 to 30 hours worked,176,155,21
E01002307,Full-time: 31 to 48 hours worked,562,463,99
E01002307,Full-time: 49 or more hours worked,86,84,2
E01002307,Part-time: 15 hours or less worked,92,67,25
E01002307,Part-time: 16 to 30 hours worked,193,145,48
E01002308,Full-time: 31 to 48 hours worked,446,522,-76
E01002308,Full-time: 49 or more hours worked,77,96,-19
E01002308,Part-time: 15 hours or less worked,89,82,7
E01002308,Part-time: 16 to 30 hours worked,163,161,2
E01002309,Full-time: 31 to 48 hours worked,454,397,57
E01002309,Full-time: 49 or more hours worked,72,70,2
E01002309,Part-time: 15 hours or less worked,102,60,42
E01002309,Part-time: 16 to 30 hours worked,154,119,35
E01002310,Full-time: 31 to 48 hours worked,495,405,90
E01002310,Full-time: 49 or more hours worked,73,69,4
E01002310,Part-time: 15 hours or less worked,79,52,27
E01002310,Part-time: 16 to 30 hours worked,139,137,2
E01002311,Full-time: 31 to 48 hours worked,507,430,77
E01002311,Full-time: 49 or more hours worked,78,74,4
E01002311,Part-time: 15 hours or less worked,93,59,34
E01002311,Part-time: 16 to 30 hours worked,170,138,32
E01002312,Full-time: 31 to 48 hours worked,412,327,85
E01002312,Full-time: 49 or more hours worked,60,60,0
E01002312,Part-time: 15 hours or less worked,47,59,-12
E01002312,Part-time: 16 to 30 hours worked,168,97,71
E01002313,Full-time: 31 to 48 hours worked,678,373,305
E01002313,Full-time: 49 or more hours worked,121,65,56
E01002313,Part-time: 15 hours or less worked,114,57,57
E01002313,Part-time: 16 to 30 hours worked,191,125,66
E01002314,Full-time: 31 to 48 hours worked,435,421,14
E01002314,Full-time: 49 or more hours worked,73,73,0
E01002314,Part-time: 15 hours or less worked,82,44,38
E01002314,Part-time: 16 to 30 hours worked,189,142,47
E01002315,Full-time: 31 to 48 hours worked,486,423,63
E01002315,Full-time: 49 or more hours worked,94,71,23
E01002315,Part-time: 15 hours or less worked,85,44,41
E01002315,Part-time: 16 to 30 hours worked,153,126,27
E01002316,Full-time: 31 to 48 hours worked,451,377,74
E01002316,Full-time: 49 or more hours worked,51,46,5
E01002316,Part-time: 15 hours or less worked,85,48,37
E01002316,Part-time: 16 to 30 hours worked,176,109,67
E01002317,Full-time: 31 to 48 hours worked,482,430,52
E01002317,Full-time: 49 or more hours worked,85,120,-35
E01002317,Part-time: 15 hours or less worked,89,88,1
E01002317,Part-time: 16 to 30 hours worked,145,160,-15
E01002318,Full-time: 31 to 48 hours worked,450,446,4
E01002318,Full-time: 49 or more hours worked,86,114,-28
E01002318,Part-time: 15 hours or less worked,63,89,-26
E01002318,Part-time: 16 to 30 hours worked,159,149,10
E01002319,Full-time: 31 to 48 hours worked,554,487,67
E01002319,Full-time: 49 or more hours worked,65,75,-10
E01002319,Part-time: 15 hours or less worked,87,73,14
E01002319,Part-time: 16 to 30 hours worked,173,161,12
E01002320,Full-time: 31 to 48 hours worked,472,559,-87
E01002320,Full-time: 49 or more hours worked,79,120,-41
E01002320,Part-time: 15 hours or less worked,93,94,-1
E01002320,Part-time: 16 to 30 hours worked,173,178,-5
E01002321,Full-time: 31 to 48 hours worked,497,389,108
E01002321,Full-time: 49 or more hours worked,116,117,-1
E01002321,Part-time: 15 hours or less worked,100,80,20
E01002321,Part-time: 16 to 30 hours worked,142,118,24
E01002322,Full-time: 31 to 48 hours worked,679,651,28
E01002322,Full-time: 49 or more hours worked,88,140,-52
E01002322,Part-time: 15 hours or less worked,96,105,-9
E01002322,Part-time: 16 to 30 hours worked,155,206,-51
E01002323,Full-time: 31 to 48 hours worked,579,528,51
E01002323,Full-time: 49 or more hours worked,83,96,-13
E01002323,Part-time: 15 hours or less worked,95,77,18
E01002323,Part-time: 16 to 30 hours worked,147,150,-3
E01002324,Full-time: 31 to 48 hours worked,428,398,30
E01002324,Full-time: 49 or more hours worked,67,84,-17
E01002324,Part-time: 15 hours or less worked,80,64,16
E01002324,Part-time: 16 to 30 hours worked,129,129,0
E01002325,Full-time: 31 to 48 hours worked,514,452,62
E01002325,Full-time: 49 or more hours worked,95,57,38
E01002325,Part-time: 15 hours or less worked,87,73,14
E01002325,Part-time: 16 to 30 hours worked,210,133,77
E01002326,Full-time: 31 to 48 hours worked,441,413,28
E01002326,Full-time: 49 or more hours worked,74,79,-5
E01002326,Part-time: 15 hours or less worked,97,59,38
E01002326,Part-time: 16 to 30 hours worked,173,132,41
E01002327,Full-time: 31 to 48 hours worked,452,404,48
E01002327,Full-time: 49 or more hours worked,66,80,-14
E01002327,Part-time: 15 hours or less worked,83,82,1
E01002327,Part-time: 16 to 30 hours worked,157,144,13
E01002328,Full-time: 31 to 48 hours worked,559,527,32
E01002328,Full-time: 49 or more hours worked,107,98,9
E01002328,Part-time: 15 hours or less worked,91,77,14
E01002328,Part-time: 16 to 30 hours worked,162,149,13
E01002329,Full-time: 31 to 48 hours worked,538,588,-50
E01002329,Full-time: 49 or more hours worked,71,121,-50
E01002329,Part-time: 15 hours or less worked,80,95,-15
E01002329,Part-time: 16 to 30 hours worked,156,198,-42
E01002330,Full-time: 31 to 48 hours worked,522,360,162
E01002330,Full-time: 49 or more hours worked,76,77,-1
E01002330,Part-time: 15 hours or less worked,92,55,37
E01002330,Part-time: 16 to 30 hours worked,159,110,49
E01002331,Full-time: 31 to 48 hours worked,485,337,148
E01002331,Full-time: 49 or more hours worked,70,71,-1
E01002331,Part-time: 15 hours or less worked,93,61,32
E01002331,Part-time: 16 to 30 hours worked,152,106,46
E01002332,Full-time: 31 to 48 hours worked,496,475,21
E01002332,Full-time: 49 or more hours worked,72,84,-12
E01002332,Part-time: 15 hours or less worked,81,73,8
E01002332,Part-time: 16 to 30 hours worked,147,149,-2
E01002333,Full-time: 31 to 48 hours worked,369,345,24
E01002333,Full-time: 49 or more hours worked,73,80,-7
E01002333,Part-time: 15 hours or less worked,62,73,-11
E01002333,Part-time: 16 to 30 hours worked,133,132,1
E01002334,Full-time: 31 to 48 hours worked,457,440,17
E01002334,Full-time: 49 or more hours worked,89,115,-26
E01002334,Part-time: 15 hours or less worked,101,107,-6
E01002334,Part-time: 16 to 30 hours worked,146,155,-9
E01002335,Full-time: 31 to 48 hours worked,372,445,-73
E01002335,Full-time: 49 or more hours worked,63,72,-9
E01002335,Part-time: 15 hours or less worked,93,53,40
E01002335,Part-time: 16 to 30 hours worked,127,140,-13
E01002336,Full-time: 31 to 48 hours worked,441,387,54
E01002336,Full-time: 49 or more hours worked,101,90,11
E01002336,Part-time: 15 hours or less worked,91,67,24
E01002336,Part-time: 16 to 30 hours worked,152,160,-8
E01002337,Full-time: 31 to 48 hours worked,306,298,8
E01002337,Full-time: 49 or more hours worked,128,120,8
E01002337,Part-time: 15 hours or less worked,66,73,-7
E01002337,Part-time: 16 to 30 hours worked,105,99,6
E01002338,Full-time: 31 to 48 hours worked,412,415,-3
E01002338,Full-time: 49 or more hours worked,61,84,-23
E01002338,Part-time: 15 hours or less worked,74,58,16
E01002338,Part-time: 16 to 30 hours worked,121,123,-2
E01002339,Full-time: 31 to 48 hours worked,448,432,16
E01002339,Full-time: 49 or more hours worked,108,90,18
E01002339,Part-time: 15 hours or less worked,83,98,-15
E01002339,Part-time: 16 to 30 hours worked,135,150,-15
E01002340,Full-time: 31 to 48 hours worked,483,443,40
E01002340,Full-time: 49 or more hours worked,82,65,17
E01002340,Part-time: 15 hours or less worked,62,62,0
E01002340,Part-time: 16 to 30 hours worked,110,128,-18
E01002341,Full-time: 31 to 48 hours worked,403,398,5
E01002341,Full-time: 49 or more hours worked,72,68,4
E01002341,Part-time: 15 hours or less worked,87,53,34
E01002341,Part-time: 16 to 30 hours worked,138,128,10
E01002342,Full-time: 31 to 48 hours worked,459,440,19
E01002342,Full-time: 49 or more hours worked,80,82,-2
E01002342,Part-time: 15 hours or less worked,77,58,19
E01002342,Part-time: 16 to 30 hours worked,152,138,14
E01002343,Full-time: 31 to 48 hours worked,517,458,59
E01002343,Full-time: 49 or more hours worked,79,91,-12
E01002343,Part-time: 15 hours or less worked,88,101,-13
E01002343,Part-time: 16 to 30 hours worked,150,159,-9
E01002344,Full-time: 31 to 48 hours worked,536,407,129
E01002344,Full-time: 49 or more hours worked,83,88,-5
E01002344,Part-time: 15 hours or less worked,94,79,15
E01002344,Part-time: 16 to 30 hours worked,185,128,57
E01002345,Full-time: 31 to 48 hours worked,556,467,89
E01002345,Full-time: 49 or more hours worked,73,95,-22
E01002345,Part-time: 15 hours or less worked,75,68,7
E01002345,Part-time: 16 to 30 hours worked,172,139,33
E01002346,Full-time: 31 to 48 hours worked,471,467,4
E01002346,Full-time: 49 or more hours worked,58,71,-13
E01002346,Part-time: 15 hours or less worked,67,65,2
E01002346,Part-time: 16 to 30 hours worked,144,142,2
E01002347,Full-time: 31 to 48 hours worked,459,410,49
E01002347,Full-time: 49 or more hours worked,74,60,14
E01002347,Part-time: 15 hours or less worked,78,64,14
E01002347,Part-time: 16 to 30 hours worked,116,135,-19
E01002348,Full-time: 31 to 48 hours worked,453,420,33
E01002348,Full-time: 49 or more hours worked,82,75,7
E01002348,Part-time: 15 hours or less worked,72,91,-19
E01002348,Part-time: 16 to 30 hours worked,134,151,-17
E01002349,Full-time: 31 to 48 hours worked,452,458,-6
E01002349,Full-time: 49 or more hours worked,88,99,-11
E01002349,Part-time: 15 hours or less worked,66,69,-3
E01002349,Part-time: 16 to 30 hours worked,125,135,-10
E01002350,Full-time: 31 to 48 hours worked,507,464,43
E01002350,Full-time: 49 or more hours worked,82,91,-9
E01002350,Part-time: 15 hours or less worked,101,58,43
E01002350,Part-time: 16 to 30 hours worked,140,113,27
E01002351,Full-time: 31 to 48 hours worked,616,561,55
E01002351,Full-time: 49 or more hours worked,107,107,0
E01002351,Part-time: 15 hours or less worked,66,76,-10
E01002351,Part-time: 16 to 30 hours worked,169,116,53
E01002352,Full-time: 31 to 48 hours worked,633,567,66
E01002352,Full-time: 49 or more hours worked,90,95,-5
E01002352,Part-time: 15 hours or less worked,100,68,32
E01002352,Part-time: 16 to 30 hours worked,168,149,19
E01002353,Full-time: 31 to 48 hours worked,587,577,10
E01002353,Full-time: 49 or more hours worked,112,155,-43
E01002353,Part-time: 15 hours or less worked,93,91,2
E01002353,Part-time: 16 to 30 hours worked,188,148,40
E01002354,Full-time: 31 to 48 hours worked,413,389,24
E01002354,Full-time: 49 or more hours worked,73,102,-29
E01002354,Part-time: 15 hours or less worked,67,53,14
E01002354,Part-time: 16 to 30 hours worked,122,131,-9
E01002355,Full-time: 31 to 48 hours worked,485,461,24
E01002355,Full-time: 49 or more hours worked,94,95,-1
E01002355,Part-time: 15 hours or less worked,88,66,22
E01002355,Part-time: 16 to 30 hours worked,140,136,4
E01002356,Full-time: 31 to 48 hours worked,718,643,75
E01002356,Full-time: 49 or more hours worked,102,120,-18
E01002356,Part-time: 15 hours or less worked,110,108,2
E01002356,Part-time: 16 to 30 hours worked,172,163,9
E01002358,Full-time: 31 to 48 hours worked,749,660,89
E01002358,Full-time: 49 or more hours worked,100,122,-22
E01002358,Part-time: 15 hours or less worked,90,73,17
E01002358,Part-time: 16 to 30 hours worked,205,159,46
E01002359,Full-time: 31 to 48 hours worked,421,374,47
E01002359,Full-time: 49 or more hours worked,53,86,-33
E01002359,Part-time: 15 hours or less worked,72,83,-11
E01002359,Part-time: 16 to 30 hours worked,108,119,-11
E01002360,Full-time: 31 to 48 hours worked,386,357,29
E01002360,Full-time: 49 or more hours worked,69,76,-7
E01002360,Part-time: 15 hours or less worked,71,66,5
E01002360,Part-time: 16 to 30 hours worked,113,121,-8
E01002361,Full-time: 31 to 48 hours worked,581,519,62
E01002361,Full-time: 49 or more hours worked,124,127,-3
E01002361,Part-time: 15 hours or less worked,84,62,22
E01002361,Part-time: 16 to 30 hours worked,175,154,21
E01002362,Full-time: 31 to 48 hours worked,488,461,27
E01002362,Full-time: 49 or more hours worked,108,110,-2
E01002362,Part-time: 15 hours or less worked,66,70,-4
E01002362,Part-time: 16 to 30 hours worked,134,123,11
E01002363,Full-time: 31 to 48 hours worked,408,446,-38
E01002363,Full-time: 49 or more hours worked,66,77,-11
E01002363,Part-time: 15 hours or less worked,80,80,0
E01002363,Part-time: 16 to 30 hours worked,138,129,9
E01002364,Full-time: 31 to 48 hours worked,405,435,-30
E01002364,Full-time: 49 or more hours worked,60,64,-4
E01002364,Part-time: 15 hours or less worked,61,64,-3
E01002364,Part-time: 16 to 30 hours worked,114,103,11
E01002365,Full-time: 31 to 48 hours worked,382,411,-29
E01002365,Full-time: 49 or more hours worked,63,55,8
E01002365,Part-time: 15 hours or less worked,74,71,3
E01002365,Part-time: 16 to 30 hours worked,123,122,1
E01002366,Full-time: 31 to 48 hours worked,496,471,25
E01002366,Full-time: 49 or more hours worked,69,91,-22
E01002366,Part-time: 15 hours or less worked,67,69,-2
E01002366,Part-time: 16 to 30 hours worked,132,137,-5
E01002367,Full-time: 31 to 48 hours worked,611,499,112
E01002367,Full-time: 49 or more hours worked,99,105,-6
E01002367,Part-time: 15 hours or less worked,82,76,6
E01002367,Part-time: 16 to 30 hours worked,120,142,-22
E01002368,Full-time: 31 to 48 hours worked,728,386,342
E01002368,Full-time: 49 or more hours worked,92,80,12
E01002368,Part-time: 15 hours or less worked,118,63,55
E01002368,Part-time: 16 to 30 hours worked,194,132,62
E01002369,Full-time: 31 to 48 hours worked,556,524,32
E01002369,Full-time: 49 or more hours worked,93,100,-7
E01002369,Part-time: 15 hours or less worked,111,79,32
E01002369,Part-time: 16 to 30 hours worked,181,153,28
E01002370,Full-time: 31 to 48 hours worked,690,537,153
E01002370,Full-time: 49 or more hours worked,96,110,-14
E01002370,Part-time: 15 hours or less worked,132,90,42
E01002370,Part-time: 16 to 30 hours worked,235,177,58
E01002371,Full-time: 31 to 48 hours worked,467,442,25
E01002371,Full-time: 49 or more hours worked,80,86,-6
E01002371,Part-time: 15 hours or less worked,80,94,-14
E01002371,Part-time: 16 to 30 hours worked,162,120,42
E01002372,Full-time: 31 to 48 hours worked,532,469,63
E01002372,Full-time: 49 or more hours worked,72,64,8
E01002372,Part-time: 15 hours or less worked,70,91,-21
E01002372,Part-time: 16 to 30 hours worked,157,153,4
E01002373,Full-time: 31 to 48 hours worked,475,446,29
E01002373,Full-time: 49 or more hours worked,79,80,-1
E01002373,Part-time: 15 hours or less worked,74,75,-1
E01002373,Part-time: 16 to 30 hours worked,155,141,14
E01002374,Full-time: 31 to 48 hours worked,528,482,46
E01002374,Full-time: 49 or more hours worked,79,76,3
E01002374,Part-time: 15 hours or less worked,68,59,9
E01002374,Part-time: 16 to 30 hours worked,158,120,38
E01002375,Full-time: 31 to 48 hours worked,515,405,110
E01002375,Full-time: 49 or more hours worked,81,59,22
E01002375,Part-time: 15 hours or less worked,78,68,10
E01002375,Part-time: 16 to 30 hours worked,198,148,50
E01002376,Full-time: 31 to 48 hours worked,414,427,-13
E01002376,Full-time: 49 or more hours worked,112,112,0
E01002376,Part-time: 15 hours or less worked,75,85,-10
E01002376,Part-time: 16 to 30 hours worked,128,142,-14
E01002377,Full-time: 31 to 48 hours worked,562,423,139
E01002377,Full-time: 49 or more hours worked,107,72,35
E01002377,Part-time: 15 hours or less worked,112,72,40
E01002377,Part-time: 16 to 30 hours worked,129,122,7
E01002378,Full-time: 31 to 48 hours worked,579,622,-43
E01002378,Full-time: 49 or more hours worked,94,130,-36
E01002378,Part-time: 15 hours or less worked,104,114,-10
E01002378,Part-time: 16 to 30 hours worked,133,173,-40
E01002379,Full-time: 31 to 48 hours worked,503,429,74
E01002379,Full-time: 49 or more hours worked,107,127,-20
E01002379,Part-time: 15 hours or less worked,76,57,19
E01002379,Part-time: 16 to 30 hours worked,126,135,-9
E01002380,Full-time: 31 to 48 hours worked,741,729,12
E01002380,Full-time: 49 or more hours worked,134,190,-56
E01002380,Part-time: 15 hours or less worked,106,62,44
E01002380,Part-time: 16 to 30 hours worked,172,157,15
E01002381,Full-time: 31 to 48 hours worked,425,451,-26
E01002381,Full-time: 49 or more hours worked,93,115,-22
E01002381,Part-time: 15 hours or less worked,75,80,-5
E01002381,Part-time: 16 to 30 hours worked,127,127,0
E01002382,Full-time: 31 to 48 hours worked,585,572,13
E01002382,Full-time: 49 or more hours worked,130,152,-22
E01002382,Part-time: 15 hours or less worked,73,79,-6
E01002382,Part-time: 16 to 30 hours worked,137,150,-13
E01002383,Full-time: 31 to 48 hours worked,496,475,21
E01002383,Full-time: 49 or more hours worked,93,133,-40
E01002383,Part-time: 15 hours or less worked,84,88,-4
E01002383,Part-time: 16 to 30 hours worked,142,122,20
E01002384,Full-time: 31 to 48 hours worked,469,431,38
E01002384,Full-time: 49 or more hours worked,109,121,-12
E01002384,Part-time: 15 hours or less worked,79,81,-2
E01002384,Part-time: 16 to 30 hours worked,117,117,0
E01002385,Full-time: 31 to 48 hours worked,432,417,15
E01002385,Full-time: 49 or more hours worked,105,127,-22
E01002385,Part-time: 15 hours or less worked,83,88,-5
E01002385,Part-time: 16 to 30 hours worked,150,155,-5
E01002386,Full-time: 31 to 48 hours worked,647,621,26
E01002386,Full-time: 49 or more hours worked,118,135,-17
E01002386,Part-time: 15 hours or less worked,102,89,13
E01002386,Part-time: 16 to 30 hours worked,163,136,27
E01002387,Full-time: 31 to 48 hours worked,381,409,-28
E01002387,Full-time: 49 or more hours worked,106,127,-21
E01002387,Part-time: 15 hours or less worked,82,82,0
E01002387,Part-time: 16 to 30 hours worked,129,150,-21
E01002388,Full-time: 31 to 48 hours worked,494,425,69
E01002388,Full-time: 49 or more hours worked,81,149,-68
E01002388,Part-time: 15 hours or less worked,91,94,-3
E01002388,Part-time: 16 to 30 hours worked,123,134,-11
E01002389,Full-time: 31 to 48 hours worked,379,447,-68
E01002389,Full-time: 49 or more hours worked,89,152,-63
E01002389,Part-time: 15 hours or less worked,94,108,-14
E01002389,Part-time: 16 to 30 hours worked,132,160,-28
E01002390,Full-time: 31 to 48 hours worked,385,267,118
E01002390,Full-time: 49 or more hours worked,108,77,31
E01002390,Part-time: 15 hours or less worked,82,75,7
E01002390,Part-time: 16 to 30 hours worked,106,100,6
E01002391,Full-time: 31 to 48 hours worked,477,408,69
E01002391,Full-time: 49 or more hours worked,88,87,1
E01002391,Part-time: 15 hours or less worked,93,90,3
E01002391,Part-time: 16 to 30 hours worked,147,129,18
E01002392,Full-time: 31 to 48 hours worked,396,392,4
E01002392,Full-time: 49 or more hours worked,58,61,-3
E01002392,Part-time: 15 hours or less worked,62,58,4
E01002392,Part-time: 16 to 30 hours worked,158,123,35
E01002393,Full-time: 31 to 48 hours worked,572,559,13
E01002393,Full-time: 49 or more hours worked,65,82,-17
E01002393,Part-time: 15 hours or less worked,79,83,-4
E01002393,Part-time: 16 to 30 hours worked,223,141,82
E01002394,Full-time: 31 to 48 hours worked,417,424,-7
E01002394,Full-time: 49 or more hours worked,59,62,-3
E01002394,Part-time: 15 hours or less worked,81,50,31
E01002394,Part-time: 16 to 30 hours worked,185,119,66
E01002395,Full-time: 31 to 48 hours worked,366,424,-58
E01002395,Full-time: 49 or more hours worked,56,47,9
E01002395,Part-time: 15 hours or less worked,72,75,-3
E01002395,Part-time: 16 to 30 hours worked,128,110,18
E01002396,Full-time: 31 to 48 hours worked,506,450,56
E01002396,Full-time: 49 or more hours worked,59,65,-6
E01002396,Part-time: 15 hours or less worked,78,78,0
E01002396,Part-time: 16 to 30 hours worked,167,141,26
E01002397,Full-time: 31 to 48 hours worked,445,456,-11
E01002397,Full-time: 49 or more hours worked,46,66,-20
E01002397,Part-time: 15 hours or less worked,101,79,22
E01002397,Part-time: 16 to 30 hours worked,175,138,37
E01002398,Full-time: 31 to 48 hours worked,506,521,-15
E01002398,Full-time: 49 or more hours worked,70,86,-16
E01002398,Part-time: 15 hours or less worked,87,84,3
E01002398,Part-time: 16 to 30 hours worked,164,152,12
E01002399,Full-time: 31 to 48 hours worked,452,476,-24
E01002399,Full-time: 49 or more hours worked,65,68,-3
E01002399,Part-time: 15 hours or less worked,76,62,14
E01002399,Part-time: 16 to 30 hours worked,169,145,24
E01002400,Full-time: 31 to 48 hours worked,554,492,62
E01002400,Full-time: 49 or more hours worked,77,80,-3
E01002400,Part-time: 15 hours or less worked,88,72,16
E01002400,Part-time: 16 to 30 hours worked,183,141,42
E01002401,Full-time: 31 to 48 hours worked,589,456,133
E01002401,Full-time: 49 or more hours worked,80,77,3
E01002401,Part-time: 15 hours or less worked,96,76,20
E01002401,Part-time: 16 to 30 hours worked,222,144,78
E01002402,Full-time: 31 to 48 hours worked,443,394,49
E01002402,Full-time: 49 or more hours worked,78,51,27
E01002402,Part-time: 15 hours or less worked,69,51,18
E01002402,Part-time: 16 to 30 hours worked,168,141,27
E01002403,Full-time: 31 to 48 hours worked,633,454,179
E01002403,Full-time: 49 or more hours worked,81,48,33
E01002403,Part-time: 15 hours or less worked,114,68,46
E01002403,Part-time: 16 to 30 hours worked,217,154,63
E01002404,Full-time: 31 to 48 hours worked,473,490,-17
E01002404,Full-time: 49 or more hours worked,55,76,-21
E01002404,Part-time: 15 hours or less worked,83,59,24
E01002404,Part-time: 16 to 30 hours worked,193,146,47
E01002405,Full-time: 31 to 48 hours worked,490,547,-57
E01002405,Full-time: 49 or more hours worked,79,97,-18
E01002405,Part-time: 15 hours or less worked,100,63,37
E01002405,Part-time: 16 to 30 hours worked,170,154,16
E01002408,Full-time: 31 to 48 hours worked,449,460,-11
E01002408,Full-time: 49 or more hours worked,66,67,-1
E01002408,Part-time: 15 hours or less worked,68,67,1
E01002408,Part-time: 16 to 30 hours worked,118,137,-19
E01002409,Full-time: 31 to 48 hours worked,528,452,76
E01002409,Full-time: 49 or more hours worked,88,93,-5
E01002409,Part-time: 15 hours or less worked,84,76,8
E01002409,Part-time: 16 to 30 hours worked,180,126,54
E01002410,Full-time: 31 to 48 hours worked,553,531,22
E01002410,Full-time: 49 or more hours worked,83,103,-20
E01002410,Part-time: 15 hours or less worked,91,103,-12
E01002410,Part-time: 16 to 30 hours worked,173,131,42
E01002411,Full-time: 31 to 48 hours worked,547,416,131
E01002411,Full-time: 49 or more hours worked,114,65,49
E01002411,Part-time: 15 hours or less worked,134,101,33
E01002411,Part-time: 16 to 30 hours worked,169,146,23
E01002412,Full-time: 31 to 48 hours worked,809,725,84
E01002412,Full-time: 49 or more hours worked,113,136,-23
E01002412,Part-time: 15 hours or less worked,120,133,-13
E01002412,Part-time: 16 to 30 hours worked,194,170,24
E01002413,Full-time: 31 to 48 hours worked,392,409,-17
E01002413,Full-time: 49 or more hours worked,52,76,-24
E01002413,Part-time: 15 hours or less worked,79,67,12
E01002413,Part-time: 16 to 30 hours worked,170,136,34
E01002414,Full-time: 31 to 48 hours worked,394,422,-28
E01002414,Full-time: 49 or more hours worked,66,69,-3
E01002414,Part-time: 15 hours or less worked,165,397,-232
E01002414,Part-time: 16 to 30 hours worked,154,181,-27
E01002415,Full-time: 31 to 48 hours worked,596,555,41
E01002415,Full-time: 49 or more hours worked,93,127,-34
E01002415,Part-time: 15 hours or less worked,72,84,-12
E01002415,Part-time: 16 to 30 hours worked,144,159,-15
E01002416,Full-time: 31 to 48 hours worked,541,564,-23
E01002416,Full-time: 49 or more hours worked,89,110,-21
E01002416,Part-time: 15 hours or less worked,77,65,12
E01002416,Part-time: 16 to 30 hours worked,162,169,-7
E01002417,Full-time: 31 to 48 hours worked,576,482,94
E01002417,Full-time: 49 or more hours worked,114,99,15
E01002417,Part-time: 15 hours or less worked,89,77,12
E01002417,Part-time: 16 to 30 hours worked,158,130,28
E01002418,Full-time: 31 to 48 hours worked,582,534,48
E01002418,Full-time: 49 or more hours worked,76,95,-19
E01002418,Part-time: 15 hours or less worked,72,79,-7
E01002418,Part-time: 16 to 30 hours worked,164,153,11
E01002419,Full-time: 31 to 48 hours worked,592,484,108
E01002419,Full-time: 49 or more hours worked,95,107,-12
E01002419,Part-time: 15 hours or less worked,78,67,11
E01002419,Part-time: 16 to 30 hours worked,145,137,8
E01002420,Full-time: 31 to 48 hours worked,514,532,-18
E01002420,Full-time: 49 or more hours worked,60,87,-27
E01002420,Part-time: 15 hours or less worked,55,64,-9
E01002420,Part-time: 16 to 30 hours worked,152,132,20
E01002421,Full-time: 31 to 48 hours worked,543,507,36
E01002421,Full-time: 49 or more hours worked,86,112,-26
E01002421,Part-time: 15 hours or less worked,69,60,9
E01002421,Part-time: 16 to 30 hours worked,145,154,-9
E01002422,Full-time: 31 to 48 hours worked,411,414,-3
E01002422,Full-time: 49 or more hours worked,75,70,5
E01002422,Part-time: 15 hours or less worked,87,57,30
E01002422,Part-time: 16 to 30 hours worked,159,127,32
E01002423,Full-time: 31 to 48 hours worked,540,518,22
E01002423,Full-time: 49 or more hours worked,80,86,-6
E01002423,Part-time: 15 hours or less worked,82,70,12
E01002423,Part-time: 16 to 30 hours worked,173,149,24
E01002424,Full-time: 31 to 48 hours worked,496,492,4
E01002424,Full-time: 49 or more hours worked,73,79,-6
E01002424,Part-time: 15 hours or less worked,85,64,21
E01002424,Part-time: 16 to 30 hours worked,149,120,29
E01002425,Full-time: 31 to 48 hours worked,469,481,-12
E01002425,Full-time: 49 or more hours worked,67,59,8
E01002425,Part-time: 15 hours or less worked,61,82,-21
E01002425,Part-time: 16 to 30 hours worked,149,137,12
E01002426,Full-time: 31 to 48 hours worked,502,499,3
E01002426,Full-time: 49 or more hours worked,47,64,-17
E01002426,Part-time: 15 hours or less worked,88,67,21
E01002426,Part-time: 16 to 30 hours worked,207,159,48
E01002427,Full-time: 31 to 48 hours worked,458,482,-24
E01002427,Full-time: 49 or more hours worked,69,63,6
E01002427,Part-time: 15 hours or less worked,70,70,0
E01002427,Part-time: 16 to 30 hours worked,162,145,17
E01002428,Full-time: 31 to 48 hours worked,495,500,-5
E01002428,Full-time: 49 or more hours worked,72,65,7
E01002428,Part-time: 15 hours or less worked,74,62,12
E01002428,Part-time: 16 to 30 hours worked,139,122,17
E01002429,Full-time: 31 to 48 hours worked,467,378,89
E01002429,Full-time: 49 or more hours worked,64,62,2
E01002429,Part-time: 15 hours or less worked,65,49,16
E01002429,Part-time: 16 to 30 hours worked,138,126,12
E01002430,Full-time: 31 to 48 hours worked,362,418,-56
E01002430,Full-time: 49 or more hours worked,113,116,-3
E01002430,Part-time: 15 hours or less worked,71,81,-10
E01002430,Part-time: 16 to 30 hours worked,121,133,-12
E01002431,Full-time: 31 to 48 hours worked,379,405,-26
E01002431,Full-time: 49 or more hours worked,74,85,-11
E01002431,Part-time: 15 hours or less worked,64,75,-11
E01002431,Part-time: 16 to 30 hours worked,109,123,-14
E01002432,Full-time: 31 to 48 hours worked,441,500,-59
E01002432,Full-time: 49 or more hours worked,78,113,-35
E01002432,Part-time: 15 hours or less worked,72,77,-5
E01002432,Part-time: 16 to 30 hours worked,118,149,-31
E01002433,Full-time: 31 to 48 hours worked,751,545,206
E01002433,Full-time: 49 or more hours worked,166,121,45
E01002433,Part-time: 15 hours or less worked,130,61,69
E01002433,Part-time: 16 to 30 hours worked,188,172,16
E01002434,Full-time: 31 to 48 hours worked,362,340,22
E01002434,Full-time: 49 or more hours worked,87,130,-43
E01002434,Part-time: 15 hours or less worked,69,72,-3
E01002434,Part-time: 16 to 30 hours worked,124,120,4
E01002435,Full-time: 31 to 48 hours worked,418,417,1
E01002435,Full-time: 49 or more hours worked,89,105,-16
E01002435,Part-time: 15 hours or less worked,79,75,4
E01002435,Part-time: 16 to 30 hours worked,125,134,-9
E01002436,Full-time: 31 to 48 hours worked,500,482,18
E01002436,Full-time: 49 or more hours worked,97,120,-23
E01002436,Part-time: 15 hours or less worked,77,69,8
E01002436,Part-time: 16 to 30 hours worked,132,147,-15
E01002437,Full-time: 31 to 48 hours worked,353,370,-17
E01002437,Full-time: 49 or more hours worked,71,100,-29
E01002437,Part-time: 15 hours or less worked,55,69,-14
E01002437,Part-time: 16 to 30 hours worked,95,126,-31
E01002438,Full-time: 31 to 48 hours worked,423,387,36
E01002438,Full-time: 49 or more hours worked,110,119,-9
E01002438,Part-time: 15 hours or less worked,77,52,25
E01002438,Part-time: 16 to 30 hours worked,126,113,13
E01002439,Full-time: 31 to 48 hours worked,481,494,-13
E01002439,Full-time: 49 or more hours worked,75,103,-28
E01002439,Part-time: 15 hours or less worked,57,57,0
E01002439,Part-time: 16 to 30 hours worked,122,149,-27
E01002440,Full-time: 31 to 48 hours worked,474,416,58
E01002440,Full-time: 49 or more hours worked,91,88,3
E01002440,Part-time: 15 hours or less worked,91,48,43
E01002440,Part-time: 16 to 30 hours worked,145,125,20
E01002441,Full-time: 31 to 48 hours worked,446,460,-14
E01002441,Full-time: 49 or more hours worked,103,111,-8
E01002441,Part-time: 15 hours or less worked,87,77,10
E01002441,Part-time: 16 to 30 hours worked,121,121,0
E01002442,Full-time: 31 to 48 hours worked,528,489,39
E01002442,Full-time: 49 or more hours worked,71,103,-32
E01002442,Part-time: 15 hours or less worked,81,64,17
E01002442,Part-time: 16 to 30 hours worked,147,119,28
E01002443,Full-time: 31 to 48 hours worked,696,542,154
E01002443,Full-time: 49 or more hours worked,62,75,-13
E01002443,Part-time: 15 hours or less worked,142,68,74
E01002443,Part-time: 16 to 30 hours worked,180,163,17
E01002444,Full-time: 31 to 48 hours worked,573,595,-22
E01002444,Full-time: 49 or more hours worked,95,136,-41
E01002444,Part-time: 15 hours or less worked,100,59,41
E01002444,Part-time: 16 to 30 hours worked,148,149,-1
E01002445,Full-time: 31 to 48 hours worked,439,421,18
E01002445,Full-time: 49 or more hours worked,61,66,-5
E01002445,Part-time: 15 hours or less worked,75,42,33
E01002445,Part-time: 16 to 30 hours worked,151,122,29
E01002446,Full-time: 31 to 48 hours worked,618,529,89
E01002446,Full-time: 49 or more hours worked,85,111,-26
E01002446,Part-time: 15 hours or less worked,105,57,48
E01002446,Part-time: 16 to 30 hours worked,175,137,38
E01002447,Full-time: 31 to 48 hours worked,695,613,82
E01002447,Full-time: 49 or more hours worked,87,174,-87
E01002447,Part-time: 15 hours or less worked,132,60,72
E01002447,Part-time: 16 to 30 hours worked,219,124,95
E01002448,Full-time: 31 to 48 hours worked,586,666,-80
E01002448,Full-time: 49 or more hours worked,83,94,-11
E01002448,Part-time: 15 hours or less worked,112,56,56
E01002448,Part-time: 16 to 30 hours worked,216,161,55
E01002449,Full-time: 31 to 48 hours worked,648,691,-43
E01002449,Full-time: 49 or more hours worked,91,107,-16
E01002449,Part-time: 15 hours or less worked,96,56,40
E01002449,Part-time: 16 to 30 hours worked,186,146,40
E01002450,Full-time: 31 to 48 hours worked,511,459,52
E01002450,Full-time: 49 or more hours worked,85,85,0
E01002450,Part-time: 15 hours or less worked,78,67,11
E01002450,Part-time: 16 to 30 hours worked,129,136,-7
E01002451,Full-time: 31 to 48 hours worked,470,491,-21
E01002451,Full-time: 49 or more hours worked,84,80,4
E01002451,Part-time: 15 hours or less worked,59,70,-11
E01002451,Part-time: 16 to 30 hours worked,129,131,-2
E01002452,Full-time: 31 to 48 hours worked,501,549,-48
E01002452,Full-time: 49 or more hours worked,70,86,-16
E01002452,Part-time: 15 hours or less worked,93,63,30
E01002452,Part-time: 16 to 30 hours worked,118,129,-11
E01002453,Full-time: 31 to 48 hours worked,579,576,3
E01002453,Full-time: 49 or more hours worked,70,95,-25
E01002453,Part-time: 15 hours or less worked,73,72,1
E01002453,Part-time: 16 to 30 hours worked,143,129,14
E01002454,Full-time: 31 to 48 hours worked,533,506,27
E01002454,Full-time: 49 or more hours worked,72,88,-16
E01002454,Part-time: 15 hours or less worked,69,61,8
E01002454,Part-time: 16 to 30 hours worked,149,132,17
E01002455,Full-time: 31 to 48 hours worked,517,489,28
E01002455,Full-time: 49 or more hours worked,82,77,5
E01002455,Part-time: 15 hours or less worked,93,58,35
E01002455,Part-time: 16 to 30 hours worked,157,151,6
E01002456,Full-time: 31 to 48 hours worked,481,456,25
E01002456,Full-time: 49 or more hours worked,75,86,-11
E01002456,Part-time: 15 hours or less worked,71,54,17
E01002456,Part-time: 16 to 30 hours worked,147,139,8
E01002457,Full-time: 31 to 48 hours worked,444,391,53
E01002457,Full-time: 49 or more hours worked,63,80,-17
E01002457,Part-time: 15 hours or less worked,96,69,27
E01002457,Part-time: 16 to 30 hours worked,153,162,-9
E01002458,Full-time: 31 to 48 hours worked,391,374,17
E01002458,Full-time: 49 or more hours worked,96,97,-1
E01002458,Part-time: 15 hours or less worked,73,84,-11
E01002458,Part-time: 16 to 30 hours worked,119,123,-4
E01002459,Full-time: 31 to 48 hours worked,440,444,-4
E01002459,Full-time: 49 or more hours worked,101,130,-29
E01002459,Part-time: 15 hours or less worked,95,93,2
E01002459,Part-time: 16 to 30 hours worked,136,148,-12
E01002460,Full-time: 31 to 48 hours worked,432,347,85
E01002460,Full-time: 49 or more hours worked,103,85,18
E01002460,Part-time: 15 hours or less worked,66,50,16
E01002460,Part-time: 16 to 30 hours worked,133,88,45
E01002461,Full-time: 31 to 48 hours worked,422,351,71
E01002461,Full-time: 49 or more hours worked,124,144,-20
E01002461,Part-time: 15 hours or less worked,86,90,-4
E01002461,Part-time: 16 to 30 hours worked,124,135,-11
E01002462,Full-time: 31 to 48 hours worked,448,399,49
E01002462,Full-time: 49 or more hours worked,106,122,-16
E01002462,Part-time: 15 hours or less worked,67,76,-9
E01002462,Part-time: 16 to 30 hours worked,126,120,6
E01002463,Full-time: 31 to 48 hours worked,454,439,15
E01002463,Full-time: 49 or more hours worked,82,106,-24
E01002463,Part-time: 15 hours or less worked,87,97,-10
E01002463,Part-time: 16 to 30 hours worked,108,129,-21
E01002464,Full-time: 31 to 48 hours worked,562,510,52
E01002464,Full-time: 49 or more hours worked,91,96,-5
E01002464,Part-time: 15 hours or less worked,61,63,-2
E01002464,Part-time: 16 to 30 hours worked,127,134,-7
E01002465,Full-time: 31 to 48 hours worked,549,540,9
E01002465,Full-time: 49 or more hours worked,110,84,26
E01002465,Part-time: 15 hours or less worked,82,55,27
E01002465,Part-time: 16 to 30 hours worked,161,152,9
E01002466,Full-time: 31 to 48 hours worked,550,578,-28
E01002466,Full-time: 49 or more hours worked,99,106,-7
E01002466,Part-time: 15 hours or less worked,82,73,9
E01002466,Part-time: 16 to 30 hours worked,147,126,21
E01002467,Full-time: 31 to 48 hours worked,452,406,46
E01002467,Full-time: 49 or more hours worked,76,101,-25
E01002467,Part-time: 15 hours or less worked,89,67,22
E01002467,Part-time: 16 to 30 hours worked,126,125,1
E01002468,Full-time: 31 to 48 hours worked,599,604,-5
E01002468,Full-time: 49 or more hours worked,109,117,-8
E01002468,Part-time: 15 hours or less worked,81,99,-18
E01002468,Part-time: 16 to 30 hours worked,160,137,23
E01002469,Full-time: 31 to 48 hours worked,568,601,-33
E01002469,Full-time: 49 or more hours worked,85,104,-19
E01002469,Part-time: 15 hours or less worked,85,74,11
E01002469,Part-time: 16 to 30 hours worked,136,147,-11
E01002470,Full-time: 31 to 48 hours worked,524,524,0
E01002470,Full-time: 49 or more hours worked,104,128,-24
E01002470,Part-time: 15 hours or less worked,86,76,10
E01002470,Part-time: 16 to 30 hours worked,141,140,1
E01002471,Full-time: 31 to 48 hours worked,556,562,-6
E01002471,Full-time: 49 or more hours worked,98,105,-7
E01002471,Part-time: 15 hours or less worked,77,69,8
E01002471,Part-time: 16 to 30 hours worked,151,155,-4
E01002472,Full-time: 31 to 48 hours worked,489,465,24
E01002472,Full-time: 49 or more hours worked,96,122,-26
E01002472,Part-time: 15 hours or less worked,94,72,22
E01002472,Part-time: 16 to 30 hours worked,108,93,15
E01002473,Full-time: 31 to 48 hours worked,393,364,29
E01002473,Full-time: 49 or more hours worked,158,163,-5
E01002473,Part-time: 15 hours or less worked,106,108,-2
E01002473,Part-time: 16 to 30 hours worked,125,131,-6
E01002474,Full-time: 31 to 48 hours worked,491,405,86
E01002474,Full-time: 49 or more hours worked,127,135,-8
E01002474,Part-time: 15 hours or less worked,101,70,31
E01002474,Part-time: 16 to 30 hours worked,148,148,0
E01002475,Full-time: 31 to 48 hours worked,445,438,7
E01002475,Full-time: 49 or more hours worked,89,114,-25
E01002475,Part-time: 15 hours or less worked,79,47,32
E01002475,Part-time: 16 to 30 hours worked,118,108,10
E01002476,Full-time: 31 to 48 hours worked,411,401,10
E01002476,Full-time: 49 or more hours worked,128,158,-30
E01002476,Part-time: 15 hours or less worked,116,73,43
E01002476,Part-time: 16 to 30 hours worked,105,125,-20
E01002477,Full-time: 31 to 48 hours worked,338,369,-31
E01002477,Full-time: 49 or more hours worked,99,109,-10
E01002477,Part-time: 15 hours or less worked,85,51,34
E01002477,Part-time: 16 to 30 hours worked,97,85,12
E01002478,Full-time: 31 to 48 hours worked,446,450,-4
E01002478,Full-time: 49 or more hours worked,138,137,1
E01002478,Part-time: 15 hours or less worked,86,69,17
E01002478,Part-time: 16 to 30 hours worked,105,124,-19
E01002479,Full-time: 31 to 48 hours worked,554,494,60
E01002479,Full-time: 49 or more hours worked,80,108,-28
E01002479,Part-time: 15 hours or less worked,97,63,34
E01002479,Part-time: 16 to 30 hours worked,140,146,-6
E01002480,Full-time: 31 to 48 hours worked,551,521,30
E01002480,Full-time: 49 or more hours worked,127,143,-16
E01002480,Part-time: 15 hours or less worked,101,75,26
E01002480,Part-time: 16 to 30 hours worked,136,149,-13
E01002481,Full-time: 31 to 48 hours worked,480,461,19
E01002481,Full-time: 49 or more hours worked,76,107,-31
E01002481,Part-time: 15 hours or less worked,69,88,-19
E01002481,Part-time: 16 to 30 hours worked,141,120,21
E01002482,Full-time: 31 to 48 hours worked,454,388,66
E01002482,Full-time: 49 or more hours worked,149,125,24
E01002482,Part-time: 15 hours or less worked,89,103,-14
E01002482,Part-time: 16 to 30 hours worked,115,135,-20
E01002483,Full-time: 31 to 48 hours worked,585,505,80
E01002483,Full-time: 49 or more hours worked,105,125,-20
E01002483,Part-time: 15 hours or less worked,103,70,33
E01002483,Part-time: 16 to 30 hours worked,165,144,21
E01002484,Full-time: 31 to 48 hours worked,405,455,-50
E01002484,Full-time: 49 or more hours worked,87,99,-12
E01002484,Part-time: 15 hours or less worked,81,65,16
E01002484,Part-time: 16 to 30 hours worked,108,117,-9
E01002485,Full-time: 31 to 48 hours worked,604,544,60
E01002485,Full-time: 49 or more hours worked,113,113,0
E01002485,Part-time: 15 hours or less worked,94,65,29
E01002485,Part-time: 16 to 30 hours worked,205,149,56
E01002486,Full-time: 31 to 48 hours worked,600,578,22
E01002486,Full-time: 49 or more hours worked,73,110,-37
E01002486,Part-time: 15 hours or less worked,113,76,37
E01002486,Part-time: 16 to 30 hours worked,206,173,33
E01002487,Full-time: 31 to 48 hours worked,472,498,-26
E01002487,Full-time: 49 or more hours worked,71,84,-13
E01002487,Part-time: 15 hours or less worked,105,86,19
E01002487,Part-time: 16 to 30 hours worked,190,162,28
E01002488,Full-time: 31 to 48 hours worked,483,500,-17
E01002488,Full-time: 49 or more hours worked,58,59,-1
E01002488,Part-time: 15 hours or less worked,88,73,15
E01002488,Part-time: 16 to 30 hours worked,166,157,9
E01002489,Full-time: 31 to 48 hours worked,549,541,8
E01002489,Full-time: 49 or more hours worked,66,64,2
E01002489,Part-time: 15 hours or less worked,97,94,3
E01002489,Part-time: 16 to 30 hours worked,192,155,37
E01002490,Full-time: 31 to 48 hours worked,590,617,-27
E01002490,Full-time: 49 or more hours worked,74,98,-24
E01002490,Part-time: 15 hours or less worked,108,98,10
E01002490,Part-time: 16 to 30 hours worked,213,177,36
E01002491,Full-time: 31 to 48 hours worked,388,381,7
E01002491,Full-time: 49 or more hours worked,60,58,2
E01002491,Part-time: 15 hours or less worked,100,86,14
E01002491,Part-time: 16 to 30 hours worked,171,139,32
E01002492,Full-time: 31 to 48 hours worked,433,440,-7
E01002492,Full-time: 49 or more hours worked,54,70,-16
E01002492,Part-time: 15 hours or less worked,109,76,33
E01002492,Part-time: 16 to 30 hours worked,189,146,43
E01002493,Full-time: 31 to 48 hours worked,411,457,-46
E01002493,Full-time: 49 or more hours worked,58,50,8
E01002493,Part-time: 15 hours or less worked,95,63,32
E01002493,Part-time: 16 to 30 hours worked,188,157,31
E01002494,Full-time: 31 to 48 hours worked,543,623,-80
E01002494,Full-time: 49 or more hours worked,102,91,11
E01002494,Part-time: 15 hours or less worked,120,64,56
E01002494,Part-time: 16 to 30 hours worked,165,143,22
E01002495,Full-time: 31 to 48 hours worked,638,968,-330
E01002495,Full-time: 49 or more hours worked,124,215,-91
E01002495,Part-time: 15 hours or less worked,90,84,6
E01002495,Part-time: 16 to 30 hours worked,166,125,41
E01002496,Full-time: 31 to 48 hours worked,653,604,49
E01002496,Full-time: 49 or more hours worked,100,115,-15
E01002496,Part-time: 15 hours or less worked,103,70,33
E01002496,Part-time: 16 to 30 hours worked,167,156,11
E01002497,Full-time: 31 to 48 hours worked,838,551,287
E01002497,Full-time: 49 or more hours worked,140,105,35
E01002497,Part-time: 15 hours or less worked,110,87,23
E01002497,Part-time: 16 to 30 hours worked,183,169,14
E01002498,Full-time: 31 to 48 hours worked,440,444,-4
E01002498,Full-time: 49 or more hours worked,70,77,-7
E01002498,Part-time: 15 hours or less worked,62,67,-5
E01002498,Part-time: 16 to 30 hours worked,119,125,-6
E01002499,Full-time: 31 to 48 hours worked,721,566,155
E01002499,Full-time: 49 or more hours worked,123,102,21
E01002499,Part-time: 15 hours or less worked,86,71,15
E01002499,Part-time: 16 to 30 hours worked,167,125,42
E01002501,Full-time: 31 to 48 hours worked,454,455,-1
E01002501,Full-time: 49 or more hours worked,57,66,-9
E01002501,Part-time: 15 hours or less worked,83,82,1
E01002501,Part-time: 16 to 30 hours worked,171,145,26
E01002502,Full-time: 31 to 48 hours worked,415,462,-47
E01002502,Full-time: 49 or more hours worked,62,99,-37
E01002502,Part-time: 15 hours or less worked,94,80,14
E01002502,Part-time: 16 to 30 hours worked,151,158,-7
E01002503,Full-time: 31 to 48 hours worked,475,435,40
E01002503,Full-time: 49 or more hours worked,66,63,3
E01002503,Part-time: 15 hours or less worked,88,93,-5
E01002503,Part-time: 16 to 30 hours worked,166,143,23
E01002505,Full-time: 31 to 48 hours worked,459,474,-15
E01002505,Full-time: 49 or more hours worked,65,68,-3
E01002505,Part-time: 15 hours or less worked,82,58,24
E01002505,Part-time: 16 to 30 hours worked,156,143,13
E01002506,Full-time: 31 to 48 hours worked,490,431,59
E01002506,Full-time: 49 or more hours worked,61,63,-2
E01002506,Part-time: 15 hours or less worked,105,80,25
E01002506,Part-time: 16 to 30 hours worked,215,159,56
E01002507,Full-time: 31 to 48 hours worked,541,454,87
E01002507,Full-time: 49 or more hours worked,66,83,-17
E01002507,Part-time: 15 hours or less worked,102,70,32
E01002507,Part-time: 16 to 30 hours worked,162,129,33
E01002508,Full-time: 31 to 48 hours worked,453,378,75
E01002508,Full-time: 49 or more hours worked,72,60,12
E01002508,Part-time: 15 hours or less worked,102,74,28
E01002508,Part-time: 16 to 30 hours worked,205,149,56
E01002509,Full-time: 31 to 48 hours worked,454,429,25
E01002509,Full-time: 49 or more hours worked,83,96,-13
E01002509,Part-time: 15 hours or less worked,82,70,12
E01002509,Part-time: 16 to 30 hours worked,122,125,-3
E01002511,Full-time: 31 to 48 hours worked,456,431,25
E01002511,Full-time: 49 or more hours worked,74,93,-19
E01002511,Part-time: 15 hours or less worked,84,62,22
E01002511,Part-time: 16 to 30 hours worked,121,120,1
E01002512,Full-time: 31 to 48 hours worked,685,515,170
E01002512,Full-time: 49 or more hours worked,101,140,-39
E01002512,Part-time: 15 hours or less worked,86,84,2
E01002512,Part-time: 16 to 30 hours worked,173,146,27
E01002513,Full-time: 31 to 48 hours worked,418,407,11
E01002513,Full-time: 49 or more hours worked,71,117,-46
E01002513,Part-time: 15 hours or less worked,57,55,2
E01002513,Part-time: 16 to 30 hours worked,107,105,2
E01002514,Full-time: 31 to 48 hours worked,706,644,62
E01002514,Full-time: 49 or more hours worked,111,177,-66
E01002514,Part-time: 15 hours or less worked,91,81,10
E01002514,Part-time: 16 to 30 hours worked,132,140,-8
E01002516,Full-time: 31 to 48 hours worked,421,418,3
E01002516,Full-time: 49 or more hours worked,84,110,-26
E01002516,Part-time: 15 hours or less worked,95,72,23
E01002516,Part-time: 16 to 30 hours worked,112,140,-28
E01002518,Full-time: 31 to 48 hours worked,366,372,-6
E01002518,Full-time: 49 or more hours worked,55,95,-40
E01002518,Part-time: 15 hours or less worked,72,79,-7
E01002518,Part-time: 16 to 30 hours worked,112,105,7
E01002519,Full-time: 31 to 48 hours worked,683,495,188
E01002519,Full-time: 49 or more hours worked,96,88,8
E01002519,Part-time: 15 hours or less worked,87,69,18
E01002519,Part-time: 16 to 30 hours worked,144,93,51
E01002520,Full-time: 31 to 48 hours worked,623,488,135
E01002520,Full-time: 49 or more hours worked,105,94,11
E01002520,Part-time: 15 hours or less worked,98,65,33
E01002520,Part-time: 16 to 30 hours worked,152,109,43
E01002521,Full-time: 31 to 48 hours worked,606,535,71
E01002521,Full-time: 49 or more hours worked,88,100,-12
E01002521,Part-time: 15 hours or less worked,114,55,59
E01002521,Part-time: 16 to 30 hours worked,146,132,14
E01002523,Full-time: 31 to 48 hours worked,496,435,61
E01002523,Full-time: 49 or more hours worked,90,98,-8
E01002523,Part-time: 15 hours or less worked,79,115,-36
E01002523,Part-time: 16 to 30 hours worked,119,123,-4
E01002525,Full-time: 31 to 48 hours worked,575,531,44
E01002525,Full-time: 49 or more hours worked,99,112,-13
E01002525,Part-time: 15 hours or less worked,80,59,21
E01002525,Part-time: 16 to 30 hours worked,135,138,-3
E01002526,Full-time: 31 to 48 hours worked,944,489,455
E01002526,Full-time: 49 or more hours worked,174,107,67
E01002526,Part-time: 15 hours or less worked,125,63,62
E01002526,Part-time: 16 to 30 hours worked,219,172,47
E01002527,Full-time: 31 to 48 hours worked,474,557,-83
E01002527,Full-time: 49 or more hours worked,82,95,-13
E01002527,Part-time: 15 hours or less worked,67,42,25
E01002527,Part-time: 16 to 30 hours worked,113,117,-4
E01002528,Full-time: 31 to 48 hours worked,503,457,46
E01002528,Full-time: 49 or more hours worked,77,70,7
E01002528,Part-time: 15 hours or less worked,80,68,12
E01002528,Part-time: 16 to 30 hours worked,149,127,22
E01002529,Full-time: 31 to 48 hours worked,803,719,84
E01002529,Full-time: 49 or more hours worked,104,124,-20
E01002529,Part-time: 15 hours or less worked,130,74,56
E01002529,Part-time: 16 to 30 hours worked,195,153,42
E01002530,Full-time: 31 to 48 hours worked,455,317,138
E01002530,Full-time: 49 or more hours worked,76,43,33
E01002530,Part-time: 15 hours or less worked,78,35,43
E01002530,Part-time: 16 to 30 hours worked,169,87,82
E01002531,Full-time: 31 to 48 hours worked,510,506,4
E01002531,Full-time: 49 or more hours worked,91,124,-33
E01002531,Part-time: 15 hours or less worked,80,79,1
E01002531,Part-time: 16 to 30 hours worked,131,128,3
E01002533,Full-time: 31 to 48 hours worked,471,449,22
E01002533,Full-time: 49 or more hours worked,73,85,-12
E01002533,Part-time: 15 hours or less worked,60,50,10
E01002533,Part-time: 16 to 30 hours worked,133,154,-21
E01002534,Full-time: 31 to 48 hours worked,412,411,1
E01002534,Full-time: 49 or more hours worked,91,104,-13
E01002534,Part-time: 15 hours or less worked,79,59,20
E01002534,Part-time: 16 to 30 hours worked,129,119,10
E01002535,Full-time: 31 to 48 hours worked,734,621,113
E01002535,Full-time: 49 or more hours worked,212,156,56
E01002535,Part-time: 15 hours or less worked,105,76,29
E01002535,Part-time: 16 to 30 hours worked,145,136,9
E01002536,Full-time: 31 to 48 hours worked,484,520,-36
E01002536,Full-time: 49 or more hours worked,88,136,-48
E01002536,Part-time: 15 hours or less worked,74,41,33
E01002536,Part-time: 16 to 30 hours worked,94,104,-10
E01002537,Full-time: 31 to 48 hours worked,859,501,358
E01002537,Full-time: 49 or more hours worked,180,121,59
E01002537,Part-time: 15 hours or less worked,95,54,41
E01002537,Part-time: 16 to 30 hours worked,156,117,39
E01002538,Full-time: 31 to 48 hours worked,477,503,-26
E01002538,Full-time: 49 or more hours worked,95,114,-19
E01002538,Part-time: 15 hours or less worked,71,75,-4
E01002538,Part-time: 16 to 30 hours worked,121,145,-24
E01002539,Full-time: 31 to 48 hours worked,458,413,45
E01002539,Full-time: 49 or more hours worked,93,114,-21
E01002539,Part-time: 15 hours or less worked,80,64,16
E01002539,Part-time: 16 to 30 hours worked,134,152,-18
E01002540,Full-time: 31 to 48 hours worked,477,514,-37
E01002540,Full-time: 49 or more hours worked,64,70,-6
E01002540,Part-time: 15 hours or less worked,92,69,23
E01002540,Part-time: 16 to 30 hours worked,149,127,22
E01002541,Full-time: 31 to 48 hours worked,633,666,-33
E01002541,Full-time: 49 or more hours worked,73,133,-60
E01002541,Part-time: 15 hours or less worked,108,70,38
E01002541,Part-time: 16 to 30 hours worked,191,177,14
E01002542,Full-time: 31 to 48 hours worked,426,463,-37
E01002542,Full-time: 49 or more hours worked,56,86,-30
E01002542,Part-time: 15 hours or less worked,108,63,45
E01002542,Part-time: 16 to 30 hours worked,211,166,45
E01002543,Full-time: 31 to 48 hours worked,479,449,30
E01002543,Full-time: 49 or more hours worked,44,60,-16
E01002543,Part-time: 15 hours or less worked,73,62,11
E01002543,Part-time: 16 to 30 hours worked,194,152,42
E01002544,Full-time: 31 to 48 hours worked,506,508,-2
E01002544,Full-time: 49 or more hours worked,64,96,-32
E01002544,Part-time: 15 hours or less worked,81,68,13
E01002544,Part-time: 16 to 30 hours worked,156,139,17
E01002545,Full-time: 31 to 48 hours worked,334,320,14
E01002545,Full-time: 49 or more hours worked,39,38,1
E01002545,Part-time: 15 hours or less worked,68,68,0
E01002545,Part-time: 16 to 30 hours worked,113,116,-3
E01002546,Full-time: 31 to 48 hours worked,441,487,-46
E01002546,Full-time: 49 or more hours worked,57,45,12
E01002546,Part-time: 15 hours or less worked,84,80,4
E01002546,Part-time: 16 to 30 hours worked,170,142,28
E01002547,Full-time: 31 to 48 hours worked,400,409,-9
E01002547,Full-time: 49 or more hours worked,48,53,-5
E01002547,Part-time: 15 hours or less worked,93,64,29
E01002547,Part-time: 16 to 30 hours worked,170,144,26
E01002548,Full-time: 31 to 48 hours worked,521,423,98
E01002548,Full-time: 49 or more hours worked,83,70,13
E01002548,Part-time: 15 hours or less worked,65,56,9
E01002548,Part-time: 16 to 30 hours worked,139,125,14
E01002549,Full-time: 31 to 48 hours worked,531,723,-192
E01002549,Full-time: 49 or more hours worked,79,101,-22
E01002549,Part-time: 15 hours or less worked,80,97,-17
E01002549,Part-time: 16 to 30 hours worked,142,164,-22
E01002550,Full-time: 31 to 48 hours worked,602,639,-37
E01002550,Full-time: 49 or more hours worked,85,105,-20
E01002550,Part-time: 15 hours or less worked,81,74,7
E01002550,Part-time: 16 to 30 hours worked,144,120,24
E01002551,Full-time: 31 to 48 hours worked,564,440,124
E01002551,Full-time: 49 or more hours worked,75,68,7
E01002551,Part-time: 15 hours or less worked,92,53,39
E01002551,Part-time: 16 to 30 hours worked,197,120,77
E01002552,Full-time: 31 to 48 hours worked,508,436,72
E01002552,Full-time: 49 or more hours worked,83,78,5
E01002552,Part-time: 15 hours or less worked,78,72,6
E01002552,Part-time: 16 to 30 hours worked,168,137,31
E01002553,Full-time: 31 to 48 hours worked,516,484,32
E01002553,Full-time: 49 or more hours worked,73,66,7
E01002553,Part-time: 15 hours or less worked,77,67,10
E01002553,Part-time: 16 to 30 hours worked,152,130,22
E01002555,Full-time: 31 to 48 hours worked,690,678,12
E01002555,Full-time: 49 or more hours worked,88,114,-26
E01002555,Part-time: 15 hours or less worked,85,77,8
E01002555,Part-time: 16 to 30 hours worked,179,150,29
E01002556,Full-time: 31 to 48 hours worked,552,527,25
E01002556,Full-time: 49 or more hours worked,59,72,-13
E01002556,Part-time: 15 hours or less worked,116,64,52
E01002556,Part-time: 16 to 30 hours worked,182,152,30
E01002557,Full-time: 31 to 48 hours worked,578,549,29
E01002557,Full-time: 49 or more hours worked,96,118,-22
E01002557,Part-time: 15 hours or less worked,120,87,33
E01002557,Part-time: 16 to 30 hours worked,195,150,45
E01002558,Full-time: 31 to 48 hours worked,594,567,27
E01002558,Full-time: 49 or more hours worked,76,111,-35
E01002558,Part-time: 15 hours or less worked,119,65,54
E01002558,Part-time: 16 to 30 hours worked,194,156,38
E01002559,Full-time: 31 to 48 hours worked,742,727,15
E01002559,Full-time: 49 or more hours worked,111,141,-30
E01002559,Part-time: 15 hours or less worked,147,92,55
E01002559,Part-time: 16 to 30 hours worked,271,205,66
E01002560,Full-time: 31 to 48 hours worked,570,503,67
E01002560,Full-time: 49 or more hours worked,85,90,-5
E01002560,Part-time: 15 hours or less worked,103,68,35
E01002560,Part-time: 16 to 30 hours worked,150,124,26
E01002561,Full-time: 31 to 48 hours worked,512,403,109
E01002561,Full-time: 49 or more hours worked,49,66,-17
E01002561,Part-time: 15 hours or less worked,80,51,29
E01002561,Part-time: 16 to 30 hours worked,127,117,10
E01002562,Full-time: 31 to 48 hours worked,334,407,-73
E01002562,Full-time: 49 or more hours worked,85,79,6
E01002562,Part-time: 15 hours or less worked,90,54,36
E01002562,Part-time: 16 to 30 hours worked,113,113,0
E01002563,Full-time: 31 to 48 hours worked,583,556,27
E01002563,Full-time: 49 or more hours worked,150,134,16
E01002563,Part-time: 15 hours or less worked,120,70,50
E01002563,Part-time: 16 to 30 hours worked,139,151,-12
E01002564,Full-time: 31 to 48 hours worked,546,573,-27
E01002564,Full-time: 49 or more hours worked,92,125,-33
E01002564,Part-time: 15 hours or less worked,105,66,39
E01002564,Part-time: 16 to 30 hours worked,153,130,23
E01002565,Full-time: 31 to 48 hours worked,798,859,-61
E01002565,Full-time: 49 or more hours worked,164,167,-3
E01002565,Part-time: 15 hours or less worked,122,157,-35
E01002565,Part-time: 16 to 30 hours worked,177,229,-52
E01002567,Full-time: 31 to 48 hours worked,583,663,-80
E01002567,Full-time: 49 or more hours worked,138,203,-65
E01002567,Part-time: 15 hours or less worked,113,60,53
E01002567,Part-time: 16 to 30 hours worked,166,156,10
E01002569,Full-time: 31 to 48 hours worked,659,562,97
E01002569,Full-time: 49 or more hours worked,248,306,-58
E01002569,Part-time: 15 hours or less worked,106,75,31
E01002569,Part-time: 16 to 30 hours worked,131,108,23
E01002570,Full-time: 31 to 48 hours worked,529,600,-71
E01002570,Full-time: 49 or more hours worked,175,245,-70
E01002570,Part-time: 15 hours or less worked,99,67,32
E01002570,Part-time: 16 to 30 hours worked,104,109,-5
E01002571,Full-time: 31 to 48 hours worked,356,383,-27
E01002571,Full-time: 49 or more hours worked,148,214,-66
E01002571,Part-time: 15 hours or less worked,65,64,1
E01002571,Part-time: 16 to 30 hours worked,79,110,-31
E01002572,Full-time: 31 to 48 hours worked,408,452,-44
E01002572,Full-time: 49 or more hours worked,84,91,-7
E01002572,Part-time: 15 hours or less worked,76,81,-5
E01002572,Part-time: 16 to 30 hours worked,127,121,6
E01002573,Full-time: 31 to 48 hours worked,398,445,-47
E01002573,Full-time: 49 or more hours worked,180,243,-63
E01002573,Part-time: 15 hours or less worked,100,71,29
E01002573,Part-time: 16 to 30 hours worked,121,117,4
E01002574,Full-time: 31 to 48 hours worked,576,468,108
E01002574,Full-time: 49 or more hours worked,160,225,-65
E01002574,Part-time: 15 hours or less worked,113,81,32
E01002574,Part-time: 16 to 30 hours worked,139,107,32
E01002575,Full-time: 31 to 48 hours worked,452,523,-71
E01002575,Full-time: 49 or more hours worked,210,245,-35
E01002575,Part-time: 15 hours or less worked,104,56,48
E01002575,Part-time: 16 to 30 hours worked,92,118,-26
E01002576,Full-time: 31 to 48 hours worked,480,375,105
E01002576,Full-time: 49 or more hours worked,136,154,-18
E01002576,Part-time: 15 hours or less worked,100,62,38
E01002576,Part-time: 16 to 30 hours worked,120,111,9
E01002577,Full-time: 31 to 48 hours worked,545,588,-43
E01002577,Full-time: 49 or more hours worked,170,265,-95
E01002577,Part-time: 15 hours or less worked,83,101,-18
E01002577,Part-time: 16 to 30 hours worked,137,153,-16
E01002578,Full-time: 31 to 48 hours worked,365,366,-1
E01002578,Full-time: 49 or more hours worked,153,224,-71
E01002578,Part-time: 15 hours or less worked,81,55,26
E01002578,Part-time: 16 to 30 hours worked,115,125,-10
E01002579,Full-time: 31 to 48 hours worked,389,482,-93
E01002579,Full-time: 49 or more hours worked,177,243,-66
E01002579,Part-time: 15 hours or less worked,113,77,36
E01002579,Part-time: 16 to 30 hours worked,125,141,-16
E01002580,Full-time: 31 to 48 hours worked,451,475,-24
E01002580,Full-time: 49 or more hours worked,114,161,-47
E01002580,Part-time: 15 hours or less worked,93,38,55
E01002580,Part-time: 16 to 30 hours worked,87,100,-13
E01002581,Full-time: 31 to 48 hours worked,659,706,-47
E01002581,Full-time: 49 or more hours worked,187,251,-64
E01002581,Part-time: 15 hours or less worked,107,69,38
E01002581,Part-time: 16 to 30 hours worked,127,153,-26
E01002582,Full-time: 31 to 48 hours worked,482,496,-14
E01002582,Full-time: 49 or more hours worked,177,248,-71
E01002582,Part-time: 15 hours or less worked,115,81,34
E01002582,Part-time: 16 to 30 hours worked,117,123,-6
E01002583,Full-time: 31 to 48 hours worked,549,363,186
E01002583,Full-time: 49 or more hours worked,58,57,1
E01002583,Part-time: 15 hours or less worked,87,60,27
E01002583,Part-time: 16 to 30 hours worked,136,96,40
E01002584,Full-time: 31 to 48 hours worked,581,502,79
E01002584,Full-time: 49 or more hours worked,63,67,-4
E01002584,Part-time: 15 hours or less worked,109,79,30
E01002584,Part-time: 16 to 30 hours worked,224,164,60
E01002585,Full-time: 31 to 48 hours worked,547,465,82
E01002585,Full-time: 49 or more hours worked,50,73,-23
E01002585,Part-time: 15 hours or less worked,102,62,40
E01002585,Part-time: 16 to 30 hours worked,180,165,15
E01002586,Full-time: 31 to 48 hours worked,561,735,-174
E01002586,Full-time: 49 or more hours worked,71,109,-38
E01002586,Part-time: 15 hours or less worked,92,77,15
E01002586,Part-time: 16 to 30 hours worked,185,161,24
E01002587,Full-time: 31 to 48 hours worked,633,565,68
E01002587,Full-time: 49 or more hours worked,102,65,37
E01002587,Part-time: 15 hours or less worked,141,92,49
E01002587,Part-time: 16 to 30 hours worked,189,163,26
E01002588,Full-time: 31 to 48 hours worked,470,367,103
E01002588,Full-time: 49 or more hours worked,67,62,5
E01002588,Part-time: 15 hours or less worked,88,56,32
E01002588,Part-time: 16 to 30 hours worked,172,156,16
E01002589,Full-time: 31 to 48 hours worked,679,539,140
E01002589,Full-time: 49 or more hours worked,86,82,4
E01002589,Part-time: 15 hours or less worked,130,88,42
E01002589,Part-time: 16 to 30 hours worked,229,157,72
E01002590,Full-time: 31 to 48 hours worked,716,605,111
E01002590,Full-time: 49 or more hours worked,90,101,-11
E01002590,Part-time: 15 hours or less worked,109,77,32
E01002590,Part-time: 16 to 30 hours worked,194,140,54
E01002591,Full-time: 31 to 48 hours worked,615,550,65
E01002591,Full-time: 49 or more hours worked,96,119,-23
E01002591,Part-time: 15 hours or less worked,96,72,24
E01002591,Part-time: 16 to 30 hours worked,157,113,44
E01002592,Full-time: 31 to 48 hours worked,612,619,-7
E01002592,Full-time: 49 or more hours worked,74,99,-25
E01002592,Part-time: 15 hours or less worked,111,76,35
E01002592,Part-time: 16 to 30 hours worked,183,143,40
E01002593,Full-time: 31 to 48 hours worked,664,698,-34
E01002593,Full-time: 49 or more hours worked,83,101,-18
E01002593,Part-time: 15 hours or less worked,141,75,66
E01002593,Part-time: 16 to 30 hours worked,211,164,47
E01002594,Full-time: 31 to 48 hours worked,692,571,121
E01002594,Full-time: 49 or more hours worked,89,108,-19
E01002594,Part-time: 15 hours or less worked,105,88,17
E01002594,Part-time: 16 to 30 hours worked,204,157,47
E01002595,Full-time: 31 to 48 hours worked,634,610,24
E01002595,Full-time: 49 or more hours worked,79,80,-1
E01002595,Part-time: 15 hours or less worked,124,109,15
E01002595,Part-time: 16 to 30 hours worked,198,144,54
E01002596,Full-time: 31 to 48 hours worked,648,675,-27
E01002596,Full-time: 49 or more hours worked,96,123,-27
E01002596,Part-time: 15 hours or less worked,102,70,32
E01002596,Part-time: 16 to 30 hours worked,165,129,36
E01002598,Full-time: 31 to 48 hours worked,613,554,59
E01002598,Full-time: 49 or more hours worked,69,94,-25
E01002598,Part-time: 15 hours or less worked,95,84,11
E01002598,Part-time: 16 to 30 hours worked,199,139,60
E01002599,Full-time: 31 to 48 hours worked,477,486,-9
E01002599,Full-time: 49 or more hours worked,56,73,-17
E01002599,Part-time: 15 hours or less worked,73,62,11
E01002599,Part-time: 16 to 30 hours worked,143,122,21
E01002600,Full-time: 31 to 48 hours worked,479,476,3
E01002600,Full-time: 49 or more hours worked,70,76,-6
E01002600,Part-time: 15 hours or less worked,87,51,36
E01002600,Part-time: 16 to 30 hours worked,147,134,13
E01002601,Full-time: 31 to 48 hours worked,597,624,-27
E01002601,Full-time: 49 or more hours worked,85,110,-25
E01002601,Part-time: 15 hours or less worked,94,73,21
E01002601,Part-time: 16 to 30 hours worked,171,120,51
E01002602,Full-time: 31 to 48 hours worked,497,522,-25
E01002602,Full-time: 49 or more hours worked,87,89,-2
E01002602,Part-time: 15 hours or less worked,60,65,-5
E01002602,Part-time: 16 to 30 hours worked,144,132,12
E01002603,Full-time: 31 to 48 hours worked,623,643,-20
E01002603,Full-time: 49 or more hours worked,70,90,-20
E01002603,Part-time: 15 hours or less worked,107,65,42
E01002603,Part-time: 16 to 30 hours worked,165,166,-1
E01002604,Full-time: 31 to 48 hours worked,403,369,34
E01002604,Full-time: 49 or more hours worked,35,41,-6
E01002604,Part-time: 15 hours or less worked,81,73,8
E01002604,Part-time: 16 to 30 hours worked,162,158,4
E01002605,Full-time: 31 to 48 hours worked,598,511,87
E01002605,Full-time: 49 or more hours worked,111,100,11
E01002605,Part-time: 15 hours or less worked,118,62,56
E01002605,Part-time: 16 to 30 hours worked,217,169,48
E01002606,Full-time: 31 to 48 hours worked,418,424,-6
E01002606,Full-time: 49 or more hours worked,46,64,-18
E01002606,Part-time: 15 hours or less worked,90,55,35
E01002606,Part-time: 16 to 30 hours worked,148,132,16
E01002607,Full-time: 31 to 48 hours worked,691,578,113
E01002607,Full-time: 49 or more hours worked,79,103,-24
E01002607,Part-time: 15 hours or less worked,160,75,85
E01002607,Part-time: 16 to 30 hours worked,298,162,136
E01002608,Full-time: 31 to 48 hours worked,499,476,23
E01002608,Full-time: 49 or more hours worked,75,78,-3
E01002608,Part-time: 15 hours or less worked,101,68,33
E01002608,Part-time: 16 to 30 hours worked,179,143,36
E01002609,Full-time: 31 to 48 hours worked,521,579,-58
E01002609,Full-time: 49 or more hours worked,91,104,-13
E01002609,Part-time: 15 hours or less worked,103,68,35
E01002609,Part-time: 16 to 30 hours worked,158,149,9
E01002610,Full-time: 31 to 48 hours worked,394,399,-5
E01002610,Full-time: 49 or more hours worked,71,77,-6
E01002610,Part-time: 15 hours or less worked,88,67,21
E01002610,Part-time: 16 to 30 hours worked,162,125,37
E01002611,Full-time: 31 to 48 hours worked,622,551,71
E01002611,Full-time: 49 or more hours worked,74,107,-33
E01002611,Part-time: 15 hours or less worked,93,81,12
E01002611,Part-time: 16 to 30 hours worked,197,163,34
E01002612,Full-time: 31 to 48 hours worked,669,513,156
E01002612,Full-time: 49 or more hours worked,99,81,18
E01002612,Part-time: 15 hours or less worked,122,54,68
E01002612,Part-time: 16 to 30 hours worked,174,146,28
E01002613,Full-time: 31 to 48 hours worked,555,547,8
E01002613,Full-time: 49 or more hours worked,78,87,-9
E01002613,Part-time: 15 hours or less worked,122,73,49
E01002613,Part-time: 16 to 30 hours worked,183,177,6
E01002614,Full-time: 31 to 48 hours worked,680,633,47
E01002614,Full-time: 49 or more hours worked,97,98,-1
E01002614,Part-time: 15 hours or less worked,117,59,58
E01002614,Part-time: 16 to 30 hours worked,172,166,6
E01002615,Full-time: 31 to 48 hours worked,389,381,8
E01002615,Full-time: 49 or more hours worked,51,68,-17
E01002615,Part-time: 15 hours or less worked,83,63,20
E01002615,Part-time: 16 to 30 hours worked,139,139,0
E01002616,Full-time: 31 to 48 hours worked,525,419,106
E01002616,Full-time: 49 or more hours worked,57,78,-21
E01002616,Part-time: 15 hours or less worked,79,47,32
E01002616,Part-time: 16 to 30 hours worked,125,127,-2
E01002617,Full-time: 31 to 48 hours worked,509,540,-31
E01002617,Full-time: 49 or more hours worked,98,123,-25
E01002617,Part-time: 15 hours or less worked,94,73,21
E01002617,Part-time: 16 to 30 hours worked,159,131,28
E01002618,Full-time: 31 to 48 hours worked,558,512,46
E01002618,Full-time: 49 or more hours worked,60,89,-29
E01002618,Part-time: 15 hours or less worked,104,80,24
E01002618,Part-time: 16 to 30 hours worked,183,149,34
E01002619,Full-time: 31 to 48 hours worked,528,555,-27
E01002619,Full-time: 49 or more hours worked,80,87,-7
E01002619,Part-time: 15 hours or less worked,114,89,25
E01002619,Part-time: 16 to 30 hours worked,191,164,27
E01002620,Full-time: 31 to 48 hours worked,736,462,274
E01002620,Full-time: 49 or more hours worked,66,67,-1
E01002620,Part-time: 15 hours or less worked,154,69,85
E01002620,Part-time: 16 to 30 hours worked,265,144,121
E01002621,Full-time: 31 to 48 hours worked,550,566,-16
E01002621,Full-time: 49 or more hours worked,64,78,-14
E01002621,Part-time: 15 hours or less worked,121,69,52
E01002621,Part-time: 16 to 30 hours worked,197,145,52
E01002622,Full-time: 31 to 48 hours worked,545,568,-23
E01002622,Full-time: 49 or more hours worked,62,75,-13
E01002622,Part-time: 15 hours or less worked,87,79,8
E01002622,Part-time: 16 to 30 hours worked,161,166,-5
E01002623,Full-time: 31 to 48 hours worked,521,440,81
E01002623,Full-time: 49 or more hours worked,62,69,-7
E01002623,Part-time: 15 hours or less worked,89,72,17
E01002623,Part-time: 16 to 30 hours worked,168,153,15
E01002624,Full-time: 31 to 48 hours worked,475,485,-10
E01002624,Full-time: 49 or more hours worked,51,67,-16
E01002624,Part-time: 15 hours or less worked,122,70,52
E01002624,Part-time: 16 to 30 hours worked,153,123,30
E01002625,Full-time: 31 to 48 hours worked,448,495,-47
E01002625,Full-time: 49 or more hours worked,52,79,-27
E01002625,Part-time: 15 hours or less worked,102,80,22
E01002625,Part-time: 16 to 30 hours worked,163,164,-1
E01002626,Full-time: 31 to 48 hours worked,453,476,-23
E01002626,Full-time: 49 or more hours worked,71,87,-16
E01002626,Part-time: 15 hours or less worked,92,84,8
E01002626,Part-time: 16 to 30 hours worked,145,141,4
E01002627,Full-time: 31 to 48 hours worked,401,435,-34
E01002627,Full-time: 49 or more hours worked,43,60,-17
E01002627,Part-time: 15 hours or less worked,93,54,39
E01002627,Part-time: 16 to 30 hours worked,159,150,9
E01002628,Full-time: 31 to 48 hours worked,550,591,-41
E01002628,Full-time: 49 or more hours worked,69,105,-36
E01002628,Part-time: 15 hours or less worked,154,100,54
E01002628,Part-time: 16 to 30 hours worked,203,182,21
E01002629,Full-time: 31 to 48 hours worked,832,632,200
E01002629,Full-time: 49 or more hours worked,94,97,-3
E01002629,Part-time: 15 hours or less worked,137,79,58
E01002629,Part-time: 16 to 30 hours worked,205,153,52
E01002630,Full-time: 31 to 48 hours worked,499,535,-36
E01002630,Full-time: 49 or more hours worked,83,95,-12
E01002630,Part-time: 15 hours or less worked,162,65,97
E01002630,Part-time: 16 to 30 hours worked,257,166,91
E01002631,Full-time: 31 to 48 hours worked,450,477,-27
E01002631,Full-time: 49 or more hours worked,63,62,1
E01002631,Part-time: 15 hours or less worked,92,63,29
E01002631,Part-time: 16 to 30 hours worked,164,153,11
E01002632,Full-time: 31 to 48 hours worked,546,571,-25
E01002632,Full-time: 49 or more hours worked,47,90,-43
E01002632,Part-time: 15 hours or less worked,100,90,10
E01002632,Part-time: 16 to 30 hours worked,163,147,16
E01002633,Full-time: 31 to 48 hours worked,463,362,101
E01002633,Full-time: 49 or more hours worked,57,60,-3
E01002633,Part-time: 15 hours or less worked,128,64,64
E01002633,Part-time: 16 to 30 hours worked,209,140,69
E01002634,Full-time: 31 to 48 hours worked,342,343,-1
E01002634,Full-time: 49 or more hours worked,46,53,-7
E01002634,Part-time: 15 hours or less worked,96,57,39
E01002634,Part-time: 16 to 30 hours worked,190,133,57
E01002635,Full-time: 31 to 48 hours worked,528,556,-28
E01002635,Full-time: 49 or more hours worked,84,53,31
E01002635,Part-time: 15 hours or less worked,103,73,30
E01002635,Part-time: 16 to 30 hours worked,205,156,49
E01002636,Full-time: 31 to 48 hours worked,589,610,-21
E01002636,Full-time: 49 or more hours worked,55,85,-30
E01002636,Part-time: 15 hours or less worked,104,81,23
E01002636,Part-time: 16 to 30 hours worked,217,165,52
E01002637,Full-time: 31 to 48 hours worked,412,411,1
E01002637,Full-time: 49 or more hours worked,50,44,6
E01002637,Part-time: 15 hours or less worked,107,70,37
E01002637,Part-time: 16 to 30 hours worked,227,130,97
E01002638,Full-time: 31 to 48 hours worked,487,406,81
E01002638,Full-time: 49 or more hours worked,79,70,9
E01002638,Part-time: 15 hours or less worked,133,75,58
E01002638,Part-time: 16 to 30 hours worked,223,157,66
E01002639,Full-time: 31 to 48 hours worked,547,579,-32
E01002639,Full-time: 49 or more hours worked,74,79,-5
E01002639,Part-time: 15 hours or less worked,99,80,19
E01002639,Part-time: 16 to 30 hours worked,163,192,-29
E01002640,Full-time: 31 to 48 hours worked,728,592,136
E01002640,Full-time: 49 or more hours worked,74,83,-9
E01002640,Part-time: 15 hours or less worked,160,103,57
E01002640,Part-time: 16 to 30 hours worked,219,195,24
E01002641,Full-time: 31 to 48 hours worked,875,580,295
E01002641,Full-time: 49 or more hours worked,95,125,-30
E01002641,Part-time: 15 hours or less worked,147,90,57
E01002641,Part-time: 16 to 30 hours worked,212,182,30
E01002643,Full-time: 31 to 48 hours worked,784,659,125
E01002643,Full-time: 49 or more hours worked,111,130,-19
E01002643,Part-time: 15 hours or less worked,135,95,40
E01002643,Part-time: 16 to 30 hours worked,220,198,22
E01002645,Full-time: 31 to 48 hours worked,691,638,53
E01002645,Full-time: 49 or more hours worked,78,94,-16
E01002645,Part-time: 15 hours or less worked,128,102,26
E01002645,Part-time: 16 to 30 hours worked,202,201,1
E01002646,Full-time: 31 to 48 hours worked,555,537,18
E01002646,Full-time: 49 or more hours worked,57,55,2
E01002646,Part-time: 15 hours or less worked,120,84,36
E01002646,Part-time: 16 to 30 hours worked,213,147,66
E01002647,Full-time: 31 to 48 hours worked,549,582,-33
E01002647,Full-time: 49 or more hours worked,81,90,-9
E01002647,Part-time: 15 hours or less worked,131,94,37
E01002647,Part-time: 16 to 30 hours worked,175,187,-12
E01002649,Full-time: 31 to 48 hours worked,623,611,12
E01002649,Full-time: 49 or more hours worked,67,91,-24
E01002649,Part-time: 15 hours or less worked,146,123,23
E01002649,Part-time: 16 to 30 hours worked,156,181,-25
E01002650,Full-time: 31 to 48 hours worked,694,664,30
E01002650,Full-time: 49 or more hours worked,74,108,-34
E01002650,Part-time: 15 hours or less worked,130,113,17
E01002650,Part-time: 16 to 30 hours worked,231,202,29
E01002651,Full-time: 31 to 48 hours worked,533,548,-15
E01002651,Full-time: 49 or more hours worked,59,65,-6
E01002651,Part-time: 15 hours or less worked,140,109,31
E01002651,Part-time: 16 to 30 hours worked,166,179,-13
E01002652,Full-time: 31 to 48 hours worked,575,539,36
E01002652,Full-time: 49 or more hours worked,79,77,2
E01002652,Part-time: 15 hours or less worked,113,76,37
E01002652,Part-time: 16 to 30 hours worked,167,167,0
E01002653,Full-time: 31 to 48 hours worked,581,573,8
E01002653,Full-time: 49 or more hours worked,77,96,-19
E01002653,Part-time: 15 hours or less worked,103,89,14
E01002653,Part-time: 16 to 30 hours worked,184,130,54
E01002654,Full-time: 31 to 48 hours worked,595,615,-20
E01002654,Full-time: 49 or more hours worked,92,109,-17
E01002654,Part-time: 15 hours or less worked,105,88,17
E01002654,Part-time: 16 to 30 hours worked,177,155,22
E01002655,Full-time: 31 to 48 hours worked,562,621,-59
E01002655,Full-time: 49 or more hours worked,85,102,-17
E01002655,Part-time: 15 hours or less worked,101,89,12
E01002655,Part-time: 16 to 30 hours worked,165,167,-2
E01002656,Full-time: 31 to 48 hours worked,452,422,30
E01002656,Full-time: 49 or more hours worked,67,76,-9
E01002656,Part-time: 15 hours or less worked,70,62,8
E01002656,Part-time: 16 to 30 hours worked,139,112,27
E01002657,Full-time: 31 to 48 hours worked,613,589,24
E01002657,Full-time: 49 or more hours worked,100,110,-10
E01002657,Part-time: 15 hours or less worked,108,97,11
E01002657,Part-time: 16 to 30 hours worked,179,174,5
E01002658,Full-time: 31 to 48 hours worked,422,434,-12
E01002658,Full-time: 49 or more hours worked,100,122,-22
E01002658,Part-time: 15 hours or less worked,87,59,28
E01002658,Part-time: 16 to 30 hours worked,107,110,-3
E01002659,Full-time: 31 to 48 hours worked,471,430,41
E01002659,Full-time: 49 or more hours worked,72,82,-10
E01002659,Part-time: 15 hours or less worked,82,53,29
E01002659,Part-time: 16 to 30 hours worked,134,120,14
E01002660,Full-time: 31 to 48 hours worked,604,587,17
E01002660,Full-time: 49 or more hours worked,85,95,-10
E01002660,Part-time: 15 hours or less worked,118,92,26
E01002660,Part-time: 16 to 30 hours worked,197,136,61
E01002661,Full-time: 31 to 48 hours worked,722,616,106
E01002661,Full-time: 49 or more hours worked,63,94,-31
E01002661,Part-time: 15 hours or less worked,129,95,34
E01002661,Part-time: 16 to 30 hours worked,233,145,88
E01002662,Full-time: 31 to 48 hours worked,871,744,127
E01002662,Full-time: 49 or more hours worked,101,97,4
E01002662,Part-time: 15 hours or less worked,152,91,61
E01002662,Part-time: 16 to 30 hours worked,224,196,28
E01002663,Full-time: 31 to 48 hours worked,551,750,-199
E01002663,Full-time: 49 or more hours worked,71,90,-19
E01002663,Part-time: 15 hours or less worked,121,92,29
E01002663,Part-time: 16 to 30 hours worked,216,230,-14
E01002665,Full-time: 31 to 48 hours worked,453,481,-28
E01002665,Full-time: 49 or more hours worked,58,54,4
E01002665,Part-time: 15 hours or less worked,87,72,15
E01002665,Part-time: 16 to 30 hours worked,179,143,36
E01002666,Full-time: 31 to 48 hours worked,563,480,83
E01002666,Full-time: 49 or more hours worked,109,51,58
E01002666,Part-time: 15 hours or less worked,95,104,-9
E01002666,Part-time: 16 to 30 hours worked,145,173,-28
E01002667,Full-time: 31 to 48 hours worked,665,491,174
E01002667,Full-time: 49 or more hours worked,156,140,16
E01002667,Part-time: 15 hours or less worked,109,58,51
E01002667,Part-time: 16 to 30 hours worked,163,123,40
E01002668,Full-time: 31 to 48 hours worked,762,780,-18
E01002668,Full-time: 49 or more hours worked,121,164,-43
E01002668,Part-time: 15 hours or less worked,115,50,65
E01002668,Part-time: 16 to 30 hours worked,150,129,21
E01002669,Full-time: 31 to 48 hours worked,565,538,27
E01002669,Full-time: 49 or more hours worked,83,91,-8
E01002669,Part-time: 15 hours or less worked,95,82,13
E01002669,Part-time: 16 to 30 hours worked,188,137,51
E01002670,Full-time: 31 to 48 hours worked,579,564,15
E01002670,Full-time: 49 or more hours worked,131,138,-7
E01002670,Part-time: 15 hours or less worked,104,84,20
E01002670,Part-time: 16 to 30 hours worked,169,139,30
E01002671,Full-time: 31 to 48 hours worked,504,502,2
E01002671,Full-time: 49 or more hours worked,108,137,-29
E01002671,Part-time: 15 hours or less worked,86,67,19
E01002671,Part-time: 16 to 30 hours worked,163,141,22
E01002672,Full-time: 31 to 48 hours worked,506,462,44
E01002672,Full-time: 49 or more hours worked,68,124,-56
E01002672,Part-time: 15 hours or less worked,89,60,29
E01002672,Part-time: 16 to 30 hours worked,146,150,-4
E01002673,Full-time: 31 to 48 hours worked,271,297,-26
E01002673,Full-time: 49 or more hours worked,33,48,-15
E01002673,Part-time: 15 hours or less worked,71,94,-23
E01002673,Part-time: 16 to 30 hours worked,153,149,4
E01002674,Full-time: 31 to 48 hours worked,675,589,86
E01002674,Full-time: 49 or more hours worked,113,111,2
E01002674,Part-time: 15 hours or less worked,125,85,40
E01002674,Part-time: 16 to 30 hours worked,164,131,33
E01002675,Full-time: 31 to 48 hours worked,832,933,-101
E01002675,Full-time: 49 or more hours worked,137,203,-66
E01002675,Part-time: 15 hours or less worked,124,127,-3
E01002675,Part-time: 16 to 30 hours worked,231,231,0
E01002676,Full-time: 31 to 48 hours worked,532,563,-31
E01002676,Full-time: 49 or more hours worked,120,112,8
E01002676,Part-time: 15 hours or less worked,96,65,31
E01002676,Part-time: 16 to 30 hours worked,116,125,-9
E01002677,Full-time: 31 to 48 hours worked,735,409,326
E01002677,Full-time: 49 or more hours worked,165,101,64
E01002677,Part-time: 15 hours or less worked,106,60,46
E01002677,Part-time: 16 to 30 hours worked,164,116,48
E01002678,Full-time: 31 to 48 hours worked,635,626,9
E01002678,Full-time: 49 or more hours worked,123,158,-35
E01002678,Part-time: 15 hours or less worked,118,95,23
E01002678,Part-time: 16 to 30 hours worked,174,182,-8
E01002679,Full-time: 31 to 48 hours worked,586,625,-39
E01002679,Full-time: 49 or more hours worked,109,122,-13
E01002679,Part-time: 15 hours or less worked,108,74,34
E01002679,Part-time: 16 to 30 hours worked,151,168,-17
E01002680,Full-time: 31 to 48 hours worked,693,598,95
E01002680,Full-time: 49 or more hours worked,135,166,-31
E01002680,Part-time: 15 hours or less worked,111,85,26
E01002680,Part-time: 16 to 30 hours worked,147,185,-38
E01002681,Full-time: 31 to 48 hours worked,764,678,86
E01002681,Full-time: 49 or more hours worked,125,121,4
E01002681,Part-time: 15 hours or less worked,124,83,41
E01002681,Part-time: 16 to 30 hours worked,212,165,47
E01002682,Full-time: 31 to 48 hours worked,780,824,-44
E01002682,Full-time: 49 or more hours worked,119,163,-44
E01002682,Part-time: 15 hours or less worked,100,89,11
E01002682,Part-time: 16 to 30 hours worked,203,159,44
E01002686,Full-time: 31 to 48 hours worked,444,481,-37
E01002686,Full-time: 49 or more hours worked,75,72,3
E01002686,Part-time: 15 hours or less worked,92,66,26
E01002686,Part-time: 16 to 30 hours worked,168,170,-2
E01002687,Full-time: 31 to 48 hours worked,579,559,20
E01002687,Full-time: 49 or more hours worked,158,200,-42
E01002687,Part-time: 15 hours or less worked,80,45,35
E01002687,Part-time: 16 to 30 hours worked,115,86,29
E01002689,Full-time: 31 to 48 hours worked,382,425,-43
E01002689,Full-time: 49 or more hours worked,157,205,-48
E01002689,Part-time: 15 hours or less worked,83,63,20
E01002689,Part-time: 16 to 30 hours worked,113,110,3
E01002690,Full-time: 31 to 48 hours worked,338,394,-56
E01002690,Full-time: 49 or more hours worked,172,209,-37
E01002690,Part-time: 15 hours or less worked,88,69,19
E01002690,Part-time: 16 to 30 hours worked,105,92,13
E01002691,Full-time: 31 to 48 hours worked,518,543,-25
E01002691,Full-time: 49 or more hours worked,128,138,-10
E01002691,Part-time: 15 hours or less worked,109,78,31
E01002691,Part-time: 16 to 30 hours worked,120,127,-7
E01002692,Full-time: 31 to 48 hours worked,736,645,91
E01002692,Full-time: 49 or more hours worked,222,258,-36
E01002692,Part-time: 15 hours or less worked,91,53,38
E01002692,Part-time: 16 to 30 hours worked,122,114,8
E01002693,Full-time: 31 to 48 hours worked,545,553,-8
E01002693,Full-time: 49 or more hours worked,164,201,-37
E01002693,Part-time: 15 hours or less worked,90,50,40
E01002693,Part-time: 16 to 30 hours worked,77,115,-38
E01002694,Full-time: 31 to 48 hours worked,385,324,61
E01002694,Full-time: 49 or more hours worked,82,90,-8
E01002694,Part-time: 15 hours or less worked,84,64,20
E01002694,Part-time: 16 to 30 hours worked,182,120,62
E01002695,Full-time: 31 to 48 hours worked,560,586,-26
E01002695,Full-time: 49 or more hours worked,162,224,-62
E01002695,Part-time: 15 hours or less worked,77,53,24
E01002695,Part-time: 16 to 30 hours worked,111,101,10
E01002696,Full-time: 31 to 48 hours worked,644,600,44
E01002696,Full-time: 49 or more hours worked,265,373,-108
E01002696,Part-time: 15 hours or less worked,82,62,20
E01002696,Part-time: 16 to 30 hours worked,91,103,-12
E01002697,Full-time: 31 to 48 hours worked,544,366,178
E01002697,Full-time: 49 or more hours worked,81,85,-4
E01002697,Part-time: 15 hours or less worked,124,72,52
E01002697,Part-time: 16 to 30 hours worked,165,142,23
E01002698,Full-time: 31 to 48 hours worked,721,748,-27
E01002698,Full-time: 49 or more hours worked,368,336,32
E01002698,Part-time: 15 hours or less worked,90,79,11
E01002698,Part-time: 16 to 30 hours worked,86,128,-42
E01002699,Full-time: 31 to 48 hours worked,453,370,83
E01002699,Full-time: 49 or more hours worked,198,235,-37
E01002699,Part-time: 15 hours or less worked,79,65,14
E01002699,Part-time: 16 to 30 hours worked,128,73,55
E01002700,Full-time: 31 to 48 hours worked,364,524,-160
E01002700,Full-time: 49 or more hours worked,226,338,-112
E01002700,Part-time: 15 hours or less worked,67,73,-6
E01002700,Part-time: 16 to 30 hours worked,80,97,-17
E01002701,Full-time: 31 to 48 hours worked,399,390,9
E01002701,Full-time: 49 or more hours worked,109,150,-41
E01002701,Part-time: 15 hours or less worked,69,60,9
E01002701,Part-time: 16 to 30 hours worked,105,101,4
E01002702,Full-time: 31 to 48 hours worked,617,430,187
E01002702,Full-time: 49 or more hours worked,214,208,6
E01002702,Part-time: 15 hours or less worked,112,69,43
E01002702,Part-time: 16 to 30 hours worked,168,111,57
E01002703,Full-time: 31 to 48 hours worked,672,396,276
E01002703,Full-time: 49 or more hours worked,272,169,103
E01002703,Part-time: 15 hours or less worked,116,51,65
E01002703,Part-time: 16 to 30 hours worked,160,127,33
E01002704,Full-time: 31 to 48 hours worked,607,505,102
E01002704,Full-time: 49 or more hours worked,322,322,0
E01002704,Part-time: 15 hours or less worked,111,108,3
E01002704,Part-time: 16 to 30 hours worked,173,124,49
E01002706,Full-time: 31 to 48 hours worked,533,535,-2
E01002706,Full-time: 49 or more hours worked,208,246,-38
E01002706,Part-time: 15 hours or less worked,88,56,32
E01002706,Part-time: 16 to 30 hours worked,161,143,18
E01002707,Full-time: 31 to 48 hours worked,592,488,104
E01002707,Full-time: 49 or more hours worked,220,321,-101
E01002707,Part-time: 15 hours or less worked,83,53,30
E01002707,Part-time: 16 to 30 hours worked,109,102,7
E01002708,Full-time: 31 to 48 hours worked,654,569,85
E01002708,Full-time: 49 or more hours worked,181,159,22
E01002708,Part-time: 15 hours or less worked,116,72,44
E01002708,Part-time: 16 to 30 hours worked,134,124,10
E01002709,Full-time: 31 to 48 hours worked,504,481,23
E01002709,Full-time: 49 or more hours worked,112,145,-33
E01002709,Part-time: 15 hours or less worked,97,68,29
E01002709,Part-time: 16 to 30 hours worked,106,110,-4
E01002710,Full-time: 31 to 48 hours worked,407,421,-14
E01002710,Full-time: 49 or more hours worked,108,114,-6
E01002710,Part-time: 15 hours or less worked,90,57,33
E01002710,Part-time: 16 to 30 hours worked,133,123,10
E01002711,Full-time: 31 to 48 hours worked,572,657,-85
E01002711,Full-time: 49 or more hours worked,193,277,-84
E01002711,Part-time: 15 hours or less worked,111,107,4
E01002711,Part-time: 16 to 30 hours worked,128,127,1
E01002712,Full-time: 31 to 48 hours worked,496,411,85
E01002712,Full-time: 49 or more hours worked,126,150,-24
E01002712,Part-time: 15 hours or less worked,69,64,5
E01002712,Part-time: 16 to 30 hours worked,84,105,-21
E01002713,Full-time: 31 to 48 hours worked,664,386,278
E01002713,Full-time: 49 or more hours worked,152,66,86
E01002713,Part-time: 15 hours or less worked,99,52,47
E01002713,Part-time: 16 to 30 hours worked,173,120,53
E01002714,Full-time: 31 to 48 hours worked,493,602,-109
E01002714,Full-time: 49 or more hours worked,240,278,-38
E01002714,Part-time: 15 hours or less worked,97,74,23
E01002714,Part-time: 16 to 30 hours worked,117,118,-1
E01002715,Full-time: 31 to 48 hours worked,359,296,63
E01002715,Full-time: 49 or more hours worked,87,78,9
E01002715,Part-time: 15 hours or less worked,94,69,25
E01002715,Part-time: 16 to 30 hours worked,152,124,28
E01002716,Full-time: 31 to 48 hours worked,651,605,46
E01002716,Full-time: 49 or more hours worked,141,229,-88
E01002716,Part-time: 15 hours or less worked,102,91,11
E01002716,Part-time: 16 to 30 hours worked,186,137,49
E01002717,Full-time: 31 to 48 hours worked,354,406,-52
E01002717,Full-time: 49 or more hours worked,128,179,-51
E01002717,Part-time: 15 hours or less worked,66,45,21
E01002717,Part-time: 16 to 30 hours worked,77,75,2
E01002718,Full-time: 31 to 48 hours worked,557,637,-80
E01002718,Full-time: 49 or more hours worked,245,317,-72
E01002718,Part-time: 15 hours or less worked,72,45,27
E01002718,Part-time: 16 to 30 hours worked,115,98,17
E01002719,Full-time: 31 to 48 hours worked,433,440,-7
E01002719,Full-time: 49 or more hours worked,233,280,-47
E01002719,Part-time: 15 hours or less worked,69,42,27
E01002719,Part-time: 16 to 30 hours worked,90,94,-4
E01002720,Full-time: 31 to 48 hours worked,531,533,-2
E01002720,Full-time: 49 or more hours worked,138,149,-11
E01002720,Part-time: 15 hours or less worked,96,84,12
E01002720,Part-time: 16 to 30 hours worked,169,168,1
E01002721,Full-time: 31 to 48 hours worked,557,532,25
E01002721,Full-time: 49 or more hours worked,241,237,4
E01002721,Part-time: 15 hours or less worked,68,46,22
E01002721,Part-time: 16 to 30 hours worked,97,116,-19
E01002722,Full-time: 31 to 48 hours worked,474,380,94
E01002722,Full-time: 49 or more hours worked,131,121,10
E01002722,Part-time: 15 hours or less worked,60,32,28
E01002722,Part-time: 16 to 30 hours worked,88,89,-1
E01002723,Full-time: 31 to 48 hours worked,436,375,61
E01002723,Full-time: 49 or more hours worked,124,139,-15
E01002723,Part-time: 15 hours or less worked,74,66,8
E01002723,Part-time: 16 to 30 hours worked,92,128,-36
E01002724,Full-time: 31 to 48 hours worked,589,589,0
E01002724,Full-time: 49 or more hours worked,307,477,-170
E01002724,Part-time: 15 hours or less worked,102,68,34
E01002724,Part-time: 16 to 30 hours worked,104,103,1
E01002725,Full-time: 31 to 48 hours worked,307,336,-29
E01002725,Full-time: 49 or more hours worked,87,119,-32
E01002725,Part-time: 15 hours or less worked,74,66,8
E01002725,Part-time: 16 to 30 hours worked,114,115,-1
E01002726,Full-time: 31 to 48 hours worked,468,465,3
E01002726,Full-time: 49 or more hours worked,179,260,-81
E01002726,Part-time: 15 hours or less worked,74,66,8
E01002726,Part-time: 16 to 30 hours worked,109,114,-5
E01002727,Full-time: 31 to 48 hours worked,515,480,35
E01002727,Full-time: 49 or more hours worked,233,307,-74
E01002727,Part-time: 15 hours or less worked,75,50,25
E01002727,Part-time: 16 to 30 hours worked,99,113,-14
E01002728,Full-time: 31 to 48 hours worked,253,264,-11
E01002728,Full-time: 49 or more hours worked,73,133,-60
E01002728,Part-time: 15 hours or less worked,72,87,-15
E01002728,Part-time: 16 to 30 hours worked,74,75,-1
E01002729,Full-time: 31 to 48 hours worked,421,444,-23
E01002729,Full-time: 49 or more hours worked,163,237,-74
E01002729,Part-time: 15 hours or less worked,74,62,12
E01002729,Part-time: 16 to 30 hours worked,108,105,3
E01002730,Full-time: 31 to 48 hours worked,639,620,19
E01002730,Full-time: 49 or more hours worked,144,147,-3
E01002730,Part-time: 15 hours or less worked,101,86,15
E01002730,Part-time: 16 to 30 hours worked,147,127,20
E01002732,Full-time: 31 to 48 hours worked,478,482,-4
E01002732,Full-time: 49 or more hours worked,68,98,-30
E01002732,Part-time: 15 hours or less worked,94,79,15
E01002732,Part-time: 16 to 30 hours worked,150,128,22
E01002733,Full-time: 31 to 48 hours worked,573,716,-143
E01002733,Full-time: 49 or more hours worked,130,247,-117
E01002733,Part-time: 15 hours or less worked,65,75,-10
E01002733,Part-time: 16 to 30 hours worked,98,119,-21
E01002734,Full-time: 31 to 48 hours worked,640,340,300
E01002734,Full-time: 49 or more hours worked,88,60,28
E01002734,Part-time: 15 hours or less worked,136,80,56
E01002734,Part-time: 16 to 30 hours worked,200,149,51
E01002735,Full-time: 31 to 48 hours worked,1026,639,387
E01002735,Full-time: 49 or more hours worked,260,118,142
E01002735,Part-time: 15 hours or less worked,166,59,107
E01002735,Part-time: 16 to 30 hours worked,206,120,86
E01002736,Full-time: 31 to 48 hours worked,272,279,-7
E01002736,Full-time: 49 or more hours worked,49,55,-6
E01002736,Part-time: 15 hours or less worked,81,61,20
E01002736,Part-time: 16 to 30 hours worked,121,120,1
E01002737,Full-time: 31 to 48 hours worked,481,399,82
E01002737,Full-time: 49 or more hours worked,87,112,-25
E01002737,Part-time: 15 hours or less worked,104,71,33
E01002737,Part-time: 16 to 30 hours worked,167,147,20
E01002738,Full-time: 31 to 48 hours worked,577,554,23
E01002738,Full-time: 49 or more hours worked,211,225,-14
E01002738,Part-time: 15 hours or less worked,109,52,57
E01002738,Part-time: 16 to 30 hours worked,112,103,9
E01002739,Full-time: 31 to 48 hours worked,621,565,56
E01002739,Full-time: 49 or more hours worked,214,302,-88
E01002739,Part-time: 15 hours or less worked,89,72,17
E01002739,Part-time: 16 to 30 hours worked,127,147,-20
E01002740,Full-time: 31 to 48 hours worked,808,589,219
E01002740,Full-time: 49 or more hours worked,359,370,-11
E01002740,Part-time: 15 hours or less worked,97,77,20
E01002740,Part-time: 16 to 30 hours worked,134,109,25
E01002741,Full-time: 31 to 48 hours worked,419,375,44
E01002741,Full-time: 49 or more hours worked,66,74,-8
E01002741,Part-time: 15 hours or less worked,65,64,1
E01002741,Part-time: 16 to 30 hours worked,153,129,24
E01002742,Full-time: 31 to 48 hours worked,657,573,84
E01002742,Full-time: 49 or more hours worked,230,229,1
E01002742,Part-time: 15 hours or less worked,130,62,68
E01002742,Part-time: 16 to 30 hours worked,155,130,25
E01002743,Full-time: 31 to 48 hours worked,518,479,39
E01002743,Full-time: 49 or more hours worked,168,177,-9
E01002743,Part-time: 15 hours or less worked,65,62,3
E01002743,Part-time: 16 to 30 hours worked,113,118,-5
E01002744,Full-time: 31 to 48 hours worked,482,522,-40
E01002744,Full-time: 49 or more hours worked,164,221,-57
E01002744,Part-time: 15 hours or less worked,72,42,30
E01002744,Part-time: 16 to 30 hours worked,103,97,6
E01002745,Full-time: 31 to 48 hours worked,492,519,-27
E01002745,Full-time: 49 or more hours worked,184,213,-29
E01002745,Part-time: 15 hours or less worked,84,55,29
E01002745,Part-time: 16 to 30 hours worked,110,100,10
E01002747,Full-time: 31 to 48 hours worked,522,570,-48
E01002747,Full-time: 49 or more hours worked,173,190,-17
E01002747,Part-time: 15 hours or less worked,74,74,0
E01002747,Part-time: 16 to 30 hours worked,119,117,2
E01002748,Full-time: 31 to 48 hours worked,481,414,67
E01002748,Full-time: 49 or more hours worked,128,120,8
E01002748,Part-time: 15 hours or less worked,88,58,30
E01002748,Part-time: 16 to 30 hours worked,139,103,36
E01002749,Full-time: 31 to 48 hours worked,483,351,132
E01002749,Full-time: 49 or more hours worked,116,135,-19
E01002749,Part-time: 15 hours or less worked,69,59,10
E01002749,Part-time: 16 to 30 hours worked,120,91,29
E01002751,Full-time: 31 to 48 hours worked,481,470,11
E01002751,Full-time: 49 or more hours worked,107,128,-21
E01002751,Part-time: 15 hours or less worked,94,68,26
E01002751,Part-time: 16 to 30 hours worked,162,161,1
E01002752,Full-time: 31 to 48 hours worked,543,432,111
E01002752,Full-time: 49 or more hours worked,181,168,13
E01002752,Part-time: 15 hours or less worked,93,59,34
E01002752,Part-time: 16 to 30 hours worked,112,120,-8
E01002753,Full-time: 31 to 48 hours worked,474,456,18
E01002753,Full-time: 49 or more hours worked,81,84,-3
E01002753,Part-time: 15 hours or less worked,95,62,33
E01002753,Part-time: 16 to 30 hours worked,115,124,-9
E01002754,Full-time: 31 to 48 hours worked,427,486,-59
E01002754,Full-time: 49 or more hours worked,152,185,-33
E01002754,Part-time: 15 hours or less worked,96,40,56
E01002754,Part-time: 16 to 30 hours worked,138,114,24
E01002755,Full-time: 31 to 48 hours worked,356,327,29
E01002755,Full-time: 49 or more hours worked,61,73,-12
E01002755,Part-time: 15 hours or less worked,76,50,26
E01002755,Part-time: 16 to 30 hours worked,113,113,0
E01002756,Full-time: 31 to 48 hours worked,436,437,-1
E01002756,Full-time: 49 or more hours worked,128,130,-2
E01002756,Part-time: 15 hours or less worked,67,69,-2
E01002756,Part-time: 16 to 30 hours worked,113,109,4
E01002757,Full-time: 31 to 48 hours worked,400,378,22
E01002757,Full-time: 49 or more hours worked,101,118,-17
E01002757,Part-time: 15 hours or less worked,71,57,14
E01002757,Part-time: 16 to 30 hours worked,118,125,-7
E01002758,Full-time: 31 to 48 hours worked,444,273,171
E01002758,Full-time: 49 or more hours worked,57,40,17
E01002758,Part-time: 15 hours or less worked,101,53,48
E01002758,Part-time: 16 to 30 hours worked,149,90,59
E01002759,Full-time: 31 to 48 hours worked,450,568,-118
E01002759,Full-time: 49 or more hours worked,138,159,-21
E01002759,Part-time: 15 hours or less worked,81,47,34
E01002759,Part-time: 16 to 30 hours worked,108,144,-36
E01002760,Full-time: 31 to 48 hours worked,443,347,96
E01002760,Full-time: 49 or more hours worked,83,66,17
E01002760,Part-time: 15 hours or less worked,85,63,22
E01002760,Part-time: 16 to 30 hours worked,164,109,55
E01002762,Full-time: 31 to 48 hours worked,708,743,-35
E01002762,Full-time: 49 or more hours worked,213,229,-16
E01002762,Part-time: 15 hours or less worked,120,75,45
E01002762,Part-time: 16 to 30 hours worked,121,156,-35
E01002763,Full-time: 31 to 48 hours worked,410,418,-8
E01002763,Full-time: 49 or more hours worked,87,93,-6
E01002763,Part-time: 15 hours or less worked,78,77,1
E01002763,Part-time: 16 to 30 hours worked,101,109,-8
E01002764,Full-time: 31 to 48 hours worked,478,525,-47
E01002764,Full-time: 49 or more hours worked,112,137,-25
E01002764,Part-time: 15 hours or less worked,105,82,23
E01002764,Part-time: 16 to 30 hours worked,178,136,42
E01002765,Full-time: 31 to 48 hours worked,747,608,139
E01002765,Full-time: 49 or more hours worked,163,101,62
E01002765,Part-time: 15 hours or less worked,137,90,47
E01002765,Part-time: 16 to 30 hours worked,186,191,-5
E01002766,Full-time: 31 to 48 hours worked,609,400,209
E01002766,Full-time: 49 or more hours worked,151,61,90
E01002766,Part-time: 15 hours or less worked,120,80,40
E01002766,Part-time: 16 to 30 hours worked,171,128,43
E01002767,Full-time: 31 to 48 hours worked,650,589,61
E01002767,Full-time: 49 or more hours worked,157,146,11
E01002767,Part-time: 15 hours or less worked,101,71,30
E01002767,Part-time: 16 to 30 hours worked,180,195,-15
E01002768,Full-time: 31 to 48 hours worked,588,548,40
E01002768,Full-time: 49 or more hours worked,112,132,-20
E01002768,Part-time: 15 hours or less worked,74,66,8
E01002768,Part-time: 16 to 30 hours worked,125,126,-1
E01002769,Full-time: 31 to 48 hours worked,516,560,-44
E01002769,Full-time: 49 or more hours worked,144,183,-39
E01002769,Part-time: 15 hours or less worked,104,107,-3
E01002769,Part-time: 16 to 30 hours worked,138,152,-14
E01002770,Full-time: 31 to 48 hours worked,678,517,161
E01002770,Full-time: 49 or more hours worked,175,165,10
E01002770,Part-time: 15 hours or less worked,98,51,47
E01002770,Part-time: 16 to 30 hours worked,109,137,-28
E01002771,Full-time: 31 to 48 hours worked,483,537,-54
E01002771,Full-time: 49 or more hours worked,101,159,-58
E01002771,Part-time: 15 hours or less worked,102,70,32
E01002771,Part-time: 16 to 30 hours worked,169,145,24
E01002772,Full-time: 31 to 48 hours worked,697,639,58
E01002772,Full-time: 49 or more hours worked,154,177,-23
E01002772,Part-time: 15 hours or less worked,105,58,47
E01002772,Part-time: 16 to 30 hours worked,147,139,8
E01002773,Full-time: 31 to 48 hours worked,332,238,94
E01002773,Full-time: 49 or more hours worked,68,54,14
E01002773,Part-time: 15 hours or less worked,132,42,90
E01002773,Part-time: 16 to 30 hours worked,151,98,53
E01002774,Full-time: 31 to 48 hours worked,790,724,66
E01002774,Full-time: 49 or more hours worked,155,134,21
E01002774,Part-time: 15 hours or less worked,115,87,28
E01002774,Part-time: 16 to 30 hours worked,209,193,16
E01002775,Full-time: 31 to 48 hours worked,540,564,-24
E01002775,Full-time: 49 or more hours worked,207,257,-50
E01002775,Part-time: 15 hours or less worked,66,42,24
E01002775,Part-time: 16 to 30 hours worked,93,83,10
E01002776,Full-time: 31 to 48 hours worked,596,485,111
E01002776,Full-time: 49 or more hours worked,217,191,26
E01002776,Part-time: 15 hours or less worked,75,64,11
E01002776,Part-time: 16 to 30 hours worked,133,121,12
E01002777,Full-time: 31 to 48 hours worked,610,596,14
E01002777,Full-time: 49 or more hours worked,192,224,-32
E01002777,Part-time: 15 hours or less worked,72,76,-4
E01002777,Part-time: 16 to 30 hours worked,131,119,12
E01002778,Full-time: 31 to 48 hours worked,470,388,82
E01002778,Full-time: 49 or more hours worked,93,90,3
E01002778,Part-time: 15 hours or less worked,73,49,24
E01002778,Part-time: 16 to 30 hours worked,182,119,63
E01002779,Full-time: 31 to 48 hours worked,570,641,-71
E01002779,Full-time: 49 or more hours worked,168,207,-39
E01002779,Part-time: 15 hours or less worked,134,71,63
E01002779,Part-time: 16 to 30 hours worked,146,130,16
E01002780,Full-time: 31 to 48 hours worked,648,588,60
E01002780,Full-time: 49 or more hours worked,158,182,-24
E01002780,Part-time: 15 hours or less worked,75,51,24
E01002780,Part-time: 16 to 30 hours worked,112,106,6
E01002781,Full-time: 31 to 48 hours worked,552,385,167
E01002781,Full-time: 49 or more hours worked,142,121,21
E01002781,Part-time: 15 hours or less worked,126,51,75
E01002781,Part-time: 16 to 30 hours worked,143,80,63
E01002782,Full-time: 31 to 48 hours worked,336,316,20
E01002782,Full-time: 49 or more hours worked,66,85,-19
E01002782,Part-time: 15 hours or less worked,80,52,28
E01002782,Part-time: 16 to 30 hours worked,143,121,22
E01002783,Full-time: 31 to 48 hours worked,450,442,8
E01002783,Full-time: 49 or more hours worked,98,91,7
E01002783,Part-time: 15 hours or less worked,97,48,49
E01002783,Part-time: 16 to 30 hours worked,117,119,-2
E01002784,Full-time: 31 to 48 hours worked,516,457,59
E01002784,Full-time: 49 or more hours worked,90,106,-16
E01002784,Part-time: 15 hours or less worked,90,75,15
E01002784,Part-time: 16 to 30 hours worked,137,164,-27
E01002785,Full-time: 31 to 48 hours worked,624,582,42
E01002785,Full-time: 49 or more hours worked,190,196,-6
E01002785,Part-time: 15 hours or less worked,114,79,35
E01002785,Part-time: 16 to 30 hours worked,147,176,-29
E01002786,Full-time: 31 to 48 hours worked,594,539,55
E01002786,Full-time: 49 or more hours worked,138,129,9
E01002786,Part-time: 15 hours or less worked,102,79,23
E01002786,Part-time: 16 to 30 hours worked,146,139,7
E01002787,Full-time: 31 to 48 hours worked,487,460,27
E01002787,Full-time: 49 or more hours worked,90,82,8
E01002787,Part-time: 15 hours or less worked,71,61,10
E01002787,Part-time: 16 to 30 hours worked,129,131,-2
E01002788,Full-time: 31 to 48 hours worked,668,710,-42
E01002788,Full-time: 49 or more hours worked,205,222,-17
E01002788,Part-time: 15 hours or less worked,100,78,22
E01002788,Part-time: 16 to 30 hours worked,134,133,1
E01002789,Full-time: 31 to 48 hours worked,598,678,-80
E01002789,Full-time: 49 or more hours worked,203,253,-50
E01002789,Part-time: 15 hours or less worked,110,82,28
E01002789,Part-time: 16 to 30 hours worked,151,142,9
E01002790,Full-time: 31 to 48 hours worked,393,394,-1
E01002790,Full-time: 49 or more hours worked,72,113,-41
E01002790,Part-time: 15 hours or less worked,67,58,9
E01002790,Part-time: 16 to 30 hours worked,88,108,-20
E01002791,Full-time: 31 to 48 hours worked,607,504,103
E01002791,Full-time: 49 or more hours worked,266,272,-6
E01002791,Part-time: 15 hours or less worked,70,41,29
E01002791,Part-time: 16 to 30 hours worked,108,104,4
E01002792,Full-time: 31 to 48 hours worked,600,646,-46
E01002792,Full-time: 49 or more hours worked,325,363,-38
E01002792,Part-time: 15 hours or less worked,93,56,37
E01002792,Part-time: 16 to 30 hours worked,113,106,7
E01002793,Full-time: 31 to 48 hours worked,589,599,-10
E01002793,Full-time: 49 or more hours worked,179,237,-58
E01002793,Part-time: 15 hours or less worked,88,63,25
E01002793,Part-time: 16 to 30 hours worked,137,128,9
E01002794,Full-time: 31 to 48 hours worked,717,521,196
E01002794,Full-time: 49 or more hours worked,383,398,-15
E01002794,Part-time: 15 hours or less worked,93,61,32
E01002794,Part-time: 16 to 30 hours worked,101,99,2
E01002795,Full-time: 31 to 48 hours worked,647,657,-10
E01002795,Full-time: 49 or more hours worked,208,266,-58
E01002795,Part-time: 15 hours or less worked,99,81,18
E01002795,Part-time: 16 to 30 hours worked,151,138,13
E01002796,Full-time: 31 to 48 hours worked,343,355,-12
E01002796,Full-time: 49 or more hours worked,118,159,-41
E01002796,Part-time: 15 hours or less worked,46,33,13
E01002796,Part-time: 16 to 30 hours worked,67,63,4
E01002797,Full-time: 31 to 48 hours worked,574,582,-8
E01002797,Full-time: 49 or more hours worked,176,246,-70
E01002797,Part-time: 15 hours or less worked,74,66,8
E01002797,Part-time: 16 to 30 hours worked,129,118,11
E01002798,Full-time: 31 to 48 hours worked,637,650,-13
E01002798,Full-time: 49 or more hours worked,306,354,-48
E01002798,Part-time: 15 hours or less worked,94,71,23
E01002798,Part-time: 16 to 30 hours worked,114,115,-1
E01002799,Full-time: 31 to 48 hours worked,513,481,32
E01002799,Full-time: 49 or more hours worked,138,164,-26
E01002799,Part-time: 15 hours or less worked,87,64,23
E01002799,Part-time: 16 to 30 hours worked,159,127,32
E01002800,Full-time: 31 to 48 hours worked,502,211,291
E01002800,Full-time: 49 or more hours worked,195,54,141
E01002800,Part-time: 15 hours or less worked,82,33,49
E01002800,Part-time: 16 to 30 hours worked,128,61,67
E01002801,Full-time: 31 to 48 hours worked,485,469,16
E01002801,Full-time: 49 or more hours worked,275,342,-67
E01002801,Part-time: 15 hours or less worked,62,59,3
E01002801,Part-time: 16 to 30 hours worked,93,110,-17
E01002802,Full-time: 31 to 48 hours worked,527,477,50
E01002802,Full-time: 49 or more hours worked,280,306,-26
E01002802,Part-time: 15 hours or less worked,87,48,39
E01002802,Part-time: 16 to 30 hours worked,142,85,57
E01002804,Full-time: 31 to 48 hours worked,471,581,-110
E01002804,Full-time: 49 or more hours worked,75,132,-57
E01002804,Part-time: 15 hours or less worked,84,66,18
E01002804,Part-time: 16 to 30 hours worked,123,154,-31
E01002805,Full-time: 31 to 48 hours worked,612,665,-53
E01002805,Full-time: 49 or more hours worked,150,148,2
E01002805,Part-time: 15 hours or less worked,82,56,26
E01002805,Part-time: 16 to 30 hours worked,112,127,-15
E01002806,Full-time: 31 to 48 hours worked,591,590,1
E01002806,Full-time: 49 or more hours worked,146,140,6
E01002806,Part-time: 15 hours or less worked,84,47,37
E01002806,Part-time: 16 to 30 hours worked,115,116,-1
E01002807,Full-time: 31 to 48 hours worked,537,554,-17
E01002807,Full-time: 49 or more hours worked,82,88,-6
E01002807,Part-time: 15 hours or less worked,88,56,32
E01002807,Part-time: 16 to 30 hours worked,121,163,-42
E01002808,Full-time: 31 to 48 hours worked,665,667,-2
E01002808,Full-time: 49 or more hours worked,143,176,-33
E01002808,Part-time: 15 hours or less worked,107,71,36
E01002808,Part-time: 16 to 30 hours worked,163,141,22
E01002809,Full-time: 31 to 48 hours worked,591,497,94
E01002809,Full-time: 49 or more hours worked,113,110,3
E01002809,Part-time: 15 hours or less worked,91,79,12
E01002809,Part-time: 16 to 30 hours worked,140,143,-3
E01002810,Full-time: 31 to 48 hours worked,560,499,61
E01002810,Full-time: 49 or more hours worked,122,98,24
E01002810,Part-time: 15 hours or less worked,95,59,36
E01002810,Part-time: 16 to 30 hours worked,141,144,-3
E01002811,Full-time: 31 to 48 hours worked,518,421,97
E01002811,Full-time: 49 or more hours worked,88,80,8
E01002811,Part-time: 15 hours or less worked,102,55,47
E01002811,Part-time: 16 to 30 hours worked,145,133,12
E01002812,Full-time: 31 to 48 hours worked,375,403,-28
E01002812,Full-time: 49 or more hours worked,254,391,-137
E01002812,Part-time: 15 hours or less worked,55,64,-9
E01002812,Part-time: 16 to 30 hours worked,67,92,-25
E01002813,Full-time: 31 to 48 hours worked,374,395,-21
E01002813,Full-time: 49 or more hours worked,254,412,-158
E01002813,Part-time: 15 hours or less worked,76,72,4
E01002813,Part-time: 16 to 30 hours worked,105,94,11
E01002814,Full-time: 31 to 48 hours worked,468,452,16
E01002814,Full-time: 49 or more hours worked,181,232,-51
E01002814,Part-time: 15 hours or less worked,124,77,47
E01002814,Part-time: 16 to 30 hours worked,152,149,3
E01002815,Full-time: 31 to 48 hours worked,305,319,-14
E01002815,Full-time: 49 or more hours worked,153,256,-103
E01002815,Part-time: 15 hours or less worked,70,46,24
E01002815,Part-time: 16 to 30 hours worked,76,98,-22
E01002816,Full-time: 31 to 48 hours worked,271,299,-28
E01002816,Full-time: 49 or more hours worked,153,297,-144
E01002816,Part-time: 15 hours or less worked,55,54,1
E01002816,Part-time: 16 to 30 hours worked,60,64,-4
E01002817,Full-time: 31 to 48 hours worked,272,299,-27
E01002817,Full-time: 49 or more hours worked,179,329,-150
E01002817,Part-time: 15 hours or less worked,70,62,8
E01002817,Part-time: 16 to 30 hours worked,122,86,36
E01002818,Full-time: 31 to 48 hours worked,255,433,-178
E01002818,Full-time: 49 or more hours worked,242,489,-247
E01002818,Part-time: 15 hours or less worked,73,76,-3
E01002818,Part-time: 16 to 30 hours worked,77,139,-62
E01002819,Full-time: 31 to 48 hours worked,208,326,-118
E01002819,Full-time: 49 or more hours worked,220,380,-160
E01002819,Part-time: 15 hours or less worked,62,63,-1
E01002819,Part-time: 16 to 30 hours worked,40,85,-45
E01002821,Full-time: 31 to 48 hours worked,254,279,-25
E01002821,Full-time: 49 or more hours worked,179,351,-172
E01002821,Part-time: 15 hours or less worked,46,57,-11
E01002821,Part-time: 16 to 30 hours worked,72,71,1
E01002823,Full-time: 31 to 48 hours worked,237,286,-49
E01002823,Full-time: 49 or more hours worked,97,181,-84
E01002823,Part-time: 15 hours or less worked,63,45,18
E01002823,Part-time: 16 to 30 hours worked,106,102,4
E01002824,Full-time: 31 to 48 hours worked,248,332,-84
E01002824,Full-time: 49 or more hours worked,206,353,-147
E01002824,Part-time: 15 hours or less worked,103,49,54
E01002824,Part-time: 16 to 30 hours worked,83,110,-27
E01002825,Full-time: 31 to 48 hours worked,313,376,-63
E01002825,Full-time: 49 or more hours worked,265,365,-100
E01002825,Part-time: 15 hours or less worked,92,72,20
E01002825,Part-time: 16 to 30 hours worked,97,105,-8
E01002826,Full-time: 31 to 48 hours worked,315,403,-88
E01002826,Full-time: 49 or more hours worked,203,379,-176
E01002826,Part-time: 15 hours or less worked,59,56,3
E01002826,Part-time: 16 to 30 hours worked,73,53,20
E01002827,Full-time: 31 to 48 hours worked,420,436,-16
E01002827,Full-time: 49 or more hours worked,334,469,-135
E01002827,Part-time: 15 hours or less worked,87,41,46
E01002827,Part-time: 16 to 30 hours worked,100,120,-20
E01002828,Full-time: 31 to 48 hours worked,268,322,-54
E01002828,Full-time: 49 or more hours worked,194,310,-116
E01002828,Part-time: 15 hours or less worked,75,31,44
E01002828,Part-time: 16 to 30 hours worked,74,75,-1
E01002829,Full-time: 31 to 48 hours worked,349,512,-163
E01002829,Full-time: 49 or more hours worked,166,265,-99
E01002829,Part-time: 15 hours or less worked,102,80,22
E01002829,Part-time: 16 to 30 hours worked,123,155,-32
E01002830,Full-time: 31 to 48 hours worked,456,489,-33
E01002830,Full-time: 49 or more hours worked,154,227,-73
E01002830,Part-time: 15 hours or less worked,105,75,30
E01002830,Part-time: 16 to 30 hours worked,165,131,34
E01002831,Full-time: 31 to 48 hours worked,452,539,-87
E01002831,Full-time: 49 or more hours worked,166,277,-111
E01002831,Part-time: 15 hours or less worked,98,75,23
E01002831,Part-time: 16 to 30 hours worked,143,149,-6
E01002832,Full-time: 31 to 48 hours worked,445,342,103
E01002832,Full-time: 49 or more hours worked,182,237,-55
E01002832,Part-time: 15 hours or less worked,105,58,47
E01002832,Part-time: 16 to 30 hours worked,139,105,34
E01002833,Full-time: 31 to 48 hours worked,339,394,-55
E01002833,Full-time: 49 or more hours worked,229,353,-124
E01002833,Part-time: 15 hours or less worked,80,48,32
E01002833,Part-time: 16 to 30 hours worked,72,86,-14
E01002834,Full-time: 31 to 48 hours worked,276,326,-50
E01002834,Full-time: 49 or more hours worked,239,328,-89
E01002834,Part-time: 15 hours or less worked,56,37,19
E01002834,Part-time: 16 to 30 hours worked,56,61,-5
E01002835,Full-time: 31 to 48 hours worked,312,320,-8
E01002835,Full-time: 49 or more hours worked,284,418,-134
E01002835,Part-time: 15 hours or less worked,55,35,20
E01002835,Part-time: 16 to 30 hours worked,72,58,14
E01002836,Full-time: 31 to 48 hours worked,287,289,-2
E01002836,Full-time: 49 or more hours worked,291,411,-120
E01002836,Part-time: 15 hours or less worked,72,47,25
E01002836,Part-time: 16 to 30 hours worked,71,74,-3
E01002837,Full-time: 31 to 48 hours worked,233,320,-87
E01002837,Full-time: 49 or more hours worked,223,337,-114
E01002837,Part-time: 15 hours or less worked,43,50,-7
E01002837,Part-time: 16 to 30 hours worked,68,75,-7
E01002839,Full-time: 31 to 48 hours worked,379,337,42
E01002839,Full-time: 49 or more hours worked,230,354,-124
E01002839,Part-time: 15 hours or less worked,82,58,24
E01002839,Part-time: 16 to 30 hours worked,95,76,19
E01002840,Full-time: 31 to 48 hours worked,178,281,-103
E01002840,Full-time: 49 or more hours worked,60,104,-44
E01002840,Part-time: 15 hours or less worked,78,57,21
E01002840,Part-time: 16 to 30 hours worked,96,97,-1
E01002841,Full-time: 31 to 48 hours worked,319,402,-83
E01002841,Full-time: 49 or more hours worked,152,204,-52
E01002841,Part-time: 15 hours or less worked,74,59,15
E01002841,Part-time: 16 to 30 hours worked,99,97,2
E01002842,Full-time: 31 to 48 hours worked,170,228,-58
E01002842,Full-time: 49 or more hours worked,24,51,-27
E01002842,Part-time: 15 hours or less worked,45,42,3
E01002842,Part-time: 16 to 30 hours worked,96,97,-1
E01002843,Full-time: 31 to 48 hours worked,261,263,-2
E01002843,Full-time: 49 or more hours worked,50,90,-40
E01002843,Part-time: 15 hours or less worked,65,61,4
E01002843,Part-time: 16 to 30 hours worked,107,107,0
E01002844,Full-time: 31 to 48 hours worked,254,324,-70
E01002844,Full-time: 49 or more hours worked,185,284,-99
E01002844,Part-time: 15 hours or less worked,62,49,13
E01002844,Part-time: 16 to 30 hours worked,64,64,0
E01002845,Full-time: 31 to 48 hours worked,255,276,-21
E01002845,Full-time: 49 or more hours worked,171,240,-69
E01002845,Part-time: 15 hours or less worked,53,56,-3
E01002845,Part-time: 16 to 30 hours worked,56,106,-50
E01002846,Full-time: 31 to 48 hours worked,381,435,-54
E01002846,Full-time: 49 or more hours worked,149,216,-67
E01002846,Part-time: 15 hours or less worked,52,63,-11
E01002846,Part-time: 16 to 30 hours worked,72,94,-22
E01002847,Full-time: 31 to 48 hours worked,410,470,-60
E01002847,Full-time: 49 or more hours worked,223,390,-167
E01002847,Part-time: 15 hours or less worked,89,47,42
E01002847,Part-time: 16 to 30 hours worked,72,101,-29
E01002848,Full-time: 31 to 48 hours worked,373,467,-94
E01002848,Full-time: 49 or more hours worked,203,269,-66
E01002848,Part-time: 15 hours or less worked,61,63,-2
E01002848,Part-time: 16 to 30 hours worked,80,100,-20
E01002849,Full-time: 31 to 48 hours worked,371,399,-28
E01002849,Full-time: 49 or more hours worked,242,343,-101
E01002849,Part-time: 15 hours or less worked,87,56,31
E01002849,Part-time: 16 to 30 hours worked,72,80,-8
E01002850,Full-time: 31 to 48 hours worked,405,341,64
E01002850,Full-time: 49 or more hours worked,172,238,-66
E01002850,Part-time: 15 hours or less worked,66,58,8
E01002850,Part-time: 16 to 30 hours worked,88,89,-1
E01002851,Full-time: 31 to 48 hours worked,306,397,-91
E01002851,Full-time: 49 or more hours worked,116,197,-81
E01002851,Part-time: 15 hours or less worked,77,60,17
E01002851,Part-time: 16 to 30 hours worked,87,130,-43
E01002852,Full-time: 31 to 48 hours worked,472,519,-47
E01002852,Full-time: 49 or more hours worked,103,130,-27
E01002852,Part-time: 15 hours or less worked,131,69,62
E01002852,Part-time: 16 to 30 hours worked,171,189,-18
E01002853,Full-time: 31 to 48 hours worked,386,222,164
E01002853,Full-time: 49 or more hours worked,88,71,17
E01002853,Part-time: 15 hours or less worked,62,30,32
E01002853,Part-time: 16 to 30 hours worked,116,97,19
E01002854,Full-time: 31 to 48 hours worked,233,223,10
E01002854,Full-time: 49 or more hours worked,43,53,-10
E01002854,Part-time: 15 hours or less worked,69,43,26
E01002854,Part-time: 16 to 30 hours worked,135,94,41
E01002855,Full-time: 31 to 48 hours worked,330,467,-137
E01002855,Full-time: 49 or more hours worked,73,173,-100
E01002855,Part-time: 15 hours or less worked,100,73,27
E01002855,Part-time: 16 to 30 hours worked,171,158,13
E01002856,Full-time: 31 to 48 hours worked,399,476,-77
E01002856,Full-time: 49 or more hours worked,130,186,-56
E01002856,Part-time: 15 hours or less worked,70,63,7
E01002856,Part-time: 16 to 30 hours worked,99,119,-20
E01002857,Full-time: 31 to 48 hours worked,345,215,130
E01002857,Full-time: 49 or more hours worked,68,45,23
E01002857,Part-time: 15 hours or less worked,88,40,48
E01002857,Part-time: 16 to 30 hours worked,152,96,56
E01002858,Full-time: 31 to 48 hours worked,315,247,68
E01002858,Full-time: 49 or more hours worked,114,167,-53
E01002858,Part-time: 15 hours or less worked,89,66,23
E01002858,Part-time: 16 to 30 hours worked,116,83,33
E01002859,Full-time: 31 to 48 hours worked,274,338,-64
E01002859,Full-time: 49 or more hours worked,259,445,-186
E01002859,Part-time: 15 hours or less worked,69,55,14
E01002859,Part-time: 16 to 30 hours worked,79,102,-23
E01002860,Full-time: 31 to 48 hours worked,221,303,-82
E01002860,Full-time: 49 or more hours worked,222,411,-189
E01002860,Part-time: 15 hours or less worked,44,60,-16
E01002860,Part-time: 16 to 30 hours worked,70,65,5
E01002861,Full-time: 31 to 48 hours worked,246,302,-56
E01002861,Full-time: 49 or more hours worked,185,308,-123
E01002861,Part-time: 15 hours or less worked,58,60,-2
E01002861,Part-time: 16 to 30 hours worked,99,68,31
E01002862,Full-time: 31 to 48 hours worked,289,418,-129
E01002862,Full-time: 49 or more hours worked,91,193,-102
E01002862,Part-time: 15 hours or less worked,63,56,7
E01002862,Part-time: 16 to 30 hours worked,46,109,-63
E01002863,Full-time: 31 to 48 hours worked,241,286,-45
E01002863,Full-time: 49 or more hours worked,172,369,-197
E01002863,Part-time: 15 hours or less worked,81,59,22
E01002863,Part-time: 16 to 30 hours worked,62,97,-35
E01002864,Full-time: 31 to 48 hours worked,288,269,19
E01002864,Full-time: 49 or more hours worked,171,197,-26
E01002864,Part-time: 15 hours or less worked,85,61,24
E01002864,Part-time: 16 to 30 hours worked,77,82,-5
E01002865,Full-time: 31 to 48 hours worked,275,225,50
E01002865,Full-time: 49 or more hours worked,261,247,14
E01002865,Part-time: 15 hours or less worked,59,38,21
E01002865,Part-time: 16 to 30 hours worked,74,56,18
E01002866,Full-time: 31 to 48 hours worked,488,505,-17
E01002866,Full-time: 49 or more hours worked,191,263,-72
E01002866,Part-time: 15 hours or less worked,88,59,29
E01002866,Part-time: 16 to 30 hours worked,153,149,4
E01002867,Full-time: 31 to 48 hours worked,501,527,-26
E01002867,Full-time: 49 or more hours worked,185,284,-99
E01002867,Part-time: 15 hours or less worked,85,79,6
E01002867,Part-time: 16 to 30 hours worked,101,146,-45
E01002868,Full-time: 31 to 48 hours worked,250,309,-59
E01002868,Full-time: 49 or more hours worked,216,354,-138
E01002868,Part-time: 15 hours or less worked,60,62,-2
E01002868,Part-time: 16 to 30 hours worked,92,102,-10
E01002869,Full-time: 31 to 48 hours worked,428,372,56
E01002869,Full-time: 49 or more hours worked,205,282,-77
E01002869,Part-time: 15 hours or less worked,83,49,34
E01002869,Part-time: 16 to 30 hours worked,99,99,0
E01002870,Full-time: 31 to 48 hours worked,388,318,70
E01002870,Full-time: 49 or more hours worked,61,85,-24
E01002870,Part-time: 15 hours or less worked,98,57,41
E01002870,Part-time: 16 to 30 hours worked,129,93,36
E01002871,Full-time: 31 to 48 hours worked,320,332,-12
E01002871,Full-time: 49 or more hours worked,263,397,-134
E01002871,Part-time: 15 hours or less worked,70,67,3
E01002871,Part-time: 16 to 30 hours worked,103,102,1
E01002872,Full-time: 31 to 48 hours worked,265,264,1
E01002872,Full-time: 49 or more hours worked,105,147,-42
E01002872,Part-time: 15 hours or less worked,66,54,12
E01002872,Part-time: 16 to 30 hours worked,97,96,1
E01002873,Full-time: 31 to 48 hours worked,303,289,14
E01002873,Full-time: 49 or more hours worked,187,244,-57
E01002873,Part-time: 15 hours or less worked,76,65,11
E01002873,Part-time: 16 to 30 hours worked,126,97,29
E01002874,Full-time: 31 to 48 hours worked,306,337,-31
E01002874,Full-time: 49 or more hours worked,164,282,-118
E01002874,Part-time: 15 hours or less worked,65,48,17
E01002874,Part-time: 16 to 30 hours worked,90,98,-8
E01002875,Full-time: 31 to 48 hours worked,274,280,-6
E01002875,Full-time: 49 or more hours worked,246,282,-36
E01002875,Part-time: 15 hours or less worked,57,58,-1
E01002875,Part-time: 16 to 30 hours worked,71,106,-35
E01002876,Full-time: 31 to 48 hours worked,399,442,-43
E01002876,Full-time: 49 or more hours worked,159,215,-56
E01002876,Part-time: 15 hours or less worked,98,72,26
E01002876,Part-time: 16 to 30 hours worked,145,121,24
E01002877,Full-time: 31 to 48 hours worked,461,360,101
E01002877,Full-time: 49 or more hours worked,114,96,18
E01002877,Part-time: 15 hours or less worked,141,87,54
E01002877,Part-time: 16 to 30 hours worked,211,114,97
E01002878,Full-time: 31 to 48 hours worked,459,478,-19
E01002878,Full-time: 49 or more hours worked,144,209,-65
E01002878,Part-time: 15 hours or less worked,58,66,-8
E01002878,Part-time: 16 to 30 hours worked,81,140,-59
E01002879,Full-time: 31 to 48 hours worked,422,354,68
E01002879,Full-time: 49 or more hours worked,57,109,-52
E01002879,Part-time: 15 hours or less worked,97,58,39
E01002879,Part-time: 16 to 30 hours worked,156,125,31
E01002880,Full-time: 31 to 48 hours worked,204,323,-119
E01002880,Full-time: 49 or more hours worked,43,65,-22
E01002880,Part-time: 15 hours or less worked,67,52,15
E01002880,Part-time: 16 to 30 hours worked,102,119,-17
E01002881,Full-time: 31 to 48 hours worked,286,313,-27
E01002881,Full-time: 49 or more hours worked,81,94,-13
E01002881,Part-time: 15 hours or less worked,74,66,8
E01002881,Part-time: 16 to 30 hours worked,127,97,30
E01002882,Full-time: 31 to 48 hours worked,217,293,-76
E01002882,Full-time: 49 or more hours worked,158,282,-124
E01002882,Part-time: 15 hours or less worked,55,49,6
E01002882,Part-time: 16 to 30 hours worked,75,94,-19
E01002883,Full-time: 31 to 48 hours worked,335,367,-32
E01002883,Full-time: 49 or more hours worked,238,378,-140
E01002883,Part-time: 15 hours or less worked,78,75,3
E01002883,Part-time: 16 to 30 hours worked,94,125,-31
E01002884,Full-time: 31 to 48 hours worked,385,377,8
E01002884,Full-time: 49 or more hours worked,175,309,-134
E01002884,Part-time: 15 hours or less worked,72,71,1
E01002884,Part-time: 16 to 30 hours worked,102,84,18
E01002885,Full-time: 31 to 48 hours worked,390,542,-152
E01002885,Full-time: 49 or more hours worked,284,340,-56
E01002885,Part-time: 15 hours or less worked,83,69,14
E01002885,Part-time: 16 to 30 hours worked,92,88,4
E01002886,Full-time: 31 to 48 hours worked,307,364,-57
E01002886,Full-time: 49 or more hours worked,237,388,-151
E01002886,Part-time: 15 hours or less worked,71,42,29
E01002886,Part-time: 16 to 30 hours worked,73,100,-27
E01002887,Full-time: 31 to 48 hours worked,265,416,-151
E01002887,Full-time: 49 or more hours worked,207,401,-194
E01002887,Part-time: 15 hours or less worked,59,60,-1
E01002887,Part-time: 16 to 30 hours worked,53,88,-35
E01002888,Full-time: 31 to 48 hours worked,345,475,-130
E01002888,Full-time: 49 or more hours worked,249,493,-244
E01002888,Part-time: 15 hours or less worked,81,70,11
E01002888,Part-time: 16 to 30 hours worked,78,93,-15
E01002889,Full-time: 31 to 48 hours worked,282,275,7
E01002889,Full-time: 49 or more hours worked,219,239,-20
E01002889,Part-time: 15 hours or less worked,60,69,-9
E01002889,Part-time: 16 to 30 hours worked,113,71,42
E01002890,Full-time: 31 to 48 hours worked,239,295,-56
E01002890,Full-time: 49 or more hours worked,221,345,-124
E01002890,Part-time: 15 hours or less worked,60,62,-2
E01002890,Part-time: 16 to 30 hours worked,66,85,-19
E01002891,Full-time: 31 to 48 hours worked,280,313,-33
E01002891,Full-time: 49 or more hours worked,191,330,-139
E01002891,Part-time: 15 hours or less worked,51,45,6
E01002891,Part-time: 16 to 30 hours worked,71,63,8
E01002892,Full-time: 31 to 48 hours worked,277,356,-79
E01002892,Full-time: 49 or more hours worked,209,397,-188
E01002892,Part-time: 15 hours or less worked,77,48,29
E01002892,Part-time: 16 to 30 hours worked,71,65,6
E01002893,Full-time: 31 to 48 hours worked,427,501,-74
E01002893,Full-time: 49 or more hours worked,248,382,-134
E01002893,Part-time: 15 hours or less worked,75,53,22
E01002893,Part-time: 16 to 30 hours worked,120,99,21
E01002894,Full-time: 31 to 48 hours worked,329,378,-49
E01002894,Full-time: 49 or more hours worked,241,387,-146
E01002894,Part-time: 15 hours or less worked,62,52,10
E01002894,Part-time: 16 to 30 hours worked,65,70,-5
E01002896,Full-time: 31 to 48 hours worked,386,488,-102
E01002896,Full-time: 49 or more hours worked,335,452,-117
E01002896,Part-time: 15 hours or less worked,83,64,19
E01002896,Part-time: 16 to 30 hours worked,86,74,12
E01002897,Full-time: 31 to 48 hours worked,382,373,9
E01002897,Full-time: 49 or more hours worked,268,279,-11
E01002897,Part-time: 15 hours or less worked,63,52,11
E01002897,Part-time: 16 to 30 hours worked,144,102,42
E01002898,Full-time: 31 to 48 hours worked,304,323,-19
E01002898,Full-time: 49 or more hours worked,265,383,-118
E01002898,Part-time: 15 hours or less worked,70,40,30
E01002898,Part-time: 16 to 30 hours worked,96,66,30
E01002899,Full-time: 31 to 48 hours worked,249,335,-86
E01002899,Full-time: 49 or more hours worked,148,244,-96
E01002899,Part-time: 15 hours or less worked,74,59,15
E01002899,Part-time: 16 to 30 hours worked,80,94,-14
E01002900,Full-time: 31 to 48 hours worked,469,315,154
E01002900,Full-time: 49 or more hours worked,293,338,-45
E01002900,Part-time: 15 hours or less worked,129,64,65
E01002900,Part-time: 16 to 30 hours worked,130,83,47
E01002901,Full-time: 31 to 48 hours worked,178,196,-18
E01002901,Full-time: 49 or more hours worked,143,189,-46
E01002901,Part-time: 15 hours or less worked,42,46,-4
E01002901,Part-time: 16 to 30 hours worked,55,58,-3
E01002902,Full-time: 31 to 48 hours worked,283,388,-105
E01002902,Full-time: 49 or more hours worked,210,446,-236
E01002902,Part-time: 15 hours or less worked,58,62,-4
E01002902,Part-time: 16 to 30 hours worked,87,87,0
E01002903,Full-time: 31 to 48 hours worked,244,325,-81
E01002903,Full-time: 49 or more hours worked,223,360,-137
E01002903,Part-time: 15 hours or less worked,79,55,24
E01002903,Part-time: 16 to 30 hours worked,82,83,-1
E01002904,Full-time: 31 to 48 hours worked,250,237,13
E01002904,Full-time: 49 or more hours worked,28,37,-9
E01002904,Part-time: 15 hours or less worked,62,42,20
E01002904,Part-time: 16 to 30 hours worked,121,119,2
E01002905,Full-time: 31 to 48 hours worked,366,382,-16
E01002905,Full-time: 49 or more hours worked,82,112,-30
E01002905,Part-time: 15 hours or less worked,62,59,3
E01002905,Part-time: 16 to 30 hours worked,139,111,28
E01002906,Full-time: 31 to 48 hours worked,412,436,-24
E01002906,Full-time: 49 or more hours worked,106,130,-24
E01002906,Part-time: 15 hours or less worked,111,60,51
E01002906,Part-time: 16 to 30 hours worked,150,108,42
E01002907,Full-time: 31 to 48 hours worked,196,201,-5
E01002907,Full-time: 49 or more hours worked,39,41,-2
E01002907,Part-time: 15 hours or less worked,64,56,8
E01002907,Part-time: 16 to 30 hours worked,117,122,-5
E01002908,Full-time: 31 to 48 hours worked,360,411,-51
E01002908,Full-time: 49 or more hours worked,127,139,-12
E01002908,Part-time: 15 hours or less worked,78,64,14
E01002908,Part-time: 16 to 30 hours worked,130,125,5
E01002909,Full-time: 31 to 48 hours worked,655,637,18
E01002909,Full-time: 49 or more hours worked,239,343,-104
E01002909,Part-time: 15 hours or less worked,114,85,29
E01002909,Part-time: 16 to 30 hours worked,176,178,-2
E01002910,Full-time: 31 to 48 hours worked,266,308,-42
E01002910,Full-time: 49 or more hours worked,239,276,-37
E01002910,Part-time: 15 hours or less worked,58,55,3
E01002910,Part-time: 16 to 30 hours worked,75,80,-5
E01002911,Full-time: 31 to 48 hours worked,294,347,-53
E01002911,Full-time: 49 or more hours worked,226,418,-192
E01002911,Part-time: 15 hours or less worked,72,71,1
E01002911,Part-time: 16 to 30 hours worked,91,93,-2
E01002912,Full-time: 31 to 48 hours worked,427,470,-43
E01002912,Full-time: 49 or more hours worked,210,327,-117
E01002912,Part-time: 15 hours or less worked,73,62,11
E01002912,Part-time: 16 to 30 hours worked,109,88,21
E01002913,Full-time: 31 to 48 hours worked,410,481,-71
E01002913,Full-time: 49 or more hours worked,261,363,-102
E01002913,Part-time: 15 hours or less worked,99,61,38
E01002913,Part-time: 16 to 30 hours worked,104,111,-7
E01002914,Full-time: 31 to 48 hours worked,225,369,-144
E01002914,Full-time: 49 or more hours worked,206,327,-121
E01002914,Part-time: 15 hours or less worked,63,67,-4
E01002914,Part-time: 16 to 30 hours worked,56,66,-10
E01002915,Full-time: 31 to 48 hours worked,363,415,-52
E01002915,Full-time: 49 or more hours worked,60,105,-45
E01002915,Part-time: 15 hours or less worked,86,67,19
E01002915,Part-time: 16 to 30 hours worked,123,126,-3
E01002916,Full-time: 31 to 48 hours worked,400,413,-13
E01002916,Full-time: 49 or more hours worked,85,89,-4
E01002916,Part-time: 15 hours or less worked,70,89,-19
E01002916,Part-time: 16 to 30 hours worked,120,128,-8
E01002917,Full-time: 31 to 48 hours worked,383,407,-24
E01002917,Full-time: 49 or more hours worked,89,91,-2
E01002917,Part-time: 15 hours or less worked,78,73,5
E01002917,Part-time: 16 to 30 hours worked,141,117,24
E01002918,Full-time: 31 to 48 hours worked,563,525,38
E01002918,Full-time: 49 or more hours worked,75,83,-8
E01002918,Part-time: 15 hours or less worked,84,73,11
E01002918,Part-time: 16 to 30 hours worked,221,175,46
E01002919,Full-time: 31 to 48 hours worked,540,499,41
E01002919,Full-time: 49 or more hours worked,94,94,0
E01002919,Part-time: 15 hours or less worked,122,83,39
E01002919,Part-time: 16 to 30 hours worked,225,163,62
E01002920,Full-time: 31 to 48 hours worked,458,443,15
E01002920,Full-time: 49 or more hours worked,115,122,-7
E01002920,Part-time: 15 hours or less worked,80,78,2
E01002920,Part-time: 16 to 30 hours worked,132,144,-12
E01002921,Full-time: 31 to 48 hours worked,708,612,96
E01002921,Full-time: 49 or more hours worked,128,183,-55
E01002921,Part-time: 15 hours or less worked,85,70,15
E01002921,Part-time: 16 to 30 hours worked,154,86,68
E01002922,Full-time: 31 to 48 hours worked,488,584,-96
E01002922,Full-time: 49 or more hours worked,129,181,-52
E01002922,Part-time: 15 hours or less worked,73,103,-30
E01002922,Part-time: 16 to 30 hours worked,134,135,-1
E01002923,Full-time: 31 to 48 hours worked,451,337,114
E01002923,Full-time: 49 or more hours worked,74,82,-8
E01002923,Part-time: 15 hours or less worked,112,101,11
E01002923,Part-time: 16 to 30 hours worked,139,101,38
E01002924,Full-time: 31 to 48 hours worked,420,358,62
E01002924,Full-time: 49 or more hours worked,105,127,-22
E01002924,Part-time: 15 hours or less worked,71,101,-30
E01002924,Part-time: 16 to 30 hours worked,122,140,-18
E01002925,Full-time: 31 to 48 hours worked,659,532,127
E01002925,Full-time: 49 or more hours worked,144,159,-15
E01002925,Part-time: 15 hours or less worked,76,63,13
E01002925,Part-time: 16 to 30 hours worked,125,107,18
E01002926,Full-time: 31 to 48 hours worked,488,423,65
E01002926,Full-time: 49 or more hours worked,94,114,-20
E01002926,Part-time: 15 hours or less worked,97,83,14
E01002926,Part-time: 16 to 30 hours worked,145,147,-2
E01002927,Full-time: 31 to 48 hours worked,481,424,57
E01002927,Full-time: 49 or more hours worked,88,100,-12
E01002927,Part-time: 15 hours or less worked,83,87,-4
E01002927,Part-time: 16 to 30 hours worked,150,138,12
E01002928,Full-time: 31 to 48 hours worked,504,437,67
E01002928,Full-time: 49 or more hours worked,120,126,-6
E01002928,Part-time: 15 hours or less worked,128,77,51
E01002928,Part-time: 16 to 30 hours worked,172,142,30
E01002929,Full-time: 31 to 48 hours worked,450,464,-14
E01002929,Full-time: 49 or more hours worked,123,163,-40
E01002929,Part-time: 15 hours or less worked,107,82,25
E01002929,Part-time: 16 to 30 hours worked,124,120,4
E01002930,Full-time: 31 to 48 hours worked,628,515,113
E01002930,Full-time: 49 or more hours worked,123,109,14
E01002930,Part-time: 15 hours or less worked,135,109,26
E01002930,Part-time: 16 to 30 hours worked,167,161,6
E01002931,Full-time: 31 to 48 hours worked,594,516,78
E01002931,Full-time: 49 or more hours worked,122,148,-26
E01002931,Part-time: 15 hours or less worked,92,87,5
E01002931,Part-time: 16 to 30 hours worked,166,173,-7
E01002932,Full-time: 31 to 48 hours worked,452,452,0
E01002932,Full-time: 49 or more hours worked,69,82,-13
E01002932,Part-time: 15 hours or less worked,118,74,44
E01002932,Part-time: 16 to 30 hours worked,202,165,37
E01002933,Full-time: 31 to 48 hours worked,568,513,55
E01002933,Full-time: 49 or more hours worked,133,160,-27
E01002933,Part-time: 15 hours or less worked,105,91,14
E01002933,Part-time: 16 to 30 hours worked,160,170,-10
E01002934,Full-time: 31 to 48 hours worked,560,533,27
E01002934,Full-time: 49 or more hours worked,175,207,-32
E01002934,Part-time: 15 hours or less worked,77,95,-18
E01002934,Part-time: 16 to 30 hours worked,139,144,-5
E01002935,Full-time: 31 to 48 hours worked,658,592,66
E01002935,Full-time: 49 or more hours worked,147,182,-35
E01002935,Part-time: 15 hours or less worked,89,126,-37
E01002935,Part-time: 16 to 30 hours worked,155,166,-11
E01002937,Full-time: 31 to 48 hours worked,569,548,21
E01002937,Full-time: 49 or more hours worked,161,151,10
E01002937,Part-time: 15 hours or less worked,73,92,-19
E01002937,Part-time: 16 to 30 hours worked,150,145,5
E01002938,Full-time: 31 to 48 hours worked,545,564,-19
E01002938,Full-time: 49 or more hours worked,176,173,3
E01002938,Part-time: 15 hours or less worked,114,94,20
E01002938,Part-time: 16 to 30 hours worked,167,160,7
E01002939,Full-time: 31 to 48 hours worked,504,496,8
E01002939,Full-time: 49 or more hours worked,67,99,-32
E01002939,Part-time: 15 hours or less worked,101,79,22
E01002939,Part-time: 16 to 30 hours worked,165,138,27
E01002940,Full-time: 31 to 48 hours worked,486,456,30
E01002940,Full-time: 49 or more hours worked,65,70,-5
E01002940,Part-time: 15 hours or less worked,78,71,7
E01002940,Part-time: 16 to 30 hours worked,177,177,0
E01002941,Full-time: 31 to 48 hours worked,500,441,59
E01002941,Full-time: 49 or more hours worked,80,102,-22
E01002941,Part-time: 15 hours or less worked,100,67,33
E01002941,Part-time: 16 to 30 hours worked,160,137,23
E01002942,Full-time: 31 to 48 hours worked,399,425,-26
E01002942,Full-time: 49 or more hours worked,72,85,-13
E01002942,Part-time: 15 hours or less worked,93,77,16
E01002942,Part-time: 16 to 30 hours worked,122,130,-8
E01002943,Full-time: 31 to 48 hours worked,439,421,18
E01002943,Full-time: 49 or more hours worked,79,75,4
E01002943,Part-time: 15 hours or less worked,77,53,24
E01002943,Part-time: 16 to 30 hours worked,165,137,28
E01002944,Full-time: 31 to 48 hours worked,443,457,-14
E01002944,Full-time: 49 or more hours worked,75,70,5
E01002944,Part-time: 15 hours or less worked,68,58,10
E01002944,Part-time: 16 to 30 hours worked,110,130,-20
E01002945,Full-time: 31 to 48 hours worked,571,576,-5
E01002945,Full-time: 49 or more hours worked,85,126,-41
E01002945,Part-time: 15 hours or less worked,57,69,-12
E01002945,Part-time: 16 to 30 hours worked,184,131,53
E01002946,Full-time: 31 to 48 hours worked,531,521,10
E01002946,Full-time: 49 or more hours worked,70,98,-28
E01002946,Part-time: 15 hours or less worked,69,65,4
E01002946,Part-time: 16 to 30 hours worked,152,141,11
E01002947,Full-time: 31 to 48 hours worked,536,539,-3
E01002947,Full-time: 49 or more hours worked,92,102,-10
E01002947,Part-time: 15 hours or less worked,82,79,3
E01002947,Part-time: 16 to 30 hours worked,172,172,0
E01002948,Full-time: 31 to 48 hours worked,664,631,33
E01002948,Full-time: 49 or more hours worked,143,154,-11
E01002948,Part-time: 15 hours or less worked,121,85,36
E01002948,Part-time: 16 to 30 hours worked,212,184,28
E01002949,Full-time: 31 to 48 hours worked,592,558,34
E01002949,Full-time: 49 or more hours worked,79,128,-49
E01002949,Part-time: 15 hours or less worked,89,85,4
E01002949,Part-time: 16 to 30 hours worked,194,180,14
E01002950,Full-time: 31 to 48 hours worked,532,496,36
E01002950,Full-time: 49 or more hours worked,65,103,-38
E01002950,Part-time: 15 hours or less worked,74,65,9
E01002950,Part-time: 16 to 30 hours worked,161,139,22
E01002951,Full-time: 31 to 48 hours worked,422,408,14
E01002951,Full-time: 49 or more hours worked,125,167,-42
E01002951,Part-time: 15 hours or less worked,82,84,-2
E01002951,Part-time: 16 to 30 hours worked,119,114,5
E01002952,Full-time: 31 to 48 hours worked,237,301,-64
E01002952,Full-time: 49 or more hours worked,137,174,-37
E01002952,Part-time: 15 hours or less worked,86,72,14
E01002952,Part-time: 16 to 30 hours worked,103,98,5
E01002953,Full-time: 31 to 48 hours worked,285,295,-10
E01002953,Full-time: 49 or more hours worked,128,145,-17
E01002953,Part-time: 15 hours or less worked,82,73,9
E01002953,Part-time: 16 to 30 hours worked,101,110,-9
E01002954,Full-time: 31 to 48 hours worked,444,428,16
E01002954,Full-time: 49 or more hours worked,69,72,-3
E01002954,Part-time: 15 hours or less worked,60,45,15
E01002954,Part-time: 16 to 30 hours worked,83,105,-22
E01002955,Full-time: 31 to 48 hours worked,390,329,61
E01002955,Full-time: 49 or more hours worked,88,125,-37
E01002955,Part-time: 15 hours or less worked,98,86,12
E01002955,Part-time: 16 to 30 hours worked,138,142,-4
E01002956,Full-time: 31 to 48 hours worked,240,227,13
E01002956,Full-time: 49 or more hours worked,81,125,-44
E01002956,Part-time: 15 hours or less worked,81,126,-45
E01002956,Part-time: 16 to 30 hours worked,127,109,18
E01002957,Full-time: 31 to 48 hours worked,441,345,96
E01002957,Full-time: 49 or more hours worked,66,64,2
E01002957,Part-time: 15 hours or less worked,111,122,-11
E01002957,Part-time: 16 to 30 hours worked,142,178,-36
E01002958,Full-time: 31 to 48 hours worked,550,575,-25
E01002958,Full-time: 49 or more hours worked,121,128,-7
E01002958,Part-time: 15 hours or less worked,94,76,18
E01002958,Part-time: 16 to 30 hours worked,157,154,3
E01002959,Full-time: 31 to 48 hours worked,287,315,-28
E01002959,Full-time: 49 or more hours worked,144,142,2
E01002959,Part-time: 15 hours or less worked,72,61,11
E01002959,Part-time: 16 to 30 hours worked,109,88,21
E01002960,Full-time: 31 to 48 hours worked,479,404,75
E01002960,Full-time: 49 or more hours worked,115,130,-15
E01002960,Part-time: 15 hours or less worked,80,98,-18
E01002960,Part-time: 16 to 30 hours worked,125,127,-2
E01002961,Full-time: 31 to 48 hours worked,479,466,13
E01002961,Full-time: 49 or more hours worked,132,148,-16
E01002961,Part-time: 15 hours or less worked,97,91,6
E01002961,Part-time: 16 to 30 hours worked,139,147,-8
E01002962,Full-time: 31 to 48 hours worked,426,384,42
E01002962,Full-time: 49 or more hours worked,85,93,-8
E01002962,Part-time: 15 hours or less worked,105,89,16
E01002962,Part-time: 16 to 30 hours worked,150,160,-10
E01002963,Full-time: 31 to 48 hours worked,579,543,36
E01002963,Full-time: 49 or more hours worked,106,129,-23
E01002963,Part-time: 15 hours or less worked,124,68,56
E01002963,Part-time: 16 to 30 hours worked,150,138,12
E01002964,Full-time: 31 to 48 hours worked,639,597,42
E01002964,Full-time: 49 or more hours worked,134,145,-11
E01002964,Part-time: 15 hours or less worked,160,148,12
E01002964,Part-time: 16 to 30 hours worked,192,161,31
E01002965,Full-time: 31 to 48 hours worked,704,668,36
E01002965,Full-time: 49 or more hours worked,145,220,-75
E01002965,Part-time: 15 hours or less worked,155,171,-16
E01002965,Part-time: 16 to 30 hours worked,201,164,37
E01002966,Full-time: 31 to 48 hours worked,663,603,60
E01002966,Full-time: 49 or more hours worked,144,153,-9
E01002966,Part-time: 15 hours or less worked,107,108,-1
E01002966,Part-time: 16 to 30 hours worked,144,167,-23
E01002967,Full-time: 31 to 48 hours worked,709,723,-14
E01002967,Full-time: 49 or more hours worked,174,241,-67
E01002967,Part-time: 15 hours or less worked,99,103,-4
E01002967,Part-time: 16 to 30 hours worked,128,111,17
E01002968,Full-time: 31 to 48 hours worked,857,675,182
E01002968,Full-time: 49 or more hours worked,199,251,-52
E01002968,Part-time: 15 hours or less worked,214,189,25
E01002968,Part-time: 16 to 30 hours worked,232,185,47
E01002969,Full-time: 31 to 48 hours worked,339,362,-23
E01002969,Full-time: 49 or more hours worked,33,54,-21
E01002969,Part-time: 15 hours or less worked,108,96,12
E01002969,Part-time: 16 to 30 hours worked,162,180,-18
E01002970,Full-time: 31 to 48 hours worked,538,464,74
E01002970,Full-time: 49 or more hours worked,86,76,10
E01002970,Part-time: 15 hours or less worked,94,86,8
E01002970,Part-time: 16 to 30 hours worked,174,158,16
E01002971,Full-time: 31 to 48 hours worked,595,572,23
E01002971,Full-time: 49 or more hours worked,105,135,-30
E01002971,Part-time: 15 hours or less worked,108,121,-13
E01002971,Part-time: 16 to 30 hours worked,155,151,4
E01002972,Full-time: 31 to 48 hours worked,629,584,45
E01002972,Full-time: 49 or more hours worked,117,150,-33
E01002972,Part-time: 15 hours or less worked,131,111,20
E01002972,Part-time: 16 to 30 hours worked,156,166,-10
E01002973,Full-time: 31 to 48 hours worked,413,355,58
E01002973,Full-time: 49 or more hours worked,61,69,-8
E01002973,Part-time: 15 hours or less worked,88,66,22
E01002973,Part-time: 16 to 30 hours worked,136,155,-19
E01002974,Full-time: 31 to 48 hours worked,572,489,83
E01002974,Full-time: 49 or more hours worked,100,141,-41
E01002974,Part-time: 15 hours or less worked,126,113,13
E01002974,Part-time: 16 to 30 hours worked,166,218,-52
E01002975,Full-time: 31 to 48 hours worked,363,369,-6
E01002975,Full-time: 49 or more hours worked,71,96,-25
E01002975,Part-time: 15 hours or less worked,103,65,38
E01002975,Part-time: 16 to 30 hours worked,133,119,14
E01002976,Full-time: 31 to 48 hours worked,562,512,50
E01002976,Full-time: 49 or more hours worked,100,108,-8
E01002976,Part-time: 15 hours or less worked,74,73,1
E01002976,Part-time: 16 to 30 hours worked,153,166,-13
E01002977,Full-time: 31 to 48 hours worked,435,407,28
E01002977,Full-time: 49 or more hours worked,62,97,-35
E01002977,Part-time: 15 hours or less worked,91,76,15
E01002977,Part-time: 16 to 30 hours worked,160,143,17
E01002978,Full-time: 31 to 48 hours worked,538,553,-15
E01002978,Full-time: 49 or more hours worked,103,129,-26
E01002978,Part-time: 15 hours or less worked,115,92,23
E01002978,Part-time: 16 to 30 hours worked,146,155,-9
E01002979,Full-time: 31 to 48 hours worked,440,492,-52
E01002979,Full-time: 49 or more hours worked,74,126,-52
E01002979,Part-time: 15 hours or less worked,88,73,15
E01002979,Part-time: 16 to 30 hours worked,123,140,-17
E01002980,Full-time: 31 to 48 hours worked,345,372,-27
E01002980,Full-time: 49 or more hours worked,100,103,-3
E01002980,Part-time: 15 hours or less worked,84,91,-7
E01002980,Part-time: 16 to 30 hours worked,131,129,2
E01002981,Full-time: 31 to 48 hours worked,421,416,5
E01002981,Full-time: 49 or more hours worked,92,94,-2
E01002981,Part-time: 15 hours or less worked,97,83,14
E01002981,Part-time: 16 to 30 hours worked,143,124,19
E01002982,Full-time: 31 to 48 hours worked,399,356,43
E01002982,Full-time: 49 or more hours worked,85,88,-3
E01002982,Part-time: 15 hours or less worked,89,71,18
E01002982,Part-time: 16 to 30 hours worked,118,144,-26
E01002983,Full-time: 31 to 48 hours worked,453,470,-17
E01002983,Full-time: 49 or more hours worked,134,109,25
E01002983,Part-time: 15 hours or less worked,87,96,-9
E01002983,Part-time: 16 to 30 hours worked,142,148,-6
E01002984,Full-time: 31 to 48 hours worked,337,342,-5
E01002984,Full-time: 49 or more hours worked,82,95,-13
E01002984,Part-time: 15 hours or less worked,80,66,14
E01002984,Part-time: 16 to 30 hours worked,114,109,5
E01002985,Full-time: 31 to 48 hours worked,465,466,-1
E01002985,Full-time: 49 or more hours worked,80,91,-11
E01002985,Part-time: 15 hours or less worked,96,92,4
E01002985,Part-time: 16 to 30 hours worked,211,154,57
E01002986,Full-time: 31 to 48 hours worked,318,332,-14
E01002986,Full-time: 49 or more hours worked,83,106,-23
E01002986,Part-time: 15 hours or less worked,67,58,9
E01002986,Part-time: 16 to 30 hours worked,107,104,3
E01002987,Full-time: 31 to 48 hours worked,776,616,160
E01002987,Full-time: 49 or more hours worked,141,161,-20
E01002987,Part-time: 15 hours or less worked,103,86,17
E01002987,Part-time: 16 to 30 hours worked,163,115,48
E01002988,Full-time: 31 to 48 hours worked,487,481,6
E01002988,Full-time: 49 or more hours worked,117,132,-15
E01002988,Part-time: 15 hours or less worked,125,157,-32
E01002988,Part-time: 16 to 30 hours worked,90,115,-25
E01002989,Full-time: 31 to 48 hours worked,791,851,-60
E01002989,Full-time: 49 or more hours worked,231,241,-10
E01002989,Part-time: 15 hours or less worked,102,66,36
E01002989,Part-time: 16 to 30 hours worked,114,116,-2
E01002990,Full-time: 31 to 48 hours worked,746,759,-13
E01002990,Full-time: 49 or more hours worked,175,190,-15
E01002990,Part-time: 15 hours or less worked,86,73,13
E01002990,Part-time: 16 to 30 hours worked,122,110,12
E01002991,Full-time: 31 to 48 hours worked,548,568,-20
E01002991,Full-time: 49 or more hours worked,154,168,-14
E01002991,Part-time: 15 hours or less worked,103,95,8
E01002991,Part-time: 16 to 30 hours worked,116,114,2
E01002992,Full-time: 31 to 48 hours worked,362,362,0
E01002992,Full-time: 49 or more hours worked,81,97,-16
E01002992,Part-time: 15 hours or less worked,107,165,-58
E01002992,Part-time: 16 to 30 hours worked,102,126,-24
E01002993,Full-time: 31 to 48 hours worked,636,656,-20
E01002993,Full-time: 49 or more hours worked,112,181,-69
E01002993,Part-time: 15 hours or less worked,81,60,21
E01002993,Part-time: 16 to 30 hours worked,113,92,21
E01002994,Full-time: 31 to 48 hours worked,423,451,-28
E01002994,Full-time: 49 or more hours worked,118,156,-38
E01002994,Part-time: 15 hours or less worked,55,74,-19
E01002994,Part-time: 16 to 30 hours worked,118,102,16
E01002995,Full-time: 31 to 48 hours worked,480,448,32
E01002995,Full-time: 49 or more hours worked,162,172,-10
E01002995,Part-time: 15 hours or less worked,75,63,12
E01002995,Part-time: 16 to 30 hours worked,104,86,18
E01002996,Full-time: 31 to 48 hours worked,502,488,14
E01002996,Full-time: 49 or more hours worked,110,158,-48
E01002996,Part-time: 15 hours or less worked,67,86,-19
E01002996,Part-time: 16 to 30 hours worked,128,123,5
E01002997,Full-time: 31 to 48 hours worked,526,496,30
E01002997,Full-time: 49 or more hours worked,124,139,-15
E01002997,Part-time: 15 hours or less worked,80,65,15
E01002997,Part-time: 16 to 30 hours worked,114,126,-12
E01002998,Full-time: 31 to 48 hours worked,479,465,14
E01002998,Full-time: 49 or more hours worked,101,78,23
E01002998,Part-time: 15 hours or less worked,67,81,-14
E01002998,Part-time: 16 to 30 hours worked,139,144,-5
E01002999,Full-time: 31 to 48 hours worked,595,557,38
E01002999,Full-time: 49 or more hours worked,104,144,-40
E01002999,Part-time: 15 hours or less worked,80,62,18
E01002999,Part-time: 16 to 30 hours worked,140,85,55
E01003000,Full-time: 31 to 48 hours worked,553,433,120
E01003000,Full-time: 49 or more hours worked,104,87,17
E01003000,Part-time: 15 hours or less worked,84,79,5
E01003000,Part-time: 16 to 30 hours worked,181,175,6
E01003001,Full-time: 31 to 48 hours worked,575,557,18
E01003001,Full-time: 49 or more hours worked,99,91,8
E01003001,Part-time: 15 hours or less worked,106,103,3
E01003001,Part-time: 16 to 30 hours worked,208,212,-4
E01003002,Full-time: 31 to 48 hours worked,589,581,8
E01003002,Full-time: 49 or more hours worked,118,122,-4
E01003002,Part-time: 15 hours or less worked,109,70,39
E01003002,Part-time: 16 to 30 hours worked,155,155,0
E01003003,Full-time: 31 to 48 hours worked,499,515,-16
E01003003,Full-time: 49 or more hours worked,98,91,7
E01003003,Part-time: 15 hours or less worked,97,66,31
E01003003,Part-time: 16 to 30 hours worked,168,166,2
E01003004,Full-time: 31 to 48 hours worked,552,485,67
E01003004,Full-time: 49 or more hours worked,79,92,-13
E01003004,Part-time: 15 hours or less worked,93,94,-1
E01003004,Part-time: 16 to 30 hours worked,147,157,-10
E01003005,Full-time: 31 to 48 hours worked,507,479,28
E01003005,Full-time: 49 or more hours worked,89,107,-18
E01003005,Part-time: 15 hours or less worked,69,76,-7
E01003005,Part-time: 16 to 30 hours worked,151,142,9
E01003006,Full-time: 31 to 48 hours worked,405,396,9
E01003006,Full-time: 49 or more hours worked,104,142,-38
E01003006,Part-time: 15 hours or less worked,75,69,6
E01003006,Part-time: 16 to 30 hours worked,121,126,-5
E01003007,Full-time: 31 to 48 hours worked,384,387,-3
E01003007,Full-time: 49 or more hours worked,130,124,6
E01003007,Part-time: 15 hours or less worked,103,66,37
E01003007,Part-time: 16 to 30 hours worked,125,156,-31
E01003008,Full-time: 31 to 48 hours worked,388,399,-11
E01003008,Full-time: 49 or more hours worked,107,113,-6
E01003008,Part-time: 15 hours or less worked,85,62,23
E01003008,Part-time: 16 to 30 hours worked,105,138,-33
E01003009,Full-time: 31 to 48 hours worked,542,514,28
E01003009,Full-time: 49 or more hours worked,127,171,-44
E01003009,Part-time: 15 hours or less worked,111,103,8
E01003009,Part-time: 16 to 30 hours worked,183,166,17
E01003010,Full-time: 31 to 48 hours worked,378,366,12
E01003010,Full-time: 49 or more hours worked,118,187,-69
E01003010,Part-time: 15 hours or less worked,109,93,16
E01003010,Part-time: 16 to 30 hours worked,130,135,-5
E01003011,Full-time: 31 to 48 hours worked,452,502,-50
E01003011,Full-time: 49 or more hours worked,122,179,-57
E01003011,Part-time: 15 hours or less worked,85,102,-17
E01003011,Part-time: 16 to 30 hours worked,135,131,4
E01003013,Full-time: 31 to 48 hours worked,560,668,-108
E01003013,Full-time: 49 or more hours worked,207,305,-98
E01003013,Part-time: 15 hours or less worked,87,50,37
E01003013,Part-time: 16 to 30 hours worked,78,64,14
E01003014,Full-time: 31 to 48 hours worked,404,556,-152
E01003014,Full-time: 49 or more hours worked,99,160,-61
E01003014,Part-time: 15 hours or less worked,98,84,14
E01003014,Part-time: 16 to 30 hours worked,116,145,-29
E01003015,Full-time: 31 to 48 hours worked,535,353,182
E01003015,Full-time: 49 or more hours worked,118,92,26
E01003015,Part-time: 15 hours or less worked,85,56,29
E01003015,Part-time: 16 to 30 hours worked,151,95,56
E01003016,Full-time: 31 to 48 hours worked,271,265,6
E01003016,Full-time: 49 or more hours worked,114,163,-49
E01003016,Part-time: 15 hours or less worked,87,78,9
E01003016,Part-time: 16 to 30 hours worked,54,66,-12
E01003017,Full-time: 31 to 48 hours worked,457,550,-93
E01003017,Full-time: 49 or more hours worked,173,196,-23
E01003017,Part-time: 15 hours or less worked,96,83,13
E01003017,Part-time: 16 to 30 hours worked,115,129,-14
E01003018,Full-time: 31 to 48 hours worked,958,947,11
E01003018,Full-time: 49 or more hours worked,240,257,-17
E01003018,Part-time: 15 hours or less worked,96,78,18
E01003018,Part-time: 16 to 30 hours worked,157,157,0
E01003019,Full-time: 31 to 48 hours worked,1014,972,42
E01003019,Full-time: 49 or more hours worked,257,282,-25
E01003019,Part-time: 15 hours or less worked,86,72,14
E01003019,Part-time: 16 to 30 hours worked,109,124,-15
E01003020,Full-time: 31 to 48 hours worked,715,710,5
E01003020,Full-time: 49 or more hours worked,180,184,-4
E01003020,Part-time: 15 hours or less worked,76,58,18
E01003020,Part-time: 16 to 30 hours worked,149,127,22
E01003021,Full-time: 31 to 48 hours worked,486,479,7
E01003021,Full-time: 49 or more hours worked,125,102,23
E01003021,Part-time: 15 hours or less worked,98,52,46
E01003021,Part-time: 16 to 30 hours worked,115,125,-10
E01003022,Full-time: 31 to 48 hours worked,684,684,0
E01003022,Full-time: 49 or more hours worked,166,191,-25
E01003022,Part-time: 15 hours or less worked,65,71,-6
E01003022,Part-time: 16 to 30 hours worked,132,124,8
E01003023,Full-time: 31 to 48 hours worked,1076,1039,37
E01003023,Full-time: 49 or more hours worked,185,220,-35
E01003023,Part-time: 15 hours or less worked,178,94,84
E01003023,Part-time: 16 to 30 hours worked,228,178,50
E01003024,Full-time: 31 to 48 hours worked,613,531,82
E01003024,Full-time: 49 or more hours worked,86,94,-8
E01003024,Part-time: 15 hours or less worked,115,80,35
E01003024,Part-time: 16 to 30 hours worked,204,180,24
E01003025,Full-time: 31 to 48 hours worked,756,686,70
E01003025,Full-time: 49 or more hours worked,123,139,-16
E01003025,Part-time: 15 hours or less worked,100,86,14
E01003025,Part-time: 16 to 30 hours worked,211,181,30
E01003026,Full-time: 31 to 48 hours worked,637,644,-7
E01003026,Full-time: 49 or more hours worked,227,323,-96
E01003026,Part-time: 15 hours or less worked,83,37,46
E01003026,Part-time: 16 to 30 hours worked,92,60,32
E01003027,Full-time: 31 to 48 hours worked,478,409,69
E01003027,Full-time: 49 or more hours worked,256,277,-21
E01003027,Part-time: 15 hours or less worked,62,42,20
E01003027,Part-time: 16 to 30 hours worked,71,90,-19
E01003028,Full-time: 31 to 48 hours worked,559,492,67
E01003028,Full-time: 49 or more hours worked,197,228,-31
E01003028,Part-time: 15 hours or less worked,62,48,14
E01003028,Part-time: 16 to 30 hours worked,90,71,19
E01003029,Full-time: 31 to 48 hours worked,816,755,61
E01003029,Full-time: 49 or more hours worked,246,300,-54
E01003029,Part-time: 15 hours or less worked,83,52,31
E01003029,Part-time: 16 to 30 hours worked,105,75,30
E01003030,Full-time: 31 to 48 hours worked,806,735,71
E01003030,Full-time: 49 or more hours worked,316,405,-89
E01003030,Part-time: 15 hours or less worked,45,50,-5
E01003030,Part-time: 16 to 30 hours worked,93,99,-6
E01003031,Full-time: 31 to 48 hours worked,638,676,-38
E01003031,Full-time: 49 or more hours worked,161,229,-68
E01003031,Part-time: 15 hours or less worked,78,49,29
E01003031,Part-time: 16 to 30 hours worked,92,112,-20
E01003032,Full-time: 31 to 48 hours worked,637,600,37
E01003032,Full-time: 49 or more hours worked,183,200,-17
E01003032,Part-time: 15 hours or less worked,80,46,34
E01003032,Part-time: 16 to 30 hours worked,111,125,-14
E01003033,Full-time: 31 to 48 hours worked,557,462,95
E01003033,Full-time: 49 or more hours worked,220,289,-69
E01003033,Part-time: 15 hours or less worked,63,47,16
E01003033,Part-time: 16 to 30 hours worked,94,111,-17
E01003034,Full-time: 31 to 48 hours worked,597,608,-11
E01003034,Full-time: 49 or more hours worked,173,244,-71
E01003034,Part-time: 15 hours or less worked,86,60,26
E01003034,Part-time: 16 to 30 hours worked,119,136,-17
E01003035,Full-time: 31 to 48 hours worked,761,716,45
E01003035,Full-time: 49 or more hours worked,211,283,-72
E01003035,Part-time: 15 hours or less worked,79,49,30
E01003035,Part-time: 16 to 30 hours worked,113,90,23
E01003036,Full-time: 31 to 48 hours worked,724,592,132
E01003036,Full-time: 49 or more hours worked,201,252,-51
E01003036,Part-time: 15 hours or less worked,73,48,25
E01003036,Part-time: 16 to 30 hours worked,158,85,73
E01003037,Full-time: 31 to 48 hours worked,494,497,-3
E01003037,Full-time: 49 or more hours worked,104,107,-3
E01003037,Part-time: 15 hours or less worked,66,38,28
E01003037,Part-time: 16 to 30 hours worked,113,102,11
E01003038,Full-time: 31 to 48 hours worked,719,526,193
E01003038,Full-time: 49 or more hours worked,285,249,36
E01003038,Part-time: 15 hours or less worked,66,36,30
E01003038,Part-time: 16 to 30 hours worked,92,69,23
E01003039,Full-time: 31 to 48 hours worked,843,918,-75
E01003039,Full-time: 49 or more hours worked,385,506,-121
E01003039,Part-time: 15 hours or less worked,78,50,28
E01003039,Part-time: 16 to 30 hours worked,99,138,-39
E01003040,Full-time: 31 to 48 hours worked,495,447,48
E01003040,Full-time: 49 or more hours worked,189,237,-48
E01003040,Part-time: 15 hours or less worked,56,46,10
E01003040,Part-time: 16 to 30 hours worked,57,83,-26
E01003041,Full-time: 31 to 48 hours worked,519,580,-61
E01003041,Full-time: 49 or more hours worked,128,124,4
E01003041,Part-time: 15 hours or less worked,65,61,4
E01003041,Part-time: 16 to 30 hours worked,118,116,2
E01003042,Full-time: 31 to 48 hours worked,446,421,25
E01003042,Full-time: 49 or more hours worked,112,139,-27
E01003042,Part-time: 15 hours or less worked,54,35,19
E01003042,Part-time: 16 to 30 hours worked,80,58,22
E01003043,Full-time: 31 to 48 hours worked,646,644,2
E01003043,Full-time: 49 or more hours worked,183,176,7
E01003043,Part-time: 15 hours or less worked,75,53,22
E01003043,Part-time: 16 to 30 hours worked,115,147,-32
E01003044,Full-time: 31 to 48 hours worked,410,322,88
E01003044,Full-time: 49 or more hours worked,64,60,4
E01003044,Part-time: 15 hours or less worked,68,79,-11
E01003044,Part-time: 16 to 30 hours worked,106,114,-8
E01003045,Full-time: 31 to 48 hours worked,419,484,-65
E01003045,Full-time: 49 or more hours worked,82,69,13
E01003045,Part-time: 15 hours or less worked,92,72,20
E01003045,Part-time: 16 to 30 hours worked,235,156,79
E01003046,Full-time: 31 to 48 hours worked,518,385,133
E01003046,Full-time: 49 or more hours worked,65,90,-25
E01003046,Part-time: 15 hours or less worked,89,73,16
E01003046,Part-time: 16 to 30 hours worked,171,198,-27
E01003047,Full-time: 31 to 48 hours worked,670,512,158
E01003047,Full-time: 49 or more hours worked,140,130,10
E01003047,Part-time: 15 hours or less worked,92,77,15
E01003047,Part-time: 16 to 30 hours worked,158,122,36
E01003048,Full-time: 31 to 48 hours worked,450,359,91
E01003048,Full-time: 49 or more hours worked,51,77,-26
E01003048,Part-time: 15 hours or less worked,119,69,50
E01003048,Part-time: 16 to 30 hours worked,223,163,60
E01003049,Full-time: 31 to 48 hours worked,538,445,93
E01003049,Full-time: 49 or more hours worked,120,80,40
E01003049,Part-time: 15 hours or less worked,111,69,42
E01003049,Part-time: 16 to 30 hours worked,178,149,29
E01003050,Full-time: 31 to 48 hours worked,735,703,32
E01003050,Full-time: 49 or more hours worked,165,180,-15
E01003050,Part-time: 15 hours or less worked,68,56,12
E01003050,Part-time: 16 to 30 hours worked,117,120,-3
E01003051,Full-time: 31 to 48 hours worked,854,438,416
E01003051,Full-time: 49 or more hours worked,183,111,72
E01003051,Part-time: 15 hours or less worked,100,60,40
E01003051,Part-time: 16 to 30 hours worked,177,152,25
E01003052,Full-time: 31 to 48 hours worked,623,426,197
E01003052,Full-time: 49 or more hours worked,86,81,5
E01003052,Part-time: 15 hours or less worked,135,77,58
E01003052,Part-time: 16 to 30 hours worked,209,170,39
E01003053,Full-time: 31 to 48 hours worked,852,814,38
E01003053,Full-time: 49 or more hours worked,215,280,-65
E01003053,Part-time: 15 hours or less worked,66,51,15
E01003053,Part-time: 16 to 30 hours worked,155,85,70
E01003054,Full-time: 31 to 48 hours worked,1220,949,271
E01003054,Full-time: 49 or more hours worked,340,368,-28
E01003054,Part-time: 15 hours or less worked,70,50,20
E01003054,Part-time: 16 to 30 hours worked,93,92,1
E01003055,Full-time: 31 to 48 hours worked,676,589,87
E01003055,Full-time: 49 or more hours worked,164,192,-28
E01003055,Part-time: 15 hours or less worked,68,54,14
E01003055,Part-time: 16 to 30 hours worked,104,108,-4
E01003056,Full-time: 31 to 48 hours worked,809,895,-86
E01003056,Full-time: 49 or more hours worked,217,268,-51
E01003056,Part-time: 15 hours or less worked,81,50,31
E01003056,Part-time: 16 to 30 hours worked,122,99,23
E01003057,Full-time: 31 to 48 hours worked,623,617,6
E01003057,Full-time: 49 or more hours worked,124,155,-31
E01003057,Part-time: 15 hours or less worked,91,47,44
E01003057,Part-time: 16 to 30 hours worked,114,127,-13
E01003058,Full-time: 31 to 48 hours worked,959,940,19
E01003058,Full-time: 49 or more hours worked,267,272,-5
E01003058,Part-time: 15 hours or less worked,77,61,16
E01003058,Part-time: 16 to 30 hours worked,112,132,-20
E01003059,Full-time: 31 to 48 hours worked,788,474,314
E01003059,Full-time: 49 or more hours worked,115,87,28
E01003059,Part-time: 15 hours or less worked,158,79,79
E01003059,Part-time: 16 to 30 hours worked,198,139,59
E01003060,Full-time: 31 to 48 hours worked,622,408,214
E01003060,Full-time: 49 or more hours worked,96,64,32
E01003060,Part-time: 15 hours or less worked,87,83,4
E01003060,Part-time: 16 to 30 hours worked,150,130,20
E01003061,Full-time: 31 to 48 hours worked,515,411,104
E01003061,Full-time: 49 or more hours worked,123,111,12
E01003061,Part-time: 15 hours or less worked,71,79,-8
E01003061,Part-time: 16 to 30 hours worked,137,131,6
E01003062,Full-time: 31 to 48 hours worked,745,678,67
E01003062,Full-time: 49 or more hours worked,157,145,12
E01003062,Part-time: 15 hours or less worked,91,58,33
E01003062,Part-time: 16 to 30 hours worked,171,135,36
E01003063,Full-time: 31 to 48 hours worked,417,408,9
E01003063,Full-time: 49 or more hours worked,71,68,3
E01003063,Part-time: 15 hours or less worked,63,55,8
E01003063,Part-time: 16 to 30 hours worked,116,116,0
E01003064,Full-time: 31 to 48 hours worked,484,579,-95
E01003064,Full-time: 49 or more hours worked,138,174,-36
E01003064,Part-time: 15 hours or less worked,83,48,35
E01003064,Part-time: 16 to 30 hours worked,138,126,12
E01003065,Full-time: 31 to 48 hours worked,421,349,72
E01003065,Full-time: 49 or more hours worked,56,71,-15
E01003065,Part-time: 15 hours or less worked,103,64,39
E01003065,Part-time: 16 to 30 hours worked,140,118,22
E01003066,Full-time: 31 to 48 hours worked,561,498,63
E01003066,Full-time: 49 or more hours worked,67,100,-33
E01003066,Part-time: 15 hours or less worked,110,58,52
E01003066,Part-time: 16 to 30 hours worked,157,146,11
E01003067,Full-time: 31 to 48 hours worked,460,479,-19
E01003067,Full-time: 49 or more hours worked,143,131,12
E01003067,Part-time: 15 hours or less worked,80,69,11
E01003067,Part-time: 16 to 30 hours worked,125,114,11
E01003068,Full-time: 31 to 48 hours worked,484,439,45
E01003068,Full-time: 49 or more hours worked,101,92,9
E01003068,Part-time: 15 hours or less worked,68,54,14
E01003068,Part-time: 16 to 30 hours worked,125,142,-17
E01003069,Full-time: 31 to 48 hours worked,386,356,30
E01003069,Full-time: 49 or more hours worked,77,64,13
E01003069,Part-time: 15 hours or less worked,60,44,16
E01003069,Part-time: 16 to 30 hours worked,122,128,-6
E01003070,Full-time: 31 to 48 hours worked,419,407,12
E01003070,Full-time: 49 or more hours worked,73,74,-1
E01003070,Part-time: 15 hours or less worked,78,58,20
E01003070,Part-time: 16 to 30 hours worked,142,103,39
E01003071,Full-time: 31 to 48 hours worked,985,965,20
E01003071,Full-time: 49 or more hours worked,243,296,-53
E01003071,Part-time: 15 hours or less worked,111,76,35
E01003071,Part-time: 16 to 30 hours worked,185,194,-9
E01003072,Full-time: 31 to 48 hours worked,553,529,24
E01003072,Full-time: 49 or more hours worked,210,218,-8
E01003072,Part-time: 15 hours or less worked,97,77,20
E01003072,Part-time: 16 to 30 hours worked,112,144,-32
E01003073,Full-time: 31 to 48 hours worked,502,628,-126
E01003073,Full-time: 49 or more hours worked,103,152,-49
E01003073,Part-time: 15 hours or less worked,80,66,14
E01003073,Part-time: 16 to 30 hours worked,136,162,-26
E01003074,Full-time: 31 to 48 hours worked,952,863,89
E01003074,Full-time: 49 or more hours worked,256,256,0
E01003074,Part-time: 15 hours or less worked,162,85,77
E01003074,Part-time: 16 to 30 hours worked,194,213,-19
E01003075,Full-time: 31 to 48 hours worked,460,387,73
E01003075,Full-time: 49 or more hours worked,57,66,-9
E01003075,Part-time: 15 hours or less worked,103,66,37
E01003075,Part-time: 16 to 30 hours worked,196,141,55
E01003076,Full-time: 31 to 48 hours worked,1054,730,324
E01003076,Full-time: 49 or more hours worked,168,151,17
E01003076,Part-time: 15 hours or less worked,161,102,59
E01003076,Part-time: 16 to 30 hours worked,245,196,49
E01003077,Full-time: 31 to 48 hours worked,779,681,98
E01003077,Full-time: 49 or more hours worked,174,170,4
E01003077,Part-time: 15 hours or less worked,100,84,16
E01003077,Part-time: 16 to 30 hours worked,157,137,20
E01003078,Full-time: 31 to 48 hours worked,548,465,83
E01003078,Full-time: 49 or more hours worked,165,133,32
E01003078,Part-time: 15 hours or less worked,88,51,37
E01003078,Part-time: 16 to 30 hours worked,134,107,27
E01003079,Full-time: 31 to 48 hours worked,548,501,47
E01003079,Full-time: 49 or more hours worked,108,112,-4
E01003079,Part-time: 15 hours or less worked,109,62,47
E01003079,Part-time: 16 to 30 hours worked,159,150,9
E01003080,Full-time: 31 to 48 hours worked,602,606,-4
E01003080,Full-time: 49 or more hours worked,100,118,-18
E01003080,Part-time: 15 hours or less worked,86,62,24
E01003080,Part-time: 16 to 30 hours worked,137,118,19
E01003081,Full-time: 31 to 48 hours worked,603,539,64
E01003081,Full-time: 49 or more hours worked,129,137,-8
E01003081,Part-time: 15 hours or less worked,87,71,16
E01003081,Part-time: 16 to 30 hours worked,178,171,7
E01003082,Full-time: 31 to 48 hours worked,448,421,27
E01003082,Full-time: 49 or more hours worked,79,69,10
E01003082,Part-time: 15 hours or less worked,62,35,27
E01003082,Part-time: 16 to 30 hours worked,93,119,-26
E01003083,Full-time: 31 to 48 hours worked,425,461,-36
E01003083,Full-time: 49 or more hours worked,127,122,5
E01003083,Part-time: 15 hours or less worked,94,50,44
E01003083,Part-time: 16 to 30 hours worked,135,126,9
E01003084,Full-time: 31 to 48 hours worked,505,554,-49
E01003084,Full-time: 49 or more hours worked,129,124,5
E01003084,Part-time: 15 hours or less worked,94,56,38
E01003084,Part-time: 16 to 30 hours worked,139,178,-39
E01003085,Full-time: 31 to 48 hours worked,482,581,-99
E01003085,Full-time: 49 or more hours worked,124,118,6
E01003085,Part-time: 15 hours or less worked,93,71,22
E01003085,Part-time: 16 to 30 hours worked,167,194,-27
E01003086,Full-time: 31 to 48 hours worked,462,390,72
E01003086,Full-time: 49 or more hours worked,66,62,4
E01003086,Part-time: 15 hours or less worked,95,56,39
E01003086,Part-time: 16 to 30 hours worked,149,128,21
E01003087,Full-time: 31 to 48 hours worked,430,260,170
E01003087,Full-time: 49 or more hours worked,45,49,-4
E01003087,Part-time: 15 hours or less worked,92,24,68
E01003087,Part-time: 16 to 30 hours worked,132,113,19
E01003088,Full-time: 31 to 48 hours worked,599,646,-47
E01003088,Full-time: 49 or more hours worked,148,195,-47
E01003088,Part-time: 15 hours or less worked,83,77,6
E01003088,Part-time: 16 to 30 hours worked,139,148,-9
E01003089,Full-time: 31 to 48 hours worked,643,468,175
E01003089,Full-time: 49 or more hours worked,134,126,8
E01003089,Part-time: 15 hours or less worked,126,83,43
E01003089,Part-time: 16 to 30 hours worked,174,205,-31
E01003090,Full-time: 31 to 48 hours worked,1088,898,190
E01003090,Full-time: 49 or more hours worked,346,340,6
E01003090,Part-time: 15 hours or less worked,93,64,29
E01003090,Part-time: 16 to 30 hours worked,164,104,60
E01003091,Full-time: 31 to 48 hours worked,618,558,60
E01003091,Full-time: 49 or more hours worked,157,146,11
E01003091,Part-time: 15 hours or less worked,100,34,66
E01003091,Part-time: 16 to 30 hours worked,171,139,32
E01003092,Full-time: 31 to 48 hours worked,796,512,284
E01003092,Full-time: 49 or more hours worked,147,119,28
E01003092,Part-time: 15 hours or less worked,125,49,76
E01003092,Part-time: 16 to 30 hours worked,195,126,69
E01003093,Full-time: 31 to 48 hours worked,634,638,-4
E01003093,Full-time: 49 or more hours worked,106,121,-15
E01003093,Part-time: 15 hours or less worked,140,97,43
E01003093,Part-time: 16 to 30 hours worked,223,173,50
E01003094,Full-time: 31 to 48 hours worked,605,771,-166
E01003094,Full-time: 49 or more hours worked,159,188,-29
E01003094,Part-time: 15 hours or less worked,72,60,12
E01003094,Part-time: 16 to 30 hours worked,101,124,-23
E01003095,Full-time: 31 to 48 hours worked,697,691,6
E01003095,Full-time: 49 or more hours worked,218,268,-50
E01003095,Part-time: 15 hours or less worked,68,54,14
E01003095,Part-time: 16 to 30 hours worked,91,120,-29
E01003096,Full-time: 31 to 48 hours worked,944,1009,-65
E01003096,Full-time: 49 or more hours worked,272,310,-38
E01003096,Part-time: 15 hours or less worked,108,77,31
E01003096,Part-time: 16 to 30 hours worked,136,123,13
E01003097,Full-time: 31 to 48 hours worked,530,498,32
E01003097,Full-time: 49 or more hours worked,71,125,-54
E01003097,Part-time: 15 hours or less worked,81,68,13
E01003097,Part-time: 16 to 30 hours worked,115,117,-2
E01003098,Full-time: 31 to 48 hours worked,522,508,14
E01003098,Full-time: 49 or more hours worked,151,157,-6
E01003098,Part-time: 15 hours or less worked,86,55,31
E01003098,Part-time: 16 to 30 hours worked,95,113,-18
E01003099,Full-time: 31 to 48 hours worked,631,555,76
E01003099,Full-time: 49 or more hours worked,131,148,-17
E01003099,Part-time: 15 hours or less worked,82,72,10
E01003099,Part-time: 16 to 30 hours worked,159,147,12
E01003100,Full-time: 31 to 48 hours worked,1058,1018,40
E01003100,Full-time: 49 or more hours worked,292,271,21
E01003100,Part-time: 15 hours or less worked,89,71,18
E01003100,Part-time: 16 to 30 hours worked,108,134,-26
E01003101,Full-time: 31 to 48 hours worked,517,523,-6
E01003101,Full-time: 49 or more hours worked,113,198,-85
E01003101,Part-time: 15 hours or less worked,86,55,31
E01003101,Part-time: 16 to 30 hours worked,113,129,-16
E01003102,Full-time: 31 to 48 hours worked,636,668,-32
E01003102,Full-time: 49 or more hours worked,168,236,-68
E01003102,Part-time: 15 hours or less worked,83,69,14
E01003102,Part-time: 16 to 30 hours worked,119,135,-16
E01003104,Full-time: 31 to 48 hours worked,652,649,3
E01003104,Full-time: 49 or more hours worked,159,204,-45
E01003104,Part-time: 15 hours or less worked,95,65,30
E01003104,Part-time: 16 to 30 hours worked,141,109,32
E01003105,Full-time: 31 to 48 hours worked,525,511,14
E01003105,Full-time: 49 or more hours worked,130,111,19
E01003105,Part-time: 15 hours or less worked,87,61,26
E01003105,Part-time: 16 to 30 hours worked,145,144,1
E01003106,Full-time: 31 to 48 hours worked,699,558,141
E01003106,Full-time: 49 or more hours worked,193,202,-9
E01003106,Part-time: 15 hours or less worked,118,63,55
E01003106,Part-time: 16 to 30 hours worked,166,129,37
E01003107,Full-time: 31 to 48 hours worked,745,839,-94
E01003107,Full-time: 49 or more hours worked,235,340,-105
E01003107,Part-time: 15 hours or less worked,100,79,21
E01003107,Part-time: 16 to 30 hours worked,152,166,-14
E01003108,Full-time: 31 to 48 hours worked,489,469,20
E01003108,Full-time: 49 or more hours worked,85,105,-20
E01003108,Part-time: 15 hours or less worked,75,55,20
E01003108,Part-time: 16 to 30 hours worked,121,113,8
E01003110,Full-time: 31 to 48 hours worked,765,665,100
E01003110,Full-time: 49 or more hours worked,212,265,-53
E01003110,Part-time: 15 hours or less worked,108,75,33
E01003110,Part-time: 16 to 30 hours worked,157,133,24
E01003111,Full-time: 31 to 48 hours worked,468,346,122
E01003111,Full-time: 49 or more hours worked,88,77,11
E01003111,Part-time: 15 hours or less worked,100,74,26
E01003111,Part-time: 16 to 30 hours worked,179,129,50
E01003112,Full-time: 31 to 48 hours worked,530,407,123
E01003112,Full-time: 49 or more hours worked,123,141,-18
E01003112,Part-time: 15 hours or less worked,101,73,28
E01003112,Part-time: 16 to 30 hours worked,141,110,31
E01003113,Full-time: 31 to 48 hours worked,603,734,-131
E01003113,Full-time: 49 or more hours worked,159,170,-11
E01003113,Part-time: 15 hours or less worked,94,68,26
E01003113,Part-time: 16 to 30 hours worked,168,175,-7
E01003114,Full-time: 31 to 48 hours worked,1050,707,343
E01003114,Full-time: 49 or more hours worked,187,166,21
E01003114,Part-time: 15 hours or less worked,136,63,73
E01003114,Part-time: 16 to 30 hours worked,204,149,55
E01003115,Full-time: 31 to 48 hours worked,619,609,10
E01003115,Full-time: 49 or more hours worked,106,120,-14
E01003115,Part-time: 15 hours or less worked,66,47,19
E01003115,Part-time: 16 to 30 hours worked,137,140,-3
E01003116,Full-time: 31 to 48 hours worked,528,497,31
E01003116,Full-time: 49 or more hours worked,154,150,4
E01003116,Part-time: 15 hours or less worked,81,59,22
E01003116,Part-time: 16 to 30 hours worked,136,131,5
E01003117,Full-time: 31 to 48 hours worked,690,737,-47
E01003117,Full-time: 49 or more hours worked,170,192,-22
E01003117,Part-time: 15 hours or less worked,147,87,60
E01003117,Part-time: 16 to 30 hours worked,132,142,-10
E01003118,Full-time: 31 to 48 hours worked,518,590,-72
E01003118,Full-time: 49 or more hours worked,146,173,-27
E01003118,Part-time: 15 hours or less worked,106,68,38
E01003118,Part-time: 16 to 30 hours worked,180,150,30
E01003119,Full-time: 31 to 48 hours worked,737,725,12
E01003119,Full-time: 49 or more hours worked,172,161,11
E01003119,Part-time: 15 hours or less worked,127,79,48
E01003119,Part-time: 16 to 30 hours worked,176,173,3
E01003120,Full-time: 31 to 48 hours worked,915,740,175
E01003120,Full-time: 49 or more hours worked,174,164,10
E01003120,Part-time: 15 hours or less worked,161,74,87
E01003120,Part-time: 16 to 30 hours worked,208,180,28
E01003121,Full-time: 31 to 48 hours worked,458,410,48
E01003121,Full-time: 49 or more hours worked,55,87,-32
E01003121,Part-time: 15 hours or less worked,88,86,2
E01003121,Part-time: 16 to 30 hours worked,164,137,27
E01003122,Full-time: 31 to 48 hours worked,790,714,76
E01003122,Full-time: 49 or more hours worked,207,188,19
E01003122,Part-time: 15 hours or less worked,75,77,-2
E01003122,Part-time: 16 to 30 hours worked,135,123,12
E01003123,Full-time: 31 to 48 hours worked,629,558,71
E01003123,Full-time: 49 or more hours worked,194,230,-36
E01003123,Part-time: 15 hours or less worked,83,68,15
E01003123,Part-time: 16 to 30 hours worked,151,119,32
E01003124,Full-time: 31 to 48 hours worked,457,493,-36
E01003124,Full-time: 49 or more hours worked,80,129,-49
E01003124,Part-time: 15 hours or less worked,91,64,27
E01003124,Part-time: 16 to 30 hours worked,137,108,29
E01003125,Full-time: 31 to 48 hours worked,526,420,106
E01003125,Full-time: 49 or more hours worked,69,72,-3
E01003125,Part-time: 15 hours or less worked,110,76,34
E01003125,Part-time: 16 to 30 hours worked,176,147,29
E01003126,Full-time: 31 to 48 hours worked,597,474,123
E01003126,Full-time: 49 or more hours worked,102,95,7
E01003126,Part-time: 15 hours or less worked,106,72,34
E01003126,Part-time: 16 to 30 hours worked,162,143,19
E01003127,Full-time: 31 to 48 hours worked,800,614,186
E01003127,Full-time: 49 or more hours worked,179,203,-24
E01003127,Part-time: 15 hours or less worked,129,67,62
E01003127,Part-time: 16 to 30 hours worked,187,123,64
E01003128,Full-time: 31 to 48 hours worked,531,470,61
E01003128,Full-time: 49 or more hours worked,83,96,-13
E01003128,Part-time: 15 hours or less worked,79,61,18
E01003128,Part-time: 16 to 30 hours worked,156,113,43
E01003129,Full-time: 31 to 48 hours worked,736,719,17
E01003129,Full-time: 49 or more hours worked,166,195,-29
E01003129,Part-time: 15 hours or less worked,95,89,6
E01003129,Part-time: 16 to 30 hours worked,156,145,11
E01003130,Full-time: 31 to 48 hours worked,628,631,-3
E01003130,Full-time: 49 or more hours worked,147,188,-41
E01003130,Part-time: 15 hours or less worked,119,59,60
E01003130,Part-time: 16 to 30 hours worked,181,165,16
E01003131,Full-time: 31 to 48 hours worked,883,483,400
E01003131,Full-time: 49 or more hours worked,262,180,82
E01003131,Part-time: 15 hours or less worked,112,61,51
E01003131,Part-time: 16 to 30 hours worked,141,122,19
E01003132,Full-time: 31 to 48 hours worked,403,347,56
E01003132,Full-time: 49 or more hours worked,73,77,-4
E01003132,Part-time: 15 hours or less worked,74,53,21
E01003132,Part-time: 16 to 30 hours worked,116,114,2
E01003133,Full-time: 31 to 48 hours worked,582,600,-18
E01003133,Full-time: 49 or more hours worked,151,165,-14
E01003133,Part-time: 15 hours or less worked,108,65,43
E01003133,Part-time: 16 to 30 hours worked,149,151,-2
E01003134,Full-time: 31 to 48 hours worked,531,538,-7
E01003134,Full-time: 49 or more hours worked,117,116,1
E01003134,Part-time: 15 hours or less worked,90,58,32
E01003134,Part-time: 16 to 30 hours worked,141,115,26
E01003135,Full-time: 31 to 48 hours worked,710,575,135
E01003135,Full-time: 49 or more hours worked,135,155,-20
E01003135,Part-time: 15 hours or less worked,95,60,35
E01003135,Part-time: 16 to 30 hours worked,150,145,5
E01003136,Full-time: 31 to 48 hours worked,613,580,33
E01003136,Full-time: 49 or more hours worked,131,141,-10
E01003136,Part-time: 15 hours or less worked,91,73,18
E01003136,Part-time: 16 to 30 hours worked,155,112,43
E01003137,Full-time: 31 to 48 hours worked,486,447,39
E01003137,Full-time: 49 or more hours worked,91,85,6
E01003137,Part-time: 15 hours or less worked,113,53,60
E01003137,Part-time: 16 to 30 hours worked,146,127,19
E01003138,Full-time: 31 to 48 hours worked,613,657,-44
E01003138,Full-time: 49 or more hours worked,219,247,-28
E01003138,Part-time: 15 hours or less worked,77,56,21
E01003138,Part-time: 16 to 30 hours worked,96,112,-16
E01003139,Full-time: 31 to 48 hours worked,504,369,135
E01003139,Full-time: 49 or more hours worked,84,55,29
E01003139,Part-time: 15 hours or less worked,92,50,42
E01003139,Part-time: 16 to 30 hours worked,147,140,7
E01003140,Full-time: 31 to 48 hours worked,426,557,-131
E01003140,Full-time: 49 or more hours worked,73,102,-29
E01003140,Part-time: 15 hours or less worked,87,67,20
E01003140,Part-time: 16 to 30 hours worked,158,191,-33
E01003141,Full-time: 31 to 48 hours worked,537,509,28
E01003141,Full-time: 49 or more hours worked,129,102,27
E01003141,Part-time: 15 hours or less worked,90,59,31
E01003141,Part-time: 16 to 30 hours worked,162,137,25
E01003142,Full-time: 31 to 48 hours worked,439,380,59
E01003142,Full-time: 49 or more hours worked,55,53,2
E01003142,Part-time: 15 hours or less worked,73,41,32
E01003142,Part-time: 16 to 30 hours worked,145,106,39
E01003143,Full-time: 31 to 48 hours worked,426,374,52
E01003143,Full-time: 49 or more hours worked,61,67,-6
E01003143,Part-time: 15 hours or less worked,76,58,18
E01003143,Part-time: 16 to 30 hours worked,140,118,22
E01003144,Full-time: 31 to 48 hours worked,485,425,60
E01003144,Full-time: 49 or more hours worked,142,144,-2
E01003144,Part-time: 15 hours or less worked,89,69,20
E01003144,Part-time: 16 to 30 hours worked,124,135,-11
E01003145,Full-time: 31 to 48 hours worked,527,622,-95
E01003145,Full-time: 49 or more hours worked,137,140,-3
E01003145,Part-time: 15 hours or less worked,133,60,73
E01003145,Part-time: 16 to 30 hours worked,168,145,23
E01003146,Full-time: 31 to 48 hours worked,584,468,116
E01003146,Full-time: 49 or more hours worked,82,74,8
E01003146,Part-time: 15 hours or less worked,97,59,38
E01003146,Part-time: 16 to 30 hours worked,139,127,12
E01003147,Full-time: 31 to 48 hours worked,695,613,82
E01003147,Full-time: 49 or more hours worked,131,152,-21
E01003147,Part-time: 15 hours or less worked,123,84,39
E01003147,Part-time: 16 to 30 hours worked,206,195,11
E01003148,Full-time: 31 to 48 hours worked,679,656,23
E01003148,Full-time: 49 or more hours worked,163,145,18
E01003148,Part-time: 15 hours or less worked,88,50,38
E01003148,Part-time: 16 to 30 hours worked,153,150,3
E01003149,Full-time: 31 to 48 hours worked,588,579,9
E01003149,Full-time: 49 or more hours worked,140,161,-21
E01003149,Part-time: 15 hours or less worked,105,75,30
E01003149,Part-time: 16 to 30 hours worked,153,137,16
E01003150,Full-time: 31 to 48 hours worked,656,533,123
E01003150,Full-time: 49 or more hours worked,132,139,-7
E01003150,Part-time: 15 hours or less worked,95,38,57
E01003150,Part-time: 16 to 30 hours worked,184,148,36
E01003151,Full-time: 31 to 48 hours worked,608,511,97
E01003151,Full-time: 49 or more hours worked,97,79,18
E01003151,Part-time: 15 hours or less worked,92,69,23
E01003151,Part-time: 16 to 30 hours worked,190,142,48
E01003152,Full-time: 31 to 48 hours worked,787,709,78
E01003152,Full-time: 49 or more hours worked,145,170,-25
E01003152,Part-time: 15 hours or less worked,76,72,4
E01003152,Part-time: 16 to 30 hours worked,154,160,-6
E01003153,Full-time: 31 to 48 hours worked,1020,992,28
E01003153,Full-time: 49 or more hours worked,213,230,-17
E01003153,Part-time: 15 hours or less worked,122,63,59
E01003153,Part-time: 16 to 30 hours worked,198,171,27
E01003154,Full-time: 31 to 48 hours worked,570,554,16
E01003154,Full-time: 49 or more hours worked,103,111,-8
E01003154,Part-time: 15 hours or less worked,105,75,30
E01003154,Part-time: 16 to 30 hours worked,203,142,61
E01003155,Full-time: 31 to 48 hours worked,652,706,-54
E01003155,Full-time: 49 or more hours worked,157,163,-6
E01003155,Part-time: 15 hours or less worked,100,56,44
E01003155,Part-time: 16 to 30 hours worked,146,123,23
E01003156,Full-time: 31 to 48 hours worked,654,554,100
E01003156,Full-time: 49 or more hours worked,177,185,-8
E01003156,Part-time: 15 hours or less worked,68,47,21
E01003156,Part-time: 16 to 30 hours worked,89,100,-11
E01003157,Full-time: 31 to 48 hours worked,528,579,-51
E01003157,Full-time: 49 or more hours worked,236,182,54
E01003157,Part-time: 15 hours or less worked,59,44,15
E01003157,Part-time: 16 to 30 hours worked,96,98,-2
E01003158,Full-time: 31 to 48 hours worked,721,745,-24
E01003158,Full-time: 49 or more hours worked,246,270,-24
E01003158,Part-time: 15 hours or less worked,63,32,31
E01003158,Part-time: 16 to 30 hours worked,101,87,14
E01003159,Full-time: 31 to 48 hours worked,701,476,225
E01003159,Full-time: 49 or more hours worked,163,101,62
E01003159,Part-time: 15 hours or less worked,89,50,39
E01003159,Part-time: 16 to 30 hours worked,134,140,-6
E01003160,Full-time: 31 to 48 hours worked,523,364,159
E01003160,Full-time: 49 or more hours worked,84,52,32
E01003160,Part-time: 15 hours or less worked,94,80,14
E01003160,Part-time: 16 to 30 hours worked,132,165,-33
E01003161,Full-time: 31 to 48 hours worked,511,414,97
E01003161,Full-time: 49 or more hours worked,181,171,10
E01003161,Part-time: 15 hours or less worked,45,38,7
E01003161,Part-time: 16 to 30 hours worked,76,67,9
E01003162,Full-time: 31 to 48 hours worked,551,493,58
E01003162,Full-time: 49 or more hours worked,79,77,2
E01003162,Part-time: 15 hours or less worked,130,90,40
E01003162,Part-time: 16 to 30 hours worked,215,231,-16
E01003163,Full-time: 31 to 48 hours worked,559,520,39
E01003163,Full-time: 49 or more hours worked,134,127,7
E01003163,Part-time: 15 hours or less worked,73,50,23
E01003163,Part-time: 16 to 30 hours worked,124,117,7
E01003164,Full-time: 31 to 48 hours worked,851,745,106
E01003164,Full-time: 49 or more hours worked,147,156,-9
E01003164,Part-time: 15 hours or less worked,125,70,55
E01003164,Part-time: 16 to 30 hours worked,192,174,18
E01003165,Full-time: 31 to 48 hours worked,500,506,-6
E01003165,Full-time: 49 or more hours worked,124,121,3
E01003165,Part-time: 15 hours or less worked,68,62,6
E01003165,Part-time: 16 to 30 hours worked,164,115,49
E01003166,Full-time: 31 to 48 hours worked,897,790,107
E01003166,Full-time: 49 or more hours worked,235,212,23
E01003166,Part-time: 15 hours or less worked,140,86,54
E01003166,Part-time: 16 to 30 hours worked,215,222,-7
E01003167,Full-time: 31 to 48 hours worked,556,527,29
E01003167,Full-time: 49 or more hours worked,170,188,-18
E01003167,Part-time: 15 hours or less worked,94,58,36
E01003167,Part-time: 16 to 30 hours worked,127,162,-35
E01003168,Full-time: 31 to 48 hours worked,399,414,-15
E01003168,Full-time: 49 or more hours worked,99,60,39
E01003168,Part-time: 15 hours or less worked,101,64,37
E01003168,Part-time: 16 to 30 hours worked,168,140,28
E01003169,Full-time: 31 to 48 hours worked,871,860,11
E01003169,Full-time: 49 or more hours worked,234,194,40
E01003169,Part-time: 15 hours or less worked,106,86,20
E01003169,Part-time: 16 to 30 hours worked,194,199,-5
E01003170,Full-time: 31 to 48 hours worked,596,572,24
E01003170,Full-time: 49 or more hours worked,189,204,-15
E01003170,Part-time: 15 hours or less worked,70,76,-6
E01003170,Part-time: 16 to 30 hours worked,140,155,-15
E01003171,Full-time: 31 to 48 hours worked,695,704,-9
E01003171,Full-time: 49 or more hours worked,169,165,4
E01003171,Part-time: 15 hours or less worked,78,69,9
E01003171,Part-time: 16 to 30 hours worked,150,110,40
E01003172,Full-time: 31 to 48 hours worked,615,618,-3
E01003172,Full-time: 49 or more hours worked,113,125,-12
E01003172,Part-time: 15 hours or less worked,79,68,11
E01003172,Part-time: 16 to 30 hours worked,164,141,23
E01003173,Full-time: 31 to 48 hours worked,637,628,9
E01003173,Full-time: 49 or more hours worked,150,167,-17
E01003173,Part-time: 15 hours or less worked,97,71,26
E01003173,Part-time: 16 to 30 hours worked,119,146,-27
E01003174,Full-time: 31 to 48 hours worked,539,538,1
E01003174,Full-time: 49 or more hours worked,104,81,23
E01003174,Part-time: 15 hours or less worked,122,84,38
E01003174,Part-time: 16 to 30 hours worked,208,208,0
E01003175,Full-time: 31 to 48 hours worked,432,411,21
E01003175,Full-time: 49 or more hours worked,66,49,17
E01003175,Part-time: 15 hours or less worked,121,75,46
E01003175,Part-time: 16 to 30 hours worked,140,144,-4
E01003176,Full-time: 31 to 48 hours worked,623,489,134
E01003176,Full-time: 49 or more hours worked,71,84,-13
E01003176,Part-time: 15 hours or less worked,125,76,49
E01003176,Part-time: 16 to 30 hours worked,170,181,-11
E01003177,Full-time: 31 to 48 hours worked,630,605,25
E01003177,Full-time: 49 or more hours worked,166,157,9
E01003177,Part-time: 15 hours or less worked,95,62,33
E01003177,Part-time: 16 to 30 hours worked,144,148,-4
E01003178,Full-time: 31 to 48 hours worked,670,697,-27
E01003178,Full-time: 49 or more hours worked,193,178,15
E01003178,Part-time: 15 hours or less worked,66,58,8
E01003178,Part-time: 16 to 30 hours worked,114,121,-7
E01003179,Full-time: 31 to 48 hours worked,427,385,42
E01003179,Full-time: 49 or more hours worked,57,69,-12
E01003179,Part-time: 15 hours or less worked,102,67,35
E01003179,Part-time: 16 to 30 hours worked,193,171,22
E01003180,Full-time: 31 to 48 hours worked,561,523,38
E01003180,Full-time: 49 or more hours worked,127,123,4
E01003180,Part-time: 15 hours or less worked,84,53,31
E01003180,Part-time: 16 to 30 hours worked,126,126,0
E01003181,Full-time: 31 to 48 hours worked,523,480,43
E01003181,Full-time: 49 or more hours worked,96,117,-21
E01003181,Part-time: 15 hours or less worked,79,38,41
E01003181,Part-time: 16 to 30 hours worked,137,118,19
E01003182,Full-time: 31 to 48 hours worked,582,546,36
E01003182,Full-time: 49 or more hours worked,130,137,-7
E01003182,Part-time: 15 hours or less worked,124,69,55
E01003182,Part-time: 16 to 30 hours worked,176,156,20
E01003183,Full-time: 31 to 48 hours worked,510,451,59
E01003183,Full-time: 49 or more hours worked,92,109,-17
E01003183,Part-time: 15 hours or less worked,81,67,14
E01003183,Part-time: 16 to 30 hours worked,116,111,5
E01003184,Full-time: 31 to 48 hours worked,448,318,130
E01003184,Full-time: 49 or more hours worked,71,57,14
E01003184,Part-time: 15 hours or less worked,80,66,14
E01003184,Part-time: 16 to 30 hours worked,118,109,9
E01003185,Full-time: 31 to 48 hours worked,770,599,171
E01003185,Full-time: 49 or more hours worked,175,181,-6
E01003185,Part-time: 15 hours or less worked,102,72,30
E01003185,Part-time: 16 to 30 hours worked,141,106,35
E01003186,Full-time: 31 to 48 hours worked,1001,708,293
E01003186,Full-time: 49 or more hours worked,293,269,24
E01003186,Part-time: 15 hours or less worked,135,72,63
E01003186,Part-time: 16 to 30 hours worked,169,154,15
E01003187,Full-time: 31 to 48 hours worked,870,408,462
E01003187,Full-time: 49 or more hours worked,237,84,153
E01003187,Part-time: 15 hours or less worked,91,79,12
E01003187,Part-time: 16 to 30 hours worked,158,133,25
E01003188,Full-time: 31 to 48 hours worked,363,359,4
E01003188,Full-time: 49 or more hours worked,71,61,10
E01003188,Part-time: 15 hours or less worked,80,55,25
E01003188,Part-time: 16 to 30 hours worked,138,122,16
E01003189,Full-time: 31 to 48 hours worked,463,371,92
E01003189,Full-time: 49 or more hours worked,64,49,15
E01003189,Part-time: 15 hours or less worked,68,55,13
E01003189,Part-time: 16 to 30 hours worked,158,138,20
E01003190,Full-time: 31 to 48 hours worked,557,446,111
E01003190,Full-time: 49 or more hours worked,65,75,-10
E01003190,Part-time: 15 hours or less worked,125,70,55
E01003190,Part-time: 16 to 30 hours worked,245,200,45
E01003191,Full-time: 31 to 48 hours worked,457,421,36
E01003191,Full-time: 49 or more hours worked,60,51,9
E01003191,Part-time: 15 hours or less worked,103,41,62
E01003191,Part-time: 16 to 30 hours worked,190,149,41
E01003192,Full-time: 31 to 48 hours worked,472,380,92
E01003192,Full-time: 49 or more hours worked,65,57,8
E01003192,Part-time: 15 hours or less worked,81,71,10
E01003192,Part-time: 16 to 30 hours worked,170,148,22
E01003193,Full-time: 31 to 48 hours worked,485,406,79
E01003193,Full-time: 49 or more hours worked,95,91,4
E01003193,Part-time: 15 hours or less worked,75,68,7
E01003193,Part-time: 16 to 30 hours worked,157,141,16
E01003194,Full-time: 31 to 48 hours worked,519,448,71
E01003194,Full-time: 49 or more hours worked,57,80,-23
E01003194,Part-time: 15 hours or less worked,90,70,20
E01003194,Part-time: 16 to 30 hours worked,145,181,-36
E01003195,Full-time: 31 to 48 hours worked,497,478,19
E01003195,Full-time: 49 or more hours worked,69,73,-4
E01003195,Part-time: 15 hours or less worked,84,65,19
E01003195,Part-time: 16 to 30 hours worked,170,138,32
E01003196,Full-time: 31 to 48 hours worked,477,395,82
E01003196,Full-time: 49 or more hours worked,66,75,-9
E01003196,Part-time: 15 hours or less worked,83,52,31
E01003196,Part-time: 16 to 30 hours worked,157,161,-4
E01003197,Full-time: 31 to 48 hours worked,393,385,8
E01003197,Full-time: 49 or more hours worked,44,68,-24
E01003197,Part-time: 15 hours or less worked,77,50,27
E01003197,Part-time: 16 to 30 hours worked,191,153,38
E01003198,Full-time: 31 to 48 hours worked,448,373,75
E01003198,Full-time: 49 or more hours worked,145,216,-71
E01003198,Part-time: 15 hours or less worked,92,54,38
E01003198,Part-time: 16 to 30 hours worked,122,98,24
E01003199,Full-time: 31 to 48 hours worked,721,608,113
E01003199,Full-time: 49 or more hours worked,205,231,-26
E01003199,Part-time: 15 hours or less worked,97,79,18
E01003199,Part-time: 16 to 30 hours worked,134,131,3
E01003200,Full-time: 31 to 48 hours worked,521,521,0
E01003200,Full-time: 49 or more hours worked,156,259,-103
E01003200,Part-time: 15 hours or less worked,79,73,6
E01003200,Part-time: 16 to 30 hours worked,108,106,2
E01003201,Full-time: 31 to 48 hours worked,526,447,79
E01003201,Full-time: 49 or more hours worked,81,133,-52
E01003201,Part-time: 15 hours or less worked,90,76,14
E01003201,Part-time: 16 to 30 hours worked,177,142,35
E01003202,Full-time: 31 to 48 hours worked,547,578,-31
E01003202,Full-time: 49 or more hours worked,149,173,-24
E01003202,Part-time: 15 hours or less worked,65,67,-2
E01003202,Part-time: 16 to 30 hours worked,117,102,15
E01003203,Full-time: 31 to 48 hours worked,624,649,-25
E01003203,Full-time: 49 or more hours worked,92,169,-77
E01003203,Part-time: 15 hours or less worked,105,63,42
E01003203,Part-time: 16 to 30 hours worked,185,140,45
E01003204,Full-time: 31 to 48 hours worked,514,437,77
E01003204,Full-time: 49 or more hours worked,147,145,2
E01003204,Part-time: 15 hours or less worked,74,46,28
E01003204,Part-time: 16 to 30 hours worked,127,99,28
E01003205,Full-time: 31 to 48 hours worked,428,245,183
E01003205,Full-time: 49 or more hours worked,84,45,39
E01003205,Part-time: 15 hours or less worked,68,47,21
E01003205,Part-time: 16 to 30 hours worked,113,123,-10
E01003206,Full-time: 31 to 48 hours worked,477,482,-5
E01003206,Full-time: 49 or more hours worked,146,212,-66
E01003206,Part-time: 15 hours or less worked,79,63,16
E01003206,Part-time: 16 to 30 hours worked,102,124,-22
E01003207,Full-time: 31 to 48 hours worked,659,389,270
E01003207,Full-time: 49 or more hours worked,120,49,71
E01003207,Part-time: 15 hours or less worked,144,76,68
E01003207,Part-time: 16 to 30 hours worked,220,132,88
E01003209,Full-time: 31 to 48 hours worked,513,609,-96
E01003209,Full-time: 49 or more hours worked,125,89,36
E01003209,Part-time: 15 hours or less worked,124,104,20
E01003209,Part-time: 16 to 30 hours worked,171,236,-65
E01003210,Full-time: 31 to 48 hours worked,629,628,1
E01003210,Full-time: 49 or more hours worked,160,155,5
E01003210,Part-time: 15 hours or less worked,83,103,-20
E01003210,Part-time: 16 to 30 hours worked,192,178,14
E01003211,Full-time: 31 to 48 hours worked,628,588,40
E01003211,Full-time: 49 or more hours worked,125,144,-19
E01003211,Part-time: 15 hours or less worked,84,57,27
E01003211,Part-time: 16 to 30 hours worked,148,190,-42
E01003212,Full-time: 31 to 48 hours worked,666,674,-8
E01003212,Full-time: 49 or more hours worked,154,175,-21
E01003212,Part-time: 15 hours or less worked,124,99,25
E01003212,Part-time: 16 to 30 hours worked,184,183,1
E01003213,Full-time: 31 to 48 hours worked,707,693,14
E01003213,Full-time: 49 or more hours worked,149,156,-7
E01003213,Part-time: 15 hours or less worked,122,80,42
E01003213,Part-time: 16 to 30 hours worked,188,198,-10
E01003214,Full-time: 31 to 48 hours worked,587,552,35
E01003214,Full-time: 49 or more hours worked,99,118,-19
E01003214,Part-time: 15 hours or less worked,104,75,29
E01003214,Part-time: 16 to 30 hours worked,222,176,46
E01003215,Full-time: 31 to 48 hours worked,470,523,-53
E01003215,Full-time: 49 or more hours worked,86,109,-23
E01003215,Part-time: 15 hours or less worked,134,165,-31
E01003215,Part-time: 16 to 30 hours worked,179,189,-10
E01003216,Full-time: 31 to 48 hours worked,526,526,0
E01003216,Full-time: 49 or more hours worked,97,115,-18
E01003216,Part-time: 15 hours or less worked,105,112,-7
E01003216,Part-time: 16 to 30 hours worked,158,152,6
E01003217,Full-time: 31 to 48 hours worked,600,501,99
E01003217,Full-time: 49 or more hours worked,81,72,9
E01003217,Part-time: 15 hours or less worked,94,78,16
E01003217,Part-time: 16 to 30 hours worked,184,148,36
E01003218,Full-time: 31 to 48 hours worked,468,478,-10
E01003218,Full-time: 49 or more hours worked,74,84,-10
E01003218,Part-time: 15 hours or less worked,80,49,31
E01003218,Part-time: 16 to 30 hours worked,131,137,-6
E01003219,Full-time: 31 to 48 hours worked,525,521,4
E01003219,Full-time: 49 or more hours worked,70,89,-19
E01003219,Part-time: 15 hours or less worked,99,58,41
E01003219,Part-time: 16 to 30 hours worked,169,149,20
E01003220,Full-time: 31 to 48 hours worked,482,465,17
E01003220,Full-time: 49 or more hours worked,91,105,-14
E01003220,Part-time: 15 hours or less worked,83,60,23
E01003220,Part-time: 16 to 30 hours worked,150,143,7
E01003221,Full-time: 31 to 48 hours worked,628,524,104
E01003221,Full-time: 49 or more hours worked,108,126,-18
E01003221,Part-time: 15 hours or less worked,93,64,29
E01003221,Part-time: 16 to 30 hours worked,188,168,20
E01003222,Full-time: 31 to 48 hours worked,492,462,30
E01003222,Full-time: 49 or more hours worked,97,80,17
E01003222,Part-time: 15 hours or less worked,98,72,26
E01003222,Part-time: 16 to 30 hours worked,148,141,7
E01003223,Full-time: 31 to 48 hours worked,500,504,-4
E01003223,Full-time: 49 or more hours worked,84,114,-30
E01003223,Part-time: 15 hours or less worked,98,69,29
E01003223,Part-time: 16 to 30 hours worked,138,136,2
E01003224,Full-time: 31 to 48 hours worked,526,522,4
E01003224,Full-time: 49 or more hours worked,95,76,19
E01003224,Part-time: 15 hours or less worked,91,78,13
E01003224,Part-time: 16 to 30 hours worked,147,149,-2
E01003225,Full-time: 31 to 48 hours worked,539,523,16
E01003225,Full-time: 49 or more hours worked,123,111,12
E01003225,Part-time: 15 hours or less worked,80,68,12
E01003225,Part-time: 16 to 30 hours worked,149,137,12
E01003226,Full-time: 31 to 48 hours worked,632,599,33
E01003226,Full-time: 49 or more hours worked,146,137,9
E01003226,Part-time: 15 hours or less worked,107,105,2
E01003226,Part-time: 16 to 30 hours worked,155,178,-23
E01003227,Full-time: 31 to 48 hours worked,578,571,7
E01003227,Full-time: 49 or more hours worked,124,148,-24
E01003227,Part-time: 15 hours or less worked,96,73,23
E01003227,Part-time: 16 to 30 hours worked,156,139,17
E01003228,Full-time: 31 to 48 hours worked,581,564,17
E01003228,Full-time: 49 or more hours worked,167,154,13
E01003228,Part-time: 15 hours or less worked,66,41,25
E01003228,Part-time: 16 to 30 hours worked,134,129,5
E01003229,Full-time: 31 to 48 hours worked,533,445,88
E01003229,Full-time: 49 or more hours worked,72,80,-8
E01003229,Part-time: 15 hours or less worked,89,64,25
E01003229,Part-time: 16 to 30 hours worked,167,114,53
E01003230,Full-time: 31 to 48 hours worked,683,624,59
E01003230,Full-time: 49 or more hours worked,93,114,-21
E01003230,Part-time: 15 hours or less worked,114,76,38
E01003230,Part-time: 16 to 30 hours worked,197,182,15
E01003231,Full-time: 31 to 48 hours worked,523,529,-6
E01003231,Full-time: 49 or more hours worked,122,107,15
E01003231,Part-time: 15 hours or less worked,98,80,18
E01003231,Part-time: 16 to 30 hours worked,166,138,28
E01003232,Full-time: 31 to 48 hours worked,551,523,28
E01003232,Full-time: 49 or more hours worked,136,129,7
E01003232,Part-time: 15 hours or less worked,80,74,6
E01003232,Part-time: 16 to 30 hours worked,156,161,-5
E01003233,Full-time: 31 to 48 hours worked,567,561,6
E01003233,Full-time: 49 or more hours worked,122,103,19
E01003233,Part-time: 15 hours or less worked,84,58,26
E01003233,Part-time: 16 to 30 hours worked,175,174,1
E01003235,Full-time: 31 to 48 hours worked,395,322,73
E01003235,Full-time: 49 or more hours worked,81,74,7
E01003235,Part-time: 15 hours or less worked,66,61,5
E01003235,Part-time: 16 to 30 hours worked,143,116,27
E01003236,Full-time: 31 to 48 hours worked,463,397,66
E01003236,Full-time: 49 or more hours worked,75,45,30
E01003236,Part-time: 15 hours or less worked,90,55,35
E01003236,Part-time: 16 to 30 hours worked,161,92,69
E01003237,Full-time: 31 to 48 hours worked,447,339,108
E01003237,Full-time: 49 or more hours worked,74,54,20
E01003237,Part-time: 15 hours or less worked,88,59,29
E01003237,Part-time: 16 to 30 hours worked,139,137,2
E01003238,Full-time: 31 to 48 hours worked,372,353,19
E01003238,Full-time: 49 or more hours worked,46,56,-10
E01003238,Part-time: 15 hours or less worked,68,45,23
E01003238,Part-time: 16 to 30 hours worked,145,133,12
E01003239,Full-time: 31 to 48 hours worked,415,374,41
E01003239,Full-time: 49 or more hours worked,61,57,4
E01003239,Part-time: 15 hours or less worked,55,44,11
E01003239,Part-time: 16 to 30 hours worked,166,121,45
E01003240,Full-time: 31 to 48 hours worked,475,476,-1
E01003240,Full-time: 49 or more hours worked,82,73,9
E01003240,Part-time: 15 hours or less worked,87,65,22
E01003240,Part-time: 16 to 30 hours worked,198,136,62
E01003241,Full-time: 31 to 48 hours worked,440,384,56
E01003241,Full-time: 49 or more hours worked,75,69,6
E01003241,Part-time: 15 hours or less worked,78,55,23
E01003241,Part-time: 16 to 30 hours worked,142,124,18
E01003243,Full-time: 31 to 48 hours worked,399,301,98
E01003243,Full-time: 49 or more hours worked,64,52,12
E01003243,Part-time: 15 hours or less worked,93,53,40
E01003243,Part-time: 16 to 30 hours worked,157,141,16
E01003244,Full-time: 31 to 48 hours worked,523,364,159
E01003244,Full-time: 49 or more hours worked,92,44,48
E01003244,Part-time: 15 hours or less worked,107,69,38
E01003244,Part-time: 16 to 30 hours worked,199,144,55
E01003245,Full-time: 31 to 48 hours worked,467,338,129
E01003245,Full-time: 49 or more hours worked,47,60,-13
E01003245,Part-time: 15 hours or less worked,94,61,33
E01003245,Part-time: 16 to 30 hours worked,178,136,42
E01003246,Full-time: 31 to 48 hours worked,918,385,533
E01003246,Full-time: 49 or more hours worked,151,71,80
E01003246,Part-time: 15 hours or less worked,114,64,50
E01003246,Part-time: 16 to 30 hours worked,201,127,74
E01003247,Full-time: 31 to 48 hours worked,901,695,206
E01003247,Full-time: 49 or more hours worked,161,179,-18
E01003247,Part-time: 15 hours or less worked,126,86,40
E01003247,Part-time: 16 to 30 hours worked,141,117,24
E01003248,Full-time: 31 to 48 hours worked,471,476,-5
E01003248,Full-time: 49 or more hours worked,73,87,-14
E01003248,Part-time: 15 hours or less worked,95,49,46
E01003248,Part-time: 16 to 30 hours worked,128,123,5
E01003249,Full-time: 31 to 48 hours worked,733,680,53
E01003249,Full-time: 49 or more hours worked,107,145,-38
E01003249,Part-time: 15 hours or less worked,115,78,37
E01003249,Part-time: 16 to 30 hours worked,193,120,73
E01003251,Full-time: 31 to 48 hours worked,410,409,1
E01003251,Full-time: 49 or more hours worked,56,93,-37
E01003251,Part-time: 15 hours or less worked,108,64,44
E01003251,Part-time: 16 to 30 hours worked,197,188,9
E01003252,Full-time: 31 to 48 hours worked,330,253,77
E01003252,Full-time: 49 or more hours worked,28,55,-27
E01003252,Part-time: 15 hours or less worked,80,66,14
E01003252,Part-time: 16 to 30 hours worked,182,149,33
E01003253,Full-time: 31 to 48 hours worked,424,386,38
E01003253,Full-time: 49 or more hours worked,63,89,-26
E01003253,Part-time: 15 hours or less worked,106,70,36
E01003253,Part-time: 16 to 30 hours worked,146,135,11
E01003254,Full-time: 31 to 48 hours worked,434,472,-38
E01003254,Full-time: 49 or more hours worked,103,124,-21
E01003254,Part-time: 15 hours or less worked,74,68,6
E01003254,Part-time: 16 to 30 hours worked,145,144,1
E01003255,Full-time: 31 to 48 hours worked,831,744,87
E01003255,Full-time: 49 or more hours worked,169,226,-57
E01003255,Part-time: 15 hours or less worked,105,66,39
E01003255,Part-time: 16 to 30 hours worked,195,169,26
E01003256,Full-time: 31 to 48 hours worked,673,594,79
E01003256,Full-time: 49 or more hours worked,116,132,-16
E01003256,Part-time: 15 hours or less worked,95,74,21
E01003256,Part-time: 16 to 30 hours worked,185,191,-6
E01003257,Full-time: 31 to 48 hours worked,471,437,34
E01003257,Full-time: 49 or more hours worked,100,126,-26
E01003257,Part-time: 15 hours or less worked,88,73,15
E01003257,Part-time: 16 to 30 hours worked,158,142,16
E01003258,Full-time: 31 to 48 hours worked,388,335,53
E01003258,Full-time: 49 or more hours worked,61,59,2
E01003258,Part-time: 15 hours or less worked,78,57,21
E01003258,Part-time: 16 to 30 hours worked,158,131,27
E01003259,Full-time: 31 to 48 hours worked,583,589,-6
E01003259,Full-time: 49 or more hours worked,132,107,25
E01003259,Part-time: 15 hours or less worked,101,68,33
E01003259,Part-time: 16 to 30 hours worked,152,129,23
E01003260,Full-time: 31 to 48 hours worked,484,459,25
E01003260,Full-time: 49 or more hours worked,139,159,-20
E01003260,Part-time: 15 hours or less worked,91,88,3
E01003260,Part-time: 16 to 30 hours worked,156,200,-44
E01003261,Full-time: 31 to 48 hours worked,549,470,79
E01003261,Full-time: 49 or more hours worked,118,122,-4
E01003261,Part-time: 15 hours or less worked,96,61,35
E01003261,Part-time: 16 to 30 hours worked,116,141,-25
E01003262,Full-time: 31 to 48 hours worked,546,453,93
E01003262,Full-time: 49 or more hours worked,128,95,33
E01003262,Part-time: 15 hours or less worked,84,63,21
E01003262,Part-time: 16 to 30 hours worked,125,130,-5
E01003263,Full-time: 31 to 48 hours worked,501,446,55
E01003263,Full-time: 49 or more hours worked,86,71,15
E01003263,Part-time: 15 hours or less worked,92,74,18
E01003263,Part-time: 16 to 30 hours worked,172,128,44
E01003264,Full-time: 31 to 48 hours worked,474,458,16
E01003264,Full-time: 49 or more hours worked,122,90,32
E01003264,Part-time: 15 hours or less worked,74,59,15
E01003264,Part-time: 16 to 30 hours worked,150,142,8
E01003265,Full-time: 31 to 48 hours worked,504,429,75
E01003265,Full-time: 49 or more hours worked,76,77,-1
E01003265,Part-time: 15 hours or less worked,94,37,57
E01003265,Part-time: 16 to 30 hours worked,164,132,32
E01003266,Full-time: 31 to 48 hours worked,413,477,-64
E01003266,Full-time: 49 or more hours worked,71,70,1
E01003266,Part-time: 15 hours or less worked,87,67,20
E01003266,Part-time: 16 to 30 hours worked,185,172,13
E01003267,Full-time: 31 to 48 hours worked,510,322,188
E01003267,Full-time: 49 or more hours worked,45,50,-5
E01003267,Part-time: 15 hours or less worked,84,47,37
E01003267,Part-time: 16 to 30 hours worked,169,101,68
E01003268,Full-time: 31 to 48 hours worked,583,549,34
E01003268,Full-time: 49 or more hours worked,111,114,-3
E01003268,Part-time: 15 hours or less worked,84,71,13
E01003268,Part-time: 16 to 30 hours worked,145,167,-22
E01003269,Full-time: 31 to 48 hours worked,467,443,24
E01003269,Full-time: 49 or more hours worked,89,107,-18
E01003269,Part-time: 15 hours or less worked,79,69,10
E01003269,Part-time: 16 to 30 hours worked,155,135,20
E01003270,Full-time: 31 to 48 hours worked,573,579,-6
E01003270,Full-time: 49 or more hours worked,99,120,-21
E01003270,Part-time: 15 hours or less worked,88,62,26
E01003270,Part-time: 16 to 30 hours worked,167,152,15
E01003271,Full-time: 31 to 48 hours worked,491,519,-28
E01003271,Full-time: 49 or more hours worked,85,126,-41
E01003271,Part-time: 15 hours or less worked,76,72,4
E01003271,Part-time: 16 to 30 hours worked,142,184,-42
E01003272,Full-time: 31 to 48 hours worked,694,629,65
E01003272,Full-time: 49 or more hours worked,155,171,-16
E01003272,Part-time: 15 hours or less worked,134,100,34
E01003272,Part-time: 16 to 30 hours worked,161,167,-6
E01003273,Full-time: 31 to 48 hours worked,508,515,-7
E01003273,Full-time: 49 or more hours worked,97,96,1
E01003273,Part-time: 15 hours or less worked,83,88,-5
E01003273,Part-time: 16 to 30 hours worked,139,181,-42
E01003274,Full-time: 31 to 48 hours worked,530,568,-38
E01003274,Full-time: 49 or more hours worked,94,142,-48
E01003274,Part-time: 15 hours or less worked,99,79,20
E01003274,Part-time: 16 to 30 hours worked,181,184,-3
E01003275,Full-time: 31 to 48 hours worked,493,427,66
E01003275,Full-time: 49 or more hours worked,76,79,-3
E01003275,Part-time: 15 hours or less worked,89,75,14
E01003275,Part-time: 16 to 30 hours worked,133,133,0
E01003276,Full-time: 31 to 48 hours worked,568,547,21
E01003276,Full-time: 49 or more hours worked,110,147,-37
E01003276,Part-time: 15 hours or less worked,113,92,21
E01003276,Part-time: 16 to 30 hours worked,186,168,18
E01003277,Full-time: 31 to 48 hours worked,623,576,47
E01003277,Full-time: 49 or more hours worked,163,153,10
E01003277,Part-time: 15 hours or less worked,86,99,-13
E01003277,Part-time: 16 to 30 hours worked,170,164,6
E01003278,Full-time: 31 to 48 hours worked,667,654,13
E01003278,Full-time: 49 or more hours worked,140,151,-11
E01003278,Part-time: 15 hours or less worked,107,93,14
E01003278,Part-time: 16 to 30 hours worked,187,195,-8
E01003279,Full-time: 31 to 48 hours worked,513,561,-48
E01003279,Full-time: 49 or more hours worked,88,109,-21
E01003279,Part-time: 15 hours or less worked,71,83,-12
E01003279,Part-time: 16 to 30 hours worked,137,150,-13
E01003280,Full-time: 31 to 48 hours worked,403,434,-31
E01003280,Full-time: 49 or more hours worked,89,74,15
E01003280,Part-time: 15 hours or less worked,91,65,26
E01003280,Part-time: 16 to 30 hours worked,144,165,-21
E01003281,Full-time: 31 to 48 hours worked,447,476,-29
E01003281,Full-time: 49 or more hours worked,97,115,-18
E01003281,Part-time: 15 hours or less worked,57,55,2
E01003281,Part-time: 16 to 30 hours worked,125,117,8
E01003282,Full-time: 31 to 48 hours worked,863,894,-31
E01003282,Full-time: 49 or more hours worked,191,203,-12
E01003282,Part-time: 15 hours or less worked,132,124,8
E01003282,Part-time: 16 to 30 hours worked,204,262,-58
E01003283,Full-time: 31 to 48 hours worked,668,706,-38
E01003283,Full-time: 49 or more hours worked,182,204,-22
E01003283,Part-time: 15 hours or less worked,103,84,19
E01003283,Part-time: 16 to 30 hours worked,201,194,7
E01003284,Full-time: 31 to 48 hours worked,573,599,-26
E01003284,Full-time: 49 or more hours worked,177,139,38
E01003284,Part-time: 15 hours or less worked,97,68,29
E01003284,Part-time: 16 to 30 hours worked,172,150,22
E01003285,Full-time: 31 to 48 hours worked,572,582,-10
E01003285,Full-time: 49 or more hours worked,87,112,-25
E01003285,Part-time: 15 hours or less worked,128,67,61
E01003285,Part-time: 16 to 30 hours worked,146,144,2
E01003286,Full-time: 31 to 48 hours worked,447,398,49
E01003286,Full-time: 49 or more hours worked,79,85,-6
E01003286,Part-time: 15 hours or less worked,82,53,29
E01003286,Part-time: 16 to 30 hours worked,152,152,0
E01003287,Full-time: 31 to 48 hours worked,614,659,-45
E01003287,Full-time: 49 or more hours worked,159,196,-37
E01003287,Part-time: 15 hours or less worked,110,80,30
E01003287,Part-time: 16 to 30 hours worked,131,152,-21
E01003288,Full-time: 31 to 48 hours worked,641,495,146
E01003288,Full-time: 49 or more hours worked,98,77,21
E01003288,Part-time: 15 hours or less worked,111,68,43
E01003288,Part-time: 16 to 30 hours worked,230,151,79
E01003290,Full-time: 31 to 48 hours worked,617,582,35
E01003290,Full-time: 49 or more hours worked,133,140,-7
E01003290,Part-time: 15 hours or less worked,112,64,48
E01003290,Part-time: 16 to 30 hours worked,180,136,44
E01003291,Full-time: 31 to 48 hours worked,364,372,-8
E01003291,Full-time: 49 or more hours worked,92,60,32
E01003291,Part-time: 15 hours or less worked,89,52,37
E01003291,Part-time: 16 to 30 hours worked,159,111,48
E01003292,Full-time: 31 to 48 hours worked,592,652,-60
E01003292,Full-time: 49 or more hours worked,117,187,-70
E01003292,Part-time: 15 hours or less worked,92,80,12
E01003292,Part-time: 16 to 30 hours worked,182,149,33
E01003293,Full-time: 31 to 48 hours worked,510,489,21
E01003293,Full-time: 49 or more hours worked,90,115,-25
E01003293,Part-time: 15 hours or less worked,81,54,27
E01003293,Part-time: 16 to 30 hours worked,149,114,35
E01003295,Full-time: 31 to 48 hours worked,553,364,189
E01003295,Full-time: 49 or more hours worked,102,70,32
E01003295,Part-time: 15 hours or less worked,102,70,32
E01003295,Part-time: 16 to 30 hours worked,152,129,23
E01003297,Full-time: 31 to 48 hours worked,590,500,90
E01003297,Full-time: 49 or more hours worked,85,116,-31
E01003297,Part-time: 15 hours or less worked,100,70,30
E01003297,Part-time: 16 to 30 hours worked,175,159,16
E01003298,Full-time: 31 to 48 hours worked,342,319,23
E01003298,Full-time: 49 or more hours worked,38,52,-14
E01003298,Part-time: 15 hours or less worked,81,60,21
E01003298,Part-time: 16 to 30 hours worked,160,127,33
E01003299,Full-time: 31 to 48 hours worked,581,425,156
E01003299,Full-time: 49 or more hours worked,101,72,29
E01003299,Part-time: 15 hours or less worked,119,85,34
E01003299,Part-time: 16 to 30 hours worked,182,159,23
E01003300,Full-time: 31 to 48 hours worked,358,329,29
E01003300,Full-time: 49 or more hours worked,82,45,37
E01003300,Part-time: 15 hours or less worked,109,72,37
E01003300,Part-time: 16 to 30 hours worked,152,132,20
E01003301,Full-time: 31 to 48 hours worked,919,672,247
E01003301,Full-time: 49 or more hours worked,146,148,-2
E01003301,Part-time: 15 hours or less worked,129,139,-10
E01003301,Part-time: 16 to 30 hours worked,217,204,13
E01003302,Full-time: 31 to 48 hours worked,590,445,145
E01003302,Full-time: 49 or more hours worked,63,65,-2
E01003302,Part-time: 15 hours or less worked,104,67,37
E01003302,Part-time: 16 to 30 hours worked,180,143,37
E01003303,Full-time: 31 to 48 hours worked,494,391,103
E01003303,Full-time: 49 or more hours worked,75,79,-4
E01003303,Part-time: 15 hours or less worked,126,80,46
E01003303,Part-time: 16 to 30 hours worked,194,132,62
E01003304,Full-time: 31 to 48 hours worked,842,575,267
E01003304,Full-time: 49 or more hours worked,158,115,43
E01003304,Part-time: 15 hours or less worked,145,84,61
E01003304,Part-time: 16 to 30 hours worked,186,211,-25
E01003305,Full-time: 31 to 48 hours worked,632,338,294
E01003305,Full-time: 49 or more hours worked,96,84,12
E01003305,Part-time: 15 hours or less worked,143,74,69
E01003305,Part-time: 16 to 30 hours worked,214,103,111
E01003307,Full-time: 31 to 48 hours worked,551,504,47
E01003307,Full-time: 49 or more hours worked,97,106,-9
E01003307,Part-time: 15 hours or less worked,65,49,16
E01003307,Part-time: 16 to 30 hours worked,154,117,37
E01003308,Full-time: 31 to 48 hours worked,551,567,-16
E01003308,Full-time: 49 or more hours worked,126,132,-6
E01003308,Part-time: 15 hours or less worked,96,78,18
E01003308,Part-time: 16 to 30 hours worked,176,154,22
E01003309,Full-time: 31 to 48 hours worked,456,382,74
E01003309,Full-time: 49 or more hours worked,55,52,3
E01003309,Part-time: 15 hours or less worked,81,69,12
E01003309,Part-time: 16 to 30 hours worked,159,117,42
E01003310,Full-time: 31 to 48 hours worked,590,527,63
E01003310,Full-time: 49 or more hours worked,113,110,3
E01003310,Part-time: 15 hours or less worked,84,76,8
E01003310,Part-time: 16 to 30 hours worked,137,127,10
E01003311,Full-time: 31 to 48 hours worked,469,478,-9
E01003311,Full-time: 49 or more hours worked,99,131,-32
E01003311,Part-time: 15 hours or less worked,85,67,18
E01003311,Part-time: 16 to 30 hours worked,130,125,5
E01003312,Full-time: 31 to 48 hours worked,543,638,-95
E01003312,Full-time: 49 or more hours worked,112,126,-14
E01003312,Part-time: 15 hours or less worked,109,67,42
E01003312,Part-time: 16 to 30 hours worked,152,127,25
E01003313,Full-time: 31 to 48 hours worked,436,406,30
E01003313,Full-time: 49 or more hours worked,76,90,-14
E01003313,Part-time: 15 hours or less worked,61,56,5
E01003313,Part-time: 16 to 30 hours worked,176,159,17
E01003314,Full-time: 31 to 48 hours worked,558,600,-42
E01003314,Full-time: 49 or more hours worked,109,134,-25
E01003314,Part-time: 15 hours or less worked,78,65,13
E01003314,Part-time: 16 to 30 hours worked,170,129,41
E01003315,Full-time: 31 to 48 hours worked,482,445,37
E01003315,Full-time: 49 or more hours worked,97,109,-12
E01003315,Part-time: 15 hours or less worked,75,42,33
E01003315,Part-time: 16 to 30 hours worked,113,121,-8
E01003316,Full-time: 31 to 48 hours worked,539,479,60
E01003316,Full-time: 49 or more hours worked,114,117,-3
E01003316,Part-time: 15 hours or less worked,80,68,12
E01003316,Part-time: 16 to 30 hours worked,133,141,-8
E01003318,Full-time: 31 to 48 hours worked,528,479,49
E01003318,Full-time: 49 or more hours worked,69,71,-2
E01003318,Part-time: 15 hours or less worked,110,63,47
E01003318,Part-time: 16 to 30 hours worked,240,159,81
E01003319,Full-time: 31 to 48 hours worked,467,487,-20
E01003319,Full-time: 49 or more hours worked,92,67,25
E01003319,Part-time: 15 hours or less worked,102,101,1
E01003319,Part-time: 16 to 30 hours worked,200,152,48
E01003320,Full-time: 31 to 48 hours worked,494,418,76
E01003320,Full-time: 49 or more hours worked,89,56,33
E01003320,Part-time: 15 hours or less worked,94,71,23
E01003320,Part-time: 16 to 30 hours worked,157,120,37
E01003321,Full-time: 31 to 48 hours worked,585,558,27
E01003321,Full-time: 49 or more hours worked,91,108,-17
E01003321,Part-time: 15 hours or less worked,106,98,8
E01003321,Part-time: 16 to 30 hours worked,153,208,-55
E01003322,Full-time: 31 to 48 hours worked,535,425,110
E01003322,Full-time: 49 or more hours worked,131,81,50
E01003322,Part-time: 15 hours or less worked,80,53,27
E01003322,Part-time: 16 to 30 hours worked,153,140,13
E01003323,Full-time: 31 to 48 hours worked,505,430,75
E01003323,Full-time: 49 or more hours worked,88,82,6
E01003323,Part-time: 15 hours or less worked,84,74,10
E01003323,Part-time: 16 to 30 hours worked,120,131,-11
E01003324,Full-time: 31 to 48 hours worked,437,401,36
E01003324,Full-time: 49 or more hours worked,55,59,-4
E01003324,Part-time: 15 hours or less worked,105,68,37
E01003324,Part-time: 16 to 30 hours worked,173,138,35
E01003325,Full-time: 31 to 48 hours worked,508,465,43
E01003325,Full-time: 49 or more hours worked,91,71,20
E01003325,Part-time: 15 hours or less worked,101,84,17
E01003325,Part-time: 16 to 30 hours worked,211,146,65
E01003326,Full-time: 31 to 48 hours worked,534,428,106
E01003326,Full-time: 49 or more hours worked,83,85,-2
E01003326,Part-time: 15 hours or less worked,87,45,42
E01003326,Part-time: 16 to 30 hours worked,156,140,16
E01003327,Full-time: 31 to 48 hours worked,545,515,30
E01003327,Full-time: 49 or more hours worked,90,130,-40
E01003327,Part-time: 15 hours or less worked,92,92,0
E01003327,Part-time: 16 to 30 hours worked,163,144,19
E01003328,Full-time: 31 to 48 hours worked,632,543,89
E01003328,Full-time: 49 or more hours worked,87,122,-35
E01003328,Part-time: 15 hours or less worked,106,66,40
E01003328,Part-time: 16 to 30 hours worked,169,142,27
E01003329,Full-time: 31 to 48 hours worked,551,533,18
E01003329,Full-time: 49 or more hours worked,89,86,3
E01003329,Part-time: 15 hours or less worked,84,60,24
E01003329,Part-time: 16 to 30 hours worked,156,156,0
E01003330,Full-time: 31 to 48 hours worked,396,352,44
E01003330,Full-time: 49 or more hours worked,79,70,9
E01003330,Part-time: 15 hours or less worked,87,56,31
E01003330,Part-time: 16 to 30 hours worked,151,123,28
E01003331,Full-time: 31 to 48 hours worked,394,394,0
E01003331,Full-time: 49 or more hours worked,66,70,-4
E01003331,Part-time: 15 hours or less worked,66,48,18
E01003331,Part-time: 16 to 30 hours worked,142,105,37
E01003332,Full-time: 31 to 48 hours worked,497,489,8
E01003332,Full-time: 49 or more hours worked,81,103,-22
E01003332,Part-time: 15 hours or less worked,94,44,50
E01003332,Part-time: 16 to 30 hours worked,130,115,15
E01003333,Full-time: 31 to 48 hours worked,488,473,15
E01003333,Full-time: 49 or more hours worked,77,89,-12
E01003333,Part-time: 15 hours or less worked,72,58,14
E01003333,Part-time: 16 to 30 hours worked,149,127,22
E01003334,Full-time: 31 to 48 hours worked,583,534,49
E01003334,Full-time: 49 or more hours worked,116,100,16
E01003334,Part-time: 15 hours or less worked,108,55,53
E01003334,Part-time: 16 to 30 hours worked,179,153,26
E01003335,Full-time: 31 to 48 hours worked,403,354,49
E01003335,Full-time: 49 or more hours worked,68,62,6
E01003335,Part-time: 15 hours or less worked,91,65,26
E01003335,Part-time: 16 to 30 hours worked,135,149,-14
E01003336,Full-time: 31 to 48 hours worked,383,323,60
E01003336,Full-time: 49 or more hours worked,86,42,44
E01003336,Part-time: 15 hours or less worked,70,66,4
E01003336,Part-time: 16 to 30 hours worked,169,125,44
E01003337,Full-time: 31 to 48 hours worked,349,371,-22
E01003337,Full-time: 49 or more hours worked,35,70,-35
E01003337,Part-time: 15 hours or less worked,80,70,10
E01003337,Part-time: 16 to 30 hours worked,150,170,-20
E01003338,Full-time: 31 to 48 hours worked,576,425,151
E01003338,Full-time: 49 or more hours worked,75,69,6
E01003338,Part-time: 15 hours or less worked,132,71,61
E01003338,Part-time: 16 to 30 hours worked,184,172,12
E01003339,Full-time: 31 to 48 hours worked,518,557,-39
E01003339,Full-time: 49 or more hours worked,107,121,-14
E01003339,Part-time: 15 hours or less worked,135,108,27
E01003339,Part-time: 16 to 30 hours worked,171,159,12
E01003340,Full-time: 31 to 48 hours worked,858,667,191
E01003340,Full-time: 49 or more hours worked,133,146,-13
E01003340,Part-time: 15 hours or less worked,139,135,4
E01003340,Part-time: 16 to 30 hours worked,191,192,-1
E01003341,Full-time: 31 to 48 hours worked,474,479,-5
E01003341,Full-time: 49 or more hours worked,95,128,-33
E01003341,Part-time: 15 hours or less worked,100,89,11
E01003341,Part-time: 16 to 30 hours worked,131,155,-24
E01003342,Full-time: 31 to 48 hours worked,632,629,3
E01003342,Full-time: 49 or more hours worked,131,122,9
E01003342,Part-time: 15 hours or less worked,81,65,16
E01003342,Part-time: 16 to 30 hours worked,171,151,20
E01003343,Full-time: 31 to 48 hours worked,458,413,45
E01003343,Full-time: 49 or more hours worked,98,94,4
E01003343,Part-time: 15 hours or less worked,100,76,24
E01003343,Part-time: 16 to 30 hours worked,154,143,11
E01003344,Full-time: 31 to 48 hours worked,549,598,-49
E01003344,Full-time: 49 or more hours worked,105,161,-56
E01003344,Part-time: 15 hours or less worked,109,118,-9
E01003344,Part-time: 16 to 30 hours worked,176,152,24
E01003345,Full-time: 31 to 48 hours worked,723,652,71
E01003345,Full-time: 49 or more hours worked,119,139,-20
E01003345,Part-time: 15 hours or less worked,96,72,24
E01003345,Part-time: 16 to 30 hours worked,203,150,53
E01003346,Full-time: 31 to 48 hours worked,458,373,85
E01003346,Full-time: 49 or more hours worked,49,56,-7
E01003346,Part-time: 15 hours or less worked,74,63,11
E01003346,Part-time: 16 to 30 hours worked,186,155,31
E01003347,Full-time: 31 to 48 hours worked,307,341,-34
E01003347,Full-time: 49 or more hours worked,32,34,-2
E01003347,Part-time: 15 hours or less worked,78,68,10
E01003347,Part-time: 16 to 30 hours worked,190,153,37
E01003348,Full-time: 31 to 48 hours worked,471,374,97
E01003348,Full-time: 49 or more hours worked,72,71,1
E01003348,Part-time: 15 hours or less worked,76,59,17
E01003348,Part-time: 16 to 30 hours worked,199,126,73
E01003349,Full-time: 31 to 48 hours worked,362,302,60
E01003349,Full-time: 49 or more hours worked,68,54,14
E01003349,Part-time: 15 hours or less worked,88,48,40
E01003349,Part-time: 16 to 30 hours worked,153,138,15
E01003350,Full-time: 31 to 48 hours worked,340,300,40
E01003350,Full-time: 49 or more hours worked,38,43,-5
E01003350,Part-time: 15 hours or less worked,67,52,15
E01003350,Part-time: 16 to 30 hours worked,137,140,-3
E01003351,Full-time: 31 to 48 hours worked,421,337,84
E01003351,Full-time: 49 or more hours worked,69,60,9
E01003351,Part-time: 15 hours or less worked,68,46,22
E01003351,Part-time: 16 to 30 hours worked,149,135,14
E01003352,Full-time: 31 to 48 hours worked,518,413,105
E01003352,Full-time: 49 or more hours worked,67,89,-22
E01003352,Part-time: 15 hours or less worked,113,75,38
E01003352,Part-time: 16 to 30 hours worked,241,158,83
E01003353,Full-time: 31 to 48 hours worked,540,499,41
E01003353,Full-time: 49 or more hours worked,85,81,4
E01003353,Part-time: 15 hours or less worked,110,87,23
E01003353,Part-time: 16 to 30 hours worked,153,157,-4
E01003354,Full-time: 31 to 48 hours worked,610,521,89
E01003354,Full-time: 49 or more hours worked,96,95,1
E01003354,Part-time: 15 hours or less worked,90,67,23
E01003354,Part-time: 16 to 30 hours worked,195,141,54
E01003355,Full-time: 31 to 48 hours worked,757,716,41
E01003355,Full-time: 49 or more hours worked,218,220,-2
E01003355,Part-time: 15 hours or less worked,107,48,59
E01003355,Part-time: 16 to 30 hours worked,123,93,30
E01003356,Full-time: 31 to 48 hours worked,647,642,5
E01003356,Full-time: 49 or more hours worked,177,205,-28
E01003356,Part-time: 15 hours or less worked,100,76,24
E01003356,Part-time: 16 to 30 hours worked,145,124,21
E01003357,Full-time: 31 to 48 hours worked,478,538,-60
E01003357,Full-time: 49 or more hours worked,70,118,-48
E01003357,Part-time: 15 hours or less worked,97,85,12
E01003357,Part-time: 16 to 30 hours worked,189,159,30
E01003358,Full-time: 31 to 48 hours worked,726,804,-78
E01003358,Full-time: 49 or more hours worked,192,250,-58
E01003358,Part-time: 15 hours or less worked,101,64,37
E01003358,Part-time: 16 to 30 hours worked,116,91,25
E01003359,Full-time: 31 to 48 hours worked,656,636,20
E01003359,Full-time: 49 or more hours worked,142,183,-41
E01003359,Part-time: 15 hours or less worked,91,72,19
E01003359,Part-time: 16 to 30 hours worked,126,113,13
E01003360,Full-time: 31 to 48 hours worked,755,715,40
E01003360,Full-time: 49 or more hours worked,211,254,-43
E01003360,Part-time: 15 hours or less worked,73,57,16
E01003360,Part-time: 16 to 30 hours worked,123,112,11
E01003361,Full-time: 31 to 48 hours worked,522,533,-11
E01003361,Full-time: 49 or more hours worked,95,118,-23
E01003361,Part-time: 15 hours or less worked,90,70,20
E01003361,Part-time: 16 to 30 hours worked,165,149,16
E01003362,Full-time: 31 to 48 hours worked,401,388,13
E01003362,Full-time: 49 or more hours worked,87,98,-11
E01003362,Part-time: 15 hours or less worked,77,58,19
E01003362,Part-time: 16 to 30 hours worked,127,127,0
E01003363,Full-time: 31 to 48 hours worked,483,488,-5
E01003363,Full-time: 49 or more hours worked,88,109,-21
E01003363,Part-time: 15 hours or less worked,120,86,34
E01003363,Part-time: 16 to 30 hours worked,151,158,-7
E01003364,Full-time: 31 to 48 hours worked,541,510,31
E01003364,Full-time: 49 or more hours worked,98,124,-26
E01003364,Part-time: 15 hours or less worked,82,81,1
E01003364,Part-time: 16 to 30 hours worked,153,161,-8
E01003365,Full-time: 31 to 48 hours worked,412,415,-3
E01003365,Full-time: 49 or more hours worked,96,98,-2
E01003365,Part-time: 15 hours or less worked,65,65,0
E01003365,Part-time: 16 to 30 hours worked,124,118,6
E01003366,Full-time: 31 to 48 hours worked,616,557,59
E01003366,Full-time: 49 or more hours worked,95,106,-11
E01003366,Part-time: 15 hours or less worked,96,58,38
E01003366,Part-time: 16 to 30 hours worked,135,126,9
E01003368,Full-time: 31 to 48 hours worked,554,506,48
E01003368,Full-time: 49 or more hours worked,129,115,14
E01003368,Part-time: 15 hours or less worked,90,74,16
E01003368,Part-time: 16 to 30 hours worked,159,153,6
E01003369,Full-time: 31 to 48 hours worked,721,733,-12
E01003369,Full-time: 49 or more hours worked,144,160,-16
E01003369,Part-time: 15 hours or less worked,84,69,15
E01003369,Part-time: 16 to 30 hours worked,132,142,-10
E01003370,Full-time: 31 to 48 hours worked,817,822,-5
E01003370,Full-time: 49 or more hours worked,145,188,-43
E01003370,Part-time: 15 hours or less worked,97,83,14
E01003370,Part-time: 16 to 30 hours worked,185,221,-36
E01003371,Full-time: 31 to 48 hours worked,597,614,-17
E01003371,Full-time: 49 or more hours worked,125,133,-8
E01003371,Part-time: 15 hours or less worked,72,63,9
E01003371,Part-time: 16 to 30 hours worked,135,152,-17
E01003372,Full-time: 31 to 48 hours worked,577,466,111
E01003372,Full-time: 49 or more hours worked,83,82,1
E01003372,Part-time: 15 hours or less worked,92,90,2
E01003372,Part-time: 16 to 30 hours worked,165,140,25
E01003373,Full-time: 31 to 48 hours worked,371,338,33
E01003373,Full-time: 49 or more hours worked,53,46,7
E01003373,Part-time: 15 hours or less worked,94,56,38
E01003373,Part-time: 16 to 30 hours worked,143,131,12
E01003374,Full-time: 31 to 48 hours worked,507,335,172
E01003374,Full-time: 49 or more hours worked,65,73,-8
E01003374,Part-time: 15 hours or less worked,98,56,42
E01003374,Part-time: 16 to 30 hours worked,164,128,36
E01003375,Full-time: 31 to 48 hours worked,472,500,-28
E01003375,Full-time: 49 or more hours worked,83,89,-6
E01003375,Part-time: 15 hours or less worked,81,68,13
E01003375,Part-time: 16 to 30 hours worked,177,132,45
E01003376,Full-time: 31 to 48 hours worked,425,446,-21
E01003376,Full-time: 49 or more hours worked,75,77,-2
E01003376,Part-time: 15 hours or less worked,90,82,8
E01003376,Part-time: 16 to 30 hours worked,177,140,37
E01003377,Full-time: 31 to 48 hours worked,382,338,44
E01003377,Full-time: 49 or more hours worked,49,49,0
E01003377,Part-time: 15 hours or less worked,99,63,36
E01003377,Part-time: 16 to 30 hours worked,177,176,1
E01003378,Full-time: 31 to 48 hours worked,673,599,74
E01003378,Full-time: 49 or more hours worked,90,111,-21
E01003378,Part-time: 15 hours or less worked,126,86,40
E01003378,Part-time: 16 to 30 hours worked,244,188,56
E01003379,Full-time: 31 to 48 hours worked,485,427,58
E01003379,Full-time: 49 or more hours worked,79,69,10
E01003379,Part-time: 15 hours or less worked,126,60,66
E01003379,Part-time: 16 to 30 hours worked,192,187,5
E01003380,Full-time: 31 to 48 hours worked,563,606,-43
E01003380,Full-time: 49 or more hours worked,154,192,-38
E01003380,Part-time: 15 hours or less worked,90,71,19
E01003380,Part-time: 16 to 30 hours worked,129,137,-8
E01003381,Full-time: 31 to 48 hours worked,606,575,31
E01003381,Full-time: 49 or more hours worked,184,131,53
E01003381,Part-time: 15 hours or less worked,92,32,60
E01003381,Part-time: 16 to 30 hours worked,106,100,6
E01003382,Full-time: 31 to 48 hours worked,643,708,-65
E01003382,Full-time: 49 or more hours worked,180,180,0
E01003382,Part-time: 15 hours or less worked,76,61,15
E01003382,Part-time: 16 to 30 hours worked,143,119,24
E01003383,Full-time: 31 to 48 hours worked,604,648,-44
E01003383,Full-time: 49 or more hours worked,204,245,-41
E01003383,Part-time: 15 hours or less worked,84,47,37
E01003383,Part-time: 16 to 30 hours worked,128,88,40
E01003384,Full-time: 31 to 48 hours worked,623,580,43
E01003384,Full-time: 49 or more hours worked,191,204,-13
E01003384,Part-time: 15 hours or less worked,65,67,-2
E01003384,Part-time: 16 to 30 hours worked,116,96,20
E01003385,Full-time: 31 to 48 hours worked,482,507,-25
E01003385,Full-time: 49 or more hours worked,150,215,-65
E01003385,Part-time: 15 hours or less worked,71,57,14
E01003385,Part-time: 16 to 30 hours worked,119,125,-6
E01003386,Full-time: 31 to 48 hours worked,666,561,105
E01003386,Full-time: 49 or more hours worked,103,114,-11
E01003386,Part-time: 15 hours or less worked,139,80,59
E01003386,Part-time: 16 to 30 hours worked,248,251,-3
E01003387,Full-time: 31 to 48 hours worked,610,455,155
E01003387,Full-time: 49 or more hours worked,104,65,39
E01003387,Part-time: 15 hours or less worked,118,60,58
E01003387,Part-time: 16 to 30 hours worked,177,139,38
E01003388,Full-time: 31 to 48 hours worked,494,399,95
E01003388,Full-time: 49 or more hours worked,60,55,5
E01003388,Part-time: 15 hours or less worked,99,56,43
E01003388,Part-time: 16 to 30 hours worked,189,128,61
E01003389,Full-time: 31 to 48 hours worked,531,508,23
E01003389,Full-time: 49 or more hours worked,95,91,4
E01003389,Part-time: 15 hours or less worked,84,72,12
E01003389,Part-time: 16 to 30 hours worked,192,180,12
E01003390,Full-time: 31 to 48 hours worked,443,413,30
E01003390,Full-time: 49 or more hours worked,61,43,18
E01003390,Part-time: 15 hours or less worked,89,73,16
E01003390,Part-time: 16 to 30 hours worked,208,167,41
E01003391,Full-time: 31 to 48 hours worked,281,311,-30
E01003391,Full-time: 49 or more hours worked,38,53,-15
E01003391,Part-time: 15 hours or less worked,55,56,-1
E01003391,Part-time: 16 to 30 hours worked,124,118,6
E01003392,Full-time: 31 to 48 hours worked,420,415,5
E01003392,Full-time: 49 or more hours worked,65,78,-13
E01003392,Part-time: 15 hours or less worked,90,69,21
E01003392,Part-time: 16 to 30 hours worked,157,134,23
E01003393,Full-time: 31 to 48 hours worked,601,536,65
E01003393,Full-time: 49 or more hours worked,115,117,-2
E01003393,Part-time: 15 hours or less worked,98,54,44
E01003393,Part-time: 16 to 30 hours worked,151,167,-16
E01003394,Full-time: 31 to 48 hours worked,628,607,21
E01003394,Full-time: 49 or more hours worked,102,97,5
E01003394,Part-time: 15 hours or less worked,148,96,52
E01003394,Part-time: 16 to 30 hours worked,232,216,16
E01003395,Full-time: 31 to 48 hours worked,468,448,20
E01003395,Full-time: 49 or more hours worked,81,64,17
E01003395,Part-time: 15 hours or less worked,91,70,21
E01003395,Part-time: 16 to 30 hours worked,176,143,33
E01003396,Full-time: 31 to 48 hours worked,517,508,9
E01003396,Full-time: 49 or more hours worked,102,118,-16
E01003396,Part-time: 15 hours or less worked,86,65,21
E01003396,Part-time: 16 to 30 hours worked,129,160,-31
E01003397,Full-time: 31 to 48 hours worked,481,455,26
E01003397,Full-time: 49 or more hours worked,112,101,11
E01003397,Part-time: 15 hours or less worked,70,88,-18
E01003397,Part-time: 16 to 30 hours worked,147,140,7
E01003398,Full-time: 31 to 48 hours worked,578,475,103
E01003398,Full-time: 49 or more hours worked,110,95,15
E01003398,Part-time: 15 hours or less worked,107,75,32
E01003398,Part-time: 16 to 30 hours worked,205,199,6
E01003399,Full-time: 31 to 48 hours worked,513,660,-147
E01003399,Full-time: 49 or more hours worked,145,218,-73
E01003399,Part-time: 15 hours or less worked,107,53,54
E01003399,Part-time: 16 to 30 hours worked,98,100,-2
E01003400,Full-time: 31 to 48 hours worked,532,656,-124
E01003400,Full-time: 49 or more hours worked,198,218,-20
E01003400,Part-time: 15 hours or less worked,62,43,19
E01003400,Part-time: 16 to 30 hours worked,102,72,30
E01003401,Full-time: 31 to 48 hours worked,473,440,33
E01003401,Full-time: 49 or more hours worked,174,205,-31
E01003401,Part-time: 15 hours or less worked,66,47,19
E01003401,Part-time: 16 to 30 hours worked,85,60,25
E01003402,Full-time: 31 to 48 hours worked,430,453,-23
E01003402,Full-time: 49 or more hours worked,175,255,-80
E01003402,Part-time: 15 hours or less worked,65,60,5
E01003402,Part-time: 16 to 30 hours worked,91,82,9
E01003403,Full-time: 31 to 48 hours worked,432,445,-13
E01003403,Full-time: 49 or more hours worked,180,245,-65
E01003403,Part-time: 15 hours or less worked,87,63,24
E01003403,Part-time: 16 to 30 hours worked,85,102,-17
E01003404,Full-time: 31 to 48 hours worked,690,548,142
E01003404,Full-time: 49 or more hours worked,176,207,-31
E01003404,Part-time: 15 hours or less worked,76,39,37
E01003404,Part-time: 16 to 30 hours worked,100,73,27
E01003405,Full-time: 31 to 48 hours worked,736,475,261
E01003405,Full-time: 49 or more hours worked,110,82,28
E01003405,Part-time: 15 hours or less worked,124,60,64
E01003405,Part-time: 16 to 30 hours worked,229,174,55
E01003406,Full-time: 31 to 48 hours worked,582,471,111
E01003406,Full-time: 49 or more hours worked,73,72,1
E01003406,Part-time: 15 hours or less worked,103,74,29
E01003406,Part-time: 16 to 30 hours worked,183,168,15
E01003407,Full-time: 31 to 48 hours worked,722,725,-3
E01003407,Full-time: 49 or more hours worked,117,139,-22
E01003407,Part-time: 15 hours or less worked,108,77,31
E01003407,Part-time: 16 to 30 hours worked,193,160,33
E01003408,Full-time: 31 to 48 hours worked,766,761,5
E01003408,Full-time: 49 or more hours worked,128,137,-9
E01003408,Part-time: 15 hours or less worked,135,83,52
E01003408,Part-time: 16 to 30 hours worked,177,168,9
E01003409,Full-time: 31 to 48 hours worked,515,448,67
E01003409,Full-time: 49 or more hours worked,68,78,-10
E01003409,Part-time: 15 hours or less worked,105,66,39
E01003409,Part-time: 16 to 30 hours worked,208,171,37
E01003410,Full-time: 31 to 48 hours worked,476,552,-76
E01003410,Full-time: 49 or more hours worked,80,85,-5
E01003410,Part-time: 15 hours or less worked,112,70,42
E01003410,Part-time: 16 to 30 hours worked,136,165,-29
E01003411,Full-time: 31 to 48 hours worked,580,515,65
E01003411,Full-time: 49 or more hours worked,114,104,10
E01003411,Part-time: 15 hours or less worked,94,74,20
E01003411,Part-time: 16 to 30 hours worked,183,164,19
E01003412,Full-time: 31 to 48 hours worked,483,495,-12
E01003412,Full-time: 49 or more hours worked,64,69,-5
E01003412,Part-time: 15 hours or less worked,105,76,29
E01003412,Part-time: 16 to 30 hours worked,207,139,68
E01003413,Full-time: 31 to 48 hours worked,653,620,33
E01003413,Full-time: 49 or more hours worked,112,93,19
E01003413,Part-time: 15 hours or less worked,130,76,54
E01003413,Part-time: 16 to 30 hours worked,191,164,27
E01003414,Full-time: 31 to 48 hours worked,469,444,25
E01003414,Full-time: 49 or more hours worked,78,84,-6
E01003414,Part-time: 15 hours or less worked,109,68,41
E01003414,Part-time: 16 to 30 hours worked,148,146,2
E01003415,Full-time: 31 to 48 hours worked,731,473,258
E01003415,Full-time: 49 or more hours worked,146,76,70
E01003415,Part-time: 15 hours or less worked,132,68,64
E01003415,Part-time: 16 to 30 hours worked,213,146,67
E01003416,Full-time: 31 to 48 hours worked,543,466,77
E01003416,Full-time: 49 or more hours worked,86,66,20
E01003416,Part-time: 15 hours or less worked,104,63,41
E01003416,Part-time: 16 to 30 hours worked,130,136,-6
E01003417,Full-time: 31 to 48 hours worked,487,505,-18
E01003417,Full-time: 49 or more hours worked,81,96,-15
E01003417,Part-time: 15 hours or less worked,87,66,21
E01003417,Part-time: 16 to 30 hours worked,156,163,-7
E01003418,Full-time: 31 to 48 hours worked,472,486,-14
E01003418,Full-time: 49 or more hours worked,58,78,-20
E01003418,Part-time: 15 hours or less worked,80,63,17
E01003418,Part-time: 16 to 30 hours worked,151,168,-17
E01003419,Full-time: 31 to 48 hours worked,569,580,-11
E01003419,Full-time: 49 or more hours worked,93,99,-6
E01003419,Part-time: 15 hours or less worked,83,68,15
E01003419,Part-time: 16 to 30 hours worked,168,170,-2
E01003420,Full-time: 31 to 48 hours worked,487,424,63
E01003420,Full-time: 49 or more hours worked,76,95,-19
E01003420,Part-time: 15 hours or less worked,75,65,10
E01003420,Part-time: 16 to 30 hours worked,135,129,6
E01003421,Full-time: 31 to 48 hours worked,490,532,-42
E01003421,Full-time: 49 or more hours worked,94,117,-23
E01003421,Part-time: 15 hours or less worked,96,79,17
E01003421,Part-time: 16 to 30 hours worked,133,140,-7
E01003422,Full-time: 31 to 48 hours worked,451,413,38
E01003422,Full-time: 49 or more hours worked,70,91,-21
E01003422,Part-time: 15 hours or less worked,71,79,-8
E01003422,Part-time: 16 to 30 hours worked,111,131,-20
E01003423,Full-time: 31 to 48 hours worked,488,521,-33
E01003423,Full-time: 49 or more hours worked,137,157,-20
E01003423,Part-time: 15 hours or less worked,94,62,32
E01003423,Part-time: 16 to 30 hours worked,110,124,-14
E01003424,Full-time: 31 to 48 hours worked,383,396,-13
E01003424,Full-time: 49 or more hours worked,154,134,20
E01003424,Part-time: 15 hours or less worked,79,70,9
E01003424,Part-time: 16 to 30 hours worked,104,131,-27
E01003425,Full-time: 31 to 48 hours worked,393,399,-6
E01003425,Full-time: 49 or more hours worked,124,123,1
E01003425,Part-time: 15 hours or less worked,87,73,14
E01003425,Part-time: 16 to 30 hours worked,128,127,1
E01003426,Full-time: 31 to 48 hours worked,510,490,20
E01003426,Full-time: 49 or more hours worked,106,138,-32
E01003426,Part-time: 15 hours or less worked,97,72,25
E01003426,Part-time: 16 to 30 hours worked,191,144,47
E01003427,Full-time: 31 to 48 hours worked,612,552,60
E01003427,Full-time: 49 or more hours worked,80,120,-40
E01003427,Part-time: 15 hours or less worked,117,73,44
E01003427,Part-time: 16 to 30 hours worked,197,156,41
E01003428,Full-time: 31 to 48 hours worked,414,481,-67
E01003428,Full-time: 49 or more hours worked,128,186,-58
E01003428,Part-time: 15 hours or less worked,71,50,21
E01003428,Part-time: 16 to 30 hours worked,117,75,42
E01003429,Full-time: 31 to 48 hours worked,477,426,51
E01003429,Full-time: 49 or more hours worked,76,71,5
E01003429,Part-time: 15 hours or less worked,98,56,42
E01003429,Part-time: 16 to 30 hours worked,195,161,34
E01003430,Full-time: 31 to 48 hours worked,427,357,70
E01003430,Full-time: 49 or more hours worked,58,49,9
E01003430,Part-time: 15 hours or less worked,90,68,22
E01003430,Part-time: 16 to 30 hours worked,174,151,23
E01003431,Full-time: 31 to 48 hours worked,470,398,72
E01003431,Full-time: 49 or more hours worked,45,34,11
E01003431,Part-time: 15 hours or less worked,94,66,28
E01003431,Part-time: 16 to 30 hours worked,150,137,13
E01003432,Full-time: 31 to 48 hours worked,392,345,47
E01003432,Full-time: 49 or more hours worked,67,56,11
E01003432,Part-time: 15 hours or less worked,101,81,20
E01003432,Part-time: 16 to 30 hours worked,172,138,34
E01003433,Full-time: 31 to 48 hours worked,450,432,18
E01003433,Full-time: 49 or more hours worked,58,57,1
E01003433,Part-time: 15 hours or less worked,81,63,18
E01003433,Part-time: 16 to 30 hours worked,164,137,27
E01003434,Full-time: 31 to 48 hours worked,432,437,-5
E01003434,Full-time: 49 or more hours worked,74,83,-9
E01003434,Part-time: 15 hours or less worked,87,74,13
E01003434,Part-time: 16 to 30 hours worked,167,166,1
E01003435,Full-time: 31 to 48 hours worked,610,390,220
E01003435,Full-time: 49 or more hours worked,98,66,32
E01003435,Part-time: 15 hours or less worked,104,64,40
E01003435,Part-time: 16 to 30 hours worked,196,123,73
E01003436,Full-time: 31 to 48 hours worked,471,437,34
E01003436,Full-time: 49 or more hours worked,83,80,3
E01003436,Part-time: 15 hours or less worked,109,54,55
E01003436,Part-time: 16 to 30 hours worked,172,148,24
E01003437,Full-time: 31 to 48 hours worked,603,497,106
E01003437,Full-time: 49 or more hours worked,111,103,8
E01003437,Part-time: 15 hours or less worked,117,92,25
E01003437,Part-time: 16 to 30 hours worked,200,174,26
E01003438,Full-time: 31 to 48 hours worked,512,450,62
E01003438,Full-time: 49 or more hours worked,82,66,16
E01003438,Part-time: 15 hours or less worked,109,81,28
E01003438,Part-time: 16 to 30 hours worked,179,161,18
E01003439,Full-time: 31 to 48 hours worked,489,414,75
E01003439,Full-time: 49 or more hours worked,67,78,-11
E01003439,Part-time: 15 hours or less worked,90,79,11
E01003439,Part-time: 16 to 30 hours worked,179,136,43
E01003440,Full-time: 31 to 48 hours worked,433,454,-21
E01003440,Full-time: 49 or more hours worked,76,74,2
E01003440,Part-time: 15 hours or less worked,97,69,28
E01003440,Part-time: 16 to 30 hours worked,173,133,40
E01003441,Full-time: 31 to 48 hours worked,518,515,3
E01003441,Full-time: 49 or more hours worked,69,66,3
E01003441,Part-time: 15 hours or less worked,118,88,30
E01003441,Part-time: 16 to 30 hours worked,180,157,23
E01003442,Full-time: 31 to 48 hours worked,388,434,-46
E01003442,Full-time: 49 or more hours worked,184,239,-55
E01003442,Part-time: 15 hours or less worked,85,65,20
E01003442,Part-time: 16 to 30 hours worked,118,107,11
E01003443,Full-time: 31 to 48 hours worked,367,429,-62
E01003443,Full-time: 49 or more hours worked,209,195,14
E01003443,Part-time: 15 hours or less worked,87,66,21
E01003443,Part-time: 16 to 30 hours worked,108,110,-2
E01003444,Full-time: 31 to 48 hours worked,483,496,-13
E01003444,Full-time: 49 or more hours worked,146,169,-23
E01003444,Part-time: 15 hours or less worked,95,75,20
E01003444,Part-time: 16 to 30 hours worked,115,90,25
E01003445,Full-time: 31 to 48 hours worked,528,503,25
E01003445,Full-time: 49 or more hours worked,162,180,-18
E01003445,Part-time: 15 hours or less worked,103,74,29
E01003445,Part-time: 16 to 30 hours worked,123,132,-9
E01003446,Full-time: 31 to 48 hours worked,725,688,37
E01003446,Full-time: 49 or more hours worked,165,198,-33
E01003446,Part-time: 15 hours or less worked,76,56,20
E01003446,Part-time: 16 to 30 hours worked,152,117,35
E01003447,Full-time: 31 to 48 hours worked,512,510,2
E01003447,Full-time: 49 or more hours worked,84,108,-24
E01003447,Part-time: 15 hours or less worked,84,63,21
E01003447,Part-time: 16 to 30 hours worked,137,129,8
E01003448,Full-time: 31 to 48 hours worked,809,455,354
E01003448,Full-time: 49 or more hours worked,101,84,17
E01003448,Part-time: 15 hours or less worked,109,62,47
E01003448,Part-time: 16 to 30 hours worked,217,160,57
E01003449,Full-time: 31 to 48 hours worked,538,480,58
E01003449,Full-time: 49 or more hours worked,79,99,-20
E01003449,Part-time: 15 hours or less worked,115,70,45
E01003449,Part-time: 16 to 30 hours worked,196,145,51
E01003450,Full-time: 31 to 48 hours worked,490,433,57
E01003450,Full-time: 49 or more hours worked,78,79,-1
E01003450,Part-time: 15 hours or less worked,92,62,30
E01003450,Part-time: 16 to 30 hours worked,172,155,17
E01003451,Full-time: 31 to 48 hours worked,561,509,52
E01003451,Full-time: 49 or more hours worked,108,105,3
E01003451,Part-time: 15 hours or less worked,90,76,14
E01003451,Part-time: 16 to 30 hours worked,176,165,11
E01003452,Full-time: 31 to 48 hours worked,587,531,56
E01003452,Full-time: 49 or more hours worked,99,99,0
E01003452,Part-time: 15 hours or less worked,115,99,16
E01003452,Part-time: 16 to 30 hours worked,223,174,49
E01003453,Full-time: 31 to 48 hours worked,559,464,95
E01003453,Full-time: 49 or more hours worked,81,68,13
E01003453,Part-time: 15 hours or less worked,85,59,26
E01003453,Part-time: 16 to 30 hours worked,195,168,27
E01003454,Full-time: 31 to 48 hours worked,463,465,-2
E01003454,Full-time: 49 or more hours worked,144,205,-61
E01003454,Part-time: 15 hours or less worked,87,47,40
E01003454,Part-time: 16 to 30 hours worked,91,97,-6
E01003455,Full-time: 31 to 48 hours worked,719,732,-13
E01003455,Full-time: 49 or more hours worked,151,205,-54
E01003455,Part-time: 15 hours or less worked,98,39,59
E01003455,Part-time: 16 to 30 hours worked,129,85,44
E01003456,Full-time: 31 to 48 hours worked,603,570,33
E01003456,Full-time: 49 or more hours worked,181,219,-38
E01003456,Part-time: 15 hours or less worked,82,56,26
E01003456,Part-time: 16 to 30 hours worked,96,110,-14
E01003457,Full-time: 31 to 48 hours worked,484,530,-46
E01003457,Full-time: 49 or more hours worked,231,263,-32
E01003457,Part-time: 15 hours or less worked,68,49,19
E01003457,Part-time: 16 to 30 hours worked,101,88,13
E01003458,Full-time: 31 to 48 hours worked,699,656,43
E01003458,Full-time: 49 or more hours worked,182,210,-28
E01003458,Part-time: 15 hours or less worked,65,40,25
E01003458,Part-time: 16 to 30 hours worked,128,121,7
E01003459,Full-time: 31 to 48 hours worked,783,806,-23
E01003459,Full-time: 49 or more hours worked,192,217,-25
E01003459,Part-time: 15 hours or less worked,105,69,36
E01003459,Part-time: 16 to 30 hours worked,186,147,39
E01003460,Full-time: 31 to 48 hours worked,311,302,9
E01003460,Full-time: 49 or more hours worked,152,240,-88
E01003460,Part-time: 15 hours or less worked,69,64,5
E01003460,Part-time: 16 to 30 hours worked,92,106,-14
E01003461,Full-time: 31 to 48 hours worked,434,466,-32
E01003461,Full-time: 49 or more hours worked,218,306,-88
E01003461,Part-time: 15 hours or less worked,81,67,14
E01003461,Part-time: 16 to 30 hours worked,96,75,21
E01003462,Full-time: 31 to 48 hours worked,282,310,-28
E01003462,Full-time: 49 or more hours worked,131,175,-44
E01003462,Part-time: 15 hours or less worked,84,73,11
E01003462,Part-time: 16 to 30 hours worked,102,85,17
E01003463,Full-time: 31 to 48 hours worked,269,274,-5
E01003463,Full-time: 49 or more hours worked,185,156,29
E01003463,Part-time: 15 hours or less worked,103,56,47
E01003463,Part-time: 16 to 30 hours worked,117,100,17
E01003464,Full-time: 31 to 48 hours worked,253,260,-7
E01003464,Full-time: 49 or more hours worked,156,189,-33
E01003464,Part-time: 15 hours or less worked,86,48,38
E01003464,Part-time: 16 to 30 hours worked,70,61,9
E01003465,Full-time: 31 to 48 hours worked,227,217,10
E01003465,Full-time: 49 or more hours worked,151,202,-51
E01003465,Part-time: 15 hours or less worked,80,64,16
E01003465,Part-time: 16 to 30 hours worked,76,77,-1
E01003466,Full-time: 31 to 48 hours worked,535,511,24
E01003466,Full-time: 49 or more hours worked,140,106,34
E01003466,Part-time: 15 hours or less worked,97,77,20
E01003466,Part-time: 16 to 30 hours worked,135,122,13
E01003467,Full-time: 31 to 48 hours worked,499,498,1
E01003467,Full-time: 49 or more hours worked,151,148,3
E01003467,Part-time: 15 hours or less worked,84,63,21
E01003467,Part-time: 16 to 30 hours worked,134,137,-3
E01003468,Full-time: 31 to 48 hours worked,536,545,-9
E01003468,Full-time: 49 or more hours worked,124,123,1
E01003468,Part-time: 15 hours or less worked,88,80,8
E01003468,Part-time: 16 to 30 hours worked,148,165,-17
E01003469,Full-time: 31 to 48 hours worked,546,499,47
E01003469,Full-time: 49 or more hours worked,69,98,-29
E01003469,Part-time: 15 hours or less worked,99,78,21
E01003469,Part-time: 16 to 30 hours worked,173,168,5
E01003470,Full-time: 31 to 48 hours worked,628,535,93
E01003470,Full-time: 49 or more hours worked,127,112,15
E01003470,Part-time: 15 hours or less worked,109,85,24
E01003470,Part-time: 16 to 30 hours worked,191,171,20
E01003471,Full-time: 31 to 48 hours worked,546,491,55
E01003471,Full-time: 49 or more hours worked,138,121,17
E01003471,Part-time: 15 hours or less worked,75,71,4
E01003471,Part-time: 16 to 30 hours worked,134,115,19
E01003472,Full-time: 31 to 48 hours worked,397,388,9
E01003472,Full-time: 49 or more hours worked,164,170,-6
E01003472,Part-time: 15 hours or less worked,42,56,-14
E01003472,Part-time: 16 to 30 hours worked,88,100,-12
E01003473,Full-time: 31 to 48 hours worked,507,485,22
E01003473,Full-time: 49 or more hours worked,159,154,5
E01003473,Part-time: 15 hours or less worked,84,49,35
E01003473,Part-time: 16 to 30 hours worked,86,104,-18
E01003474,Full-time: 31 to 48 hours worked,310,298,12
E01003474,Full-time: 49 or more hours worked,167,216,-49
E01003474,Part-time: 15 hours or less worked,95,70,25
E01003474,Part-time: 16 to 30 hours worked,81,94,-13
E01003476,Full-time: 31 to 48 hours worked,368,439,-71
E01003476,Full-time: 49 or more hours worked,133,144,-11
E01003476,Part-time: 15 hours or less worked,74,66,8
E01003476,Part-time: 16 to 30 hours worked,119,103,16
E01003477,Full-time: 31 to 48 hours worked,542,623,-81
E01003477,Full-time: 49 or more hours worked,158,222,-64
E01003477,Part-time: 15 hours or less worked,78,78,0
E01003477,Part-time: 16 to 30 hours worked,114,124,-10
E01003478,Full-time: 31 to 48 hours worked,612,598,14
E01003478,Full-time: 49 or more hours worked,219,181,38
E01003478,Part-time: 15 hours or less worked,78,55,23
E01003478,Part-time: 16 to 30 hours worked,129,113,16
E01003479,Full-time: 31 to 48 hours worked,452,451,1
E01003479,Full-time: 49 or more hours worked,66,86,-20
E01003479,Part-time: 15 hours or less worked,100,57,43
E01003479,Part-time: 16 to 30 hours worked,143,157,-14
E01003480,Full-time: 31 to 48 hours worked,470,495,-25
E01003480,Full-time: 49 or more hours worked,80,75,5
E01003480,Part-time: 15 hours or less worked,138,138,0
E01003480,Part-time: 16 to 30 hours worked,171,181,-10
E01003481,Full-time: 31 to 48 hours worked,387,324,63
E01003481,Full-time: 49 or more hours worked,57,66,-9
E01003481,Part-time: 15 hours or less worked,68,69,-1
E01003481,Part-time: 16 to 30 hours worked,141,123,18
E01003483,Full-time: 31 to 48 hours worked,488,355,133
E01003483,Full-time: 49 or more hours worked,69,47,22
E01003483,Part-time: 15 hours or less worked,91,69,22
E01003483,Part-time: 16 to 30 hours worked,139,155,-16
E01003484,Full-time: 31 to 48 hours worked,552,521,31
E01003484,Full-time: 49 or more hours worked,85,106,-21
E01003484,Part-time: 15 hours or less worked,102,55,47
E01003484,Part-time: 16 to 30 hours worked,182,173,9
E01003485,Full-time: 31 to 48 hours worked,471,469,2
E01003485,Full-time: 49 or more hours worked,99,89,10
E01003485,Part-time: 15 hours or less worked,94,51,43
E01003485,Part-time: 16 to 30 hours worked,199,152,47
E01003486,Full-time: 31 to 48 hours worked,264,241,23
E01003486,Full-time: 49 or more hours worked,25,17,8
E01003486,Part-time: 15 hours or less worked,55,43,12
E01003486,Part-time: 16 to 30 hours worked,110,110,0
E01003487,Full-time: 31 to 48 hours worked,305,287,18
E01003487,Full-time: 49 or more hours worked,40,26,14
E01003487,Part-time: 15 hours or less worked,65,55,10
E01003487,Part-time: 16 to 30 hours worked,126,132,-6
E01003488,Full-time: 31 to 48 hours worked,400,417,-17
E01003488,Full-time: 49 or more hours worked,62,48,14
E01003488,Part-time: 15 hours or less worked,92,95,-3
E01003488,Part-time: 16 to 30 hours worked,165,188,-23
E01003489,Full-time: 31 to 48 hours worked,698,304,394
E01003489,Full-time: 49 or more hours worked,132,32,100
E01003489,Part-time: 15 hours or less worked,161,82,79
E01003489,Part-time: 16 to 30 hours worked,273,201,72
E01003490,Full-time: 31 to 48 hours worked,402,337,65
E01003490,Full-time: 49 or more hours worked,64,38,26
E01003490,Part-time: 15 hours or less worked,82,72,10
E01003490,Part-time: 16 to 30 hours worked,226,155,71
E01003491,Full-time: 31 to 48 hours worked,420,381,39
E01003491,Full-time: 49 or more hours worked,56,46,10
E01003491,Part-time: 15 hours or less worked,99,127,-28
E01003491,Part-time: 16 to 30 hours worked,192,229,-37
E01003492,Full-time: 31 to 48 hours worked,489,424,65
E01003492,Full-time: 49 or more hours worked,76,61,15
E01003492,Part-time: 15 hours or less worked,137,115,22
E01003492,Part-time: 16 to 30 hours worked,183,199,-16
E01003494,Full-time: 31 to 48 hours worked,545,485,60
E01003494,Full-time: 49 or more hours worked,96,66,30
E01003494,Part-time: 15 hours or less worked,112,111,1
E01003494,Part-time: 16 to 30 hours worked,212,219,-7
E01003495,Full-time: 31 to 48 hours worked,565,590,-25
E01003495,Full-time: 49 or more hours worked,87,62,25
E01003495,Part-time: 15 hours or less worked,89,99,-10
E01003495,Part-time: 16 to 30 hours worked,183,230,-47
E01003496,Full-time: 31 to 48 hours worked,395,422,-27
E01003496,Full-time: 49 or more hours worked,64,73,-9
E01003496,Part-time: 15 hours or less worked,80,77,3
E01003496,Part-time: 16 to 30 hours worked,141,152,-11
E01003497,Full-time: 31 to 48 hours worked,407,430,-23
E01003497,Full-time: 49 or more hours worked,64,91,-27
E01003497,Part-time: 15 hours or less worked,98,59,39
E01003497,Part-time: 16 to 30 hours worked,143,147,-4
E01003498,Full-time: 31 to 48 hours worked,502,445,57
E01003498,Full-time: 49 or more hours worked,62,69,-7
E01003498,Part-time: 15 hours or less worked,99,84,15
E01003498,Part-time: 16 to 30 hours worked,199,155,44
E01003499,Full-time: 31 to 48 hours worked,484,466,18
E01003499,Full-time: 49 or more hours worked,78,67,11
E01003499,Part-time: 15 hours or less worked,130,108,22
E01003499,Part-time: 16 to 30 hours worked,246,177,69
E01003500,Full-time: 31 to 48 hours worked,541,541,0
E01003500,Full-time: 49 or more hours worked,106,81,25
E01003500,Part-time: 15 hours or less worked,138,85,53
E01003500,Part-time: 16 to 30 hours worked,215,161,54
E01003501,Full-time: 31 to 48 hours worked,599,544,55
E01003501,Full-time: 49 or more hours worked,89,55,34
E01003501,Part-time: 15 hours or less worked,135,81,54
E01003501,Part-time: 16 to 30 hours worked,247,186,61
E01003502,Full-time: 31 to 48 hours worked,621,461,160
E01003502,Full-time: 49 or more hours worked,120,64,56
E01003502,Part-time: 15 hours or less worked,136,98,38
E01003502,Part-time: 16 to 30 hours worked,272,172,100
E01003503,Full-time: 31 to 48 hours worked,1089,382,707
E01003503,Full-time: 49 or more hours worked,203,60,143
E01003503,Part-time: 15 hours or less worked,142,58,84
E01003503,Part-time: 16 to 30 hours worked,214,135,79
E01003506,Full-time: 31 to 48 hours worked,379,352,27
E01003506,Full-time: 49 or more hours worked,55,35,20
E01003506,Part-time: 15 hours or less worked,72,54,18
E01003506,Part-time: 16 to 30 hours worked,130,128,2
E01003507,Full-time: 31 to 48 hours worked,556,521,35
E01003507,Full-time: 49 or more hours worked,88,94,-6
E01003507,Part-time: 15 hours or less worked,125,104,21
E01003507,Part-time: 16 to 30 hours worked,236,191,45
E01003508,Full-time: 31 to 48 hours worked,822,349,473
E01003508,Full-time: 49 or more hours worked,160,52,108
E01003508,Part-time: 15 hours or less worked,132,60,72
E01003508,Part-time: 16 to 30 hours worked,241,155,86
E01003509,Full-time: 31 to 48 hours worked,505,514,-9
E01003509,Full-time: 49 or more hours worked,107,76,31
E01003509,Part-time: 15 hours or less worked,98,80,18
E01003509,Part-time: 16 to 30 hours worked,208,173,35
E01003511,Full-time: 31 to 48 hours worked,603,250,353
E01003511,Full-time: 49 or more hours worked,78,34,44
E01003511,Part-time: 15 hours or less worked,99,50,49
E01003511,Part-time: 16 to 30 hours worked,172,113,59
E01003512,Full-time: 31 to 48 hours worked,565,466,99
E01003512,Full-time: 49 or more hours worked,91,77,14
E01003512,Part-time: 15 hours or less worked,111,52,59
E01003512,Part-time: 16 to 30 hours worked,215,157,58
E01003513,Full-time: 31 to 48 hours worked,459,458,1
E01003513,Full-time: 49 or more hours worked,72,94,-22
E01003513,Part-time: 15 hours or less worked,111,58,53
E01003513,Part-time: 16 to 30 hours worked,167,174,-7
E01003514,Full-time: 31 to 48 hours worked,416,417,-1
E01003514,Full-time: 49 or more hours worked,70,45,25
E01003514,Part-time: 15 hours or less worked,80,46,34
E01003514,Part-time: 16 to 30 hours worked,163,127,36
E01003515,Full-time: 31 to 48 hours worked,553,425,128
E01003515,Full-time: 49 or more hours worked,67,73,-6
E01003515,Part-time: 15 hours or less worked,89,65,24
E01003515,Part-time: 16 to 30 hours worked,187,155,32
E01003516,Full-time: 31 to 48 hours worked,459,421,38
E01003516,Full-time: 49 or more hours worked,49,76,-27
E01003516,Part-time: 15 hours or less worked,82,51,31
E01003516,Part-time: 16 to 30 hours worked,220,157,63
E01003517,Full-time: 31 to 48 hours worked,421,436,-15
E01003517,Full-time: 49 or more hours worked,66,69,-3
E01003517,Part-time: 15 hours or less worked,88,53,35
E01003517,Part-time: 16 to 30 hours worked,204,164,40
E01003518,Full-time: 31 to 48 hours worked,471,520,-49
E01003518,Full-time: 49 or more hours worked,82,109,-27
E01003518,Part-time: 15 hours or less worked,80,57,23
E01003518,Part-time: 16 to 30 hours worked,182,145,37
E01003519,Full-time: 31 to 48 hours worked,491,485,6
E01003519,Full-time: 49 or more hours worked,84,74,10
E01003519,Part-time: 15 hours or less worked,93,70,23
E01003519,Part-time: 16 to 30 hours worked,167,133,34
E01003520,Full-time: 31 to 48 hours worked,424,411,13
E01003520,Full-time: 49 or more hours worked,56,59,-3
E01003520,Part-time: 15 hours or less worked,107,125,-18
E01003520,Part-time: 16 to 30 hours worked,204,225,-21
E01003521,Full-time: 31 to 48 hours worked,482,551,-69
E01003521,Full-time: 49 or more hours worked,99,87,12
E01003521,Part-time: 15 hours or less worked,116,148,-32
E01003521,Part-time: 16 to 30 hours worked,242,318,-76
E01003522,Full-time: 31 to 48 hours worked,378,371,7
E01003522,Full-time: 49 or more hours worked,57,49,8
E01003522,Part-time: 15 hours or less worked,110,117,-7
E01003522,Part-time: 16 to 30 hours worked,164,199,-35
E01003523,Full-time: 31 to 48 hours worked,612,474,138
E01003523,Full-time: 49 or more hours worked,62,51,11
E01003523,Part-time: 15 hours or less worked,120,88,32
E01003523,Part-time: 16 to 30 hours worked,250,182,68
E01003524,Full-time: 31 to 48 hours worked,372,407,-35
E01003524,Full-time: 49 or more hours worked,42,48,-6
E01003524,Part-time: 15 hours or less worked,107,130,-23
E01003524,Part-time: 16 to 30 hours worked,254,209,45
E01003525,Full-time: 31 to 48 hours worked,454,485,-31
E01003525,Full-time: 49 or more hours worked,55,59,-4
E01003525,Part-time: 15 hours or less worked,96,91,5
E01003525,Part-time: 16 to 30 hours worked,204,217,-13
E01003526,Full-time: 31 to 48 hours worked,374,391,-17
E01003526,Full-time: 49 or more hours worked,57,40,17
E01003526,Part-time: 15 hours or less worked,123,107,16
E01003526,Part-time: 16 to 30 hours worked,183,181,2
E01003527,Full-time: 31 to 48 hours worked,446,474,-28
E01003527,Full-time: 49 or more hours worked,75,71,4
E01003527,Part-time: 15 hours or less worked,92,70,22
E01003527,Part-time: 16 to 30 hours worked,183,143,40
E01003528,Full-time: 31 to 48 hours worked,240,225,15
E01003528,Full-time: 49 or more hours worked,30,32,-2
E01003528,Part-time: 15 hours or less worked,78,79,-1
E01003528,Part-time: 16 to 30 hours worked,139,130,9
E01003529,Full-time: 31 to 48 hours worked,607,556,51
E01003529,Full-time: 49 or more hours worked,82,61,21
E01003529,Part-time: 15 hours or less worked,107,133,-26
E01003529,Part-time: 16 to 30 hours worked,244,258,-14
E01003530,Full-time: 31 to 48 hours worked,482,388,94
E01003530,Full-time: 49 or more hours worked,81,41,40
E01003530,Part-time: 15 hours or less worked,118,112,6
E01003530,Part-time: 16 to 30 hours worked,167,203,-36
E01003531,Full-time: 31 to 48 hours worked,452,409,43
E01003531,Full-time: 49 or more hours worked,41,59,-18
E01003531,Part-time: 15 hours or less worked,136,134,2
E01003531,Part-time: 16 to 30 hours worked,236,227,9
E01003532,Full-time: 31 to 48 hours worked,607,473,134
E01003532,Full-time: 49 or more hours worked,65,46,19
E01003532,Part-time: 15 hours or less worked,132,109,23
E01003532,Part-time: 16 to 30 hours worked,276,194,82
E01003533,Full-time: 31 to 48 hours worked,447,397,50
E01003533,Full-time: 49 or more hours worked,53,63,-10
E01003533,Part-time: 15 hours or less worked,112,97,15
E01003533,Part-time: 16 to 30 hours worked,239,207,32
E01003534,Full-time: 31 to 48 hours worked,486,478,8
E01003534,Full-time: 49 or more hours worked,52,69,-17
E01003534,Part-time: 15 hours or less worked,121,128,-7
E01003534,Part-time: 16 to 30 hours worked,246,228,18
E01003535,Full-time: 31 to 48 hours worked,356,335,21
E01003535,Full-time: 49 or more hours worked,38,45,-7
E01003535,Part-time: 15 hours or less worked,81,64,17
E01003535,Part-time: 16 to 30 hours worked,165,139,26
E01003536,Full-time: 31 to 48 hours worked,486,429,57
E01003536,Full-time: 49 or more hours worked,63,52,11
E01003536,Part-time: 15 hours or less worked,98,94,4
E01003536,Part-time: 16 to 30 hours worked,224,172,52
E01003537,Full-time: 31 to 48 hours worked,525,514,11
E01003537,Full-time: 49 or more hours worked,73,68,5
E01003537,Part-time: 15 hours or less worked,128,94,34
E01003537,Part-time: 16 to 30 hours worked,214,222,-8
E01003538,Full-time: 31 to 48 hours worked,478,470,8
E01003538,Full-time: 49 or more hours worked,79,51,28
E01003538,Part-time: 15 hours or less worked,116,69,47
E01003538,Part-time: 16 to 30 hours worked,215,192,23
E01003539,Full-time: 31 to 48 hours worked,627,525,102
E01003539,Full-time: 49 or more hours worked,100,78,22
E01003539,Part-time: 15 hours or less worked,123,94,29
E01003539,Part-time: 16 to 30 hours worked,259,227,32
E01003540,Full-time: 31 to 48 hours worked,455,386,69
E01003540,Full-time: 49 or more hours worked,84,61,23
E01003540,Part-time: 15 hours or less worked,80,56,24
E01003540,Part-time: 16 to 30 hours worked,215,169,46
E01003541,Full-time: 31 to 48 hours worked,526,422,104
E01003541,Full-time: 49 or more hours worked,61,69,-8
E01003541,Part-time: 15 hours or less worked,93,76,17
E01003541,Part-time: 16 to 30 hours worked,190,165,25
E01003542,Full-time: 31 to 48 hours worked,471,363,108
E01003542,Full-time: 49 or more hours worked,61,54,7
E01003542,Part-time: 15 hours or less worked,131,85,46
E01003542,Part-time: 16 to 30 hours worked,204,180,24
E01003543,Full-time: 31 to 48 hours worked,681,753,-72
E01003543,Full-time: 49 or more hours worked,119,128,-9
E01003543,Part-time: 15 hours or less worked,147,138,9
E01003543,Part-time: 16 to 30 hours worked,215,220,-5
E01003544,Full-time: 31 to 48 hours worked,516,561,-45
E01003544,Full-time: 49 or more hours worked,103,91,12
E01003544,Part-time: 15 hours or less worked,93,97,-4
E01003544,Part-time: 16 to 30 hours worked,164,172,-8
E01003545,Full-time: 31 to 48 hours worked,530,456,74
E01003545,Full-time: 49 or more hours worked,84,71,13
E01003545,Part-time: 15 hours or less worked,122,84,38
E01003545,Part-time: 16 to 30 hours worked,180,157,23
E01003546,Full-time: 31 to 48 hours worked,479,460,19
E01003546,Full-time: 49 or more hours worked,78,72,6
E01003546,Part-time: 15 hours or less worked,109,96,13
E01003546,Part-time: 16 to 30 hours worked,182,165,17
E01003547,Full-time: 31 to 48 hours worked,547,530,17
E01003547,Full-time: 49 or more hours worked,113,115,-2
E01003547,Part-time: 15 hours or less worked,131,106,25
E01003547,Part-time: 16 to 30 hours worked,186,189,-3
E01003548,Full-time: 31 to 48 hours worked,750,618,132
E01003548,Full-time: 49 or more hours worked,129,122,7
E01003548,Part-time: 15 hours or less worked,144,155,-11
E01003548,Part-time: 16 to 30 hours worked,169,259,-90
E01003549,Full-time: 31 to 48 hours worked,652,636,16
E01003549,Full-time: 49 or more hours worked,121,109,12
E01003549,Part-time: 15 hours or less worked,110,72,38
E01003549,Part-time: 16 to 30 hours worked,179,223,-44
E01003550,Full-time: 31 to 48 hours worked,471,445,26
E01003550,Full-time: 49 or more hours worked,81,91,-10
E01003550,Part-time: 15 hours or less worked,101,82,19
E01003550,Part-time: 16 to 30 hours worked,174,173,1
E01003551,Full-time: 31 to 48 hours worked,518,446,72
E01003551,Full-time: 49 or more hours worked,73,84,-11
E01003551,Part-time: 15 hours or less worked,120,92,28
E01003551,Part-time: 16 to 30 hours worked,191,190,1
E01003552,Full-time: 31 to 48 hours worked,409,393,16
E01003552,Full-time: 49 or more hours worked,75,103,-28
E01003552,Part-time: 15 hours or less worked,83,72,11
E01003552,Part-time: 16 to 30 hours worked,150,145,5
E01003553,Full-time: 31 to 48 hours worked,469,438,31
E01003553,Full-time: 49 or more hours worked,76,139,-63
E01003553,Part-time: 15 hours or less worked,145,102,43
E01003553,Part-time: 16 to 30 hours worked,206,183,23
E01003554,Full-time: 31 to 48 hours worked,616,616,0
E01003554,Full-time: 49 or more hours worked,128,111,17
E01003554,Part-time: 15 hours or less worked,100,72,28
E01003554,Part-time: 16 to 30 hours worked,187,218,-31
E01003555,Full-time: 31 to 48 hours worked,422,459,-37
E01003555,Full-time: 49 or more hours worked,79,70,9
E01003555,Part-time: 15 hours or less worked,140,109,31
E01003555,Part-time: 16 to 30 hours worked,183,169,14
E01003556,Full-time: 31 to 48 hours worked,356,372,-16
E01003556,Full-time: 49 or more hours worked,62,69,-7
E01003556,Part-time: 15 hours or less worked,107,142,-35
E01003556,Part-time: 16 to 30 hours worked,208,187,21
E01003557,Full-time: 31 to 48 hours worked,468,548,-80
E01003557,Full-time: 49 or more hours worked,65,78,-13
E01003557,Part-time: 15 hours or less worked,127,105,22
E01003557,Part-time: 16 to 30 hours worked,239,219,20
E01003558,Full-time: 31 to 48 hours worked,354,299,55
E01003558,Full-time: 49 or more hours worked,53,64,-11
E01003558,Part-time: 15 hours or less worked,107,110,-3
E01003558,Part-time: 16 to 30 hours worked,199,152,47
E01003559,Full-time: 31 to 48 hours worked,819,991,-172
E01003559,Full-time: 49 or more hours worked,168,212,-44
E01003559,Part-time: 15 hours or less worked,146,87,59
E01003559,Part-time: 16 to 30 hours worked,245,219,26
E01003560,Full-time: 31 to 48 hours worked,362,351,11
E01003560,Full-time: 49 or more hours worked,59,45,14
E01003560,Part-time: 15 hours or less worked,106,120,-14
E01003560,Part-time: 16 to 30 hours worked,154,197,-43
E01003561,Full-time: 31 to 48 hours worked,367,378,-11
E01003561,Full-time: 49 or more hours worked,54,50,4
E01003561,Part-time: 15 hours or less worked,75,126,-51
E01003561,Part-time: 16 to 30 hours worked,206,225,-19
E01003562,Full-time: 31 to 48 hours worked,500,473,27
E01003562,Full-time: 49 or more hours worked,74,63,11
E01003562,Part-time: 15 hours or less worked,112,132,-20
E01003562,Part-time: 16 to 30 hours worked,213,267,-54
E01003563,Full-time: 31 to 48 hours worked,534,375,159
E01003563,Full-time: 49 or more hours worked,58,58,0
E01003563,Part-time: 15 hours or less worked,116,113,3
E01003563,Part-time: 16 to 30 hours worked,238,204,34
E01003564,Full-time: 31 to 48 hours worked,479,527,-48
E01003564,Full-time: 49 or more hours worked,81,74,7
E01003564,Part-time: 15 hours or less worked,148,164,-16
E01003564,Part-time: 16 to 30 hours worked,260,281,-21
E01003565,Full-time: 31 to 48 hours worked,454,345,109
E01003565,Full-time: 49 or more hours worked,58,39,19
E01003565,Part-time: 15 hours or less worked,88,109,-21
E01003565,Part-time: 16 to 30 hours worked,210,239,-29
E01003566,Full-time: 31 to 48 hours worked,291,368,-77
E01003566,Full-time: 49 or more hours worked,39,37,2
E01003566,Part-time: 15 hours or less worked,92,128,-36
E01003566,Part-time: 16 to 30 hours worked,241,175,66
E01003567,Full-time: 31 to 48 hours worked,392,347,45
E01003567,Full-time: 49 or more hours worked,61,54,7
E01003567,Part-time: 15 hours or less worked,126,122,4
E01003567,Part-time: 16 to 30 hours worked,224,203,21
E01003568,Full-time: 31 to 48 hours worked,570,490,80
E01003568,Full-time: 49 or more hours worked,83,71,12
E01003568,Part-time: 15 hours or less worked,163,127,36
E01003568,Part-time: 16 to 30 hours worked,234,249,-15
E01003569,Full-time: 31 to 48 hours worked,604,400,204
E01003569,Full-time: 49 or more hours worked,105,42,63
E01003569,Part-time: 15 hours or less worked,154,141,13
E01003569,Part-time: 16 to 30 hours worked,273,191,82
E01003570,Full-time: 31 to 48 hours worked,422,406,16
E01003570,Full-time: 49 or more hours worked,67,62,5
E01003570,Part-time: 15 hours or less worked,108,120,-12
E01003570,Part-time: 16 to 30 hours worked,202,235,-33
E01003571,Full-time: 31 to 48 hours worked,450,415,35
E01003571,Full-time: 49 or more hours worked,56,54,2
E01003571,Part-time: 15 hours or less worked,116,111,5
E01003571,Part-time: 16 to 30 hours worked,219,255,-36
E01003572,Full-time: 31 to 48 hours worked,401,339,62
E01003572,Full-time: 49 or more hours worked,43,58,-15
E01003572,Part-time: 15 hours or less worked,97,89,8
E01003572,Part-time: 16 to 30 hours worked,163,166,-3
E01003573,Full-time: 31 to 48 hours worked,458,435,23
E01003573,Full-time: 49 or more hours worked,79,66,13
E01003573,Part-time: 15 hours or less worked,130,101,29
E01003573,Part-time: 16 to 30 hours worked,226,246,-20
E01003574,Full-time: 31 to 48 hours worked,576,583,-7
E01003574,Full-time: 49 or more hours worked,80,95,-15
E01003574,Part-time: 15 hours or less worked,120,129,-9
E01003574,Part-time: 16 to 30 hours worked,240,263,-23
E01003575,Full-time: 31 to 48 hours worked,326,304,22
E01003575,Full-time: 49 or more hours worked,53,48,5
E01003575,Part-time: 15 hours or less worked,90,79,11
E01003575,Part-time: 16 to 30 hours worked,184,178,6
E01003576,Full-time: 31 to 48 hours worked,340,340,0
E01003576,Full-time: 49 or more hours worked,32,37,-5
E01003576,Part-time: 15 hours or less worked,98,72,26
E01003576,Part-time: 16 to 30 hours worked,211,224,-13
E01003577,Full-time: 31 to 48 hours worked,465,311,154
E01003577,Full-time: 49 or more hours worked,70,32,38
E01003577,Part-time: 15 hours or less worked,119,63,56
E01003577,Part-time: 16 to 30 hours worked,241,159,82
E01003578,Full-time: 31 to 48 hours worked,364,333,31
E01003578,Full-time: 49 or more hours worked,71,71,0
E01003578,Part-time: 15 hours or less worked,95,130,-35
E01003578,Part-time: 16 to 30 hours worked,228,224,4
E01003579,Full-time: 31 to 48 hours worked,349,330,19
E01003579,Full-time: 49 or more hours worked,47,34,13
E01003579,Part-time: 15 hours or less worked,103,92,11
E01003579,Part-time: 16 to 30 hours worked,221,215,6
E01003580,Full-time: 31 to 48 hours worked,391,331,60
E01003580,Full-time: 49 or more hours worked,38,31,7
E01003580,Part-time: 15 hours or less worked,100,76,24
E01003580,Part-time: 16 to 30 hours worked,220,184,36
E01003581,Full-time: 31 to 48 hours worked,363,342,21
E01003581,Full-time: 49 or more hours worked,39,51,-12
E01003581,Part-time: 15 hours or less worked,98,104,-6
E01003581,Part-time: 16 to 30 hours worked,179,176,3
E01003582,Full-time: 31 to 48 hours worked,281,298,-17
E01003582,Full-time: 49 or more hours worked,46,28,18
E01003582,Part-time: 15 hours or less worked,73,74,-1
E01003582,Part-time: 16 to 30 hours worked,192,142,50
E01003583,Full-time: 31 to 48 hours worked,348,373,-25
E01003583,Full-time: 49 or more hours worked,87,71,16
E01003583,Part-time: 15 hours or less worked,110,86,24
E01003583,Part-time: 16 to 30 hours worked,212,182,30
E01003584,Full-time: 31 to 48 hours worked,414,442,-28
E01003584,Full-time: 49 or more hours worked,111,105,6
E01003584,Part-time: 15 hours or less worked,124,92,32
E01003584,Part-time: 16 to 30 hours worked,204,203,1
E01003585,Full-time: 31 to 48 hours worked,348,295,53
E01003585,Full-time: 49 or more hours worked,31,39,-8
E01003585,Part-time: 15 hours or less worked,101,78,23
E01003585,Part-time: 16 to 30 hours worked,186,180,6
E01003586,Full-time: 31 to 48 hours worked,389,399,-10
E01003586,Full-time: 49 or more hours worked,62,62,0
E01003586,Part-time: 15 hours or less worked,118,98,20
E01003586,Part-time: 16 to 30 hours worked,200,174,26
E01003587,Full-time: 31 to 48 hours worked,520,573,-53
E01003587,Full-time: 49 or more hours worked,72,86,-14
E01003587,Part-time: 15 hours or less worked,126,140,-14
E01003587,Part-time: 16 to 30 hours worked,261,250,11
E01003588,Full-time: 31 to 48 hours worked,297,343,-46
E01003588,Full-time: 49 or more hours worked,61,35,26
E01003588,Part-time: 15 hours or less worked,97,100,-3
E01003588,Part-time: 16 to 30 hours worked,164,191,-27
E01003589,Full-time: 31 to 48 hours worked,381,389,-8
E01003589,Full-time: 49 or more hours worked,59,62,-3
E01003589,Part-time: 15 hours or less worked,125,91,34
E01003589,Part-time: 16 to 30 hours worked,199,171,28
E01003590,Full-time: 31 to 48 hours worked,370,349,21
E01003590,Full-time: 49 or more hours worked,44,36,8
E01003590,Part-time: 15 hours or less worked,77,77,0
E01003590,Part-time: 16 to 30 hours worked,176,139,37
E01003591,Full-time: 31 to 48 hours worked,412,391,21
E01003591,Full-time: 49 or more hours worked,63,72,-9
E01003591,Part-time: 15 hours or less worked,147,103,44
E01003591,Part-time: 16 to 30 hours worked,265,248,17
E01003592,Full-time: 31 to 48 hours worked,462,375,87
E01003592,Full-time: 49 or more hours worked,72,64,8
E01003592,Part-time: 15 hours or less worked,112,130,-18
E01003592,Part-time: 16 to 30 hours worked,189,239,-50
E01003593,Full-time: 31 to 48 hours worked,382,330,52
E01003593,Full-time: 49 or more hours worked,60,37,23
E01003593,Part-time: 15 hours or less worked,98,78,20
E01003593,Part-time: 16 to 30 hours worked,159,162,-3
E01003594,Full-time: 31 to 48 hours worked,499,436,63
E01003594,Full-time: 49 or more hours worked,88,74,14
E01003594,Part-time: 15 hours or less worked,97,73,24
E01003594,Part-time: 16 to 30 hours worked,153,153,0
E01003595,Full-time: 31 to 48 hours worked,466,351,115
E01003595,Full-time: 49 or more hours worked,67,72,-5
E01003595,Part-time: 15 hours or less worked,78,60,18
E01003595,Part-time: 16 to 30 hours worked,193,168,25
E01003596,Full-time: 31 to 48 hours worked,393,455,-62
E01003596,Full-time: 49 or more hours worked,58,57,1
E01003596,Part-time: 15 hours or less worked,90,90,0
E01003596,Part-time: 16 to 30 hours worked,194,187,7
E01003597,Full-time: 31 to 48 hours worked,504,374,130
E01003597,Full-time: 49 or more hours worked,103,60,43
E01003597,Part-time: 15 hours or less worked,76,79,-3
E01003597,Part-time: 16 to 30 hours worked,172,173,-1
E01003598,Full-time: 31 to 48 hours worked,441,406,35
E01003598,Full-time: 49 or more hours worked,74,54,20
E01003598,Part-time: 15 hours or less worked,87,71,16
E01003598,Part-time: 16 to 30 hours worked,184,150,34
E01003599,Full-time: 31 to 48 hours worked,335,357,-22
E01003599,Full-time: 49 or more hours worked,46,41,5
E01003599,Part-time: 15 hours or less worked,82,73,9
E01003599,Part-time: 16 to 30 hours worked,195,159,36
E01003600,Full-time: 31 to 48 hours worked,426,432,-6
E01003600,Full-time: 49 or more hours worked,61,71,-10
E01003600,Part-time: 15 hours or less worked,112,70,42
E01003600,Part-time: 16 to 30 hours worked,150,157,-7
E01003601,Full-time: 31 to 48 hours worked,529,490,39
E01003601,Full-time: 49 or more hours worked,91,63,28
E01003601,Part-time: 15 hours or less worked,108,81,27
E01003601,Part-time: 16 to 30 hours worked,193,191,2
E01003602,Full-time: 31 to 48 hours worked,522,574,-52
E01003602,Full-time: 49 or more hours worked,119,79,40
E01003602,Part-time: 15 hours or less worked,130,114,16
E01003602,Part-time: 16 to 30 hours worked,264,198,66
E01003603,Full-time: 31 to 48 hours worked,503,481,22
E01003603,Full-time: 49 or more hours worked,79,81,-2
E01003603,Part-time: 15 hours or less worked,91,88,3
E01003603,Part-time: 16 to 30 hours worked,201,193,8
E01003604,Full-time: 31 to 48 hours worked,588,596,-8
E01003604,Full-time: 49 or more hours worked,103,85,18
E01003604,Part-time: 15 hours or less worked,109,91,18
E01003604,Part-time: 16 to 30 hours worked,208,197,11
E01003605,Full-time: 31 to 48 hours worked,451,461,-10
E01003605,Full-time: 49 or more hours worked,58,62,-4
E01003605,Part-time: 15 hours or less worked,112,101,11
E01003605,Part-time: 16 to 30 hours worked,239,206,33
E01003607,Full-time: 31 to 48 hours worked,533,424,109
E01003607,Full-time: 49 or more hours worked,75,65,10
E01003607,Part-time: 15 hours or less worked,96,80,16
E01003607,Part-time: 16 to 30 hours worked,191,171,20
E01003608,Full-time: 31 to 48 hours worked,602,643,-41
E01003608,Full-time: 49 or more hours worked,128,81,47
E01003608,Part-time: 15 hours or less worked,98,69,29
E01003608,Part-time: 16 to 30 hours worked,175,159,16
E01003611,Full-time: 31 to 48 hours worked,441,389,52
E01003611,Full-time: 49 or more hours worked,63,61,2
E01003611,Part-time: 15 hours or less worked,110,62,48
E01003611,Part-time: 16 to 30 hours worked,195,173,22
E01003615,Full-time: 31 to 48 hours worked,470,544,-74
E01003615,Full-time: 49 or more hours worked,75,79,-4
E01003615,Part-time: 15 hours or less worked,95,84,11
E01003615,Part-time: 16 to 30 hours worked,202,206,-4
E01003616,Full-time: 31 to 48 hours worked,582,494,88
E01003616,Full-time: 49 or more hours worked,87,104,-17
E01003616,Part-time: 15 hours or less worked,106,89,17
E01003616,Part-time: 16 to 30 hours worked,213,193,20
E01003618,Full-time: 31 to 48 hours worked,747,721,26
E01003618,Full-time: 49 or more hours worked,140,185,-45
E01003618,Part-time: 15 hours or less worked,165,123,42
E01003618,Part-time: 16 to 30 hours worked,212,239,-27
E01003619,Full-time: 31 to 48 hours worked,687,735,-48
E01003619,Full-time: 49 or more hours worked,135,168,-33
E01003619,Part-time: 15 hours or less worked,125,99,26
E01003619,Part-time: 16 to 30 hours worked,250,157,93
E01003621,Full-time: 31 to 48 hours worked,392,301,91
E01003621,Full-time: 49 or more hours worked,43,45,-2
E01003621,Part-time: 15 hours or less worked,75,99,-24
E01003621,Part-time: 16 to 30 hours worked,183,192,-9
E01003622,Full-time: 31 to 48 hours worked,358,308,50
E01003622,Full-time: 49 or more hours worked,44,51,-7
E01003622,Part-time: 15 hours or less worked,107,78,29
E01003622,Part-time: 16 to 30 hours worked,196,162,34
E01003623,Full-time: 31 to 48 hours worked,362,312,50
E01003623,Full-time: 49 or more hours worked,56,30,26
E01003623,Part-time: 15 hours or less worked,118,76,42
E01003623,Part-time: 16 to 30 hours worked,195,187,8
E01003624,Full-time: 31 to 48 hours worked,377,349,28
E01003624,Full-time: 49 or more hours worked,48,43,5
E01003624,Part-time: 15 hours or less worked,92,81,11
E01003624,Part-time: 16 to 30 hours worked,174,147,27
E01003625,Full-time: 31 to 48 hours worked,400,357,43
E01003625,Full-time: 49 or more hours worked,59,36,23
E01003625,Part-time: 15 hours or less worked,90,83,7
E01003625,Part-time: 16 to 30 hours worked,186,188,-2
E01003626,Full-time: 31 to 48 hours worked,393,403,-10
E01003626,Full-time: 49 or more hours worked,75,50,25
E01003626,Part-time: 15 hours or less worked,96,83,13
E01003626,Part-time: 16 to 30 hours worked,195,166,29
E01003627,Full-time: 31 to 48 hours worked,366,343,23
E01003627,Full-time: 49 or more hours worked,56,60,-4
E01003627,Part-time: 15 hours or less worked,88,97,-9
E01003627,Part-time: 16 to 30 hours worked,166,167,-1
E01003628,Full-time: 31 to 48 hours worked,362,381,-19
E01003628,Full-time: 49 or more hours worked,57,42,15
E01003628,Part-time: 15 hours or less worked,124,100,24
E01003628,Part-time: 16 to 30 hours worked,225,172,53
E01003629,Full-time: 31 to 48 hours worked,408,345,63
E01003629,Full-time: 49 or more hours worked,126,50,76
E01003629,Part-time: 15 hours or less worked,87,92,-5
E01003629,Part-time: 16 to 30 hours worked,223,175,48
E01003630,Full-time: 31 to 48 hours worked,501,497,4
E01003630,Full-time: 49 or more hours worked,92,83,9
E01003630,Part-time: 15 hours or less worked,117,93,24
E01003630,Part-time: 16 to 30 hours worked,177,222,-45
E01003631,Full-time: 31 to 48 hours worked,575,548,27
E01003631,Full-time: 49 or more hours worked,99,112,-13
E01003631,Part-time: 15 hours or less worked,82,81,1
E01003631,Part-time: 16 to 30 hours worked,181,166,15
E01003632,Full-time: 31 to 48 hours worked,751,686,65
E01003632,Full-time: 49 or more hours worked,130,98,32
E01003632,Part-time: 15 hours or less worked,177,118,59
E01003632,Part-time: 16 to 30 hours worked,240,196,44
E01003633,Full-time: 31 to 48 hours worked,428,383,45
E01003633,Full-time: 49 or more hours worked,73,66,7
E01003633,Part-time: 15 hours or less worked,116,76,40
E01003633,Part-time: 16 to 30 hours worked,185,184,1
E01003634,Full-time: 31 to 48 hours worked,439,414,25
E01003634,Full-time: 49 or more hours worked,64,89,-25
E01003634,Part-time: 15 hours or less worked,113,62,51
E01003634,Part-time: 16 to 30 hours worked,171,192,-21
E01003635,Full-time: 31 to 48 hours worked,580,630,-50
E01003635,Full-time: 49 or more hours worked,104,115,-11
E01003635,Part-time: 15 hours or less worked,104,85,19
E01003635,Part-time: 16 to 30 hours worked,205,188,17
E01003636,Full-time: 31 to 48 hours worked,626,475,151
E01003636,Full-time: 49 or more hours worked,71,69,2
E01003636,Part-time: 15 hours or less worked,109,79,30
E01003636,Part-time: 16 to 30 hours worked,206,173,33
E01003637,Full-time: 31 to 48 hours worked,648,512,136
E01003637,Full-time: 49 or more hours worked,96,83,13
E01003637,Part-time: 15 hours or less worked,109,121,-12
E01003637,Part-time: 16 to 30 hours worked,203,194,9
E01003638,Full-time: 31 to 48 hours worked,549,405,144
E01003638,Full-time: 49 or more hours worked,82,75,7
E01003638,Part-time: 15 hours or less worked,90,70,20
E01003638,Part-time: 16 to 30 hours worked,156,137,19
E01003639,Full-time: 31 to 48 hours worked,600,465,135
E01003639,Full-time: 49 or more hours worked,113,83,30
E01003639,Part-time: 15 hours or less worked,124,79,45
E01003639,Part-time: 16 to 30 hours worked,182,150,32
E01003640,Full-time: 31 to 48 hours worked,552,529,23
E01003640,Full-time: 49 or more hours worked,102,100,2
E01003640,Part-time: 15 hours or less worked,109,64,45
E01003640,Part-time: 16 to 30 hours worked,161,143,18
E01003641,Full-time: 31 to 48 hours worked,580,472,108
E01003641,Full-time: 49 or more hours worked,105,87,18
E01003641,Part-time: 15 hours or less worked,95,88,7
E01003641,Part-time: 16 to 30 hours worked,256,160,96
E01003642,Full-time: 31 to 48 hours worked,495,402,93
E01003642,Full-time: 49 or more hours worked,84,74,10
E01003642,Part-time: 15 hours or less worked,106,66,40
E01003642,Part-time: 16 to 30 hours worked,169,159,10
E01003643,Full-time: 31 to 48 hours worked,643,431,212
E01003643,Full-time: 49 or more hours worked,78,94,-16
E01003643,Part-time: 15 hours or less worked,110,86,24
E01003643,Part-time: 16 to 30 hours worked,219,167,52
E01003644,Full-time: 31 to 48 hours worked,460,403,57
E01003644,Full-time: 49 or more hours worked,40,68,-28
E01003644,Part-time: 15 hours or less worked,85,84,1
E01003644,Part-time: 16 to 30 hours worked,172,115,57
E01003645,Full-time: 31 to 48 hours worked,791,805,-14
E01003645,Full-time: 49 or more hours worked,122,134,-12
E01003645,Part-time: 15 hours or less worked,143,93,50
E01003645,Part-time: 16 to 30 hours worked,237,226,11
E01003646,Full-time: 31 to 48 hours worked,495,426,69
E01003646,Full-time: 49 or more hours worked,89,69,20
E01003646,Part-time: 15 hours or less worked,119,87,32
E01003646,Part-time: 16 to 30 hours worked,187,176,11
E01003647,Full-time: 31 to 48 hours worked,598,537,61
E01003647,Full-time: 49 or more hours worked,57,66,-9
E01003647,Part-time: 15 hours or less worked,98,59,39
E01003647,Part-time: 16 to 30 hours worked,201,155,46
E01003648,Full-time: 31 to 48 hours worked,424,390,34
E01003648,Full-time: 49 or more hours worked,85,78,7
E01003648,Part-time: 15 hours or less worked,104,70,34
E01003648,Part-time: 16 to 30 hours worked,112,117,-5
E01003649,Full-time: 31 to 48 hours worked,437,439,-2
E01003649,Full-time: 49 or more hours worked,98,96,2
E01003649,Part-time: 15 hours or less worked,85,90,-5
E01003649,Part-time: 16 to 30 hours worked,139,129,10
E01003650,Full-time: 31 to 48 hours worked,426,377,49
E01003650,Full-time: 49 or more hours worked,84,72,12
E01003650,Part-time: 15 hours or less worked,104,63,41
E01003650,Part-time: 16 to 30 hours worked,149,112,37
E01003651,Full-time: 31 to 48 hours worked,409,375,34
E01003651,Full-time: 49 or more hours worked,90,93,-3
E01003651,Part-time: 15 hours or less worked,93,79,14
E01003651,Part-time: 16 to 30 hours worked,147,154,-7
E01003652,Full-time: 31 to 48 hours worked,457,423,34
E01003652,Full-time: 49 or more hours worked,72,86,-14
E01003652,Part-time: 15 hours or less worked,99,85,14
E01003652,Part-time: 16 to 30 hours worked,143,124,19
E01003653,Full-time: 31 to 48 hours worked,531,419,112
E01003653,Full-time: 49 or more hours worked,116,81,35
E01003653,Part-time: 15 hours or less worked,116,53,63
E01003653,Part-time: 16 to 30 hours worked,196,109,87
E01003654,Full-time: 31 to 48 hours worked,533,469,64
E01003654,Full-time: 49 or more hours worked,92,96,-4
E01003654,Part-time: 15 hours or less worked,93,69,24
E01003654,Part-time: 16 to 30 hours worked,142,118,24
E01003655,Full-time: 31 to 48 hours worked,575,517,58
E01003655,Full-time: 49 or more hours worked,133,123,10
E01003655,Part-time: 15 hours or less worked,86,53,33
E01003655,Part-time: 16 to 30 hours worked,111,115,-4
E01003656,Full-time: 31 to 48 hours worked,463,442,21
E01003656,Full-time: 49 or more hours worked,76,72,4
E01003656,Part-time: 15 hours or less worked,74,57,17
E01003656,Part-time: 16 to 30 hours worked,140,118,22
E01003657,Full-time: 31 to 48 hours worked,638,611,27
E01003657,Full-time: 49 or more hours worked,130,158,-28
E01003657,Part-time: 15 hours or less worked,126,89,37
E01003657,Part-time: 16 to 30 hours worked,230,189,41
E01003658,Full-time: 31 to 48 hours worked,488,439,49
E01003658,Full-time: 49 or more hours worked,73,96,-23
E01003658,Part-time: 15 hours or less worked,86,61,25
E01003658,Part-time: 16 to 30 hours worked,159,146,13
E01003659,Full-time: 31 to 48 hours worked,579,540,39
E01003659,Full-time: 49 or more hours worked,101,104,-3
E01003659,Part-time: 15 hours or less worked,96,56,40
E01003659,Part-time: 16 to 30 hours worked,172,145,27
E01003660,Full-time: 31 to 48 hours worked,578,605,-27
E01003660,Full-time: 49 or more hours worked,99,133,-34
E01003660,Part-time: 15 hours or less worked,90,73,17
E01003660,Part-time: 16 to 30 hours worked,162,141,21
E01003661,Full-time: 31 to 48 hours worked,561,549,12
E01003661,Full-time: 49 or more hours worked,89,85,4
E01003661,Part-time: 15 hours or less worked,118,90,28
E01003661,Part-time: 16 to 30 hours worked,213,153,60
E01003662,Full-time: 31 to 48 hours worked,612,546,66
E01003662,Full-time: 49 or more hours worked,80,102,-22
E01003662,Part-time: 15 hours or less worked,103,70,33
E01003662,Part-time: 16 to 30 hours worked,201,148,53
E01003663,Full-time: 31 to 48 hours worked,472,387,85
E01003663,Full-time: 49 or more hours worked,68,65,3
E01003663,Part-time: 15 hours or less worked,76,72,4
E01003663,Part-time: 16 to 30 hours worked,167,159,8
E01003664,Full-time: 31 to 48 hours worked,493,487,6
E01003664,Full-time: 49 or more hours worked,76,74,2
E01003664,Part-time: 15 hours or less worked,94,91,3
E01003664,Part-time: 16 to 30 hours worked,170,149,21
E01003665,Full-time: 31 to 48 hours worked,469,466,3
E01003665,Full-time: 49 or more hours worked,77,66,11
E01003665,Part-time: 15 hours or less worked,97,92,5
E01003665,Part-time: 16 to 30 hours worked,144,123,21
E01003666,Full-time: 31 to 48 hours worked,732,648,84
E01003666,Full-time: 49 or more hours worked,98,110,-12
E01003666,Part-time: 15 hours or less worked,116,80,36
E01003666,Part-time: 16 to 30 hours worked,309,197,112
E01003668,Full-time: 31 to 48 hours worked,597,599,-2
E01003668,Full-time: 49 or more hours worked,158,168,-10
E01003668,Part-time: 15 hours or less worked,96,58,38
E01003668,Part-time: 16 to 30 hours worked,129,105,24
E01003669,Full-time: 31 to 48 hours worked,492,491,1
E01003669,Full-time: 49 or more hours worked,133,176,-43
E01003669,Part-time: 15 hours or less worked,100,70,30
E01003669,Part-time: 16 to 30 hours worked,115,134,-19
E01003670,Full-time: 31 to 48 hours worked,420,424,-4
E01003670,Full-time: 49 or more hours worked,116,126,-10
E01003670,Part-time: 15 hours or less worked,82,83,-1
E01003670,Part-time: 16 to 30 hours worked,112,132,-20
E01003671,Full-time: 31 to 48 hours worked,469,459,10
E01003671,Full-time: 49 or more hours worked,128,124,4
E01003671,Part-time: 15 hours or less worked,79,98,-19
E01003671,Part-time: 16 to 30 hours worked,125,155,-30
E01003672,Full-time: 31 to 48 hours worked,530,452,78
E01003672,Full-time: 49 or more hours worked,93,129,-36
E01003672,Part-time: 15 hours or less worked,95,48,47
E01003672,Part-time: 16 to 30 hours worked,135,81,54
E01003673,Full-time: 31 to 48 hours worked,669,660,9
E01003673,Full-time: 49 or more hours worked,157,226,-69
E01003673,Part-time: 15 hours or less worked,99,69,30
E01003673,Part-time: 16 to 30 hours worked,151,139,12
E01003674,Full-time: 31 to 48 hours worked,857,859,-2
E01003674,Full-time: 49 or more hours worked,189,237,-48
E01003674,Part-time: 15 hours or less worked,127,80,47
E01003674,Part-time: 16 to 30 hours worked,186,137,49
E01003675,Full-time: 31 to 48 hours worked,445,415,30
E01003675,Full-time: 49 or more hours worked,101,85,16
E01003675,Part-time: 15 hours or less worked,105,66,39
E01003675,Part-time: 16 to 30 hours worked,144,154,-10
E01003676,Full-time: 31 to 48 hours worked,491,432,59
E01003676,Full-time: 49 or more hours worked,103,94,9
E01003676,Part-time: 15 hours or less worked,150,72,78
E01003676,Part-time: 16 to 30 hours worked,178,145,33
E01003677,Full-time: 31 to 48 hours worked,481,346,135
E01003677,Full-time: 49 or more hours worked,111,81,30
E01003677,Part-time: 15 hours or less worked,106,74,32
E01003677,Part-time: 16 to 30 hours worked,137,156,-19
E01003678,Full-time: 31 to 48 hours worked,455,431,24
E01003678,Full-time: 49 or more hours worked,72,100,-28
E01003678,Part-time: 15 hours or less worked,105,74,31
E01003678,Part-time: 16 to 30 hours worked,145,138,7
E01003679,Full-time: 31 to 48 hours worked,452,436,16
E01003679,Full-time: 49 or more hours worked,111,93,18
E01003679,Part-time: 15 hours or less worked,91,78,13
E01003679,Part-time: 16 to 30 hours worked,169,160,9
E01003680,Full-time: 31 to 48 hours worked,460,436,24
E01003680,Full-time: 49 or more hours worked,73,91,-18
E01003680,Part-time: 15 hours or less worked,102,84,18
E01003680,Part-time: 16 to 30 hours worked,156,152,4
E01003681,Full-time: 31 to 48 hours worked,552,446,106
E01003681,Full-time: 49 or more hours worked,84,100,-16
E01003681,Part-time: 15 hours or less worked,107,74,33
E01003681,Part-time: 16 to 30 hours worked,162,154,8
E01003682,Full-time: 31 to 48 hours worked,479,443,36
E01003682,Full-time: 49 or more hours worked,90,99,-9
E01003682,Part-time: 15 hours or less worked,117,89,28
E01003682,Part-time: 16 to 30 hours worked,157,150,7
E01003683,Full-time: 31 to 48 hours worked,439,397,42
E01003683,Full-time: 49 or more hours worked,108,70,38
E01003683,Part-time: 15 hours or less worked,124,87,37
E01003683,Part-time: 16 to 30 hours worked,233,177,56
E01003684,Full-time: 31 to 48 hours worked,409,355,54
E01003684,Full-time: 49 or more hours worked,57,50,7
E01003684,Part-time: 15 hours or less worked,96,63,33
E01003684,Part-time: 16 to 30 hours worked,197,178,19
E01003685,Full-time: 31 to 48 hours worked,435,373,62
E01003685,Full-time: 49 or more hours worked,71,63,8
E01003685,Part-time: 15 hours or less worked,117,69,48
E01003685,Part-time: 16 to 30 hours worked,189,183,6
E01003686,Full-time: 31 to 48 hours worked,380,394,-14
E01003686,Full-time: 49 or more hours worked,72,76,-4
E01003686,Part-time: 15 hours or less worked,118,97,21
E01003686,Part-time: 16 to 30 hours worked,204,172,32
E01003688,Full-time: 31 to 48 hours worked,381,365,16
E01003688,Full-time: 49 or more hours worked,62,70,-8
E01003688,Part-time: 15 hours or less worked,72,91,-19
E01003688,Part-time: 16 to 30 hours worked,146,156,-10
E01003689,Full-time: 31 to 48 hours worked,561,306,255
E01003689,Full-time: 49 or more hours worked,82,45,37
E01003689,Part-time: 15 hours or less worked,100,48,52
E01003689,Part-time: 16 to 30 hours worked,182,135,47
E01003690,Full-time: 31 to 48 hours worked,629,420,209
E01003690,Full-time: 49 or more hours worked,114,105,9
E01003690,Part-time: 15 hours or less worked,117,76,41
E01003690,Part-time: 16 to 30 hours worked,169,132,37
E01003691,Full-time: 31 to 48 hours worked,419,331,88
E01003691,Full-time: 49 or more hours worked,56,53,3
E01003691,Part-time: 15 hours or less worked,95,67,28
E01003691,Part-time: 16 to 30 hours worked,143,129,14
E01003692,Full-time: 31 to 48 hours worked,403,392,11
E01003692,Full-time: 49 or more hours worked,88,81,7
E01003692,Part-time: 15 hours or less worked,111,63,48
E01003692,Part-time: 16 to 30 hours worked,165,126,39
E01003693,Full-time: 31 to 48 hours worked,423,392,31
E01003693,Full-time: 49 or more hours worked,71,82,-11
E01003693,Part-time: 15 hours or less worked,99,72,27
E01003693,Part-time: 16 to 30 hours worked,166,139,27
E01003694,Full-time: 31 to 48 hours worked,341,364,-23
E01003694,Full-time: 49 or more hours worked,73,61,12
E01003694,Part-time: 15 hours or less worked,83,55,28
E01003694,Part-time: 16 to 30 hours worked,131,139,-8
E01003695,Full-time: 31 to 48 hours worked,356,374,-18
E01003695,Full-time: 49 or more hours worked,75,79,-4
E01003695,Part-time: 15 hours or less worked,86,74,12
E01003695,Part-time: 16 to 30 hours worked,131,123,8
E01003696,Full-time: 31 to 48 hours worked,480,489,-9
E01003696,Full-time: 49 or more hours worked,91,73,18
E01003696,Part-time: 15 hours or less worked,112,87,25
E01003696,Part-time: 16 to 30 hours worked,176,158,18
E01003697,Full-time: 31 to 48 hours worked,468,455,13
E01003697,Full-time: 49 or more hours worked,87,96,-9
E01003697,Part-time: 15 hours or less worked,96,67,29
E01003697,Part-time: 16 to 30 hours worked,168,145,23
E01003698,Full-time: 31 to 48 hours worked,452,413,39
E01003698,Full-time: 49 or more hours worked,74,85,-11
E01003698,Part-time: 15 hours or less worked,102,70,32
E01003698,Part-time: 16 to 30 hours worked,147,133,14
E01003699,Full-time: 31 to 48 hours worked,500,476,24
E01003699,Full-time: 49 or more hours worked,76,84,-8
E01003699,Part-time: 15 hours or less worked,104,57,47
E01003699,Part-time: 16 to 30 hours worked,125,129,-4
E01003700,Full-time: 31 to 48 hours worked,692,581,111
E01003700,Full-time: 49 or more hours worked,121,133,-12
E01003700,Part-time: 15 hours or less worked,140,99,41
E01003700,Part-time: 16 to 30 hours worked,253,246,7
E01003701,Full-time: 31 to 48 hours worked,584,479,105
E01003701,Full-time: 49 or more hours worked,116,98,18
E01003701,Part-time: 15 hours or less worked,91,86,5
E01003701,Part-time: 16 to 30 hours worked,179,140,39
E01003702,Full-time: 31 to 48 hours worked,747,524,223
E01003702,Full-time: 49 or more hours worked,138,100,38
E01003702,Part-time: 15 hours or less worked,123,48,75
E01003702,Part-time: 16 to 30 hours worked,216,155,61
E01003703,Full-time: 31 to 48 hours worked,669,693,-24
E01003703,Full-time: 49 or more hours worked,172,228,-56
E01003703,Part-time: 15 hours or less worked,156,99,57
E01003703,Part-time: 16 to 30 hours worked,212,199,13
E01003704,Full-time: 31 to 48 hours worked,516,456,60
E01003704,Full-time: 49 or more hours worked,96,74,22
E01003704,Part-time: 15 hours or less worked,111,57,54
E01003704,Part-time: 16 to 30 hours worked,176,150,26
E01003705,Full-time: 31 to 48 hours worked,707,597,110
E01003705,Full-time: 49 or more hours worked,122,138,-16
E01003705,Part-time: 15 hours or less worked,138,97,41
E01003705,Part-time: 16 to 30 hours worked,234,202,32
E01003706,Full-time: 31 to 48 hours worked,419,365,54
E01003706,Full-time: 49 or more hours worked,75,78,-3
E01003706,Part-time: 15 hours or less worked,98,73,25
E01003706,Part-time: 16 to 30 hours worked,168,138,30
E01003707,Full-time: 31 to 48 hours worked,397,347,50
E01003707,Full-time: 49 or more hours worked,72,67,5
E01003707,Part-time: 15 hours or less worked,104,68,36
E01003707,Part-time: 16 to 30 hours worked,118,122,-4
E01003708,Full-time: 31 to 48 hours worked,476,317,159
E01003708,Full-time: 49 or more hours worked,96,62,34
E01003708,Part-time: 15 hours or less worked,119,45,74
E01003708,Part-time: 16 to 30 hours worked,209,119,90
E01003709,Full-time: 31 to 48 hours worked,440,408,32
E01003709,Full-time: 49 or more hours worked,83,75,8
E01003709,Part-time: 15 hours or less worked,103,67,36
E01003709,Part-time: 16 to 30 hours worked,177,169,8
E01003710,Full-time: 31 to 48 hours worked,353,412,-59
E01003710,Full-time: 49 or more hours worked,88,89,-1
E01003710,Part-time: 15 hours or less worked,91,69,22
E01003710,Part-time: 16 to 30 hours worked,136,148,-12
E01003711,Full-time: 31 to 48 hours worked,496,412,84
E01003711,Full-time: 49 or more hours worked,83,120,-37
E01003711,Part-time: 15 hours or less worked,114,102,12
E01003711,Part-time: 16 to 30 hours worked,156,182,-26
E01003712,Full-time: 31 to 48 hours worked,328,287,41
E01003712,Full-time: 49 or more hours worked,43,48,-5
E01003712,Part-time: 15 hours or less worked,63,51,12
E01003712,Part-time: 16 to 30 hours worked,124,121,3
E01003713,Full-time: 31 to 48 hours worked,426,365,61
E01003713,Full-time: 49 or more hours worked,92,86,6
E01003713,Part-time: 15 hours or less worked,103,96,7
E01003713,Part-time: 16 to 30 hours worked,163,143,20
E01003714,Full-time: 31 to 48 hours worked,623,497,126
E01003714,Full-time: 49 or more hours worked,106,74,32
E01003714,Part-time: 15 hours or less worked,118,105,13
E01003714,Part-time: 16 to 30 hours worked,250,200,50
E01003715,Full-time: 31 to 48 hours worked,543,441,102
E01003715,Full-time: 49 or more hours worked,116,78,38
E01003715,Part-time: 15 hours or less worked,117,97,20
E01003715,Part-time: 16 to 30 hours worked,210,173,37
E01003716,Full-time: 31 to 48 hours worked,520,437,83
E01003716,Full-time: 49 or more hours worked,62,93,-31
E01003716,Part-time: 15 hours or less worked,89,65,24
E01003716,Part-time: 16 to 30 hours worked,136,151,-15
E01003718,Full-time: 31 to 48 hours worked,553,517,36
E01003718,Full-time: 49 or more hours worked,52,71,-19
E01003718,Part-time: 15 hours or less worked,102,71,31
E01003718,Part-time: 16 to 30 hours worked,187,150,37
E01003719,Full-time: 31 to 48 hours worked,543,504,39
E01003719,Full-time: 49 or more hours worked,85,87,-2
E01003719,Part-time: 15 hours or less worked,112,92,20
E01003719,Part-time: 16 to 30 hours worked,229,158,71
E01003720,Full-time: 31 to 48 hours worked,484,409,75
E01003720,Full-time: 49 or more hours worked,67,86,-19
E01003720,Part-time: 15 hours or less worked,105,66,39
E01003720,Part-time: 16 to 30 hours worked,199,153,46
E01003721,Full-time: 31 to 48 hours worked,495,439,56
E01003721,Full-time: 49 or more hours worked,92,74,18
E01003721,Part-time: 15 hours or less worked,82,44,38
E01003721,Part-time: 16 to 30 hours worked,196,123,73
E01003722,Full-time: 31 to 48 hours worked,642,476,166
E01003722,Full-time: 49 or more hours worked,132,83,49
E01003722,Part-time: 15 hours or less worked,132,61,71
E01003722,Part-time: 16 to 30 hours worked,221,138,83
E01003723,Full-time: 31 to 48 hours worked,539,444,95
E01003723,Full-time: 49 or more hours worked,91,82,9
E01003723,Part-time: 15 hours or less worked,103,67,36
E01003723,Part-time: 16 to 30 hours worked,184,140,44
E01003724,Full-time: 31 to 48 hours worked,446,383,63
E01003724,Full-time: 49 or more hours worked,78,84,-6
E01003724,Part-time: 15 hours or less worked,87,52,35
E01003724,Part-time: 16 to 30 hours worked,144,122,22
E01003725,Full-time: 31 to 48 hours worked,496,420,76
E01003725,Full-time: 49 or more hours worked,91,88,3
E01003725,Part-time: 15 hours or less worked,70,46,24
E01003725,Part-time: 16 to 30 hours worked,163,124,39
E01003726,Full-time: 31 to 48 hours worked,851,377,474
E01003726,Full-time: 49 or more hours worked,148,62,86
E01003726,Part-time: 15 hours or less worked,113,53,60
E01003726,Part-time: 16 to 30 hours worked,225,117,108
E01003727,Full-time: 31 to 48 hours worked,472,409,63
E01003727,Full-time: 49 or more hours worked,60,71,-11
E01003727,Part-time: 15 hours or less worked,102,42,60
E01003727,Part-time: 16 to 30 hours worked,175,122,53
E01003729,Full-time: 31 to 48 hours worked,335,298,37
E01003729,Full-time: 49 or more hours worked,50,53,-3
E01003729,Part-time: 15 hours or less worked,90,90,0
E01003729,Part-time: 16 to 30 hours worked,216,142,74
E01003730,Full-time: 31 to 48 hours worked,383,298,85
E01003730,Full-time: 49 or more hours worked,56,34,22
E01003730,Part-time: 15 hours or less worked,93,73,20
E01003730,Part-time: 16 to 30 hours worked,183,147,36
E01003731,Full-time: 31 to 48 hours worked,329,288,41
E01003731,Full-time: 49 or more hours worked,34,43,-9
E01003731,Part-time: 15 hours or less worked,72,68,4
E01003731,Part-time: 16 to 30 hours worked,148,137,11
E01003732,Full-time: 31 to 48 hours worked,304,294,10
E01003732,Full-time: 49 or more hours worked,53,29,24
E01003732,Part-time: 15 hours or less worked,76,60,16
E01003732,Part-time: 16 to 30 hours worked,195,101,94
E01003733,Full-time: 31 to 48 hours worked,408,315,93
E01003733,Full-time: 49 or more hours worked,58,69,-11
E01003733,Part-time: 15 hours or less worked,100,95,5
E01003733,Part-time: 16 to 30 hours worked,158,184,-26
E01003734,Full-time: 31 to 48 hours worked,364,333,31
E01003734,Full-time: 49 or more hours worked,57,69,-12
E01003734,Part-time: 15 hours or less worked,84,70,14
E01003734,Part-time: 16 to 30 hours worked,210,162,48
E01003735,Full-time: 31 to 48 hours worked,390,355,35
E01003735,Full-time: 49 or more hours worked,67,49,18
E01003735,Part-time: 15 hours or less worked,85,68,17
E01003735,Part-time: 16 to 30 hours worked,202,169,33
E01003736,Full-time: 31 to 48 hours worked,384,342,42
E01003736,Full-time: 49 or more hours worked,67,56,11
E01003736,Part-time: 15 hours or less worked,121,57,64
E01003736,Part-time: 16 to 30 hours worked,225,160,65
E01003737,Full-time: 31 to 48 hours worked,674,385,289
E01003737,Full-time: 49 or more hours worked,99,106,-7
E01003737,Part-time: 15 hours or less worked,157,97,60
E01003737,Part-time: 16 to 30 hours worked,329,171,158
E01003738,Full-time: 31 to 48 hours worked,605,543,62
E01003738,Full-time: 49 or more hours worked,92,75,17
E01003738,Part-time: 15 hours or less worked,144,100,44
E01003738,Part-time: 16 to 30 hours worked,223,196,27
E01003739,Full-time: 31 to 48 hours worked,595,564,31
E01003739,Full-time: 49 or more hours worked,65,95,-30
E01003739,Part-time: 15 hours or less worked,118,78,40
E01003739,Part-time: 16 to 30 hours worked,225,184,41
E01003740,Full-time: 31 to 48 hours worked,525,469,56
E01003740,Full-time: 49 or more hours worked,107,111,-4
E01003740,Part-time: 15 hours or less worked,145,75,70
E01003740,Part-time: 16 to 30 hours worked,194,195,-1
E01003741,Full-time: 31 to 48 hours worked,521,420,101
E01003741,Full-time: 49 or more hours worked,58,68,-10
E01003741,Part-time: 15 hours or less worked,107,68,39
E01003741,Part-time: 16 to 30 hours worked,158,160,-2
E01003742,Full-time: 31 to 48 hours worked,560,500,60
E01003742,Full-time: 49 or more hours worked,92,68,24
E01003742,Part-time: 15 hours or less worked,103,94,9
E01003742,Part-time: 16 to 30 hours worked,252,212,40
E01003743,Full-time: 31 to 48 hours worked,421,345,76
E01003743,Full-time: 49 or more hours worked,83,65,18
E01003743,Part-time: 15 hours or less worked,105,73,32
E01003743,Part-time: 16 to 30 hours worked,173,183,-10
E01003744,Full-time: 31 to 48 hours worked,376,365,11
E01003744,Full-time: 49 or more hours worked,106,140,-34
E01003744,Part-time: 15 hours or less worked,84,70,14
E01003744,Part-time: 16 to 30 hours worked,102,118,-16
E01003745,Full-time: 31 to 48 hours worked,360,341,19
E01003745,Full-time: 49 or more hours worked,120,163,-43
E01003745,Part-time: 15 hours or less worked,80,96,-16
E01003745,Part-time: 16 to 30 hours worked,105,125,-20
E01003746,Full-time: 31 to 48 hours worked,402,363,39
E01003746,Full-time: 49 or more hours worked,110,153,-43
E01003746,Part-time: 15 hours or less worked,83,75,8
E01003746,Part-time: 16 to 30 hours worked,129,141,-12
E01003747,Full-time: 31 to 48 hours worked,307,303,4
E01003747,Full-time: 49 or more hours worked,124,144,-20
E01003747,Part-time: 15 hours or less worked,65,61,4
E01003747,Part-time: 16 to 30 hours worked,96,113,-17
E01003748,Full-time: 31 to 48 hours worked,408,349,59
E01003748,Full-time: 49 or more hours worked,134,175,-41
E01003748,Part-time: 15 hours or less worked,81,74,7
E01003748,Part-time: 16 to 30 hours worked,121,114,7
E01003749,Full-time: 31 to 48 hours worked,511,512,-1
E01003749,Full-time: 49 or more hours worked,114,119,-5
E01003749,Part-time: 15 hours or less worked,95,76,19
E01003749,Part-time: 16 to 30 hours worked,140,153,-13
E01003750,Full-time: 31 to 48 hours worked,553,491,62
E01003750,Full-time: 49 or more hours worked,115,175,-60
E01003750,Part-time: 15 hours or less worked,112,70,42
E01003750,Part-time: 16 to 30 hours worked,145,133,12
E01003751,Full-time: 31 to 48 hours worked,622,472,150
E01003751,Full-time: 49 or more hours worked,95,90,5
E01003751,Part-time: 15 hours or less worked,130,79,51
E01003751,Part-time: 16 to 30 hours worked,206,168,38
E01003752,Full-time: 31 to 48 hours worked,787,779,8
E01003752,Full-time: 49 or more hours worked,129,157,-28
E01003752,Part-time: 15 hours or less worked,147,120,27
E01003752,Part-time: 16 to 30 hours worked,231,186,45
E01003753,Full-time: 31 to 48 hours worked,529,482,47
E01003753,Full-time: 49 or more hours worked,81,94,-13
E01003753,Part-time: 15 hours or less worked,93,95,-2
E01003753,Part-time: 16 to 30 hours worked,194,181,13
E01003754,Full-time: 31 to 48 hours worked,453,376,77
E01003754,Full-time: 49 or more hours worked,76,76,0
E01003754,Part-time: 15 hours or less worked,88,69,19
E01003754,Part-time: 16 to 30 hours worked,170,156,14
E01003755,Full-time: 31 to 48 hours worked,571,469,102
E01003755,Full-time: 49 or more hours worked,95,68,27
E01003755,Part-time: 15 hours or less worked,130,84,46
E01003755,Part-time: 16 to 30 hours worked,264,194,70
E01003756,Full-time: 31 to 48 hours worked,605,505,100
E01003756,Full-time: 49 or more hours worked,94,86,8
E01003756,Part-time: 15 hours or less worked,138,93,45
E01003756,Part-time: 16 to 30 hours worked,237,189,48
E01003757,Full-time: 31 to 48 hours worked,505,344,161
E01003757,Full-time: 49 or more hours worked,83,63,20
E01003757,Part-time: 15 hours or less worked,114,60,54
E01003757,Part-time: 16 to 30 hours worked,213,162,51
E01003759,Full-time: 31 to 48 hours worked,446,439,7
E01003759,Full-time: 49 or more hours worked,116,109,7
E01003759,Part-time: 15 hours or less worked,83,55,28
E01003759,Part-time: 16 to 30 hours worked,110,111,-1
E01003760,Full-time: 31 to 48 hours worked,604,541,63
E01003760,Full-time: 49 or more hours worked,124,115,9
E01003760,Part-time: 15 hours or less worked,112,73,39
E01003760,Part-time: 16 to 30 hours worked,166,159,7
E01003761,Full-time: 31 to 48 hours worked,371,360,11
E01003761,Full-time: 49 or more hours worked,39,41,-2
E01003761,Part-time: 15 hours or less worked,95,63,32
E01003761,Part-time: 16 to 30 hours worked,177,157,20
E01003762,Full-time: 31 to 48 hours worked,589,548,41
E01003762,Full-time: 49 or more hours worked,98,148,-50
E01003762,Part-time: 15 hours or less worked,81,63,18
E01003762,Part-time: 16 to 30 hours worked,149,143,6
E01003763,Full-time: 31 to 48 hours worked,574,518,56
E01003763,Full-time: 49 or more hours worked,135,123,12
E01003763,Part-time: 15 hours or less worked,97,91,6
E01003763,Part-time: 16 to 30 hours worked,170,190,-20
E01003764,Full-time: 31 to 48 hours worked,676,683,-7
E01003764,Full-time: 49 or more hours worked,164,200,-36
E01003764,Part-time: 15 hours or less worked,106,63,43
E01003764,Part-time: 16 to 30 hours worked,195,158,37
E01003765,Full-time: 31 to 48 hours worked,676,601,75
E01003765,Full-time: 49 or more hours worked,129,145,-16
E01003765,Part-time: 15 hours or less worked,93,67,26
E01003765,Part-time: 16 to 30 hours worked,174,122,52
E01003766,Full-time: 31 to 48 hours worked,530,442,88
E01003766,Full-time: 49 or more hours worked,59,57,2
E01003766,Part-time: 15 hours or less worked,112,86,26
E01003766,Part-time: 16 to 30 hours worked,222,162,60
E01003767,Full-time: 31 to 48 hours worked,504,428,76
E01003767,Full-time: 49 or more hours worked,69,68,1
E01003767,Part-time: 15 hours or less worked,139,89,50
E01003767,Part-time: 16 to 30 hours worked,216,189,27
E01003768,Full-time: 31 to 48 hours worked,406,419,-13
E01003768,Full-time: 49 or more hours worked,64,68,-4
E01003768,Part-time: 15 hours or less worked,113,72,41
E01003768,Part-time: 16 to 30 hours worked,202,137,65
E01003769,Full-time: 31 to 48 hours worked,398,408,-10
E01003769,Full-time: 49 or more hours worked,65,59,6
E01003769,Part-time: 15 hours or less worked,97,69,28
E01003769,Part-time: 16 to 30 hours worked,192,122,70
E01003770,Full-time: 31 to 48 hours worked,797,683,114
E01003770,Full-time: 49 or more hours worked,97,130,-33
E01003770,Part-time: 15 hours or less worked,134,87,47
E01003770,Part-time: 16 to 30 hours worked,243,197,46
E01003771,Full-time: 31 to 48 hours worked,403,411,-8
E01003771,Full-time: 49 or more hours worked,82,88,-6
E01003771,Part-time: 15 hours or less worked,90,85,5
E01003771,Part-time: 16 to 30 hours worked,157,168,-11
E01003772,Full-time: 31 to 48 hours worked,462,425,37
E01003772,Full-time: 49 or more hours worked,64,79,-15
E01003772,Part-time: 15 hours or less worked,93,77,16
E01003772,Part-time: 16 to 30 hours worked,166,137,29
E01003773,Full-time: 31 to 48 hours worked,495,447,48
E01003773,Full-time: 49 or more hours worked,52,86,-34
E01003773,Part-time: 15 hours or less worked,76,57,19
E01003773,Part-time: 16 to 30 hours worked,167,135,32
E01003774,Full-time: 31 to 48 hours worked,617,668,-51
E01003774,Full-time: 49 or more hours worked,174,208,-34
E01003774,Part-time: 15 hours or less worked,93,39,54
E01003774,Part-time: 16 to 30 hours worked,130,119,11
E01003775,Full-time: 31 to 48 hours worked,466,537,-71
E01003775,Full-time: 49 or more hours worked,117,170,-53
E01003775,Part-time: 15 hours or less worked,80,70,10
E01003775,Part-time: 16 to 30 hours worked,134,122,12
E01003776,Full-time: 31 to 48 hours worked,518,486,32
E01003776,Full-time: 49 or more hours worked,107,135,-28
E01003776,Part-time: 15 hours or less worked,97,42,55
E01003776,Part-time: 16 to 30 hours worked,147,114,33
E01003777,Full-time: 31 to 48 hours worked,660,683,-23
E01003777,Full-time: 49 or more hours worked,184,209,-25
E01003777,Part-time: 15 hours or less worked,118,79,39
E01003777,Part-time: 16 to 30 hours worked,129,115,14
E01003778,Full-time: 31 to 48 hours worked,676,642,34
E01003778,Full-time: 49 or more hours worked,193,220,-27
E01003778,Part-time: 15 hours or less worked,115,92,23
E01003778,Part-time: 16 to 30 hours worked,171,156,15
E01003779,Full-time: 31 to 48 hours worked,404,446,-42
E01003779,Full-time: 49 or more hours worked,126,144,-18
E01003779,Part-time: 15 hours or less worked,76,54,22
E01003779,Part-time: 16 to 30 hours worked,115,118,-3
E01003780,Full-time: 31 to 48 hours worked,393,383,10
E01003780,Full-time: 49 or more hours worked,132,143,-11
E01003780,Part-time: 15 hours or less worked,107,85,22
E01003780,Part-time: 16 to 30 hours worked,129,129,0
E01003781,Full-time: 31 to 48 hours worked,564,465,99
E01003781,Full-time: 49 or more hours worked,78,79,-1
E01003781,Part-time: 15 hours or less worked,97,55,42
E01003781,Part-time: 16 to 30 hours worked,180,126,54
E01003782,Full-time: 31 to 48 hours worked,369,381,-12
E01003782,Full-time: 49 or more hours worked,67,78,-11
E01003782,Part-time: 15 hours or less worked,98,83,15
E01003782,Part-time: 16 to 30 hours worked,178,167,11
E01003783,Full-time: 31 to 48 hours worked,523,504,19
E01003783,Full-time: 49 or more hours worked,71,86,-15
E01003783,Part-time: 15 hours or less worked,161,89,72
E01003783,Part-time: 16 to 30 hours worked,279,165,114
E01003784,Full-time: 31 to 48 hours worked,526,424,102
E01003784,Full-time: 49 or more hours worked,69,81,-12
E01003784,Part-time: 15 hours or less worked,104,74,30
E01003784,Part-time: 16 to 30 hours worked,197,166,31
E01003785,Full-time: 31 to 48 hours worked,445,488,-43
E01003785,Full-time: 49 or more hours worked,66,83,-17
E01003785,Part-time: 15 hours or less worked,116,90,26
E01003785,Part-time: 16 to 30 hours worked,208,150,58
E01003786,Full-time: 31 to 48 hours worked,407,368,39
E01003786,Full-time: 49 or more hours worked,67,70,-3
E01003786,Part-time: 15 hours or less worked,91,56,35
E01003786,Part-time: 16 to 30 hours worked,169,121,48
E01003787,Full-time: 31 to 48 hours worked,407,349,58
E01003787,Full-time: 49 or more hours worked,67,85,-18
E01003787,Part-time: 15 hours or less worked,88,79,9
E01003787,Part-time: 16 to 30 hours worked,166,112,54
E01003788,Full-time: 31 to 48 hours worked,404,474,-70
E01003788,Full-time: 49 or more hours worked,62,82,-20
E01003788,Part-time: 15 hours or less worked,104,76,28
E01003788,Part-time: 16 to 30 hours worked,175,156,19
E01003789,Full-time: 31 to 48 hours worked,457,464,-7
E01003789,Full-time: 49 or more hours worked,139,169,-30
E01003789,Part-time: 15 hours or less worked,73,63,10
E01003789,Part-time: 16 to 30 hours worked,99,114,-15
E01003790,Full-time: 31 to 48 hours worked,376,403,-27
E01003790,Full-time: 49 or more hours worked,102,107,-5
E01003790,Part-time: 15 hours or less worked,85,59,26
E01003790,Part-time: 16 to 30 hours worked,115,122,-7
E01003791,Full-time: 31 to 48 hours worked,389,428,-39
E01003791,Full-time: 49 or more hours worked,128,160,-32
E01003791,Part-time: 15 hours or less worked,69,63,6
E01003791,Part-time: 16 to 30 hours worked,106,131,-25
E01003792,Full-time: 31 to 48 hours worked,436,435,1
E01003792,Full-time: 49 or more hours worked,90,138,-48
E01003792,Part-time: 15 hours or less worked,71,50,21
E01003792,Part-time: 16 to 30 hours worked,99,106,-7
E01003793,Full-time: 31 to 48 hours worked,444,454,-10
E01003793,Full-time: 49 or more hours worked,104,107,-3
E01003793,Part-time: 15 hours or less worked,87,55,32
E01003793,Part-time: 16 to 30 hours worked,142,125,17
E01003794,Full-time: 31 to 48 hours worked,423,399,24
E01003794,Full-time: 49 or more hours worked,94,129,-35
E01003794,Part-time: 15 hours or less worked,66,58,8
E01003794,Part-time: 16 to 30 hours worked,136,115,21
E01003795,Full-time: 31 to 48 hours worked,329,340,-11
E01003795,Full-time: 49 or more hours worked,97,113,-16
E01003795,Part-time: 15 hours or less worked,62,50,12
E01003795,Part-time: 16 to 30 hours worked,87,113,-26
E01003796,Full-time: 31 to 48 hours worked,467,438,29
E01003796,Full-time: 49 or more hours worked,124,145,-21
E01003796,Part-time: 15 hours or less worked,73,60,13
E01003796,Part-time: 16 to 30 hours worked,134,155,-21
E01003797,Full-time: 31 to 48 hours worked,206,236,-30
E01003797,Full-time: 49 or more hours worked,194,194,0
E01003797,Part-time: 15 hours or less worked,88,77,11
E01003797,Part-time: 16 to 30 hours worked,94,92,2
E01003798,Full-time: 31 to 48 hours worked,300,345,-45
E01003798,Full-time: 49 or more hours worked,158,241,-83
E01003798,Part-time: 15 hours or less worked,87,65,22
E01003798,Part-time: 16 to 30 hours worked,78,107,-29
E01003799,Full-time: 31 to 48 hours worked,388,377,11
E01003799,Full-time: 49 or more hours worked,218,292,-74
E01003799,Part-time: 15 hours or less worked,89,76,13
E01003799,Part-time: 16 to 30 hours worked,123,105,18
E01003800,Full-time: 31 to 48 hours worked,334,341,-7
E01003800,Full-time: 49 or more hours worked,147,178,-31
E01003800,Part-time: 15 hours or less worked,82,74,8
E01003800,Part-time: 16 to 30 hours worked,119,149,-30
E01003801,Full-time: 31 to 48 hours worked,345,408,-63
E01003801,Full-time: 49 or more hours worked,172,218,-46
E01003801,Part-time: 15 hours or less worked,75,46,29
E01003801,Part-time: 16 to 30 hours worked,88,87,1
E01003802,Full-time: 31 to 48 hours worked,300,367,-67
E01003802,Full-time: 49 or more hours worked,167,224,-57
E01003802,Part-time: 15 hours or less worked,90,65,25
E01003802,Part-time: 16 to 30 hours worked,85,67,18
E01003803,Full-time: 31 to 48 hours worked,358,372,-14
E01003803,Full-time: 49 or more hours worked,105,116,-11
E01003803,Part-time: 15 hours or less worked,81,65,16
E01003803,Part-time: 16 to 30 hours worked,147,119,28
E01003804,Full-time: 31 to 48 hours worked,509,523,-14
E01003804,Full-time: 49 or more hours worked,191,215,-24
E01003804,Part-time: 15 hours or less worked,105,73,32
E01003804,Part-time: 16 to 30 hours worked,145,133,12
E01003805,Full-time: 31 to 48 hours worked,317,311,6
E01003805,Full-time: 49 or more hours worked,218,217,1
E01003805,Part-time: 15 hours or less worked,103,95,8
E01003805,Part-time: 16 to 30 hours worked,115,114,1
E01003806,Full-time: 31 to 48 hours worked,309,260,49
E01003806,Full-time: 49 or more hours worked,170,226,-56
E01003806,Part-time: 15 hours or less worked,87,103,-16
E01003806,Part-time: 16 to 30 hours worked,96,103,-7
E01003807,Full-time: 31 to 48 hours worked,581,598,-17
E01003807,Full-time: 49 or more hours worked,201,259,-58
E01003807,Part-time: 15 hours or less worked,118,74,44
E01003807,Part-time: 16 to 30 hours worked,164,147,17
E01003808,Full-time: 31 to 48 hours worked,531,549,-18
E01003808,Full-time: 49 or more hours worked,214,257,-43
E01003808,Part-time: 15 hours or less worked,101,65,36
E01003808,Part-time: 16 to 30 hours worked,154,151,3
E01003809,Full-time: 31 to 48 hours worked,363,414,-51
E01003809,Full-time: 49 or more hours worked,196,229,-33
E01003809,Part-time: 15 hours or less worked,111,84,27
E01003809,Part-time: 16 to 30 hours worked,122,143,-21
E01003810,Full-time: 31 to 48 hours worked,442,469,-27
E01003810,Full-time: 49 or more hours worked,133,195,-62
E01003810,Part-time: 15 hours or less worked,113,77,36
E01003810,Part-time: 16 to 30 hours worked,153,134,19
E01003811,Full-time: 31 to 48 hours worked,550,494,56
E01003811,Full-time: 49 or more hours worked,163,167,-4
E01003811,Part-time: 15 hours or less worked,119,88,31
E01003811,Part-time: 16 to 30 hours worked,156,148,8
E01003812,Full-time: 31 to 48 hours worked,570,619,-49
E01003812,Full-time: 49 or more hours worked,161,182,-21
E01003812,Part-time: 15 hours or less worked,93,89,4
E01003812,Part-time: 16 to 30 hours worked,159,141,18
E01003813,Full-time: 31 to 48 hours worked,382,398,-16
E01003813,Full-time: 49 or more hours worked,150,190,-40
E01003813,Part-time: 15 hours or less worked,74,82,-8
E01003813,Part-time: 16 to 30 hours worked,134,144,-10
E01003814,Full-time: 31 to 48 hours worked,570,547,23
E01003814,Full-time: 49 or more hours worked,146,150,-4
E01003814,Part-time: 15 hours or less worked,103,70,33
E01003814,Part-time: 16 to 30 hours worked,152,107,45
E01003815,Full-time: 31 to 48 hours worked,638,604,34
E01003815,Full-time: 49 or more hours worked,147,166,-19
E01003815,Part-time: 15 hours or less worked,95,67,28
E01003815,Part-time: 16 to 30 hours worked,171,159,12
E01003816,Full-time: 31 to 48 hours worked,378,322,56
E01003816,Full-time: 49 or more hours worked,157,196,-39
E01003816,Part-time: 15 hours or less worked,93,81,12
E01003816,Part-time: 16 to 30 hours worked,137,97,40
E01003817,Full-time: 31 to 48 hours worked,476,508,-32
E01003817,Full-time: 49 or more hours worked,116,185,-69
E01003817,Part-time: 15 hours or less worked,110,85,25
E01003817,Part-time: 16 to 30 hours worked,179,140,39
E01003818,Full-time: 31 to 48 hours worked,427,427,0
E01003818,Full-time: 49 or more hours worked,79,115,-36
E01003818,Part-time: 15 hours or less worked,106,95,11
E01003818,Part-time: 16 to 30 hours worked,151,137,14
E01003819,Full-time: 31 to 48 hours worked,413,470,-57
E01003819,Full-time: 49 or more hours worked,92,87,5
E01003819,Part-time: 15 hours or less worked,103,69,34
E01003819,Part-time: 16 to 30 hours worked,169,150,19
E01003820,Full-time: 31 to 48 hours worked,471,577,-106
E01003820,Full-time: 49 or more hours worked,125,136,-11
E01003820,Part-time: 15 hours or less worked,117,95,22
E01003820,Part-time: 16 to 30 hours worked,186,162,24
E01003821,Full-time: 31 to 48 hours worked,492,502,-10
E01003821,Full-time: 49 or more hours worked,231,291,-60
E01003821,Part-time: 15 hours or less worked,73,50,23
E01003821,Part-time: 16 to 30 hours worked,95,76,19
E01003822,Full-time: 31 to 48 hours worked,325,324,1
E01003822,Full-time: 49 or more hours worked,131,145,-14
E01003822,Part-time: 15 hours or less worked,80,82,-2
E01003822,Part-time: 16 to 30 hours worked,131,124,7
E01003823,Full-time: 31 to 48 hours worked,467,483,-16
E01003823,Full-time: 49 or more hours worked,155,205,-50
E01003823,Part-time: 15 hours or less worked,99,101,-2
E01003823,Part-time: 16 to 30 hours worked,132,156,-24
E01003824,Full-time: 31 to 48 hours worked,421,416,5
E01003824,Full-time: 49 or more hours worked,148,150,-2
E01003824,Part-time: 15 hours or less worked,85,85,0
E01003824,Part-time: 16 to 30 hours worked,134,159,-25
E01003825,Full-time: 31 to 48 hours worked,492,528,-36
E01003825,Full-time: 49 or more hours worked,143,156,-13
E01003825,Part-time: 15 hours or less worked,93,87,6
E01003825,Part-time: 16 to 30 hours worked,145,161,-16
E01003826,Full-time: 31 to 48 hours worked,474,468,6
E01003826,Full-time: 49 or more hours worked,102,102,0
E01003826,Part-time: 15 hours or less worked,76,78,-2
E01003826,Part-time: 16 to 30 hours worked,145,161,-16
E01003827,Full-time: 31 to 48 hours worked,595,615,-20
E01003827,Full-time: 49 or more hours worked,162,159,3
E01003827,Part-time: 15 hours or less worked,112,85,27
E01003827,Part-time: 16 to 30 hours worked,183,157,26
E01003828,Full-time: 31 to 48 hours worked,350,426,-76
E01003828,Full-time: 49 or more hours worked,112,125,-13
E01003828,Part-time: 15 hours or less worked,87,87,0
E01003828,Part-time: 16 to 30 hours worked,112,129,-17
E01003829,Full-time: 31 to 48 hours worked,413,442,-29
E01003829,Full-time: 49 or more hours worked,76,109,-33
E01003829,Part-time: 15 hours or less worked,101,68,33
E01003829,Part-time: 16 to 30 hours worked,151,159,-8
E01003830,Full-time: 31 to 48 hours worked,529,480,49
E01003830,Full-time: 49 or more hours worked,144,160,-16
E01003830,Part-time: 15 hours or less worked,99,95,4
E01003830,Part-time: 16 to 30 hours worked,147,141,6
E01003831,Full-time: 31 to 48 hours worked,493,496,-3
E01003831,Full-time: 49 or more hours worked,90,126,-36
E01003831,Part-time: 15 hours or less worked,90,65,25
E01003831,Part-time: 16 to 30 hours worked,155,137,18
E01003832,Full-time: 31 to 48 hours worked,381,422,-41
E01003832,Full-time: 49 or more hours worked,71,62,9
E01003832,Part-time: 15 hours or less worked,72,61,11
E01003832,Part-time: 16 to 30 hours worked,112,114,-2
E01003833,Full-time: 31 to 48 hours worked,399,457,-58
E01003833,Full-time: 49 or more hours worked,74,106,-32
E01003833,Part-time: 15 hours or less worked,90,69,21
E01003833,Part-time: 16 to 30 hours worked,130,114,16
E01003834,Full-time: 31 to 48 hours worked,521,454,67
E01003834,Full-time: 49 or more hours worked,131,179,-48
E01003834,Part-time: 15 hours or less worked,107,90,17
E01003834,Part-time: 16 to 30 hours worked,122,145,-23
E01003835,Full-time: 31 to 48 hours worked,394,391,3
E01003835,Full-time: 49 or more hours worked,134,176,-42
E01003835,Part-time: 15 hours or less worked,112,83,29
E01003835,Part-time: 16 to 30 hours worked,154,132,22
E01003836,Full-time: 31 to 48 hours worked,295,350,-55
E01003836,Full-time: 49 or more hours worked,114,131,-17
E01003836,Part-time: 15 hours or less worked,79,78,1
E01003836,Part-time: 16 to 30 hours worked,96,76,20
E01003837,Full-time: 31 to 48 hours worked,515,444,71
E01003837,Full-time: 49 or more hours worked,159,180,-21
E01003837,Part-time: 15 hours or less worked,124,94,30
E01003837,Part-time: 16 to 30 hours worked,159,127,32
E01003838,Full-time: 31 to 48 hours worked,501,528,-27
E01003838,Full-time: 49 or more hours worked,176,215,-39
E01003838,Part-time: 15 hours or less worked,120,101,19
E01003838,Part-time: 16 to 30 hours worked,146,136,10
E01003839,Full-time: 31 to 48 hours worked,660,566,94
E01003839,Full-time: 49 or more hours worked,197,188,9
E01003839,Part-time: 15 hours or less worked,127,68,59
E01003839,Part-time: 16 to 30 hours worked,173,157,16
E01003840,Full-time: 31 to 48 hours worked,529,494,35
E01003840,Full-time: 49 or more hours worked,90,92,-2
E01003840,Part-time: 15 hours or less worked,98,78,20
E01003840,Part-time: 16 to 30 hours worked,177,132,45
E01003841,Full-time: 31 to 48 hours worked,522,511,11
E01003841,Full-time: 49 or more hours worked,84,85,-1
E01003841,Part-time: 15 hours or less worked,123,86,37
E01003841,Part-time: 16 to 30 hours worked,218,167,51
E01003842,Full-time: 31 to 48 hours worked,476,491,-15
E01003842,Full-time: 49 or more hours worked,69,94,-25
E01003842,Part-time: 15 hours or less worked,73,68,5
E01003842,Part-time: 16 to 30 hours worked,144,145,-1
E01003843,Full-time: 31 to 48 hours worked,536,523,13
E01003843,Full-time: 49 or more hours worked,123,113,10
E01003843,Part-time: 15 hours or less worked,124,110,14
E01003843,Part-time: 16 to 30 hours worked,190,196,-6
E01003844,Full-time: 31 to 48 hours worked,385,426,-41
E01003844,Full-time: 49 or more hours worked,83,96,-13
E01003844,Part-time: 15 hours or less worked,57,79,-22
E01003844,Part-time: 16 to 30 hours worked,129,119,10
E01003845,Full-time: 31 to 48 hours worked,482,470,12
E01003845,Full-time: 49 or more hours worked,90,92,-2
E01003845,Part-time: 15 hours or less worked,107,68,39
E01003845,Part-time: 16 to 30 hours worked,139,153,-14
E01003846,Full-time: 31 to 48 hours worked,412,396,16
E01003846,Full-time: 49 or more hours worked,197,229,-32
E01003846,Part-time: 15 hours or less worked,112,87,25
E01003846,Part-time: 16 to 30 hours worked,105,139,-34
E01003847,Full-time: 31 to 48 hours worked,576,517,59
E01003847,Full-time: 49 or more hours worked,185,233,-48
E01003847,Part-time: 15 hours or less worked,98,55,43
E01003847,Part-time: 16 to 30 hours worked,102,121,-19
E01003848,Full-time: 31 to 48 hours worked,634,611,23
E01003848,Full-time: 49 or more hours worked,188,234,-46
E01003848,Part-time: 15 hours or less worked,103,75,28
E01003848,Part-time: 16 to 30 hours worked,140,155,-15
E01003849,Full-time: 31 to 48 hours worked,397,388,9
E01003849,Full-time: 49 or more hours worked,191,222,-31
E01003849,Part-time: 15 hours or less worked,84,59,25
E01003849,Part-time: 16 to 30 hours worked,89,115,-26
E01003851,Full-time: 31 to 48 hours worked,384,410,-26
E01003851,Full-time: 49 or more hours worked,211,227,-16
E01003851,Part-time: 15 hours or less worked,70,98,-28
E01003851,Part-time: 16 to 30 hours worked,101,99,2
E01003852,Full-time: 31 to 48 hours worked,414,407,7
E01003852,Full-time: 49 or more hours worked,146,163,-17
E01003852,Part-time: 15 hours or less worked,78,56,22
E01003852,Part-time: 16 to 30 hours worked,105,99,6
E01003853,Full-time: 31 to 48 hours worked,291,339,-48
E01003853,Full-time: 49 or more hours worked,154,188,-34
E01003853,Part-time: 15 hours or less worked,94,71,23
E01003853,Part-time: 16 to 30 hours worked,105,102,3
E01003854,Full-time: 31 to 48 hours worked,353,396,-43
E01003854,Full-time: 49 or more hours worked,185,221,-36
E01003854,Part-time: 15 hours or less worked,75,51,24
E01003854,Part-time: 16 to 30 hours worked,102,105,-3
E01003855,Full-time: 31 to 48 hours worked,558,545,13
E01003855,Full-time: 49 or more hours worked,148,200,-52
E01003855,Part-time: 15 hours or less worked,97,58,39
E01003855,Part-time: 16 to 30 hours worked,174,129,45
E01003856,Full-time: 31 to 48 hours worked,562,590,-28
E01003856,Full-time: 49 or more hours worked,190,245,-55
E01003856,Part-time: 15 hours or less worked,96,57,39
E01003856,Part-time: 16 to 30 hours worked,121,127,-6
E01003857,Full-time: 31 to 48 hours worked,566,529,37
E01003857,Full-time: 49 or more hours worked,236,242,-6
E01003857,Part-time: 15 hours or less worked,106,81,25
E01003857,Part-time: 16 to 30 hours worked,130,139,-9
E01003858,Full-time: 31 to 48 hours worked,452,432,20
E01003858,Full-time: 49 or more hours worked,238,287,-49
E01003858,Part-time: 15 hours or less worked,105,63,42
E01003858,Part-time: 16 to 30 hours worked,103,110,-7
E01003859,Full-time: 31 to 48 hours worked,392,425,-33
E01003859,Full-time: 49 or more hours worked,158,188,-30
E01003859,Part-time: 15 hours or less worked,97,52,45
E01003859,Part-time: 16 to 30 hours worked,137,146,-9
E01003860,Full-time: 31 to 48 hours worked,607,630,-23
E01003860,Full-time: 49 or more hours worked,216,272,-56
E01003860,Part-time: 15 hours or less worked,83,59,24
E01003860,Part-time: 16 to 30 hours worked,103,120,-17
E01003861,Full-time: 31 to 48 hours worked,725,686,39
E01003861,Full-time: 49 or more hours worked,214,280,-66
E01003861,Part-time: 15 hours or less worked,103,48,55
E01003861,Part-time: 16 to 30 hours worked,139,107,32
E01003862,Full-time: 31 to 48 hours worked,541,432,109
E01003862,Full-time: 49 or more hours worked,144,126,18
E01003862,Part-time: 15 hours or less worked,90,68,22
E01003862,Part-time: 16 to 30 hours worked,148,109,39
E01003863,Full-time: 31 to 48 hours worked,361,409,-48
E01003863,Full-time: 49 or more hours worked,107,128,-21
E01003863,Part-time: 15 hours or less worked,66,61,5
E01003863,Part-time: 16 to 30 hours worked,109,87,22
E01003864,Full-time: 31 to 48 hours worked,401,447,-46
E01003864,Full-time: 49 or more hours worked,135,187,-52
E01003864,Part-time: 15 hours or less worked,80,61,19
E01003864,Part-time: 16 to 30 hours worked,97,99,-2
E01003865,Full-time: 31 to 48 hours worked,409,391,18
E01003865,Full-time: 49 or more hours worked,126,123,3
E01003865,Part-time: 15 hours or less worked,87,44,43
E01003865,Part-time: 16 to 30 hours worked,113,115,-2
E01003866,Full-time: 31 to 48 hours worked,488,427,61
E01003866,Full-time: 49 or more hours worked,203,238,-35
E01003866,Part-time: 15 hours or less worked,83,61,22
E01003866,Part-time: 16 to 30 hours worked,128,132,-4
E01003867,Full-time: 31 to 48 hours worked,456,501,-45
E01003867,Full-time: 49 or more hours worked,142,140,2
E01003867,Part-time: 15 hours or less worked,101,75,26
E01003867,Part-time: 16 to 30 hours worked,105,93,12
E01003868,Full-time: 31 to 48 hours worked,546,493,53
E01003868,Full-time: 49 or more hours worked,157,237,-80
E01003868,Part-time: 15 hours or less worked,81,55,26
E01003868,Part-time: 16 to 30 hours worked,122,108,14
E01003869,Full-time: 31 to 48 hours worked,563,574,-11
E01003869,Full-time: 49 or more hours worked,173,201,-28
E01003869,Part-time: 15 hours or less worked,77,70,7
E01003869,Part-time: 16 to 30 hours worked,113,124,-11
E01003870,Full-time: 31 to 48 hours worked,725,574,151
E01003870,Full-time: 49 or more hours worked,228,243,-15
E01003870,Part-time: 15 hours or less worked,102,83,19
E01003870,Part-time: 16 to 30 hours worked,124,144,-20
E01003871,Full-time: 31 to 48 hours worked,491,485,6
E01003871,Full-time: 49 or more hours worked,187,214,-27
E01003871,Part-time: 15 hours or less worked,93,77,16
E01003871,Part-time: 16 to 30 hours worked,129,153,-24
E01003872,Full-time: 31 to 48 hours worked,491,480,11
E01003872,Full-time: 49 or more hours worked,177,207,-30
E01003872,Part-time: 15 hours or less worked,96,58,38
E01003872,Part-time: 16 to 30 hours worked,120,109,11
E01003873,Full-time: 31 to 48 hours worked,520,504,16
E01003873,Full-time: 49 or more hours worked,193,288,-95
E01003873,Part-time: 15 hours or less worked,85,68,17
E01003873,Part-time: 16 to 30 hours worked,106,111,-5
E01003874,Full-time: 31 to 48 hours worked,532,553,-21
E01003874,Full-time: 49 or more hours worked,254,273,-19
E01003874,Part-time: 15 hours or less worked,61,42,19
E01003874,Part-time: 16 to 30 hours worked,86,107,-21
E01003875,Full-time: 31 to 48 hours worked,366,372,-6
E01003875,Full-time: 49 or more hours worked,178,232,-54
E01003875,Part-time: 15 hours or less worked,89,59,30
E01003875,Part-time: 16 to 30 hours worked,101,88,13
E01003876,Full-time: 31 to 48 hours worked,580,520,60
E01003876,Full-time: 49 or more hours worked,240,293,-53
E01003876,Part-time: 15 hours or less worked,110,65,45
E01003876,Part-time: 16 to 30 hours worked,133,100,33
E01003877,Full-time: 31 to 48 hours worked,417,384,33
E01003877,Full-time: 49 or more hours worked,181,246,-65
E01003877,Part-time: 15 hours or less worked,88,57,31
E01003877,Part-time: 16 to 30 hours worked,74,93,-19
E01003878,Full-time: 31 to 48 hours worked,350,357,-7
E01003878,Full-time: 49 or more hours worked,84,134,-50
E01003878,Part-time: 15 hours or less worked,75,75,0
E01003878,Part-time: 16 to 30 hours worked,110,108,2
E01003879,Full-time: 31 to 48 hours worked,361,397,-36
E01003879,Full-time: 49 or more hours worked,170,245,-75
E01003879,Part-time: 15 hours or less worked,75,81,-6
E01003879,Part-time: 16 to 30 hours worked,100,86,14
E01003880,Full-time: 31 to 48 hours worked,396,420,-24
E01003880,Full-time: 49 or more hours worked,154,178,-24
E01003880,Part-time: 15 hours or less worked,96,83,13
E01003880,Part-time: 16 to 30 hours worked,124,132,-8
E01003881,Full-time: 31 to 48 hours worked,300,345,-45
E01003881,Full-time: 49 or more hours worked,101,150,-49
E01003881,Part-time: 15 hours or less worked,144,260,-116
E01003881,Part-time: 16 to 30 hours worked,96,120,-24
E01003882,Full-time: 31 to 48 hours worked,623,625,-2
E01003882,Full-time: 49 or more hours worked,207,204,3
E01003882,Part-time: 15 hours or less worked,91,85,6
E01003882,Part-time: 16 to 30 hours worked,160,136,24
E01003883,Full-time: 31 to 48 hours worked,686,716,-30
E01003883,Full-time: 49 or more hours worked,187,258,-71
E01003883,Part-time: 15 hours or less worked,103,75,28
E01003883,Part-time: 16 to 30 hours worked,144,121,23
E01003884,Full-time: 31 to 48 hours worked,434,473,-39
E01003884,Full-time: 49 or more hours worked,152,208,-56
E01003884,Part-time: 15 hours or less worked,107,88,19
E01003884,Part-time: 16 to 30 hours worked,127,94,33
E01003885,Full-time: 31 to 48 hours worked,441,493,-52
E01003885,Full-time: 49 or more hours worked,140,158,-18
E01003885,Part-time: 15 hours or less worked,116,78,38
E01003885,Part-time: 16 to 30 hours worked,114,110,4
E01003886,Full-time: 31 to 48 hours worked,478,547,-69
E01003886,Full-time: 49 or more hours worked,152,189,-37
E01003886,Part-time: 15 hours or less worked,91,98,-7
E01003886,Part-time: 16 to 30 hours worked,120,130,-10
E01003887,Full-time: 31 to 48 hours worked,582,559,23
E01003887,Full-time: 49 or more hours worked,169,214,-45
E01003887,Part-time: 15 hours or less worked,105,83,22
E01003887,Part-time: 16 to 30 hours worked,131,150,-19
E01003888,Full-time: 31 to 48 hours worked,543,546,-3
E01003888,Full-time: 49 or more hours worked,169,204,-35
E01003888,Part-time: 15 hours or less worked,99,87,12
E01003888,Part-time: 16 to 30 hours worked,162,141,21
E01003889,Full-time: 31 to 48 hours worked,437,522,-85
E01003889,Full-time: 49 or more hours worked,169,198,-29
E01003889,Part-time: 15 hours or less worked,117,85,32
E01003889,Part-time: 16 to 30 hours worked,125,150,-25
E01003890,Full-time: 31 to 48 hours worked,457,449,8
E01003890,Full-time: 49 or more hours worked,150,166,-16
E01003890,Part-time: 15 hours or less worked,95,102,-7
E01003890,Part-time: 16 to 30 hours worked,145,127,18
E01003891,Full-time: 31 to 48 hours worked,463,490,-27
E01003891,Full-time: 49 or more hours worked,156,238,-82
E01003891,Part-time: 15 hours or less worked,98,87,11
E01003891,Part-time: 16 to 30 hours worked,121,144,-23
E01003892,Full-time: 31 to 48 hours worked,514,543,-29
E01003892,Full-time: 49 or more hours worked,222,311,-89
E01003892,Part-time: 15 hours or less worked,103,83,20
E01003892,Part-time: 16 to 30 hours worked,136,140,-4
E01003893,Full-time: 31 to 48 hours worked,503,503,0
E01003893,Full-time: 49 or more hours worked,168,218,-50
E01003893,Part-time: 15 hours or less worked,89,77,12
E01003893,Part-time: 16 to 30 hours worked,117,112,5
E01003894,Full-time: 31 to 48 hours worked,514,545,-31
E01003894,Full-time: 49 or more hours worked,196,258,-62
E01003894,Part-time: 15 hours or less worked,108,72,36
E01003894,Part-time: 16 to 30 hours worked,124,113,11
E01003895,Full-time: 31 to 48 hours worked,448,486,-38
E01003895,Full-time: 49 or more hours worked,175,250,-75
E01003895,Part-time: 15 hours or less worked,103,85,18
E01003895,Part-time: 16 to 30 hours worked,161,147,14
E01003896,Full-time: 31 to 48 hours worked,654,572,82
E01003896,Full-time: 49 or more hours worked,188,264,-76
E01003896,Part-time: 15 hours or less worked,114,91,23
E01003896,Part-time: 16 to 30 hours worked,123,126,-3
E01003897,Full-time: 31 to 48 hours worked,672,693,-21
E01003897,Full-time: 49 or more hours worked,185,227,-42
E01003897,Part-time: 15 hours or less worked,94,89,5
E01003897,Part-time: 16 to 30 hours worked,147,117,30
E01003898,Full-time: 31 to 48 hours worked,572,549,23
E01003898,Full-time: 49 or more hours worked,148,203,-55
E01003898,Part-time: 15 hours or less worked,71,59,12
E01003898,Part-time: 16 to 30 hours worked,125,126,-1
E01003899,Full-time: 31 to 48 hours worked,463,467,-4
E01003899,Full-time: 49 or more hours worked,129,169,-40
E01003899,Part-time: 15 hours or less worked,84,44,40
E01003899,Part-time: 16 to 30 hours worked,98,130,-32
E01003900,Full-time: 31 to 48 hours worked,438,390,48
E01003900,Full-time: 49 or more hours worked,107,88,19
E01003900,Part-time: 15 hours or less worked,100,94,6
E01003900,Part-time: 16 to 30 hours worked,140,165,-25
E01003901,Full-time: 31 to 48 hours worked,512,524,-12
E01003901,Full-time: 49 or more hours worked,142,139,3
E01003901,Part-time: 15 hours or less worked,95,71,24
E01003901,Part-time: 16 to 30 hours worked,167,161,6
E01003902,Full-time: 31 to 48 hours worked,390,403,-13
E01003902,Full-time: 49 or more hours worked,93,93,0
E01003902,Part-time: 15 hours or less worked,84,63,21
E01003902,Part-time: 16 to 30 hours worked,121,128,-7
E01003903,Full-time: 31 to 48 hours worked,425,460,-35
E01003903,Full-time: 49 or more hours worked,110,107,3
E01003903,Part-time: 15 hours or less worked,100,94,6
E01003903,Part-time: 16 to 30 hours worked,128,155,-27
E01003904,Full-time: 31 to 48 hours worked,507,482,25
E01003904,Full-time: 49 or more hours worked,98,149,-51
E01003904,Part-time: 15 hours or less worked,94,77,17
E01003904,Part-time: 16 to 30 hours worked,118,129,-11
E01003905,Full-time: 31 to 48 hours worked,429,483,-54
E01003905,Full-time: 49 or more hours worked,75,131,-56
E01003905,Part-time: 15 hours or less worked,70,66,4
E01003905,Part-time: 16 to 30 hours worked,110,113,-3
E01003906,Full-time: 31 to 48 hours worked,506,495,11
E01003906,Full-time: 49 or more hours worked,111,122,-11
E01003906,Part-time: 15 hours or less worked,98,89,9
E01003906,Part-time: 16 to 30 hours worked,156,131,25
E01003907,Full-time: 31 to 48 hours worked,458,465,-7
E01003907,Full-time: 49 or more hours worked,68,83,-15
E01003907,Part-time: 15 hours or less worked,94,74,20
E01003907,Part-time: 16 to 30 hours worked,137,141,-4
E01003908,Full-time: 31 to 48 hours worked,550,534,16
E01003908,Full-time: 49 or more hours worked,98,132,-34
E01003908,Part-time: 15 hours or less worked,87,99,-12
E01003908,Part-time: 16 to 30 hours worked,174,179,-5
E01003909,Full-time: 31 to 48 hours worked,440,531,-91
E01003909,Full-time: 49 or more hours worked,120,120,0
E01003909,Part-time: 15 hours or less worked,86,88,-2
E01003909,Part-time: 16 to 30 hours worked,125,163,-38
E01003910,Full-time: 31 to 48 hours worked,465,411,54
E01003910,Full-time: 49 or more hours worked,129,110,19
E01003910,Part-time: 15 hours or less worked,79,65,14
E01003910,Part-time: 16 to 30 hours worked,142,128,14
E01003911,Full-time: 31 to 48 hours worked,580,555,25
E01003911,Full-time: 49 or more hours worked,97,111,-14
E01003911,Part-time: 15 hours or less worked,122,77,45
E01003911,Part-time: 16 to 30 hours worked,226,210,16
E01003912,Full-time: 31 to 48 hours worked,360,319,41
E01003912,Full-time: 49 or more hours worked,37,51,-14
E01003912,Part-time: 15 hours or less worked,114,64,50
E01003912,Part-time: 16 to 30 hours worked,183,131,52
E01003913,Full-time: 31 to 48 hours worked,709,601,108
E01003913,Full-time: 49 or more hours worked,203,178,25
E01003913,Part-time: 15 hours or less worked,137,64,73
E01003913,Part-time: 16 to 30 hours worked,183,176,7
E01003914,Full-time: 31 to 48 hours worked,709,578,131
E01003914,Full-time: 49 or more hours worked,168,178,-10
E01003914,Part-time: 15 hours or less worked,114,85,29
E01003914,Part-time: 16 to 30 hours worked,135,165,-30
E01003915,Full-time: 31 to 48 hours worked,646,559,87
E01003915,Full-time: 49 or more hours worked,146,136,10
E01003915,Part-time: 15 hours or less worked,121,80,41
E01003915,Part-time: 16 to 30 hours worked,165,189,-24
E01003916,Full-time: 31 to 48 hours worked,840,654,186
E01003916,Full-time: 49 or more hours worked,146,145,1
E01003916,Part-time: 15 hours or less worked,118,118,0
E01003916,Part-time: 16 to 30 hours worked,258,200,58
E01003917,Full-time: 31 to 48 hours worked,651,555,96
E01003917,Full-time: 49 or more hours worked,139,118,21
E01003917,Part-time: 15 hours or less worked,120,87,33
E01003917,Part-time: 16 to 30 hours worked,140,157,-17
E01003918,Full-time: 31 to 48 hours worked,482,364,118
E01003918,Full-time: 49 or more hours worked,60,68,-8
E01003918,Part-time: 15 hours or less worked,66,73,-7
E01003918,Part-time: 16 to 30 hours worked,137,145,-8
E01003919,Full-time: 31 to 48 hours worked,539,558,-19
E01003919,Full-time: 49 or more hours worked,118,147,-29
E01003919,Part-time: 15 hours or less worked,100,76,24
E01003919,Part-time: 16 to 30 hours worked,132,156,-24
E01003920,Full-time: 31 to 48 hours worked,642,482,160
E01003920,Full-time: 49 or more hours worked,99,87,12
E01003920,Part-time: 15 hours or less worked,107,67,40
E01003920,Part-time: 16 to 30 hours worked,214,154,60
E01003921,Full-time: 31 to 48 hours worked,750,413,337
E01003921,Full-time: 49 or more hours worked,153,71,82
E01003921,Part-time: 15 hours or less worked,112,61,51
E01003921,Part-time: 16 to 30 hours worked,182,145,37
E01003922,Full-time: 31 to 48 hours worked,678,525,153
E01003922,Full-time: 49 or more hours worked,98,113,-15
E01003922,Part-time: 15 hours or less worked,158,90,68
E01003922,Part-time: 16 to 30 hours worked,228,191,37
E01003923,Full-time: 31 to 48 hours worked,561,603,-42
E01003923,Full-time: 49 or more hours worked,118,157,-39
E01003923,Part-time: 15 hours or less worked,118,62,56
E01003923,Part-time: 16 to 30 hours worked,149,149,0
E01003924,Full-time: 31 to 48 hours worked,550,478,72
E01003924,Full-time: 49 or more hours worked,75,97,-22
E01003924,Part-time: 15 hours or less worked,130,96,34
E01003924,Part-time: 16 to 30 hours worked,226,204,22
E01003925,Full-time: 31 to 48 hours worked,633,331,302
E01003925,Full-time: 49 or more hours worked,112,48,64
E01003925,Part-time: 15 hours or less worked,133,61,72
E01003925,Part-time: 16 to 30 hours worked,204,131,73
E01003926,Full-time: 31 to 48 hours worked,407,377,30
E01003926,Full-time: 49 or more hours worked,58,56,2
E01003926,Part-time: 15 hours or less worked,85,50,35
E01003926,Part-time: 16 to 30 hours worked,142,137,5
E01003929,Full-time: 31 to 48 hours worked,700,802,-102
E01003929,Full-time: 49 or more hours worked,361,423,-62
E01003929,Part-time: 15 hours or less worked,89,74,15
E01003929,Part-time: 16 to 30 hours worked,120,141,-21
E01003930,Full-time: 31 to 48 hours worked,427,318,109
E01003930,Full-time: 49 or more hours worked,222,103,119
E01003930,Part-time: 15 hours or less worked,107,104,3
E01003930,Part-time: 16 to 30 hours worked,136,96,40
E01003932,Full-time: 31 to 48 hours worked,479,421,58
E01003932,Full-time: 49 or more hours worked,82,104,-22
E01003932,Part-time: 15 hours or less worked,95,65,30
E01003932,Part-time: 16 to 30 hours worked,125,140,-15
E01003933,Full-time: 31 to 48 hours worked,744,414,330
E01003933,Full-time: 49 or more hours worked,278,144,134
E01003933,Part-time: 15 hours or less worked,144,107,37
E01003933,Part-time: 16 to 30 hours worked,146,122,24
E01003934,Full-time: 31 to 48 hours worked,589,428,161
E01003934,Full-time: 49 or more hours worked,364,227,137
E01003934,Part-time: 15 hours or less worked,89,45,44
E01003934,Part-time: 16 to 30 hours worked,121,83,38
E01003935,Full-time: 31 to 48 hours worked,258,297,-39
E01003935,Full-time: 49 or more hours worked,95,157,-62
E01003935,Part-time: 15 hours or less worked,67,55,12
E01003935,Part-time: 16 to 30 hours worked,77,70,7
E01003936,Full-time: 31 to 48 hours worked,541,487,54
E01003936,Full-time: 49 or more hours worked,259,314,-55
E01003936,Part-time: 15 hours or less worked,76,127,-51
E01003936,Part-time: 16 to 30 hours worked,71,72,-1
E01003937,Full-time: 31 to 48 hours worked,594,639,-45
E01003937,Full-time: 49 or more hours worked,160,235,-75
E01003937,Part-time: 15 hours or less worked,114,53,61
E01003937,Part-time: 16 to 30 hours worked,118,106,12
E01003938,Full-time: 31 to 48 hours worked,534,563,-29
E01003938,Full-time: 49 or more hours worked,117,187,-70
E01003938,Part-time: 15 hours or less worked,82,67,15
E01003938,Part-time: 16 to 30 hours worked,149,135,14
E01003939,Full-time: 31 to 48 hours worked,660,709,-49
E01003939,Full-time: 49 or more hours worked,269,304,-35
E01003939,Part-time: 15 hours or less worked,100,58,42
E01003939,Part-time: 16 to 30 hours worked,98,111,-13
E01003940,Full-time: 31 to 48 hours worked,460,404,56
E01003940,Full-time: 49 or more hours worked,69,84,-15
E01003940,Part-time: 15 hours or less worked,93,62,31
E01003940,Part-time: 16 to 30 hours worked,146,106,40
E01003941,Full-time: 31 to 48 hours worked,762,644,118
E01003941,Full-time: 49 or more hours worked,303,370,-67
E01003941,Part-time: 15 hours or less worked,96,78,18
E01003941,Part-time: 16 to 30 hours worked,132,116,16
E01003942,Full-time: 31 to 48 hours worked,442,362,80
E01003942,Full-time: 49 or more hours worked,76,76,0
E01003942,Part-time: 15 hours or less worked,99,98,1
E01003942,Part-time: 16 to 30 hours worked,144,120,24
E01003943,Full-time: 31 to 48 hours worked,467,360,107
E01003943,Full-time: 49 or more hours worked,69,73,-4
E01003943,Part-time: 15 hours or less worked,87,68,19
E01003943,Part-time: 16 to 30 hours worked,153,117,36
E01003945,Full-time: 31 to 48 hours worked,536,532,4
E01003945,Full-time: 49 or more hours worked,153,186,-33
E01003945,Part-time: 15 hours or less worked,98,74,24
E01003945,Part-time: 16 to 30 hours worked,139,133,6
E01003946,Full-time: 31 to 48 hours worked,486,457,29
E01003946,Full-time: 49 or more hours worked,157,153,4
E01003946,Part-time: 15 hours or less worked,102,67,35
E01003946,Part-time: 16 to 30 hours worked,167,131,36
E01003947,Full-time: 31 to 48 hours worked,362,338,24
E01003947,Full-time: 49 or more hours worked,46,61,-15
E01003947,Part-time: 15 hours or less worked,80,62,18
E01003947,Part-time: 16 to 30 hours worked,149,116,33
E01003948,Full-time: 31 to 48 hours worked,627,562,65
E01003948,Full-time: 49 or more hours worked,132,134,-2
E01003948,Part-time: 15 hours or less worked,111,56,55
E01003948,Part-time: 16 to 30 hours worked,136,131,5
E01003949,Full-time: 31 to 48 hours worked,626,674,-48
E01003949,Full-time: 49 or more hours worked,175,239,-64
E01003949,Part-time: 15 hours or less worked,95,66,29
E01003949,Part-time: 16 to 30 hours worked,162,151,11
E01003950,Full-time: 31 to 48 hours worked,566,515,51
E01003950,Full-time: 49 or more hours worked,92,100,-8
E01003950,Part-time: 15 hours or less worked,108,91,17
E01003950,Part-time: 16 to 30 hours worked,190,159,31
E01003951,Full-time: 31 to 48 hours worked,342,345,-3
E01003951,Full-time: 49 or more hours worked,143,171,-28
E01003951,Part-time: 15 hours or less worked,78,67,11
E01003951,Part-time: 16 to 30 hours worked,91,114,-23
E01003952,Full-time: 31 to 48 hours worked,581,602,-21
E01003952,Full-time: 49 or more hours worked,193,202,-9
E01003952,Part-time: 15 hours or less worked,97,55,42
E01003952,Part-time: 16 to 30 hours worked,130,122,8
E01003953,Full-time: 31 to 48 hours worked,870,865,5
E01003953,Full-time: 49 or more hours worked,219,247,-28
E01003953,Part-time: 15 hours or less worked,80,67,13
E01003953,Part-time: 16 to 30 hours worked,146,154,-8
E01003954,Full-time: 31 to 48 hours worked,565,559,6
E01003954,Full-time: 49 or more hours worked,179,164,15
E01003954,Part-time: 15 hours or less worked,69,59,10
E01003954,Part-time: 16 to 30 hours worked,121,149,-28
E01003955,Full-time: 31 to 48 hours worked,696,712,-16
E01003955,Full-time: 49 or more hours worked,189,165,24
E01003955,Part-time: 15 hours or less worked,75,56,19
E01003955,Part-time: 16 to 30 hours worked,124,141,-17
E01003956,Full-time: 31 to 48 hours worked,645,662,-17
E01003956,Full-time: 49 or more hours worked,203,187,16
E01003956,Part-time: 15 hours or less worked,68,54,14
E01003956,Part-time: 16 to 30 hours worked,153,127,26
E01003957,Full-time: 31 to 48 hours worked,641,624,17
E01003957,Full-time: 49 or more hours worked,172,161,11
E01003957,Part-time: 15 hours or less worked,79,67,12
E01003957,Part-time: 16 to 30 hours worked,156,138,18
E01003958,Full-time: 31 to 48 hours worked,568,553,15
E01003958,Full-time: 49 or more hours worked,168,165,3
E01003958,Part-time: 15 hours or less worked,103,80,23
E01003958,Part-time: 16 to 30 hours worked,172,143,29
E01003960,Full-time: 31 to 48 hours worked,585,559,26
E01003960,Full-time: 49 or more hours worked,189,158,31
E01003960,Part-time: 15 hours or less worked,105,90,15
E01003960,Part-time: 16 to 30 hours worked,140,144,-4
E01003961,Full-time: 31 to 48 hours worked,496,470,26
E01003961,Full-time: 49 or more hours worked,73,88,-15
E01003961,Part-time: 15 hours or less worked,124,91,33
E01003961,Part-time: 16 to 30 hours worked,213,191,22
E01003963,Full-time: 31 to 48 hours worked,450,388,62
E01003963,Full-time: 49 or more hours worked,64,65,-1
E01003963,Part-time: 15 hours or less worked,97,66,31
E01003963,Part-time: 16 to 30 hours worked,179,162,17
E01003966,Full-time: 31 to 48 hours worked,582,475,107
E01003966,Full-time: 49 or more hours worked,97,99,-2
E01003966,Part-time: 15 hours or less worked,202,102,100
E01003966,Part-time: 16 to 30 hours worked,215,173,42
E01003969,Full-time: 31 to 48 hours worked,914,629,285
E01003969,Full-time: 49 or more hours worked,181,132,49
E01003969,Part-time: 15 hours or less worked,181,108,73
E01003969,Part-time: 16 to 30 hours worked,225,159,66
E01003971,Full-time: 31 to 48 hours worked,327,343,-16
E01003971,Full-time: 49 or more hours worked,48,47,1
E01003971,Part-time: 15 hours or less worked,77,64,13
E01003971,Part-time: 16 to 30 hours worked,131,168,-37
E01003972,Full-time: 31 to 48 hours worked,472,490,-18
E01003972,Full-time: 49 or more hours worked,70,95,-25
E01003972,Part-time: 15 hours or less worked,98,67,31
E01003972,Part-time: 16 to 30 hours worked,121,172,-51
E01003973,Full-time: 31 to 48 hours worked,547,462,85
E01003973,Full-time: 49 or more hours worked,87,92,-5
E01003973,Part-time: 15 hours or less worked,108,64,44
E01003973,Part-time: 16 to 30 hours worked,161,174,-13
E01003975,Full-time: 31 to 48 hours worked,538,411,127
E01003975,Full-time: 49 or more hours worked,128,119,9
E01003975,Part-time: 15 hours or less worked,76,58,18
E01003975,Part-time: 16 to 30 hours worked,145,118,27
E01003976,Full-time: 31 to 48 hours worked,791,607,184
E01003976,Full-time: 49 or more hours worked,339,296,43
E01003976,Part-time: 15 hours or less worked,111,60,51
E01003976,Part-time: 16 to 30 hours worked,176,129,47
E01003977,Full-time: 31 to 48 hours worked,589,477,112
E01003977,Full-time: 49 or more hours worked,133,112,21
E01003977,Part-time: 15 hours or less worked,87,56,31
E01003977,Part-time: 16 to 30 hours worked,161,140,21
E01003979,Full-time: 31 to 48 hours worked,630,552,78
E01003979,Full-time: 49 or more hours worked,225,205,20
E01003979,Part-time: 15 hours or less worked,100,74,26
E01003979,Part-time: 16 to 30 hours worked,128,113,15
E01003980,Full-time: 31 to 48 hours worked,566,513,53
E01003980,Full-time: 49 or more hours worked,102,110,-8
E01003980,Part-time: 15 hours or less worked,120,107,13
E01003980,Part-time: 16 to 30 hours worked,191,169,22
E01003981,Full-time: 31 to 48 hours worked,418,508,-90
E01003981,Full-time: 49 or more hours worked,141,189,-48
E01003981,Part-time: 15 hours or less worked,85,88,-3
E01003981,Part-time: 16 to 30 hours worked,89,103,-14
E01003983,Full-time: 31 to 48 hours worked,414,423,-9
E01003983,Full-time: 49 or more hours worked,73,56,17
E01003983,Part-time: 15 hours or less worked,107,125,-18
E01003983,Part-time: 16 to 30 hours worked,190,158,32
E01003984,Full-time: 31 to 48 hours worked,798,573,225
E01003984,Full-time: 49 or more hours worked,196,123,73
E01003984,Part-time: 15 hours or less worked,109,96,13
E01003984,Part-time: 16 to 30 hours worked,211,184,27
E01003986,Full-time: 31 to 48 hours worked,447,288,159
E01003986,Full-time: 49 or more hours worked,67,59,8
E01003986,Part-time: 15 hours or less worked,59,44,15
E01003986,Part-time: 16 to 30 hours worked,141,94,47
E01003987,Full-time: 31 to 48 hours worked,535,464,71
E01003987,Full-time: 49 or more hours worked,97,71,26
E01003987,Part-time: 15 hours or less worked,90,64,26
E01003987,Part-time: 16 to 30 hours worked,149,140,9
E01003988,Full-time: 31 to 48 hours worked,504,559,-55
E01003988,Full-time: 49 or more hours worked,82,93,-11
E01003988,Part-time: 15 hours or less worked,128,95,33
E01003988,Part-time: 16 to 30 hours worked,228,205,23
E01003989,Full-time: 31 to 48 hours worked,679,423,256
E01003989,Full-time: 49 or more hours worked,132,66,66
E01003989,Part-time: 15 hours or less worked,158,93,65
E01003989,Part-time: 16 to 30 hours worked,193,197,-4
E01003990,Full-time: 31 to 48 hours worked,604,522,82
E01003990,Full-time: 49 or more hours worked,98,85,13
E01003990,Part-time: 15 hours or less worked,168,86,82
E01003990,Part-time: 16 to 30 hours worked,236,179,57
E01003991,Full-time: 31 to 48 hours worked,318,308,10
E01003991,Full-time: 49 or more hours worked,55,61,-6
E01003991,Part-time: 15 hours or less worked,63,57,6
E01003991,Part-time: 16 to 30 hours worked,111,111,0
E01003992,Full-time: 31 to 48 hours worked,409,363,46
E01003992,Full-time: 49 or more hours worked,57,60,-3
E01003992,Part-time: 15 hours or less worked,84,59,25
E01003992,Part-time: 16 to 30 hours worked,129,129,0
E01003993,Full-time: 31 to 48 hours worked,594,432,162
E01003993,Full-time: 49 or more hours worked,76,75,1
E01003993,Part-time: 15 hours or less worked,110,73,37
E01003993,Part-time: 16 to 30 hours worked,183,158,25
E01003994,Full-time: 31 to 48 hours worked,683,425,258
E01003994,Full-time: 49 or more hours worked,160,103,57
E01003994,Part-time: 15 hours or less worked,93,78,15
E01003994,Part-time: 16 to 30 hours worked,137,140,-3
E01003995,Full-time: 31 to 48 hours worked,421,424,-3
E01003995,Full-time: 49 or more hours worked,95,98,-3
E01003995,Part-time: 15 hours or less worked,62,70,-8
E01003995,Part-time: 16 to 30 hours worked,106,129,-23
E01003997,Full-time: 31 to 48 hours worked,409,363,46
E01003997,Full-time: 49 or more hours worked,104,89,15
E01003997,Part-time: 15 hours or less worked,56,60,-4
E01003997,Part-time: 16 to 30 hours worked,108,107,1
E01003998,Full-time: 31 to 48 hours worked,512,478,34
E01003998,Full-time: 49 or more hours worked,147,151,-4
E01003998,Part-time: 15 hours or less worked,68,36,32
E01003998,Part-time: 16 to 30 hours worked,92,119,-27
E01003999,Full-time: 31 to 48 hours worked,482,491,-9
E01003999,Full-time: 49 or more hours worked,89,107,-18
E01003999,Part-time: 15 hours or less worked,81,58,23
E01003999,Part-time: 16 to 30 hours worked,129,127,2
E01004000,Full-time: 31 to 48 hours worked,682,585,97
E01004000,Full-time: 49 or more hours worked,107,103,4
E01004000,Part-time: 15 hours or less worked,116,77,39
E01004000,Part-time: 16 to 30 hours worked,139,171,-32
E01004001,Full-time: 31 to 48 hours worked,438,385,53
E01004001,Full-time: 49 or more hours worked,65,77,-12
E01004001,Part-time: 15 hours or less worked,77,58,19
E01004001,Part-time: 16 to 30 hours worked,168,163,5
E01004002,Full-time: 31 to 48 hours worked,540,535,5
E01004002,Full-time: 49 or more hours worked,149,110,39
E01004002,Part-time: 15 hours or less worked,75,61,14
E01004002,Part-time: 16 to 30 hours worked,139,153,-14
E01004003,Full-time: 31 to 48 hours worked,535,420,115
E01004003,Full-time: 49 or more hours worked,79,83,-4
E01004003,Part-time: 15 hours or less worked,99,78,21
E01004003,Part-time: 16 to 30 hours worked,183,169,14
E01004004,Full-time: 31 to 48 hours worked,908,812,96
E01004004,Full-time: 49 or more hours worked,167,148,19
E01004004,Part-time: 15 hours or less worked,152,113,39
E01004004,Part-time: 16 to 30 hours worked,227,244,-17
E01004005,Full-time: 31 to 48 hours worked,704,513,191
E01004005,Full-time: 49 or more hours worked,134,132,2
E01004005,Part-time: 15 hours or less worked,108,90,18
E01004005,Part-time: 16 to 30 hours worked,216,167,49
E01004006,Full-time: 31 to 48 hours worked,575,563,12
E01004006,Full-time: 49 or more hours worked,148,104,44
E01004006,Part-time: 15 hours or less worked,97,121,-24
E01004006,Part-time: 16 to 30 hours worked,175,174,1
E01004007,Full-time: 31 to 48 hours worked,386,275,111
E01004007,Full-time: 49 or more hours worked,38,27,11
E01004007,Part-time: 15 hours or less worked,85,51,34
E01004007,Part-time: 16 to 30 hours worked,159,134,25
E01004008,Full-time: 31 to 48 hours worked,614,512,102
E01004008,Full-time: 49 or more hours worked,85,85,0
E01004008,Part-time: 15 hours or less worked,116,81,35
E01004008,Part-time: 16 to 30 hours worked,198,201,-3
E01004010,Full-time: 31 to 48 hours worked,448,385,63
E01004010,Full-time: 49 or more hours worked,80,99,-19
E01004010,Part-time: 15 hours or less worked,121,63,58
E01004010,Part-time: 16 to 30 hours worked,148,156,-8
E01004011,Full-time: 31 to 48 hours worked,619,510,109
E01004011,Full-time: 49 or more hours worked,87,76,11
E01004011,Part-time: 15 hours or less worked,116,60,56
E01004011,Part-time: 16 to 30 hours worked,194,211,-17
E01004012,Full-time: 31 to 48 hours worked,745,729,16
E01004012,Full-time: 49 or more hours worked,137,159,-22
E01004012,Part-time: 15 hours or less worked,107,79,28
E01004012,Part-time: 16 to 30 hours worked,250,218,32
E01004013,Full-time: 31 to 48 hours worked,577,402,175
E01004013,Full-time: 49 or more hours worked,70,71,-1
E01004013,Part-time: 15 hours or less worked,98,57,41
E01004013,Part-time: 16 to 30 hours worked,152,161,-9
E01004014,Full-time: 31 to 48 hours worked,500,437,63
E01004014,Full-time: 49 or more hours worked,109,73,36
E01004014,Part-time: 15 hours or less worked,121,58,63
E01004014,Part-time: 16 to 30 hours worked,223,150,73
E01004015,Full-time: 31 to 48 hours worked,529,536,-7
E01004015,Full-time: 49 or more hours worked,142,178,-36
E01004015,Part-time: 15 hours or less worked,89,60,29
E01004015,Part-time: 16 to 30 hours worked,150,125,25
E01004016,Full-time: 31 to 48 hours worked,906,628,278
E01004016,Full-time: 49 or more hours worked,176,139,37
E01004016,Part-time: 15 hours or less worked,140,74,66
E01004016,Part-time: 16 to 30 hours worked,203,190,13
E01004017,Full-time: 31 to 48 hours worked,512,511,1
E01004017,Full-time: 49 or more hours worked,167,146,21
E01004017,Part-time: 15 hours or less worked,102,52,50
E01004017,Part-time: 16 to 30 hours worked,150,144,6
E01004018,Full-time: 31 to 48 hours worked,679,701,-22
E01004018,Full-time: 49 or more hours worked,184,187,-3
E01004018,Part-time: 15 hours or less worked,105,70,35
E01004018,Part-time: 16 to 30 hours worked,162,162,0
E01004019,Full-time: 31 to 48 hours worked,709,768,-59
E01004019,Full-time: 49 or more hours worked,151,127,24
E01004019,Part-time: 15 hours or less worked,120,84,36
E01004019,Part-time: 16 to 30 hours worked,179,202,-23
E01004020,Full-time: 31 to 48 hours worked,515,523,-8
E01004020,Full-time: 49 or more hours worked,73,121,-48
E01004020,Part-time: 15 hours or less worked,83,79,4
E01004020,Part-time: 16 to 30 hours worked,188,175,13
E01004021,Full-time: 31 to 48 hours worked,909,891,18
E01004021,Full-time: 49 or more hours worked,239,264,-25
E01004021,Part-time: 15 hours or less worked,79,70,9
E01004021,Part-time: 16 to 30 hours worked,185,171,14
E01004023,Full-time: 31 to 48 hours worked,541,430,111
E01004023,Full-time: 49 or more hours worked,124,130,-6
E01004023,Part-time: 15 hours or less worked,112,54,58
E01004023,Part-time: 16 to 30 hours worked,132,116,16
E01004024,Full-time: 31 to 48 hours worked,579,533,46
E01004024,Full-time: 49 or more hours worked,98,98,0
E01004024,Part-time: 15 hours or less worked,95,57,38
E01004024,Part-time: 16 to 30 hours worked,176,147,29
E01004028,Full-time: 31 to 48 hours worked,844,512,332
E01004028,Full-time: 49 or more hours worked,195,143,52
E01004028,Part-time: 15 hours or less worked,117,67,50
E01004028,Part-time: 16 to 30 hours worked,185,113,72
E01004029,Full-time: 31 to 48 hours worked,897,821,76
E01004029,Full-time: 49 or more hours worked,262,261,1
E01004029,Part-time: 15 hours or less worked,74,47,27
E01004029,Part-time: 16 to 30 hours worked,119,99,20
E01004030,Full-time: 31 to 48 hours worked,542,525,17
E01004030,Full-time: 49 or more hours worked,136,155,-19
E01004030,Part-time: 15 hours or less worked,79,77,2
E01004030,Part-time: 16 to 30 hours worked,127,118,9
E01004031,Full-time: 31 to 48 hours worked,1030,588,442
E01004031,Full-time: 49 or more hours worked,289,182,107
E01004031,Part-time: 15 hours or less worked,132,68,64
E01004031,Part-time: 16 to 30 hours worked,157,107,50
E01004032,Full-time: 31 to 48 hours worked,710,733,-23
E01004032,Full-time: 49 or more hours worked,160,259,-99
E01004032,Part-time: 15 hours or less worked,71,53,18
E01004032,Part-time: 16 to 30 hours worked,112,100,12
E01004033,Full-time: 31 to 48 hours worked,842,444,398
E01004033,Full-time: 49 or more hours worked,235,113,122
E01004033,Part-time: 15 hours or less worked,110,49,61
E01004033,Part-time: 16 to 30 hours worked,179,123,56
E01004034,Full-time: 31 to 48 hours worked,481,421,60
E01004034,Full-time: 49 or more hours worked,85,95,-10
E01004034,Part-time: 15 hours or less worked,97,51,46
E01004034,Part-time: 16 to 30 hours worked,150,126,24
E01004035,Full-time: 31 to 48 hours worked,426,401,25
E01004035,Full-time: 49 or more hours worked,69,97,-28
E01004035,Part-time: 15 hours or less worked,73,41,32
E01004035,Part-time: 16 to 30 hours worked,119,155,-36
E01004036,Full-time: 31 to 48 hours worked,600,568,32
E01004036,Full-time: 49 or more hours worked,95,102,-7
E01004036,Part-time: 15 hours or less worked,118,80,38
E01004036,Part-time: 16 to 30 hours worked,200,191,9
E01004037,Full-time: 31 to 48 hours worked,670,644,26
E01004037,Full-time: 49 or more hours worked,113,147,-34
E01004037,Part-time: 15 hours or less worked,114,66,48
E01004037,Part-time: 16 to 30 hours worked,173,156,17
E01004038,Full-time: 31 to 48 hours worked,794,743,51
E01004038,Full-time: 49 or more hours worked,145,151,-6
E01004038,Part-time: 15 hours or less worked,132,82,50
E01004038,Part-time: 16 to 30 hours worked,252,201,51
E01004039,Full-time: 31 to 48 hours worked,526,644,-118
E01004039,Full-time: 49 or more hours worked,93,130,-37
E01004039,Part-time: 15 hours or less worked,98,78,20
E01004039,Part-time: 16 to 30 hours worked,143,169,-26
E01004040,Full-time: 31 to 48 hours worked,438,352,86
E01004040,Full-time: 49 or more hours worked,59,42,17
E01004040,Part-time: 15 hours or less worked,102,49,53
E01004040,Part-time: 16 to 30 hours worked,154,99,55
E01004041,Full-time: 31 to 48 hours worked,501,435,66
E01004041,Full-time: 49 or more hours worked,78,105,-27
E01004041,Part-time: 15 hours or less worked,82,68,14
E01004041,Part-time: 16 to 30 hours worked,133,146,-13
E01004042,Full-time: 31 to 48 hours worked,591,445,146
E01004042,Full-time: 49 or more hours worked,100,81,19
E01004042,Part-time: 15 hours or less worked,115,55,60
E01004042,Part-time: 16 to 30 hours worked,128,140,-12
E01004043,Full-time: 31 to 48 hours worked,470,426,44
E01004043,Full-time: 49 or more hours worked,116,115,1
E01004043,Part-time: 15 hours or less worked,58,47,11
E01004043,Part-time: 16 to 30 hours worked,85,108,-23
E01004044,Full-time: 31 to 48 hours worked,399,349,50
E01004044,Full-time: 49 or more hours worked,67,68,-1
E01004044,Part-time: 15 hours or less worked,78,57,21
E01004044,Part-time: 16 to 30 hours worked,124,115,9
E01004045,Full-time: 31 to 48 hours worked,445,412,33
E01004045,Full-time: 49 or more hours worked,58,66,-8
E01004045,Part-time: 15 hours or less worked,76,70,6
E01004045,Part-time: 16 to 30 hours worked,143,137,6
E01004046,Full-time: 31 to 48 hours worked,539,584,-45
E01004046,Full-time: 49 or more hours worked,165,176,-11
E01004046,Part-time: 15 hours or less worked,72,67,5
E01004046,Part-time: 16 to 30 hours worked,113,102,11
E01004047,Full-time: 31 to 48 hours worked,560,370,190
E01004047,Full-time: 49 or more hours worked,72,66,6
E01004047,Part-time: 15 hours or less worked,111,53,58
E01004047,Part-time: 16 to 30 hours worked,147,149,-2
E01004048,Full-time: 31 to 48 hours worked,612,567,45
E01004048,Full-time: 49 or more hours worked,107,142,-35
E01004048,Part-time: 15 hours or less worked,71,38,33
E01004048,Part-time: 16 to 30 hours worked,130,138,-8
E01004049,Full-time: 31 to 48 hours worked,412,428,-16
E01004049,Full-time: 49 or more hours worked,67,59,8
E01004049,Part-time: 15 hours or less worked,62,93,-31
E01004049,Part-time: 16 to 30 hours worked,131,130,1
E01004050,Full-time: 31 to 48 hours worked,538,537,1
E01004050,Full-time: 49 or more hours worked,179,212,-33
E01004050,Part-time: 15 hours or less worked,84,76,8
E01004050,Part-time: 16 to 30 hours worked,100,108,-8
E01004051,Full-time: 31 to 48 hours worked,515,519,-4
E01004051,Full-time: 49 or more hours worked,101,147,-46
E01004051,Part-time: 15 hours or less worked,67,41,26
E01004051,Part-time: 16 to 30 hours worked,105,96,9
E01004052,Full-time: 31 to 48 hours worked,694,674,20
E01004052,Full-time: 49 or more hours worked,194,202,-8
E01004052,Part-time: 15 hours or less worked,88,57,31
E01004052,Part-time: 16 to 30 hours worked,133,130,3
E01004053,Full-time: 31 to 48 hours worked,848,771,77
E01004053,Full-time: 49 or more hours worked,252,349,-97
E01004053,Part-time: 15 hours or less worked,80,60,20
E01004053,Part-time: 16 to 30 hours worked,119,120,-1
E01004054,Full-time: 31 to 48 hours worked,728,749,-21
E01004054,Full-time: 49 or more hours worked,185,317,-132
E01004054,Part-time: 15 hours or less worked,63,47,16
E01004054,Part-time: 16 to 30 hours worked,98,84,14
E01004055,Full-time: 31 to 48 hours worked,371,342,29
E01004055,Full-time: 49 or more hours worked,54,65,-11
E01004055,Part-time: 15 hours or less worked,65,37,28
E01004055,Part-time: 16 to 30 hours worked,118,112,6
E01004056,Full-time: 31 to 48 hours worked,928,810,118
E01004056,Full-time: 49 or more hours worked,231,261,-30
E01004056,Part-time: 15 hours or less worked,101,72,29
E01004056,Part-time: 16 to 30 hours worked,156,124,32
E01004057,Full-time: 31 to 48 hours worked,806,579,227
E01004057,Full-time: 49 or more hours worked,242,157,85
E01004057,Part-time: 15 hours or less worked,103,47,56
E01004057,Part-time: 16 to 30 hours worked,152,119,33
E01004058,Full-time: 31 to 48 hours worked,889,842,47
E01004058,Full-time: 49 or more hours worked,187,317,-130
E01004058,Part-time: 15 hours or less worked,100,56,44
E01004058,Part-time: 16 to 30 hours worked,119,108,11
E01004059,Full-time: 31 to 48 hours worked,992,720,272
E01004059,Full-time: 49 or more hours worked,257,274,-17
E01004059,Part-time: 15 hours or less worked,81,39,42
E01004059,Part-time: 16 to 30 hours worked,116,81,35
E01004060,Full-time: 31 to 48 hours worked,665,624,41
E01004060,Full-time: 49 or more hours worked,162,164,-2
E01004060,Part-time: 15 hours or less worked,111,60,51
E01004060,Part-time: 16 to 30 hours worked,153,140,13
E01004061,Full-time: 31 to 48 hours worked,644,612,32
E01004061,Full-time: 49 or more hours worked,180,193,-13
E01004061,Part-time: 15 hours or less worked,91,67,24
E01004061,Part-time: 16 to 30 hours worked,146,167,-21
E01004062,Full-time: 31 to 48 hours worked,802,595,207
E01004062,Full-time: 49 or more hours worked,168,136,32
E01004062,Part-time: 15 hours or less worked,123,66,57
E01004062,Part-time: 16 to 30 hours worked,207,157,50
E01004063,Full-time: 31 to 48 hours worked,714,687,27
E01004063,Full-time: 49 or more hours worked,202,182,20
E01004063,Part-time: 15 hours or less worked,84,77,7
E01004063,Part-time: 16 to 30 hours worked,161,145,16
E01004064,Full-time: 31 to 48 hours worked,668,522,146
E01004064,Full-time: 49 or more hours worked,106,113,-7
E01004064,Part-time: 15 hours or less worked,103,78,25
E01004064,Part-time: 16 to 30 hours worked,205,166,39
E01004065,Full-time: 31 to 48 hours worked,595,577,18
E01004065,Full-time: 49 or more hours worked,156,155,1
E01004065,Part-time: 15 hours or less worked,71,54,17
E01004065,Part-time: 16 to 30 hours worked,126,106,20
E01004066,Full-time: 31 to 48 hours worked,603,595,8
E01004066,Full-time: 49 or more hours worked,155,144,11
E01004066,Part-time: 15 hours or less worked,133,120,13
E01004066,Part-time: 16 to 30 hours worked,197,178,19
E01004067,Full-time: 31 to 48 hours worked,672,635,37
E01004067,Full-time: 49 or more hours worked,114,97,17
E01004067,Part-time: 15 hours or less worked,149,81,68
E01004067,Part-time: 16 to 30 hours worked,240,204,36
E01004068,Full-time: 31 to 48 hours worked,575,511,64
E01004068,Full-time: 49 or more hours worked,108,77,31
E01004068,Part-time: 15 hours or less worked,100,79,21
E01004068,Part-time: 16 to 30 hours worked,164,162,2
E01004069,Full-time: 31 to 48 hours worked,287,327,-40
E01004069,Full-time: 49 or more hours worked,169,198,-29
E01004069,Part-time: 15 hours or less worked,62,79,-17
E01004069,Part-time: 16 to 30 hours worked,86,106,-20
E01004070,Full-time: 31 to 48 hours worked,550,560,-10
E01004070,Full-time: 49 or more hours worked,183,243,-60
E01004070,Part-time: 15 hours or less worked,95,100,-5
E01004070,Part-time: 16 to 30 hours worked,161,158,3
E01004071,Full-time: 31 to 48 hours worked,478,492,-14
E01004071,Full-time: 49 or more hours worked,153,170,-17
E01004071,Part-time: 15 hours or less worked,97,54,43
E01004071,Part-time: 16 to 30 hours worked,126,116,10
E01004072,Full-time: 31 to 48 hours worked,489,428,61
E01004072,Full-time: 49 or more hours worked,197,177,20
E01004072,Part-time: 15 hours or less worked,91,59,32
E01004072,Part-time: 16 to 30 hours worked,137,108,29
E01004073,Full-time: 31 to 48 hours worked,575,624,-49
E01004073,Full-time: 49 or more hours worked,218,230,-12
E01004073,Part-time: 15 hours or less worked,84,86,-2
E01004073,Part-time: 16 to 30 hours worked,137,129,8
E01004074,Full-time: 31 to 48 hours worked,441,440,1
E01004074,Full-time: 49 or more hours worked,180,263,-83
E01004074,Part-time: 15 hours or less worked,93,83,10
E01004074,Part-time: 16 to 30 hours worked,127,147,-20
E01004075,Full-time: 31 to 48 hours worked,399,501,-102
E01004075,Full-time: 49 or more hours worked,209,330,-121
E01004075,Part-time: 15 hours or less worked,125,86,39
E01004075,Part-time: 16 to 30 hours worked,117,163,-46
E01004076,Full-time: 31 to 48 hours worked,500,480,20
E01004076,Full-time: 49 or more hours worked,69,77,-8
E01004076,Part-time: 15 hours or less worked,74,56,18
E01004076,Part-time: 16 to 30 hours worked,158,140,18
E01004077,Full-time: 31 to 48 hours worked,475,463,12
E01004077,Full-time: 49 or more hours worked,68,106,-38
E01004077,Part-time: 15 hours or less worked,89,68,21
E01004077,Part-time: 16 to 30 hours worked,161,140,21
E01004078,Full-time: 31 to 48 hours worked,558,554,4
E01004078,Full-time: 49 or more hours worked,88,93,-5
E01004078,Part-time: 15 hours or less worked,83,62,21
E01004078,Part-time: 16 to 30 hours worked,167,141,26
E01004079,Full-time: 31 to 48 hours worked,449,442,7
E01004079,Full-time: 49 or more hours worked,83,97,-14
E01004079,Part-time: 15 hours or less worked,78,71,7
E01004079,Part-time: 16 to 30 hours worked,136,146,-10
E01004080,Full-time: 31 to 48 hours worked,442,434,8
E01004080,Full-time: 49 or more hours worked,47,59,-12
E01004080,Part-time: 15 hours or less worked,82,62,20
E01004080,Part-time: 16 to 30 hours worked,121,146,-25
E01004081,Full-time: 31 to 48 hours worked,529,496,33
E01004081,Full-time: 49 or more hours worked,75,85,-10
E01004081,Part-time: 15 hours or less worked,87,78,9
E01004081,Part-time: 16 to 30 hours worked,156,138,18
E01004082,Full-time: 31 to 48 hours worked,436,478,-42
E01004082,Full-time: 49 or more hours worked,68,87,-19
E01004082,Part-time: 15 hours or less worked,84,58,26
E01004082,Part-time: 16 to 30 hours worked,124,132,-8
E01004083,Full-time: 31 to 48 hours worked,357,358,-1
E01004083,Full-time: 49 or more hours worked,36,37,-1
E01004083,Part-time: 15 hours or less worked,81,48,33
E01004083,Part-time: 16 to 30 hours worked,143,140,3
E01004084,Full-time: 31 to 48 hours worked,388,392,-4
E01004084,Full-time: 49 or more hours worked,86,135,-49
E01004084,Part-time: 15 hours or less worked,71,78,-7
E01004084,Part-time: 16 to 30 hours worked,120,120,0
E01004085,Full-time: 31 to 48 hours worked,469,435,34
E01004085,Full-time: 49 or more hours worked,102,124,-22
E01004085,Part-time: 15 hours or less worked,75,95,-20
E01004085,Part-time: 16 to 30 hours worked,133,160,-27
E01004086,Full-time: 31 to 48 hours worked,605,478,127
E01004086,Full-time: 49 or more hours worked,106,105,1
E01004086,Part-time: 15 hours or less worked,94,73,21
E01004086,Part-time: 16 to 30 hours worked,174,156,18
E01004087,Full-time: 31 to 48 hours worked,460,386,74
E01004087,Full-time: 49 or more hours worked,74,121,-47
E01004087,Part-time: 15 hours or less worked,84,80,4
E01004087,Part-time: 16 to 30 hours worked,124,147,-23
E01004088,Full-time: 31 to 48 hours worked,406,420,-14
E01004088,Full-time: 49 or more hours worked,59,66,-7
E01004088,Part-time: 15 hours or less worked,95,67,28
E01004088,Part-time: 16 to 30 hours worked,203,141,62
E01004089,Full-time: 31 to 48 hours worked,332,323,9
E01004089,Full-time: 49 or more hours worked,46,47,-1
E01004089,Part-time: 15 hours or less worked,64,56,8
E01004089,Part-time: 16 to 30 hours worked,104,108,-4
E01004090,Full-time: 31 to 48 hours worked,299,290,9
E01004090,Full-time: 49 or more hours worked,45,58,-13
E01004090,Part-time: 15 hours or less worked,69,43,26
E01004090,Part-time: 16 to 30 hours worked,140,86,54
E01004091,Full-time: 31 to 48 hours worked,353,342,11
E01004091,Full-time: 49 or more hours worked,66,107,-41
E01004091,Part-time: 15 hours or less worked,75,70,5
E01004091,Part-time: 16 to 30 hours worked,99,140,-41
E01004092,Full-time: 31 to 48 hours worked,376,413,-37
E01004092,Full-time: 49 or more hours worked,125,123,2
E01004092,Part-time: 15 hours or less worked,111,89,22
E01004092,Part-time: 16 to 30 hours worked,99,114,-15
E01004093,Full-time: 31 to 48 hours worked,494,459,35
E01004093,Full-time: 49 or more hours worked,81,136,-55
E01004093,Part-time: 15 hours or less worked,76,80,-4
E01004093,Part-time: 16 to 30 hours worked,109,118,-9
E01004094,Full-time: 31 to 48 hours worked,643,565,78
E01004094,Full-time: 49 or more hours worked,102,134,-32
E01004094,Part-time: 15 hours or less worked,64,73,-9
E01004094,Part-time: 16 to 30 hours worked,157,162,-5
E01004095,Full-time: 31 to 48 hours worked,479,507,-28
E01004095,Full-time: 49 or more hours worked,96,138,-42
E01004095,Part-time: 15 hours or less worked,56,52,4
E01004095,Part-time: 16 to 30 hours worked,130,123,7
E01004096,Full-time: 31 to 48 hours worked,595,554,41
E01004096,Full-time: 49 or more hours worked,75,108,-33
E01004096,Part-time: 15 hours or less worked,80,46,34
E01004096,Part-time: 16 to 30 hours worked,122,104,18
E01004097,Full-time: 31 to 48 hours worked,559,586,-27
E01004097,Full-time: 49 or more hours worked,79,114,-35
E01004097,Part-time: 15 hours or less worked,91,75,16
E01004097,Part-time: 16 to 30 hours worked,138,161,-23
E01004098,Full-time: 31 to 48 hours worked,392,353,39
E01004098,Full-time: 49 or more hours worked,88,112,-24
E01004098,Part-time: 15 hours or less worked,75,66,9
E01004098,Part-time: 16 to 30 hours worked,111,115,-4
E01004099,Full-time: 31 to 48 hours worked,553,544,9
E01004099,Full-time: 49 or more hours worked,110,123,-13
E01004099,Part-time: 15 hours or less worked,86,46,40
E01004099,Part-time: 16 to 30 hours worked,115,105,10
E01004100,Full-time: 31 to 48 hours worked,436,421,15
E01004100,Full-time: 49 or more hours worked,71,72,-1
E01004100,Part-time: 15 hours or less worked,88,81,7
E01004100,Part-time: 16 to 30 hours worked,156,128,28
E01004101,Full-time: 31 to 48 hours worked,402,412,-10
E01004101,Full-time: 49 or more hours worked,95,97,-2
E01004101,Part-time: 15 hours or less worked,67,58,9
E01004101,Part-time: 16 to 30 hours worked,136,118,18
E01004102,Full-time: 31 to 48 hours worked,477,409,68
E01004102,Full-time: 49 or more hours worked,100,135,-35
E01004102,Part-time: 15 hours or less worked,71,58,13
E01004102,Part-time: 16 to 30 hours worked,137,119,18
E01004103,Full-time: 31 to 48 hours worked,616,643,-27
E01004103,Full-time: 49 or more hours worked,95,103,-8
E01004103,Part-time: 15 hours or less worked,105,53,52
E01004103,Part-time: 16 to 30 hours worked,164,150,14
E01004104,Full-time: 31 to 48 hours worked,390,392,-2
E01004104,Full-time: 49 or more hours worked,112,109,3
E01004104,Part-time: 15 hours or less worked,90,93,-3
E01004104,Part-time: 16 to 30 hours worked,133,155,-22
E01004105,Full-time: 31 to 48 hours worked,541,548,-7
E01004105,Full-time: 49 or more hours worked,111,141,-30
E01004105,Part-time: 15 hours or less worked,98,103,-5
E01004105,Part-time: 16 to 30 hours worked,167,179,-12
E01004106,Full-time: 31 to 48 hours worked,412,376,36
E01004106,Full-time: 49 or more hours worked,111,146,-35
E01004106,Part-time: 15 hours or less worked,105,120,-15
E01004106,Part-time: 16 to 30 hours worked,136,149,-13
E01004107,Full-time: 31 to 48 hours worked,487,453,34
E01004107,Full-time: 49 or more hours worked,94,104,-10
E01004107,Part-time: 15 hours or less worked,85,68,17
E01004107,Part-time: 16 to 30 hours worked,126,152,-26
E01004108,Full-time: 31 to 48 hours worked,590,455,135
E01004108,Full-time: 49 or more hours worked,152,142,10
E01004108,Part-time: 15 hours or less worked,107,83,24
E01004108,Part-time: 16 to 30 hours worked,160,163,-3
E01004109,Full-time: 31 to 48 hours worked,495,467,28
E01004109,Full-time: 49 or more hours worked,76,113,-37
E01004109,Part-time: 15 hours or less worked,71,70,1
E01004109,Part-time: 16 to 30 hours worked,175,137,38
E01004110,Full-time: 31 to 48 hours worked,596,604,-8
E01004110,Full-time: 49 or more hours worked,107,125,-18
E01004110,Part-time: 15 hours or less worked,107,76,31
E01004110,Part-time: 16 to 30 hours worked,200,160,40
E01004111,Full-time: 31 to 48 hours worked,511,429,82
E01004111,Full-time: 49 or more hours worked,75,94,-19
E01004111,Part-time: 15 hours or less worked,102,80,22
E01004111,Part-time: 16 to 30 hours worked,134,135,-1
E01004112,Full-time: 31 to 48 hours worked,405,432,-27
E01004112,Full-time: 49 or more hours worked,129,154,-25
E01004112,Part-time: 15 hours or less worked,101,86,15
E01004112,Part-time: 16 to 30 hours worked,142,138,4
E01004114,Full-time: 31 to 48 hours worked,358,346,12
E01004114,Full-time: 49 or more hours worked,158,171,-13
E01004114,Part-time: 15 hours or less worked,122,128,-6
E01004114,Part-time: 16 to 30 hours worked,138,127,11
E01004115,Full-time: 31 to 48 hours worked,586,541,45
E01004115,Full-time: 49 or more hours worked,87,115,-28
E01004115,Part-time: 15 hours or less worked,92,87,5
E01004115,Part-time: 16 to 30 hours worked,172,165,7
E01004116,Full-time: 31 to 48 hours worked,428,430,-2
E01004116,Full-time: 49 or more hours worked,97,96,1
E01004116,Part-time: 15 hours or less worked,80,73,7
E01004116,Part-time: 16 to 30 hours worked,131,133,-2
E01004117,Full-time: 31 to 48 hours worked,492,491,1
E01004117,Full-time: 49 or more hours worked,105,90,15
E01004117,Part-time: 15 hours or less worked,71,72,-1
E01004117,Part-time: 16 to 30 hours worked,129,156,-27
E01004118,Full-time: 31 to 48 hours worked,509,519,-10
E01004118,Full-time: 49 or more hours worked,97,95,2
E01004118,Part-time: 15 hours or less worked,94,81,13
E01004118,Part-time: 16 to 30 hours worked,184,168,16
E01004119,Full-time: 31 to 48 hours worked,445,454,-9
E01004119,Full-time: 49 or more hours worked,75,90,-15
E01004119,Part-time: 15 hours or less worked,63,92,-29
E01004119,Part-time: 16 to 30 hours worked,158,165,-7
E01004120,Full-time: 31 to 48 hours worked,434,447,-13
E01004120,Full-time: 49 or more hours worked,78,95,-17
E01004120,Part-time: 15 hours or less worked,81,106,-25
E01004120,Part-time: 16 to 30 hours worked,163,168,-5
E01004121,Full-time: 31 to 48 hours worked,487,500,-13
E01004121,Full-time: 49 or more hours worked,72,105,-33
E01004121,Part-time: 15 hours or less worked,95,87,8
E01004121,Part-time: 16 to 30 hours worked,139,146,-7
E01004122,Full-time: 31 to 48 hours worked,417,435,-18
E01004122,Full-time: 49 or more hours worked,84,96,-12
E01004122,Part-time: 15 hours or less worked,70,73,-3
E01004122,Part-time: 16 to 30 hours worked,112,119,-7
E01004123,Full-time: 31 to 48 hours worked,693,639,54
E01004123,Full-time: 49 or more hours worked,88,107,-19
E01004123,Part-time: 15 hours or less worked,102,90,12
E01004123,Part-time: 16 to 30 hours worked,224,191,33
E01004124,Full-time: 31 to 48 hours worked,574,533,41
E01004124,Full-time: 49 or more hours worked,84,78,6
E01004124,Part-time: 15 hours or less worked,124,86,38
E01004124,Part-time: 16 to 30 hours worked,196,161,35
E01004125,Full-time: 31 to 48 hours worked,439,447,-8
E01004125,Full-time: 49 or more hours worked,74,62,12
E01004125,Part-time: 15 hours or less worked,83,37,46
E01004125,Part-time: 16 to 30 hours worked,128,158,-30
E01004126,Full-time: 31 to 48 hours worked,478,421,57
E01004126,Full-time: 49 or more hours worked,49,63,-14
E01004126,Part-time: 15 hours or less worked,77,45,32
E01004126,Part-time: 16 to 30 hours worked,134,126,8
E01004127,Full-time: 31 to 48 hours worked,540,477,63
E01004127,Full-time: 49 or more hours worked,92,92,0
E01004127,Part-time: 15 hours or less worked,83,76,7
E01004127,Part-time: 16 to 30 hours worked,193,148,45
E01004128,Full-time: 31 to 48 hours worked,463,454,9
E01004128,Full-time: 49 or more hours worked,61,80,-19
E01004128,Part-time: 15 hours or less worked,72,62,10
E01004128,Part-time: 16 to 30 hours worked,140,146,-6
E01004129,Full-time: 31 to 48 hours worked,485,484,1
E01004129,Full-time: 49 or more hours worked,80,72,8
E01004129,Part-time: 15 hours or less worked,104,59,45
E01004129,Part-time: 16 to 30 hours worked,175,142,33
E01004130,Full-time: 31 to 48 hours worked,530,484,46
E01004130,Full-time: 49 or more hours worked,88,95,-7
E01004130,Part-time: 15 hours or less worked,107,76,31
E01004130,Part-time: 16 to 30 hours worked,175,175,0
E01004131,Full-time: 31 to 48 hours worked,606,468,138
E01004131,Full-time: 49 or more hours worked,92,95,-3
E01004131,Part-time: 15 hours or less worked,95,68,27
E01004131,Part-time: 16 to 30 hours worked,175,192,-17
E01004132,Full-time: 31 to 48 hours worked,490,447,43
E01004132,Full-time: 49 or more hours worked,79,95,-16
E01004132,Part-time: 15 hours or less worked,104,83,21
E01004132,Part-time: 16 to 30 hours worked,162,182,-20
E01004133,Full-time: 31 to 48 hours worked,479,447,32
E01004133,Full-time: 49 or more hours worked,67,77,-10
E01004133,Part-time: 15 hours or less worked,97,93,4
E01004133,Part-time: 16 to 30 hours worked,167,162,5
E01004134,Full-time: 31 to 48 hours worked,467,460,7
E01004134,Full-time: 49 or more hours worked,66,88,-22
E01004134,Part-time: 15 hours or less worked,90,62,28
E01004134,Part-time: 16 to 30 hours worked,161,166,-5
E01004135,Full-time: 31 to 48 hours worked,415,433,-18
E01004135,Full-time: 49 or more hours worked,66,85,-19
E01004135,Part-time: 15 hours or less worked,84,89,-5
E01004135,Part-time: 16 to 30 hours worked,126,153,-27
E01004136,Full-time: 31 to 48 hours worked,523,504,19
E01004136,Full-time: 49 or more hours worked,79,88,-9
E01004136,Part-time: 15 hours or less worked,83,78,5
E01004136,Part-time: 16 to 30 hours worked,133,150,-17
E01004137,Full-time: 31 to 48 hours worked,1017,606,411
E01004137,Full-time: 49 or more hours worked,174,122,52
E01004137,Part-time: 15 hours or less worked,119,46,73
E01004137,Part-time: 16 to 30 hours worked,196,117,79
E01004138,Full-time: 31 to 48 hours worked,592,582,10
E01004138,Full-time: 49 or more hours worked,100,118,-18
E01004138,Part-time: 15 hours or less worked,91,57,34
E01004138,Part-time: 16 to 30 hours worked,162,120,42
E01004139,Full-time: 31 to 48 hours worked,502,501,1
E01004139,Full-time: 49 or more hours worked,84,93,-9
E01004139,Part-time: 15 hours or less worked,70,64,6
E01004139,Part-time: 16 to 30 hours worked,162,112,50
E01004140,Full-time: 31 to 48 hours worked,507,473,34
E01004140,Full-time: 49 or more hours worked,83,67,16
E01004140,Part-time: 15 hours or less worked,114,52,62
E01004140,Part-time: 16 to 30 hours worked,174,141,33
E01004141,Full-time: 31 to 48 hours worked,498,512,-14
E01004141,Full-time: 49 or more hours worked,63,82,-19
E01004141,Part-time: 15 hours or less worked,103,54,49
E01004141,Part-time: 16 to 30 hours worked,164,126,38
E01004143,Full-time: 31 to 48 hours worked,541,488,53
E01004143,Full-time: 49 or more hours worked,80,96,-16
E01004143,Part-time: 15 hours or less worked,65,64,1
E01004143,Part-time: 16 to 30 hours worked,146,138,8
E01004144,Full-time: 31 to 48 hours worked,530,510,20
E01004144,Full-time: 49 or more hours worked,102,102,0
E01004144,Part-time: 15 hours or less worked,109,89,20
E01004144,Part-time: 16 to 30 hours worked,155,146,9
E01004145,Full-time: 31 to 48 hours worked,707,696,11
E01004145,Full-time: 49 or more hours worked,90,121,-31
E01004145,Part-time: 15 hours or less worked,111,94,17
E01004145,Part-time: 16 to 30 hours worked,224,193,31
E01004146,Full-time: 31 to 48 hours worked,631,522,109
E01004146,Full-time: 49 or more hours worked,100,92,8
E01004146,Part-time: 15 hours or less worked,117,64,53
E01004146,Part-time: 16 to 30 hours worked,197,156,41
E01004147,Full-time: 31 to 48 hours worked,459,443,16
E01004147,Full-time: 49 or more hours worked,68,82,-14
E01004147,Part-time: 15 hours or less worked,75,71,4
E01004147,Part-time: 16 to 30 hours worked,155,154,1
E01004148,Full-time: 31 to 48 hours worked,441,426,15
E01004148,Full-time: 49 or more hours worked,70,90,-20
E01004148,Part-time: 15 hours or less worked,80,59,21
E01004148,Part-time: 16 to 30 hours worked,148,163,-15
E01004149,Full-time: 31 to 48 hours worked,571,526,45
E01004149,Full-time: 49 or more hours worked,88,97,-9
E01004149,Part-time: 15 hours or less worked,87,74,13
E01004149,Part-time: 16 to 30 hours worked,167,129,38
E01004150,Full-time: 31 to 48 hours worked,679,556,123
E01004150,Full-time: 49 or more hours worked,110,118,-8
E01004150,Part-time: 15 hours or less worked,83,46,37
E01004150,Part-time: 16 to 30 hours worked,158,97,61
E01004151,Full-time: 31 to 48 hours worked,656,639,17
E01004151,Full-time: 49 or more hours worked,99,155,-56
E01004151,Part-time: 15 hours or less worked,107,70,37
E01004151,Part-time: 16 to 30 hours worked,146,122,24
E01004152,Full-time: 31 to 48 hours worked,573,554,19
E01004152,Full-time: 49 or more hours worked,83,105,-22
E01004152,Part-time: 15 hours or less worked,75,63,12
E01004152,Part-time: 16 to 30 hours worked,120,92,28
E01004153,Full-time: 31 to 48 hours worked,674,614,60
E01004153,Full-time: 49 or more hours worked,97,141,-44
E01004153,Part-time: 15 hours or less worked,74,46,28
E01004153,Part-time: 16 to 30 hours worked,143,115,28
E01004154,Full-time: 31 to 48 hours worked,361,406,-45
E01004154,Full-time: 49 or more hours worked,104,108,-4
E01004154,Part-time: 15 hours or less worked,78,86,-8
E01004154,Part-time: 16 to 30 hours worked,119,115,4
E01004155,Full-time: 31 to 48 hours worked,658,648,10
E01004155,Full-time: 49 or more hours worked,134,133,1
E01004155,Part-time: 15 hours or less worked,76,57,19
E01004155,Part-time: 16 to 30 hours worked,130,102,28
E01004156,Full-time: 31 to 48 hours worked,728,649,79
E01004156,Full-time: 49 or more hours worked,106,128,-22
E01004156,Part-time: 15 hours or less worked,99,59,40
E01004156,Part-time: 16 to 30 hours worked,158,124,34
E01004157,Full-time: 31 to 48 hours worked,362,366,-4
E01004157,Full-time: 49 or more hours worked,86,99,-13
E01004157,Part-time: 15 hours or less worked,72,75,-3
E01004157,Part-time: 16 to 30 hours worked,95,117,-22
E01004158,Full-time: 31 to 48 hours worked,541,514,27
E01004158,Full-time: 49 or more hours worked,85,140,-55
E01004158,Part-time: 15 hours or less worked,71,72,-1
E01004158,Part-time: 16 to 30 hours worked,131,115,16
E01004159,Full-time: 31 to 48 hours worked,534,494,40
E01004159,Full-time: 49 or more hours worked,75,87,-12
E01004159,Part-time: 15 hours or less worked,89,76,13
E01004159,Part-time: 16 to 30 hours worked,150,152,-2
E01004160,Full-time: 31 to 48 hours worked,569,576,-7
E01004160,Full-time: 49 or more hours worked,107,128,-21
E01004160,Part-time: 15 hours or less worked,94,59,35
E01004160,Part-time: 16 to 30 hours worked,145,141,4
E01004161,Full-time: 31 to 48 hours worked,518,528,-10
E01004161,Full-time: 49 or more hours worked,74,108,-34
E01004161,Part-time: 15 hours or less worked,67,73,-6
E01004161,Part-time: 16 to 30 hours worked,141,134,7
E01004162,Full-time: 31 to 48 hours worked,590,545,45
E01004162,Full-time: 49 or more hours worked,75,116,-41
E01004162,Part-time: 15 hours or less worked,95,53,42
E01004162,Part-time: 16 to 30 hours worked,165,113,52
E01004163,Full-time: 31 to 48 hours worked,576,530,46
E01004163,Full-time: 49 or more hours worked,81,78,3
E01004163,Part-time: 15 hours or less worked,85,73,12
E01004163,Part-time: 16 to 30 hours worked,169,129,40
E01004164,Full-time: 31 to 48 hours worked,533,545,-12
E01004164,Full-time: 49 or more hours worked,63,82,-19
E01004164,Part-time: 15 hours or less worked,71,63,8
E01004164,Part-time: 16 to 30 hours worked,125,148,-23
E01004165,Full-time: 31 to 48 hours worked,599,603,-4
E01004165,Full-time: 49 or more hours worked,95,95,0
E01004165,Part-time: 15 hours or less worked,79,84,-5
E01004165,Part-time: 16 to 30 hours worked,171,140,31
E01004166,Full-time: 31 to 48 hours worked,544,526,18
E01004166,Full-time: 49 or more hours worked,91,117,-26
E01004166,Part-time: 15 hours or less worked,53,58,-5
E01004166,Part-time: 16 to 30 hours worked,123,121,2
E01004167,Full-time: 31 to 48 hours worked,402,372,30
E01004167,Full-time: 49 or more hours worked,59,68,-9
E01004167,Part-time: 15 hours or less worked,89,46,43
E01004167,Part-time: 16 to 30 hours worked,157,113,44
E01004168,Full-time: 31 to 48 hours worked,505,496,9
E01004168,Full-time: 49 or more hours worked,103,112,-9
E01004168,Part-time: 15 hours or less worked,94,93,1
E01004168,Part-time: 16 to 30 hours worked,138,158,-20
E01004169,Full-time: 31 to 48 hours worked,631,361,270
E01004169,Full-time: 49 or more hours worked,72,70,2
E01004169,Part-time: 15 hours or less worked,74,46,28
E01004169,Part-time: 16 to 30 hours worked,142,90,52
E01004170,Full-time: 31 to 48 hours worked,734,600,134
E01004170,Full-time: 49 or more hours worked,112,141,-29
E01004170,Part-time: 15 hours or less worked,114,86,28
E01004170,Part-time: 16 to 30 hours worked,195,161,34
E01004171,Full-time: 31 to 48 hours worked,491,440,51
E01004171,Full-time: 49 or more hours worked,77,92,-15
E01004171,Part-time: 15 hours or less worked,66,82,-16
E01004171,Part-time: 16 to 30 hours worked,136,145,-9
E01004172,Full-time: 31 to 48 hours worked,527,503,24
E01004172,Full-time: 49 or more hours worked,79,92,-13
E01004172,Part-time: 15 hours or less worked,126,51,75
E01004172,Part-time: 16 to 30 hours worked,199,127,72
E01004173,Full-time: 31 to 48 hours worked,399,435,-36
E01004173,Full-time: 49 or more hours worked,64,74,-10
E01004173,Part-time: 15 hours or less worked,74,77,-3
E01004173,Part-time: 16 to 30 hours worked,128,126,2
E01004174,Full-time: 31 to 48 hours worked,505,508,-3
E01004174,Full-time: 49 or more hours worked,97,96,1
E01004174,Part-time: 15 hours or less worked,83,51,32
E01004174,Part-time: 16 to 30 hours worked,125,117,8
E01004175,Full-time: 31 to 48 hours worked,593,537,56
E01004175,Full-time: 49 or more hours worked,84,97,-13
E01004175,Part-time: 15 hours or less worked,103,76,27
E01004175,Part-time: 16 to 30 hours worked,173,146,27
E01004176,Full-time: 31 to 48 hours worked,520,521,-1
E01004176,Full-time: 49 or more hours worked,84,89,-5
E01004176,Part-time: 15 hours or less worked,95,66,29
E01004176,Part-time: 16 to 30 hours worked,129,127,2
E01004177,Full-time: 31 to 48 hours worked,448,462,-14
E01004177,Full-time: 49 or more hours worked,72,91,-19
E01004177,Part-time: 15 hours or less worked,69,58,11
E01004177,Part-time: 16 to 30 hours worked,130,119,11
E01004178,Full-time: 31 to 48 hours worked,677,691,-14
E01004178,Full-time: 49 or more hours worked,143,133,10
E01004178,Part-time: 15 hours or less worked,115,67,48
E01004178,Part-time: 16 to 30 hours worked,207,185,22
E01004179,Full-time: 31 to 48 hours worked,494,492,2
E01004179,Full-time: 49 or more hours worked,103,122,-19
E01004179,Part-time: 15 hours or less worked,84,81,3
E01004179,Part-time: 16 to 30 hours worked,160,147,13
E01004180,Full-time: 31 to 48 hours worked,448,420,28
E01004180,Full-time: 49 or more hours worked,123,133,-10
E01004180,Part-time: 15 hours or less worked,111,125,-14
E01004180,Part-time: 16 to 30 hours worked,161,166,-5
E01004181,Full-time: 31 to 48 hours worked,460,543,-83
E01004181,Full-time: 49 or more hours worked,89,127,-38
E01004181,Part-time: 15 hours or less worked,95,55,40
E01004181,Part-time: 16 to 30 hours worked,144,130,14
E01004182,Full-time: 31 to 48 hours worked,442,415,27
E01004182,Full-time: 49 or more hours worked,69,66,3
E01004182,Part-time: 15 hours or less worked,83,85,-2
E01004182,Part-time: 16 to 30 hours worked,175,133,42
E01004183,Full-time: 31 to 48 hours worked,544,508,36
E01004183,Full-time: 49 or more hours worked,75,78,-3
E01004183,Part-time: 15 hours or less worked,81,77,4
E01004183,Part-time: 16 to 30 hours worked,187,158,29
E01004184,Full-time: 31 to 48 hours worked,452,386,66
E01004184,Full-time: 49 or more hours worked,56,85,-29
E01004184,Part-time: 15 hours or less worked,78,58,20
E01004184,Part-time: 16 to 30 hours worked,162,140,22
E01004185,Full-time: 31 to 48 hours worked,653,383,270
E01004185,Full-time: 49 or more hours worked,81,64,17
E01004185,Part-time: 15 hours or less worked,108,65,43
E01004185,Part-time: 16 to 30 hours worked,152,127,25
E01004186,Full-time: 31 to 48 hours worked,634,707,-73
E01004186,Full-time: 49 or more hours worked,80,129,-49
E01004186,Part-time: 15 hours or less worked,83,67,16
E01004186,Part-time: 16 to 30 hours worked,176,147,29
E01004187,Full-time: 31 to 48 hours worked,527,475,52
E01004187,Full-time: 49 or more hours worked,70,86,-16
E01004187,Part-time: 15 hours or less worked,63,64,-1
E01004187,Part-time: 16 to 30 hours worked,149,155,-6
E01004189,Full-time: 31 to 48 hours worked,593,562,31
E01004189,Full-time: 49 or more hours worked,76,81,-5
E01004189,Part-time: 15 hours or less worked,99,70,29
E01004189,Part-time: 16 to 30 hours worked,191,164,27
E01004190,Full-time: 31 to 48 hours worked,419,426,-7
E01004190,Full-time: 49 or more hours worked,83,83,0
E01004190,Part-time: 15 hours or less worked,73,85,-12
E01004190,Part-time: 16 to 30 hours worked,123,135,-12
E01004191,Full-time: 31 to 48 hours worked,556,487,69
E01004191,Full-time: 49 or more hours worked,101,115,-14
E01004191,Part-time: 15 hours or less worked,99,78,21
E01004191,Part-time: 16 to 30 hours worked,179,147,32
E01004192,Full-time: 31 to 48 hours worked,633,701,-68
E01004192,Full-time: 49 or more hours worked,118,153,-35
E01004192,Part-time: 15 hours or less worked,91,73,18
E01004192,Part-time: 16 to 30 hours worked,137,159,-22
E01004193,Full-time: 31 to 48 hours worked,896,764,132
E01004193,Full-time: 49 or more hours worked,180,179,1
E01004193,Part-time: 15 hours or less worked,117,103,14
E01004193,Part-time: 16 to 30 hours worked,242,184,58
E01004194,Full-time: 31 to 48 hours worked,528,480,48
E01004194,Full-time: 49 or more hours worked,75,93,-18
E01004194,Part-time: 15 hours or less worked,68,61,7
E01004194,Part-time: 16 to 30 hours worked,140,121,19
E01004195,Full-time: 31 to 48 hours worked,541,535,6
E01004195,Full-time: 49 or more hours worked,88,103,-15
E01004195,Part-time: 15 hours or less worked,89,71,18
E01004195,Part-time: 16 to 30 hours worked,156,145,11
E01004196,Full-time: 31 to 48 hours worked,479,462,17
E01004196,Full-time: 49 or more hours worked,95,93,2
E01004196,Part-time: 15 hours or less worked,73,64,9
E01004196,Part-time: 16 to 30 hours worked,138,116,22
E01004198,Full-time: 31 to 48 hours worked,365,360,5
E01004198,Full-time: 49 or more hours worked,46,86,-40
E01004198,Part-time: 15 hours or less worked,71,51,20
E01004198,Part-time: 16 to 30 hours worked,153,144,9
E01004199,Full-time: 31 to 48 hours worked,379,297,82
E01004199,Full-time: 49 or more hours worked,71,50,21
E01004199,Part-time: 15 hours or less worked,83,63,20
E01004199,Part-time: 16 to 30 hours worked,161,143,18
E01004200,Full-time: 31 to 48 hours worked,549,524,25
E01004200,Full-time: 49 or more hours worked,131,183,-52
E01004200,Part-time: 15 hours or less worked,88,108,-20
E01004200,Part-time: 16 to 30 hours worked,111,110,1
E01004201,Full-time: 31 to 48 hours worked,552,448,104
E01004201,Full-time: 49 or more hours worked,96,93,3
E01004201,Part-time: 15 hours or less worked,93,61,32
E01004201,Part-time: 16 to 30 hours worked,167,141,26
E01004202,Full-time: 31 to 48 hours worked,659,602,57
E01004202,Full-time: 49 or more hours worked,193,194,-1
E01004202,Part-time: 15 hours or less worked,99,65,34
E01004202,Part-time: 16 to 30 hours worked,199,143,56
E01004203,Full-time: 31 to 48 hours worked,588,599,-11
E01004203,Full-time: 49 or more hours worked,137,160,-23
E01004203,Part-time: 15 hours or less worked,114,72,42
E01004203,Part-time: 16 to 30 hours worked,138,142,-4
E01004204,Full-time: 31 to 48 hours worked,523,372,151
E01004204,Full-time: 49 or more hours worked,80,49,31
E01004204,Part-time: 15 hours or less worked,122,40,82
E01004204,Part-time: 16 to 30 hours worked,167,133,34
E01004205,Full-time: 31 to 48 hours worked,461,345,116
E01004205,Full-time: 49 or more hours worked,108,67,41
E01004205,Part-time: 15 hours or less worked,93,92,1
E01004205,Part-time: 16 to 30 hours worked,217,237,-20
E01004206,Full-time: 31 to 48 hours worked,296,281,15
E01004206,Full-time: 49 or more hours worked,47,43,4
E01004206,Part-time: 15 hours or less worked,79,63,16
E01004206,Part-time: 16 to 30 hours worked,154,146,8
E01004207,Full-time: 31 to 48 hours worked,400,299,101
E01004207,Full-time: 49 or more hours worked,60,67,-7
E01004207,Part-time: 15 hours or less worked,65,61,4
E01004207,Part-time: 16 to 30 hours worked,125,135,-10
E01004208,Full-time: 31 to 48 hours worked,702,636,66
E01004208,Full-time: 49 or more hours worked,147,208,-61
E01004208,Part-time: 15 hours or less worked,119,73,46
E01004208,Part-time: 16 to 30 hours worked,153,168,-15
E01004209,Full-time: 31 to 48 hours worked,263,260,3
E01004209,Full-time: 49 or more hours worked,33,45,-12
E01004209,Part-time: 15 hours or less worked,85,48,37
E01004209,Part-time: 16 to 30 hours worked,137,125,12
E01004211,Full-time: 31 to 48 hours worked,601,546,55
E01004211,Full-time: 49 or more hours worked,149,170,-21
E01004211,Part-time: 15 hours or less worked,84,63,21
E01004211,Part-time: 16 to 30 hours worked,124,124,0
E01004212,Full-time: 31 to 48 hours worked,606,401,205
E01004212,Full-time: 49 or more hours worked,145,111,34
E01004212,Part-time: 15 hours or less worked,93,60,33
E01004212,Part-time: 16 to 30 hours worked,189,145,44
E01004214,Full-time: 31 to 48 hours worked,349,297,52
E01004214,Full-time: 49 or more hours worked,58,67,-9
E01004214,Part-time: 15 hours or less worked,88,65,23
E01004214,Part-time: 16 to 30 hours worked,152,153,-1
E01004216,Full-time: 31 to 48 hours worked,601,600,1
E01004216,Full-time: 49 or more hours worked,128,199,-71
E01004216,Part-time: 15 hours or less worked,88,53,35
E01004216,Part-time: 16 to 30 hours worked,148,100,48
E01004217,Full-time: 31 to 48 hours worked,604,549,55
E01004217,Full-time: 49 or more hours worked,149,144,5
E01004217,Part-time: 15 hours or less worked,112,50,62
E01004217,Part-time: 16 to 30 hours worked,165,150,15
E01004218,Full-time: 31 to 48 hours worked,677,621,56
E01004218,Full-time: 49 or more hours worked,148,201,-53
E01004218,Part-time: 15 hours or less worked,91,56,35
E01004218,Part-time: 16 to 30 hours worked,148,111,37
E01004219,Full-time: 31 to 48 hours worked,807,602,205
E01004219,Full-time: 49 or more hours worked,200,135,65
E01004219,Part-time: 15 hours or less worked,131,91,40
E01004219,Part-time: 16 to 30 hours worked,207,181,26
E01004221,Full-time: 31 to 48 hours worked,672,702,-30
E01004221,Full-time: 49 or more hours worked,176,220,-44
E01004221,Part-time: 15 hours or less worked,113,57,56
E01004221,Part-time: 16 to 30 hours worked,131,129,2
E01004222,Full-time: 31 to 48 hours worked,659,540,119
E01004222,Full-time: 49 or more hours worked,130,121,9
E01004222,Part-time: 15 hours or less worked,133,85,48
E01004222,Part-time: 16 to 30 hours worked,241,185,56
E01004223,Full-time: 31 to 48 hours worked,541,561,-20
E01004223,Full-time: 49 or more hours worked,116,128,-12
E01004223,Part-time: 15 hours or less worked,102,75,27
E01004223,Part-time: 16 to 30 hours worked,201,172,29
E01004226,Full-time: 31 to 48 hours worked,696,416,280
E01004226,Full-time: 49 or more hours worked,150,99,51
E01004226,Part-time: 15 hours or less worked,133,75,58
E01004226,Part-time: 16 to 30 hours worked,201,185,16
E01004228,Full-time: 31 to 48 hours worked,676,638,38
E01004228,Full-time: 49 or more hours worked,190,183,7
E01004228,Part-time: 15 hours or less worked,111,60,51
E01004228,Part-time: 16 to 30 hours worked,164,143,21
E01004229,Full-time: 31 to 48 hours worked,452,380,72
E01004229,Full-time: 49 or more hours worked,80,102,-22
E01004229,Part-time: 15 hours or less worked,64,74,-10
E01004229,Part-time: 16 to 30 hours worked,120,141,-21
E01004230,Full-time: 31 to 48 hours worked,687,592,95
E01004230,Full-time: 49 or more hours worked,142,161,-19
E01004230,Part-time: 15 hours or less worked,100,77,23
E01004230,Part-time: 16 to 30 hours worked,168,149,19
E01004231,Full-time: 31 to 48 hours worked,383,354,29
E01004231,Full-time: 49 or more hours worked,77,74,3
E01004231,Part-time: 15 hours or less worked,119,87,32
E01004231,Part-time: 16 to 30 hours worked,161,170,-9
E01004232,Full-time: 31 to 48 hours worked,596,585,11
E01004232,Full-time: 49 or more hours worked,204,191,13
E01004232,Part-time: 15 hours or less worked,97,84,13
E01004232,Part-time: 16 to 30 hours worked,126,119,7
E01004233,Full-time: 31 to 48 hours worked,585,414,171
E01004233,Full-time: 49 or more hours worked,119,82,37
E01004233,Part-time: 15 hours or less worked,113,71,42
E01004233,Part-time: 16 to 30 hours worked,184,152,32
E01004234,Full-time: 31 to 48 hours worked,948,768,180
E01004234,Full-time: 49 or more hours worked,243,244,-1
E01004234,Part-time: 15 hours or less worked,122,92,30
E01004234,Part-time: 16 to 30 hours worked,219,177,42
E01004235,Full-time: 31 to 48 hours worked,253,240,13
E01004235,Full-time: 49 or more hours worked,30,42,-12
E01004235,Part-time: 15 hours or less worked,88,73,15
E01004235,Part-time: 16 to 30 hours worked,139,146,-7
E01004236,Full-time: 31 to 48 hours worked,268,270,-2
E01004236,Full-time: 49 or more hours worked,25,41,-16
E01004236,Part-time: 15 hours or less worked,100,75,25
E01004236,Part-time: 16 to 30 hours worked,180,142,38
E01004237,Full-time: 31 to 48 hours worked,431,324,107
E01004237,Full-time: 49 or more hours worked,75,60,15
E01004237,Part-time: 15 hours or less worked,58,56,2
E01004237,Part-time: 16 to 30 hours worked,147,81,66
E01004239,Full-time: 31 to 48 hours worked,349,322,27
E01004239,Full-time: 49 or more hours worked,44,46,-2
E01004239,Part-time: 15 hours or less worked,92,60,32
E01004239,Part-time: 16 to 30 hours worked,186,167,19
E01004240,Full-time: 31 to 48 hours worked,359,337,22
E01004240,Full-time: 49 or more hours worked,40,65,-25
E01004240,Part-time: 15 hours or less worked,86,63,23
E01004240,Part-time: 16 to 30 hours worked,174,165,9
E01004241,Full-time: 31 to 48 hours worked,311,266,45
E01004241,Full-time: 49 or more hours worked,56,31,25
E01004241,Part-time: 15 hours or less worked,96,82,14
E01004241,Part-time: 16 to 30 hours worked,149,154,-5
E01004243,Full-time: 31 to 48 hours worked,303,303,0
E01004243,Full-time: 49 or more hours worked,56,51,5
E01004243,Part-time: 15 hours or less worked,55,87,-32
E01004243,Part-time: 16 to 30 hours worked,158,166,-8
E01004244,Full-time: 31 to 48 hours worked,494,310,184
E01004244,Full-time: 49 or more hours worked,66,68,-2
E01004244,Part-time: 15 hours or less worked,98,65,33
E01004244,Part-time: 16 to 30 hours worked,167,150,17
E01004245,Full-time: 31 to 48 hours worked,897,210,687
E01004245,Full-time: 49 or more hours worked,144,27,117
E01004245,Part-time: 15 hours or less worked,176,45,131
E01004245,Part-time: 16 to 30 hours worked,232,135,97
E01004247,Full-time: 31 to 48 hours worked,596,389,207
E01004247,Full-time: 49 or more hours worked,100,65,35
E01004247,Part-time: 15 hours or less worked,147,82,65
E01004247,Part-time: 16 to 30 hours worked,255,164,91
E01004248,Full-time: 31 to 48 hours worked,379,193,186
E01004248,Full-time: 49 or more hours worked,56,37,19
E01004248,Part-time: 15 hours or less worked,91,47,44
E01004248,Part-time: 16 to 30 hours worked,177,109,68
E01004249,Full-time: 31 to 48 hours worked,474,382,92
E01004249,Full-time: 49 or more hours worked,61,71,-10
E01004249,Part-time: 15 hours or less worked,139,76,63
E01004249,Part-time: 16 to 30 hours worked,222,198,24
E01004251,Full-time: 31 to 48 hours worked,639,418,221
E01004251,Full-time: 49 or more hours worked,145,102,43
E01004251,Part-time: 15 hours or less worked,115,87,28
E01004251,Part-time: 16 to 30 hours worked,240,201,39
E01004255,Full-time: 31 to 48 hours worked,402,376,26
E01004255,Full-time: 49 or more hours worked,84,113,-29
E01004255,Part-time: 15 hours or less worked,98,45,53
E01004255,Part-time: 16 to 30 hours worked,156,158,-2
E01004256,Full-time: 31 to 48 hours worked,358,363,-5
E01004256,Full-time: 49 or more hours worked,44,57,-13
E01004256,Part-time: 15 hours or less worked,84,71,13
E01004256,Part-time: 16 to 30 hours worked,154,174,-20
E01004257,Full-time: 31 to 48 hours worked,398,353,45
E01004257,Full-time: 49 or more hours worked,97,59,38
E01004257,Part-time: 15 hours or less worked,119,69,50
E01004257,Part-time: 16 to 30 hours worked,241,182,59
E01004258,Full-time: 31 to 48 hours worked,490,456,34
E01004258,Full-time: 49 or more hours worked,177,298,-121
E01004258,Part-time: 15 hours or less worked,69,49,20
E01004258,Part-time: 16 to 30 hours worked,115,81,34
E01004259,Full-time: 31 to 48 hours worked,609,636,-27
E01004259,Full-time: 49 or more hours worked,136,155,-19
E01004259,Part-time: 15 hours or less worked,108,75,33
E01004259,Part-time: 16 to 30 hours worked,174,148,26
E01004260,Full-time: 31 to 48 hours worked,414,400,14
E01004260,Full-time: 49 or more hours worked,70,105,-35
E01004260,Part-time: 15 hours or less worked,88,65,23
E01004260,Part-time: 16 to 30 hours worked,163,173,-10
E01004263,Full-time: 31 to 48 hours worked,300,302,-2
E01004263,Full-time: 49 or more hours worked,62,55,7
E01004263,Part-time: 15 hours or less worked,85,58,27
E01004263,Part-time: 16 to 30 hours worked,133,128,5
E01004264,Full-time: 31 to 48 hours worked,265,229,36
E01004264,Full-time: 49 or more hours worked,31,28,3
E01004264,Part-time: 15 hours or less worked,82,79,3
E01004264,Part-time: 16 to 30 hours worked,148,159,-11
E01004266,Full-time: 31 to 48 hours worked,438,456,-18
E01004266,Full-time: 49 or more hours worked,96,120,-24
E01004266,Part-time: 15 hours or less worked,74,52,22
E01004266,Part-time: 16 to 30 hours worked,125,144,-19
E01004267,Full-time: 31 to 48 hours worked,667,524,143
E01004267,Full-time: 49 or more hours worked,152,177,-25
E01004267,Part-time: 15 hours or less worked,125,80,45
E01004267,Part-time: 16 to 30 hours worked,203,131,72
E01004268,Full-time: 31 to 48 hours worked,436,373,63
E01004268,Full-time: 49 or more hours worked,58,81,-23
E01004268,Part-time: 15 hours or less worked,88,54,34
E01004268,Part-time: 16 to 30 hours worked,184,148,36
E01004270,Full-time: 31 to 48 hours worked,800,644,156
E01004270,Full-time: 49 or more hours worked,152,186,-34
E01004270,Part-time: 15 hours or less worked,163,123,40
E01004270,Part-time: 16 to 30 hours worked,198,196,2
E01004271,Full-time: 31 to 48 hours worked,680,283,397
E01004271,Full-time: 49 or more hours worked,159,43,116
E01004271,Part-time: 15 hours or less worked,122,61,61
E01004271,Part-time: 16 to 30 hours worked,218,155,63
E01004272,Full-time: 31 to 48 hours worked,650,317,333
E01004272,Full-time: 49 or more hours worked,93,43,50
E01004272,Part-time: 15 hours or less worked,147,93,54
E01004272,Part-time: 16 to 30 hours worked,289,204,85
E01004274,Full-time: 31 to 48 hours worked,529,510,19
E01004274,Full-time: 49 or more hours worked,104,141,-37
E01004274,Part-time: 15 hours or less worked,81,62,19
E01004274,Part-time: 16 to 30 hours worked,172,131,41
E01004275,Full-time: 31 to 48 hours worked,709,638,71
E01004275,Full-time: 49 or more hours worked,136,212,-76
E01004275,Part-time: 15 hours or less worked,106,79,27
E01004275,Part-time: 16 to 30 hours worked,191,128,63
E01004276,Full-time: 31 to 48 hours worked,919,940,-21
E01004276,Full-time: 49 or more hours worked,249,451,-202
E01004276,Part-time: 15 hours or less worked,105,65,40
E01004276,Part-time: 16 to 30 hours worked,115,93,22
E01004277,Full-time: 31 to 48 hours worked,642,552,90
E01004277,Full-time: 49 or more hours worked,341,540,-199
E01004277,Part-time: 15 hours or less worked,49,40,9
E01004277,Part-time: 16 to 30 hours worked,82,57,25
E01004280,Full-time: 31 to 48 hours worked,534,467,67
E01004280,Full-time: 49 or more hours worked,154,185,-31
E01004280,Part-time: 15 hours or less worked,94,52,42
E01004280,Part-time: 16 to 30 hours worked,159,125,34
E01004281,Full-time: 31 to 48 hours worked,796,756,40
E01004281,Full-time: 49 or more hours worked,168,261,-93
E01004281,Part-time: 15 hours or less worked,124,38,86
E01004281,Part-time: 16 to 30 hours worked,123,111,12
E01004283,Full-time: 31 to 48 hours worked,483,444,39
E01004283,Full-time: 49 or more hours worked,78,80,-2
E01004283,Part-time: 15 hours or less worked,138,114,24
E01004283,Part-time: 16 to 30 hours worked,260,212,48
E01004286,Full-time: 31 to 48 hours worked,581,484,97
E01004286,Full-time: 49 or more hours worked,117,110,7
E01004286,Part-time: 15 hours or less worked,146,85,61
E01004286,Part-time: 16 to 30 hours worked,210,181,29
E01004287,Full-time: 31 to 48 hours worked,416,432,-16
E01004287,Full-time: 49 or more hours worked,111,97,14
E01004287,Part-time: 15 hours or less worked,115,97,18
E01004287,Part-time: 16 to 30 hours worked,222,203,19
E01004288,Full-time: 31 to 48 hours worked,340,289,51
E01004288,Full-time: 49 or more hours worked,54,55,-1
E01004288,Part-time: 15 hours or less worked,109,53,56
E01004288,Part-time: 16 to 30 hours worked,188,136,52
E01004289,Full-time: 31 to 48 hours worked,453,383,70
E01004289,Full-time: 49 or more hours worked,94,88,6
E01004289,Part-time: 15 hours or less worked,123,86,37
E01004289,Part-time: 16 to 30 hours worked,176,161,15
E01004290,Full-time: 31 to 48 hours worked,534,351,183
E01004290,Full-time: 49 or more hours worked,129,108,21
E01004290,Part-time: 15 hours or less worked,135,92,43
E01004290,Part-time: 16 to 30 hours worked,177,111,66
E01004291,Full-time: 31 to 48 hours worked,735,714,21
E01004291,Full-time: 49 or more hours worked,298,440,-142
E01004291,Part-time: 15 hours or less worked,87,45,42
E01004291,Part-time: 16 to 30 hours worked,113,82,31
E01004292,Full-time: 31 to 48 hours worked,756,709,47
E01004292,Full-time: 49 or more hours worked,256,425,-169
E01004292,Part-time: 15 hours or less worked,68,63,5
E01004292,Part-time: 16 to 30 hours worked,85,88,-3
E01004293,Full-time: 31 to 48 hours worked,789,818,-29
E01004293,Full-time: 49 or more hours worked,351,494,-143
E01004293,Part-time: 15 hours or less worked,89,47,42
E01004293,Part-time: 16 to 30 hours worked,114,109,5
E01004295,Full-time: 31 to 48 hours worked,435,245,190
E01004295,Full-time: 49 or more hours worked,87,57,30
E01004295,Part-time: 15 hours or less worked,105,53,52
E01004295,Part-time: 16 to 30 hours worked,208,160,48
E01004296,Full-time: 31 to 48 hours worked,778,464,314
E01004296,Full-time: 49 or more hours worked,262,146,116
E01004296,Part-time: 15 hours or less worked,125,61,64
E01004296,Part-time: 16 to 30 hours worked,187,132,55
E01004297,Full-time: 31 to 48 hours worked,740,696,44
E01004297,Full-time: 49 or more hours worked,298,415,-117
E01004297,Part-time: 15 hours or less worked,73,51,22
E01004297,Part-time: 16 to 30 hours worked,154,118,36
E01004298,Full-time: 31 to 48 hours worked,347,361,-14
E01004298,Full-time: 49 or more hours worked,51,83,-32
E01004298,Part-time: 15 hours or less worked,99,79,20
E01004298,Part-time: 16 to 30 hours worked,152,133,19
E01004300,Full-time: 31 to 48 hours worked,300,234,66
E01004300,Full-time: 49 or more hours worked,52,68,-16
E01004300,Part-time: 15 hours or less worked,82,76,6
E01004300,Part-time: 16 to 30 hours worked,148,119,29
E01004301,Full-time: 31 to 48 hours worked,348,254,94
E01004301,Full-time: 49 or more hours worked,63,80,-17
E01004301,Part-time: 15 hours or less worked,86,54,32
E01004301,Part-time: 16 to 30 hours worked,136,109,27
E01004302,Full-time: 31 to 48 hours worked,387,372,15
E01004302,Full-time: 49 or more hours worked,46,81,-35
E01004302,Part-time: 15 hours or less worked,83,75,8
E01004302,Part-time: 16 to 30 hours worked,177,202,-25
E01004303,Full-time: 31 to 48 hours worked,662,545,117
E01004303,Full-time: 49 or more hours worked,187,243,-56
E01004303,Part-time: 15 hours or less worked,115,91,24
E01004303,Part-time: 16 to 30 hours worked,275,189,86
E01004304,Full-time: 31 to 48 hours worked,427,359,68
E01004304,Full-time: 49 or more hours worked,71,82,-11
E01004304,Part-time: 15 hours or less worked,104,73,31
E01004304,Part-time: 16 to 30 hours worked,221,158,63
E01004305,Full-time: 31 to 48 hours worked,418,347,71
E01004305,Full-time: 49 or more hours worked,64,104,-40
E01004305,Part-time: 15 hours or less worked,103,91,12
E01004305,Part-time: 16 to 30 hours worked,180,173,7
E01004306,Full-time: 31 to 48 hours worked,504,507,-3
E01004306,Full-time: 49 or more hours worked,178,266,-88
E01004306,Part-time: 15 hours or less worked,108,68,40
E01004306,Part-time: 16 to 30 hours worked,137,126,11
E01004307,Full-time: 31 to 48 hours worked,699,661,38
E01004307,Full-time: 49 or more hours worked,393,495,-102
E01004307,Part-time: 15 hours or less worked,94,80,14
E01004307,Part-time: 16 to 30 hours worked,121,131,-10
E01004308,Full-time: 31 to 48 hours worked,411,390,21
E01004308,Full-time: 49 or more hours worked,83,86,-3
E01004308,Part-time: 15 hours or less worked,88,74,14
E01004308,Part-time: 16 to 30 hours worked,115,128,-13
E01004309,Full-time: 31 to 48 hours worked,661,547,114
E01004309,Full-time: 49 or more hours worked,159,194,-35
E01004309,Part-time: 15 hours or less worked,182,160,22
E01004309,Part-time: 16 to 30 hours worked,224,236,-12
E01004310,Full-time: 31 to 48 hours worked,544,503,41
E01004310,Full-time: 49 or more hours worked,184,174,10
E01004310,Part-time: 15 hours or less worked,111,99,12
E01004310,Part-time: 16 to 30 hours worked,159,173,-14
E01004311,Full-time: 31 to 48 hours worked,497,382,115
E01004311,Full-time: 49 or more hours worked,126,89,37
E01004311,Part-time: 15 hours or less worked,102,63,39
E01004311,Part-time: 16 to 30 hours worked,149,117,32
E01004312,Full-time: 31 to 48 hours worked,327,402,-75
E01004312,Full-time: 49 or more hours worked,75,63,12
E01004312,Part-time: 15 hours or less worked,78,61,17
E01004312,Part-time: 16 to 30 hours worked,133,154,-21
E01004313,Full-time: 31 to 48 hours worked,572,562,10
E01004313,Full-time: 49 or more hours worked,136,155,-19
E01004313,Part-time: 15 hours or less worked,112,56,56
E01004313,Part-time: 16 to 30 hours worked,203,160,43
E01004315,Full-time: 31 to 48 hours worked,448,488,-40
E01004315,Full-time: 49 or more hours worked,133,184,-51
E01004315,Part-time: 15 hours or less worked,87,78,9
E01004315,Part-time: 16 to 30 hours worked,125,137,-12
E01004316,Full-time: 31 to 48 hours worked,321,320,1
E01004316,Full-time: 49 or more hours worked,115,96,19
E01004316,Part-time: 15 hours or less worked,55,57,-2
E01004316,Part-time: 16 to 30 hours worked,73,92,-19
E01004319,Full-time: 31 to 48 hours worked,561,354,207
E01004319,Full-time: 49 or more hours worked,131,98,33
E01004319,Part-time: 15 hours or less worked,161,97,64
E01004319,Part-time: 16 to 30 hours worked,235,171,64
E01004321,Full-time: 31 to 48 hours worked,576,407,169
E01004321,Full-time: 49 or more hours worked,143,131,12
E01004321,Part-time: 15 hours or less worked,127,91,36
E01004321,Part-time: 16 to 30 hours worked,183,155,28
E01004322,Full-time: 31 to 48 hours worked,338,290,48
E01004322,Full-time: 49 or more hours worked,82,71,11
E01004322,Part-time: 15 hours or less worked,85,60,25
E01004322,Part-time: 16 to 30 hours worked,140,81,59
E01004323,Full-time: 31 to 48 hours worked,388,381,7
E01004323,Full-time: 49 or more hours worked,89,93,-4
E01004323,Part-time: 15 hours or less worked,110,77,33
E01004323,Part-time: 16 to 30 hours worked,137,134,3
E01004324,Full-time: 31 to 48 hours worked,347,294,53
E01004324,Full-time: 49 or more hours worked,51,62,-11
E01004324,Part-time: 15 hours or less worked,88,76,12
E01004324,Part-time: 16 to 30 hours worked,176,168,8
E01004326,Full-time: 31 to 48 hours worked,558,401,157
E01004326,Full-time: 49 or more hours worked,110,91,19
E01004326,Part-time: 15 hours or less worked,125,69,56
E01004326,Part-time: 16 to 30 hours worked,152,133,19
E01004327,Full-time: 31 to 48 hours worked,361,347,14
E01004327,Full-time: 49 or more hours worked,80,40,40
E01004327,Part-time: 15 hours or less worked,111,60,51
E01004327,Part-time: 16 to 30 hours worked,138,100,38
E01004328,Full-time: 31 to 48 hours worked,596,590,6
E01004328,Full-time: 49 or more hours worked,88,105,-17
E01004328,Part-time: 15 hours or less worked,101,88,13
E01004328,Part-time: 16 to 30 hours worked,190,162,28
E01004329,Full-time: 31 to 48 hours worked,576,534,42
E01004329,Full-time: 49 or more hours worked,115,87,28
E01004329,Part-time: 15 hours or less worked,118,95,23
E01004329,Part-time: 16 to 30 hours worked,179,186,-7
E01004330,Full-time: 31 to 48 hours worked,579,565,14
E01004330,Full-time: 49 or more hours worked,111,83,28
E01004330,Part-time: 15 hours or less worked,88,97,-9
E01004330,Part-time: 16 to 30 hours worked,150,179,-29
E01004331,Full-time: 31 to 48 hours worked,507,486,21
E01004331,Full-time: 49 or more hours worked,89,80,9
E01004331,Part-time: 15 hours or less worked,78,95,-17
E01004331,Part-time: 16 to 30 hours worked,178,190,-12
E01004332,Full-time: 31 to 48 hours worked,629,486,143
E01004332,Full-time: 49 or more hours worked,82,88,-6
E01004332,Part-time: 15 hours or less worked,130,116,14
E01004332,Part-time: 16 to 30 hours worked,159,200,-41
E01004333,Full-time: 31 to 48 hours worked,450,475,-25
E01004333,Full-time: 49 or more hours worked,74,96,-22
E01004333,Part-time: 15 hours or less worked,106,57,49
E01004333,Part-time: 16 to 30 hours worked,167,150,17
E01004334,Full-time: 31 to 48 hours worked,467,277,190
E01004334,Full-time: 49 or more hours worked,100,58,42
E01004334,Part-time: 15 hours or less worked,102,57,45
E01004334,Part-time: 16 to 30 hours worked,201,119,82
E01004335,Full-time: 31 to 48 hours worked,401,340,61
E01004335,Full-time: 49 or more hours worked,66,57,9
E01004335,Part-time: 15 hours or less worked,115,56,59
E01004335,Part-time: 16 to 30 hours worked,189,146,43
E01004336,Full-time: 31 to 48 hours worked,501,556,-55
E01004336,Full-time: 49 or more hours worked,61,66,-5
E01004336,Part-time: 15 hours or less worked,104,113,-9
E01004336,Part-time: 16 to 30 hours worked,171,215,-44
E01004337,Full-time: 31 to 48 hours worked,518,520,-2
E01004337,Full-time: 49 or more hours worked,81,80,1
E01004337,Part-time: 15 hours or less worked,79,73,6
E01004337,Part-time: 16 to 30 hours worked,179,195,-16
E01004338,Full-time: 31 to 48 hours worked,734,602,132
E01004338,Full-time: 49 or more hours worked,120,101,19
E01004338,Part-time: 15 hours or less worked,121,91,30
E01004338,Part-time: 16 to 30 hours worked,241,175,66
E01004339,Full-time: 31 to 48 hours worked,664,579,85
E01004339,Full-time: 49 or more hours worked,103,94,9
E01004339,Part-time: 15 hours or less worked,107,63,44
E01004339,Part-time: 16 to 30 hours worked,198,175,23
E01004340,Full-time: 31 to 48 hours worked,544,470,74
E01004340,Full-time: 49 or more hours worked,52,84,-32
E01004340,Part-time: 15 hours or less worked,94,78,16
E01004340,Part-time: 16 to 30 hours worked,204,153,51
E01004341,Full-time: 31 to 48 hours worked,517,437,80
E01004341,Full-time: 49 or more hours worked,88,59,29
E01004341,Part-time: 15 hours or less worked,132,75,57
E01004341,Part-time: 16 to 30 hours worked,183,138,45
E01004342,Full-time: 31 to 48 hours worked,626,547,79
E01004342,Full-time: 49 or more hours worked,118,108,10
E01004342,Part-time: 15 hours or less worked,121,74,47
E01004342,Part-time: 16 to 30 hours worked,196,168,28
E01004343,Full-time: 31 to 48 hours worked,614,577,37
E01004343,Full-time: 49 or more hours worked,94,115,-21
E01004343,Part-time: 15 hours or less worked,86,93,-7
E01004343,Part-time: 16 to 30 hours worked,171,141,30
E01004344,Full-time: 31 to 48 hours worked,496,469,27
E01004344,Full-time: 49 or more hours worked,76,86,-10
E01004344,Part-time: 15 hours or less worked,105,81,24
E01004344,Part-time: 16 to 30 hours worked,200,164,36
E01004345,Full-time: 31 to 48 hours worked,566,562,4
E01004345,Full-time: 49 or more hours worked,106,96,10
E01004345,Part-time: 15 hours or less worked,110,79,31
E01004345,Part-time: 16 to 30 hours worked,173,152,21
E01004346,Full-time: 31 to 48 hours worked,554,472,82
E01004346,Full-time: 49 or more hours worked,83,65,18
E01004346,Part-time: 15 hours or less worked,73,79,-6
E01004346,Part-time: 16 to 30 hours worked,198,159,39
E01004347,Full-time: 31 to 48 hours worked,743,694,49
E01004347,Full-time: 49 or more hours worked,124,89,35
E01004347,Part-time: 15 hours or less worked,107,79,28
E01004347,Part-time: 16 to 30 hours worked,207,200,7
E01004348,Full-time: 31 to 48 hours worked,1004,858,146
E01004348,Full-time: 49 or more hours worked,170,149,21
E01004348,Part-time: 15 hours or less worked,164,91,73
E01004348,Part-time: 16 to 30 hours worked,282,233,49
E01004349,Full-time: 31 to 48 hours worked,406,371,35
E01004349,Full-time: 49 or more hours worked,58,58,0
E01004349,Part-time: 15 hours or less worked,84,55,29
E01004349,Part-time: 16 to 30 hours worked,149,116,33
E01004350,Full-time: 31 to 48 hours worked,441,377,64
E01004350,Full-time: 49 or more hours worked,63,79,-16
E01004350,Part-time: 15 hours or less worked,75,62,13
E01004350,Part-time: 16 to 30 hours worked,142,117,25
E01004351,Full-time: 31 to 48 hours worked,467,428,39
E01004351,Full-time: 49 or more hours worked,77,97,-20
E01004351,Part-time: 15 hours or less worked,105,91,14
E01004351,Part-time: 16 to 30 hours worked,153,144,9
E01004352,Full-time: 31 to 48 hours worked,544,558,-14
E01004352,Full-time: 49 or more hours worked,131,173,-42
E01004352,Part-time: 15 hours or less worked,138,102,36
E01004352,Part-time: 16 to 30 hours worked,127,143,-16
E01004353,Full-time: 31 to 48 hours worked,514,472,42
E01004353,Full-time: 49 or more hours worked,113,150,-37
E01004353,Part-time: 15 hours or less worked,113,76,37
E01004353,Part-time: 16 to 30 hours worked,152,175,-23
E01004354,Full-time: 31 to 48 hours worked,581,544,37
E01004354,Full-time: 49 or more hours worked,117,130,-13
E01004354,Part-time: 15 hours or less worked,120,84,36
E01004354,Part-time: 16 to 30 hours worked,185,143,42
E01004355,Full-time: 31 to 48 hours worked,425,460,-35
E01004355,Full-time: 49 or more hours worked,71,82,-11
E01004355,Part-time: 15 hours or less worked,92,71,21
E01004355,Part-time: 16 to 30 hours worked,168,131,37
E01004356,Full-time: 31 to 48 hours worked,469,398,71
E01004356,Full-time: 49 or more hours worked,75,76,-1
E01004356,Part-time: 15 hours or less worked,99,80,19
E01004356,Part-time: 16 to 30 hours worked,161,147,14
E01004357,Full-time: 31 to 48 hours worked,427,405,22
E01004357,Full-time: 49 or more hours worked,88,70,18
E01004357,Part-time: 15 hours or less worked,112,82,30
E01004357,Part-time: 16 to 30 hours worked,113,129,-16
E01004358,Full-time: 31 to 48 hours worked,596,468,128
E01004358,Full-time: 49 or more hours worked,111,111,0
E01004358,Part-time: 15 hours or less worked,100,64,36
E01004358,Part-time: 16 to 30 hours worked,166,138,28
E01004359,Full-time: 31 to 48 hours worked,529,479,50
E01004359,Full-time: 49 or more hours worked,86,113,-27
E01004359,Part-time: 15 hours or less worked,94,78,16
E01004359,Part-time: 16 to 30 hours worked,140,153,-13
E01004360,Full-time: 31 to 48 hours worked,360,352,8
E01004360,Full-time: 49 or more hours worked,80,85,-5
E01004360,Part-time: 15 hours or less worked,75,57,18
E01004360,Part-time: 16 to 30 hours worked,118,137,-19
E01004361,Full-time: 31 to 48 hours worked,372,395,-23
E01004361,Full-time: 49 or more hours worked,85,91,-6
E01004361,Part-time: 15 hours or less worked,101,69,32
E01004361,Part-time: 16 to 30 hours worked,135,130,5
E01004362,Full-time: 31 to 48 hours worked,559,529,30
E01004362,Full-time: 49 or more hours worked,115,138,-23
E01004362,Part-time: 15 hours or less worked,90,53,37
E01004362,Part-time: 16 to 30 hours worked,125,128,-3
E01004363,Full-time: 31 to 48 hours worked,509,479,30
E01004363,Full-time: 49 or more hours worked,100,97,3
E01004363,Part-time: 15 hours or less worked,72,71,1
E01004363,Part-time: 16 to 30 hours worked,147,148,-1
E01004364,Full-time: 31 to 48 hours worked,512,413,99
E01004364,Full-time: 49 or more hours worked,86,69,17
E01004364,Part-time: 15 hours or less worked,95,68,27
E01004364,Part-time: 16 to 30 hours worked,175,143,32
E01004365,Full-time: 31 to 48 hours worked,609,677,-68
E01004365,Full-time: 49 or more hours worked,116,79,37
E01004365,Part-time: 15 hours or less worked,116,105,11
E01004365,Part-time: 16 to 30 hours worked,303,234,69
E01004366,Full-time: 31 to 48 hours worked,608,511,97
E01004366,Full-time: 49 or more hours worked,84,90,-6
E01004366,Part-time: 15 hours or less worked,135,77,58
E01004366,Part-time: 16 to 30 hours worked,164,155,9
E01004367,Full-time: 31 to 48 hours worked,477,424,53
E01004367,Full-time: 49 or more hours worked,53,87,-34
E01004367,Part-time: 15 hours or less worked,103,75,28
E01004367,Part-time: 16 to 30 hours worked,142,127,15
E01004368,Full-time: 31 to 48 hours worked,657,623,34
E01004368,Full-time: 49 or more hours worked,129,124,5
E01004368,Part-time: 15 hours or less worked,138,78,60
E01004368,Part-time: 16 to 30 hours worked,186,149,37
E01004369,Full-time: 31 to 48 hours worked,636,570,66
E01004369,Full-time: 49 or more hours worked,114,85,29
E01004369,Part-time: 15 hours or less worked,119,68,51
E01004369,Part-time: 16 to 30 hours worked,147,192,-45
E01004370,Full-time: 31 to 48 hours worked,811,597,214
E01004370,Full-time: 49 or more hours worked,153,94,59
E01004370,Part-time: 15 hours or less worked,100,73,27
E01004370,Part-time: 16 to 30 hours worked,178,184,-6
E01004371,Full-time: 31 to 48 hours worked,546,552,-6
E01004371,Full-time: 49 or more hours worked,122,131,-9
E01004371,Part-time: 15 hours or less worked,102,51,51
E01004371,Part-time: 16 to 30 hours worked,115,154,-39
E01004372,Full-time: 31 to 48 hours worked,658,684,-26
E01004372,Full-time: 49 or more hours worked,138,129,9
E01004372,Part-time: 15 hours or less worked,104,66,38
E01004372,Part-time: 16 to 30 hours worked,143,139,4
E01004373,Full-time: 31 to 48 hours worked,562,537,25
E01004373,Full-time: 49 or more hours worked,104,78,26
E01004373,Part-time: 15 hours or less worked,104,70,34
E01004373,Part-time: 16 to 30 hours worked,162,187,-25
E01004374,Full-time: 31 to 48 hours worked,691,615,76
E01004374,Full-time: 49 or more hours worked,138,112,26
E01004374,Part-time: 15 hours or less worked,132,111,21
E01004374,Part-time: 16 to 30 hours worked,161,181,-20
E01004375,Full-time: 31 to 48 hours worked,626,592,34
E01004375,Full-time: 49 or more hours worked,150,101,49
E01004375,Part-time: 15 hours or less worked,123,63,60
E01004375,Part-time: 16 to 30 hours worked,186,176,10
E01004376,Full-time: 31 to 48 hours worked,634,654,-20
E01004376,Full-time: 49 or more hours worked,118,106,12
E01004376,Part-time: 15 hours or less worked,115,116,-1
E01004376,Part-time: 16 to 30 hours worked,194,216,-22
E01004377,Full-time: 31 to 48 hours worked,504,491,13
E01004377,Full-time: 49 or more hours worked,106,109,-3
E01004377,Part-time: 15 hours or less worked,96,68,28
E01004377,Part-time: 16 to 30 hours worked,188,183,5
E01004378,Full-time: 31 to 48 hours worked,565,538,27
E01004378,Full-time: 49 or more hours worked,105,92,13
E01004378,Part-time: 15 hours or less worked,88,76,12
E01004378,Part-time: 16 to 30 hours worked,148,151,-3
E01004379,Full-time: 31 to 48 hours worked,695,487,208
E01004379,Full-time: 49 or more hours worked,128,77,51
E01004379,Part-time: 15 hours or less worked,91,71,20
E01004379,Part-time: 16 to 30 hours worked,158,128,30
E01004380,Full-time: 31 to 48 hours worked,488,458,30
E01004380,Full-time: 49 or more hours worked,110,96,14
E01004380,Part-time: 15 hours or less worked,88,59,29
E01004380,Part-time: 16 to 30 hours worked,138,134,4
E01004381,Full-time: 31 to 48 hours worked,669,593,76
E01004381,Full-time: 49 or more hours worked,121,124,-3
E01004381,Part-time: 15 hours or less worked,101,88,13
E01004381,Part-time: 16 to 30 hours worked,182,152,30
E01004382,Full-time: 31 to 48 hours worked,456,402,54
E01004382,Full-time: 49 or more hours worked,67,56,11
E01004382,Part-time: 15 hours or less worked,97,55,42
E01004382,Part-time: 16 to 30 hours worked,162,116,46
E01004383,Full-time: 31 to 48 hours worked,505,450,55
E01004383,Full-time: 49 or more hours worked,86,106,-20
E01004383,Part-time: 15 hours or less worked,89,73,16
E01004383,Part-time: 16 to 30 hours worked,160,151,9
E01004384,Full-time: 31 to 48 hours worked,524,413,111
E01004384,Full-time: 49 or more hours worked,83,83,0
E01004384,Part-time: 15 hours or less worked,105,75,30
E01004384,Part-time: 16 to 30 hours worked,175,164,11
E01004385,Full-time: 31 to 48 hours worked,452,339,113
E01004385,Full-time: 49 or more hours worked,86,106,-20
E01004385,Part-time: 15 hours or less worked,68,47,21
E01004385,Part-time: 16 to 30 hours worked,119,99,20
E01004386,Full-time: 31 to 48 hours worked,525,512,13
E01004386,Full-time: 49 or more hours worked,111,131,-20
E01004386,Part-time: 15 hours or less worked,88,55,33
E01004386,Part-time: 16 to 30 hours worked,146,152,-6
E01004387,Full-time: 31 to 48 hours worked,459,470,-11
E01004387,Full-time: 49 or more hours worked,81,94,-13
E01004387,Part-time: 15 hours or less worked,72,92,-20
E01004387,Part-time: 16 to 30 hours worked,120,148,-28
E01004388,Full-time: 31 to 48 hours worked,445,433,12
E01004388,Full-time: 49 or more hours worked,115,100,15
E01004388,Part-time: 15 hours or less worked,94,77,17
E01004388,Part-time: 16 to 30 hours worked,138,133,5
E01004389,Full-time: 31 to 48 hours worked,468,416,52
E01004389,Full-time: 49 or more hours worked,74,69,5
E01004389,Part-time: 15 hours or less worked,101,60,41
E01004389,Part-time: 16 to 30 hours worked,149,141,8
E01004390,Full-time: 31 to 48 hours worked,403,420,-17
E01004390,Full-time: 49 or more hours worked,69,56,13
E01004390,Part-time: 15 hours or less worked,95,68,27
E01004390,Part-time: 16 to 30 hours worked,151,139,12
E01004391,Full-time: 31 to 48 hours worked,834,642,192
E01004391,Full-time: 49 or more hours worked,129,125,4
E01004391,Part-time: 15 hours or less worked,165,66,99
E01004391,Part-time: 16 to 30 hours worked,214,153,61
E01004392,Full-time: 31 to 48 hours worked,844,747,97
E01004392,Full-time: 49 or more hours worked,166,120,46
E01004392,Part-time: 15 hours or less worked,132,79,53
E01004392,Part-time: 16 to 30 hours worked,257,234,23
E01004393,Full-time: 31 to 48 hours worked,542,852,-310
E01004393,Full-time: 49 or more hours worked,91,153,-62
E01004393,Part-time: 15 hours or less worked,90,73,17
E01004393,Part-time: 16 to 30 hours worked,146,180,-34
E01004394,Full-time: 31 to 48 hours worked,620,503,117
E01004394,Full-time: 49 or more hours worked,118,77,41
E01004394,Part-time: 15 hours or less worked,99,66,33
E01004394,Part-time: 16 to 30 hours worked,181,151,30
E01004395,Full-time: 31 to 48 hours worked,599,522,77
E01004395,Full-time: 49 or more hours worked,102,84,18
E01004395,Part-time: 15 hours or less worked,68,74,-6
E01004395,Part-time: 16 to 30 hours worked,159,139,20
E01004396,Full-time: 31 to 48 hours worked,613,572,41
E01004396,Full-time: 49 or more hours worked,109,76,33
E01004396,Part-time: 15 hours or less worked,142,73,69
E01004396,Part-time: 16 to 30 hours worked,194,163,31
E01004397,Full-time: 31 to 48 hours worked,1037,809,228
E01004397,Full-time: 49 or more hours worked,194,127,67
E01004397,Part-time: 15 hours or less worked,168,121,47
E01004397,Part-time: 16 to 30 hours worked,264,240,24
E01004398,Full-time: 31 to 48 hours worked,498,409,89
E01004398,Full-time: 49 or more hours worked,86,83,3
E01004398,Part-time: 15 hours or less worked,95,93,2
E01004398,Part-time: 16 to 30 hours worked,197,155,42
E01004399,Full-time: 31 to 48 hours worked,426,346,80
E01004399,Full-time: 49 or more hours worked,61,63,-2
E01004399,Part-time: 15 hours or less worked,90,62,28
E01004399,Part-time: 16 to 30 hours worked,179,140,39
E01004400,Full-time: 31 to 48 hours worked,604,479,125
E01004400,Full-time: 49 or more hours worked,91,83,8
E01004400,Part-time: 15 hours or less worked,105,75,30
E01004400,Part-time: 16 to 30 hours worked,155,145,10
E01004401,Full-time: 31 to 48 hours worked,840,677,163
E01004401,Full-time: 49 or more hours worked,135,108,27
E01004401,Part-time: 15 hours or less worked,98,73,25
E01004401,Part-time: 16 to 30 hours worked,208,209,-1
E01004402,Full-time: 31 to 48 hours worked,517,454,63
E01004402,Full-time: 49 or more hours worked,77,71,6
E01004402,Part-time: 15 hours or less worked,80,51,29
E01004402,Part-time: 16 to 30 hours worked,176,145,31
E01004403,Full-time: 31 to 48 hours worked,812,440,372
E01004403,Full-time: 49 or more hours worked,134,77,57
E01004403,Part-time: 15 hours or less worked,108,52,56
E01004403,Part-time: 16 to 30 hours worked,227,162,65
E01004404,Full-time: 31 to 48 hours worked,836,665,171
E01004404,Full-time: 49 or more hours worked,118,106,12
E01004404,Part-time: 15 hours or less worked,119,59,60
E01004404,Part-time: 16 to 30 hours worked,284,180,104
E01004405,Full-time: 31 to 48 hours worked,507,455,52
E01004405,Full-time: 49 or more hours worked,87,83,4
E01004405,Part-time: 15 hours or less worked,88,67,21
E01004405,Part-time: 16 to 30 hours worked,141,154,-13
E01004406,Full-time: 31 to 48 hours worked,607,610,-3
E01004406,Full-time: 49 or more hours worked,127,89,38
E01004406,Part-time: 15 hours or less worked,92,81,11
E01004406,Part-time: 16 to 30 hours worked,170,176,-6
E01004407,Full-time: 31 to 48 hours worked,333,238,95
E01004407,Full-time: 49 or more hours worked,53,30,23
E01004407,Part-time: 15 hours or less worked,84,48,36
E01004407,Part-time: 16 to 30 hours worked,164,163,1
E01004408,Full-time: 31 to 48 hours worked,575,528,47
E01004408,Full-time: 49 or more hours worked,123,110,13
E01004408,Part-time: 15 hours or less worked,87,63,24
E01004408,Part-time: 16 to 30 hours worked,159,159,0
E01004409,Full-time: 31 to 48 hours worked,518,517,1
E01004409,Full-time: 49 or more hours worked,114,94,20
E01004409,Part-time: 15 hours or less worked,101,60,41
E01004409,Part-time: 16 to 30 hours worked,174,141,33
E01004410,Full-time: 31 to 48 hours worked,508,502,6
E01004410,Full-time: 49 or more hours worked,84,96,-12
E01004410,Part-time: 15 hours or less worked,96,68,28
E01004410,Part-time: 16 to 30 hours worked,158,148,10
E01004411,Full-time: 31 to 48 hours worked,790,572,218
E01004411,Full-time: 49 or more hours worked,116,104,12
E01004411,Part-time: 15 hours or less worked,109,72,37
E01004411,Part-time: 16 to 30 hours worked,187,189,-2
E01004412,Full-time: 31 to 48 hours worked,649,626,23
E01004412,Full-time: 49 or more hours worked,154,104,50
E01004412,Part-time: 15 hours or less worked,84,71,13
E01004412,Part-time: 16 to 30 hours worked,144,128,16
E01004413,Full-time: 31 to 48 hours worked,432,394,38
E01004413,Full-time: 49 or more hours worked,78,63,15
E01004413,Part-time: 15 hours or less worked,76,66,10
E01004413,Part-time: 16 to 30 hours worked,96,131,-35
E01004414,Full-time: 31 to 48 hours worked,513,453,60
E01004414,Full-time: 49 or more hours worked,102,85,17
E01004414,Part-time: 15 hours or less worked,93,67,26
E01004414,Part-time: 16 to 30 hours worked,159,131,28
E01004415,Full-time: 31 to 48 hours worked,401,418,-17
E01004415,Full-time: 49 or more hours worked,81,64,17
E01004415,Part-time: 15 hours or less worked,84,68,16
E01004415,Part-time: 16 to 30 hours worked,134,141,-7
E01004416,Full-time: 31 to 48 hours worked,599,477,122
E01004416,Full-time: 49 or more hours worked,95,113,-18
E01004416,Part-time: 15 hours or less worked,101,79,22
E01004416,Part-time: 16 to 30 hours worked,140,162,-22
E01004417,Full-time: 31 to 48 hours worked,495,470,25
E01004417,Full-time: 49 or more hours worked,86,92,-6
E01004417,Part-time: 15 hours or less worked,93,60,33
E01004417,Part-time: 16 to 30 hours worked,182,156,26
E01004418,Full-time: 31 to 48 hours worked,507,449,58
E01004418,Full-time: 49 or more hours worked,75,90,-15
E01004418,Part-time: 15 hours or less worked,97,72,25
E01004418,Part-time: 16 to 30 hours worked,172,154,18
E01004419,Full-time: 31 to 48 hours worked,807,406,401
E01004419,Full-time: 49 or more hours worked,121,57,64
E01004419,Part-time: 15 hours or less worked,135,49,86
E01004419,Part-time: 16 to 30 hours worked,225,125,100
E01004420,Full-time: 31 to 48 hours worked,613,517,96
E01004420,Full-time: 49 or more hours worked,101,87,14
E01004420,Part-time: 15 hours or less worked,145,121,24
E01004420,Part-time: 16 to 30 hours worked,237,197,40
E01004421,Full-time: 31 to 48 hours worked,557,478,79
E01004421,Full-time: 49 or more hours worked,90,58,32
E01004421,Part-time: 15 hours or less worked,127,69,58
E01004421,Part-time: 16 to 30 hours worked,198,204,-6
E01004422,Full-time: 31 to 48 hours worked,860,430,430
E01004422,Full-time: 49 or more hours worked,166,68,98
E01004422,Part-time: 15 hours or less worked,135,84,51
E01004422,Part-time: 16 to 30 hours worked,226,132,94
E01004423,Full-time: 31 to 48 hours worked,542,360,182
E01004423,Full-time: 49 or more hours worked,85,53,32
E01004423,Part-time: 15 hours or less worked,116,64,52
E01004423,Part-time: 16 to 30 hours worked,171,142,29
E01004424,Full-time: 31 to 48 hours worked,634,455,179
E01004424,Full-time: 49 or more hours worked,72,65,7
E01004424,Part-time: 15 hours or less worked,119,69,50
E01004424,Part-time: 16 to 30 hours worked,193,152,41
E01004425,Full-time: 31 to 48 hours worked,676,650,26
E01004425,Full-time: 49 or more hours worked,114,86,28
E01004425,Part-time: 15 hours or less worked,121,76,45
E01004425,Part-time: 16 to 30 hours worked,187,205,-18
E01004426,Full-time: 31 to 48 hours worked,545,559,-14
E01004426,Full-time: 49 or more hours worked,73,71,2
E01004426,Part-time: 15 hours or less worked,120,84,36
E01004426,Part-time: 16 to 30 hours worked,151,192,-41
E01004427,Full-time: 31 to 48 hours worked,681,679,2
E01004427,Full-time: 49 or more hours worked,122,103,19
E01004427,Part-time: 15 hours or less worked,121,79,42
E01004427,Part-time: 16 to 30 hours worked,185,192,-7
E01004428,Full-time: 31 to 48 hours worked,489,340,149
E01004428,Full-time: 49 or more hours worked,59,39,20
E01004428,Part-time: 15 hours or less worked,94,65,29
E01004428,Part-time: 16 to 30 hours worked,190,156,34
E01004429,Full-time: 31 to 48 hours worked,598,518,80
E01004429,Full-time: 49 or more hours worked,72,74,-2
E01004429,Part-time: 15 hours or less worked,91,72,19
E01004429,Part-time: 16 to 30 hours worked,162,156,6
E01004430,Full-time: 31 to 48 hours worked,1036,727,309
E01004430,Full-time: 49 or more hours worked,208,163,45
E01004430,Part-time: 15 hours or less worked,144,101,43
E01004430,Part-time: 16 to 30 hours worked,237,229,8
E01004432,Full-time: 31 to 48 hours worked,589,482,107
E01004432,Full-time: 49 or more hours worked,97,62,35
E01004432,Part-time: 15 hours or less worked,99,66,33
E01004432,Part-time: 16 to 30 hours worked,192,174,18
E01004434,Full-time: 31 to 48 hours worked,554,509,45
E01004434,Full-time: 49 or more hours worked,85,77,8
E01004434,Part-time: 15 hours or less worked,98,79,19
E01004434,Part-time: 16 to 30 hours worked,213,186,27
E01004435,Full-time: 31 to 48 hours worked,601,541,60
E01004435,Full-time: 49 or more hours worked,93,74,19
E01004435,Part-time: 15 hours or less worked,103,90,13
E01004435,Part-time: 16 to 30 hours worked,195,188,7
E01004436,Full-time: 31 to 48 hours worked,483,539,-56
E01004436,Full-time: 49 or more hours worked,107,125,-18
E01004436,Part-time: 15 hours or less worked,104,53,51
E01004436,Part-time: 16 to 30 hours worked,126,119,7
E01004437,Full-time: 31 to 48 hours worked,578,599,-21
E01004437,Full-time: 49 or more hours worked,101,123,-22
E01004437,Part-time: 15 hours or less worked,114,67,47
E01004437,Part-time: 16 to 30 hours worked,162,155,7
E01004438,Full-time: 31 to 48 hours worked,777,803,-26
E01004438,Full-time: 49 or more hours worked,145,142,3
E01004438,Part-time: 15 hours or less worked,133,98,35
E01004438,Part-time: 16 to 30 hours worked,189,183,6
E01004439,Full-time: 31 to 48 hours worked,552,536,16
E01004439,Full-time: 49 or more hours worked,109,109,0
E01004439,Part-time: 15 hours or less worked,83,58,25
E01004439,Part-time: 16 to 30 hours worked,153,141,12
E01004440,Full-time: 31 to 48 hours worked,745,784,-39
E01004440,Full-time: 49 or more hours worked,128,151,-23
E01004440,Part-time: 15 hours or less worked,117,91,26
E01004440,Part-time: 16 to 30 hours worked,205,187,18
E01004441,Full-time: 31 to 48 hours worked,526,579,-53
E01004441,Full-time: 49 or more hours worked,101,111,-10
E01004441,Part-time: 15 hours or less worked,88,93,-5
E01004441,Part-time: 16 to 30 hours worked,123,148,-25
E01004442,Full-time: 31 to 48 hours worked,563,651,-88
E01004442,Full-time: 49 or more hours worked,111,119,-8
E01004442,Part-time: 15 hours or less worked,80,53,27
E01004442,Part-time: 16 to 30 hours worked,143,162,-19
E01004443,Full-time: 31 to 48 hours worked,737,583,154
E01004443,Full-time: 49 or more hours worked,137,107,30
E01004443,Part-time: 15 hours or less worked,100,105,-5
E01004443,Part-time: 16 to 30 hours worked,232,189,43
E01004444,Full-time: 31 to 48 hours worked,970,768,202
E01004444,Full-time: 49 or more hours worked,158,136,22
E01004444,Part-time: 15 hours or less worked,150,124,26
E01004444,Part-time: 16 to 30 hours worked,274,219,55
E01004445,Full-time: 31 to 48 hours worked,644,325,319
E01004445,Full-time: 49 or more hours worked,137,60,77
E01004445,Part-time: 15 hours or less worked,125,36,89
E01004445,Part-time: 16 to 30 hours worked,181,132,49
E01004446,Full-time: 31 to 48 hours worked,897,571,326
E01004446,Full-time: 49 or more hours worked,155,84,71
E01004446,Part-time: 15 hours or less worked,116,57,59
E01004446,Part-time: 16 to 30 hours worked,252,169,83
E01004447,Full-time: 31 to 48 hours worked,630,560,70
E01004447,Full-time: 49 or more hours worked,107,132,-25
E01004447,Part-time: 15 hours or less worked,98,85,13
E01004447,Part-time: 16 to 30 hours worked,172,177,-5
E01004448,Full-time: 31 to 48 hours worked,627,577,50
E01004448,Full-time: 49 or more hours worked,119,101,18
E01004448,Part-time: 15 hours or less worked,100,72,28
E01004448,Part-time: 16 to 30 hours worked,191,146,45
E01004449,Full-time: 31 to 48 hours worked,446,338,108
E01004449,Full-time: 49 or more hours worked,58,64,-6
E01004449,Part-time: 15 hours or less worked,94,85,9
E01004449,Part-time: 16 to 30 hours worked,152,116,36
E01004450,Full-time: 31 to 48 hours worked,514,498,16
E01004450,Full-time: 49 or more hours worked,85,78,7
E01004450,Part-time: 15 hours or less worked,77,80,-3
E01004450,Part-time: 16 to 30 hours worked,165,164,1
E01004451,Full-time: 31 to 48 hours worked,517,522,-5
E01004451,Full-time: 49 or more hours worked,74,94,-20
E01004451,Part-time: 15 hours or less worked,97,88,9
E01004451,Part-time: 16 to 30 hours worked,174,162,12
E01004452,Full-time: 31 to 48 hours worked,506,469,37
E01004452,Full-time: 49 or more hours worked,103,92,11
E01004452,Part-time: 15 hours or less worked,114,67,47
E01004452,Part-time: 16 to 30 hours worked,175,124,51
E01004453,Full-time: 31 to 48 hours worked,473,511,-38
E01004453,Full-time: 49 or more hours worked,81,82,-1
E01004453,Part-time: 15 hours or less worked,114,75,39
E01004453,Part-time: 16 to 30 hours worked,182,126,56
E01004454,Full-time: 31 to 48 hours worked,477,449,28
E01004454,Full-time: 49 or more hours worked,100,100,0
E01004454,Part-time: 15 hours or less worked,126,75,51
E01004454,Part-time: 16 to 30 hours worked,207,119,88
E01004455,Full-time: 31 to 48 hours worked,488,382,106
E01004455,Full-time: 49 or more hours worked,67,56,11
E01004455,Part-time: 15 hours or less worked,81,72,9
E01004455,Part-time: 16 to 30 hours worked,182,143,39
E01004456,Full-time: 31 to 48 hours worked,362,341,21
E01004456,Full-time: 49 or more hours worked,49,44,5
E01004456,Part-time: 15 hours or less worked,87,79,8
E01004456,Part-time: 16 to 30 hours worked,190,122,68
E01004457,Full-time: 31 to 48 hours worked,705,586,119
E01004457,Full-time: 49 or more hours worked,116,98,18
E01004457,Part-time: 15 hours or less worked,113,82,31
E01004457,Part-time: 16 to 30 hours worked,169,193,-24
E01004458,Full-time: 31 to 48 hours worked,653,561,92
E01004458,Full-time: 49 or more hours worked,103,95,8
E01004458,Part-time: 15 hours or less worked,102,75,27
E01004458,Part-time: 16 to 30 hours worked,180,175,5
E01004459,Full-time: 31 to 48 hours worked,331,245,86
E01004459,Full-time: 49 or more hours worked,27,48,-21
E01004459,Part-time: 15 hours or less worked,87,49,38
E01004459,Part-time: 16 to 30 hours worked,178,134,44
E01004460,Full-time: 31 to 48 hours worked,667,520,147
E01004460,Full-time: 49 or more hours worked,98,90,8
E01004460,Part-time: 15 hours or less worked,100,67,33
E01004460,Part-time: 16 to 30 hours worked,210,188,22
E01004462,Full-time: 31 to 48 hours worked,737,535,202
E01004462,Full-time: 49 or more hours worked,141,90,51
E01004462,Part-time: 15 hours or less worked,123,90,33
E01004462,Part-time: 16 to 30 hours worked,213,174,39
E01004463,Full-time: 31 to 48 hours worked,780,738,42
E01004463,Full-time: 49 or more hours worked,152,127,25
E01004463,Part-time: 15 hours or less worked,93,73,20
E01004463,Part-time: 16 to 30 hours worked,200,195,5
E01004464,Full-time: 31 to 48 hours worked,448,352,96
E01004464,Full-time: 49 or more hours worked,85,49,36
E01004464,Part-time: 15 hours or less worked,91,60,31
E01004464,Part-time: 16 to 30 hours worked,174,143,31
E01004465,Full-time: 31 to 48 hours worked,511,442,69
E01004465,Full-time: 49 or more hours worked,100,87,13
E01004465,Part-time: 15 hours or less worked,77,81,-4
E01004465,Part-time: 16 to 30 hours worked,152,134,18
E01004466,Full-time: 31 to 48 hours worked,586,565,21
E01004466,Full-time: 49 or more hours worked,170,122,48
E01004466,Part-time: 15 hours or less worked,73,74,-1
E01004466,Part-time: 16 to 30 hours worked,145,146,-1
E01004467,Full-time: 31 to 48 hours worked,644,589,55
E01004467,Full-time: 49 or more hours worked,103,97,6
E01004467,Part-time: 15 hours or less worked,136,74,62
E01004467,Part-time: 16 to 30 hours worked,219,225,-6
E01004468,Full-time: 31 to 48 hours worked,570,531,39
E01004468,Full-time: 49 or more hours worked,118,133,-15
E01004468,Part-time: 15 hours or less worked,95,66,29
E01004468,Part-time: 16 to 30 hours worked,175,117,58
E01004469,Full-time: 31 to 48 hours worked,450,350,100
E01004469,Full-time: 49 or more hours worked,77,64,13
E01004469,Part-time: 15 hours or less worked,96,59,37
E01004469,Part-time: 16 to 30 hours worked,185,128,57
E01004470,Full-time: 31 to 48 hours worked,500,420,80
E01004470,Full-time: 49 or more hours worked,88,68,20
E01004470,Part-time: 15 hours or less worked,87,67,20
E01004470,Part-time: 16 to 30 hours worked,145,133,12
E01004471,Full-time: 31 to 48 hours worked,477,431,46
E01004471,Full-time: 49 or more hours worked,85,69,16
E01004471,Part-time: 15 hours or less worked,89,66,23
E01004471,Part-time: 16 to 30 hours worked,176,127,49
E01004472,Full-time: 31 to 48 hours worked,720,773,-53
E01004472,Full-time: 49 or more hours worked,281,359,-78
E01004472,Part-time: 15 hours or less worked,60,61,-1
E01004472,Part-time: 16 to 30 hours worked,107,112,-5
E01004473,Full-time: 31 to 48 hours worked,774,721,53
E01004473,Full-time: 49 or more hours worked,249,288,-39
E01004473,Part-time: 15 hours or less worked,56,46,10
E01004473,Part-time: 16 to 30 hours worked,83,85,-2
E01004474,Full-time: 31 to 48 hours worked,1038,934,104
E01004474,Full-time: 49 or more hours worked,267,300,-33
E01004474,Part-time: 15 hours or less worked,66,53,13
E01004474,Part-time: 16 to 30 hours worked,116,107,9
E01004475,Full-time: 31 to 48 hours worked,608,607,1
E01004475,Full-time: 49 or more hours worked,199,221,-22
E01004475,Part-time: 15 hours or less worked,54,35,19
E01004475,Part-time: 16 to 30 hours worked,77,84,-7
E01004476,Full-time: 31 to 48 hours worked,796,580,216
E01004476,Full-time: 49 or more hours worked,253,251,2
E01004476,Part-time: 15 hours or less worked,76,47,29
E01004476,Part-time: 16 to 30 hours worked,121,78,43
E01004477,Full-time: 31 to 48 hours worked,413,449,-36
E01004477,Full-time: 49 or more hours worked,285,316,-31
E01004477,Part-time: 15 hours or less worked,73,53,20
E01004477,Part-time: 16 to 30 hours worked,90,82,8
E01004478,Full-time: 31 to 48 hours worked,378,402,-24
E01004478,Full-time: 49 or more hours worked,248,280,-32
E01004478,Part-time: 15 hours or less worked,84,55,29
E01004478,Part-time: 16 to 30 hours worked,89,76,13
E01004479,Full-time: 31 to 48 hours worked,476,462,14
E01004479,Full-time: 49 or more hours worked,233,261,-28
E01004479,Part-time: 15 hours or less worked,77,65,12
E01004479,Part-time: 16 to 30 hours worked,86,82,4
E01004480,Full-time: 31 to 48 hours worked,810,768,42
E01004480,Full-time: 49 or more hours worked,297,335,-38
E01004480,Part-time: 15 hours or less worked,55,42,13
E01004480,Part-time: 16 to 30 hours worked,70,56,14
E01004481,Full-time: 31 to 48 hours worked,804,763,41
E01004481,Full-time: 49 or more hours worked,162,223,-61
E01004481,Part-time: 15 hours or less worked,80,65,15
E01004481,Part-time: 16 to 30 hours worked,117,110,7
E01004482,Full-time: 31 to 48 hours worked,682,629,53
E01004482,Full-time: 49 or more hours worked,147,139,8
E01004482,Part-time: 15 hours or less worked,57,56,1
E01004482,Part-time: 16 to 30 hours worked,106,102,4
E01004483,Full-time: 31 to 48 hours worked,965,1011,-46
E01004483,Full-time: 49 or more hours worked,196,295,-99
E01004483,Part-time: 15 hours or less worked,119,41,78
E01004483,Part-time: 16 to 30 hours worked,140,114,26
E01004484,Full-time: 31 to 48 hours worked,700,681,19
E01004484,Full-time: 49 or more hours worked,157,209,-52
E01004484,Part-time: 15 hours or less worked,68,46,22
E01004484,Part-time: 16 to 30 hours worked,83,90,-7
E01004485,Full-time: 31 to 48 hours worked,744,659,85
E01004485,Full-time: 49 or more hours worked,201,216,-15
E01004485,Part-time: 15 hours or less worked,64,47,17
E01004485,Part-time: 16 to 30 hours worked,105,96,9
E01004486,Full-time: 31 to 48 hours worked,661,669,-8
E01004486,Full-time: 49 or more hours worked,194,229,-35
E01004486,Part-time: 15 hours or less worked,61,37,24
E01004486,Part-time: 16 to 30 hours worked,76,60,16
E01004487,Full-time: 31 to 48 hours worked,601,572,29
E01004487,Full-time: 49 or more hours worked,197,222,-25
E01004487,Part-time: 15 hours or less worked,61,40,21
E01004487,Part-time: 16 to 30 hours worked,90,100,-10
E01004488,Full-time: 31 to 48 hours worked,437,490,-53
E01004488,Full-time: 49 or more hours worked,171,194,-23
E01004488,Part-time: 15 hours or less worked,58,42,16
E01004488,Part-time: 16 to 30 hours worked,82,104,-22
E01004489,Full-time: 31 to 48 hours worked,428,440,-12
E01004489,Full-time: 49 or more hours worked,177,240,-63
E01004489,Part-time: 15 hours or less worked,51,42,9
E01004489,Part-time: 16 to 30 hours worked,86,108,-22
E01004490,Full-time: 31 to 48 hours worked,572,606,-34
E01004490,Full-time: 49 or more hours worked,241,231,10
E01004490,Part-time: 15 hours or less worked,69,42,27
E01004490,Part-time: 16 to 30 hours worked,94,98,-4
E01004491,Full-time: 31 to 48 hours worked,1052,800,252
E01004491,Full-time: 49 or more hours worked,140,135,5
E01004491,Part-time: 15 hours or less worked,120,98,22
E01004491,Part-time: 16 to 30 hours worked,151,118,33
E01004492,Full-time: 31 to 48 hours worked,637,670,-33
E01004492,Full-time: 49 or more hours worked,171,213,-42
E01004492,Part-time: 15 hours or less worked,74,68,6
E01004492,Part-time: 16 to 30 hours worked,152,125,27
E01004493,Full-time: 31 to 48 hours worked,777,739,38
E01004493,Full-time: 49 or more hours worked,243,273,-30
E01004493,Part-time: 15 hours or less worked,77,50,27
E01004493,Part-time: 16 to 30 hours worked,127,112,15
E01004494,Full-time: 31 to 48 hours worked,749,659,90
E01004494,Full-time: 49 or more hours worked,173,222,-49
E01004494,Part-time: 15 hours or less worked,65,50,15
E01004494,Part-time: 16 to 30 hours worked,129,113,16
E01004495,Full-time: 31 to 48 hours worked,511,461,50
E01004495,Full-time: 49 or more hours worked,100,137,-37
E01004495,Part-time: 15 hours or less worked,64,64,0
E01004495,Part-time: 16 to 30 hours worked,141,118,23
E01004496,Full-time: 31 to 48 hours worked,923,971,-48
E01004496,Full-time: 49 or more hours worked,286,354,-68
E01004496,Part-time: 15 hours or less worked,47,43,4
E01004496,Part-time: 16 to 30 hours worked,118,100,18
E01004497,Full-time: 31 to 48 hours worked,470,463,7
E01004497,Full-time: 49 or more hours worked,155,164,-9
E01004497,Part-time: 15 hours or less worked,71,49,22
E01004497,Part-time: 16 to 30 hours worked,78,100,-22
E01004498,Full-time: 31 to 48 hours worked,723,798,-75
E01004498,Full-time: 49 or more hours worked,279,281,-2
E01004498,Part-time: 15 hours or less worked,43,52,-9
E01004498,Part-time: 16 to 30 hours worked,99,87,12
E01004499,Full-time: 31 to 48 hours worked,633,643,-10
E01004499,Full-time: 49 or more hours worked,221,265,-44
E01004499,Part-time: 15 hours or less worked,62,53,9
E01004499,Part-time: 16 to 30 hours worked,125,89,36
E01004500,Full-time: 31 to 48 hours worked,866,690,176
E01004500,Full-time: 49 or more hours worked,221,235,-14
E01004500,Part-time: 15 hours or less worked,80,47,33
E01004500,Part-time: 16 to 30 hours worked,128,93,35
E01004501,Full-time: 31 to 48 hours worked,510,587,-77
E01004501,Full-time: 49 or more hours worked,112,182,-70
E01004501,Part-time: 15 hours or less worked,76,41,35
E01004501,Part-time: 16 to 30 hours worked,126,117,9
E01004502,Full-time: 31 to 48 hours worked,575,574,1
E01004502,Full-time: 49 or more hours worked,235,256,-21
E01004502,Part-time: 15 hours or less worked,85,75,10
E01004502,Part-time: 16 to 30 hours worked,103,107,-4
E01004503,Full-time: 31 to 48 hours worked,634,614,20
E01004503,Full-time: 49 or more hours worked,204,239,-35
E01004503,Part-time: 15 hours or less worked,89,57,32
E01004503,Part-time: 16 to 30 hours worked,101,90,11
E01004504,Full-time: 31 to 48 hours worked,425,459,-34
E01004504,Full-time: 49 or more hours worked,193,198,-5
E01004504,Part-time: 15 hours or less worked,89,63,26
E01004504,Part-time: 16 to 30 hours worked,122,123,-1
E01004505,Full-time: 31 to 48 hours worked,597,677,-80
E01004505,Full-time: 49 or more hours worked,164,212,-48
E01004505,Part-time: 15 hours or less worked,85,47,38
E01004505,Part-time: 16 to 30 hours worked,108,99,9
E01004506,Full-time: 31 to 48 hours worked,959,791,168
E01004506,Full-time: 49 or more hours worked,336,363,-27
E01004506,Part-time: 15 hours or less worked,106,52,54
E01004506,Part-time: 16 to 30 hours worked,101,84,17
E01004507,Full-time: 31 to 48 hours worked,1158,829,329
E01004507,Full-time: 49 or more hours worked,349,298,51
E01004507,Part-time: 15 hours or less worked,83,59,24
E01004507,Part-time: 16 to 30 hours worked,146,96,50
E01004508,Full-time: 31 to 48 hours worked,944,900,44
E01004508,Full-time: 49 or more hours worked,317,392,-75
E01004508,Part-time: 15 hours or less worked,80,35,45
E01004508,Part-time: 16 to 30 hours worked,104,105,-1
E01004510,Full-time: 31 to 48 hours worked,775,877,-102
E01004510,Full-time: 49 or more hours worked,259,390,-131
E01004510,Part-time: 15 hours or less worked,84,52,32
E01004510,Part-time: 16 to 30 hours worked,109,107,2
E01004511,Full-time: 31 to 48 hours worked,698,771,-73
E01004511,Full-time: 49 or more hours worked,226,318,-92
E01004511,Part-time: 15 hours or less worked,64,39,25
E01004511,Part-time: 16 to 30 hours worked,90,94,-4
E01004512,Full-time: 31 to 48 hours worked,459,450,9
E01004512,Full-time: 49 or more hours worked,203,260,-57
E01004512,Part-time: 15 hours or less worked,84,72,12
E01004512,Part-time: 16 to 30 hours worked,97,78,19
E01004513,Full-time: 31 to 48 hours worked,755,696,59
E01004513,Full-time: 49 or more hours worked,170,194,-24
E01004513,Part-time: 15 hours or less worked,95,59,36
E01004513,Part-time: 16 to 30 hours worked,158,158,0
E01004514,Full-time: 31 to 48 hours worked,742,677,65
E01004514,Full-time: 49 or more hours worked,254,361,-107
E01004514,Part-time: 15 hours or less worked,68,49,19
E01004514,Part-time: 16 to 30 hours worked,106,98,8
E01004515,Full-time: 31 to 48 hours worked,789,753,36
E01004515,Full-time: 49 or more hours worked,186,229,-43
E01004515,Part-time: 15 hours or less worked,67,56,11
E01004515,Part-time: 16 to 30 hours worked,113,99,14
E01004516,Full-time: 31 to 48 hours worked,400,439,-39
E01004516,Full-time: 49 or more hours worked,115,116,-1
E01004516,Part-time: 15 hours or less worked,85,116,-31
E01004516,Part-time: 16 to 30 hours worked,177,165,12
E01004517,Full-time: 31 to 48 hours worked,810,636,174
E01004517,Full-time: 49 or more hours worked,191,164,27
E01004517,Part-time: 15 hours or less worked,139,68,71
E01004517,Part-time: 16 to 30 hours worked,190,192,-2
E01004518,Full-time: 31 to 48 hours worked,518,519,-1
E01004518,Full-time: 49 or more hours worked,138,128,10
E01004518,Part-time: 15 hours or less worked,106,92,14
E01004518,Part-time: 16 to 30 hours worked,152,156,-4
E01004519,Full-time: 31 to 48 hours worked,539,515,24
E01004519,Full-time: 49 or more hours worked,83,117,-34
E01004519,Part-time: 15 hours or less worked,100,68,32
E01004519,Part-time: 16 to 30 hours worked,171,152,19
E01004520,Full-time: 31 to 48 hours worked,395,374,21
E01004520,Full-time: 49 or more hours worked,78,65,13
E01004520,Part-time: 15 hours or less worked,80,60,20
E01004520,Part-time: 16 to 30 hours worked,120,116,4
E01004521,Full-time: 31 to 48 hours worked,633,611,22
E01004521,Full-time: 49 or more hours worked,149,146,3
E01004521,Part-time: 15 hours or less worked,98,64,34
E01004521,Part-time: 16 to 30 hours worked,207,171,36
E01004522,Full-time: 31 to 48 hours worked,547,501,46
E01004522,Full-time: 49 or more hours worked,148,95,53
E01004522,Part-time: 15 hours or less worked,105,71,34
E01004522,Part-time: 16 to 30 hours worked,142,166,-24
E01004523,Full-time: 31 to 48 hours worked,476,480,-4
E01004523,Full-time: 49 or more hours worked,108,137,-29
E01004523,Part-time: 15 hours or less worked,105,53,52
E01004523,Part-time: 16 to 30 hours worked,135,138,-3
E01004524,Full-time: 31 to 48 hours worked,456,406,50
E01004524,Full-time: 49 or more hours worked,70,83,-13
E01004524,Part-time: 15 hours or less worked,94,56,38
E01004524,Part-time: 16 to 30 hours worked,183,144,39
E01004525,Full-time: 31 to 48 hours worked,732,631,101
E01004525,Full-time: 49 or more hours worked,131,138,-7
E01004525,Part-time: 15 hours or less worked,116,95,21
E01004525,Part-time: 16 to 30 hours worked,160,141,19
E01004526,Full-time: 31 to 48 hours worked,663,631,32
E01004526,Full-time: 49 or more hours worked,145,118,27
E01004526,Part-time: 15 hours or less worked,98,49,49
E01004526,Part-time: 16 to 30 hours worked,140,132,8
E01004527,Full-time: 31 to 48 hours worked,612,503,109
E01004527,Full-time: 49 or more hours worked,116,130,-14
E01004527,Part-time: 15 hours or less worked,75,82,-7
E01004527,Part-time: 16 to 30 hours worked,123,139,-16
E01004528,Full-time: 31 to 48 hours worked,459,433,26
E01004528,Full-time: 49 or more hours worked,110,102,8
E01004528,Part-time: 15 hours or less worked,88,56,32
E01004528,Part-time: 16 to 30 hours worked,149,140,9
E01004529,Full-time: 31 to 48 hours worked,884,861,23
E01004529,Full-time: 49 or more hours worked,184,172,12
E01004529,Part-time: 15 hours or less worked,101,71,30
E01004529,Part-time: 16 to 30 hours worked,180,168,12
E01004530,Full-time: 31 to 48 hours worked,661,676,-15
E01004530,Full-time: 49 or more hours worked,173,160,13
E01004530,Part-time: 15 hours or less worked,98,76,22
E01004530,Part-time: 16 to 30 hours worked,138,150,-12
E01004531,Full-time: 31 to 48 hours worked,587,526,61
E01004531,Full-time: 49 or more hours worked,114,107,7
E01004531,Part-time: 15 hours or less worked,79,65,14
E01004531,Part-time: 16 to 30 hours worked,149,129,20
E01004532,Full-time: 31 to 48 hours worked,560,523,37
E01004532,Full-time: 49 or more hours worked,156,148,8
E01004532,Part-time: 15 hours or less worked,45,49,-4
E01004532,Part-time: 16 to 30 hours worked,79,124,-45
E01004533,Full-time: 31 to 48 hours worked,533,443,90
E01004533,Full-time: 49 or more hours worked,102,93,9
E01004533,Part-time: 15 hours or less worked,52,50,2
E01004533,Part-time: 16 to 30 hours worked,127,108,19
E01004534,Full-time: 31 to 48 hours worked,807,788,19
E01004534,Full-time: 49 or more hours worked,271,354,-83
E01004534,Part-time: 15 hours or less worked,91,66,25
E01004534,Part-time: 16 to 30 hours worked,108,101,7
E01004535,Full-time: 31 to 48 hours worked,364,413,-49
E01004535,Full-time: 49 or more hours worked,53,58,-5
E01004535,Part-time: 15 hours or less worked,102,64,38
E01004535,Part-time: 16 to 30 hours worked,176,161,15
E01004536,Full-time: 31 to 48 hours worked,764,838,-74
E01004536,Full-time: 49 or more hours worked,140,201,-61
E01004536,Part-time: 15 hours or less worked,105,63,42
E01004536,Part-time: 16 to 30 hours worked,210,138,72
E01004537,Full-time: 31 to 48 hours worked,732,556,176
E01004537,Full-time: 49 or more hours worked,118,123,-5
E01004537,Part-time: 15 hours or less worked,115,59,56
E01004537,Part-time: 16 to 30 hours worked,161,152,9
E01004538,Full-time: 31 to 48 hours worked,887,679,208
E01004538,Full-time: 49 or more hours worked,193,156,37
E01004538,Part-time: 15 hours or less worked,95,60,35
E01004538,Part-time: 16 to 30 hours worked,210,175,35
E01004539,Full-time: 31 to 48 hours worked,542,523,19
E01004539,Full-time: 49 or more hours worked,102,101,1
E01004539,Part-time: 15 hours or less worked,114,66,48
E01004539,Part-time: 16 to 30 hours worked,217,199,18
E01004540,Full-time: 31 to 48 hours worked,807,682,125
E01004540,Full-time: 49 or more hours worked,231,259,-28
E01004540,Part-time: 15 hours or less worked,103,76,27
E01004540,Part-time: 16 to 30 hours worked,185,162,23
E01004541,Full-time: 31 to 48 hours worked,495,478,17
E01004541,Full-time: 49 or more hours worked,89,85,4
E01004541,Part-time: 15 hours or less worked,77,39,38
E01004541,Part-time: 16 to 30 hours worked,120,128,-8
E01004542,Full-time: 31 to 48 hours worked,503,543,-40
E01004542,Full-time: 49 or more hours worked,249,292,-43
E01004542,Part-time: 15 hours or less worked,85,45,40
E01004542,Part-time: 16 to 30 hours worked,100,97,3
E01004543,Full-time: 31 to 48 hours worked,610,581,29
E01004543,Full-time: 49 or more hours worked,277,341,-64
E01004543,Part-time: 15 hours or less worked,85,57,28
E01004543,Part-time: 16 to 30 hours worked,118,110,8
E01004544,Full-time: 31 to 48 hours worked,510,502,8
E01004544,Full-time: 49 or more hours worked,230,250,-20
E01004544,Part-time: 15 hours or less worked,64,55,9
E01004544,Part-time: 16 to 30 hours worked,76,95,-19
E01004545,Full-time: 31 to 48 hours worked,1071,822,249
E01004545,Full-time: 49 or more hours worked,285,282,3
E01004545,Part-time: 15 hours or less worked,62,35,27
E01004545,Part-time: 16 to 30 hours worked,109,81,28
E01004546,Full-time: 31 to 48 hours worked,613,628,-15
E01004546,Full-time: 49 or more hours worked,228,266,-38
E01004546,Part-time: 15 hours or less worked,54,45,9
E01004546,Part-time: 16 to 30 hours worked,84,91,-7
E01004547,Full-time: 31 to 48 hours worked,483,415,68
E01004547,Full-time: 49 or more hours worked,150,164,-14
E01004547,Part-time: 15 hours or less worked,69,66,3
E01004547,Part-time: 16 to 30 hours worked,87,94,-7
E01004548,Full-time: 31 to 48 hours worked,846,898,-52
E01004548,Full-time: 49 or more hours worked,220,250,-30
E01004548,Part-time: 15 hours or less worked,98,60,38
E01004548,Part-time: 16 to 30 hours worked,155,139,16
E01004549,Full-time: 31 to 48 hours worked,587,549,38
E01004549,Full-time: 49 or more hours worked,216,249,-33
E01004549,Part-time: 15 hours or less worked,53,47,6
E01004549,Part-time: 16 to 30 hours worked,87,94,-7
E01004550,Full-time: 31 to 48 hours worked,365,390,-25
E01004550,Full-time: 49 or more hours worked,153,208,-55
E01004550,Part-time: 15 hours or less worked,70,59,11
E01004550,Part-time: 16 to 30 hours worked,85,98,-13
E01004551,Full-time: 31 to 48 hours worked,731,838,-107
E01004551,Full-time: 49 or more hours worked,212,260,-48
E01004551,Part-time: 15 hours or less worked,61,52,9
E01004551,Part-time: 16 to 30 hours worked,107,94,13
E01004552,Full-time: 31 to 48 hours worked,1005,988,17
E01004552,Full-time: 49 or more hours worked,360,443,-83
E01004552,Part-time: 15 hours or less worked,66,55,11
E01004552,Part-time: 16 to 30 hours worked,92,97,-5
E01004553,Full-time: 31 to 48 hours worked,721,663,58
E01004553,Full-time: 49 or more hours worked,308,358,-50
E01004553,Part-time: 15 hours or less worked,62,25,37
E01004553,Part-time: 16 to 30 hours worked,100,88,12
E01004554,Full-time: 31 to 48 hours worked,591,592,-1
E01004554,Full-time: 49 or more hours worked,297,334,-37
E01004554,Part-time: 15 hours or less worked,57,46,11
E01004554,Part-time: 16 to 30 hours worked,87,87,0
E01004555,Full-time: 31 to 48 hours worked,453,451,2
E01004555,Full-time: 49 or more hours worked,265,289,-24
E01004555,Part-time: 15 hours or less worked,98,50,48
E01004555,Part-time: 16 to 30 hours worked,100,96,4
E01004556,Full-time: 31 to 48 hours worked,432,420,12
E01004556,Full-time: 49 or more hours worked,294,336,-42
E01004556,Part-time: 15 hours or less worked,62,56,6
E01004556,Part-time: 16 to 30 hours worked,87,114,-27
E01004557,Full-time: 31 to 48 hours worked,502,485,17
E01004557,Full-time: 49 or more hours worked,275,300,-25
E01004557,Part-time: 15 hours or less worked,70,52,18
E01004557,Part-time: 16 to 30 hours worked,92,97,-5
E01004558,Full-time: 31 to 48 hours worked,532,557,-25
E01004558,Full-time: 49 or more hours worked,300,313,-13
E01004558,Part-time: 15 hours or less worked,85,45,40
E01004558,Part-time: 16 to 30 hours worked,107,97,10
E01004559,Full-time: 31 to 48 hours worked,367,357,10
E01004559,Full-time: 49 or more hours worked,212,248,-36
E01004559,Part-time: 15 hours or less worked,84,46,38
E01004559,Part-time: 16 to 30 hours worked,88,90,-2
E01004560,Full-time: 31 to 48 hours worked,697,725,-28
E01004560,Full-time: 49 or more hours worked,259,381,-122
E01004560,Part-time: 15 hours or less worked,96,77,19
E01004560,Part-time: 16 to 30 hours worked,131,114,17
E01004563,Full-time: 31 to 48 hours worked,639,592,47
E01004563,Full-time: 49 or more hours worked,172,193,-21
E01004563,Part-time: 15 hours or less worked,130,72,58
E01004563,Part-time: 16 to 30 hours worked,184,163,21
E01004564,Full-time: 31 to 48 hours worked,787,877,-90
E01004564,Full-time: 49 or more hours worked,222,338,-116
E01004564,Part-time: 15 hours or less worked,88,78,10
E01004564,Part-time: 16 to 30 hours worked,136,126,10
E01004565,Full-time: 31 to 48 hours worked,660,596,64
E01004565,Full-time: 49 or more hours worked,259,242,17
E01004565,Part-time: 15 hours or less worked,84,40,44
E01004565,Part-time: 16 to 30 hours worked,97,76,21
E01004566,Full-time: 31 to 48 hours worked,594,559,35
E01004566,Full-time: 49 or more hours worked,312,319,-7
E01004566,Part-time: 15 hours or less worked,82,60,22
E01004566,Part-time: 16 to 30 hours worked,108,100,8
E01004567,Full-time: 31 to 48 hours worked,700,675,25
E01004567,Full-time: 49 or more hours worked,111,166,-55
E01004567,Part-time: 15 hours or less worked,133,74,59
E01004567,Part-time: 16 to 30 hours worked,203,199,4
E01004568,Full-time: 31 to 48 hours worked,205,220,-15
E01004568,Full-time: 49 or more hours worked,36,49,-13
E01004568,Part-time: 15 hours or less worked,140,197,-57
E01004568,Part-time: 16 to 30 hours worked,142,134,8
E01004569,Full-time: 31 to 48 hours worked,475,490,-15
E01004569,Full-time: 49 or more hours worked,103,119,-16
E01004569,Part-time: 15 hours or less worked,156,247,-91
E01004569,Part-time: 16 to 30 hours worked,205,186,19
E01004570,Full-time: 31 to 48 hours worked,462,366,96
E01004570,Full-time: 49 or more hours worked,63,52,11
E01004570,Part-time: 15 hours or less worked,94,157,-63
E01004570,Part-time: 16 to 30 hours worked,215,220,-5
E01004571,Full-time: 31 to 48 hours worked,456,491,-35
E01004571,Full-time: 49 or more hours worked,99,80,19
E01004571,Part-time: 15 hours or less worked,124,150,-26
E01004571,Part-time: 16 to 30 hours worked,211,214,-3
E01004572,Full-time: 31 to 48 hours worked,445,354,91
E01004572,Full-time: 49 or more hours worked,114,147,-33
E01004572,Part-time: 15 hours or less worked,99,63,36
E01004572,Part-time: 16 to 30 hours worked,147,121,26
E01004573,Full-time: 31 to 48 hours worked,477,482,-5
E01004573,Full-time: 49 or more hours worked,106,101,5
E01004573,Part-time: 15 hours or less worked,98,68,30
E01004573,Part-time: 16 to 30 hours worked,193,155,38
E01004574,Full-time: 31 to 48 hours worked,394,343,51
E01004574,Full-time: 49 or more hours worked,56,51,5
E01004574,Part-time: 15 hours or less worked,128,110,18
E01004574,Part-time: 16 to 30 hours worked,238,162,76
E01004575,Full-time: 31 to 48 hours worked,359,422,-63
E01004575,Full-time: 49 or more hours worked,65,82,-17
E01004575,Part-time: 15 hours or less worked,119,128,-9
E01004575,Part-time: 16 to 30 hours worked,170,154,16
E01004576,Full-time: 31 to 48 hours worked,339,373,-34
E01004576,Full-time: 49 or more hours worked,107,104,3
E01004576,Part-time: 15 hours or less worked,90,76,14
E01004576,Part-time: 16 to 30 hours worked,147,142,5
E01004577,Full-time: 31 to 48 hours worked,633,647,-14
E01004577,Full-time: 49 or more hours worked,232,340,-108
E01004577,Part-time: 15 hours or less worked,91,68,23
E01004577,Part-time: 16 to 30 hours worked,114,124,-10
E01004579,Full-time: 31 to 48 hours worked,643,564,79
E01004579,Full-time: 49 or more hours worked,224,209,15
E01004579,Part-time: 15 hours or less worked,89,53,36
E01004579,Part-time: 16 to 30 hours worked,117,117,0
E01004580,Full-time: 31 to 48 hours worked,806,816,-10
E01004580,Full-time: 49 or more hours worked,231,301,-70
E01004580,Part-time: 15 hours or less worked,103,61,42
E01004580,Part-time: 16 to 30 hours worked,157,132,25
E01004581,Full-time: 31 to 48 hours worked,667,691,-24
E01004581,Full-time: 49 or more hours worked,186,251,-65
E01004581,Part-time: 15 hours or less worked,94,71,23
E01004581,Part-time: 16 to 30 hours worked,133,138,-5
E01004582,Full-time: 31 to 48 hours worked,664,705,-41
E01004582,Full-time: 49 or more hours worked,227,341,-114
E01004582,Part-time: 15 hours or less worked,130,81,49
E01004582,Part-time: 16 to 30 hours worked,159,152,7
E01004583,Full-time: 31 to 48 hours worked,531,599,-68
E01004583,Full-time: 49 or more hours worked,156,253,-97
E01004583,Part-time: 15 hours or less worked,102,60,42
E01004583,Part-time: 16 to 30 hours worked,108,106,2
E01004584,Full-time: 31 to 48 hours worked,433,403,30
E01004584,Full-time: 49 or more hours worked,76,75,1
E01004584,Part-time: 15 hours or less worked,107,76,31
E01004584,Part-time: 16 to 30 hours worked,185,129,56
E01004585,Full-time: 31 to 48 hours worked,806,814,-8
E01004585,Full-time: 49 or more hours worked,251,330,-79
E01004585,Part-time: 15 hours or less worked,80,51,29
E01004585,Part-time: 16 to 30 hours worked,110,106,4
E01004586,Full-time: 31 to 48 hours worked,880,834,46
E01004586,Full-time: 49 or more hours worked,302,412,-110
E01004586,Part-time: 15 hours or less worked,76,40,36
E01004586,Part-time: 16 to 30 hours worked,112,89,23
E01004587,Full-time: 31 to 48 hours worked,672,719,-47
E01004587,Full-time: 49 or more hours worked,327,362,-35
E01004587,Part-time: 15 hours or less worked,79,35,44
E01004587,Part-time: 16 to 30 hours worked,85,84,1
E01004588,Full-time: 31 to 48 hours worked,947,860,87
E01004588,Full-time: 49 or more hours worked,376,414,-38
E01004588,Part-time: 15 hours or less worked,89,57,32
E01004588,Part-time: 16 to 30 hours worked,96,77,19
E01004589,Full-time: 31 to 48 hours worked,720,664,56
E01004589,Full-time: 49 or more hours worked,323,374,-51
E01004589,Part-time: 15 hours or less worked,56,43,13
E01004589,Part-time: 16 to 30 hours worked,89,100,-11
E01004590,Full-time: 31 to 48 hours worked,604,570,34
E01004590,Full-time: 49 or more hours worked,158,182,-24
E01004590,Part-time: 15 hours or less worked,91,58,33
E01004590,Part-time: 16 to 30 hours worked,135,115,20
E01004591,Full-time: 31 to 48 hours worked,776,770,6
E01004591,Full-time: 49 or more hours worked,193,234,-41
E01004591,Part-time: 15 hours or less worked,70,63,7
E01004591,Part-time: 16 to 30 hours worked,123,97,26
E01004592,Full-time: 31 to 48 hours worked,586,570,16
E01004592,Full-time: 49 or more hours worked,178,216,-38
E01004592,Part-time: 15 hours or less worked,65,40,25
E01004592,Part-time: 16 to 30 hours worked,106,103,3
E01004593,Full-time: 31 to 48 hours worked,728,790,-62
E01004593,Full-time: 49 or more hours worked,207,225,-18
E01004593,Part-time: 15 hours or less worked,82,67,15
E01004593,Part-time: 16 to 30 hours worked,153,134,19
E01004594,Full-time: 31 to 48 hours worked,567,544,23
E01004594,Full-time: 49 or more hours worked,201,185,16
E01004594,Part-time: 15 hours or less worked,94,68,26
E01004594,Part-time: 16 to 30 hours worked,110,132,-22
E01004595,Full-time: 31 to 48 hours worked,719,786,-67
E01004595,Full-time: 49 or more hours worked,223,193,30
E01004595,Part-time: 15 hours or less worked,86,57,29
E01004595,Part-time: 16 to 30 hours worked,125,114,11
E01004596,Full-time: 31 to 48 hours worked,562,537,25
E01004596,Full-time: 49 or more hours worked,185,245,-60
E01004596,Part-time: 15 hours or less worked,73,57,16
E01004596,Part-time: 16 to 30 hours worked,108,128,-20
E01004597,Full-time: 31 to 48 hours worked,621,637,-16
E01004597,Full-time: 49 or more hours worked,216,244,-28
E01004597,Part-time: 15 hours or less worked,82,81,1
E01004597,Part-time: 16 to 30 hours worked,128,119,9
E01004598,Full-time: 31 to 48 hours worked,967,870,97
E01004598,Full-time: 49 or more hours worked,303,308,-5
E01004598,Part-time: 15 hours or less worked,63,50,13
E01004598,Part-time: 16 to 30 hours worked,127,93,34
E01004599,Full-time: 31 to 48 hours worked,432,442,-10
E01004599,Full-time: 49 or more hours worked,246,234,12
E01004599,Part-time: 15 hours or less worked,64,57,7
E01004599,Part-time: 16 to 30 hours worked,102,121,-19
E01004601,Full-time: 31 to 48 hours worked,981,832,149
E01004601,Full-time: 49 or more hours worked,223,249,-26
E01004601,Part-time: 15 hours or less worked,93,77,16
E01004601,Part-time: 16 to 30 hours worked,190,159,31
E01004602,Full-time: 31 to 48 hours worked,587,672,-85
E01004602,Full-time: 49 or more hours worked,263,332,-69
E01004602,Part-time: 15 hours or less worked,86,48,38
E01004602,Part-time: 16 to 30 hours worked,106,87,19
E01004604,Full-time: 31 to 48 hours worked,400,422,-22
E01004604,Full-time: 49 or more hours worked,224,268,-44
E01004604,Part-time: 15 hours or less worked,92,70,22
E01004604,Part-time: 16 to 30 hours worked,92,126,-34
E01004605,Full-time: 31 to 48 hours worked,549,561,-12
E01004605,Full-time: 49 or more hours worked,179,228,-49
E01004605,Part-time: 15 hours or less worked,78,59,19
E01004605,Part-time: 16 to 30 hours worked,131,123,8
E01004606,Full-time: 31 to 48 hours worked,689,687,2
E01004606,Full-time: 49 or more hours worked,288,339,-51
E01004606,Part-time: 15 hours or less worked,78,59,19
E01004606,Part-time: 16 to 30 hours worked,101,96,5
E01004607,Full-time: 31 to 48 hours worked,538,543,-5
E01004607,Full-time: 49 or more hours worked,213,310,-97
E01004607,Part-time: 15 hours or less worked,64,64,0
E01004607,Part-time: 16 to 30 hours worked,109,98,11
E01004608,Full-time: 31 to 48 hours worked,659,680,-21
E01004608,Full-time: 49 or more hours worked,216,269,-53
E01004608,Part-time: 15 hours or less worked,66,37,29
E01004608,Part-time: 16 to 30 hours worked,99,92,7
E01004609,Full-time: 31 to 48 hours worked,936,952,-16
E01004609,Full-time: 49 or more hours worked,314,418,-104
E01004609,Part-time: 15 hours or less worked,94,62,32
E01004609,Part-time: 16 to 30 hours worked,146,111,35
E01004610,Full-time: 31 to 48 hours worked,781,542,239
E01004610,Full-time: 49 or more hours worked,154,148,6
E01004610,Part-time: 15 hours or less worked,135,101,34
E01004610,Part-time: 16 to 30 hours worked,135,158,-23
E01004611,Full-time: 31 to 48 hours worked,604,538,66
E01004611,Full-time: 49 or more hours worked,126,129,-3
E01004611,Part-time: 15 hours or less worked,58,41,17
E01004611,Part-time: 16 to 30 hours worked,100,144,-44
E01004612,Full-time: 31 to 48 hours worked,559,538,21
E01004612,Full-time: 49 or more hours worked,88,117,-29
E01004612,Part-time: 15 hours or less worked,82,75,7
E01004612,Part-time: 16 to 30 hours worked,125,138,-13
E01004613,Full-time: 31 to 48 hours worked,518,421,97
E01004613,Full-time: 49 or more hours worked,94,81,13
E01004613,Part-time: 15 hours or less worked,86,69,17
E01004613,Part-time: 16 to 30 hours worked,136,134,2
E01004614,Full-time: 31 to 48 hours worked,792,674,118
E01004614,Full-time: 49 or more hours worked,142,148,-6
E01004614,Part-time: 15 hours or less worked,118,190,-72
E01004614,Part-time: 16 to 30 hours worked,155,142,13
E01004615,Full-time: 31 to 48 hours worked,427,455,-28
E01004615,Full-time: 49 or more hours worked,85,81,4
E01004615,Part-time: 15 hours or less worked,81,66,15
E01004615,Part-time: 16 to 30 hours worked,137,134,3
E01004616,Full-time: 31 to 48 hours worked,802,711,91
E01004616,Full-time: 49 or more hours worked,188,187,1
E01004616,Part-time: 15 hours or less worked,100,100,0
E01004616,Part-time: 16 to 30 hours worked,155,179,-24
E01004617,Full-time: 31 to 48 hours worked,693,519,174
E01004617,Full-time: 49 or more hours worked,101,95,6
E01004617,Part-time: 15 hours or less worked,95,95,0
E01004617,Part-time: 16 to 30 hours worked,148,145,3
E01004618,Full-time: 31 to 48 hours worked,581,547,34
E01004618,Full-time: 49 or more hours worked,174,166,8
E01004618,Part-time: 15 hours or less worked,57,61,-4
E01004618,Part-time: 16 to 30 hours worked,84,107,-23
E01004619,Full-time: 31 to 48 hours worked,387,396,-9
E01004619,Full-time: 49 or more hours worked,183,230,-47
E01004619,Part-time: 15 hours or less worked,81,41,40
E01004619,Part-time: 16 to 30 hours worked,79,88,-9
E01004620,Full-time: 31 to 48 hours worked,622,538,84
E01004620,Full-time: 49 or more hours worked,228,262,-34
E01004620,Part-time: 15 hours or less worked,86,48,38
E01004620,Part-time: 16 to 30 hours worked,114,110,4
E01004621,Full-time: 31 to 48 hours worked,574,566,8
E01004621,Full-time: 49 or more hours worked,213,258,-45
E01004621,Part-time: 15 hours or less worked,82,57,25
E01004621,Part-time: 16 to 30 hours worked,124,117,7
E01004622,Full-time: 31 to 48 hours worked,469,511,-42
E01004622,Full-time: 49 or more hours worked,122,152,-30
E01004622,Part-time: 15 hours or less worked,70,39,31
E01004622,Part-time: 16 to 30 hours worked,88,94,-6
E01004623,Full-time: 31 to 48 hours worked,661,571,90
E01004623,Full-time: 49 or more hours worked,230,284,-54
E01004623,Part-time: 15 hours or less worked,76,63,13
E01004623,Part-time: 16 to 30 hours worked,127,111,16
E01004624,Full-time: 31 to 48 hours worked,582,579,3
E01004624,Full-time: 49 or more hours worked,161,193,-32
E01004624,Part-time: 15 hours or less worked,71,60,11
E01004624,Part-time: 16 to 30 hours worked,110,112,-2
E01004625,Full-time: 31 to 48 hours worked,266,307,-41
E01004625,Full-time: 49 or more hours worked,177,171,6
E01004625,Part-time: 15 hours or less worked,80,72,8
E01004625,Part-time: 16 to 30 hours worked,101,110,-9
E01004626,Full-time: 31 to 48 hours worked,653,620,33
E01004626,Full-time: 49 or more hours worked,237,264,-27
E01004626,Part-time: 15 hours or less worked,76,68,8
E01004626,Part-time: 16 to 30 hours worked,113,93,20
E01004627,Full-time: 31 to 48 hours worked,483,477,6
E01004627,Full-time: 49 or more hours worked,228,261,-33
E01004627,Part-time: 15 hours or less worked,76,57,19
E01004627,Part-time: 16 to 30 hours worked,92,106,-14
E01004628,Full-time: 31 to 48 hours worked,734,783,-49
E01004628,Full-time: 49 or more hours worked,204,255,-51
E01004628,Part-time: 15 hours or less worked,97,61,36
E01004628,Part-time: 16 to 30 hours worked,157,157,0
E01004629,Full-time: 31 to 48 hours worked,454,464,-10
E01004629,Full-time: 49 or more hours worked,160,183,-23
E01004629,Part-time: 15 hours or less worked,83,58,25
E01004629,Part-time: 16 to 30 hours worked,117,125,-8
E01004630,Full-time: 31 to 48 hours worked,453,444,9
E01004630,Full-time: 49 or more hours worked,69,113,-44
E01004630,Part-time: 15 hours or less worked,83,57,26
E01004630,Part-time: 16 to 30 hours worked,177,170,7
E01004631,Full-time: 31 to 48 hours worked,606,530,76
E01004631,Full-time: 49 or more hours worked,149,124,25
E01004631,Part-time: 15 hours or less worked,89,62,27
E01004631,Part-time: 16 to 30 hours worked,150,94,56
E01004632,Full-time: 31 to 48 hours worked,499,506,-7
E01004632,Full-time: 49 or more hours worked,156,173,-17
E01004632,Part-time: 15 hours or less worked,71,57,14
E01004632,Part-time: 16 to 30 hours worked,115,123,-8
E01004633,Full-time: 31 to 48 hours worked,404,476,-72
E01004633,Full-time: 49 or more hours worked,66,93,-27
E01004633,Part-time: 15 hours or less worked,76,71,5
E01004633,Part-time: 16 to 30 hours worked,184,162,22
E01004634,Full-time: 31 to 48 hours worked,492,580,-88
E01004634,Full-time: 49 or more hours worked,110,183,-73
E01004634,Part-time: 15 hours or less worked,74,44,30
E01004634,Part-time: 16 to 30 hours worked,116,98,18
E01004635,Full-time: 31 to 48 hours worked,565,600,-35
E01004635,Full-time: 49 or more hours worked,106,135,-29
E01004635,Part-time: 15 hours or less worked,74,57,17
E01004635,Part-time: 16 to 30 hours worked,131,135,-4
E01004636,Full-time: 31 to 48 hours worked,381,475,-94
E01004636,Full-time: 49 or more hours worked,120,171,-51
E01004636,Part-time: 15 hours or less worked,90,53,37
E01004636,Part-time: 16 to 30 hours worked,163,113,50
E01004637,Full-time: 31 to 48 hours worked,483,473,10
E01004637,Full-time: 49 or more hours worked,112,141,-29
E01004637,Part-time: 15 hours or less worked,74,51,23
E01004637,Part-time: 16 to 30 hours worked,121,109,12
E01004638,Full-time: 31 to 48 hours worked,298,305,-7
E01004638,Full-time: 49 or more hours worked,173,240,-67
E01004638,Part-time: 15 hours or less worked,95,72,23
E01004638,Part-time: 16 to 30 hours worked,89,93,-4
E01004639,Full-time: 31 to 48 hours worked,593,621,-28
E01004639,Full-time: 49 or more hours worked,158,236,-78
E01004639,Part-time: 15 hours or less worked,90,72,18
E01004639,Part-time: 16 to 30 hours worked,122,108,14
E01004640,Full-time: 31 to 48 hours worked,592,640,-48
E01004640,Full-time: 49 or more hours worked,233,288,-55
E01004640,Part-time: 15 hours or less worked,82,71,11
E01004640,Part-time: 16 to 30 hours worked,122,99,23
E01004641,Full-time: 31 to 48 hours worked,541,567,-26
E01004641,Full-time: 49 or more hours worked,170,195,-25
E01004641,Part-time: 15 hours or less worked,118,86,32
E01004641,Part-time: 16 to 30 hours worked,143,154,-11
E01004642,Full-time: 31 to 48 hours worked,666,490,176
E01004642,Full-time: 49 or more hours worked,157,123,34
E01004642,Part-time: 15 hours or less worked,123,110,13
E01004642,Part-time: 16 to 30 hours worked,179,150,29
E01004643,Full-time: 31 to 48 hours worked,680,586,94
E01004643,Full-time: 49 or more hours worked,180,175,5
E01004643,Part-time: 15 hours or less worked,121,86,35
E01004643,Part-time: 16 to 30 hours worked,141,165,-24
E01004644,Full-time: 31 to 48 hours worked,733,521,212
E01004644,Full-time: 49 or more hours worked,209,204,5
E01004644,Part-time: 15 hours or less worked,126,76,50
E01004644,Part-time: 16 to 30 hours worked,244,131,113
E01004645,Full-time: 31 to 48 hours worked,520,539,-19
E01004645,Full-time: 49 or more hours worked,111,123,-12
E01004645,Part-time: 15 hours or less worked,103,94,9
E01004645,Part-time: 16 to 30 hours worked,186,144,42
E01004646,Full-time: 31 to 48 hours worked,287,269,18
E01004646,Full-time: 49 or more hours worked,198,253,-55
E01004646,Part-time: 15 hours or less worked,83,60,23
E01004646,Part-time: 16 to 30 hours worked,90,82,8
E01004647,Full-time: 31 to 48 hours worked,301,295,6
E01004647,Full-time: 49 or more hours worked,177,241,-64
E01004647,Part-time: 15 hours or less worked,71,42,29
E01004647,Part-time: 16 to 30 hours worked,77,88,-11
E01004648,Full-time: 31 to 48 hours worked,647,621,26
E01004648,Full-time: 49 or more hours worked,361,389,-28
E01004648,Part-time: 15 hours or less worked,86,96,-10
E01004648,Part-time: 16 to 30 hours worked,141,122,19
E01004649,Full-time: 31 to 48 hours worked,306,312,-6
E01004649,Full-time: 49 or more hours worked,197,345,-148
E01004649,Part-time: 15 hours or less worked,49,44,5
E01004649,Part-time: 16 to 30 hours worked,81,87,-6
E01004650,Full-time: 31 to 48 hours worked,465,440,25
E01004650,Full-time: 49 or more hours worked,316,435,-119
E01004650,Part-time: 15 hours or less worked,97,76,21
E01004650,Part-time: 16 to 30 hours worked,100,112,-12
E01004651,Full-time: 31 to 48 hours worked,558,548,10
E01004651,Full-time: 49 or more hours worked,317,365,-48
E01004651,Part-time: 15 hours or less worked,67,57,10
E01004651,Part-time: 16 to 30 hours worked,81,93,-12
E01004652,Full-time: 31 to 48 hours worked,560,581,-21
E01004652,Full-time: 49 or more hours worked,189,308,-119
E01004652,Part-time: 15 hours or less worked,74,51,23
E01004652,Part-time: 16 to 30 hours worked,74,101,-27
E01004653,Full-time: 31 to 48 hours worked,493,487,6
E01004653,Full-time: 49 or more hours worked,327,419,-92
E01004653,Part-time: 15 hours or less worked,110,56,54
E01004653,Part-time: 16 to 30 hours worked,167,97,70
E01004654,Full-time: 31 to 48 hours worked,778,649,129
E01004654,Full-time: 49 or more hours worked,442,562,-120
E01004654,Part-time: 15 hours or less worked,154,107,47
E01004654,Part-time: 16 to 30 hours worked,161,136,25
E01004656,Full-time: 31 to 48 hours worked,530,597,-67
E01004656,Full-time: 49 or more hours worked,308,384,-76
E01004656,Part-time: 15 hours or less worked,85,72,13
E01004656,Part-time: 16 to 30 hours worked,127,123,4
E01004657,Full-time: 31 to 48 hours worked,357,325,32
E01004657,Full-time: 49 or more hours worked,279,430,-151
E01004657,Part-time: 15 hours or less worked,66,61,5
E01004657,Part-time: 16 to 30 hours worked,81,83,-2
E01004658,Full-time: 31 to 48 hours worked,394,297,97
E01004658,Full-time: 49 or more hours worked,245,260,-15
E01004658,Part-time: 15 hours or less worked,80,70,10
E01004658,Part-time: 16 to 30 hours worked,81,85,-4
E01004659,Full-time: 31 to 48 hours worked,424,539,-115
E01004659,Full-time: 49 or more hours worked,281,332,-51
E01004659,Part-time: 15 hours or less worked,67,74,-7
E01004659,Part-time: 16 to 30 hours worked,103,110,-7
E01004660,Full-time: 31 to 48 hours worked,346,423,-77
E01004660,Full-time: 49 or more hours worked,235,371,-136
E01004660,Part-time: 15 hours or less worked,61,60,1
E01004660,Part-time: 16 to 30 hours worked,88,83,5
E01004661,Full-time: 31 to 48 hours worked,517,464,53
E01004661,Full-time: 49 or more hours worked,328,300,28
E01004661,Part-time: 15 hours or less worked,122,65,57
E01004661,Part-time: 16 to 30 hours worked,132,133,-1
E01004662,Full-time: 31 to 48 hours worked,344,507,-163
E01004662,Full-time: 49 or more hours worked,252,448,-196
E01004662,Part-time: 15 hours or less worked,74,63,11
E01004662,Part-time: 16 to 30 hours worked,69,93,-24
E01004663,Full-time: 31 to 48 hours worked,321,402,-81
E01004663,Full-time: 49 or more hours worked,236,281,-45
E01004663,Part-time: 15 hours or less worked,71,57,14
E01004663,Part-time: 16 to 30 hours worked,70,103,-33
E01004665,Full-time: 31 to 48 hours worked,303,259,44
E01004665,Full-time: 49 or more hours worked,46,60,-14
E01004665,Part-time: 15 hours or less worked,82,54,28
E01004665,Part-time: 16 to 30 hours worked,119,115,4
E01004668,Full-time: 31 to 48 hours worked,376,347,29
E01004668,Full-time: 49 or more hours worked,123,164,-41
E01004668,Part-time: 15 hours or less worked,74,57,17
E01004668,Part-time: 16 to 30 hours worked,125,103,22
E01004669,Full-time: 31 to 48 hours worked,422,406,16
E01004669,Full-time: 49 or more hours worked,100,118,-18
E01004669,Part-time: 15 hours or less worked,106,50,56
E01004669,Part-time: 16 to 30 hours worked,144,117,27
E01004670,Full-time: 31 to 48 hours worked,367,306,61
E01004670,Full-time: 49 or more hours worked,53,62,-9
E01004670,Part-time: 15 hours or less worked,115,89,26
E01004670,Part-time: 16 to 30 hours worked,251,180,71
E01004674,Full-time: 31 to 48 hours worked,459,456,3
E01004674,Full-time: 49 or more hours worked,135,124,11
E01004674,Part-time: 15 hours or less worked,112,65,47
E01004674,Part-time: 16 to 30 hours worked,174,145,29
E01004675,Full-time: 31 to 48 hours worked,636,586,50
E01004675,Full-time: 49 or more hours worked,137,184,-47
E01004675,Part-time: 15 hours or less worked,109,77,32
E01004675,Part-time: 16 to 30 hours worked,185,168,17
E01004676,Full-time: 31 to 48 hours worked,487,520,-33
E01004676,Full-time: 49 or more hours worked,172,223,-51
E01004676,Part-time: 15 hours or less worked,89,51,38
E01004676,Part-time: 16 to 30 hours worked,117,126,-9
E01004677,Full-time: 31 to 48 hours worked,598,639,-41
E01004677,Full-time: 49 or more hours worked,134,171,-37
E01004677,Part-time: 15 hours or less worked,86,47,39
E01004677,Part-time: 16 to 30 hours worked,150,143,7
E01004678,Full-time: 31 to 48 hours worked,545,561,-16
E01004678,Full-time: 49 or more hours worked,127,196,-69
E01004678,Part-time: 15 hours or less worked,117,69,48
E01004678,Part-time: 16 to 30 hours worked,156,132,24
E01004679,Full-time: 31 to 48 hours worked,519,563,-44
E01004679,Full-time: 49 or more hours worked,138,135,3
E01004679,Part-time: 15 hours or less worked,100,64,36
E01004679,Part-time: 16 to 30 hours worked,187,195,-8
E01004680,Full-time: 31 to 48 hours worked,297,352,-55
E01004680,Full-time: 49 or more hours worked,217,284,-67
E01004680,Part-time: 15 hours or less worked,68,45,23
E01004680,Part-time: 16 to 30 hours worked,59,80,-21
E01004681,Full-time: 31 to 48 hours worked,544,640,-96
E01004681,Full-time: 49 or more hours worked,340,522,-182
E01004681,Part-time: 15 hours or less worked,113,50,63
E01004681,Part-time: 16 to 30 hours worked,118,131,-13
E01004682,Full-time: 31 to 48 hours worked,370,438,-68
E01004682,Full-time: 49 or more hours worked,156,285,-129
E01004682,Part-time: 15 hours or less worked,67,54,13
E01004682,Part-time: 16 to 30 hours worked,74,90,-16
E01004683,Full-time: 31 to 48 hours worked,368,431,-63
E01004683,Full-time: 49 or more hours worked,304,369,-65
E01004683,Part-time: 15 hours or less worked,81,36,45
E01004683,Part-time: 16 to 30 hours worked,98,111,-13
E01004684,Full-time: 31 to 48 hours worked,231,229,2
E01004684,Full-time: 49 or more hours worked,98,148,-50
E01004684,Part-time: 15 hours or less worked,59,67,-8
E01004684,Part-time: 16 to 30 hours worked,64,97,-33
E01004686,Full-time: 31 to 48 hours worked,336,276,60
E01004686,Full-time: 49 or more hours worked,160,195,-35
E01004686,Part-time: 15 hours or less worked,72,70,2
E01004686,Part-time: 16 to 30 hours worked,71,112,-41
E01004687,Full-time: 31 to 48 hours worked,252,344,-92
E01004687,Full-time: 49 or more hours worked,241,368,-127
E01004687,Part-time: 15 hours or less worked,69,64,5
E01004687,Part-time: 16 to 30 hours worked,87,118,-31
E01004690,Full-time: 31 to 48 hours worked,219,300,-81
E01004690,Full-time: 49 or more hours worked,162,285,-123
E01004690,Part-time: 15 hours or less worked,66,48,18
E01004690,Part-time: 16 to 30 hours worked,70,83,-13
E01004691,Full-time: 31 to 48 hours worked,333,334,-1
E01004691,Full-time: 49 or more hours worked,169,316,-147
E01004691,Part-time: 15 hours or less worked,53,50,3
E01004691,Part-time: 16 to 30 hours worked,82,89,-7
E01004692,Full-time: 31 to 48 hours worked,202,275,-73
E01004692,Full-time: 49 or more hours worked,118,266,-148
E01004692,Part-time: 15 hours or less worked,51,65,-14
E01004692,Part-time: 16 to 30 hours worked,75,62,13
E01004693,Full-time: 31 to 48 hours worked,290,348,-58
E01004693,Full-time: 49 or more hours worked,182,322,-140
E01004693,Part-time: 15 hours or less worked,68,49,19
E01004693,Part-time: 16 to 30 hours worked,64,68,-4
E01004694,Full-time: 31 to 48 hours worked,485,539,-54
E01004694,Full-time: 49 or more hours worked,238,429,-191
E01004694,Part-time: 15 hours or less worked,62,56,6
E01004694,Part-time: 16 to 30 hours worked,83,94,-11
E01004695,Full-time: 31 to 48 hours worked,319,372,-53
E01004695,Full-time: 49 or more hours worked,143,284,-141
E01004695,Part-time: 15 hours or less worked,52,49,3
E01004695,Part-time: 16 to 30 hours worked,46,72,-26
E01004696,Full-time: 31 to 48 hours worked,348,328,20
E01004696,Full-time: 49 or more hours worked,108,135,-27
E01004696,Part-time: 15 hours or less worked,82,53,29
E01004696,Part-time: 16 to 30 hours worked,111,101,10
E01004697,Full-time: 31 to 48 hours worked,445,451,-6
E01004697,Full-time: 49 or more hours worked,211,332,-121
E01004697,Part-time: 15 hours or less worked,77,54,23
E01004697,Part-time: 16 to 30 hours worked,83,75,8
E01004698,Full-time: 31 to 48 hours worked,409,515,-106
E01004698,Full-time: 49 or more hours worked,160,278,-118
E01004698,Part-time: 15 hours or less worked,104,73,31
E01004698,Part-time: 16 to 30 hours worked,96,119,-23
E01004699,Full-time: 31 to 48 hours worked,574,635,-61
E01004699,Full-time: 49 or more hours worked,302,543,-241
E01004699,Part-time: 15 hours or less worked,88,64,24
E01004699,Part-time: 16 to 30 hours worked,111,137,-26
E01004700,Full-time: 31 to 48 hours worked,461,537,-76
E01004700,Full-time: 49 or more hours worked,252,390,-138
E01004700,Part-time: 15 hours or less worked,69,66,3
E01004700,Part-time: 16 to 30 hours worked,69,108,-39
E01004701,Full-time: 31 to 48 hours worked,455,424,31
E01004701,Full-time: 49 or more hours worked,269,344,-75
E01004701,Part-time: 15 hours or less worked,76,48,28
E01004701,Part-time: 16 to 30 hours worked,71,112,-41
E01004702,Full-time: 31 to 48 hours worked,518,474,44
E01004702,Full-time: 49 or more hours worked,100,148,-48
E01004702,Part-time: 15 hours or less worked,204,85,119
E01004702,Part-time: 16 to 30 hours worked,242,173,69
E01004703,Full-time: 31 to 48 hours worked,438,520,-82
E01004703,Full-time: 49 or more hours worked,327,460,-133
E01004703,Part-time: 15 hours or less worked,104,73,31
E01004703,Part-time: 16 to 30 hours worked,118,135,-17
E01004705,Full-time: 31 to 48 hours worked,336,428,-92
E01004705,Full-time: 49 or more hours worked,244,327,-83
E01004705,Part-time: 15 hours or less worked,54,51,3
E01004705,Part-time: 16 to 30 hours worked,99,84,15
E01004706,Full-time: 31 to 48 hours worked,554,562,-8
E01004706,Full-time: 49 or more hours worked,258,378,-120
E01004706,Part-time: 15 hours or less worked,52,44,8
E01004706,Part-time: 16 to 30 hours worked,79,94,-15
E01004707,Full-time: 31 to 48 hours worked,623,654,-31
E01004707,Full-time: 49 or more hours worked,348,471,-123
E01004707,Part-time: 15 hours or less worked,114,66,48
E01004707,Part-time: 16 to 30 hours worked,91,113,-22
E01004708,Full-time: 31 to 48 hours worked,461,544,-83
E01004708,Full-time: 49 or more hours worked,194,218,-24
E01004708,Part-time: 15 hours or less worked,103,60,43
E01004708,Part-time: 16 to 30 hours worked,121,122,-1
E01004709,Full-time: 31 to 48 hours worked,387,359,28
E01004709,Full-time: 49 or more hours worked,182,213,-31
E01004709,Part-time: 15 hours or less worked,98,52,46
E01004709,Part-time: 16 to 30 hours worked,121,108,13
E01004710,Full-time: 31 to 48 hours worked,475,321,154
E01004710,Full-time: 49 or more hours worked,134,83,51
E01004710,Part-time: 15 hours or less worked,79,51,28
E01004710,Part-time: 16 to 30 hours worked,161,118,43
E01004711,Full-time: 31 to 48 hours worked,461,406,55
E01004711,Full-time: 49 or more hours worked,141,165,-24
E01004711,Part-time: 15 hours or less worked,111,48,63
E01004711,Part-time: 16 to 30 hours worked,159,138,21
E01004712,Full-time: 31 to 48 hours worked,328,394,-66
E01004712,Full-time: 49 or more hours worked,303,397,-94
E01004712,Part-time: 15 hours or less worked,70,70,0
E01004712,Part-time: 16 to 30 hours worked,77,93,-16
E01004713,Full-time: 31 to 48 hours worked,303,526,-223
E01004713,Full-time: 49 or more hours worked,337,550,-213
E01004713,Part-time: 15 hours or less worked,52,42,10
E01004713,Part-time: 16 to 30 hours worked,67,90,-23
E01004714,Full-time: 31 to 48 hours worked,416,568,-152
E01004714,Full-time: 49 or more hours worked,361,596,-235
E01004714,Part-time: 15 hours or less worked,108,52,56
E01004714,Part-time: 16 to 30 hours worked,88,124,-36
E01004715,Full-time: 31 to 48 hours worked,376,322,54
E01004715,Full-time: 49 or more hours worked,190,152,38
E01004715,Part-time: 15 hours or less worked,140,50,90
E01004715,Part-time: 16 to 30 hours worked,114,74,40
E01004716,Full-time: 31 to 48 hours worked,272,415,-143
E01004716,Full-time: 49 or more hours worked,185,425,-240
E01004716,Part-time: 15 hours or less worked,64,115,-51
E01004716,Part-time: 16 to 30 hours worked,70,118,-48
E01004717,Full-time: 31 to 48 hours worked,336,388,-52
E01004717,Full-time: 49 or more hours worked,285,465,-180
E01004717,Part-time: 15 hours or less worked,77,69,8
E01004717,Part-time: 16 to 30 hours worked,93,69,24
E01004718,Full-time: 31 to 48 hours worked,522,529,-7
E01004718,Full-time: 49 or more hours worked,127,143,-16
E01004718,Part-time: 15 hours or less worked,121,70,51
E01004718,Part-time: 16 to 30 hours worked,151,169,-18
E01004719,Full-time: 31 to 48 hours worked,498,459,39
E01004719,Full-time: 49 or more hours worked,123,130,-7
E01004719,Part-time: 15 hours or less worked,102,69,33
E01004719,Part-time: 16 to 30 hours worked,141,177,-36
E01004720,Full-time: 31 to 48 hours worked,540,459,81
E01004720,Full-time: 49 or more hours worked,133,114,19
E01004720,Part-time: 15 hours or less worked,93,71,22
E01004720,Part-time: 16 to 30 hours worked,215,156,59
E01004721,Full-time: 31 to 48 hours worked,394,433,-39
E01004721,Full-time: 49 or more hours worked,86,119,-33
E01004721,Part-time: 15 hours or less worked,96,80,16
E01004721,Part-time: 16 to 30 hours worked,158,169,-11
E01004722,Full-time: 31 to 48 hours worked,533,428,105
E01004722,Full-time: 49 or more hours worked,94,88,6
E01004722,Part-time: 15 hours or less worked,128,93,35
E01004722,Part-time: 16 to 30 hours worked,276,203,73
E01004723,Full-time: 31 to 48 hours worked,629,604,25
E01004723,Full-time: 49 or more hours worked,156,188,-32
E01004723,Part-time: 15 hours or less worked,114,82,32
E01004723,Part-time: 16 to 30 hours worked,160,177,-17
E01004724,Full-time: 31 to 48 hours worked,488,439,49
E01004724,Full-time: 49 or more hours worked,272,287,-15
E01004724,Part-time: 15 hours or less worked,98,70,28
E01004724,Part-time: 16 to 30 hours worked,117,94,23
E01004725,Full-time: 31 to 48 hours worked,242,254,-12
E01004725,Full-time: 49 or more hours worked,113,124,-11
E01004725,Part-time: 15 hours or less worked,69,52,17
E01004725,Part-time: 16 to 30 hours worked,84,102,-18
E01004726,Full-time: 31 to 48 hours worked,375,445,-70
E01004726,Full-time: 49 or more hours worked,271,295,-24
E01004726,Part-time: 15 hours or less worked,73,61,12
E01004726,Part-time: 16 to 30 hours worked,94,76,18
E01004727,Full-time: 31 to 48 hours worked,424,472,-48
E01004727,Full-time: 49 or more hours worked,243,399,-156
E01004727,Part-time: 15 hours or less worked,74,56,18
E01004727,Part-time: 16 to 30 hours worked,75,83,-8
E01004728,Full-time: 31 to 48 hours worked,379,362,17
E01004728,Full-time: 49 or more hours worked,178,186,-8
E01004728,Part-time: 15 hours or less worked,71,61,10
E01004728,Part-time: 16 to 30 hours worked,80,93,-13
E01004729,Full-time: 31 to 48 hours worked,298,306,-8
E01004729,Full-time: 49 or more hours worked,125,172,-47
E01004729,Part-time: 15 hours or less worked,95,45,50
E01004729,Part-time: 16 to 30 hours worked,91,100,-9
E01004730,Full-time: 31 to 48 hours worked,341,352,-11
E01004730,Full-time: 49 or more hours worked,173,260,-87
E01004730,Part-time: 15 hours or less worked,88,55,33
E01004730,Part-time: 16 to 30 hours worked,95,106,-11
E01004731,Full-time: 31 to 48 hours worked,634,572,62
E01004731,Full-time: 49 or more hours worked,414,475,-61
E01004731,Part-time: 15 hours or less worked,77,57,20
E01004731,Part-time: 16 to 30 hours worked,108,86,22
E01004732,Full-time: 31 to 48 hours worked,276,314,-38
E01004732,Full-time: 49 or more hours worked,87,118,-31
E01004732,Part-time: 15 hours or less worked,55,49,6
E01004732,Part-time: 16 to 30 hours worked,94,87,7
E01004733,Full-time: 31 to 48 hours worked,511,461,50
E01004733,Full-time: 49 or more hours worked,418,481,-63
E01004733,Part-time: 15 hours or less worked,69,67,2
E01004733,Part-time: 16 to 30 hours worked,127,108,19
E01004734,Full-time: 31 to 48 hours worked,441,505,-64
E01004734,Full-time: 49 or more hours worked,246,392,-146
E01004734,Part-time: 15 hours or less worked,79,76,3
E01004734,Part-time: 16 to 30 hours worked,125,136,-11
E01004735,Full-time: 31 to 48 hours worked,459,503,-44
E01004735,Full-time: 49 or more hours worked,268,305,-37
E01004735,Part-time: 15 hours or less worked,111,56,55
E01004735,Part-time: 16 to 30 hours worked,137,111,26
E01004736,Full-time: 31 to 48 hours worked,369,501,-132
E01004736,Full-time: 49 or more hours worked,324,530,-206
E01004736,Part-time: 15 hours or less worked,91,51,40
E01004736,Part-time: 16 to 30 hours worked,88,73,15
E01004737,Full-time: 31 to 48 hours worked,299,333,-34
E01004737,Full-time: 49 or more hours worked,130,167,-37
E01004737,Part-time: 15 hours or less worked,73,53,20
E01004737,Part-time: 16 to 30 hours worked,90,81,9
E01004740,Full-time: 31 to 48 hours worked,287,381,-94
E01004740,Full-time: 49 or more hours worked,92,160,-68
E01004740,Part-time: 15 hours or less worked,69,37,32
E01004740,Part-time: 16 to 30 hours worked,108,97,11
E01004741,Full-time: 31 to 48 hours worked,396,399,-3
E01004741,Full-time: 49 or more hours worked,202,199,3
E01004741,Part-time: 15 hours or less worked,43,30,13
E01004741,Part-time: 16 to 30 hours worked,71,96,-25
E01004742,Full-time: 31 to 48 hours worked,406,503,-97
E01004742,Full-time: 49 or more hours worked,276,354,-78
E01004742,Part-time: 15 hours or less worked,77,47,30
E01004742,Part-time: 16 to 30 hours worked,78,57,21
E01004743,Full-time: 31 to 48 hours worked,376,369,7
E01004743,Full-time: 49 or more hours worked,169,206,-37
E01004743,Part-time: 15 hours or less worked,100,48,52
E01004743,Part-time: 16 to 30 hours worked,104,94,10
E01004744,Full-time: 31 to 48 hours worked,356,370,-14
E01004744,Full-time: 49 or more hours worked,143,207,-64
E01004744,Part-time: 15 hours or less worked,61,38,23
E01004744,Part-time: 16 to 30 hours worked,89,80,9
E01004746,Full-time: 31 to 48 hours worked,329,348,-19
E01004746,Full-time: 49 or more hours worked,90,156,-66
E01004746,Part-time: 15 hours or less worked,64,50,14
E01004746,Part-time: 16 to 30 hours worked,86,106,-20
E01004747,Full-time: 31 to 48 hours worked,590,678,-88
E01004747,Full-time: 49 or more hours worked,288,359,-71
E01004747,Part-time: 15 hours or less worked,112,71,41
E01004747,Part-time: 16 to 30 hours worked,161,129,32
E01004748,Full-time: 31 to 48 hours worked,246,336,-90
E01004748,Full-time: 49 or more hours worked,200,293,-93
E01004748,Part-time: 15 hours or less worked,60,47,13
E01004748,Part-time: 16 to 30 hours worked,58,71,-13
E01004749,Full-time: 31 to 48 hours worked,599,700,-101
E01004749,Full-time: 49 or more hours worked,409,532,-123
E01004749,Part-time: 15 hours or less worked,108,87,21
E01004749,Part-time: 16 to 30 hours worked,145,111,34
E01004750,Full-time: 31 to 48 hours worked,369,454,-85
E01004750,Full-time: 49 or more hours worked,167,302,-135
E01004750,Part-time: 15 hours or less worked,67,55,12
E01004750,Part-time: 16 to 30 hours worked,111,97,14
E01004751,Full-time: 31 to 48 hours worked,421,560,-139
E01004751,Full-time: 49 or more hours worked,318,433,-115
E01004751,Part-time: 15 hours or less worked,80,64,16
E01004751,Part-time: 16 to 30 hours worked,92,91,1
E01004752,Full-time: 31 to 48 hours worked,394,527,-133
E01004752,Full-time: 49 or more hours worked,228,257,-29
E01004752,Part-time: 15 hours or less worked,67,49,18
E01004752,Part-time: 16 to 30 hours worked,88,99,-11
E01004753,Full-time: 31 to 48 hours worked,564,642,-78
E01004753,Full-time: 49 or more hours worked,263,347,-84
E01004753,Part-time: 15 hours or less worked,74,63,11
E01004753,Part-time: 16 to 30 hours worked,132,128,4
E01004754,Full-time: 31 to 48 hours worked,386,287,99
E01004754,Full-time: 49 or more hours worked,61,54,7
E01004754,Part-time: 15 hours or less worked,74,51,23
E01004754,Part-time: 16 to 30 hours worked,144,128,16
E01004755,Full-time: 31 to 48 hours worked,664,481,183
E01004755,Full-time: 49 or more hours worked,170,123,47
E01004755,Part-time: 15 hours or less worked,155,70,85
E01004755,Part-time: 16 to 30 hours worked,175,156,19
E01004756,Full-time: 31 to 48 hours worked,478,681,-203
E01004756,Full-time: 49 or more hours worked,181,290,-109
E01004756,Part-time: 15 hours or less worked,71,65,6
E01004756,Part-time: 16 to 30 hours worked,128,179,-51
E01004757,Full-time: 31 to 48 hours worked,343,273,70
E01004757,Full-time: 49 or more hours worked,103,98,5
E01004757,Part-time: 15 hours or less worked,63,69,-6
E01004757,Part-time: 16 to 30 hours worked,141,117,24
E01004760,Full-time: 31 to 48 hours worked,386,393,-7
E01004760,Full-time: 49 or more hours worked,192,234,-42
E01004760,Part-time: 15 hours or less worked,84,78,6
E01004760,Part-time: 16 to 30 hours worked,181,125,56
E01004761,Full-time: 31 to 48 hours worked,292,553,-261
E01004761,Full-time: 49 or more hours worked,197,495,-298
E01004761,Part-time: 15 hours or less worked,66,61,5
E01004761,Part-time: 16 to 30 hours worked,75,77,-2
E01004762,Full-time: 31 to 48 hours worked,363,436,-73
E01004762,Full-time: 49 or more hours worked,193,411,-218
E01004762,Part-time: 15 hours or less worked,91,93,-2
E01004762,Part-time: 16 to 30 hours worked,108,148,-40
E01004763,Full-time: 31 to 48 hours worked,619,838,-219
E01004763,Full-time: 49 or more hours worked,324,405,-81
E01004763,Part-time: 15 hours or less worked,116,101,15
E01004763,Part-time: 16 to 30 hours worked,114,139,-25
E01004765,Full-time: 31 to 48 hours worked,491,509,-18
E01004765,Full-time: 49 or more hours worked,281,427,-146
E01004765,Part-time: 15 hours or less worked,79,94,-15
E01004765,Part-time: 16 to 30 hours worked,121,149,-28
E01032512,Full-time: 31 to 48 hours worked,470,450,20
E01032512,Full-time: 49 or more hours worked,91,120,-29
E01032512,Part-time: 15 hours or less worked,124,100,24
E01032512,Part-time: 16 to 30 hours worked,186,187,-1
E01032513,Full-time: 31 to 48 hours worked,257,271,-14
E01032513,Full-time: 49 or more hours worked,59,69,-10
E01032513,Part-time: 15 hours or less worked,61,37,24
E01032513,Part-time: 16 to 30 hours worked,122,98,24
E01032562,Full-time: 31 to 48 hours worked,408,363,45
E01032562,Full-time: 49 or more hours worked,52,58,-6
E01032562,Part-time: 15 hours or less worked,82,58,24
E01032562,Part-time: 16 to 30 hours worked,165,140,25
E01032563,Full-time: 31 to 48 hours worked,365,345,20
E01032563,Full-time: 49 or more hours worked,103,124,-21
E01032563,Part-time: 15 hours or less worked,77,70,7
E01032563,Part-time: 16 to 30 hours worked,99,120,-21
E01032564,Full-time: 31 to 48 hours worked,329,310,19
E01032564,Full-time: 49 or more hours worked,57,27,30
E01032564,Part-time: 15 hours or less worked,70,55,15
E01032564,Part-time: 16 to 30 hours worked,138,127,11
E01032565,Full-time: 31 to 48 hours worked,421,327,94
E01032565,Full-time: 49 or more hours worked,48,51,-3
E01032565,Part-time: 15 hours or less worked,58,45,13
E01032565,Part-time: 16 to 30 hours worked,145,115,30
E01032566,Full-time: 31 to 48 hours worked,579,495,84
E01032566,Full-time: 49 or more hours worked,59,60,-1
E01032566,Part-time: 15 hours or less worked,90,54,36
E01032566,Part-time: 16 to 30 hours worked,162,141,21
E01032567,Full-time: 31 to 48 hours worked,523,489,34
E01032567,Full-time: 49 or more hours worked,68,72,-4
E01032567,Part-time: 15 hours or less worked,64,60,4
E01032567,Part-time: 16 to 30 hours worked,151,124,27
E01032568,Full-time: 31 to 48 hours worked,440,483,-43
E01032568,Full-time: 49 or more hours worked,68,68,0
E01032568,Part-time: 15 hours or less worked,95,60,35
E01032568,Part-time: 16 to 30 hours worked,143,106,37
E01032569,Full-time: 31 to 48 hours worked,420,390,30
E01032569,Full-time: 49 or more hours worked,68,47,21
E01032569,Part-time: 15 hours or less worked,99,79,20
E01032569,Part-time: 16 to 30 hours worked,192,150,42
E01032570,Full-time: 31 to 48 hours worked,413,400,13
E01032570,Full-time: 49 or more hours worked,85,113,-28
E01032570,Part-time: 15 hours or less worked,92,80,12
E01032570,Part-time: 16 to 30 hours worked,150,156,-6
E01032572,Full-time: 31 to 48 hours worked,561,621,-60
E01032572,Full-time: 49 or more hours worked,170,235,-65
E01032572,Part-time: 15 hours or less worked,87,47,40
E01032572,Part-time: 16 to 30 hours worked,129,99,30
E01032573,Full-time: 31 to 48 hours worked,644,747,-103
E01032573,Full-time: 49 or more hours worked,200,296,-96
E01032573,Part-time: 15 hours or less worked,90,48,42
E01032573,Part-time: 16 to 30 hours worked,109,128,-19
E01032574,Full-time: 31 to 48 hours worked,457,458,-1
E01032574,Full-time: 49 or more hours worked,82,56,26
E01032574,Part-time: 15 hours or less worked,102,85,17
E01032574,Part-time: 16 to 30 hours worked,219,195,24
E01032575,Full-time: 31 to 48 hours worked,484,357,127
E01032575,Full-time: 49 or more hours worked,51,59,-8
E01032575,Part-time: 15 hours or less worked,137,69,68
E01032575,Part-time: 16 to 30 hours worked,200,194,6
E01032576,Full-time: 31 to 48 hours worked,536,537,-1
E01032576,Full-time: 49 or more hours worked,86,71,15
E01032576,Part-time: 15 hours or less worked,92,71,21
E01032576,Part-time: 16 to 30 hours worked,143,143,0
E01032577,Full-time: 31 to 48 hours worked,577,535,42
E01032577,Full-time: 49 or more hours worked,96,90,6
E01032577,Part-time: 15 hours or less worked,69,69,0
E01032577,Part-time: 16 to 30 hours worked,146,145,1
E01032579,Full-time: 31 to 48 hours worked,708,390,318
E01032579,Full-time: 49 or more hours worked,158,74,84
E01032579,Part-time: 15 hours or less worked,123,85,38
E01032579,Part-time: 16 to 30 hours worked,212,176,36
E01032580,Full-time: 31 to 48 hours worked,362,295,67
E01032580,Full-time: 49 or more hours worked,40,35,5
E01032580,Part-time: 15 hours or less worked,75,56,19
E01032580,Part-time: 16 to 30 hours worked,155,139,16
E01032581,Full-time: 31 to 48 hours worked,507,485,22
E01032581,Full-time: 49 or more hours worked,81,80,1
E01032581,Part-time: 15 hours or less worked,100,59,41
E01032581,Part-time: 16 to 30 hours worked,206,124,82
E01032582,Full-time: 31 to 48 hours worked,754,618,136
E01032582,Full-time: 49 or more hours worked,243,247,-4
E01032582,Part-time: 15 hours or less worked,111,65,46
E01032582,Part-time: 16 to 30 hours worked,135,138,-3
E01032583,Full-time: 31 to 48 hours worked,639,478,161
E01032583,Full-time: 49 or more hours worked,236,178,58
E01032583,Part-time: 15 hours or less worked,87,82,5
E01032583,Part-time: 16 to 30 hours worked,146,117,29
E01032584,Full-time: 31 to 48 hours worked,392,402,-10
E01032584,Full-time: 49 or more hours worked,110,125,-15
E01032584,Part-time: 15 hours or less worked,76,46,30
E01032584,Part-time: 16 to 30 hours worked,103,108,-5
E01032623,Full-time: 31 to 48 hours worked,403,371,32
E01032623,Full-time: 49 or more hours worked,152,176,-24
E01032623,Part-time: 15 hours or less worked,117,102,15
E01032623,Part-time: 16 to 30 hours worked,122,135,-13
E01032637,Full-time: 31 to 48 hours worked,410,475,-65
E01032637,Full-time: 49 or more hours worked,270,406,-136
E01032637,Part-time: 15 hours or less worked,50,33,17
E01032637,Part-time: 16 to 30 hours worked,46,37,9
E01032638,Full-time: 31 to 48 hours worked,517,437,80
E01032638,Full-time: 49 or more hours worked,249,436,-187
E01032638,Part-time: 15 hours or less worked,40,27,13
E01032638,Part-time: 16 to 30 hours worked,50,48,2
E01032639,Full-time: 31 to 48 hours worked,711,567,144
E01032639,Full-time: 49 or more hours worked,185,187,-2
E01032639,Part-time: 15 hours or less worked,103,61,42
E01032639,Part-time: 16 to 30 hours worked,117,128,-11
E01032640,Full-time: 31 to 48 hours worked,407,481,-74
E01032640,Full-time: 49 or more hours worked,330,472,-142
E01032640,Part-time: 15 hours or less worked,35,23,12
E01032640,Part-time: 16 to 30 hours worked,56,45,11
E01032646,Full-time: 31 to 48 hours worked,592,621,-29
E01032646,Full-time: 49 or more hours worked,322,407,-85
E01032646,Part-time: 15 hours or less worked,57,39,18
E01032646,Part-time: 16 to 30 hours worked,78,88,-10
E01032719,Full-time: 31 to 48 hours worked,498,351,147
E01032719,Full-time: 49 or more hours worked,131,94,37
E01032719,Part-time: 15 hours or less worked,79,42,37
E01032719,Part-time: 16 to 30 hours worked,104,88,16
E01032739,Full-time: 31 to 48 hours worked,583,338,245
E01032739,Full-time: 49 or more hours worked,460,416,44
E01032739,Part-time: 15 hours or less worked,67,29,38
E01032739,Part-time: 16 to 30 hours worked,72,36,36
E01032740,Full-time: 31 to 48 hours worked,464,362,102
E01032740,Full-time: 49 or more hours worked,357,418,-61
E01032740,Part-time: 15 hours or less worked,49,37,12
E01032740,Part-time: 16 to 30 hours worked,58,35,23
E01032741,Full-time: 31 to 48 hours worked,567,493,74
E01032741,Full-time: 49 or more hours worked,107,93,14
E01032741,Part-time: 15 hours or less worked,55,27,28
E01032741,Part-time: 16 to 30 hours worked,117,73,44
E01032742,Full-time: 31 to 48 hours worked,620,413,207
E01032742,Full-time: 49 or more hours worked,97,106,-9
E01032742,Part-time: 15 hours or less worked,87,42,45
E01032742,Part-time: 16 to 30 hours worked,121,99,22
E01032743,Full-time: 31 to 48 hours worked,588,588,0
E01032743,Full-time: 49 or more hours worked,83,111,-28
E01032743,Part-time: 15 hours or less worked,97,73,24
E01032743,Part-time: 16 to 30 hours worked,215,168,47
E01032744,Full-time: 31 to 48 hours worked,356,385,-29
E01032744,Full-time: 49 or more hours worked,62,55,7
E01032744,Part-time: 15 hours or less worked,79,53,26
E01032744,Part-time: 16 to 30 hours worked,154,115,39
E01032764,Full-time: 31 to 48 hours worked,942,513,429
E01032764,Full-time: 49 or more hours worked,252,175,77
E01032764,Part-time: 15 hours or less worked,103,56,47
E01032764,Part-time: 16 to 30 hours worked,131,86,45
E01032765,Full-time: 31 to 48 hours worked,585,373,212
E01032765,Full-time: 49 or more hours worked,124,128,-4
E01032765,Part-time: 15 hours or less worked,79,51,28
E01032765,Part-time: 16 to 30 hours worked,132,83,49
E01032767,Full-time: 31 to 48 hours worked,665,613,52
E01032767,Full-time: 49 or more hours worked,336,515,-179
E01032767,Part-time: 15 hours or less worked,66,36,30
E01032767,Part-time: 16 to 30 hours worked,76,56,20
E01032768,Full-time: 31 to 48 hours worked,643,504,139
E01032768,Full-time: 49 or more hours worked,234,386,-152
E01032768,Part-time: 15 hours or less worked,51,38,13
E01032768,Part-time: 16 to 30 hours worked,66,46,20
E01032769,Full-time: 31 to 48 hours worked,475,412,63
E01032769,Full-time: 49 or more hours worked,186,276,-90
E01032769,Part-time: 15 hours or less worked,70,37,33
E01032769,Part-time: 16 to 30 hours worked,123,67,56
E01032770,Full-time: 31 to 48 hours worked,924,437,487
E01032770,Full-time: 49 or more hours worked,328,203,125
E01032770,Part-time: 15 hours or less worked,95,38,57
E01032770,Part-time: 16 to 30 hours worked,115,45,70
E01032771,Full-time: 31 to 48 hours worked,543,299,244
E01032771,Full-time: 49 or more hours worked,277,262,15
E01032771,Part-time: 15 hours or less worked,62,26,36
E01032771,Part-time: 16 to 30 hours worked,76,37,39
E01032772,Full-time: 31 to 48 hours worked,682,323,359
E01032772,Full-time: 49 or more hours worked,296,160,136
E01032772,Part-time: 15 hours or less worked,92,45,47
E01032772,Part-time: 16 to 30 hours worked,181,63,118
E01032774,Full-time: 31 to 48 hours worked,541,338,203
E01032774,Full-time: 49 or more hours worked,189,183,6
E01032774,Part-time: 15 hours or less worked,80,44,36
E01032774,Part-time: 16 to 30 hours worked,127,86,41
E01032775,Full-time: 31 to 48 hours worked,522,367,155
E01032775,Full-time: 49 or more hours worked,170,174,-4
E01032775,Part-time: 15 hours or less worked,32,26,6
E01032775,Part-time: 16 to 30 hours worked,76,38,38
E01032776,Full-time: 31 to 48 hours worked,822,433,389
E01032776,Full-time: 49 or more hours worked,345,267,78
E01032776,Part-time: 15 hours or less worked,85,24,61
E01032776,Part-time: 16 to 30 hours worked,116,39,77
E01032777,Full-time: 31 to 48 hours worked,497,429,68
E01032777,Full-time: 49 or more hours worked,134,164,-30
E01032777,Part-time: 15 hours or less worked,44,33,11
E01032777,Part-time: 16 to 30 hours worked,80,65,15
E01032779,Full-time: 31 to 48 hours worked,519,364,155
E01032779,Full-time: 49 or more hours worked,228,259,-31
E01032779,Part-time: 15 hours or less worked,52,28,24
E01032779,Part-time: 16 to 30 hours worked,95,47,48
E01032780,Full-time: 31 to 48 hours worked,793,580,213
E01032780,Full-time: 49 or more hours worked,372,330,42
E01032780,Part-time: 15 hours or less worked,74,31,43
E01032780,Part-time: 16 to 30 hours worked,115,44,71
E01032781,Full-time: 31 to 48 hours worked,625,652,-27
E01032781,Full-time: 49 or more hours worked,226,449,-223
E01032781,Part-time: 15 hours or less worked,63,45,18
E01032781,Part-time: 16 to 30 hours worked,108,67,41
E01032782,Full-time: 31 to 48 hours worked,779,386,393
E01032782,Full-time: 49 or more hours worked,381,295,86
E01032782,Part-time: 15 hours or less worked,107,46,61
E01032782,Part-time: 16 to 30 hours worked,130,90,40
E01032783,Full-time: 31 to 48 hours worked,473,658,-185
E01032783,Full-time: 49 or more hours worked,84,251,-167
E01032783,Part-time: 15 hours or less worked,74,47,27
E01032783,Part-time: 16 to 30 hours worked,93,92,1
E01032784,Full-time: 31 to 48 hours worked,727,675,52
E01032784,Full-time: 49 or more hours worked,132,203,-71
E01032784,Part-time: 15 hours or less worked,90,79,11
E01032784,Part-time: 16 to 30 hours worked,114,88,26
E01032785,Full-time: 31 to 48 hours worked,864,550,314
E01032785,Full-time: 49 or more hours worked,254,194,60
E01032785,Part-time: 15 hours or less worked,145,27,118
E01032785,Part-time: 16 to 30 hours worked,190,80,110
E01032786,Full-time: 31 to 48 hours worked,377,412,-35
E01032786,Full-time: 49 or more hours worked,68,83,-15
E01032786,Part-time: 15 hours or less worked,55,59,-4
E01032786,Part-time: 16 to 30 hours worked,184,150,34
E01032787,Full-time: 31 to 48 hours worked,582,500,82
E01032787,Full-time: 49 or more hours worked,118,98,20
E01032787,Part-time: 15 hours or less worked,137,115,22
E01032787,Part-time: 16 to 30 hours worked,230,246,-16
E01032788,Full-time: 31 to 48 hours worked,567,321,246
E01032788,Full-time: 49 or more hours worked,203,161,42
E01032788,Part-time: 15 hours or less worked,72,37,35
E01032788,Part-time: 16 to 30 hours worked,112,94,18
E01032789,Full-time: 31 to 48 hours worked,400,386,14
E01032789,Full-time: 49 or more hours worked,110,185,-75
E01032789,Part-time: 15 hours or less worked,57,31,26
E01032789,Part-time: 16 to 30 hours worked,104,80,24
E01032790,Full-time: 31 to 48 hours worked,246,213,33
E01032790,Full-time: 49 or more hours worked,112,181,-69
E01032790,Part-time: 15 hours or less worked,68,53,15
E01032790,Part-time: 16 to 30 hours worked,84,70,14
E01032803,Full-time: 31 to 48 hours worked,614,510,104
E01032803,Full-time: 49 or more hours worked,340,403,-63
E01032803,Part-time: 15 hours or less worked,55,31,24
E01032803,Part-time: 16 to 30 hours worked,74,57,17
E01032834,Full-time: 31 to 48 hours worked,410,395,15
E01032834,Full-time: 49 or more hours worked,311,466,-155
E01032834,Part-time: 15 hours or less worked,35,22,13
E01032834,Part-time: 16 to 30 hours worked,47,34,13
E01033000,Full-time: 31 to 48 hours worked,444,478,-34
E01033000,Full-time: 49 or more hours worked,63,42,21
E01033000,Part-time: 15 hours or less worked,66,79,-13
E01033000,Part-time: 16 to 30 hours worked,160,141,19
E01033030,Full-time: 31 to 48 hours worked,722,752,-30
E01033030,Full-time: 49 or more hours worked,67,103,-36
E01033030,Part-time: 15 hours or less worked,78,44,34
E01033030,Part-time: 16 to 30 hours worked,126,82,44
E01033081,Full-time: 31 to 48 hours worked,548,446,102
E01033081,Full-time: 49 or more hours worked,124,162,-38
E01033081,Part-time: 15 hours or less worked,96,39,57
E01033081,Part-time: 16 to 30 hours worked,123,104,19
E01033082,Full-time: 31 to 48 hours worked,309,410,-101
E01033082,Full-time: 49 or more hours worked,67,103,-36
E01033082,Part-time: 15 hours or less worked,78,44,34
E01033082,Part-time: 16 to 30 hours worked,114,96,18
E01033083,Full-time: 31 to 48 hours worked,866,731,135
E01033083,Full-time: 49 or more hours worked,63,66,-3
E01033083,Part-time: 15 hours or less worked,83,69,14
E01033083,Part-time: 16 to 30 hours worked,137,121,16
E01033084,Full-time: 31 to 48 hours worked,553,531,22
E01033084,Full-time: 49 or more hours worked,53,97,-44
E01033084,Part-time: 15 hours or less worked,108,89,19
E01033084,Part-time: 16 to 30 hours worked,180,187,-7
E01033086,Full-time: 31 to 48 hours worked,273,188,85
E01033086,Full-time: 49 or more hours worked,34,50,-16
E01033086,Part-time: 15 hours or less worked,53,43,10
E01033086,Part-time: 16 to 30 hours worked,139,92,47
E01033098,Full-time: 31 to 48 hours worked,685,321,364
E01033098,Full-time: 49 or more hours worked,306,242,64
E01033098,Part-time: 15 hours or less worked,74,36,38
E01033098,Part-time: 16 to 30 hours worked,93,43,50
E01033099,Full-time: 31 to 48 hours worked,786,367,419
E01033099,Full-time: 49 or more hours worked,229,144,85
E01033099,Part-time: 15 hours or less worked,107,31,76
E01033099,Part-time: 16 to 30 hours worked,117,85,32
E01033100,Full-time: 31 to 48 hours worked,772,481,291
E01033100,Full-time: 49 or more hours worked,178,139,39
E01033100,Part-time: 15 hours or less worked,86,50,36
E01033100,Part-time: 16 to 30 hours worked,125,109,16
E01033132,Full-time: 31 to 48 hours worked,721,390,331
E01033132,Full-time: 49 or more hours worked,388,151,237
E01033132,Part-time: 15 hours or less worked,109,43,66
E01033132,Part-time: 16 to 30 hours worked,131,68,63
E01033133,Full-time: 31 to 48 hours worked,513,504,9
E01033133,Full-time: 49 or more hours worked,190,255,-65
E01033133,Part-time: 15 hours or less worked,53,33,20
E01033133,Part-time: 16 to 30 hours worked,74,65,9
E01033135,Full-time: 31 to 48 hours worked,493,473,20
E01033135,Full-time: 49 or more hours worked,162,195,-33
E01033135,Part-time: 15 hours or less worked,34,24,10
E01033135,Part-time: 16 to 30 hours worked,63,59,4
E01033146,Full-time: 31 to 48 hours worked,302,301,1
E01033146,Full-time: 49 or more hours worked,51,48,3
E01033146,Part-time: 15 hours or less worked,72,51,21
E01033146,Part-time: 16 to 30 hours worked,178,162,16
E01033148,Full-time: 31 to 48 hours worked,513,441,72
E01033148,Full-time: 49 or more hours worked,65,82,-17
E01033148,Part-time: 15 hours or less worked,115,61,54
E01033148,Part-time: 16 to 30 hours worked,269,150,119
E01033150,Full-time: 31 to 48 hours worked,381,443,-62
E01033150,Full-time: 49 or more hours worked,49,95,-46
E01033150,Part-time: 15 hours or less worked,80,55,25
E01033150,Part-time: 16 to 30 hours worked,170,140,30
E01033151,Full-time: 31 to 48 hours worked,242,243,-1
E01033151,Full-time: 49 or more hours worked,36,37,-1
E01033151,Part-time: 15 hours or less worked,67,59,8
E01033151,Part-time: 16 to 30 hours worked,159,133,26
E01033208,Full-time: 31 to 48 hours worked,638,591,47
E01033208,Full-time: 49 or more hours worked,230,306,-76
E01033208,Part-time: 15 hours or less worked,78,51,27
E01033208,Part-time: 16 to 30 hours worked,120,91,29
E01033320,Full-time: 31 to 48 hours worked,513,496,17
E01033320,Full-time: 49 or more hours worked,94,92,2
E01033320,Part-time: 15 hours or less worked,65,66,-1
E01033320,Part-time: 16 to 30 hours worked,143,108,35
E01033322,Full-time: 31 to 48 hours worked,470,596,-126
E01033322,Full-time: 49 or more hours worked,119,109,10
E01033322,Part-time: 15 hours or less worked,67,33,34
E01033322,Part-time: 16 to 30 hours worked,102,91,11
E01033324,Full-time: 31 to 48 hours worked,428,488,-60
E01033324,Full-time: 49 or more hours worked,107,109,-2
E01033324,Part-time: 15 hours or less worked,95,60,35
E01033324,Part-time: 16 to 30 hours worked,151,158,-7
E01033325,Full-time: 31 to 48 hours worked,716,700,16
E01033325,Full-time: 49 or more hours worked,123,208,-85
E01033325,Part-time: 15 hours or less worked,71,26,45
E01033325,Part-time: 16 to 30 hours worked,111,55,56
E01033327,Full-time: 31 to 48 hours worked,834,560,274
E01033327,Full-time: 49 or more hours worked,166,124,42
E01033327,Part-time: 15 hours or less worked,125,50,75
E01033327,Part-time: 16 to 30 hours worked,181,135,46
E01033341,Full-time: 31 to 48 hours worked,373,374,-1
E01033341,Full-time: 49 or more hours worked,57,74,-17
E01033341,Part-time: 15 hours or less worked,66,56,10
E01033341,Part-time: 16 to 30 hours worked,140,108,32
E01033455,Full-time: 31 to 48 hours worked,251,294,-43
E01033455,Full-time: 49 or more hours worked,57,61,-4
E01033455,Part-time: 15 hours or less worked,85,53,32
E01033455,Part-time: 16 to 30 hours worked,124,135,-11
E01033456,Full-time: 31 to 48 hours worked,527,392,135
E01033456,Full-time: 49 or more hours worked,75,50,25
E01033456,Part-time: 15 hours or less worked,122,76,46
E01033456,Part-time: 16 to 30 hours worked,252,206,46
E01033457,Full-time: 31 to 48 hours worked,597,576,21
E01033457,Full-time: 49 or more hours worked,105,124,-19
E01033457,Part-time: 15 hours or less worked,110,80,30
E01033457,Part-time: 16 to 30 hours worked,237,163,74
E01033463,Full-time: 31 to 48 hours worked,1020,775,245
E01033463,Full-time: 49 or more hours worked,171,163,8
E01033463,Part-time: 15 hours or less worked,147,149,-2
E01033463,Part-time: 16 to 30 hours worked,279,247,32
E01033485,Full-time: 31 to 48 hours worked,417,501,-84
E01033485,Full-time: 49 or more hours worked,84,95,-11
E01033485,Part-time: 15 hours or less worked,88,73,15
E01033485,Part-time: 16 to 30 hours worked,197,163,34
E01033486,Full-time: 31 to 48 hours worked,303,315,-12
E01033486,Full-time: 49 or more hours worked,59,97,-38
E01033486,Part-time: 15 hours or less worked,60,45,15
E01033486,Part-time: 16 to 30 hours worked,82,69,13
E01033487,Full-time: 31 to 48 hours worked,630,542,88
E01033487,Full-time: 49 or more hours worked,166,224,-58
E01033487,Part-time: 15 hours or less worked,34,34,0
E01033487,Part-time: 16 to 30 hours worked,63,49,14
E01033488,Full-time: 31 to 48 hours worked,547,398,149
E01033488,Full-time: 49 or more hours worked,133,113,20
E01033488,Part-time: 15 hours or less worked,59,43,16
E01033488,Part-time: 16 to 30 hours worked,102,55,47
E01033489,Full-time: 31 to 48 hours worked,458,400,58
E01033489,Full-time: 49 or more hours worked,268,426,-158
E01033489,Part-time: 15 hours or less worked,70,102,-32
E01033489,Part-time: 16 to 30 hours worked,74,73,1
E01033490,Full-time: 31 to 48 hours worked,341,344,-3
E01033490,Full-time: 49 or more hours worked,162,258,-96
E01033490,Part-time: 15 hours or less worked,78,57,21
E01033490,Part-time: 16 to 30 hours worked,81,61,20
E01033491,Full-time: 31 to 48 hours worked,745,638,107
E01033491,Full-time: 49 or more hours worked,202,188,14
E01033491,Part-time: 15 hours or less worked,98,66,32
E01033491,Part-time: 16 to 30 hours worked,151,128,23
E01033493,Full-time: 31 to 48 hours worked,698,725,-27
E01033493,Full-time: 49 or more hours worked,249,306,-57
E01033493,Part-time: 15 hours or less worked,39,24,15
E01033493,Part-time: 16 to 30 hours worked,41,37,4
E01033494,Full-time: 31 to 48 hours worked,541,585,-44
E01033494,Full-time: 49 or more hours worked,207,217,-10
E01033494,Part-time: 15 hours or less worked,59,50,9
E01033494,Part-time: 16 to 30 hours worked,87,103,-16
E01033569,Full-time: 31 to 48 hours worked,601,565,36
E01033569,Full-time: 49 or more hours worked,134,151,-17
E01033569,Part-time: 15 hours or less worked,92,98,-6
E01033569,Part-time: 16 to 30 hours worked,143,121,22
E01033570,Full-time: 31 to 48 hours worked,608,468,140
E01033570,Full-time: 49 or more hours worked,215,262,-47
E01033570,Part-time: 15 hours or less worked,82,40,42
E01033570,Part-time: 16 to 30 hours worked,103,90,13
E01033571,Full-time: 31 to 48 hours worked,409,391,18
E01033571,Full-time: 49 or more hours worked,121,140,-19
E01033571,Part-time: 15 hours or less worked,73,76,-3
E01033571,Part-time: 16 to 30 hours worked,96,131,-35
E01033579,Full-time: 31 to 48 hours worked,925,566,359
E01033579,Full-time: 49 or more hours worked,178,140,38
E01033579,Part-time: 15 hours or less worked,76,53,23
E01033579,Part-time: 16 to 30 hours worked,131,73,58
E01033580,Full-time: 31 to 48 hours worked,646,785,-139
E01033580,Full-time: 49 or more hours worked,146,214,-68
E01033580,Part-time: 15 hours or less worked,55,41,14
E01033580,Part-time: 16 to 30 hours worked,108,86,22
E01033581,Full-time: 31 to 48 hours worked,530,510,20
E01033581,Full-time: 49 or more hours worked,84,100,-16
E01033581,Part-time: 15 hours or less worked,110,62,48
E01033581,Part-time: 16 to 30 hours worked,165,151,14
E01033582,Full-time: 31 to 48 hours worked,618,638,-20
E01033582,Full-time: 49 or more hours worked,94,163,-69
E01033582,Part-time: 15 hours or less worked,100,50,50
E01033582,Part-time: 16 to 30 hours worked,132,95,37
E01033584,Full-time: 31 to 48 hours worked,440,412,28
E01033584,Full-time: 49 or more hours worked,52,45,7
E01033584,Part-time: 15 hours or less worked,78,71,7
E01033584,Part-time: 16 to 30 hours worked,151,127,24
E01033586,Full-time: 31 to 48 hours worked,752,424,328
E01033586,Full-time: 49 or more hours worked,167,111,56
E01033586,Part-time: 15 hours or less worked,119,61,58
E01033586,Part-time: 16 to 30 hours worked,167,133,34
E01033587,Full-time: 31 to 48 hours worked,784,452,332
E01033587,Full-time: 49 or more hours worked,116,81,35
E01033587,Part-time: 15 hours or less worked,115,42,73
E01033587,Part-time: 16 to 30 hours worked,231,129,102
E01033589,Full-time: 31 to 48 hours worked,492,500,-8
E01033589,Full-time: 49 or more hours worked,60,57,3
E01033589,Part-time: 15 hours or less worked,77,64,13
E01033589,Part-time: 16 to 30 hours worked,162,82,80
E01033590,Full-time: 31 to 48 hours worked,300,338,-38
E01033590,Full-time: 49 or more hours worked,50,53,-3
E01033590,Part-time: 15 hours or less worked,58,36,22
E01033590,Part-time: 16 to 30 hours worked,122,82,40
E01033591,Full-time: 31 to 48 hours worked,645,429,216
E01033591,Full-time: 49 or more hours worked,110,71,39
E01033591,Part-time: 15 hours or less worked,201,102,99
E01033591,Part-time: 16 to 30 hours worked,315,211,104
E01033592,Full-time: 31 to 48 hours worked,560,583,-23
E01033592,Full-time: 49 or more hours worked,65,85,-20
E01033592,Part-time: 15 hours or less worked,102,100,2
E01033592,Part-time: 16 to 30 hours worked,177,163,14
E01033593,Full-time: 31 to 48 hours worked,530,212,318
E01033593,Full-time: 49 or more hours worked,209,157,52
E01033593,Part-time: 15 hours or less worked,71,53,18
E01033593,Part-time: 16 to 30 hours worked,99,71,28
E01033594,Full-time: 31 to 48 hours worked,356,348,8
E01033594,Full-time: 49 or more hours worked,160,194,-34
E01033594,Part-time: 15 hours or less worked,85,59,26
E01033594,Part-time: 16 to 30 hours worked,88,90,-2
E01033597,Full-time: 31 to 48 hours worked,270,205,65
E01033597,Full-time: 49 or more hours worked,123,122,1
E01033597,Part-time: 15 hours or less worked,54,21,33
E01033597,Part-time: 16 to 30 hours worked,56,55,1
E01033598,Full-time: 31 to 48 hours worked,257,195,62
E01033598,Full-time: 49 or more hours worked,55,60,-5
E01033598,Part-time: 15 hours or less worked,66,38,28
E01033598,Part-time: 16 to 30 hours worked,86,76,10
E01033599,Full-time: 31 to 48 hours worked,282,335,-53
E01033599,Full-time: 49 or more hours worked,84,96,-12
E01033599,Part-time: 15 hours or less worked,97,53,44
E01033599,Part-time: 16 to 30 hours worked,105,104,1
E01033601,Full-time: 31 to 48 hours worked,367,311,56
E01033601,Full-time: 49 or more hours worked,81,81,0
E01033601,Part-time: 15 hours or less worked,100,45,55
E01033601,Part-time: 16 to 30 hours worked,185,125,60
E01033602,Full-time: 31 to 48 hours worked,259,240,19
E01033602,Full-time: 49 or more hours worked,47,61,-14
E01033602,Part-time: 15 hours or less worked,73,55,18
E01033602,Part-time: 16 to 30 hours worked,137,131,6
E01033603,Full-time: 31 to 48 hours worked,319,292,27
E01033603,Full-time: 49 or more hours worked,138,144,-6
E01033603,Part-time: 15 hours or less worked,66,54,12
E01033603,Part-time: 16 to 30 hours worked,65,104,-39
E01033604,Full-time: 31 to 48 hours worked,241,273,-32
E01033604,Full-time: 49 or more hours worked,55,82,-27
E01033604,Part-time: 15 hours or less worked,108,68,40
E01033604,Part-time: 16 to 30 hours worked,109,126,-17
E01033605,Full-time: 31 to 48 hours worked,355,336,19
E01033605,Full-time: 49 or more hours worked,58,99,-41
E01033605,Part-time: 15 hours or less worked,80,57,23
E01033605,Part-time: 16 to 30 hours worked,110,155,-45
E01033699,Full-time: 31 to 48 hours worked,633,507,126
E01033699,Full-time: 49 or more hours worked,182,117,65
E01033699,Part-time: 15 hours or less worked,62,55,7
E01033699,Part-time: 16 to 30 hours worked,128,109,19
E01033700,Full-time: 31 to 48 hours worked,1185,628,557
E01033700,Full-time: 49 or more hours worked,327,191,136
E01033700,Part-time: 15 hours or less worked,91,54,37
E01033700,Part-time: 16 to 30 hours worked,166,121,45
E01033702,Full-time: 31 to 48 hours worked,346,294,52
E01033702,Full-time: 49 or more hours worked,86,71,15
E01033702,Part-time: 15 hours or less worked,77,50,27
E01033702,Part-time: 16 to 30 hours worked,151,99,52
E01033703,Full-time: 31 to 48 hours worked,452,438,14
E01033703,Full-time: 49 or more hours worked,118,88,30
E01033703,Part-time: 15 hours or less worked,87,38,49
E01033703,Part-time: 16 to 30 hours worked,127,127,0
E01033704,Full-time: 31 to 48 hours worked,1056,697,359
E01033704,Full-time: 49 or more hours worked,311,214,97
E01033704,Part-time: 15 hours or less worked,134,73,61
E01033704,Part-time: 16 to 30 hours worked,196,157,39
E01033705,Full-time: 31 to 48 hours worked,399,354,45
E01033705,Full-time: 49 or more hours worked,80,65,15
E01033705,Part-time: 15 hours or less worked,60,54,6
E01033705,Part-time: 16 to 30 hours worked,131,127,4
E01033706,Full-time: 31 to 48 hours worked,586,565,21
E01033706,Full-time: 49 or more hours worked,309,384,-75
E01033706,Part-time: 15 hours or less worked,64,55,9
E01033706,Part-time: 16 to 30 hours worked,81,91,-10
E01033708,Full-time: 31 to 48 hours worked,697,595,102
E01033708,Full-time: 49 or more hours worked,380,466,-86
E01033708,Part-time: 15 hours or less worked,76,65,11
E01033708,Part-time: 16 to 30 hours worked,109,101,8
E01033709,Full-time: 31 to 48 hours worked,685,629,56
E01033709,Full-time: 49 or more hours worked,174,185,-11
E01033709,Part-time: 15 hours or less worked,98,73,25
E01033709,Part-time: 16 to 30 hours worked,139,111,28
E01033710,Full-time: 31 to 48 hours worked,394,338,56
E01033710,Full-time: 49 or more hours worked,67,78,-11
E01033710,Part-time: 15 hours or less worked,63,54,9
E01033710,Part-time: 16 to 30 hours worked,109,100,9
E01033711,Full-time: 31 to 48 hours worked,654,393,261
E01033711,Full-time: 49 or more hours worked,313,172,141
E01033711,Part-time: 15 hours or less worked,90,34,56
E01033711,Part-time: 16 to 30 hours worked,97,76,21
E01033712,Full-time: 31 to 48 hours worked,532,489,43
E01033712,Full-time: 49 or more hours worked,161,162,-1
E01033712,Part-time: 15 hours or less worked,79,62,17
E01033712,Part-time: 16 to 30 hours worked,137,170,-33
E01033713,Full-time: 31 to 48 hours worked,532,432,100
E01033713,Full-time: 49 or more hours worked,146,87,59
E01033713,Part-time: 15 hours or less worked,75,58,17
E01033713,Part-time: 16 to 30 hours worked,90,122,-32
E01033727,Full-time: 31 to 48 hours worked,832,523,309
E01033727,Full-time: 49 or more hours worked,165,131,34
E01033727,Part-time: 15 hours or less worked,144,152,-8
E01033727,Part-time: 16 to 30 hours worked,180,177,3
E01033728,Full-time: 31 to 48 hours worked,811,574,237
E01033728,Full-time: 49 or more hours worked,238,232,6
E01033728,Part-time: 15 hours or less worked,91,34,57
E01033728,Part-time: 16 to 30 hours worked,107,37,70
E01033729,Full-time: 31 to 48 hours worked,484,380,104
E01033729,Full-time: 49 or more hours worked,68,81,-13
E01033729,Part-time: 15 hours or less worked,141,278,-137
E01033729,Part-time: 16 to 30 hours worked,170,210,-40
E01033732,Full-time: 31 to 48 hours worked,467,385,82
E01033732,Full-time: 49 or more hours worked,82,141,-59
E01033732,Part-time: 15 hours or less worked,45,35,10
E01033732,Part-time: 16 to 30 hours worked,78,69,9
E01033734,Full-time: 31 to 48 hours worked,615,491,124
E01033734,Full-time: 49 or more hours worked,151,166,-15
E01033734,Part-time: 15 hours or less worked,69,40,29
E01033734,Part-time: 16 to 30 hours worked,99,79,20
E01033735,Full-time: 31 to 48 hours worked,428,330,98
E01033735,Full-time: 49 or more hours worked,77,76,1
E01033735,Part-time: 15 hours or less worked,85,55,30
E01033735,Part-time: 16 to 30 hours worked,118,93,25
E01033736,Full-time: 31 to 48 hours worked,1144,544,600
E01033736,Full-time: 49 or more hours worked,328,221,107
E01033736,Part-time: 15 hours or less worked,98,32,66
E01033736,Part-time: 16 to 30 hours worked,135,56,79
E01033737,Full-time: 31 to 48 hours worked,596,347,249
E01033737,Full-time: 49 or more hours worked,124,56,68
E01033737,Part-time: 15 hours or less worked,95,68,27
E01033737,Part-time: 16 to 30 hours worked,191,138,53
E01033738,Full-time: 31 to 48 hours worked,686,351,335
E01033738,Full-time: 49 or more hours worked,158,96,62
E01033738,Part-time: 15 hours or less worked,95,65,30
E01033738,Part-time: 16 to 30 hours worked,145,97,48
E01033739,Full-time: 31 to 48 hours worked,478,432,46
E01033739,Full-time: 49 or more hours worked,106,82,24
E01033739,Part-time: 15 hours or less worked,83,63,20
E01033739,Part-time: 16 to 30 hours worked,168,127,41
E01033740,Full-time: 31 to 48 hours worked,481,431,50
E01033740,Full-time: 49 or more hours worked,91,103,-12
E01033740,Part-time: 15 hours or less worked,78,61,17
E01033740,Part-time: 16 to 30 hours worked,128,150,-22
E01033741,Full-time: 31 to 48 hours worked,563,521,42
E01033741,Full-time: 49 or more hours worked,118,92,26
E01033741,Part-time: 15 hours or less worked,150,78,72
E01033741,Part-time: 16 to 30 hours worked,181,184,-3
E01033742,Full-time: 31 to 48 hours worked,552,499,53
E01033742,Full-time: 49 or more hours worked,90,115,-25
E01033742,Part-time: 15 hours or less worked,67,40,27
E01033742,Part-time: 16 to 30 hours worked,109,109,0
E01033743,Full-time: 31 to 48 hours worked,515,494,21
E01033743,Full-time: 49 or more hours worked,74,66,8
E01033743,Part-time: 15 hours or less worked,96,71,25
E01033743,Part-time: 16 to 30 hours worked,179,186,-7
E01033744,Full-time: 31 to 48 hours worked,497,497,0
E01033744,Full-time: 49 or more hours worked,94,71,23
E01033744,Part-time: 15 hours or less worked,88,59,29
E01033744,Part-time: 16 to 30 hours worked,159,149,10
E01033745,Full-time: 31 to 48 hours worked,517,484,33
E01033745,Full-time: 49 or more hours worked,66,88,-22
E01033745,Part-time: 15 hours or less worked,88,65,23
E01033745,Part-time: 16 to 30 hours worked,165,151,14
E01033746,Full-time: 31 to 48 hours worked,435,450,-15
E01033746,Full-time: 49 or more hours worked,171,213,-42
E01033746,Part-time: 15 hours or less worked,73,47,26
E01033746,Part-time: 16 to 30 hours worked,85,78,7
E01033784,Full-time: 31 to 48 hours worked,540,481,59
E01033784,Full-time: 49 or more hours worked,91,95,-4
E01033784,Part-time: 15 hours or less worked,67,41,26
E01033784,Part-time: 16 to 30 hours worked,138,121,17
E01033785,Full-time: 31 to 48 hours worked,612,92,520
E01033785,Full-time: 49 or more hours worked,112,21,91
E01033785,Part-time: 15 hours or less worked,58,4,54
E01033785,Part-time: 16 to 30 hours worked,93,22,71
E01033786,Full-time: 31 to 48 hours worked,501,101,400
E01033786,Full-time: 49 or more hours worked,78,12,66
E01033786,Part-time: 15 hours or less worked,55,9,46
E01033786,Part-time: 16 to 30 hours worked,107,21,86
E01033787,Full-time: 31 to 48 hours worked,585,201,384
E01033787,Full-time: 49 or more hours worked,73,29,44
E01033787,Part-time: 15 hours or less worked,55,20,35
E01033787,Part-time: 16 to 30 hours worked,119,17,102
E01033788,Full-time: 31 to 48 hours worked,472,377,95
E01033788,Full-time: 49 or more hours worked,64,70,-6
E01033788,Part-time: 15 hours or less worked,54,66,-12
E01033788,Part-time: 16 to 30 hours worked,133,101,32
E01033789,Full-time: 31 to 48 hours worked,611,84,527
E01033789,Full-time: 49 or more hours worked,101,22,79
E01033789,Part-time: 15 hours or less worked,71,20,51
E01033789,Part-time: 16 to 30 hours worked,113,25,88
E01033790,Full-time: 31 to 48 hours worked,380,320,60
E01033790,Full-time: 49 or more hours worked,44,51,-7
E01033790,Part-time: 15 hours or less worked,53,35,18
E01033790,Part-time: 16 to 30 hours worked,124,93,31
E01033791,Full-time: 31 to 48 hours worked,444,231,213
E01033791,Full-time: 49 or more hours worked,55,45,10
E01033791,Part-time: 15 hours or less worked,59,31,28
E01033791,Part-time: 16 to 30 hours worked,110,77,33
E01033792,Full-time: 31 to 48 hours worked,457,442,15
E01033792,Full-time: 49 or more hours worked,97,101,-4
E01033792,Part-time: 15 hours or less worked,66,67,-1
E01033792,Part-time: 16 to 30 hours worked,109,101,8
E01033862,Full-time: 31 to 48 hours worked,481,288,193
E01033862,Full-time: 49 or more hours worked,202,121,81
E01033862,Part-time: 15 hours or less worked,64,25,39
E01033862,Part-time: 16 to 30 hours worked,86,47,39
E01033863,Full-time: 31 to 48 hours worked,375,425,-50
E01033863,Full-time: 49 or more hours worked,65,97,-32
E01033863,Part-time: 15 hours or less worked,69,65,4
E01033863,Part-time: 16 to 30 hours worked,119,125,-6
E01033864,Full-time: 31 to 48 hours worked,278,274,4
E01033864,Full-time: 49 or more hours worked,50,56,-6
E01033864,Part-time: 15 hours or less worked,60,39,21
E01033864,Part-time: 16 to 30 hours worked,104,89,15
E01033865,Full-time: 31 to 48 hours worked,487,232,255
E01033865,Full-time: 49 or more hours worked,179,76,103
E01033865,Part-time: 15 hours or less worked,59,24,35
E01033865,Part-time: 16 to 30 hours worked,69,50,19
E01033866,Full-time: 31 to 48 hours worked,475,0,475
E01033866,Full-time: 49 or more hours worked,174,0,174
E01033866,Part-time: 15 hours or less worked,43,0,43
E01033866,Part-time: 16 to 30 hours worked,45,0,45
E01033867,Full-time: 31 to 48 hours worked,450,376,74
E01033867,Full-time: 49 or more hours worked,142,182,-40
E01033867,Part-time: 15 hours or less worked,87,73,14
E01033867,Part-time: 16 to 30 hours worked,80,108,-28
E01033868,Full-time: 31 to 48 hours worked,455,385,70
E01033868,Full-time: 49 or more hours worked,204,190,14
E01033868,Part-time: 15 hours or less worked,44,19,25
E01033868,Part-time: 16 to 30 hours worked,38,34,4
E01033869,Full-time: 31 to 48 hours worked,452,395,57
E01033869,Full-time: 49 or more hours worked,89,82,7
E01033869,Part-time: 15 hours or less worked,66,33,33
E01033869,Part-time: 16 to 30 hours worked,120,68,52
E01033870,Full-time: 31 to 48 hours worked,709,210,499
E01033870,Full-time: 49 or more hours worked,296,107,189
E01033870,Part-time: 15 hours or less worked,69,43,26
E01033870,Part-time: 16 to 30 hours worked,155,36,119
E01033871,Full-time: 31 to 48 hours worked,510,516,-6
E01033871,Full-time: 49 or more hours worked,136,144,-8
E01033871,Part-time: 15 hours or less worked,57,52,5
E01033871,Part-time: 16 to 30 hours worked,102,88,14
E01033872,Full-time: 31 to 48 hours worked,514,379,135
E01033872,Full-time: 49 or more hours worked,131,153,-22
E01033872,Part-time: 15 hours or less worked,58,29,29
E01033872,Part-time: 16 to 30 hours worked,92,93,-1
E01033873,Full-time: 31 to 48 hours worked,493,462,31
E01033873,Full-time: 49 or more hours worked,59,125,-66
E01033873,Part-time: 15 hours or less worked,105,98,7
E01033873,Part-time: 16 to 30 hours worked,173,169,4
E01033874,Full-time: 31 to 48 hours worked,443,0,443
E01033874,Full-time: 49 or more hours worked,178,0,178
E01033874,Part-time: 15 hours or less worked,36,0,36
E01033874,Part-time: 16 to 30 hours worked,29,0,29
E01033875,Full-time: 31 to 48 hours worked,470,174,296
E01033875,Full-time: 49 or more hours worked,113,42,71
E01033875,Part-time: 15 hours or less worked,60,18,42
E01033875,Part-time: 16 to 30 hours worked,83,44,39
E01033876,Full-time: 31 to 48 hours worked,536,206,330
E01033876,Full-time: 49 or more hours worked,195,33,162
E01033876,Part-time: 15 hours or less worked,55,18,37
E01033876,Part-time: 16 to 30 hours worked,73,41,32
E01033877,Full-time: 31 to 48 hours worked,536,303,233
E01033877,Full-time: 49 or more hours worked,150,79,71
E01033877,Part-time: 15 hours or less worked,67,54,13
E01033877,Part-time: 16 to 30 hours worked,135,88,47
E01033878,Full-time: 31 to 48 hours worked,285,258,27
E01033878,Full-time: 49 or more hours worked,47,55,-8
E01033878,Part-time: 15 hours or less worked,63,48,15
E01033878,Part-time: 16 to 30 hours worked,120,104,16
E01033879,Full-time: 31 to 48 hours worked,537,625,-88
E01033879,Full-time: 49 or more hours worked,69,76,-7
E01033879,Part-time: 15 hours or less worked,155,98,57
E01033879,Part-time: 16 to 30 hours worked,238,273,-35
E01033880,Full-time: 31 to 48 hours worked,606,288,318
E01033880,Full-time: 49 or more hours worked,104,66,38
E01033880,Part-time: 15 hours or less worked,357,43,314
E01033880,Part-time: 16 to 30 hours worked,220,94,126
E01033881,Full-time: 31 to 48 hours worked,506,741,-235
E01033881,Full-time: 49 or more hours worked,76,130,-54
E01033881,Part-time: 15 hours or less worked,87,121,-34
E01033881,Part-time: 16 to 30 hours worked,156,325,-169
E01033882,Full-time: 31 to 48 hours worked,443,374,69
E01033882,Full-time: 49 or more hours worked,87,73,14
E01033882,Part-time: 15 hours or less worked,85,62,23
E01033882,Part-time: 16 to 30 hours worked,136,146,-10
E01033883,Full-time: 31 to 48 hours worked,530,259,271
E01033883,Full-time: 49 or more hours worked,105,41,64
E01033883,Part-time: 15 hours or less worked,77,34,43
E01033883,Part-time: 16 to 30 hours worked,142,88,54
E01033884,Full-time: 31 to 48 hours worked,386,230,156
E01033884,Full-time: 49 or more hours worked,236,182,54
E01033884,Part-time: 15 hours or less worked,36,17,19
E01033884,Part-time: 16 to 30 hours worked,63,37,26
E01033885,Full-time: 31 to 48 hours worked,450,466,-16
E01033885,Full-time: 49 or more hours worked,113,170,-57
E01033885,Part-time: 15 hours or less worked,67,43,24
E01033885,Part-time: 16 to 30 hours worked,113,88,25
E01033911,Full-time: 31 to 48 hours worked,489,430,59
E01033911,Full-time: 49 or more hours worked,136,111,25
E01033911,Part-time: 15 hours or less worked,127,80,47
E01033911,Part-time: 16 to 30 hours worked,159,128,31
E01033912,Full-time: 31 to 48 hours worked,511,138,373
E01033912,Full-time: 49 or more hours worked,144,49,95
E01033912,Part-time: 15 hours or less worked,101,20,81
E01033912,Part-time: 16 to 30 hours worked,105,40,65
E01033913,Full-time: 31 to 48 hours worked,313,331,-18
E01033913,Full-time: 49 or more hours worked,52,73,-21
E01033913,Part-time: 15 hours or less worked,65,64,1
E01033913,Part-time: 16 to 30 hours worked,149,114,35
E01033914,Full-time: 31 to 48 hours worked,425,325,100
E01033914,Full-time: 49 or more hours worked,77,70,7
E01033914,Part-time: 15 hours or less worked,106,76,30
E01033914,Part-time: 16 to 30 hours worked,163,117,46
E01033915,Full-time: 31 to 48 hours worked,322,0,322
E01033915,Full-time: 49 or more hours worked,37,0,37
E01033915,Part-time: 15 hours or less worked,81,0,81
E01033915,Part-time: 16 to 30 hours worked,112,0,112
E01033916,Full-time: 31 to 48 hours worked,516,528,-12
E01033916,Full-time: 49 or more hours worked,69,112,-43
E01033916,Part-time: 15 hours or less worked,99,69,30
E01033916,Part-time: 16 to 30 hours worked,148,164,-16
E01033917,Full-time: 31 to 48 hours worked,525,252,273
E01033917,Full-time: 49 or more hours worked,132,49,83
E01033917,Part-time: 15 hours or less worked,81,28,53
E01033917,Part-time: 16 to 30 hours worked,119,51,68
E01033918,Full-time: 31 to 48 hours worked,516,150,366
E01033918,Full-time: 49 or more hours worked,104,46,58
E01033918,Part-time: 15 hours or less worked,90,76,14
E01033918,Part-time: 16 to 30 hours worked,108,47,61
E01033919,Full-time: 31 to 48 hours worked,530,50,480
E01033919,Full-time: 49 or more hours worked,111,8,103
E01033919,Part-time: 15 hours or less worked,71,8,63
E01033919,Part-time: 16 to 30 hours worked,93,12,81
E01033920,Full-time: 31 to 48 hours worked,578,104,474
E01033920,Full-time: 49 or more hours worked,140,30,110
E01033920,Part-time: 15 hours or less worked,69,17,52
E01033920,Part-time: 16 to 30 hours worked,116,40,76
E01033921,Full-time: 31 to 48 hours worked,578,0,578
E01033921,Full-time: 49 or more hours worked,95,0,95
E01033921,Part-time: 15 hours or less worked,91,0,91
E01033921,Part-time: 16 to 30 hours worked,157,0,157
E01033922,Full-time: 31 to 48 hours worked,645,85,560
E01033922,Full-time: 49 or more hours worked,128,18,110
E01033922,Part-time: 15 hours or less worked,86,14,72
E01033922,Part-time: 16 to 30 hours worked,138,28,110
E01033923,Full-time: 31 to 48 hours worked,416,167,249
E01033923,Full-time: 49 or more hours worked,88,29,59
E01033923,Part-time: 15 hours or less worked,79,26,53
E01033923,Part-time: 16 to 30 hours worked,137,41,96
E01033924,Full-time: 31 to 48 hours worked,361,323,38
E01033924,Full-time: 49 or more hours worked,48,46,2
E01033924,Part-time: 15 hours or less worked,85,35,50
E01033924,Part-time: 16 to 30 hours worked,160,136,24
E01033925,Full-time: 31 to 48 hours worked,565,308,257
E01033925,Full-time: 49 or more hours worked,77,65,12
E01033925,Part-time: 15 hours or less worked,93,60,33
E01033925,Part-time: 16 to 30 hours worked,138,91,47
E01033926,Full-time: 31 to 48 hours worked,536,555,-19
E01033926,Full-time: 49 or more hours worked,59,75,-16
E01033926,Part-time: 15 hours or less worked,138,116,22
E01033926,Part-time: 16 to 30 hours worked,272,309,-37
E01033927,Full-time: 31 to 48 hours worked,440,416,24
E01033927,Full-time: 49 or more hours worked,66,87,-21
E01033927,Part-time: 15 hours or less worked,121,69,52
E01033927,Part-time: 16 to 30 hours worked,188,139,49
E01033928,Full-time: 31 to 48 hours worked,411,421,-10
E01033928,Full-time: 49 or more hours worked,76,101,-25
E01033928,Part-time: 15 hours or less worked,81,42,39
E01033928,Part-time: 16 to 30 hours worked,117,91,26
E01033929,Full-time: 31 to 48 hours worked,498,119,379
E01033929,Full-time: 49 or more hours worked,79,18,61
E01033929,Part-time: 15 hours or less worked,45,14,31
E01033929,Part-time: 16 to 30 hours worked,110,19,91
E01033930,Full-time: 31 to 48 hours worked,488,448,40
E01033930,Full-time: 49 or more hours worked,89,97,-8
E01033930,Part-time: 15 hours or less worked,101,64,37
E01033930,Part-time: 16 to 30 hours worked,195,172,23
E01033931,Full-time: 31 to 48 hours worked,343,323,20
E01033931,Full-time: 49 or more hours worked,36,58,-22
E01033931,Part-time: 15 hours or less worked,71,36,35
E01033931,Part-time: 16 to 30 hours worked,124,114,10
E01033932,Full-time: 31 to 48 hours worked,401,351,50
E01033932,Full-time: 49 or more hours worked,65,46,19
E01033932,Part-time: 15 hours or less worked,87,88,-1
E01033932,Part-time: 16 to 30 hours worked,148,131,17
E01033933,Full-time: 31 to 48 hours worked,266,418,-152
E01033933,Full-time: 49 or more hours worked,39,72,-33
E01033933,Part-time: 15 hours or less worked,63,84,-21
E01033933,Part-time: 16 to 30 hours worked,117,158,-41
E01033934,Full-time: 31 to 48 hours worked,336,261,75
E01033934,Full-time: 49 or more hours worked,39,45,-6
E01033934,Part-time: 15 hours or less worked,85,41,44
E01033934,Part-time: 16 to 30 hours worked,146,83,63
E01033935,Full-time: 31 to 48 hours worked,653,455,198
E01033935,Full-time: 49 or more hours worked,107,83,24
E01033935,Part-time: 15 hours or less worked,119,87,32
E01033935,Part-time: 16 to 30 hours worked,186,169,17
E01033936,Full-time: 31 to 48 hours worked,597,256,341
E01033936,Full-time: 49 or more hours worked,59,27,32
E01033936,Part-time: 15 hours or less worked,86,27,59
E01033936,Part-time: 16 to 30 hours worked,142,71,71
E01033937,Full-time: 31 to 48 hours worked,290,176,114
E01033937,Full-time: 49 or more hours worked,41,45,-4
E01033937,Part-time: 15 hours or less worked,50,34,16
E01033937,Part-time: 16 to 30 hours worked,133,89,44
E01033938,Full-time: 31 to 48 hours worked,304,131,173
E01033938,Full-time: 49 or more hours worked,39,14,25
E01033938,Part-time: 15 hours or less worked,50,33,17
E01033938,Part-time: 16 to 30 hours worked,98,49,49
E01033939,Full-time: 31 to 48 hours worked,610,114,496
E01033939,Full-time: 49 or more hours worked,146,20,126
E01033939,Part-time: 15 hours or less worked,86,12,74
E01033939,Part-time: 16 to 30 hours worked,154,16,138
E01033940,Full-time: 31 to 48 hours worked,691,0,691
E01033940,Full-time: 49 or more hours worked,138,0,138
E01033940,Part-time: 15 hours or less worked,140,0,140
E01033940,Part-time: 16 to 30 hours worked,115,0,115
E01033941,Full-time: 31 to 48 hours worked,577,457,120
E01033941,Full-time: 49 or more hours worked,88,63,25
E01033941,Part-time: 15 hours or less worked,59,65,-6
E01033941,Part-time: 16 to 30 hours worked,99,86,13
E01033942,Full-time: 31 to 48 hours worked,628,0,628
E01033942,Full-time: 49 or more hours worked,128,0,128
E01033942,Part-time: 15 hours or less worked,67,0,67
E01033942,Part-time: 16 to 30 hours worked,63,0,63
E01033943,Full-time: 31 to 48 hours worked,790,344,446
E01033943,Full-time: 49 or more hours worked,177,49,128
E01033943,Part-time: 15 hours or less worked,182,42,140
E01033943,Part-time: 16 to 30 hours worked,251,128,123
E01033944,Full-time: 31 to 48 hours worked,598,99,499
E01033944,Full-time: 49 or more hours worked,74,13,61
E01033944,Part-time: 15 hours or less worked,131,14,117
E01033944,Part-time: 16 to 30 hours worked,213,32,181
E01033945,Full-time: 31 to 48 hours worked,550,506,44
E01033945,Full-time: 49 or more hours worked,105,150,-45
E01033945,Part-time: 15 hours or less worked,61,38,23
E01033945,Part-time: 16 to 30 hours worked,121,110,11
E01033946,Full-time: 31 to 48 hours worked,623,167,456
E01033946,Full-time: 49 or more hours worked,146,67,79
E01033946,Part-time: 15 hours or less worked,67,22,45
E01033946,Part-time: 16 to 30 hours worked,106,31,75
E01034026,Full-time: 31 to 48 hours worked,571,385,186
E01034026,Full-time: 49 or more hours worked,83,68,15
E01034026,Part-time: 15 hours or less worked,138,26,112
E01034026,Part-time: 16 to 30 hours worked,115,49,66
E01034027,Full-time: 31 to 48 hours worked,583,739,-156
E01034027,Full-time: 49 or more hours worked,92,132,-40
E01034027,Part-time: 15 hours or less worked,169,79,90
E01034027,Part-time: 16 to 30 hours worked,216,143,73
E01034028,Full-time: 31 to 48 hours worked,460,476,-16
E01034028,Full-time: 49 or more hours worked,82,117,-35
E01034028,Part-time: 15 hours or less worked,73,39,34
E01034028,Part-time: 16 to 30 hours worked,110,92,18
E01034029,Full-time: 31 to 48 hours worked,570,469,101
E01034029,Full-time: 49 or more hours worked,117,132,-15
E01034029,Part-time: 15 hours or less worked,78,34,44
E01034029,Part-time: 16 to 30 hours worked,93,83,10
E01034030,Full-time: 31 to 48 hours worked,712,853,-141
E01034030,Full-time: 49 or more hours worked,154,235,-81
E01034030,Part-time: 15 hours or less worked,86,72,14
E01034030,Part-time: 16 to 30 hours worked,134,118,16
E01034031,Full-time: 31 to 48 hours worked,456,0,456
E01034031,Full-time: 49 or more hours worked,160,0,160
E01034031,Part-time: 15 hours or less worked,42,0,42
E01034031,Part-time: 16 to 30 hours worked,59,0,59
E01034032,Full-time: 31 to 48 hours worked,565,410,155
E01034032,Full-time: 49 or more hours worked,98,105,-7
E01034032,Part-time: 15 hours or less worked,97,46,51
E01034032,Part-time: 16 to 30 hours worked,145,129,16
E01034033,Full-time: 31 to 48 hours worked,753,407,346
E01034033,Full-time: 49 or more hours worked,166,148,18
E01034033,Part-time: 15 hours or less worked,95,33,62
E01034033,Part-time: 16 to 30 hours worked,138,57,81
E01034034,Full-time: 31 to 48 hours worked,567,381,186
E01034034,Full-time: 49 or more hours worked,101,90,11
E01034034,Part-time: 15 hours or less worked,92,29,63
E01034034,Part-time: 16 to 30 hours worked,126,65,61
E01034035,Full-time: 31 to 48 hours worked,539,522,17
E01034035,Full-time: 49 or more hours worked,120,142,-22
E01034035,Part-time: 15 hours or less worked,84,56,28
E01034035,Part-time: 16 to 30 hours worked,133,121,12
E01034036,Full-time: 31 to 48 hours worked,517,359,158
E01034036,Full-time: 49 or more hours worked,58,55,3
E01034036,Part-time: 15 hours or less worked,94,55,39
E01034036,Part-time: 16 to 30 hours worked,177,147,30
E01034037,Full-time: 31 to 48 hours worked,594,282,312
E01034037,Full-time: 49 or more hours worked,70,28,42
E01034037,Part-time: 15 hours or less worked,88,29,59
E01034037,Part-time: 16 to 30 hours worked,144,71,73
E01034038,Full-time: 31 to 48 hours worked,539,145,394
E01034038,Full-time: 49 or more hours worked,53,20,33
E01034038,Part-time: 15 hours or less worked,84,23,61
E01034038,Part-time: 16 to 30 hours worked,134,41,93
E01034039,Full-time: 31 to 48 hours worked,393,289,104
E01034039,Full-time: 49 or more hours worked,51,39,12
E01034039,Part-time: 15 hours or less worked,101,33,68
E01034039,Part-time: 16 to 30 hours worked,149,101,48
E01034040,Full-time: 31 to 48 hours worked,476,432,44
E01034040,Full-time: 49 or more hours worked,49,66,-17
E01034040,Part-time: 15 hours or less worked,100,82,18
E01034040,Part-time: 16 to 30 hours worked,163,117,46
E01034041,Full-time: 31 to 48 hours worked,423,385,38
E01034041,Full-time: 49 or more hours worked,58,62,-4
E01034041,Part-time: 15 hours or less worked,109,68,41
E01034041,Part-time: 16 to 30 hours worked,143,143,0
E01034042,Full-time: 31 to 48 hours worked,384,181,203
E01034042,Full-time: 49 or more hours worked,68,22,46
E01034042,Part-time: 15 hours or less worked,43,23,20
E01034042,Part-time: 16 to 30 hours worked,102,63,39
E01034043,Full-time: 31 to 48 hours worked,448,238,210
E01034043,Full-time: 49 or more hours worked,97,55,42
E01034043,Part-time: 15 hours or less worked,82,32,50
E01034043,Part-time: 16 to 30 hours worked,106,69,37
E01034044,Full-time: 31 to 48 hours worked,418,180,238
E01034044,Full-time: 49 or more hours worked,129,72,57
E01034044,Part-time: 15 hours or less worked,56,18,38
E01034044,Part-time: 16 to 30 hours worked,84,40,44
E01034045,Full-time: 31 to 48 hours worked,746,350,396
E01034045,Full-time: 49 or more hours worked,150,79,71
E01034045,Part-time: 15 hours or less worked,113,16,97
E01034045,Part-time: 16 to 30 hours worked,145,76,69
E01034046,Full-time: 31 to 48 hours worked,440,469,-29
E01034046,Full-time: 49 or more hours worked,61,72,-11
E01034046,Part-time: 15 hours or less worked,102,63,39
E01034046,Part-time: 16 to 30 hours worked,166,142,24
E01034139,Full-time: 31 to 48 hours worked,482,329,153
E01034139,Full-time: 49 or more hours worked,51,40,11
E01034139,Part-time: 15 hours or less worked,98,34,64
E01034139,Part-time: 16 to 30 hours worked,208,100,108
E01034140,Full-time: 31 to 48 hours worked,393,504,-111
E01034140,Full-time: 49 or more hours worked,40,68,-28
E01034140,Part-time: 15 hours or less worked,70,65,5
E01034140,Part-time: 16 to 30 hours worked,135,155,-20
E01034141,Full-time: 31 to 48 hours worked,519,206,313
E01034141,Full-time: 49 or more hours worked,70,17,53
E01034141,Part-time: 15 hours or less worked,72,13,59
E01034141,Part-time: 16 to 30 hours worked,135,42,93
E01034142,Full-time: 31 to 48 hours worked,468,397,71
E01034142,Full-time: 49 or more hours worked,45,69,-24
E01034142,Part-time: 15 hours or less worked,69,38,31
E01034142,Part-time: 16 to 30 hours worked,122,103,19
E01034143,Full-time: 31 to 48 hours worked,605,84,521
E01034143,Full-time: 49 or more hours worked,97,9,88
E01034143,Part-time: 15 hours or less worked,45,13,32
E01034143,Part-time: 16 to 30 hours worked,89,43,46
E01034144,Full-time: 31 to 48 hours worked,487,212,275
E01034144,Full-time: 49 or more hours worked,73,32,41
E01034144,Part-time: 15 hours or less worked,67,21,46
E01034144,Part-time: 16 to 30 hours worked,141,59,82
E01034145,Full-time: 31 to 48 hours worked,340,355,-15
E01034145,Full-time: 49 or more hours worked,71,52,19
E01034145,Part-time: 15 hours or less worked,69,43,26
E01034145,Part-time: 16 to 30 hours worked,130,114,16
E01034146,Full-time: 31 to 48 hours worked,496,319,177
E01034146,Full-time: 49 or more hours worked,81,51,30
E01034146,Part-time: 15 hours or less worked,82,23,59
E01034146,Part-time: 16 to 30 hours worked,123,60,63
E01034147,Full-time: 31 to 48 hours worked,625,0,625
E01034147,Full-time: 49 or more hours worked,94,0,94
E01034147,Part-time: 15 hours or less worked,59,0,59
E01034147,Part-time: 16 to 30 hours worked,76,0,76
E01034148,Full-time: 31 to 48 hours worked,759,0,759
E01034148,Full-time: 49 or more hours worked,150,0,150
E01034148,Part-time: 15 hours or less worked,66,0,66
E01034148,Part-time: 16 to 30 hours worked,102,0,102
E01034149,Full-time: 31 to 48 hours worked,808,708,100
E01034149,Full-time: 49 or more hours worked,133,130,3
E01034149,Part-time: 15 hours or less worked,110,53,57
E01034149,Part-time: 16 to 30 hours worked,161,122,39
E01034150,Full-time: 31 to 48 hours worked,540,303,237
E01034150,Full-time: 49 or more hours worked,78,58,20
E01034150,Part-time: 15 hours or less worked,77,23,54
E01034150,Part-time: 16 to 30 hours worked,112,60,52
E01034151,Full-time: 31 to 48 hours worked,493,244,249
E01034151,Full-time: 49 or more hours worked,98,47,51
E01034151,Part-time: 15 hours or less worked,76,16,60
E01034151,Part-time: 16 to 30 hours worked,104,40,64
E01034152,Full-time: 31 to 48 hours worked,507,463,44
E01034152,Full-time: 49 or more hours worked,86,91,-5
E01034152,Part-time: 15 hours or less worked,79,43,36
E01034152,Part-time: 16 to 30 hours worked,144,96,48
E01034153,Full-time: 31 to 48 hours worked,503,481,22
E01034153,Full-time: 49 or more hours worked,68,103,-35
E01034153,Part-time: 15 hours or less worked,73,42,31
E01034153,Part-time: 16 to 30 hours worked,118,115,3
E01034154,Full-time: 31 to 48 hours worked,703,78,625
E01034154,Full-time: 49 or more hours worked,118,7,111
E01034154,Part-time: 15 hours or less worked,54,17,37
E01034154,Part-time: 16 to 30 hours worked,117,21,96
E01034155,Full-time: 31 to 48 hours worked,660,352,308
E01034155,Full-time: 49 or more hours worked,94,61,33
E01034155,Part-time: 15 hours or less worked,94,46,48
E01034155,Part-time: 16 to 30 hours worked,175,124,51
E01034156,Full-time: 31 to 48 hours worked,580,332,248
E01034156,Full-time: 49 or more hours worked,79,86,-7
E01034156,Part-time: 15 hours or less worked,67,19,48
E01034156,Part-time: 16 to 30 hours worked,89,53,36
E01034173,Full-time: 31 to 48 hours worked,429,613,-184
E01034173,Full-time: 49 or more hours worked,57,87,-30
E01034173,Part-time: 15 hours or less worked,76,112,-36
E01034173,Part-time: 16 to 30 hours worked,181,245,-64
E01034174,Full-time: 31 to 48 hours worked,404,94,310
E01034174,Full-time: 49 or more hours worked,124,17,107
E01034174,Part-time: 15 hours or less worked,52,11,41
E01034174,Part-time: 16 to 30 hours worked,58,34,24
E01034175,Full-time: 31 to 48 hours worked,695,83,612
E01034175,Full-time: 49 or more hours worked,145,11,134
E01034175,Part-time: 15 hours or less worked,42,11,31
E01034175,Part-time: 16 to 30 hours worked,68,35,33
E01034176,Full-time: 31 to 48 hours worked,532,399,133
E01034176,Full-time: 49 or more hours worked,95,65,30
E01034176,Part-time: 15 hours or less worked,97,39,58
E01034176,Part-time: 16 to 30 hours worked,187,145,42
E01034177,Full-time: 31 to 48 hours worked,557,0,557
E01034177,Full-time: 49 or more hours worked,92,0,92
E01034177,Part-time: 15 hours or less worked,65,0,65
E01034177,Part-time: 16 to 30 hours worked,120,0,120
E01034178,Full-time: 31 to 48 hours worked,686,0,686
E01034178,Full-time: 49 or more hours worked,215,0,215
E01034178,Part-time: 15 hours or less worked,60,0,60
E01034178,Part-time: 16 to 30 hours worked,93,0,93
E01034179,Full-time: 31 to 48 hours worked,413,214,199
E01034179,Full-time: 49 or more hours worked,135,57,78
E01034179,Part-time: 15 hours or less worked,85,73,12
E01034179,Part-time: 16 to 30 hours worked,109,73,36
E01034180,Full-time: 31 to 48 hours worked,317,348,-31
E01034180,Full-time: 49 or more hours worked,52,70,-18
E01034180,Part-time: 15 hours or less worked,72,56,16
E01034180,Part-time: 16 to 30 hours worked,127,103,24
E01034181,Full-time: 31 to 48 hours worked,753,284,469
E01034181,Full-time: 49 or more hours worked,207,103,104
E01034181,Part-time: 15 hours or less worked,77,11,66
E01034181,Part-time: 16 to 30 hours worked,79,25,54
E01034182,Full-time: 31 to 48 hours worked,616,214,402
E01034182,Full-time: 49 or more hours worked,171,81,90
E01034182,Part-time: 15 hours or less worked,52,13,39
E01034182,Part-time: 16 to 30 hours worked,80,32,48
E01034183,Full-time: 31 to 48 hours worked,589,206,383
E01034183,Full-time: 49 or more hours worked,192,52,140
E01034183,Part-time: 15 hours or less worked,48,26,22
E01034183,Part-time: 16 to 30 hours worked,100,46,54
E01034184,Full-time: 31 to 48 hours worked,500,119,381
E01034184,Full-time: 49 or more hours worked,148,57,91
E01034184,Part-time: 15 hours or less worked,34,10,24
E01034184,Part-time: 16 to 30 hours worked,85,16,69
E01034185,Full-time: 31 to 48 hours worked,480,296,184
E01034185,Full-time: 49 or more hours worked,150,104,46
E01034185,Part-time: 15 hours or less worked,62,30,32
E01034185,Part-time: 16 to 30 hours worked,84,61,23
E01034186,Full-time: 31 to 48 hours worked,726,121,605
E01034186,Full-time: 49 or more hours worked,190,55,135
E01034186,Part-time: 15 hours or less worked,54,11,43
E01034186,Part-time: 16 to 30 hours worked,68,11,57
E01034187,Full-time: 31 to 48 hours worked,525,356,169
E01034187,Full-time: 49 or more hours worked,92,80,12
E01034187,Part-time: 15 hours or less worked,52,33,19
E01034187,Part-time: 16 to 30 hours worked,80,65,15
E01034188,Full-time: 31 to 48 hours worked,558,0,558
E01034188,Full-time: 49 or more hours worked,208,0,208
E01034188,Part-time: 15 hours or less worked,49,0,49
E01034188,Part-time: 16 to 30 hours worked,88,0,88
E01034189,Full-time: 31 to 48 hours worked,597,0,597
E01034189,Full-time: 49 or more hours worked,173,0,173
E01034189,Part-time: 15 hours or less worked,27,0,27
E01034189,Part-time: 16 to 30 hours worked,46,0,46
E01034190,Full-time: 31 to 48 hours worked,483,354,129
E01034190,Full-time: 49 or more hours worked,85,87,-2
E01034190,Part-time: 15 hours or less worked,76,80,-4
E01034190,Part-time: 16 to 30 hours worked,183,140,43
E01034191,Full-time: 31 to 48 hours worked,659,79,580
E01034191,Full-time: 49 or more hours worked,224,14,210
E01034191,Part-time: 15 hours or less worked,60,9,51
E01034191,Part-time: 16 to 30 hours worked,91,30,61
E01034192,Full-time: 31 to 48 hours worked,768,543,225
E01034192,Full-time: 49 or more hours worked,241,202,39
E01034192,Part-time: 15 hours or less worked,108,82,26
E01034192,Part-time: 16 to 30 hours worked,161,142,19
E01034193,Full-time: 31 to 48 hours worked,561,0,561
E01034193,Full-time: 49 or more hours worked,195,0,195
E01034193,Part-time: 15 hours or less worked,66,0,66
E01034193,Part-time: 16 to 30 hours worked,93,0,93
E01034194,Full-time: 31 to 48 hours worked,624,169,455
E01034194,Full-time: 49 or more hours worked,130,62,68
E01034194,Part-time: 15 hours or less worked,51,7,44
E01034194,Part-time: 16 to 30 hours worked,77,20,57
E01034195,Full-time: 31 to 48 hours worked,417,0,417
E01034195,Full-time: 49 or more hours worked,105,0,105
E01034195,Part-time: 15 hours or less worked,47,0,47
E01034195,Part-time: 16 to 30 hours worked,87,0,87
E01034196,Full-time: 31 to 48 hours worked,579,362,217
E01034196,Full-time: 49 or more hours worked,128,129,-1
E01034196,Part-time: 15 hours or less worked,66,30,36
E01034196,Part-time: 16 to 30 hours worked,84,20,64
E01034198,Full-time: 31 to 48 hours worked,745,766,-21
E01034198,Full-time: 49 or more hours worked,116,169,-53
E01034198,Part-time: 15 hours or less worked,136,120,16
E01034198,Part-time: 16 to 30 hours worked,207,217,-10
E01034199,Full-time: 31 to 48 hours worked,522,573,-51
E01034199,Full-time: 49 or more hours worked,94,143,-49
E01034199,Part-time: 15 hours or less worked,113,73,40
E01034199,Part-time: 16 to 30 hours worked,164,150,14
E01034200,Full-time: 31 to 48 hours worked,672,390,282
E01034200,Full-time: 49 or more hours worked,135,89,46
E01034200,Part-time: 15 hours or less worked,63,44,19
E01034200,Part-time: 16 to 30 hours worked,90,92,-2
E01034201,Full-time: 31 to 48 hours worked,361,184,177
E01034201,Full-time: 49 or more hours worked,55,30,25
E01034201,Part-time: 15 hours or less worked,69,34,35
E01034201,Part-time: 16 to 30 hours worked,168,79,89
E01034202,Full-time: 31 to 48 hours worked,433,309,124
E01034202,Full-time: 49 or more hours worked,73,72,1
E01034202,Part-time: 15 hours or less worked,109,45,64
E01034202,Part-time: 16 to 30 hours worked,186,121,65
E01034203,Full-time: 31 to 48 hours worked,523,84,439
E01034203,Full-time: 49 or more hours worked,83,14,69
E01034203,Part-time: 15 hours or less worked,64,27,37
E01034203,Part-time: 16 to 30 hours worked,123,40,83
E01034204,Full-time: 31 to 48 hours worked,431,395,36
E01034204,Full-time: 49 or more hours worked,75,58,17
E01034204,Part-time: 15 hours or less worked,110,116,-6
E01034204,Part-time: 16 to 30 hours worked,216,211,5
E01034205,Full-time: 31 to 48 hours worked,440,467,-27
E01034205,Full-time: 49 or more hours worked,75,86,-11
E01034205,Part-time: 15 hours or less worked,111,42,69
E01034205,Part-time: 16 to 30 hours worked,170,153,17
E01034206,Full-time: 31 to 48 hours worked,581,69,512
E01034206,Full-time: 49 or more hours worked,83,2,81
E01034206,Part-time: 15 hours or less worked,74,12,62
E01034206,Part-time: 16 to 30 hours worked,174,27,147
E01034207,Full-time: 31 to 48 hours worked,737,328,409
E01034207,Full-time: 49 or more hours worked,156,85,71
E01034207,Part-time: 15 hours or less worked,63,33,30
E01034207,Part-time: 16 to 30 hours worked,98,49,49
E01034208,Full-time: 31 to 48 hours worked,403,466,-63
E01034208,Full-time: 49 or more hours worked,57,57,0
E01034208,Part-time: 15 hours or less worked,117,90,27
E01034208,Part-time: 16 to 30 hours worked,181,146,35
E01034209,Full-time: 31 to 48 hours worked,746,210,536
E01034209,Full-time: 49 or more hours worked,158,57,101
E01034209,Part-time: 15 hours or less worked,66,25,41
E01034209,Part-time: 16 to 30 hours worked,76,33,43
E01034210,Full-time: 31 to 48 hours worked,679,355,324
E01034210,Full-time: 49 or more hours worked,168,130,38
E01034210,Part-time: 15 hours or less worked,69,25,44
E01034210,Part-time: 16 to 30 hours worked,98,61,37
E01034211,Full-time: 31 to 48 hours worked,816,146,670
E01034211,Full-time: 49 or more hours worked,212,33,179
E01034211,Part-time: 15 hours or less worked,48,4,44
E01034211,Part-time: 16 to 30 hours worked,80,11,69
E01034212,Full-time: 31 to 48 hours worked,985,1055,-70
E01034212,Full-time: 49 or more hours worked,232,374,-142
E01034212,Part-time: 15 hours or less worked,71,64,7
E01034212,Part-time: 16 to 30 hours worked,69,93,-24
E01034213,Full-time: 31 to 48 hours worked,646,0,646
E01034213,Full-time: 49 or more hours worked,213,0,213
E01034213,Part-time: 15 hours or less worked,56,0,56
E01034213,Part-time: 16 to 30 hours worked,124,0,124
E01034214,Full-time: 31 to 48 hours worked,763,0,763
E01034214,Full-time: 49 or more hours worked,209,0,209
E01034214,Part-time: 15 hours or less worked,46,0,46
E01034214,Part-time: 16 to 30 hours worked,72,0,72
E01034215,Full-time: 31 to 48 hours worked,680,0,680
E01034215,Full-time: 49 or more hours worked,164,0,164
E01034215,Part-time: 15 hours or less worked,49,0,49
E01034215,Part-time: 16 to 30 hours worked,94,0,94
E01034216,Full-time: 31 to 48 hours worked,825,0,825
E01034216,Full-time: 49 or more hours worked,163,0,163
E01034216,Part-time: 15 hours or less worked,63,0,63
E01034216,Part-time: 16 to 30 hours worked,104,0,104
E01034217,Full-time: 31 to 48 hours worked,753,0,753
E01034217,Full-time: 49 or more hours worked,234,0,234
E01034217,Part-time: 15 hours or less worked,86,0,86
E01034217,Part-time: 16 to 30 hours worked,95,0,95
E01034218,Full-time: 31 to 48 hours worked,599,286,313
E01034218,Full-time: 49 or more hours worked,113,63,50
E01034218,Part-time: 15 hours or less worked,105,58,47
E01034218,Part-time: 16 to 30 hours worked,145,136,9
E01034219,Full-time: 31 to 48 hours worked,713,0,713
E01034219,Full-time: 49 or more hours worked,216,0,216
E01034219,Part-time: 15 hours or less worked,72,0,72
E01034219,Part-time: 16 to 30 hours worked,99,0,99
E01034220,Full-time: 31 to 48 hours worked,586,65,521
E01034220,Full-time: 49 or more hours worked,195,20,175
E01034220,Part-time: 15 hours or less worked,42,5,37
E01034220,Part-time: 16 to 30 hours worked,48,7,41
E01034221,Full-time: 31 to 48 hours worked,592,686,-94
E01034221,Full-time: 49 or more hours worked,132,126,6
E01034221,Part-time: 15 hours or less worked,78,76,2
E01034221,Part-time: 16 to 30 hours worked,134,147,-13
E01034222,Full-time: 31 to 48 hours worked,660,257,403
E01034222,Full-time: 49 or more hours worked,104,62,42
E01034222,Part-time: 15 hours or less worked,69,30,39
E01034222,Part-time: 16 to 30 hours worked,123,52,71
E01034223,Full-time: 31 to 48 hours worked,671,189,482
E01034223,Full-time: 49 or more hours worked,126,58,68
E01034223,Part-time: 15 hours or less worked,51,24,27
E01034223,Part-time: 16 to 30 hours worked,101,64,37
E01034224,Full-time: 31 to 48 hours worked,517,372,145
E01034224,Full-time: 49 or more hours worked,70,82,-12
E01034224,Part-time: 15 hours or less worked,79,47,32
E01034224,Part-time: 16 to 30 hours worked,176,116,60
E01034225,Full-time: 31 to 48 hours worked,495,313,182
E01034225,Full-time: 49 or more hours worked,105,70,35
E01034225,Part-time: 15 hours or less worked,63,31,32
E01034225,Part-time: 16 to 30 hours worked,138,81,57
E01034226,Full-time: 31 to 48 hours worked,582,144,438
E01034226,Full-time: 49 or more hours worked,134,42,92
E01034226,Part-time: 15 hours or less worked,58,8,50
E01034226,Part-time: 16 to 30 hours worked,117,15,102
E01034227,Full-time: 31 to 48 hours worked,520,0,520
E01034227,Full-time: 49 or more hours worked,65,0,65
E01034227,Part-time: 15 hours or less worked,58,0,58
E01034227,Part-time: 16 to 30 hours worked,141,0,141
E01034228,Full-time: 31 to 48 hours worked,684,179,505
E01034228,Full-time: 49 or more hours worked,171,73,98
E01034228,Part-time: 15 hours or less worked,56,10,46
E01034228,Part-time: 16 to 30 hours worked,68,22,46
E01034229,Full-time: 31 to 48 hours worked,603,310,293
E01034229,Full-time: 49 or more hours worked,153,66,87
E01034229,Part-time: 15 hours or less worked,72,30,42
E01034229,Part-time: 16 to 30 hours worked,105,76,29
E01034230,Full-time: 31 to 48 hours worked,706,0,706
E01034230,Full-time: 49 or more hours worked,193,0,193
E01034230,Part-time: 15 hours or less worked,48,0,48
E01034230,Part-time: 16 to 30 hours worked,49,0,49
E01034231,Full-time: 31 to 48 hours worked,660,77,583
E01034231,Full-time: 49 or more hours worked,211,29,182
E01034231,Part-time: 15 hours or less worked,46,1,45
E01034231,Part-time: 16 to 30 hours worked,62,10,52
E01034383,Full-time: 31 to 48 hours worked,501,387,114
E01034383,Full-time: 49 or more hours worked,70,65,5
E01034383,Part-time: 15 hours or less worked,72,53,19
E01034383,Part-time: 16 to 30 hours worked,113,127,-14
E01034384,Full-time: 31 to 48 hours worked,524,221,303
E01034384,Full-time: 49 or more hours worked,113,37,76
E01034384,Part-time: 15 hours or less worked,52,22,30
E01034384,Part-time: 16 to 30 hours worked,111,54,57
E01034385,Full-time: 31 to 48 hours worked,437,352,85
E01034385,Full-time: 49 or more hours worked,98,126,-28
E01034385,Part-time: 15 hours or less worked,85,55,30
E01034385,Part-time: 16 to 30 hours worked,126,99,27
E01034386,Full-time: 31 to 48 hours worked,622,172,450
E01034386,Full-time: 49 or more hours worked,89,32,57
E01034386,Part-time: 15 hours or less worked,40,17,23
E01034386,Part-time: 16 to 30 hours worked,79,42,37
E01034387,Full-time: 31 to 48 hours worked,837,212,625
E01034387,Full-time: 49 or more hours worked,251,73,178
E01034387,Part-time: 15 hours or less worked,56,23,33
E01034387,Part-time: 16 to 30 hours worked,74,23,51
E01034388,Full-time: 31 to 48 hours worked,606,89,517
E01034388,Full-time: 49 or more hours worked,143,38,105
E01034388,Part-time: 15 hours or less worked,47,11,36
E01034388,Part-time: 16 to 30 hours worked,74,15,59
E01034389,Full-time: 31 to 48 hours worked,573,234,339
E01034389,Full-time: 49 or more hours worked,101,66,35
E01034389,Part-time: 15 hours or less worked,75,38,37
E01034389,Part-time: 16 to 30 hours worked,137,83,54
E01034390,Full-time: 31 to 48 hours worked,624,61,563
E01034390,Full-time: 49 or more hours worked,118,11,107
E01034390,Part-time: 15 hours or less worked,60,12,48
E01034390,Part-time: 16 to 30 hours worked,118,38,80
E01034391,Full-time: 31 to 48 hours worked,555,482,73
E01034391,Full-time: 49 or more hours worked,97,86,11
E01034391,Part-time: 15 hours or less worked,72,55,17
E01034391,Part-time: 16 to 30 hours worked,138,134,4
E01034392,Full-time: 31 to 48 hours worked,511,392,119
E01034392,Full-time: 49 or more hours worked,84,72,12
E01034392,Part-time: 15 hours or less worked,100,45,55
E01034392,Part-time: 16 to 30 hours worked,145,86,59
E01034393,Full-time: 31 to 48 hours worked,665,204,461
E01034393,Full-time: 49 or more hours worked,138,40,98
E01034393,Part-time: 15 hours or less worked,46,18,28
E01034393,Part-time: 16 to 30 hours worked,54,22,32
E01034394,Full-time: 31 to 48 hours worked,733,77,656
E01034394,Full-time: 49 or more hours worked,124,14,110
E01034394,Part-time: 15 hours or less worked,47,7,40
E01034394,Part-time: 16 to 30 hours worked,64,13,51
E01034395,Full-time: 31 to 48 hours worked,554,118,436
E01034395,Full-time: 49 or more hours worked,73,17,56
E01034395,Part-time: 15 hours or less worked,66,12,54
E01034395,Part-time: 16 to 30 hours worked,164,38,126
E01034469,Full-time: 31 to 48 hours worked,527,80,447
E01034469,Full-time: 49 or more hours worked,59,8,51
E01034469,Part-time: 15 hours or less worked,80,16,64
E01034469,Part-time: 16 to 30 hours worked,128,26,102
E01034470,Full-time: 31 to 48 hours worked,391,355,36
E01034470,Full-time: 49 or more hours worked,60,74,-14
E01034470,Part-time: 15 hours or less worked,73,64,9
E01034470,Part-time: 16 to 30 hours worked,157,117,40
E01034471,Full-time: 31 to 48 hours worked,629,219,410
E01034471,Full-time: 49 or more hours worked,118,54,64
E01034471,Part-time: 15 hours or less worked,112,34,78
E01034471,Part-time: 16 to 30 hours worked,257,66,191
E01034472,Full-time: 31 to 48 hours worked,439,100,339
E01034472,Full-time: 49 or more hours worked,64,18,46
E01034472,Part-time: 15 hours or less worked,79,10,69
E01034472,Part-time: 16 to 30 hours worked,228,20,208
E01034473,Full-time: 31 to 48 hours worked,324,270,54
E01034473,Full-time: 49 or more hours worked,50,41,9
E01034473,Part-time: 15 hours or less worked,64,34,30
E01034473,Part-time: 16 to 30 hours worked,106,85,21
E01034474,Full-time: 31 to 48 hours worked,706,606,100
E01034474,Full-time: 49 or more hours worked,84,77,7
E01034474,Part-time: 15 hours or less worked,114,75,39
E01034474,Part-time: 16 to 30 hours worked,167,139,28
E01034475,Full-time: 31 to 48 hours worked,450,361,89
E01034475,Full-time: 49 or more hours worked,70,42,28
E01034475,Part-time: 15 hours or less worked,86,60,26
E01034475,Part-time: 16 to 30 hours worked,154,110,44
E01034476,Full-time: 31 to 48 hours worked,461,160,301
E01034476,Full-time: 49 or more hours worked,71,19,52
E01034476,Part-time: 15 hours or less worked,92,22,70
E01034476,Part-time: 16 to 30 hours worked,158,47,111
E01034477,Full-time: 31 to 48 hours worked,471,150,321
E01034477,Full-time: 49 or more hours worked,65,25,40
E01034477,Part-time: 15 hours or less worked,53,19,34
E01034477,Part-time: 16 to 30 hours worked,190,41,149
E01034478,Full-time: 31 to 48 hours worked,498,0,498
E01034478,Full-time: 49 or more hours worked,68,0,68
E01034478,Part-time: 15 hours or less worked,50,0,50
E01034478,Part-time: 16 to 30 hours worked,93,0,93
E01034479,Full-time: 31 to 48 hours worked,458,655,-197
E01034479,Full-time: 49 or more hours worked,70,93,-23
E01034479,Part-time: 15 hours or less worked,119,109,10
E01034479,Part-time: 16 to 30 hours worked,214,291,-77
E01034480,Full-time: 31 to 48 hours worked,289,416,-127
E01034480,Full-time: 49 or more hours worked,39,68,-29
E01034480,Part-time: 15 hours or less worked,66,59,7
E01034480,Part-time: 16 to 30 hours worked,131,125,6
E01034481,Full-time: 31 to 48 hours worked,329,311,18
E01034481,Full-time: 49 or more hours worked,43,30,13
E01034481,Part-time: 15 hours or less worked,89,43,46
E01034481,Part-time: 16 to 30 hours worked,129,115,14
E01034482,Full-time: 31 to 48 hours worked,410,149,261
E01034482,Full-time: 49 or more hours worked,35,20,15
E01034482,Part-time: 15 hours or less worked,45,8,37
E01034482,Part-time: 16 to 30 hours worked,70,20,50
E01034483,Full-time: 31 to 48 hours worked,358,141,217
E01034483,Full-time: 49 or more hours worked,36,13,23
E01034483,Part-time: 15 hours or less worked,70,19,51
E01034483,Part-time: 16 to 30 hours worked,114,32,82
E01034484,Full-time: 31 to 48 hours worked,397,293,104
E01034484,Full-time: 49 or more hours worked,48,53,-5
E01034484,Part-time: 15 hours or less worked,90,74,16
E01034484,Part-time: 16 to 30 hours worked,149,163,-14
E01034485,Full-time: 31 to 48 hours worked,758,725,33
E01034485,Full-time: 49 or more hours worked,112,110,2
E01034485,Part-time: 15 hours or less worked,101,107,-6
E01034485,Part-time: 16 to 30 hours worked,195,213,-18
E01034486,Full-time: 31 to 48 hours worked,877,0,877
E01034486,Full-time: 49 or more hours worked,175,0,175
E01034486,Part-time: 15 hours or less worked,69,0,69
E01034486,Part-time: 16 to 30 hours worked,87,0,87
E01034487,Full-time: 31 to 48 hours worked,300,142,158
E01034487,Full-time: 49 or more hours worked,49,16,33
E01034487,Part-time: 15 hours or less worked,68,33,35
E01034487,Part-time: 16 to 30 hours worked,133,111,22
E01034488,Full-time: 31 to 48 hours worked,369,303,66
E01034488,Full-time: 49 or more hours worked,53,33,20
E01034488,Part-time: 15 hours or less worked,88,60,28
E01034488,Part-time: 16 to 30 hours worked,180,164,16
E01034576,Full-time: 31 to 48 hours worked,426,237,189
E01034576,Full-time: 49 or more hours worked,95,90,5
E01034576,Part-time: 15 hours or less worked,75,20,55
E01034576,Part-time: 16 to 30 hours worked,69,35,34
E01034577,Full-time: 31 to 48 hours worked,487,252,235
E01034577,Full-time: 49 or more hours worked,94,88,6
E01034577,Part-time: 15 hours or less worked,72,36,36
E01034577,Part-time: 16 to 30 hours worked,78,56,22
E01034578,Full-time: 31 to 48 hours worked,314,344,-30
E01034578,Full-time: 49 or more hours worked,73,98,-25
E01034578,Part-time: 15 hours or less worked,57,34,23
E01034578,Part-time: 16 to 30 hours worked,86,65,21
E01034579,Full-time: 31 to 48 hours worked,778,579,199
E01034579,Full-time: 49 or more hours worked,186,155,31
E01034579,Part-time: 15 hours or less worked,71,34,37
E01034579,Part-time: 16 to 30 hours worked,133,91,42
E01034580,Full-time: 31 to 48 hours worked,574,364,210
E01034580,Full-time: 49 or more hours worked,119,61,58
E01034580,Part-time: 15 hours or less worked,69,45,24
E01034580,Part-time: 16 to 30 hours worked,95,99,-4
E01034581,Full-time: 31 to 48 hours worked,707,627,80
E01034581,Full-time: 49 or more hours worked,118,153,-35
E01034581,Part-time: 15 hours or less worked,85,42,43
E01034581,Part-time: 16 to 30 hours worked,103,75,28
E01034589,Full-time: 31 to 48 hours worked,540,513,27
E01034589,Full-time: 49 or more hours worked,119,155,-36
E01034589,Part-time: 15 hours or less worked,130,128,2
E01034589,Part-time: 16 to 30 hours worked,179,191,-12
E01034590,Full-time: 31 to 48 hours worked,499,0,499
E01034590,Full-time: 49 or more hours worked,119,0,119
E01034590,Part-time: 15 hours or less worked,58,0,58
E01034590,Part-time: 16 to 30 hours worked,92,0,92
E01034591,Full-time: 31 to 48 hours worked,515,275,240
E01034591,Full-time: 49 or more hours worked,94,37,57
E01034591,Part-time: 15 hours or less worked,89,44,45
E01034591,Part-time: 16 to 30 hours worked,206,75,131
E01034592,Full-time: 31 to 48 hours worked,270,318,-48
E01034592,Full-time: 49 or more hours worked,50,33,17
E01034592,Part-time: 15 hours or less worked,64,40,24
E01034592,Part-time: 16 to 30 hours worked,87,104,-17
E01034593,Full-time: 31 to 48 hours worked,426,407,19
E01034593,Full-time: 49 or more hours worked,76,73,3
E01034593,Part-time: 15 hours or less worked,78,51,27
E01034593,Part-time: 16 to 30 hours worked,122,111,11
E01034594,Full-time: 31 to 48 hours worked,543,215,328
E01034594,Full-time: 49 or more hours worked,83,42,41
E01034594,Part-time: 15 hours or less worked,80,38,42
E01034594,Part-time: 16 to 30 hours worked,124,76,48
E01034595,Full-time: 31 to 48 hours worked,440,456,-16
E01034595,Full-time: 49 or more hours worked,64,79,-15
E01034595,Part-time: 15 hours or less worked,63,51,12
E01034595,Part-time: 16 to 30 hours worked,117,86,31
E01034596,Full-time: 31 to 48 hours worked,555,269,286
E01034596,Full-time: 49 or more hours worked,83,42,41
E01034596,Part-time: 15 hours or less worked,43,16,27
E01034596,Part-time: 16 to 30 hours worked,83,33,50
E01034597,Full-time: 31 to 48 hours worked,458,276,182
E01034597,Full-time: 49 or more hours worked,70,52,18
E01034597,Part-time: 15 hours or less worked,57,36,21
E01034597,Part-time: 16 to 30 hours worked,86,58,28
E01034598,Full-time: 31 to 48 hours worked,624,0,624
E01034598,Full-time: 49 or more hours worked,95,0,95
E01034598,Part-time: 15 hours or less worked,47,0,47
E01034598,Part-time: 16 to 30 hours worked,72,0,72
E01034599,Full-time: 31 to 48 hours worked,440,494,-54
E01034599,Full-time: 49 or more hours worked,74,76,-2
E01034599,Part-time: 15 hours or less worked,88,85,3
E01034599,Part-time: 16 to 30 hours worked,171,151,20
E01034600,Full-time: 31 to 48 hours worked,581,369,212
E01034600,Full-time: 49 or more hours worked,90,64,26
E01034600,Part-time: 15 hours or less worked,116,45,71
E01034600,Part-time: 16 to 30 hours worked,175,107,68
E01034601,Full-time: 31 to 48 hours worked,444,344,100
E01034601,Full-time: 49 or more hours worked,64,60,4
E01034601,Part-time: 15 hours or less worked,78,49,29
E01034601,Part-time: 16 to 30 hours worked,113,90,23
E01034602,Full-time: 31 to 48 hours worked,500,188,312
E01034602,Full-time: 49 or more hours worked,86,52,34
E01034602,Part-time: 15 hours or less worked,67,14,53
E01034602,Part-time: 16 to 30 hours worked,101,40,61
E01034603,Full-time: 31 to 48 hours worked,562,58,504
E01034603,Full-time: 49 or more hours worked,95,41,54
E01034603,Part-time: 15 hours or less worked,62,5,57
E01034603,Part-time: 16 to 30 hours worked,84,15,69
E01034604,Full-time: 31 to 48 hours worked,410,408,2
E01034604,Full-time: 49 or more hours worked,63,76,-13
E01034604,Part-time: 15 hours or less worked,74,93,-19
E01034604,Part-time: 16 to 30 hours worked,108,84,24
E01034605,Full-time: 31 to 48 hours worked,554,210,344
E01034605,Full-time: 49 or more hours worked,91,48,43
E01034605,Part-time: 15 hours or less worked,71,32,39
E01034605,Part-time: 16 to 30 hours worked,106,54,52
E01034606,Full-time: 31 to 48 hours worked,368,393,-25
E01034606,Full-time: 49 or more hours worked,75,75,0
E01034606,Part-time: 15 hours or less worked,188,284,-96
E01034606,Part-time: 16 to 30 hours worked,151,132,19
E01034607,Full-time: 31 to 48 hours worked,397,401,-4
E01034607,Full-time: 49 or more hours worked,84,76,8
E01034607,Part-time: 15 hours or less worked,146,283,-137
E01034607,Part-time: 16 to 30 hours worked,172,181,-9
E01034608,Full-time: 31 to 48 hours worked,849,534,315
E01034608,Full-time: 49 or more hours worked,118,97,21
E01034608,Part-time: 15 hours or less worked,84,39,45
E01034608,Part-time: 16 to 30 hours worked,174,102,72
E01034609,Full-time: 31 to 48 hours worked,639,362,277
E01034609,Full-time: 49 or more hours worked,85,65,20
E01034609,Part-time: 15 hours or less worked,83,37,46
E01034609,Part-time: 16 to 30 hours worked,143,77,66
E01034610,Full-time: 31 to 48 hours worked,440,386,54
E01034610,Full-time: 49 or more hours worked,65,80,-15
E01034610,Part-time: 15 hours or less worked,70,54,16
E01034610,Part-time: 16 to 30 hours worked,142,127,15
E01034611,Full-time: 31 to 48 hours worked,339,202,137
E01034611,Full-time: 49 or more hours worked,33,21,12
E01034611,Part-time: 15 hours or less worked,40,19,21
E01034611,Part-time: 16 to 30 hours worked,125,39,86
E01034612,Full-time: 31 to 48 hours worked,554,470,84
E01034612,Full-time: 49 or more hours worked,70,72,-2
E01034612,Part-time: 15 hours or less worked,101,72,29
E01034612,Part-time: 16 to 30 hours worked,186,132,54
E01034613,Full-time: 31 to 48 hours worked,418,82,336
E01034613,Full-time: 49 or more hours worked,61,8,53
E01034613,Part-time: 15 hours or less worked,55,20,35
E01034613,Part-time: 16 to 30 hours worked,67,31,36
E01034614,Full-time: 31 to 48 hours worked,668,419,249
E01034614,Full-time: 49 or more hours worked,94,70,24
E01034614,Part-time: 15 hours or less worked,76,28,48
E01034614,Part-time: 16 to 30 hours worked,122,80,42
E01034615,Full-time: 31 to 48 hours worked,676,293,383
E01034615,Full-time: 49 or more hours worked,90,47,43
E01034615,Part-time: 15 hours or less worked,97,29,68
E01034615,Part-time: 16 to 30 hours worked,185,88,97
E01034616,Full-time: 31 to 48 hours worked,550,128,422
E01034616,Full-time: 49 or more hours worked,74,21,53
E01034616,Part-time: 15 hours or less worked,79,18,61
E01034616,Part-time: 16 to 30 hours worked,101,41,60
E01034617,Full-time: 31 to 48 hours worked,691,521,170
E01034617,Full-time: 49 or more hours worked,89,55,34
E01034617,Part-time: 15 hours or less worked,119,80,39
E01034617,Part-time: 16 to 30 hours worked,226,166,60
E01035484,Full-time: 31 to 48 hours worked,435,420,15
E01035484,Full-time: 49 or more hours worked,109,115,-6
E01035484,Part-time: 15 hours or less worked,88,55,33
E01035484,Part-time: 16 to 30 hours worked,116,85,31
E01035485,Full-time: 31 to 48 hours worked,400,354,46
E01035485,Full-time: 49 or more hours worked,89,44,45
E01035485,Part-time: 15 hours or less worked,47,39,8
E01035485,Part-time: 16 to 30 hours worked,73,72,1
E01035486,Full-time: 31 to 48 hours worked,553,163,390
E01035486,Full-time: 49 or more hours worked,181,100,81
E01035486,Part-time: 15 hours or less worked,102,49,53
E01035486,Part-time: 16 to 30 hours worked,115,69,46
E01035487,Full-time: 31 to 48 hours worked,460,381,79
E01035487,Full-time: 49 or more hours worked,171,142,29
E01035487,Part-time: 15 hours or less worked,68,43,25
E01035487,Part-time: 16 to 30 hours worked,128,87,41
E01035488,Full-time: 31 to 48 hours worked,636,385,251
E01035488,Full-time: 49 or more hours worked,259,253,6
E01035488,Part-time: 15 hours or less worked,69,29,40
E01035488,Part-time: 16 to 30 hours worked,90,57,33
E01035489,Full-time: 31 to 48 hours worked,580,99,481
E01035489,Full-time: 49 or more hours worked,205,59,146
E01035489,Part-time: 15 hours or less worked,56,3,53
E01035489,Part-time: 16 to 30 hours worked,64,15,49
E01035490,Full-time: 31 to 48 hours worked,583,445,138
E01035490,Full-time: 49 or more hours worked,253,289,-36
E01035490,Part-time: 15 hours or less worked,80,49,31
E01035490,Part-time: 16 to 30 hours worked,120,74,46
E01035491,Full-time: 31 to 48 hours worked,646,629,17
E01035491,Full-time: 49 or more hours worked,205,326,-121
E01035491,Part-time: 15 hours or less worked,47,42,5
E01035491,Part-time: 16 to 30 hours worked,53,41,12
E01035492,Full-time: 31 to 48 hours worked,853,158,695
E01035492,Full-time: 49 or more hours worked,245,59,186
E01035492,Part-time: 15 hours or less worked,44,7,37
E01035492,Part-time: 16 to 30 hours worked,93,10,83
E01035493,Full-time: 31 to 48 hours worked,710,397,313
E01035493,Full-time: 49 or more hours worked,209,128,81
E01035493,Part-time: 15 hours or less worked,61,27,34
E01035493,Part-time: 16 to 30 hours worked,106,49,57
E01035494,Full-time: 31 to 48 hours worked,1000,387,613
E01035494,Full-time: 49 or more hours worked,259,103,156
E01035494,Part-time: 15 hours or less worked,72,20,52
E01035494,Part-time: 16 to 30 hours worked,99,44,55
E01035495,Full-time: 31 to 48 hours worked,311,282,29
E01035495,Full-time: 49 or more hours worked,39,51,-12
E01035495,Part-time: 15 hours or less worked,86,49,37
E01035495,Part-time: 16 to 30 hours worked,127,117,10
E01035496,Full-time: 31 to 48 hours worked,374,138,236
E01035496,Full-time: 49 or more hours worked,243,74,169
E01035496,Part-time: 15 hours or less worked,53,14,39
E01035496,Part-time: 16 to 30 hours worked,50,30,20
E01035497,Full-time: 31 to 48 hours worked,503,0,503
E01035497,Full-time: 49 or more hours worked,157,0,157
E01035497,Part-time: 15 hours or less worked,69,0,69
E01035497,Part-time: 16 to 30 hours worked,90,0,90
E01035498,Full-time: 31 to 48 hours worked,502,0,502
E01035498,Full-time: 49 or more hours worked,236,0,236
E01035498,Part-time: 15 hours or less worked,47,0,47
E01035498,Part-time: 16 to 30 hours worked,63,0,63
E01035499,Full-time: 31 to 48 hours worked,434,416,18
E01035499,Full-time: 49 or more hours worked,83,74,9
E01035499,Part-time: 15 hours or less worked,74,50,24
E01035499,Part-time: 16 to 30 hours worked,136,101,35
E01035638,Full-time: 31 to 48 hours worked,678,207,471
E01035638,Full-time: 49 or more hours worked,178,25,153
E01035638,Part-time: 15 hours or less worked,80,26,54
E01035638,Part-time: 16 to 30 hours worked,106,84,22
E01035639,Full-time: 31 to 48 hours worked,605,183,422
E01035639,Full-time: 49 or more hours worked,141,33,108
E01035639,Part-time: 15 hours or less worked,67,33,34
E01035639,Part-time: 16 to 30 hours worked,132,59,73
E01035640,Full-time: 31 to 48 hours worked,463,545,-82
E01035640,Full-time: 49 or more hours worked,134,176,-42
E01035640,Part-time: 15 hours or less worked,88,69,19
E01035640,Part-time: 16 to 30 hours worked,125,130,-5
E01035641,Full-time: 31 to 48 hours worked,598,293,305
E01035641,Full-time: 49 or more hours worked,156,102,54
E01035641,Part-time: 15 hours or less worked,64,34,30
E01035641,Part-time: 16 to 30 hours worked,112,57,55
E01035642,Full-time: 31 to 48 hours worked,716,408,308
E01035642,Full-time: 49 or more hours worked,240,151,89
E01035642,Part-time: 15 hours or less worked,81,44,37
E01035642,Part-time: 16 to 30 hours worked,135,51,84
E01035643,Full-time: 31 to 48 hours worked,590,534,56
E01035643,Full-time: 49 or more hours worked,188,200,-12
E01035643,Part-time: 15 hours or less worked,94,63,31
E01035643,Part-time: 16 to 30 hours worked,117,103,14
E01035644,Full-time: 31 to 48 hours worked,508,317,191
E01035644,Full-time: 49 or more hours worked,212,170,42
E01035644,Part-time: 15 hours or less worked,51,17,34
E01035644,Part-time: 16 to 30 hours worked,92,29,63
E01035645,Full-time: 31 to 48 hours worked,383,375,8
E01035645,Full-time: 49 or more hours worked,102,67,35
E01035645,Part-time: 15 hours or less worked,93,62,31
E01035645,Part-time: 16 to 30 hours worked,119,106,13
E01035646,Full-time: 31 to 48 hours worked,528,476,52
E01035646,Full-time: 49 or more hours worked,175,172,3
E01035646,Part-time: 15 hours or less worked,72,56,16
E01035646,Part-time: 16 to 30 hours worked,117,119,-2
E01035647,Full-time: 31 to 48 hours worked,448,297,151
E01035647,Full-time: 49 or more hours worked,293,181,112
E01035647,Part-time: 15 hours or less worked,47,20,27
E01035647,Part-time: 16 to 30 hours worked,60,35,25
E01035648,Full-time: 31 to 48 hours worked,444,477,-33
E01035648,Full-time: 49 or more hours worked,103,118,-15
E01035648,Part-time: 15 hours or less worked,60,62,-2
E01035648,Part-time: 16 to 30 hours worked,139,110,29
E01035649,Full-time: 31 to 48 hours worked,477,206,271
E01035649,Full-time: 49 or more hours worked,228,144,84
E01035649,Part-time: 15 hours or less worked,50,28,22
E01035649,Part-time: 16 to 30 hours worked,108,52,56
E01035650,Full-time: 31 to 48 hours worked,657,749,-92
E01035650,Full-time: 49 or more hours worked,123,221,-98
E01035650,Part-time: 15 hours or less worked,111,117,-6
E01035650,Part-time: 16 to 30 hours worked,138,204,-66
E01035651,Full-time: 31 to 48 hours worked,585,397,188
E01035651,Full-time: 49 or more hours worked,122,117,5
E01035651,Part-time: 15 hours or less worked,87,52,35
E01035651,Part-time: 16 to 30 hours worked,126,89,37
E01035652,Full-time: 31 to 48 hours worked,537,352,185
E01035652,Full-time: 49 or more hours worked,121,79,42
E01035652,Part-time: 15 hours or less worked,97,52,45
E01035652,Part-time: 16 to 30 hours worked,96,85,11
E01035653,Full-time: 31 to 48 hours worked,761,623,138
E01035653,Full-time: 49 or more hours worked,220,214,6
E01035653,Part-time: 15 hours or less worked,46,19,27
E01035653,Part-time: 16 to 30 hours worked,55,35,20
E01035654,Full-time: 31 to 48 hours worked,372,82,290
E01035654,Full-time: 49 or more hours worked,83,34,49
E01035654,Part-time: 15 hours or less worked,52,4,48
E01035654,Part-time: 16 to 30 hours worked,93,11,82
E01035655,Full-time: 31 to 48 hours worked,494,446,48
E01035655,Full-time: 49 or more hours worked,185,289,-104
E01035655,Part-time: 15 hours or less worked,66,56,10
E01035655,Part-time: 16 to 30 hours worked,145,87,58
E01035656,Full-time: 31 to 48 hours worked,459,106,353
E01035656,Full-time: 49 or more hours worked,261,93,168
E01035656,Part-time: 15 hours or less worked,76,15,61
E01035656,Part-time: 16 to 30 hours worked,64,25,39
E01035657,Full-time: 31 to 48 hours worked,560,181,379
E01035657,Full-time: 49 or more hours worked,168,66,102
E01035657,Part-time: 15 hours or less worked,48,9,39
E01035657,Part-time: 16 to 30 hours worked,67,34,33
E01035658,Full-time: 31 to 48 hours worked,611,0,611
E01035658,Full-time: 49 or more hours worked,164,0,164
E01035658,Part-time: 15 hours or less worked,34,0,34
E01035658,Part-time: 16 to 30 hours worked,51,0,51
E01035659,Full-time: 31 to 48 hours worked,482,394,88
E01035659,Full-time: 49 or more hours worked,80,94,-14
E01035659,Part-time: 15 hours or less worked,76,60,16
E01035659,Part-time: 16 to 30 hours worked,127,112,15
E01035660,Full-time: 31 to 48 hours worked,464,344,120
E01035660,Full-time: 49 or more hours worked,101,93,8
E01035660,Part-time: 15 hours or less worked,73,61,12
E01035660,Part-time: 16 to 30 hours worked,134,129,5
E01035661,Full-time: 31 to 48 hours worked,394,343,51
E01035661,Full-time: 49 or more hours worked,109,79,30
E01035661,Part-time: 15 hours or less worked,70,39,31
E01035661,Part-time: 16 to 30 hours worked,119,108,11
E01035662,Full-time: 31 to 48 hours worked,649,584,65
E01035662,Full-time: 49 or more hours worked,181,238,-57
E01035662,Part-time: 15 hours or less worked,56,28,28
E01035662,Part-time: 16 to 30 hours worked,65,57,8
E01035663,Full-time: 31 to 48 hours worked,483,449,34
E01035663,Full-time: 49 or more hours worked,97,151,-54
E01035663,Part-time: 15 hours or less worked,68,30,38
E01035663,Part-time: 16 to 30 hours worked,99,85,14
E01035664,Full-time: 31 to 48 hours worked,732,722,10
E01035664,Full-time: 49 or more hours worked,252,264,-12
E01035664,Part-time: 15 hours or less worked,122,107,15
E01035664,Part-time: 16 to 30 hours worked,202,243,-41
E01035665,Full-time: 31 to 48 hours worked,671,100,571
E01035665,Full-time: 49 or more hours worked,152,23,129
E01035665,Part-time: 15 hours or less worked,68,9,59
E01035665,Part-time: 16 to 30 hours worked,68,21,47
E01035666,Full-time: 31 to 48 hours worked,620,181,439
E01035666,Full-time: 49 or more hours worked,98,40,58
E01035666,Part-time: 15 hours or less worked,112,19,93
E01035666,Part-time: 16 to 30 hours worked,188,53,135
E01035667,Full-time: 31 to 48 hours worked,503,440,63
E01035667,Full-time: 49 or more hours worked,70,71,-1
E01035667,Part-time: 15 hours or less worked,109,60,49
E01035667,Part-time: 16 to 30 hours worked,170,166,4
E01035668,Full-time: 31 to 48 hours worked,740,625,115
E01035668,Full-time: 49 or more hours worked,206,289,-83
E01035668,Part-time: 15 hours or less worked,108,72,36
E01035668,Part-time: 16 to 30 hours worked,140,139,1
E01035669,Full-time: 31 to 48 hours worked,486,326,160
E01035669,Full-time: 49 or more hours worked,227,162,65
E01035669,Part-time: 15 hours or less worked,77,25,52
E01035669,Part-time: 16 to 30 hours worked,88,64,24
E01035670,Full-time: 31 to 48 hours worked,583,443,140
E01035670,Full-time: 49 or more hours worked,78,84,-6
E01035670,Part-time: 15 hours or less worked,273,351,-78
E01035670,Part-time: 16 to 30 hours worked,314,333,-19
E01035671,Full-time: 31 to 48 hours worked,769,0,769
E01035671,Full-time: 49 or more hours worked,219,0,219
E01035671,Part-time: 15 hours or less worked,104,0,104
E01035671,Part-time: 16 to 30 hours worked,139,0,139
E01035672,Full-time: 31 to 48 hours worked,654,535,119
E01035672,Full-time: 49 or more hours worked,106,116,-10
E01035672,Part-time: 15 hours or less worked,134,87,47
E01035672,Part-time: 16 to 30 hours worked,291,204,87
E01035673,Full-time: 31 to 48 hours worked,395,0,395
E01035673,Full-time: 49 or more hours worked,78,0,78
E01035673,Part-time: 15 hours or less worked,54,0,54
E01035673,Part-time: 16 to 30 hours worked,77,0,77
E01035674,Full-time: 31 to 48 hours worked,433,176,257
E01035674,Full-time: 49 or more hours worked,120,42,78
E01035674,Part-time: 15 hours or less worked,51,24,27
E01035674,Part-time: 16 to 30 hours worked,107,56,51
E01035675,Full-time: 31 to 48 hours worked,451,256,195
E01035675,Full-time: 49 or more hours worked,93,48,45
E01035675,Part-time: 15 hours or less worked,74,58,16
E01035675,Part-time: 16 to 30 hours worked,160,139,21
E01035676,Full-time: 31 to 48 hours worked,300,186,114
E01035676,Full-time: 49 or more hours worked,65,33,32
E01035676,Part-time: 15 hours or less worked,68,68,0
E01035676,Part-time: 16 to 30 hours worked,140,111,29
E01035677,Full-time: 31 to 48 hours worked,459,115,344
E01035677,Full-time: 49 or more hours worked,115,20,95
E01035677,Part-time: 15 hours or less worked,84,21,63
E01035677,Part-time: 16 to 30 hours worked,107,57,50
E01035678,Full-time: 31 to 48 hours worked,608,220,388
E01035678,Full-time: 49 or more hours worked,126,61,65
E01035678,Part-time: 15 hours or less worked,94,27,67
E01035678,Part-time: 16 to 30 hours worked,149,67,82
E01035679,Full-time: 31 to 48 hours worked,486,341,145
E01035679,Full-time: 49 or more hours worked,97,69,28
E01035679,Part-time: 15 hours or less worked,79,36,43
E01035679,Part-time: 16 to 30 hours worked,131,107,24
E01035680,Full-time: 31 to 48 hours worked,639,475,164
E01035680,Full-time: 49 or more hours worked,150,93,57
E01035680,Part-time: 15 hours or less worked,87,38,49
E01035680,Part-time: 16 to 30 hours worked,147,103,44
E01035681,Full-time: 31 to 48 hours worked,401,178,223
E01035681,Full-time: 49 or more hours worked,73,30,43
E01035681,Part-time: 15 hours or less worked,111,37,74
E01035681,Part-time: 16 to 30 hours worked,190,78,112
E01035682,Full-time: 31 to 48 hours worked,375,99,276
E01035682,Full-time: 49 or more hours worked,62,20,42
E01035682,Part-time: 15 hours or less worked,68,30,38
E01035682,Part-time: 16 to 30 hours worked,112,97,15
E01035683,Full-time: 31 to 48 hours worked,343,223,120
E01035683,Full-time: 49 or more hours worked,48,24,24
E01035683,Part-time: 15 hours or less worked,70,71,-1
E01035683,Part-time: 16 to 30 hours worked,139,132,7
E01035684,Full-time: 31 to 48 hours worked,415,239,176
E01035684,Full-time: 49 or more hours worked,82,42,40
E01035684,Part-time: 15 hours or less worked,93,34,59
E01035684,Part-time: 16 to 30 hours worked,116,80,36
E01035685,Full-time: 31 to 48 hours worked,241,223,18
E01035685,Full-time: 49 or more hours worked,35,37,-2
E01035685,Part-time: 15 hours or less worked,62,43,19
E01035685,Part-time: 16 to 30 hours worked,127,126,1
E01035686,Full-time: 31 to 48 hours worked,446,551,-105
E01035686,Full-time: 49 or more hours worked,135,244,-109
E01035686,Part-time: 15 hours or less worked,72,51,21
E01035686,Part-time: 16 to 30 hours worked,123,96,27
E01035687,Full-time: 31 to 48 hours worked,466,371,95
E01035687,Full-time: 49 or more hours worked,179,196,-17
E01035687,Part-time: 15 hours or less worked,79,25,54
E01035687,Part-time: 16 to 30 hours worked,120,30,90
E01035688,Full-time: 31 to 48 hours worked,389,0,389
E01035688,Full-time: 49 or more hours worked,249,0,249
E01035688,Part-time: 15 hours or less worked,46,0,46
E01035688,Part-time: 16 to 30 hours worked,74,0,74
E01035689,Full-time: 31 to 48 hours worked,481,406,75
E01035689,Full-time: 49 or more hours worked,208,242,-34
E01035689,Part-time: 15 hours or less worked,74,53,21
E01035689,Part-time: 16 to 30 hours worked,115,98,17
E01035690,Full-time: 31 to 48 hours worked,834,352,482
E01035690,Full-time: 49 or more hours worked,229,178,51
E01035690,Part-time: 15 hours or less worked,102,29,73
E01035690,Part-time: 16 to 30 hours worked,113,51,62
E01035691,Full-time: 31 to 48 hours worked,824,536,288
E01035691,Full-time: 49 or more hours worked,226,331,-105
E01035691,Part-time: 15 hours or less worked,127,29,98
E01035691,Part-time: 16 to 30 hours worked,120,48,72
E01035692,Full-time: 31 to 48 hours worked,499,304,195
E01035692,Full-time: 49 or more hours worked,99,93,6
E01035692,Part-time: 15 hours or less worked,63,32,31
E01035692,Part-time: 16 to 30 hours worked,106,84,22
E01035693,Full-time: 31 to 48 hours worked,538,133,405
E01035693,Full-time: 49 or more hours worked,132,27,105
E01035693,Part-time: 15 hours or less worked,68,27,41
E01035693,Part-time: 16 to 30 hours worked,110,76,34
E01035694,Full-time: 31 to 48 hours worked,525,431,94
E01035694,Full-time: 49 or more hours worked,134,119,15
E01035694,Part-time: 15 hours or less worked,113,63,50
E01035694,Part-time: 16 to 30 hours worked,203,130,73
E01035695,Full-time: 31 to 48 hours worked,382,321,61
E01035695,Full-time: 49 or more hours worked,58,57,1
E01035695,Part-time: 15 hours or less worked,87,57,30
E01035695,Part-time: 16 to 30 hours worked,177,158,19
E01035696,Full-time: 31 to 48 hours worked,495,284,211
E01035696,Full-time: 49 or more hours worked,207,174,33
E01035696,Part-time: 15 hours or less worked,42,27,15
E01035696,Part-time: 16 to 30 hours worked,62,29,33
E01035697,Full-time: 31 to 48 hours worked,565,321,244
E01035697,Full-time: 49 or more hours worked,245,133,112
E01035697,Part-time: 15 hours or less worked,82,39,43
E01035697,Part-time: 16 to 30 hours worked,90,86,4
E01035698,Full-time: 31 to 48 hours worked,384,307,77
E01035698,Full-time: 49 or more hours worked,141,159,-18
E01035698,Part-time: 15 hours or less worked,28,26,2
E01035698,Part-time: 16 to 30 hours worked,47,33,14
E01035699,Full-time: 31 to 48 hours worked,616,248,368
E01035699,Full-time: 49 or more hours worked,197,111,86
E01035699,Part-time: 15 hours or less worked,90,12,78
E01035699,Part-time: 16 to 30 hours worked,111,36,75
E01035700,Full-time: 31 to 48 hours worked,585,0,585
E01035700,Full-time: 49 or more hours worked,231,0,231
E01035700,Part-time: 15 hours or less worked,30,0,30
E01035700,Part-time: 16 to 30 hours worked,60,0,60
E01035701,Full-time: 31 to 48 hours worked,614,0,614
E01035701,Full-time: 49 or more hours worked,236,0,236
E01035701,Part-time: 15 hours or less worked,21,0,21
E01035701,Part-time: 16 to 30 hours worked,39,0,39
E01035702,Full-time: 31 to 48 hours worked,487,439,48
E01035702,Full-time: 49 or more hours worked,143,201,-58
E01035702,Part-time: 15 hours or less worked,70,28,42
E01035702,Part-time: 16 to 30 hours worked,112,53,59
E01035703,Full-time: 31 to 48 hours worked,369,0,369
E01035703,Full-time: 49 or more hours worked,210,0,210
E01035703,Part-time: 15 hours or less worked,27,0,27
E01035703,Part-time: 16 to 30 hours worked,61,0,61
E01035704,Full-time: 31 to 48 hours worked,410,261,149
E01035704,Full-time: 49 or more hours worked,150,147,3
E01035704,Part-time: 15 hours or less worked,71,30,41
E01035704,Part-time: 16 to 30 hours worked,129,47,82
E01035705,Full-time: 31 to 48 hours worked,382,376,6
E01035705,Full-time: 49 or more hours worked,77,86,-9
E01035705,Part-time: 15 hours or less worked,66,45,21
E01035705,Part-time: 16 to 30 hours worked,133,95,38
E01035706,Full-time: 31 to 48 hours worked,500,157,343
E01035706,Full-time: 49 or more hours worked,144,93,51
E01035706,Part-time: 15 hours or less worked,46,15,31
E01035706,Part-time: 16 to 30 hours worked,67,19,48
E01035707,Full-time: 31 to 48 hours worked,784,825,-41
E01035707,Full-time: 49 or more hours worked,269,298,-29
E01035707,Part-time: 15 hours or less worked,166,163,3
E01035707,Part-time: 16 to 30 hours worked,195,232,-37
E01035708,Full-time: 31 to 48 hours worked,411,0,411
E01035708,Full-time: 49 or more hours worked,151,0,151
E01035708,Part-time: 15 hours or less worked,83,0,83
E01035708,Part-time: 16 to 30 hours worked,103,0,103
E01035709,Full-time: 31 to 48 hours worked,310,341,-31
E01035709,Full-time: 49 or more hours worked,70,65,5
E01035709,Part-time: 15 hours or less worked,84,79,5
E01035709,Part-time: 16 to 30 hours worked,127,109,18
E01035710,Full-time: 31 to 48 hours worked,405,567,-162
E01035710,Full-time: 49 or more hours worked,83,144,-61
E01035710,Part-time: 15 hours or less worked,166,203,-37
E01035710,Part-time: 16 to 30 hours worked,191,238,-47
E01035711,Full-time: 31 to 48 hours worked,402,525,-123
E01035711,Full-time: 49 or more hours worked,132,244,-112
E01035711,Part-time: 15 hours or less worked,140,204,-64
E01035711,Part-time: 16 to 30 hours worked,88,162,-74
E01035712,Full-time: 31 to 48 hours worked,407,510,-103
E01035712,Full-time: 49 or more hours worked,128,165,-37
E01035712,Part-time: 15 hours or less worked,184,149,35
E01035712,Part-time: 16 to 30 hours worked,130,182,-52
E01035713,Full-time: 31 to 48 hours worked,432,557,-125
E01035713,Full-time: 49 or more hours worked,361,614,-253
E01035713,Part-time: 15 hours or less worked,113,78,35
E01035713,Part-time: 16 to 30 hours worked,128,119,9
E01035714,Full-time: 31 to 48 hours worked,413,520,-107
E01035714,Full-time: 49 or more hours worked,366,629,-263
E01035714,Part-time: 15 hours or less worked,103,111,-8
E01035714,Part-time: 16 to 30 hours worked,118,129,-11
E01035715,Full-time: 31 to 48 hours worked,863,839,24
E01035715,Full-time: 49 or more hours worked,445,585,-140
E01035715,Part-time: 15 hours or less worked,199,82,117
E01035715,Part-time: 16 to 30 hours worked,199,148,51
E01035716,Full-time: 31 to 48 hours worked,625,665,-40
E01035716,Full-time: 49 or more hours worked,310,534,-224
E01035716,Part-time: 15 hours or less worked,128,85,43
E01035716,Part-time: 16 to 30 hours worked,128,167,-39
E01035717,Full-time: 31 to 48 hours worked,561,756,-195
E01035717,Full-time: 49 or more hours worked,271,453,-182
E01035717,Part-time: 15 hours or less worked,125,79,46
E01035717,Part-time: 16 to 30 hours worked,144,123,21
E01035718,Full-time: 31 to 48 hours worked,372,402,-30
E01035718,Full-time: 49 or more hours worked,358,557,-199
E01035718,Part-time: 15 hours or less worked,99,116,-17
E01035718,Part-time: 16 to 30 hours worked,96,102,-6
E01035719,Full-time: 31 to 48 hours worked,364,278,86
E01035719,Full-time: 49 or more hours worked,160,203,-43
E01035719,Part-time: 15 hours or less worked,67,41,26
E01035719,Part-time: 16 to 30 hours worked,86,62,24
E01035720,Full-time: 31 to 48 hours worked,363,342,21
E01035720,Full-time: 49 or more hours worked,134,169,-35
E01035720,Part-time: 15 hours or less worked,64,28,36
E01035720,Part-time: 16 to 30 hours worked,123,84,39
E01035721,Full-time: 31 to 48 hours worked,561,756,-195
E01035721,Full-time: 49 or more hours worked,264,325,-61
E01035721,Part-time: 15 hours or less worked,106,126,-20
E01035721,Part-time: 16 to 30 hours worked,145,210,-65
E01035722,Full-time: 31 to 48 hours worked,645,876,-231
E01035722,Full-time: 49 or more hours worked,327,614,-287
E01035722,Part-time: 15 hours or less worked,78,78,0
E01035722,Part-time: 16 to 30 hours worked,126,171,-45
