lsoa21cd,category,count_21,count_11,change
E01000001,Bicycle,24,47,-23
E01000001,"Bus, minibus or coach",12,33,-21
E01000001,Driving a car or van,18,28,-10
E01000001,"Motorcycle, scooter or moped",3,5,-2
E01000001,Not in employment or aged 15 years and under,610,295,315
E01000001,On foot,109,445,-336
E01000001,Other method of travel to work,3,14,-11
E01000001,Passenger in a car or van,0,4,-4
E01000001,Taxi,3,10,-7
E01000001,Train,17,37,-20
E01000001,"Underground, metro, light rail, tram",35,190,-155
E01000001,Work mainly at or from home,639,113,526
E01000002,Bicycle,25,57,-32
E01000002,"Bus, minibus or coach",15,22,-7
E01000002,Driving a car or van,19,26,-7
E01000002,"Motorcycle, scooter or moped",1,7,-6
E01000002,Not in employment or aged 15 years and under,506,286,220
E01000002,On foot,93,428,-335
E01000002,Other method of travel to work,5,14,-9
E01000002,Passenger in a car or van,3,1,2
E01000002,Taxi,2,14,-12
E01000002,Train,12,42,-30
E01000002,"Underground, metro, light rail, tram",30,201,-171
E01000002,Work mainly at or from home,678,98,580
E01000003,Bicycle,62,70,-8
E01000003,"Bus, minibus or coach",26,70,-44
E01000003,Driving a car or van,27,30,-3
E01000003,"Motorcycle, scooter or moped",4,4,0
E01000003,Not in employment or aged 15 years and under,613,338,275
E01000003,On foot,146,325,-179
E01000003,Other method of travel to work,16,9,7
E01000003,Passenger in a car or van,7,1,6
E01000003,Taxi,4,2,2
E01000003,Train,21,40,-19
E01000003,"Underground, metro, light rail, tram",72,156,-84
E01000003,Work mainly at or from home,622,57,565
E01000005,Bicycle,20,34,-14
E01000005,"Bus, minibus or coach",45,76,-31
E01000005,Driving a car or van,32,28,4
E01000005,"Motorcycle, scooter or moped",2,1,1
E01000005,Not in employment or aged 15 years and under,602,297,305
E01000005,On foot,90,159,-69
E01000005,Other method of travel to work,8,3,5
E01000005,Passenger in a car or van,1,2,-1
E01000005,Taxi,2,1,1
E01000005,Train,25,44,-19
E01000005,"Underground, metro, light rail, tram",69,109,-40
E01000005,Work mainly at or from home,204,19,185
E01000006,Bicycle,6,7,-1
E01000006,"Bus, minibus or coach",60,61,-1
E01000006,Driving a car or van,226,230,-4
E01000006,"Motorcycle, scooter or moped",6,1,5
E01000006,Not in employment or aged 15 years and under,956,470,486
E01000006,On foot,61,60,1
E01000006,Other method of travel to work,17,3,14
E01000006,Passenger in a car or van,10,12,-2
E01000006,Taxi,1,3,-2
E01000006,Train,104,110,-6
E01000006,"Underground, metro, light rail, tram",206,265,-59
E01000006,Work mainly at or from home,191,29,162
E01000007,Bicycle,20,0,20
E01000007,"Bus, minibus or coach",117,73,44
E01000007,Driving a car or van,220,148,72
E01000007,"Motorcycle, scooter or moped",2,2,0
E01000007,Not in employment or aged 15 years and under,1522,427,1095
E01000007,On foot,73,57,16
E01000007,Other method of travel to work,18,5,13
E01000007,Passenger in a car or van,24,11,13
E01000007,Taxi,9,2,7
E01000007,Train,177,90,87
E01000007,"Underground, metro, light rail, tram",354,211,143
E01000007,Work mainly at or from home,367,8,359
E01000008,Bicycle,6,5,1
E01000008,"Bus, minibus or coach",125,91,34
E01000008,Driving a car or van,176,132,44
E01000008,"Motorcycle, scooter or moped",3,1,2
E01000008,Not in employment or aged 15 years and under,1148,478,670
E01000008,On foot,40,55,-15
E01000008,Other method of travel to work,6,5,1
E01000008,Passenger in a car or van,8,8,0
E01000008,Taxi,5,0,5
E01000008,Train,74,65,9
E01000008,"Underground, metro, light rail, tram",125,176,-51
E01000008,Work mainly at or from home,80,7,73
E01000009,Bicycle,5,3,2
E01000009,"Bus, minibus or coach",68,76,-8
E01000009,Driving a car or van,167,163,4
E01000009,"Motorcycle, scooter or moped",4,7,-3
E01000009,Not in employment or aged 15 years and under,1021,608,413
E01000009,On foot,45,58,-13
E01000009,Other method of travel to work,17,5,12
E01000009,Passenger in a car or van,18,10,8
E01000009,Taxi,1,2,-1
E01000009,Train,96,130,-34
E01000009,"Underground, metro, light rail, tram",201,298,-97
E01000009,Work mainly at or from home,159,17,142
E01000011,Bicycle,14,6,8
E01000011,"Bus, minibus or coach",90,102,-12
E01000011,Driving a car or van,172,176,-4
E01000011,"Motorcycle, scooter or moped",4,2,2
E01000011,Not in employment or aged 15 years and under,965,548,417
E01000011,On foot,38,50,-12
E01000011,Other method of travel to work,15,3,12
E01000011,Passenger in a car or van,28,11,17
E01000011,Taxi,1,1,0
E01000011,Train,86,97,-11
E01000011,"Underground, metro, light rail, tram",155,224,-69
E01000011,Work mainly at or from home,137,19,118
E01000012,Bicycle,13,7,6
E01000012,"Bus, minibus or coach",98,107,-9
E01000012,Driving a car or van,205,204,1
E01000012,"Motorcycle, scooter or moped",5,4,1
E01000012,Not in employment or aged 15 years and under,1443,555,888
E01000012,On foot,37,43,-6
E01000012,Other method of travel to work,22,5,17
E01000012,Passenger in a car or van,13,15,-2
E01000012,Taxi,9,8,1
E01000012,Train,112,115,-3
E01000012,"Underground, metro, light rail, tram",204,247,-43
E01000012,Work mainly at or from home,186,14,172
E01000013,Bicycle,9,6,3
E01000013,"Bus, minibus or coach",76,108,-32
E01000013,Driving a car or van,252,293,-41
E01000013,"Motorcycle, scooter or moped",5,6,-1
E01000013,Not in employment or aged 15 years and under,1075,554,521
E01000013,On foot,43,46,-3
E01000013,Other method of travel to work,9,7,2
E01000013,Passenger in a car or van,19,28,-9
E01000013,Taxi,1,7,-6
E01000013,Train,71,84,-13
E01000013,"Underground, metro, light rail, tram",187,202,-15
E01000013,Work mainly at or from home,126,13,113
E01000014,Bicycle,11,4,7
E01000014,"Bus, minibus or coach",81,63,18
E01000014,Driving a car or van,293,213,80
E01000014,"Motorcycle, scooter or moped",6,6,0
E01000014,Not in employment or aged 15 years and under,954,385,569
E01000014,On foot,30,32,-2
E01000014,Other method of travel to work,8,1,7
E01000014,Passenger in a car or van,25,27,-2
E01000014,Taxi,3,0,3
E01000014,Train,61,75,-14
E01000014,"Underground, metro, light rail, tram",134,130,4
E01000014,Work mainly at or from home,146,14,132
E01000015,Bicycle,17,10,7
E01000015,"Bus, minibus or coach",105,109,-4
E01000015,Driving a car or van,351,296,55
E01000015,"Motorcycle, scooter or moped",6,9,-3
E01000015,Not in employment or aged 15 years and under,1354,608,746
E01000015,On foot,53,59,-6
E01000015,Other method of travel to work,15,4,11
E01000015,Passenger in a car or van,21,17,4
E01000015,Taxi,9,3,6
E01000015,Train,89,89,0
E01000015,"Underground, metro, light rail, tram",204,274,-70
E01000015,Work mainly at or from home,202,15,187
E01000016,Bicycle,12,7,5
E01000016,"Bus, minibus or coach",88,93,-5
E01000016,Driving a car or van,304,263,41
E01000016,"Motorcycle, scooter or moped",5,9,-4
E01000016,Not in employment or aged 15 years and under,989,442,547
E01000016,On foot,57,55,2
E01000016,Other method of travel to work,17,4,13
E01000016,Passenger in a car or van,23,19,4
E01000016,Taxi,6,7,-1
E01000016,Train,72,62,10
E01000016,"Underground, metro, light rail, tram",131,150,-19
E01000016,Work mainly at or from home,149,9,140
E01000017,Bicycle,9,10,-1
E01000017,"Bus, minibus or coach",81,75,6
E01000017,Driving a car or van,251,279,-28
E01000017,"Motorcycle, scooter or moped",2,2,0
E01000017,Not in employment or aged 15 years and under,973,466,507
E01000017,On foot,34,30,4
E01000017,Other method of travel to work,13,1,12
E01000017,Passenger in a car or van,26,22,4
E01000017,Taxi,1,3,-2
E01000017,Train,67,58,9
E01000017,"Underground, metro, light rail, tram",127,146,-19
E01000017,Work mainly at or from home,136,16,120
E01000018,Bicycle,9,6,3
E01000018,"Bus, minibus or coach",65,82,-17
E01000018,Driving a car or van,277,248,29
E01000018,"Motorcycle, scooter or moped",9,4,5
E01000018,Not in employment or aged 15 years and under,942,441,501
E01000018,On foot,52,52,0
E01000018,Other method of travel to work,12,4,8
E01000018,Passenger in a car or van,30,14,16
E01000018,Taxi,1,4,-3
E01000018,Train,75,58,17
E01000018,"Underground, metro, light rail, tram",165,165,0
E01000018,Work mainly at or from home,142,7,135
E01000019,Bicycle,10,6,4
E01000019,"Bus, minibus or coach",67,85,-18
E01000019,Driving a car or van,255,236,19
E01000019,"Motorcycle, scooter or moped",7,4,3
E01000019,Not in employment or aged 15 years and under,965,412,553
E01000019,On foot,40,47,-7
E01000019,Other method of travel to work,10,4,6
E01000019,Passenger in a car or van,27,11,16
E01000019,Taxi,3,4,-1
E01000019,Train,68,64,4
E01000019,"Underground, metro, light rail, tram",73,80,-7
E01000019,Work mainly at or from home,130,17,113
E01000020,Bicycle,21,9,12
E01000020,"Bus, minibus or coach",98,92,6
E01000020,Driving a car or van,317,318,-1
E01000020,"Motorcycle, scooter or moped",5,13,-8
E01000020,Not in employment or aged 15 years and under,1299,514,785
E01000020,On foot,37,35,2
E01000020,Other method of travel to work,11,4,7
E01000020,Passenger in a car or van,27,24,3
E01000020,Taxi,11,4,7
E01000020,Train,85,108,-23
E01000020,"Underground, metro, light rail, tram",96,91,5
E01000020,Work mainly at or from home,182,14,168
E01000021,Bicycle,12,14,-2
E01000021,"Bus, minibus or coach",89,95,-6
E01000021,Driving a car or van,267,244,23
E01000021,"Motorcycle, scooter or moped",5,9,-4
E01000021,Not in employment or aged 15 years and under,1005,527,478
E01000021,On foot,31,40,-9
E01000021,Other method of travel to work,7,3,4
E01000021,Passenger in a car or van,16,19,-3
E01000021,Taxi,0,4,-4
E01000021,Train,45,67,-22
E01000021,"Underground, metro, light rail, tram",101,107,-6
E01000021,Work mainly at or from home,116,12,104
E01000022,Bicycle,11,12,-1
E01000022,"Bus, minibus or coach",67,92,-25
E01000022,Driving a car or van,243,228,15
E01000022,"Motorcycle, scooter or moped",5,8,-3
E01000022,Not in employment or aged 15 years and under,839,367,472
E01000022,On foot,26,19,7
E01000022,Other method of travel to work,8,3,5
E01000022,Passenger in a car or van,22,20,2
E01000022,Taxi,4,1,3
E01000022,Train,39,58,-19
E01000022,"Underground, metro, light rail, tram",73,81,-8
E01000022,Work mainly at or from home,137,10,127
E01000024,Bicycle,8,15,-7
E01000024,"Bus, minibus or coach",93,78,15
E01000024,Driving a car or van,236,239,-3
E01000024,"Motorcycle, scooter or moped",6,13,-7
E01000024,Not in employment or aged 15 years and under,855,378,477
E01000024,On foot,15,21,-6
E01000024,Other method of travel to work,11,4,7
E01000024,Passenger in a car or van,13,14,-1
E01000024,Taxi,2,0,2
E01000024,Train,52,53,-1
E01000024,"Underground, metro, light rail, tram",88,88,0
E01000024,Work mainly at or from home,106,9,97
E01000025,Bicycle,8,6,2
E01000025,"Bus, minibus or coach",97,122,-25
E01000025,Driving a car or van,271,276,-5
E01000025,"Motorcycle, scooter or moped",11,6,5
E01000025,Not in employment or aged 15 years and under,1081,461,620
E01000025,On foot,31,22,9
E01000025,Other method of travel to work,14,1,13
E01000025,Passenger in a car or van,24,27,-3
E01000025,Taxi,8,7,1
E01000025,Train,61,86,-25
E01000025,"Underground, metro, light rail, tram",134,110,24
E01000025,Work mainly at or from home,176,15,161
E01000027,Bicycle,8,13,-5
E01000027,"Bus, minibus or coach",82,102,-20
E01000027,Driving a car or van,336,290,46
E01000027,"Motorcycle, scooter or moped",1,5,-4
E01000027,Not in employment or aged 15 years and under,1279,454,825
E01000027,On foot,42,40,2
E01000027,Other method of travel to work,9,4,5
E01000027,Passenger in a car or van,40,22,18
E01000027,Taxi,4,3,1
E01000027,Train,48,53,-5
E01000027,"Underground, metro, light rail, tram",91,89,2
E01000027,Work mainly at or from home,142,13,129
E01000028,Bicycle,9,4,5
E01000028,"Bus, minibus or coach",100,88,12
E01000028,Driving a car or van,258,229,29
E01000028,"Motorcycle, scooter or moped",6,7,-1
E01000028,Not in employment or aged 15 years and under,1132,460,672
E01000028,On foot,28,29,-1
E01000028,Other method of travel to work,8,2,6
E01000028,Passenger in a car or van,19,18,1
E01000028,Taxi,3,3,0
E01000028,Train,50,49,1
E01000028,"Underground, metro, light rail, tram",85,92,-7
E01000028,Work mainly at or from home,126,14,112
E01000029,Bicycle,9,4,5
E01000029,"Bus, minibus or coach",60,61,-1
E01000029,Driving a car or van,303,308,-5
E01000029,"Motorcycle, scooter or moped",1,5,-4
E01000029,Not in employment or aged 15 years and under,1047,432,615
E01000029,On foot,32,32,0
E01000029,Other method of travel to work,9,6,3
E01000029,Passenger in a car or van,28,23,5
E01000029,Taxi,6,9,-3
E01000029,Train,49,63,-14
E01000029,"Underground, metro, light rail, tram",90,111,-21
E01000029,Work mainly at or from home,188,14,174
E01000030,Bicycle,5,13,-8
E01000030,"Bus, minibus or coach",136,120,16
E01000030,Driving a car or van,368,295,73
E01000030,"Motorcycle, scooter or moped",8,6,2
E01000030,Not in employment or aged 15 years and under,1587,544,1043
E01000030,On foot,25,22,3
E01000030,Other method of travel to work,19,6,13
E01000030,Passenger in a car or van,24,26,-2
E01000030,Taxi,7,5,2
E01000030,Train,50,44,6
E01000030,"Underground, metro, light rail, tram",107,108,-1
E01000030,Work mainly at or from home,221,20,201
E01000031,Bicycle,5,5,0
E01000031,"Bus, minibus or coach",64,72,-8
E01000031,Driving a car or van,269,318,-49
E01000031,"Motorcycle, scooter or moped",2,1,1
E01000031,Not in employment or aged 15 years and under,982,429,553
E01000031,On foot,24,38,-14
E01000031,Other method of travel to work,18,4,14
E01000031,Passenger in a car or van,6,13,-7
E01000031,Taxi,6,6,0
E01000031,Train,83,150,-67
E01000031,"Underground, metro, light rail, tram",73,98,-25
E01000031,Work mainly at or from home,244,23,221
E01000032,Bicycle,4,7,-3
E01000032,"Bus, minibus or coach",96,94,2
E01000032,Driving a car or van,300,277,23
E01000032,"Motorcycle, scooter or moped",5,7,-2
E01000032,Not in employment or aged 15 years and under,1196,439,757
E01000032,On foot,39,49,-10
E01000032,Other method of travel to work,14,3,11
E01000032,Passenger in a car or van,26,30,-4
E01000032,Taxi,6,7,-1
E01000032,Train,89,135,-46
E01000032,"Underground, metro, light rail, tram",107,85,22
E01000032,Work mainly at or from home,198,24,174
E01000033,Bicycle,10,10,0
E01000033,"Bus, minibus or coach",77,62,15
E01000033,Driving a car or van,236,222,14
E01000033,"Motorcycle, scooter or moped",3,8,-5
E01000033,Not in employment or aged 15 years and under,952,407,545
E01000033,On foot,28,31,-3
E01000033,Other method of travel to work,10,0,10
E01000033,Passenger in a car or van,17,14,3
E01000033,Taxi,2,0,2
E01000033,Train,51,40,11
E01000033,"Underground, metro, light rail, tram",67,115,-48
E01000033,Work mainly at or from home,86,10,76
E01000034,Bicycle,2,5,-3
E01000034,"Bus, minibus or coach",78,62,16
E01000034,Driving a car or van,260,255,5
E01000034,"Motorcycle, scooter or moped",4,6,-2
E01000034,Not in employment or aged 15 years and under,920,385,535
E01000034,On foot,25,28,-3
E01000034,Other method of travel to work,7,3,4
E01000034,Passenger in a car or van,17,25,-8
E01000034,Taxi,5,3,2
E01000034,Train,34,71,-37
E01000034,"Underground, metro, light rail, tram",82,86,-4
E01000034,Work mainly at or from home,140,15,125
E01000035,Bicycle,7,10,-3
E01000035,"Bus, minibus or coach",76,59,17
E01000035,Driving a car or van,253,247,6
E01000035,"Motorcycle, scooter or moped",6,9,-3
E01000035,Not in employment or aged 15 years and under,1042,435,607
E01000035,On foot,42,52,-10
E01000035,Other method of travel to work,6,5,1
E01000035,Passenger in a car or van,23,11,12
E01000035,Taxi,10,3,7
E01000035,Train,75,91,-16
E01000035,"Underground, metro, light rail, tram",157,176,-19
E01000035,Work mainly at or from home,154,21,133
E01000036,Bicycle,8,14,-6
E01000036,"Bus, minibus or coach",51,57,-6
E01000036,Driving a car or van,220,242,-22
E01000036,"Motorcycle, scooter or moped",0,2,-2
E01000036,Not in employment or aged 15 years and under,777,337,440
E01000036,On foot,19,37,-18
E01000036,Other method of travel to work,12,3,9
E01000036,Passenger in a car or van,11,28,-17
E01000036,Taxi,4,3,1
E01000036,Train,57,70,-13
E01000036,"Underground, metro, light rail, tram",172,168,4
E01000036,Work mainly at or from home,145,19,126
E01000037,Bicycle,14,12,2
E01000037,"Bus, minibus or coach",52,73,-21
E01000037,Driving a car or van,342,414,-72
E01000037,"Motorcycle, scooter or moped",13,9,4
E01000037,Not in employment or aged 15 years and under,841,439,402
E01000037,On foot,51,79,-28
E01000037,Other method of travel to work,7,4,3
E01000037,Passenger in a car or van,25,26,-1
E01000037,Taxi,3,6,-3
E01000037,Train,62,155,-93
E01000037,"Underground, metro, light rail, tram",63,91,-28
E01000037,Work mainly at or from home,226,21,205
E01000038,Bicycle,6,9,-3
E01000038,"Bus, minibus or coach",61,78,-17
E01000038,Driving a car or van,310,323,-13
E01000038,"Motorcycle, scooter or moped",9,9,0
E01000038,Not in employment or aged 15 years and under,835,371,464
E01000038,On foot,37,52,-15
E01000038,Other method of travel to work,6,7,-1
E01000038,Passenger in a car or van,21,20,1
E01000038,Taxi,7,5,2
E01000038,Train,48,75,-27
E01000038,"Underground, metro, light rail, tram",73,56,17
E01000038,Work mainly at or from home,198,16,182
E01000039,Bicycle,17,13,4
E01000039,"Bus, minibus or coach",70,78,-8
E01000039,Driving a car or van,312,387,-75
E01000039,"Motorcycle, scooter or moped",7,9,-2
E01000039,Not in employment or aged 15 years and under,931,396,535
E01000039,On foot,34,37,-3
E01000039,Other method of travel to work,6,3,3
E01000039,Passenger in a car or van,27,23,4
E01000039,Taxi,12,7,5
E01000039,Train,58,104,-46
E01000039,"Underground, metro, light rail, tram",65,67,-2
E01000039,Work mainly at or from home,216,20,196
E01000040,Bicycle,1,7,-6
E01000040,"Bus, minibus or coach",65,84,-19
E01000040,Driving a car or van,213,214,-1
E01000040,"Motorcycle, scooter or moped",4,1,3
E01000040,Not in employment or aged 15 years and under,1138,459,679
E01000040,On foot,37,57,-20
E01000040,Other method of travel to work,5,4,1
E01000040,Passenger in a car or van,19,22,-3
E01000040,Taxi,5,4,1
E01000040,Train,86,66,20
E01000040,"Underground, metro, light rail, tram",150,166,-16
E01000040,Work mainly at or from home,151,12,139
E01000041,Bicycle,17,9,8
E01000041,"Bus, minibus or coach",81,75,6
E01000041,Driving a car or van,285,284,1
E01000041,"Motorcycle, scooter or moped",5,6,-1
E01000041,Not in employment or aged 15 years and under,1017,467,550
E01000041,On foot,31,29,2
E01000041,Other method of travel to work,16,0,16
E01000041,Passenger in a car or van,24,16,8
E01000041,Taxi,4,4,0
E01000041,Train,63,64,-1
E01000041,"Underground, metro, light rail, tram",168,188,-20
E01000041,Work mainly at or from home,128,8,120
E01000042,Bicycle,9,9,0
E01000042,"Bus, minibus or coach",62,65,-3
E01000042,Driving a car or van,202,198,4
E01000042,"Motorcycle, scooter or moped",7,6,1
E01000042,Not in employment or aged 15 years and under,1173,579,594
E01000042,On foot,27,32,-5
E01000042,Other method of travel to work,10,3,7
E01000042,Passenger in a car or van,10,8,2
E01000042,Taxi,3,1,2
E01000042,Train,107,83,24
E01000042,"Underground, metro, light rail, tram",144,198,-54
E01000042,Work mainly at or from home,128,7,121
E01000043,Bicycle,10,10,0
E01000043,"Bus, minibus or coach",73,43,30
E01000043,Driving a car or van,222,186,36
E01000043,"Motorcycle, scooter or moped",3,6,-3
E01000043,Not in employment or aged 15 years and under,834,394,440
E01000043,On foot,40,36,4
E01000043,Other method of travel to work,7,3,4
E01000043,Passenger in a car or van,18,9,9
E01000043,Taxi,2,3,-1
E01000043,Train,77,75,2
E01000043,"Underground, metro, light rail, tram",113,137,-24
E01000043,Work mainly at or from home,140,11,129
E01000044,Bicycle,11,12,-1
E01000044,"Bus, minibus or coach",74,86,-12
E01000044,Driving a car or van,247,257,-10
E01000044,"Motorcycle, scooter or moped",4,2,2
E01000044,Not in employment or aged 15 years and under,1091,484,607
E01000044,On foot,45,68,-23
E01000044,Other method of travel to work,17,2,15
E01000044,Passenger in a car or van,15,18,-3
E01000044,Taxi,7,1,6
E01000044,Train,97,112,-15
E01000044,"Underground, metro, light rail, tram",235,197,38
E01000044,Work mainly at or from home,146,14,132
E01000045,Bicycle,15,11,4
E01000045,"Bus, minibus or coach",94,86,8
E01000045,Driving a car or van,223,255,-32
E01000045,"Motorcycle, scooter or moped",5,12,-7
E01000045,Not in employment or aged 15 years and under,996,466,530
E01000045,On foot,23,40,-17
E01000045,Other method of travel to work,17,1,16
E01000045,Passenger in a car or van,18,16,2
E01000045,Taxi,6,3,3
E01000045,Train,46,81,-35
E01000045,"Underground, metro, light rail, tram",147,145,2
E01000045,Work mainly at or from home,136,14,122
E01000046,Bicycle,16,12,4
E01000046,"Bus, minibus or coach",70,70,0
E01000046,Driving a car or van,299,295,4
E01000046,"Motorcycle, scooter or moped",10,5,5
E01000046,Not in employment or aged 15 years and under,1097,450,647
E01000046,On foot,44,43,1
E01000046,Other method of travel to work,5,6,-1
E01000046,Passenger in a car or van,19,33,-14
E01000046,Taxi,4,3,1
E01000046,Train,83,66,17
E01000046,"Underground, metro, light rail, tram",174,182,-8
E01000046,Work mainly at or from home,133,23,110
E01000049,Bicycle,7,4,3
E01000049,"Bus, minibus or coach",113,102,11
E01000049,Driving a car or van,201,143,58
E01000049,"Motorcycle, scooter or moped",3,1,2
E01000049,Not in employment or aged 15 years and under,1293,540,753
E01000049,On foot,45,45,0
E01000049,Other method of travel to work,17,14,3
E01000049,Passenger in a car or van,15,10,5
E01000049,Taxi,2,2,0
E01000049,Train,84,78,6
E01000049,"Underground, metro, light rail, tram",119,150,-31
E01000049,Work mainly at or from home,72,23,49
E01000050,Bicycle,10,8,2
E01000050,"Bus, minibus or coach",80,55,25
E01000050,Driving a car or van,180,169,11
E01000050,"Motorcycle, scooter or moped",6,3,3
E01000050,Not in employment or aged 15 years and under,1024,542,482
E01000050,On foot,45,60,-15
E01000050,Other method of travel to work,13,5,8
E01000050,Passenger in a car or van,13,17,-4
E01000050,Taxi,1,2,-1
E01000050,Train,101,85,16
E01000050,"Underground, metro, light rail, tram",180,155,25
E01000050,Work mainly at or from home,188,11,177
E01000051,Bicycle,8,11,-3
E01000051,"Bus, minibus or coach",43,103,-60
E01000051,Driving a car or van,121,139,-18
E01000051,"Motorcycle, scooter or moped",1,1,0
E01000051,Not in employment or aged 15 years and under,534,671,-137
E01000051,On foot,29,50,-21
E01000051,Other method of travel to work,10,3,7
E01000051,Passenger in a car or van,4,9,-5
E01000051,Taxi,4,6,-2
E01000051,Train,65,78,-13
E01000051,"Underground, metro, light rail, tram",122,177,-55
E01000051,Work mainly at or from home,164,4,160
E01000052,Bicycle,19,10,9
E01000052,"Bus, minibus or coach",112,130,-18
E01000052,Driving a car or van,246,266,-20
E01000052,"Motorcycle, scooter or moped",5,5,0
E01000052,Not in employment or aged 15 years and under,1399,527,872
E01000052,On foot,40,53,-13
E01000052,Other method of travel to work,20,9,11
E01000052,Passenger in a car or van,19,17,2
E01000052,Taxi,2,3,-1
E01000052,Train,86,108,-22
E01000052,"Underground, metro, light rail, tram",225,237,-12
E01000052,Work mainly at or from home,195,20,175
E01000053,Bicycle,6,9,-3
E01000053,"Bus, minibus or coach",83,88,-5
E01000053,Driving a car or van,244,244,0
E01000053,"Motorcycle, scooter or moped",5,6,-1
E01000053,Not in employment or aged 15 years and under,924,412,512
E01000053,On foot,39,38,1
E01000053,Other method of travel to work,15,0,15
E01000053,Passenger in a car or van,20,21,-1
E01000053,Taxi,2,6,-4
E01000053,Train,64,59,5
E01000053,"Underground, metro, light rail, tram",98,129,-31
E01000053,Work mainly at or from home,110,17,93
E01000054,Bicycle,14,13,1
E01000054,"Bus, minibus or coach",62,62,0
E01000054,Driving a car or van,283,297,-14
E01000054,"Motorcycle, scooter or moped",9,12,-3
E01000054,Not in employment or aged 15 years and under,1050,456,594
E01000054,On foot,42,45,-3
E01000054,Other method of travel to work,9,3,6
E01000054,Passenger in a car or van,20,18,2
E01000054,Taxi,6,3,3
E01000054,Train,74,56,18
E01000054,"Underground, metro, light rail, tram",158,172,-14
E01000054,Work mainly at or from home,143,13,130
E01000055,Bicycle,17,12,5
E01000055,"Bus, minibus or coach",56,56,0
E01000055,Driving a car or van,288,267,21
E01000055,"Motorcycle, scooter or moped",11,14,-3
E01000055,Not in employment or aged 15 years and under,957,429,528
E01000055,On foot,30,46,-16
E01000055,Other method of travel to work,10,5,5
E01000055,Passenger in a car or van,25,25,0
E01000055,Taxi,2,1,1
E01000055,Train,68,70,-2
E01000055,"Underground, metro, light rail, tram",132,155,-23
E01000055,Work mainly at or from home,112,13,99
E01000056,Bicycle,6,11,-5
E01000056,"Bus, minibus or coach",57,58,-1
E01000056,Driving a car or van,281,247,34
E01000056,"Motorcycle, scooter or moped",3,3,0
E01000056,Not in employment or aged 15 years and under,994,439,555
E01000056,On foot,43,54,-11
E01000056,Other method of travel to work,10,7,3
E01000056,Passenger in a car or van,19,19,0
E01000056,Taxi,1,0,1
E01000056,Train,57,60,-3
E01000056,"Underground, metro, light rail, tram",109,135,-26
E01000056,Work mainly at or from home,116,15,101
E01000057,Bicycle,9,4,5
E01000057,"Bus, minibus or coach",52,63,-11
E01000057,Driving a car or van,202,218,-16
E01000057,"Motorcycle, scooter or moped",3,6,-3
E01000057,Not in employment or aged 15 years and under,896,392,504
E01000057,On foot,37,32,5
E01000057,Other method of travel to work,7,4,3
E01000057,Passenger in a car or van,19,20,-1
E01000057,Taxi,8,4,4
E01000057,Train,55,54,1
E01000057,"Underground, metro, light rail, tram",146,175,-29
E01000057,Work mainly at or from home,112,15,97
E01000058,Bicycle,9,16,-7
E01000058,"Bus, minibus or coach",66,84,-18
E01000058,Driving a car or van,320,280,40
E01000058,"Motorcycle, scooter or moped",10,13,-3
E01000058,Not in employment or aged 15 years and under,1212,488,724
E01000058,On foot,40,36,4
E01000058,Other method of travel to work,20,1,19
E01000058,Passenger in a car or van,29,28,1
E01000058,Taxi,3,2,1
E01000058,Train,117,71,46
E01000058,"Underground, metro, light rail, tram",168,255,-87
E01000058,Work mainly at or from home,136,10,126
E01000059,Bicycle,14,15,-1
E01000059,"Bus, minibus or coach",74,70,4
E01000059,Driving a car or van,313,257,56
E01000059,"Motorcycle, scooter or moped",12,8,4
E01000059,Not in employment or aged 15 years and under,925,429,496
E01000059,On foot,46,57,-11
E01000059,Other method of travel to work,9,2,7
E01000059,Passenger in a car or van,24,15,9
E01000059,Taxi,4,3,1
E01000059,Train,64,53,11
E01000059,"Underground, metro, light rail, tram",100,133,-33
E01000059,Work mainly at or from home,121,8,113
E01000060,Bicycle,14,11,3
E01000060,"Bus, minibus or coach",127,97,30
E01000060,Driving a car or van,283,300,-17
E01000060,"Motorcycle, scooter or moped",10,7,3
E01000060,Not in employment or aged 15 years and under,1313,489,824
E01000060,On foot,54,38,16
E01000060,Other method of travel to work,21,4,17
E01000060,Passenger in a car or van,22,21,1
E01000060,Taxi,9,4,5
E01000060,Train,52,71,-19
E01000060,"Underground, metro, light rail, tram",105,111,-6
E01000060,Work mainly at or from home,173,21,152
E01000061,Bicycle,7,11,-4
E01000061,"Bus, minibus or coach",148,160,-12
E01000061,Driving a car or van,232,190,42
E01000061,"Motorcycle, scooter or moped",2,5,-3
E01000061,Not in employment or aged 15 years and under,1166,563,603
E01000061,On foot,47,64,-17
E01000061,Other method of travel to work,10,1,9
E01000061,Passenger in a car or van,14,13,1
E01000061,Taxi,8,1,7
E01000061,Train,58,52,6
E01000061,"Underground, metro, light rail, tram",84,88,-4
E01000061,Work mainly at or from home,151,6,145
E01000062,Bicycle,8,8,0
E01000062,"Bus, minibus or coach",123,106,17
E01000062,Driving a car or van,355,330,25
E01000062,"Motorcycle, scooter or moped",2,6,-4
E01000062,Not in employment or aged 15 years and under,1194,529,665
E01000062,On foot,48,39,9
E01000062,Other method of travel to work,18,2,16
E01000062,Passenger in a car or van,36,28,8
E01000062,Taxi,6,9,-3
E01000062,Train,60,56,4
E01000062,"Underground, metro, light rail, tram",175,172,3
E01000062,Work mainly at or from home,194,14,180
E01000063,Bicycle,9,16,-7
E01000063,"Bus, minibus or coach",110,101,9
E01000063,Driving a car or van,294,291,3
E01000063,"Motorcycle, scooter or moped",5,5,0
E01000063,Not in employment or aged 15 years and under,977,440,537
E01000063,On foot,46,39,7
E01000063,Other method of travel to work,12,1,11
E01000063,Passenger in a car or van,15,20,-5
E01000063,Taxi,3,3,0
E01000063,Train,45,73,-28
E01000063,"Underground, metro, light rail, tram",108,95,13
E01000063,Work mainly at or from home,152,17,135
E01000064,Bicycle,21,8,13
E01000064,"Bus, minibus or coach",95,99,-4
E01000064,Driving a car or van,365,315,50
E01000064,"Motorcycle, scooter or moped",11,6,5
E01000064,Not in employment or aged 15 years and under,1269,498,771
E01000064,On foot,54,42,12
E01000064,Other method of travel to work,18,4,14
E01000064,Passenger in a car or van,19,26,-7
E01000064,Taxi,9,7,2
E01000064,Train,85,68,17
E01000064,"Underground, metro, light rail, tram",153,163,-10
E01000064,Work mainly at or from home,194,16,178
E01000065,Bicycle,18,12,6
E01000065,"Bus, minibus or coach",109,89,20
E01000065,Driving a car or van,260,283,-23
E01000065,"Motorcycle, scooter or moped",4,5,-1
E01000065,Not in employment or aged 15 years and under,1170,496,674
E01000065,On foot,41,32,9
E01000065,Other method of travel to work,13,5,8
E01000065,Passenger in a car or van,29,24,5
E01000065,Taxi,6,3,3
E01000065,Train,50,64,-14
E01000065,"Underground, metro, light rail, tram",115,129,-14
E01000065,Work mainly at or from home,159,15,144
E01000066,Bicycle,16,8,8
E01000066,"Bus, minibus or coach",82,74,8
E01000066,Driving a car or van,315,347,-32
E01000066,"Motorcycle, scooter or moped",4,3,1
E01000066,Not in employment or aged 15 years and under,1525,521,1004
E01000066,On foot,41,56,-15
E01000066,Other method of travel to work,18,6,12
E01000066,Passenger in a car or van,24,21,3
E01000066,Taxi,5,9,-4
E01000066,Train,111,85,26
E01000066,"Underground, metro, light rail, tram",124,169,-45
E01000066,Work mainly at or from home,233,24,209
E01000067,Bicycle,11,10,1
E01000067,"Bus, minibus or coach",71,76,-5
E01000067,Driving a car or van,319,337,-18
E01000067,"Motorcycle, scooter or moped",2,5,-3
E01000067,Not in employment or aged 15 years and under,1305,570,735
E01000067,On foot,51,30,21
E01000067,Other method of travel to work,25,2,23
E01000067,Passenger in a car or van,26,28,-2
E01000067,Taxi,5,11,-6
E01000067,Train,80,103,-23
E01000067,"Underground, metro, light rail, tram",121,200,-79
E01000067,Work mainly at or from home,226,22,204
E01000068,Bicycle,11,7,4
E01000068,"Bus, minibus or coach",74,68,6
E01000068,Driving a car or van,206,264,-58
E01000068,"Motorcycle, scooter or moped",3,4,-1
E01000068,Not in employment or aged 15 years and under,947,432,515
E01000068,On foot,52,58,-6
E01000068,Other method of travel to work,24,2,22
E01000068,Passenger in a car or van,21,28,-7
E01000068,Taxi,2,3,-1
E01000068,Train,86,102,-16
E01000068,"Underground, metro, light rail, tram",150,190,-40
E01000068,Work mainly at or from home,217,13,204
E01000069,Bicycle,14,10,4
E01000069,"Bus, minibus or coach",52,64,-12
E01000069,Driving a car or van,330,397,-67
E01000069,"Motorcycle, scooter or moped",1,6,-5
E01000069,Not in employment or aged 15 years and under,1078,588,490
E01000069,On foot,47,64,-17
E01000069,Other method of travel to work,10,3,7
E01000069,Passenger in a car or van,22,27,-5
E01000069,Taxi,14,10,4
E01000069,Train,69,118,-49
E01000069,"Underground, metro, light rail, tram",152,228,-76
E01000069,Work mainly at or from home,307,41,266
E01000070,Bicycle,8,14,-6
E01000070,"Bus, minibus or coach",61,61,0
E01000070,Driving a car or van,258,237,21
E01000070,"Motorcycle, scooter or moped",1,2,-1
E01000070,Not in employment or aged 15 years and under,1181,448,733
E01000070,On foot,43,46,-3
E01000070,Other method of travel to work,10,1,9
E01000070,Passenger in a car or van,15,18,-3
E01000070,Taxi,11,2,9
E01000070,Train,68,102,-34
E01000070,"Underground, metro, light rail, tram",137,171,-34
E01000070,Work mainly at or from home,281,19,262
E01000071,Bicycle,8,7,1
E01000071,"Bus, minibus or coach",59,73,-14
E01000071,Driving a car or van,368,342,26
E01000071,"Motorcycle, scooter or moped",5,3,2
E01000071,Not in employment or aged 15 years and under,1393,598,795
E01000071,On foot,44,38,6
E01000071,Other method of travel to work,11,7,4
E01000071,Passenger in a car or van,25,20,5
E01000071,Taxi,8,12,-4
E01000071,Train,137,136,1
E01000071,"Underground, metro, light rail, tram",201,311,-110
E01000071,Work mainly at or from home,339,24,315
E01000072,Bicycle,25,10,15
E01000072,"Bus, minibus or coach",78,89,-11
E01000072,Driving a car or van,307,304,3
E01000072,"Motorcycle, scooter or moped",3,5,-2
E01000072,Not in employment or aged 15 years and under,1279,606,673
E01000072,On foot,42,37,5
E01000072,Other method of travel to work,10,7,3
E01000072,Passenger in a car or van,38,18,20
E01000072,Taxi,4,5,-1
E01000072,Train,75,80,-5
E01000072,"Underground, metro, light rail, tram",122,157,-35
E01000072,Work mainly at or from home,167,13,154
E01000073,Bicycle,14,8,6
E01000073,"Bus, minibus or coach",79,78,1
E01000073,Driving a car or van,274,289,-15
E01000073,"Motorcycle, scooter or moped",10,9,1
E01000073,Not in employment or aged 15 years and under,1060,422,638
E01000073,On foot,32,34,-2
E01000073,Other method of travel to work,17,7,10
E01000073,Passenger in a car or van,13,21,-8
E01000073,Taxi,3,4,-1
E01000073,Train,73,65,8
E01000073,"Underground, metro, light rail, tram",126,122,4
E01000073,Work mainly at or from home,143,15,128
E01000074,Bicycle,13,11,2
E01000074,"Bus, minibus or coach",65,78,-13
E01000074,Driving a car or van,292,271,21
E01000074,"Motorcycle, scooter or moped",9,10,-1
E01000074,Not in employment or aged 15 years and under,1006,411,595
E01000074,On foot,25,22,3
E01000074,Other method of travel to work,12,4,8
E01000074,Passenger in a car or van,18,29,-11
E01000074,Taxi,4,2,2
E01000074,Train,55,65,-10
E01000074,"Underground, metro, light rail, tram",101,142,-41
E01000074,Work mainly at or from home,150,7,143
E01000075,Bicycle,15,11,4
E01000075,"Bus, minibus or coach",61,58,3
E01000075,Driving a car or van,302,260,42
E01000075,"Motorcycle, scooter or moped",1,4,-3
E01000075,Not in employment or aged 15 years and under,1126,526,600
E01000075,On foot,44,47,-3
E01000075,Other method of travel to work,22,7,15
E01000075,Passenger in a car or van,30,26,4
E01000075,Taxi,9,2,7
E01000075,Train,115,52,63
E01000075,"Underground, metro, light rail, tram",191,199,-8
E01000075,Work mainly at or from home,171,12,159
E01000076,Bicycle,19,18,1
E01000076,"Bus, minibus or coach",67,72,-5
E01000076,Driving a car or van,304,322,-18
E01000076,"Motorcycle, scooter or moped",4,6,-2
E01000076,Not in employment or aged 15 years and under,1307,556,751
E01000076,On foot,39,37,2
E01000076,Other method of travel to work,15,2,13
E01000076,Passenger in a car or van,39,31,8
E01000076,Taxi,4,0,4
E01000076,Train,75,71,4
E01000076,"Underground, metro, light rail, tram",168,169,-1
E01000076,Work mainly at or from home,124,12,112
E01000077,Bicycle,6,5,1
E01000077,"Bus, minibus or coach",100,106,-6
E01000077,Driving a car or van,239,239,0
E01000077,"Motorcycle, scooter or moped",8,7,1
E01000077,Not in employment or aged 15 years and under,1008,423,585
E01000077,On foot,25,24,1
E01000077,Other method of travel to work,11,1,10
E01000077,Passenger in a car or van,19,26,-7
E01000077,Taxi,5,1,4
E01000077,Train,48,65,-17
E01000077,"Underground, metro, light rail, tram",119,124,-5
E01000077,Work mainly at or from home,129,10,119
E01000078,Bicycle,9,9,0
E01000078,"Bus, minibus or coach",83,89,-6
E01000078,Driving a car or van,293,255,38
E01000078,"Motorcycle, scooter or moped",6,9,-3
E01000078,Not in employment or aged 15 years and under,1117,533,584
E01000078,On foot,38,35,3
E01000078,Other method of travel to work,15,2,13
E01000078,Passenger in a car or van,29,33,-4
E01000078,Taxi,8,2,6
E01000078,Train,75,62,13
E01000078,"Underground, metro, light rail, tram",99,103,-4
E01000078,Work mainly at or from home,128,12,116
E01000079,Bicycle,7,3,4
E01000079,"Bus, minibus or coach",76,67,9
E01000079,Driving a car or van,255,266,-11
E01000079,"Motorcycle, scooter or moped",0,2,-2
E01000079,Not in employment or aged 15 years and under,995,451,544
E01000079,On foot,39,28,11
E01000079,Other method of travel to work,6,5,1
E01000079,Passenger in a car or van,20,14,6
E01000079,Taxi,3,3,0
E01000079,Train,47,57,-10
E01000079,"Underground, metro, light rail, tram",125,124,1
E01000079,Work mainly at or from home,143,6,137
E01000080,Bicycle,8,9,-1
E01000080,"Bus, minibus or coach",90,95,-5
E01000080,Driving a car or van,280,252,28
E01000080,"Motorcycle, scooter or moped",6,8,-2
E01000080,Not in employment or aged 15 years and under,949,450,499
E01000080,On foot,33,31,2
E01000080,Other method of travel to work,5,4,1
E01000080,Passenger in a car or van,14,16,-2
E01000080,Taxi,8,1,7
E01000080,Train,70,61,9
E01000080,"Underground, metro, light rail, tram",150,123,27
E01000080,Work mainly at or from home,159,12,147
E01000081,Bicycle,19,8,11
E01000081,"Bus, minibus or coach",88,82,6
E01000081,Driving a car or van,331,312,19
E01000081,"Motorcycle, scooter or moped",9,5,4
E01000081,Not in employment or aged 15 years and under,1084,472,612
E01000081,On foot,40,47,-7
E01000081,Other method of travel to work,11,2,9
E01000081,Passenger in a car or van,17,31,-14
E01000081,Taxi,8,2,6
E01000081,Train,66,75,-9
E01000081,"Underground, metro, light rail, tram",151,123,28
E01000081,Work mainly at or from home,149,14,135
E01000082,Bicycle,8,10,-2
E01000082,"Bus, minibus or coach",87,111,-24
E01000082,Driving a car or van,346,288,58
E01000082,"Motorcycle, scooter or moped",4,7,-3
E01000082,Not in employment or aged 15 years and under,1053,488,565
E01000082,On foot,44,47,-3
E01000082,Other method of travel to work,10,2,8
E01000082,Passenger in a car or van,30,21,9
E01000082,Taxi,3,5,-2
E01000082,Train,67,64,3
E01000082,"Underground, metro, light rail, tram",114,106,8
E01000082,Work mainly at or from home,138,9,129
E01000083,Bicycle,14,8,6
E01000083,"Bus, minibus or coach",106,119,-13
E01000083,Driving a car or van,270,278,-8
E01000083,"Motorcycle, scooter or moped",8,12,-4
E01000083,Not in employment or aged 15 years and under,1142,484,658
E01000083,On foot,49,30,19
E01000083,Other method of travel to work,16,5,11
E01000083,Passenger in a car or van,27,23,4
E01000083,Taxi,4,0,4
E01000083,Train,69,78,-9
E01000083,"Underground, metro, light rail, tram",77,104,-27
E01000083,Work mainly at or from home,138,14,124
E01000084,Bicycle,9,11,-2
E01000084,"Bus, minibus or coach",72,67,5
E01000084,Driving a car or van,199,187,12
E01000084,"Motorcycle, scooter or moped",3,4,-1
E01000084,Not in employment or aged 15 years and under,805,359,446
E01000084,On foot,40,54,-14
E01000084,Other method of travel to work,6,4,2
E01000084,Passenger in a car or van,16,18,-2
E01000084,Taxi,5,3,2
E01000084,Train,53,55,-2
E01000084,"Underground, metro, light rail, tram",142,149,-7
E01000084,Work mainly at or from home,87,9,78
E01000085,Bicycle,12,5,7
E01000085,"Bus, minibus or coach",102,93,9
E01000085,Driving a car or van,225,233,-8
E01000085,"Motorcycle, scooter or moped",6,9,-3
E01000085,Not in employment or aged 15 years and under,915,532,383
E01000085,On foot,53,45,8
E01000085,Other method of travel to work,6,2,4
E01000085,Passenger in a car or van,25,23,2
E01000085,Taxi,1,5,-4
E01000085,Train,80,66,14
E01000085,"Underground, metro, light rail, tram",132,138,-6
E01000085,Work mainly at or from home,89,11,78
E01000086,Bicycle,13,8,5
E01000086,"Bus, minibus or coach",63,76,-13
E01000086,Driving a car or van,214,239,-25
E01000086,"Motorcycle, scooter or moped",6,6,0
E01000086,Not in employment or aged 15 years and under,811,383,428
E01000086,On foot,41,55,-14
E01000086,Other method of travel to work,6,5,1
E01000086,Passenger in a car or van,38,12,26
E01000086,Taxi,1,1,0
E01000086,Train,49,63,-14
E01000086,"Underground, metro, light rail, tram",112,128,-16
E01000086,Work mainly at or from home,96,9,87
E01000087,Bicycle,9,16,-7
E01000087,"Bus, minibus or coach",59,86,-27
E01000087,Driving a car or van,242,210,32
E01000087,"Motorcycle, scooter or moped",5,4,1
E01000087,Not in employment or aged 15 years and under,935,383,552
E01000087,On foot,43,56,-13
E01000087,Other method of travel to work,9,2,7
E01000087,Passenger in a car or van,21,19,2
E01000087,Taxi,4,2,2
E01000087,Train,65,52,13
E01000087,"Underground, metro, light rail, tram",101,104,-3
E01000087,Work mainly at or from home,130,8,122
E01000088,Bicycle,10,8,2
E01000088,"Bus, minibus or coach",81,94,-13
E01000088,Driving a car or van,290,286,4
E01000088,"Motorcycle, scooter or moped",5,6,-1
E01000088,Not in employment or aged 15 years and under,1167,463,704
E01000088,On foot,34,36,-2
E01000088,Other method of travel to work,15,9,6
E01000088,Passenger in a car or van,23,22,1
E01000088,Taxi,4,3,1
E01000088,Train,69,90,-21
E01000088,"Underground, metro, light rail, tram",131,180,-49
E01000088,Work mainly at or from home,142,19,123
E01000089,Bicycle,3,10,-7
E01000089,"Bus, minibus or coach",100,77,23
E01000089,Driving a car or van,290,320,-30
E01000089,"Motorcycle, scooter or moped",4,7,-3
E01000089,Not in employment or aged 15 years and under,1048,421,627
E01000089,On foot,40,59,-19
E01000089,Other method of travel to work,15,2,13
E01000089,Passenger in a car or van,21,21,0
E01000089,Taxi,4,2,2
E01000089,Train,57,82,-25
E01000089,"Underground, metro, light rail, tram",104,123,-19
E01000089,Work mainly at or from home,134,19,115
E01000090,Bicycle,17,3,14
E01000090,"Bus, minibus or coach",89,95,-6
E01000090,Driving a car or van,273,263,10
E01000090,"Motorcycle, scooter or moped",2,8,-6
E01000090,Not in employment or aged 15 years and under,973,404,569
E01000090,On foot,40,54,-14
E01000090,Other method of travel to work,6,8,-2
E01000090,Passenger in a car or van,27,16,11
E01000090,Taxi,2,2,0
E01000090,Train,56,56,0
E01000090,"Underground, metro, light rail, tram",94,140,-46
E01000090,Work mainly at or from home,128,19,109
E01000091,Bicycle,7,14,-7
E01000091,"Bus, minibus or coach",141,86,55
E01000091,Driving a car or van,269,225,44
E01000091,"Motorcycle, scooter or moped",2,3,-1
E01000091,Not in employment or aged 15 years and under,1286,484,802
E01000091,On foot,28,34,-6
E01000091,Other method of travel to work,9,5,4
E01000091,Passenger in a car or van,11,14,-3
E01000091,Taxi,3,3,0
E01000091,Train,72,73,-1
E01000091,"Underground, metro, light rail, tram",130,123,7
E01000091,Work mainly at or from home,129,5,124
E01000093,Bicycle,12,10,2
E01000093,"Bus, minibus or coach",101,104,-3
E01000093,Driving a car or van,225,189,36
E01000093,"Motorcycle, scooter or moped",1,5,-4
E01000093,Not in employment or aged 15 years and under,1117,472,645
E01000093,On foot,31,38,-7
E01000093,Other method of travel to work,13,3,10
E01000093,Passenger in a car or van,13,14,-1
E01000093,Taxi,5,2,3
E01000093,Train,67,70,-3
E01000093,"Underground, metro, light rail, tram",98,123,-25
E01000093,Work mainly at or from home,120,18,102
E01000094,Bicycle,18,18,0
E01000094,"Bus, minibus or coach",119,80,39
E01000094,Driving a car or van,351,220,131
E01000094,"Motorcycle, scooter or moped",5,3,2
E01000094,Not in employment or aged 15 years and under,1336,296,1040
E01000094,On foot,35,19,16
E01000094,Other method of travel to work,14,2,12
E01000094,Passenger in a car or van,10,13,-3
E01000094,Taxi,2,0,2
E01000094,Train,88,96,-8
E01000094,"Underground, metro, light rail, tram",237,157,80
E01000094,Work mainly at or from home,247,18,229
E01000095,Bicycle,6,6,0
E01000095,"Bus, minibus or coach",76,85,-9
E01000095,Driving a car or van,323,284,39
E01000095,"Motorcycle, scooter or moped",6,4,2
E01000095,Not in employment or aged 15 years and under,1296,390,906
E01000095,On foot,35,35,0
E01000095,Other method of travel to work,12,7,5
E01000095,Passenger in a car or van,18,15,3
E01000095,Taxi,10,2,8
E01000095,Train,69,64,5
E01000095,"Underground, metro, light rail, tram",143,150,-7
E01000095,Work mainly at or from home,251,19,232
E01000096,Bicycle,5,13,-8
E01000096,"Bus, minibus or coach",91,111,-20
E01000096,Driving a car or van,207,214,-7
E01000096,"Motorcycle, scooter or moped",6,3,3
E01000096,Not in employment or aged 15 years and under,1055,569,486
E01000096,On foot,25,26,-1
E01000096,Other method of travel to work,5,6,-1
E01000096,Passenger in a car or van,14,16,-2
E01000096,Taxi,2,2,0
E01000096,Train,62,84,-22
E01000096,"Underground, metro, light rail, tram",84,127,-43
E01000096,Work mainly at or from home,105,17,88
E01000097,Bicycle,7,6,1
E01000097,"Bus, minibus or coach",83,65,18
E01000097,Driving a car or van,266,254,12
E01000097,"Motorcycle, scooter or moped",4,4,0
E01000097,Not in employment or aged 15 years and under,1137,447,690
E01000097,On foot,45,52,-7
E01000097,Other method of travel to work,7,3,4
E01000097,Passenger in a car or van,29,19,10
E01000097,Taxi,6,5,1
E01000097,Train,97,142,-45
E01000097,"Underground, metro, light rail, tram",87,77,10
E01000097,Work mainly at or from home,159,15,144
E01000098,Bicycle,12,7,5
E01000098,"Bus, minibus or coach",92,99,-7
E01000098,Driving a car or van,301,289,12
E01000098,"Motorcycle, scooter or moped",6,8,-2
E01000098,Not in employment or aged 15 years and under,1145,507,638
E01000098,On foot,45,53,-8
E01000098,Other method of travel to work,15,5,10
E01000098,Passenger in a car or van,14,17,-3
E01000098,Taxi,6,1,5
E01000098,Train,78,126,-48
E01000098,"Underground, metro, light rail, tram",89,63,26
E01000098,Work mainly at or from home,134,11,123
E01000099,Bicycle,16,13,3
E01000099,"Bus, minibus or coach",122,91,31
E01000099,Driving a car or van,461,338,123
E01000099,"Motorcycle, scooter or moped",9,10,-1
E01000099,Not in employment or aged 15 years and under,1481,465,1016
E01000099,On foot,53,48,5
E01000099,Other method of travel to work,22,6,16
E01000099,Passenger in a car or van,41,20,21
E01000099,Taxi,3,6,-3
E01000099,Train,151,120,31
E01000099,"Underground, metro, light rail, tram",139,66,73
E01000099,Work mainly at or from home,287,8,279
E01000100,Bicycle,8,12,-4
E01000100,"Bus, minibus or coach",99,105,-6
E01000100,Driving a car or van,301,268,33
E01000100,"Motorcycle, scooter or moped",6,10,-4
E01000100,Not in employment or aged 15 years and under,1131,474,657
E01000100,On foot,51,33,18
E01000100,Other method of travel to work,19,4,15
E01000100,Passenger in a car or van,32,21,11
E01000100,Taxi,10,5,5
E01000100,Train,51,77,-26
E01000100,"Underground, metro, light rail, tram",80,89,-9
E01000100,Work mainly at or from home,156,16,140
E01000101,Bicycle,7,12,-5
E01000101,"Bus, minibus or coach",128,106,22
E01000101,Driving a car or van,268,290,-22
E01000101,"Motorcycle, scooter or moped",10,4,6
E01000101,Not in employment or aged 15 years and under,961,432,529
E01000101,On foot,41,47,-6
E01000101,Other method of travel to work,12,1,11
E01000101,Passenger in a car or van,21,26,-5
E01000101,Taxi,2,3,-1
E01000101,Train,63,66,-3
E01000101,"Underground, metro, light rail, tram",70,79,-9
E01000101,Work mainly at or from home,115,12,103
E01000102,Bicycle,7,10,-3
E01000102,"Bus, minibus or coach",94,83,11
E01000102,Driving a car or van,296,259,37
E01000102,"Motorcycle, scooter or moped",7,7,0
E01000102,Not in employment or aged 15 years and under,1032,441,591
E01000102,On foot,33,34,-1
E01000102,Other method of travel to work,10,5,5
E01000102,Passenger in a car or van,15,19,-4
E01000102,Taxi,6,3,3
E01000102,Train,57,88,-31
E01000102,"Underground, metro, light rail, tram",98,97,1
E01000102,Work mainly at or from home,128,11,117
E01000103,Bicycle,9,11,-2
E01000103,"Bus, minibus or coach",69,92,-23
E01000103,Driving a car or van,296,283,13
E01000103,"Motorcycle, scooter or moped",11,11,0
E01000103,Not in employment or aged 15 years and under,967,509,458
E01000103,On foot,27,29,-2
E01000103,Other method of travel to work,16,6,10
E01000103,Passenger in a car or van,27,18,9
E01000103,Taxi,4,1,3
E01000103,Train,72,73,-1
E01000103,"Underground, metro, light rail, tram",109,134,-25
E01000103,Work mainly at or from home,161,12,149
E01000104,Bicycle,10,25,-15
E01000104,"Bus, minibus or coach",89,108,-19
E01000104,Driving a car or van,280,252,28
E01000104,"Motorcycle, scooter or moped",10,6,4
E01000104,Not in employment or aged 15 years and under,1095,538,557
E01000104,On foot,30,33,-3
E01000104,Other method of travel to work,10,3,7
E01000104,Passenger in a car or van,23,21,2
E01000104,Taxi,2,2,0
E01000104,Train,71,65,6
E01000104,"Underground, metro, light rail, tram",126,147,-21
E01000104,Work mainly at or from home,175,16,159
E01000105,Bicycle,10,28,-18
E01000105,"Bus, minibus or coach",117,122,-5
E01000105,Driving a car or van,325,264,61
E01000105,"Motorcycle, scooter or moped",7,4,3
E01000105,Not in employment or aged 15 years and under,1311,657,654
E01000105,On foot,62,57,5
E01000105,Other method of travel to work,18,11,7
E01000105,Passenger in a car or van,23,21,2
E01000105,Taxi,12,3,9
E01000105,Train,79,87,-8
E01000105,"Underground, metro, light rail, tram",172,177,-5
E01000105,Work mainly at or from home,190,10,180
E01000106,Bicycle,13,17,-4
E01000106,"Bus, minibus or coach",97,82,15
E01000106,Driving a car or van,294,271,23
E01000106,"Motorcycle, scooter or moped",5,4,1
E01000106,Not in employment or aged 15 years and under,1342,604,738
E01000106,On foot,49,56,-7
E01000106,Other method of travel to work,10,3,7
E01000106,Passenger in a car or van,20,19,1
E01000106,Taxi,5,7,-2
E01000106,Train,91,82,9
E01000106,"Underground, metro, light rail, tram",154,187,-33
E01000106,Work mainly at or from home,133,23,110
E01000107,Bicycle,11,13,-2
E01000107,"Bus, minibus or coach",37,69,-32
E01000107,Driving a car or van,263,274,-11
E01000107,"Motorcycle, scooter or moped",5,3,2
E01000107,Not in employment or aged 15 years and under,1051,424,627
E01000107,On foot,26,41,-15
E01000107,Other method of travel to work,11,3,8
E01000107,Passenger in a car or van,27,23,4
E01000107,Taxi,5,4,1
E01000107,Train,63,65,-2
E01000107,"Underground, metro, light rail, tram",135,179,-44
E01000107,Work mainly at or from home,156,19,137
E01000108,Bicycle,3,9,-6
E01000108,"Bus, minibus or coach",67,73,-6
E01000108,Driving a car or van,281,276,5
E01000108,"Motorcycle, scooter or moped",4,5,-1
E01000108,Not in employment or aged 15 years and under,1062,410,652
E01000108,On foot,32,38,-6
E01000108,Other method of travel to work,8,3,5
E01000108,Passenger in a car or van,18,31,-13
E01000108,Taxi,3,9,-6
E01000108,Train,94,70,24
E01000108,"Underground, metro, light rail, tram",179,216,-37
E01000108,Work mainly at or from home,166,16,150
E01000110,Bicycle,7,8,-1
E01000110,"Bus, minibus or coach",57,73,-16
E01000110,Driving a car or van,256,328,-72
E01000110,"Motorcycle, scooter or moped",4,5,-1
E01000110,Not in employment or aged 15 years and under,832,355,477
E01000110,On foot,43,31,12
E01000110,Other method of travel to work,14,4,10
E01000110,Passenger in a car or van,21,10,11
E01000110,Taxi,3,2,1
E01000110,Train,56,118,-62
E01000110,"Underground, metro, light rail, tram",76,71,5
E01000110,Work mainly at or from home,197,21,176
E01000111,Bicycle,8,11,-3
E01000111,"Bus, minibus or coach",116,86,30
E01000111,Driving a car or van,324,346,-22
E01000111,"Motorcycle, scooter or moped",3,7,-4
E01000111,Not in employment or aged 15 years and under,1193,499,694
E01000111,On foot,41,59,-18
E01000111,Other method of travel to work,16,1,15
E01000111,Passenger in a car or van,26,18,8
E01000111,Taxi,5,2,3
E01000111,Train,76,109,-33
E01000111,"Underground, metro, light rail, tram",144,96,48
E01000111,Work mainly at or from home,202,22,180
E01000112,Bicycle,3,6,-3
E01000112,"Bus, minibus or coach",80,98,-18
E01000112,Driving a car or van,258,324,-66
E01000112,"Motorcycle, scooter or moped",1,5,-4
E01000112,Not in employment or aged 15 years and under,1053,481,572
E01000112,On foot,40,59,-19
E01000112,Other method of travel to work,16,8,8
E01000112,Passenger in a car or van,25,25,0
E01000112,Taxi,3,5,-2
E01000112,Train,129,193,-64
E01000112,"Underground, metro, light rail, tram",122,139,-17
E01000112,Work mainly at or from home,237,14,223
E01000113,Bicycle,2,5,-3
E01000113,"Bus, minibus or coach",97,75,22
E01000113,Driving a car or van,269,278,-9
E01000113,"Motorcycle, scooter or moped",5,7,-2
E01000113,Not in employment or aged 15 years and under,1050,426,624
E01000113,On foot,45,53,-8
E01000113,Other method of travel to work,5,2,3
E01000113,Passenger in a car or van,18,11,7
E01000113,Taxi,8,3,5
E01000113,Train,119,208,-89
E01000113,"Underground, metro, light rail, tram",116,110,6
E01000113,Work mainly at or from home,259,18,241
E01000114,Bicycle,10,7,3
E01000114,"Bus, minibus or coach",136,138,-2
E01000114,Driving a car or van,371,399,-28
E01000114,"Motorcycle, scooter or moped",8,8,0
E01000114,Not in employment or aged 15 years and under,1383,555,828
E01000114,On foot,46,54,-8
E01000114,Other method of travel to work,16,0,16
E01000114,Passenger in a car or van,18,29,-11
E01000114,Taxi,8,5,3
E01000114,Train,95,121,-26
E01000114,"Underground, metro, light rail, tram",105,113,-8
E01000114,Work mainly at or from home,235,21,214
E01000115,Bicycle,3,2,1
E01000115,"Bus, minibus or coach",13,26,-13
E01000115,Driving a car or van,234,371,-137
E01000115,"Motorcycle, scooter or moped",2,3,-1
E01000115,Not in employment or aged 15 years and under,720,362,358
E01000115,On foot,27,33,-6
E01000115,Other method of travel to work,10,5,5
E01000115,Passenger in a car or van,13,19,-6
E01000115,Taxi,2,4,-2
E01000115,Train,7,21,-14
E01000115,"Underground, metro, light rail, tram",53,167,-114
E01000115,Work mainly at or from home,305,53,252
E01000116,Bicycle,4,13,-9
E01000116,"Bus, minibus or coach",42,53,-11
E01000116,Driving a car or van,274,403,-129
E01000116,"Motorcycle, scooter or moped",3,8,-5
E01000116,Not in employment or aged 15 years and under,914,362,552
E01000116,On foot,47,51,-4
E01000116,Other method of travel to work,12,8,4
E01000116,Passenger in a car or van,16,19,-3
E01000116,Taxi,6,10,-4
E01000116,Train,12,46,-34
E01000116,"Underground, metro, light rail, tram",66,195,-129
E01000116,Work mainly at or from home,343,60,283
E01000117,Bicycle,9,6,3
E01000117,"Bus, minibus or coach",44,56,-12
E01000117,Driving a car or van,267,440,-173
E01000117,"Motorcycle, scooter or moped",6,9,-3
E01000117,Not in employment or aged 15 years and under,921,435,486
E01000117,On foot,36,43,-7
E01000117,Other method of travel to work,10,5,5
E01000117,Passenger in a car or van,18,25,-7
E01000117,Taxi,1,7,-6
E01000117,Train,22,109,-87
E01000117,"Underground, metro, light rail, tram",56,126,-70
E01000117,Work mainly at or from home,347,53,294
E01000118,Bicycle,12,7,5
E01000118,"Bus, minibus or coach",53,89,-36
E01000118,Driving a car or van,372,451,-79
E01000118,"Motorcycle, scooter or moped",3,12,-9
E01000118,Not in employment or aged 15 years and under,1051,431,620
E01000118,On foot,38,43,-5
E01000118,Other method of travel to work,9,10,-1
E01000118,Passenger in a car or van,19,14,5
E01000118,Taxi,9,5,4
E01000118,Train,10,64,-54
E01000118,"Underground, metro, light rail, tram",83,217,-134
E01000118,Work mainly at or from home,389,47,342
E01000119,Bicycle,10,3,7
E01000119,"Bus, minibus or coach",27,39,-12
E01000119,Driving a car or van,249,337,-88
E01000119,"Motorcycle, scooter or moped",7,4,3
E01000119,Not in employment or aged 15 years and under,953,447,506
E01000119,On foot,28,45,-17
E01000119,Other method of travel to work,13,6,7
E01000119,Passenger in a car or van,17,19,-2
E01000119,Taxi,1,6,-5
E01000119,Train,16,37,-21
E01000119,"Underground, metro, light rail, tram",85,249,-164
E01000119,Work mainly at or from home,393,49,344
E01000120,Bicycle,5,5,0
E01000120,"Bus, minibus or coach",22,33,-11
E01000120,Driving a car or van,227,346,-119
E01000120,"Motorcycle, scooter or moped",3,10,-7
E01000120,Not in employment or aged 15 years and under,785,386,399
E01000120,On foot,31,37,-6
E01000120,Other method of travel to work,10,3,7
E01000120,Passenger in a car or van,15,16,-1
E01000120,Taxi,1,5,-4
E01000120,Train,10,30,-20
E01000120,"Underground, metro, light rail, tram",57,166,-109
E01000120,Work mainly at or from home,326,44,282
E01000121,Bicycle,2,2,0
E01000121,"Bus, minibus or coach",68,87,-19
E01000121,Driving a car or van,208,233,-25
E01000121,"Motorcycle, scooter or moped",3,6,-3
E01000121,Not in employment or aged 15 years and under,847,445,402
E01000121,On foot,22,29,-7
E01000121,Other method of travel to work,12,7,5
E01000121,Passenger in a car or van,13,17,-4
E01000121,Taxi,1,2,-1
E01000121,Train,10,19,-9
E01000121,"Underground, metro, light rail, tram",61,114,-53
E01000121,Work mainly at or from home,227,27,200
E01000122,Bicycle,5,10,-5
E01000122,"Bus, minibus or coach",31,48,-17
E01000122,Driving a car or van,240,326,-86
E01000122,"Motorcycle, scooter or moped",4,4,0
E01000122,Not in employment or aged 15 years and under,774,342,432
E01000122,On foot,23,27,-4
E01000122,Other method of travel to work,9,4,5
E01000122,Passenger in a car or van,21,16,5
E01000122,Taxi,4,4,0
E01000122,Train,18,35,-17
E01000122,"Underground, metro, light rail, tram",74,227,-153
E01000122,Work mainly at or from home,312,45,267
E01000123,Bicycle,9,18,-9
E01000123,"Bus, minibus or coach",46,77,-31
E01000123,Driving a car or van,281,358,-77
E01000123,"Motorcycle, scooter or moped",8,16,-8
E01000123,Not in employment or aged 15 years and under,787,383,404
E01000123,On foot,42,36,6
E01000123,Other method of travel to work,14,4,10
E01000123,Passenger in a car or van,21,22,-1
E01000123,Taxi,2,6,-4
E01000123,Train,7,45,-38
E01000123,"Underground, metro, light rail, tram",132,267,-135
E01000123,Work mainly at or from home,412,51,361
E01000124,Bicycle,18,9,9
E01000124,"Bus, minibus or coach",93,132,-39
E01000124,Driving a car or van,231,267,-36
E01000124,"Motorcycle, scooter or moped",9,11,-2
E01000124,Not in employment or aged 15 years and under,996,421,575
E01000124,On foot,33,31,2
E01000124,Other method of travel to work,9,5,4
E01000124,Passenger in a car or van,27,11,16
E01000124,Taxi,1,2,-1
E01000124,Train,24,64,-40
E01000124,"Underground, metro, light rail, tram",120,227,-107
E01000124,Work mainly at or from home,307,26,281
E01000126,Bicycle,11,3,8
E01000126,"Bus, minibus or coach",132,178,-46
E01000126,Driving a car or van,305,316,-11
E01000126,"Motorcycle, scooter or moped",8,4,4
E01000126,Not in employment or aged 15 years and under,1259,610,649
E01000126,On foot,45,47,-2
E01000126,Other method of travel to work,15,8,7
E01000126,Passenger in a car or van,24,15,9
E01000126,Taxi,3,4,-1
E01000126,Train,28,48,-20
E01000126,"Underground, metro, light rail, tram",145,218,-73
E01000126,Work mainly at or from home,299,34,265
E01000127,Bicycle,10,4,6
E01000127,"Bus, minibus or coach",97,118,-21
E01000127,Driving a car or van,218,233,-15
E01000127,"Motorcycle, scooter or moped",5,5,0
E01000127,Not in employment or aged 15 years and under,864,407,457
E01000127,On foot,48,40,8
E01000127,Other method of travel to work,11,2,9
E01000127,Passenger in a car or van,26,29,-3
E01000127,Taxi,0,2,-2
E01000127,Train,20,42,-22
E01000127,"Underground, metro, light rail, tram",107,170,-63
E01000127,Work mainly at or from home,153,22,131
E01000128,Bicycle,8,10,-2
E01000128,"Bus, minibus or coach",94,155,-61
E01000128,Driving a car or van,291,287,4
E01000128,"Motorcycle, scooter or moped",9,7,2
E01000128,Not in employment or aged 15 years and under,1135,473,662
E01000128,On foot,60,71,-11
E01000128,Other method of travel to work,10,1,9
E01000128,Passenger in a car or van,32,17,15
E01000128,Taxi,5,5,0
E01000128,Train,27,35,-8
E01000128,"Underground, metro, light rail, tram",157,198,-41
E01000128,Work mainly at or from home,223,24,199
E01000129,Bicycle,7,4,3
E01000129,"Bus, minibus or coach",108,172,-64
E01000129,Driving a car or van,207,218,-11
E01000129,"Motorcycle, scooter or moped",3,8,-5
E01000129,Not in employment or aged 15 years and under,885,529,356
E01000129,On foot,62,66,-4
E01000129,Other method of travel to work,20,5,15
E01000129,Passenger in a car or van,28,10,18
E01000129,Taxi,4,0,4
E01000129,Train,30,42,-12
E01000129,"Underground, metro, light rail, tram",126,183,-57
E01000129,Work mainly at or from home,130,15,115
E01000130,Bicycle,11,8,3
E01000130,"Bus, minibus or coach",132,127,5
E01000130,Driving a car or van,309,252,57
E01000130,"Motorcycle, scooter or moped",7,8,-1
E01000130,Not in employment or aged 15 years and under,1016,459,557
E01000130,On foot,47,36,11
E01000130,Other method of travel to work,12,10,2
E01000130,Passenger in a car or van,21,18,3
E01000130,Taxi,7,3,4
E01000130,Train,44,43,1
E01000130,"Underground, metro, light rail, tram",129,193,-64
E01000130,Work mainly at or from home,205,26,179
E01000131,Bicycle,16,7,9
E01000131,"Bus, minibus or coach",114,120,-6
E01000131,Driving a car or van,259,291,-32
E01000131,"Motorcycle, scooter or moped",12,7,5
E01000131,Not in employment or aged 15 years and under,1060,506,554
E01000131,On foot,35,59,-24
E01000131,Other method of travel to work,14,8,6
E01000131,Passenger in a car or van,29,18,11
E01000131,Taxi,10,3,7
E01000131,Train,40,42,-2
E01000131,"Underground, metro, light rail, tram",162,248,-86
E01000131,Work mainly at or from home,276,33,243
E01000132,Bicycle,8,7,1
E01000132,"Bus, minibus or coach",88,120,-32
E01000132,Driving a car or van,233,242,-9
E01000132,"Motorcycle, scooter or moped",7,4,3
E01000132,Not in employment or aged 15 years and under,879,396,483
E01000132,On foot,51,44,7
E01000132,Other method of travel to work,10,6,4
E01000132,Passenger in a car or van,37,19,18
E01000132,Taxi,4,3,1
E01000132,Train,33,41,-8
E01000132,"Underground, metro, light rail, tram",113,135,-22
E01000132,Work mainly at or from home,151,10,141
E01000133,Bicycle,10,3,7
E01000133,"Bus, minibus or coach",115,131,-16
E01000133,Driving a car or van,252,262,-10
E01000133,"Motorcycle, scooter or moped",3,3,0
E01000133,Not in employment or aged 15 years and under,910,477,433
E01000133,On foot,46,38,8
E01000133,Other method of travel to work,9,4,5
E01000133,Passenger in a car or van,23,7,16
E01000133,Taxi,2,5,-3
E01000133,Train,25,44,-19
E01000133,"Underground, metro, light rail, tram",84,131,-47
E01000133,Work mainly at or from home,169,20,149
E01000134,Bicycle,8,6,2
E01000134,"Bus, minibus or coach",109,140,-31
E01000134,Driving a car or van,225,282,-57
E01000134,"Motorcycle, scooter or moped",16,6,10
E01000134,Not in employment or aged 15 years and under,1020,437,583
E01000134,On foot,52,43,9
E01000134,Other method of travel to work,23,3,20
E01000134,Passenger in a car or van,19,22,-3
E01000134,Taxi,3,1,2
E01000134,Train,28,36,-8
E01000134,"Underground, metro, light rail, tram",134,183,-49
E01000134,Work mainly at or from home,185,22,163
E01000135,Bicycle,24,12,12
E01000135,"Bus, minibus or coach",52,87,-35
E01000135,Driving a car or van,132,204,-72
E01000135,"Motorcycle, scooter or moped",5,9,-4
E01000135,Not in employment or aged 15 years and under,919,410,509
E01000135,On foot,32,34,-2
E01000135,Other method of travel to work,17,5,12
E01000135,Passenger in a car or van,7,8,-1
E01000135,Taxi,6,7,-1
E01000135,Train,9,28,-19
E01000135,"Underground, metro, light rail, tram",74,224,-150
E01000135,Work mainly at or from home,425,95,330
E01000136,Bicycle,5,19,-14
E01000136,"Bus, minibus or coach",21,61,-40
E01000136,Driving a car or van,96,206,-110
E01000136,"Motorcycle, scooter or moped",3,13,-10
E01000136,Not in employment or aged 15 years and under,821,336,485
E01000136,On foot,23,20,3
E01000136,Other method of travel to work,9,6,3
E01000136,Passenger in a car or van,9,17,-8
E01000136,Taxi,9,5,4
E01000136,Train,7,25,-18
E01000136,"Underground, metro, light rail, tram",64,213,-149
E01000136,Work mainly at or from home,422,119,303
E01000137,Bicycle,18,26,-8
E01000137,"Bus, minibus or coach",123,177,-54
E01000137,Driving a car or van,151,169,-18
E01000137,"Motorcycle, scooter or moped",3,7,-4
E01000137,Not in employment or aged 15 years and under,970,495,475
E01000137,On foot,33,36,-3
E01000137,Other method of travel to work,16,8,8
E01000137,Passenger in a car or van,11,12,-1
E01000137,Taxi,10,3,7
E01000137,Train,12,35,-23
E01000137,"Underground, metro, light rail, tram",75,165,-90
E01000137,Work mainly at or from home,238,44,194
E01000138,Bicycle,12,13,-1
E01000138,"Bus, minibus or coach",110,178,-68
E01000138,Driving a car or van,178,228,-50
E01000138,"Motorcycle, scooter or moped",4,8,-4
E01000138,Not in employment or aged 15 years and under,858,399,459
E01000138,On foot,45,31,14
E01000138,Other method of travel to work,13,7,6
E01000138,Passenger in a car or van,12,14,-2
E01000138,Taxi,8,2,6
E01000138,Train,24,23,1
E01000138,"Underground, metro, light rail, tram",75,126,-51
E01000138,Work mainly at or from home,279,34,245
E01000139,Bicycle,11,19,-8
E01000139,"Bus, minibus or coach",62,121,-59
E01000139,Driving a car or van,103,207,-104
E01000139,"Motorcycle, scooter or moped",7,11,-4
E01000139,Not in employment or aged 15 years and under,668,361,307
E01000139,On foot,39,38,1
E01000139,Other method of travel to work,12,9,3
E01000139,Passenger in a car or van,6,11,-5
E01000139,Taxi,5,2,3
E01000139,Train,19,44,-25
E01000139,"Underground, metro, light rail, tram",67,186,-119
E01000139,Work mainly at or from home,390,94,296
E01000140,Bicycle,23,26,-3
E01000140,"Bus, minibus or coach",104,191,-87
E01000140,Driving a car or van,125,167,-42
E01000140,"Motorcycle, scooter or moped",14,11,3
E01000140,Not in employment or aged 15 years and under,922,454,468
E01000140,On foot,52,44,8
E01000140,Other method of travel to work,14,12,2
E01000140,Passenger in a car or van,5,11,-6
E01000140,Taxi,7,5,2
E01000140,Train,21,39,-18
E01000140,"Underground, metro, light rail, tram",108,275,-167
E01000140,Work mainly at or from home,560,61,499
E01000141,Bicycle,32,41,-9
E01000141,"Bus, minibus or coach",217,273,-56
E01000141,Driving a car or van,133,219,-86
E01000141,"Motorcycle, scooter or moped",8,13,-5
E01000141,Not in employment or aged 15 years and under,864,514,350
E01000141,On foot,69,84,-15
E01000141,Other method of travel to work,16,6,10
E01000141,Passenger in a car or van,12,20,-8
E01000141,Taxi,3,4,-1
E01000141,Train,48,124,-76
E01000141,"Underground, metro, light rail, tram",147,305,-158
E01000141,Work mainly at or from home,318,53,265
E01000142,Bicycle,28,30,-2
E01000142,"Bus, minibus or coach",159,234,-75
E01000142,Driving a car or van,196,302,-106
E01000142,"Motorcycle, scooter or moped",18,20,-2
E01000142,Not in employment or aged 15 years and under,1160,557,603
E01000142,On foot,53,75,-22
E01000142,Other method of travel to work,25,10,15
E01000142,Passenger in a car or van,15,14,1
E01000142,Taxi,9,2,7
E01000142,Train,38,151,-113
E01000142,"Underground, metro, light rail, tram",131,314,-183
E01000142,Work mainly at or from home,406,61,345
E01000143,Bicycle,14,16,-2
E01000143,"Bus, minibus or coach",121,150,-29
E01000143,Driving a car or van,125,146,-21
E01000143,"Motorcycle, scooter or moped",12,5,7
E01000143,Not in employment or aged 15 years and under,922,486,436
E01000143,On foot,46,40,6
E01000143,Other method of travel to work,27,2,25
E01000143,Passenger in a car or van,9,12,-3
E01000143,Taxi,7,2,5
E01000143,Train,40,55,-15
E01000143,"Underground, metro, light rail, tram",74,136,-62
E01000143,Work mainly at or from home,275,27,248
E01000144,Bicycle,18,13,5
E01000144,"Bus, minibus or coach",91,137,-46
E01000144,Driving a car or van,105,161,-56
E01000144,"Motorcycle, scooter or moped",0,6,-6
E01000144,Not in employment or aged 15 years and under,844,362,482
E01000144,On foot,46,37,9
E01000144,Other method of travel to work,7,12,-5
E01000144,Passenger in a car or van,10,12,-2
E01000144,Taxi,3,1,2
E01000144,Train,12,35,-23
E01000144,"Underground, metro, light rail, tram",115,355,-240
E01000144,Work mainly at or from home,402,70,332
E01000145,Bicycle,5,13,-8
E01000145,"Bus, minibus or coach",36,75,-39
E01000145,Driving a car or van,166,159,7
E01000145,"Motorcycle, scooter or moped",2,8,-6
E01000145,Not in employment or aged 15 years and under,964,367,597
E01000145,On foot,44,48,-4
E01000145,Other method of travel to work,7,8,-1
E01000145,Passenger in a car or van,12,18,-6
E01000145,Taxi,3,1,2
E01000145,Train,21,14,7
E01000145,"Underground, metro, light rail, tram",51,200,-149
E01000145,Work mainly at or from home,301,81,220
E01000146,Bicycle,21,19,2
E01000146,"Bus, minibus or coach",93,153,-60
E01000146,Driving a car or van,123,136,-13
E01000146,"Motorcycle, scooter or moped",3,6,-3
E01000146,Not in employment or aged 15 years and under,850,410,440
E01000146,On foot,59,48,11
E01000146,Other method of travel to work,16,13,3
E01000146,Passenger in a car or van,13,8,5
E01000146,Taxi,9,2,7
E01000146,Train,11,33,-22
E01000146,"Underground, metro, light rail, tram",177,427,-250
E01000146,Work mainly at or from home,500,97,403
E01000147,Bicycle,9,4,5
E01000147,"Bus, minibus or coach",108,117,-9
E01000147,Driving a car or van,315,329,-14
E01000147,"Motorcycle, scooter or moped",6,12,-6
E01000147,Not in employment or aged 15 years and under,944,487,457
E01000147,On foot,69,66,3
E01000147,Other method of travel to work,12,6,6
E01000147,Passenger in a car or van,39,30,9
E01000147,Taxi,4,1,3
E01000147,Train,26,47,-21
E01000147,"Underground, metro, light rail, tram",150,211,-61
E01000147,Work mainly at or from home,225,25,200
E01000150,Bicycle,14,16,-2
E01000150,"Bus, minibus or coach",121,148,-27
E01000150,Driving a car or van,361,436,-75
E01000150,"Motorcycle, scooter or moped",10,12,-2
E01000150,Not in employment or aged 15 years and under,1119,512,607
E01000150,On foot,35,68,-33
E01000150,Other method of travel to work,14,10,4
E01000150,Passenger in a car or van,28,31,-3
E01000150,Taxi,4,3,1
E01000150,Train,32,65,-33
E01000150,"Underground, metro, light rail, tram",157,199,-42
E01000150,Work mainly at or from home,350,32,318
E01000151,Bicycle,1,6,-5
E01000151,"Bus, minibus or coach",75,146,-71
E01000151,Driving a car or van,176,172,4
E01000151,"Motorcycle, scooter or moped",21,5,16
E01000151,Not in employment or aged 15 years and under,1134,540,594
E01000151,On foot,63,42,21
E01000151,Other method of travel to work,8,4,4
E01000151,Passenger in a car or van,12,14,-2
E01000151,Taxi,3,0,3
E01000151,Train,28,27,1
E01000151,"Underground, metro, light rail, tram",80,153,-73
E01000151,Work mainly at or from home,117,18,99
E01000152,Bicycle,9,4,5
E01000152,"Bus, minibus or coach",124,145,-21
E01000152,Driving a car or van,369,230,139
E01000152,"Motorcycle, scooter or moped",11,8,3
E01000152,Not in employment or aged 15 years and under,1369,509,860
E01000152,On foot,58,40,18
E01000152,Other method of travel to work,15,11,4
E01000152,Passenger in a car or van,24,10,14
E01000152,Taxi,6,2,4
E01000152,Train,61,42,19
E01000152,"Underground, metro, light rail, tram",156,101,55
E01000152,Work mainly at or from home,485,14,471
E01000153,Bicycle,5,4,1
E01000153,"Bus, minibus or coach",122,123,-1
E01000153,Driving a car or van,255,211,44
E01000153,"Motorcycle, scooter or moped",6,1,5
E01000153,Not in employment or aged 15 years and under,1103,529,574
E01000153,On foot,58,49,9
E01000153,Other method of travel to work,25,7,18
E01000153,Passenger in a car or van,18,17,1
E01000153,Taxi,5,1,4
E01000153,Train,25,43,-18
E01000153,"Underground, metro, light rail, tram",95,106,-11
E01000153,Work mainly at or from home,219,16,203
E01000154,Bicycle,11,3,8
E01000154,"Bus, minibus or coach",108,94,14
E01000154,Driving a car or van,220,173,47
E01000154,"Motorcycle, scooter or moped",5,7,-2
E01000154,Not in employment or aged 15 years and under,1017,426,591
E01000154,On foot,35,36,-1
E01000154,Other method of travel to work,18,4,14
E01000154,Passenger in a car or van,22,11,11
E01000154,Taxi,3,2,1
E01000154,Train,20,38,-18
E01000154,"Underground, metro, light rail, tram",189,169,20
E01000154,Work mainly at or from home,264,16,248
E01000156,Bicycle,30,44,-14
E01000156,"Bus, minibus or coach",72,197,-125
E01000156,Driving a car or van,204,272,-68
E01000156,"Motorcycle, scooter or moped",8,19,-11
E01000156,Not in employment or aged 15 years and under,1016,415,601
E01000156,On foot,59,49,10
E01000156,Other method of travel to work,25,4,21
E01000156,Passenger in a car or van,9,14,-5
E01000156,Taxi,9,3,6
E01000156,Train,13,27,-14
E01000156,"Underground, metro, light rail, tram",90,287,-197
E01000156,Work mainly at or from home,485,87,398
E01000157,Bicycle,19,27,-8
E01000157,"Bus, minibus or coach",88,170,-82
E01000157,Driving a car or van,162,251,-89
E01000157,"Motorcycle, scooter or moped",7,13,-6
E01000157,Not in employment or aged 15 years and under,772,334,438
E01000157,On foot,49,45,4
E01000157,Other method of travel to work,12,3,9
E01000157,Passenger in a car or van,19,7,12
E01000157,Taxi,3,3,0
E01000157,Train,14,43,-29
E01000157,"Underground, metro, light rail, tram",68,213,-145
E01000157,Work mainly at or from home,369,63,306
E01000158,Bicycle,20,16,4
E01000158,"Bus, minibus or coach",53,154,-101
E01000158,Driving a car or van,197,309,-112
E01000158,"Motorcycle, scooter or moped",5,11,-6
E01000158,Not in employment or aged 15 years and under,720,485,235
E01000158,On foot,39,41,-2
E01000158,Other method of travel to work,10,9,1
E01000158,Passenger in a car or van,13,22,-9
E01000158,Taxi,8,8,0
E01000158,Train,18,93,-75
E01000158,"Underground, metro, light rail, tram",79,222,-143
E01000158,Work mainly at or from home,302,48,254
E01000159,Bicycle,12,10,2
E01000159,"Bus, minibus or coach",49,74,-25
E01000159,Driving a car or van,250,362,-112
E01000159,"Motorcycle, scooter or moped",7,16,-9
E01000159,Not in employment or aged 15 years and under,901,473,428
E01000159,On foot,29,35,-6
E01000159,Other method of travel to work,14,8,6
E01000159,Passenger in a car or van,17,13,4
E01000159,Taxi,1,6,-5
E01000159,Train,21,48,-27
E01000159,"Underground, metro, light rail, tram",92,166,-74
E01000159,Work mainly at or from home,394,60,334
E01000160,Bicycle,12,16,-4
E01000160,"Bus, minibus or coach",74,93,-19
E01000160,Driving a car or van,215,358,-143
E01000160,"Motorcycle, scooter or moped",15,24,-9
E01000160,Not in employment or aged 15 years and under,895,445,450
E01000160,On foot,41,45,-4
E01000160,Other method of travel to work,15,9,6
E01000160,Passenger in a car or van,8,14,-6
E01000160,Taxi,4,6,-2
E01000160,Train,49,228,-179
E01000160,"Underground, metro, light rail, tram",104,329,-225
E01000160,Work mainly at or from home,526,87,439
E01000161,Bicycle,10,6,4
E01000161,"Bus, minibus or coach",110,212,-102
E01000161,Driving a car or van,224,233,-9
E01000161,"Motorcycle, scooter or moped",6,14,-8
E01000161,Not in employment or aged 15 years and under,1099,310,789
E01000161,On foot,36,28,8
E01000161,Other method of travel to work,17,8,9
E01000161,Passenger in a car or van,7,19,-12
E01000161,Taxi,5,2,3
E01000161,Train,26,66,-40
E01000161,"Underground, metro, light rail, tram",96,157,-61
E01000161,Work mainly at or from home,395,38,357
E01000162,Bicycle,11,12,-1
E01000162,"Bus, minibus or coach",77,126,-49
E01000162,Driving a car or van,193,296,-103
E01000162,"Motorcycle, scooter or moped",7,8,-1
E01000162,Not in employment or aged 15 years and under,948,405,543
E01000162,On foot,42,64,-22
E01000162,Other method of travel to work,14,5,9
E01000162,Passenger in a car or van,14,14,0
E01000162,Taxi,6,2,4
E01000162,Train,13,39,-26
E01000162,"Underground, metro, light rail, tram",49,126,-77
E01000162,Work mainly at or from home,276,49,227
E01000163,Bicycle,14,26,-12
E01000163,"Bus, minibus or coach",132,196,-64
E01000163,Driving a car or van,240,242,-2
E01000163,"Motorcycle, scooter or moped",9,15,-6
E01000163,Not in employment or aged 15 years and under,926,461,465
E01000163,On foot,47,40,7
E01000163,Other method of travel to work,12,6,6
E01000163,Passenger in a car or van,18,10,8
E01000163,Taxi,2,4,-2
E01000163,Train,12,31,-19
E01000163,"Underground, metro, light rail, tram",68,147,-79
E01000163,Work mainly at or from home,213,33,180
E01000164,Bicycle,9,10,-1
E01000164,"Bus, minibus or coach",125,199,-74
E01000164,Driving a car or van,215,263,-48
E01000164,"Motorcycle, scooter or moped",13,9,4
E01000164,Not in employment or aged 15 years and under,940,443,497
E01000164,On foot,47,56,-9
E01000164,Other method of travel to work,11,10,1
E01000164,Passenger in a car or van,12,15,-3
E01000164,Taxi,5,6,-1
E01000164,Train,15,28,-13
E01000164,"Underground, metro, light rail, tram",73,148,-75
E01000164,Work mainly at or from home,249,38,211
E01000165,Bicycle,19,12,7
E01000165,"Bus, minibus or coach",79,254,-175
E01000165,Driving a car or van,250,347,-97
E01000165,"Motorcycle, scooter or moped",4,16,-12
E01000165,Not in employment or aged 15 years and under,966,422,544
E01000165,On foot,31,33,-2
E01000165,Other method of travel to work,14,6,8
E01000165,Passenger in a car or van,6,25,-19
E01000165,Taxi,3,3,0
E01000165,Train,39,94,-55
E01000165,"Underground, metro, light rail, tram",86,165,-79
E01000165,Work mainly at or from home,318,50,268
E01000166,Bicycle,5,4,1
E01000166,"Bus, minibus or coach",27,39,-12
E01000166,Driving a car or van,264,388,-124
E01000166,"Motorcycle, scooter or moped",1,9,-8
E01000166,Not in employment or aged 15 years and under,910,413,497
E01000166,On foot,25,25,0
E01000166,Other method of travel to work,8,10,-2
E01000166,Passenger in a car or van,13,11,2
E01000166,Taxi,2,10,-8
E01000166,Train,21,51,-30
E01000166,"Underground, metro, light rail, tram",58,147,-89
E01000166,Work mainly at or from home,283,37,246
E01000167,Bicycle,6,5,1
E01000167,"Bus, minibus or coach",40,83,-43
E01000167,Driving a car or van,258,316,-58
E01000167,"Motorcycle, scooter or moped",3,3,0
E01000167,Not in employment or aged 15 years and under,722,350,372
E01000167,On foot,37,38,-1
E01000167,Other method of travel to work,8,2,6
E01000167,Passenger in a car or van,23,21,2
E01000167,Taxi,7,7,0
E01000167,Train,17,58,-41
E01000167,"Underground, metro, light rail, tram",45,68,-23
E01000167,Work mainly at or from home,217,26,191
E01000168,Bicycle,2,6,-4
E01000168,"Bus, minibus or coach",16,27,-11
E01000168,Driving a car or van,254,359,-105
E01000168,"Motorcycle, scooter or moped",2,6,-4
E01000168,Not in employment or aged 15 years and under,813,412,401
E01000168,On foot,25,29,-4
E01000168,Other method of travel to work,6,7,-1
E01000168,Passenger in a car or van,9,20,-11
E01000168,Taxi,3,8,-5
E01000168,Train,9,31,-22
E01000168,"Underground, metro, light rail, tram",48,163,-115
E01000168,Work mainly at or from home,328,72,256
E01000169,Bicycle,10,7,3
E01000169,"Bus, minibus or coach",37,74,-37
E01000169,Driving a car or van,249,394,-145
E01000169,"Motorcycle, scooter or moped",4,10,-6
E01000169,Not in employment or aged 15 years and under,804,309,495
E01000169,On foot,33,38,-5
E01000169,Other method of travel to work,16,7,9
E01000169,Passenger in a car or van,11,12,-1
E01000169,Taxi,7,4,3
E01000169,Train,42,124,-82
E01000169,"Underground, metro, light rail, tram",60,101,-41
E01000169,Work mainly at or from home,361,41,320
E01000170,Bicycle,3,5,-2
E01000170,"Bus, minibus or coach",76,60,16
E01000170,Driving a car or van,342,383,-41
E01000170,"Motorcycle, scooter or moped",6,9,-3
E01000170,Not in employment or aged 15 years and under,1000,396,604
E01000170,On foot,30,45,-15
E01000170,Other method of travel to work,9,10,-1
E01000170,Passenger in a car or van,19,34,-15
E01000170,Taxi,5,5,0
E01000170,Train,24,91,-67
E01000170,"Underground, metro, light rail, tram",51,85,-34
E01000170,Work mainly at or from home,336,49,287
E01000171,Bicycle,11,12,-1
E01000171,"Bus, minibus or coach",102,125,-23
E01000171,Driving a car or van,337,376,-39
E01000171,"Motorcycle, scooter or moped",10,8,2
E01000171,Not in employment or aged 15 years and under,1226,410,816
E01000171,On foot,53,70,-17
E01000171,Other method of travel to work,19,8,11
E01000171,Passenger in a car or van,24,16,8
E01000171,Taxi,3,3,0
E01000171,Train,46,178,-132
E01000171,"Underground, metro, light rail, tram",87,137,-50
E01000171,Work mainly at or from home,374,36,338
E01000172,Bicycle,5,3,2
E01000172,"Bus, minibus or coach",19,48,-29
E01000172,Driving a car or van,239,368,-129
E01000172,"Motorcycle, scooter or moped",0,7,-7
E01000172,Not in employment or aged 15 years and under,957,432,525
E01000172,On foot,23,51,-28
E01000172,Other method of travel to work,11,6,5
E01000172,Passenger in a car or van,11,18,-7
E01000172,Taxi,3,2,1
E01000172,Train,11,44,-33
E01000172,"Underground, metro, light rail, tram",42,161,-119
E01000172,Work mainly at or from home,369,45,324
E01000173,Bicycle,10,8,2
E01000173,"Bus, minibus or coach",33,59,-26
E01000173,Driving a car or van,252,427,-175
E01000173,"Motorcycle, scooter or moped",8,10,-2
E01000173,Not in employment or aged 15 years and under,872,405,467
E01000173,On foot,44,49,-5
E01000173,Other method of travel to work,8,9,-1
E01000173,Passenger in a car or van,13,24,-11
E01000173,Taxi,5,4,1
E01000173,Train,23,110,-87
E01000173,"Underground, metro, light rail, tram",49,108,-59
E01000173,Work mainly at or from home,375,43,332
E01000174,Bicycle,9,10,-1
E01000174,"Bus, minibus or coach",71,70,1
E01000174,Driving a car or van,239,345,-106
E01000174,"Motorcycle, scooter or moped",8,9,-1
E01000174,Not in employment or aged 15 years and under,948,443,505
E01000174,On foot,50,67,-17
E01000174,Other method of travel to work,10,3,7
E01000174,Passenger in a car or van,7,15,-8
E01000174,Taxi,1,3,-2
E01000174,Train,45,153,-108
E01000174,"Underground, metro, light rail, tram",65,101,-36
E01000174,Work mainly at or from home,306,46,260
E01000175,Bicycle,14,8,6
E01000175,"Bus, minibus or coach",42,50,-8
E01000175,Driving a car or van,283,353,-70
E01000175,"Motorcycle, scooter or moped",3,2,1
E01000175,Not in employment or aged 15 years and under,1009,361,648
E01000175,On foot,54,37,17
E01000175,Other method of travel to work,27,7,20
E01000175,Passenger in a car or van,14,10,4
E01000175,Taxi,3,3,0
E01000175,Train,87,153,-66
E01000175,"Underground, metro, light rail, tram",63,103,-40
E01000175,Work mainly at or from home,430,51,379
E01000176,Bicycle,7,19,-12
E01000176,"Bus, minibus or coach",71,123,-52
E01000176,Driving a car or van,208,231,-23
E01000176,"Motorcycle, scooter or moped",3,4,-1
E01000176,Not in employment or aged 15 years and under,981,481,500
E01000176,On foot,36,50,-14
E01000176,Other method of travel to work,5,5,0
E01000176,Passenger in a car or van,20,12,8
E01000176,Taxi,1,4,-3
E01000176,Train,33,16,17
E01000176,"Underground, metro, light rail, tram",70,207,-137
E01000176,Work mainly at or from home,292,35,257
E01000177,Bicycle,18,46,-28
E01000177,"Bus, minibus or coach",35,56,-21
E01000177,Driving a car or van,117,237,-120
E01000177,"Motorcycle, scooter or moped",8,19,-11
E01000177,Not in employment or aged 15 years and under,798,292,506
E01000177,On foot,43,55,-12
E01000177,Other method of travel to work,8,4,4
E01000177,Passenger in a car or van,6,8,-2
E01000177,Taxi,5,5,0
E01000177,Train,6,22,-16
E01000177,"Underground, metro, light rail, tram",114,482,-368
E01000177,Work mainly at or from home,506,61,445
E01000178,Bicycle,23,26,-3
E01000178,"Bus, minibus or coach",45,66,-21
E01000178,Driving a car or van,121,245,-124
E01000178,"Motorcycle, scooter or moped",5,12,-7
E01000178,Not in employment or aged 15 years and under,861,363,498
E01000178,On foot,35,43,-8
E01000178,Other method of travel to work,7,4,3
E01000178,Passenger in a car or van,10,11,-1
E01000178,Taxi,4,2,2
E01000178,Train,11,19,-8
E01000178,"Underground, metro, light rail, tram",85,399,-314
E01000178,Work mainly at or from home,465,77,388
E01000179,Bicycle,19,39,-20
E01000179,"Bus, minibus or coach",66,80,-14
E01000179,Driving a car or van,184,293,-109
E01000179,"Motorcycle, scooter or moped",8,20,-12
E01000179,Not in employment or aged 15 years and under,767,265,502
E01000179,On foot,47,44,3
E01000179,Other method of travel to work,23,6,17
E01000179,Passenger in a car or van,12,10,2
E01000179,Taxi,1,2,-1
E01000179,Train,4,20,-16
E01000179,"Underground, metro, light rail, tram",129,462,-333
E01000179,Work mainly at or from home,530,53,477
E01000180,Bicycle,14,9,5
E01000180,"Bus, minibus or coach",49,70,-21
E01000180,Driving a car or van,152,222,-70
E01000180,"Motorcycle, scooter or moped",5,8,-3
E01000180,Not in employment or aged 15 years and under,858,379,479
E01000180,On foot,34,48,-14
E01000180,Other method of travel to work,6,4,2
E01000180,Passenger in a car or van,8,12,-4
E01000180,Taxi,1,1,0
E01000180,Train,21,24,-3
E01000180,"Underground, metro, light rail, tram",102,366,-264
E01000180,Work mainly at or from home,366,45,321
E01000181,Bicycle,16,34,-18
E01000181,"Bus, minibus or coach",26,65,-39
E01000181,Driving a car or van,115,231,-116
E01000181,"Motorcycle, scooter or moped",4,19,-15
E01000181,Not in employment or aged 15 years and under,724,312,412
E01000181,On foot,53,43,10
E01000181,Other method of travel to work,15,3,12
E01000181,Passenger in a car or van,2,8,-6
E01000181,Taxi,8,1,7
E01000181,Train,10,24,-14
E01000181,"Underground, metro, light rail, tram",153,496,-343
E01000181,Work mainly at or from home,565,83,482
E01000182,Bicycle,21,48,-27
E01000182,"Bus, minibus or coach",37,49,-12
E01000182,Driving a car or van,89,168,-79
E01000182,"Motorcycle, scooter or moped",2,11,-9
E01000182,Not in employment or aged 15 years and under,734,338,396
E01000182,On foot,43,41,2
E01000182,Other method of travel to work,9,12,-3
E01000182,Passenger in a car or van,2,3,-1
E01000182,Taxi,2,1,1
E01000182,Train,11,32,-21
E01000182,"Underground, metro, light rail, tram",114,548,-434
E01000182,Work mainly at or from home,551,69,482
E01000183,Bicycle,21,19,2
E01000183,"Bus, minibus or coach",25,38,-13
E01000183,Driving a car or van,127,232,-105
E01000183,"Motorcycle, scooter or moped",7,13,-6
E01000183,Not in employment or aged 15 years and under,853,280,573
E01000183,On foot,25,25,0
E01000183,Other method of travel to work,9,4,5
E01000183,Passenger in a car or van,5,9,-4
E01000183,Taxi,3,2,1
E01000183,Train,14,20,-6
E01000183,"Underground, metro, light rail, tram",77,294,-217
E01000183,Work mainly at or from home,359,89,270
E01000184,Bicycle,20,14,6
E01000184,"Bus, minibus or coach",103,122,-19
E01000184,Driving a car or van,236,200,36
E01000184,"Motorcycle, scooter or moped",8,5,3
E01000184,Not in employment or aged 15 years and under,1051,397,654
E01000184,On foot,57,49,8
E01000184,Other method of travel to work,10,5,5
E01000184,Passenger in a car or van,18,27,-9
E01000184,Taxi,5,3,2
E01000184,Train,14,19,-5
E01000184,"Underground, metro, light rail, tram",69,148,-79
E01000184,Work mainly at or from home,279,16,263
E01000185,Bicycle,15,9,6
E01000185,"Bus, minibus or coach",70,113,-43
E01000185,Driving a car or van,173,171,2
E01000185,"Motorcycle, scooter or moped",2,4,-2
E01000185,Not in employment or aged 15 years and under,837,474,363
E01000185,On foot,60,43,17
E01000185,Other method of travel to work,7,4,3
E01000185,Passenger in a car or van,9,11,-2
E01000185,Taxi,2,2,0
E01000185,Train,14,28,-14
E01000185,"Underground, metro, light rail, tram",88,201,-113
E01000185,Work mainly at or from home,194,32,162
E01000186,Bicycle,1,5,-4
E01000186,"Bus, minibus or coach",56,28,28
E01000186,Driving a car or van,275,387,-112
E01000186,"Motorcycle, scooter or moped",1,3,-2
E01000186,Not in employment or aged 15 years and under,928,321,607
E01000186,On foot,39,39,0
E01000186,Other method of travel to work,13,2,11
E01000186,Passenger in a car or van,17,16,1
E01000186,Taxi,2,11,-9
E01000186,Train,11,43,-32
E01000186,"Underground, metro, light rail, tram",54,136,-82
E01000186,Work mainly at or from home,371,89,282
E01000187,Bicycle,4,5,-1
E01000187,"Bus, minibus or coach",34,64,-30
E01000187,Driving a car or van,239,342,-103
E01000187,"Motorcycle, scooter or moped",0,6,-6
E01000187,Not in employment or aged 15 years and under,1030,379,651
E01000187,On foot,30,30,0
E01000187,Other method of travel to work,5,5,0
E01000187,Passenger in a car or van,11,22,-11
E01000187,Taxi,0,14,-14
E01000187,Train,6,33,-27
E01000187,"Underground, metro, light rail, tram",65,124,-59
E01000187,Work mainly at or from home,309,60,249
E01000188,Bicycle,0,5,-5
E01000188,"Bus, minibus or coach",12,41,-29
E01000188,Driving a car or van,236,427,-191
E01000188,"Motorcycle, scooter or moped",0,7,-7
E01000188,Not in employment or aged 15 years and under,851,314,537
E01000188,On foot,18,23,-5
E01000188,Other method of travel to work,12,4,8
E01000188,Passenger in a car or van,4,34,-30
E01000188,Taxi,6,8,-2
E01000188,Train,18,26,-8
E01000188,"Underground, metro, light rail, tram",58,144,-86
E01000188,Work mainly at or from home,363,94,269
E01000189,Bicycle,7,4,3
E01000189,"Bus, minibus or coach",94,177,-83
E01000189,Driving a car or van,361,223,138
E01000189,"Motorcycle, scooter or moped",3,2,1
E01000189,Not in employment or aged 15 years and under,1225,569,656
E01000189,On foot,35,47,-12
E01000189,Other method of travel to work,11,8,3
E01000189,Passenger in a car or van,17,22,-5
E01000189,Taxi,11,1,10
E01000189,Train,24,29,-5
E01000189,"Underground, metro, light rail, tram",158,144,14
E01000189,Work mainly at or from home,526,22,504
E01000190,Bicycle,10,9,1
E01000190,"Bus, minibus or coach",37,35,2
E01000190,Driving a car or van,237,361,-124
E01000190,"Motorcycle, scooter or moped",2,4,-2
E01000190,Not in employment or aged 15 years and under,939,368,571
E01000190,On foot,29,36,-7
E01000190,Other method of travel to work,6,5,1
E01000190,Passenger in a car or van,13,10,3
E01000190,Taxi,11,11,0
E01000190,Train,18,28,-10
E01000190,"Underground, metro, light rail, tram",55,151,-96
E01000190,Work mainly at or from home,380,65,315
E01000191,Bicycle,2,5,-3
E01000191,"Bus, minibus or coach",14,37,-23
E01000191,Driving a car or van,219,369,-150
E01000191,"Motorcycle, scooter or moped",3,5,-2
E01000191,Not in employment or aged 15 years and under,879,346,533
E01000191,On foot,32,35,-3
E01000191,Other method of travel to work,12,6,6
E01000191,Passenger in a car or van,8,20,-12
E01000191,Taxi,4,5,-1
E01000191,Train,10,24,-14
E01000191,"Underground, metro, light rail, tram",53,135,-82
E01000191,Work mainly at or from home,313,69,244
E01000192,Bicycle,11,4,7
E01000192,"Bus, minibus or coach",89,95,-6
E01000192,Driving a car or van,232,314,-82
E01000192,"Motorcycle, scooter or moped",7,4,3
E01000192,Not in employment or aged 15 years and under,1046,431,615
E01000192,On foot,61,73,-12
E01000192,Other method of travel to work,16,8,8
E01000192,Passenger in a car or van,24,20,4
E01000192,Taxi,3,3,0
E01000192,Train,32,49,-17
E01000192,"Underground, metro, light rail, tram",108,203,-95
E01000192,Work mainly at or from home,370,88,282
E01000193,Bicycle,6,5,1
E01000193,"Bus, minibus or coach",83,71,12
E01000193,Driving a car or van,234,315,-81
E01000193,"Motorcycle, scooter or moped",0,6,-6
E01000193,Not in employment or aged 15 years and under,987,423,564
E01000193,On foot,68,69,-1
E01000193,Other method of travel to work,10,7,3
E01000193,Passenger in a car or van,23,23,0
E01000193,Taxi,5,2,3
E01000193,Train,51,30,21
E01000193,"Underground, metro, light rail, tram",132,213,-81
E01000193,Work mainly at or from home,343,71,272
E01000194,Bicycle,8,4,4
E01000194,"Bus, minibus or coach",98,159,-61
E01000194,Driving a car or van,221,268,-47
E01000194,"Motorcycle, scooter or moped",6,6,0
E01000194,Not in employment or aged 15 years and under,1052,411,641
E01000194,On foot,66,77,-11
E01000194,Other method of travel to work,18,2,16
E01000194,Passenger in a car or van,22,24,-2
E01000194,Taxi,4,5,-1
E01000194,Train,37,48,-11
E01000194,"Underground, metro, light rail, tram",119,177,-58
E01000194,Work mainly at or from home,263,49,214
E01000195,Bicycle,5,6,-1
E01000195,"Bus, minibus or coach",131,122,9
E01000195,Driving a car or van,325,320,5
E01000195,"Motorcycle, scooter or moped",4,6,-2
E01000195,Not in employment or aged 15 years and under,1133,542,591
E01000195,On foot,35,46,-11
E01000195,Other method of travel to work,10,6,4
E01000195,Passenger in a car or van,53,28,25
E01000195,Taxi,2,6,-4
E01000195,Train,17,39,-22
E01000195,"Underground, metro, light rail, tram",98,132,-34
E01000195,Work mainly at or from home,209,23,186
E01000196,Bicycle,13,19,-6
E01000196,"Bus, minibus or coach",95,156,-61
E01000196,Driving a car or van,193,242,-49
E01000196,"Motorcycle, scooter or moped",8,6,2
E01000196,Not in employment or aged 15 years and under,1021,393,628
E01000196,On foot,57,78,-21
E01000196,Other method of travel to work,14,8,6
E01000196,Passenger in a car or van,6,13,-7
E01000196,Taxi,3,2,1
E01000196,Train,25,42,-17
E01000196,"Underground, metro, light rail, tram",151,394,-243
E01000196,Work mainly at or from home,538,70,468
E01000197,Bicycle,23,18,5
E01000197,"Bus, minibus or coach",59,118,-59
E01000197,Driving a car or van,176,269,-93
E01000197,"Motorcycle, scooter or moped",7,19,-12
E01000197,Not in employment or aged 15 years and under,843,396,447
E01000197,On foot,49,68,-19
E01000197,Other method of travel to work,17,4,13
E01000197,Passenger in a car or van,7,14,-7
E01000197,Taxi,3,6,-3
E01000197,Train,16,32,-16
E01000197,"Underground, metro, light rail, tram",171,416,-245
E01000197,Work mainly at or from home,478,68,410
E01000198,Bicycle,10,9,1
E01000198,"Bus, minibus or coach",68,72,-4
E01000198,Driving a car or van,298,427,-129
E01000198,"Motorcycle, scooter or moped",9,15,-6
E01000198,Not in employment or aged 15 years and under,1217,407,810
E01000198,On foot,33,28,5
E01000198,Other method of travel to work,9,8,1
E01000198,Passenger in a car or van,16,33,-17
E01000198,Taxi,4,6,-2
E01000198,Train,9,42,-33
E01000198,"Underground, metro, light rail, tram",58,182,-124
E01000198,Work mainly at or from home,461,84,377
E01000199,Bicycle,3,5,-2
E01000199,"Bus, minibus or coach",26,56,-30
E01000199,Driving a car or van,160,289,-129
E01000199,"Motorcycle, scooter or moped",4,6,-2
E01000199,Not in employment or aged 15 years and under,880,367,513
E01000199,On foot,18,33,-15
E01000199,Other method of travel to work,5,8,-3
E01000199,Passenger in a car or van,5,14,-9
E01000199,Taxi,2,1,1
E01000199,Train,5,15,-10
E01000199,"Underground, metro, light rail, tram",44,200,-156
E01000199,Work mainly at or from home,422,120,302
E01000200,Bicycle,9,14,-5
E01000200,"Bus, minibus or coach",50,56,-6
E01000200,Driving a car or van,181,304,-123
E01000200,"Motorcycle, scooter or moped",5,9,-4
E01000200,Not in employment or aged 15 years and under,1106,445,661
E01000200,On foot,28,37,-9
E01000200,Other method of travel to work,12,4,8
E01000200,Passenger in a car or van,8,16,-8
E01000200,Taxi,7,4,3
E01000200,Train,13,17,-4
E01000200,"Underground, metro, light rail, tram",77,266,-189
E01000200,Work mainly at or from home,485,120,365
E01000201,Bicycle,4,5,-1
E01000201,"Bus, minibus or coach",24,45,-21
E01000201,Driving a car or van,184,323,-139
E01000201,"Motorcycle, scooter or moped",4,4,0
E01000201,Not in employment or aged 15 years and under,838,376,462
E01000201,On foot,25,29,-4
E01000201,Other method of travel to work,6,9,-3
E01000201,Passenger in a car or van,10,23,-13
E01000201,Taxi,2,4,-2
E01000201,Train,14,17,-3
E01000201,"Underground, metro, light rail, tram",29,139,-110
E01000201,Work mainly at or from home,402,129,273
E01000202,Bicycle,11,14,-3
E01000202,"Bus, minibus or coach",59,85,-26
E01000202,Driving a car or van,135,286,-151
E01000202,"Motorcycle, scooter or moped",4,13,-9
E01000202,Not in employment or aged 15 years and under,812,375,437
E01000202,On foot,40,52,-12
E01000202,Other method of travel to work,7,16,-9
E01000202,Passenger in a car or van,15,13,2
E01000202,Taxi,2,1,1
E01000202,Train,9,21,-12
E01000202,"Underground, metro, light rail, tram",95,269,-174
E01000202,Work mainly at or from home,488,120,368
E01000203,Bicycle,15,11,4
E01000203,"Bus, minibus or coach",88,124,-36
E01000203,Driving a car or van,187,231,-44
E01000203,"Motorcycle, scooter or moped",9,11,-2
E01000203,Not in employment or aged 15 years and under,1047,474,573
E01000203,On foot,31,45,-14
E01000203,Other method of travel to work,12,11,1
E01000203,Passenger in a car or van,19,15,4
E01000203,Taxi,5,3,2
E01000203,Train,10,23,-13
E01000203,"Underground, metro, light rail, tram",72,193,-121
E01000203,Work mainly at or from home,357,86,271
E01000204,Bicycle,10,11,-1
E01000204,"Bus, minibus or coach",30,57,-27
E01000204,Driving a car or van,162,328,-166
E01000204,"Motorcycle, scooter or moped",10,12,-2
E01000204,Not in employment or aged 15 years and under,849,400,449
E01000204,On foot,29,49,-20
E01000204,Other method of travel to work,7,7,0
E01000204,Passenger in a car or van,9,22,-13
E01000204,Taxi,3,3,0
E01000204,Train,15,30,-15
E01000204,"Underground, metro, light rail, tram",87,313,-226
E01000204,Work mainly at or from home,487,79,408
E01000205,Bicycle,11,27,-16
E01000205,"Bus, minibus or coach",14,59,-45
E01000205,Driving a car or van,139,251,-112
E01000205,"Motorcycle, scooter or moped",3,15,-12
E01000205,Not in employment or aged 15 years and under,760,308,452
E01000205,On foot,19,24,-5
E01000205,Other method of travel to work,10,6,4
E01000205,Passenger in a car or van,16,11,5
E01000205,Taxi,5,2,3
E01000205,Train,4,21,-17
E01000205,"Underground, metro, light rail, tram",48,229,-181
E01000205,Work mainly at or from home,477,111,366
E01000206,Bicycle,5,16,-11
E01000206,"Bus, minibus or coach",12,35,-23
E01000206,Driving a car or van,143,249,-106
E01000206,"Motorcycle, scooter or moped",2,8,-6
E01000206,Not in employment or aged 15 years and under,815,384,431
E01000206,On foot,19,27,-8
E01000206,Other method of travel to work,9,19,-10
E01000206,Passenger in a car or van,12,25,-13
E01000206,Taxi,8,9,-1
E01000206,Train,9,20,-11
E01000206,"Underground, metro, light rail, tram",32,118,-86
E01000206,Work mainly at or from home,435,159,276
E01000207,Bicycle,7,13,-6
E01000207,"Bus, minibus or coach",25,46,-21
E01000207,Driving a car or van,128,292,-164
E01000207,"Motorcycle, scooter or moped",3,13,-10
E01000207,Not in employment or aged 15 years and under,914,372,542
E01000207,On foot,17,23,-6
E01000207,Other method of travel to work,7,10,-3
E01000207,Passenger in a car or van,8,18,-10
E01000207,Taxi,2,1,1
E01000207,Train,9,11,-2
E01000207,"Underground, metro, light rail, tram",47,196,-149
E01000207,Work mainly at or from home,409,112,297
E01000208,Bicycle,14,24,-10
E01000208,"Bus, minibus or coach",28,34,-6
E01000208,Driving a car or van,143,231,-88
E01000208,"Motorcycle, scooter or moped",3,8,-5
E01000208,Not in employment or aged 15 years and under,779,333,446
E01000208,On foot,22,22,0
E01000208,Other method of travel to work,14,13,1
E01000208,Passenger in a car or van,3,11,-8
E01000208,Taxi,6,3,3
E01000208,Train,12,34,-22
E01000208,"Underground, metro, light rail, tram",76,333,-257
E01000208,Work mainly at or from home,529,95,434
E01000209,Bicycle,7,22,-15
E01000209,"Bus, minibus or coach",21,44,-23
E01000209,Driving a car or van,94,235,-141
E01000209,"Motorcycle, scooter or moped",0,9,-9
E01000209,Not in employment or aged 15 years and under,833,358,475
E01000209,On foot,19,27,-8
E01000209,Other method of travel to work,6,6,0
E01000209,Passenger in a car or van,8,8,0
E01000209,Taxi,3,5,-2
E01000209,Train,9,19,-10
E01000209,"Underground, metro, light rail, tram",43,222,-179
E01000209,Work mainly at or from home,438,109,329
E01000210,Bicycle,8,13,-5
E01000210,"Bus, minibus or coach",18,47,-29
E01000210,Driving a car or van,143,278,-135
E01000210,"Motorcycle, scooter or moped",2,25,-23
E01000210,Not in employment or aged 15 years and under,771,287,484
E01000210,On foot,31,33,-2
E01000210,Other method of travel to work,8,6,2
E01000210,Passenger in a car or van,6,16,-10
E01000210,Taxi,6,4,2
E01000210,Train,3,17,-14
E01000210,"Underground, metro, light rail, tram",70,257,-187
E01000210,Work mainly at or from home,486,88,398
E01000211,Bicycle,13,27,-14
E01000211,"Bus, minibus or coach",165,222,-57
E01000211,Driving a car or van,174,238,-64
E01000211,"Motorcycle, scooter or moped",6,14,-8
E01000211,Not in employment or aged 15 years and under,1103,458,645
E01000211,On foot,57,44,13
E01000211,Other method of travel to work,13,12,1
E01000211,Passenger in a car or van,11,17,-6
E01000211,Taxi,4,6,-2
E01000211,Train,11,37,-26
E01000211,"Underground, metro, light rail, tram",133,409,-276
E01000211,Work mainly at or from home,435,84,351
E01000212,Bicycle,8,19,-11
E01000212,"Bus, minibus or coach",57,87,-30
E01000212,Driving a car or van,97,256,-159
E01000212,"Motorcycle, scooter or moped",4,16,-12
E01000212,Not in employment or aged 15 years and under,673,409,264
E01000212,On foot,23,47,-24
E01000212,Other method of travel to work,6,8,-2
E01000212,Passenger in a car or van,7,16,-9
E01000212,Taxi,1,1,0
E01000212,Train,10,18,-8
E01000212,"Underground, metro, light rail, tram",82,329,-247
E01000212,Work mainly at or from home,378,128,250
E01000213,Bicycle,10,13,-3
E01000213,"Bus, minibus or coach",14,20,-6
E01000213,Driving a car or van,123,276,-153
E01000213,"Motorcycle, scooter or moped",5,13,-8
E01000213,Not in employment or aged 15 years and under,738,348,390
E01000213,On foot,8,13,-5
E01000213,Other method of travel to work,5,7,-2
E01000213,Passenger in a car or van,2,11,-9
E01000213,Taxi,1,4,-3
E01000213,Train,2,12,-10
E01000213,"Underground, metro, light rail, tram",33,134,-101
E01000213,Work mainly at or from home,409,106,303
E01000214,Bicycle,20,22,-2
E01000214,"Bus, minibus or coach",50,100,-50
E01000214,Driving a car or van,113,134,-21
E01000214,"Motorcycle, scooter or moped",3,7,-4
E01000214,Not in employment or aged 15 years and under,716,260,456
E01000214,On foot,35,32,3
E01000214,Other method of travel to work,7,7,0
E01000214,Passenger in a car or van,6,2,4
E01000214,Taxi,8,2,6
E01000214,Train,12,16,-4
E01000214,"Underground, metro, light rail, tram",107,365,-258
E01000214,Work mainly at or from home,552,54,498
E01000215,Bicycle,5,11,-6
E01000215,"Bus, minibus or coach",45,71,-26
E01000215,Driving a car or van,204,262,-58
E01000215,"Motorcycle, scooter or moped",5,5,0
E01000215,Not in employment or aged 15 years and under,1349,432,917
E01000215,On foot,79,77,2
E01000215,Other method of travel to work,23,10,13
E01000215,Passenger in a car or van,14,24,-10
E01000215,Taxi,2,6,-4
E01000215,Train,11,22,-11
E01000215,"Underground, metro, light rail, tram",75,231,-156
E01000215,Work mainly at or from home,332,100,232
E01000216,Bicycle,10,18,-8
E01000216,"Bus, minibus or coach",52,114,-62
E01000216,Driving a car or van,168,261,-93
E01000216,"Motorcycle, scooter or moped",1,7,-6
E01000216,Not in employment or aged 15 years and under,1117,388,729
E01000216,On foot,52,67,-15
E01000216,Other method of travel to work,9,10,-1
E01000216,Passenger in a car or van,11,14,-3
E01000216,Taxi,1,3,-2
E01000216,Train,6,32,-26
E01000216,"Underground, metro, light rail, tram",77,269,-192
E01000216,Work mainly at or from home,473,111,362
E01000217,Bicycle,27,13,14
E01000217,"Bus, minibus or coach",54,84,-30
E01000217,Driving a car or van,191,277,-86
E01000217,"Motorcycle, scooter or moped",4,8,-4
E01000217,Not in employment or aged 15 years and under,986,394,592
E01000217,On foot,62,67,-5
E01000217,Other method of travel to work,20,4,16
E01000217,Passenger in a car or van,9,16,-7
E01000217,Taxi,4,2,2
E01000217,Train,6,31,-25
E01000217,"Underground, metro, light rail, tram",70,174,-104
E01000217,Work mainly at or from home,344,80,264
E01000218,Bicycle,7,8,-1
E01000218,"Bus, minibus or coach",67,114,-47
E01000218,Driving a car or van,195,192,3
E01000218,"Motorcycle, scooter or moped",3,7,-4
E01000218,Not in employment or aged 15 years and under,1065,416,649
E01000218,On foot,67,74,-7
E01000218,Other method of travel to work,12,5,7
E01000218,Passenger in a car or van,26,23,3
E01000218,Taxi,1,1,0
E01000218,Train,16,26,-10
E01000218,"Underground, metro, light rail, tram",90,249,-159
E01000218,Work mainly at or from home,300,88,212
E01000219,Bicycle,15,19,-4
E01000219,"Bus, minibus or coach",115,111,4
E01000219,Driving a car or van,236,216,20
E01000219,"Motorcycle, scooter or moped",5,7,-2
E01000219,Not in employment or aged 15 years and under,1218,443,775
E01000219,On foot,95,93,2
E01000219,Other method of travel to work,14,6,8
E01000219,Passenger in a car or van,22,27,-5
E01000219,Taxi,12,3,9
E01000219,Train,24,26,-2
E01000219,"Underground, metro, light rail, tram",129,260,-131
E01000219,Work mainly at or from home,312,68,244
E01000220,Bicycle,6,11,-5
E01000220,"Bus, minibus or coach",66,89,-23
E01000220,Driving a car or van,192,201,-9
E01000220,"Motorcycle, scooter or moped",13,7,6
E01000220,Not in employment or aged 15 years and under,1113,414,699
E01000220,On foot,79,101,-22
E01000220,Other method of travel to work,18,3,15
E01000220,Passenger in a car or van,16,22,-6
E01000220,Taxi,2,5,-3
E01000220,Train,19,30,-11
E01000220,"Underground, metro, light rail, tram",100,288,-188
E01000220,Work mainly at or from home,263,64,199
E01000221,Bicycle,7,5,2
E01000221,"Bus, minibus or coach",83,125,-42
E01000221,Driving a car or van,129,145,-16
E01000221,"Motorcycle, scooter or moped",4,4,0
E01000221,Not in employment or aged 15 years and under,915,394,521
E01000221,On foot,38,43,-5
E01000221,Other method of travel to work,9,3,6
E01000221,Passenger in a car or van,8,11,-3
E01000221,Taxi,5,2,3
E01000221,Train,21,23,-2
E01000221,"Underground, metro, light rail, tram",53,96,-43
E01000221,Work mainly at or from home,138,27,111
E01000222,Bicycle,18,10,8
E01000222,"Bus, minibus or coach",124,156,-32
E01000222,Driving a car or van,221,204,17
E01000222,"Motorcycle, scooter or moped",9,7,2
E01000222,Not in employment or aged 15 years and under,1149,461,688
E01000222,On foot,47,46,1
E01000222,Other method of travel to work,17,5,12
E01000222,Passenger in a car or van,14,15,-1
E01000222,Taxi,4,4,0
E01000222,Train,21,34,-13
E01000222,"Underground, metro, light rail, tram",98,148,-50
E01000222,Work mainly at or from home,316,38,278
E01000223,Bicycle,23,14,9
E01000223,"Bus, minibus or coach",137,150,-13
E01000223,Driving a car or van,240,198,42
E01000223,"Motorcycle, scooter or moped",7,4,3
E01000223,Not in employment or aged 15 years and under,1171,347,824
E01000223,On foot,49,44,5
E01000223,Other method of travel to work,14,3,11
E01000223,Passenger in a car or van,24,8,16
E01000223,Taxi,2,3,-1
E01000223,Train,21,30,-9
E01000223,"Underground, metro, light rail, tram",104,95,9
E01000223,Work mainly at or from home,251,26,225
E01000224,Bicycle,12,13,-1
E01000224,"Bus, minibus or coach",109,142,-33
E01000224,Driving a car or van,148,218,-70
E01000224,"Motorcycle, scooter or moped",10,11,-1
E01000224,Not in employment or aged 15 years and under,979,452,527
E01000224,On foot,25,22,3
E01000224,Other method of travel to work,13,1,12
E01000224,Passenger in a car or van,8,8,0
E01000224,Taxi,4,8,-4
E01000224,Train,20,38,-18
E01000224,"Underground, metro, light rail, tram",102,167,-65
E01000224,Work mainly at or from home,255,50,205
E01000225,Bicycle,9,11,-2
E01000225,"Bus, minibus or coach",34,45,-11
E01000225,Driving a car or van,201,250,-49
E01000225,"Motorcycle, scooter or moped",1,9,-8
E01000225,Not in employment or aged 15 years and under,1178,362,816
E01000225,On foot,64,50,14
E01000225,Other method of travel to work,7,9,-2
E01000225,Passenger in a car or van,18,19,-1
E01000225,Taxi,1,2,-1
E01000225,Train,11,13,-2
E01000225,"Underground, metro, light rail, tram",44,124,-80
E01000225,Work mainly at or from home,306,86,220
E01000226,Bicycle,15,6,9
E01000226,"Bus, minibus or coach",93,146,-53
E01000226,Driving a car or van,286,291,-5
E01000226,"Motorcycle, scooter or moped",7,7,0
E01000226,Not in employment or aged 15 years and under,946,476,470
E01000226,On foot,54,44,10
E01000226,Other method of travel to work,12,1,11
E01000226,Passenger in a car or van,18,22,-4
E01000226,Taxi,6,6,0
E01000226,Train,27,49,-22
E01000226,"Underground, metro, light rail, tram",110,138,-28
E01000226,Work mainly at or from home,167,26,141
E01000227,Bicycle,9,6,3
E01000227,"Bus, minibus or coach",38,86,-48
E01000227,Driving a car or van,271,385,-114
E01000227,"Motorcycle, scooter or moped",3,7,-4
E01000227,Not in employment or aged 15 years and under,944,405,539
E01000227,On foot,41,52,-11
E01000227,Other method of travel to work,9,7,2
E01000227,Passenger in a car or van,17,20,-3
E01000227,Taxi,4,8,-4
E01000227,Train,27,51,-24
E01000227,"Underground, metro, light rail, tram",123,201,-78
E01000227,Work mainly at or from home,386,57,329
E01000228,Bicycle,6,6,0
E01000228,"Bus, minibus or coach",27,43,-16
E01000228,Driving a car or van,243,377,-134
E01000228,"Motorcycle, scooter or moped",3,6,-3
E01000228,Not in employment or aged 15 years and under,732,309,423
E01000228,On foot,22,43,-21
E01000228,Other method of travel to work,14,8,6
E01000228,Passenger in a car or van,11,7,4
E01000228,Taxi,3,3,0
E01000228,Train,18,52,-34
E01000228,"Underground, metro, light rail, tram",25,94,-69
E01000228,Work mainly at or from home,326,63,263
E01000229,Bicycle,6,10,-4
E01000229,"Bus, minibus or coach",82,120,-38
E01000229,Driving a car or van,302,351,-49
E01000229,"Motorcycle, scooter or moped",8,12,-4
E01000229,Not in employment or aged 15 years and under,884,435,449
E01000229,On foot,29,25,4
E01000229,Other method of travel to work,9,4,5
E01000229,Passenger in a car or van,17,14,3
E01000229,Taxi,1,5,-4
E01000229,Train,29,41,-12
E01000229,"Underground, metro, light rail, tram",58,125,-67
E01000229,Work mainly at or from home,244,49,195
E01000230,Bicycle,11,2,9
E01000230,"Bus, minibus or coach",42,65,-23
E01000230,Driving a car or van,275,404,-129
E01000230,"Motorcycle, scooter or moped",1,5,-4
E01000230,Not in employment or aged 15 years and under,1129,399,730
E01000230,On foot,43,30,13
E01000230,Other method of travel to work,11,8,3
E01000230,Passenger in a car or van,20,22,-2
E01000230,Taxi,3,10,-7
E01000230,Train,23,43,-20
E01000230,"Underground, metro, light rail, tram",58,144,-86
E01000230,Work mainly at or from home,342,74,268
E01000231,Bicycle,9,11,-2
E01000231,"Bus, minibus or coach",70,116,-46
E01000231,Driving a car or van,299,436,-137
E01000231,"Motorcycle, scooter or moped",5,6,-1
E01000231,Not in employment or aged 15 years and under,908,400,508
E01000231,On foot,29,35,-6
E01000231,Other method of travel to work,8,5,3
E01000231,Passenger in a car or van,24,26,-2
E01000231,Taxi,9,3,6
E01000231,Train,25,78,-53
E01000231,"Underground, metro, light rail, tram",61,124,-63
E01000231,Work mainly at or from home,344,54,290
E01000232,Bicycle,5,2,3
E01000232,"Bus, minibus or coach",41,63,-22
E01000232,Driving a car or van,260,404,-144
E01000232,"Motorcycle, scooter or moped",3,4,-1
E01000232,Not in employment or aged 15 years and under,1000,463,537
E01000232,On foot,25,36,-11
E01000232,Other method of travel to work,9,8,1
E01000232,Passenger in a car or van,19,20,-1
E01000232,Taxi,7,9,-2
E01000232,Train,45,78,-33
E01000232,"Underground, metro, light rail, tram",64,147,-83
E01000232,Work mainly at or from home,388,70,318
E01000233,Bicycle,8,7,1
E01000233,"Bus, minibus or coach",56,65,-9
E01000233,Driving a car or van,284,403,-119
E01000233,"Motorcycle, scooter or moped",3,5,-2
E01000233,Not in employment or aged 15 years and under,935,411,524
E01000233,On foot,44,35,9
E01000233,Other method of travel to work,11,7,4
E01000233,Passenger in a car or van,19,21,-2
E01000233,Taxi,3,6,-3
E01000233,Train,29,124,-95
E01000233,"Underground, metro, light rail, tram",99,172,-73
E01000233,Work mainly at or from home,449,56,393
E01000234,Bicycle,4,7,-3
E01000234,"Bus, minibus or coach",45,83,-38
E01000234,Driving a car or van,218,342,-124
E01000234,"Motorcycle, scooter or moped",7,11,-4
E01000234,Not in employment or aged 15 years and under,862,381,481
E01000234,On foot,34,51,-17
E01000234,Other method of travel to work,8,3,5
E01000234,Passenger in a car or van,9,6,3
E01000234,Taxi,2,1,1
E01000234,Train,54,160,-106
E01000234,"Underground, metro, light rail, tram",71,132,-61
E01000234,Work mainly at or from home,464,62,402
E01000235,Bicycle,5,6,-1
E01000235,"Bus, minibus or coach",97,117,-20
E01000235,Driving a car or van,272,284,-12
E01000235,"Motorcycle, scooter or moped",6,5,1
E01000235,Not in employment or aged 15 years and under,975,437,538
E01000235,On foot,55,44,11
E01000235,Other method of travel to work,15,3,12
E01000235,Passenger in a car or van,24,21,3
E01000235,Taxi,11,6,5
E01000235,Train,59,108,-49
E01000235,"Underground, metro, light rail, tram",99,118,-19
E01000235,Work mainly at or from home,250,43,207
E01000236,Bicycle,4,3,1
E01000236,"Bus, minibus or coach",50,67,-17
E01000236,Driving a car or van,262,321,-59
E01000236,"Motorcycle, scooter or moped",5,6,-1
E01000236,Not in employment or aged 15 years and under,1119,410,709
E01000236,On foot,57,73,-16
E01000236,Other method of travel to work,5,13,-8
E01000236,Passenger in a car or van,14,20,-6
E01000236,Taxi,0,2,-2
E01000236,Train,23,31,-8
E01000236,"Underground, metro, light rail, tram",92,189,-97
E01000236,Work mainly at or from home,329,78,251
E01000237,Bicycle,16,12,4
E01000237,"Bus, minibus or coach",118,123,-5
E01000237,Driving a car or van,212,297,-85
E01000237,"Motorcycle, scooter or moped",7,7,0
E01000237,Not in employment or aged 15 years and under,1029,481,548
E01000237,On foot,84,109,-25
E01000237,Other method of travel to work,21,5,16
E01000237,Passenger in a car or van,18,20,-2
E01000237,Taxi,4,3,1
E01000237,Train,25,50,-25
E01000237,"Underground, metro, light rail, tram",181,368,-187
E01000237,Work mainly at or from home,391,79,312
E01000238,Bicycle,18,19,-1
E01000238,"Bus, minibus or coach",96,113,-17
E01000238,Driving a car or van,272,318,-46
E01000238,"Motorcycle, scooter or moped",11,7,4
E01000238,Not in employment or aged 15 years and under,1184,457,727
E01000238,On foot,61,64,-3
E01000238,Other method of travel to work,11,4,7
E01000238,Passenger in a car or van,24,24,0
E01000238,Taxi,4,2,2
E01000238,Train,12,42,-30
E01000238,"Underground, metro, light rail, tram",112,203,-91
E01000238,Work mainly at or from home,291,66,225
E01000239,Bicycle,9,8,1
E01000239,"Bus, minibus or coach",129,150,-21
E01000239,Driving a car or van,268,337,-69
E01000239,"Motorcycle, scooter or moped",3,10,-7
E01000239,Not in employment or aged 15 years and under,1042,555,487
E01000239,On foot,56,63,-7
E01000239,Other method of travel to work,16,5,11
E01000239,Passenger in a car or van,13,21,-8
E01000239,Taxi,8,1,7
E01000239,Train,32,59,-27
E01000239,"Underground, metro, light rail, tram",154,311,-157
E01000239,Work mainly at or from home,332,52,280
E01000240,Bicycle,9,9,0
E01000240,"Bus, minibus or coach",106,119,-13
E01000240,Driving a car or van,267,311,-44
E01000240,"Motorcycle, scooter or moped",14,10,4
E01000240,Not in employment or aged 15 years and under,872,473,399
E01000240,On foot,26,35,-9
E01000240,Other method of travel to work,23,9,14
E01000240,Passenger in a car or van,16,34,-18
E01000240,Taxi,2,0,2
E01000240,Train,18,27,-9
E01000240,"Underground, metro, light rail, tram",90,164,-74
E01000240,Work mainly at or from home,291,63,228
E01000241,Bicycle,5,12,-7
E01000241,"Bus, minibus or coach",70,83,-13
E01000241,Driving a car or van,239,390,-151
E01000241,"Motorcycle, scooter or moped",4,8,-4
E01000241,Not in employment or aged 15 years and under,895,425,470
E01000241,On foot,48,63,-15
E01000241,Other method of travel to work,9,6,3
E01000241,Passenger in a car or van,17,22,-5
E01000241,Taxi,1,5,-4
E01000241,Train,19,30,-11
E01000241,"Underground, metro, light rail, tram",77,196,-119
E01000241,Work mainly at or from home,404,99,305
E01000242,Bicycle,5,15,-10
E01000242,"Bus, minibus or coach",41,53,-12
E01000242,Driving a car or van,186,286,-100
E01000242,"Motorcycle, scooter or moped",7,8,-1
E01000242,Not in employment or aged 15 years and under,926,411,515
E01000242,On foot,28,39,-11
E01000242,Other method of travel to work,7,8,-1
E01000242,Passenger in a car or van,11,22,-11
E01000242,Taxi,1,1,0
E01000242,Train,12,23,-11
E01000242,"Underground, metro, light rail, tram",41,133,-92
E01000242,Work mainly at or from home,340,76,264
E01000243,Bicycle,7,15,-8
E01000243,"Bus, minibus or coach",155,166,-11
E01000243,Driving a car or van,232,239,-7
E01000243,"Motorcycle, scooter or moped",29,8,21
E01000243,Not in employment or aged 15 years and under,1059,519,540
E01000243,On foot,91,97,-6
E01000243,Other method of travel to work,6,10,-4
E01000243,Passenger in a car or van,15,13,2
E01000243,Taxi,9,4,5
E01000243,Train,28,33,-5
E01000243,"Underground, metro, light rail, tram",181,267,-86
E01000243,Work mainly at or from home,346,72,274
E01000244,Bicycle,3,6,-3
E01000244,"Bus, minibus or coach",109,128,-19
E01000244,Driving a car or van,179,224,-45
E01000244,"Motorcycle, scooter or moped",6,9,-3
E01000244,Not in employment or aged 15 years and under,822,577,245
E01000244,On foot,66,85,-19
E01000244,Other method of travel to work,7,5,2
E01000244,Passenger in a car or van,26,13,13
E01000244,Taxi,5,0,5
E01000244,Train,41,28,13
E01000244,"Underground, metro, light rail, tram",94,199,-105
E01000244,Work mainly at or from home,282,58,224
E01000245,Bicycle,17,8,9
E01000245,"Bus, minibus or coach",156,180,-24
E01000245,Driving a car or van,230,227,3
E01000245,"Motorcycle, scooter or moped",9,13,-4
E01000245,Not in employment or aged 15 years and under,1091,583,508
E01000245,On foot,97,81,16
E01000245,Other method of travel to work,21,18,3
E01000245,Passenger in a car or van,19,15,4
E01000245,Taxi,2,1,1
E01000245,Train,37,49,-12
E01000245,"Underground, metro, light rail, tram",156,233,-77
E01000245,Work mainly at or from home,218,52,166
E01000246,Bicycle,6,14,-8
E01000246,"Bus, minibus or coach",23,34,-11
E01000246,Driving a car or van,187,363,-176
E01000246,"Motorcycle, scooter or moped",4,17,-13
E01000246,Not in employment or aged 15 years and under,791,358,433
E01000246,On foot,20,21,-1
E01000246,Other method of travel to work,5,7,-2
E01000246,Passenger in a car or van,14,19,-5
E01000246,Taxi,0,3,-3
E01000246,Train,12,62,-50
E01000246,"Underground, metro, light rail, tram",77,138,-61
E01000246,Work mainly at or from home,382,57,325
E01000247,Bicycle,9,13,-4
E01000247,"Bus, minibus or coach",36,83,-47
E01000247,Driving a car or van,246,404,-158
E01000247,"Motorcycle, scooter or moped",4,9,-5
E01000247,Not in employment or aged 15 years and under,790,351,439
E01000247,On foot,33,56,-23
E01000247,Other method of travel to work,8,7,1
E01000247,Passenger in a car or van,19,14,5
E01000247,Taxi,4,1,3
E01000247,Train,25,133,-108
E01000247,"Underground, metro, light rail, tram",73,155,-82
E01000247,Work mainly at or from home,444,67,377
E01000248,Bicycle,6,17,-11
E01000248,"Bus, minibus or coach",28,41,-13
E01000248,Driving a car or van,176,332,-156
E01000248,"Motorcycle, scooter or moped",6,11,-5
E01000248,Not in employment or aged 15 years and under,855,341,514
E01000248,On foot,64,85,-21
E01000248,Other method of travel to work,7,2,5
E01000248,Passenger in a car or van,7,8,-1
E01000248,Taxi,3,4,-1
E01000248,Train,14,30,-16
E01000248,"Underground, metro, light rail, tram",80,241,-161
E01000248,Work mainly at or from home,461,71,390
E01000249,Bicycle,8,19,-11
E01000249,"Bus, minibus or coach",20,40,-20
E01000249,Driving a car or van,193,341,-148
E01000249,"Motorcycle, scooter or moped",3,14,-11
E01000249,Not in employment or aged 15 years and under,825,296,529
E01000249,On foot,50,77,-27
E01000249,Other method of travel to work,9,6,3
E01000249,Passenger in a car or van,7,20,-13
E01000249,Taxi,4,4,0
E01000249,Train,13,35,-22
E01000249,"Underground, metro, light rail, tram",51,179,-128
E01000249,Work mainly at or from home,431,68,363
E01000250,Bicycle,7,14,-7
E01000250,"Bus, minibus or coach",104,83,21
E01000250,Driving a car or van,302,442,-140
E01000250,"Motorcycle, scooter or moped",4,8,-4
E01000250,Not in employment or aged 15 years and under,1296,457,839
E01000250,On foot,108,135,-27
E01000250,Other method of travel to work,16,9,7
E01000250,Passenger in a car or van,17,32,-15
E01000250,Taxi,5,5,0
E01000250,Train,22,55,-33
E01000250,"Underground, metro, light rail, tram",141,310,-169
E01000250,Work mainly at or from home,588,84,504
E01000251,Bicycle,6,10,-4
E01000251,"Bus, minibus or coach",97,85,12
E01000251,Driving a car or van,264,380,-116
E01000251,"Motorcycle, scooter or moped",8,11,-3
E01000251,Not in employment or aged 15 years and under,1250,491,759
E01000251,On foot,31,55,-24
E01000251,Other method of travel to work,11,1,10
E01000251,Passenger in a car or van,18,22,-4
E01000251,Taxi,2,2,0
E01000251,Train,49,177,-128
E01000251,"Underground, metro, light rail, tram",74,142,-68
E01000251,Work mainly at or from home,443,46,397
E01000252,Bicycle,2,11,-9
E01000252,"Bus, minibus or coach",52,70,-18
E01000252,Driving a car or van,253,362,-109
E01000252,"Motorcycle, scooter or moped",7,8,-1
E01000252,Not in employment or aged 15 years and under,830,363,467
E01000252,On foot,22,42,-20
E01000252,Other method of travel to work,12,2,10
E01000252,Passenger in a car or van,15,15,0
E01000252,Taxi,0,5,-5
E01000252,Train,40,91,-51
E01000252,"Underground, metro, light rail, tram",61,152,-91
E01000252,Work mainly at or from home,420,59,361
E01000253,Bicycle,3,7,-4
E01000253,"Bus, minibus or coach",15,21,-6
E01000253,Driving a car or van,305,403,-98
E01000253,"Motorcycle, scooter or moped",1,3,-2
E01000253,Not in employment or aged 15 years and under,1036,460,576
E01000253,On foot,21,25,-4
E01000253,Other method of travel to work,2,5,-3
E01000253,Passenger in a car or van,8,10,-2
E01000253,Taxi,1,1,0
E01000253,Train,7,40,-33
E01000253,"Underground, metro, light rail, tram",57,95,-38
E01000253,Work mainly at or from home,528,113,415
E01000254,Bicycle,8,15,-7
E01000254,"Bus, minibus or coach",16,31,-15
E01000254,Driving a car or van,173,322,-149
E01000254,"Motorcycle, scooter or moped",3,5,-2
E01000254,Not in employment or aged 15 years and under,826,323,503
E01000254,On foot,51,71,-20
E01000254,Other method of travel to work,10,4,6
E01000254,Passenger in a car or van,7,15,-8
E01000254,Taxi,5,1,4
E01000254,Train,8,47,-39
E01000254,"Underground, metro, light rail, tram",61,153,-92
E01000254,Work mainly at or from home,434,95,339
E01000255,Bicycle,4,8,-4
E01000255,"Bus, minibus or coach",52,65,-13
E01000255,Driving a car or van,240,295,-55
E01000255,"Motorcycle, scooter or moped",5,4,1
E01000255,Not in employment or aged 15 years and under,936,417,519
E01000255,On foot,33,72,-39
E01000255,Other method of travel to work,14,3,11
E01000255,Passenger in a car or van,5,16,-11
E01000255,Taxi,4,2,2
E01000255,Train,11,34,-23
E01000255,"Underground, metro, light rail, tram",50,108,-58
E01000255,Work mainly at or from home,340,57,283
E01000256,Bicycle,2,8,-6
E01000256,"Bus, minibus or coach",83,78,5
E01000256,Driving a car or van,261,413,-152
E01000256,"Motorcycle, scooter or moped",10,6,4
E01000256,Not in employment or aged 15 years and under,1051,413,638
E01000256,On foot,28,31,-3
E01000256,Other method of travel to work,10,8,2
E01000256,Passenger in a car or van,9,18,-9
E01000256,Taxi,4,5,-1
E01000256,Train,25,97,-72
E01000256,"Underground, metro, light rail, tram",55,136,-81
E01000256,Work mainly at or from home,388,93,295
E01000257,Bicycle,18,5,13
E01000257,"Bus, minibus or coach",81,153,-72
E01000257,Driving a car or van,253,245,8
E01000257,"Motorcycle, scooter or moped",1,6,-5
E01000257,Not in employment or aged 15 years and under,1044,502,542
E01000257,On foot,45,53,-8
E01000257,Other method of travel to work,16,6,10
E01000257,Passenger in a car or van,10,40,-30
E01000257,Taxi,4,1,3
E01000257,Train,21,31,-10
E01000257,"Underground, metro, light rail, tram",141,186,-45
E01000257,Work mainly at or from home,456,24,432
E01000258,Bicycle,7,9,-2
E01000258,"Bus, minibus or coach",45,47,-2
E01000258,Driving a car or van,236,354,-118
E01000258,"Motorcycle, scooter or moped",5,10,-5
E01000258,Not in employment or aged 15 years and under,974,348,626
E01000258,On foot,40,56,-16
E01000258,Other method of travel to work,7,3,4
E01000258,Passenger in a car or van,11,20,-9
E01000258,Taxi,4,1,3
E01000258,Train,56,135,-79
E01000258,"Underground, metro, light rail, tram",40,105,-65
E01000258,Work mainly at or from home,463,104,359
E01000259,Bicycle,7,10,-3
E01000259,"Bus, minibus or coach",68,84,-16
E01000259,Driving a car or van,380,573,-193
E01000259,"Motorcycle, scooter or moped",11,8,3
E01000259,Not in employment or aged 15 years and under,1403,600,803
E01000259,On foot,41,63,-22
E01000259,Other method of travel to work,13,11,2
E01000259,Passenger in a car or van,24,32,-8
E01000259,Taxi,8,3,5
E01000259,Train,19,54,-35
E01000259,"Underground, metro, light rail, tram",101,364,-263
E01000259,Work mainly at or from home,570,69,501
E01000260,Bicycle,16,5,11
E01000260,"Bus, minibus or coach",125,104,21
E01000260,Driving a car or van,304,460,-156
E01000260,"Motorcycle, scooter or moped",3,7,-4
E01000260,Not in employment or aged 15 years and under,1093,460,633
E01000260,On foot,24,29,-5
E01000260,Other method of travel to work,16,5,11
E01000260,Passenger in a car or van,22,22,0
E01000260,Taxi,5,6,-1
E01000260,Train,30,93,-63
E01000260,"Underground, metro, light rail, tram",89,174,-85
E01000260,Work mainly at or from home,436,80,356
E01000261,Bicycle,11,11,0
E01000261,"Bus, minibus or coach",24,28,-4
E01000261,Driving a car or van,199,335,-136
E01000261,"Motorcycle, scooter or moped",1,7,-6
E01000261,Not in employment or aged 15 years and under,1017,348,669
E01000261,On foot,41,57,-16
E01000261,Other method of travel to work,7,3,4
E01000261,Passenger in a car or van,9,18,-9
E01000261,Taxi,2,1,1
E01000261,Train,16,75,-59
E01000261,"Underground, metro, light rail, tram",31,102,-71
E01000261,Work mainly at or from home,412,84,328
E01000263,Bicycle,6,6,0
E01000263,"Bus, minibus or coach",3,36,-33
E01000263,Driving a car or van,189,343,-154
E01000263,"Motorcycle, scooter or moped",0,4,-4
E01000263,Not in employment or aged 15 years and under,766,284,482
E01000263,On foot,21,27,-6
E01000263,Other method of travel to work,3,8,-5
E01000263,Passenger in a car or van,8,18,-10
E01000263,Taxi,1,2,-1
E01000263,Train,25,127,-102
E01000263,"Underground, metro, light rail, tram",29,87,-58
E01000263,Work mainly at or from home,471,122,349
E01000264,Bicycle,3,10,-7
E01000264,"Bus, minibus or coach",91,98,-7
E01000264,Driving a car or van,246,331,-85
E01000264,"Motorcycle, scooter or moped",7,6,1
E01000264,Not in employment or aged 15 years and under,848,421,427
E01000264,On foot,50,45,5
E01000264,Other method of travel to work,23,7,16
E01000264,Passenger in a car or van,15,10,5
E01000264,Taxi,2,8,-6
E01000264,Train,54,114,-60
E01000264,"Underground, metro, light rail, tram",81,112,-31
E01000264,Work mainly at or from home,391,66,325
E01000265,Bicycle,9,10,-1
E01000265,"Bus, minibus or coach",94,108,-14
E01000265,Driving a car or van,299,446,-147
E01000265,"Motorcycle, scooter or moped",5,7,-2
E01000265,Not in employment or aged 15 years and under,1004,475,529
E01000265,On foot,48,39,9
E01000265,Other method of travel to work,15,3,12
E01000265,Passenger in a car or van,18,20,-2
E01000265,Taxi,6,5,1
E01000265,Train,21,46,-25
E01000265,"Underground, metro, light rail, tram",94,197,-103
E01000265,Work mainly at or from home,314,36,278
E01000266,Bicycle,8,4,4
E01000266,"Bus, minibus or coach",12,38,-26
E01000266,Driving a car or van,183,394,-211
E01000266,"Motorcycle, scooter or moped",4,12,-8
E01000266,Not in employment or aged 15 years and under,749,351,398
E01000266,On foot,17,37,-20
E01000266,Other method of travel to work,7,2,5
E01000266,Passenger in a car or van,9,22,-13
E01000266,Taxi,1,5,-4
E01000266,Train,13,54,-41
E01000266,"Underground, metro, light rail, tram",44,137,-93
E01000266,Work mainly at or from home,387,68,319
E01000267,Bicycle,11,6,5
E01000267,"Bus, minibus or coach",35,43,-8
E01000267,Driving a car or van,264,402,-138
E01000267,"Motorcycle, scooter or moped",5,7,-2
E01000267,Not in employment or aged 15 years and under,693,335,358
E01000267,On foot,30,49,-19
E01000267,Other method of travel to work,7,3,4
E01000267,Passenger in a car or van,20,18,2
E01000267,Taxi,3,4,-1
E01000267,Train,33,118,-85
E01000267,"Underground, metro, light rail, tram",63,102,-39
E01000267,Work mainly at or from home,369,65,304
E01000268,Bicycle,5,13,-8
E01000268,"Bus, minibus or coach",101,82,19
E01000268,Driving a car or van,244,348,-104
E01000268,"Motorcycle, scooter or moped",3,8,-5
E01000268,Not in employment or aged 15 years and under,1074,380,694
E01000268,On foot,57,43,14
E01000268,Other method of travel to work,11,4,7
E01000268,Passenger in a car or van,15,17,-2
E01000268,Taxi,2,3,-1
E01000268,Train,48,145,-97
E01000268,"Underground, metro, light rail, tram",103,157,-54
E01000268,Work mainly at or from home,413,65,348
E01000269,Bicycle,7,5,2
E01000269,"Bus, minibus or coach",37,52,-15
E01000269,Driving a car or van,202,378,-176
E01000269,"Motorcycle, scooter or moped",0,6,-6
E01000269,Not in employment or aged 15 years and under,712,304,408
E01000269,On foot,21,34,-13
E01000269,Other method of travel to work,12,3,9
E01000269,Passenger in a car or van,7,23,-16
E01000269,Taxi,3,4,-1
E01000269,Train,7,57,-50
E01000269,"Underground, metro, light rail, tram",47,116,-69
E01000269,Work mainly at or from home,328,52,276
E01000270,Bicycle,8,10,-2
E01000270,"Bus, minibus or coach",37,54,-17
E01000270,Driving a car or van,203,305,-102
E01000270,"Motorcycle, scooter or moped",4,9,-5
E01000270,Not in employment or aged 15 years and under,790,327,463
E01000270,On foot,39,39,0
E01000270,Other method of travel to work,5,5,0
E01000270,Passenger in a car or van,14,19,-5
E01000270,Taxi,8,3,5
E01000270,Train,24,145,-121
E01000270,"Underground, metro, light rail, tram",53,108,-55
E01000270,Work mainly at or from home,362,65,297
E01000271,Bicycle,9,8,1
E01000271,"Bus, minibus or coach",27,57,-30
E01000271,Driving a car or van,219,321,-102
E01000271,"Motorcycle, scooter or moped",1,5,-4
E01000271,Not in employment or aged 15 years and under,867,318,549
E01000271,On foot,24,18,6
E01000271,Other method of travel to work,5,7,-2
E01000271,Passenger in a car or van,14,16,-2
E01000271,Taxi,1,2,-1
E01000271,Train,19,66,-47
E01000271,"Underground, metro, light rail, tram",56,148,-92
E01000271,Work mainly at or from home,389,67,322
E01000272,Bicycle,5,4,1
E01000272,"Bus, minibus or coach",14,19,-5
E01000272,Driving a car or van,160,284,-124
E01000272,"Motorcycle, scooter or moped",0,2,-2
E01000272,Not in employment or aged 15 years and under,788,301,487
E01000272,On foot,9,17,-8
E01000272,Other method of travel to work,8,8,0
E01000272,Passenger in a car or van,6,20,-14
E01000272,Taxi,3,1,2
E01000272,Train,18,94,-76
E01000272,"Underground, metro, light rail, tram",42,112,-70
E01000272,Work mainly at or from home,373,95,278
E01000273,Bicycle,4,10,-6
E01000273,"Bus, minibus or coach",53,76,-23
E01000273,Driving a car or van,195,239,-44
E01000273,"Motorcycle, scooter or moped",8,8,0
E01000273,Not in employment or aged 15 years and under,860,378,482
E01000273,On foot,39,49,-10
E01000273,Other method of travel to work,4,13,-9
E01000273,Passenger in a car or van,14,12,2
E01000273,Taxi,4,3,1
E01000273,Train,11,69,-58
E01000273,"Underground, metro, light rail, tram",70,213,-143
E01000273,Work mainly at or from home,406,34,372
E01000274,Bicycle,12,6,6
E01000274,"Bus, minibus or coach",83,109,-26
E01000274,Driving a car or van,290,406,-116
E01000274,"Motorcycle, scooter or moped",7,17,-10
E01000274,Not in employment or aged 15 years and under,994,450,544
E01000274,On foot,32,46,-14
E01000274,Other method of travel to work,12,6,6
E01000274,Passenger in a car or van,24,14,10
E01000274,Taxi,0,4,-4
E01000274,Train,24,56,-32
E01000274,"Underground, metro, light rail, tram",84,177,-93
E01000274,Work mainly at or from home,371,42,329
E01000275,Bicycle,6,1,5
E01000275,"Bus, minibus or coach",28,40,-12
E01000275,Driving a car or van,190,308,-118
E01000275,"Motorcycle, scooter or moped",3,4,-1
E01000275,Not in employment or aged 15 years and under,903,357,546
E01000275,On foot,30,42,-12
E01000275,Other method of travel to work,10,8,2
E01000275,Passenger in a car or van,7,19,-12
E01000275,Taxi,3,1,2
E01000275,Train,16,20,-4
E01000275,"Underground, metro, light rail, tram",118,318,-200
E01000275,Work mainly at or from home,429,66,363
E01000276,Bicycle,2,6,-4
E01000276,"Bus, minibus or coach",19,27,-8
E01000276,Driving a car or van,172,286,-114
E01000276,"Motorcycle, scooter or moped",3,10,-7
E01000276,Not in employment or aged 15 years and under,822,337,485
E01000276,On foot,15,23,-8
E01000276,Other method of travel to work,3,2,1
E01000276,Passenger in a car or van,7,16,-9
E01000276,Taxi,1,2,-1
E01000276,Train,2,27,-25
E01000276,"Underground, metro, light rail, tram",43,226,-183
E01000276,Work mainly at or from home,448,88,360
E01000277,Bicycle,6,4,2
E01000277,"Bus, minibus or coach",45,50,-5
E01000277,Driving a car or van,156,191,-35
E01000277,"Motorcycle, scooter or moped",3,4,-1
E01000277,Not in employment or aged 15 years and under,838,467,371
E01000277,On foot,28,40,-12
E01000277,Other method of travel to work,11,3,8
E01000277,Passenger in a car or van,8,8,0
E01000277,Taxi,2,1,1
E01000277,Train,24,27,-3
E01000277,"Underground, metro, light rail, tram",146,324,-178
E01000277,Work mainly at or from home,389,48,341
E01000278,Bicycle,7,6,1
E01000278,"Bus, minibus or coach",10,29,-19
E01000278,Driving a car or van,143,265,-122
E01000278,"Motorcycle, scooter or moped",1,0,1
E01000278,Not in employment or aged 15 years and under,823,339,484
E01000278,On foot,15,25,-10
E01000278,Other method of travel to work,3,5,-2
E01000278,Passenger in a car or van,6,15,-9
E01000278,Taxi,3,4,-1
E01000278,Train,7,17,-10
E01000278,"Underground, metro, light rail, tram",61,251,-190
E01000278,Work mainly at or from home,402,65,337
E01000279,Bicycle,2,4,-2
E01000279,"Bus, minibus or coach",16,17,-1
E01000279,Driving a car or van,153,302,-149
E01000279,"Motorcycle, scooter or moped",4,4,0
E01000279,Not in employment or aged 15 years and under,763,376,387
E01000279,On foot,9,23,-14
E01000279,Other method of travel to work,4,10,-6
E01000279,Passenger in a car or van,5,14,-9
E01000279,Taxi,4,2,2
E01000279,Train,10,34,-24
E01000279,"Underground, metro, light rail, tram",33,139,-106
E01000279,Work mainly at or from home,362,114,248
E01000280,Bicycle,4,6,-2
E01000280,"Bus, minibus or coach",13,17,-4
E01000280,Driving a car or van,154,309,-155
E01000280,"Motorcycle, scooter or moped",4,10,-6
E01000280,Not in employment or aged 15 years and under,711,333,378
E01000280,On foot,19,22,-3
E01000280,Other method of travel to work,2,9,-7
E01000280,Passenger in a car or van,6,16,-10
E01000280,Taxi,1,3,-2
E01000280,Train,9,19,-10
E01000280,"Underground, metro, light rail, tram",41,192,-151
E01000280,Work mainly at or from home,373,86,287
E01000281,Bicycle,5,7,-2
E01000281,"Bus, minibus or coach",45,96,-51
E01000281,Driving a car or van,185,173,12
E01000281,"Motorcycle, scooter or moped",5,7,-2
E01000281,Not in employment or aged 15 years and under,799,251,548
E01000281,On foot,24,39,-15
E01000281,Other method of travel to work,9,1,8
E01000281,Passenger in a car or van,7,6,1
E01000281,Taxi,2,2,0
E01000281,Train,18,25,-7
E01000281,"Underground, metro, light rail, tram",112,192,-80
E01000281,Work mainly at or from home,579,36,543
E01000282,Bicycle,5,18,-13
E01000282,"Bus, minibus or coach",33,53,-20
E01000282,Driving a car or van,217,284,-67
E01000282,"Motorcycle, scooter or moped",1,12,-11
E01000282,Not in employment or aged 15 years and under,918,400,518
E01000282,On foot,35,37,-2
E01000282,Other method of travel to work,10,10,0
E01000282,Passenger in a car or van,12,11,1
E01000282,Taxi,3,5,-2
E01000282,Train,11,24,-13
E01000282,"Underground, metro, light rail, tram",84,302,-218
E01000282,Work mainly at or from home,476,62,414
E01000283,Bicycle,4,7,-3
E01000283,"Bus, minibus or coach",10,28,-18
E01000283,Driving a car or van,183,292,-109
E01000283,"Motorcycle, scooter or moped",1,2,-1
E01000283,Not in employment or aged 15 years and under,721,309,412
E01000283,On foot,8,23,-15
E01000283,Other method of travel to work,1,6,-5
E01000283,Passenger in a car or van,8,10,-2
E01000283,Taxi,1,1,0
E01000283,Train,2,25,-23
E01000283,"Underground, metro, light rail, tram",44,220,-176
E01000283,Work mainly at or from home,392,76,316
E01000284,Bicycle,10,17,-7
E01000284,"Bus, minibus or coach",108,96,12
E01000284,Driving a car or van,229,301,-72
E01000284,"Motorcycle, scooter or moped",5,10,-5
E01000284,Not in employment or aged 15 years and under,866,378,488
E01000284,On foot,45,43,2
E01000284,Other method of travel to work,7,2,5
E01000284,Passenger in a car or van,32,13,19
E01000284,Taxi,4,2,2
E01000284,Train,13,26,-13
E01000284,"Underground, metro, light rail, tram",105,299,-194
E01000284,Work mainly at or from home,386,54,332
E01000285,Bicycle,5,7,-2
E01000285,"Bus, minibus or coach",46,63,-17
E01000285,Driving a car or van,228,345,-117
E01000285,"Motorcycle, scooter or moped",7,8,-1
E01000285,Not in employment or aged 15 years and under,820,402,418
E01000285,On foot,30,49,-19
E01000285,Other method of travel to work,7,4,3
E01000285,Passenger in a car or van,15,34,-19
E01000285,Taxi,4,9,-5
E01000285,Train,6,26,-20
E01000285,"Underground, metro, light rail, tram",50,127,-77
E01000285,Work mainly at or from home,295,31,264
E01000286,Bicycle,6,3,3
E01000286,"Bus, minibus or coach",59,91,-32
E01000286,Driving a car or van,263,334,-71
E01000286,"Motorcycle, scooter or moped",7,9,-2
E01000286,Not in employment or aged 15 years and under,943,412,531
E01000286,On foot,63,63,0
E01000286,Other method of travel to work,6,4,2
E01000286,Passenger in a car or van,28,19,9
E01000286,Taxi,2,2,0
E01000286,Train,16,28,-12
E01000286,"Underground, metro, light rail, tram",53,112,-59
E01000286,Work mainly at or from home,276,32,244
E01000287,Bicycle,8,2,6
E01000287,"Bus, minibus or coach",44,91,-47
E01000287,Driving a car or van,299,329,-30
E01000287,"Motorcycle, scooter or moped",7,13,-6
E01000287,Not in employment or aged 15 years and under,894,464,430
E01000287,On foot,53,57,-4
E01000287,Other method of travel to work,9,2,7
E01000287,Passenger in a car or van,20,23,-3
E01000287,Taxi,9,4,5
E01000287,Train,9,15,-6
E01000287,"Underground, metro, light rail, tram",55,106,-51
E01000287,Work mainly at or from home,225,40,185
E01000288,Bicycle,5,9,-4
E01000288,"Bus, minibus or coach",37,76,-39
E01000288,Driving a car or van,213,355,-142
E01000288,"Motorcycle, scooter or moped",5,8,-3
E01000288,Not in employment or aged 15 years and under,786,357,429
E01000288,On foot,23,46,-23
E01000288,Other method of travel to work,11,4,7
E01000288,Passenger in a car or van,12,13,-1
E01000288,Taxi,7,7,0
E01000288,Train,17,37,-20
E01000288,"Underground, metro, light rail, tram",78,172,-94
E01000288,Work mainly at or from home,346,40,306
E01000289,Bicycle,6,4,2
E01000289,"Bus, minibus or coach",96,127,-31
E01000289,Driving a car or van,228,307,-79
E01000289,"Motorcycle, scooter or moped",4,3,1
E01000289,Not in employment or aged 15 years and under,926,584,342
E01000289,On foot,34,47,-13
E01000289,Other method of travel to work,5,8,-3
E01000289,Passenger in a car or van,16,25,-9
E01000289,Taxi,0,1,-1
E01000289,Train,22,23,-1
E01000289,"Underground, metro, light rail, tram",61,115,-54
E01000289,Work mainly at or from home,184,20,164
E01000290,Bicycle,4,5,-1
E01000290,"Bus, minibus or coach",38,60,-22
E01000290,Driving a car or van,278,379,-101
E01000290,"Motorcycle, scooter or moped",4,5,-1
E01000290,Not in employment or aged 15 years and under,898,431,467
E01000290,On foot,27,25,2
E01000290,Other method of travel to work,9,5,4
E01000290,Passenger in a car or van,16,18,-2
E01000290,Taxi,1,3,-2
E01000290,Train,16,24,-8
E01000290,"Underground, metro, light rail, tram",47,102,-55
E01000290,Work mainly at or from home,285,56,229
E01000291,Bicycle,11,4,7
E01000291,"Bus, minibus or coach",54,82,-28
E01000291,Driving a car or van,261,276,-15
E01000291,"Motorcycle, scooter or moped",2,5,-3
E01000291,Not in employment or aged 15 years and under,824,454,370
E01000291,On foot,29,48,-19
E01000291,Other method of travel to work,8,10,-2
E01000291,Passenger in a car or van,19,28,-9
E01000291,Taxi,2,4,-2
E01000291,Train,12,23,-11
E01000291,"Underground, metro, light rail, tram",67,115,-48
E01000291,Work mainly at or from home,275,19,256
E01000292,Bicycle,11,8,3
E01000292,"Bus, minibus or coach",23,42,-19
E01000292,Driving a car or van,155,297,-142
E01000292,"Motorcycle, scooter or moped",2,8,-6
E01000292,Not in employment or aged 15 years and under,858,350,508
E01000292,On foot,38,66,-28
E01000292,Other method of travel to work,7,3,4
E01000292,Passenger in a car or van,4,22,-18
E01000292,Taxi,1,6,-5
E01000292,Train,7,23,-16
E01000292,"Underground, metro, light rail, tram",75,169,-94
E01000292,Work mainly at or from home,368,55,313
E01000293,Bicycle,7,11,-4
E01000293,"Bus, minibus or coach",42,54,-12
E01000293,Driving a car or van,209,341,-132
E01000293,"Motorcycle, scooter or moped",2,10,-8
E01000293,Not in employment or aged 15 years and under,863,377,486
E01000293,On foot,64,56,8
E01000293,Other method of travel to work,9,6,3
E01000293,Passenger in a car or van,10,18,-8
E01000293,Taxi,5,5,0
E01000293,Train,16,31,-15
E01000293,"Underground, metro, light rail, tram",103,300,-197
E01000293,Work mainly at or from home,443,74,369
E01000294,Bicycle,2,5,-3
E01000294,"Bus, minibus or coach",47,50,-3
E01000294,Driving a car or van,216,320,-104
E01000294,"Motorcycle, scooter or moped",2,7,-5
E01000294,Not in employment or aged 15 years and under,971,410,561
E01000294,On foot,75,54,21
E01000294,Other method of travel to work,19,4,15
E01000294,Passenger in a car or van,10,12,-2
E01000294,Taxi,3,3,0
E01000294,Train,16,34,-18
E01000294,"Underground, metro, light rail, tram",74,175,-101
E01000294,Work mainly at or from home,374,58,316
E01000295,Bicycle,11,14,-3
E01000295,"Bus, minibus or coach",39,88,-49
E01000295,Driving a car or van,144,230,-86
E01000295,"Motorcycle, scooter or moped",7,14,-7
E01000295,Not in employment or aged 15 years and under,737,418,319
E01000295,On foot,35,50,-15
E01000295,Other method of travel to work,4,7,-3
E01000295,Passenger in a car or van,9,7,2
E01000295,Taxi,0,1,-1
E01000295,Train,10,25,-15
E01000295,"Underground, metro, light rail, tram",129,408,-279
E01000295,Work mainly at or from home,488,68,420
E01000296,Bicycle,15,12,3
E01000296,"Bus, minibus or coach",64,91,-27
E01000296,Driving a car or van,177,228,-51
E01000296,"Motorcycle, scooter or moped",4,14,-10
E01000296,Not in employment or aged 15 years and under,780,364,416
E01000296,On foot,50,56,-6
E01000296,Other method of travel to work,10,3,7
E01000296,Passenger in a car or van,12,14,-2
E01000296,Taxi,2,6,-4
E01000296,Train,12,29,-17
E01000296,"Underground, metro, light rail, tram",171,444,-273
E01000296,Work mainly at or from home,487,77,410
E01000297,Bicycle,9,13,-4
E01000297,"Bus, minibus or coach",56,80,-24
E01000297,Driving a car or van,150,253,-103
E01000297,"Motorcycle, scooter or moped",8,4,4
E01000297,Not in employment or aged 15 years and under,669,339,330
E01000297,On foot,42,77,-35
E01000297,Other method of travel to work,14,7,7
E01000297,Passenger in a car or van,14,9,5
E01000297,Taxi,3,2,1
E01000297,Train,12,32,-20
E01000297,"Underground, metro, light rail, tram",108,297,-189
E01000297,Work mainly at or from home,329,31,298
E01000298,Bicycle,9,18,-9
E01000298,"Bus, minibus or coach",75,117,-42
E01000298,Driving a car or van,154,255,-101
E01000298,"Motorcycle, scooter or moped",2,10,-8
E01000298,Not in employment or aged 15 years and under,779,360,419
E01000298,On foot,61,81,-20
E01000298,Other method of travel to work,10,8,2
E01000298,Passenger in a car or van,4,14,-10
E01000298,Taxi,1,1,0
E01000298,Train,15,33,-18
E01000298,"Underground, metro, light rail, tram",160,423,-263
E01000298,Work mainly at or from home,437,62,375
E01000299,Bicycle,18,12,6
E01000299,"Bus, minibus or coach",100,149,-49
E01000299,Driving a car or van,204,238,-34
E01000299,"Motorcycle, scooter or moped",5,9,-4
E01000299,Not in employment or aged 15 years and under,1194,440,754
E01000299,On foot,84,87,-3
E01000299,Other method of travel to work,9,5,4
E01000299,Passenger in a car or van,14,13,1
E01000299,Taxi,5,1,4
E01000299,Train,27,33,-6
E01000299,"Underground, metro, light rail, tram",126,353,-227
E01000299,Work mainly at or from home,428,43,385
E01000300,Bicycle,14,19,-5
E01000300,"Bus, minibus or coach",48,77,-29
E01000300,Driving a car or van,166,263,-97
E01000300,"Motorcycle, scooter or moped",2,5,-3
E01000300,Not in employment or aged 15 years and under,796,348,448
E01000300,On foot,37,73,-36
E01000300,Other method of travel to work,10,8,2
E01000300,Passenger in a car or van,14,14,0
E01000300,Taxi,3,2,1
E01000300,Train,4,21,-17
E01000300,"Underground, metro, light rail, tram",105,338,-233
E01000300,Work mainly at or from home,469,73,396
E01000301,Bicycle,8,16,-8
E01000301,"Bus, minibus or coach",17,34,-17
E01000301,Driving a car or van,149,239,-90
E01000301,"Motorcycle, scooter or moped",2,5,-3
E01000301,Not in employment or aged 15 years and under,809,329,480
E01000301,On foot,16,38,-22
E01000301,Other method of travel to work,6,1,5
E01000301,Passenger in a car or van,7,12,-5
E01000301,Taxi,1,1,0
E01000301,Train,15,17,-2
E01000301,"Underground, metro, light rail, tram",57,301,-244
E01000301,Work mainly at or from home,406,61,345
E01000302,Bicycle,11,14,-3
E01000302,"Bus, minibus or coach",70,115,-45
E01000302,Driving a car or van,155,230,-75
E01000302,"Motorcycle, scooter or moped",9,9,0
E01000302,Not in employment or aged 15 years and under,947,451,496
E01000302,On foot,52,76,-24
E01000302,Other method of travel to work,5,9,-4
E01000302,Passenger in a car or van,8,8,0
E01000302,Taxi,3,2,1
E01000302,Train,25,33,-8
E01000302,"Underground, metro, light rail, tram",107,362,-255
E01000302,Work mainly at or from home,407,50,357
E01000303,Bicycle,7,11,-4
E01000303,"Bus, minibus or coach",30,50,-20
E01000303,Driving a car or van,131,231,-100
E01000303,"Motorcycle, scooter or moped",2,9,-7
E01000303,Not in employment or aged 15 years and under,791,333,458
E01000303,On foot,36,43,-7
E01000303,Other method of travel to work,5,2,3
E01000303,Passenger in a car or van,3,11,-8
E01000303,Taxi,1,1,0
E01000303,Train,8,18,-10
E01000303,"Underground, metro, light rail, tram",85,305,-220
E01000303,Work mainly at or from home,402,64,338
E01000304,Bicycle,12,18,-6
E01000304,"Bus, minibus or coach",46,81,-35
E01000304,Driving a car or van,169,242,-73
E01000304,"Motorcycle, scooter or moped",3,15,-12
E01000304,Not in employment or aged 15 years and under,693,348,345
E01000304,On foot,51,55,-4
E01000304,Other method of travel to work,3,7,-4
E01000304,Passenger in a car or van,8,12,-4
E01000304,Taxi,6,2,4
E01000304,Train,14,18,-4
E01000304,"Underground, metro, light rail, tram",132,370,-238
E01000304,Work mainly at or from home,420,62,358
E01000305,Bicycle,11,9,2
E01000305,"Bus, minibus or coach",112,180,-68
E01000305,Driving a car or van,188,245,-57
E01000305,"Motorcycle, scooter or moped",9,7,2
E01000305,Not in employment or aged 15 years and under,768,475,293
E01000305,On foot,59,59,0
E01000305,Other method of travel to work,14,2,12
E01000305,Passenger in a car or van,14,27,-13
E01000305,Taxi,8,8,0
E01000305,Train,40,71,-31
E01000305,"Underground, metro, light rail, tram",110,140,-30
E01000305,Work mainly at or from home,284,31,253
E01000306,Bicycle,13,8,5
E01000306,"Bus, minibus or coach",163,111,52
E01000306,Driving a car or van,255,265,-10
E01000306,"Motorcycle, scooter or moped",17,4,13
E01000306,Not in employment or aged 15 years and under,906,461,445
E01000306,On foot,74,91,-17
E01000306,Other method of travel to work,10,7,3
E01000306,Passenger in a car or van,28,28,0
E01000306,Taxi,1,2,-1
E01000306,Train,51,83,-32
E01000306,"Underground, metro, light rail, tram",194,228,-34
E01000306,Work mainly at or from home,263,32,231
E01000307,Bicycle,13,10,3
E01000307,"Bus, minibus or coach",96,132,-36
E01000307,Driving a car or van,214,245,-31
E01000307,"Motorcycle, scooter or moped",7,11,-4
E01000307,Not in employment or aged 15 years and under,893,463,430
E01000307,On foot,63,100,-37
E01000307,Other method of travel to work,10,8,2
E01000307,Passenger in a car or van,16,22,-6
E01000307,Taxi,3,2,1
E01000307,Train,27,47,-20
E01000307,"Underground, metro, light rail, tram",107,153,-46
E01000307,Work mainly at or from home,205,31,174
E01000308,Bicycle,13,8,5
E01000308,"Bus, minibus or coach",134,160,-26
E01000308,Driving a car or van,248,199,49
E01000308,"Motorcycle, scooter or moped",5,4,1
E01000308,Not in employment or aged 15 years and under,921,532,389
E01000308,On foot,50,42,8
E01000308,Other method of travel to work,15,6,9
E01000308,Passenger in a car or van,13,17,-4
E01000308,Taxi,10,0,10
E01000308,Train,94,43,51
E01000308,"Underground, metro, light rail, tram",139,85,54
E01000308,Work mainly at or from home,474,11,463
E01000309,Bicycle,10,11,-1
E01000309,"Bus, minibus or coach",98,93,5
E01000309,Driving a car or van,259,284,-25
E01000309,"Motorcycle, scooter or moped",7,11,-4
E01000309,Not in employment or aged 15 years and under,1023,497,526
E01000309,On foot,58,60,-2
E01000309,Other method of travel to work,12,15,-3
E01000309,Passenger in a car or van,31,19,12
E01000309,Taxi,0,0,0
E01000309,Train,34,65,-31
E01000309,"Underground, metro, light rail, tram",170,257,-87
E01000309,Work mainly at or from home,352,74,278
E01000310,Bicycle,7,16,-9
E01000310,"Bus, minibus or coach",111,151,-40
E01000310,Driving a car or van,240,255,-15
E01000310,"Motorcycle, scooter or moped",9,11,-2
E01000310,Not in employment or aged 15 years and under,1155,512,643
E01000310,On foot,74,118,-44
E01000310,Other method of travel to work,16,12,4
E01000310,Passenger in a car or van,18,23,-5
E01000310,Taxi,6,0,6
E01000310,Train,39,51,-12
E01000310,"Underground, metro, light rail, tram",190,366,-176
E01000310,Work mainly at or from home,329,62,267
E01000311,Bicycle,12,11,1
E01000311,"Bus, minibus or coach",49,56,-7
E01000311,Driving a car or van,199,254,-55
E01000311,"Motorcycle, scooter or moped",7,10,-3
E01000311,Not in employment or aged 15 years and under,1023,366,657
E01000311,On foot,47,47,0
E01000311,Other method of travel to work,8,7,1
E01000311,Passenger in a car or van,14,22,-8
E01000311,Taxi,4,2,2
E01000311,Train,14,23,-9
E01000311,"Underground, metro, light rail, tram",57,135,-78
E01000311,Work mainly at or from home,337,81,256
E01000312,Bicycle,13,11,2
E01000312,"Bus, minibus or coach",121,166,-45
E01000312,Driving a car or van,271,328,-57
E01000312,"Motorcycle, scooter or moped",4,7,-3
E01000312,Not in employment or aged 15 years and under,915,435,480
E01000312,On foot,53,49,4
E01000312,Other method of travel to work,10,7,3
E01000312,Passenger in a car or van,20,14,6
E01000312,Taxi,8,3,5
E01000312,Train,27,54,-27
E01000312,"Underground, metro, light rail, tram",104,150,-46
E01000312,Work mainly at or from home,222,20,202
E01000313,Bicycle,11,11,0
E01000313,"Bus, minibus or coach",161,192,-31
E01000313,Driving a car or van,219,239,-20
E01000313,"Motorcycle, scooter or moped",7,10,-3
E01000313,Not in employment or aged 15 years and under,943,503,440
E01000313,On foot,65,104,-39
E01000313,Other method of travel to work,10,10,0
E01000313,Passenger in a car or van,21,17,4
E01000313,Taxi,4,0,4
E01000313,Train,60,81,-21
E01000313,"Underground, metro, light rail, tram",150,221,-71
E01000313,Work mainly at or from home,249,34,215
E01000314,Bicycle,7,14,-7
E01000314,"Bus, minibus or coach",99,117,-18
E01000314,Driving a car or van,238,282,-44
E01000314,"Motorcycle, scooter or moped",12,13,-1
E01000314,Not in employment or aged 15 years and under,1019,471,548
E01000314,On foot,89,60,29
E01000314,Other method of travel to work,13,10,3
E01000314,Passenger in a car or van,18,19,-1
E01000314,Taxi,6,1,5
E01000314,Train,45,62,-17
E01000314,"Underground, metro, light rail, tram",207,301,-94
E01000314,Work mainly at or from home,405,76,329
E01000315,Bicycle,5,11,-6
E01000315,"Bus, minibus or coach",103,143,-40
E01000315,Driving a car or van,238,303,-65
E01000315,"Motorcycle, scooter or moped",7,4,3
E01000315,Not in employment or aged 15 years and under,930,501,429
E01000315,On foot,70,58,12
E01000315,Other method of travel to work,16,4,12
E01000315,Passenger in a car or van,22,19,3
E01000315,Taxi,10,6,4
E01000315,Train,10,23,-13
E01000315,"Underground, metro, light rail, tram",78,110,-32
E01000315,Work mainly at or from home,214,30,184
E01000316,Bicycle,12,16,-4
E01000316,"Bus, minibus or coach",135,162,-27
E01000316,Driving a car or van,247,415,-168
E01000316,"Motorcycle, scooter or moped",5,19,-14
E01000316,Not in employment or aged 15 years and under,1203,595,608
E01000316,On foot,61,92,-31
E01000316,Other method of travel to work,13,11,2
E01000316,Passenger in a car or van,15,20,-5
E01000316,Taxi,3,1,2
E01000316,Train,22,31,-9
E01000316,"Underground, metro, light rail, tram",138,358,-220
E01000316,Work mainly at or from home,429,44,385
E01000317,Bicycle,15,13,2
E01000317,"Bus, minibus or coach",54,103,-49
E01000317,Driving a car or van,139,227,-88
E01000317,"Motorcycle, scooter or moped",3,8,-5
E01000317,Not in employment or aged 15 years and under,831,381,450
E01000317,On foot,45,64,-19
E01000317,Other method of travel to work,7,8,-1
E01000317,Passenger in a car or van,9,17,-8
E01000317,Taxi,2,1,1
E01000317,Train,15,21,-6
E01000317,"Underground, metro, light rail, tram",86,299,-213
E01000317,Work mainly at or from home,384,56,328
E01000318,Bicycle,8,12,-4
E01000318,"Bus, minibus or coach",65,108,-43
E01000318,Driving a car or van,231,366,-135
E01000318,"Motorcycle, scooter or moped",4,8,-4
E01000318,Not in employment or aged 15 years and under,1067,440,627
E01000318,On foot,54,79,-25
E01000318,Other method of travel to work,5,4,1
E01000318,Passenger in a car or van,28,14,14
E01000318,Taxi,3,2,1
E01000318,Train,10,38,-28
E01000318,"Underground, metro, light rail, tram",79,213,-134
E01000318,Work mainly at or from home,369,61,308
E01000319,Bicycle,9,20,-11
E01000319,"Bus, minibus or coach",28,89,-61
E01000319,Driving a car or van,157,285,-128
E01000319,"Motorcycle, scooter or moped",7,17,-10
E01000319,Not in employment or aged 15 years and under,697,306,391
E01000319,On foot,33,64,-31
E01000319,Other method of travel to work,8,1,7
E01000319,Passenger in a car or van,6,12,-6
E01000319,Taxi,4,3,1
E01000319,Train,11,19,-8
E01000319,"Underground, metro, light rail, tram",63,235,-172
E01000319,Work mainly at or from home,383,54,329
E01000320,Bicycle,15,20,-5
E01000320,"Bus, minibus or coach",94,61,33
E01000320,Driving a car or van,213,269,-56
E01000320,"Motorcycle, scooter or moped",6,9,-3
E01000320,Not in employment or aged 15 years and under,943,349,594
E01000320,On foot,57,49,8
E01000320,Other method of travel to work,8,5,3
E01000320,Passenger in a car or van,11,9,2
E01000320,Taxi,11,4,7
E01000320,Train,15,24,-9
E01000320,"Underground, metro, light rail, tram",108,191,-83
E01000320,Work mainly at or from home,453,62,391
E01000321,Bicycle,10,22,-12
E01000321,"Bus, minibus or coach",91,104,-13
E01000321,Driving a car or van,222,261,-39
E01000321,"Motorcycle, scooter or moped",6,13,-7
E01000321,Not in employment or aged 15 years and under,885,356,529
E01000321,On foot,55,78,-23
E01000321,Other method of travel to work,13,7,6
E01000321,Passenger in a car or van,19,14,5
E01000321,Taxi,2,4,-2
E01000321,Train,20,34,-14
E01000321,"Underground, metro, light rail, tram",146,338,-192
E01000321,Work mainly at or from home,500,58,442
E01000322,Bicycle,22,18,4
E01000322,"Bus, minibus or coach",74,122,-48
E01000322,Driving a car or van,210,289,-79
E01000322,"Motorcycle, scooter or moped",5,18,-13
E01000322,Not in employment or aged 15 years and under,955,421,534
E01000322,On foot,64,82,-18
E01000322,Other method of travel to work,20,7,13
E01000322,Passenger in a car or van,14,8,6
E01000322,Taxi,6,7,-1
E01000322,Train,10,26,-16
E01000322,"Underground, metro, light rail, tram",117,272,-155
E01000322,Work mainly at or from home,358,51,307
E01000323,Bicycle,14,21,-7
E01000323,"Bus, minibus or coach",173,173,0
E01000323,Driving a car or van,219,291,-72
E01000323,"Motorcycle, scooter or moped",6,11,-5
E01000323,Not in employment or aged 15 years and under,1146,445,701
E01000323,On foot,97,109,-12
E01000323,Other method of travel to work,14,6,8
E01000323,Passenger in a car or van,12,18,-6
E01000323,Taxi,6,3,3
E01000323,Train,15,23,-8
E01000323,"Underground, metro, light rail, tram",205,342,-137
E01000323,Work mainly at or from home,455,63,392
E01000324,Bicycle,18,22,-4
E01000324,"Bus, minibus or coach",76,103,-27
E01000324,Driving a car or van,272,374,-102
E01000324,"Motorcycle, scooter or moped",9,13,-4
E01000324,Not in employment or aged 15 years and under,913,427,486
E01000324,On foot,48,38,10
E01000324,Other method of travel to work,16,6,10
E01000324,Passenger in a car or van,11,25,-14
E01000324,Taxi,5,7,-2
E01000324,Train,16,40,-24
E01000324,"Underground, metro, light rail, tram",78,167,-89
E01000324,Work mainly at or from home,370,62,308
E01000325,Bicycle,8,6,2
E01000325,"Bus, minibus or coach",24,50,-26
E01000325,Driving a car or van,287,425,-138
E01000325,"Motorcycle, scooter or moped",7,14,-7
E01000325,Not in employment or aged 15 years and under,845,348,497
E01000325,On foot,33,42,-9
E01000325,Other method of travel to work,11,4,7
E01000325,Passenger in a car or van,13,32,-19
E01000325,Taxi,6,8,-2
E01000325,Train,57,223,-166
E01000325,"Underground, metro, light rail, tram",10,6,4
E01000325,Work mainly at or from home,347,29,318
E01000326,Bicycle,2,5,-3
E01000326,"Bus, minibus or coach",33,27,6
E01000326,Driving a car or van,274,387,-113
E01000326,"Motorcycle, scooter or moped",2,12,-10
E01000326,Not in employment or aged 15 years and under,658,228,430
E01000326,On foot,18,30,-12
E01000326,Other method of travel to work,7,1,6
E01000326,Passenger in a car or van,18,18,0
E01000326,Taxi,7,4,3
E01000326,Train,79,221,-142
E01000326,"Underground, metro, light rail, tram",14,14,0
E01000326,Work mainly at or from home,273,16,257
E01000327,Bicycle,2,9,-7
E01000327,"Bus, minibus or coach",29,30,-1
E01000327,Driving a car or van,264,388,-124
E01000327,"Motorcycle, scooter or moped",5,9,-4
E01000327,Not in employment or aged 15 years and under,872,354,518
E01000327,On foot,32,35,-3
E01000327,Other method of travel to work,11,3,8
E01000327,Passenger in a car or van,19,23,-4
E01000327,Taxi,1,4,-3
E01000327,Train,78,209,-131
E01000327,"Underground, metro, light rail, tram",14,7,7
E01000327,Work mainly at or from home,296,34,262
E01000328,Bicycle,4,11,-7
E01000328,"Bus, minibus or coach",27,40,-13
E01000328,Driving a car or van,263,366,-103
E01000328,"Motorcycle, scooter or moped",1,10,-9
E01000328,Not in employment or aged 15 years and under,887,367,520
E01000328,On foot,29,46,-17
E01000328,Other method of travel to work,6,7,-1
E01000328,Passenger in a car or van,25,29,-4
E01000328,Taxi,4,5,-1
E01000328,Train,81,170,-89
E01000328,"Underground, metro, light rail, tram",5,8,-3
E01000328,Work mainly at or from home,304,41,263
E01000329,Bicycle,7,8,-1
E01000329,"Bus, minibus or coach",45,61,-16
E01000329,Driving a car or van,274,287,-13
E01000329,"Motorcycle, scooter or moped",5,12,-7
E01000329,Not in employment or aged 15 years and under,889,326,563
E01000329,On foot,56,62,-6
E01000329,Other method of travel to work,4,2,2
E01000329,Passenger in a car or van,23,23,0
E01000329,Taxi,3,5,-2
E01000329,Train,82,140,-58
E01000329,"Underground, metro, light rail, tram",9,10,-1
E01000329,Work mainly at or from home,294,14,280
E01000330,Bicycle,7,7,0
E01000330,"Bus, minibus or coach",68,75,-7
E01000330,Driving a car or van,250,302,-52
E01000330,"Motorcycle, scooter or moped",3,7,-4
E01000330,Not in employment or aged 15 years and under,884,371,513
E01000330,On foot,55,61,-6
E01000330,Other method of travel to work,18,6,12
E01000330,Passenger in a car or van,22,15,7
E01000330,Taxi,7,5,2
E01000330,Train,75,199,-124
E01000330,"Underground, metro, light rail, tram",11,15,-4
E01000330,Work mainly at or from home,257,23,234
E01000331,Bicycle,6,3,3
E01000331,"Bus, minibus or coach",61,64,-3
E01000331,Driving a car or van,330,375,-45
E01000331,"Motorcycle, scooter or moped",6,14,-8
E01000331,Not in employment or aged 15 years and under,928,423,505
E01000331,On foot,39,57,-18
E01000331,Other method of travel to work,9,2,7
E01000331,Passenger in a car or van,19,20,-1
E01000331,Taxi,4,6,-2
E01000331,Train,65,118,-53
E01000331,"Underground, metro, light rail, tram",8,12,-4
E01000331,Work mainly at or from home,216,23,193
E01000332,Bicycle,2,11,-9
E01000332,"Bus, minibus or coach",49,63,-14
E01000332,Driving a car or van,281,349,-68
E01000332,"Motorcycle, scooter or moped",5,7,-2
E01000332,Not in employment or aged 15 years and under,871,395,476
E01000332,On foot,28,36,-8
E01000332,Other method of travel to work,8,3,5
E01000332,Passenger in a car or van,29,22,7
E01000332,Taxi,10,9,1
E01000332,Train,69,144,-75
E01000332,"Underground, metro, light rail, tram",20,18,2
E01000332,Work mainly at or from home,225,44,181
E01000333,Bicycle,12,5,7
E01000333,"Bus, minibus or coach",100,82,18
E01000333,Driving a car or van,315,371,-56
E01000333,"Motorcycle, scooter or moped",5,6,-1
E01000333,Not in employment or aged 15 years and under,1048,431,617
E01000333,On foot,39,37,2
E01000333,Other method of travel to work,12,4,8
E01000333,Passenger in a car or van,23,37,-14
E01000333,Taxi,4,2,2
E01000333,Train,65,155,-90
E01000333,"Underground, metro, light rail, tram",29,18,11
E01000333,Work mainly at or from home,262,21,241
E01000334,Bicycle,9,7,2
E01000334,"Bus, minibus or coach",52,80,-28
E01000334,Driving a car or van,346,394,-48
E01000334,"Motorcycle, scooter or moped",2,12,-10
E01000334,Not in employment or aged 15 years and under,878,377,501
E01000334,On foot,25,43,-18
E01000334,Other method of travel to work,14,6,8
E01000334,Passenger in a car or van,36,29,7
E01000334,Taxi,4,11,-7
E01000334,Train,60,178,-118
E01000334,"Underground, metro, light rail, tram",18,17,1
E01000334,Work mainly at or from home,227,21,206
E01000335,Bicycle,17,12,5
E01000335,"Bus, minibus or coach",91,86,5
E01000335,Driving a car or van,443,290,153
E01000335,"Motorcycle, scooter or moped",7,4,3
E01000335,Not in employment or aged 15 years and under,1300,469,831
E01000335,On foot,132,58,74
E01000335,Other method of travel to work,21,12,9
E01000335,Passenger in a car or van,35,21,14
E01000335,Taxi,6,4,2
E01000335,Train,196,205,-9
E01000335,"Underground, metro, light rail, tram",67,31,36
E01000335,Work mainly at or from home,418,22,396
E01000336,Bicycle,6,9,-3
E01000336,"Bus, minibus or coach",113,121,-8
E01000336,Driving a car or van,261,290,-29
E01000336,"Motorcycle, scooter or moped",6,10,-4
E01000336,Not in employment or aged 15 years and under,1133,529,604
E01000336,On foot,56,56,0
E01000336,Other method of travel to work,14,12,2
E01000336,Passenger in a car or van,20,27,-7
E01000336,Taxi,5,1,4
E01000336,Train,121,226,-105
E01000336,"Underground, metro, light rail, tram",42,36,6
E01000336,Work mainly at or from home,214,25,189
E01000337,Bicycle,4,13,-9
E01000337,"Bus, minibus or coach",87,96,-9
E01000337,Driving a car or van,293,417,-124
E01000337,"Motorcycle, scooter or moped",5,10,-5
E01000337,Not in employment or aged 15 years and under,900,371,529
E01000337,On foot,47,36,11
E01000337,Other method of travel to work,10,5,5
E01000337,Passenger in a car or van,26,25,1
E01000337,Taxi,3,5,-2
E01000337,Train,94,189,-95
E01000337,"Underground, metro, light rail, tram",26,28,-2
E01000337,Work mainly at or from home,233,17,216
E01000338,Bicycle,12,12,0
E01000338,"Bus, minibus or coach",71,95,-24
E01000338,Driving a car or van,338,425,-87
E01000338,"Motorcycle, scooter or moped",6,6,0
E01000338,Not in employment or aged 15 years and under,886,380,506
E01000338,On foot,54,45,9
E01000338,Other method of travel to work,15,8,7
E01000338,Passenger in a car or van,36,25,11
E01000338,Taxi,6,2,4
E01000338,Train,113,255,-142
E01000338,"Underground, metro, light rail, tram",34,24,10
E01000338,Work mainly at or from home,284,25,259
E01000339,Bicycle,4,13,-9
E01000339,"Bus, minibus or coach",23,38,-15
E01000339,Driving a car or van,281,369,-88
E01000339,"Motorcycle, scooter or moped",10,11,-1
E01000339,Not in employment or aged 15 years and under,868,361,507
E01000339,On foot,28,35,-7
E01000339,Other method of travel to work,11,2,9
E01000339,Passenger in a car or van,27,21,6
E01000339,Taxi,4,12,-8
E01000339,Train,68,195,-127
E01000339,"Underground, metro, light rail, tram",11,9,2
E01000339,Work mainly at or from home,283,19,264
E01000340,Bicycle,2,6,-4
E01000340,"Bus, minibus or coach",40,28,12
E01000340,Driving a car or van,325,298,27
E01000340,"Motorcycle, scooter or moped",7,7,0
E01000340,Not in employment or aged 15 years and under,825,262,563
E01000340,On foot,29,24,5
E01000340,Other method of travel to work,14,6,8
E01000340,Passenger in a car or van,11,15,-4
E01000340,Taxi,6,11,-5
E01000340,Train,73,135,-62
E01000340,"Underground, metro, light rail, tram",18,16,2
E01000340,Work mainly at or from home,232,13,219
E01000341,Bicycle,4,10,-6
E01000341,"Bus, minibus or coach",29,54,-25
E01000341,Driving a car or van,323,392,-69
E01000341,"Motorcycle, scooter or moped",8,20,-12
E01000341,Not in employment or aged 15 years and under,824,326,498
E01000341,On foot,29,47,-18
E01000341,Other method of travel to work,7,5,2
E01000341,Passenger in a car or van,20,20,0
E01000341,Taxi,11,13,-2
E01000341,Train,51,123,-72
E01000341,"Underground, metro, light rail, tram",10,18,-8
E01000341,Work mainly at or from home,232,19,213
E01000342,Bicycle,8,15,-7
E01000342,"Bus, minibus or coach",41,73,-32
E01000342,Driving a car or van,354,572,-218
E01000342,"Motorcycle, scooter or moped",6,14,-8
E01000342,Not in employment or aged 15 years and under,692,391,301
E01000342,On foot,26,56,-30
E01000342,Other method of travel to work,11,7,4
E01000342,Passenger in a car or van,25,41,-16
E01000342,Taxi,9,12,-3
E01000342,Train,55,230,-175
E01000342,"Underground, metro, light rail, tram",16,18,-2
E01000342,Work mainly at or from home,284,18,266
E01000343,Bicycle,2,9,-7
E01000343,"Bus, minibus or coach",42,54,-12
E01000343,Driving a car or van,288,403,-115
E01000343,"Motorcycle, scooter or moped",3,13,-10
E01000343,Not in employment or aged 15 years and under,780,346,434
E01000343,On foot,45,41,4
E01000343,Other method of travel to work,9,2,7
E01000343,Passenger in a car or van,21,26,-5
E01000343,Taxi,10,13,-3
E01000343,Train,59,151,-92
E01000343,"Underground, metro, light rail, tram",11,7,4
E01000343,Work mainly at or from home,239,33,206
E01000344,Bicycle,8,19,-11
E01000344,"Bus, minibus or coach",28,38,-10
E01000344,Driving a car or van,284,390,-106
E01000344,"Motorcycle, scooter or moped",7,7,0
E01000344,Not in employment or aged 15 years and under,802,334,468
E01000344,On foot,32,42,-10
E01000344,Other method of travel to work,10,5,5
E01000344,Passenger in a car or van,17,10,7
E01000344,Taxi,3,9,-6
E01000344,Train,76,228,-152
E01000344,"Underground, metro, light rail, tram",8,12,-4
E01000344,Work mainly at or from home,314,38,276
E01000345,Bicycle,9,3,6
E01000345,"Bus, minibus or coach",16,32,-16
E01000345,Driving a car or van,258,377,-119
E01000345,"Motorcycle, scooter or moped",4,13,-9
E01000345,Not in employment or aged 15 years and under,628,287,341
E01000345,On foot,40,34,6
E01000345,Other method of travel to work,8,7,1
E01000345,Passenger in a car or van,11,23,-12
E01000345,Taxi,5,7,-2
E01000345,Train,60,170,-110
E01000345,"Underground, metro, light rail, tram",14,19,-5
E01000345,Work mainly at or from home,293,29,264
E01000346,Bicycle,6,7,-1
E01000346,"Bus, minibus or coach",17,52,-35
E01000346,Driving a car or van,365,445,-80
E01000346,"Motorcycle, scooter or moped",8,12,-4
E01000346,Not in employment or aged 15 years and under,769,314,455
E01000346,On foot,31,44,-13
E01000346,Other method of travel to work,6,7,-1
E01000346,Passenger in a car or van,26,25,1
E01000346,Taxi,3,9,-6
E01000346,Train,64,192,-128
E01000346,"Underground, metro, light rail, tram",12,15,-3
E01000346,Work mainly at or from home,281,32,249
E01000347,Bicycle,13,9,4
E01000347,"Bus, minibus or coach",52,62,-10
E01000347,Driving a car or van,292,388,-96
E01000347,"Motorcycle, scooter or moped",3,11,-8
E01000347,Not in employment or aged 15 years and under,781,335,446
E01000347,On foot,33,45,-12
E01000347,Other method of travel to work,18,4,14
E01000347,Passenger in a car or van,18,29,-11
E01000347,Taxi,3,12,-9
E01000347,Train,66,148,-82
E01000347,"Underground, metro, light rail, tram",13,14,-1
E01000347,Work mainly at or from home,228,19,209
E01000348,Bicycle,7,8,-1
E01000348,"Bus, minibus or coach",10,22,-12
E01000348,Driving a car or van,290,426,-136
E01000348,"Motorcycle, scooter or moped",8,16,-8
E01000348,Not in employment or aged 15 years and under,731,332,399
E01000348,On foot,28,26,2
E01000348,Other method of travel to work,10,5,5
E01000348,Passenger in a car or van,13,28,-15
E01000348,Taxi,13,12,1
E01000348,Train,56,155,-99
E01000348,"Underground, metro, light rail, tram",5,16,-11
E01000348,Work mainly at or from home,345,39,306
E01000349,Bicycle,6,15,-9
E01000349,"Bus, minibus or coach",15,25,-10
E01000349,Driving a car or van,301,408,-107
E01000349,"Motorcycle, scooter or moped",4,12,-8
E01000349,Not in employment or aged 15 years and under,908,362,546
E01000349,On foot,22,21,1
E01000349,Other method of travel to work,12,8,4
E01000349,Passenger in a car or van,21,24,-3
E01000349,Taxi,3,15,-12
E01000349,Train,67,203,-136
E01000349,"Underground, metro, light rail, tram",12,12,0
E01000349,Work mainly at or from home,360,39,321
E01000350,Bicycle,2,9,-7
E01000350,"Bus, minibus or coach",31,61,-30
E01000350,Driving a car or van,302,376,-74
E01000350,"Motorcycle, scooter or moped",3,9,-6
E01000350,Not in employment or aged 15 years and under,693,335,358
E01000350,On foot,49,47,2
E01000350,Other method of travel to work,8,5,3
E01000350,Passenger in a car or van,18,22,-4
E01000350,Taxi,9,13,-4
E01000350,Train,66,183,-117
E01000350,"Underground, metro, light rail, tram",6,11,-5
E01000350,Work mainly at or from home,301,38,263
E01000351,Bicycle,9,11,-2
E01000351,"Bus, minibus or coach",23,33,-10
E01000351,Driving a car or van,316,417,-101
E01000351,"Motorcycle, scooter or moped",7,20,-13
E01000351,Not in employment or aged 15 years and under,802,352,450
E01000351,On foot,32,34,-2
E01000351,Other method of travel to work,13,10,3
E01000351,Passenger in a car or van,15,27,-12
E01000351,Taxi,8,15,-7
E01000351,Train,61,201,-140
E01000351,"Underground, metro, light rail, tram",11,21,-10
E01000351,Work mainly at or from home,318,35,283
E01000352,Bicycle,5,9,-4
E01000352,"Bus, minibus or coach",48,56,-8
E01000352,Driving a car or van,353,416,-63
E01000352,"Motorcycle, scooter or moped",5,15,-10
E01000352,Not in employment or aged 15 years and under,825,353,472
E01000352,On foot,24,38,-14
E01000352,Other method of travel to work,12,2,10
E01000352,Passenger in a car or van,26,30,-4
E01000352,Taxi,7,12,-5
E01000352,Train,47,152,-105
E01000352,"Underground, metro, light rail, tram",18,16,2
E01000352,Work mainly at or from home,245,31,214
E01000353,Bicycle,5,5,0
E01000353,"Bus, minibus or coach",11,23,-12
E01000353,Driving a car or van,272,418,-146
E01000353,"Motorcycle, scooter or moped",2,8,-6
E01000353,Not in employment or aged 15 years and under,916,403,513
E01000353,On foot,17,47,-30
E01000353,Other method of travel to work,5,8,-3
E01000353,Passenger in a car or van,20,29,-9
E01000353,Taxi,4,16,-12
E01000353,Train,80,227,-147
E01000353,"Underground, metro, light rail, tram",4,8,-4
E01000353,Work mainly at or from home,305,33,272
E01000354,Bicycle,9,13,-4
E01000354,"Bus, minibus or coach",39,65,-26
E01000354,Driving a car or van,282,364,-82
E01000354,"Motorcycle, scooter or moped",10,4,6
E01000354,Not in employment or aged 15 years and under,784,346,438
E01000354,On foot,21,40,-19
E01000354,Other method of travel to work,1,2,-1
E01000354,Passenger in a car or van,17,27,-10
E01000354,Taxi,5,4,1
E01000354,Train,86,187,-101
E01000354,"Underground, metro, light rail, tram",9,14,-5
E01000354,Work mainly at or from home,229,19,210
E01000355,Bicycle,9,3,6
E01000355,"Bus, minibus or coach",18,42,-24
E01000355,Driving a car or van,268,353,-85
E01000355,"Motorcycle, scooter or moped",3,9,-6
E01000355,Not in employment or aged 15 years and under,768,366,402
E01000355,On foot,27,41,-14
E01000355,Other method of travel to work,8,6,2
E01000355,Passenger in a car or van,10,13,-3
E01000355,Taxi,4,13,-9
E01000355,Train,65,174,-109
E01000355,"Underground, metro, light rail, tram",11,9,2
E01000355,Work mainly at or from home,249,38,211
E01000356,Bicycle,7,6,1
E01000356,"Bus, minibus or coach",31,37,-6
E01000356,Driving a car or van,211,336,-125
E01000356,"Motorcycle, scooter or moped",3,11,-8
E01000356,Not in employment or aged 15 years and under,890,384,506
E01000356,On foot,21,40,-19
E01000356,Other method of travel to work,13,1,12
E01000356,Passenger in a car or van,15,19,-4
E01000356,Taxi,3,8,-5
E01000356,Train,68,197,-129
E01000356,"Underground, metro, light rail, tram",5,10,-5
E01000356,Work mainly at or from home,300,28,272
E01000357,Bicycle,4,7,-3
E01000357,"Bus, minibus or coach",25,31,-6
E01000357,Driving a car or van,258,365,-107
E01000357,"Motorcycle, scooter or moped",4,14,-10
E01000357,Not in employment or aged 15 years and under,678,310,368
E01000357,On foot,26,36,-10
E01000357,Other method of travel to work,7,3,4
E01000357,Passenger in a car or van,21,23,-2
E01000357,Taxi,5,5,0
E01000357,Train,74,215,-141
E01000357,"Underground, metro, light rail, tram",8,8,0
E01000357,Work mainly at or from home,289,24,265
E01000358,Bicycle,6,13,-7
E01000358,"Bus, minibus or coach",37,40,-3
E01000358,Driving a car or van,243,348,-105
E01000358,"Motorcycle, scooter or moped",8,10,-2
E01000358,Not in employment or aged 15 years and under,863,361,502
E01000358,On foot,35,54,-19
E01000358,Other method of travel to work,9,7,2
E01000358,Passenger in a car or van,22,24,-2
E01000358,Taxi,5,5,0
E01000358,Train,95,266,-171
E01000358,"Underground, metro, light rail, tram",13,16,-3
E01000358,Work mainly at or from home,325,35,290
E01000359,Bicycle,6,8,-2
E01000359,"Bus, minibus or coach",14,33,-19
E01000359,Driving a car or van,228,309,-81
E01000359,"Motorcycle, scooter or moped",3,8,-5
E01000359,Not in employment or aged 15 years and under,640,317,323
E01000359,On foot,13,21,-8
E01000359,Other method of travel to work,5,1,4
E01000359,Passenger in a car or van,18,23,-5
E01000359,Taxi,4,6,-2
E01000359,Train,56,179,-123
E01000359,"Underground, metro, light rail, tram",12,18,-6
E01000359,Work mainly at or from home,264,30,234
E01000360,Bicycle,8,13,-5
E01000360,"Bus, minibus or coach",88,55,33
E01000360,Driving a car or van,266,354,-88
E01000360,"Motorcycle, scooter or moped",10,12,-2
E01000360,Not in employment or aged 15 years and under,955,340,615
E01000360,On foot,67,82,-15
E01000360,Other method of travel to work,11,3,8
E01000360,Passenger in a car or van,15,24,-9
E01000360,Taxi,1,2,-1
E01000360,Train,121,256,-135
E01000360,"Underground, metro, light rail, tram",23,17,6
E01000360,Work mainly at or from home,346,34,312
E01000361,Bicycle,9,7,2
E01000361,"Bus, minibus or coach",32,53,-21
E01000361,Driving a car or van,307,397,-90
E01000361,"Motorcycle, scooter or moped",6,19,-13
E01000361,Not in employment or aged 15 years and under,747,328,419
E01000361,On foot,46,53,-7
E01000361,Other method of travel to work,7,2,5
E01000361,Passenger in a car or van,23,37,-14
E01000361,Taxi,8,4,4
E01000361,Train,74,199,-125
E01000361,"Underground, metro, light rail, tram",7,9,-2
E01000361,Work mainly at or from home,327,37,290
E01000362,Bicycle,5,7,-2
E01000362,"Bus, minibus or coach",46,53,-7
E01000362,Driving a car or van,307,337,-30
E01000362,"Motorcycle, scooter or moped",2,9,-7
E01000362,Not in employment or aged 15 years and under,949,337,612
E01000362,On foot,57,63,-6
E01000362,Other method of travel to work,11,4,7
E01000362,Passenger in a car or van,21,19,2
E01000362,Taxi,8,13,-5
E01000362,Train,80,145,-65
E01000362,"Underground, metro, light rail, tram",11,10,1
E01000362,Work mainly at or from home,362,42,320
E01000363,Bicycle,2,6,-4
E01000363,"Bus, minibus or coach",29,37,-8
E01000363,Driving a car or van,274,390,-116
E01000363,"Motorcycle, scooter or moped",6,10,-4
E01000363,Not in employment or aged 15 years and under,816,334,482
E01000363,On foot,45,43,2
E01000363,Other method of travel to work,7,4,3
E01000363,Passenger in a car or van,16,23,-7
E01000363,Taxi,7,11,-4
E01000363,Train,53,185,-132
E01000363,"Underground, metro, light rail, tram",11,9,2
E01000363,Work mainly at or from home,293,39,254
E01000364,Bicycle,3,5,-2
E01000364,"Bus, minibus or coach",49,52,-3
E01000364,Driving a car or van,358,399,-41
E01000364,"Motorcycle, scooter or moped",7,15,-8
E01000364,Not in employment or aged 15 years and under,871,358,513
E01000364,On foot,21,43,-22
E01000364,Other method of travel to work,10,5,5
E01000364,Passenger in a car or van,19,26,-7
E01000364,Taxi,1,12,-11
E01000364,Train,58,170,-112
E01000364,"Underground, metro, light rail, tram",11,8,3
E01000364,Work mainly at or from home,284,41,243
E01000365,Bicycle,6,5,1
E01000365,"Bus, minibus or coach",52,63,-11
E01000365,Driving a car or van,243,330,-87
E01000365,"Motorcycle, scooter or moped",2,11,-9
E01000365,Not in employment or aged 15 years and under,947,379,568
E01000365,On foot,59,51,8
E01000365,Other method of travel to work,9,2,7
E01000365,Passenger in a car or van,15,15,0
E01000365,Taxi,5,4,1
E01000365,Train,84,232,-148
E01000365,"Underground, metro, light rail, tram",22,9,13
E01000365,Work mainly at or from home,287,35,252
E01000366,Bicycle,7,9,-2
E01000366,"Bus, minibus or coach",44,52,-8
E01000366,Driving a car or van,235,341,-106
E01000366,"Motorcycle, scooter or moped",4,8,-4
E01000366,Not in employment or aged 15 years and under,769,304,465
E01000366,On foot,42,63,-21
E01000366,Other method of travel to work,5,5,0
E01000366,Passenger in a car or van,18,23,-5
E01000366,Taxi,5,6,-1
E01000366,Train,110,316,-206
E01000366,"Underground, metro, light rail, tram",16,18,-2
E01000366,Work mainly at or from home,382,35,347
E01000367,Bicycle,6,11,-5
E01000367,"Bus, minibus or coach",79,89,-10
E01000367,Driving a car or van,430,348,82
E01000367,"Motorcycle, scooter or moped",12,7,5
E01000367,Not in employment or aged 15 years and under,1287,432,855
E01000367,On foot,48,58,-10
E01000367,Other method of travel to work,10,4,6
E01000367,Passenger in a car or van,23,38,-15
E01000367,Taxi,7,1,6
E01000367,Train,94,113,-19
E01000367,"Underground, metro, light rail, tram",32,9,23
E01000367,Work mainly at or from home,234,16,218
E01000368,Bicycle,4,7,-3
E01000368,"Bus, minibus or coach",49,79,-30
E01000368,Driving a car or van,331,336,-5
E01000368,"Motorcycle, scooter or moped",3,13,-10
E01000368,Not in employment or aged 15 years and under,924,392,532
E01000368,On foot,44,39,5
E01000368,Other method of travel to work,8,3,5
E01000368,Passenger in a car or van,25,18,7
E01000368,Taxi,2,1,1
E01000368,Train,79,143,-64
E01000368,"Underground, metro, light rail, tram",13,10,3
E01000368,Work mainly at or from home,197,15,182
E01000369,Bicycle,7,9,-2
E01000369,"Bus, minibus or coach",57,60,-3
E01000369,Driving a car or van,347,447,-100
E01000369,"Motorcycle, scooter or moped",9,8,1
E01000369,Not in employment or aged 15 years and under,890,406,484
E01000369,On foot,34,51,-17
E01000369,Other method of travel to work,10,1,9
E01000369,Passenger in a car or van,13,31,-18
E01000369,Taxi,3,1,2
E01000369,Train,80,200,-120
E01000369,"Underground, metro, light rail, tram",7,8,-1
E01000369,Work mainly at or from home,271,19,252
E01000370,Bicycle,7,12,-5
E01000370,"Bus, minibus or coach",31,55,-24
E01000370,Driving a car or van,266,360,-94
E01000370,"Motorcycle, scooter or moped",4,5,-1
E01000370,Not in employment or aged 15 years and under,809,373,436
E01000370,On foot,30,47,-17
E01000370,Other method of travel to work,7,1,6
E01000370,Passenger in a car or van,18,18,0
E01000370,Taxi,1,6,-5
E01000370,Train,76,218,-142
E01000370,"Underground, metro, light rail, tram",10,9,1
E01000370,Work mainly at or from home,294,32,262
E01000371,Bicycle,8,5,3
E01000371,"Bus, minibus or coach",34,45,-11
E01000371,Driving a car or van,365,448,-83
E01000371,"Motorcycle, scooter or moped",7,10,-3
E01000371,Not in employment or aged 15 years and under,787,320,467
E01000371,On foot,33,34,-1
E01000371,Other method of travel to work,4,2,2
E01000371,Passenger in a car or van,20,34,-14
E01000371,Taxi,6,3,3
E01000371,Train,83,209,-126
E01000371,"Underground, metro, light rail, tram",10,13,-3
E01000371,Work mainly at or from home,268,29,239
E01000372,Bicycle,4,6,-2
E01000372,"Bus, minibus or coach",62,69,-7
E01000372,Driving a car or van,324,353,-29
E01000372,"Motorcycle, scooter or moped",8,7,1
E01000372,Not in employment or aged 15 years and under,948,491,457
E01000372,On foot,53,58,-5
E01000372,Other method of travel to work,2,3,-1
E01000372,Passenger in a car or van,27,28,-1
E01000372,Taxi,2,3,-1
E01000372,Train,64,118,-54
E01000372,"Underground, metro, light rail, tram",13,13,0
E01000372,Work mainly at or from home,184,24,160
E01000373,Bicycle,8,7,1
E01000373,"Bus, minibus or coach",52,107,-55
E01000373,Driving a car or van,230,233,-3
E01000373,"Motorcycle, scooter or moped",2,3,-1
E01000373,Not in employment or aged 15 years and under,688,449,239
E01000373,On foot,37,62,-25
E01000373,Other method of travel to work,7,2,5
E01000373,Passenger in a car or van,13,25,-12
E01000373,Taxi,2,1,1
E01000373,Train,88,121,-33
E01000373,"Underground, metro, light rail, tram",24,13,11
E01000373,Work mainly at or from home,171,11,160
E01000374,Bicycle,3,10,-7
E01000374,"Bus, minibus or coach",37,28,9
E01000374,Driving a car or van,295,343,-48
E01000374,"Motorcycle, scooter or moped",7,8,-1
E01000374,Not in employment or aged 15 years and under,935,429,506
E01000374,On foot,32,37,-5
E01000374,Other method of travel to work,8,4,4
E01000374,Passenger in a car or van,30,23,7
E01000374,Taxi,6,0,6
E01000374,Train,57,101,-44
E01000374,"Underground, metro, light rail, tram",12,4,8
E01000374,Work mainly at or from home,157,10,147
E01000375,Bicycle,6,7,-1
E01000375,"Bus, minibus or coach",63,63,0
E01000375,Driving a car or van,426,343,83
E01000375,"Motorcycle, scooter or moped",8,8,0
E01000375,Not in employment or aged 15 years and under,1022,406,616
E01000375,On foot,56,50,6
E01000375,Other method of travel to work,15,6,9
E01000375,Passenger in a car or van,38,22,16
E01000375,Taxi,3,6,-3
E01000375,Train,121,141,-20
E01000375,"Underground, metro, light rail, tram",21,11,10
E01000375,Work mainly at or from home,353,15,338
E01000376,Bicycle,8,7,1
E01000376,"Bus, minibus or coach",35,49,-14
E01000376,Driving a car or van,380,422,-42
E01000376,"Motorcycle, scooter or moped",6,14,-8
E01000376,Not in employment or aged 15 years and under,744,332,412
E01000376,On foot,43,38,5
E01000376,Other method of travel to work,8,0,8
E01000376,Passenger in a car or van,27,22,5
E01000376,Taxi,3,6,-3
E01000376,Train,79,161,-82
E01000376,"Underground, metro, light rail, tram",7,7,0
E01000376,Work mainly at or from home,278,27,251
E01000377,Bicycle,4,6,-2
E01000377,"Bus, minibus or coach",29,47,-18
E01000377,Driving a car or van,287,398,-111
E01000377,"Motorcycle, scooter or moped",4,14,-10
E01000377,Not in employment or aged 15 years and under,741,323,418
E01000377,On foot,41,39,2
E01000377,Other method of travel to work,7,2,5
E01000377,Passenger in a car or van,22,18,4
E01000377,Taxi,3,6,-3
E01000377,Train,62,162,-100
E01000377,"Underground, metro, light rail, tram",8,5,3
E01000377,Work mainly at or from home,261,32,229
E01000379,Bicycle,3,7,-4
E01000379,"Bus, minibus or coach",35,58,-23
E01000379,Driving a car or van,313,403,-90
E01000379,"Motorcycle, scooter or moped",3,12,-9
E01000379,Not in employment or aged 15 years and under,838,387,451
E01000379,On foot,39,39,0
E01000379,Other method of travel to work,4,3,1
E01000379,Passenger in a car or van,25,29,-4
E01000379,Taxi,3,2,1
E01000379,Train,99,206,-107
E01000379,"Underground, metro, light rail, tram",6,10,-4
E01000379,Work mainly at or from home,334,28,306
E01000380,Bicycle,16,10,6
E01000380,"Bus, minibus or coach",57,64,-7
E01000380,Driving a car or van,407,395,12
E01000380,"Motorcycle, scooter or moped",10,9,1
E01000380,Not in employment or aged 15 years and under,821,318,503
E01000380,On foot,33,40,-7
E01000380,Other method of travel to work,20,6,14
E01000380,Passenger in a car or van,29,41,-12
E01000380,Taxi,9,3,6
E01000380,Train,95,133,-38
E01000380,"Underground, metro, light rail, tram",13,9,4
E01000380,Work mainly at or from home,235,27,208
E01000381,Bicycle,10,13,-3
E01000381,"Bus, minibus or coach",33,65,-32
E01000381,Driving a car or van,283,366,-83
E01000381,"Motorcycle, scooter or moped",5,9,-4
E01000381,Not in employment or aged 15 years and under,901,365,536
E01000381,On foot,30,44,-14
E01000381,Other method of travel to work,8,2,6
E01000381,Passenger in a car or van,9,23,-14
E01000381,Taxi,1,1,0
E01000381,Train,82,166,-84
E01000381,"Underground, metro, light rail, tram",7,12,-5
E01000381,Work mainly at or from home,250,38,212
E01000382,Bicycle,8,16,-8
E01000382,"Bus, minibus or coach",20,43,-23
E01000382,Driving a car or van,278,342,-64
E01000382,"Motorcycle, scooter or moped",3,12,-9
E01000382,Not in employment or aged 15 years and under,807,371,436
E01000382,On foot,34,43,-9
E01000382,Other method of travel to work,7,2,5
E01000382,Passenger in a car or van,14,20,-6
E01000382,Taxi,5,8,-3
E01000382,Train,46,193,-147
E01000382,"Underground, metro, light rail, tram",5,12,-7
E01000382,Work mainly at or from home,343,34,309
E01000383,Bicycle,5,14,-9
E01000383,"Bus, minibus or coach",30,44,-14
E01000383,Driving a car or van,328,398,-70
E01000383,"Motorcycle, scooter or moped",4,12,-8
E01000383,Not in employment or aged 15 years and under,861,385,476
E01000383,On foot,21,32,-11
E01000383,Other method of travel to work,9,5,4
E01000383,Passenger in a car or van,28,16,12
E01000383,Taxi,4,10,-6
E01000383,Train,49,134,-85
E01000383,"Underground, metro, light rail, tram",8,7,1
E01000383,Work mainly at or from home,245,31,214
E01000384,Bicycle,9,10,-1
E01000384,"Bus, minibus or coach",74,73,1
E01000384,Driving a car or van,264,376,-112
E01000384,"Motorcycle, scooter or moped",3,11,-8
E01000384,Not in employment or aged 15 years and under,852,385,467
E01000384,On foot,39,60,-21
E01000384,Other method of travel to work,8,5,3
E01000384,Passenger in a car or van,11,17,-6
E01000384,Taxi,4,8,-4
E01000384,Train,97,235,-138
E01000384,"Underground, metro, light rail, tram",9,14,-5
E01000384,Work mainly at or from home,350,28,322
E01000385,Bicycle,8,10,-2
E01000385,"Bus, minibus or coach",73,102,-29
E01000385,Driving a car or van,395,439,-44
E01000385,"Motorcycle, scooter or moped",9,9,0
E01000385,Not in employment or aged 15 years and under,1167,477,690
E01000385,On foot,44,44,0
E01000385,Other method of travel to work,12,2,10
E01000385,Passenger in a car or van,23,31,-8
E01000385,Taxi,6,3,3
E01000385,Train,65,121,-56
E01000385,"Underground, metro, light rail, tram",15,13,2
E01000385,Work mainly at or from home,194,19,175
E01000386,Bicycle,2,3,-1
E01000386,"Bus, minibus or coach",74,92,-18
E01000386,Driving a car or van,239,249,-10
E01000386,"Motorcycle, scooter or moped",3,6,-3
E01000386,Not in employment or aged 15 years and under,905,425,480
E01000386,On foot,46,56,-10
E01000386,Other method of travel to work,9,1,8
E01000386,Passenger in a car or van,16,27,-11
E01000386,Taxi,3,3,0
E01000386,Train,48,90,-42
E01000386,"Underground, metro, light rail, tram",19,16,3
E01000386,Work mainly at or from home,175,16,159
E01000387,Bicycle,1,12,-11
E01000387,"Bus, minibus or coach",20,36,-16
E01000387,Driving a car or van,267,344,-77
E01000387,"Motorcycle, scooter or moped",5,8,-3
E01000387,Not in employment or aged 15 years and under,804,371,433
E01000387,On foot,17,28,-11
E01000387,Other method of travel to work,13,1,12
E01000387,Passenger in a car or van,12,18,-6
E01000387,Taxi,5,7,-2
E01000387,Train,94,223,-129
E01000387,"Underground, metro, light rail, tram",7,8,-1
E01000387,Work mainly at or from home,317,39,278
E01000388,Bicycle,4,5,-1
E01000388,"Bus, minibus or coach",29,52,-23
E01000388,Driving a car or van,246,339,-93
E01000388,"Motorcycle, scooter or moped",4,13,-9
E01000388,Not in employment or aged 15 years and under,829,419,410
E01000388,On foot,29,39,-10
E01000388,Other method of travel to work,8,1,7
E01000388,Passenger in a car or van,20,24,-4
E01000388,Taxi,4,3,1
E01000388,Train,55,172,-117
E01000388,"Underground, metro, light rail, tram",13,12,1
E01000388,Work mainly at or from home,268,22,246
E01000389,Bicycle,2,7,-5
E01000389,"Bus, minibus or coach",35,59,-24
E01000389,Driving a car or van,252,394,-142
E01000389,"Motorcycle, scooter or moped",5,9,-4
E01000389,Not in employment or aged 15 years and under,889,379,510
E01000389,On foot,38,46,-8
E01000389,Other method of travel to work,4,3,1
E01000389,Passenger in a car or van,10,16,-6
E01000389,Taxi,5,6,-1
E01000389,Train,85,229,-144
E01000389,"Underground, metro, light rail, tram",9,24,-15
E01000389,Work mainly at or from home,359,44,315
E01000390,Bicycle,4,13,-9
E01000390,"Bus, minibus or coach",25,33,-8
E01000390,Driving a car or van,248,350,-102
E01000390,"Motorcycle, scooter or moped",5,9,-4
E01000390,Not in employment or aged 15 years and under,700,302,398
E01000390,On foot,22,21,1
E01000390,Other method of travel to work,8,6,2
E01000390,Passenger in a car or van,13,20,-7
E01000390,Taxi,3,7,-4
E01000390,Train,49,141,-92
E01000390,"Underground, metro, light rail, tram",7,13,-6
E01000390,Work mainly at or from home,250,20,230
E01000391,Bicycle,14,12,2
E01000391,"Bus, minibus or coach",68,73,-5
E01000391,Driving a car or van,335,465,-130
E01000391,"Motorcycle, scooter or moped",10,7,3
E01000391,Not in employment or aged 15 years and under,860,372,488
E01000391,On foot,23,50,-27
E01000391,Other method of travel to work,10,4,6
E01000391,Passenger in a car or van,27,42,-15
E01000391,Taxi,9,11,-2
E01000391,Train,80,164,-84
E01000391,"Underground, metro, light rail, tram",20,23,-3
E01000391,Work mainly at or from home,287,26,261
E01000392,Bicycle,6,6,0
E01000392,"Bus, minibus or coach",105,128,-23
E01000392,Driving a car or van,315,290,25
E01000392,"Motorcycle, scooter or moped",10,6,4
E01000392,Not in employment or aged 15 years and under,970,386,584
E01000392,On foot,55,54,1
E01000392,Other method of travel to work,9,5,4
E01000392,Passenger in a car or van,20,20,0
E01000392,Taxi,5,3,2
E01000392,Train,122,221,-99
E01000392,"Underground, metro, light rail, tram",32,24,8
E01000392,Work mainly at or from home,309,22,287
E01000393,Bicycle,4,8,-4
E01000393,"Bus, minibus or coach",47,78,-31
E01000393,Driving a car or van,291,384,-93
E01000393,"Motorcycle, scooter or moped",4,15,-11
E01000393,Not in employment or aged 15 years and under,823,343,480
E01000393,On foot,37,53,-16
E01000393,Other method of travel to work,5,1,4
E01000393,Passenger in a car or van,17,28,-11
E01000393,Taxi,10,9,1
E01000393,Train,90,228,-138
E01000393,"Underground, metro, light rail, tram",18,25,-7
E01000393,Work mainly at or from home,349,27,322
E01000394,Bicycle,8,6,2
E01000394,"Bus, minibus or coach",37,49,-12
E01000394,Driving a car or van,241,278,-37
E01000394,"Motorcycle, scooter or moped",5,10,-5
E01000394,Not in employment or aged 15 years and under,845,309,536
E01000394,On foot,40,48,-8
E01000394,Other method of travel to work,8,4,4
E01000394,Passenger in a car or van,11,19,-8
E01000394,Taxi,3,10,-7
E01000394,Train,93,256,-163
E01000394,"Underground, metro, light rail, tram",11,7,4
E01000394,Work mainly at or from home,326,24,302
E01000395,Bicycle,8,6,2
E01000395,"Bus, minibus or coach",34,71,-37
E01000395,Driving a car or van,309,385,-76
E01000395,"Motorcycle, scooter or moped",7,8,-1
E01000395,Not in employment or aged 15 years and under,739,333,406
E01000395,On foot,18,17,1
E01000395,Other method of travel to work,8,7,1
E01000395,Passenger in a car or van,26,17,9
E01000395,Taxi,6,10,-4
E01000395,Train,59,159,-100
E01000395,"Underground, metro, light rail, tram",18,18,0
E01000395,Work mainly at or from home,298,36,262
E01000396,Bicycle,9,11,-2
E01000396,"Bus, minibus or coach",33,52,-19
E01000396,Driving a car or van,266,378,-112
E01000396,"Motorcycle, scooter or moped",11,8,3
E01000396,Not in employment or aged 15 years and under,694,288,406
E01000396,On foot,27,40,-13
E01000396,Other method of travel to work,11,2,9
E01000396,Passenger in a car or van,14,20,-6
E01000396,Taxi,6,5,1
E01000396,Train,76,191,-115
E01000396,"Underground, metro, light rail, tram",14,14,0
E01000396,Work mainly at or from home,295,17,278
E01000398,Bicycle,4,7,-3
E01000398,"Bus, minibus or coach",49,73,-24
E01000398,Driving a car or van,288,351,-63
E01000398,"Motorcycle, scooter or moped",7,11,-4
E01000398,Not in employment or aged 15 years and under,870,418,452
E01000398,On foot,25,33,-8
E01000398,Other method of travel to work,8,3,5
E01000398,Passenger in a car or van,25,17,8
E01000398,Taxi,3,7,-4
E01000398,Train,84,164,-80
E01000398,"Underground, metro, light rail, tram",19,31,-12
E01000398,Work mainly at or from home,209,17,192
E01000399,Bicycle,12,6,6
E01000399,"Bus, minibus or coach",44,68,-24
E01000399,Driving a car or van,285,363,-78
E01000399,"Motorcycle, scooter or moped",6,12,-6
E01000399,Not in employment or aged 15 years and under,797,397,400
E01000399,On foot,26,31,-5
E01000399,Other method of travel to work,10,5,5
E01000399,Passenger in a car or van,19,11,8
E01000399,Taxi,5,16,-11
E01000399,Train,69,192,-123
E01000399,"Underground, metro, light rail, tram",17,14,3
E01000399,Work mainly at or from home,284,21,263
E01000400,Bicycle,6,7,-1
E01000400,"Bus, minibus or coach",66,86,-20
E01000400,Driving a car or van,253,329,-76
E01000400,"Motorcycle, scooter or moped",6,11,-5
E01000400,Not in employment or aged 15 years and under,799,354,445
E01000400,On foot,28,38,-10
E01000400,Other method of travel to work,11,4,7
E01000400,Passenger in a car or van,14,11,3
E01000400,Taxi,2,5,-3
E01000400,Train,104,216,-112
E01000400,"Underground, metro, light rail, tram",34,22,12
E01000400,Work mainly at or from home,258,26,232
E01000401,Bicycle,3,14,-11
E01000401,"Bus, minibus or coach",63,73,-10
E01000401,Driving a car or van,267,308,-41
E01000401,"Motorcycle, scooter or moped",3,6,-3
E01000401,Not in employment or aged 15 years and under,1047,421,626
E01000401,On foot,52,40,12
E01000401,Other method of travel to work,10,6,4
E01000401,Passenger in a car or van,16,33,-17
E01000401,Taxi,5,3,2
E01000401,Train,101,214,-113
E01000401,"Underground, metro, light rail, tram",31,23,8
E01000401,Work mainly at or from home,218,23,195
E01000402,Bicycle,8,5,3
E01000402,"Bus, minibus or coach",66,68,-2
E01000402,Driving a car or van,281,346,-65
E01000402,"Motorcycle, scooter or moped",8,14,-6
E01000402,Not in employment or aged 15 years and under,881,406,475
E01000402,On foot,44,35,9
E01000402,Other method of travel to work,9,4,5
E01000402,Passenger in a car or van,29,26,3
E01000402,Taxi,1,5,-4
E01000402,Train,57,169,-112
E01000402,"Underground, metro, light rail, tram",26,17,9
E01000402,Work mainly at or from home,192,10,182
E01000403,Bicycle,5,7,-2
E01000403,"Bus, minibus or coach",99,93,6
E01000403,Driving a car or van,339,380,-41
E01000403,"Motorcycle, scooter or moped",6,5,1
E01000403,Not in employment or aged 15 years and under,1410,569,841
E01000403,On foot,64,65,-1
E01000403,Other method of travel to work,13,6,7
E01000403,Passenger in a car or van,25,28,-3
E01000403,Taxi,11,1,10
E01000403,Train,136,230,-94
E01000403,"Underground, metro, light rail, tram",24,27,-3
E01000403,Work mainly at or from home,273,24,249
E01000404,Bicycle,10,14,-4
E01000404,"Bus, minibus or coach",134,136,-2
E01000404,Driving a car or van,322,352,-30
E01000404,"Motorcycle, scooter or moped",2,4,-2
E01000404,Not in employment or aged 15 years and under,1400,589,811
E01000404,On foot,48,59,-11
E01000404,Other method of travel to work,20,12,8
E01000404,Passenger in a car or van,11,26,-15
E01000404,Taxi,9,4,5
E01000404,Train,150,318,-168
E01000404,"Underground, metro, light rail, tram",55,42,13
E01000404,Work mainly at or from home,261,29,232
E01000405,Bicycle,10,5,5
E01000405,"Bus, minibus or coach",68,74,-6
E01000405,Driving a car or van,310,298,12
E01000405,"Motorcycle, scooter or moped",2,7,-5
E01000405,Not in employment or aged 15 years and under,826,328,498
E01000405,On foot,39,49,-10
E01000405,Other method of travel to work,5,2,3
E01000405,Passenger in a car or van,23,20,3
E01000405,Taxi,2,5,-3
E01000405,Train,71,143,-72
E01000405,"Underground, metro, light rail, tram",29,30,-1
E01000405,Work mainly at or from home,192,22,170
E01000406,Bicycle,19,11,8
E01000406,"Bus, minibus or coach",102,87,15
E01000406,Driving a car or van,377,379,-2
E01000406,"Motorcycle, scooter or moped",15,9,6
E01000406,Not in employment or aged 15 years and under,1037,419,618
E01000406,On foot,51,36,15
E01000406,Other method of travel to work,13,4,9
E01000406,Passenger in a car or van,35,30,5
E01000406,Taxi,15,4,11
E01000406,Train,96,144,-48
E01000406,"Underground, metro, light rail, tram",51,23,28
E01000406,Work mainly at or from home,339,24,315
E01000407,Bicycle,6,7,-1
E01000407,"Bus, minibus or coach",40,39,1
E01000407,Driving a car or van,338,336,2
E01000407,"Motorcycle, scooter or moped",5,6,-1
E01000407,Not in employment or aged 15 years and under,957,426,531
E01000407,On foot,31,46,-15
E01000407,Other method of travel to work,9,6,3
E01000407,Passenger in a car or van,29,28,1
E01000407,Taxi,4,3,1
E01000407,Train,84,125,-41
E01000407,"Underground, metro, light rail, tram",37,14,23
E01000407,Work mainly at or from home,327,29,298
E01000408,Bicycle,10,6,4
E01000408,"Bus, minibus or coach",70,97,-27
E01000408,Driving a car or van,305,309,-4
E01000408,"Motorcycle, scooter or moped",3,2,1
E01000408,Not in employment or aged 15 years and under,930,434,496
E01000408,On foot,61,53,8
E01000408,Other method of travel to work,15,7,8
E01000408,Passenger in a car or van,29,32,-3
E01000408,Taxi,1,5,-4
E01000408,Train,93,187,-94
E01000408,"Underground, metro, light rail, tram",27,34,-7
E01000408,Work mainly at or from home,228,19,209
E01000409,Bicycle,3,7,-4
E01000409,"Bus, minibus or coach",44,61,-17
E01000409,Driving a car or van,346,433,-87
E01000409,"Motorcycle, scooter or moped",6,17,-11
E01000409,Not in employment or aged 15 years and under,850,351,499
E01000409,On foot,24,47,-23
E01000409,Other method of travel to work,14,3,11
E01000409,Passenger in a car or van,21,22,-1
E01000409,Taxi,8,9,-1
E01000409,Train,92,217,-125
E01000409,"Underground, metro, light rail, tram",12,21,-9
E01000409,Work mainly at or from home,320,22,298
E01000410,Bicycle,11,10,1
E01000410,"Bus, minibus or coach",38,54,-16
E01000410,Driving a car or van,326,379,-53
E01000410,"Motorcycle, scooter or moped",8,9,-1
E01000410,Not in employment or aged 15 years and under,766,333,433
E01000410,On foot,41,44,-3
E01000410,Other method of travel to work,15,9,6
E01000410,Passenger in a car or van,16,23,-7
E01000410,Taxi,7,12,-5
E01000410,Train,113,235,-122
E01000410,"Underground, metro, light rail, tram",10,20,-10
E01000410,Work mainly at or from home,303,24,279
E01000411,Bicycle,4,4,0
E01000411,"Bus, minibus or coach",33,52,-19
E01000411,Driving a car or van,311,352,-41
E01000411,"Motorcycle, scooter or moped",4,14,-10
E01000411,Not in employment or aged 15 years and under,750,324,426
E01000411,On foot,24,33,-9
E01000411,Other method of travel to work,5,8,-3
E01000411,Passenger in a car or van,15,23,-8
E01000411,Taxi,2,11,-9
E01000411,Train,83,179,-96
E01000411,"Underground, metro, light rail, tram",14,9,5
E01000411,Work mainly at or from home,251,19,232
E01000412,Bicycle,6,13,-7
E01000412,"Bus, minibus or coach",43,60,-17
E01000412,Driving a car or van,339,392,-53
E01000412,"Motorcycle, scooter or moped",9,12,-3
E01000412,Not in employment or aged 15 years and under,815,316,499
E01000412,On foot,36,22,14
E01000412,Other method of travel to work,18,3,15
E01000412,Passenger in a car or van,21,28,-7
E01000412,Taxi,9,14,-5
E01000412,Train,122,274,-152
E01000412,"Underground, metro, light rail, tram",21,27,-6
E01000412,Work mainly at or from home,319,33,286
E01000413,Bicycle,10,8,2
E01000413,"Bus, minibus or coach",42,54,-12
E01000413,Driving a car or van,298,375,-77
E01000413,"Motorcycle, scooter or moped",3,12,-9
E01000413,Not in employment or aged 15 years and under,647,272,375
E01000413,On foot,26,27,-1
E01000413,Other method of travel to work,8,2,6
E01000413,Passenger in a car or van,20,25,-5
E01000413,Taxi,2,10,-8
E01000413,Train,63,136,-73
E01000413,"Underground, metro, light rail, tram",16,22,-6
E01000413,Work mainly at or from home,213,23,190
E01000414,Bicycle,9,10,-1
E01000414,"Bus, minibus or coach",67,92,-25
E01000414,Driving a car or van,280,345,-65
E01000414,"Motorcycle, scooter or moped",8,10,-2
E01000414,Not in employment or aged 15 years and under,975,417,558
E01000414,On foot,47,38,9
E01000414,Other method of travel to work,11,4,7
E01000414,Passenger in a car or van,15,22,-7
E01000414,Taxi,1,5,-4
E01000414,Train,120,226,-106
E01000414,"Underground, metro, light rail, tram",35,14,21
E01000414,Work mainly at or from home,331,26,305
E01000415,Bicycle,5,6,-1
E01000415,"Bus, minibus or coach",33,53,-20
E01000415,Driving a car or van,278,407,-129
E01000415,"Motorcycle, scooter or moped",2,13,-11
E01000415,Not in employment or aged 15 years and under,743,356,387
E01000415,On foot,16,29,-13
E01000415,Other method of travel to work,7,4,3
E01000415,Passenger in a car or van,17,20,-3
E01000415,Taxi,3,10,-7
E01000415,Train,78,184,-106
E01000415,"Underground, metro, light rail, tram",14,7,7
E01000415,Work mainly at or from home,268,25,243
E01000416,Bicycle,11,9,2
E01000416,"Bus, minibus or coach",93,110,-17
E01000416,Driving a car or van,235,223,12
E01000416,"Motorcycle, scooter or moped",5,11,-6
E01000416,Not in employment or aged 15 years and under,897,411,486
E01000416,On foot,27,23,4
E01000416,Other method of travel to work,10,3,7
E01000416,Passenger in a car or van,26,24,2
E01000416,Taxi,7,2,5
E01000416,Train,126,195,-69
E01000416,"Underground, metro, light rail, tram",42,51,-9
E01000416,Work mainly at or from home,158,17,141
E01000417,Bicycle,12,15,-3
E01000417,"Bus, minibus or coach",60,91,-31
E01000417,Driving a car or van,262,374,-112
E01000417,"Motorcycle, scooter or moped",6,10,-4
E01000417,Not in employment or aged 15 years and under,918,436,482
E01000417,On foot,24,21,3
E01000417,Other method of travel to work,17,5,12
E01000417,Passenger in a car or van,22,23,-1
E01000417,Taxi,7,8,-1
E01000417,Train,82,191,-109
E01000417,"Underground, metro, light rail, tram",41,40,1
E01000417,Work mainly at or from home,290,24,266
E01000418,Bicycle,12,2,10
E01000418,"Bus, minibus or coach",100,114,-14
E01000418,Driving a car or van,306,376,-70
E01000418,"Motorcycle, scooter or moped",4,11,-7
E01000418,Not in employment or aged 15 years and under,996,466,530
E01000418,On foot,32,30,2
E01000418,Other method of travel to work,7,5,2
E01000418,Passenger in a car or van,26,25,1
E01000418,Taxi,5,2,3
E01000418,Train,133,271,-138
E01000418,"Underground, metro, light rail, tram",43,58,-15
E01000418,Work mainly at or from home,285,28,257
E01000419,Bicycle,5,5,0
E01000419,"Bus, minibus or coach",49,48,1
E01000419,Driving a car or van,268,375,-107
E01000419,"Motorcycle, scooter or moped",8,9,-1
E01000419,Not in employment or aged 15 years and under,801,352,449
E01000419,On foot,15,24,-9
E01000419,Other method of travel to work,9,2,7
E01000419,Passenger in a car or van,23,23,0
E01000419,Taxi,7,8,-1
E01000419,Train,55,143,-88
E01000419,"Underground, metro, light rail, tram",18,18,0
E01000419,Work mainly at or from home,234,23,211
E01000420,Bicycle,6,9,-3
E01000420,"Bus, minibus or coach",52,58,-6
E01000420,Driving a car or van,311,423,-112
E01000420,"Motorcycle, scooter or moped",10,15,-5
E01000420,Not in employment or aged 15 years and under,792,373,419
E01000420,On foot,20,32,-12
E01000420,Other method of travel to work,7,5,2
E01000420,Passenger in a car or van,15,27,-12
E01000420,Taxi,7,5,2
E01000420,Train,62,147,-85
E01000420,"Underground, metro, light rail, tram",26,20,6
E01000420,Work mainly at or from home,216,32,184
E01000421,Bicycle,3,9,-6
E01000421,"Bus, minibus or coach",19,44,-25
E01000421,Driving a car or van,293,357,-64
E01000421,"Motorcycle, scooter or moped",4,11,-7
E01000421,Not in employment or aged 15 years and under,775,367,408
E01000421,On foot,18,17,1
E01000421,Other method of travel to work,10,3,7
E01000421,Passenger in a car or van,19,25,-6
E01000421,Taxi,3,7,-4
E01000421,Train,66,141,-75
E01000421,"Underground, metro, light rail, tram",9,15,-6
E01000421,Work mainly at or from home,299,32,267
E01000422,Bicycle,11,6,5
E01000422,"Bus, minibus or coach",92,140,-48
E01000422,Driving a car or van,159,201,-42
E01000422,"Motorcycle, scooter or moped",3,7,-4
E01000422,Not in employment or aged 15 years and under,770,546,224
E01000422,On foot,28,34,-6
E01000422,Other method of travel to work,15,4,11
E01000422,Passenger in a car or van,8,14,-6
E01000422,Taxi,2,1,1
E01000422,Train,69,162,-93
E01000422,"Underground, metro, light rail, tram",41,54,-13
E01000422,Work mainly at or from home,133,21,112
E01000423,Bicycle,5,6,-1
E01000423,"Bus, minibus or coach",12,55,-43
E01000423,Driving a car or van,236,374,-138
E01000423,"Motorcycle, scooter or moped",3,11,-8
E01000423,Not in employment or aged 15 years and under,847,337,510
E01000423,On foot,29,33,-4
E01000423,Other method of travel to work,4,4,0
E01000423,Passenger in a car or van,32,26,6
E01000423,Taxi,3,12,-9
E01000423,Train,77,234,-157
E01000423,"Underground, metro, light rail, tram",11,23,-12
E01000423,Work mainly at or from home,349,39,310
E01000424,Bicycle,10,10,0
E01000424,"Bus, minibus or coach",27,43,-16
E01000424,Driving a car or van,231,338,-107
E01000424,"Motorcycle, scooter or moped",6,8,-2
E01000424,Not in employment or aged 15 years and under,860,399,461
E01000424,On foot,33,50,-17
E01000424,Other method of travel to work,6,5,1
E01000424,Passenger in a car or van,12,19,-7
E01000424,Taxi,2,7,-5
E01000424,Train,82,339,-257
E01000424,"Underground, metro, light rail, tram",7,15,-8
E01000424,Work mainly at or from home,454,47,407
E01000425,Bicycle,8,14,-6
E01000425,"Bus, minibus or coach",20,29,-9
E01000425,Driving a car or van,253,414,-161
E01000425,"Motorcycle, scooter or moped",3,7,-4
E01000425,Not in employment or aged 15 years and under,998,379,619
E01000425,On foot,38,36,2
E01000425,Other method of travel to work,10,6,4
E01000425,Passenger in a car or van,10,19,-9
E01000425,Taxi,5,12,-7
E01000425,Train,84,231,-147
E01000425,"Underground, metro, light rail, tram",5,9,-4
E01000425,Work mainly at or from home,367,45,322
E01000426,Bicycle,12,15,-3
E01000426,"Bus, minibus or coach",38,64,-26
E01000426,Driving a car or van,271,370,-99
E01000426,"Motorcycle, scooter or moped",9,8,1
E01000426,Not in employment or aged 15 years and under,759,338,421
E01000426,On foot,48,55,-7
E01000426,Other method of travel to work,7,5,2
E01000426,Passenger in a car or van,13,17,-4
E01000426,Taxi,6,8,-2
E01000426,Train,114,288,-174
E01000426,"Underground, metro, light rail, tram",18,24,-6
E01000426,Work mainly at or from home,374,41,333
E01000427,Bicycle,9,14,-5
E01000427,"Bus, minibus or coach",54,77,-23
E01000427,Driving a car or van,313,406,-93
E01000427,"Motorcycle, scooter or moped",8,8,0
E01000427,Not in employment or aged 15 years and under,1088,479,609
E01000427,On foot,52,53,-1
E01000427,Other method of travel to work,14,8,6
E01000427,Passenger in a car or van,19,26,-7
E01000427,Taxi,8,8,0
E01000427,Train,105,226,-121
E01000427,"Underground, metro, light rail, tram",16,14,2
E01000427,Work mainly at or from home,335,31,304
E01000428,Bicycle,3,8,-5
E01000428,"Bus, minibus or coach",76,87,-11
E01000428,Driving a car or van,255,301,-46
E01000428,"Motorcycle, scooter or moped",1,15,-14
E01000428,Not in employment or aged 15 years and under,1050,475,575
E01000428,On foot,60,80,-20
E01000428,Other method of travel to work,7,8,-1
E01000428,Passenger in a car or van,13,17,-4
E01000428,Taxi,4,8,-4
E01000428,Train,105,199,-94
E01000428,"Underground, metro, light rail, tram",15,15,0
E01000428,Work mainly at or from home,310,35,275
E01000429,Bicycle,4,12,-8
E01000429,"Bus, minibus or coach",99,127,-28
E01000429,Driving a car or van,236,266,-30
E01000429,"Motorcycle, scooter or moped",2,5,-3
E01000429,Not in employment or aged 15 years and under,969,469,500
E01000429,On foot,66,64,2
E01000429,Other method of travel to work,4,5,-1
E01000429,Passenger in a car or van,18,20,-2
E01000429,Taxi,7,2,5
E01000429,Train,102,148,-46
E01000429,"Underground, metro, light rail, tram",26,24,2
E01000429,Work mainly at or from home,155,19,136
E01000430,Bicycle,6,7,-1
E01000430,"Bus, minibus or coach",94,96,-2
E01000430,Driving a car or van,394,368,26
E01000430,"Motorcycle, scooter or moped",5,10,-5
E01000430,Not in employment or aged 15 years and under,1061,376,685
E01000430,On foot,17,30,-13
E01000430,Other method of travel to work,13,3,10
E01000430,Passenger in a car or van,26,28,-2
E01000430,Taxi,7,1,6
E01000430,Train,112,230,-118
E01000430,"Underground, metro, light rail, tram",37,30,7
E01000430,Work mainly at or from home,277,25,252
E01000431,Bicycle,3,8,-5
E01000431,"Bus, minibus or coach",57,110,-53
E01000431,Driving a car or van,188,282,-94
E01000431,"Motorcycle, scooter or moped",1,6,-5
E01000431,Not in employment or aged 15 years and under,710,527,183
E01000431,On foot,30,54,-24
E01000431,Other method of travel to work,4,9,-5
E01000431,Passenger in a car or van,15,29,-14
E01000431,Taxi,4,1,3
E01000431,Train,57,117,-60
E01000431,"Underground, metro, light rail, tram",14,22,-8
E01000431,Work mainly at or from home,116,12,104
E01000433,Bicycle,16,11,5
E01000433,"Bus, minibus or coach",106,102,4
E01000433,Driving a car or van,289,331,-42
E01000433,"Motorcycle, scooter or moped",7,7,0
E01000433,Not in employment or aged 15 years and under,1132,529,603
E01000433,On foot,37,37,0
E01000433,Other method of travel to work,12,3,9
E01000433,Passenger in a car or van,29,20,9
E01000433,Taxi,4,4,0
E01000433,Train,108,139,-31
E01000433,"Underground, metro, light rail, tram",34,16,18
E01000433,Work mainly at or from home,184,19,165
E01000434,Bicycle,11,9,2
E01000434,"Bus, minibus or coach",79,93,-14
E01000434,Driving a car or van,294,257,37
E01000434,"Motorcycle, scooter or moped",5,5,0
E01000434,Not in employment or aged 15 years and under,912,449,463
E01000434,On foot,35,40,-5
E01000434,Other method of travel to work,11,2,9
E01000434,Passenger in a car or van,29,28,1
E01000434,Taxi,0,2,-2
E01000434,Train,67,123,-56
E01000434,"Underground, metro, light rail, tram",18,14,4
E01000434,Work mainly at or from home,139,7,132
E01000435,Bicycle,2,4,-2
E01000435,"Bus, minibus or coach",79,76,3
E01000435,Driving a car or van,254,291,-37
E01000435,"Motorcycle, scooter or moped",2,11,-9
E01000435,Not in employment or aged 15 years and under,827,390,437
E01000435,On foot,26,29,-3
E01000435,Other method of travel to work,10,7,3
E01000435,Passenger in a car or van,17,13,4
E01000435,Taxi,1,2,-1
E01000435,Train,57,133,-76
E01000435,"Underground, metro, light rail, tram",15,9,6
E01000435,Work mainly at or from home,204,17,187
E01000436,Bicycle,8,9,-1
E01000436,"Bus, minibus or coach",29,55,-26
E01000436,Driving a car or van,331,469,-138
E01000436,"Motorcycle, scooter or moped",8,10,-2
E01000436,Not in employment or aged 15 years and under,892,373,519
E01000436,On foot,29,32,-3
E01000436,Other method of travel to work,10,1,9
E01000436,Passenger in a car or van,28,31,-3
E01000436,Taxi,0,7,-7
E01000436,Train,75,201,-126
E01000436,"Underground, metro, light rail, tram",12,10,2
E01000436,Work mainly at or from home,335,26,309
E01000437,Bicycle,4,10,-6
E01000437,"Bus, minibus or coach",35,47,-12
E01000437,Driving a car or van,310,347,-37
E01000437,"Motorcycle, scooter or moped",7,16,-9
E01000437,Not in employment or aged 15 years and under,659,318,341
E01000437,On foot,30,31,-1
E01000437,Other method of travel to work,8,1,7
E01000437,Passenger in a car or van,22,27,-5
E01000437,Taxi,3,5,-2
E01000437,Train,53,117,-64
E01000437,"Underground, metro, light rail, tram",10,7,3
E01000437,Work mainly at or from home,230,22,208
E01000438,Bicycle,11,9,2
E01000438,"Bus, minibus or coach",61,70,-9
E01000438,Driving a car or van,307,427,-120
E01000438,"Motorcycle, scooter or moped",6,21,-15
E01000438,Not in employment or aged 15 years and under,900,367,533
E01000438,On foot,50,59,-9
E01000438,Other method of travel to work,7,1,6
E01000438,Passenger in a car or van,22,24,-2
E01000438,Taxi,4,7,-3
E01000438,Train,74,148,-74
E01000438,"Underground, metro, light rail, tram",9,12,-3
E01000438,Work mainly at or from home,237,22,215
E01000439,Bicycle,8,10,-2
E01000439,"Bus, minibus or coach",66,80,-14
E01000439,Driving a car or van,256,324,-68
E01000439,"Motorcycle, scooter or moped",4,8,-4
E01000439,Not in employment or aged 15 years and under,779,306,473
E01000439,On foot,42,62,-20
E01000439,Other method of travel to work,7,2,5
E01000439,Passenger in a car or van,23,24,-1
E01000439,Taxi,1,5,-4
E01000439,Train,71,137,-66
E01000439,"Underground, metro, light rail, tram",11,7,4
E01000439,Work mainly at or from home,159,15,144
E01000440,Bicycle,5,10,-5
E01000440,"Bus, minibus or coach",30,37,-7
E01000440,Driving a car or van,284,392,-108
E01000440,"Motorcycle, scooter or moped",7,13,-6
E01000440,Not in employment or aged 15 years and under,707,347,360
E01000440,On foot,27,33,-6
E01000440,Other method of travel to work,5,2,3
E01000440,Passenger in a car or van,20,31,-11
E01000440,Taxi,4,7,-3
E01000440,Train,55,147,-92
E01000440,"Underground, metro, light rail, tram",12,11,1
E01000440,Work mainly at or from home,230,21,209
E01000441,Bicycle,9,5,4
E01000441,"Bus, minibus or coach",58,72,-14
E01000441,Driving a car or van,299,359,-60
E01000441,"Motorcycle, scooter or moped",7,9,-2
E01000441,Not in employment or aged 15 years and under,1022,420,602
E01000441,On foot,50,41,9
E01000441,Other method of travel to work,10,3,7
E01000441,Passenger in a car or van,25,25,0
E01000441,Taxi,4,7,-3
E01000441,Train,69,169,-100
E01000441,"Underground, metro, light rail, tram",11,14,-3
E01000441,Work mainly at or from home,237,25,212
E01000442,Bicycle,6,11,-5
E01000442,"Bus, minibus or coach",38,55,-17
E01000442,Driving a car or van,352,417,-65
E01000442,"Motorcycle, scooter or moped",2,16,-14
E01000442,Not in employment or aged 15 years and under,859,379,480
E01000442,On foot,33,32,1
E01000442,Other method of travel to work,8,4,4
E01000442,Passenger in a car or van,22,27,-5
E01000442,Taxi,7,12,-5
E01000442,Train,66,140,-74
E01000442,"Underground, metro, light rail, tram",8,13,-5
E01000442,Work mainly at or from home,280,26,254
E01000443,Bicycle,4,13,-9
E01000443,"Bus, minibus or coach",30,44,-14
E01000443,Driving a car or van,237,285,-48
E01000443,"Motorcycle, scooter or moped",6,11,-5
E01000443,Not in employment or aged 15 years and under,684,312,372
E01000443,On foot,23,24,-1
E01000443,Other method of travel to work,1,3,-2
E01000443,Passenger in a car or van,10,16,-6
E01000443,Taxi,3,4,-1
E01000443,Train,66,168,-102
E01000443,"Underground, metro, light rail, tram",5,9,-4
E01000443,Work mainly at or from home,261,19,242
E01000444,Bicycle,4,5,-1
E01000444,"Bus, minibus or coach",9,18,-9
E01000444,Driving a car or van,281,406,-125
E01000444,"Motorcycle, scooter or moped",3,12,-9
E01000444,Not in employment or aged 15 years and under,880,411,469
E01000444,On foot,17,26,-9
E01000444,Other method of travel to work,8,4,4
E01000444,Passenger in a car or van,21,24,-3
E01000444,Taxi,0,8,-8
E01000444,Train,46,218,-172
E01000444,"Underground, metro, light rail, tram",5,8,-3
E01000444,Work mainly at or from home,367,50,317
E01000445,Bicycle,7,7,0
E01000445,"Bus, minibus or coach",30,33,-3
E01000445,Driving a car or van,227,378,-151
E01000445,"Motorcycle, scooter or moped",5,11,-6
E01000445,Not in employment or aged 15 years and under,881,413,468
E01000445,On foot,27,32,-5
E01000445,Other method of travel to work,9,4,5
E01000445,Passenger in a car or van,16,19,-3
E01000445,Taxi,5,12,-7
E01000445,Train,75,223,-148
E01000445,"Underground, metro, light rail, tram",6,8,-2
E01000445,Work mainly at or from home,379,29,350
E01000446,Bicycle,6,13,-7
E01000446,"Bus, minibus or coach",35,69,-34
E01000446,Driving a car or van,292,433,-141
E01000446,"Motorcycle, scooter or moped",4,12,-8
E01000446,Not in employment or aged 15 years and under,665,288,377
E01000446,On foot,23,37,-14
E01000446,Other method of travel to work,11,9,2
E01000446,Passenger in a car or van,12,25,-13
E01000446,Taxi,6,10,-4
E01000446,Train,95,237,-142
E01000446,"Underground, metro, light rail, tram",8,5,3
E01000446,Work mainly at or from home,349,36,313
E01000447,Bicycle,2,11,-9
E01000447,"Bus, minibus or coach",42,42,0
E01000447,Driving a car or van,300,323,-23
E01000447,"Motorcycle, scooter or moped",4,9,-5
E01000447,Not in employment or aged 15 years and under,903,285,618
E01000447,On foot,46,43,3
E01000447,Other method of travel to work,8,1,7
E01000447,Passenger in a car or van,19,18,1
E01000447,Taxi,3,13,-10
E01000447,Train,101,309,-208
E01000447,"Underground, metro, light rail, tram",15,17,-2
E01000447,Work mainly at or from home,508,31,477
E01000448,Bicycle,5,10,-5
E01000448,"Bus, minibus or coach",15,29,-14
E01000448,Driving a car or van,185,290,-105
E01000448,"Motorcycle, scooter or moped",1,11,-10
E01000448,Not in employment or aged 15 years and under,706,305,401
E01000448,On foot,22,27,-5
E01000448,Other method of travel to work,5,2,3
E01000448,Passenger in a car or van,12,15,-3
E01000448,Taxi,3,4,-1
E01000448,Train,67,200,-133
E01000448,"Underground, metro, light rail, tram",6,5,1
E01000448,Work mainly at or from home,319,41,278
E01000449,Bicycle,4,5,-1
E01000449,"Bus, minibus or coach",17,34,-17
E01000449,Driving a car or van,183,307,-124
E01000449,"Motorcycle, scooter or moped",3,5,-2
E01000449,Not in employment or aged 15 years and under,863,343,520
E01000449,On foot,36,28,8
E01000449,Other method of travel to work,5,8,-3
E01000449,Passenger in a car or van,9,13,-4
E01000449,Taxi,2,2,0
E01000449,Train,76,205,-129
E01000449,"Underground, metro, light rail, tram",9,6,3
E01000449,Work mainly at or from home,352,46,306
E01000450,Bicycle,12,6,6
E01000450,"Bus, minibus or coach",68,77,-9
E01000450,Driving a car or van,364,420,-56
E01000450,"Motorcycle, scooter or moped",8,18,-10
E01000450,Not in employment or aged 15 years and under,935,469,466
E01000450,On foot,28,21,7
E01000450,Other method of travel to work,10,2,8
E01000450,Passenger in a car or van,23,17,6
E01000450,Taxi,6,7,-1
E01000450,Train,66,168,-102
E01000450,"Underground, metro, light rail, tram",25,26,-1
E01000450,Work mainly at or from home,258,26,232
E01000451,Bicycle,9,14,-5
E01000451,"Bus, minibus or coach",45,56,-11
E01000451,Driving a car or van,369,452,-83
E01000451,"Motorcycle, scooter or moped",9,10,-1
E01000451,Not in employment or aged 15 years and under,828,376,452
E01000451,On foot,21,31,-10
E01000451,Other method of travel to work,13,6,7
E01000451,Passenger in a car or van,21,26,-5
E01000451,Taxi,5,11,-6
E01000451,Train,78,205,-127
E01000451,"Underground, metro, light rail, tram",28,38,-10
E01000451,Work mainly at or from home,326,20,306
E01000452,Bicycle,7,9,-2
E01000452,"Bus, minibus or coach",41,47,-6
E01000452,Driving a car or van,307,398,-91
E01000452,"Motorcycle, scooter or moped",1,9,-8
E01000452,Not in employment or aged 15 years and under,633,258,375
E01000452,On foot,29,41,-12
E01000452,Other method of travel to work,9,4,5
E01000452,Passenger in a car or van,19,21,-2
E01000452,Taxi,5,4,1
E01000452,Train,81,188,-107
E01000452,"Underground, metro, light rail, tram",19,17,2
E01000452,Work mainly at or from home,271,18,253
E01000453,Bicycle,5,10,-5
E01000453,"Bus, minibus or coach",32,70,-38
E01000453,Driving a car or van,286,388,-102
E01000453,"Motorcycle, scooter or moped",0,11,-11
E01000453,Not in employment or aged 15 years and under,721,294,427
E01000453,On foot,22,29,-7
E01000453,Other method of travel to work,3,6,-3
E01000453,Passenger in a car or van,26,15,11
E01000453,Taxi,4,13,-9
E01000453,Train,90,173,-83
E01000453,"Underground, metro, light rail, tram",11,19,-8
E01000453,Work mainly at or from home,275,35,240
E01000454,Bicycle,5,8,-3
E01000454,"Bus, minibus or coach",65,88,-23
E01000454,Driving a car or van,277,367,-90
E01000454,"Motorcycle, scooter or moped",3,8,-5
E01000454,Not in employment or aged 15 years and under,852,379,473
E01000454,On foot,28,44,-16
E01000454,Other method of travel to work,5,3,2
E01000454,Passenger in a car or van,18,32,-14
E01000454,Taxi,8,7,1
E01000454,Train,93,173,-80
E01000454,"Underground, metro, light rail, tram",34,12,22
E01000454,Work mainly at or from home,243,22,221
E01000455,Bicycle,5,8,-3
E01000455,"Bus, minibus or coach",58,69,-11
E01000455,Driving a car or van,327,398,-71
E01000455,"Motorcycle, scooter or moped",6,11,-5
E01000455,Not in employment or aged 15 years and under,895,359,536
E01000455,On foot,35,46,-11
E01000455,Other method of travel to work,13,6,7
E01000455,Passenger in a car or van,16,29,-13
E01000455,Taxi,5,4,1
E01000455,Train,114,246,-132
E01000455,"Underground, metro, light rail, tram",16,12,4
E01000455,Work mainly at or from home,295,24,271
E01000456,Bicycle,6,7,-1
E01000456,"Bus, minibus or coach",30,49,-19
E01000456,Driving a car or van,232,368,-136
E01000456,"Motorcycle, scooter or moped",8,16,-8
E01000456,Not in employment or aged 15 years and under,697,277,420
E01000456,On foot,34,49,-15
E01000456,Other method of travel to work,9,2,7
E01000456,Passenger in a car or van,19,17,2
E01000456,Taxi,2,5,-3
E01000456,Train,84,184,-100
E01000456,"Underground, metro, light rail, tram",14,26,-12
E01000456,Work mainly at or from home,292,26,266
E01000457,Bicycle,14,13,1
E01000457,"Bus, minibus or coach",87,74,13
E01000457,Driving a car or van,278,271,7
E01000457,"Motorcycle, scooter or moped",6,9,-3
E01000457,Not in employment or aged 15 years and under,1107,437,670
E01000457,On foot,63,85,-22
E01000457,Other method of travel to work,13,8,5
E01000457,Passenger in a car or van,14,22,-8
E01000457,Taxi,3,6,-3
E01000457,Train,127,324,-197
E01000457,"Underground, metro, light rail, tram",14,27,-13
E01000457,Work mainly at or from home,448,35,413
E01000458,Bicycle,5,14,-9
E01000458,"Bus, minibus or coach",20,31,-11
E01000458,Driving a car or van,192,284,-92
E01000458,"Motorcycle, scooter or moped",1,7,-6
E01000458,Not in employment or aged 15 years and under,859,342,517
E01000458,On foot,28,40,-12
E01000458,Other method of travel to work,12,4,8
E01000458,Passenger in a car or van,7,24,-17
E01000458,Taxi,8,3,5
E01000458,Train,61,239,-178
E01000458,"Underground, metro, light rail, tram",2,14,-12
E01000458,Work mainly at or from home,338,44,294
E01000459,Bicycle,1,5,-4
E01000459,"Bus, minibus or coach",64,61,3
E01000459,Driving a car or van,231,264,-33
E01000459,"Motorcycle, scooter or moped",3,11,-8
E01000459,Not in employment or aged 15 years and under,1038,451,587
E01000459,On foot,62,75,-13
E01000459,Other method of travel to work,9,1,8
E01000459,Passenger in a car or van,22,22,0
E01000459,Taxi,4,1,3
E01000459,Train,71,206,-135
E01000459,"Underground, metro, light rail, tram",7,16,-9
E01000459,Work mainly at or from home,358,55,303
E01000460,Bicycle,3,6,-3
E01000460,"Bus, minibus or coach",12,26,-14
E01000460,Driving a car or van,173,354,-181
E01000460,"Motorcycle, scooter or moped",0,6,-6
E01000460,Not in employment or aged 15 years and under,640,318,322
E01000460,On foot,35,42,-7
E01000460,Other method of travel to work,5,4,1
E01000460,Passenger in a car or van,7,20,-13
E01000460,Taxi,3,10,-7
E01000460,Train,57,231,-174
E01000460,"Underground, metro, light rail, tram",10,12,-2
E01000460,Work mainly at or from home,319,46,273
E01000461,Bicycle,4,10,-6
E01000461,"Bus, minibus or coach",14,54,-40
E01000461,Driving a car or van,268,434,-166
E01000461,"Motorcycle, scooter or moped",3,6,-3
E01000461,Not in employment or aged 15 years and under,833,359,474
E01000461,On foot,37,45,-8
E01000461,Other method of travel to work,9,7,2
E01000461,Passenger in a car or van,11,29,-18
E01000461,Taxi,1,8,-7
E01000461,Train,78,234,-156
E01000461,"Underground, metro, light rail, tram",13,12,1
E01000461,Work mainly at or from home,364,57,307
E01000462,Bicycle,10,6,4
E01000462,"Bus, minibus or coach",59,62,-3
E01000462,Driving a car or van,241,247,-6
E01000462,"Motorcycle, scooter or moped",2,7,-5
E01000462,Not in employment or aged 15 years and under,1100,397,703
E01000462,On foot,59,68,-9
E01000462,Other method of travel to work,11,5,6
E01000462,Passenger in a car or van,9,20,-11
E01000462,Taxi,1,5,-4
E01000462,Train,143,253,-110
E01000462,"Underground, metro, light rail, tram",17,14,3
E01000462,Work mainly at or from home,398,51,347
E01000463,Bicycle,7,11,-4
E01000463,"Bus, minibus or coach",27,42,-15
E01000463,Driving a car or van,208,301,-93
E01000463,"Motorcycle, scooter or moped",7,9,-2
E01000463,Not in employment or aged 15 years and under,608,267,341
E01000463,On foot,22,36,-14
E01000463,Other method of travel to work,5,2,3
E01000463,Passenger in a car or van,6,22,-16
E01000463,Taxi,3,6,-3
E01000463,Train,70,192,-122
E01000463,"Underground, metro, light rail, tram",8,13,-5
E01000463,Work mainly at or from home,277,19,258
E01000464,Bicycle,10,9,1
E01000464,"Bus, minibus or coach",106,103,3
E01000464,Driving a car or van,229,222,7
E01000464,"Motorcycle, scooter or moped",3,7,-4
E01000464,Not in employment or aged 15 years and under,861,420,441
E01000464,On foot,36,38,-2
E01000464,Other method of travel to work,6,0,6
E01000464,Passenger in a car or van,12,11,1
E01000464,Taxi,4,2,2
E01000464,Train,93,167,-74
E01000464,"Underground, metro, light rail, tram",28,44,-16
E01000464,Work mainly at or from home,128,11,117
E01000465,Bicycle,4,6,-2
E01000465,"Bus, minibus or coach",128,142,-14
E01000465,Driving a car or van,235,224,11
E01000465,"Motorcycle, scooter or moped",4,5,-1
E01000465,Not in employment or aged 15 years and under,967,486,481
E01000465,On foot,46,35,11
E01000465,Other method of travel to work,9,0,9
E01000465,Passenger in a car or van,17,13,4
E01000465,Taxi,5,2,3
E01000465,Train,94,160,-66
E01000465,"Underground, metro, light rail, tram",50,54,-4
E01000465,Work mainly at or from home,136,8,128
E01000466,Bicycle,11,8,3
E01000466,"Bus, minibus or coach",126,150,-24
E01000466,Driving a car or van,205,207,-2
E01000466,"Motorcycle, scooter or moped",6,2,4
E01000466,Not in employment or aged 15 years and under,973,540,433
E01000466,On foot,33,23,10
E01000466,Other method of travel to work,17,2,15
E01000466,Passenger in a car or van,24,24,0
E01000466,Taxi,6,3,3
E01000466,Train,101,138,-37
E01000466,"Underground, metro, light rail, tram",52,55,-3
E01000466,Work mainly at or from home,163,18,145
E01000467,Bicycle,12,8,4
E01000467,"Bus, minibus or coach",122,148,-26
E01000467,Driving a car or van,233,259,-26
E01000467,"Motorcycle, scooter or moped",4,10,-6
E01000467,Not in employment or aged 15 years and under,954,431,523
E01000467,On foot,21,19,2
E01000467,Other method of travel to work,9,6,3
E01000467,Passenger in a car or van,12,11,1
E01000467,Taxi,4,0,4
E01000467,Train,70,137,-67
E01000467,"Underground, metro, light rail, tram",60,94,-34
E01000467,Work mainly at or from home,170,22,148
E01000468,Bicycle,9,14,-5
E01000468,"Bus, minibus or coach",183,218,-35
E01000468,Driving a car or van,469,410,59
E01000468,"Motorcycle, scooter or moped",8,6,2
E01000468,Not in employment or aged 15 years and under,1650,625,1025
E01000468,On foot,23,22,1
E01000468,Other method of travel to work,19,12,7
E01000468,Passenger in a car or van,31,26,5
E01000468,Taxi,8,4,4
E01000468,Train,116,244,-128
E01000468,"Underground, metro, light rail, tram",114,160,-46
E01000468,Work mainly at or from home,301,57,244
E01000469,Bicycle,4,9,-5
E01000469,"Bus, minibus or coach",136,162,-26
E01000469,Driving a car or van,258,254,4
E01000469,"Motorcycle, scooter or moped",8,9,-1
E01000469,Not in employment or aged 15 years and under,911,457,454
E01000469,On foot,13,26,-13
E01000469,Other method of travel to work,11,7,4
E01000469,Passenger in a car or van,20,14,6
E01000469,Taxi,5,3,2
E01000469,Train,65,156,-91
E01000469,"Underground, metro, light rail, tram",102,87,15
E01000469,Work mainly at or from home,209,30,179
E01000470,Bicycle,7,13,-6
E01000470,"Bus, minibus or coach",96,128,-32
E01000470,Driving a car or van,155,146,9
E01000470,"Motorcycle, scooter or moped",1,4,-3
E01000470,Not in employment or aged 15 years and under,802,466,336
E01000470,On foot,20,21,-1
E01000470,Other method of travel to work,4,3,1
E01000470,Passenger in a car or van,17,13,4
E01000470,Taxi,6,3,3
E01000470,Train,58,149,-91
E01000470,"Underground, metro, light rail, tram",41,42,-1
E01000470,Work mainly at or from home,101,16,85
E01000471,Bicycle,27,22,5
E01000471,"Bus, minibus or coach",117,107,10
E01000471,Driving a car or van,277,250,27
E01000471,"Motorcycle, scooter or moped",3,7,-4
E01000471,Not in employment or aged 15 years and under,809,438,371
E01000471,On foot,139,120,19
E01000471,Other method of travel to work,4,5,-1
E01000471,Passenger in a car or van,26,22,4
E01000471,Taxi,1,5,-4
E01000471,Train,62,65,-3
E01000471,"Underground, metro, light rail, tram",131,189,-58
E01000471,Work mainly at or from home,119,21,98
E01000472,Bicycle,37,16,21
E01000472,"Bus, minibus or coach",149,114,35
E01000472,Driving a car or van,240,181,59
E01000472,"Motorcycle, scooter or moped",17,6,11
E01000472,Not in employment or aged 15 years and under,1185,314,871
E01000472,On foot,120,85,35
E01000472,Other method of travel to work,19,3,16
E01000472,Passenger in a car or van,19,23,-4
E01000472,Taxi,4,2,2
E01000472,Train,53,39,14
E01000472,"Underground, metro, light rail, tram",242,276,-34
E01000472,Work mainly at or from home,321,19,302
E01000473,Bicycle,47,15,32
E01000473,"Bus, minibus or coach",212,123,89
E01000473,Driving a car or van,217,148,69
E01000473,"Motorcycle, scooter or moped",11,0,11
E01000473,Not in employment or aged 15 years and under,1412,449,963
E01000473,On foot,235,128,107
E01000473,Other method of travel to work,15,5,10
E01000473,Passenger in a car or van,40,22,18
E01000473,Taxi,5,1,4
E01000473,Train,98,68,30
E01000473,"Underground, metro, light rail, tram",167,132,35
E01000473,Work mainly at or from home,251,17,234
E01000474,Bicycle,36,9,27
E01000474,"Bus, minibus or coach",151,170,-19
E01000474,Driving a car or van,301,306,-5
E01000474,"Motorcycle, scooter or moped",6,4,2
E01000474,Not in employment or aged 15 years and under,1162,587,575
E01000474,On foot,207,146,61
E01000474,Other method of travel to work,15,2,13
E01000474,Passenger in a car or van,41,38,3
E01000474,Taxi,0,0,0
E01000474,Train,96,70,26
E01000474,"Underground, metro, light rail, tram",122,157,-35
E01000474,Work mainly at or from home,135,7,128
E01000475,Bicycle,36,16,20
E01000475,"Bus, minibus or coach",155,175,-20
E01000475,Driving a car or van,291,300,-9
E01000475,"Motorcycle, scooter or moped",7,6,1
E01000475,Not in employment or aged 15 years and under,1109,547,562
E01000475,On foot,94,99,-5
E01000475,Other method of travel to work,16,7,9
E01000475,Passenger in a car or van,22,30,-8
E01000475,Taxi,8,3,5
E01000475,Train,70,69,1
E01000475,"Underground, metro, light rail, tram",108,242,-134
E01000475,Work mainly at or from home,210,24,186
E01000476,Bicycle,39,12,27
E01000476,"Bus, minibus or coach",173,118,55
E01000476,Driving a car or van,263,292,-29
E01000476,"Motorcycle, scooter or moped",7,1,6
E01000476,Not in employment or aged 15 years and under,1118,490,628
E01000476,On foot,209,95,114
E01000476,Other method of travel to work,17,4,13
E01000476,Passenger in a car or van,50,35,15
E01000476,Taxi,8,2,6
E01000476,Train,66,67,-1
E01000476,"Underground, metro, light rail, tram",121,132,-11
E01000476,Work mainly at or from home,130,15,115
E01000477,Bicycle,72,18,54
E01000477,"Bus, minibus or coach",131,134,-3
E01000477,Driving a car or van,288,316,-28
E01000477,"Motorcycle, scooter or moped",16,9,7
E01000477,Not in employment or aged 15 years and under,1184,501,683
E01000477,On foot,249,136,113
E01000477,Other method of travel to work,20,7,13
E01000477,Passenger in a car or van,37,28,9
E01000477,Taxi,3,1,2
E01000477,Train,93,73,20
E01000477,"Underground, metro, light rail, tram",139,175,-36
E01000477,Work mainly at or from home,145,24,121
E01000478,Bicycle,42,7,35
E01000478,"Bus, minibus or coach",164,187,-23
E01000478,Driving a car or van,270,316,-46
E01000478,"Motorcycle, scooter or moped",20,5,15
E01000478,Not in employment or aged 15 years and under,1327,600,727
E01000478,On foot,211,166,45
E01000478,Other method of travel to work,10,4,6
E01000478,Passenger in a car or van,37,22,15
E01000478,Taxi,2,3,-1
E01000478,Train,85,81,4
E01000478,"Underground, metro, light rail, tram",120,249,-129
E01000478,Work mainly at or from home,243,22,221
E01000479,Bicycle,4,4,0
E01000479,"Bus, minibus or coach",48,50,-2
E01000479,Driving a car or van,242,365,-123
E01000479,"Motorcycle, scooter or moped",4,6,-2
E01000479,Not in employment or aged 15 years and under,969,492,477
E01000479,On foot,23,33,-10
E01000479,Other method of travel to work,11,1,10
E01000479,Passenger in a car or van,27,26,1
E01000479,Taxi,6,6,0
E01000479,Train,28,33,-5
E01000479,"Underground, metro, light rail, tram",102,170,-68
E01000479,Work mainly at or from home,293,45,248
E01000480,Bicycle,6,4,2
E01000480,"Bus, minibus or coach",34,68,-34
E01000480,Driving a car or van,231,311,-80
E01000480,"Motorcycle, scooter or moped",4,5,-1
E01000480,Not in employment or aged 15 years and under,895,468,427
E01000480,On foot,34,34,0
E01000480,Other method of travel to work,10,9,1
E01000480,Passenger in a car or van,23,18,5
E01000480,Taxi,2,3,-1
E01000480,Train,37,63,-26
E01000480,"Underground, metro, light rail, tram",129,308,-179
E01000480,Work mainly at or from home,283,41,242
E01000481,Bicycle,7,7,0
E01000481,"Bus, minibus or coach",106,90,16
E01000481,Driving a car or van,172,204,-32
E01000481,"Motorcycle, scooter or moped",7,2,5
E01000481,Not in employment or aged 15 years and under,886,453,433
E01000481,On foot,35,34,1
E01000481,Other method of travel to work,13,11,2
E01000481,Passenger in a car or van,12,20,-8
E01000481,Taxi,2,1,1
E01000481,Train,47,53,-6
E01000481,"Underground, metro, light rail, tram",119,244,-125
E01000481,Work mainly at or from home,235,35,200
E01000483,Bicycle,6,2,4
E01000483,"Bus, minibus or coach",138,172,-34
E01000483,Driving a car or van,192,205,-13
E01000483,"Motorcycle, scooter or moped",12,8,4
E01000483,Not in employment or aged 15 years and under,1080,533,547
E01000483,On foot,38,32,6
E01000483,Other method of travel to work,14,6,8
E01000483,Passenger in a car or van,17,5,12
E01000483,Taxi,12,2,10
E01000483,Train,51,50,1
E01000483,"Underground, metro, light rail, tram",140,197,-57
E01000483,Work mainly at or from home,152,14,138
E01000484,Bicycle,7,0,7
E01000484,"Bus, minibus or coach",72,60,12
E01000484,Driving a car or van,222,183,39
E01000484,"Motorcycle, scooter or moped",5,2,3
E01000484,Not in employment or aged 15 years and under,1037,389,648
E01000484,On foot,34,30,4
E01000484,Other method of travel to work,18,2,16
E01000484,Passenger in a car or van,26,10,16
E01000484,Taxi,7,4,3
E01000484,Train,40,49,-9
E01000484,"Underground, metro, light rail, tram",98,147,-49
E01000484,Work mainly at or from home,201,10,191
E01000485,Bicycle,3,3,0
E01000485,"Bus, minibus or coach",54,61,-7
E01000485,Driving a car or van,235,267,-32
E01000485,"Motorcycle, scooter or moped",3,1,2
E01000485,Not in employment or aged 15 years and under,910,390,520
E01000485,On foot,25,24,1
E01000485,Other method of travel to work,8,4,4
E01000485,Passenger in a car or van,16,14,2
E01000485,Taxi,4,1,3
E01000485,Train,39,41,-2
E01000485,"Underground, metro, light rail, tram",112,200,-88
E01000485,Work mainly at or from home,196,20,176
E01000486,Bicycle,6,6,0
E01000486,"Bus, minibus or coach",41,80,-39
E01000486,Driving a car or van,234,359,-125
E01000486,"Motorcycle, scooter or moped",6,5,1
E01000486,Not in employment or aged 15 years and under,927,556,371
E01000486,On foot,26,39,-13
E01000486,Other method of travel to work,10,4,6
E01000486,Passenger in a car or van,20,17,3
E01000486,Taxi,4,3,1
E01000486,Train,36,60,-24
E01000486,"Underground, metro, light rail, tram",120,368,-248
E01000486,Work mainly at or from home,272,60,212
E01000487,Bicycle,10,7,3
E01000487,"Bus, minibus or coach",71,69,2
E01000487,Driving a car or van,209,234,-25
E01000487,"Motorcycle, scooter or moped",11,4,7
E01000487,Not in employment or aged 15 years and under,1090,409,681
E01000487,On foot,51,31,20
E01000487,Other method of travel to work,15,5,10
E01000487,Passenger in a car or van,23,8,15
E01000487,Taxi,3,3,0
E01000487,Train,55,45,10
E01000487,"Underground, metro, light rail, tram",203,246,-43
E01000487,Work mainly at or from home,251,39,212
E01000488,Bicycle,37,25,12
E01000488,"Bus, minibus or coach",76,146,-70
E01000488,Driving a car or van,138,187,-49
E01000488,"Motorcycle, scooter or moped",9,8,1
E01000488,Not in employment or aged 15 years and under,785,414,371
E01000488,On foot,46,71,-25
E01000488,Other method of travel to work,13,9,4
E01000488,Passenger in a car or van,12,18,-6
E01000488,Taxi,7,1,6
E01000488,Train,25,37,-12
E01000488,"Underground, metro, light rail, tram",90,225,-135
E01000488,Work mainly at or from home,411,36,375
E01000489,Bicycle,40,35,5
E01000489,"Bus, minibus or coach",73,117,-44
E01000489,Driving a car or van,171,188,-17
E01000489,"Motorcycle, scooter or moped",5,18,-13
E01000489,Not in employment or aged 15 years and under,877,368,509
E01000489,On foot,30,45,-15
E01000489,Other method of travel to work,17,8,9
E01000489,Passenger in a car or van,14,12,2
E01000489,Taxi,2,2,0
E01000489,Train,25,48,-23
E01000489,"Underground, metro, light rail, tram",111,252,-141
E01000489,Work mainly at or from home,370,67,303
E01000490,Bicycle,56,56,0
E01000490,"Bus, minibus or coach",70,109,-39
E01000490,Driving a car or van,74,123,-49
E01000490,"Motorcycle, scooter or moped",6,14,-8
E01000490,Not in employment or aged 15 years and under,772,303,469
E01000490,On foot,51,51,0
E01000490,Other method of travel to work,9,5,4
E01000490,Passenger in a car or van,7,11,-4
E01000490,Taxi,5,2,3
E01000490,Train,52,75,-23
E01000490,"Underground, metro, light rail, tram",154,550,-396
E01000490,Work mainly at or from home,518,47,471
E01000491,Bicycle,44,51,-7
E01000491,"Bus, minibus or coach",44,112,-68
E01000491,Driving a car or van,131,211,-80
E01000491,"Motorcycle, scooter or moped",7,20,-13
E01000491,Not in employment or aged 15 years and under,1037,497,540
E01000491,On foot,64,55,9
E01000491,Other method of travel to work,9,18,-9
E01000491,Passenger in a car or van,17,11,6
E01000491,Taxi,3,6,-3
E01000491,Train,23,58,-35
E01000491,"Underground, metro, light rail, tram",153,334,-181
E01000491,Work mainly at or from home,536,92,444
E01000492,Bicycle,19,36,-17
E01000492,"Bus, minibus or coach",51,102,-51
E01000492,Driving a car or van,101,170,-69
E01000492,"Motorcycle, scooter or moped",17,12,5
E01000492,Not in employment or aged 15 years and under,631,315,316
E01000492,On foot,43,54,-11
E01000492,Other method of travel to work,7,6,1
E01000492,Passenger in a car or van,10,10,0
E01000492,Taxi,4,3,1
E01000492,Train,18,32,-14
E01000492,"Underground, metro, light rail, tram",52,187,-135
E01000492,Work mainly at or from home,322,74,248
E01000493,Bicycle,25,48,-23
E01000493,"Bus, minibus or coach",47,137,-90
E01000493,Driving a car or van,120,216,-96
E01000493,"Motorcycle, scooter or moped",7,14,-7
E01000493,Not in employment or aged 15 years and under,794,410,384
E01000493,On foot,50,53,-3
E01000493,Other method of travel to work,10,3,7
E01000493,Passenger in a car or van,10,11,-1
E01000493,Taxi,4,2,2
E01000493,Train,20,55,-35
E01000493,"Underground, metro, light rail, tram",77,225,-148
E01000493,Work mainly at or from home,433,67,366
E01000494,Bicycle,17,36,-19
E01000494,"Bus, minibus or coach",59,103,-44
E01000494,Driving a car or van,105,156,-51
E01000494,"Motorcycle, scooter or moped",12,12,0
E01000494,Not in employment or aged 15 years and under,967,495,472
E01000494,On foot,42,41,1
E01000494,Other method of travel to work,2,15,-13
E01000494,Passenger in a car or van,5,7,-2
E01000494,Taxi,5,5,0
E01000494,Train,16,45,-29
E01000494,"Underground, metro, light rail, tram",139,399,-260
E01000494,Work mainly at or from home,390,65,325
E01000495,Bicycle,16,39,-23
E01000495,"Bus, minibus or coach",68,106,-38
E01000495,Driving a car or van,94,156,-62
E01000495,"Motorcycle, scooter or moped",9,10,-1
E01000495,Not in employment or aged 15 years and under,788,434,354
E01000495,On foot,40,50,-10
E01000495,Other method of travel to work,11,14,-3
E01000495,Passenger in a car or van,2,7,-5
E01000495,Taxi,0,8,-8
E01000495,Train,40,49,-9
E01000495,"Underground, metro, light rail, tram",139,371,-232
E01000495,Work mainly at or from home,379,43,336
E01000497,Bicycle,33,8,25
E01000497,"Bus, minibus or coach",219,202,17
E01000497,Driving a car or van,266,266,0
E01000497,"Motorcycle, scooter or moped",11,7,4
E01000497,Not in employment or aged 15 years and under,1076,536,540
E01000497,On foot,51,37,14
E01000497,Other method of travel to work,7,9,-2
E01000497,Passenger in a car or van,27,19,8
E01000497,Taxi,2,6,-4
E01000497,Train,32,35,-3
E01000497,"Underground, metro, light rail, tram",128,159,-31
E01000497,Work mainly at or from home,215,23,192
E01000498,Bicycle,11,4,7
E01000498,"Bus, minibus or coach",108,148,-40
E01000498,Driving a car or van,256,264,-8
E01000498,"Motorcycle, scooter or moped",7,5,2
E01000498,Not in employment or aged 15 years and under,1062,492,570
E01000498,On foot,30,48,-18
E01000498,Other method of travel to work,7,2,5
E01000498,Passenger in a car or van,14,23,-9
E01000498,Taxi,3,5,-2
E01000498,Train,25,28,-3
E01000498,"Underground, metro, light rail, tram",72,90,-18
E01000498,Work mainly at or from home,90,21,69
E01000499,Bicycle,17,12,5
E01000499,"Bus, minibus or coach",159,155,4
E01000499,Driving a car or van,196,218,-22
E01000499,"Motorcycle, scooter or moped",21,11,10
E01000499,Not in employment or aged 15 years and under,1141,530,611
E01000499,On foot,33,43,-10
E01000499,Other method of travel to work,16,3,13
E01000499,Passenger in a car or van,16,11,5
E01000499,Taxi,3,5,-2
E01000499,Train,22,29,-7
E01000499,"Underground, metro, light rail, tram",89,135,-46
E01000499,Work mainly at or from home,183,37,146
E01000501,Bicycle,27,8,19
E01000501,"Bus, minibus or coach",191,165,26
E01000501,Driving a car or van,217,237,-20
E01000501,"Motorcycle, scooter or moped",16,9,7
E01000501,Not in employment or aged 15 years and under,1183,569,614
E01000501,On foot,27,44,-17
E01000501,Other method of travel to work,5,0,5
E01000501,Passenger in a car or van,15,21,-6
E01000501,Taxi,1,5,-4
E01000501,Train,28,39,-11
E01000501,"Underground, metro, light rail, tram",93,161,-68
E01000501,Work mainly at or from home,232,28,204
E01000502,Bicycle,19,12,7
E01000502,"Bus, minibus or coach",82,103,-21
E01000502,Driving a car or van,216,243,-27
E01000502,"Motorcycle, scooter or moped",19,4,15
E01000502,Not in employment or aged 15 years and under,1152,397,755
E01000502,On foot,30,37,-7
E01000502,Other method of travel to work,14,5,9
E01000502,Passenger in a car or van,12,13,-1
E01000502,Taxi,5,5,0
E01000502,Train,23,21,2
E01000502,"Underground, metro, light rail, tram",89,116,-27
E01000502,Work mainly at or from home,222,16,206
E01000503,Bicycle,24,24,0
E01000503,"Bus, minibus or coach",137,184,-47
E01000503,Driving a car or van,221,291,-70
E01000503,"Motorcycle, scooter or moped",13,14,-1
E01000503,Not in employment or aged 15 years and under,1168,553,615
E01000503,On foot,59,49,10
E01000503,Other method of travel to work,23,8,15
E01000503,Passenger in a car or van,28,22,6
E01000503,Taxi,8,2,6
E01000503,Train,34,50,-16
E01000503,"Underground, metro, light rail, tram",133,225,-92
E01000503,Work mainly at or from home,249,30,219
E01000504,Bicycle,28,48,-20
E01000504,"Bus, minibus or coach",58,80,-22
E01000504,Driving a car or van,147,188,-41
E01000504,"Motorcycle, scooter or moped",9,19,-10
E01000504,Not in employment or aged 15 years and under,862,402,460
E01000504,On foot,34,45,-11
E01000504,Other method of travel to work,11,8,3
E01000504,Passenger in a car or van,2,11,-9
E01000504,Taxi,4,1,3
E01000504,Train,37,60,-23
E01000504,"Underground, metro, light rail, tram",201,447,-246
E01000504,Work mainly at or from home,399,53,346
E01000505,Bicycle,22,28,-6
E01000505,"Bus, minibus or coach",60,92,-32
E01000505,Driving a car or van,150,201,-51
E01000505,"Motorcycle, scooter or moped",13,15,-2
E01000505,Not in employment or aged 15 years and under,968,499,469
E01000505,On foot,36,32,4
E01000505,Other method of travel to work,11,4,7
E01000505,Passenger in a car or van,11,12,-1
E01000505,Taxi,4,0,4
E01000505,Train,27,56,-29
E01000505,"Underground, metro, light rail, tram",135,284,-149
E01000505,Work mainly at or from home,243,37,206
E01000506,Bicycle,21,20,1
E01000506,"Bus, minibus or coach",134,182,-48
E01000506,Driving a car or van,127,177,-50
E01000506,"Motorcycle, scooter or moped",22,10,12
E01000506,Not in employment or aged 15 years and under,878,470,408
E01000506,On foot,50,38,12
E01000506,Other method of travel to work,9,3,6
E01000506,Passenger in a car or van,22,17,5
E01000506,Taxi,2,0,2
E01000506,Train,44,47,-3
E01000506,"Underground, metro, light rail, tram",173,265,-92
E01000506,Work mainly at or from home,180,19,161
E01000507,Bicycle,20,27,-7
E01000507,"Bus, minibus or coach",61,104,-43
E01000507,Driving a car or van,137,202,-65
E01000507,"Motorcycle, scooter or moped",22,13,9
E01000507,Not in employment or aged 15 years and under,856,459,397
E01000507,On foot,35,56,-21
E01000507,Other method of travel to work,11,4,7
E01000507,Passenger in a car or van,18,12,6
E01000507,Taxi,7,3,4
E01000507,Train,14,40,-26
E01000507,"Underground, metro, light rail, tram",160,294,-134
E01000507,Work mainly at or from home,273,41,232
E01000508,Bicycle,32,19,13
E01000508,"Bus, minibus or coach",184,202,-18
E01000508,Driving a car or van,231,212,19
E01000508,"Motorcycle, scooter or moped",13,10,3
E01000508,Not in employment or aged 15 years and under,1691,631,1060
E01000508,On foot,60,62,-2
E01000508,Other method of travel to work,14,9,5
E01000508,Passenger in a car or van,16,15,1
E01000508,Taxi,5,0,5
E01000508,Train,46,42,4
E01000508,"Underground, metro, light rail, tram",140,155,-15
E01000508,Work mainly at or from home,185,18,167
E01000509,Bicycle,14,8,6
E01000509,"Bus, minibus or coach",86,122,-36
E01000509,Driving a car or van,181,201,-20
E01000509,"Motorcycle, scooter or moped",9,11,-2
E01000509,Not in employment or aged 15 years and under,843,450,393
E01000509,On foot,26,46,-20
E01000509,Other method of travel to work,9,3,6
E01000509,Passenger in a car or van,22,15,7
E01000509,Taxi,4,1,3
E01000509,Train,29,36,-7
E01000509,"Underground, metro, light rail, tram",109,167,-58
E01000509,Work mainly at or from home,110,20,90
E01000510,Bicycle,9,19,-10
E01000510,"Bus, minibus or coach",114,164,-50
E01000510,Driving a car or van,176,239,-63
E01000510,"Motorcycle, scooter or moped",10,11,-1
E01000510,Not in employment or aged 15 years and under,986,479,507
E01000510,On foot,36,36,0
E01000510,Other method of travel to work,9,9,0
E01000510,Passenger in a car or van,21,18,3
E01000510,Taxi,5,3,2
E01000510,Train,35,42,-7
E01000510,"Underground, metro, light rail, tram",132,180,-48
E01000510,Work mainly at or from home,138,26,112
E01000511,Bicycle,20,26,-6
E01000511,"Bus, minibus or coach",131,104,27
E01000511,Driving a car or van,193,189,4
E01000511,"Motorcycle, scooter or moped",5,16,-11
E01000511,Not in employment or aged 15 years and under,1033,456,577
E01000511,On foot,47,27,20
E01000511,Other method of travel to work,11,8,3
E01000511,Passenger in a car or van,10,9,1
E01000511,Taxi,1,2,-1
E01000511,Train,31,38,-7
E01000511,"Underground, metro, light rail, tram",101,258,-157
E01000511,Work mainly at or from home,185,28,157
E01000512,Bicycle,41,33,8
E01000512,"Bus, minibus or coach",56,119,-63
E01000512,Driving a car or van,114,185,-71
E01000512,"Motorcycle, scooter or moped",6,21,-15
E01000512,Not in employment or aged 15 years and under,901,393,508
E01000512,On foot,37,58,-21
E01000512,Other method of travel to work,10,6,4
E01000512,Passenger in a car or van,10,12,-2
E01000512,Taxi,4,2,2
E01000512,Train,23,57,-34
E01000512,"Underground, metro, light rail, tram",171,440,-269
E01000512,Work mainly at or from home,328,46,282
E01000513,Bicycle,6,6,0
E01000513,"Bus, minibus or coach",92,145,-53
E01000513,Driving a car or van,269,328,-59
E01000513,"Motorcycle, scooter or moped",4,7,-3
E01000513,Not in employment or aged 15 years and under,912,427,485
E01000513,On foot,42,46,-4
E01000513,Other method of travel to work,16,4,12
E01000513,Passenger in a car or van,22,27,-5
E01000513,Taxi,5,3,2
E01000513,Train,21,48,-27
E01000513,"Underground, metro, light rail, tram",81,136,-55
E01000513,Work mainly at or from home,209,35,174
E01000514,Bicycle,12,6,6
E01000514,"Bus, minibus or coach",88,133,-45
E01000514,Driving a car or van,276,330,-54
E01000514,"Motorcycle, scooter or moped",5,14,-9
E01000514,Not in employment or aged 15 years and under,782,340,442
E01000514,On foot,41,26,15
E01000514,Other method of travel to work,19,11,8
E01000514,Passenger in a car or van,31,24,7
E01000514,Taxi,4,2,2
E01000514,Train,32,49,-17
E01000514,"Underground, metro, light rail, tram",101,167,-66
E01000514,Work mainly at or from home,179,28,151
E01000515,Bicycle,11,8,3
E01000515,"Bus, minibus or coach",151,162,-11
E01000515,Driving a car or van,236,240,-4
E01000515,"Motorcycle, scooter or moped",4,8,-4
E01000515,Not in employment or aged 15 years and under,996,498,498
E01000515,On foot,48,52,-4
E01000515,Other method of travel to work,17,7,10
E01000515,Passenger in a car or van,28,22,6
E01000515,Taxi,5,1,4
E01000515,Train,51,35,16
E01000515,"Underground, metro, light rail, tram",131,195,-64
E01000515,Work mainly at or from home,200,24,176
E01000516,Bicycle,8,9,-1
E01000516,"Bus, minibus or coach",163,154,9
E01000516,Driving a car or van,308,327,-19
E01000516,"Motorcycle, scooter or moped",10,7,3
E01000516,Not in employment or aged 15 years and under,1145,460,685
E01000516,On foot,71,50,21
E01000516,Other method of travel to work,18,5,13
E01000516,Passenger in a car or van,27,21,6
E01000516,Taxi,2,3,-1
E01000516,Train,36,46,-10
E01000516,"Underground, metro, light rail, tram",206,196,10
E01000516,Work mainly at or from home,350,26,324
E01000517,Bicycle,0,3,-3
E01000517,"Bus, minibus or coach",59,61,-2
E01000517,Driving a car or van,207,295,-88
E01000517,"Motorcycle, scooter or moped",2,0,2
E01000517,Not in employment or aged 15 years and under,856,433,423
E01000517,On foot,35,43,-8
E01000517,Other method of travel to work,3,1,2
E01000517,Passenger in a car or van,22,26,-4
E01000517,Taxi,6,1,5
E01000517,Train,32,47,-15
E01000517,"Underground, metro, light rail, tram",152,265,-113
E01000517,Work mainly at or from home,249,33,216
E01000518,Bicycle,10,9,1
E01000518,"Bus, minibus or coach",131,125,6
E01000518,Driving a car or van,304,306,-2
E01000518,"Motorcycle, scooter or moped",12,7,5
E01000518,Not in employment or aged 15 years and under,997,481,516
E01000518,On foot,55,35,20
E01000518,Other method of travel to work,14,4,10
E01000518,Passenger in a car or van,45,12,33
E01000518,Taxi,3,4,-1
E01000518,Train,39,47,-8
E01000518,"Underground, metro, light rail, tram",133,140,-7
E01000518,Work mainly at or from home,178,32,146
E01000519,Bicycle,9,12,-3
E01000519,"Bus, minibus or coach",166,171,-5
E01000519,Driving a car or van,307,319,-12
E01000519,"Motorcycle, scooter or moped",3,5,-2
E01000519,Not in employment or aged 15 years and under,1057,558,499
E01000519,On foot,40,48,-8
E01000519,Other method of travel to work,16,6,10
E01000519,Passenger in a car or van,32,18,14
E01000519,Taxi,10,4,6
E01000519,Train,34,42,-8
E01000519,"Underground, metro, light rail, tram",126,177,-51
E01000519,Work mainly at or from home,222,27,195
E01000520,Bicycle,5,13,-8
E01000520,"Bus, minibus or coach",100,108,-8
E01000520,Driving a car or van,229,276,-47
E01000520,"Motorcycle, scooter or moped",7,6,1
E01000520,Not in employment or aged 15 years and under,935,489,446
E01000520,On foot,32,38,-6
E01000520,Other method of travel to work,16,6,10
E01000520,Passenger in a car or van,20,17,3
E01000520,Taxi,7,1,6
E01000520,Train,18,28,-10
E01000520,"Underground, metro, light rail, tram",101,189,-88
E01000520,Work mainly at or from home,203,25,178
E01000521,Bicycle,24,31,-7
E01000521,"Bus, minibus or coach",238,269,-31
E01000521,Driving a car or van,178,182,-4
E01000521,"Motorcycle, scooter or moped",20,12,8
E01000521,Not in employment or aged 15 years and under,1353,749,604
E01000521,On foot,83,83,0
E01000521,Other method of travel to work,17,8,9
E01000521,Passenger in a car or van,28,16,12
E01000521,Taxi,8,0,8
E01000521,Train,64,45,19
E01000521,"Underground, metro, light rail, tram",96,152,-56
E01000521,Work mainly at or from home,166,32,134
E01000522,Bicycle,19,33,-14
E01000522,"Bus, minibus or coach",196,230,-34
E01000522,Driving a car or van,187,214,-27
E01000522,"Motorcycle, scooter or moped",19,10,9
E01000522,Not in employment or aged 15 years and under,1211,554,657
E01000522,On foot,42,67,-25
E01000522,Other method of travel to work,12,6,6
E01000522,Passenger in a car or van,9,9,0
E01000522,Taxi,10,0,10
E01000522,Train,46,45,1
E01000522,"Underground, metro, light rail, tram",95,120,-25
E01000522,Work mainly at or from home,198,29,169
E01000523,Bicycle,32,44,-12
E01000523,"Bus, minibus or coach",209,382,-173
E01000523,Driving a car or van,170,236,-66
E01000523,"Motorcycle, scooter or moped",22,17,5
E01000523,Not in employment or aged 15 years and under,1275,729,546
E01000523,On foot,90,85,5
E01000523,Other method of travel to work,18,8,10
E01000523,Passenger in a car or van,9,20,-11
E01000523,Taxi,6,1,5
E01000523,Train,82,86,-4
E01000523,"Underground, metro, light rail, tram",127,235,-108
E01000523,Work mainly at or from home,257,44,213
E01000524,Bicycle,39,34,5
E01000524,"Bus, minibus or coach",230,330,-100
E01000524,Driving a car or van,155,193,-38
E01000524,"Motorcycle, scooter or moped",29,15,14
E01000524,Not in employment or aged 15 years and under,1363,753,610
E01000524,On foot,81,115,-34
E01000524,Other method of travel to work,15,4,11
E01000524,Passenger in a car or van,12,17,-5
E01000524,Taxi,9,2,7
E01000524,Train,70,77,-7
E01000524,"Underground, metro, light rail, tram",181,216,-35
E01000524,Work mainly at or from home,245,40,205
E01000525,Bicycle,38,38,0
E01000525,"Bus, minibus or coach",140,223,-83
E01000525,Driving a car or van,148,174,-26
E01000525,"Motorcycle, scooter or moped",16,12,4
E01000525,Not in employment or aged 15 years and under,998,598,400
E01000525,On foot,56,80,-24
E01000525,Other method of travel to work,12,6,6
E01000525,Passenger in a car or van,7,12,-5
E01000525,Taxi,2,4,-2
E01000525,Train,75,77,-2
E01000525,"Underground, metro, light rail, tram",137,192,-55
E01000525,Work mainly at or from home,225,31,194
E01000526,Bicycle,32,13,19
E01000526,"Bus, minibus or coach",165,241,-76
E01000526,Driving a car or van,205,207,-2
E01000526,"Motorcycle, scooter or moped",16,12,4
E01000526,Not in employment or aged 15 years and under,1342,765,577
E01000526,On foot,75,99,-24
E01000526,Other method of travel to work,16,3,13
E01000526,Passenger in a car or van,7,7,0
E01000526,Taxi,9,1,8
E01000526,Train,45,79,-34
E01000526,"Underground, metro, light rail, tram",102,141,-39
E01000526,Work mainly at or from home,180,12,168
E01000527,Bicycle,32,37,-5
E01000527,"Bus, minibus or coach",172,275,-103
E01000527,Driving a car or van,127,184,-57
E01000527,"Motorcycle, scooter or moped",18,11,7
E01000527,Not in employment or aged 15 years and under,1150,637,513
E01000527,On foot,70,78,-8
E01000527,Other method of travel to work,13,7,6
E01000527,Passenger in a car or van,7,12,-5
E01000527,Taxi,4,0,4
E01000527,Train,34,65,-31
E01000527,"Underground, metro, light rail, tram",85,166,-81
E01000527,Work mainly at or from home,161,23,138
E01000528,Bicycle,18,11,7
E01000528,"Bus, minibus or coach",151,181,-30
E01000528,Driving a car or van,172,146,26
E01000528,"Motorcycle, scooter or moped",13,10,3
E01000528,Not in employment or aged 15 years and under,970,518,452
E01000528,On foot,63,46,17
E01000528,Other method of travel to work,8,7,1
E01000528,Passenger in a car or van,9,5,4
E01000528,Taxi,2,0,2
E01000528,Train,41,58,-17
E01000528,"Underground, metro, light rail, tram",96,78,18
E01000528,Work mainly at or from home,190,9,181
E01000530,Bicycle,42,64,-22
E01000530,"Bus, minibus or coach",68,161,-93
E01000530,Driving a car or van,137,243,-106
E01000530,"Motorcycle, scooter or moped",15,24,-9
E01000530,Not in employment or aged 15 years and under,875,402,473
E01000530,On foot,48,69,-21
E01000530,Other method of travel to work,8,9,-1
E01000530,Passenger in a car or van,7,18,-11
E01000530,Taxi,7,4,3
E01000530,Train,38,69,-31
E01000530,"Underground, metro, light rail, tram",114,299,-185
E01000530,Work mainly at or from home,456,76,380
E01000531,Bicycle,33,72,-39
E01000531,"Bus, minibus or coach",120,236,-116
E01000531,Driving a car or van,113,160,-47
E01000531,"Motorcycle, scooter or moped",14,20,-6
E01000531,Not in employment or aged 15 years and under,934,524,410
E01000531,On foot,43,85,-42
E01000531,Other method of travel to work,11,4,7
E01000531,Passenger in a car or van,12,11,1
E01000531,Taxi,5,2,3
E01000531,Train,51,85,-34
E01000531,"Underground, metro, light rail, tram",113,364,-251
E01000531,Work mainly at or from home,353,56,297
E01000532,Bicycle,32,54,-22
E01000532,"Bus, minibus or coach",86,128,-42
E01000532,Driving a car or van,104,161,-57
E01000532,"Motorcycle, scooter or moped",3,18,-15
E01000532,Not in employment or aged 15 years and under,675,382,293
E01000532,On foot,34,81,-47
E01000532,Other method of travel to work,8,3,5
E01000532,Passenger in a car or van,8,7,1
E01000532,Taxi,6,4,2
E01000532,Train,32,70,-38
E01000532,"Underground, metro, light rail, tram",126,345,-219
E01000532,Work mainly at or from home,394,60,334
E01000533,Bicycle,38,42,-4
E01000533,"Bus, minibus or coach",162,312,-150
E01000533,Driving a car or van,156,221,-65
E01000533,"Motorcycle, scooter or moped",26,23,3
E01000533,Not in employment or aged 15 years and under,1252,638,614
E01000533,On foot,65,84,-19
E01000533,Other method of travel to work,20,3,17
E01000533,Passenger in a car or van,11,12,-1
E01000533,Taxi,4,2,2
E01000533,Train,49,56,-7
E01000533,"Underground, metro, light rail, tram",113,241,-128
E01000533,Work mainly at or from home,284,42,242
E01000534,Bicycle,46,62,-16
E01000534,"Bus, minibus or coach",91,159,-68
E01000534,Driving a car or van,152,186,-34
E01000534,"Motorcycle, scooter or moped",13,21,-8
E01000534,Not in employment or aged 15 years and under,810,452,358
E01000534,On foot,42,55,-13
E01000534,Other method of travel to work,13,8,5
E01000534,Passenger in a car or van,15,15,0
E01000534,Taxi,21,3,18
E01000534,Train,30,70,-40
E01000534,"Underground, metro, light rail, tram",118,221,-103
E01000534,Work mainly at or from home,396,73,323
E01000535,Bicycle,49,70,-21
E01000535,"Bus, minibus or coach",154,269,-115
E01000535,Driving a car or van,159,217,-58
E01000535,"Motorcycle, scooter or moped",18,28,-10
E01000535,Not in employment or aged 15 years and under,1002,556,446
E01000535,On foot,72,79,-7
E01000535,Other method of travel to work,11,13,-2
E01000535,Passenger in a car or van,9,20,-11
E01000535,Taxi,12,2,10
E01000535,Train,50,89,-39
E01000535,"Underground, metro, light rail, tram",133,276,-143
E01000535,Work mainly at or from home,382,56,326
E01000536,Bicycle,1,7,-6
E01000536,"Bus, minibus or coach",43,60,-17
E01000536,Driving a car or van,180,308,-128
E01000536,"Motorcycle, scooter or moped",2,3,-1
E01000536,Not in employment or aged 15 years and under,829,433,396
E01000536,On foot,48,40,8
E01000536,Other method of travel to work,4,2,2
E01000536,Passenger in a car or van,21,24,-3
E01000536,Taxi,4,2,2
E01000536,Train,35,50,-15
E01000536,"Underground, metro, light rail, tram",73,227,-154
E01000536,Work mainly at or from home,320,63,257
E01000538,Bicycle,7,8,-1
E01000538,"Bus, minibus or coach",24,29,-5
E01000538,Driving a car or van,245,324,-79
E01000538,"Motorcycle, scooter or moped",4,6,-2
E01000538,Not in employment or aged 15 years and under,870,394,476
E01000538,On foot,22,34,-12
E01000538,Other method of travel to work,9,8,1
E01000538,Passenger in a car or van,20,24,-4
E01000538,Taxi,5,1,4
E01000538,Train,15,34,-19
E01000538,"Underground, metro, light rail, tram",85,222,-137
E01000538,Work mainly at or from home,313,84,229
E01000539,Bicycle,7,4,3
E01000539,"Bus, minibus or coach",36,34,2
E01000539,Driving a car or van,205,319,-114
E01000539,"Motorcycle, scooter or moped",1,3,-2
E01000539,Not in employment or aged 15 years and under,829,391,438
E01000539,On foot,17,22,-5
E01000539,Other method of travel to work,8,6,2
E01000539,Passenger in a car or van,18,17,1
E01000539,Taxi,5,6,-1
E01000539,Train,25,58,-33
E01000539,"Underground, metro, light rail, tram",103,241,-138
E01000539,Work mainly at or from home,330,52,278
E01000540,Bicycle,4,2,2
E01000540,"Bus, minibus or coach",18,39,-21
E01000540,Driving a car or van,219,307,-88
E01000540,"Motorcycle, scooter or moped",6,2,4
E01000540,Not in employment or aged 15 years and under,721,398,323
E01000540,On foot,33,34,-1
E01000540,Other method of travel to work,8,1,7
E01000540,Passenger in a car or van,21,17,4
E01000540,Taxi,6,2,4
E01000540,Train,24,42,-18
E01000540,"Underground, metro, light rail, tram",93,233,-140
E01000540,Work mainly at or from home,300,61,239
E01000541,Bicycle,3,8,-5
E01000541,"Bus, minibus or coach",71,89,-18
E01000541,Driving a car or van,218,285,-67
E01000541,"Motorcycle, scooter or moped",5,3,2
E01000541,Not in employment or aged 15 years and under,705,319,386
E01000541,On foot,33,44,-11
E01000541,Other method of travel to work,17,2,15
E01000541,Passenger in a car or van,20,24,-4
E01000541,Taxi,1,1,0
E01000541,Train,34,50,-16
E01000541,"Underground, metro, light rail, tram",113,193,-80
E01000541,Work mainly at or from home,193,25,168
E01000543,Bicycle,2,4,-2
E01000543,"Bus, minibus or coach",62,88,-26
E01000543,Driving a car or van,218,266,-48
E01000543,"Motorcycle, scooter or moped",0,1,-1
E01000543,Not in employment or aged 15 years and under,832,449,383
E01000543,On foot,30,28,2
E01000543,Other method of travel to work,20,1,19
E01000543,Passenger in a car or van,37,30,7
E01000543,Taxi,0,2,-2
E01000543,Train,42,55,-13
E01000543,"Underground, metro, light rail, tram",148,258,-110
E01000543,Work mainly at or from home,229,31,198
E01000544,Bicycle,53,38,15
E01000544,"Bus, minibus or coach",141,271,-130
E01000544,Driving a car or van,104,108,-4
E01000544,"Motorcycle, scooter or moped",10,10,0
E01000544,Not in employment or aged 15 years and under,893,537,356
E01000544,On foot,80,57,23
E01000544,Other method of travel to work,11,5,6
E01000544,Passenger in a car or van,8,5,3
E01000544,Taxi,4,1,3
E01000544,Train,22,44,-22
E01000544,"Underground, metro, light rail, tram",114,219,-105
E01000544,Work mainly at or from home,326,34,292
E01000545,Bicycle,36,68,-32
E01000545,"Bus, minibus or coach",141,244,-103
E01000545,Driving a car or van,74,132,-58
E01000545,"Motorcycle, scooter or moped",3,16,-13
E01000545,Not in employment or aged 15 years and under,869,397,472
E01000545,On foot,75,95,-20
E01000545,Other method of travel to work,9,5,4
E01000545,Passenger in a car or van,7,8,-1
E01000545,Taxi,8,4,4
E01000545,Train,66,90,-24
E01000545,"Underground, metro, light rail, tram",176,443,-267
E01000545,Work mainly at or from home,457,45,412
E01000546,Bicycle,32,65,-33
E01000546,"Bus, minibus or coach",88,167,-79
E01000546,Driving a car or van,59,142,-83
E01000546,"Motorcycle, scooter or moped",8,8,0
E01000546,Not in employment or aged 15 years and under,768,359,409
E01000546,On foot,49,78,-29
E01000546,Other method of travel to work,18,5,13
E01000546,Passenger in a car or van,7,9,-2
E01000546,Taxi,8,4,4
E01000546,Train,24,58,-34
E01000546,"Underground, metro, light rail, tram",144,379,-235
E01000546,Work mainly at or from home,435,55,380
E01000547,Bicycle,34,60,-26
E01000547,"Bus, minibus or coach",57,170,-113
E01000547,Driving a car or van,98,112,-14
E01000547,"Motorcycle, scooter or moped",9,13,-4
E01000547,Not in employment or aged 15 years and under,782,458,324
E01000547,On foot,66,86,-20
E01000547,Other method of travel to work,9,6,3
E01000547,Passenger in a car or van,2,9,-7
E01000547,Taxi,4,5,-1
E01000547,Train,38,89,-51
E01000547,"Underground, metro, light rail, tram",106,353,-247
E01000547,Work mainly at or from home,446,51,395
E01000548,Bicycle,40,72,-32
E01000548,"Bus, minibus or coach",161,270,-109
E01000548,Driving a car or van,102,142,-40
E01000548,"Motorcycle, scooter or moped",5,20,-15
E01000548,Not in employment or aged 15 years and under,852,513,339
E01000548,On foot,89,81,8
E01000548,Other method of travel to work,11,6,5
E01000548,Passenger in a car or van,5,6,-1
E01000548,Taxi,6,6,0
E01000548,Train,50,86,-36
E01000548,"Underground, metro, light rail, tram",159,477,-318
E01000548,Work mainly at or from home,507,60,447
E01000549,Bicycle,53,100,-47
E01000549,"Bus, minibus or coach",89,141,-52
E01000549,Driving a car or van,88,156,-68
E01000549,"Motorcycle, scooter or moped",6,22,-16
E01000549,Not in employment or aged 15 years and under,695,368,327
E01000549,On foot,51,82,-31
E01000549,Other method of travel to work,15,5,10
E01000549,Passenger in a car or van,2,10,-8
E01000549,Taxi,16,13,3
E01000549,Train,45,88,-43
E01000549,"Underground, metro, light rail, tram",132,489,-357
E01000549,Work mainly at or from home,615,90,525
E01000550,Bicycle,46,48,-2
E01000550,"Bus, minibus or coach",108,195,-87
E01000550,Driving a car or van,115,140,-25
E01000550,"Motorcycle, scooter or moped",3,6,-3
E01000550,Not in employment or aged 15 years and under,1094,587,507
E01000550,On foot,69,76,-7
E01000550,Other method of travel to work,9,7,2
E01000550,Passenger in a car or van,8,8,0
E01000550,Taxi,5,4,1
E01000550,Train,48,70,-22
E01000550,"Underground, metro, light rail, tram",133,345,-212
E01000550,Work mainly at or from home,388,43,345
E01000551,Bicycle,33,41,-8
E01000551,"Bus, minibus or coach",248,230,18
E01000551,Driving a car or van,209,147,62
E01000551,"Motorcycle, scooter or moped",2,6,-4
E01000551,Not in employment or aged 15 years and under,1573,703,870
E01000551,On foot,107,87,20
E01000551,Other method of travel to work,26,14,12
E01000551,Passenger in a car or van,8,6,2
E01000551,Taxi,7,5,2
E01000551,Train,75,64,11
E01000551,"Underground, metro, light rail, tram",187,197,-10
E01000551,Work mainly at or from home,408,20,388
E01000552,Bicycle,15,16,-1
E01000552,"Bus, minibus or coach",101,212,-111
E01000552,Driving a car or van,99,130,-31
E01000552,"Motorcycle, scooter or moped",5,4,1
E01000552,Not in employment or aged 15 years and under,873,614,259
E01000552,On foot,43,58,-15
E01000552,Other method of travel to work,10,3,7
E01000552,Passenger in a car or van,5,4,1
E01000552,Taxi,2,6,-4
E01000552,Train,44,58,-14
E01000552,"Underground, metro, light rail, tram",81,144,-63
E01000552,Work mainly at or from home,234,14,220
E01000553,Bicycle,29,37,-8
E01000553,"Bus, minibus or coach",247,265,-18
E01000553,Driving a car or van,144,204,-60
E01000553,"Motorcycle, scooter or moped",17,17,0
E01000553,Not in employment or aged 15 years and under,967,582,385
E01000553,On foot,55,85,-30
E01000553,Other method of travel to work,13,6,7
E01000553,Passenger in a car or van,11,16,-5
E01000553,Taxi,8,2,6
E01000553,Train,47,84,-37
E01000553,"Underground, metro, light rail, tram",183,321,-138
E01000553,Work mainly at or from home,318,30,288
E01000554,Bicycle,44,36,8
E01000554,"Bus, minibus or coach",158,234,-76
E01000554,Driving a car or van,180,196,-16
E01000554,"Motorcycle, scooter or moped",17,14,3
E01000554,Not in employment or aged 15 years and under,1007,451,556
E01000554,On foot,52,60,-8
E01000554,Other method of travel to work,11,4,7
E01000554,Passenger in a car or van,6,16,-10
E01000554,Taxi,2,0,2
E01000554,Train,26,65,-39
E01000554,"Underground, metro, light rail, tram",123,280,-157
E01000554,Work mainly at or from home,343,35,308
E01000555,Bicycle,28,17,11
E01000555,"Bus, minibus or coach",84,108,-24
E01000555,Driving a car or van,133,198,-65
E01000555,"Motorcycle, scooter or moped",2,5,-3
E01000555,Not in employment or aged 15 years and under,825,385,440
E01000555,On foot,53,40,13
E01000555,Other method of travel to work,10,2,8
E01000555,Passenger in a car or van,14,14,0
E01000555,Taxi,3,2,1
E01000555,Train,25,24,1
E01000555,"Underground, metro, light rail, tram",111,271,-160
E01000555,Work mainly at or from home,298,66,232
E01000556,Bicycle,26,28,-2
E01000556,"Bus, minibus or coach",241,301,-60
E01000556,Driving a car or van,155,136,19
E01000556,"Motorcycle, scooter or moped",30,1,29
E01000556,Not in employment or aged 15 years and under,967,519,448
E01000556,On foot,60,58,2
E01000556,Other method of travel to work,17,12,5
E01000556,Passenger in a car or van,6,10,-4
E01000556,Taxi,3,1,2
E01000556,Train,60,74,-14
E01000556,"Underground, metro, light rail, tram",245,372,-127
E01000556,Work mainly at or from home,283,32,251
E01000557,Bicycle,25,34,-9
E01000557,"Bus, minibus or coach",142,233,-91
E01000557,Driving a car or van,96,157,-61
E01000557,"Motorcycle, scooter or moped",21,11,10
E01000557,Not in employment or aged 15 years and under,931,477,454
E01000557,On foot,51,56,-5
E01000557,Other method of travel to work,5,9,-4
E01000557,Passenger in a car or van,10,2,8
E01000557,Taxi,2,3,-1
E01000557,Train,63,67,-4
E01000557,"Underground, metro, light rail, tram",177,428,-251
E01000557,Work mainly at or from home,347,58,289
E01000558,Bicycle,19,25,-6
E01000558,"Bus, minibus or coach",56,100,-44
E01000558,Driving a car or van,79,140,-61
E01000558,"Motorcycle, scooter or moped",2,9,-7
E01000558,Not in employment or aged 15 years and under,717,386,331
E01000558,On foot,34,45,-11
E01000558,Other method of travel to work,6,21,-15
E01000558,Passenger in a car or van,7,13,-6
E01000558,Taxi,4,1,3
E01000558,Train,24,73,-49
E01000558,"Underground, metro, light rail, tram",88,351,-263
E01000558,Work mainly at or from home,354,71,283
E01000559,Bicycle,25,37,-12
E01000559,"Bus, minibus or coach",47,85,-38
E01000559,Driving a car or van,65,119,-54
E01000559,"Motorcycle, scooter or moped",11,9,2
E01000559,Not in employment or aged 15 years and under,614,377,237
E01000559,On foot,45,50,-5
E01000559,Other method of travel to work,6,4,2
E01000559,Passenger in a car or van,2,7,-5
E01000559,Taxi,1,1,0
E01000559,Train,25,65,-40
E01000559,"Underground, metro, light rail, tram",171,429,-258
E01000559,Work mainly at or from home,359,29,330
E01000560,Bicycle,30,47,-17
E01000560,"Bus, minibus or coach",36,88,-52
E01000560,Driving a car or van,94,155,-61
E01000560,"Motorcycle, scooter or moped",5,13,-8
E01000560,Not in employment or aged 15 years and under,705,402,303
E01000560,On foot,30,33,-3
E01000560,Other method of travel to work,7,7,0
E01000560,Passenger in a car or van,2,14,-12
E01000560,Taxi,11,6,5
E01000560,Train,33,58,-25
E01000560,"Underground, metro, light rail, tram",152,457,-305
E01000560,Work mainly at or from home,454,69,385
E01000561,Bicycle,26,39,-13
E01000561,"Bus, minibus or coach",93,140,-47
E01000561,Driving a car or van,150,145,5
E01000561,"Motorcycle, scooter or moped",13,13,0
E01000561,Not in employment or aged 15 years and under,957,430,527
E01000561,On foot,31,47,-16
E01000561,Other method of travel to work,15,12,3
E01000561,Passenger in a car or van,5,13,-8
E01000561,Taxi,3,2,1
E01000561,Train,28,71,-43
E01000561,"Underground, metro, light rail, tram",167,469,-302
E01000561,Work mainly at or from home,460,42,418
E01000562,Bicycle,3,3,0
E01000562,"Bus, minibus or coach",46,27,19
E01000562,Driving a car or van,245,339,-94
E01000562,"Motorcycle, scooter or moped",2,2,0
E01000562,Not in employment or aged 15 years and under,770,302,468
E01000562,On foot,27,29,-2
E01000562,Other method of travel to work,8,6,2
E01000562,Passenger in a car or van,13,24,-11
E01000562,Taxi,10,8,2
E01000562,Train,23,24,-1
E01000562,"Underground, metro, light rail, tram",68,125,-57
E01000562,Work mainly at or from home,296,61,235
E01000563,Bicycle,6,5,1
E01000563,"Bus, minibus or coach",50,41,9
E01000563,Driving a car or van,249,379,-130
E01000563,"Motorcycle, scooter or moped",2,8,-6
E01000563,Not in employment or aged 15 years and under,775,424,351
E01000563,On foot,40,34,6
E01000563,Other method of travel to work,13,4,9
E01000563,Passenger in a car or van,10,18,-8
E01000563,Taxi,1,1,0
E01000563,Train,20,32,-12
E01000563,"Underground, metro, light rail, tram",97,159,-62
E01000563,Work mainly at or from home,325,37,288
E01000564,Bicycle,17,1,16
E01000564,"Bus, minibus or coach",102,66,36
E01000564,Driving a car or van,223,223,0
E01000564,"Motorcycle, scooter or moped",4,10,-6
E01000564,Not in employment or aged 15 years and under,846,323,523
E01000564,On foot,33,32,1
E01000564,Other method of travel to work,15,4,11
E01000564,Passenger in a car or van,18,13,5
E01000564,Taxi,3,2,1
E01000564,Train,53,58,-5
E01000564,"Underground, metro, light rail, tram",123,148,-25
E01000564,Work mainly at or from home,188,17,171
E01000565,Bicycle,9,4,5
E01000565,"Bus, minibus or coach",99,101,-2
E01000565,Driving a car or van,188,259,-71
E01000565,"Motorcycle, scooter or moped",4,3,1
E01000565,Not in employment or aged 15 years and under,880,451,429
E01000565,On foot,33,26,7
E01000565,Other method of travel to work,8,7,1
E01000565,Passenger in a car or van,11,20,-9
E01000565,Taxi,4,2,2
E01000565,Train,22,43,-21
E01000565,"Underground, metro, light rail, tram",76,155,-79
E01000565,Work mainly at or from home,201,38,163
E01000566,Bicycle,7,6,1
E01000566,"Bus, minibus or coach",51,65,-14
E01000566,Driving a car or van,229,324,-95
E01000566,"Motorcycle, scooter or moped",6,4,2
E01000566,Not in employment or aged 15 years and under,768,434,334
E01000566,On foot,32,32,0
E01000566,Other method of travel to work,6,6,0
E01000566,Passenger in a car or van,23,25,-2
E01000566,Taxi,3,1,2
E01000566,Train,46,62,-16
E01000566,"Underground, metro, light rail, tram",121,174,-53
E01000566,Work mainly at or from home,258,37,221
E01000567,Bicycle,5,8,-3
E01000567,"Bus, minibus or coach",58,106,-48
E01000567,Driving a car or van,218,305,-87
E01000567,"Motorcycle, scooter or moped",8,6,2
E01000567,Not in employment or aged 15 years and under,748,448,300
E01000567,On foot,28,41,-13
E01000567,Other method of travel to work,9,6,3
E01000567,Passenger in a car or van,19,22,-3
E01000567,Taxi,1,1,0
E01000567,Train,19,46,-27
E01000567,"Underground, metro, light rail, tram",79,204,-125
E01000567,Work mainly at or from home,208,40,168
E01000568,Bicycle,14,16,-2
E01000568,"Bus, minibus or coach",73,75,-2
E01000568,Driving a car or van,211,195,16
E01000568,"Motorcycle, scooter or moped",1,1,0
E01000568,Not in employment or aged 15 years and under,1081,799,282
E01000568,On foot,305,398,-93
E01000568,Other method of travel to work,10,4,6
E01000568,Passenger in a car or van,20,13,7
E01000568,Taxi,11,2,9
E01000568,Train,65,65,0
E01000568,"Underground, metro, light rail, tram",172,368,-196
E01000568,Work mainly at or from home,259,26,233
E01000569,Bicycle,8,16,-8
E01000569,"Bus, minibus or coach",27,43,-16
E01000569,Driving a car or van,238,379,-141
E01000569,"Motorcycle, scooter or moped",9,3,6
E01000569,Not in employment or aged 15 years and under,718,400,318
E01000569,On foot,32,31,1
E01000569,Other method of travel to work,13,3,10
E01000569,Passenger in a car or van,19,27,-8
E01000569,Taxi,4,1,3
E01000569,Train,19,53,-34
E01000569,"Underground, metro, light rail, tram",104,208,-104
E01000569,Work mainly at or from home,268,39,229
E01000570,Bicycle,18,9,9
E01000570,"Bus, minibus or coach",86,111,-25
E01000570,Driving a car or van,212,253,-41
E01000570,"Motorcycle, scooter or moped",7,2,5
E01000570,Not in employment or aged 15 years and under,780,468,312
E01000570,On foot,41,72,-31
E01000570,Other method of travel to work,17,4,13
E01000570,Passenger in a car or van,16,20,-4
E01000570,Taxi,7,2,5
E01000570,Train,55,51,4
E01000570,"Underground, metro, light rail, tram",124,169,-45
E01000570,Work mainly at or from home,184,20,164
E01000571,Bicycle,16,4,12
E01000571,"Bus, minibus or coach",84,70,14
E01000571,Driving a car or van,288,284,4
E01000571,"Motorcycle, scooter or moped",7,0,7
E01000571,Not in employment or aged 15 years and under,862,526,336
E01000571,On foot,61,61,0
E01000571,Other method of travel to work,7,3,4
E01000571,Passenger in a car or van,14,19,-5
E01000571,Taxi,3,2,1
E01000571,Train,42,70,-28
E01000571,"Underground, metro, light rail, tram",137,195,-58
E01000571,Work mainly at or from home,238,35,203
E01000572,Bicycle,10,13,-3
E01000572,"Bus, minibus or coach",36,61,-25
E01000572,Driving a car or van,199,236,-37
E01000572,"Motorcycle, scooter or moped",4,2,2
E01000572,Not in employment or aged 15 years and under,779,372,407
E01000572,On foot,25,30,-5
E01000572,Other method of travel to work,11,3,8
E01000572,Passenger in a car or van,19,12,7
E01000572,Taxi,1,0,1
E01000572,Train,35,68,-33
E01000572,"Underground, metro, light rail, tram",134,248,-114
E01000572,Work mainly at or from home,243,45,198
E01000573,Bicycle,6,4,2
E01000573,"Bus, minibus or coach",48,58,-10
E01000573,Driving a car or van,226,219,7
E01000573,"Motorcycle, scooter or moped",4,1,3
E01000573,Not in employment or aged 15 years and under,846,431,415
E01000573,On foot,30,36,-6
E01000573,Other method of travel to work,15,2,13
E01000573,Passenger in a car or van,31,15,16
E01000573,Taxi,3,3,0
E01000573,Train,54,60,-6
E01000573,"Underground, metro, light rail, tram",171,289,-118
E01000573,Work mainly at or from home,234,33,201
E01000574,Bicycle,13,10,3
E01000574,"Bus, minibus or coach",47,37,10
E01000574,Driving a car or van,237,247,-10
E01000574,"Motorcycle, scooter or moped",3,5,-2
E01000574,Not in employment or aged 15 years and under,798,328,470
E01000574,On foot,21,28,-7
E01000574,Other method of travel to work,11,1,10
E01000574,Passenger in a car or van,29,9,20
E01000574,Taxi,5,3,2
E01000574,Train,66,63,3
E01000574,"Underground, metro, light rail, tram",186,234,-48
E01000574,Work mainly at or from home,241,26,215
E01000575,Bicycle,18,9,9
E01000575,"Bus, minibus or coach",94,97,-3
E01000575,Driving a car or van,311,301,10
E01000575,"Motorcycle, scooter or moped",13,5,8
E01000575,Not in employment or aged 15 years and under,953,447,506
E01000575,On foot,76,45,31
E01000575,Other method of travel to work,23,7,16
E01000575,Passenger in a car or van,29,20,9
E01000575,Taxi,10,0,10
E01000575,Train,122,75,47
E01000575,"Underground, metro, light rail, tram",264,376,-112
E01000575,Work mainly at or from home,246,34,212
E01000576,Bicycle,8,5,3
E01000576,"Bus, minibus or coach",94,91,3
E01000576,Driving a car or van,239,257,-18
E01000576,"Motorcycle, scooter or moped",6,3,3
E01000576,Not in employment or aged 15 years and under,915,438,477
E01000576,On foot,38,44,-6
E01000576,Other method of travel to work,27,6,21
E01000576,Passenger in a car or van,16,22,-6
E01000576,Taxi,2,2,0
E01000576,Train,58,49,9
E01000576,"Underground, metro, light rail, tram",167,279,-112
E01000576,Work mainly at or from home,306,48,258
E01000577,Bicycle,17,11,6
E01000577,"Bus, minibus or coach",152,138,14
E01000577,Driving a car or van,291,293,-2
E01000577,"Motorcycle, scooter or moped",5,9,-4
E01000577,Not in employment or aged 15 years and under,1475,681,794
E01000577,On foot,76,53,23
E01000577,Other method of travel to work,20,4,16
E01000577,Passenger in a car or van,19,15,4
E01000577,Taxi,1,1,0
E01000577,Train,87,117,-30
E01000577,"Underground, metro, light rail, tram",198,330,-132
E01000577,Work mainly at or from home,246,29,217
E01000578,Bicycle,10,12,-2
E01000578,"Bus, minibus or coach",88,87,1
E01000578,Driving a car or van,227,265,-38
E01000578,"Motorcycle, scooter or moped",16,2,14
E01000578,Not in employment or aged 15 years and under,1358,504,854
E01000578,On foot,58,58,0
E01000578,Other method of travel to work,10,5,5
E01000578,Passenger in a car or van,17,25,-8
E01000578,Taxi,2,0,2
E01000578,Train,32,49,-17
E01000578,"Underground, metro, light rail, tram",183,282,-99
E01000578,Work mainly at or from home,330,34,296
E01000579,Bicycle,39,71,-32
E01000579,"Bus, minibus or coach",82,170,-88
E01000579,Driving a car or van,83,149,-66
E01000579,"Motorcycle, scooter or moped",12,16,-4
E01000579,Not in employment or aged 15 years and under,723,410,313
E01000579,On foot,40,68,-28
E01000579,Other method of travel to work,5,4,1
E01000579,Passenger in a car or van,9,11,-2
E01000579,Taxi,12,2,10
E01000579,Train,41,79,-38
E01000579,"Underground, metro, light rail, tram",111,301,-190
E01000579,Work mainly at or from home,432,57,375
E01000580,Bicycle,35,75,-40
E01000580,"Bus, minibus or coach",33,94,-61
E01000580,Driving a car or van,68,181,-113
E01000580,"Motorcycle, scooter or moped",10,26,-16
E01000580,Not in employment or aged 15 years and under,1078,423,655
E01000580,On foot,56,75,-19
E01000580,Other method of travel to work,13,7,6
E01000580,Passenger in a car or van,12,6,6
E01000580,Taxi,6,9,-3
E01000580,Train,27,93,-66
E01000580,"Underground, metro, light rail, tram",124,417,-293
E01000580,Work mainly at or from home,627,94,533
E01000581,Bicycle,31,77,-46
E01000581,"Bus, minibus or coach",41,156,-115
E01000581,Driving a car or van,93,146,-53
E01000581,"Motorcycle, scooter or moped",3,18,-15
E01000581,Not in employment or aged 15 years and under,746,301,445
E01000581,On foot,38,45,-7
E01000581,Other method of travel to work,6,6,0
E01000581,Passenger in a car or van,7,18,-11
E01000581,Taxi,7,4,3
E01000581,Train,33,69,-36
E01000581,"Underground, metro, light rail, tram",69,254,-185
E01000581,Work mainly at or from home,442,78,364
E01000582,Bicycle,43,88,-45
E01000582,"Bus, minibus or coach",49,106,-57
E01000582,Driving a car or van,64,158,-94
E01000582,"Motorcycle, scooter or moped",7,20,-13
E01000582,Not in employment or aged 15 years and under,926,358,568
E01000582,On foot,51,64,-13
E01000582,Other method of travel to work,3,7,-4
E01000582,Passenger in a car or van,6,10,-4
E01000582,Taxi,5,7,-2
E01000582,Train,22,62,-40
E01000582,"Underground, metro, light rail, tram",89,398,-309
E01000582,Work mainly at or from home,582,114,468
E01000583,Bicycle,55,108,-53
E01000583,"Bus, minibus or coach",68,162,-94
E01000583,Driving a car or van,99,154,-55
E01000583,"Motorcycle, scooter or moped",4,20,-16
E01000583,Not in employment or aged 15 years and under,940,516,424
E01000583,On foot,64,86,-22
E01000583,Other method of travel to work,8,3,5
E01000583,Passenger in a car or van,1,11,-10
E01000583,Taxi,6,5,1
E01000583,Train,31,103,-72
E01000583,"Underground, metro, light rail, tram",144,604,-460
E01000583,Work mainly at or from home,631,84,547
E01000584,Bicycle,26,57,-31
E01000584,"Bus, minibus or coach",55,181,-126
E01000584,Driving a car or van,110,200,-90
E01000584,"Motorcycle, scooter or moped",8,25,-17
E01000584,Not in employment or aged 15 years and under,761,377,384
E01000584,On foot,42,58,-16
E01000584,Other method of travel to work,8,3,5
E01000584,Passenger in a car or van,3,17,-14
E01000584,Taxi,3,5,-2
E01000584,Train,30,77,-47
E01000584,"Underground, metro, light rail, tram",91,229,-138
E01000584,Work mainly at or from home,420,53,367
E01000585,Bicycle,44,56,-12
E01000585,"Bus, minibus or coach",58,155,-97
E01000585,Driving a car or van,93,205,-112
E01000585,"Motorcycle, scooter or moped",9,30,-21
E01000585,Not in employment or aged 15 years and under,658,359,299
E01000585,On foot,33,74,-41
E01000585,Other method of travel to work,15,10,5
E01000585,Passenger in a car or van,6,13,-7
E01000585,Taxi,7,3,4
E01000585,Train,36,81,-45
E01000585,"Underground, metro, light rail, tram",118,336,-218
E01000585,Work mainly at or from home,432,57,375
E01000586,Bicycle,72,107,-35
E01000586,"Bus, minibus or coach",168,364,-196
E01000586,Driving a car or van,125,190,-65
E01000586,"Motorcycle, scooter or moped",19,23,-4
E01000586,Not in employment or aged 15 years and under,981,533,448
E01000586,On foot,88,123,-35
E01000586,Other method of travel to work,16,6,10
E01000586,Passenger in a car or van,11,8,3
E01000586,Taxi,8,7,1
E01000586,Train,51,110,-59
E01000586,"Underground, metro, light rail, tram",187,462,-275
E01000586,Work mainly at or from home,653,79,574
E01000587,Bicycle,5,6,-1
E01000587,"Bus, minibus or coach",51,89,-38
E01000587,Driving a car or van,303,331,-28
E01000587,"Motorcycle, scooter or moped",4,3,1
E01000587,Not in employment or aged 15 years and under,799,452,347
E01000587,On foot,62,60,2
E01000587,Other method of travel to work,10,5,5
E01000587,Passenger in a car or van,43,23,20
E01000587,Taxi,2,4,-2
E01000587,Train,45,43,2
E01000587,"Underground, metro, light rail, tram",89,189,-100
E01000587,Work mainly at or from home,209,26,183
E01000589,Bicycle,5,5,0
E01000589,"Bus, minibus or coach",100,100,0
E01000589,Driving a car or van,366,373,-7
E01000589,"Motorcycle, scooter or moped",9,4,5
E01000589,Not in employment or aged 15 years and under,1278,527,751
E01000589,On foot,75,67,8
E01000589,Other method of travel to work,15,2,13
E01000589,Passenger in a car or van,53,28,25
E01000589,Taxi,9,5,4
E01000589,Train,54,84,-30
E01000589,"Underground, metro, light rail, tram",213,242,-29
E01000589,Work mainly at or from home,373,29,344
E01000590,Bicycle,11,5,6
E01000590,"Bus, minibus or coach",82,71,11
E01000590,Driving a car or van,301,372,-71
E01000590,"Motorcycle, scooter or moped",5,7,-2
E01000590,Not in employment or aged 15 years and under,965,474,491
E01000590,On foot,52,58,-6
E01000590,Other method of travel to work,10,0,10
E01000590,Passenger in a car or van,47,24,23
E01000590,Taxi,5,3,2
E01000590,Train,38,38,0
E01000590,"Underground, metro, light rail, tram",145,242,-97
E01000590,Work mainly at or from home,274,35,239
E01000591,Bicycle,6,6,0
E01000591,"Bus, minibus or coach",104,128,-24
E01000591,Driving a car or van,240,316,-76
E01000591,"Motorcycle, scooter or moped",4,2,2
E01000591,Not in employment or aged 15 years and under,1128,635,493
E01000591,On foot,81,68,13
E01000591,Other method of travel to work,16,3,13
E01000591,Passenger in a car or van,42,24,18
E01000591,Taxi,4,1,3
E01000591,Train,55,68,-13
E01000591,"Underground, metro, light rail, tram",254,306,-52
E01000591,Work mainly at or from home,246,25,221
E01000592,Bicycle,10,9,1
E01000592,"Bus, minibus or coach",101,124,-23
E01000592,Driving a car or van,271,295,-24
E01000592,"Motorcycle, scooter or moped",6,6,0
E01000592,Not in employment or aged 15 years and under,871,451,420
E01000592,On foot,45,47,-2
E01000592,Other method of travel to work,19,4,15
E01000592,Passenger in a car or van,33,23,10
E01000592,Taxi,3,1,2
E01000592,Train,30,39,-9
E01000592,"Underground, metro, light rail, tram",174,220,-46
E01000592,Work mainly at or from home,265,25,240
E01000593,Bicycle,8,3,5
E01000593,"Bus, minibus or coach",100,135,-35
E01000593,Driving a car or van,287,402,-115
E01000593,"Motorcycle, scooter or moped",9,9,0
E01000593,Not in employment or aged 15 years and under,1107,551,556
E01000593,On foot,53,40,13
E01000593,Other method of travel to work,22,5,17
E01000593,Passenger in a car or van,37,26,11
E01000593,Taxi,4,4,0
E01000593,Train,72,68,4
E01000593,"Underground, metro, light rail, tram",162,308,-146
E01000593,Work mainly at or from home,264,39,225
E01000594,Bicycle,9,0,9
E01000594,"Bus, minibus or coach",93,85,8
E01000594,Driving a car or van,261,294,-33
E01000594,"Motorcycle, scooter or moped",2,3,-1
E01000594,Not in employment or aged 15 years and under,878,450,428
E01000594,On foot,55,47,8
E01000594,Other method of travel to work,15,7,8
E01000594,Passenger in a car or van,29,23,6
E01000594,Taxi,6,2,4
E01000594,Train,56,62,-6
E01000594,"Underground, metro, light rail, tram",215,275,-60
E01000594,Work mainly at or from home,193,18,175
E01000595,Bicycle,17,14,3
E01000595,"Bus, minibus or coach",169,161,8
E01000595,Driving a car or van,148,157,-9
E01000595,"Motorcycle, scooter or moped",5,6,-1
E01000595,Not in employment or aged 15 years and under,1139,584,555
E01000595,On foot,38,41,-3
E01000595,Other method of travel to work,21,5,16
E01000595,Passenger in a car or van,15,4,11
E01000595,Taxi,5,2,3
E01000595,Train,52,49,3
E01000595,"Underground, metro, light rail, tram",62,93,-31
E01000595,Work mainly at or from home,118,12,106
E01000596,Bicycle,9,13,-4
E01000596,"Bus, minibus or coach",125,149,-24
E01000596,Driving a car or van,186,181,5
E01000596,"Motorcycle, scooter or moped",9,1,8
E01000596,Not in employment or aged 15 years and under,1215,596,619
E01000596,On foot,62,57,5
E01000596,Other method of travel to work,10,2,8
E01000596,Passenger in a car or van,13,14,-1
E01000596,Taxi,3,4,-1
E01000596,Train,43,30,13
E01000596,"Underground, metro, light rail, tram",64,85,-21
E01000596,Work mainly at or from home,113,7,106
E01000599,Bicycle,24,8,16
E01000599,"Bus, minibus or coach",133,142,-9
E01000599,Driving a car or van,195,143,52
E01000599,"Motorcycle, scooter or moped",4,12,-8
E01000599,Not in employment or aged 15 years and under,1088,404,684
E01000599,On foot,65,51,14
E01000599,Other method of travel to work,10,2,8
E01000599,Passenger in a car or van,18,8,10
E01000599,Taxi,4,2,2
E01000599,Train,51,41,10
E01000599,"Underground, metro, light rail, tram",107,105,2
E01000599,Work mainly at or from home,198,8,190
E01000601,Bicycle,10,7,3
E01000601,"Bus, minibus or coach",105,115,-10
E01000601,Driving a car or van,118,188,-70
E01000601,"Motorcycle, scooter or moped",8,5,3
E01000601,Not in employment or aged 15 years and under,921,454,467
E01000601,On foot,30,39,-9
E01000601,Other method of travel to work,14,5,9
E01000601,Passenger in a car or van,10,10,0
E01000601,Taxi,5,0,5
E01000601,Train,20,43,-23
E01000601,"Underground, metro, light rail, tram",45,89,-44
E01000601,Work mainly at or from home,94,14,80
E01000602,Bicycle,15,7,8
E01000602,"Bus, minibus or coach",102,143,-41
E01000602,Driving a car or van,174,190,-16
E01000602,"Motorcycle, scooter or moped",6,2,4
E01000602,Not in employment or aged 15 years and under,896,516,380
E01000602,On foot,38,44,-6
E01000602,Other method of travel to work,9,2,7
E01000602,Passenger in a car or van,7,12,-5
E01000602,Taxi,5,2,3
E01000602,Train,26,46,-20
E01000602,"Underground, metro, light rail, tram",62,90,-28
E01000602,Work mainly at or from home,121,10,111
E01000603,Bicycle,12,21,-9
E01000603,"Bus, minibus or coach",123,179,-56
E01000603,Driving a car or van,120,190,-70
E01000603,"Motorcycle, scooter or moped",14,6,8
E01000603,Not in employment or aged 15 years and under,897,424,473
E01000603,On foot,47,52,-5
E01000603,Other method of travel to work,7,4,3
E01000603,Passenger in a car or van,6,5,1
E01000603,Taxi,6,0,6
E01000603,Train,36,43,-7
E01000603,"Underground, metro, light rail, tram",74,109,-35
E01000603,Work mainly at or from home,111,8,103
E01000604,Bicycle,23,8,15
E01000604,"Bus, minibus or coach",102,159,-57
E01000604,Driving a car or van,214,222,-8
E01000604,"Motorcycle, scooter or moped",6,4,2
E01000604,Not in employment or aged 15 years and under,1066,618,448
E01000604,On foot,57,47,10
E01000604,Other method of travel to work,17,2,15
E01000604,Passenger in a car or van,14,12,2
E01000604,Taxi,7,0,7
E01000604,Train,44,56,-12
E01000604,"Underground, metro, light rail, tram",68,90,-22
E01000604,Work mainly at or from home,120,6,114
E01000605,Bicycle,13,13,0
E01000605,"Bus, minibus or coach",99,149,-50
E01000605,Driving a car or van,185,166,19
E01000605,"Motorcycle, scooter or moped",4,2,2
E01000605,Not in employment or aged 15 years and under,1188,566,622
E01000605,On foot,47,66,-19
E01000605,Other method of travel to work,10,9,1
E01000605,Passenger in a car or van,17,15,2
E01000605,Taxi,3,2,1
E01000605,Train,37,46,-9
E01000605,"Underground, metro, light rail, tram",62,82,-20
E01000605,Work mainly at or from home,102,15,87
E01000606,Bicycle,7,6,1
E01000606,"Bus, minibus or coach",125,115,10
E01000606,Driving a car or van,224,277,-53
E01000606,"Motorcycle, scooter or moped",8,2,6
E01000606,Not in employment or aged 15 years and under,1013,440,573
E01000606,On foot,49,36,13
E01000606,Other method of travel to work,18,6,12
E01000606,Passenger in a car or van,52,28,24
E01000606,Taxi,3,1,2
E01000606,Train,41,65,-24
E01000606,"Underground, metro, light rail, tram",163,252,-89
E01000606,Work mainly at or from home,166,22,144
E01000607,Bicycle,35,16,19
E01000607,"Bus, minibus or coach",188,228,-40
E01000607,Driving a car or van,354,347,7
E01000607,"Motorcycle, scooter or moped",12,5,7
E01000607,Not in employment or aged 15 years and under,1391,628,763
E01000607,On foot,60,43,17
E01000607,Other method of travel to work,22,7,15
E01000607,Passenger in a car or van,22,28,-6
E01000607,Taxi,4,0,4
E01000607,Train,80,90,-10
E01000607,"Underground, metro, light rail, tram",207,241,-34
E01000607,Work mainly at or from home,217,28,189
E01000608,Bicycle,11,10,1
E01000608,"Bus, minibus or coach",281,312,-31
E01000608,Driving a car or van,284,285,-1
E01000608,"Motorcycle, scooter or moped",12,1,11
E01000608,Not in employment or aged 15 years and under,1192,578,614
E01000608,On foot,54,53,1
E01000608,Other method of travel to work,14,2,12
E01000608,Passenger in a car or van,28,19,9
E01000608,Taxi,4,1,3
E01000608,Train,73,103,-30
E01000608,"Underground, metro, light rail, tram",142,270,-128
E01000608,Work mainly at or from home,238,25,213
E01000609,Bicycle,30,12,18
E01000609,"Bus, minibus or coach",164,228,-64
E01000609,Driving a car or van,309,297,12
E01000609,"Motorcycle, scooter or moped",15,2,13
E01000609,Not in employment or aged 15 years and under,1049,573,476
E01000609,On foot,36,37,-1
E01000609,Other method of travel to work,8,9,-1
E01000609,Passenger in a car or van,24,29,-5
E01000609,Taxi,5,0,5
E01000609,Train,44,70,-26
E01000609,"Underground, metro, light rail, tram",169,242,-73
E01000609,Work mainly at or from home,202,31,171
E01000610,Bicycle,19,10,9
E01000610,"Bus, minibus or coach",165,172,-7
E01000610,Driving a car or van,266,305,-39
E01000610,"Motorcycle, scooter or moped",10,8,2
E01000610,Not in employment or aged 15 years and under,1196,508,688
E01000610,On foot,73,59,14
E01000610,Other method of travel to work,11,0,11
E01000610,Passenger in a car or van,23,15,8
E01000610,Taxi,7,2,5
E01000610,Train,75,67,8
E01000610,"Underground, metro, light rail, tram",135,236,-101
E01000610,Work mainly at or from home,207,28,179
E01000611,Bicycle,12,6,6
E01000611,"Bus, minibus or coach",176,181,-5
E01000611,Driving a car or van,277,177,100
E01000611,"Motorcycle, scooter or moped",10,8,2
E01000611,Not in employment or aged 15 years and under,935,429,506
E01000611,On foot,46,26,20
E01000611,Other method of travel to work,10,3,7
E01000611,Passenger in a car or van,20,12,8
E01000611,Taxi,0,0,0
E01000611,Train,47,53,-6
E01000611,"Underground, metro, light rail, tram",144,194,-50
E01000611,Work mainly at or from home,248,11,237
E01000612,Bicycle,19,9,10
E01000612,"Bus, minibus or coach",160,184,-24
E01000612,Driving a car or van,229,273,-44
E01000612,"Motorcycle, scooter or moped",8,6,2
E01000612,Not in employment or aged 15 years and under,922,442,480
E01000612,On foot,45,49,-4
E01000612,Other method of travel to work,7,5,2
E01000612,Passenger in a car or van,13,19,-6
E01000612,Taxi,3,1,2
E01000612,Train,54,76,-22
E01000612,"Underground, metro, light rail, tram",118,181,-63
E01000612,Work mainly at or from home,188,14,174
E01000613,Bicycle,6,11,-5
E01000613,"Bus, minibus or coach",98,123,-25
E01000613,Driving a car or van,241,332,-91
E01000613,"Motorcycle, scooter or moped",7,9,-2
E01000613,Not in employment or aged 15 years and under,928,588,340
E01000613,On foot,41,52,-11
E01000613,Other method of travel to work,8,5,3
E01000613,Passenger in a car or van,13,18,-5
E01000613,Taxi,9,2,7
E01000613,Train,62,91,-29
E01000613,"Underground, metro, light rail, tram",136,312,-176
E01000613,Work mainly at or from home,204,33,171
E01000615,Bicycle,13,13,0
E01000615,"Bus, minibus or coach",109,104,5
E01000615,Driving a car or van,241,215,26
E01000615,"Motorcycle, scooter or moped",10,8,2
E01000615,Not in employment or aged 15 years and under,1874,445,1429
E01000615,On foot,99,63,36
E01000615,Other method of travel to work,18,4,14
E01000615,Passenger in a car or van,33,7,26
E01000615,Taxi,9,0,9
E01000615,Train,79,75,4
E01000615,"Underground, metro, light rail, tram",273,268,5
E01000615,Work mainly at or from home,433,22,411
E01000616,Bicycle,36,8,28
E01000616,"Bus, minibus or coach",318,234,84
E01000616,Driving a car or van,148,191,-43
E01000616,"Motorcycle, scooter or moped",10,8,2
E01000616,Not in employment or aged 15 years and under,869,445,424
E01000616,On foot,112,107,5
E01000616,Other method of travel to work,12,6,6
E01000616,Passenger in a car or van,22,18,4
E01000616,Taxi,6,1,5
E01000616,Train,47,90,-43
E01000616,"Underground, metro, light rail, tram",159,242,-83
E01000616,Work mainly at or from home,199,22,177
E01000617,Bicycle,37,11,26
E01000617,"Bus, minibus or coach",220,189,31
E01000617,Driving a car or van,230,273,-43
E01000617,"Motorcycle, scooter or moped",16,10,6
E01000617,Not in employment or aged 15 years and under,1122,508,614
E01000617,On foot,101,78,23
E01000617,Other method of travel to work,5,7,-2
E01000617,Passenger in a car or van,22,11,11
E01000617,Taxi,1,1,0
E01000617,Train,83,72,11
E01000617,"Underground, metro, light rail, tram",131,161,-30
E01000617,Work mainly at or from home,289,22,267
E01000618,Bicycle,17,6,11
E01000618,"Bus, minibus or coach",123,88,35
E01000618,Driving a car or van,223,194,29
E01000618,"Motorcycle, scooter or moped",7,2,5
E01000618,Not in employment or aged 15 years and under,865,367,498
E01000618,On foot,68,43,25
E01000618,Other method of travel to work,8,4,4
E01000618,Passenger in a car or van,38,12,26
E01000618,Taxi,1,2,-1
E01000618,Train,48,46,2
E01000618,"Underground, metro, light rail, tram",99,94,5
E01000618,Work mainly at or from home,181,11,170
E01000619,Bicycle,23,3,20
E01000619,"Bus, minibus or coach",91,128,-37
E01000619,Driving a car or van,233,291,-58
E01000619,"Motorcycle, scooter or moped",9,10,-1
E01000619,Not in employment or aged 15 years and under,925,458,467
E01000619,On foot,68,57,11
E01000619,Other method of travel to work,13,3,10
E01000619,Passenger in a car or van,22,28,-6
E01000619,Taxi,5,0,5
E01000619,Train,45,64,-19
E01000619,"Underground, metro, light rail, tram",98,182,-84
E01000619,Work mainly at or from home,165,19,146
E01000620,Bicycle,22,13,9
E01000620,"Bus, minibus or coach",176,164,12
E01000620,Driving a car or van,211,270,-59
E01000620,"Motorcycle, scooter or moped",12,10,2
E01000620,Not in employment or aged 15 years and under,925,522,403
E01000620,On foot,86,78,8
E01000620,Other method of travel to work,14,3,11
E01000620,Passenger in a car or van,20,22,-2
E01000620,Taxi,3,0,3
E01000620,Train,51,67,-16
E01000620,"Underground, metro, light rail, tram",85,144,-59
E01000620,Work mainly at or from home,149,22,127
E01000621,Bicycle,29,19,10
E01000621,"Bus, minibus or coach",152,248,-96
E01000621,Driving a car or van,216,324,-108
E01000621,"Motorcycle, scooter or moped",6,5,1
E01000621,Not in employment or aged 15 years and under,906,586,320
E01000621,On foot,95,87,8
E01000621,Other method of travel to work,13,4,9
E01000621,Passenger in a car or van,22,21,1
E01000621,Taxi,3,4,-1
E01000621,Train,66,116,-50
E01000621,"Underground, metro, light rail, tram",133,227,-94
E01000621,Work mainly at or from home,168,21,147
E01000622,Bicycle,12,8,4
E01000622,"Bus, minibus or coach",151,156,-5
E01000622,Driving a car or van,254,235,19
E01000622,"Motorcycle, scooter or moped",20,18,2
E01000622,Not in employment or aged 15 years and under,1135,437,698
E01000622,On foot,46,36,10
E01000622,Other method of travel to work,17,9,8
E01000622,Passenger in a car or van,18,16,2
E01000622,Taxi,16,3,13
E01000622,Train,36,40,-4
E01000622,"Underground, metro, light rail, tram",127,222,-95
E01000622,Work mainly at or from home,154,24,130
E01000623,Bicycle,6,9,-3
E01000623,"Bus, minibus or coach",92,117,-25
E01000623,Driving a car or van,329,372,-43
E01000623,"Motorcycle, scooter or moped",14,2,12
E01000623,Not in employment or aged 15 years and under,953,479,474
E01000623,On foot,34,27,7
E01000623,Other method of travel to work,10,4,6
E01000623,Passenger in a car or van,26,24,2
E01000623,Taxi,4,0,4
E01000623,Train,23,48,-25
E01000623,"Underground, metro, light rail, tram",161,189,-28
E01000623,Work mainly at or from home,232,33,199
E01000624,Bicycle,12,1,11
E01000624,"Bus, minibus or coach",77,94,-17
E01000624,Driving a car or van,305,357,-52
E01000624,"Motorcycle, scooter or moped",6,9,-3
E01000624,Not in employment or aged 15 years and under,942,452,490
E01000624,On foot,23,27,-4
E01000624,Other method of travel to work,15,2,13
E01000624,Passenger in a car or van,14,26,-12
E01000624,Taxi,7,13,-6
E01000624,Train,29,35,-6
E01000624,"Underground, metro, light rail, tram",81,149,-68
E01000624,Work mainly at or from home,240,40,200
E01000625,Bicycle,11,10,1
E01000625,"Bus, minibus or coach",88,113,-25
E01000625,Driving a car or van,215,260,-45
E01000625,"Motorcycle, scooter or moped",8,5,3
E01000625,Not in employment or aged 15 years and under,968,437,531
E01000625,On foot,30,25,5
E01000625,Other method of travel to work,17,6,11
E01000625,Passenger in a car or van,15,16,-1
E01000625,Taxi,4,5,-1
E01000625,Train,41,31,10
E01000625,"Underground, metro, light rail, tram",89,153,-64
E01000625,Work mainly at or from home,185,30,155
E01000626,Bicycle,8,7,1
E01000626,"Bus, minibus or coach",122,162,-40
E01000626,Driving a car or van,171,180,-9
E01000626,"Motorcycle, scooter or moped",11,5,6
E01000626,Not in employment or aged 15 years and under,883,478,405
E01000626,On foot,37,43,-6
E01000626,Other method of travel to work,20,4,16
E01000626,Passenger in a car or van,13,7,6
E01000626,Taxi,1,3,-2
E01000626,Train,42,30,12
E01000626,"Underground, metro, light rail, tram",106,126,-20
E01000626,Work mainly at or from home,143,8,135
E01000627,Bicycle,28,10,18
E01000627,"Bus, minibus or coach",188,198,-10
E01000627,Driving a car or van,244,244,0
E01000627,"Motorcycle, scooter or moped",20,12,8
E01000627,Not in employment or aged 15 years and under,1135,554,581
E01000627,On foot,48,69,-21
E01000627,Other method of travel to work,9,7,2
E01000627,Passenger in a car or van,30,19,11
E01000627,Taxi,5,2,3
E01000627,Train,45,42,3
E01000627,"Underground, metro, light rail, tram",153,193,-40
E01000627,Work mainly at or from home,148,22,126
E01000628,Bicycle,10,19,-9
E01000628,"Bus, minibus or coach",108,165,-57
E01000628,Driving a car or van,203,227,-24
E01000628,"Motorcycle, scooter or moped",8,8,0
E01000628,Not in employment or aged 15 years and under,994,577,417
E01000628,On foot,35,43,-8
E01000628,Other method of travel to work,15,8,7
E01000628,Passenger in a car or van,13,19,-6
E01000628,Taxi,3,2,1
E01000628,Train,42,44,-2
E01000628,"Underground, metro, light rail, tram",164,256,-92
E01000628,Work mainly at or from home,173,19,154
E01000629,Bicycle,5,9,-4
E01000629,"Bus, minibus or coach",116,190,-74
E01000629,Driving a car or van,351,393,-42
E01000629,"Motorcycle, scooter or moped",11,8,3
E01000629,Not in employment or aged 15 years and under,1028,510,518
E01000629,On foot,53,33,20
E01000629,Other method of travel to work,9,7,2
E01000629,Passenger in a car or van,31,52,-21
E01000629,Taxi,5,1,4
E01000629,Train,31,44,-13
E01000629,"Underground, metro, light rail, tram",126,195,-69
E01000629,Work mainly at or from home,210,24,186
E01000630,Bicycle,47,10,37
E01000630,"Bus, minibus or coach",261,230,31
E01000630,Driving a car or van,266,280,-14
E01000630,"Motorcycle, scooter or moped",7,5,2
E01000630,Not in employment or aged 15 years and under,1367,703,664
E01000630,On foot,138,110,28
E01000630,Other method of travel to work,15,5,10
E01000630,Passenger in a car or van,24,12,12
E01000630,Taxi,3,2,1
E01000630,Train,124,113,11
E01000630,"Underground, metro, light rail, tram",178,237,-59
E01000630,Work mainly at or from home,297,20,277
E01000631,Bicycle,26,9,17
E01000631,"Bus, minibus or coach",150,184,-34
E01000631,Driving a car or van,265,278,-13
E01000631,"Motorcycle, scooter or moped",14,0,14
E01000631,Not in employment or aged 15 years and under,1069,543,526
E01000631,On foot,108,93,15
E01000631,Other method of travel to work,18,7,11
E01000631,Passenger in a car or van,27,38,-11
E01000631,Taxi,5,0,5
E01000631,Train,67,78,-11
E01000631,"Underground, metro, light rail, tram",107,204,-97
E01000631,Work mainly at or from home,215,32,183
E01000632,Bicycle,53,11,42
E01000632,"Bus, minibus or coach",177,198,-21
E01000632,Driving a car or van,219,246,-27
E01000632,"Motorcycle, scooter or moped",12,5,7
E01000632,Not in employment or aged 15 years and under,1318,628,690
E01000632,On foot,225,169,56
E01000632,Other method of travel to work,14,10,4
E01000632,Passenger in a car or van,23,25,-2
E01000632,Taxi,4,2,2
E01000632,Train,106,85,21
E01000632,"Underground, metro, light rail, tram",127,208,-81
E01000632,Work mainly at or from home,203,19,184
E01000633,Bicycle,80,17,63
E01000633,"Bus, minibus or coach",249,224,25
E01000633,Driving a car or van,186,225,-39
E01000633,"Motorcycle, scooter or moped",8,4,4
E01000633,Not in employment or aged 15 years and under,1414,567,847
E01000633,On foot,226,148,78
E01000633,Other method of travel to work,9,5,4
E01000633,Passenger in a car or van,13,33,-20
E01000633,Taxi,8,0,8
E01000633,Train,134,83,51
E01000633,"Underground, metro, light rail, tram",104,219,-115
E01000633,Work mainly at or from home,184,23,161
E01000634,Bicycle,44,14,30
E01000634,"Bus, minibus or coach",280,251,29
E01000634,Driving a car or van,251,282,-31
E01000634,"Motorcycle, scooter or moped",9,4,5
E01000634,Not in employment or aged 15 years and under,1374,656,718
E01000634,On foot,115,115,0
E01000634,Other method of travel to work,14,9,5
E01000634,Passenger in a car or van,28,32,-4
E01000634,Taxi,4,0,4
E01000634,Train,107,123,-16
E01000634,"Underground, metro, light rail, tram",178,249,-71
E01000634,Work mainly at or from home,233,16,217
E01000636,Bicycle,55,12,43
E01000636,"Bus, minibus or coach",322,249,73
E01000636,Driving a car or van,228,245,-17
E01000636,"Motorcycle, scooter or moped",27,2,25
E01000636,Not in employment or aged 15 years and under,1261,491,770
E01000636,On foot,154,81,73
E01000636,Other method of travel to work,11,6,5
E01000636,Passenger in a car or van,37,28,9
E01000636,Taxi,4,4,0
E01000636,Train,99,87,12
E01000636,"Underground, metro, light rail, tram",162,189,-27
E01000636,Work mainly at or from home,239,21,218
E01000637,Bicycle,32,32,0
E01000637,"Bus, minibus or coach",98,205,-107
E01000637,Driving a car or van,79,150,-71
E01000637,"Motorcycle, scooter or moped",13,12,1
E01000637,Not in employment or aged 15 years and under,772,446,326
E01000637,On foot,30,41,-11
E01000637,Other method of travel to work,14,3,11
E01000637,Passenger in a car or van,6,5,1
E01000637,Taxi,4,0,4
E01000637,Train,32,45,-13
E01000637,"Underground, metro, light rail, tram",166,338,-172
E01000637,Work mainly at or from home,265,31,234
E01000638,Bicycle,47,14,33
E01000638,"Bus, minibus or coach",249,312,-63
E01000638,Driving a car or van,124,128,-4
E01000638,"Motorcycle, scooter or moped",30,16,14
E01000638,Not in employment or aged 15 years and under,1158,523,635
E01000638,On foot,45,55,-10
E01000638,Other method of travel to work,16,6,10
E01000638,Passenger in a car or van,14,7,7
E01000638,Taxi,2,1,1
E01000638,Train,61,65,-4
E01000638,"Underground, metro, light rail, tram",215,303,-88
E01000638,Work mainly at or from home,177,39,138
E01000639,Bicycle,28,48,-20
E01000639,"Bus, minibus or coach",111,207,-96
E01000639,Driving a car or van,147,170,-23
E01000639,"Motorcycle, scooter or moped",20,15,5
E01000639,Not in employment or aged 15 years and under,731,380,351
E01000639,On foot,26,30,-4
E01000639,Other method of travel to work,9,5,4
E01000639,Passenger in a car or van,2,9,-7
E01000639,Taxi,4,2,2
E01000639,Train,31,52,-21
E01000639,"Underground, metro, light rail, tram",214,502,-288
E01000639,Work mainly at or from home,387,42,345
E01000640,Bicycle,39,28,11
E01000640,"Bus, minibus or coach",242,366,-124
E01000640,Driving a car or van,160,145,15
E01000640,"Motorcycle, scooter or moped",13,17,-4
E01000640,Not in employment or aged 15 years and under,1223,594,629
E01000640,On foot,75,80,-5
E01000640,Other method of travel to work,11,12,-1
E01000640,Passenger in a car or van,11,18,-7
E01000640,Taxi,16,0,16
E01000640,Train,75,59,16
E01000640,"Underground, metro, light rail, tram",152,290,-138
E01000640,Work mainly at or from home,198,22,176
E01000641,Bicycle,21,28,-7
E01000641,"Bus, minibus or coach",163,245,-82
E01000641,Driving a car or van,132,169,-37
E01000641,"Motorcycle, scooter or moped",19,17,2
E01000641,Not in employment or aged 15 years and under,1099,506,593
E01000641,On foot,39,50,-11
E01000641,Other method of travel to work,23,6,17
E01000641,Passenger in a car or van,13,8,5
E01000641,Taxi,7,3,4
E01000641,Train,37,65,-28
E01000641,"Underground, metro, light rail, tram",194,344,-150
E01000641,Work mainly at or from home,207,24,183
E01000642,Bicycle,32,35,-3
E01000642,"Bus, minibus or coach",210,221,-11
E01000642,Driving a car or van,102,183,-81
E01000642,"Motorcycle, scooter or moped",19,17,2
E01000642,Not in employment or aged 15 years and under,948,488,460
E01000642,On foot,53,77,-24
E01000642,Other method of travel to work,25,12,13
E01000642,Passenger in a car or van,12,6,6
E01000642,Taxi,5,2,3
E01000642,Train,46,75,-29
E01000642,"Underground, metro, light rail, tram",344,571,-227
E01000642,Work mainly at or from home,413,47,366
E01000643,Bicycle,26,23,3
E01000643,"Bus, minibus or coach",172,204,-32
E01000643,Driving a car or van,182,223,-41
E01000643,"Motorcycle, scooter or moped",12,13,-1
E01000643,Not in employment or aged 15 years and under,1345,705,640
E01000643,On foot,70,69,1
E01000643,Other method of travel to work,22,5,17
E01000643,Passenger in a car or van,18,10,8
E01000643,Taxi,9,0,9
E01000643,Train,39,53,-14
E01000643,"Underground, metro, light rail, tram",97,192,-95
E01000643,Work mainly at or from home,247,26,221
E01000644,Bicycle,34,41,-7
E01000644,"Bus, minibus or coach",114,226,-112
E01000644,Driving a car or van,157,186,-29
E01000644,"Motorcycle, scooter or moped",11,16,-5
E01000644,Not in employment or aged 15 years and under,965,487,478
E01000644,On foot,50,53,-3
E01000644,Other method of travel to work,3,5,-2
E01000644,Passenger in a car or van,12,12,0
E01000644,Taxi,10,4,6
E01000644,Train,31,49,-18
E01000644,"Underground, metro, light rail, tram",198,363,-165
E01000644,Work mainly at or from home,316,40,276
E01000645,Bicycle,6,7,-1
E01000645,"Bus, minibus or coach",7,11,-4
E01000645,Driving a car or van,169,253,-84
E01000645,"Motorcycle, scooter or moped",2,7,-5
E01000645,Not in employment or aged 15 years and under,730,326,404
E01000645,On foot,21,17,4
E01000645,Other method of travel to work,3,1,2
E01000645,Passenger in a car or van,4,13,-9
E01000645,Taxi,0,4,-4
E01000645,Train,63,250,-187
E01000645,"Underground, metro, light rail, tram",7,20,-13
E01000645,Work mainly at or from home,437,87,350
E01000646,Bicycle,20,11,9
E01000646,"Bus, minibus or coach",32,50,-18
E01000646,Driving a car or van,200,295,-95
E01000646,"Motorcycle, scooter or moped",8,5,3
E01000646,Not in employment or aged 15 years and under,931,341,590
E01000646,On foot,51,88,-37
E01000646,Other method of travel to work,16,4,12
E01000646,Passenger in a car or van,8,14,-6
E01000646,Taxi,0,3,-3
E01000646,Train,99,294,-195
E01000646,"Underground, metro, light rail, tram",19,15,4
E01000646,Work mainly at or from home,443,43,400
E01000647,Bicycle,13,9,4
E01000647,"Bus, minibus or coach",37,48,-11
E01000647,Driving a car or van,240,333,-93
E01000647,"Motorcycle, scooter or moped",6,9,-3
E01000647,Not in employment or aged 15 years and under,806,285,521
E01000647,On foot,54,112,-58
E01000647,Other method of travel to work,7,5,2
E01000647,Passenger in a car or van,12,20,-8
E01000647,Taxi,3,4,-1
E01000647,Train,82,266,-184
E01000647,"Underground, metro, light rail, tram",10,15,-5
E01000647,Work mainly at or from home,438,48,390
E01000648,Bicycle,10,15,-5
E01000648,"Bus, minibus or coach",31,51,-20
E01000648,Driving a car or van,255,341,-86
E01000648,"Motorcycle, scooter or moped",3,13,-10
E01000648,Not in employment or aged 15 years and under,900,339,561
E01000648,On foot,49,84,-35
E01000648,Other method of travel to work,6,5,1
E01000648,Passenger in a car or van,12,18,-6
E01000648,Taxi,6,4,2
E01000648,Train,110,300,-190
E01000648,"Underground, metro, light rail, tram",15,20,-5
E01000648,Work mainly at or from home,487,55,432
E01000649,Bicycle,11,7,4
E01000649,"Bus, minibus or coach",20,36,-16
E01000649,Driving a car or van,243,358,-115
E01000649,"Motorcycle, scooter or moped",4,10,-6
E01000649,Not in employment or aged 15 years and under,1070,426,644
E01000649,On foot,15,22,-7
E01000649,Other method of travel to work,11,9,2
E01000649,Passenger in a car or van,13,25,-12
E01000649,Taxi,0,4,-4
E01000649,Train,81,397,-316
E01000649,"Underground, metro, light rail, tram",8,17,-9
E01000649,Work mainly at or from home,592,76,516
E01000650,Bicycle,10,6,4
E01000650,"Bus, minibus or coach",12,30,-18
E01000650,Driving a car or van,191,356,-165
E01000650,"Motorcycle, scooter or moped",2,3,-1
E01000650,Not in employment or aged 15 years and under,1031,463,568
E01000650,On foot,16,33,-17
E01000650,Other method of travel to work,6,9,-3
E01000650,Passenger in a car or van,13,24,-11
E01000650,Taxi,1,1,0
E01000650,Train,69,296,-227
E01000650,"Underground, metro, light rail, tram",12,15,-3
E01000650,Work mainly at or from home,437,79,358
E01000651,Bicycle,13,22,-9
E01000651,"Bus, minibus or coach",29,45,-16
E01000651,Driving a car or van,199,295,-96
E01000651,"Motorcycle, scooter or moped",4,4,0
E01000651,Not in employment or aged 15 years and under,878,325,553
E01000651,On foot,30,42,-12
E01000651,Other method of travel to work,7,6,1
E01000651,Passenger in a car or van,7,14,-7
E01000651,Taxi,3,3,0
E01000651,Train,78,264,-186
E01000651,"Underground, metro, light rail, tram",20,17,3
E01000651,Work mainly at or from home,416,42,374
E01000652,Bicycle,9,11,-2
E01000652,"Bus, minibus or coach",21,54,-33
E01000652,Driving a car or van,256,351,-95
E01000652,"Motorcycle, scooter or moped",2,5,-3
E01000652,Not in employment or aged 15 years and under,863,353,510
E01000652,On foot,21,44,-23
E01000652,Other method of travel to work,10,3,7
E01000652,Passenger in a car or van,19,17,2
E01000652,Taxi,4,8,-4
E01000652,Train,68,235,-167
E01000652,"Underground, metro, light rail, tram",9,14,-5
E01000652,Work mainly at or from home,430,63,367
E01000653,Bicycle,5,10,-5
E01000653,"Bus, minibus or coach",10,24,-14
E01000653,Driving a car or van,170,237,-67
E01000653,"Motorcycle, scooter or moped",3,4,-1
E01000653,Not in employment or aged 15 years and under,887,435,452
E01000653,On foot,14,46,-32
E01000653,Other method of travel to work,7,9,-2
E01000653,Passenger in a car or van,9,20,-11
E01000653,Taxi,4,6,-2
E01000653,Train,59,228,-169
E01000653,"Underground, metro, light rail, tram",4,3,1
E01000653,Work mainly at or from home,370,71,299
E01000654,Bicycle,2,5,-3
E01000654,"Bus, minibus or coach",26,33,-7
E01000654,Driving a car or van,334,499,-165
E01000654,"Motorcycle, scooter or moped",10,8,2
E01000654,Not in employment or aged 15 years and under,632,233,399
E01000654,On foot,16,19,-3
E01000654,Other method of travel to work,8,3,5
E01000654,Passenger in a car or van,18,22,-4
E01000654,Taxi,1,1,0
E01000654,Train,33,80,-47
E01000654,"Underground, metro, light rail, tram",5,12,-7
E01000654,Work mainly at or from home,208,44,164
E01000655,Bicycle,4,0,4
E01000655,"Bus, minibus or coach",23,43,-20
E01000655,Driving a car or van,384,487,-103
E01000655,"Motorcycle, scooter or moped",3,11,-8
E01000655,Not in employment or aged 15 years and under,639,261,378
E01000655,On foot,17,14,3
E01000655,Other method of travel to work,6,7,-1
E01000655,Passenger in a car or van,19,20,-1
E01000655,Taxi,2,4,-2
E01000655,Train,25,79,-54
E01000655,"Underground, metro, light rail, tram",2,12,-10
E01000655,Work mainly at or from home,205,41,164
E01000656,Bicycle,3,2,1
E01000656,"Bus, minibus or coach",18,35,-17
E01000656,Driving a car or van,391,496,-105
E01000656,"Motorcycle, scooter or moped",7,17,-10
E01000656,Not in employment or aged 15 years and under,742,287,455
E01000656,On foot,33,36,-3
E01000656,Other method of travel to work,7,5,2
E01000656,Passenger in a car or van,15,25,-10
E01000656,Taxi,2,7,-5
E01000656,Train,40,87,-47
E01000656,"Underground, metro, light rail, tram",3,15,-12
E01000656,Work mainly at or from home,248,58,190
E01000657,Bicycle,1,7,-6
E01000657,"Bus, minibus or coach",31,64,-33
E01000657,Driving a car or van,393,532,-139
E01000657,"Motorcycle, scooter or moped",9,12,-3
E01000657,Not in employment or aged 15 years and under,766,315,451
E01000657,On foot,33,43,-10
E01000657,Other method of travel to work,10,8,2
E01000657,Passenger in a car or van,21,29,-8
E01000657,Taxi,0,3,-3
E01000657,Train,50,94,-44
E01000657,"Underground, metro, light rail, tram",11,19,-8
E01000657,Work mainly at or from home,244,45,199
E01000658,Bicycle,1,6,-5
E01000658,"Bus, minibus or coach",13,41,-28
E01000658,Driving a car or van,274,401,-127
E01000658,"Motorcycle, scooter or moped",4,6,-2
E01000658,Not in employment or aged 15 years and under,746,361,385
E01000658,On foot,27,51,-24
E01000658,Other method of travel to work,6,5,1
E01000658,Passenger in a car or van,23,13,10
E01000658,Taxi,2,3,-1
E01000658,Train,21,67,-46
E01000658,"Underground, metro, light rail, tram",1,11,-10
E01000658,Work mainly at or from home,212,41,171
E01000659,Bicycle,1,3,-2
E01000659,"Bus, minibus or coach",29,61,-32
E01000659,Driving a car or van,429,547,-118
E01000659,"Motorcycle, scooter or moped",5,16,-11
E01000659,Not in employment or aged 15 years and under,670,263,407
E01000659,On foot,14,28,-14
E01000659,Other method of travel to work,6,5,1
E01000659,Passenger in a car or van,29,31,-2
E01000659,Taxi,4,1,3
E01000659,Train,36,79,-43
E01000659,"Underground, metro, light rail, tram",5,22,-17
E01000659,Work mainly at or from home,233,56,177
E01000661,Bicycle,10,12,-2
E01000661,"Bus, minibus or coach",138,103,35
E01000661,Driving a car or van,376,274,102
E01000661,"Motorcycle, scooter or moped",10,7,3
E01000661,Not in employment or aged 15 years and under,1590,496,1094
E01000661,On foot,51,49,2
E01000661,Other method of travel to work,14,2,12
E01000661,Passenger in a car or van,25,19,6
E01000661,Taxi,1,0,1
E01000661,Train,93,116,-23
E01000661,"Underground, metro, light rail, tram",25,10,15
E01000661,Work mainly at or from home,476,20,456
E01000662,Bicycle,9,10,-1
E01000662,"Bus, minibus or coach",60,83,-23
E01000662,Driving a car or van,336,379,-43
E01000662,"Motorcycle, scooter or moped",11,9,2
E01000662,Not in employment or aged 15 years and under,883,423,460
E01000662,On foot,37,50,-13
E01000662,Other method of travel to work,10,2,8
E01000662,Passenger in a car or van,23,24,-1
E01000662,Taxi,5,3,2
E01000662,Train,79,176,-97
E01000662,"Underground, metro, light rail, tram",7,20,-13
E01000662,Work mainly at or from home,347,41,306
E01000663,Bicycle,8,11,-3
E01000663,"Bus, minibus or coach",29,67,-38
E01000663,Driving a car or van,265,349,-84
E01000663,"Motorcycle, scooter or moped",4,5,-1
E01000663,Not in employment or aged 15 years and under,907,379,528
E01000663,On foot,41,33,8
E01000663,Other method of travel to work,8,7,1
E01000663,Passenger in a car or van,17,19,-2
E01000663,Taxi,1,4,-3
E01000663,Train,96,190,-94
E01000663,"Underground, metro, light rail, tram",2,10,-8
E01000663,Work mainly at or from home,306,30,276
E01000664,Bicycle,6,7,-1
E01000664,"Bus, minibus or coach",36,65,-29
E01000664,Driving a car or van,301,386,-85
E01000664,"Motorcycle, scooter or moped",4,11,-7
E01000664,Not in employment or aged 15 years and under,842,387,455
E01000664,On foot,27,48,-21
E01000664,Other method of travel to work,9,6,3
E01000664,Passenger in a car or van,21,34,-13
E01000664,Taxi,2,6,-4
E01000664,Train,57,147,-90
E01000664,"Underground, metro, light rail, tram",7,10,-3
E01000664,Work mainly at or from home,341,29,312
E01000665,Bicycle,6,10,-4
E01000665,"Bus, minibus or coach",51,98,-47
E01000665,Driving a car or van,330,465,-135
E01000665,"Motorcycle, scooter or moped",5,11,-6
E01000665,Not in employment or aged 15 years and under,935,377,558
E01000665,On foot,46,53,-7
E01000665,Other method of travel to work,10,5,5
E01000665,Passenger in a car or van,17,20,-3
E01000665,Taxi,6,10,-4
E01000665,Train,60,175,-115
E01000665,"Underground, metro, light rail, tram",14,7,7
E01000665,Work mainly at or from home,369,65,304
E01000666,Bicycle,9,17,-8
E01000666,"Bus, minibus or coach",23,41,-18
E01000666,Driving a car or van,324,455,-131
E01000666,"Motorcycle, scooter or moped",3,7,-4
E01000666,Not in employment or aged 15 years and under,1016,449,567
E01000666,On foot,25,22,3
E01000666,Other method of travel to work,5,4,1
E01000666,Passenger in a car or van,12,23,-11
E01000666,Taxi,3,7,-4
E01000666,Train,68,186,-118
E01000666,"Underground, metro, light rail, tram",3,7,-4
E01000666,Work mainly at or from home,411,86,325
E01000667,Bicycle,8,9,-1
E01000667,"Bus, minibus or coach",14,30,-16
E01000667,Driving a car or van,289,356,-67
E01000667,"Motorcycle, scooter or moped",1,7,-6
E01000667,Not in employment or aged 15 years and under,879,411,468
E01000667,On foot,13,32,-19
E01000667,Other method of travel to work,9,2,7
E01000667,Passenger in a car or van,24,19,5
E01000667,Taxi,0,4,-4
E01000667,Train,41,166,-125
E01000667,"Underground, metro, light rail, tram",2,11,-9
E01000667,Work mainly at or from home,385,71,314
E01000668,Bicycle,16,19,-3
E01000668,"Bus, minibus or coach",63,93,-30
E01000668,Driving a car or van,306,334,-28
E01000668,"Motorcycle, scooter or moped",6,4,2
E01000668,Not in employment or aged 15 years and under,1021,304,717
E01000668,On foot,70,96,-26
E01000668,Other method of travel to work,11,2,9
E01000668,Passenger in a car or van,16,16,0
E01000668,Taxi,9,3,6
E01000668,Train,121,258,-137
E01000668,"Underground, metro, light rail, tram",22,16,6
E01000668,Work mainly at or from home,561,48,513
E01000669,Bicycle,6,9,-3
E01000669,"Bus, minibus or coach",46,97,-51
E01000669,Driving a car or van,283,341,-58
E01000669,"Motorcycle, scooter or moped",4,11,-7
E01000669,Not in employment or aged 15 years and under,765,313,452
E01000669,On foot,38,58,-20
E01000669,Other method of travel to work,15,4,11
E01000669,Passenger in a car or van,17,15,2
E01000669,Taxi,3,5,-2
E01000669,Train,96,280,-184
E01000669,"Underground, metro, light rail, tram",12,18,-6
E01000669,Work mainly at or from home,452,43,409
E01000670,Bicycle,10,9,1
E01000670,"Bus, minibus or coach",55,99,-44
E01000670,Driving a car or van,190,307,-117
E01000670,"Motorcycle, scooter or moped",1,4,-3
E01000670,Not in employment or aged 15 years and under,917,390,527
E01000670,On foot,51,106,-55
E01000670,Other method of travel to work,11,6,5
E01000670,Passenger in a car or van,13,15,-2
E01000670,Taxi,4,1,3
E01000670,Train,108,413,-305
E01000670,"Underground, metro, light rail, tram",18,48,-30
E01000670,Work mainly at or from home,562,63,499
E01000671,Bicycle,17,17,0
E01000671,"Bus, minibus or coach",86,67,19
E01000671,Driving a car or van,252,289,-37
E01000671,"Motorcycle, scooter or moped",6,5,1
E01000671,Not in employment or aged 15 years and under,1072,364,708
E01000671,On foot,64,89,-25
E01000671,Other method of travel to work,12,6,6
E01000671,Passenger in a car or van,9,19,-10
E01000671,Taxi,3,4,-1
E01000671,Train,133,303,-170
E01000671,"Underground, metro, light rail, tram",27,33,-6
E01000671,Work mainly at or from home,595,68,527
E01000672,Bicycle,18,18,0
E01000672,"Bus, minibus or coach",34,48,-14
E01000672,Driving a car or van,204,302,-98
E01000672,"Motorcycle, scooter or moped",10,14,-4
E01000672,Not in employment or aged 15 years and under,813,313,500
E01000672,On foot,40,70,-30
E01000672,Other method of travel to work,8,0,8
E01000672,Passenger in a car or van,11,14,-3
E01000672,Taxi,4,6,-2
E01000672,Train,83,227,-144
E01000672,"Underground, metro, light rail, tram",25,35,-10
E01000672,Work mainly at or from home,420,46,374
E01000673,Bicycle,18,18,0
E01000673,"Bus, minibus or coach",17,44,-27
E01000673,Driving a car or van,188,277,-89
E01000673,"Motorcycle, scooter or moped",1,7,-6
E01000673,Not in employment or aged 15 years and under,786,308,478
E01000673,On foot,52,46,6
E01000673,Other method of travel to work,6,2,4
E01000673,Passenger in a car or van,20,8,12
E01000673,Taxi,4,3,1
E01000673,Train,98,326,-228
E01000673,"Underground, metro, light rail, tram",10,30,-20
E01000673,Work mainly at or from home,472,49,423
E01000674,Bicycle,8,12,-4
E01000674,"Bus, minibus or coach",55,77,-22
E01000674,Driving a car or van,225,260,-35
E01000674,"Motorcycle, scooter or moped",9,13,-4
E01000674,Not in employment or aged 15 years and under,780,305,475
E01000674,On foot,52,87,-35
E01000674,Other method of travel to work,11,3,8
E01000674,Passenger in a car or van,10,15,-5
E01000674,Taxi,5,1,4
E01000674,Train,100,322,-222
E01000674,"Underground, metro, light rail, tram",27,28,-1
E01000674,Work mainly at or from home,442,51,391
E01000676,Bicycle,16,16,0
E01000676,"Bus, minibus or coach",112,97,15
E01000676,Driving a car or van,185,224,-39
E01000676,"Motorcycle, scooter or moped",12,3,9
E01000676,Not in employment or aged 15 years and under,951,364,587
E01000676,On foot,95,150,-55
E01000676,Other method of travel to work,16,4,12
E01000676,Passenger in a car or van,24,9,15
E01000676,Taxi,6,2,4
E01000676,Train,119,313,-194
E01000676,"Underground, metro, light rail, tram",32,55,-23
E01000676,Work mainly at or from home,468,56,412
E01000677,Bicycle,10,18,-8
E01000677,"Bus, minibus or coach",49,69,-20
E01000677,Driving a car or van,199,270,-71
E01000677,"Motorcycle, scooter or moped",5,19,-14
E01000677,Not in employment or aged 15 years and under,837,296,541
E01000677,On foot,57,97,-40
E01000677,Other method of travel to work,11,8,3
E01000677,Passenger in a car or van,15,21,-6
E01000677,Taxi,3,4,-1
E01000677,Train,138,424,-286
E01000677,"Underground, metro, light rail, tram",26,46,-20
E01000677,Work mainly at or from home,547,53,494
E01000678,Bicycle,7,10,-3
E01000678,"Bus, minibus or coach",46,42,4
E01000678,Driving a car or van,207,289,-82
E01000678,"Motorcycle, scooter or moped",1,13,-12
E01000678,Not in employment or aged 15 years and under,875,359,516
E01000678,On foot,57,105,-48
E01000678,Other method of travel to work,3,6,-3
E01000678,Passenger in a car or van,16,18,-2
E01000678,Taxi,5,6,-1
E01000678,Train,98,311,-213
E01000678,"Underground, metro, light rail, tram",12,33,-21
E01000678,Work mainly at or from home,523,47,476
E01000679,Bicycle,11,11,0
E01000679,"Bus, minibus or coach",37,72,-35
E01000679,Driving a car or van,258,347,-89
E01000679,"Motorcycle, scooter or moped",5,11,-6
E01000679,Not in employment or aged 15 years and under,810,292,518
E01000679,On foot,65,90,-25
E01000679,Other method of travel to work,14,3,11
E01000679,Passenger in a car or van,16,23,-7
E01000679,Taxi,1,4,-3
E01000679,Train,72,268,-196
E01000679,"Underground, metro, light rail, tram",14,19,-5
E01000679,Work mainly at or from home,485,48,437
E01000680,Bicycle,5,6,-1
E01000680,"Bus, minibus or coach",9,16,-7
E01000680,Driving a car or van,293,418,-125
E01000680,"Motorcycle, scooter or moped",2,3,-1
E01000680,Not in employment or aged 15 years and under,861,392,469
E01000680,On foot,9,29,-20
E01000680,Other method of travel to work,11,5,6
E01000680,Passenger in a car or van,25,22,3
E01000680,Taxi,2,4,-2
E01000680,Train,64,201,-137
E01000680,"Underground, metro, light rail, tram",1,7,-6
E01000680,Work mainly at or from home,362,89,273
E01000681,Bicycle,6,11,-5
E01000681,"Bus, minibus or coach",24,38,-14
E01000681,Driving a car or van,259,382,-123
E01000681,"Motorcycle, scooter or moped",6,6,0
E01000681,Not in employment or aged 15 years and under,862,337,525
E01000681,On foot,34,57,-23
E01000681,Other method of travel to work,8,6,2
E01000681,Passenger in a car or van,15,27,-12
E01000681,Taxi,1,4,-3
E01000681,Train,83,305,-222
E01000681,"Underground, metro, light rail, tram",14,9,5
E01000681,Work mainly at or from home,440,39,401
E01000682,Bicycle,2,3,-1
E01000682,"Bus, minibus or coach",24,41,-17
E01000682,Driving a car or van,220,354,-134
E01000682,"Motorcycle, scooter or moped",3,10,-7
E01000682,Not in employment or aged 15 years and under,896,322,574
E01000682,On foot,33,55,-22
E01000682,Other method of travel to work,5,1,4
E01000682,Passenger in a car or van,10,16,-6
E01000682,Taxi,3,4,-1
E01000682,Train,52,192,-140
E01000682,"Underground, metro, light rail, tram",4,3,1
E01000682,Work mainly at or from home,349,34,315
E01000683,Bicycle,7,10,-3
E01000683,"Bus, minibus or coach",31,43,-12
E01000683,Driving a car or van,253,358,-105
E01000683,"Motorcycle, scooter or moped",6,11,-5
E01000683,Not in employment or aged 15 years and under,853,333,520
E01000683,On foot,52,55,-3
E01000683,Other method of travel to work,5,4,1
E01000683,Passenger in a car or van,12,17,-5
E01000683,Taxi,3,1,2
E01000683,Train,87,297,-210
E01000683,"Underground, metro, light rail, tram",10,12,-2
E01000683,Work mainly at or from home,385,29,356
E01000684,Bicycle,6,9,-3
E01000684,"Bus, minibus or coach",19,58,-39
E01000684,Driving a car or van,273,450,-177
E01000684,"Motorcycle, scooter or moped",3,8,-5
E01000684,Not in employment or aged 15 years and under,1072,432,640
E01000684,On foot,33,38,-5
E01000684,Other method of travel to work,11,3,8
E01000684,Passenger in a car or van,24,30,-6
E01000684,Taxi,1,6,-5
E01000684,Train,93,344,-251
E01000684,"Underground, metro, light rail, tram",7,18,-11
E01000684,Work mainly at or from home,555,60,495
E01000685,Bicycle,3,7,-4
E01000685,"Bus, minibus or coach",35,46,-11
E01000685,Driving a car or van,255,366,-111
E01000685,"Motorcycle, scooter or moped",3,10,-7
E01000685,Not in employment or aged 15 years and under,815,328,487
E01000685,On foot,40,42,-2
E01000685,Other method of travel to work,5,2,3
E01000685,Passenger in a car or van,23,17,6
E01000685,Taxi,5,5,0
E01000685,Train,79,239,-160
E01000685,"Underground, metro, light rail, tram",9,13,-4
E01000685,Work mainly at or from home,359,32,327
E01000686,Bicycle,4,5,-1
E01000686,"Bus, minibus or coach",9,30,-21
E01000686,Driving a car or van,185,337,-152
E01000686,"Motorcycle, scooter or moped",0,5,-5
E01000686,Not in employment or aged 15 years and under,827,332,495
E01000686,On foot,34,41,-7
E01000686,Other method of travel to work,6,4,2
E01000686,Passenger in a car or van,14,20,-6
E01000686,Taxi,1,7,-6
E01000686,Train,51,224,-173
E01000686,"Underground, metro, light rail, tram",3,12,-9
E01000686,Work mainly at or from home,356,52,304
E01000687,Bicycle,13,12,1
E01000687,"Bus, minibus or coach",28,35,-7
E01000687,Driving a car or van,207,394,-187
E01000687,"Motorcycle, scooter or moped",3,3,0
E01000687,Not in employment or aged 15 years and under,802,372,430
E01000687,On foot,33,53,-20
E01000687,Other method of travel to work,10,4,6
E01000687,Passenger in a car or van,14,18,-4
E01000687,Taxi,5,2,3
E01000687,Train,57,201,-144
E01000687,"Underground, metro, light rail, tram",4,11,-7
E01000687,Work mainly at or from home,390,56,334
E01000688,Bicycle,3,6,-3
E01000688,"Bus, minibus or coach",13,14,-1
E01000688,Driving a car or van,195,302,-107
E01000688,"Motorcycle, scooter or moped",1,9,-8
E01000688,Not in employment or aged 15 years and under,722,296,426
E01000688,On foot,13,20,-7
E01000688,Other method of travel to work,3,3,0
E01000688,Passenger in a car or van,15,20,-5
E01000688,Taxi,2,7,-5
E01000688,Train,56,234,-178
E01000688,"Underground, metro, light rail, tram",3,7,-4
E01000688,Work mainly at or from home,365,67,298
E01000689,Bicycle,10,8,2
E01000689,"Bus, minibus or coach",35,50,-15
E01000689,Driving a car or van,245,314,-69
E01000689,"Motorcycle, scooter or moped",0,2,-2
E01000689,Not in employment or aged 15 years and under,956,321,635
E01000689,On foot,14,41,-27
E01000689,Other method of travel to work,11,7,4
E01000689,Passenger in a car or van,17,19,-2
E01000689,Taxi,4,4,0
E01000689,Train,70,153,-83
E01000689,"Underground, metro, light rail, tram",9,11,-2
E01000689,Work mainly at or from home,266,44,222
E01000690,Bicycle,6,16,-10
E01000690,"Bus, minibus or coach",15,31,-16
E01000690,Driving a car or van,195,325,-130
E01000690,"Motorcycle, scooter or moped",4,10,-6
E01000690,Not in employment or aged 15 years and under,728,304,424
E01000690,On foot,19,37,-18
E01000690,Other method of travel to work,3,5,-2
E01000690,Passenger in a car or van,17,17,0
E01000690,Taxi,3,8,-5
E01000690,Train,53,198,-145
E01000690,"Underground, metro, light rail, tram",9,16,-7
E01000690,Work mainly at or from home,334,47,287
E01000691,Bicycle,8,9,-1
E01000691,"Bus, minibus or coach",35,61,-26
E01000691,Driving a car or van,237,317,-80
E01000691,"Motorcycle, scooter or moped",8,23,-15
E01000691,Not in employment or aged 15 years and under,753,321,432
E01000691,On foot,34,47,-13
E01000691,Other method of travel to work,15,6,9
E01000691,Passenger in a car or van,9,17,-8
E01000691,Taxi,6,7,-1
E01000691,Train,69,189,-120
E01000691,"Underground, metro, light rail, tram",9,26,-17
E01000691,Work mainly at or from home,354,20,334
E01000692,Bicycle,12,13,-1
E01000692,"Bus, minibus or coach",23,62,-39
E01000692,Driving a car or van,235,317,-82
E01000692,"Motorcycle, scooter or moped",4,8,-4
E01000692,Not in employment or aged 15 years and under,841,315,526
E01000692,On foot,45,68,-23
E01000692,Other method of travel to work,7,7,0
E01000692,Passenger in a car or van,10,17,-7
E01000692,Taxi,4,6,-2
E01000692,Train,76,278,-202
E01000692,"Underground, metro, light rail, tram",13,19,-6
E01000692,Work mainly at or from home,397,52,345
E01000693,Bicycle,8,5,3
E01000693,"Bus, minibus or coach",13,37,-24
E01000693,Driving a car or van,149,249,-100
E01000693,"Motorcycle, scooter or moped",3,3,0
E01000693,Not in employment or aged 15 years and under,947,434,513
E01000693,On foot,40,37,3
E01000693,Other method of travel to work,8,14,-6
E01000693,Passenger in a car or van,5,13,-8
E01000693,Taxi,1,6,-5
E01000693,Train,44,159,-115
E01000693,"Underground, metro, light rail, tram",1,4,-3
E01000693,Work mainly at or from home,292,58,234
E01000694,Bicycle,2,3,-1
E01000694,"Bus, minibus or coach",20,13,7
E01000694,Driving a car or van,209,263,-54
E01000694,"Motorcycle, scooter or moped",2,6,-4
E01000694,Not in employment or aged 15 years and under,1232,368,864
E01000694,On foot,13,12,1
E01000694,Other method of travel to work,11,1,10
E01000694,Passenger in a car or van,8,8,0
E01000694,Taxi,0,4,-4
E01000694,Train,127,311,-184
E01000694,"Underground, metro, light rail, tram",14,11,3
E01000694,Work mainly at or from home,657,69,588
E01000695,Bicycle,7,12,-5
E01000695,"Bus, minibus or coach",14,26,-12
E01000695,Driving a car or van,193,333,-140
E01000695,"Motorcycle, scooter or moped",4,11,-7
E01000695,Not in employment or aged 15 years and under,787,400,387
E01000695,On foot,19,23,-4
E01000695,Other method of travel to work,5,2,3
E01000695,Passenger in a car or van,11,11,0
E01000695,Taxi,3,2,1
E01000695,Train,59,355,-296
E01000695,"Underground, metro, light rail, tram",6,21,-15
E01000695,Work mainly at or from home,409,66,343
E01000696,Bicycle,3,4,-1
E01000696,"Bus, minibus or coach",9,18,-9
E01000696,Driving a car or van,167,251,-84
E01000696,"Motorcycle, scooter or moped",2,2,0
E01000696,Not in employment or aged 15 years and under,913,337,576
E01000696,On foot,24,28,-4
E01000696,Other method of travel to work,9,3,6
E01000696,Passenger in a car or van,7,12,-5
E01000696,Taxi,2,5,-3
E01000696,Train,62,246,-184
E01000696,"Underground, metro, light rail, tram",4,19,-15
E01000696,Work mainly at or from home,436,75,361
E01000697,Bicycle,5,12,-7
E01000697,"Bus, minibus or coach",18,18,0
E01000697,Driving a car or van,196,227,-31
E01000697,"Motorcycle, scooter or moped",2,2,0
E01000697,Not in employment or aged 15 years and under,814,235,579
E01000697,On foot,19,14,5
E01000697,Other method of travel to work,5,9,-4
E01000697,Passenger in a car or van,10,10,0
E01000697,Taxi,4,2,2
E01000697,Train,99,387,-288
E01000697,"Underground, metro, light rail, tram",10,19,-9
E01000697,Work mainly at or from home,601,61,540
E01000698,Bicycle,4,3,1
E01000698,"Bus, minibus or coach",7,10,-3
E01000698,Driving a car or van,192,273,-81
E01000698,"Motorcycle, scooter or moped",7,4,3
E01000698,Not in employment or aged 15 years and under,658,343,315
E01000698,On foot,3,10,-7
E01000698,Other method of travel to work,6,13,-7
E01000698,Passenger in a car or van,7,8,-1
E01000698,Taxi,0,3,-3
E01000698,Train,34,149,-115
E01000698,"Underground, metro, light rail, tram",7,7,0
E01000698,Work mainly at or from home,271,52,219
E01000699,Bicycle,10,16,-6
E01000699,"Bus, minibus or coach",56,111,-55
E01000699,Driving a car or van,163,222,-59
E01000699,"Motorcycle, scooter or moped",3,10,-7
E01000699,Not in employment or aged 15 years and under,618,333,285
E01000699,On foot,33,52,-19
E01000699,Other method of travel to work,11,5,6
E01000699,Passenger in a car or van,13,18,-5
E01000699,Taxi,3,3,0
E01000699,Train,90,227,-137
E01000699,"Underground, metro, light rail, tram",37,72,-35
E01000699,Work mainly at or from home,414,27,387
E01000700,Bicycle,17,15,2
E01000700,"Bus, minibus or coach",27,52,-25
E01000700,Driving a car or van,175,253,-78
E01000700,"Motorcycle, scooter or moped",8,10,-2
E01000700,Not in employment or aged 15 years and under,690,299,391
E01000700,On foot,36,37,-1
E01000700,Other method of travel to work,9,7,2
E01000700,Passenger in a car or van,8,14,-6
E01000700,Taxi,3,1,2
E01000700,Train,75,348,-273
E01000700,"Underground, metro, light rail, tram",24,67,-43
E01000700,Work mainly at or from home,442,44,398
E01000701,Bicycle,12,11,1
E01000701,"Bus, minibus or coach",21,43,-22
E01000701,Driving a car or van,157,221,-64
E01000701,"Motorcycle, scooter or moped",2,6,-4
E01000701,Not in employment or aged 15 years and under,632,287,345
E01000701,On foot,27,30,-3
E01000701,Other method of travel to work,5,4,1
E01000701,Passenger in a car or van,5,19,-14
E01000701,Taxi,2,4,-2
E01000701,Train,85,291,-206
E01000701,"Underground, metro, light rail, tram",28,76,-48
E01000701,Work mainly at or from home,462,36,426
E01000702,Bicycle,14,20,-6
E01000702,"Bus, minibus or coach",28,31,-3
E01000702,Driving a car or van,148,231,-83
E01000702,"Motorcycle, scooter or moped",8,11,-3
E01000702,Not in employment or aged 15 years and under,583,231,352
E01000702,On foot,30,49,-19
E01000702,Other method of travel to work,8,2,6
E01000702,Passenger in a car or van,9,13,-4
E01000702,Taxi,1,2,-1
E01000702,Train,102,345,-243
E01000702,"Underground, metro, light rail, tram",22,62,-40
E01000702,Work mainly at or from home,486,34,452
E01000703,Bicycle,22,18,4
E01000703,"Bus, minibus or coach",24,46,-22
E01000703,Driving a car or van,159,254,-95
E01000703,"Motorcycle, scooter or moped",12,6,6
E01000703,Not in employment or aged 15 years and under,835,294,541
E01000703,On foot,42,45,-3
E01000703,Other method of travel to work,4,5,-1
E01000703,Passenger in a car or van,10,15,-5
E01000703,Taxi,2,4,-2
E01000703,Train,86,407,-321
E01000703,"Underground, metro, light rail, tram",18,40,-22
E01000703,Work mainly at or from home,516,59,457
E01000704,Bicycle,18,8,10
E01000704,"Bus, minibus or coach",40,67,-27
E01000704,Driving a car or van,195,310,-115
E01000704,"Motorcycle, scooter or moped",4,6,-2
E01000704,Not in employment or aged 15 years and under,681,284,397
E01000704,On foot,33,36,-3
E01000704,Other method of travel to work,9,3,6
E01000704,Passenger in a car or van,12,9,3
E01000704,Taxi,5,6,-1
E01000704,Train,81,219,-138
E01000704,"Underground, metro, light rail, tram",27,55,-28
E01000704,Work mainly at or from home,362,36,326
E01000705,Bicycle,18,22,-4
E01000705,"Bus, minibus or coach",72,86,-14
E01000705,Driving a car or van,155,207,-52
E01000705,"Motorcycle, scooter or moped",6,11,-5
E01000705,Not in employment or aged 15 years and under,639,292,347
E01000705,On foot,30,40,-10
E01000705,Other method of travel to work,6,5,1
E01000705,Passenger in a car or van,8,15,-7
E01000705,Taxi,1,1,0
E01000705,Train,56,225,-169
E01000705,"Underground, metro, light rail, tram",25,52,-27
E01000705,Work mainly at or from home,341,26,315
E01000706,Bicycle,12,14,-2
E01000706,"Bus, minibus or coach",31,39,-8
E01000706,Driving a car or van,177,265,-88
E01000706,"Motorcycle, scooter or moped",6,9,-3
E01000706,Not in employment or aged 15 years and under,649,279,370
E01000706,On foot,38,43,-5
E01000706,Other method of travel to work,8,4,4
E01000706,Passenger in a car or van,8,12,-4
E01000706,Taxi,1,2,-1
E01000706,Train,74,223,-149
E01000706,"Underground, metro, light rail, tram",25,44,-19
E01000706,Work mainly at or from home,347,34,313
E01000707,Bicycle,13,20,-7
E01000707,"Bus, minibus or coach",8,32,-24
E01000707,Driving a car or van,127,155,-28
E01000707,"Motorcycle, scooter or moped",1,6,-5
E01000707,Not in employment or aged 15 years and under,705,162,543
E01000707,On foot,38,34,4
E01000707,Other method of travel to work,8,2,6
E01000707,Passenger in a car or van,8,8,0
E01000707,Taxi,2,1,1
E01000707,Train,81,256,-175
E01000707,"Underground, metro, light rail, tram",16,24,-8
E01000707,Work mainly at or from home,504,40,464
E01000708,Bicycle,9,22,-13
E01000708,"Bus, minibus or coach",38,56,-18
E01000708,Driving a car or van,195,348,-153
E01000708,"Motorcycle, scooter or moped",3,13,-10
E01000708,Not in employment or aged 15 years and under,825,363,462
E01000708,On foot,41,65,-24
E01000708,Other method of travel to work,10,8,2
E01000708,Passenger in a car or van,12,17,-5
E01000708,Taxi,1,4,-3
E01000708,Train,88,345,-257
E01000708,"Underground, metro, light rail, tram",15,66,-51
E01000708,Work mainly at or from home,452,69,383
E01000709,Bicycle,8,14,-6
E01000709,"Bus, minibus or coach",32,31,1
E01000709,Driving a car or van,135,207,-72
E01000709,"Motorcycle, scooter or moped",8,6,2
E01000709,Not in employment or aged 15 years and under,645,298,347
E01000709,On foot,43,27,16
E01000709,Other method of travel to work,7,3,4
E01000709,Passenger in a car or van,2,3,-1
E01000709,Taxi,1,0,1
E01000709,Train,69,312,-243
E01000709,"Underground, metro, light rail, tram",31,53,-22
E01000709,Work mainly at or from home,388,34,354
E01000710,Bicycle,20,16,4
E01000710,"Bus, minibus or coach",55,34,21
E01000710,Driving a car or van,243,237,6
E01000710,"Motorcycle, scooter or moped",9,11,-2
E01000710,Not in employment or aged 15 years and under,930,318,612
E01000710,On foot,38,41,-3
E01000710,Other method of travel to work,9,3,6
E01000710,Passenger in a car or van,16,7,9
E01000710,Taxi,5,3,2
E01000710,Train,169,499,-330
E01000710,"Underground, metro, light rail, tram",36,77,-41
E01000710,Work mainly at or from home,831,50,781
E01000711,Bicycle,12,19,-7
E01000711,"Bus, minibus or coach",38,27,11
E01000711,Driving a car or van,186,235,-49
E01000711,"Motorcycle, scooter or moped",6,7,-1
E01000711,Not in employment or aged 15 years and under,774,335,439
E01000711,On foot,41,37,4
E01000711,Other method of travel to work,5,7,-2
E01000711,Passenger in a car or van,12,7,5
E01000711,Taxi,4,4,0
E01000711,Train,153,584,-431
E01000711,"Underground, metro, light rail, tram",39,93,-54
E01000711,Work mainly at or from home,617,35,582
E01000712,Bicycle,16,11,5
E01000712,"Bus, minibus or coach",35,38,-3
E01000712,Driving a car or van,189,297,-108
E01000712,"Motorcycle, scooter or moped",6,11,-5
E01000712,Not in employment or aged 15 years and under,770,313,457
E01000712,On foot,29,27,2
E01000712,Other method of travel to work,11,8,3
E01000712,Passenger in a car or van,9,17,-8
E01000712,Taxi,3,5,-2
E01000712,Train,119,433,-314
E01000712,"Underground, metro, light rail, tram",48,68,-20
E01000712,Work mainly at or from home,561,69,492
E01000713,Bicycle,15,17,-2
E01000713,"Bus, minibus or coach",31,56,-25
E01000713,Driving a car or van,225,309,-84
E01000713,"Motorcycle, scooter or moped",7,9,-2
E01000713,Not in employment or aged 15 years and under,807,342,465
E01000713,On foot,29,51,-22
E01000713,Other method of travel to work,7,4,3
E01000713,Passenger in a car or van,3,12,-9
E01000713,Taxi,0,3,-3
E01000713,Train,93,442,-349
E01000713,"Underground, metro, light rail, tram",34,44,-10
E01000713,Work mainly at or from home,601,49,552
E01000714,Bicycle,15,25,-10
E01000714,"Bus, minibus or coach",68,73,-5
E01000714,Driving a car or van,203,277,-74
E01000714,"Motorcycle, scooter or moped",21,3,18
E01000714,Not in employment or aged 15 years and under,924,340,584
E01000714,On foot,77,59,18
E01000714,Other method of travel to work,5,6,-1
E01000714,Passenger in a car or van,13,10,3
E01000714,Taxi,1,3,-2
E01000714,Train,143,559,-416
E01000714,"Underground, metro, light rail, tram",59,96,-37
E01000714,Work mainly at or from home,635,49,586
E01000715,Bicycle,10,16,-6
E01000715,"Bus, minibus or coach",31,49,-18
E01000715,Driving a car or van,181,291,-110
E01000715,"Motorcycle, scooter or moped",2,13,-11
E01000715,Not in employment or aged 15 years and under,820,313,507
E01000715,On foot,30,45,-15
E01000715,Other method of travel to work,6,4,2
E01000715,Passenger in a car or van,10,7,3
E01000715,Taxi,2,2,0
E01000715,Train,80,378,-298
E01000715,"Underground, metro, light rail, tram",33,59,-26
E01000715,Work mainly at or from home,557,59,498
E01000716,Bicycle,8,13,-5
E01000716,"Bus, minibus or coach",10,45,-35
E01000716,Driving a car or van,181,282,-101
E01000716,"Motorcycle, scooter or moped",7,17,-10
E01000716,Not in employment or aged 15 years and under,895,342,553
E01000716,On foot,27,41,-14
E01000716,Other method of travel to work,6,6,0
E01000716,Passenger in a car or van,13,11,2
E01000716,Taxi,1,4,-3
E01000716,Train,71,254,-183
E01000716,"Underground, metro, light rail, tram",21,39,-18
E01000716,Work mainly at or from home,408,50,358
E01000717,Bicycle,5,11,-6
E01000717,"Bus, minibus or coach",52,36,16
E01000717,Driving a car or van,211,305,-94
E01000717,"Motorcycle, scooter or moped",5,4,1
E01000717,Not in employment or aged 15 years and under,773,332,441
E01000717,On foot,35,39,-4
E01000717,Other method of travel to work,20,10,10
E01000717,Passenger in a car or van,7,16,-9
E01000717,Taxi,2,4,-2
E01000717,Train,108,418,-310
E01000717,"Underground, metro, light rail, tram",19,40,-21
E01000717,Work mainly at or from home,471,80,391
E01000718,Bicycle,12,24,-12
E01000718,"Bus, minibus or coach",82,72,10
E01000718,Driving a car or van,257,336,-79
E01000718,"Motorcycle, scooter or moped",6,10,-4
E01000718,Not in employment or aged 15 years and under,1022,525,497
E01000718,On foot,54,42,12
E01000718,Other method of travel to work,7,7,0
E01000718,Passenger in a car or van,14,14,0
E01000718,Taxi,4,3,1
E01000718,Train,133,364,-231
E01000718,"Underground, metro, light rail, tram",51,73,-22
E01000718,Work mainly at or from home,408,44,364
E01000719,Bicycle,4,10,-6
E01000719,"Bus, minibus or coach",85,60,25
E01000719,Driving a car or van,354,277,77
E01000719,"Motorcycle, scooter or moped",8,7,1
E01000719,Not in employment or aged 15 years and under,1120,350,770
E01000719,On foot,57,45,12
E01000719,Other method of travel to work,20,3,17
E01000719,Passenger in a car or van,31,24,7
E01000719,Taxi,7,1,6
E01000719,Train,115,181,-66
E01000719,"Underground, metro, light rail, tram",10,11,-1
E01000719,Work mainly at or from home,304,21,283
E01000720,Bicycle,4,2,2
E01000720,"Bus, minibus or coach",51,79,-28
E01000720,Driving a car or van,335,308,27
E01000720,"Motorcycle, scooter or moped",8,13,-5
E01000720,Not in employment or aged 15 years and under,1000,456,544
E01000720,On foot,45,50,-5
E01000720,Other method of travel to work,7,5,2
E01000720,Passenger in a car or van,21,23,-2
E01000720,Taxi,4,3,1
E01000720,Train,79,155,-76
E01000720,"Underground, metro, light rail, tram",13,18,-5
E01000720,Work mainly at or from home,232,31,201
E01000721,Bicycle,4,9,-5
E01000721,"Bus, minibus or coach",56,105,-49
E01000721,Driving a car or van,242,305,-63
E01000721,"Motorcycle, scooter or moped",4,13,-9
E01000721,Not in employment or aged 15 years and under,917,547,370
E01000721,On foot,37,65,-28
E01000721,Other method of travel to work,9,0,9
E01000721,Passenger in a car or van,17,22,-5
E01000721,Taxi,1,1,0
E01000721,Train,84,143,-59
E01000721,"Underground, metro, light rail, tram",9,14,-5
E01000721,Work mainly at or from home,221,13,208
E01000722,Bicycle,7,6,1
E01000722,"Bus, minibus or coach",63,62,1
E01000722,Driving a car or van,321,351,-30
E01000722,"Motorcycle, scooter or moped",7,12,-5
E01000722,Not in employment or aged 15 years and under,909,390,519
E01000722,On foot,60,72,-12
E01000722,Other method of travel to work,11,3,8
E01000722,Passenger in a car or van,18,24,-6
E01000722,Taxi,3,4,-1
E01000722,Train,114,207,-93
E01000722,"Underground, metro, light rail, tram",12,17,-5
E01000722,Work mainly at or from home,330,25,305
E01000723,Bicycle,6,8,-2
E01000723,"Bus, minibus or coach",25,31,-6
E01000723,Driving a car or van,244,333,-89
E01000723,"Motorcycle, scooter or moped",2,10,-8
E01000723,Not in employment or aged 15 years and under,680,347,333
E01000723,On foot,18,32,-14
E01000723,Other method of travel to work,7,4,3
E01000723,Passenger in a car or van,16,19,-3
E01000723,Taxi,2,3,-1
E01000723,Train,42,98,-56
E01000723,"Underground, metro, light rail, tram",6,4,2
E01000723,Work mainly at or from home,193,25,168
E01000724,Bicycle,9,13,-4
E01000724,"Bus, minibus or coach",77,89,-12
E01000724,Driving a car or van,274,306,-32
E01000724,"Motorcycle, scooter or moped",5,10,-5
E01000724,Not in employment or aged 15 years and under,942,483,459
E01000724,On foot,37,58,-21
E01000724,Other method of travel to work,9,5,4
E01000724,Passenger in a car or van,16,24,-8
E01000724,Taxi,1,3,-2
E01000724,Train,93,105,-12
E01000724,"Underground, metro, light rail, tram",8,14,-6
E01000724,Work mainly at or from home,205,20,185
E01000725,Bicycle,9,8,1
E01000725,"Bus, minibus or coach",56,90,-34
E01000725,Driving a car or van,303,352,-49
E01000725,"Motorcycle, scooter or moped",6,7,-1
E01000725,Not in employment or aged 15 years and under,929,396,533
E01000725,On foot,67,73,-6
E01000725,Other method of travel to work,19,6,13
E01000725,Passenger in a car or van,19,14,5
E01000725,Taxi,1,1,0
E01000725,Train,72,186,-114
E01000725,"Underground, metro, light rail, tram",9,15,-6
E01000725,Work mainly at or from home,262,26,236
E01000726,Bicycle,4,3,1
E01000726,"Bus, minibus or coach",48,54,-6
E01000726,Driving a car or van,251,336,-85
E01000726,"Motorcycle, scooter or moped",7,10,-3
E01000726,Not in employment or aged 15 years and under,659,297,362
E01000726,On foot,25,44,-19
E01000726,Other method of travel to work,9,5,4
E01000726,Passenger in a car or van,20,16,4
E01000726,Taxi,8,3,5
E01000726,Train,53,143,-90
E01000726,"Underground, metro, light rail, tram",2,4,-2
E01000726,Work mainly at or from home,224,32,192
E01000727,Bicycle,4,9,-5
E01000727,"Bus, minibus or coach",65,62,3
E01000727,Driving a car or van,239,322,-83
E01000727,"Motorcycle, scooter or moped",7,11,-4
E01000727,Not in employment or aged 15 years and under,883,372,511
E01000727,On foot,52,77,-25
E01000727,Other method of travel to work,8,1,7
E01000727,Passenger in a car or van,13,23,-10
E01000727,Taxi,2,3,-1
E01000727,Train,75,193,-118
E01000727,"Underground, metro, light rail, tram",5,8,-3
E01000727,Work mainly at or from home,336,33,303
E01000728,Bicycle,4,9,-5
E01000728,"Bus, minibus or coach",51,48,3
E01000728,Driving a car or van,304,335,-31
E01000728,"Motorcycle, scooter or moped",3,9,-6
E01000728,Not in employment or aged 15 years and under,905,426,479
E01000728,On foot,36,36,0
E01000728,Other method of travel to work,13,2,11
E01000728,Passenger in a car or van,17,20,-3
E01000728,Taxi,4,3,1
E01000728,Train,75,153,-78
E01000728,"Underground, metro, light rail, tram",19,6,13
E01000728,Work mainly at or from home,198,24,174
E01000729,Bicycle,8,10,-2
E01000729,"Bus, minibus or coach",77,96,-19
E01000729,Driving a car or van,330,334,-4
E01000729,"Motorcycle, scooter or moped",6,8,-2
E01000729,Not in employment or aged 15 years and under,1102,564,538
E01000729,On foot,52,43,9
E01000729,Other method of travel to work,8,2,6
E01000729,Passenger in a car or van,21,27,-6
E01000729,Taxi,2,6,-4
E01000729,Train,94,129,-35
E01000729,"Underground, metro, light rail, tram",16,5,11
E01000729,Work mainly at or from home,240,14,226
E01000730,Bicycle,5,6,-1
E01000730,"Bus, minibus or coach",79,82,-3
E01000730,Driving a car or van,289,282,7
E01000730,"Motorcycle, scooter or moped",5,5,0
E01000730,Not in employment or aged 15 years and under,1039,476,563
E01000730,On foot,50,58,-8
E01000730,Other method of travel to work,5,2,3
E01000730,Passenger in a car or van,33,25,8
E01000730,Taxi,9,7,2
E01000730,Train,90,177,-87
E01000730,"Underground, metro, light rail, tram",17,5,12
E01000730,Work mainly at or from home,187,18,169
E01000731,Bicycle,4,9,-5
E01000731,"Bus, minibus or coach",37,54,-17
E01000731,Driving a car or van,260,299,-39
E01000731,"Motorcycle, scooter or moped",8,7,1
E01000731,Not in employment or aged 15 years and under,735,348,387
E01000731,On foot,23,35,-12
E01000731,Other method of travel to work,9,3,6
E01000731,Passenger in a car or van,19,13,6
E01000731,Taxi,2,4,-2
E01000731,Train,55,134,-79
E01000731,"Underground, metro, light rail, tram",7,12,-5
E01000731,Work mainly at or from home,220,22,198
E01000732,Bicycle,4,6,-2
E01000732,"Bus, minibus or coach",26,38,-12
E01000732,Driving a car or van,273,338,-65
E01000732,"Motorcycle, scooter or moped",4,6,-2
E01000732,Not in employment or aged 15 years and under,771,383,388
E01000732,On foot,21,38,-17
E01000732,Other method of travel to work,3,4,-1
E01000732,Passenger in a car or van,17,13,4
E01000732,Taxi,2,1,1
E01000732,Train,66,186,-120
E01000732,"Underground, metro, light rail, tram",9,6,3
E01000732,Work mainly at or from home,322,33,289
E01000733,Bicycle,6,7,-1
E01000733,"Bus, minibus or coach",44,60,-16
E01000733,Driving a car or van,318,401,-83
E01000733,"Motorcycle, scooter or moped",2,12,-10
E01000733,Not in employment or aged 15 years and under,842,368,474
E01000733,On foot,38,47,-9
E01000733,Other method of travel to work,8,1,7
E01000733,Passenger in a car or van,18,17,1
E01000733,Taxi,3,3,0
E01000733,Train,85,181,-96
E01000733,"Underground, metro, light rail, tram",8,11,-3
E01000733,Work mainly at or from home,298,30,268
E01000734,Bicycle,4,7,-3
E01000734,"Bus, minibus or coach",23,37,-14
E01000734,Driving a car or van,233,345,-112
E01000734,"Motorcycle, scooter or moped",5,4,1
E01000734,Not in employment or aged 15 years and under,719,276,443
E01000734,On foot,25,45,-20
E01000734,Other method of travel to work,6,4,2
E01000734,Passenger in a car or van,15,19,-4
E01000734,Taxi,4,2,2
E01000734,Train,64,175,-111
E01000734,"Underground, metro, light rail, tram",6,3,3
E01000734,Work mainly at or from home,276,28,248
E01000735,Bicycle,3,5,-2
E01000735,"Bus, minibus or coach",47,80,-33
E01000735,Driving a car or van,299,315,-16
E01000735,"Motorcycle, scooter or moped",2,6,-4
E01000735,Not in employment or aged 15 years and under,855,418,437
E01000735,On foot,36,37,-1
E01000735,Other method of travel to work,6,6,0
E01000735,Passenger in a car or van,32,30,2
E01000735,Taxi,4,3,1
E01000735,Train,52,111,-59
E01000735,"Underground, metro, light rail, tram",18,5,13
E01000735,Work mainly at or from home,191,18,173
E01000736,Bicycle,8,11,-3
E01000736,"Bus, minibus or coach",45,55,-10
E01000736,Driving a car or van,307,385,-78
E01000736,"Motorcycle, scooter or moped",6,5,1
E01000736,Not in employment or aged 15 years and under,886,397,489
E01000736,On foot,23,26,-3
E01000736,Other method of travel to work,7,5,2
E01000736,Passenger in a car or van,28,27,1
E01000736,Taxi,5,6,-1
E01000736,Train,80,120,-40
E01000736,"Underground, metro, light rail, tram",7,7,0
E01000736,Work mainly at or from home,228,24,204
E01000737,Bicycle,8,3,5
E01000737,"Bus, minibus or coach",41,45,-4
E01000737,Driving a car or van,243,287,-44
E01000737,"Motorcycle, scooter or moped",5,4,1
E01000737,Not in employment or aged 15 years and under,755,370,385
E01000737,On foot,22,24,-2
E01000737,Other method of travel to work,10,3,7
E01000737,Passenger in a car or van,18,26,-8
E01000737,Taxi,7,4,3
E01000737,Train,56,138,-82
E01000737,"Underground, metro, light rail, tram",10,6,4
E01000737,Work mainly at or from home,231,15,216
E01000738,Bicycle,3,4,-1
E01000738,"Bus, minibus or coach",40,47,-7
E01000738,Driving a car or van,343,365,-22
E01000738,"Motorcycle, scooter or moped",15,13,2
E01000738,Not in employment or aged 15 years and under,864,340,524
E01000738,On foot,36,60,-24
E01000738,Other method of travel to work,12,3,9
E01000738,Passenger in a car or van,18,18,0
E01000738,Taxi,2,6,-4
E01000738,Train,68,158,-90
E01000738,"Underground, metro, light rail, tram",7,8,-1
E01000738,Work mainly at or from home,272,33,239
E01000739,Bicycle,6,8,-2
E01000739,"Bus, minibus or coach",53,77,-24
E01000739,Driving a car or van,269,255,14
E01000739,"Motorcycle, scooter or moped",6,10,-4
E01000739,Not in employment or aged 15 years and under,1002,445,557
E01000739,On foot,50,52,-2
E01000739,Other method of travel to work,13,1,12
E01000739,Passenger in a car or van,21,20,1
E01000739,Taxi,3,6,-3
E01000739,Train,77,98,-21
E01000739,"Underground, metro, light rail, tram",17,11,6
E01000739,Work mainly at or from home,154,12,142
E01000741,Bicycle,21,34,-13
E01000741,"Bus, minibus or coach",81,110,-29
E01000741,Driving a car or van,112,163,-51
E01000741,"Motorcycle, scooter or moped",9,8,1
E01000741,Not in employment or aged 15 years and under,675,421,254
E01000741,On foot,35,37,-2
E01000741,Other method of travel to work,8,2,6
E01000741,Passenger in a car or van,7,14,-7
E01000741,Taxi,3,5,-2
E01000741,Train,111,373,-262
E01000741,"Underground, metro, light rail, tram",77,83,-6
E01000741,Work mainly at or from home,684,39,645
E01000742,Bicycle,25,45,-20
E01000742,"Bus, minibus or coach",99,117,-18
E01000742,Driving a car or van,215,228,-13
E01000742,"Motorcycle, scooter or moped",14,13,1
E01000742,Not in employment or aged 15 years and under,858,463,395
E01000742,On foot,44,49,-5
E01000742,Other method of travel to work,11,5,6
E01000742,Passenger in a car or van,12,14,-2
E01000742,Taxi,4,0,4
E01000742,Train,147,495,-348
E01000742,"Underground, metro, light rail, tram",73,119,-46
E01000742,Work mainly at or from home,619,60,559
E01000743,Bicycle,15,17,-2
E01000743,"Bus, minibus or coach",98,123,-25
E01000743,Driving a car or van,185,213,-28
E01000743,"Motorcycle, scooter or moped",6,7,-1
E01000743,Not in employment or aged 15 years and under,1009,560,449
E01000743,On foot,52,66,-14
E01000743,Other method of travel to work,11,6,5
E01000743,Passenger in a car or van,9,11,-2
E01000743,Taxi,3,1,2
E01000743,Train,93,213,-120
E01000743,"Underground, metro, light rail, tram",53,56,-3
E01000743,Work mainly at or from home,334,27,307
E01000744,Bicycle,14,3,11
E01000744,"Bus, minibus or coach",93,128,-35
E01000744,Driving a car or van,182,207,-25
E01000744,"Motorcycle, scooter or moped",4,7,-3
E01000744,Not in employment or aged 15 years and under,870,486,384
E01000744,On foot,46,32,14
E01000744,Other method of travel to work,16,10,6
E01000744,Passenger in a car or van,12,7,5
E01000744,Taxi,3,1,2
E01000744,Train,88,138,-50
E01000744,"Underground, metro, light rail, tram",26,34,-8
E01000744,Work mainly at or from home,207,19,188
E01000745,Bicycle,29,46,-17
E01000745,"Bus, minibus or coach",80,119,-39
E01000745,Driving a car or van,163,193,-30
E01000745,"Motorcycle, scooter or moped",9,10,-1
E01000745,Not in employment or aged 15 years and under,788,410,378
E01000745,On foot,35,35,0
E01000745,Other method of travel to work,8,6,2
E01000745,Passenger in a car or van,9,10,-1
E01000745,Taxi,2,2,0
E01000745,Train,124,377,-253
E01000745,"Underground, metro, light rail, tram",55,114,-59
E01000745,Work mainly at or from home,581,48,533
E01000746,Bicycle,34,32,2
E01000746,"Bus, minibus or coach",82,109,-27
E01000746,Driving a car or van,119,190,-71
E01000746,"Motorcycle, scooter or moped",11,14,-3
E01000746,Not in employment or aged 15 years and under,837,419,418
E01000746,On foot,53,67,-14
E01000746,Other method of travel to work,7,7,0
E01000746,Passenger in a car or van,3,10,-7
E01000746,Taxi,1,1,0
E01000746,Train,115,445,-330
E01000746,"Underground, metro, light rail, tram",43,110,-67
E01000746,Work mainly at or from home,716,62,654
E01000747,Bicycle,3,8,-5
E01000747,"Bus, minibus or coach",29,41,-12
E01000747,Driving a car or van,443,566,-123
E01000747,"Motorcycle, scooter or moped",3,12,-9
E01000747,Not in employment or aged 15 years and under,1060,432,628
E01000747,On foot,21,33,-12
E01000747,Other method of travel to work,9,8,1
E01000747,Passenger in a car or van,20,33,-13
E01000747,Taxi,7,3,4
E01000747,Train,53,140,-87
E01000747,"Underground, metro, light rail, tram",5,16,-11
E01000747,Work mainly at or from home,371,82,289
E01000748,Bicycle,3,4,-1
E01000748,"Bus, minibus or coach",10,25,-15
E01000748,Driving a car or van,365,480,-115
E01000748,"Motorcycle, scooter or moped",2,11,-9
E01000748,Not in employment or aged 15 years and under,924,425,499
E01000748,On foot,18,41,-23
E01000748,Other method of travel to work,15,6,9
E01000748,Passenger in a car or van,8,15,-7
E01000748,Taxi,4,2,2
E01000748,Train,41,86,-45
E01000748,"Underground, metro, light rail, tram",1,6,-5
E01000748,Work mainly at or from home,296,89,207
E01000749,Bicycle,7,9,-2
E01000749,"Bus, minibus or coach",17,37,-20
E01000749,Driving a car or van,315,407,-92
E01000749,"Motorcycle, scooter or moped",3,8,-5
E01000749,Not in employment or aged 15 years and under,926,396,530
E01000749,On foot,22,29,-7
E01000749,Other method of travel to work,3,6,-3
E01000749,Passenger in a car or van,26,24,2
E01000749,Taxi,2,5,-3
E01000749,Train,43,148,-105
E01000749,"Underground, metro, light rail, tram",4,9,-5
E01000749,Work mainly at or from home,287,54,233
E01000750,Bicycle,4,8,-4
E01000750,"Bus, minibus or coach",49,74,-25
E01000750,Driving a car or van,222,328,-106
E01000750,"Motorcycle, scooter or moped",3,4,-1
E01000750,Not in employment or aged 15 years and under,886,432,454
E01000750,On foot,34,61,-27
E01000750,Other method of travel to work,7,1,6
E01000750,Passenger in a car or van,21,30,-9
E01000750,Taxi,4,7,-3
E01000750,Train,32,119,-87
E01000750,"Underground, metro, light rail, tram",4,6,-2
E01000750,Work mainly at or from home,193,18,175
E01000751,Bicycle,7,11,-4
E01000751,"Bus, minibus or coach",41,71,-30
E01000751,Driving a car or van,314,448,-134
E01000751,"Motorcycle, scooter or moped",3,7,-4
E01000751,Not in employment or aged 15 years and under,1186,400,786
E01000751,On foot,103,119,-16
E01000751,Other method of travel to work,13,7,6
E01000751,Passenger in a car or van,14,32,-18
E01000751,Taxi,6,7,-1
E01000751,Train,73,209,-136
E01000751,"Underground, metro, light rail, tram",11,11,0
E01000751,Work mainly at or from home,488,46,442
E01000752,Bicycle,2,4,-2
E01000752,"Bus, minibus or coach",35,42,-7
E01000752,Driving a car or van,288,375,-87
E01000752,"Motorcycle, scooter or moped",1,10,-9
E01000752,Not in employment or aged 15 years and under,975,376,599
E01000752,On foot,24,42,-18
E01000752,Other method of travel to work,10,3,7
E01000752,Passenger in a car or van,17,17,0
E01000752,Taxi,2,0,2
E01000752,Train,52,140,-88
E01000752,"Underground, metro, light rail, tram",5,6,-1
E01000752,Work mainly at or from home,338,35,303
E01000753,Bicycle,2,8,-6
E01000753,"Bus, minibus or coach",18,42,-24
E01000753,Driving a car or van,264,322,-58
E01000753,"Motorcycle, scooter or moped",2,5,-3
E01000753,Not in employment or aged 15 years and under,1077,435,642
E01000753,On foot,35,49,-14
E01000753,Other method of travel to work,10,2,8
E01000753,Passenger in a car or van,13,17,-4
E01000753,Taxi,1,4,-3
E01000753,Train,71,246,-175
E01000753,"Underground, metro, light rail, tram",7,6,1
E01000753,Work mainly at or from home,439,50,389
E01000754,Bicycle,7,9,-2
E01000754,"Bus, minibus or coach",42,46,-4
E01000754,Driving a car or van,249,324,-75
E01000754,"Motorcycle, scooter or moped",2,8,-6
E01000754,Not in employment or aged 15 years and under,889,363,526
E01000754,On foot,57,47,10
E01000754,Other method of travel to work,4,3,1
E01000754,Passenger in a car or van,16,19,-3
E01000754,Taxi,4,7,-3
E01000754,Train,79,291,-212
E01000754,"Underground, metro, light rail, tram",12,9,3
E01000754,Work mainly at or from home,412,39,373
E01000755,Bicycle,2,6,-4
E01000755,"Bus, minibus or coach",10,40,-30
E01000755,Driving a car or van,248,329,-81
E01000755,"Motorcycle, scooter or moped",3,2,1
E01000755,Not in employment or aged 15 years and under,868,324,544
E01000755,On foot,24,36,-12
E01000755,Other method of travel to work,4,1,3
E01000755,Passenger in a car or van,17,15,2
E01000755,Taxi,3,6,-3
E01000755,Train,60,211,-151
E01000755,"Underground, metro, light rail, tram",4,7,-3
E01000755,Work mainly at or from home,396,50,346
E01000756,Bicycle,9,6,3
E01000756,"Bus, minibus or coach",12,43,-31
E01000756,Driving a car or van,227,318,-91
E01000756,"Motorcycle, scooter or moped",2,4,-2
E01000756,Not in employment or aged 15 years and under,943,386,557
E01000756,On foot,57,50,7
E01000756,Other method of travel to work,5,2,3
E01000756,Passenger in a car or van,14,22,-8
E01000756,Taxi,1,3,-2
E01000756,Train,49,175,-126
E01000756,"Underground, metro, light rail, tram",7,6,1
E01000756,Work mainly at or from home,382,79,303
E01000757,Bicycle,7,7,0
E01000757,"Bus, minibus or coach",11,20,-9
E01000757,Driving a car or van,204,320,-116
E01000757,"Motorcycle, scooter or moped",0,5,-5
E01000757,Not in employment or aged 15 years and under,871,390,481
E01000757,On foot,28,42,-14
E01000757,Other method of travel to work,0,1,-1
E01000757,Passenger in a car or van,17,21,-4
E01000757,Taxi,5,7,-2
E01000757,Train,64,225,-161
E01000757,"Underground, metro, light rail, tram",4,9,-5
E01000757,Work mainly at or from home,369,50,319
E01000758,Bicycle,8,13,-5
E01000758,"Bus, minibus or coach",11,31,-20
E01000758,Driving a car or van,159,291,-132
E01000758,"Motorcycle, scooter or moped",1,7,-6
E01000758,Not in employment or aged 15 years and under,742,315,427
E01000758,On foot,27,43,-16
E01000758,Other method of travel to work,4,7,-3
E01000758,Passenger in a car or van,16,9,7
E01000758,Taxi,3,1,2
E01000758,Train,59,258,-199
E01000758,"Underground, metro, light rail, tram",7,13,-6
E01000758,Work mainly at or from home,413,49,364
E01000759,Bicycle,9,13,-4
E01000759,"Bus, minibus or coach",20,46,-26
E01000759,Driving a car or van,296,420,-124
E01000759,"Motorcycle, scooter or moped",2,7,-5
E01000759,Not in employment or aged 15 years and under,826,331,495
E01000759,On foot,25,34,-9
E01000759,Other method of travel to work,6,3,3
E01000759,Passenger in a car or van,25,32,-7
E01000759,Taxi,7,11,-4
E01000759,Train,70,158,-88
E01000759,"Underground, metro, light rail, tram",4,6,-2
E01000759,Work mainly at or from home,352,52,300
E01000760,Bicycle,4,7,-3
E01000760,"Bus, minibus or coach",41,45,-4
E01000760,Driving a car or van,267,371,-104
E01000760,"Motorcycle, scooter or moped",8,11,-3
E01000760,Not in employment or aged 15 years and under,899,304,595
E01000760,On foot,28,50,-22
E01000760,Other method of travel to work,13,11,2
E01000760,Passenger in a car or van,14,13,1
E01000760,Taxi,2,8,-6
E01000760,Train,46,149,-103
E01000760,"Underground, metro, light rail, tram",7,12,-5
E01000760,Work mainly at or from home,306,48,258
E01000761,Bicycle,10,15,-5
E01000761,"Bus, minibus or coach",29,57,-28
E01000761,Driving a car or van,275,425,-150
E01000761,"Motorcycle, scooter or moped",2,4,-2
E01000761,Not in employment or aged 15 years and under,807,343,464
E01000761,On foot,22,32,-10
E01000761,Other method of travel to work,7,3,4
E01000761,Passenger in a car or van,15,17,-2
E01000761,Taxi,1,11,-10
E01000761,Train,59,140,-81
E01000761,"Underground, metro, light rail, tram",7,18,-11
E01000761,Work mainly at or from home,310,66,244
E01000762,Bicycle,14,16,-2
E01000762,"Bus, minibus or coach",45,65,-20
E01000762,Driving a car or van,246,316,-70
E01000762,"Motorcycle, scooter or moped",4,10,-6
E01000762,Not in employment or aged 15 years and under,863,376,487
E01000762,On foot,46,61,-15
E01000762,Other method of travel to work,6,3,3
E01000762,Passenger in a car or van,20,21,-1
E01000762,Taxi,2,4,-2
E01000762,Train,74,222,-148
E01000762,"Underground, metro, light rail, tram",13,14,-1
E01000762,Work mainly at or from home,422,48,374
E01000763,Bicycle,4,11,-7
E01000763,"Bus, minibus or coach",17,51,-34
E01000763,Driving a car or van,256,328,-72
E01000763,"Motorcycle, scooter or moped",7,6,1
E01000763,Not in employment or aged 15 years and under,762,330,432
E01000763,On foot,23,36,-13
E01000763,Other method of travel to work,3,2,1
E01000763,Passenger in a car or van,16,20,-4
E01000763,Taxi,1,7,-6
E01000763,Train,54,189,-135
E01000763,"Underground, metro, light rail, tram",4,13,-9
E01000763,Work mainly at or from home,327,54,273
E01000764,Bicycle,10,14,-4
E01000764,"Bus, minibus or coach",45,68,-23
E01000764,Driving a car or van,277,351,-74
E01000764,"Motorcycle, scooter or moped",6,20,-14
E01000764,Not in employment or aged 15 years and under,940,363,577
E01000764,On foot,20,46,-26
E01000764,Other method of travel to work,8,0,8
E01000764,Passenger in a car or van,26,18,8
E01000764,Taxi,5,9,-4
E01000764,Train,72,189,-117
E01000764,"Underground, metro, light rail, tram",9,11,-2
E01000764,Work mainly at or from home,400,33,367
E01000765,Bicycle,13,12,1
E01000765,"Bus, minibus or coach",31,74,-43
E01000765,Driving a car or van,269,371,-102
E01000765,"Motorcycle, scooter or moped",6,7,-1
E01000765,Not in employment or aged 15 years and under,922,355,567
E01000765,On foot,37,56,-19
E01000765,Other method of travel to work,8,3,5
E01000765,Passenger in a car or van,12,19,-7
E01000765,Taxi,3,3,0
E01000765,Train,65,248,-183
E01000765,"Underground, metro, light rail, tram",7,12,-5
E01000765,Work mainly at or from home,413,61,352
E01000766,Bicycle,8,13,-5
E01000766,"Bus, minibus or coach",20,59,-39
E01000766,Driving a car or van,257,386,-129
E01000766,"Motorcycle, scooter or moped",4,5,-1
E01000766,Not in employment or aged 15 years and under,945,363,582
E01000766,On foot,26,32,-6
E01000766,Other method of travel to work,6,6,0
E01000766,Passenger in a car or van,19,15,4
E01000766,Taxi,8,11,-3
E01000766,Train,61,254,-193
E01000766,"Underground, metro, light rail, tram",4,13,-9
E01000766,Work mainly at or from home,451,56,395
E01000767,Bicycle,5,10,-5
E01000767,"Bus, minibus or coach",14,48,-34
E01000767,Driving a car or van,252,364,-112
E01000767,"Motorcycle, scooter or moped",2,6,-4
E01000767,Not in employment or aged 15 years and under,855,322,533
E01000767,On foot,31,39,-8
E01000767,Other method of travel to work,8,1,7
E01000767,Passenger in a car or van,9,30,-21
E01000767,Taxi,5,7,-2
E01000767,Train,84,249,-165
E01000767,"Underground, metro, light rail, tram",6,6,0
E01000767,Work mainly at or from home,364,62,302
E01000768,Bicycle,6,12,-6
E01000768,"Bus, minibus or coach",19,45,-26
E01000768,Driving a car or van,192,331,-139
E01000768,"Motorcycle, scooter or moped",7,4,3
E01000768,Not in employment or aged 15 years and under,848,389,459
E01000768,On foot,25,42,-17
E01000768,Other method of travel to work,5,3,2
E01000768,Passenger in a car or van,12,17,-5
E01000768,Taxi,1,1,0
E01000768,Train,50,210,-160
E01000768,"Underground, metro, light rail, tram",3,16,-13
E01000768,Work mainly at or from home,339,46,293
E01000769,Bicycle,8,16,-8
E01000769,"Bus, minibus or coach",20,66,-46
E01000769,Driving a car or van,180,298,-118
E01000769,"Motorcycle, scooter or moped",0,7,-7
E01000769,Not in employment or aged 15 years and under,742,377,365
E01000769,On foot,23,38,-15
E01000769,Other method of travel to work,6,5,1
E01000769,Passenger in a car or van,9,14,-5
E01000769,Taxi,2,5,-3
E01000769,Train,51,184,-133
E01000769,"Underground, metro, light rail, tram",6,13,-7
E01000769,Work mainly at or from home,342,40,302
E01000770,Bicycle,8,9,-1
E01000770,"Bus, minibus or coach",13,30,-17
E01000770,Driving a car or van,149,206,-57
E01000770,"Motorcycle, scooter or moped",0,11,-11
E01000770,Not in employment or aged 15 years and under,865,340,525
E01000770,On foot,28,48,-20
E01000770,Other method of travel to work,10,5,5
E01000770,Passenger in a car or van,10,9,1
E01000770,Taxi,0,2,-2
E01000770,Train,59,254,-195
E01000770,"Underground, metro, light rail, tram",10,30,-20
E01000770,Work mainly at or from home,364,54,310
E01000771,Bicycle,10,12,-2
E01000771,"Bus, minibus or coach",20,48,-28
E01000771,Driving a car or van,171,299,-128
E01000771,"Motorcycle, scooter or moped",2,12,-10
E01000771,Not in employment or aged 15 years and under,885,327,558
E01000771,On foot,51,72,-21
E01000771,Other method of travel to work,8,11,-3
E01000771,Passenger in a car or van,9,17,-8
E01000771,Taxi,4,9,-5
E01000771,Train,60,288,-228
E01000771,"Underground, metro, light rail, tram",20,44,-24
E01000771,Work mainly at or from home,426,49,377
E01000772,Bicycle,11,13,-2
E01000772,"Bus, minibus or coach",18,27,-9
E01000772,Driving a car or van,169,244,-75
E01000772,"Motorcycle, scooter or moped",6,10,-4
E01000772,Not in employment or aged 15 years and under,870,337,533
E01000772,On foot,24,23,1
E01000772,Other method of travel to work,5,9,-4
E01000772,Passenger in a car or van,4,13,-9
E01000772,Taxi,4,1,3
E01000772,Train,73,257,-184
E01000772,"Underground, metro, light rail, tram",8,29,-21
E01000772,Work mainly at or from home,391,53,338
E01000773,Bicycle,8,11,-3
E01000773,"Bus, minibus or coach",25,44,-19
E01000773,Driving a car or van,208,300,-92
E01000773,"Motorcycle, scooter or moped",7,7,0
E01000773,Not in employment or aged 15 years and under,823,305,518
E01000773,On foot,35,42,-7
E01000773,Other method of travel to work,4,4,0
E01000773,Passenger in a car or van,18,17,1
E01000773,Taxi,0,6,-6
E01000773,Train,59,205,-146
E01000773,"Underground, metro, light rail, tram",14,30,-16
E01000773,Work mainly at or from home,385,35,350
E01000774,Bicycle,9,14,-5
E01000774,"Bus, minibus or coach",33,65,-32
E01000774,Driving a car or van,198,293,-95
E01000774,"Motorcycle, scooter or moped",9,11,-2
E01000774,Not in employment or aged 15 years and under,749,315,434
E01000774,On foot,45,46,-1
E01000774,Other method of travel to work,6,6,0
E01000774,Passenger in a car or van,10,17,-7
E01000774,Taxi,4,7,-3
E01000774,Train,70,219,-149
E01000774,"Underground, metro, light rail, tram",19,38,-19
E01000774,Work mainly at or from home,347,31,316
E01000775,Bicycle,14,21,-7
E01000775,"Bus, minibus or coach",18,55,-37
E01000775,Driving a car or van,302,504,-202
E01000775,"Motorcycle, scooter or moped",9,7,2
E01000775,Not in employment or aged 15 years and under,1192,448,744
E01000775,On foot,45,35,10
E01000775,Other method of travel to work,11,10,1
E01000775,Passenger in a car or van,16,20,-4
E01000775,Taxi,2,6,-4
E01000775,Train,90,316,-226
E01000775,"Underground, metro, light rail, tram",16,43,-27
E01000775,Work mainly at or from home,568,82,486
E01000777,Bicycle,11,15,-4
E01000777,"Bus, minibus or coach",28,57,-29
E01000777,Driving a car or van,252,361,-109
E01000777,"Motorcycle, scooter or moped",3,14,-11
E01000777,Not in employment or aged 15 years and under,810,307,503
E01000777,On foot,44,47,-3
E01000777,Other method of travel to work,11,3,8
E01000777,Passenger in a car or van,17,18,-1
E01000777,Taxi,2,4,-2
E01000777,Train,58,209,-151
E01000777,"Underground, metro, light rail, tram",8,27,-19
E01000777,Work mainly at or from home,385,36,349
E01000778,Bicycle,10,11,-1
E01000778,"Bus, minibus or coach",58,73,-15
E01000778,Driving a car or van,295,374,-79
E01000778,"Motorcycle, scooter or moped",5,9,-4
E01000778,Not in employment or aged 15 years and under,777,337,440
E01000778,On foot,32,37,-5
E01000778,Other method of travel to work,13,8,5
E01000778,Passenger in a car or van,23,19,4
E01000778,Taxi,0,9,-9
E01000778,Train,56,185,-129
E01000778,"Underground, metro, light rail, tram",6,35,-29
E01000778,Work mainly at or from home,351,25,326
E01000779,Bicycle,12,6,6
E01000779,"Bus, minibus or coach",34,39,-5
E01000779,Driving a car or van,174,248,-74
E01000779,"Motorcycle, scooter or moped",2,7,-5
E01000779,Not in employment or aged 15 years and under,741,303,438
E01000779,On foot,13,34,-21
E01000779,Other method of travel to work,5,6,-1
E01000779,Passenger in a car or van,16,10,6
E01000779,Taxi,4,4,0
E01000779,Train,77,205,-128
E01000779,"Underground, metro, light rail, tram",22,20,2
E01000779,Work mainly at or from home,302,47,255
E01000780,Bicycle,15,5,10
E01000780,"Bus, minibus or coach",63,70,-7
E01000780,Driving a car or van,252,285,-33
E01000780,"Motorcycle, scooter or moped",7,11,-4
E01000780,Not in employment or aged 15 years and under,851,386,465
E01000780,On foot,25,32,-7
E01000780,Other method of travel to work,8,4,4
E01000780,Passenger in a car or van,25,18,7
E01000780,Taxi,11,3,8
E01000780,Train,77,196,-119
E01000780,"Underground, metro, light rail, tram",19,23,-4
E01000780,Work mainly at or from home,261,25,236
E01000781,Bicycle,7,5,2
E01000781,"Bus, minibus or coach",83,97,-14
E01000781,Driving a car or van,220,249,-29
E01000781,"Motorcycle, scooter or moped",5,6,-1
E01000781,Not in employment or aged 15 years and under,873,425,448
E01000781,On foot,29,25,4
E01000781,Other method of travel to work,17,1,16
E01000781,Passenger in a car or van,24,17,7
E01000781,Taxi,2,2,0
E01000781,Train,94,150,-56
E01000781,"Underground, metro, light rail, tram",22,15,7
E01000781,Work mainly at or from home,194,6,188
E01000782,Bicycle,7,6,1
E01000782,"Bus, minibus or coach",95,121,-26
E01000782,Driving a car or van,226,234,-8
E01000782,"Motorcycle, scooter or moped",5,8,-3
E01000782,Not in employment or aged 15 years and under,866,411,455
E01000782,On foot,23,25,-2
E01000782,Other method of travel to work,11,2,9
E01000782,Passenger in a car or van,20,21,-1
E01000782,Taxi,1,2,-1
E01000782,Train,79,115,-36
E01000782,"Underground, metro, light rail, tram",22,22,0
E01000782,Work mainly at or from home,191,12,179
E01000783,Bicycle,4,4,0
E01000783,"Bus, minibus or coach",87,85,2
E01000783,Driving a car or van,255,281,-26
E01000783,"Motorcycle, scooter or moped",13,9,4
E01000783,Not in employment or aged 15 years and under,883,413,470
E01000783,On foot,29,31,-2
E01000783,Other method of travel to work,5,3,2
E01000783,Passenger in a car or van,23,26,-3
E01000783,Taxi,0,2,-2
E01000783,Train,78,128,-50
E01000783,"Underground, metro, light rail, tram",28,21,7
E01000783,Work mainly at or from home,231,16,215
E01000784,Bicycle,4,10,-6
E01000784,"Bus, minibus or coach",27,49,-22
E01000784,Driving a car or van,235,360,-125
E01000784,"Motorcycle, scooter or moped",6,8,-2
E01000784,Not in employment or aged 15 years and under,772,307,465
E01000784,On foot,31,33,-2
E01000784,Other method of travel to work,13,1,12
E01000784,Passenger in a car or van,25,20,5
E01000784,Taxi,3,5,-2
E01000784,Train,66,245,-179
E01000784,"Underground, metro, light rail, tram",13,19,-6
E01000784,Work mainly at or from home,369,38,331
E01000785,Bicycle,6,12,-6
E01000785,"Bus, minibus or coach",64,78,-14
E01000785,Driving a car or van,264,270,-6
E01000785,"Motorcycle, scooter or moped",8,7,1
E01000785,Not in employment or aged 15 years and under,853,378,475
E01000785,On foot,22,37,-15
E01000785,Other method of travel to work,11,3,8
E01000785,Passenger in a car or van,17,19,-2
E01000785,Taxi,1,1,0
E01000785,Train,80,135,-55
E01000785,"Underground, metro, light rail, tram",15,16,-1
E01000785,Work mainly at or from home,229,18,211
E01000786,Bicycle,5,5,0
E01000786,"Bus, minibus or coach",19,22,-3
E01000786,Driving a car or van,226,349,-123
E01000786,"Motorcycle, scooter or moped",3,6,-3
E01000786,Not in employment or aged 15 years and under,801,371,430
E01000786,On foot,16,16,0
E01000786,Other method of travel to work,9,2,7
E01000786,Passenger in a car or van,19,19,0
E01000786,Taxi,0,4,-4
E01000786,Train,67,141,-74
E01000786,"Underground, metro, light rail, tram",6,2,4
E01000786,Work mainly at or from home,299,49,250
E01000787,Bicycle,4,8,-4
E01000787,"Bus, minibus or coach",49,76,-27
E01000787,Driving a car or van,258,302,-44
E01000787,"Motorcycle, scooter or moped",4,7,-3
E01000787,Not in employment or aged 15 years and under,836,366,470
E01000787,On foot,33,45,-12
E01000787,Other method of travel to work,8,6,2
E01000787,Passenger in a car or van,17,18,-1
E01000787,Taxi,4,0,4
E01000787,Train,70,144,-74
E01000787,"Underground, metro, light rail, tram",3,8,-5
E01000787,Work mainly at or from home,194,20,174
E01000788,Bicycle,5,2,3
E01000788,"Bus, minibus or coach",44,66,-22
E01000788,Driving a car or van,257,314,-57
E01000788,"Motorcycle, scooter or moped",4,11,-7
E01000788,Not in employment or aged 15 years and under,872,393,479
E01000788,On foot,64,74,-10
E01000788,Other method of travel to work,3,5,-2
E01000788,Passenger in a car or van,11,18,-7
E01000788,Taxi,3,4,-1
E01000788,Train,63,202,-139
E01000788,"Underground, metro, light rail, tram",14,6,8
E01000788,Work mainly at or from home,277,27,250
E01000789,Bicycle,7,18,-11
E01000789,"Bus, minibus or coach",91,113,-22
E01000789,Driving a car or van,287,257,30
E01000789,"Motorcycle, scooter or moped",1,1,0
E01000789,Not in employment or aged 15 years and under,1152,490,662
E01000789,On foot,53,75,-22
E01000789,Other method of travel to work,14,6,8
E01000789,Passenger in a car or van,38,17,21
E01000789,Taxi,5,4,1
E01000789,Train,65,119,-54
E01000789,"Underground, metro, light rail, tram",19,10,9
E01000789,Work mainly at or from home,138,11,127
E01000790,Bicycle,9,7,2
E01000790,"Bus, minibus or coach",146,97,49
E01000790,Driving a car or van,282,346,-64
E01000790,"Motorcycle, scooter or moped",3,9,-6
E01000790,Not in employment or aged 15 years and under,995,434,561
E01000790,On foot,73,104,-31
E01000790,Other method of travel to work,7,5,2
E01000790,Passenger in a car or van,36,22,14
E01000790,Taxi,7,3,4
E01000790,Train,142,379,-237
E01000790,"Underground, metro, light rail, tram",21,9,12
E01000790,Work mainly at or from home,582,66,516
E01000791,Bicycle,1,2,-1
E01000791,"Bus, minibus or coach",15,51,-36
E01000791,Driving a car or van,256,321,-65
E01000791,"Motorcycle, scooter or moped",3,6,-3
E01000791,Not in employment or aged 15 years and under,831,347,484
E01000791,On foot,28,48,-20
E01000791,Other method of travel to work,8,2,6
E01000791,Passenger in a car or van,16,19,-3
E01000791,Taxi,3,5,-2
E01000791,Train,68,158,-90
E01000791,"Underground, metro, light rail, tram",5,6,-1
E01000791,Work mainly at or from home,274,26,248
E01000792,Bicycle,5,2,3
E01000792,"Bus, minibus or coach",41,31,10
E01000792,Driving a car or van,255,242,13
E01000792,"Motorcycle, scooter or moped",5,2,3
E01000792,Not in employment or aged 15 years and under,828,296,532
E01000792,On foot,24,25,-1
E01000792,Other method of travel to work,6,4,2
E01000792,Passenger in a car or van,20,15,5
E01000792,Taxi,1,2,-1
E01000792,Train,58,133,-75
E01000792,"Underground, metro, light rail, tram",6,4,2
E01000792,Work mainly at or from home,260,17,243
E01000793,Bicycle,3,12,-9
E01000793,"Bus, minibus or coach",18,28,-10
E01000793,Driving a car or van,197,317,-120
E01000793,"Motorcycle, scooter or moped",2,3,-1
E01000793,Not in employment or aged 15 years and under,842,394,448
E01000793,On foot,34,46,-12
E01000793,Other method of travel to work,8,1,7
E01000793,Passenger in a car or van,8,26,-18
E01000793,Taxi,6,6,0
E01000793,Train,48,251,-203
E01000793,"Underground, metro, light rail, tram",7,7,0
E01000793,Work mainly at or from home,383,40,343
E01000794,Bicycle,4,5,-1
E01000794,"Bus, minibus or coach",10,30,-20
E01000794,Driving a car or van,209,339,-130
E01000794,"Motorcycle, scooter or moped",3,7,-4
E01000794,Not in employment or aged 15 years and under,872,407,465
E01000794,On foot,23,33,-10
E01000794,Other method of travel to work,8,2,6
E01000794,Passenger in a car or van,14,19,-5
E01000794,Taxi,5,3,2
E01000794,Train,63,236,-173
E01000794,"Underground, metro, light rail, tram",9,7,2
E01000794,Work mainly at or from home,329,36,293
E01000795,Bicycle,3,7,-4
E01000795,"Bus, minibus or coach",22,54,-32
E01000795,Driving a car or van,176,310,-134
E01000795,"Motorcycle, scooter or moped",4,8,-4
E01000795,Not in employment or aged 15 years and under,790,338,452
E01000795,On foot,19,37,-18
E01000795,Other method of travel to work,7,3,4
E01000795,Passenger in a car or van,13,16,-3
E01000795,Taxi,2,2,0
E01000795,Train,38,173,-135
E01000795,"Underground, metro, light rail, tram",7,7,0
E01000795,Work mainly at or from home,303,29,274
E01000796,Bicycle,12,6,6
E01000796,"Bus, minibus or coach",137,155,-18
E01000796,Driving a car or van,164,166,-2
E01000796,"Motorcycle, scooter or moped",6,2,4
E01000796,Not in employment or aged 15 years and under,831,505,326
E01000796,On foot,42,75,-33
E01000796,Other method of travel to work,11,4,7
E01000796,Passenger in a car or van,5,17,-12
E01000796,Taxi,3,2,1
E01000796,Train,99,163,-64
E01000796,"Underground, metro, light rail, tram",40,43,-3
E01000796,Work mainly at or from home,182,19,163
E01000797,Bicycle,8,17,-9
E01000797,"Bus, minibus or coach",25,43,-18
E01000797,Driving a car or van,156,238,-82
E01000797,"Motorcycle, scooter or moped",11,11,0
E01000797,Not in employment or aged 15 years and under,815,346,469
E01000797,On foot,24,49,-25
E01000797,Other method of travel to work,11,2,9
E01000797,Passenger in a car or van,10,14,-4
E01000797,Taxi,3,2,1
E01000797,Train,81,379,-298
E01000797,"Underground, metro, light rail, tram",14,53,-39
E01000797,Work mainly at or from home,501,56,445
E01000798,Bicycle,12,9,3
E01000798,"Bus, minibus or coach",124,107,17
E01000798,Driving a car or van,159,170,-11
E01000798,"Motorcycle, scooter or moped",2,11,-9
E01000798,Not in employment or aged 15 years and under,754,506,248
E01000798,On foot,60,80,-20
E01000798,Other method of travel to work,14,4,10
E01000798,Passenger in a car or van,12,5,7
E01000798,Taxi,2,5,-3
E01000798,Train,84,148,-64
E01000798,"Underground, metro, light rail, tram",24,44,-20
E01000798,Work mainly at or from home,279,23,256
E01000799,Bicycle,17,39,-22
E01000799,"Bus, minibus or coach",108,121,-13
E01000799,Driving a car or van,169,305,-136
E01000799,"Motorcycle, scooter or moped",2,15,-13
E01000799,Not in employment or aged 15 years and under,831,437,394
E01000799,On foot,54,83,-29
E01000799,Other method of travel to work,7,6,1
E01000799,Passenger in a car or van,9,16,-7
E01000799,Taxi,2,1,1
E01000799,Train,108,349,-241
E01000799,"Underground, metro, light rail, tram",52,79,-27
E01000799,Work mainly at or from home,442,38,404
E01000800,Bicycle,15,8,7
E01000800,"Bus, minibus or coach",95,147,-52
E01000800,Driving a car or van,176,207,-31
E01000800,"Motorcycle, scooter or moped",12,11,1
E01000800,Not in employment or aged 15 years and under,719,435,284
E01000800,On foot,50,51,-1
E01000800,Other method of travel to work,13,3,10
E01000800,Passenger in a car or van,11,11,0
E01000800,Taxi,4,2,2
E01000800,Train,81,262,-181
E01000800,"Underground, metro, light rail, tram",63,74,-11
E01000800,Work mainly at or from home,423,27,396
E01000801,Bicycle,18,11,7
E01000801,"Bus, minibus or coach",60,91,-31
E01000801,Driving a car or van,188,243,-55
E01000801,"Motorcycle, scooter or moped",7,20,-13
E01000801,Not in employment or aged 15 years and under,749,337,412
E01000801,On foot,33,59,-26
E01000801,Other method of travel to work,10,8,2
E01000801,Passenger in a car or van,20,21,-1
E01000801,Taxi,2,1,1
E01000801,Train,72,191,-119
E01000801,"Underground, metro, light rail, tram",30,36,-6
E01000801,Work mainly at or from home,325,34,291
E01000802,Bicycle,15,36,-21
E01000802,"Bus, minibus or coach",60,97,-37
E01000802,Driving a car or van,145,208,-63
E01000802,"Motorcycle, scooter or moped",8,13,-5
E01000802,Not in employment or aged 15 years and under,792,383,409
E01000802,On foot,46,51,-5
E01000802,Other method of travel to work,9,4,5
E01000802,Passenger in a car or van,7,12,-5
E01000802,Taxi,4,3,1
E01000802,Train,115,375,-260
E01000802,"Underground, metro, light rail, tram",36,86,-50
E01000802,Work mainly at or from home,616,58,558
E01000803,Bicycle,26,34,-8
E01000803,"Bus, minibus or coach",37,77,-40
E01000803,Driving a car or van,129,169,-40
E01000803,"Motorcycle, scooter or moped",1,10,-9
E01000803,Not in employment or aged 15 years and under,724,364,360
E01000803,On foot,27,37,-10
E01000803,Other method of travel to work,1,4,-3
E01000803,Passenger in a car or van,8,6,2
E01000803,Taxi,2,0,2
E01000803,Train,108,348,-240
E01000803,"Underground, metro, light rail, tram",54,95,-41
E01000803,Work mainly at or from home,491,56,435
E01000804,Bicycle,23,17,6
E01000804,"Bus, minibus or coach",10,37,-27
E01000804,Driving a car or van,144,263,-119
E01000804,"Motorcycle, scooter or moped",5,11,-6
E01000804,Not in employment or aged 15 years and under,741,313,428
E01000804,On foot,29,48,-19
E01000804,Other method of travel to work,2,2,0
E01000804,Passenger in a car or van,9,20,-11
E01000804,Taxi,2,7,-5
E01000804,Train,76,231,-155
E01000804,"Underground, metro, light rail, tram",20,53,-33
E01000804,Work mainly at or from home,412,53,359
E01000805,Bicycle,31,13,18
E01000805,"Bus, minibus or coach",67,72,-5
E01000805,Driving a car or van,149,175,-26
E01000805,"Motorcycle, scooter or moped",4,6,-2
E01000805,Not in employment or aged 15 years and under,779,284,495
E01000805,On foot,44,41,3
E01000805,Other method of travel to work,13,4,9
E01000805,Passenger in a car or van,4,10,-6
E01000805,Taxi,6,1,5
E01000805,Train,108,249,-141
E01000805,"Underground, metro, light rail, tram",30,39,-9
E01000805,Work mainly at or from home,466,28,438
E01000806,Bicycle,18,24,-6
E01000806,"Bus, minibus or coach",136,166,-30
E01000806,Driving a car or van,129,164,-35
E01000806,"Motorcycle, scooter or moped",5,5,0
E01000806,Not in employment or aged 15 years and under,820,429,391
E01000806,On foot,43,56,-13
E01000806,Other method of travel to work,8,9,-1
E01000806,Passenger in a car or van,9,19,-10
E01000806,Taxi,2,3,-1
E01000806,Train,119,285,-166
E01000806,"Underground, metro, light rail, tram",66,77,-11
E01000806,Work mainly at or from home,360,25,335
E01000807,Bicycle,7,6,1
E01000807,"Bus, minibus or coach",37,32,5
E01000807,Driving a car or van,184,231,-47
E01000807,"Motorcycle, scooter or moped",1,2,-1
E01000807,Not in employment or aged 15 years and under,881,382,499
E01000807,On foot,39,45,-6
E01000807,Other method of travel to work,7,8,-1
E01000807,Passenger in a car or van,10,12,-2
E01000807,Taxi,4,8,-4
E01000807,Train,96,319,-223
E01000807,"Underground, metro, light rail, tram",5,10,-5
E01000807,Work mainly at or from home,398,43,355
E01000808,Bicycle,4,5,-1
E01000808,"Bus, minibus or coach",14,27,-13
E01000808,Driving a car or van,202,294,-92
E01000808,"Motorcycle, scooter or moped",0,5,-5
E01000808,Not in employment or aged 15 years and under,847,399,448
E01000808,On foot,29,45,-16
E01000808,Other method of travel to work,5,4,1
E01000808,Passenger in a car or van,12,17,-5
E01000808,Taxi,1,2,-1
E01000808,Train,63,262,-199
E01000808,"Underground, metro, light rail, tram",5,9,-4
E01000808,Work mainly at or from home,377,46,331
E01000809,Bicycle,6,5,1
E01000809,"Bus, minibus or coach",12,25,-13
E01000809,Driving a car or van,188,306,-118
E01000809,"Motorcycle, scooter or moped",2,7,-5
E01000809,Not in employment or aged 15 years and under,816,318,498
E01000809,On foot,21,32,-11
E01000809,Other method of travel to work,8,3,5
E01000809,Passenger in a car or van,12,16,-4
E01000809,Taxi,2,9,-7
E01000809,Train,72,285,-213
E01000809,"Underground, metro, light rail, tram",2,9,-7
E01000809,Work mainly at or from home,402,38,364
E01000810,Bicycle,2,4,-2
E01000810,"Bus, minibus or coach",10,15,-5
E01000810,Driving a car or van,161,246,-85
E01000810,"Motorcycle, scooter or moped",2,9,-7
E01000810,Not in employment or aged 15 years and under,833,381,452
E01000810,On foot,15,24,-9
E01000810,Other method of travel to work,6,2,4
E01000810,Passenger in a car or van,12,8,4
E01000810,Taxi,0,6,-6
E01000810,Train,64,333,-269
E01000810,"Underground, metro, light rail, tram",2,7,-5
E01000810,Work mainly at or from home,438,43,395
E01000811,Bicycle,4,7,-3
E01000811,"Bus, minibus or coach",22,25,-3
E01000811,Driving a car or van,163,242,-79
E01000811,"Motorcycle, scooter or moped",3,10,-7
E01000811,Not in employment or aged 15 years and under,682,291,391
E01000811,On foot,27,31,-4
E01000811,Other method of travel to work,4,1,3
E01000811,Passenger in a car or van,6,18,-12
E01000811,Taxi,2,3,-1
E01000811,Train,65,299,-234
E01000811,"Underground, metro, light rail, tram",7,11,-4
E01000811,Work mainly at or from home,379,41,338
E01000812,Bicycle,2,8,-6
E01000812,"Bus, minibus or coach",52,46,6
E01000812,Driving a car or van,178,297,-119
E01000812,"Motorcycle, scooter or moped",2,10,-8
E01000812,Not in employment or aged 15 years and under,872,381,491
E01000812,On foot,30,70,-40
E01000812,Other method of travel to work,7,2,5
E01000812,Passenger in a car or van,6,13,-7
E01000812,Taxi,0,1,-1
E01000812,Train,76,251,-175
E01000812,"Underground, metro, light rail, tram",12,6,6
E01000812,Work mainly at or from home,399,51,348
E01000813,Bicycle,5,5,0
E01000813,"Bus, minibus or coach",10,35,-25
E01000813,Driving a car or van,167,279,-112
E01000813,"Motorcycle, scooter or moped",4,8,-4
E01000813,Not in employment or aged 15 years and under,847,391,456
E01000813,On foot,38,37,1
E01000813,Other method of travel to work,8,3,5
E01000813,Passenger in a car or van,7,21,-14
E01000813,Taxi,1,9,-8
E01000813,Train,84,280,-196
E01000813,"Underground, metro, light rail, tram",8,11,-3
E01000813,Work mainly at or from home,381,39,342
E01000814,Bicycle,1,8,-7
E01000814,"Bus, minibus or coach",16,24,-8
E01000814,Driving a car or van,163,288,-125
E01000814,"Motorcycle, scooter or moped",11,8,3
E01000814,Not in employment or aged 15 years and under,827,383,444
E01000814,On foot,15,37,-22
E01000814,Other method of travel to work,5,7,-2
E01000814,Passenger in a car or van,4,14,-10
E01000814,Taxi,1,1,0
E01000814,Train,59,303,-244
E01000814,"Underground, metro, light rail, tram",4,6,-2
E01000814,Work mainly at or from home,413,77,336
E01000815,Bicycle,3,9,-6
E01000815,"Bus, minibus or coach",12,16,-4
E01000815,Driving a car or van,150,266,-116
E01000815,"Motorcycle, scooter or moped",2,2,0
E01000815,Not in employment or aged 15 years and under,823,372,451
E01000815,On foot,20,27,-7
E01000815,Other method of travel to work,8,3,5
E01000815,Passenger in a car or van,6,12,-6
E01000815,Taxi,1,7,-6
E01000815,Train,71,307,-236
E01000815,"Underground, metro, light rail, tram",3,6,-3
E01000815,Work mainly at or from home,409,78,331
E01000816,Bicycle,6,15,-9
E01000816,"Bus, minibus or coach",41,66,-25
E01000816,Driving a car or van,238,308,-70
E01000816,"Motorcycle, scooter or moped",4,9,-5
E01000816,Not in employment or aged 15 years and under,744,348,396
E01000816,On foot,19,39,-20
E01000816,Other method of travel to work,11,7,4
E01000816,Passenger in a car or van,18,23,-5
E01000816,Taxi,6,5,1
E01000816,Train,64,216,-152
E01000816,"Underground, metro, light rail, tram",18,38,-20
E01000816,Work mainly at or from home,358,28,330
E01000818,Bicycle,7,18,-11
E01000818,"Bus, minibus or coach",43,61,-18
E01000818,Driving a car or van,290,348,-58
E01000818,"Motorcycle, scooter or moped",2,8,-6
E01000818,Not in employment or aged 15 years and under,828,331,497
E01000818,On foot,28,33,-5
E01000818,Other method of travel to work,8,5,3
E01000818,Passenger in a car or van,17,13,4
E01000818,Taxi,6,8,-2
E01000818,Train,98,183,-85
E01000818,"Underground, metro, light rail, tram",20,23,-3
E01000818,Work mainly at or from home,337,41,296
E01000819,Bicycle,6,8,-2
E01000819,"Bus, minibus or coach",94,89,5
E01000819,Driving a car or van,228,267,-39
E01000819,"Motorcycle, scooter or moped",5,9,-4
E01000819,Not in employment or aged 15 years and under,963,457,506
E01000819,On foot,45,65,-20
E01000819,Other method of travel to work,10,8,2
E01000819,Passenger in a car or van,21,15,6
E01000819,Taxi,4,3,1
E01000819,Train,84,209,-125
E01000819,"Underground, metro, light rail, tram",30,18,12
E01000819,Work mainly at or from home,359,35,324
E01000820,Bicycle,10,12,-2
E01000820,"Bus, minibus or coach",28,37,-9
E01000820,Driving a car or van,176,240,-64
E01000820,"Motorcycle, scooter or moped",1,7,-6
E01000820,Not in employment or aged 15 years and under,854,338,516
E01000820,On foot,37,45,-8
E01000820,Other method of travel to work,6,6,0
E01000820,Passenger in a car or van,13,16,-3
E01000820,Taxi,3,3,0
E01000820,Train,61,249,-188
E01000820,"Underground, metro, light rail, tram",9,24,-15
E01000820,Work mainly at or from home,413,40,373
E01000822,Bicycle,9,19,-10
E01000822,"Bus, minibus or coach",48,64,-16
E01000822,Driving a car or van,201,266,-65
E01000822,"Motorcycle, scooter or moped",12,7,5
E01000822,Not in employment or aged 15 years and under,814,354,460
E01000822,On foot,60,83,-23
E01000822,Other method of travel to work,12,4,8
E01000822,Passenger in a car or van,13,7,6
E01000822,Taxi,4,4,0
E01000822,Train,82,303,-221
E01000822,"Underground, metro, light rail, tram",15,40,-25
E01000822,Work mainly at or from home,363,45,318
E01000823,Bicycle,13,23,-10
E01000823,"Bus, minibus or coach",38,51,-13
E01000823,Driving a car or van,201,291,-90
E01000823,"Motorcycle, scooter or moped",4,15,-11
E01000823,Not in employment or aged 15 years and under,790,313,477
E01000823,On foot,57,98,-41
E01000823,Other method of travel to work,6,3,3
E01000823,Passenger in a car or van,8,11,-3
E01000823,Taxi,3,3,0
E01000823,Train,86,403,-317
E01000823,"Underground, metro, light rail, tram",21,20,1
E01000823,Work mainly at or from home,468,64,404
E01000824,Bicycle,7,16,-9
E01000824,"Bus, minibus or coach",64,59,5
E01000824,Driving a car or van,173,212,-39
E01000824,"Motorcycle, scooter or moped",6,9,-3
E01000824,Not in employment or aged 15 years and under,618,236,382
E01000824,On foot,60,78,-18
E01000824,Other method of travel to work,7,6,1
E01000824,Passenger in a car or van,11,10,1
E01000824,Taxi,1,3,-2
E01000824,Train,67,225,-158
E01000824,"Underground, metro, light rail, tram",17,20,-3
E01000824,Work mainly at or from home,371,26,345
E01000825,Bicycle,15,14,1
E01000825,"Bus, minibus or coach",64,46,18
E01000825,Driving a car or van,177,211,-34
E01000825,"Motorcycle, scooter or moped",4,6,-2
E01000825,Not in employment or aged 15 years and under,797,367,430
E01000825,On foot,60,99,-39
E01000825,Other method of travel to work,10,6,4
E01000825,Passenger in a car or van,13,12,1
E01000825,Taxi,5,2,3
E01000825,Train,83,352,-269
E01000825,"Underground, metro, light rail, tram",19,27,-8
E01000825,Work mainly at or from home,417,47,370
E01000826,Bicycle,9,9,0
E01000826,"Bus, minibus or coach",18,19,-1
E01000826,Driving a car or van,187,387,-200
E01000826,"Motorcycle, scooter or moped",1,13,-12
E01000826,Not in employment or aged 15 years and under,890,381,509
E01000826,On foot,21,33,-12
E01000826,Other method of travel to work,4,5,-1
E01000826,Passenger in a car or van,12,18,-6
E01000826,Taxi,0,8,-8
E01000826,Train,63,217,-154
E01000826,"Underground, metro, light rail, tram",7,21,-14
E01000826,Work mainly at or from home,430,52,378
E01000827,Bicycle,14,15,-1
E01000827,"Bus, minibus or coach",37,49,-12
E01000827,Driving a car or van,181,302,-121
E01000827,"Motorcycle, scooter or moped",4,9,-5
E01000827,Not in employment or aged 15 years and under,971,416,555
E01000827,On foot,36,44,-8
E01000827,Other method of travel to work,8,7,1
E01000827,Passenger in a car or van,6,13,-7
E01000827,Taxi,2,2,0
E01000827,Train,78,264,-186
E01000827,"Underground, metro, light rail, tram",17,23,-6
E01000827,Work mainly at or from home,423,52,371
E01000828,Bicycle,9,13,-4
E01000828,"Bus, minibus or coach",28,45,-17
E01000828,Driving a car or van,190,251,-61
E01000828,"Motorcycle, scooter or moped",3,7,-4
E01000828,Not in employment or aged 15 years and under,878,347,531
E01000828,On foot,28,59,-31
E01000828,Other method of travel to work,7,2,5
E01000828,Passenger in a car or van,12,10,2
E01000828,Taxi,0,3,-3
E01000828,Train,89,307,-218
E01000828,"Underground, metro, light rail, tram",14,29,-15
E01000828,Work mainly at or from home,442,58,384
E01000829,Bicycle,8,16,-8
E01000829,"Bus, minibus or coach",28,67,-39
E01000829,Driving a car or van,194,272,-78
E01000829,"Motorcycle, scooter or moped",4,8,-4
E01000829,Not in employment or aged 15 years and under,811,310,501
E01000829,On foot,54,115,-61
E01000829,Other method of travel to work,6,3,3
E01000829,Passenger in a car or van,9,23,-14
E01000829,Taxi,2,6,-4
E01000829,Train,119,356,-237
E01000829,"Underground, metro, light rail, tram",18,28,-10
E01000829,Work mainly at or from home,507,60,447
E01000830,Bicycle,8,6,2
E01000830,"Bus, minibus or coach",10,24,-14
E01000830,Driving a car or van,202,323,-121
E01000830,"Motorcycle, scooter or moped",9,10,-1
E01000830,Not in employment or aged 15 years and under,895,372,523
E01000830,On foot,22,33,-11
E01000830,Other method of travel to work,6,5,1
E01000830,Passenger in a car or van,13,15,-2
E01000830,Taxi,1,2,-1
E01000830,Train,44,194,-150
E01000830,"Underground, metro, light rail, tram",5,29,-24
E01000830,Work mainly at or from home,411,76,335
E01000831,Bicycle,16,7,9
E01000831,"Bus, minibus or coach",26,43,-17
E01000831,Driving a car or van,181,293,-112
E01000831,"Motorcycle, scooter or moped",5,10,-5
E01000831,Not in employment or aged 15 years and under,928,365,563
E01000831,On foot,34,51,-17
E01000831,Other method of travel to work,11,8,3
E01000831,Passenger in a car or van,9,12,-3
E01000831,Taxi,2,3,-1
E01000831,Train,65,270,-205
E01000831,"Underground, metro, light rail, tram",13,23,-10
E01000831,Work mainly at or from home,419,73,346
E01000832,Bicycle,2,13,-11
E01000832,"Bus, minibus or coach",19,47,-28
E01000832,Driving a car or van,198,319,-121
E01000832,"Motorcycle, scooter or moped",2,7,-5
E01000832,Not in employment or aged 15 years and under,833,333,500
E01000832,On foot,42,45,-3
E01000832,Other method of travel to work,8,5,3
E01000832,Passenger in a car or van,17,15,2
E01000832,Taxi,4,9,-5
E01000832,Train,57,191,-134
E01000832,"Underground, metro, light rail, tram",6,19,-13
E01000832,Work mainly at or from home,383,53,330
E01000833,Bicycle,10,3,7
E01000833,"Bus, minibus or coach",9,30,-21
E01000833,Driving a car or van,235,321,-86
E01000833,"Motorcycle, scooter or moped",4,6,-2
E01000833,Not in employment or aged 15 years and under,738,323,415
E01000833,On foot,12,32,-20
E01000833,Other method of travel to work,10,7,3
E01000833,Passenger in a car or van,7,21,-14
E01000833,Taxi,4,8,-4
E01000833,Train,60,192,-132
E01000833,"Underground, metro, light rail, tram",3,11,-8
E01000833,Work mainly at or from home,347,44,303
E01000834,Bicycle,8,7,1
E01000834,"Bus, minibus or coach",16,45,-29
E01000834,Driving a car or van,221,341,-120
E01000834,"Motorcycle, scooter or moped",6,11,-5
E01000834,Not in employment or aged 15 years and under,665,250,415
E01000834,On foot,27,42,-15
E01000834,Other method of travel to work,7,4,3
E01000834,Passenger in a car or van,9,19,-10
E01000834,Taxi,2,5,-3
E01000834,Train,66,182,-116
E01000834,"Underground, metro, light rail, tram",8,17,-9
E01000834,Work mainly at or from home,337,33,304
E01000835,Bicycle,9,15,-6
E01000835,"Bus, minibus or coach",45,70,-25
E01000835,Driving a car or van,242,297,-55
E01000835,"Motorcycle, scooter or moped",8,17,-9
E01000835,Not in employment or aged 15 years and under,901,324,577
E01000835,On foot,65,77,-12
E01000835,Other method of travel to work,8,6,2
E01000835,Passenger in a car or van,10,15,-5
E01000835,Taxi,5,2,3
E01000835,Train,71,230,-159
E01000835,"Underground, metro, light rail, tram",13,15,-2
E01000835,Work mainly at or from home,381,51,330
E01000836,Bicycle,8,8,0
E01000836,"Bus, minibus or coach",13,41,-28
E01000836,Driving a car or van,217,331,-114
E01000836,"Motorcycle, scooter or moped",1,12,-11
E01000836,Not in employment or aged 15 years and under,670,272,398
E01000836,On foot,28,26,2
E01000836,Other method of travel to work,6,3,3
E01000836,Passenger in a car or van,10,18,-8
E01000836,Taxi,4,7,-3
E01000836,Train,57,206,-149
E01000836,"Underground, metro, light rail, tram",5,20,-15
E01000836,Work mainly at or from home,371,39,332
E01000837,Bicycle,11,13,-2
E01000837,"Bus, minibus or coach",23,60,-37
E01000837,Driving a car or van,237,279,-42
E01000837,"Motorcycle, scooter or moped",6,8,-2
E01000837,Not in employment or aged 15 years and under,845,331,514
E01000837,On foot,37,47,-10
E01000837,Other method of travel to work,6,3,3
E01000837,Passenger in a car or van,12,22,-10
E01000837,Taxi,5,10,-5
E01000837,Train,47,190,-143
E01000837,"Underground, metro, light rail, tram",10,13,-3
E01000837,Work mainly at or from home,329,41,288
E01000838,Bicycle,2,4,-2
E01000838,"Bus, minibus or coach",12,45,-33
E01000838,Driving a car or van,225,322,-97
E01000838,"Motorcycle, scooter or moped",2,14,-12
E01000838,Not in employment or aged 15 years and under,769,311,458
E01000838,On foot,28,38,-10
E01000838,Other method of travel to work,2,1,1
E01000838,Passenger in a car or van,8,17,-9
E01000838,Taxi,8,4,4
E01000838,Train,49,172,-123
E01000838,"Underground, metro, light rail, tram",5,4,1
E01000838,Work mainly at or from home,318,50,268
E01000839,Bicycle,9,7,2
E01000839,"Bus, minibus or coach",12,44,-32
E01000839,Driving a car or van,206,359,-153
E01000839,"Motorcycle, scooter or moped",2,16,-14
E01000839,Not in employment or aged 15 years and under,727,340,387
E01000839,On foot,25,36,-11
E01000839,Other method of travel to work,7,2,5
E01000839,Passenger in a car or van,8,14,-6
E01000839,Taxi,1,5,-4
E01000839,Train,51,234,-183
E01000839,"Underground, metro, light rail, tram",1,9,-8
E01000839,Work mainly at or from home,341,40,301
E01000840,Bicycle,10,13,-3
E01000840,"Bus, minibus or coach",17,36,-19
E01000840,Driving a car or van,200,332,-132
E01000840,"Motorcycle, scooter or moped",1,8,-7
E01000840,Not in employment or aged 15 years and under,907,363,544
E01000840,On foot,19,32,-13
E01000840,Other method of travel to work,6,2,4
E01000840,Passenger in a car or van,6,18,-12
E01000840,Taxi,1,2,-1
E01000840,Train,46,177,-131
E01000840,"Underground, metro, light rail, tram",3,10,-7
E01000840,Work mainly at or from home,284,55,229
E01000841,Bicycle,10,5,5
E01000841,"Bus, minibus or coach",31,68,-37
E01000841,Driving a car or van,240,340,-100
E01000841,"Motorcycle, scooter or moped",1,12,-11
E01000841,Not in employment or aged 15 years and under,856,329,527
E01000841,On foot,41,50,-9
E01000841,Other method of travel to work,5,2,3
E01000841,Passenger in a car or van,17,29,-12
E01000841,Taxi,1,4,-3
E01000841,Train,77,210,-133
E01000841,"Underground, metro, light rail, tram",6,10,-4
E01000841,Work mainly at or from home,409,49,360
E01000842,Bicycle,25,34,-9
E01000842,"Bus, minibus or coach",17,47,-30
E01000842,Driving a car or van,38,82,-44
E01000842,"Motorcycle, scooter or moped",4,16,-12
E01000842,Not in employment or aged 15 years and under,615,326,289
E01000842,On foot,56,77,-21
E01000842,Other method of travel to work,6,8,-2
E01000842,Passenger in a car or van,2,4,-2
E01000842,Taxi,9,6,3
E01000842,Train,17,24,-7
E01000842,"Underground, metro, light rail, tram",92,438,-346
E01000842,Work mainly at or from home,552,113,439
E01000843,Bicycle,25,39,-14
E01000843,"Bus, minibus or coach",30,82,-52
E01000843,Driving a car or van,40,92,-52
E01000843,"Motorcycle, scooter or moped",5,8,-3
E01000843,Not in employment or aged 15 years and under,474,390,84
E01000843,On foot,45,101,-56
E01000843,Other method of travel to work,4,8,-4
E01000843,Passenger in a car or van,3,3,0
E01000843,Taxi,4,10,-6
E01000843,Train,9,45,-36
E01000843,"Underground, metro, light rail, tram",66,425,-359
E01000843,Work mainly at or from home,488,96,392
E01000844,Bicycle,31,53,-22
E01000844,"Bus, minibus or coach",14,59,-45
E01000844,Driving a car or van,48,103,-55
E01000844,"Motorcycle, scooter or moped",4,11,-7
E01000844,Not in employment or aged 15 years and under,688,319,369
E01000844,On foot,55,90,-35
E01000844,Other method of travel to work,9,10,-1
E01000844,Passenger in a car or van,1,7,-6
E01000844,Taxi,14,12,2
E01000844,Train,13,25,-12
E01000844,"Underground, metro, light rail, tram",106,597,-491
E01000844,Work mainly at or from home,654,122,532
E01000845,Bicycle,33,47,-14
E01000845,"Bus, minibus or coach",17,77,-60
E01000845,Driving a car or van,63,93,-30
E01000845,"Motorcycle, scooter or moped",3,14,-11
E01000845,Not in employment or aged 15 years and under,675,319,356
E01000845,On foot,46,86,-40
E01000845,Other method of travel to work,11,8,3
E01000845,Passenger in a car or van,2,9,-7
E01000845,Taxi,3,16,-13
E01000845,Train,13,34,-21
E01000845,"Underground, metro, light rail, tram",69,386,-317
E01000845,Work mainly at or from home,570,77,493
E01000846,Bicycle,20,43,-23
E01000846,"Bus, minibus or coach",62,87,-25
E01000846,Driving a car or van,80,79,1
E01000846,"Motorcycle, scooter or moped",2,9,-7
E01000846,Not in employment or aged 15 years and under,834,445,389
E01000846,On foot,57,74,-17
E01000846,Other method of travel to work,11,8,3
E01000846,Passenger in a car or van,4,5,-1
E01000846,Taxi,8,2,6
E01000846,Train,17,31,-14
E01000846,"Underground, metro, light rail, tram",60,184,-124
E01000846,Work mainly at or from home,299,60,239
E01000847,Bicycle,21,36,-15
E01000847,"Bus, minibus or coach",53,78,-25
E01000847,Driving a car or van,56,103,-47
E01000847,"Motorcycle, scooter or moped",3,11,-8
E01000847,Not in employment or aged 15 years and under,912,459,453
E01000847,On foot,76,75,1
E01000847,Other method of travel to work,8,3,5
E01000847,Passenger in a car or van,3,8,-5
E01000847,Taxi,9,5,4
E01000847,Train,18,38,-20
E01000847,"Underground, metro, light rail, tram",76,275,-199
E01000847,Work mainly at or from home,363,80,283
E01000848,Bicycle,20,43,-23
E01000848,"Bus, minibus or coach",13,99,-86
E01000848,Driving a car or van,40,98,-58
E01000848,"Motorcycle, scooter or moped",12,12,0
E01000848,Not in employment or aged 15 years and under,610,265,345
E01000848,On foot,40,86,-46
E01000848,Other method of travel to work,4,6,-2
E01000848,Passenger in a car or van,0,10,-10
E01000848,Taxi,9,9,0
E01000848,Train,9,31,-22
E01000848,"Underground, metro, light rail, tram",77,505,-428
E01000848,Work mainly at or from home,653,109,544
E01000849,Bicycle,15,46,-31
E01000849,"Bus, minibus or coach",29,76,-47
E01000849,Driving a car or van,30,69,-39
E01000849,"Motorcycle, scooter or moped",2,16,-14
E01000849,Not in employment or aged 15 years and under,534,292,242
E01000849,On foot,68,100,-32
E01000849,Other method of travel to work,12,1,11
E01000849,Passenger in a car or van,2,7,-5
E01000849,Taxi,8,4,4
E01000849,Train,17,37,-20
E01000849,"Underground, metro, light rail, tram",93,543,-450
E01000849,Work mainly at or from home,547,83,464
E01000850,Bicycle,24,58,-34
E01000850,"Bus, minibus or coach",23,86,-63
E01000850,Driving a car or van,17,39,-22
E01000850,"Motorcycle, scooter or moped",2,1,1
E01000850,Not in employment or aged 15 years and under,677,611,66
E01000850,On foot,235,403,-168
E01000850,Other method of travel to work,6,6,0
E01000850,Passenger in a car or van,5,1,4
E01000850,Taxi,4,6,-2
E01000850,Train,17,46,-29
E01000850,"Underground, metro, light rail, tram",48,215,-167
E01000850,Work mainly at or from home,363,76,287
E01000851,Bicycle,22,58,-36
E01000851,"Bus, minibus or coach",20,100,-80
E01000851,Driving a car or van,23,54,-31
E01000851,"Motorcycle, scooter or moped",4,4,0
E01000851,Not in employment or aged 15 years and under,850,1189,-339
E01000851,On foot,104,413,-309
E01000851,Other method of travel to work,2,10,-8
E01000851,Passenger in a car or van,11,9,2
E01000851,Taxi,3,9,-6
E01000851,Train,21,34,-13
E01000851,"Underground, metro, light rail, tram",61,239,-178
E01000851,Work mainly at or from home,367,87,280
E01000853,Bicycle,25,44,-19
E01000853,"Bus, minibus or coach",42,108,-66
E01000853,Driving a car or van,27,32,-5
E01000853,"Motorcycle, scooter or moped",4,4,0
E01000853,Not in employment or aged 15 years and under,888,609,279
E01000853,On foot,106,229,-123
E01000853,Other method of travel to work,8,10,-2
E01000853,Passenger in a car or van,3,3,0
E01000853,Taxi,4,6,-2
E01000853,Train,16,32,-16
E01000853,"Underground, metro, light rail, tram",69,112,-43
E01000853,Work mainly at or from home,212,42,170
E01000855,Bicycle,13,39,-26
E01000855,"Bus, minibus or coach",34,111,-77
E01000855,Driving a car or van,24,28,-4
E01000855,"Motorcycle, scooter or moped",3,4,-1
E01000855,Not in employment or aged 15 years and under,629,513,116
E01000855,On foot,173,512,-339
E01000855,Other method of travel to work,16,19,-3
E01000855,Passenger in a car or van,2,3,-1
E01000855,Taxi,1,10,-9
E01000855,Train,15,66,-51
E01000855,"Underground, metro, light rail, tram",39,238,-199
E01000855,Work mainly at or from home,361,80,281
E01000856,Bicycle,30,50,-20
E01000856,"Bus, minibus or coach",76,182,-106
E01000856,Driving a car or van,50,87,-37
E01000856,"Motorcycle, scooter or moped",4,4,0
E01000856,Not in employment or aged 15 years and under,841,515,326
E01000856,On foot,80,119,-39
E01000856,Other method of travel to work,11,4,7
E01000856,Passenger in a car or van,2,4,-2
E01000856,Taxi,3,4,-1
E01000856,Train,20,36,-16
E01000856,"Underground, metro, light rail, tram",86,176,-90
E01000856,Work mainly at or from home,381,65,316
E01000857,Bicycle,14,74,-60
E01000857,"Bus, minibus or coach",23,81,-58
E01000857,Driving a car or van,50,88,-38
E01000857,"Motorcycle, scooter or moped",3,15,-12
E01000857,Not in employment or aged 15 years and under,687,349,338
E01000857,On foot,52,107,-55
E01000857,Other method of travel to work,5,6,-1
E01000857,Passenger in a car or van,6,11,-5
E01000857,Taxi,7,18,-11
E01000857,Train,11,24,-13
E01000857,"Underground, metro, light rail, tram",55,252,-197
E01000857,Work mainly at or from home,472,97,375
E01000858,Bicycle,31,49,-18
E01000858,"Bus, minibus or coach",91,155,-64
E01000858,Driving a car or van,86,74,12
E01000858,"Motorcycle, scooter or moped",2,11,-9
E01000858,Not in employment or aged 15 years and under,1048,656,392
E01000858,On foot,115,155,-40
E01000858,Other method of travel to work,11,12,-1
E01000858,Passenger in a car or van,7,3,4
E01000858,Taxi,4,11,-7
E01000858,Train,39,55,-16
E01000858,"Underground, metro, light rail, tram",98,227,-129
E01000858,Work mainly at or from home,394,49,345
E01000859,Bicycle,42,100,-58
E01000859,"Bus, minibus or coach",17,73,-56
E01000859,Driving a car or van,38,121,-83
E01000859,"Motorcycle, scooter or moped",1,22,-21
E01000859,Not in employment or aged 15 years and under,652,297,355
E01000859,On foot,68,140,-72
E01000859,Other method of travel to work,5,20,-15
E01000859,Passenger in a car or van,5,3,2
E01000859,Taxi,13,30,-17
E01000859,Train,11,26,-15
E01000859,"Underground, metro, light rail, tram",62,312,-250
E01000859,Work mainly at or from home,548,145,403
E01000860,Bicycle,24,56,-32
E01000860,"Bus, minibus or coach",22,75,-53
E01000860,Driving a car or van,29,54,-25
E01000860,"Motorcycle, scooter or moped",3,10,-7
E01000860,Not in employment or aged 15 years and under,613,358,255
E01000860,On foot,46,98,-52
E01000860,Other method of travel to work,4,12,-8
E01000860,Passenger in a car or van,2,8,-6
E01000860,Taxi,8,13,-5
E01000860,Train,5,12,-7
E01000860,"Underground, metro, light rail, tram",41,141,-100
E01000860,Work mainly at or from home,323,55,268
E01000861,Bicycle,38,66,-28
E01000861,"Bus, minibus or coach",50,181,-131
E01000861,Driving a car or van,54,59,-5
E01000861,"Motorcycle, scooter or moped",2,12,-10
E01000861,Not in employment or aged 15 years and under,602,500,102
E01000861,On foot,93,146,-53
E01000861,Other method of travel to work,4,3,1
E01000861,Passenger in a car or van,3,5,-2
E01000861,Taxi,4,5,-1
E01000861,Train,30,60,-30
E01000861,"Underground, metro, light rail, tram",72,235,-163
E01000861,Work mainly at or from home,407,67,340
E01000862,Bicycle,34,121,-87
E01000862,"Bus, minibus or coach",18,149,-131
E01000862,Driving a car or van,59,128,-69
E01000862,"Motorcycle, scooter or moped",6,14,-8
E01000862,Not in employment or aged 15 years and under,742,365,377
E01000862,On foot,70,216,-146
E01000862,Other method of travel to work,5,15,-10
E01000862,Passenger in a car or van,5,9,-4
E01000862,Taxi,10,18,-8
E01000862,Train,16,37,-21
E01000862,"Underground, metro, light rail, tram",58,289,-231
E01000862,Work mainly at or from home,661,146,515
E01000863,Bicycle,28,60,-32
E01000863,"Bus, minibus or coach",35,141,-106
E01000863,Driving a car or van,36,54,-18
E01000863,"Motorcycle, scooter or moped",3,6,-3
E01000863,Not in employment or aged 15 years and under,716,383,333
E01000863,On foot,59,196,-137
E01000863,Other method of travel to work,10,11,-1
E01000863,Passenger in a car or van,0,4,-4
E01000863,Taxi,2,6,-4
E01000863,Train,14,46,-32
E01000863,"Underground, metro, light rail, tram",58,279,-221
E01000863,Work mainly at or from home,511,104,407
E01000866,Bicycle,63,103,-40
E01000866,"Bus, minibus or coach",74,267,-193
E01000866,Driving a car or van,62,94,-32
E01000866,"Motorcycle, scooter or moped",5,15,-10
E01000866,Not in employment or aged 15 years and under,984,562,422
E01000866,On foot,124,149,-25
E01000866,Other method of travel to work,11,6,5
E01000866,Passenger in a car or van,5,7,-2
E01000866,Taxi,3,5,-2
E01000866,Train,24,72,-48
E01000866,"Underground, metro, light rail, tram",72,250,-178
E01000866,Work mainly at or from home,524,76,448
E01000867,Bicycle,52,53,-1
E01000867,"Bus, minibus or coach",81,174,-93
E01000867,Driving a car or van,61,56,5
E01000867,"Motorcycle, scooter or moped",6,5,1
E01000867,Not in employment or aged 15 years and under,908,525,383
E01000867,On foot,96,147,-51
E01000867,Other method of travel to work,10,6,4
E01000867,Passenger in a car or van,5,6,-1
E01000867,Taxi,6,1,5
E01000867,Train,32,50,-18
E01000867,"Underground, metro, light rail, tram",96,172,-76
E01000867,Work mainly at or from home,389,30,359
E01000868,Bicycle,45,59,-14
E01000868,"Bus, minibus or coach",117,178,-61
E01000868,Driving a car or van,90,80,10
E01000868,"Motorcycle, scooter or moped",8,5,3
E01000868,Not in employment or aged 15 years and under,968,409,559
E01000868,On foot,102,103,-1
E01000868,Other method of travel to work,13,5,8
E01000868,Passenger in a car or van,7,2,5
E01000868,Taxi,4,4,0
E01000868,Train,28,42,-14
E01000868,"Underground, metro, light rail, tram",51,99,-48
E01000868,Work mainly at or from home,314,28,286
E01000869,Bicycle,53,140,-87
E01000869,"Bus, minibus or coach",63,263,-200
E01000869,Driving a car or van,60,111,-51
E01000869,"Motorcycle, scooter or moped",3,10,-7
E01000869,Not in employment or aged 15 years and under,908,567,341
E01000869,On foot,106,154,-48
E01000869,Other method of travel to work,20,7,13
E01000869,Passenger in a car or van,1,5,-4
E01000869,Taxi,9,7,2
E01000869,Train,25,78,-53
E01000869,"Underground, metro, light rail, tram",84,289,-205
E01000869,Work mainly at or from home,614,102,512
E01000870,Bicycle,54,102,-48
E01000870,"Bus, minibus or coach",62,152,-90
E01000870,Driving a car or van,49,96,-47
E01000870,"Motorcycle, scooter or moped",9,10,-1
E01000870,Not in employment or aged 15 years and under,760,484,276
E01000870,On foot,70,117,-47
E01000870,Other method of travel to work,12,6,6
E01000870,Passenger in a car or van,4,10,-6
E01000870,Taxi,6,1,5
E01000870,Train,27,60,-33
E01000870,"Underground, metro, light rail, tram",74,227,-153
E01000870,Work mainly at or from home,476,92,384
E01000871,Bicycle,25,45,-20
E01000871,"Bus, minibus or coach",41,101,-60
E01000871,Driving a car or van,88,168,-80
E01000871,"Motorcycle, scooter or moped",7,12,-5
E01000871,Not in employment or aged 15 years and under,818,402,416
E01000871,On foot,37,49,-12
E01000871,Other method of travel to work,11,10,1
E01000871,Passenger in a car or van,4,9,-5
E01000871,Taxi,7,11,-4
E01000871,Train,29,83,-54
E01000871,"Underground, metro, light rail, tram",89,291,-202
E01000871,Work mainly at or from home,494,86,408
E01000872,Bicycle,42,87,-45
E01000872,"Bus, minibus or coach",114,194,-80
E01000872,Driving a car or van,89,117,-28
E01000872,"Motorcycle, scooter or moped",12,19,-7
E01000872,Not in employment or aged 15 years and under,750,432,318
E01000872,On foot,58,69,-11
E01000872,Other method of travel to work,15,8,7
E01000872,Passenger in a car or van,8,11,-3
E01000872,Taxi,2,5,-3
E01000872,Train,47,67,-20
E01000872,"Underground, metro, light rail, tram",162,565,-403
E01000872,Work mainly at or from home,440,49,391
E01000873,Bicycle,34,59,-25
E01000873,"Bus, minibus or coach",21,78,-57
E01000873,Driving a car or van,80,132,-52
E01000873,"Motorcycle, scooter or moped",4,19,-15
E01000873,Not in employment or aged 15 years and under,643,313,330
E01000873,On foot,57,44,13
E01000873,Other method of travel to work,4,7,-3
E01000873,Passenger in a car or van,5,7,-2
E01000873,Taxi,2,5,-3
E01000873,Train,17,136,-119
E01000873,"Underground, metro, light rail, tram",76,435,-359
E01000873,Work mainly at or from home,643,82,561
E01000874,Bicycle,12,30,-18
E01000874,"Bus, minibus or coach",18,76,-58
E01000874,Driving a car or van,57,105,-48
E01000874,"Motorcycle, scooter or moped",1,7,-6
E01000874,Not in employment or aged 15 years and under,656,302,354
E01000874,On foot,40,53,-13
E01000874,Other method of travel to work,7,8,-1
E01000874,Passenger in a car or van,1,12,-11
E01000874,Taxi,7,2,5
E01000874,Train,25,128,-103
E01000874,"Underground, metro, light rail, tram",80,442,-362
E01000874,Work mainly at or from home,572,80,492
E01000875,Bicycle,25,41,-16
E01000875,"Bus, minibus or coach",60,103,-43
E01000875,Driving a car or van,72,88,-16
E01000875,"Motorcycle, scooter or moped",15,12,3
E01000875,Not in employment or aged 15 years and under,634,412,222
E01000875,On foot,52,50,2
E01000875,Other method of travel to work,10,12,-2
E01000875,Passenger in a car or van,4,7,-3
E01000875,Taxi,1,1,0
E01000875,Train,39,91,-52
E01000875,"Underground, metro, light rail, tram",181,520,-339
E01000875,Work mainly at or from home,486,57,429
E01000876,Bicycle,24,36,-12
E01000876,"Bus, minibus or coach",56,96,-40
E01000876,Driving a car or van,79,85,-6
E01000876,"Motorcycle, scooter or moped",4,12,-8
E01000876,Not in employment or aged 15 years and under,922,520,402
E01000876,On foot,51,67,-16
E01000876,Other method of travel to work,12,7,5
E01000876,Passenger in a car or van,10,6,4
E01000876,Taxi,10,1,9
E01000876,Train,48,76,-28
E01000876,"Underground, metro, light rail, tram",151,417,-266
E01000876,Work mainly at or from home,557,36,521
E01000877,Bicycle,20,34,-14
E01000877,"Bus, minibus or coach",48,97,-49
E01000877,Driving a car or van,50,104,-54
E01000877,"Motorcycle, scooter or moped",1,17,-16
E01000877,Not in employment or aged 15 years and under,598,323,275
E01000877,On foot,32,69,-37
E01000877,Other method of travel to work,12,0,12
E01000877,Passenger in a car or van,3,14,-11
E01000877,Taxi,4,1,3
E01000877,Train,21,132,-111
E01000877,"Underground, metro, light rail, tram",87,439,-352
E01000877,Work mainly at or from home,580,66,514
E01000878,Bicycle,18,19,-1
E01000878,"Bus, minibus or coach",37,69,-32
E01000878,Driving a car or van,77,133,-56
E01000878,"Motorcycle, scooter or moped",2,7,-5
E01000878,Not in employment or aged 15 years and under,920,614,306
E01000878,On foot,21,47,-26
E01000878,Other method of travel to work,6,5,1
E01000878,Passenger in a car or van,9,13,-4
E01000878,Taxi,10,8,2
E01000878,Train,18,36,-18
E01000878,"Underground, metro, light rail, tram",58,262,-204
E01000878,Work mainly at or from home,535,76,459
E01000879,Bicycle,19,27,-8
E01000879,"Bus, minibus or coach",11,32,-21
E01000879,Driving a car or van,42,72,-30
E01000879,"Motorcycle, scooter or moped",2,8,-6
E01000879,Not in employment or aged 15 years and under,594,382,212
E01000879,On foot,41,70,-29
E01000879,Other method of travel to work,11,6,5
E01000879,Passenger in a car or van,3,8,-5
E01000879,Taxi,1,8,-7
E01000879,Train,11,30,-19
E01000879,"Underground, metro, light rail, tram",90,402,-312
E01000879,Work mainly at or from home,476,74,402
E01000880,Bicycle,14,26,-12
E01000880,"Bus, minibus or coach",14,46,-32
E01000880,Driving a car or van,45,121,-76
E01000880,"Motorcycle, scooter or moped",4,8,-4
E01000880,Not in employment or aged 15 years and under,658,314,344
E01000880,On foot,31,63,-32
E01000880,Other method of travel to work,6,11,-5
E01000880,Passenger in a car or van,1,8,-7
E01000880,Taxi,7,10,-3
E01000880,Train,5,42,-37
E01000880,"Underground, metro, light rail, tram",70,338,-268
E01000880,Work mainly at or from home,558,117,441
E01000881,Bicycle,21,18,3
E01000881,"Bus, minibus or coach",18,57,-39
E01000881,Driving a car or van,41,73,-32
E01000881,"Motorcycle, scooter or moped",7,9,-2
E01000881,Not in employment or aged 15 years and under,662,367,295
E01000881,On foot,40,69,-29
E01000881,Other method of travel to work,7,4,3
E01000881,Passenger in a car or van,2,6,-4
E01000881,Taxi,3,3,0
E01000881,Train,11,31,-20
E01000881,"Underground, metro, light rail, tram",89,424,-335
E01000881,Work mainly at or from home,491,101,390
E01000882,Bicycle,29,43,-14
E01000882,"Bus, minibus or coach",4,55,-51
E01000882,Driving a car or van,39,115,-76
E01000882,"Motorcycle, scooter or moped",2,12,-10
E01000882,Not in employment or aged 15 years and under,643,244,399
E01000882,On foot,42,68,-26
E01000882,Other method of travel to work,11,9,2
E01000882,Passenger in a car or van,0,5,-5
E01000882,Taxi,6,9,-3
E01000882,Train,10,38,-28
E01000882,"Underground, metro, light rail, tram",74,479,-405
E01000882,Work mainly at or from home,592,121,471
E01000883,Bicycle,30,26,4
E01000883,"Bus, minibus or coach",31,42,-11
E01000883,Driving a car or van,37,65,-28
E01000883,"Motorcycle, scooter or moped",3,13,-10
E01000883,Not in employment or aged 15 years and under,589,348,241
E01000883,On foot,58,56,2
E01000883,Other method of travel to work,9,9,0
E01000883,Passenger in a car or van,6,2,4
E01000883,Taxi,8,5,3
E01000883,Train,10,27,-17
E01000883,"Underground, metro, light rail, tram",113,406,-293
E01000883,Work mainly at or from home,612,66,546
E01000884,Bicycle,19,26,-7
E01000884,"Bus, minibus or coach",22,44,-22
E01000884,Driving a car or van,74,169,-95
E01000884,"Motorcycle, scooter or moped",6,6,0
E01000884,Not in employment or aged 15 years and under,763,340,423
E01000884,On foot,20,49,-29
E01000884,Other method of travel to work,9,13,-4
E01000884,Passenger in a car or van,7,12,-5
E01000884,Taxi,9,3,6
E01000884,Train,7,31,-24
E01000884,"Underground, metro, light rail, tram",61,249,-188
E01000884,Work mainly at or from home,472,114,358
E01000885,Bicycle,15,32,-17
E01000885,"Bus, minibus or coach",7,33,-26
E01000885,Driving a car or van,58,133,-75
E01000885,"Motorcycle, scooter or moped",3,8,-5
E01000885,Not in employment or aged 15 years and under,667,354,313
E01000885,On foot,31,50,-19
E01000885,Other method of travel to work,3,16,-13
E01000885,Passenger in a car or van,2,11,-9
E01000885,Taxi,11,8,3
E01000885,Train,10,22,-12
E01000885,"Underground, metro, light rail, tram",41,226,-185
E01000885,Work mainly at or from home,431,125,306
E01000886,Bicycle,37,80,-43
E01000886,"Bus, minibus or coach",25,137,-112
E01000886,Driving a car or van,60,110,-50
E01000886,"Motorcycle, scooter or moped",2,12,-10
E01000886,Not in employment or aged 15 years and under,579,310,269
E01000886,On foot,67,81,-14
E01000886,Other method of travel to work,10,6,4
E01000886,Passenger in a car or van,8,6,2
E01000886,Taxi,4,5,-1
E01000886,Train,15,77,-62
E01000886,"Underground, metro, light rail, tram",60,203,-143
E01000886,Work mainly at or from home,471,85,386
E01000887,Bicycle,34,57,-23
E01000887,"Bus, minibus or coach",38,161,-123
E01000887,Driving a car or van,39,91,-52
E01000887,"Motorcycle, scooter or moped",4,16,-12
E01000887,Not in employment or aged 15 years and under,575,305,270
E01000887,On foot,84,106,-22
E01000887,Other method of travel to work,8,7,1
E01000887,Passenger in a car or van,11,4,7
E01000887,Taxi,4,2,2
E01000887,Train,13,36,-23
E01000887,"Underground, metro, light rail, tram",84,323,-239
E01000887,Work mainly at or from home,496,82,414
E01000888,Bicycle,40,111,-71
E01000888,"Bus, minibus or coach",33,136,-103
E01000888,Driving a car or van,45,93,-48
E01000888,"Motorcycle, scooter or moped",5,18,-13
E01000888,Not in employment or aged 15 years and under,746,392,354
E01000888,On foot,61,92,-31
E01000888,Other method of travel to work,8,14,-6
E01000888,Passenger in a car or van,4,4,0
E01000888,Taxi,5,4,1
E01000888,Train,18,44,-26
E01000888,"Underground, metro, light rail, tram",70,223,-153
E01000888,Work mainly at or from home,429,73,356
E01000889,Bicycle,47,46,1
E01000889,"Bus, minibus or coach",48,165,-117
E01000889,Driving a car or van,84,102,-18
E01000889,"Motorcycle, scooter or moped",5,2,3
E01000889,Not in employment or aged 15 years and under,1046,557,489
E01000889,On foot,111,131,-20
E01000889,Other method of travel to work,13,3,10
E01000889,Passenger in a car or van,5,11,-6
E01000889,Taxi,5,4,1
E01000889,Train,48,57,-9
E01000889,"Underground, metro, light rail, tram",83,110,-27
E01000889,Work mainly at or from home,286,28,258
E01000890,Bicycle,27,37,-10
E01000890,"Bus, minibus or coach",89,150,-61
E01000890,Driving a car or van,49,88,-39
E01000890,"Motorcycle, scooter or moped",5,10,-5
E01000890,Not in employment or aged 15 years and under,830,611,219
E01000890,On foot,89,123,-34
E01000890,Other method of travel to work,4,2,2
E01000890,Passenger in a car or van,3,7,-4
E01000890,Taxi,2,2,0
E01000890,Train,30,35,-5
E01000890,"Underground, metro, light rail, tram",65,97,-32
E01000890,Work mainly at or from home,128,24,104
E01000891,Bicycle,26,52,-26
E01000891,"Bus, minibus or coach",74,127,-53
E01000891,Driving a car or van,62,62,0
E01000891,"Motorcycle, scooter or moped",4,6,-2
E01000891,Not in employment or aged 15 years and under,878,598,280
E01000891,On foot,85,98,-13
E01000891,Other method of travel to work,11,7,4
E01000891,Passenger in a car or van,5,6,-1
E01000891,Taxi,3,1,2
E01000891,Train,35,37,-2
E01000891,"Underground, metro, light rail, tram",58,117,-59
E01000891,Work mainly at or from home,247,27,220
E01000892,Bicycle,28,71,-43
E01000892,"Bus, minibus or coach",49,106,-57
E01000892,Driving a car or van,52,93,-41
E01000892,"Motorcycle, scooter or moped",7,19,-12
E01000892,Not in employment or aged 15 years and under,856,429,427
E01000892,On foot,92,111,-19
E01000892,Other method of travel to work,12,9,3
E01000892,Passenger in a car or van,1,6,-5
E01000892,Taxi,6,6,0
E01000892,Train,20,41,-21
E01000892,"Underground, metro, light rail, tram",100,383,-283
E01000892,Work mainly at or from home,566,98,468
E01000893,Bicycle,29,79,-50
E01000893,"Bus, minibus or coach",21,112,-91
E01000893,Driving a car or van,38,105,-67
E01000893,"Motorcycle, scooter or moped",0,20,-20
E01000893,Not in employment or aged 15 years and under,591,294,297
E01000893,On foot,43,67,-24
E01000893,Other method of travel to work,9,12,-3
E01000893,Passenger in a car or van,4,5,-1
E01000893,Taxi,10,8,2
E01000893,Train,10,53,-43
E01000893,"Underground, metro, light rail, tram",57,275,-218
E01000893,Work mainly at or from home,568,164,404
E01000894,Bicycle,18,26,-8
E01000894,"Bus, minibus or coach",7,38,-31
E01000894,Driving a car or van,29,89,-60
E01000894,"Motorcycle, scooter or moped",2,10,-8
E01000894,Not in employment or aged 15 years and under,634,267,367
E01000894,On foot,41,70,-29
E01000894,Other method of travel to work,2,10,-8
E01000894,Passenger in a car or van,3,8,-5
E01000894,Taxi,4,13,-9
E01000894,Train,7,16,-9
E01000894,"Underground, metro, light rail, tram",61,354,-293
E01000894,Work mainly at or from home,455,133,322
E01000895,Bicycle,22,25,-3
E01000895,"Bus, minibus or coach",18,39,-21
E01000895,Driving a car or van,52,102,-50
E01000895,"Motorcycle, scooter or moped",3,22,-19
E01000895,Not in employment or aged 15 years and under,749,308,441
E01000895,On foot,58,105,-47
E01000895,Other method of travel to work,9,6,3
E01000895,Passenger in a car or van,3,4,-1
E01000895,Taxi,8,5,3
E01000895,Train,20,22,-2
E01000895,"Underground, metro, light rail, tram",98,450,-352
E01000895,Work mainly at or from home,510,113,397
E01000896,Bicycle,20,43,-23
E01000896,"Bus, minibus or coach",15,83,-68
E01000896,Driving a car or van,39,132,-93
E01000896,"Motorcycle, scooter or moped",2,5,-3
E01000896,Not in employment or aged 15 years and under,641,345,296
E01000896,On foot,56,74,-18
E01000896,Other method of travel to work,6,8,-2
E01000896,Passenger in a car or van,3,6,-3
E01000896,Taxi,13,14,-1
E01000896,Train,11,38,-27
E01000896,"Underground, metro, light rail, tram",66,393,-327
E01000896,Work mainly at or from home,566,114,452
E01000897,Bicycle,26,42,-16
E01000897,"Bus, minibus or coach",13,70,-57
E01000897,Driving a car or van,50,122,-72
E01000897,"Motorcycle, scooter or moped",4,9,-5
E01000897,Not in employment or aged 15 years and under,748,291,457
E01000897,On foot,38,49,-11
E01000897,Other method of travel to work,8,4,4
E01000897,Passenger in a car or van,3,3,0
E01000897,Taxi,5,11,-6
E01000897,Train,5,28,-23
E01000897,"Underground, metro, light rail, tram",60,408,-348
E01000897,Work mainly at or from home,598,124,474
E01000898,Bicycle,10,24,-14
E01000898,"Bus, minibus or coach",39,91,-52
E01000898,Driving a car or van,43,62,-19
E01000898,"Motorcycle, scooter or moped",4,8,-4
E01000898,Not in employment or aged 15 years and under,730,399,331
E01000898,On foot,299,341,-42
E01000898,Other method of travel to work,5,4,1
E01000898,Passenger in a car or van,6,5,1
E01000898,Taxi,7,4,3
E01000898,Train,15,41,-26
E01000898,"Underground, metro, light rail, tram",80,339,-259
E01000898,Work mainly at or from home,345,59,286
E01000899,Bicycle,14,28,-14
E01000899,"Bus, minibus or coach",23,27,-4
E01000899,Driving a car or van,54,134,-80
E01000899,"Motorcycle, scooter or moped",1,14,-13
E01000899,Not in employment or aged 15 years and under,757,375,382
E01000899,On foot,70,79,-9
E01000899,Other method of travel to work,4,16,-12
E01000899,Passenger in a car or van,4,17,-13
E01000899,Taxi,9,16,-7
E01000899,Train,7,26,-19
E01000899,"Underground, metro, light rail, tram",49,324,-275
E01000899,Work mainly at or from home,574,145,429
E01000900,Bicycle,48,85,-37
E01000900,"Bus, minibus or coach",71,186,-115
E01000900,Driving a car or van,67,97,-30
E01000900,"Motorcycle, scooter or moped",5,14,-9
E01000900,Not in employment or aged 15 years and under,810,515,295
E01000900,On foot,105,135,-30
E01000900,Other method of travel to work,7,14,-7
E01000900,Passenger in a car or van,3,10,-7
E01000900,Taxi,3,6,-3
E01000900,Train,22,41,-19
E01000900,"Underground, metro, light rail, tram",72,233,-161
E01000900,Work mainly at or from home,471,64,407
E01000901,Bicycle,32,60,-28
E01000901,"Bus, minibus or coach",107,175,-68
E01000901,Driving a car or van,86,75,11
E01000901,"Motorcycle, scooter or moped",9,9,0
E01000901,Not in employment or aged 15 years and under,1169,738,431
E01000901,On foot,133,123,10
E01000901,Other method of travel to work,13,4,9
E01000901,Passenger in a car or van,6,6,0
E01000901,Taxi,10,3,7
E01000901,Train,39,38,1
E01000901,"Underground, metro, light rail, tram",74,148,-74
E01000901,Work mainly at or from home,290,39,251
E01000902,Bicycle,29,44,-15
E01000902,"Bus, minibus or coach",54,116,-62
E01000902,Driving a car or van,44,61,-17
E01000902,"Motorcycle, scooter or moped",4,2,2
E01000902,Not in employment or aged 15 years and under,844,476,368
E01000902,On foot,97,92,5
E01000902,Other method of travel to work,14,3,11
E01000902,Passenger in a car or van,3,4,-1
E01000902,Taxi,11,5,6
E01000902,Train,19,41,-22
E01000902,"Underground, metro, light rail, tram",67,158,-91
E01000902,Work mainly at or from home,228,24,204
E01000903,Bicycle,28,54,-26
E01000903,"Bus, minibus or coach",31,130,-99
E01000903,Driving a car or van,45,84,-39
E01000903,"Motorcycle, scooter or moped",5,10,-5
E01000903,Not in employment or aged 15 years and under,671,380,291
E01000903,On foot,68,100,-32
E01000903,Other method of travel to work,17,5,12
E01000903,Passenger in a car or van,4,2,2
E01000903,Taxi,7,3,4
E01000903,Train,15,42,-27
E01000903,"Underground, metro, light rail, tram",72,249,-177
E01000903,Work mainly at or from home,455,89,366
E01000904,Bicycle,50,78,-28
E01000904,"Bus, minibus or coach",94,237,-143
E01000904,Driving a car or van,73,101,-28
E01000904,"Motorcycle, scooter or moped",6,11,-5
E01000904,Not in employment or aged 15 years and under,1104,624,480
E01000904,On foot,106,170,-64
E01000904,Other method of travel to work,13,3,10
E01000904,Passenger in a car or van,8,6,2
E01000904,Taxi,5,2,3
E01000904,Train,28,46,-18
E01000904,"Underground, metro, light rail, tram",81,307,-226
E01000904,Work mainly at or from home,497,55,442
E01000905,Bicycle,24,27,-3
E01000905,"Bus, minibus or coach",104,206,-102
E01000905,Driving a car or van,77,80,-3
E01000905,"Motorcycle, scooter or moped",6,1,5
E01000905,Not in employment or aged 15 years and under,1129,699,430
E01000905,On foot,115,118,-3
E01000905,Other method of travel to work,15,2,13
E01000905,Passenger in a car or van,9,10,-1
E01000905,Taxi,2,7,-5
E01000905,Train,48,45,3
E01000905,"Underground, metro, light rail, tram",67,172,-105
E01000905,Work mainly at or from home,280,25,255
E01000906,Bicycle,38,66,-28
E01000906,"Bus, minibus or coach",30,87,-57
E01000906,Driving a car or van,56,89,-33
E01000906,"Motorcycle, scooter or moped",2,10,-8
E01000906,Not in employment or aged 15 years and under,557,301,256
E01000906,On foot,67,96,-29
E01000906,Other method of travel to work,6,4,2
E01000906,Passenger in a car or van,0,7,-7
E01000906,Taxi,6,4,2
E01000906,Train,14,37,-23
E01000906,"Underground, metro, light rail, tram",70,456,-386
E01000906,Work mainly at or from home,602,89,513
E01000907,Bicycle,36,77,-41
E01000907,"Bus, minibus or coach",59,130,-71
E01000907,Driving a car or van,52,89,-37
E01000907,"Motorcycle, scooter or moped",5,5,0
E01000907,Not in employment or aged 15 years and under,835,423,412
E01000907,On foot,71,73,-2
E01000907,Other method of travel to work,5,2,3
E01000907,Passenger in a car or van,1,4,-3
E01000907,Taxi,0,3,-3
E01000907,Train,13,45,-32
E01000907,"Underground, metro, light rail, tram",64,174,-110
E01000907,Work mainly at or from home,343,37,306
E01000908,Bicycle,27,103,-76
E01000908,"Bus, minibus or coach",66,168,-102
E01000908,Driving a car or van,66,94,-28
E01000908,"Motorcycle, scooter or moped",4,11,-7
E01000908,Not in employment or aged 15 years and under,837,426,411
E01000908,On foot,66,76,-10
E01000908,Other method of travel to work,9,5,4
E01000908,Passenger in a car or van,8,2,6
E01000908,Taxi,3,0,3
E01000908,Train,27,46,-19
E01000908,"Underground, metro, light rail, tram",46,187,-141
E01000908,Work mainly at or from home,363,66,297
E01000909,Bicycle,48,108,-60
E01000909,"Bus, minibus or coach",24,141,-117
E01000909,Driving a car or van,49,119,-70
E01000909,"Motorcycle, scooter or moped",2,22,-20
E01000909,Not in employment or aged 15 years and under,767,417,350
E01000909,On foot,43,77,-34
E01000909,Other method of travel to work,7,3,4
E01000909,Passenger in a car or van,2,7,-5
E01000909,Taxi,4,3,1
E01000909,Train,10,40,-30
E01000909,"Underground, metro, light rail, tram",47,198,-151
E01000909,Work mainly at or from home,547,118,429
E01000910,Bicycle,51,122,-71
E01000910,"Bus, minibus or coach",26,115,-89
E01000910,Driving a car or van,45,92,-47
E01000910,"Motorcycle, scooter or moped",2,15,-13
E01000910,Not in employment or aged 15 years and under,594,323,271
E01000910,On foot,53,94,-41
E01000910,Other method of travel to work,8,6,2
E01000910,Passenger in a car or van,1,5,-4
E01000910,Taxi,6,5,1
E01000910,Train,17,62,-45
E01000910,"Underground, metro, light rail, tram",44,203,-159
E01000910,Work mainly at or from home,493,91,402
E01000911,Bicycle,33,101,-68
E01000911,"Bus, minibus or coach",38,96,-58
E01000911,Driving a car or van,66,89,-23
E01000911,"Motorcycle, scooter or moped",1,15,-14
E01000911,Not in employment or aged 15 years and under,759,378,381
E01000911,On foot,57,75,-18
E01000911,Other method of travel to work,1,2,-1
E01000911,Passenger in a car or van,2,2,0
E01000911,Taxi,5,10,-5
E01000911,Train,15,50,-35
E01000911,"Underground, metro, light rail, tram",61,237,-176
E01000911,Work mainly at or from home,404,78,326
E01000912,Bicycle,39,81,-42
E01000912,"Bus, minibus or coach",58,141,-83
E01000912,Driving a car or van,67,78,-11
E01000912,"Motorcycle, scooter or moped",9,14,-5
E01000912,Not in employment or aged 15 years and under,834,478,356
E01000912,On foot,85,118,-33
E01000912,Other method of travel to work,9,0,9
E01000912,Passenger in a car or van,6,4,2
E01000912,Taxi,9,4,5
E01000912,Train,35,70,-35
E01000912,"Underground, metro, light rail, tram",72,194,-122
E01000912,Work mainly at or from home,366,53,313
E01000913,Bicycle,27,48,-21
E01000913,"Bus, minibus or coach",18,132,-114
E01000913,Driving a car or van,60,220,-160
E01000913,"Motorcycle, scooter or moped",5,16,-11
E01000913,Not in employment or aged 15 years and under,801,348,453
E01000913,On foot,50,61,-11
E01000913,Other method of travel to work,6,16,-10
E01000913,Passenger in a car or van,4,17,-13
E01000913,Taxi,6,12,-6
E01000913,Train,5,39,-34
E01000913,"Underground, metro, light rail, tram",48,202,-154
E01000913,Work mainly at or from home,573,175,398
E01000914,Bicycle,24,47,-23
E01000914,"Bus, minibus or coach",44,130,-86
E01000914,Driving a car or van,18,29,-11
E01000914,"Motorcycle, scooter or moped",0,7,-7
E01000914,Not in employment or aged 15 years and under,707,572,135
E01000914,On foot,112,383,-271
E01000914,Other method of travel to work,6,12,-6
E01000914,Passenger in a car or van,2,3,-1
E01000914,Taxi,10,9,1
E01000914,Train,14,54,-40
E01000914,"Underground, metro, light rail, tram",53,187,-134
E01000914,Work mainly at or from home,427,91,336
E01000915,Bicycle,25,44,-19
E01000915,"Bus, minibus or coach",62,124,-62
E01000915,Driving a car or van,53,32,21
E01000915,"Motorcycle, scooter or moped",0,7,-7
E01000915,Not in employment or aged 15 years and under,890,483,407
E01000915,On foot,135,270,-135
E01000915,Other method of travel to work,20,42,-22
E01000915,Passenger in a car or van,2,1,1
E01000915,Taxi,0,0,0
E01000915,Train,23,23,0
E01000915,"Underground, metro, light rail, tram",40,104,-64
E01000915,Work mainly at or from home,275,28,247
E01000916,Bicycle,51,63,-12
E01000916,"Bus, minibus or coach",67,138,-71
E01000916,Driving a car or van,36,45,-9
E01000916,"Motorcycle, scooter or moped",7,12,-5
E01000916,Not in employment or aged 15 years and under,856,520,336
E01000916,On foot,152,423,-271
E01000916,Other method of travel to work,14,14,0
E01000916,Passenger in a car or van,4,7,-3
E01000916,Taxi,11,15,-4
E01000916,Train,25,42,-17
E01000916,"Underground, metro, light rail, tram",68,157,-89
E01000916,Work mainly at or from home,563,56,507
E01000917,Bicycle,30,38,-8
E01000917,"Bus, minibus or coach",69,156,-87
E01000917,Driving a car or van,59,55,4
E01000917,"Motorcycle, scooter or moped",7,6,1
E01000917,Not in employment or aged 15 years and under,1003,689,314
E01000917,On foot,122,246,-124
E01000917,Other method of travel to work,5,10,-5
E01000917,Passenger in a car or van,3,4,-1
E01000917,Taxi,2,4,-2
E01000917,Train,26,40,-14
E01000917,"Underground, metro, light rail, tram",56,132,-76
E01000917,Work mainly at or from home,281,35,246
E01000918,Bicycle,34,45,-11
E01000918,"Bus, minibus or coach",62,200,-138
E01000918,Driving a car or van,34,48,-14
E01000918,"Motorcycle, scooter or moped",3,5,-2
E01000918,Not in employment or aged 15 years and under,1018,762,256
E01000918,On foot,125,359,-234
E01000918,Other method of travel to work,13,30,-17
E01000918,Passenger in a car or van,0,3,-3
E01000918,Taxi,7,12,-5
E01000918,Train,17,60,-43
E01000918,"Underground, metro, light rail, tram",70,173,-103
E01000918,Work mainly at or from home,411,103,308
E01000919,Bicycle,16,25,-9
E01000919,"Bus, minibus or coach",36,102,-66
E01000919,Driving a car or van,20,69,-49
E01000919,"Motorcycle, scooter or moped",4,8,-4
E01000919,Not in employment or aged 15 years and under,789,789,0
E01000919,On foot,136,416,-280
E01000919,Other method of travel to work,13,25,-12
E01000919,Passenger in a car or van,5,3,2
E01000919,Taxi,7,7,0
E01000919,Train,15,97,-82
E01000919,"Underground, metro, light rail, tram",57,189,-132
E01000919,Work mainly at or from home,344,67,277
E01000920,Bicycle,24,75,-51
E01000920,"Bus, minibus or coach",51,142,-91
E01000920,Driving a car or van,45,44,1
E01000920,"Motorcycle, scooter or moped",2,14,-12
E01000920,Not in employment or aged 15 years and under,766,525,241
E01000920,On foot,148,444,-296
E01000920,Other method of travel to work,10,22,-12
E01000920,Passenger in a car or van,6,1,5
E01000920,Taxi,11,15,-4
E01000920,Train,17,48,-31
E01000920,"Underground, metro, light rail, tram",56,157,-101
E01000920,Work mainly at or from home,491,132,359
E01000921,Bicycle,59,136,-77
E01000921,"Bus, minibus or coach",56,217,-161
E01000921,Driving a car or van,53,94,-41
E01000921,"Motorcycle, scooter or moped",2,12,-10
E01000921,Not in employment or aged 15 years and under,695,405,290
E01000921,On foot,115,136,-21
E01000921,Other method of travel to work,10,15,-5
E01000921,Passenger in a car or van,2,4,-2
E01000921,Taxi,6,5,1
E01000921,Train,31,92,-61
E01000921,"Underground, metro, light rail, tram",128,458,-330
E01000921,Work mainly at or from home,716,88,628
E01000922,Bicycle,41,89,-48
E01000922,"Bus, minibus or coach",59,143,-84
E01000922,Driving a car or van,64,55,9
E01000922,"Motorcycle, scooter or moped",7,8,-1
E01000922,Not in employment or aged 15 years and under,1059,504,555
E01000922,On foot,98,115,-17
E01000922,Other method of travel to work,8,9,-1
E01000922,Passenger in a car or van,6,2,4
E01000922,Taxi,8,1,7
E01000922,Train,20,51,-31
E01000922,"Underground, metro, light rail, tram",90,235,-145
E01000922,Work mainly at or from home,456,48,408
E01000923,Bicycle,45,88,-43
E01000923,"Bus, minibus or coach",40,105,-65
E01000923,Driving a car or van,38,82,-44
E01000923,"Motorcycle, scooter or moped",1,11,-10
E01000923,Not in employment or aged 15 years and under,652,384,268
E01000923,On foot,63,68,-5
E01000923,Other method of travel to work,6,5,1
E01000923,Passenger in a car or van,4,3,1
E01000923,Taxi,8,4,4
E01000923,Train,27,74,-47
E01000923,"Underground, metro, light rail, tram",72,282,-210
E01000923,Work mainly at or from home,486,73,413
E01000924,Bicycle,42,111,-69
E01000924,"Bus, minibus or coach",38,143,-105
E01000924,Driving a car or van,61,76,-15
E01000924,"Motorcycle, scooter or moped",0,7,-7
E01000924,Not in employment or aged 15 years and under,658,393,265
E01000924,On foot,70,103,-33
E01000924,Other method of travel to work,9,10,-1
E01000924,Passenger in a car or van,3,5,-2
E01000924,Taxi,4,3,1
E01000924,Train,15,94,-79
E01000924,"Underground, metro, light rail, tram",70,353,-283
E01000924,Work mainly at or from home,595,84,511
E01000925,Bicycle,23,26,-3
E01000925,"Bus, minibus or coach",67,144,-77
E01000925,Driving a car or van,55,64,-9
E01000925,"Motorcycle, scooter or moped",0,4,-4
E01000925,Not in employment or aged 15 years and under,901,501,400
E01000925,On foot,85,74,11
E01000925,Other method of travel to work,14,2,12
E01000925,Passenger in a car or van,5,4,1
E01000925,Taxi,2,6,-4
E01000925,Train,31,53,-22
E01000925,"Underground, metro, light rail, tram",70,169,-99
E01000925,Work mainly at or from home,243,37,206
E01000926,Bicycle,44,124,-80
E01000926,"Bus, minibus or coach",70,318,-248
E01000926,Driving a car or van,48,82,-34
E01000926,"Motorcycle, scooter or moped",7,3,4
E01000926,Not in employment or aged 15 years and under,708,387,321
E01000926,On foot,76,177,-101
E01000926,Other method of travel to work,10,6,4
E01000926,Passenger in a car or van,2,2,0
E01000926,Taxi,4,5,-1
E01000926,Train,26,57,-31
E01000926,"Underground, metro, light rail, tram",73,285,-212
E01000926,Work mainly at or from home,405,44,361
E01000927,Bicycle,63,122,-59
E01000927,"Bus, minibus or coach",43,179,-136
E01000927,Driving a car or van,38,88,-50
E01000927,"Motorcycle, scooter or moped",6,15,-9
E01000927,Not in employment or aged 15 years and under,704,421,283
E01000927,On foot,62,130,-68
E01000927,Other method of travel to work,10,7,3
E01000927,Passenger in a car or van,2,12,-10
E01000927,Taxi,3,8,-5
E01000927,Train,16,83,-67
E01000927,"Underground, metro, light rail, tram",67,265,-198
E01000927,Work mainly at or from home,520,89,431
E01000928,Bicycle,66,96,-30
E01000928,"Bus, minibus or coach",32,137,-105
E01000928,Driving a car or van,60,73,-13
E01000928,"Motorcycle, scooter or moped",4,8,-4
E01000928,Not in employment or aged 15 years and under,778,418,360
E01000928,On foot,91,92,-1
E01000928,Other method of travel to work,11,8,3
E01000928,Passenger in a car or van,3,10,-7
E01000928,Taxi,5,3,2
E01000928,Train,25,69,-44
E01000928,"Underground, metro, light rail, tram",101,261,-160
E01000928,Work mainly at or from home,543,89,454
E01000929,Bicycle,27,22,5
E01000929,"Bus, minibus or coach",130,155,-25
E01000929,Driving a car or van,97,94,3
E01000929,"Motorcycle, scooter or moped",4,3,1
E01000929,Not in employment or aged 15 years and under,1174,547,627
E01000929,On foot,61,82,-21
E01000929,Other method of travel to work,19,5,14
E01000929,Passenger in a car or van,5,5,0
E01000929,Taxi,7,3,4
E01000929,Train,39,51,-12
E01000929,"Underground, metro, light rail, tram",64,172,-108
E01000929,Work mainly at or from home,287,49,238
E01000930,Bicycle,27,34,-7
E01000930,"Bus, minibus or coach",128,223,-95
E01000930,Driving a car or van,75,85,-10
E01000930,"Motorcycle, scooter or moped",5,10,-5
E01000930,Not in employment or aged 15 years and under,1225,601,624
E01000930,On foot,97,71,26
E01000930,Other method of travel to work,16,9,7
E01000930,Passenger in a car or van,6,2,4
E01000930,Taxi,6,2,4
E01000930,Train,51,62,-11
E01000930,"Underground, metro, light rail, tram",92,272,-180
E01000930,Work mainly at or from home,356,44,312
E01000931,Bicycle,32,42,-10
E01000931,"Bus, minibus or coach",135,192,-57
E01000931,Driving a car or van,77,92,-15
E01000931,"Motorcycle, scooter or moped",13,15,-2
E01000931,Not in employment or aged 15 years and under,1106,597,509
E01000931,On foot,96,82,14
E01000931,Other method of travel to work,19,5,14
E01000931,Passenger in a car or van,2,4,-2
E01000931,Taxi,6,2,4
E01000931,Train,48,74,-26
E01000931,"Underground, metro, light rail, tram",152,361,-209
E01000931,Work mainly at or from home,370,28,342
E01000932,Bicycle,23,46,-23
E01000932,"Bus, minibus or coach",60,119,-59
E01000932,Driving a car or van,62,138,-76
E01000932,"Motorcycle, scooter or moped",5,14,-9
E01000932,Not in employment or aged 15 years and under,677,382,295
E01000932,On foot,73,92,-19
E01000932,Other method of travel to work,8,1,7
E01000932,Passenger in a car or van,4,14,-10
E01000932,Taxi,10,6,4
E01000932,Train,36,128,-92
E01000932,"Underground, metro, light rail, tram",136,608,-472
E01000932,Work mainly at or from home,671,57,614
E01000933,Bicycle,31,55,-24
E01000933,"Bus, minibus or coach",75,174,-99
E01000933,Driving a car or van,74,124,-50
E01000933,"Motorcycle, scooter or moped",7,12,-5
E01000933,Not in employment or aged 15 years and under,823,377,446
E01000933,On foot,61,80,-19
E01000933,Other method of travel to work,9,5,4
E01000933,Passenger in a car or van,4,12,-8
E01000933,Taxi,2,1,1
E01000933,Train,24,98,-74
E01000933,"Underground, metro, light rail, tram",117,395,-278
E01000933,Work mainly at or from home,548,81,467
E01000934,Bicycle,36,23,13
E01000934,"Bus, minibus or coach",67,185,-118
E01000934,Driving a car or van,67,71,-4
E01000934,"Motorcycle, scooter or moped",7,5,2
E01000934,Not in employment or aged 15 years and under,866,515,351
E01000934,On foot,78,89,-11
E01000934,Other method of travel to work,6,5,1
E01000934,Passenger in a car or van,4,8,-4
E01000934,Taxi,5,4,1
E01000934,Train,26,22,4
E01000934,"Underground, metro, light rail, tram",76,222,-146
E01000934,Work mainly at or from home,278,29,249
E01000935,Bicycle,34,35,-1
E01000935,"Bus, minibus or coach",119,162,-43
E01000935,Driving a car or van,81,81,0
E01000935,"Motorcycle, scooter or moped",7,7,0
E01000935,Not in employment or aged 15 years and under,890,406,484
E01000935,On foot,79,82,-3
E01000935,Other method of travel to work,8,7,1
E01000935,Passenger in a car or van,6,3,3
E01000935,Taxi,6,0,6
E01000935,Train,27,38,-11
E01000935,"Underground, metro, light rail, tram",79,154,-75
E01000935,Work mainly at or from home,261,25,236
E01000937,Bicycle,17,30,-13
E01000937,"Bus, minibus or coach",23,60,-37
E01000937,Driving a car or van,17,39,-22
E01000937,"Motorcycle, scooter or moped",3,1,2
E01000937,Not in employment or aged 15 years and under,754,809,-55
E01000937,On foot,64,201,-137
E01000937,Other method of travel to work,3,3,0
E01000937,Passenger in a car or van,2,3,-1
E01000937,Taxi,0,4,-4
E01000937,Train,14,38,-24
E01000937,"Underground, metro, light rail, tram",30,97,-67
E01000937,Work mainly at or from home,190,37,153
E01000938,Bicycle,33,69,-36
E01000938,"Bus, minibus or coach",55,150,-95
E01000938,Driving a car or van,41,47,-6
E01000938,"Motorcycle, scooter or moped",6,11,-5
E01000938,Not in employment or aged 15 years and under,760,553,207
E01000938,On foot,77,221,-144
E01000938,Other method of travel to work,5,24,-19
E01000938,Passenger in a car or van,4,5,-1
E01000938,Taxi,3,3,0
E01000938,Train,21,43,-22
E01000938,"Underground, metro, light rail, tram",74,197,-123
E01000938,Work mainly at or from home,282,31,251
E01000939,Bicycle,27,13,14
E01000939,"Bus, minibus or coach",61,80,-19
E01000939,Driving a car or van,48,28,20
E01000939,"Motorcycle, scooter or moped",10,0,10
E01000939,Not in employment or aged 15 years and under,941,506,435
E01000939,On foot,91,115,-24
E01000939,Other method of travel to work,14,9,5
E01000939,Passenger in a car or van,1,1,0
E01000939,Taxi,4,1,3
E01000939,Train,31,34,-3
E01000939,"Underground, metro, light rail, tram",57,88,-31
E01000939,Work mainly at or from home,171,22,149
E01000941,Bicycle,16,23,-7
E01000941,"Bus, minibus or coach",48,87,-39
E01000941,Driving a car or van,42,46,-4
E01000941,"Motorcycle, scooter or moped",6,3,3
E01000941,Not in employment or aged 15 years and under,749,457,292
E01000941,On foot,100,132,-32
E01000941,Other method of travel to work,13,10,3
E01000941,Passenger in a car or van,1,4,-3
E01000941,Taxi,3,2,1
E01000941,Train,16,36,-20
E01000941,"Underground, metro, light rail, tram",40,105,-65
E01000941,Work mainly at or from home,155,28,127
E01000942,Bicycle,19,49,-30
E01000942,"Bus, minibus or coach",20,92,-72
E01000942,Driving a car or van,23,29,-6
E01000942,"Motorcycle, scooter or moped",3,2,1
E01000942,Not in employment or aged 15 years and under,577,1263,-686
E01000942,On foot,65,225,-160
E01000942,Other method of travel to work,4,10,-6
E01000942,Passenger in a car or van,4,7,-3
E01000942,Taxi,1,3,-2
E01000942,Train,13,35,-22
E01000942,"Underground, metro, light rail, tram",55,174,-119
E01000942,Work mainly at or from home,230,68,162
E01000943,Bicycle,22,35,-13
E01000943,"Bus, minibus or coach",39,54,-15
E01000943,Driving a car or van,9,17,-8
E01000943,"Motorcycle, scooter or moped",3,5,-2
E01000943,Not in employment or aged 15 years and under,1137,424,713
E01000943,On foot,61,189,-128
E01000943,Other method of travel to work,12,7,5
E01000943,Passenger in a car or van,3,2,1
E01000943,Taxi,0,3,-3
E01000943,Train,12,33,-21
E01000943,"Underground, metro, light rail, tram",52,125,-73
E01000943,Work mainly at or from home,242,29,213
E01000944,Bicycle,22,20,2
E01000944,"Bus, minibus or coach",67,151,-84
E01000944,Driving a car or van,49,58,-9
E01000944,"Motorcycle, scooter or moped",7,2,5
E01000944,Not in employment or aged 15 years and under,919,988,-69
E01000944,On foot,90,138,-48
E01000944,Other method of travel to work,14,7,7
E01000944,Passenger in a car or van,0,2,-2
E01000944,Taxi,4,1,3
E01000944,Train,20,30,-10
E01000944,"Underground, metro, light rail, tram",60,135,-75
E01000944,Work mainly at or from home,212,20,192
E01000946,Bicycle,35,32,3
E01000946,"Bus, minibus or coach",71,115,-44
E01000946,Driving a car or van,45,62,-17
E01000946,"Motorcycle, scooter or moped",3,2,1
E01000946,Not in employment or aged 15 years and under,787,443,344
E01000946,On foot,140,201,-61
E01000946,Other method of travel to work,4,11,-7
E01000946,Passenger in a car or van,7,9,-2
E01000946,Taxi,11,15,-4
E01000946,Train,19,32,-13
E01000946,"Underground, metro, light rail, tram",48,217,-169
E01000946,Work mainly at or from home,383,60,323
E01000947,Bicycle,37,68,-31
E01000947,"Bus, minibus or coach",68,183,-115
E01000947,Driving a car or van,47,72,-25
E01000947,"Motorcycle, scooter or moped",7,6,1
E01000947,Not in employment or aged 15 years and under,832,701,131
E01000947,On foot,83,264,-181
E01000947,Other method of travel to work,12,6,6
E01000947,Passenger in a car or van,3,6,-3
E01000947,Taxi,6,4,2
E01000947,Train,33,57,-24
E01000947,"Underground, metro, light rail, tram",92,284,-192
E01000947,Work mainly at or from home,448,64,384
E01000948,Bicycle,34,93,-59
E01000948,"Bus, minibus or coach",61,141,-80
E01000948,Driving a car or van,50,78,-28
E01000948,"Motorcycle, scooter or moped",7,8,-1
E01000948,Not in employment or aged 15 years and under,775,475,300
E01000948,On foot,88,196,-108
E01000948,Other method of travel to work,7,6,1
E01000948,Passenger in a car or van,3,16,-13
E01000948,Taxi,5,8,-3
E01000948,Train,9,45,-36
E01000948,"Underground, metro, light rail, tram",63,223,-160
E01000948,Work mainly at or from home,429,91,338
E01000949,Bicycle,46,49,-3
E01000949,"Bus, minibus or coach",94,190,-96
E01000949,Driving a car or van,69,56,13
E01000949,"Motorcycle, scooter or moped",6,5,1
E01000949,Not in employment or aged 15 years and under,839,452,387
E01000949,On foot,132,202,-70
E01000949,Other method of travel to work,7,7,0
E01000949,Passenger in a car or van,5,6,-1
E01000949,Taxi,3,4,-1
E01000949,Train,18,35,-17
E01000949,"Underground, metro, light rail, tram",116,181,-65
E01000949,Work mainly at or from home,262,14,248
E01000951,Bicycle,15,28,-13
E01000951,"Bus, minibus or coach",51,114,-63
E01000951,Driving a car or van,60,51,9
E01000951,"Motorcycle, scooter or moped",13,5,8
E01000951,Not in employment or aged 15 years and under,997,609,388
E01000951,On foot,124,142,-18
E01000951,Other method of travel to work,14,4,10
E01000951,Passenger in a car or van,4,5,-1
E01000951,Taxi,0,2,-2
E01000951,Train,21,27,-6
E01000951,"Underground, metro, light rail, tram",76,109,-33
E01000951,Work mainly at or from home,163,10,153
E01000952,Bicycle,30,35,-5
E01000952,"Bus, minibus or coach",71,149,-78
E01000952,Driving a car or van,73,70,3
E01000952,"Motorcycle, scooter or moped",4,5,-1
E01000952,Not in employment or aged 15 years and under,1018,664,354
E01000952,On foot,130,155,-25
E01000952,Other method of travel to work,13,7,6
E01000952,Passenger in a car or van,7,0,7
E01000952,Taxi,5,9,-4
E01000952,Train,24,34,-10
E01000952,"Underground, metro, light rail, tram",64,155,-91
E01000952,Work mainly at or from home,253,35,218
E01000954,Bicycle,20,15,5
E01000954,"Bus, minibus or coach",104,177,-73
E01000954,Driving a car or van,65,54,11
E01000954,"Motorcycle, scooter or moped",6,3,3
E01000954,Not in employment or aged 15 years and under,1200,570,630
E01000954,On foot,101,129,-28
E01000954,Other method of travel to work,4,5,-1
E01000954,Passenger in a car or van,4,6,-2
E01000954,Taxi,2,0,2
E01000954,Train,29,31,-2
E01000954,"Underground, metro, light rail, tram",54,99,-45
E01000954,Work mainly at or from home,159,8,151
E01000955,Bicycle,38,30,8
E01000955,"Bus, minibus or coach",78,110,-32
E01000955,Driving a car or van,48,45,3
E01000955,"Motorcycle, scooter or moped",2,6,-4
E01000955,Not in employment or aged 15 years and under,871,618,253
E01000955,On foot,83,164,-81
E01000955,Other method of travel to work,9,4,5
E01000955,Passenger in a car or van,3,4,-1
E01000955,Taxi,2,6,-4
E01000955,Train,21,30,-9
E01000955,"Underground, metro, light rail, tram",51,109,-58
E01000955,Work mainly at or from home,146,15,131
E01000956,Bicycle,27,24,3
E01000956,"Bus, minibus or coach",59,151,-92
E01000956,Driving a car or van,35,46,-11
E01000956,"Motorcycle, scooter or moped",5,10,-5
E01000956,Not in employment or aged 15 years and under,933,564,369
E01000956,On foot,116,160,-44
E01000956,Other method of travel to work,7,3,4
E01000956,Passenger in a car or van,5,2,3
E01000956,Taxi,4,3,1
E01000956,Train,19,34,-15
E01000956,"Underground, metro, light rail, tram",53,121,-68
E01000956,Work mainly at or from home,237,32,205
E01000957,Bicycle,35,62,-27
E01000957,"Bus, minibus or coach",56,231,-175
E01000957,Driving a car or van,45,64,-19
E01000957,"Motorcycle, scooter or moped",2,7,-5
E01000957,Not in employment or aged 15 years and under,611,550,61
E01000957,On foot,71,152,-81
E01000957,Other method of travel to work,12,8,4
E01000957,Passenger in a car or van,2,5,-3
E01000957,Taxi,7,5,2
E01000957,Train,27,50,-23
E01000957,"Underground, metro, light rail, tram",61,201,-140
E01000957,Work mainly at or from home,388,44,344
E01000958,Bicycle,57,61,-4
E01000958,"Bus, minibus or coach",110,264,-154
E01000958,Driving a car or van,96,91,5
E01000958,"Motorcycle, scooter or moped",5,6,-1
E01000958,Not in employment or aged 15 years and under,1834,851,983
E01000958,On foot,134,192,-58
E01000958,Other method of travel to work,7,13,-6
E01000958,Passenger in a car or van,6,8,-2
E01000958,Taxi,11,4,7
E01000958,Train,39,49,-10
E01000958,"Underground, metro, light rail, tram",95,251,-156
E01000958,Work mainly at or from home,541,30,511
E01000959,Bicycle,29,28,1
E01000959,"Bus, minibus or coach",102,170,-68
E01000959,Driving a car or van,63,66,-3
E01000959,"Motorcycle, scooter or moped",5,13,-8
E01000959,Not in employment or aged 15 years and under,1065,650,415
E01000959,On foot,93,124,-31
E01000959,Other method of travel to work,12,5,7
E01000959,Passenger in a car or van,4,7,-3
E01000959,Taxi,0,5,-5
E01000959,Train,15,45,-30
E01000959,"Underground, metro, light rail, tram",66,115,-49
E01000959,Work mainly at or from home,229,24,205
E01000960,Bicycle,25,34,-9
E01000960,"Bus, minibus or coach",45,80,-35
E01000960,Driving a car or van,36,65,-29
E01000960,"Motorcycle, scooter or moped",4,7,-3
E01000960,Not in employment or aged 15 years and under,837,454,383
E01000960,On foot,64,65,-1
E01000960,Other method of travel to work,7,11,-4
E01000960,Passenger in a car or van,3,7,-4
E01000960,Taxi,2,6,-4
E01000960,Train,20,45,-25
E01000960,"Underground, metro, light rail, tram",136,528,-392
E01000960,Work mainly at or from home,686,78,608
E01000961,Bicycle,13,18,-5
E01000961,"Bus, minibus or coach",76,95,-19
E01000961,Driving a car or van,70,74,-4
E01000961,"Motorcycle, scooter or moped",0,3,-3
E01000961,Not in employment or aged 15 years and under,997,501,496
E01000961,On foot,77,73,4
E01000961,Other method of travel to work,11,4,7
E01000961,Passenger in a car or van,6,9,-3
E01000961,Taxi,9,3,6
E01000961,Train,26,33,-7
E01000961,"Underground, metro, light rail, tram",111,255,-144
E01000961,Work mainly at or from home,398,55,343
E01000962,Bicycle,37,52,-15
E01000962,"Bus, minibus or coach",17,68,-51
E01000962,Driving a car or van,46,76,-30
E01000962,"Motorcycle, scooter or moped",0,12,-12
E01000962,Not in employment or aged 15 years and under,532,254,278
E01000962,On foot,44,80,-36
E01000962,Other method of travel to work,9,5,4
E01000962,Passenger in a car or van,6,1,5
E01000962,Taxi,7,3,4
E01000962,Train,12,68,-56
E01000962,"Underground, metro, light rail, tram",108,644,-536
E01000962,Work mainly at or from home,718,67,651
E01000963,Bicycle,19,17,2
E01000963,"Bus, minibus or coach",28,82,-54
E01000963,Driving a car or van,38,100,-62
E01000963,"Motorcycle, scooter or moped",1,7,-6
E01000963,Not in employment or aged 15 years and under,1062,563,499
E01000963,On foot,50,56,-6
E01000963,Other method of travel to work,15,9,6
E01000963,Passenger in a car or van,5,9,-4
E01000963,Taxi,10,10,0
E01000963,Train,11,34,-23
E01000963,"Underground, metro, light rail, tram",92,426,-334
E01000963,Work mainly at or from home,591,103,488
E01000964,Bicycle,30,38,-8
E01000964,"Bus, minibus or coach",33,59,-26
E01000964,Driving a car or van,68,77,-9
E01000964,"Motorcycle, scooter or moped",0,7,-7
E01000964,Not in employment or aged 15 years and under,802,378,424
E01000964,On foot,49,70,-21
E01000964,Other method of travel to work,7,5,2
E01000964,Passenger in a car or van,6,4,2
E01000964,Taxi,5,6,-1
E01000964,Train,25,66,-41
E01000964,"Underground, metro, light rail, tram",129,443,-314
E01000964,Work mainly at or from home,572,67,505
E01000965,Bicycle,25,33,-8
E01000965,"Bus, minibus or coach",42,103,-61
E01000965,Driving a car or van,69,112,-43
E01000965,"Motorcycle, scooter or moped",4,19,-15
E01000965,Not in employment or aged 15 years and under,742,315,427
E01000965,On foot,48,57,-9
E01000965,Other method of travel to work,12,3,9
E01000965,Passenger in a car or van,5,4,1
E01000965,Taxi,8,2,6
E01000965,Train,28,91,-63
E01000965,"Underground, metro, light rail, tram",98,451,-353
E01000965,Work mainly at or from home,636,53,583
E01000966,Bicycle,20,52,-32
E01000966,"Bus, minibus or coach",15,63,-48
E01000966,Driving a car or van,53,104,-51
E01000966,"Motorcycle, scooter or moped",1,15,-14
E01000966,Not in employment or aged 15 years and under,617,240,377
E01000966,On foot,49,68,-19
E01000966,Other method of travel to work,3,12,-9
E01000966,Passenger in a car or van,7,8,-1
E01000966,Taxi,11,5,6
E01000966,Train,12,62,-50
E01000966,"Underground, metro, light rail, tram",109,516,-407
E01000966,Work mainly at or from home,728,92,636
E01000967,Bicycle,23,32,-9
E01000967,"Bus, minibus or coach",22,58,-36
E01000967,Driving a car or van,61,113,-52
E01000967,"Motorcycle, scooter or moped",1,15,-14
E01000967,Not in employment or aged 15 years and under,829,347,482
E01000967,On foot,61,72,-11
E01000967,Other method of travel to work,8,15,-7
E01000967,Passenger in a car or van,6,6,0
E01000967,Taxi,10,11,-1
E01000967,Train,3,21,-18
E01000967,"Underground, metro, light rail, tram",68,247,-179
E01000967,Work mainly at or from home,443,94,349
E01000968,Bicycle,17,51,-34
E01000968,"Bus, minibus or coach",24,56,-32
E01000968,Driving a car or van,48,87,-39
E01000968,"Motorcycle, scooter or moped",4,7,-3
E01000968,Not in employment or aged 15 years and under,538,302,236
E01000968,On foot,45,45,0
E01000968,Other method of travel to work,5,7,-2
E01000968,Passenger in a car or van,4,3,1
E01000968,Taxi,2,4,-2
E01000968,Train,18,93,-75
E01000968,"Underground, metro, light rail, tram",121,563,-442
E01000968,Work mainly at or from home,638,57,581
E01000969,Bicycle,33,45,-12
E01000969,"Bus, minibus or coach",24,63,-39
E01000969,Driving a car or van,46,135,-89
E01000969,"Motorcycle, scooter or moped",10,16,-6
E01000969,Not in employment or aged 15 years and under,650,351,299
E01000969,On foot,62,70,-8
E01000969,Other method of travel to work,5,10,-5
E01000969,Passenger in a car or van,2,5,-3
E01000969,Taxi,6,3,3
E01000969,Train,26,227,-201
E01000969,"Underground, metro, light rail, tram",139,725,-586
E01000969,Work mainly at or from home,837,70,767
E01000970,Bicycle,21,54,-33
E01000970,"Bus, minibus or coach",18,70,-52
E01000970,Driving a car or van,52,98,-46
E01000970,"Motorcycle, scooter or moped",0,8,-8
E01000970,Not in employment or aged 15 years and under,435,233,202
E01000970,On foot,45,37,8
E01000970,Other method of travel to work,3,4,-1
E01000970,Passenger in a car or van,1,10,-9
E01000970,Taxi,3,4,-1
E01000970,Train,40,185,-145
E01000970,"Underground, metro, light rail, tram",113,580,-467
E01000970,Work mainly at or from home,680,48,632
E01000971,Bicycle,21,38,-17
E01000971,"Bus, minibus or coach",18,59,-41
E01000971,Driving a car or van,42,99,-57
E01000971,"Motorcycle, scooter or moped",7,9,-2
E01000971,Not in employment or aged 15 years and under,577,274,303
E01000971,On foot,31,43,-12
E01000971,Other method of travel to work,10,7,3
E01000971,Passenger in a car or van,1,7,-6
E01000971,Taxi,3,5,-2
E01000971,Train,22,148,-126
E01000971,"Underground, metro, light rail, tram",83,417,-334
E01000971,Work mainly at or from home,507,71,436
E01000972,Bicycle,22,56,-34
E01000972,"Bus, minibus or coach",69,92,-23
E01000972,Driving a car or van,73,90,-17
E01000972,"Motorcycle, scooter or moped",8,7,1
E01000972,Not in employment or aged 15 years and under,992,626,366
E01000972,On foot,82,89,-7
E01000972,Other method of travel to work,10,13,-3
E01000972,Passenger in a car or van,3,6,-3
E01000972,Taxi,6,4,2
E01000972,Train,49,106,-57
E01000972,"Underground, metro, light rail, tram",177,475,-298
E01000972,Work mainly at or from home,472,47,425
E01000973,Bicycle,40,42,-2
E01000973,"Bus, minibus or coach",57,88,-31
E01000973,Driving a car or van,83,101,-18
E01000973,"Motorcycle, scooter or moped",3,11,-8
E01000973,Not in employment or aged 15 years and under,1102,464,638
E01000973,On foot,70,78,-8
E01000973,Other method of travel to work,7,1,6
E01000973,Passenger in a car or van,10,4,6
E01000973,Taxi,4,3,1
E01000973,Train,57,156,-99
E01000973,"Underground, metro, light rail, tram",210,614,-404
E01000973,Work mainly at or from home,921,51,870
E01000974,Bicycle,32,45,-13
E01000974,"Bus, minibus or coach",37,92,-55
E01000974,Driving a car or van,76,107,-31
E01000974,"Motorcycle, scooter or moped",2,11,-9
E01000974,Not in employment or aged 15 years and under,739,474,265
E01000974,On foot,52,74,-22
E01000974,Other method of travel to work,8,2,6
E01000974,Passenger in a car or van,3,3,0
E01000974,Taxi,3,3,0
E01000974,Train,39,101,-62
E01000974,"Underground, metro, light rail, tram",137,464,-327
E01000974,Work mainly at or from home,452,38,414
E01000975,Bicycle,13,8,5
E01000975,"Bus, minibus or coach",101,68,33
E01000975,Driving a car or van,228,174,54
E01000975,"Motorcycle, scooter or moped",10,6,4
E01000975,Not in employment or aged 15 years and under,983,352,631
E01000975,On foot,83,129,-46
E01000975,Other method of travel to work,16,9,7
E01000975,Passenger in a car or van,19,16,3
E01000975,Taxi,6,1,5
E01000975,Train,191,408,-217
E01000975,"Underground, metro, light rail, tram",74,69,5
E01000975,Work mainly at or from home,624,47,577
E01000976,Bicycle,25,11,14
E01000976,"Bus, minibus or coach",101,124,-23
E01000976,Driving a car or van,226,205,21
E01000976,"Motorcycle, scooter or moped",4,8,-4
E01000976,Not in employment or aged 15 years and under,1015,467,548
E01000976,On foot,83,140,-57
E01000976,Other method of travel to work,18,9,9
E01000976,Passenger in a car or van,13,11,2
E01000976,Taxi,6,1,5
E01000976,Train,160,362,-202
E01000976,"Underground, metro, light rail, tram",71,77,-6
E01000976,Work mainly at or from home,424,37,387
E01000977,Bicycle,13,18,-5
E01000977,"Bus, minibus or coach",95,81,14
E01000977,Driving a car or van,193,174,19
E01000977,"Motorcycle, scooter or moped",9,5,4
E01000977,Not in employment or aged 15 years and under,1014,468,546
E01000977,On foot,72,79,-7
E01000977,Other method of travel to work,14,4,10
E01000977,Passenger in a car or van,12,11,1
E01000977,Taxi,2,2,0
E01000977,Train,96,339,-243
E01000977,"Underground, metro, light rail, tram",91,142,-51
E01000977,Work mainly at or from home,338,27,311
E01000978,Bicycle,6,16,-10
E01000978,"Bus, minibus or coach",108,105,3
E01000978,Driving a car or van,170,206,-36
E01000978,"Motorcycle, scooter or moped",9,12,-3
E01000978,Not in employment or aged 15 years and under,794,393,401
E01000978,On foot,29,111,-82
E01000978,Other method of travel to work,13,3,10
E01000978,Passenger in a car or van,9,18,-9
E01000978,Taxi,1,2,-1
E01000978,Train,134,403,-269
E01000978,"Underground, metro, light rail, tram",67,112,-45
E01000978,Work mainly at or from home,396,43,353
E01000979,Bicycle,10,9,1
E01000979,"Bus, minibus or coach",104,95,9
E01000979,Driving a car or van,155,177,-22
E01000979,"Motorcycle, scooter or moped",4,5,-1
E01000979,Not in employment or aged 15 years and under,738,323,415
E01000979,On foot,57,116,-59
E01000979,Other method of travel to work,8,12,-4
E01000979,Passenger in a car or van,22,4,18
E01000979,Taxi,2,3,-1
E01000979,Train,124,462,-338
E01000979,"Underground, metro, light rail, tram",60,98,-38
E01000979,Work mainly at or from home,472,44,428
E01000980,Bicycle,15,13,2
E01000980,"Bus, minibus or coach",82,103,-21
E01000980,Driving a car or van,187,225,-38
E01000980,"Motorcycle, scooter or moped",8,4,4
E01000980,Not in employment or aged 15 years and under,783,324,459
E01000980,On foot,31,73,-42
E01000980,Other method of travel to work,18,2,16
E01000980,Passenger in a car or van,15,9,6
E01000980,Taxi,3,4,-1
E01000980,Train,50,212,-162
E01000980,"Underground, metro, light rail, tram",25,50,-25
E01000980,Work mainly at or from home,276,26,250
E01000981,Bicycle,9,13,-4
E01000981,"Bus, minibus or coach",78,93,-15
E01000981,Driving a car or van,257,274,-17
E01000981,"Motorcycle, scooter or moped",6,5,1
E01000981,Not in employment or aged 15 years and under,806,334,472
E01000981,On foot,51,89,-38
E01000981,Other method of travel to work,8,5,3
E01000981,Passenger in a car or van,18,23,-5
E01000981,Taxi,5,4,1
E01000981,Train,75,238,-163
E01000981,"Underground, metro, light rail, tram",51,87,-36
E01000981,Work mainly at or from home,359,22,337
E01000982,Bicycle,15,15,0
E01000982,"Bus, minibus or coach",100,96,4
E01000982,Driving a car or van,195,234,-39
E01000982,"Motorcycle, scooter or moped",6,6,0
E01000982,Not in employment or aged 15 years and under,784,360,424
E01000982,On foot,49,110,-61
E01000982,Other method of travel to work,5,4,1
E01000982,Passenger in a car or van,18,24,-6
E01000982,Taxi,4,4,0
E01000982,Train,85,274,-189
E01000982,"Underground, metro, light rail, tram",36,62,-26
E01000982,Work mainly at or from home,385,24,361
E01000983,Bicycle,11,9,2
E01000983,"Bus, minibus or coach",105,80,25
E01000983,Driving a car or van,232,305,-73
E01000983,"Motorcycle, scooter or moped",10,3,7
E01000983,Not in employment or aged 15 years and under,759,358,401
E01000983,On foot,52,98,-46
E01000983,Other method of travel to work,3,11,-8
E01000983,Passenger in a car or van,16,20,-4
E01000983,Taxi,3,2,1
E01000983,Train,106,265,-159
E01000983,"Underground, metro, light rail, tram",63,137,-74
E01000983,Work mainly at or from home,452,23,429
E01000984,Bicycle,16,18,-2
E01000984,"Bus, minibus or coach",87,113,-26
E01000984,Driving a car or van,184,196,-12
E01000984,"Motorcycle, scooter or moped",5,9,-4
E01000984,Not in employment or aged 15 years and under,1019,464,555
E01000984,On foot,64,130,-66
E01000984,Other method of travel to work,10,4,6
E01000984,Passenger in a car or van,14,13,1
E01000984,Taxi,8,0,8
E01000984,Train,98,283,-185
E01000984,"Underground, metro, light rail, tram",55,50,5
E01000984,Work mainly at or from home,344,45,299
E01000985,Bicycle,8,5,3
E01000985,"Bus, minibus or coach",49,112,-63
E01000985,Driving a car or van,205,291,-86
E01000985,"Motorcycle, scooter or moped",3,9,-6
E01000985,Not in employment or aged 15 years and under,763,338,425
E01000985,On foot,31,51,-20
E01000985,Other method of travel to work,7,3,4
E01000985,Passenger in a car or van,13,15,-2
E01000985,Taxi,0,4,-4
E01000985,Train,39,170,-131
E01000985,"Underground, metro, light rail, tram",18,47,-29
E01000985,Work mainly at or from home,313,40,273
E01000986,Bicycle,11,16,-5
E01000986,"Bus, minibus or coach",45,85,-40
E01000986,Driving a car or van,225,279,-54
E01000986,"Motorcycle, scooter or moped",5,12,-7
E01000986,Not in employment or aged 15 years and under,917,395,522
E01000986,On foot,30,62,-32
E01000986,Other method of travel to work,7,5,2
E01000986,Passenger in a car or van,9,18,-9
E01000986,Taxi,4,5,-1
E01000986,Train,74,238,-164
E01000986,"Underground, metro, light rail, tram",42,85,-43
E01000986,Work mainly at or from home,406,62,344
E01000987,Bicycle,6,4,2
E01000987,"Bus, minibus or coach",31,63,-32
E01000987,Driving a car or van,214,281,-67
E01000987,"Motorcycle, scooter or moped",2,10,-8
E01000987,Not in employment or aged 15 years and under,627,310,317
E01000987,On foot,22,80,-58
E01000987,Other method of travel to work,14,6,8
E01000987,Passenger in a car or van,17,19,-2
E01000987,Taxi,1,4,-3
E01000987,Train,59,208,-149
E01000987,"Underground, metro, light rail, tram",33,71,-38
E01000987,Work mainly at or from home,331,32,299
E01000989,Bicycle,2,11,-9
E01000989,"Bus, minibus or coach",48,52,-4
E01000989,Driving a car or van,356,485,-129
E01000989,"Motorcycle, scooter or moped",7,13,-6
E01000989,Not in employment or aged 15 years and under,836,338,498
E01000989,On foot,25,39,-14
E01000989,Other method of travel to work,5,5,0
E01000989,Passenger in a car or van,29,28,1
E01000989,Taxi,3,6,-3
E01000989,Train,66,166,-100
E01000989,"Underground, metro, light rail, tram",26,62,-36
E01000989,Work mainly at or from home,329,30,299
E01000990,Bicycle,8,8,0
E01000990,"Bus, minibus or coach",71,73,-2
E01000990,Driving a car or van,200,208,-8
E01000990,"Motorcycle, scooter or moped",1,9,-8
E01000990,Not in employment or aged 15 years and under,859,433,426
E01000990,On foot,34,30,4
E01000990,Other method of travel to work,10,8,2
E01000990,Passenger in a car or van,10,16,-6
E01000990,Taxi,1,4,-3
E01000990,Train,51,82,-31
E01000990,"Underground, metro, light rail, tram",47,112,-65
E01000990,Work mainly at or from home,151,17,134
E01000991,Bicycle,9,6,3
E01000991,"Bus, minibus or coach",30,62,-32
E01000991,Driving a car or van,318,436,-118
E01000991,"Motorcycle, scooter or moped",7,8,-1
E01000991,Not in employment or aged 15 years and under,915,360,555
E01000991,On foot,28,23,5
E01000991,Other method of travel to work,6,9,-3
E01000991,Passenger in a car or van,16,17,-1
E01000991,Taxi,3,5,-2
E01000991,Train,44,179,-135
E01000991,"Underground, metro, light rail, tram",27,56,-29
E01000991,Work mainly at or from home,333,51,282
E01000992,Bicycle,4,14,-10
E01000992,"Bus, minibus or coach",98,98,0
E01000992,Driving a car or van,274,300,-26
E01000992,"Motorcycle, scooter or moped",10,6,4
E01000992,Not in employment or aged 15 years and under,974,523,451
E01000992,On foot,51,54,-3
E01000992,Other method of travel to work,15,8,7
E01000992,Passenger in a car or van,22,27,-5
E01000992,Taxi,4,2,2
E01000992,Train,64,187,-123
E01000992,"Underground, metro, light rail, tram",62,125,-63
E01000992,Work mainly at or from home,300,26,274
E01000993,Bicycle,11,5,6
E01000993,"Bus, minibus or coach",57,64,-7
E01000993,Driving a car or van,214,290,-76
E01000993,"Motorcycle, scooter or moped",4,7,-3
E01000993,Not in employment or aged 15 years and under,831,360,471
E01000993,On foot,57,71,-14
E01000993,Other method of travel to work,9,19,-10
E01000993,Passenger in a car or van,18,17,1
E01000993,Taxi,1,4,-3
E01000993,Train,59,203,-144
E01000993,"Underground, metro, light rail, tram",51,113,-62
E01000993,Work mainly at or from home,337,41,296
E01000994,Bicycle,27,18,9
E01000994,"Bus, minibus or coach",88,136,-48
E01000994,Driving a car or van,207,269,-62
E01000994,"Motorcycle, scooter or moped",49,5,44
E01000994,Not in employment or aged 15 years and under,835,437,398
E01000994,On foot,40,37,3
E01000994,Other method of travel to work,13,6,7
E01000994,Passenger in a car or van,17,27,-10
E01000994,Taxi,1,2,-1
E01000994,Train,44,138,-94
E01000994,"Underground, metro, light rail, tram",33,56,-23
E01000994,Work mainly at or from home,241,22,219
E01000995,Bicycle,11,9,2
E01000995,"Bus, minibus or coach",152,191,-39
E01000995,Driving a car or van,192,200,-8
E01000995,"Motorcycle, scooter or moped",17,4,13
E01000995,Not in employment or aged 15 years and under,926,428,498
E01000995,On foot,41,57,-16
E01000995,Other method of travel to work,12,4,8
E01000995,Passenger in a car or van,13,12,1
E01000995,Taxi,9,2,7
E01000995,Train,55,158,-103
E01000995,"Underground, metro, light rail, tram",59,49,10
E01000995,Work mainly at or from home,227,23,204
E01000996,Bicycle,12,8,4
E01000996,"Bus, minibus or coach",81,123,-42
E01000996,Driving a car or van,196,233,-37
E01000996,"Motorcycle, scooter or moped",11,5,6
E01000996,Not in employment or aged 15 years and under,695,319,376
E01000996,On foot,26,43,-17
E01000996,Other method of travel to work,7,4,3
E01000996,Passenger in a car or van,10,10,0
E01000996,Taxi,3,3,0
E01000996,Train,48,160,-112
E01000996,"Underground, metro, light rail, tram",36,27,9
E01000996,Work mainly at or from home,209,14,195
E01000997,Bicycle,9,9,0
E01000997,"Bus, minibus or coach",112,152,-40
E01000997,Driving a car or van,175,188,-13
E01000997,"Motorcycle, scooter or moped",8,6,2
E01000997,Not in employment or aged 15 years and under,844,380,464
E01000997,On foot,32,45,-13
E01000997,Other method of travel to work,6,6,0
E01000997,Passenger in a car or van,15,14,1
E01000997,Taxi,9,2,7
E01000997,Train,98,157,-59
E01000997,"Underground, metro, light rail, tram",30,24,6
E01000997,Work mainly at or from home,162,22,140
E01000998,Bicycle,11,5,6
E01000998,"Bus, minibus or coach",124,168,-44
E01000998,Driving a car or van,148,204,-56
E01000998,"Motorcycle, scooter or moped",10,8,2
E01000998,Not in employment or aged 15 years and under,778,436,342
E01000998,On foot,39,47,-8
E01000998,Other method of travel to work,33,13,20
E01000998,Passenger in a car or van,6,15,-9
E01000998,Taxi,7,2,5
E01000998,Train,95,191,-96
E01000998,"Underground, metro, light rail, tram",47,60,-13
E01000998,Work mainly at or from home,197,21,176
E01000999,Bicycle,15,5,10
E01000999,"Bus, minibus or coach",111,141,-30
E01000999,Driving a car or van,167,223,-56
E01000999,"Motorcycle, scooter or moped",2,6,-4
E01000999,Not in employment or aged 15 years and under,725,373,352
E01000999,On foot,46,50,-4
E01000999,Other method of travel to work,11,3,8
E01000999,Passenger in a car or van,10,21,-11
E01000999,Taxi,1,1,0
E01000999,Train,41,130,-89
E01000999,"Underground, metro, light rail, tram",23,42,-19
E01000999,Work mainly at or from home,172,21,151
E01001000,Bicycle,15,9,6
E01001000,"Bus, minibus or coach",96,122,-26
E01001000,Driving a car or van,163,183,-20
E01001000,"Motorcycle, scooter or moped",6,6,0
E01001000,Not in employment or aged 15 years and under,684,328,356
E01001000,On foot,56,63,-7
E01001000,Other method of travel to work,20,5,15
E01001000,Passenger in a car or van,11,9,2
E01001000,Taxi,7,2,5
E01001000,Train,91,153,-62
E01001000,"Underground, metro, light rail, tram",29,52,-23
E01001000,Work mainly at or from home,156,13,143
E01001001,Bicycle,6,8,-2
E01001001,"Bus, minibus or coach",116,124,-8
E01001001,Driving a car or van,170,166,4
E01001001,"Motorcycle, scooter or moped",5,9,-4
E01001001,Not in employment or aged 15 years and under,753,352,401
E01001001,On foot,46,35,11
E01001001,Other method of travel to work,20,3,17
E01001001,Passenger in a car or van,11,11,0
E01001001,Taxi,3,1,2
E01001001,Train,99,118,-19
E01001001,"Underground, metro, light rail, tram",27,26,1
E01001001,Work mainly at or from home,155,8,147
E01001002,Bicycle,12,6,6
E01001002,"Bus, minibus or coach",115,122,-7
E01001002,Driving a car or van,194,212,-18
E01001002,"Motorcycle, scooter or moped",7,6,1
E01001002,Not in employment or aged 15 years and under,789,342,447
E01001002,On foot,67,52,15
E01001002,Other method of travel to work,5,7,-2
E01001002,Passenger in a car or van,10,10,0
E01001002,Taxi,2,1,1
E01001002,Train,64,152,-88
E01001002,"Underground, metro, light rail, tram",35,42,-7
E01001002,Work mainly at or from home,170,17,153
E01001003,Bicycle,9,5,4
E01001003,"Bus, minibus or coach",134,148,-14
E01001003,Driving a car or van,208,239,-31
E01001003,"Motorcycle, scooter or moped",12,4,8
E01001003,Not in employment or aged 15 years and under,832,345,487
E01001003,On foot,70,92,-22
E01001003,Other method of travel to work,15,4,11
E01001003,Passenger in a car or van,20,10,10
E01001003,Taxi,3,1,2
E01001003,Train,70,174,-104
E01001003,"Underground, metro, light rail, tram",48,40,8
E01001003,Work mainly at or from home,172,19,153
E01001004,Bicycle,19,15,4
E01001004,"Bus, minibus or coach",151,186,-35
E01001004,Driving a car or van,311,311,0
E01001004,"Motorcycle, scooter or moped",11,12,-1
E01001004,Not in employment or aged 15 years and under,1127,534,593
E01001004,On foot,97,106,-9
E01001004,Other method of travel to work,16,4,12
E01001004,Passenger in a car or van,12,23,-11
E01001004,Taxi,9,2,7
E01001004,Train,111,172,-61
E01001004,"Underground, metro, light rail, tram",32,71,-39
E01001004,Work mainly at or from home,285,34,251
E01001005,Bicycle,14,7,7
E01001005,"Bus, minibus or coach",177,198,-21
E01001005,Driving a car or van,215,195,20
E01001005,"Motorcycle, scooter or moped",5,3,2
E01001005,Not in employment or aged 15 years and under,903,425,478
E01001005,On foot,116,149,-33
E01001005,Other method of travel to work,23,13,10
E01001005,Passenger in a car or van,16,12,4
E01001005,Taxi,6,0,6
E01001005,Train,52,96,-44
E01001005,"Underground, metro, light rail, tram",46,49,-3
E01001005,Work mainly at or from home,161,25,136
E01001006,Bicycle,10,9,1
E01001006,"Bus, minibus or coach",82,84,-2
E01001006,Driving a car or van,261,255,6
E01001006,"Motorcycle, scooter or moped",7,5,2
E01001006,Not in employment or aged 15 years and under,940,353,587
E01001006,On foot,62,60,2
E01001006,Other method of travel to work,12,2,10
E01001006,Passenger in a car or van,11,18,-7
E01001006,Taxi,5,2,3
E01001006,Train,54,99,-45
E01001006,"Underground, metro, light rail, tram",90,137,-47
E01001006,Work mainly at or from home,260,21,239
E01001007,Bicycle,10,8,2
E01001007,"Bus, minibus or coach",134,141,-7
E01001007,Driving a car or van,314,317,-3
E01001007,"Motorcycle, scooter or moped",7,8,-1
E01001007,Not in employment or aged 15 years and under,1043,552,491
E01001007,On foot,63,80,-17
E01001007,Other method of travel to work,20,4,16
E01001007,Passenger in a car or van,36,23,13
E01001007,Taxi,2,2,0
E01001007,Train,40,116,-76
E01001007,"Underground, metro, light rail, tram",103,126,-23
E01001007,Work mainly at or from home,209,19,190
E01001008,Bicycle,9,7,2
E01001008,"Bus, minibus or coach",120,176,-56
E01001008,Driving a car or van,256,301,-45
E01001008,"Motorcycle, scooter or moped",6,2,4
E01001008,Not in employment or aged 15 years and under,969,518,451
E01001008,On foot,86,112,-26
E01001008,Other method of travel to work,6,5,1
E01001008,Passenger in a car or van,16,32,-16
E01001008,Taxi,8,2,6
E01001008,Train,30,98,-68
E01001008,"Underground, metro, light rail, tram",48,51,-3
E01001008,Work mainly at or from home,114,22,92
E01001009,Bicycle,19,12,7
E01001009,"Bus, minibus or coach",164,154,10
E01001009,Driving a car or van,263,172,91
E01001009,"Motorcycle, scooter or moped",7,1,6
E01001009,Not in employment or aged 15 years and under,1089,400,689
E01001009,On foot,112,102,10
E01001009,Other method of travel to work,19,5,14
E01001009,Passenger in a car or van,20,11,9
E01001009,Taxi,8,0,8
E01001009,Train,55,118,-63
E01001009,"Underground, metro, light rail, tram",61,55,6
E01001009,Work mainly at or from home,238,16,222
E01001010,Bicycle,3,11,-8
E01001010,"Bus, minibus or coach",85,112,-27
E01001010,Driving a car or van,231,215,16
E01001010,"Motorcycle, scooter or moped",5,5,0
E01001010,Not in employment or aged 15 years and under,950,383,567
E01001010,On foot,97,123,-26
E01001010,Other method of travel to work,17,3,14
E01001010,Passenger in a car or van,22,28,-6
E01001010,Taxi,6,1,5
E01001010,Train,59,78,-19
E01001010,"Underground, metro, light rail, tram",48,69,-21
E01001010,Work mainly at or from home,177,12,165
E01001011,Bicycle,17,12,5
E01001011,"Bus, minibus or coach",239,228,11
E01001011,Driving a car or van,188,199,-11
E01001011,"Motorcycle, scooter or moped",8,5,3
E01001011,Not in employment or aged 15 years and under,1325,530,795
E01001011,On foot,139,139,0
E01001011,Other method of travel to work,15,16,-1
E01001011,Passenger in a car or van,16,19,-3
E01001011,Taxi,5,3,2
E01001011,Train,91,168,-77
E01001011,"Underground, metro, light rail, tram",76,72,4
E01001011,Work mainly at or from home,195,18,177
E01001012,Bicycle,16,12,4
E01001012,"Bus, minibus or coach",184,166,18
E01001012,Driving a car or van,189,177,12
E01001012,"Motorcycle, scooter or moped",11,5,6
E01001012,Not in employment or aged 15 years and under,1129,598,531
E01001012,On foot,108,152,-44
E01001012,Other method of travel to work,15,8,7
E01001012,Passenger in a car or van,15,10,5
E01001012,Taxi,4,2,2
E01001012,Train,144,197,-53
E01001012,"Underground, metro, light rail, tram",56,83,-27
E01001012,Work mainly at or from home,219,30,189
E01001013,Bicycle,13,6,7
E01001013,"Bus, minibus or coach",150,163,-13
E01001013,Driving a car or van,174,153,21
E01001013,"Motorcycle, scooter or moped",7,4,3
E01001013,Not in employment or aged 15 years and under,1411,688,723
E01001013,On foot,105,152,-47
E01001013,Other method of travel to work,18,12,6
E01001013,Passenger in a car or van,17,11,6
E01001013,Taxi,4,3,1
E01001013,Train,75,161,-86
E01001013,"Underground, metro, light rail, tram",52,62,-10
E01001013,Work mainly at or from home,168,30,138
E01001015,Bicycle,1,2,-1
E01001015,"Bus, minibus or coach",39,73,-34
E01001015,Driving a car or van,217,313,-96
E01001015,"Motorcycle, scooter or moped",2,1,1
E01001015,Not in employment or aged 15 years and under,837,369,468
E01001015,On foot,38,42,-4
E01001015,Other method of travel to work,2,6,-4
E01001015,Passenger in a car or van,18,16,2
E01001015,Taxi,3,1,2
E01001015,Train,56,169,-113
E01001015,"Underground, metro, light rail, tram",8,6,2
E01001015,Work mainly at or from home,269,38,231
E01001016,Bicycle,5,10,-5
E01001016,"Bus, minibus or coach",29,57,-28
E01001016,Driving a car or van,275,419,-144
E01001016,"Motorcycle, scooter or moped",2,13,-11
E01001016,Not in employment or aged 15 years and under,943,420,523
E01001016,On foot,31,35,-4
E01001016,Other method of travel to work,9,7,2
E01001016,Passenger in a car or van,19,23,-4
E01001016,Taxi,2,4,-2
E01001016,Train,58,192,-134
E01001016,"Underground, metro, light rail, tram",10,10,0
E01001016,Work mainly at or from home,372,37,335
E01001017,Bicycle,7,14,-7
E01001017,"Bus, minibus or coach",19,31,-12
E01001017,Driving a car or van,278,434,-156
E01001017,"Motorcycle, scooter or moped",0,7,-7
E01001017,Not in employment or aged 15 years and under,817,388,429
E01001017,On foot,14,29,-15
E01001017,Other method of travel to work,7,5,2
E01001017,Passenger in a car or van,13,15,-2
E01001017,Taxi,2,0,2
E01001017,Train,58,225,-167
E01001017,"Underground, metro, light rail, tram",2,6,-4
E01001017,Work mainly at or from home,426,54,372
E01001018,Bicycle,3,5,-2
E01001018,"Bus, minibus or coach",32,56,-24
E01001018,Driving a car or van,357,469,-112
E01001018,"Motorcycle, scooter or moped",7,12,-5
E01001018,Not in employment or aged 15 years and under,826,314,512
E01001018,On foot,30,40,-10
E01001018,Other method of travel to work,9,1,8
E01001018,Passenger in a car or van,15,24,-9
E01001018,Taxi,2,2,0
E01001018,Train,56,142,-86
E01001018,"Underground, metro, light rail, tram",5,9,-4
E01001018,Work mainly at or from home,308,39,269
E01001019,Bicycle,8,5,3
E01001019,"Bus, minibus or coach",13,42,-29
E01001019,Driving a car or van,219,382,-163
E01001019,"Motorcycle, scooter or moped",2,5,-3
E01001019,Not in employment or aged 15 years and under,785,360,425
E01001019,On foot,21,33,-12
E01001019,Other method of travel to work,4,3,1
E01001019,Passenger in a car or van,12,17,-5
E01001019,Taxi,0,2,-2
E01001019,Train,40,190,-150
E01001019,"Underground, metro, light rail, tram",4,6,-2
E01001019,Work mainly at or from home,355,43,312
E01001020,Bicycle,6,7,-1
E01001020,"Bus, minibus or coach",31,58,-27
E01001020,Driving a car or van,304,439,-135
E01001020,"Motorcycle, scooter or moped",5,8,-3
E01001020,Not in employment or aged 15 years and under,875,368,507
E01001020,On foot,30,45,-15
E01001020,Other method of travel to work,7,7,0
E01001020,Passenger in a car or van,13,33,-20
E01001020,Taxi,2,3,-1
E01001020,Train,36,147,-111
E01001020,"Underground, metro, light rail, tram",8,4,4
E01001020,Work mainly at or from home,334,40,294
E01001021,Bicycle,3,6,-3
E01001021,"Bus, minibus or coach",69,69,0
E01001021,Driving a car or van,257,262,-5
E01001021,"Motorcycle, scooter or moped",1,3,-2
E01001021,Not in employment or aged 15 years and under,805,361,444
E01001021,On foot,29,42,-13
E01001021,Other method of travel to work,11,2,9
E01001021,Passenger in a car or van,18,18,0
E01001021,Taxi,1,1,0
E01001021,Train,39,66,-27
E01001021,"Underground, metro, light rail, tram",9,6,3
E01001021,Work mainly at or from home,117,22,95
E01001022,Bicycle,5,3,2
E01001022,"Bus, minibus or coach",15,32,-17
E01001022,Driving a car or van,290,383,-93
E01001022,"Motorcycle, scooter or moped",9,6,3
E01001022,Not in employment or aged 15 years and under,800,366,434
E01001022,On foot,22,23,-1
E01001022,Other method of travel to work,4,8,-4
E01001022,Passenger in a car or van,12,19,-7
E01001022,Taxi,2,7,-5
E01001022,Train,39,105,-66
E01001022,"Underground, metro, light rail, tram",6,5,1
E01001022,Work mainly at or from home,276,44,232
E01001023,Bicycle,6,7,-1
E01001023,"Bus, minibus or coach",89,89,0
E01001023,Driving a car or van,361,299,62
E01001023,"Motorcycle, scooter or moped",8,4,4
E01001023,Not in employment or aged 15 years and under,1247,286,961
E01001023,On foot,65,65,0
E01001023,Other method of travel to work,11,9,2
E01001023,Passenger in a car or van,18,21,-3
E01001023,Taxi,7,1,6
E01001023,Train,114,141,-27
E01001023,"Underground, metro, light rail, tram",16,11,5
E01001023,Work mainly at or from home,657,24,633
E01001024,Bicycle,6,4,2
E01001024,"Bus, minibus or coach",25,61,-36
E01001024,Driving a car or van,205,375,-170
E01001024,"Motorcycle, scooter or moped",2,3,-1
E01001024,Not in employment or aged 15 years and under,672,325,347
E01001024,On foot,34,53,-19
E01001024,Other method of travel to work,3,6,-3
E01001024,Passenger in a car or van,15,17,-2
E01001024,Taxi,3,4,-1
E01001024,Train,55,180,-125
E01001024,"Underground, metro, light rail, tram",6,6,0
E01001024,Work mainly at or from home,315,28,287
E01001025,Bicycle,8,8,0
E01001025,"Bus, minibus or coach",17,33,-16
E01001025,Driving a car or van,273,351,-78
E01001025,"Motorcycle, scooter or moped",5,4,1
E01001025,Not in employment or aged 15 years and under,646,281,365
E01001025,On foot,22,30,-8
E01001025,Other method of travel to work,8,1,7
E01001025,Passenger in a car or van,11,19,-8
E01001025,Taxi,6,8,-2
E01001025,Train,56,162,-106
E01001025,"Underground, metro, light rail, tram",12,5,7
E01001025,Work mainly at or from home,286,38,248
E01001026,Bicycle,4,6,-2
E01001026,"Bus, minibus or coach",31,61,-30
E01001026,Driving a car or van,383,492,-109
E01001026,"Motorcycle, scooter or moped",7,11,-4
E01001026,Not in employment or aged 15 years and under,963,351,612
E01001026,On foot,36,48,-12
E01001026,Other method of travel to work,7,4,3
E01001026,Passenger in a car or van,25,24,1
E01001026,Taxi,3,6,-3
E01001026,Train,63,189,-126
E01001026,"Underground, metro, light rail, tram",11,12,-1
E01001026,Work mainly at or from home,343,41,302
E01001027,Bicycle,7,7,0
E01001027,"Bus, minibus or coach",35,47,-12
E01001027,Driving a car or van,451,456,-5
E01001027,"Motorcycle, scooter or moped",4,5,-1
E01001027,Not in employment or aged 15 years and under,1365,329,1036
E01001027,On foot,43,40,3
E01001027,Other method of travel to work,15,5,10
E01001027,Passenger in a car or van,18,20,-2
E01001027,Taxi,8,2,6
E01001027,Train,123,162,-39
E01001027,"Underground, metro, light rail, tram",11,15,-4
E01001027,Work mainly at or from home,830,52,778
E01001028,Bicycle,1,9,-8
E01001028,"Bus, minibus or coach",18,49,-31
E01001028,Driving a car or van,246,407,-161
E01001028,"Motorcycle, scooter or moped",3,2,1
E01001028,Not in employment or aged 15 years and under,872,402,470
E01001028,On foot,20,21,-1
E01001028,Other method of travel to work,4,7,-3
E01001028,Passenger in a car or van,14,21,-7
E01001028,Taxi,1,6,-5
E01001028,Train,51,170,-119
E01001028,"Underground, metro, light rail, tram",8,15,-7
E01001028,Work mainly at or from home,418,79,339
E01001029,Bicycle,3,8,-5
E01001029,"Bus, minibus or coach",55,61,-6
E01001029,Driving a car or van,208,331,-123
E01001029,"Motorcycle, scooter or moped",5,3,2
E01001029,Not in employment or aged 15 years and under,926,388,538
E01001029,On foot,28,44,-16
E01001029,Other method of travel to work,3,2,1
E01001029,Passenger in a car or van,12,21,-9
E01001029,Taxi,4,1,3
E01001029,Train,71,240,-169
E01001029,"Underground, metro, light rail, tram",12,12,0
E01001029,Work mainly at or from home,395,72,323
E01001030,Bicycle,4,4,0
E01001030,"Bus, minibus or coach",30,59,-29
E01001030,Driving a car or van,205,318,-113
E01001030,"Motorcycle, scooter or moped",2,4,-2
E01001030,Not in employment or aged 15 years and under,722,319,403
E01001030,On foot,20,19,1
E01001030,Other method of travel to work,8,6,2
E01001030,Passenger in a car or van,10,13,-3
E01001030,Taxi,0,2,-2
E01001030,Train,50,170,-120
E01001030,"Underground, metro, light rail, tram",9,11,-2
E01001030,Work mainly at or from home,394,95,299
E01001031,Bicycle,3,8,-5
E01001031,"Bus, minibus or coach",24,53,-29
E01001031,Driving a car or van,241,389,-148
E01001031,"Motorcycle, scooter or moped",0,5,-5
E01001031,Not in employment or aged 15 years and under,696,332,364
E01001031,On foot,34,32,2
E01001031,Other method of travel to work,6,4,2
E01001031,Passenger in a car or van,15,19,-4
E01001031,Taxi,3,3,0
E01001031,Train,47,168,-121
E01001031,"Underground, metro, light rail, tram",6,16,-10
E01001031,Work mainly at or from home,378,58,320
E01001032,Bicycle,5,4,1
E01001032,"Bus, minibus or coach",15,50,-35
E01001032,Driving a car or van,185,282,-97
E01001032,"Motorcycle, scooter or moped",0,3,-3
E01001032,Not in employment or aged 15 years and under,833,310,523
E01001032,On foot,12,36,-24
E01001032,Other method of travel to work,12,8,4
E01001032,Passenger in a car or van,10,17,-7
E01001032,Taxi,5,2,3
E01001032,Train,50,178,-128
E01001032,"Underground, metro, light rail, tram",15,18,-3
E01001032,Work mainly at or from home,416,60,356
E01001033,Bicycle,18,6,12
E01001033,"Bus, minibus or coach",84,114,-30
E01001033,Driving a car or van,234,303,-69
E01001033,"Motorcycle, scooter or moped",3,6,-3
E01001033,Not in employment or aged 15 years and under,715,349,366
E01001033,On foot,50,50,0
E01001033,Other method of travel to work,6,3,3
E01001033,Passenger in a car or van,21,18,3
E01001033,Taxi,7,1,6
E01001033,Train,101,272,-171
E01001033,"Underground, metro, light rail, tram",32,24,8
E01001033,Work mainly at or from home,393,34,359
E01001034,Bicycle,3,10,-7
E01001034,"Bus, minibus or coach",81,102,-21
E01001034,Driving a car or van,215,322,-107
E01001034,"Motorcycle, scooter or moped",6,14,-8
E01001034,Not in employment or aged 15 years and under,705,297,408
E01001034,On foot,37,60,-23
E01001034,Other method of travel to work,8,8,0
E01001034,Passenger in a car or van,12,19,-7
E01001034,Taxi,1,4,-3
E01001034,Train,106,292,-186
E01001034,"Underground, metro, light rail, tram",19,15,4
E01001034,Work mainly at or from home,421,41,380
E01001035,Bicycle,1,14,-13
E01001035,"Bus, minibus or coach",110,111,-1
E01001035,Driving a car or van,204,281,-77
E01001035,"Motorcycle, scooter or moped",1,16,-15
E01001035,Not in employment or aged 15 years and under,839,363,476
E01001035,On foot,71,119,-48
E01001035,Other method of travel to work,12,8,4
E01001035,Passenger in a car or van,17,19,-2
E01001035,Taxi,2,1,1
E01001035,Train,105,366,-261
E01001035,"Underground, metro, light rail, tram",40,60,-20
E01001035,Work mainly at or from home,460,41,419
E01001036,Bicycle,2,7,-5
E01001036,"Bus, minibus or coach",42,42,0
E01001036,Driving a car or van,148,254,-106
E01001036,"Motorcycle, scooter or moped",6,3,3
E01001036,Not in employment or aged 15 years and under,843,377,466
E01001036,On foot,24,47,-23
E01001036,Other method of travel to work,6,12,-6
E01001036,Passenger in a car or van,4,19,-15
E01001036,Taxi,4,0,4
E01001036,Train,60,245,-185
E01001036,"Underground, metro, light rail, tram",33,47,-14
E01001036,Work mainly at or from home,449,61,388
E01001037,Bicycle,13,8,5
E01001037,"Bus, minibus or coach",100,113,-13
E01001037,Driving a car or van,175,215,-40
E01001037,"Motorcycle, scooter or moped",6,7,-1
E01001037,Not in employment or aged 15 years and under,687,260,427
E01001037,On foot,54,90,-36
E01001037,Other method of travel to work,3,2,1
E01001037,Passenger in a car or van,17,16,1
E01001037,Taxi,3,1,2
E01001037,Train,81,251,-170
E01001037,"Underground, metro, light rail, tram",25,32,-7
E01001037,Work mainly at or from home,371,38,333
E01001038,Bicycle,14,25,-11
E01001038,"Bus, minibus or coach",98,127,-29
E01001038,Driving a car or van,250,307,-57
E01001038,"Motorcycle, scooter or moped",3,12,-9
E01001038,Not in employment or aged 15 years and under,790,368,422
E01001038,On foot,54,108,-54
E01001038,Other method of travel to work,8,9,-1
E01001038,Passenger in a car or van,25,17,8
E01001038,Taxi,6,2,4
E01001038,Train,137,425,-288
E01001038,"Underground, metro, light rail, tram",33,62,-29
E01001038,Work mainly at or from home,490,26,464
E01001039,Bicycle,10,8,2
E01001039,"Bus, minibus or coach",41,63,-22
E01001039,Driving a car or van,191,299,-108
E01001039,"Motorcycle, scooter or moped",3,4,-1
E01001039,Not in employment or aged 15 years and under,772,322,450
E01001039,On foot,32,45,-13
E01001039,Other method of travel to work,5,6,-1
E01001039,Passenger in a car or van,10,15,-5
E01001039,Taxi,0,1,-1
E01001039,Train,62,246,-184
E01001039,"Underground, metro, light rail, tram",9,23,-14
E01001039,Work mainly at or from home,441,59,382
E01001040,Bicycle,14,22,-8
E01001040,"Bus, minibus or coach",99,134,-35
E01001040,Driving a car or van,220,300,-80
E01001040,"Motorcycle, scooter or moped",4,5,-1
E01001040,Not in employment or aged 15 years and under,765,327,438
E01001040,On foot,46,83,-37
E01001040,Other method of travel to work,10,1,9
E01001040,Passenger in a car or van,14,20,-6
E01001040,Taxi,2,3,-1
E01001040,Train,92,321,-229
E01001040,"Underground, metro, light rail, tram",14,38,-24
E01001040,Work mainly at or from home,433,33,400
E01001041,Bicycle,10,10,0
E01001041,"Bus, minibus or coach",139,147,-8
E01001041,Driving a car or van,196,283,-87
E01001041,"Motorcycle, scooter or moped",3,7,-4
E01001041,Not in employment or aged 15 years and under,821,339,482
E01001041,On foot,67,79,-12
E01001041,Other method of travel to work,11,2,9
E01001041,Passenger in a car or van,13,17,-4
E01001041,Taxi,2,2,0
E01001041,Train,97,259,-162
E01001041,"Underground, metro, light rail, tram",29,25,4
E01001041,Work mainly at or from home,343,33,310
E01001042,Bicycle,18,12,6
E01001042,"Bus, minibus or coach",129,140,-11
E01001042,Driving a car or van,217,177,40
E01001042,"Motorcycle, scooter or moped",13,9,4
E01001042,Not in employment or aged 15 years and under,1016,437,579
E01001042,On foot,126,174,-48
E01001042,Other method of travel to work,20,12,8
E01001042,Passenger in a car or van,21,13,8
E01001042,Taxi,6,3,3
E01001042,Train,123,308,-185
E01001042,"Underground, metro, light rail, tram",72,81,-9
E01001042,Work mainly at or from home,411,51,360
E01001044,Bicycle,13,6,7
E01001044,"Bus, minibus or coach",75,69,6
E01001044,Driving a car or van,177,239,-62
E01001044,"Motorcycle, scooter or moped",4,5,-1
E01001044,Not in employment or aged 15 years and under,1100,438,662
E01001044,On foot,39,113,-74
E01001044,Other method of travel to work,9,7,2
E01001044,Passenger in a car or van,10,10,0
E01001044,Taxi,1,4,-3
E01001044,Train,87,397,-310
E01001044,"Underground, metro, light rail, tram",30,53,-23
E01001044,Work mainly at or from home,537,51,486
E01001046,Bicycle,9,7,2
E01001046,"Bus, minibus or coach",52,58,-6
E01001046,Driving a car or van,132,175,-43
E01001046,"Motorcycle, scooter or moped",11,3,8
E01001046,Not in employment or aged 15 years and under,956,386,570
E01001046,On foot,56,95,-39
E01001046,Other method of travel to work,13,7,6
E01001046,Passenger in a car or van,16,12,4
E01001046,Taxi,1,0,1
E01001046,Train,116,416,-300
E01001046,"Underground, metro, light rail, tram",61,96,-35
E01001046,Work mainly at or from home,508,55,453
E01001047,Bicycle,19,10,9
E01001047,"Bus, minibus or coach",97,89,8
E01001047,Driving a car or van,169,212,-43
E01001047,"Motorcycle, scooter or moped",17,6,11
E01001047,Not in employment or aged 15 years and under,770,365,405
E01001047,On foot,59,171,-112
E01001047,Other method of travel to work,13,6,7
E01001047,Passenger in a car or van,6,16,-10
E01001047,Taxi,5,0,5
E01001047,Train,128,369,-241
E01001047,"Underground, metro, light rail, tram",29,58,-29
E01001047,Work mainly at or from home,424,50,374
E01001049,Bicycle,7,5,2
E01001049,"Bus, minibus or coach",31,40,-9
E01001049,Driving a car or van,207,231,-24
E01001049,"Motorcycle, scooter or moped",0,0,0
E01001049,Not in employment or aged 15 years and under,728,402,326
E01001049,On foot,28,32,-4
E01001049,Other method of travel to work,9,7,2
E01001049,Passenger in a car or van,13,10,3
E01001049,Taxi,1,1,0
E01001049,Train,49,225,-176
E01001049,"Underground, metro, light rail, tram",27,42,-15
E01001049,Work mainly at or from home,342,63,279
E01001050,Bicycle,7,4,3
E01001050,"Bus, minibus or coach",80,44,36
E01001050,Driving a car or van,139,124,15
E01001050,"Motorcycle, scooter or moped",6,3,3
E01001050,Not in employment or aged 15 years and under,908,401,507
E01001050,On foot,37,74,-37
E01001050,Other method of travel to work,7,2,5
E01001050,Passenger in a car or van,9,4,5
E01001050,Taxi,0,4,-4
E01001050,Train,90,341,-251
E01001050,"Underground, metro, light rail, tram",50,77,-27
E01001050,Work mainly at or from home,380,45,335
E01001051,Bicycle,0,4,-4
E01001051,"Bus, minibus or coach",137,110,27
E01001051,Driving a car or van,249,222,27
E01001051,"Motorcycle, scooter or moped",7,2,5
E01001051,Not in employment or aged 15 years and under,1002,451,551
E01001051,On foot,25,38,-13
E01001051,Other method of travel to work,3,3,0
E01001051,Passenger in a car or van,18,27,-9
E01001051,Taxi,5,1,4
E01001051,Train,36,59,-23
E01001051,"Underground, metro, light rail, tram",35,70,-35
E01001051,Work mainly at or from home,88,9,79
E01001052,Bicycle,2,0,2
E01001052,"Bus, minibus or coach",147,102,45
E01001052,Driving a car or van,211,203,8
E01001052,"Motorcycle, scooter or moped",4,4,0
E01001052,Not in employment or aged 15 years and under,921,424,497
E01001052,On foot,16,34,-18
E01001052,Other method of travel to work,10,8,2
E01001052,Passenger in a car or van,14,20,-6
E01001052,Taxi,4,1,3
E01001052,Train,22,47,-25
E01001052,"Underground, metro, light rail, tram",23,68,-45
E01001052,Work mainly at or from home,91,7,84
E01001053,Bicycle,4,2,2
E01001053,"Bus, minibus or coach",96,79,17
E01001053,Driving a car or van,295,302,-7
E01001053,"Motorcycle, scooter or moped",7,4,3
E01001053,Not in employment or aged 15 years and under,902,389,513
E01001053,On foot,35,50,-15
E01001053,Other method of travel to work,10,4,6
E01001053,Passenger in a car or van,29,25,4
E01001053,Taxi,0,3,-3
E01001053,Train,37,60,-23
E01001053,"Underground, metro, light rail, tram",43,90,-47
E01001053,Work mainly at or from home,143,14,129
E01001054,Bicycle,0,3,-3
E01001054,"Bus, minibus or coach",122,109,13
E01001054,Driving a car or van,303,244,59
E01001054,"Motorcycle, scooter or moped",5,10,-5
E01001054,Not in employment or aged 15 years and under,1114,525,589
E01001054,On foot,31,45,-14
E01001054,Other method of travel to work,9,8,1
E01001054,Passenger in a car or van,28,35,-7
E01001054,Taxi,5,1,4
E01001054,Train,54,84,-30
E01001054,"Underground, metro, light rail, tram",64,95,-31
E01001054,Work mainly at or from home,124,12,112
E01001055,Bicycle,1,2,-1
E01001055,"Bus, minibus or coach",90,107,-17
E01001055,Driving a car or van,325,290,35
E01001055,"Motorcycle, scooter or moped",7,4,3
E01001055,Not in employment or aged 15 years and under,904,467,437
E01001055,On foot,24,40,-16
E01001055,Other method of travel to work,11,3,8
E01001055,Passenger in a car or van,28,35,-7
E01001055,Taxi,5,2,3
E01001055,Train,54,57,-3
E01001055,"Underground, metro, light rail, tram",45,82,-37
E01001055,Work mainly at or from home,73,9,64
E01001056,Bicycle,5,2,3
E01001056,"Bus, minibus or coach",123,123,0
E01001056,Driving a car or van,253,265,-12
E01001056,"Motorcycle, scooter or moped",1,6,-5
E01001056,Not in employment or aged 15 years and under,1133,661,472
E01001056,On foot,28,35,-7
E01001056,Other method of travel to work,15,5,10
E01001056,Passenger in a car or van,20,27,-7
E01001056,Taxi,5,2,3
E01001056,Train,43,83,-40
E01001056,"Underground, metro, light rail, tram",63,107,-44
E01001056,Work mainly at or from home,124,7,117
E01001057,Bicycle,1,1,0
E01001057,"Bus, minibus or coach",128,81,47
E01001057,Driving a car or van,253,140,113
E01001057,"Motorcycle, scooter or moped",3,4,-1
E01001057,Not in employment or aged 15 years and under,1161,443,718
E01001057,On foot,19,26,-7
E01001057,Other method of travel to work,11,5,6
E01001057,Passenger in a car or van,17,17,0
E01001057,Taxi,1,2,-1
E01001057,Train,40,57,-17
E01001057,"Underground, metro, light rail, tram",85,75,10
E01001057,Work mainly at or from home,78,4,74
E01001058,Bicycle,5,4,1
E01001058,"Bus, minibus or coach",60,80,-20
E01001058,Driving a car or van,279,338,-59
E01001058,"Motorcycle, scooter or moped",6,12,-6
E01001058,Not in employment or aged 15 years and under,668,281,387
E01001058,On foot,24,17,7
E01001058,Other method of travel to work,8,3,5
E01001058,Passenger in a car or van,18,17,1
E01001058,Taxi,0,2,-2
E01001058,Train,38,105,-67
E01001058,"Underground, metro, light rail, tram",17,50,-33
E01001058,Work mainly at or from home,235,32,203
E01001059,Bicycle,5,8,-3
E01001059,"Bus, minibus or coach",67,132,-65
E01001059,Driving a car or van,315,390,-75
E01001059,"Motorcycle, scooter or moped",4,11,-7
E01001059,Not in employment or aged 15 years and under,738,316,422
E01001059,On foot,19,16,3
E01001059,Other method of travel to work,7,8,-1
E01001059,Passenger in a car or van,8,23,-15
E01001059,Taxi,6,5,1
E01001059,Train,53,116,-63
E01001059,"Underground, metro, light rail, tram",7,35,-28
E01001059,Work mainly at or from home,229,26,203
E01001060,Bicycle,2,0,2
E01001060,"Bus, minibus or coach",83,105,-22
E01001060,Driving a car or van,354,451,-97
E01001060,"Motorcycle, scooter or moped",8,12,-4
E01001060,Not in employment or aged 15 years and under,820,318,502
E01001060,On foot,15,20,-5
E01001060,Other method of travel to work,8,6,2
E01001060,Passenger in a car or van,21,32,-11
E01001060,Taxi,1,6,-5
E01001060,Train,47,111,-64
E01001060,"Underground, metro, light rail, tram",22,56,-34
E01001060,Work mainly at or from home,238,35,203
E01001061,Bicycle,9,3,6
E01001061,"Bus, minibus or coach",91,117,-26
E01001061,Driving a car or van,352,432,-80
E01001061,"Motorcycle, scooter or moped",4,6,-2
E01001061,Not in employment or aged 15 years and under,772,348,424
E01001061,On foot,41,28,13
E01001061,Other method of travel to work,12,3,9
E01001061,Passenger in a car or van,17,36,-19
E01001061,Taxi,3,3,0
E01001061,Train,54,86,-32
E01001061,"Underground, metro, light rail, tram",22,49,-27
E01001061,Work mainly at or from home,244,13,231
E01001062,Bicycle,2,5,-3
E01001062,"Bus, minibus or coach",40,92,-52
E01001062,Driving a car or van,218,338,-120
E01001062,"Motorcycle, scooter or moped",7,4,3
E01001062,Not in employment or aged 15 years and under,847,385,462
E01001062,On foot,27,33,-6
E01001062,Other method of travel to work,11,7,4
E01001062,Passenger in a car or van,19,33,-14
E01001062,Taxi,0,4,-4
E01001062,Train,39,176,-137
E01001062,"Underground, metro, light rail, tram",17,25,-8
E01001062,Work mainly at or from home,281,54,227
E01001063,Bicycle,7,15,-8
E01001063,"Bus, minibus or coach",66,100,-34
E01001063,Driving a car or van,254,374,-120
E01001063,"Motorcycle, scooter or moped",8,9,-1
E01001063,Not in employment or aged 15 years and under,736,357,379
E01001063,On foot,28,45,-17
E01001063,Other method of travel to work,6,4,2
E01001063,Passenger in a car or van,8,25,-17
E01001063,Taxi,4,2,2
E01001063,Train,51,171,-120
E01001063,"Underground, metro, light rail, tram",14,13,1
E01001063,Work mainly at or from home,350,52,298
E01001064,Bicycle,3,2,1
E01001064,"Bus, minibus or coach",28,52,-24
E01001064,Driving a car or van,266,350,-84
E01001064,"Motorcycle, scooter or moped",1,3,-2
E01001064,Not in employment or aged 15 years and under,821,425,396
E01001064,On foot,15,27,-12
E01001064,Other method of travel to work,12,6,6
E01001064,Passenger in a car or van,19,32,-13
E01001064,Taxi,0,3,-3
E01001064,Train,42,142,-100
E01001064,"Underground, metro, light rail, tram",29,59,-30
E01001064,Work mainly at or from home,364,72,292
E01001065,Bicycle,4,5,-1
E01001065,"Bus, minibus or coach",44,75,-31
E01001065,Driving a car or van,272,391,-119
E01001065,"Motorcycle, scooter or moped",5,15,-10
E01001065,Not in employment or aged 15 years and under,625,289,336
E01001065,On foot,26,26,0
E01001065,Other method of travel to work,14,8,6
E01001065,Passenger in a car or van,22,21,1
E01001065,Taxi,4,7,-3
E01001065,Train,39,106,-67
E01001065,"Underground, metro, light rail, tram",27,53,-26
E01001065,Work mainly at or from home,246,30,216
E01001066,Bicycle,6,0,6
E01001066,"Bus, minibus or coach",97,120,-23
E01001066,Driving a car or van,234,242,-8
E01001066,"Motorcycle, scooter or moped",2,2,0
E01001066,Not in employment or aged 15 years and under,859,385,474
E01001066,On foot,27,21,6
E01001066,Other method of travel to work,12,7,5
E01001066,Passenger in a car or van,13,20,-7
E01001066,Taxi,4,1,3
E01001066,Train,44,74,-30
E01001066,"Underground, metro, light rail, tram",23,25,-2
E01001066,Work mainly at or from home,135,13,122
E01001067,Bicycle,6,14,-8
E01001067,"Bus, minibus or coach",11,42,-31
E01001067,Driving a car or van,255,392,-137
E01001067,"Motorcycle, scooter or moped",3,5,-2
E01001067,Not in employment or aged 15 years and under,868,345,523
E01001067,On foot,9,30,-21
E01001067,Other method of travel to work,4,4,0
E01001067,Passenger in a car or van,8,16,-8
E01001067,Taxi,2,1,1
E01001067,Train,58,231,-173
E01001067,"Underground, metro, light rail, tram",4,14,-10
E01001067,Work mainly at or from home,429,80,349
E01001068,Bicycle,4,19,-15
E01001068,"Bus, minibus or coach",44,50,-6
E01001068,Driving a car or van,288,442,-154
E01001068,"Motorcycle, scooter or moped",3,7,-4
E01001068,Not in employment or aged 15 years and under,898,423,475
E01001068,On foot,29,29,0
E01001068,Other method of travel to work,10,4,6
E01001068,Passenger in a car or van,10,23,-13
E01001068,Taxi,3,9,-6
E01001068,Train,93,291,-198
E01001068,"Underground, metro, light rail, tram",10,17,-7
E01001068,Work mainly at or from home,451,65,386
E01001069,Bicycle,7,9,-2
E01001069,"Bus, minibus or coach",23,33,-10
E01001069,Driving a car or van,225,311,-86
E01001069,"Motorcycle, scooter or moped",3,1,2
E01001069,Not in employment or aged 15 years and under,653,302,351
E01001069,On foot,13,34,-21
E01001069,Other method of travel to work,5,2,3
E01001069,Passenger in a car or van,21,13,8
E01001069,Taxi,0,0,0
E01001069,Train,46,210,-164
E01001069,"Underground, metro, light rail, tram",7,9,-2
E01001069,Work mainly at or from home,364,45,319
E01001070,Bicycle,5,9,-4
E01001070,"Bus, minibus or coach",54,79,-25
E01001070,Driving a car or van,290,376,-86
E01001070,"Motorcycle, scooter or moped",4,14,-10
E01001070,Not in employment or aged 15 years and under,984,410,574
E01001070,On foot,10,29,-19
E01001070,Other method of travel to work,7,5,2
E01001070,Passenger in a car or van,16,13,3
E01001070,Taxi,4,0,4
E01001070,Train,58,166,-108
E01001070,"Underground, metro, light rail, tram",16,19,-3
E01001070,Work mainly at or from home,337,44,293
E01001071,Bicycle,5,7,-2
E01001071,"Bus, minibus or coach",38,70,-32
E01001071,Driving a car or van,337,533,-196
E01001071,"Motorcycle, scooter or moped",8,11,-3
E01001071,Not in employment or aged 15 years and under,882,355,527
E01001071,On foot,30,47,-17
E01001071,Other method of travel to work,14,0,14
E01001071,Passenger in a car or van,25,28,-3
E01001071,Taxi,4,7,-3
E01001071,Train,75,261,-186
E01001071,"Underground, metro, light rail, tram",15,13,2
E01001071,Work mainly at or from home,461,42,419
E01001072,Bicycle,2,4,-2
E01001072,"Bus, minibus or coach",4,14,-10
E01001072,Driving a car or van,216,330,-114
E01001072,"Motorcycle, scooter or moped",6,8,-2
E01001072,Not in employment or aged 15 years and under,814,372,442
E01001072,On foot,12,16,-4
E01001072,Other method of travel to work,2,2,0
E01001072,Passenger in a car or van,9,26,-17
E01001072,Taxi,0,0,0
E01001072,Train,32,166,-134
E01001072,"Underground, metro, light rail, tram",5,16,-11
E01001072,Work mainly at or from home,380,81,299
E01001073,Bicycle,5,8,-3
E01001073,"Bus, minibus or coach",52,69,-17
E01001073,Driving a car or van,157,316,-159
E01001073,"Motorcycle, scooter or moped",2,5,-3
E01001073,Not in employment or aged 15 years and under,721,338,383
E01001073,On foot,20,33,-13
E01001073,Other method of travel to work,11,1,10
E01001073,Passenger in a car or van,13,14,-1
E01001073,Taxi,1,1,0
E01001073,Train,97,252,-155
E01001073,"Underground, metro, light rail, tram",8,20,-12
E01001073,Work mainly at or from home,348,52,296
E01001074,Bicycle,8,12,-4
E01001074,"Bus, minibus or coach",67,103,-36
E01001074,Driving a car or van,293,427,-134
E01001074,"Motorcycle, scooter or moped",4,12,-8
E01001074,Not in employment or aged 15 years and under,991,464,527
E01001074,On foot,31,36,-5
E01001074,Other method of travel to work,11,4,7
E01001074,Passenger in a car or van,20,18,2
E01001074,Taxi,5,5,0
E01001074,Train,74,305,-231
E01001074,"Underground, metro, light rail, tram",8,31,-23
E01001074,Work mainly at or from home,434,47,387
E01001075,Bicycle,4,7,-3
E01001075,"Bus, minibus or coach",38,48,-10
E01001075,Driving a car or van,281,334,-53
E01001075,"Motorcycle, scooter or moped",2,3,-1
E01001075,Not in employment or aged 15 years and under,749,303,446
E01001075,On foot,24,36,-12
E01001075,Other method of travel to work,18,6,12
E01001075,Passenger in a car or van,21,18,3
E01001075,Taxi,1,6,-5
E01001075,Train,69,243,-174
E01001075,"Underground, metro, light rail, tram",9,31,-22
E01001075,Work mainly at or from home,413,49,364
E01001076,Bicycle,3,0,3
E01001076,"Bus, minibus or coach",71,69,2
E01001076,Driving a car or van,287,280,7
E01001076,"Motorcycle, scooter or moped",8,9,-1
E01001076,Not in employment or aged 15 years and under,994,444,550
E01001076,On foot,41,77,-36
E01001076,Other method of travel to work,8,8,0
E01001076,Passenger in a car or van,21,29,-8
E01001076,Taxi,5,0,5
E01001076,Train,41,56,-15
E01001076,"Underground, metro, light rail, tram",32,95,-63
E01001076,Work mainly at or from home,155,19,136
E01001077,Bicycle,1,1,0
E01001077,"Bus, minibus or coach",66,48,18
E01001077,Driving a car or van,301,366,-65
E01001077,"Motorcycle, scooter or moped",2,7,-5
E01001077,Not in employment or aged 15 years and under,675,314,361
E01001077,On foot,13,33,-20
E01001077,Other method of travel to work,11,3,8
E01001077,Passenger in a car or van,23,34,-11
E01001077,Taxi,1,0,1
E01001077,Train,25,92,-67
E01001077,"Underground, metro, light rail, tram",45,112,-67
E01001077,Work mainly at or from home,174,22,152
E01001078,Bicycle,0,1,-1
E01001078,"Bus, minibus or coach",62,47,15
E01001078,Driving a car or van,267,267,0
E01001078,"Motorcycle, scooter or moped",6,5,1
E01001078,Not in employment or aged 15 years and under,816,372,444
E01001078,On foot,17,41,-24
E01001078,Other method of travel to work,10,9,1
E01001078,Passenger in a car or van,19,23,-4
E01001078,Taxi,1,0,1
E01001078,Train,29,64,-35
E01001078,"Underground, metro, light rail, tram",86,121,-35
E01001078,Work mainly at or from home,137,16,121
E01001079,Bicycle,7,1,6
E01001079,"Bus, minibus or coach",82,75,7
E01001079,Driving a car or van,322,337,-15
E01001079,"Motorcycle, scooter or moped",2,2,0
E01001079,Not in employment or aged 15 years and under,895,445,450
E01001079,On foot,33,47,-14
E01001079,Other method of travel to work,6,3,3
E01001079,Passenger in a car or van,35,28,7
E01001079,Taxi,1,0,1
E01001079,Train,36,70,-34
E01001079,"Underground, metro, light rail, tram",49,101,-52
E01001079,Work mainly at or from home,146,4,142
E01001080,Bicycle,4,1,3
E01001080,"Bus, minibus or coach",69,60,9
E01001080,Driving a car or van,214,219,-5
E01001080,"Motorcycle, scooter or moped",4,4,0
E01001080,Not in employment or aged 15 years and under,962,526,436
E01001080,On foot,34,39,-5
E01001080,Other method of travel to work,13,9,4
E01001080,Passenger in a car or van,23,23,0
E01001080,Taxi,2,0,2
E01001080,Train,31,54,-23
E01001080,"Underground, metro, light rail, tram",46,113,-67
E01001080,Work mainly at or from home,81,14,67
E01001081,Bicycle,1,8,-7
E01001081,"Bus, minibus or coach",73,63,10
E01001081,Driving a car or van,278,278,0
E01001081,"Motorcycle, scooter or moped",5,6,-1
E01001081,Not in employment or aged 15 years and under,841,411,430
E01001081,On foot,38,41,-3
E01001081,Other method of travel to work,11,3,8
E01001081,Passenger in a car or van,23,22,1
E01001081,Taxi,1,1,0
E01001081,Train,27,48,-21
E01001081,"Underground, metro, light rail, tram",31,65,-34
E01001081,Work mainly at or from home,149,11,138
E01001082,Bicycle,1,1,0
E01001082,"Bus, minibus or coach",72,66,6
E01001082,Driving a car or van,341,337,4
E01001082,"Motorcycle, scooter or moped",6,10,-4
E01001082,Not in employment or aged 15 years and under,817,428,389
E01001082,On foot,39,53,-14
E01001082,Other method of travel to work,9,7,2
E01001082,Passenger in a car or van,25,37,-12
E01001082,Taxi,3,4,-1
E01001082,Train,30,61,-31
E01001082,"Underground, metro, light rail, tram",49,85,-36
E01001082,Work mainly at or from home,162,13,149
E01001083,Bicycle,14,12,2
E01001083,"Bus, minibus or coach",58,103,-45
E01001083,Driving a car or van,214,310,-96
E01001083,"Motorcycle, scooter or moped",6,7,-1
E01001083,Not in employment or aged 15 years and under,862,416,446
E01001083,On foot,32,34,-2
E01001083,Other method of travel to work,14,4,10
E01001083,Passenger in a car or van,14,15,-1
E01001083,Taxi,5,8,-3
E01001083,Train,58,165,-107
E01001083,"Underground, metro, light rail, tram",38,53,-15
E01001083,Work mainly at or from home,302,31,271
E01001084,Bicycle,26,24,2
E01001084,"Bus, minibus or coach",72,126,-54
E01001084,Driving a car or van,238,322,-84
E01001084,"Motorcycle, scooter or moped",9,15,-6
E01001084,Not in employment or aged 15 years and under,1021,446,575
E01001084,On foot,27,32,-5
E01001084,Other method of travel to work,10,8,2
E01001084,Passenger in a car or van,20,15,5
E01001084,Taxi,6,8,-2
E01001084,Train,49,202,-153
E01001084,"Underground, metro, light rail, tram",44,55,-11
E01001084,Work mainly at or from home,408,61,347
E01001085,Bicycle,19,6,13
E01001085,"Bus, minibus or coach",97,115,-18
E01001085,Driving a car or van,201,207,-6
E01001085,"Motorcycle, scooter or moped",13,6,7
E01001085,Not in employment or aged 15 years and under,838,415,423
E01001085,On foot,43,35,8
E01001085,Other method of travel to work,14,5,9
E01001085,Passenger in a car or van,15,16,-1
E01001085,Taxi,2,2,0
E01001085,Train,148,230,-82
E01001085,"Underground, metro, light rail, tram",45,75,-30
E01001085,Work mainly at or from home,269,26,243
E01001086,Bicycle,20,8,12
E01001086,"Bus, minibus or coach",91,137,-46
E01001086,Driving a car or van,237,292,-55
E01001086,"Motorcycle, scooter or moped",3,13,-10
E01001086,Not in employment or aged 15 years and under,865,464,401
E01001086,On foot,43,41,2
E01001086,Other method of travel to work,11,14,-3
E01001086,Passenger in a car or van,17,17,0
E01001086,Taxi,6,1,5
E01001086,Train,83,238,-155
E01001086,"Underground, metro, light rail, tram",44,57,-13
E01001086,Work mainly at or from home,305,35,270
E01001087,Bicycle,30,16,14
E01001087,"Bus, minibus or coach",211,173,38
E01001087,Driving a car or van,307,292,15
E01001087,"Motorcycle, scooter or moped",32,14,18
E01001087,Not in employment or aged 15 years and under,1466,598,868
E01001087,On foot,60,53,7
E01001087,Other method of travel to work,24,13,11
E01001087,Passenger in a car or van,24,18,6
E01001087,Taxi,8,6,2
E01001087,Train,159,358,-199
E01001087,"Underground, metro, light rail, tram",107,107,0
E01001087,Work mainly at or from home,403,44,359
E01001088,Bicycle,23,20,3
E01001088,"Bus, minibus or coach",102,143,-41
E01001088,Driving a car or van,210,296,-86
E01001088,"Motorcycle, scooter or moped",8,12,-4
E01001088,Not in employment or aged 15 years and under,844,403,441
E01001088,On foot,34,28,6
E01001088,Other method of travel to work,18,3,15
E01001088,Passenger in a car or van,17,22,-5
E01001088,Taxi,3,5,-2
E01001088,Train,95,186,-91
E01001088,"Underground, metro, light rail, tram",52,58,-6
E01001088,Work mainly at or from home,274,29,245
E01001089,Bicycle,17,13,4
E01001089,"Bus, minibus or coach",119,149,-30
E01001089,Driving a car or van,206,212,-6
E01001089,"Motorcycle, scooter or moped",20,7,13
E01001089,Not in employment or aged 15 years and under,933,517,416
E01001089,On foot,39,40,-1
E01001089,Other method of travel to work,16,5,11
E01001089,Passenger in a car or van,14,15,-1
E01001089,Taxi,4,1,3
E01001089,Train,100,243,-143
E01001089,"Underground, metro, light rail, tram",81,72,9
E01001089,Work mainly at or from home,238,19,219
E01001090,Bicycle,18,20,-2
E01001090,"Bus, minibus or coach",166,193,-27
E01001090,Driving a car or van,272,293,-21
E01001090,"Motorcycle, scooter or moped",21,8,13
E01001090,Not in employment or aged 15 years and under,1139,573,566
E01001090,On foot,48,60,-12
E01001090,Other method of travel to work,18,6,12
E01001090,Passenger in a car or van,23,17,6
E01001090,Taxi,5,6,-1
E01001090,Train,145,326,-181
E01001090,"Underground, metro, light rail, tram",67,97,-30
E01001090,Work mainly at or from home,350,30,320
E01001091,Bicycle,13,16,-3
E01001091,"Bus, minibus or coach",71,110,-39
E01001091,Driving a car or van,214,286,-72
E01001091,"Motorcycle, scooter or moped",13,6,7
E01001091,Not in employment or aged 15 years and under,810,410,400
E01001091,On foot,33,30,3
E01001091,Other method of travel to work,12,8,4
E01001091,Passenger in a car or van,21,33,-12
E01001091,Taxi,3,6,-3
E01001091,Train,66,177,-111
E01001091,"Underground, metro, light rail, tram",27,61,-34
E01001091,Work mainly at or from home,302,44,258
E01001092,Bicycle,6,8,-2
E01001092,"Bus, minibus or coach",30,67,-37
E01001092,Driving a car or van,215,285,-70
E01001092,"Motorcycle, scooter or moped",2,4,-2
E01001092,Not in employment or aged 15 years and under,1092,485,607
E01001092,On foot,21,42,-21
E01001092,Other method of travel to work,7,6,1
E01001092,Passenger in a car or van,19,9,10
E01001092,Taxi,3,3,0
E01001092,Train,68,223,-155
E01001092,"Underground, metro, light rail, tram",8,15,-7
E01001092,Work mainly at or from home,462,74,388
E01001093,Bicycle,4,9,-5
E01001093,"Bus, minibus or coach",96,133,-37
E01001093,Driving a car or van,247,319,-72
E01001093,"Motorcycle, scooter or moped",9,2,7
E01001093,Not in employment or aged 15 years and under,888,379,509
E01001093,On foot,34,54,-20
E01001093,Other method of travel to work,5,7,-2
E01001093,Passenger in a car or van,29,27,2
E01001093,Taxi,5,2,3
E01001093,Train,62,245,-183
E01001093,"Underground, metro, light rail, tram",21,19,2
E01001093,Work mainly at or from home,396,37,359
E01001094,Bicycle,5,3,2
E01001094,"Bus, minibus or coach",22,33,-11
E01001094,Driving a car or van,249,367,-118
E01001094,"Motorcycle, scooter or moped",2,0,2
E01001094,Not in employment or aged 15 years and under,860,412,448
E01001094,On foot,16,16,0
E01001094,Other method of travel to work,12,4,8
E01001094,Passenger in a car or van,21,15,6
E01001094,Taxi,2,3,-1
E01001094,Train,39,181,-142
E01001094,"Underground, metro, light rail, tram",9,20,-11
E01001094,Work mainly at or from home,412,88,324
E01001095,Bicycle,4,15,-11
E01001095,"Bus, minibus or coach",73,104,-31
E01001095,Driving a car or van,219,299,-80
E01001095,"Motorcycle, scooter or moped",1,6,-5
E01001095,Not in employment or aged 15 years and under,765,300,465
E01001095,On foot,37,42,-5
E01001095,Other method of travel to work,4,3,1
E01001095,Passenger in a car or van,13,18,-5
E01001095,Taxi,4,2,2
E01001095,Train,76,257,-181
E01001095,"Underground, metro, light rail, tram",27,36,-9
E01001095,Work mainly at or from home,312,30,282
E01001096,Bicycle,4,5,-1
E01001096,"Bus, minibus or coach",11,53,-42
E01001096,Driving a car or van,171,311,-140
E01001096,"Motorcycle, scooter or moped",3,1,2
E01001096,Not in employment or aged 15 years and under,769,374,395
E01001096,On foot,15,37,-22
E01001096,Other method of travel to work,6,2,4
E01001096,Passenger in a car or van,15,12,3
E01001096,Taxi,3,1,2
E01001096,Train,52,261,-209
E01001096,"Underground, metro, light rail, tram",7,15,-8
E01001096,Work mainly at or from home,419,73,346
E01001097,Bicycle,13,16,-3
E01001097,"Bus, minibus or coach",112,135,-23
E01001097,Driving a car or van,236,312,-76
E01001097,"Motorcycle, scooter or moped",5,6,-1
E01001097,Not in employment or aged 15 years and under,1211,450,761
E01001097,On foot,56,83,-27
E01001097,Other method of travel to work,11,9,2
E01001097,Passenger in a car or van,13,18,-5
E01001097,Taxi,6,1,5
E01001097,Train,151,477,-326
E01001097,"Underground, metro, light rail, tram",28,40,-12
E01001097,Work mainly at or from home,538,47,491
E01001098,Bicycle,2,6,-4
E01001098,"Bus, minibus or coach",11,31,-20
E01001098,Driving a car or van,191,293,-102
E01001098,"Motorcycle, scooter or moped",2,5,-3
E01001098,Not in employment or aged 15 years and under,740,328,412
E01001098,On foot,16,21,-5
E01001098,Other method of travel to work,2,2,0
E01001098,Passenger in a car or van,9,14,-5
E01001098,Taxi,0,2,-2
E01001098,Train,63,287,-224
E01001098,"Underground, metro, light rail, tram",9,14,-5
E01001098,Work mainly at or from home,422,60,362
E01001099,Bicycle,2,10,-8
E01001099,"Bus, minibus or coach",38,67,-29
E01001099,Driving a car or van,238,295,-57
E01001099,"Motorcycle, scooter or moped",4,7,-3
E01001099,Not in employment or aged 15 years and under,807,352,455
E01001099,On foot,19,45,-26
E01001099,Other method of travel to work,3,5,-2
E01001099,Passenger in a car or van,20,7,13
E01001099,Taxi,2,1,1
E01001099,Train,77,247,-170
E01001099,"Underground, metro, light rail, tram",10,15,-5
E01001099,Work mainly at or from home,357,33,324
E01001100,Bicycle,4,7,-3
E01001100,"Bus, minibus or coach",30,62,-32
E01001100,Driving a car or van,228,289,-61
E01001100,"Motorcycle, scooter or moped",2,5,-3
E01001100,Not in employment or aged 15 years and under,693,299,394
E01001100,On foot,45,23,22
E01001100,Other method of travel to work,10,4,6
E01001100,Passenger in a car or van,19,20,-1
E01001100,Taxi,2,0,2
E01001100,Train,76,323,-247
E01001100,"Underground, metro, light rail, tram",12,16,-4
E01001100,Work mainly at or from home,391,45,346
E01001101,Bicycle,3,2,1
E01001101,"Bus, minibus or coach",12,45,-33
E01001101,Driving a car or van,239,373,-134
E01001101,"Motorcycle, scooter or moped",1,7,-6
E01001101,Not in employment or aged 15 years and under,708,315,393
E01001101,On foot,11,17,-6
E01001101,Other method of travel to work,6,3,3
E01001101,Passenger in a car or van,16,24,-8
E01001101,Taxi,1,2,-1
E01001101,Train,53,191,-138
E01001101,"Underground, metro, light rail, tram",4,6,-2
E01001101,Work mainly at or from home,378,50,328
E01001102,Bicycle,4,8,-4
E01001102,"Bus, minibus or coach",20,51,-31
E01001102,Driving a car or van,202,319,-117
E01001102,"Motorcycle, scooter or moped",0,1,-1
E01001102,Not in employment or aged 15 years and under,887,339,548
E01001102,On foot,19,34,-15
E01001102,Other method of travel to work,12,2,10
E01001102,Passenger in a car or van,16,25,-9
E01001102,Taxi,3,6,-3
E01001102,Train,29,146,-117
E01001102,"Underground, metro, light rail, tram",2,10,-8
E01001102,Work mainly at or from home,318,55,263
E01001103,Bicycle,1,7,-6
E01001103,"Bus, minibus or coach",29,70,-41
E01001103,Driving a car or van,263,392,-129
E01001103,"Motorcycle, scooter or moped",4,7,-3
E01001103,Not in employment or aged 15 years and under,934,386,548
E01001103,On foot,21,43,-22
E01001103,Other method of travel to work,6,3,3
E01001103,Passenger in a car or van,6,29,-23
E01001103,Taxi,4,2,2
E01001103,Train,31,121,-90
E01001103,"Underground, metro, light rail, tram",7,8,-1
E01001103,Work mainly at or from home,325,59,266
E01001104,Bicycle,3,12,-9
E01001104,"Bus, minibus or coach",24,56,-32
E01001104,Driving a car or van,271,421,-150
E01001104,"Motorcycle, scooter or moped",3,5,-2
E01001104,Not in employment or aged 15 years and under,846,348,498
E01001104,On foot,19,32,-13
E01001104,Other method of travel to work,5,7,-2
E01001104,Passenger in a car or van,14,20,-6
E01001104,Taxi,2,1,1
E01001104,Train,56,263,-207
E01001104,"Underground, metro, light rail, tram",7,15,-8
E01001104,Work mainly at or from home,425,44,381
E01001105,Bicycle,3,6,-3
E01001105,"Bus, minibus or coach",58,99,-41
E01001105,Driving a car or van,383,446,-63
E01001105,"Motorcycle, scooter or moped",4,11,-7
E01001105,Not in employment or aged 15 years and under,878,394,484
E01001105,On foot,19,38,-19
E01001105,Other method of travel to work,8,4,4
E01001105,Passenger in a car or van,21,31,-10
E01001105,Taxi,3,4,-1
E01001105,Train,49,107,-58
E01001105,"Underground, metro, light rail, tram",10,15,-5
E01001105,Work mainly at or from home,303,39,264
E01001106,Bicycle,13,7,6
E01001106,"Bus, minibus or coach",53,77,-24
E01001106,Driving a car or van,319,410,-91
E01001106,"Motorcycle, scooter or moped",4,6,-2
E01001106,Not in employment or aged 15 years and under,755,337,418
E01001106,On foot,36,31,5
E01001106,Other method of travel to work,6,1,5
E01001106,Passenger in a car or van,21,23,-2
E01001106,Taxi,2,4,-2
E01001106,Train,27,101,-74
E01001106,"Underground, metro, light rail, tram",7,12,-5
E01001106,Work mainly at or from home,259,42,217
E01001107,Bicycle,1,4,-3
E01001107,"Bus, minibus or coach",17,36,-19
E01001107,Driving a car or van,182,342,-160
E01001107,"Motorcycle, scooter or moped",6,5,1
E01001107,Not in employment or aged 15 years and under,928,409,519
E01001107,On foot,11,27,-16
E01001107,Other method of travel to work,11,3,8
E01001107,Passenger in a car or van,9,21,-12
E01001107,Taxi,0,3,-3
E01001107,Train,61,285,-224
E01001107,"Underground, metro, light rail, tram",7,10,-3
E01001107,Work mainly at or from home,432,68,364
E01001108,Bicycle,1,11,-10
E01001108,"Bus, minibus or coach",13,46,-33
E01001108,Driving a car or van,239,419,-180
E01001108,"Motorcycle, scooter or moped",4,7,-3
E01001108,Not in employment or aged 15 years and under,946,398,548
E01001108,On foot,12,25,-13
E01001108,Other method of travel to work,9,7,2
E01001108,Passenger in a car or van,23,22,1
E01001108,Taxi,4,3,1
E01001108,Train,54,217,-163
E01001108,"Underground, metro, light rail, tram",10,15,-5
E01001108,Work mainly at or from home,469,65,404
E01001109,Bicycle,17,9,8
E01001109,"Bus, minibus or coach",136,150,-14
E01001109,Driving a car or van,264,240,24
E01001109,"Motorcycle, scooter or moped",7,12,-5
E01001109,Not in employment or aged 15 years and under,1303,546,757
E01001109,On foot,80,104,-24
E01001109,Other method of travel to work,10,0,10
E01001109,Passenger in a car or van,13,16,-3
E01001109,Taxi,9,2,7
E01001109,Train,138,211,-73
E01001109,"Underground, metro, light rail, tram",52,48,4
E01001109,Work mainly at or from home,322,29,293
E01001110,Bicycle,20,11,9
E01001110,"Bus, minibus or coach",157,152,5
E01001110,Driving a car or van,186,199,-13
E01001110,"Motorcycle, scooter or moped",10,5,5
E01001110,Not in employment or aged 15 years and under,1147,461,686
E01001110,On foot,88,157,-69
E01001110,Other method of travel to work,8,10,-2
E01001110,Passenger in a car or van,24,10,14
E01001110,Taxi,1,4,-3
E01001110,Train,135,225,-90
E01001110,"Underground, metro, light rail, tram",52,71,-19
E01001110,Work mainly at or from home,319,30,289
E01001111,Bicycle,40,10,30
E01001111,"Bus, minibus or coach",145,173,-28
E01001111,Driving a car or van,178,235,-57
E01001111,"Motorcycle, scooter or moped",6,2,4
E01001111,Not in employment or aged 15 years and under,838,406,432
E01001111,On foot,51,59,-8
E01001111,Other method of travel to work,13,5,8
E01001111,Passenger in a car or van,17,15,2
E01001111,Taxi,16,4,12
E01001111,Train,105,202,-97
E01001111,"Underground, metro, light rail, tram",52,37,15
E01001111,Work mainly at or from home,291,18,273
E01001112,Bicycle,17,12,5
E01001112,"Bus, minibus or coach",121,151,-30
E01001112,Driving a car or van,210,211,-1
E01001112,"Motorcycle, scooter or moped",10,5,5
E01001112,Not in employment or aged 15 years and under,1045,451,594
E01001112,On foot,41,51,-10
E01001112,Other method of travel to work,13,10,3
E01001112,Passenger in a car or van,12,14,-2
E01001112,Taxi,3,3,0
E01001112,Train,133,241,-108
E01001112,"Underground, metro, light rail, tram",49,47,2
E01001112,Work mainly at or from home,360,19,341
E01001113,Bicycle,21,18,3
E01001113,"Bus, minibus or coach",123,137,-14
E01001113,Driving a car or van,239,246,-7
E01001113,"Motorcycle, scooter or moped",14,6,8
E01001113,Not in employment or aged 15 years and under,957,440,517
E01001113,On foot,48,67,-19
E01001113,Other method of travel to work,11,6,5
E01001113,Passenger in a car or van,23,10,13
E01001113,Taxi,1,5,-4
E01001113,Train,138,274,-136
E01001113,"Underground, metro, light rail, tram",70,63,7
E01001113,Work mainly at or from home,366,27,339
E01001114,Bicycle,13,7,6
E01001114,"Bus, minibus or coach",131,132,-1
E01001114,Driving a car or van,212,177,35
E01001114,"Motorcycle, scooter or moped",8,5,3
E01001114,Not in employment or aged 15 years and under,819,394,425
E01001114,On foot,63,48,15
E01001114,Other method of travel to work,11,4,7
E01001114,Passenger in a car or van,7,11,-4
E01001114,Taxi,7,3,4
E01001114,Train,66,130,-64
E01001114,"Underground, metro, light rail, tram",31,36,-5
E01001114,Work mainly at or from home,151,14,137
E01001115,Bicycle,12,9,3
E01001115,"Bus, minibus or coach",111,131,-20
E01001115,Driving a car or van,197,187,10
E01001115,"Motorcycle, scooter or moped",5,3,2
E01001115,Not in employment or aged 15 years and under,1097,530,567
E01001115,On foot,73,105,-32
E01001115,Other method of travel to work,16,11,5
E01001115,Passenger in a car or van,14,14,0
E01001115,Taxi,8,1,7
E01001115,Train,57,100,-43
E01001115,"Underground, metro, light rail, tram",40,51,-11
E01001115,Work mainly at or from home,193,30,163
E01001116,Bicycle,11,6,5
E01001116,"Bus, minibus or coach",123,137,-14
E01001116,Driving a car or van,141,207,-66
E01001116,"Motorcycle, scooter or moped",9,4,5
E01001116,Not in employment or aged 15 years and under,831,348,483
E01001116,On foot,43,67,-24
E01001116,Other method of travel to work,8,4,4
E01001116,Passenger in a car or van,12,5,7
E01001116,Taxi,9,1,8
E01001116,Train,87,133,-46
E01001116,"Underground, metro, light rail, tram",34,40,-6
E01001116,Work mainly at or from home,222,21,201
E01001118,Bicycle,10,9,1
E01001118,"Bus, minibus or coach",164,157,7
E01001118,Driving a car or van,225,227,-2
E01001118,"Motorcycle, scooter or moped",8,7,1
E01001118,Not in employment or aged 15 years and under,1244,601,643
E01001118,On foot,85,104,-19
E01001118,Other method of travel to work,23,10,13
E01001118,Passenger in a car or van,16,8,8
E01001118,Taxi,6,2,4
E01001118,Train,92,151,-59
E01001118,"Underground, metro, light rail, tram",55,48,7
E01001118,Work mainly at or from home,223,30,193
E01001119,Bicycle,2,5,-3
E01001119,"Bus, minibus or coach",33,100,-67
E01001119,Driving a car or van,305,460,-155
E01001119,"Motorcycle, scooter or moped",6,9,-3
E01001119,Not in employment or aged 15 years and under,762,304,458
E01001119,On foot,15,38,-23
E01001119,Other method of travel to work,6,2,4
E01001119,Passenger in a car or van,12,31,-19
E01001119,Taxi,1,2,-1
E01001119,Train,38,122,-84
E01001119,"Underground, metro, light rail, tram",3,15,-12
E01001119,Work mainly at or from home,255,47,208
E01001120,Bicycle,7,5,2
E01001120,"Bus, minibus or coach",36,86,-50
E01001120,Driving a car or van,275,346,-71
E01001120,"Motorcycle, scooter or moped",6,4,2
E01001120,Not in employment or aged 15 years and under,701,246,455
E01001120,On foot,28,35,-7
E01001120,Other method of travel to work,12,0,12
E01001120,Passenger in a car or van,13,31,-18
E01001120,Taxi,5,8,-3
E01001120,Train,36,125,-89
E01001120,"Underground, metro, light rail, tram",6,15,-9
E01001120,Work mainly at or from home,224,30,194
E01001121,Bicycle,6,4,2
E01001121,"Bus, minibus or coach",16,57,-41
E01001121,Driving a car or van,235,350,-115
E01001121,"Motorcycle, scooter or moped",1,9,-8
E01001121,Not in employment or aged 15 years and under,729,345,384
E01001121,On foot,13,43,-30
E01001121,Other method of travel to work,5,3,2
E01001121,Passenger in a car or van,21,27,-6
E01001121,Taxi,3,4,-1
E01001121,Train,30,105,-75
E01001121,"Underground, metro, light rail, tram",8,18,-10
E01001121,Work mainly at or from home,257,65,192
E01001122,Bicycle,9,9,0
E01001122,"Bus, minibus or coach",38,72,-34
E01001122,Driving a car or van,186,362,-176
E01001122,"Motorcycle, scooter or moped",3,7,-4
E01001122,Not in employment or aged 15 years and under,767,381,386
E01001122,On foot,28,65,-37
E01001122,Other method of travel to work,10,4,6
E01001122,Passenger in a car or van,19,21,-2
E01001122,Taxi,1,0,1
E01001122,Train,38,193,-155
E01001122,"Underground, metro, light rail, tram",14,34,-20
E01001122,Work mainly at or from home,322,57,265
E01001123,Bicycle,3,3,0
E01001123,"Bus, minibus or coach",43,69,-26
E01001123,Driving a car or van,298,361,-63
E01001123,"Motorcycle, scooter or moped",3,8,-5
E01001123,Not in employment or aged 15 years and under,813,360,453
E01001123,On foot,17,26,-9
E01001123,Other method of travel to work,10,3,7
E01001123,Passenger in a car or van,13,26,-13
E01001123,Taxi,6,10,-4
E01001123,Train,43,130,-87
E01001123,"Underground, metro, light rail, tram",20,28,-8
E01001123,Work mainly at or from home,346,44,302
E01001124,Bicycle,9,6,3
E01001124,"Bus, minibus or coach",23,65,-42
E01001124,Driving a car or van,238,408,-170
E01001124,"Motorcycle, scooter or moped",2,3,-1
E01001124,Not in employment or aged 15 years and under,881,387,494
E01001124,On foot,20,19,1
E01001124,Other method of travel to work,6,2,4
E01001124,Passenger in a car or van,6,23,-17
E01001124,Taxi,1,5,-4
E01001124,Train,39,155,-116
E01001124,"Underground, metro, light rail, tram",10,17,-7
E01001124,Work mainly at or from home,327,69,258
E01001125,Bicycle,4,6,-2
E01001125,"Bus, minibus or coach",58,119,-61
E01001125,Driving a car or van,252,396,-144
E01001125,"Motorcycle, scooter or moped",1,5,-4
E01001125,Not in employment or aged 15 years and under,897,417,480
E01001125,On foot,32,58,-26
E01001125,Other method of travel to work,11,2,9
E01001125,Passenger in a car or van,19,24,-5
E01001125,Taxi,4,6,-2
E01001125,Train,39,164,-125
E01001125,"Underground, metro, light rail, tram",11,18,-7
E01001125,Work mainly at or from home,317,39,278
E01001126,Bicycle,4,3,1
E01001126,"Bus, minibus or coach",41,88,-47
E01001126,Driving a car or van,304,394,-90
E01001126,"Motorcycle, scooter or moped",4,12,-8
E01001126,Not in employment or aged 15 years and under,714,328,386
E01001126,On foot,25,36,-11
E01001126,Other method of travel to work,7,0,7
E01001126,Passenger in a car or van,18,28,-10
E01001126,Taxi,1,3,-2
E01001126,Train,29,111,-82
E01001126,"Underground, metro, light rail, tram",6,23,-17
E01001126,Work mainly at or from home,265,35,230
E01001127,Bicycle,5,11,-6
E01001127,"Bus, minibus or coach",54,114,-60
E01001127,Driving a car or van,293,447,-154
E01001127,"Motorcycle, scooter or moped",4,13,-9
E01001127,Not in employment or aged 15 years and under,857,377,480
E01001127,On foot,16,28,-12
E01001127,Other method of travel to work,10,6,4
E01001127,Passenger in a car or van,15,24,-9
E01001127,Taxi,4,5,-1
E01001127,Train,51,139,-88
E01001127,"Underground, metro, light rail, tram",11,16,-5
E01001127,Work mainly at or from home,304,30,274
E01001128,Bicycle,2,2,0
E01001128,"Bus, minibus or coach",119,152,-33
E01001128,Driving a car or van,236,252,-16
E01001128,"Motorcycle, scooter or moped",6,3,3
E01001128,Not in employment or aged 15 years and under,973,469,504
E01001128,On foot,26,30,-4
E01001128,Other method of travel to work,10,3,7
E01001128,Passenger in a car or van,11,21,-10
E01001128,Taxi,3,1,2
E01001128,Train,55,106,-51
E01001128,"Underground, metro, light rail, tram",14,14,0
E01001128,Work mainly at or from home,155,18,137
E01001129,Bicycle,9,7,2
E01001129,"Bus, minibus or coach",28,113,-85
E01001129,Driving a car or van,249,383,-134
E01001129,"Motorcycle, scooter or moped",10,10,0
E01001129,Not in employment or aged 15 years and under,704,315,389
E01001129,On foot,22,24,-2
E01001129,Other method of travel to work,6,2,4
E01001129,Passenger in a car or van,14,25,-11
E01001129,Taxi,2,1,1
E01001129,Train,46,160,-114
E01001129,"Underground, metro, light rail, tram",12,16,-4
E01001129,Work mainly at or from home,285,36,249
E01001130,Bicycle,5,4,1
E01001130,"Bus, minibus or coach",160,211,-51
E01001130,Driving a car or van,219,176,43
E01001130,"Motorcycle, scooter or moped",3,7,-4
E01001130,Not in employment or aged 15 years and under,1154,495,659
E01001130,On foot,22,26,-4
E01001130,Other method of travel to work,7,4,3
E01001130,Passenger in a car or van,9,10,-1
E01001130,Taxi,2,2,0
E01001130,Train,28,83,-55
E01001130,"Underground, metro, light rail, tram",20,23,-3
E01001130,Work mainly at or from home,126,12,114
E01001131,Bicycle,8,8,0
E01001131,"Bus, minibus or coach",37,89,-52
E01001131,Driving a car or van,328,423,-95
E01001131,"Motorcycle, scooter or moped",6,11,-5
E01001131,Not in employment or aged 15 years and under,796,331,465
E01001131,On foot,32,27,5
E01001131,Other method of travel to work,5,5,0
E01001131,Passenger in a car or van,22,34,-12
E01001131,Taxi,2,8,-6
E01001131,Train,48,135,-87
E01001131,"Underground, metro, light rail, tram",12,29,-17
E01001131,Work mainly at or from home,277,27,250
E01001132,Bicycle,9,6,3
E01001132,"Bus, minibus or coach",37,76,-39
E01001132,Driving a car or van,285,388,-103
E01001132,"Motorcycle, scooter or moped",4,10,-6
E01001132,Not in employment or aged 15 years and under,857,391,466
E01001132,On foot,14,41,-27
E01001132,Other method of travel to work,5,4,1
E01001132,Passenger in a car or van,23,36,-13
E01001132,Taxi,4,2,2
E01001132,Train,53,111,-58
E01001132,"Underground, metro, light rail, tram",12,13,-1
E01001132,Work mainly at or from home,313,33,280
E01001133,Bicycle,9,8,1
E01001133,"Bus, minibus or coach",47,75,-28
E01001133,Driving a car or van,266,318,-52
E01001133,"Motorcycle, scooter or moped",5,4,1
E01001133,Not in employment or aged 15 years and under,872,381,491
E01001133,On foot,24,28,-4
E01001133,Other method of travel to work,6,8,-2
E01001133,Passenger in a car or van,19,11,8
E01001133,Taxi,1,4,-3
E01001133,Train,52,150,-98
E01001133,"Underground, metro, light rail, tram",12,17,-5
E01001133,Work mainly at or from home,279,49,230
E01001134,Bicycle,8,14,-6
E01001134,"Bus, minibus or coach",47,109,-62
E01001134,Driving a car or van,295,435,-140
E01001134,"Motorcycle, scooter or moped",3,4,-1
E01001134,Not in employment or aged 15 years and under,794,358,436
E01001134,On foot,28,35,-7
E01001134,Other method of travel to work,9,3,6
E01001134,Passenger in a car or van,17,22,-5
E01001134,Taxi,5,3,2
E01001134,Train,64,175,-111
E01001134,"Underground, metro, light rail, tram",15,27,-12
E01001134,Work mainly at or from home,321,49,272
E01001135,Bicycle,4,11,-7
E01001135,"Bus, minibus or coach",60,101,-41
E01001135,Driving a car or van,266,396,-130
E01001135,"Motorcycle, scooter or moped",5,8,-3
E01001135,Not in employment or aged 15 years and under,893,351,542
E01001135,On foot,27,44,-17
E01001135,Other method of travel to work,6,3,3
E01001135,Passenger in a car or van,12,18,-6
E01001135,Taxi,2,5,-3
E01001135,Train,69,191,-122
E01001135,"Underground, metro, light rail, tram",14,23,-9
E01001135,Work mainly at or from home,320,60,260
E01001136,Bicycle,21,7,14
E01001136,"Bus, minibus or coach",121,190,-69
E01001136,Driving a car or van,188,217,-29
E01001136,"Motorcycle, scooter or moped",6,7,-1
E01001136,Not in employment or aged 15 years and under,936,501,435
E01001136,On foot,42,52,-10
E01001136,Other method of travel to work,27,7,20
E01001136,Passenger in a car or van,9,8,1
E01001136,Taxi,1,3,-2
E01001136,Train,194,308,-114
E01001136,"Underground, metro, light rail, tram",59,65,-6
E01001136,Work mainly at or from home,428,36,392
E01001137,Bicycle,34,36,-2
E01001137,"Bus, minibus or coach",89,146,-57
E01001137,Driving a car or van,177,219,-42
E01001137,"Motorcycle, scooter or moped",9,12,-3
E01001137,Not in employment or aged 15 years and under,994,426,568
E01001137,On foot,42,49,-7
E01001137,Other method of travel to work,16,7,9
E01001137,Passenger in a car or van,12,18,-6
E01001137,Taxi,6,2,4
E01001137,Train,76,261,-185
E01001137,"Underground, metro, light rail, tram",43,98,-55
E01001137,Work mainly at or from home,635,66,569
E01001138,Bicycle,21,28,-7
E01001138,"Bus, minibus or coach",43,95,-52
E01001138,Driving a car or van,117,219,-102
E01001138,"Motorcycle, scooter or moped",7,19,-12
E01001138,Not in employment or aged 15 years and under,704,300,404
E01001138,On foot,50,34,16
E01001138,Other method of travel to work,7,4,3
E01001138,Passenger in a car or van,6,5,1
E01001138,Taxi,0,3,-3
E01001138,Train,79,347,-268
E01001138,"Underground, metro, light rail, tram",42,70,-28
E01001138,Work mainly at or from home,438,56,382
E01001139,Bicycle,17,16,1
E01001139,"Bus, minibus or coach",110,192,-82
E01001139,Driving a car or van,202,266,-64
E01001139,"Motorcycle, scooter or moped",8,8,0
E01001139,Not in employment or aged 15 years and under,842,391,451
E01001139,On foot,20,33,-13
E01001139,Other method of travel to work,10,6,4
E01001139,Passenger in a car or van,8,14,-6
E01001139,Taxi,3,6,-3
E01001139,Train,75,183,-108
E01001139,"Underground, metro, light rail, tram",35,52,-17
E01001139,Work mainly at or from home,367,29,338
E01001140,Bicycle,28,19,9
E01001140,"Bus, minibus or coach",94,174,-80
E01001140,Driving a car or van,177,250,-73
E01001140,"Motorcycle, scooter or moped",9,17,-8
E01001140,Not in employment or aged 15 years and under,702,340,362
E01001140,On foot,36,34,2
E01001140,Other method of travel to work,8,2,6
E01001140,Passenger in a car or van,6,11,-5
E01001140,Taxi,2,1,1
E01001140,Train,96,284,-188
E01001140,"Underground, metro, light rail, tram",50,57,-7
E01001140,Work mainly at or from home,420,22,398
E01001141,Bicycle,17,6,11
E01001141,"Bus, minibus or coach",82,120,-38
E01001141,Driving a car or van,161,181,-20
E01001141,"Motorcycle, scooter or moped",8,8,0
E01001141,Not in employment or aged 15 years and under,615,307,308
E01001141,On foot,19,29,-10
E01001141,Other method of travel to work,4,2,2
E01001141,Passenger in a car or van,14,14,0
E01001141,Taxi,7,2,5
E01001141,Train,65,176,-111
E01001141,"Underground, metro, light rail, tram",30,31,-1
E01001141,Work mainly at or from home,254,33,221
E01001142,Bicycle,15,17,-2
E01001142,"Bus, minibus or coach",88,141,-53
E01001142,Driving a car or van,223,246,-23
E01001142,"Motorcycle, scooter or moped",9,11,-2
E01001142,Not in employment or aged 15 years and under,984,373,611
E01001142,On foot,49,32,17
E01001142,Other method of travel to work,13,2,11
E01001142,Passenger in a car or van,12,11,1
E01001142,Taxi,5,4,1
E01001142,Train,98,203,-105
E01001142,"Underground, metro, light rail, tram",25,41,-16
E01001142,Work mainly at or from home,409,38,371
E01001143,Bicycle,18,8,10
E01001143,"Bus, minibus or coach",128,133,-5
E01001143,Driving a car or van,197,252,-55
E01001143,"Motorcycle, scooter or moped",4,8,-4
E01001143,Not in employment or aged 15 years and under,993,560,433
E01001143,On foot,43,52,-9
E01001143,Other method of travel to work,9,5,4
E01001143,Passenger in a car or van,14,11,3
E01001143,Taxi,5,2,3
E01001143,Train,142,227,-85
E01001143,"Underground, metro, light rail, tram",53,85,-32
E01001143,Work mainly at or from home,329,28,301
E01001144,Bicycle,12,17,-5
E01001144,"Bus, minibus or coach",110,157,-47
E01001144,Driving a car or van,166,209,-43
E01001144,"Motorcycle, scooter or moped",4,3,1
E01001144,Not in employment or aged 15 years and under,846,517,329
E01001144,On foot,42,40,2
E01001144,Other method of travel to work,17,1,16
E01001144,Passenger in a car or van,12,14,-2
E01001144,Taxi,8,3,5
E01001144,Train,123,200,-77
E01001144,"Underground, metro, light rail, tram",45,57,-12
E01001144,Work mainly at or from home,375,32,343
E01001145,Bicycle,9,7,2
E01001145,"Bus, minibus or coach",148,159,-11
E01001145,Driving a car or van,173,189,-16
E01001145,"Motorcycle, scooter or moped",0,6,-6
E01001145,Not in employment or aged 15 years and under,1059,499,560
E01001145,On foot,32,56,-24
E01001145,Other method of travel to work,15,8,7
E01001145,Passenger in a car or van,11,9,2
E01001145,Taxi,4,1,3
E01001145,Train,108,200,-92
E01001145,"Underground, metro, light rail, tram",43,46,-3
E01001145,Work mainly at or from home,221,30,191
E01001146,Bicycle,20,13,7
E01001146,"Bus, minibus or coach",81,167,-86
E01001146,Driving a car or van,206,260,-54
E01001146,"Motorcycle, scooter or moped",7,14,-7
E01001146,Not in employment or aged 15 years and under,787,434,353
E01001146,On foot,44,43,1
E01001146,Other method of travel to work,9,7,2
E01001146,Passenger in a car or van,10,24,-14
E01001146,Taxi,10,5,5
E01001146,Train,83,157,-74
E01001146,"Underground, metro, light rail, tram",37,42,-5
E01001146,Work mainly at or from home,243,24,219
E01001147,Bicycle,13,12,1
E01001147,"Bus, minibus or coach",141,173,-32
E01001147,Driving a car or van,237,218,19
E01001147,"Motorcycle, scooter or moped",5,5,0
E01001147,Not in employment or aged 15 years and under,955,452,503
E01001147,On foot,41,36,5
E01001147,Other method of travel to work,17,5,12
E01001147,Passenger in a car or van,16,18,-2
E01001147,Taxi,3,4,-1
E01001147,Train,71,118,-47
E01001147,"Underground, metro, light rail, tram",46,45,1
E01001147,Work mainly at or from home,237,19,218
E01001148,Bicycle,20,10,10
E01001148,"Bus, minibus or coach",143,166,-23
E01001148,Driving a car or van,222,293,-71
E01001148,"Motorcycle, scooter or moped",5,9,-4
E01001148,Not in employment or aged 15 years and under,904,378,526
E01001148,On foot,38,43,-5
E01001148,Other method of travel to work,7,3,4
E01001148,Passenger in a car or van,14,14,0
E01001148,Taxi,8,5,3
E01001148,Train,71,170,-99
E01001148,"Underground, metro, light rail, tram",55,48,7
E01001148,Work mainly at or from home,276,19,257
E01001149,Bicycle,17,19,-2
E01001149,"Bus, minibus or coach",106,151,-45
E01001149,Driving a car or van,187,249,-62
E01001149,"Motorcycle, scooter or moped",7,9,-2
E01001149,Not in employment or aged 15 years and under,800,360,440
E01001149,On foot,36,30,6
E01001149,Other method of travel to work,7,4,3
E01001149,Passenger in a car or van,11,14,-3
E01001149,Taxi,3,4,-1
E01001149,Train,91,181,-90
E01001149,"Underground, metro, light rail, tram",32,56,-24
E01001149,Work mainly at or from home,293,25,268
E01001150,Bicycle,16,9,7
E01001150,"Bus, minibus or coach",89,154,-65
E01001150,Driving a car or van,206,283,-77
E01001150,"Motorcycle, scooter or moped",9,13,-4
E01001150,Not in employment or aged 15 years and under,783,388,395
E01001150,On foot,37,30,7
E01001150,Other method of travel to work,7,2,5
E01001150,Passenger in a car or van,17,15,2
E01001150,Taxi,10,1,9
E01001150,Train,92,204,-112
E01001150,"Underground, metro, light rail, tram",39,53,-14
E01001150,Work mainly at or from home,393,34,359
E01001151,Bicycle,10,4,6
E01001151,"Bus, minibus or coach",164,171,-7
E01001151,Driving a car or van,222,203,19
E01001151,"Motorcycle, scooter or moped",9,5,4
E01001151,Not in employment or aged 15 years and under,977,472,505
E01001151,On foot,40,41,-1
E01001151,Other method of travel to work,12,4,8
E01001151,Passenger in a car or van,6,13,-7
E01001151,Taxi,7,4,3
E01001151,Train,80,166,-86
E01001151,"Underground, metro, light rail, tram",39,34,5
E01001151,Work mainly at or from home,184,21,163
E01001152,Bicycle,12,6,6
E01001152,"Bus, minibus or coach",223,179,44
E01001152,Driving a car or van,247,234,13
E01001152,"Motorcycle, scooter or moped",8,7,1
E01001152,Not in employment or aged 15 years and under,1032,410,622
E01001152,On foot,44,52,-8
E01001152,Other method of travel to work,32,9,23
E01001152,Passenger in a car or van,11,16,-5
E01001152,Taxi,7,2,5
E01001152,Train,145,192,-47
E01001152,"Underground, metro, light rail, tram",78,49,29
E01001152,Work mainly at or from home,222,20,202
E01001153,Bicycle,9,9,0
E01001153,"Bus, minibus or coach",122,187,-65
E01001153,Driving a car or van,190,222,-32
E01001153,"Motorcycle, scooter or moped",7,7,0
E01001153,Not in employment or aged 15 years and under,811,388,423
E01001153,On foot,32,50,-18
E01001153,Other method of travel to work,11,5,6
E01001153,Passenger in a car or van,12,14,-2
E01001153,Taxi,8,1,7
E01001153,Train,112,202,-90
E01001153,"Underground, metro, light rail, tram",42,47,-5
E01001153,Work mainly at or from home,278,28,250
E01001154,Bicycle,20,11,9
E01001154,"Bus, minibus or coach",185,233,-48
E01001154,Driving a car or van,252,260,-8
E01001154,"Motorcycle, scooter or moped",8,6,2
E01001154,Not in employment or aged 15 years and under,986,496,490
E01001154,On foot,45,66,-21
E01001154,Other method of travel to work,13,10,3
E01001154,Passenger in a car or van,8,18,-10
E01001154,Taxi,16,2,14
E01001154,Train,127,177,-50
E01001154,"Underground, metro, light rail, tram",65,51,14
E01001154,Work mainly at or from home,244,23,221
E01001155,Bicycle,4,6,-2
E01001155,"Bus, minibus or coach",144,181,-37
E01001155,Driving a car or van,135,157,-22
E01001155,"Motorcycle, scooter or moped",7,4,3
E01001155,Not in employment or aged 15 years and under,1116,540,576
E01001155,On foot,58,39,19
E01001155,Other method of travel to work,25,3,22
E01001155,Passenger in a car or van,8,13,-5
E01001155,Taxi,8,5,3
E01001155,Train,91,158,-67
E01001155,"Underground, metro, light rail, tram",18,40,-22
E01001155,Work mainly at or from home,185,23,162
E01001156,Bicycle,32,24,8
E01001156,"Bus, minibus or coach",108,177,-69
E01001156,Driving a car or van,197,228,-31
E01001156,"Motorcycle, scooter or moped",11,12,-1
E01001156,Not in employment or aged 15 years and under,874,401,473
E01001156,On foot,33,30,3
E01001156,Other method of travel to work,11,3,8
E01001156,Passenger in a car or van,8,11,-3
E01001156,Taxi,4,9,-5
E01001156,Train,55,205,-150
E01001156,"Underground, metro, light rail, tram",36,38,-2
E01001156,Work mainly at or from home,405,45,360
E01001157,Bicycle,19,22,-3
E01001157,"Bus, minibus or coach",99,169,-70
E01001157,Driving a car or van,255,328,-73
E01001157,"Motorcycle, scooter or moped",14,8,6
E01001157,Not in employment or aged 15 years and under,1030,435,595
E01001157,On foot,25,32,-7
E01001157,Other method of travel to work,12,5,7
E01001157,Passenger in a car or van,19,32,-13
E01001157,Taxi,6,6,0
E01001157,Train,64,140,-76
E01001157,"Underground, metro, light rail, tram",28,54,-26
E01001157,Work mainly at or from home,286,28,258
E01001158,Bicycle,16,25,-9
E01001158,"Bus, minibus or coach",96,186,-90
E01001158,Driving a car or van,214,251,-37
E01001158,"Motorcycle, scooter or moped",11,10,1
E01001158,Not in employment or aged 15 years and under,749,374,375
E01001158,On foot,28,39,-11
E01001158,Other method of travel to work,11,10,1
E01001158,Passenger in a car or van,15,14,1
E01001158,Taxi,6,5,1
E01001158,Train,55,148,-93
E01001158,"Underground, metro, light rail, tram",35,50,-15
E01001158,Work mainly at or from home,299,29,270
E01001159,Bicycle,17,17,0
E01001159,"Bus, minibus or coach",106,184,-78
E01001159,Driving a car or van,242,335,-93
E01001159,"Motorcycle, scooter or moped",16,4,12
E01001159,Not in employment or aged 15 years and under,1009,467,542
E01001159,On foot,28,35,-7
E01001159,Other method of travel to work,18,4,14
E01001159,Passenger in a car or van,12,31,-19
E01001159,Taxi,7,5,2
E01001159,Train,53,151,-98
E01001159,"Underground, metro, light rail, tram",38,64,-26
E01001159,Work mainly at or from home,396,42,354
E01001160,Bicycle,11,14,-3
E01001160,"Bus, minibus or coach",98,129,-31
E01001160,Driving a car or van,326,406,-80
E01001160,"Motorcycle, scooter or moped",8,13,-5
E01001160,Not in employment or aged 15 years and under,1052,548,504
E01001160,On foot,30,35,-5
E01001160,Other method of travel to work,12,4,8
E01001160,Passenger in a car or van,24,27,-3
E01001160,Taxi,1,6,-5
E01001160,Train,46,166,-120
E01001160,"Underground, metro, light rail, tram",42,60,-18
E01001160,Work mainly at or from home,300,29,271
E01001161,Bicycle,12,6,6
E01001161,"Bus, minibus or coach",119,172,-53
E01001161,Driving a car or van,239,230,9
E01001161,"Motorcycle, scooter or moped",13,8,5
E01001161,Not in employment or aged 15 years and under,970,632,338
E01001161,On foot,32,52,-20
E01001161,Other method of travel to work,15,7,8
E01001161,Passenger in a car or van,19,21,-2
E01001161,Taxi,9,2,7
E01001161,Train,75,136,-61
E01001161,"Underground, metro, light rail, tram",40,39,1
E01001161,Work mainly at or from home,187,22,165
E01001162,Bicycle,27,28,-1
E01001162,"Bus, minibus or coach",146,176,-30
E01001162,Driving a car or van,210,265,-55
E01001162,"Motorcycle, scooter or moped",6,7,-1
E01001162,Not in employment or aged 15 years and under,866,446,420
E01001162,On foot,37,36,1
E01001162,Other method of travel to work,13,4,9
E01001162,Passenger in a car or van,12,13,-1
E01001162,Taxi,3,3,0
E01001162,Train,72,176,-104
E01001162,"Underground, metro, light rail, tram",35,73,-38
E01001162,Work mainly at or from home,379,34,345
E01001163,Bicycle,25,26,-1
E01001163,"Bus, minibus or coach",115,219,-104
E01001163,Driving a car or van,254,345,-91
E01001163,"Motorcycle, scooter or moped",4,17,-13
E01001163,Not in employment or aged 15 years and under,951,416,535
E01001163,On foot,29,43,-14
E01001163,Other method of travel to work,14,6,8
E01001163,Passenger in a car or van,15,16,-1
E01001163,Taxi,5,6,-1
E01001163,Train,48,189,-141
E01001163,"Underground, metro, light rail, tram",43,80,-37
E01001163,Work mainly at or from home,474,54,420
E01001164,Bicycle,40,45,-5
E01001164,"Bus, minibus or coach",82,146,-64
E01001164,Driving a car or van,178,273,-95
E01001164,"Motorcycle, scooter or moped",13,16,-3
E01001164,Not in employment or aged 15 years and under,766,391,375
E01001164,On foot,48,73,-25
E01001164,Other method of travel to work,10,5,5
E01001164,Passenger in a car or van,10,19,-9
E01001164,Taxi,5,1,4
E01001164,Train,123,416,-293
E01001164,"Underground, metro, light rail, tram",51,100,-49
E01001164,Work mainly at or from home,657,65,592
E01001165,Bicycle,16,14,2
E01001165,"Bus, minibus or coach",101,113,-12
E01001165,Driving a car or van,251,307,-56
E01001165,"Motorcycle, scooter or moped",10,9,1
E01001165,Not in employment or aged 15 years and under,817,329,488
E01001165,On foot,75,113,-38
E01001165,Other method of travel to work,17,6,11
E01001165,Passenger in a car or van,10,5,5
E01001165,Taxi,2,1,1
E01001165,Train,87,207,-120
E01001165,"Underground, metro, light rail, tram",90,98,-8
E01001165,Work mainly at or from home,369,36,333
E01001166,Bicycle,17,17,0
E01001166,"Bus, minibus or coach",99,118,-19
E01001166,Driving a car or van,216,194,22
E01001166,"Motorcycle, scooter or moped",7,5,2
E01001166,Not in employment or aged 15 years and under,1109,463,646
E01001166,On foot,109,164,-55
E01001166,Other method of travel to work,16,4,12
E01001166,Passenger in a car or van,15,17,-2
E01001166,Taxi,6,3,3
E01001166,Train,82,209,-127
E01001166,"Underground, metro, light rail, tram",49,87,-38
E01001166,Work mainly at or from home,243,47,196
E01001167,Bicycle,12,14,-2
E01001167,"Bus, minibus or coach",112,145,-33
E01001167,Driving a car or van,389,419,-30
E01001167,"Motorcycle, scooter or moped",9,9,0
E01001167,Not in employment or aged 15 years and under,1173,511,662
E01001167,On foot,82,123,-41
E01001167,Other method of travel to work,10,6,4
E01001167,Passenger in a car or van,25,23,2
E01001167,Taxi,4,5,-1
E01001167,Train,99,247,-148
E01001167,"Underground, metro, light rail, tram",44,60,-16
E01001167,Work mainly at or from home,374,37,337
E01001168,Bicycle,36,21,15
E01001168,"Bus, minibus or coach",87,94,-7
E01001168,Driving a car or van,228,312,-84
E01001168,"Motorcycle, scooter or moped",18,7,11
E01001168,Not in employment or aged 15 years and under,818,393,425
E01001168,On foot,77,128,-51
E01001168,Other method of travel to work,18,7,11
E01001168,Passenger in a car or van,16,20,-4
E01001168,Taxi,5,2,3
E01001168,Train,124,210,-86
E01001168,"Underground, metro, light rail, tram",72,83,-11
E01001168,Work mainly at or from home,323,41,282
E01001169,Bicycle,11,8,3
E01001169,"Bus, minibus or coach",92,130,-38
E01001169,Driving a car or van,268,274,-6
E01001169,"Motorcycle, scooter or moped",1,9,-8
E01001169,Not in employment or aged 15 years and under,1033,442,591
E01001169,On foot,75,99,-24
E01001169,Other method of travel to work,15,5,10
E01001169,Passenger in a car or van,15,24,-9
E01001169,Taxi,6,1,5
E01001169,Train,55,106,-51
E01001169,"Underground, metro, light rail, tram",20,29,-9
E01001169,Work mainly at or from home,242,15,227
E01001170,Bicycle,6,13,-7
E01001170,"Bus, minibus or coach",121,172,-51
E01001170,Driving a car or van,209,275,-66
E01001170,"Motorcycle, scooter or moped",4,8,-4
E01001170,Not in employment or aged 15 years and under,1023,451,572
E01001170,On foot,67,181,-114
E01001170,Other method of travel to work,9,8,1
E01001170,Passenger in a car or van,14,20,-6
E01001170,Taxi,5,4,1
E01001170,Train,92,278,-186
E01001170,"Underground, metro, light rail, tram",35,55,-20
E01001170,Work mainly at or from home,351,31,320
E01001171,Bicycle,9,10,-1
E01001171,"Bus, minibus or coach",68,101,-33
E01001171,Driving a car or van,202,212,-10
E01001171,"Motorcycle, scooter or moped",8,3,5
E01001171,Not in employment or aged 15 years and under,1015,457,558
E01001171,On foot,48,105,-57
E01001171,Other method of travel to work,9,4,5
E01001171,Passenger in a car or van,17,16,1
E01001171,Taxi,5,0,5
E01001171,Train,75,147,-72
E01001171,"Underground, metro, light rail, tram",22,35,-13
E01001171,Work mainly at or from home,280,34,246
E01001172,Bicycle,12,9,3
E01001172,"Bus, minibus or coach",124,129,-5
E01001172,Driving a car or van,315,263,52
E01001172,"Motorcycle, scooter or moped",2,6,-4
E01001172,Not in employment or aged 15 years and under,1315,544,771
E01001172,On foot,79,80,-1
E01001172,Other method of travel to work,13,2,11
E01001172,Passenger in a car or van,25,21,4
E01001172,Taxi,12,2,10
E01001172,Train,70,101,-31
E01001172,"Underground, metro, light rail, tram",42,22,20
E01001172,Work mainly at or from home,200,19,181
E01001173,Bicycle,11,10,1
E01001173,"Bus, minibus or coach",142,191,-49
E01001173,Driving a car or van,458,555,-97
E01001173,"Motorcycle, scooter or moped",6,13,-7
E01001173,Not in employment or aged 15 years and under,1334,580,754
E01001173,On foot,109,104,5
E01001173,Other method of travel to work,14,7,7
E01001173,Passenger in a car or van,18,27,-9
E01001173,Taxi,6,3,3
E01001173,Train,129,257,-128
E01001173,"Underground, metro, light rail, tram",19,49,-30
E01001173,Work mainly at or from home,488,60,428
E01001174,Bicycle,14,7,7
E01001174,"Bus, minibus or coach",124,164,-40
E01001174,Driving a car or van,221,273,-52
E01001174,"Motorcycle, scooter or moped",8,6,2
E01001174,Not in employment or aged 15 years and under,960,441,519
E01001174,On foot,62,56,6
E01001174,Other method of travel to work,9,4,5
E01001174,Passenger in a car or van,16,17,-1
E01001174,Taxi,5,1,4
E01001174,Train,52,99,-47
E01001174,"Underground, metro, light rail, tram",34,54,-20
E01001174,Work mainly at or from home,195,24,171
E01001175,Bicycle,15,8,7
E01001175,"Bus, minibus or coach",114,165,-51
E01001175,Driving a car or van,173,183,-10
E01001175,"Motorcycle, scooter or moped",7,2,5
E01001175,Not in employment or aged 15 years and under,928,450,478
E01001175,On foot,91,70,21
E01001175,Other method of travel to work,5,2,3
E01001175,Passenger in a car or van,18,20,-2
E01001175,Taxi,6,3,3
E01001175,Train,82,139,-57
E01001175,"Underground, metro, light rail, tram",20,36,-16
E01001175,Work mainly at or from home,179,15,164
E01001176,Bicycle,24,11,13
E01001176,"Bus, minibus or coach",121,209,-88
E01001176,Driving a car or van,235,269,-34
E01001176,"Motorcycle, scooter or moped",9,2,7
E01001176,Not in employment or aged 15 years and under,1049,512,537
E01001176,On foot,67,66,1
E01001176,Other method of travel to work,14,8,6
E01001176,Passenger in a car or van,24,19,5
E01001176,Taxi,4,2,2
E01001176,Train,66,154,-88
E01001176,"Underground, metro, light rail, tram",50,47,3
E01001176,Work mainly at or from home,190,22,168
E01001177,Bicycle,9,7,2
E01001177,"Bus, minibus or coach",146,175,-29
E01001177,Driving a car or van,271,275,-4
E01001177,"Motorcycle, scooter or moped",4,3,1
E01001177,Not in employment or aged 15 years and under,859,448,411
E01001177,On foot,62,45,17
E01001177,Other method of travel to work,11,4,7
E01001177,Passenger in a car or van,18,14,4
E01001177,Taxi,4,1,3
E01001177,Train,44,75,-31
E01001177,"Underground, metro, light rail, tram",62,68,-6
E01001177,Work mainly at or from home,159,17,142
E01001178,Bicycle,12,6,6
E01001178,"Bus, minibus or coach",123,114,9
E01001178,Driving a car or van,156,152,4
E01001178,"Motorcycle, scooter or moped",16,9,7
E01001178,Not in employment or aged 15 years and under,987,465,522
E01001178,On foot,82,65,17
E01001178,Other method of travel to work,16,6,10
E01001178,Passenger in a car or van,19,10,9
E01001178,Taxi,3,0,3
E01001178,Train,49,83,-34
E01001178,"Underground, metro, light rail, tram",24,32,-8
E01001178,Work mainly at or from home,134,17,117
E01001179,Bicycle,12,9,3
E01001179,"Bus, minibus or coach",132,166,-34
E01001179,Driving a car or van,240,233,7
E01001179,"Motorcycle, scooter or moped",5,10,-5
E01001179,Not in employment or aged 15 years and under,922,372,550
E01001179,On foot,57,77,-20
E01001179,Other method of travel to work,11,5,6
E01001179,Passenger in a car or van,15,17,-2
E01001179,Taxi,3,4,-1
E01001179,Train,46,116,-70
E01001179,"Underground, metro, light rail, tram",41,44,-3
E01001179,Work mainly at or from home,176,18,158
E01001180,Bicycle,14,10,4
E01001180,"Bus, minibus or coach",184,178,6
E01001180,Driving a car or van,267,275,-8
E01001180,"Motorcycle, scooter or moped",6,5,1
E01001180,Not in employment or aged 15 years and under,1074,428,646
E01001180,On foot,94,92,2
E01001180,Other method of travel to work,14,7,7
E01001180,Passenger in a car or van,27,19,8
E01001180,Taxi,3,3,0
E01001180,Train,53,116,-63
E01001180,"Underground, metro, light rail, tram",65,61,4
E01001180,Work mainly at or from home,183,11,172
E01001181,Bicycle,9,18,-9
E01001181,"Bus, minibus or coach",150,209,-59
E01001181,Driving a car or van,221,200,21
E01001181,"Motorcycle, scooter or moped",9,7,2
E01001181,Not in employment or aged 15 years and under,1369,488,881
E01001181,On foot,107,126,-19
E01001181,Other method of travel to work,20,6,14
E01001181,Passenger in a car or van,18,11,7
E01001181,Taxi,4,4,0
E01001181,Train,70,158,-88
E01001181,"Underground, metro, light rail, tram",35,42,-7
E01001181,Work mainly at or from home,182,21,161
E01001182,Bicycle,26,8,18
E01001182,"Bus, minibus or coach",120,156,-36
E01001182,Driving a car or van,203,203,0
E01001182,"Motorcycle, scooter or moped",6,8,-2
E01001182,Not in employment or aged 15 years and under,708,400,308
E01001182,On foot,36,57,-21
E01001182,Other method of travel to work,16,0,16
E01001182,Passenger in a car or van,13,8,5
E01001182,Taxi,4,1,3
E01001182,Train,35,105,-70
E01001182,"Underground, metro, light rail, tram",32,46,-14
E01001182,Work mainly at or from home,164,17,147
E01001183,Bicycle,17,9,8
E01001183,"Bus, minibus or coach",178,180,-2
E01001183,Driving a car or van,191,212,-21
E01001183,"Motorcycle, scooter or moped",4,3,1
E01001183,Not in employment or aged 15 years and under,1031,454,577
E01001183,On foot,57,70,-13
E01001183,Other method of travel to work,16,10,6
E01001183,Passenger in a car or van,16,12,4
E01001183,Taxi,3,2,1
E01001183,Train,84,132,-48
E01001183,"Underground, metro, light rail, tram",46,58,-12
E01001183,Work mainly at or from home,181,26,155
E01001184,Bicycle,10,11,-1
E01001184,"Bus, minibus or coach",90,144,-54
E01001184,Driving a car or van,195,242,-47
E01001184,"Motorcycle, scooter or moped",4,2,2
E01001184,Not in employment or aged 15 years and under,642,377,265
E01001184,On foot,44,47,-3
E01001184,Other method of travel to work,15,3,12
E01001184,Passenger in a car or van,16,16,0
E01001184,Taxi,4,4,0
E01001184,Train,48,99,-51
E01001184,"Underground, metro, light rail, tram",28,35,-7
E01001184,Work mainly at or from home,198,15,183
E01001185,Bicycle,8,20,-12
E01001185,"Bus, minibus or coach",68,69,-1
E01001185,Driving a car or van,218,277,-59
E01001185,"Motorcycle, scooter or moped",1,8,-7
E01001185,Not in employment or aged 15 years and under,795,392,403
E01001185,On foot,38,57,-19
E01001185,Other method of travel to work,16,8,8
E01001185,Passenger in a car or van,10,24,-14
E01001185,Taxi,1,5,-4
E01001185,Train,84,227,-143
E01001185,"Underground, metro, light rail, tram",79,118,-39
E01001185,Work mainly at or from home,382,26,356
E01001186,Bicycle,16,8,8
E01001186,"Bus, minibus or coach",109,115,-6
E01001186,Driving a car or van,204,278,-74
E01001186,"Motorcycle, scooter or moped",8,10,-2
E01001186,Not in employment or aged 15 years and under,860,490,370
E01001186,On foot,44,43,1
E01001186,Other method of travel to work,9,5,4
E01001186,Passenger in a car or van,12,18,-6
E01001186,Taxi,6,1,5
E01001186,Train,96,199,-103
E01001186,"Underground, metro, light rail, tram",54,78,-24
E01001186,Work mainly at or from home,269,35,234
E01001187,Bicycle,10,9,1
E01001187,"Bus, minibus or coach",106,142,-36
E01001187,Driving a car or van,278,328,-50
E01001187,"Motorcycle, scooter or moped",11,6,5
E01001187,Not in employment or aged 15 years and under,999,476,523
E01001187,On foot,33,75,-42
E01001187,Other method of travel to work,16,13,3
E01001187,Passenger in a car or van,36,28,8
E01001187,Taxi,4,1,3
E01001187,Train,100,239,-139
E01001187,"Underground, metro, light rail, tram",58,77,-19
E01001187,Work mainly at or from home,325,36,289
E01001188,Bicycle,15,9,6
E01001188,"Bus, minibus or coach",92,117,-25
E01001188,Driving a car or van,182,254,-72
E01001188,"Motorcycle, scooter or moped",6,8,-2
E01001188,Not in employment or aged 15 years and under,1031,464,567
E01001188,On foot,52,52,0
E01001188,Other method of travel to work,8,8,0
E01001188,Passenger in a car or van,10,18,-8
E01001188,Taxi,14,1,13
E01001188,Train,125,261,-136
E01001188,"Underground, metro, light rail, tram",57,74,-17
E01001188,Work mainly at or from home,366,40,326
E01001189,Bicycle,7,6,1
E01001189,"Bus, minibus or coach",46,67,-21
E01001189,Driving a car or van,176,213,-37
E01001189,"Motorcycle, scooter or moped",5,3,2
E01001189,Not in employment or aged 15 years and under,587,274,313
E01001189,On foot,22,41,-19
E01001189,Other method of travel to work,11,7,4
E01001189,Passenger in a car or van,7,6,1
E01001189,Taxi,1,2,-1
E01001189,Train,66,143,-77
E01001189,"Underground, metro, light rail, tram",30,101,-71
E01001189,Work mainly at or from home,257,16,241
E01001190,Bicycle,16,15,1
E01001190,"Bus, minibus or coach",50,140,-90
E01001190,Driving a car or van,198,293,-95
E01001190,"Motorcycle, scooter or moped",8,11,-3
E01001190,Not in employment or aged 15 years and under,731,452,279
E01001190,On foot,31,60,-29
E01001190,Other method of travel to work,6,9,-3
E01001190,Passenger in a car or van,11,10,1
E01001190,Taxi,1,5,-4
E01001190,Train,81,277,-196
E01001190,"Underground, metro, light rail, tram",60,150,-90
E01001190,Work mainly at or from home,358,26,332
E01001191,Bicycle,12,11,1
E01001191,"Bus, minibus or coach",144,140,4
E01001191,Driving a car or van,212,241,-29
E01001191,"Motorcycle, scooter or moped",8,5,3
E01001191,Not in employment or aged 15 years and under,1085,431,654
E01001191,On foot,45,56,-11
E01001191,Other method of travel to work,12,3,9
E01001191,Passenger in a car or van,8,10,-2
E01001191,Taxi,16,3,13
E01001191,Train,134,300,-166
E01001191,"Underground, metro, light rail, tram",60,75,-15
E01001191,Work mainly at or from home,335,44,291
E01001192,Bicycle,16,4,12
E01001192,"Bus, minibus or coach",119,88,31
E01001192,Driving a car or van,176,168,8
E01001192,"Motorcycle, scooter or moped",6,5,1
E01001192,Not in employment or aged 15 years and under,747,298,449
E01001192,On foot,24,26,-2
E01001192,Other method of travel to work,12,4,8
E01001192,Passenger in a car or van,9,8,1
E01001192,Taxi,3,1,2
E01001192,Train,111,152,-41
E01001192,"Underground, metro, light rail, tram",44,43,1
E01001192,Work mainly at or from home,317,22,295
E01001193,Bicycle,9,14,-5
E01001193,"Bus, minibus or coach",110,141,-31
E01001193,Driving a car or van,246,252,-6
E01001193,"Motorcycle, scooter or moped",8,7,1
E01001193,Not in employment or aged 15 years and under,881,503,378
E01001193,On foot,36,68,-32
E01001193,Other method of travel to work,6,4,2
E01001193,Passenger in a car or van,17,13,4
E01001193,Taxi,2,3,-1
E01001193,Train,88,140,-52
E01001193,"Underground, metro, light rail, tram",36,57,-21
E01001193,Work mainly at or from home,242,23,219
E01001194,Bicycle,17,22,-5
E01001194,"Bus, minibus or coach",66,118,-52
E01001194,Driving a car or van,211,263,-52
E01001194,"Motorcycle, scooter or moped",2,10,-8
E01001194,Not in employment or aged 15 years and under,734,330,404
E01001194,On foot,18,32,-14
E01001194,Other method of travel to work,12,11,1
E01001194,Passenger in a car or van,12,11,1
E01001194,Taxi,4,3,1
E01001194,Train,97,242,-145
E01001194,"Underground, metro, light rail, tram",52,74,-22
E01001194,Work mainly at or from home,387,25,362
E01001195,Bicycle,21,33,-12
E01001195,"Bus, minibus or coach",45,67,-22
E01001195,Driving a car or van,173,239,-66
E01001195,"Motorcycle, scooter or moped",14,8,6
E01001195,Not in employment or aged 15 years and under,1007,562,445
E01001195,On foot,48,62,-14
E01001195,Other method of travel to work,10,3,7
E01001195,Passenger in a car or van,9,17,-8
E01001195,Taxi,4,5,-1
E01001195,Train,29,41,-12
E01001195,"Underground, metro, light rail, tram",130,303,-173
E01001195,Work mainly at or from home,336,32,304
E01001196,Bicycle,22,29,-7
E01001196,"Bus, minibus or coach",74,103,-29
E01001196,Driving a car or van,135,180,-45
E01001196,"Motorcycle, scooter or moped",13,3,10
E01001196,Not in employment or aged 15 years and under,922,545,377
E01001196,On foot,58,85,-27
E01001196,Other method of travel to work,15,6,9
E01001196,Passenger in a car or van,5,12,-7
E01001196,Taxi,4,2,2
E01001196,Train,42,69,-27
E01001196,"Underground, metro, light rail, tram",107,207,-100
E01001196,Work mainly at or from home,220,35,185
E01001197,Bicycle,39,32,7
E01001197,"Bus, minibus or coach",47,73,-26
E01001197,Driving a car or van,136,215,-79
E01001197,"Motorcycle, scooter or moped",11,10,1
E01001197,Not in employment or aged 15 years and under,1009,457,552
E01001197,On foot,43,69,-26
E01001197,Other method of travel to work,11,7,4
E01001197,Passenger in a car or van,15,9,6
E01001197,Taxi,2,1,1
E01001197,Train,29,51,-22
E01001197,"Underground, metro, light rail, tram",134,258,-124
E01001197,Work mainly at or from home,377,46,331
E01001198,Bicycle,44,64,-20
E01001198,"Bus, minibus or coach",27,107,-80
E01001198,Driving a car or van,141,196,-55
E01001198,"Motorcycle, scooter or moped",10,19,-9
E01001198,Not in employment or aged 15 years and under,704,334,370
E01001198,On foot,60,58,2
E01001198,Other method of travel to work,6,6,0
E01001198,Passenger in a car or van,9,4,5
E01001198,Taxi,4,2,2
E01001198,Train,40,56,-16
E01001198,"Underground, metro, light rail, tram",128,235,-107
E01001198,Work mainly at or from home,391,49,342
E01001199,Bicycle,46,54,-8
E01001199,"Bus, minibus or coach",85,112,-27
E01001199,Driving a car or van,149,178,-29
E01001199,"Motorcycle, scooter or moped",2,12,-10
E01001199,Not in employment or aged 15 years and under,794,415,379
E01001199,On foot,52,90,-38
E01001199,Other method of travel to work,21,8,13
E01001199,Passenger in a car or van,11,14,-3
E01001199,Taxi,2,3,-1
E01001199,Train,31,74,-43
E01001199,"Underground, metro, light rail, tram",123,306,-183
E01001199,Work mainly at or from home,347,45,302
E01001200,Bicycle,41,51,-10
E01001200,"Bus, minibus or coach",48,99,-51
E01001200,Driving a car or van,181,250,-69
E01001200,"Motorcycle, scooter or moped",5,15,-10
E01001200,Not in employment or aged 15 years and under,701,302,399
E01001200,On foot,61,73,-12
E01001200,Other method of travel to work,13,4,9
E01001200,Passenger in a car or van,11,10,1
E01001200,Taxi,8,1,7
E01001200,Train,18,76,-58
E01001200,"Underground, metro, light rail, tram",100,237,-137
E01001200,Work mainly at or from home,405,59,346
E01001201,Bicycle,74,78,-4
E01001201,"Bus, minibus or coach",50,94,-44
E01001201,Driving a car or van,115,206,-91
E01001201,"Motorcycle, scooter or moped",12,16,-4
E01001201,Not in employment or aged 15 years and under,693,320,373
E01001201,On foot,64,90,-26
E01001201,Other method of travel to work,7,14,-7
E01001201,Passenger in a car or van,7,7,0
E01001201,Taxi,8,1,7
E01001201,Train,38,70,-32
E01001201,"Underground, metro, light rail, tram",102,247,-145
E01001201,Work mainly at or from home,428,68,360
E01001202,Bicycle,59,50,9
E01001202,"Bus, minibus or coach",158,203,-45
E01001202,Driving a car or van,167,200,-33
E01001202,"Motorcycle, scooter or moped",15,12,3
E01001202,Not in employment or aged 15 years and under,1293,555,738
E01001202,On foot,98,95,3
E01001202,Other method of travel to work,22,6,16
E01001202,Passenger in a car or van,6,3,3
E01001202,Taxi,11,3,8
E01001202,Train,43,64,-21
E01001202,"Underground, metro, light rail, tram",162,321,-159
E01001202,Work mainly at or from home,471,40,431
E01001203,Bicycle,32,59,-27
E01001203,"Bus, minibus or coach",104,194,-90
E01001203,Driving a car or van,112,184,-72
E01001203,"Motorcycle, scooter or moped",14,14,0
E01001203,Not in employment or aged 15 years and under,823,465,358
E01001203,On foot,56,87,-31
E01001203,Other method of travel to work,10,10,0
E01001203,Passenger in a car or van,8,8,0
E01001203,Taxi,11,2,9
E01001203,Train,40,62,-22
E01001203,"Underground, metro, light rail, tram",112,296,-184
E01001203,Work mainly at or from home,361,43,318
E01001204,Bicycle,23,28,-5
E01001204,"Bus, minibus or coach",32,53,-21
E01001204,Driving a car or van,161,314,-153
E01001204,"Motorcycle, scooter or moped",3,6,-3
E01001204,Not in employment or aged 15 years and under,846,395,451
E01001204,On foot,47,55,-8
E01001204,Other method of travel to work,9,6,3
E01001204,Passenger in a car or van,13,8,5
E01001204,Taxi,2,0,2
E01001204,Train,23,64,-41
E01001204,"Underground, metro, light rail, tram",49,216,-167
E01001204,Work mainly at or from home,411,46,365
E01001205,Bicycle,29,17,12
E01001205,"Bus, minibus or coach",52,79,-27
E01001205,Driving a car or van,189,229,-40
E01001205,"Motorcycle, scooter or moped",9,10,-1
E01001205,Not in employment or aged 15 years and under,1030,448,582
E01001205,On foot,35,54,-19
E01001205,Other method of travel to work,10,1,9
E01001205,Passenger in a car or van,14,15,-1
E01001205,Taxi,7,2,5
E01001205,Train,28,72,-44
E01001205,"Underground, metro, light rail, tram",86,192,-106
E01001205,Work mainly at or from home,296,32,264
E01001206,Bicycle,19,11,8
E01001206,"Bus, minibus or coach",101,126,-25
E01001206,Driving a car or van,162,195,-33
E01001206,"Motorcycle, scooter or moped",6,5,1
E01001206,Not in employment or aged 15 years and under,1001,574,427
E01001206,On foot,45,34,11
E01001206,Other method of travel to work,6,5,1
E01001206,Passenger in a car or van,10,7,3
E01001206,Taxi,5,0,5
E01001206,Train,32,49,-17
E01001206,"Underground, metro, light rail, tram",54,115,-61
E01001206,Work mainly at or from home,141,12,129
E01001207,Bicycle,22,29,-7
E01001207,"Bus, minibus or coach",41,78,-37
E01001207,Driving a car or van,162,239,-77
E01001207,"Motorcycle, scooter or moped",19,14,5
E01001207,Not in employment or aged 15 years and under,728,298,430
E01001207,On foot,63,72,-9
E01001207,Other method of travel to work,10,3,7
E01001207,Passenger in a car or van,8,13,-5
E01001207,Taxi,3,3,0
E01001207,Train,39,145,-106
E01001207,"Underground, metro, light rail, tram",144,317,-173
E01001207,Work mainly at or from home,531,47,484
E01001208,Bicycle,16,18,-2
E01001208,"Bus, minibus or coach",14,43,-29
E01001208,Driving a car or van,120,249,-129
E01001208,"Motorcycle, scooter or moped",4,8,-4
E01001208,Not in employment or aged 15 years and under,726,306,420
E01001208,On foot,42,31,11
E01001208,Other method of travel to work,1,3,-2
E01001208,Passenger in a car or van,7,12,-5
E01001208,Taxi,1,2,-1
E01001208,Train,14,38,-24
E01001208,"Underground, metro, light rail, tram",61,161,-100
E01001208,Work mainly at or from home,351,66,285
E01001209,Bicycle,27,45,-18
E01001209,"Bus, minibus or coach",25,60,-35
E01001209,Driving a car or van,145,282,-137
E01001209,"Motorcycle, scooter or moped",6,16,-10
E01001209,Not in employment or aged 15 years and under,822,345,477
E01001209,On foot,65,65,0
E01001209,Other method of travel to work,10,5,5
E01001209,Passenger in a car or van,6,12,-6
E01001209,Taxi,0,3,-3
E01001209,Train,10,50,-40
E01001209,"Underground, metro, light rail, tram",76,287,-211
E01001209,Work mainly at or from home,483,65,418
E01001210,Bicycle,12,12,0
E01001210,"Bus, minibus or coach",122,123,-1
E01001210,Driving a car or van,177,224,-47
E01001210,"Motorcycle, scooter or moped",11,7,4
E01001210,Not in employment or aged 15 years and under,1240,575,665
E01001210,On foot,30,31,-1
E01001210,Other method of travel to work,5,8,-3
E01001210,Passenger in a car or van,18,10,8
E01001210,Taxi,4,1,3
E01001210,Train,25,32,-7
E01001210,"Underground, metro, light rail, tram",75,132,-57
E01001210,Work mainly at or from home,174,19,155
E01001211,Bicycle,26,26,0
E01001211,"Bus, minibus or coach",54,51,3
E01001211,Driving a car or van,139,248,-109
E01001211,"Motorcycle, scooter or moped",6,7,-1
E01001211,Not in employment or aged 15 years and under,858,396,462
E01001211,On foot,63,73,-10
E01001211,Other method of travel to work,10,5,5
E01001211,Passenger in a car or van,12,9,3
E01001211,Taxi,10,4,6
E01001211,Train,17,63,-46
E01001211,"Underground, metro, light rail, tram",102,325,-223
E01001211,Work mainly at or from home,436,63,373
E01001212,Bicycle,27,24,3
E01001212,"Bus, minibus or coach",29,61,-32
E01001212,Driving a car or van,143,246,-103
E01001212,"Motorcycle, scooter or moped",4,3,1
E01001212,Not in employment or aged 15 years and under,951,414,537
E01001212,On foot,55,55,0
E01001212,Other method of travel to work,10,10,0
E01001212,Passenger in a car or van,9,10,-1
E01001212,Taxi,1,3,-2
E01001212,Train,29,45,-16
E01001212,"Underground, metro, light rail, tram",83,260,-177
E01001212,Work mainly at or from home,422,76,346
E01001213,Bicycle,9,13,-4
E01001213,"Bus, minibus or coach",184,209,-25
E01001213,Driving a car or van,294,320,-26
E01001213,"Motorcycle, scooter or moped",7,3,4
E01001213,Not in employment or aged 15 years and under,1193,622,571
E01001213,On foot,90,66,24
E01001213,Other method of travel to work,12,7,5
E01001213,Passenger in a car or van,20,25,-5
E01001213,Taxi,3,2,1
E01001213,Train,43,48,-5
E01001213,"Underground, metro, light rail, tram",25,71,-46
E01001213,Work mainly at or from home,132,21,111
E01001214,Bicycle,9,3,6
E01001214,"Bus, minibus or coach",111,192,-81
E01001214,Driving a car or van,280,382,-102
E01001214,"Motorcycle, scooter or moped",6,2,4
E01001214,Not in employment or aged 15 years and under,1056,521,535
E01001214,On foot,53,67,-14
E01001214,Other method of travel to work,15,5,10
E01001214,Passenger in a car or van,26,30,-4
E01001214,Taxi,7,3,4
E01001214,Train,16,40,-24
E01001214,"Underground, metro, light rail, tram",25,86,-61
E01001214,Work mainly at or from home,138,19,119
E01001215,Bicycle,9,14,-5
E01001215,"Bus, minibus or coach",198,197,1
E01001215,Driving a car or van,213,270,-57
E01001215,"Motorcycle, scooter or moped",4,4,0
E01001215,Not in employment or aged 15 years and under,1286,576,710
E01001215,On foot,93,76,17
E01001215,Other method of travel to work,11,3,8
E01001215,Passenger in a car or van,23,15,8
E01001215,Taxi,2,0,2
E01001215,Train,31,41,-10
E01001215,"Underground, metro, light rail, tram",39,75,-36
E01001215,Work mainly at or from home,148,14,134
E01001216,Bicycle,12,4,8
E01001216,"Bus, minibus or coach",119,160,-41
E01001216,Driving a car or van,219,288,-69
E01001216,"Motorcycle, scooter or moped",6,4,2
E01001216,Not in employment or aged 15 years and under,1106,468,638
E01001216,On foot,80,83,-3
E01001216,Other method of travel to work,10,2,8
E01001216,Passenger in a car or van,16,18,-2
E01001216,Taxi,1,0,1
E01001216,Train,22,32,-10
E01001216,"Underground, metro, light rail, tram",22,85,-63
E01001216,Work mainly at or from home,129,14,115
E01001217,Bicycle,12,4,8
E01001217,"Bus, minibus or coach",55,130,-75
E01001217,Driving a car or van,272,396,-124
E01001217,"Motorcycle, scooter or moped",5,6,-1
E01001217,Not in employment or aged 15 years and under,787,404,383
E01001217,On foot,22,34,-12
E01001217,Other method of travel to work,11,4,7
E01001217,Passenger in a car or van,23,22,1
E01001217,Taxi,3,3,0
E01001217,Train,22,35,-13
E01001217,"Underground, metro, light rail, tram",41,92,-51
E01001217,Work mainly at or from home,191,17,174
E01001218,Bicycle,9,14,-5
E01001218,"Bus, minibus or coach",148,209,-61
E01001218,Driving a car or van,345,342,3
E01001218,"Motorcycle, scooter or moped",7,9,-2
E01001218,Not in employment or aged 15 years and under,1234,560,674
E01001218,On foot,36,30,6
E01001218,Other method of travel to work,20,6,14
E01001218,Passenger in a car or van,26,17,9
E01001218,Taxi,6,1,5
E01001218,Train,5,23,-18
E01001218,"Underground, metro, light rail, tram",62,118,-56
E01001218,Work mainly at or from home,159,21,138
E01001219,Bicycle,16,10,6
E01001219,"Bus, minibus or coach",172,189,-17
E01001219,Driving a car or van,294,272,22
E01001219,"Motorcycle, scooter or moped",1,8,-7
E01001219,Not in employment or aged 15 years and under,1404,691,713
E01001219,On foot,52,49,3
E01001219,Other method of travel to work,13,6,7
E01001219,Passenger in a car or van,29,13,16
E01001219,Taxi,7,0,7
E01001219,Train,25,36,-11
E01001219,"Underground, metro, light rail, tram",46,89,-43
E01001219,Work mainly at or from home,142,17,125
E01001220,Bicycle,9,7,2
E01001220,"Bus, minibus or coach",133,132,1
E01001220,Driving a car or van,186,199,-13
E01001220,"Motorcycle, scooter or moped",3,4,-1
E01001220,Not in employment or aged 15 years and under,941,514,427
E01001220,On foot,48,34,14
E01001220,Other method of travel to work,13,3,10
E01001220,Passenger in a car or van,11,11,0
E01001220,Taxi,6,1,5
E01001220,Train,22,22,0
E01001220,"Underground, metro, light rail, tram",42,56,-14
E01001220,Work mainly at or from home,95,13,82
E01001223,Bicycle,22,25,-3
E01001223,"Bus, minibus or coach",41,37,4
E01001223,Driving a car or van,97,209,-112
E01001223,"Motorcycle, scooter or moped",6,8,-2
E01001223,Not in employment or aged 15 years and under,711,426,285
E01001223,On foot,33,59,-26
E01001223,Other method of travel to work,20,3,17
E01001223,Passenger in a car or van,11,10,1
E01001223,Taxi,3,3,0
E01001223,Train,17,48,-31
E01001223,"Underground, metro, light rail, tram",87,324,-237
E01001223,Work mainly at or from home,410,68,342
E01001224,Bicycle,27,33,-6
E01001224,"Bus, minibus or coach",29,36,-7
E01001224,Driving a car or van,123,225,-102
E01001224,"Motorcycle, scooter or moped",3,7,-4
E01001224,Not in employment or aged 15 years and under,746,379,367
E01001224,On foot,37,67,-30
E01001224,Other method of travel to work,14,5,9
E01001224,Passenger in a car or van,9,10,-1
E01001224,Taxi,2,2,0
E01001224,Train,32,63,-31
E01001224,"Underground, metro, light rail, tram",85,276,-191
E01001224,Work mainly at or from home,463,107,356
E01001225,Bicycle,24,16,8
E01001225,"Bus, minibus or coach",54,63,-9
E01001225,Driving a car or van,122,240,-118
E01001225,"Motorcycle, scooter or moped",2,5,-3
E01001225,Not in employment or aged 15 years and under,857,427,430
E01001225,On foot,49,65,-16
E01001225,Other method of travel to work,5,2,3
E01001225,Passenger in a car or van,13,10,3
E01001225,Taxi,8,4,4
E01001225,Train,22,78,-56
E01001225,"Underground, metro, light rail, tram",123,392,-269
E01001225,Work mainly at or from home,529,83,446
E01001226,Bicycle,26,22,4
E01001226,"Bus, minibus or coach",23,63,-40
E01001226,Driving a car or van,103,183,-80
E01001226,"Motorcycle, scooter or moped",0,10,-10
E01001226,Not in employment or aged 15 years and under,674,321,353
E01001226,On foot,45,61,-16
E01001226,Other method of travel to work,13,4,9
E01001226,Passenger in a car or van,5,5,0
E01001226,Taxi,15,0,15
E01001226,Train,21,68,-47
E01001226,"Underground, metro, light rail, tram",133,364,-231
E01001226,Work mainly at or from home,459,65,394
E01001227,Bicycle,38,25,13
E01001227,"Bus, minibus or coach",35,43,-8
E01001227,Driving a car or van,109,222,-113
E01001227,"Motorcycle, scooter or moped",5,6,-1
E01001227,Not in employment or aged 15 years and under,695,337,358
E01001227,On foot,32,67,-35
E01001227,Other method of travel to work,3,7,-4
E01001227,Passenger in a car or van,6,10,-4
E01001227,Taxi,5,2,3
E01001227,Train,17,64,-47
E01001227,"Underground, metro, light rail, tram",86,274,-188
E01001227,Work mainly at or from home,497,80,417
E01001228,Bicycle,42,38,4
E01001228,"Bus, minibus or coach",85,69,16
E01001228,Driving a car or van,142,216,-74
E01001228,"Motorcycle, scooter or moped",25,9,16
E01001228,Not in employment or aged 15 years and under,705,451,254
E01001228,On foot,58,68,-10
E01001228,Other method of travel to work,10,7,3
E01001228,Passenger in a car or van,7,12,-5
E01001228,Taxi,5,6,-1
E01001228,Train,47,84,-37
E01001228,"Underground, metro, light rail, tram",147,394,-247
E01001228,Work mainly at or from home,558,92,466
E01001229,Bicycle,37,39,-2
E01001229,"Bus, minibus or coach",68,86,-18
E01001229,Driving a car or van,169,187,-18
E01001229,"Motorcycle, scooter or moped",10,17,-7
E01001229,Not in employment or aged 15 years and under,795,399,396
E01001229,On foot,38,67,-29
E01001229,Other method of travel to work,6,9,-3
E01001229,Passenger in a car or van,12,13,-1
E01001229,Taxi,2,0,2
E01001229,Train,22,44,-22
E01001229,"Underground, metro, light rail, tram",85,243,-158
E01001229,Work mainly at or from home,279,22,257
E01001230,Bicycle,16,35,-19
E01001230,"Bus, minibus or coach",29,61,-32
E01001230,Driving a car or van,102,224,-122
E01001230,"Motorcycle, scooter or moped",6,4,2
E01001230,Not in employment or aged 15 years and under,605,376,229
E01001230,On foot,42,57,-15
E01001230,Other method of travel to work,7,8,-1
E01001230,Passenger in a car or van,8,10,-2
E01001230,Taxi,4,2,2
E01001230,Train,16,49,-33
E01001230,"Underground, metro, light rail, tram",78,340,-262
E01001230,Work mainly at or from home,458,67,391
E01001231,Bicycle,28,48,-20
E01001231,"Bus, minibus or coach",50,44,6
E01001231,Driving a car or van,166,278,-112
E01001231,"Motorcycle, scooter or moped",5,7,-2
E01001231,Not in employment or aged 15 years and under,961,463,498
E01001231,On foot,68,53,15
E01001231,Other method of travel to work,12,11,1
E01001231,Passenger in a car or van,18,21,-3
E01001231,Taxi,3,1,2
E01001231,Train,24,48,-24
E01001231,"Underground, metro, light rail, tram",191,397,-206
E01001231,Work mainly at or from home,523,73,450
E01001232,Bicycle,19,39,-20
E01001232,"Bus, minibus or coach",37,56,-19
E01001232,Driving a car or van,176,232,-56
E01001232,"Motorcycle, scooter or moped",3,7,-4
E01001232,Not in employment or aged 15 years and under,859,404,455
E01001232,On foot,35,56,-21
E01001232,Other method of travel to work,13,3,10
E01001232,Passenger in a car or van,11,19,-8
E01001232,Taxi,5,3,2
E01001232,Train,17,41,-24
E01001232,"Underground, metro, light rail, tram",77,271,-194
E01001232,Work mainly at or from home,304,51,253
E01001233,Bicycle,31,23,8
E01001233,"Bus, minibus or coach",50,59,-9
E01001233,Driving a car or van,133,191,-58
E01001233,"Motorcycle, scooter or moped",8,17,-9
E01001233,Not in employment or aged 15 years and under,673,345,328
E01001233,On foot,41,55,-14
E01001233,Other method of travel to work,6,11,-5
E01001233,Passenger in a car or van,5,6,-1
E01001233,Taxi,2,2,0
E01001233,Train,23,42,-19
E01001233,"Underground, metro, light rail, tram",102,330,-228
E01001233,Work mainly at or from home,370,42,328
E01001234,Bicycle,19,28,-9
E01001234,"Bus, minibus or coach",37,73,-36
E01001234,Driving a car or van,123,192,-69
E01001234,"Motorcycle, scooter or moped",6,8,-2
E01001234,Not in employment or aged 15 years and under,554,295,259
E01001234,On foot,42,39,3
E01001234,Other method of travel to work,7,4,3
E01001234,Passenger in a car or van,7,13,-6
E01001234,Taxi,1,2,-1
E01001234,Train,20,50,-30
E01001234,"Underground, metro, light rail, tram",132,388,-256
E01001234,Work mainly at or from home,422,64,358
E01001235,Bicycle,34,43,-9
E01001235,"Bus, minibus or coach",42,61,-19
E01001235,Driving a car or van,131,229,-98
E01001235,"Motorcycle, scooter or moped",4,10,-6
E01001235,Not in employment or aged 15 years and under,690,297,393
E01001235,On foot,62,78,-16
E01001235,Other method of travel to work,19,7,12
E01001235,Passenger in a car or van,8,17,-9
E01001235,Taxi,2,2,0
E01001235,Train,38,78,-40
E01001235,"Underground, metro, light rail, tram",141,449,-308
E01001235,Work mainly at or from home,607,62,545
E01001236,Bicycle,26,31,-5
E01001236,"Bus, minibus or coach",32,60,-28
E01001236,Driving a car or van,101,164,-63
E01001236,"Motorcycle, scooter or moped",4,8,-4
E01001236,Not in employment or aged 15 years and under,657,350,307
E01001236,On foot,48,67,-19
E01001236,Other method of travel to work,7,5,2
E01001236,Passenger in a car or van,5,7,-2
E01001236,Taxi,6,2,4
E01001236,Train,19,83,-64
E01001236,"Underground, metro, light rail, tram",87,417,-330
E01001236,Work mainly at or from home,482,57,425
E01001237,Bicycle,21,41,-20
E01001237,"Bus, minibus or coach",43,54,-11
E01001237,Driving a car or van,122,226,-104
E01001237,"Motorcycle, scooter or moped",10,10,0
E01001237,Not in employment or aged 15 years and under,665,331,334
E01001237,On foot,40,59,-19
E01001237,Other method of travel to work,7,6,1
E01001237,Passenger in a car or van,8,12,-4
E01001237,Taxi,1,0,1
E01001237,Train,13,74,-61
E01001237,"Underground, metro, light rail, tram",106,382,-276
E01001237,Work mainly at or from home,530,76,454
E01001239,Bicycle,29,24,5
E01001239,"Bus, minibus or coach",68,104,-36
E01001239,Driving a car or van,138,202,-64
E01001239,"Motorcycle, scooter or moped",8,7,1
E01001239,Not in employment or aged 15 years and under,760,452,308
E01001239,On foot,49,41,8
E01001239,Other method of travel to work,17,5,12
E01001239,Passenger in a car or van,8,8,0
E01001239,Taxi,7,3,4
E01001239,Train,47,47,0
E01001239,"Underground, metro, light rail, tram",136,296,-160
E01001239,Work mainly at or from home,216,14,202
E01001240,Bicycle,40,28,12
E01001240,"Bus, minibus or coach",134,111,23
E01001240,Driving a car or van,139,182,-43
E01001240,"Motorcycle, scooter or moped",10,9,1
E01001240,Not in employment or aged 15 years and under,863,464,399
E01001240,On foot,85,53,32
E01001240,Other method of travel to work,16,6,10
E01001240,Passenger in a car or van,9,12,-3
E01001240,Taxi,2,0,2
E01001240,Train,29,54,-25
E01001240,"Underground, metro, light rail, tram",220,275,-55
E01001240,Work mainly at or from home,276,36,240
E01001241,Bicycle,43,35,8
E01001241,"Bus, minibus or coach",125,110,15
E01001241,Driving a car or van,151,196,-45
E01001241,"Motorcycle, scooter or moped",10,8,2
E01001241,Not in employment or aged 15 years and under,853,405,448
E01001241,On foot,70,77,-7
E01001241,Other method of travel to work,9,7,2
E01001241,Passenger in a car or van,13,9,4
E01001241,Taxi,7,6,1
E01001241,Train,35,39,-4
E01001241,"Underground, metro, light rail, tram",219,238,-19
E01001241,Work mainly at or from home,319,27,292
E01001242,Bicycle,44,35,9
E01001242,"Bus, minibus or coach",80,86,-6
E01001242,Driving a car or van,127,167,-40
E01001242,"Motorcycle, scooter or moped",27,7,20
E01001242,Not in employment or aged 15 years and under,834,442,392
E01001242,On foot,39,45,-6
E01001242,Other method of travel to work,9,4,5
E01001242,Passenger in a car or van,9,8,1
E01001242,Taxi,0,0,0
E01001242,Train,35,33,2
E01001242,"Underground, metro, light rail, tram",99,169,-70
E01001242,Work mainly at or from home,322,47,275
E01001243,Bicycle,60,47,13
E01001243,"Bus, minibus or coach",141,129,12
E01001243,Driving a car or van,189,196,-7
E01001243,"Motorcycle, scooter or moped",17,14,3
E01001243,Not in employment or aged 15 years and under,1177,446,731
E01001243,On foot,92,84,8
E01001243,Other method of travel to work,33,15,18
E01001243,Passenger in a car or van,7,10,-3
E01001243,Taxi,5,1,4
E01001243,Train,32,40,-8
E01001243,"Underground, metro, light rail, tram",180,214,-34
E01001243,Work mainly at or from home,452,34,418
E01001244,Bicycle,63,57,6
E01001244,"Bus, minibus or coach",212,269,-57
E01001244,Driving a car or van,202,224,-22
E01001244,"Motorcycle, scooter or moped",10,12,-2
E01001244,Not in employment or aged 15 years and under,1490,646,844
E01001244,On foot,116,80,36
E01001244,Other method of travel to work,22,9,13
E01001244,Passenger in a car or van,17,18,-1
E01001244,Taxi,15,7,8
E01001244,Train,43,50,-7
E01001244,"Underground, metro, light rail, tram",129,333,-204
E01001244,Work mainly at or from home,477,39,438
E01001245,Bicycle,79,117,-38
E01001245,"Bus, minibus or coach",120,230,-110
E01001245,Driving a car or van,122,217,-95
E01001245,"Motorcycle, scooter or moped",17,20,-3
E01001245,Not in employment or aged 15 years and under,924,450,474
E01001245,On foot,71,114,-43
E01001245,Other method of travel to work,4,9,-5
E01001245,Passenger in a car or van,8,13,-5
E01001245,Taxi,8,2,6
E01001245,Train,22,59,-37
E01001245,"Underground, metro, light rail, tram",149,424,-275
E01001245,Work mainly at or from home,646,55,591
E01001246,Bicycle,25,26,-1
E01001246,"Bus, minibus or coach",110,97,13
E01001246,Driving a car or van,188,158,30
E01001246,"Motorcycle, scooter or moped",23,12,11
E01001246,Not in employment or aged 15 years and under,830,323,507
E01001246,On foot,88,70,18
E01001246,Other method of travel to work,8,2,6
E01001246,Passenger in a car or van,9,8,1
E01001246,Taxi,10,0,10
E01001246,Train,57,57,0
E01001246,"Underground, metro, light rail, tram",159,217,-58
E01001246,Work mainly at or from home,324,30,294
E01001247,Bicycle,43,46,-3
E01001247,"Bus, minibus or coach",120,118,2
E01001247,Driving a car or van,176,235,-59
E01001247,"Motorcycle, scooter or moped",14,15,-1
E01001247,Not in employment or aged 15 years and under,1249,562,687
E01001247,On foot,104,102,2
E01001247,Other method of travel to work,15,10,5
E01001247,Passenger in a car or van,13,18,-5
E01001247,Taxi,3,4,-1
E01001247,Train,29,68,-39
E01001247,"Underground, metro, light rail, tram",184,468,-284
E01001247,Work mainly at or from home,325,42,283
E01001248,Bicycle,30,32,-2
E01001248,"Bus, minibus or coach",43,79,-36
E01001248,Driving a car or van,176,311,-135
E01001248,"Motorcycle, scooter or moped",5,5,0
E01001248,Not in employment or aged 15 years and under,833,366,467
E01001248,On foot,53,66,-13
E01001248,Other method of travel to work,10,5,5
E01001248,Passenger in a car or van,16,15,1
E01001248,Taxi,1,1,0
E01001248,Train,35,37,-2
E01001248,"Underground, metro, light rail, tram",64,227,-163
E01001248,Work mainly at or from home,328,28,300
E01001249,Bicycle,34,29,5
E01001249,"Bus, minibus or coach",127,179,-52
E01001249,Driving a car or van,164,273,-109
E01001249,"Motorcycle, scooter or moped",21,13,8
E01001249,Not in employment or aged 15 years and under,1266,625,641
E01001249,On foot,60,98,-38
E01001249,Other method of travel to work,12,5,7
E01001249,Passenger in a car or van,9,12,-3
E01001249,Taxi,3,0,3
E01001249,Train,54,145,-91
E01001249,"Underground, metro, light rail, tram",171,359,-188
E01001249,Work mainly at or from home,517,38,479
E01001250,Bicycle,44,38,6
E01001250,"Bus, minibus or coach",119,166,-47
E01001250,Driving a car or van,196,265,-69
E01001250,"Motorcycle, scooter or moped",12,12,0
E01001250,Not in employment or aged 15 years and under,1153,563,590
E01001250,On foot,94,88,6
E01001250,Other method of travel to work,21,8,13
E01001250,Passenger in a car or van,12,14,-2
E01001250,Taxi,4,5,-1
E01001250,Train,37,85,-48
E01001250,"Underground, metro, light rail, tram",117,342,-225
E01001250,Work mainly at or from home,369,33,336
E01001251,Bicycle,28,42,-14
E01001251,"Bus, minibus or coach",85,122,-37
E01001251,Driving a car or van,157,276,-119
E01001251,"Motorcycle, scooter or moped",6,12,-6
E01001251,Not in employment or aged 15 years and under,861,344,517
E01001251,On foot,77,82,-5
E01001251,Other method of travel to work,5,4,1
E01001251,Passenger in a car or van,11,13,-2
E01001251,Taxi,1,3,-2
E01001251,Train,26,95,-69
E01001251,"Underground, metro, light rail, tram",95,237,-142
E01001251,Work mainly at or from home,451,36,415
E01001252,Bicycle,57,32,25
E01001252,"Bus, minibus or coach",155,173,-18
E01001252,Driving a car or van,254,246,8
E01001252,"Motorcycle, scooter or moped",11,9,2
E01001252,Not in employment or aged 15 years and under,1221,436,785
E01001252,On foot,107,110,-3
E01001252,Other method of travel to work,24,8,16
E01001252,Passenger in a car or van,26,22,4
E01001252,Taxi,5,2,3
E01001252,Train,58,74,-16
E01001252,"Underground, metro, light rail, tram",158,333,-175
E01001252,Work mainly at or from home,379,29,350
E01001253,Bicycle,36,35,1
E01001253,"Bus, minibus or coach",64,128,-64
E01001253,Driving a car or van,236,305,-69
E01001253,"Motorcycle, scooter or moped",16,11,5
E01001253,Not in employment or aged 15 years and under,1030,354,676
E01001253,On foot,83,66,17
E01001253,Other method of travel to work,17,1,16
E01001253,Passenger in a car or van,14,16,-2
E01001253,Taxi,2,3,-1
E01001253,Train,22,62,-40
E01001253,"Underground, metro, light rail, tram",138,237,-99
E01001253,Work mainly at or from home,470,32,438
E01001254,Bicycle,43,55,-12
E01001254,"Bus, minibus or coach",63,96,-33
E01001254,Driving a car or van,179,318,-139
E01001254,"Motorcycle, scooter or moped",6,10,-4
E01001254,Not in employment or aged 15 years and under,850,342,508
E01001254,On foot,56,73,-17
E01001254,Other method of travel to work,5,7,-2
E01001254,Passenger in a car or van,9,13,-4
E01001254,Taxi,2,4,-2
E01001254,Train,42,65,-23
E01001254,"Underground, metro, light rail, tram",65,220,-155
E01001254,Work mainly at or from home,423,54,369
E01001255,Bicycle,38,40,-2
E01001255,"Bus, minibus or coach",37,72,-35
E01001255,Driving a car or van,157,283,-126
E01001255,"Motorcycle, scooter or moped",8,16,-8
E01001255,Not in employment or aged 15 years and under,783,358,425
E01001255,On foot,43,58,-15
E01001255,Other method of travel to work,6,4,2
E01001255,Passenger in a car or van,7,10,-3
E01001255,Taxi,0,3,-3
E01001255,Train,17,67,-50
E01001255,"Underground, metro, light rail, tram",56,237,-181
E01001255,Work mainly at or from home,446,52,394
E01001257,Bicycle,17,13,4
E01001257,"Bus, minibus or coach",167,177,-10
E01001257,Driving a car or van,356,367,-11
E01001257,"Motorcycle, scooter or moped",9,7,2
E01001257,Not in employment or aged 15 years and under,1265,662,603
E01001257,On foot,46,40,6
E01001257,Other method of travel to work,18,2,16
E01001257,Passenger in a car or van,31,29,2
E01001257,Taxi,5,1,4
E01001257,Train,38,27,11
E01001257,"Underground, metro, light rail, tram",71,95,-24
E01001257,Work mainly at or from home,207,10,197
E01001258,Bicycle,11,21,-10
E01001258,"Bus, minibus or coach",127,159,-32
E01001258,Driving a car or van,329,375,-46
E01001258,"Motorcycle, scooter or moped",6,9,-3
E01001258,Not in employment or aged 15 years and under,1019,422,597
E01001258,On foot,33,31,2
E01001258,Other method of travel to work,14,4,10
E01001258,Passenger in a car or van,11,26,-15
E01001258,Taxi,1,2,-1
E01001258,Train,22,34,-12
E01001258,"Underground, metro, light rail, tram",75,137,-62
E01001258,Work mainly at or from home,220,22,198
E01001259,Bicycle,18,10,8
E01001259,"Bus, minibus or coach",134,167,-33
E01001259,Driving a car or van,246,295,-49
E01001259,"Motorcycle, scooter or moped",13,6,7
E01001259,Not in employment or aged 15 years and under,855,365,490
E01001259,On foot,35,59,-24
E01001259,Other method of travel to work,12,4,8
E01001259,Passenger in a car or van,24,13,11
E01001259,Taxi,1,1,0
E01001259,Train,17,27,-10
E01001259,"Underground, metro, light rail, tram",91,122,-31
E01001259,Work mainly at or from home,159,25,134
E01001260,Bicycle,29,17,12
E01001260,"Bus, minibus or coach",120,158,-38
E01001260,Driving a car or van,322,398,-76
E01001260,"Motorcycle, scooter or moped",5,11,-6
E01001260,Not in employment or aged 15 years and under,1059,470,589
E01001260,On foot,44,58,-14
E01001260,Other method of travel to work,17,2,15
E01001260,Passenger in a car or van,30,27,3
E01001260,Taxi,2,2,0
E01001260,Train,25,39,-14
E01001260,"Underground, metro, light rail, tram",113,185,-72
E01001260,Work mainly at or from home,265,39,226
E01001261,Bicycle,44,20,24
E01001261,"Bus, minibus or coach",229,300,-71
E01001261,Driving a car or van,346,340,6
E01001261,"Motorcycle, scooter or moped",10,10,0
E01001261,Not in employment or aged 15 years and under,1166,580,586
E01001261,On foot,95,91,4
E01001261,Other method of travel to work,11,7,4
E01001261,Passenger in a car or van,16,27,-11
E01001261,Taxi,5,2,3
E01001261,Train,40,44,-4
E01001261,"Underground, metro, light rail, tram",119,213,-94
E01001261,Work mainly at or from home,233,33,200
E01001262,Bicycle,14,15,-1
E01001262,"Bus, minibus or coach",105,132,-27
E01001262,Driving a car or van,258,303,-45
E01001262,"Motorcycle, scooter or moped",5,9,-4
E01001262,Not in employment or aged 15 years and under,949,438,511
E01001262,On foot,35,38,-3
E01001262,Other method of travel to work,11,2,9
E01001262,Passenger in a car or van,20,20,0
E01001262,Taxi,6,1,5
E01001262,Train,20,35,-15
E01001262,"Underground, metro, light rail, tram",58,96,-38
E01001262,Work mainly at or from home,145,18,127
E01001263,Bicycle,7,1,6
E01001263,"Bus, minibus or coach",111,115,-4
E01001263,Driving a car or van,327,277,50
E01001263,"Motorcycle, scooter or moped",10,9,1
E01001263,Not in employment or aged 15 years and under,1108,390,718
E01001263,On foot,35,20,15
E01001263,Other method of travel to work,14,3,11
E01001263,Passenger in a car or van,21,15,6
E01001263,Taxi,2,1,1
E01001263,Train,33,18,15
E01001263,"Underground, metro, light rail, tram",93,113,-20
E01001263,Work mainly at or from home,189,13,176
E01001264,Bicycle,22,19,3
E01001264,"Bus, minibus or coach",91,113,-22
E01001264,Driving a car or van,333,313,20
E01001264,"Motorcycle, scooter or moped",4,6,-2
E01001264,Not in employment or aged 15 years and under,1002,429,573
E01001264,On foot,47,38,9
E01001264,Other method of travel to work,14,7,7
E01001264,Passenger in a car or van,26,26,0
E01001264,Taxi,5,4,1
E01001264,Train,17,36,-19
E01001264,"Underground, metro, light rail, tram",49,107,-58
E01001264,Work mainly at or from home,211,33,178
E01001265,Bicycle,16,18,-2
E01001265,"Bus, minibus or coach",63,93,-30
E01001265,Driving a car or van,300,341,-41
E01001265,"Motorcycle, scooter or moped",11,6,5
E01001265,Not in employment or aged 15 years and under,838,378,460
E01001265,On foot,64,35,29
E01001265,Other method of travel to work,9,7,2
E01001265,Passenger in a car or van,11,16,-5
E01001265,Taxi,5,0,5
E01001265,Train,33,49,-16
E01001265,"Underground, metro, light rail, tram",164,289,-125
E01001265,Work mainly at or from home,210,32,178
E01001266,Bicycle,12,11,1
E01001266,"Bus, minibus or coach",66,93,-27
E01001266,Driving a car or van,284,363,-79
E01001266,"Motorcycle, scooter or moped",13,15,-2
E01001266,Not in employment or aged 15 years and under,927,495,432
E01001266,On foot,62,50,12
E01001266,Other method of travel to work,24,9,15
E01001266,Passenger in a car or van,27,29,-2
E01001266,Taxi,3,4,-1
E01001266,Train,43,51,-8
E01001266,"Underground, metro, light rail, tram",114,238,-124
E01001266,Work mainly at or from home,257,46,211
E01001267,Bicycle,20,17,3
E01001267,"Bus, minibus or coach",97,163,-66
E01001267,Driving a car or van,266,456,-190
E01001267,"Motorcycle, scooter or moped",7,8,-1
E01001267,Not in employment or aged 15 years and under,1181,632,549
E01001267,On foot,52,58,-6
E01001267,Other method of travel to work,13,1,12
E01001267,Passenger in a car or van,18,29,-11
E01001267,Taxi,2,2,0
E01001267,Train,15,46,-31
E01001267,"Underground, metro, light rail, tram",139,209,-70
E01001267,Work mainly at or from home,217,44,173
E01001268,Bicycle,14,16,-2
E01001268,"Bus, minibus or coach",71,63,8
E01001268,Driving a car or van,322,323,-1
E01001268,"Motorcycle, scooter or moped",9,9,0
E01001268,Not in employment or aged 15 years and under,1053,301,752
E01001268,On foot,69,27,42
E01001268,Other method of travel to work,14,7,7
E01001268,Passenger in a car or van,27,19,8
E01001268,Taxi,4,2,2
E01001268,Train,14,21,-7
E01001268,"Underground, metro, light rail, tram",86,125,-39
E01001268,Work mainly at or from home,278,30,248
E01001269,Bicycle,15,15,0
E01001269,"Bus, minibus or coach",79,124,-45
E01001269,Driving a car or van,371,417,-46
E01001269,"Motorcycle, scooter or moped",13,15,-2
E01001269,Not in employment or aged 15 years and under,1053,397,656
E01001269,On foot,69,63,6
E01001269,Other method of travel to work,20,3,17
E01001269,Passenger in a car or van,20,22,-2
E01001269,Taxi,3,4,-1
E01001269,Train,37,44,-7
E01001269,"Underground, metro, light rail, tram",228,319,-91
E01001269,Work mainly at or from home,361,42,319
E01001270,Bicycle,22,11,11
E01001270,"Bus, minibus or coach",73,105,-32
E01001270,Driving a car or van,330,400,-70
E01001270,"Motorcycle, scooter or moped",5,15,-10
E01001270,Not in employment or aged 15 years and under,860,412,448
E01001270,On foot,44,31,13
E01001270,Other method of travel to work,13,4,9
E01001270,Passenger in a car or van,23,21,2
E01001270,Taxi,3,5,-2
E01001270,Train,33,30,3
E01001270,"Underground, metro, light rail, tram",109,209,-100
E01001270,Work mainly at or from home,245,38,207
E01001271,Bicycle,19,16,3
E01001271,"Bus, minibus or coach",104,144,-40
E01001271,Driving a car or van,316,357,-41
E01001271,"Motorcycle, scooter or moped",4,7,-3
E01001271,Not in employment or aged 15 years and under,977,432,545
E01001271,On foot,65,62,3
E01001271,Other method of travel to work,11,4,7
E01001271,Passenger in a car or van,18,31,-13
E01001271,Taxi,2,1,1
E01001271,Train,41,41,0
E01001271,"Underground, metro, light rail, tram",161,229,-68
E01001271,Work mainly at or from home,203,21,182
E01001272,Bicycle,9,5,4
E01001272,"Bus, minibus or coach",67,74,-7
E01001272,Driving a car or van,254,320,-66
E01001272,"Motorcycle, scooter or moped",9,12,-3
E01001272,Not in employment or aged 15 years and under,854,364,490
E01001272,On foot,50,43,7
E01001272,Other method of travel to work,15,2,13
E01001272,Passenger in a car or van,18,23,-5
E01001272,Taxi,1,1,0
E01001272,Train,28,47,-19
E01001272,"Underground, metro, light rail, tram",189,286,-97
E01001272,Work mainly at or from home,222,36,186
E01001273,Bicycle,13,22,-9
E01001273,"Bus, minibus or coach",24,27,-3
E01001273,Driving a car or van,145,261,-116
E01001273,"Motorcycle, scooter or moped",4,9,-5
E01001273,Not in employment or aged 15 years and under,874,406,468
E01001273,On foot,28,40,-12
E01001273,Other method of travel to work,9,7,2
E01001273,Passenger in a car or van,4,19,-15
E01001273,Taxi,6,4,2
E01001273,Train,19,46,-27
E01001273,"Underground, metro, light rail, tram",114,312,-198
E01001273,Work mainly at or from home,438,55,383
E01001274,Bicycle,16,13,3
E01001274,"Bus, minibus or coach",21,34,-13
E01001274,Driving a car or van,106,184,-78
E01001274,"Motorcycle, scooter or moped",4,8,-4
E01001274,Not in employment or aged 15 years and under,909,451,458
E01001274,On foot,29,37,-8
E01001274,Other method of travel to work,8,8,0
E01001274,Passenger in a car or van,5,8,-3
E01001274,Taxi,2,1,1
E01001274,Train,18,26,-8
E01001274,"Underground, metro, light rail, tram",105,335,-230
E01001274,Work mainly at or from home,386,35,351
E01001275,Bicycle,31,16,15
E01001275,"Bus, minibus or coach",40,64,-24
E01001275,Driving a car or van,139,221,-82
E01001275,"Motorcycle, scooter or moped",6,11,-5
E01001275,Not in employment or aged 15 years and under,804,450,354
E01001275,On foot,44,75,-31
E01001275,Other method of travel to work,8,6,2
E01001275,Passenger in a car or van,8,11,-3
E01001275,Taxi,8,0,8
E01001275,Train,25,101,-76
E01001275,"Underground, metro, light rail, tram",152,503,-351
E01001275,Work mainly at or from home,545,50,495
E01001276,Bicycle,31,17,14
E01001276,"Bus, minibus or coach",69,87,-18
E01001276,Driving a car or van,213,273,-60
E01001276,"Motorcycle, scooter or moped",25,9,16
E01001276,Not in employment or aged 15 years and under,873,410,463
E01001276,On foot,75,108,-33
E01001276,Other method of travel to work,16,4,12
E01001276,Passenger in a car or van,20,20,0
E01001276,Taxi,7,1,6
E01001276,Train,43,58,-15
E01001276,"Underground, metro, light rail, tram",152,342,-190
E01001276,Work mainly at or from home,254,43,211
E01001277,Bicycle,18,26,-8
E01001277,"Bus, minibus or coach",110,103,7
E01001277,Driving a car or van,200,270,-70
E01001277,"Motorcycle, scooter or moped",12,17,-5
E01001277,Not in employment or aged 15 years and under,1030,432,598
E01001277,On foot,65,93,-28
E01001277,Other method of travel to work,12,8,4
E01001277,Passenger in a car or van,15,20,-5
E01001277,Taxi,3,1,2
E01001277,Train,32,50,-18
E01001277,"Underground, metro, light rail, tram",208,383,-175
E01001277,Work mainly at or from home,340,35,305
E01001278,Bicycle,17,18,-1
E01001278,"Bus, minibus or coach",65,60,5
E01001278,Driving a car or van,235,278,-43
E01001278,"Motorcycle, scooter or moped",18,6,12
E01001278,Not in employment or aged 15 years and under,1126,506,620
E01001278,On foot,63,70,-7
E01001278,Other method of travel to work,11,5,6
E01001278,Passenger in a car or van,10,18,-8
E01001278,Taxi,1,0,1
E01001278,Train,29,41,-12
E01001278,"Underground, metro, light rail, tram",180,405,-225
E01001278,Work mainly at or from home,323,54,269
E01001279,Bicycle,16,20,-4
E01001279,"Bus, minibus or coach",17,25,-8
E01001279,Driving a car or van,127,264,-137
E01001279,"Motorcycle, scooter or moped",0,11,-11
E01001279,Not in employment or aged 15 years and under,832,370,462
E01001279,On foot,31,48,-17
E01001279,Other method of travel to work,4,7,-3
E01001279,Passenger in a car or van,8,12,-4
E01001279,Taxi,0,0,0
E01001279,Train,5,34,-29
E01001279,"Underground, metro, light rail, tram",54,227,-173
E01001279,Work mainly at or from home,401,74,327
E01001280,Bicycle,20,20,0
E01001280,"Bus, minibus or coach",36,53,-17
E01001280,Driving a car or van,156,267,-111
E01001280,"Motorcycle, scooter or moped",4,9,-5
E01001280,Not in employment or aged 15 years and under,974,420,554
E01001280,On foot,34,51,-17
E01001280,Other method of travel to work,21,6,15
E01001280,Passenger in a car or van,6,18,-12
E01001280,Taxi,6,1,5
E01001280,Train,26,45,-19
E01001280,"Underground, metro, light rail, tram",122,356,-234
E01001280,Work mainly at or from home,405,69,336
E01001281,Bicycle,20,27,-7
E01001281,"Bus, minibus or coach",13,45,-32
E01001281,Driving a car or van,135,258,-123
E01001281,"Motorcycle, scooter or moped",5,9,-4
E01001281,Not in employment or aged 15 years and under,800,290,510
E01001281,On foot,38,47,-9
E01001281,Other method of travel to work,6,8,-2
E01001281,Passenger in a car or van,8,10,-2
E01001281,Taxi,2,5,-3
E01001281,Train,14,46,-32
E01001281,"Underground, metro, light rail, tram",68,270,-202
E01001281,Work mainly at or from home,467,76,391
E01001282,Bicycle,26,17,9
E01001282,"Bus, minibus or coach",62,108,-46
E01001282,Driving a car or van,242,261,-19
E01001282,"Motorcycle, scooter or moped",5,7,-2
E01001282,Not in employment or aged 15 years and under,931,454,477
E01001282,On foot,41,39,2
E01001282,Other method of travel to work,6,11,-5
E01001282,Passenger in a car or van,16,17,-1
E01001282,Taxi,5,1,4
E01001282,Train,27,40,-13
E01001282,"Underground, metro, light rail, tram",53,121,-68
E01001282,Work mainly at or from home,202,19,183
E01001283,Bicycle,31,15,16
E01001283,"Bus, minibus or coach",99,138,-39
E01001283,Driving a car or van,223,238,-15
E01001283,"Motorcycle, scooter or moped",3,7,-4
E01001283,Not in employment or aged 15 years and under,1033,470,563
E01001283,On foot,39,32,7
E01001283,Other method of travel to work,15,2,13
E01001283,Passenger in a car or van,12,14,-2
E01001283,Taxi,2,7,-5
E01001283,Train,21,38,-17
E01001283,"Underground, metro, light rail, tram",71,141,-70
E01001283,Work mainly at or from home,223,18,205
E01001284,Bicycle,39,31,8
E01001284,"Bus, minibus or coach",71,127,-56
E01001284,Driving a car or van,235,343,-108
E01001284,"Motorcycle, scooter or moped",9,10,-1
E01001284,Not in employment or aged 15 years and under,912,318,594
E01001284,On foot,46,48,-2
E01001284,Other method of travel to work,9,3,6
E01001284,Passenger in a car or van,16,19,-3
E01001284,Taxi,0,4,-4
E01001284,Train,14,46,-32
E01001284,"Underground, metro, light rail, tram",109,161,-52
E01001284,Work mainly at or from home,256,29,227
E01001285,Bicycle,29,26,3
E01001285,"Bus, minibus or coach",87,168,-81
E01001285,Driving a car or van,253,268,-15
E01001285,"Motorcycle, scooter or moped",10,17,-7
E01001285,Not in employment or aged 15 years and under,944,423,521
E01001285,On foot,51,48,3
E01001285,Other method of travel to work,9,14,-5
E01001285,Passenger in a car or van,20,16,4
E01001285,Taxi,2,2,0
E01001285,Train,29,58,-29
E01001285,"Underground, metro, light rail, tram",84,147,-63
E01001285,Work mainly at or from home,250,34,216
E01001286,Bicycle,24,26,-2
E01001286,"Bus, minibus or coach",77,118,-41
E01001286,Driving a car or van,189,279,-90
E01001286,"Motorcycle, scooter or moped",4,11,-7
E01001286,Not in employment or aged 15 years and under,932,402,530
E01001286,On foot,45,60,-15
E01001286,Other method of travel to work,11,2,9
E01001286,Passenger in a car or van,18,8,10
E01001286,Taxi,3,2,1
E01001286,Train,24,72,-48
E01001286,"Underground, metro, light rail, tram",66,163,-97
E01001286,Work mainly at or from home,274,28,246
E01001287,Bicycle,12,15,-3
E01001287,"Bus, minibus or coach",91,131,-40
E01001287,Driving a car or van,203,221,-18
E01001287,"Motorcycle, scooter or moped",6,9,-3
E01001287,Not in employment or aged 15 years and under,1018,424,594
E01001287,On foot,40,32,8
E01001287,Other method of travel to work,3,4,-1
E01001287,Passenger in a car or van,10,8,2
E01001287,Taxi,8,0,8
E01001287,Train,27,41,-14
E01001287,"Underground, metro, light rail, tram",40,107,-67
E01001287,Work mainly at or from home,160,22,138
E01001288,Bicycle,13,33,-20
E01001288,"Bus, minibus or coach",44,102,-58
E01001288,Driving a car or van,161,281,-120
E01001288,"Motorcycle, scooter or moped",10,12,-2
E01001288,Not in employment or aged 15 years and under,769,317,452
E01001288,On foot,55,56,-1
E01001288,Other method of travel to work,6,3,3
E01001288,Passenger in a car or van,6,13,-7
E01001288,Taxi,1,0,1
E01001288,Train,25,76,-51
E01001288,"Underground, metro, light rail, tram",56,164,-108
E01001288,Work mainly at or from home,327,34,293
E01001289,Bicycle,31,30,1
E01001289,"Bus, minibus or coach",52,73,-21
E01001289,Driving a car or van,132,224,-92
E01001289,"Motorcycle, scooter or moped",10,16,-6
E01001289,Not in employment or aged 15 years and under,644,286,358
E01001289,On foot,39,56,-17
E01001289,Other method of travel to work,8,7,1
E01001289,Passenger in a car or van,10,9,1
E01001289,Taxi,2,1,1
E01001289,Train,22,60,-38
E01001289,"Underground, metro, light rail, tram",76,181,-105
E01001289,Work mainly at or from home,310,59,251
E01001290,Bicycle,26,27,-1
E01001290,"Bus, minibus or coach",104,115,-11
E01001290,Driving a car or van,213,325,-112
E01001290,"Motorcycle, scooter or moped",10,14,-4
E01001290,Not in employment or aged 15 years and under,946,380,566
E01001290,On foot,66,80,-14
E01001290,Other method of travel to work,11,8,3
E01001290,Passenger in a car or van,39,15,24
E01001290,Taxi,4,4,0
E01001290,Train,60,155,-95
E01001290,"Underground, metro, light rail, tram",116,233,-117
E01001290,Work mainly at or from home,454,67,387
E01001291,Bicycle,13,6,7
E01001291,"Bus, minibus or coach",112,113,-1
E01001291,Driving a car or van,349,290,59
E01001291,"Motorcycle, scooter or moped",3,7,-4
E01001291,Not in employment or aged 15 years and under,942,355,587
E01001291,On foot,33,31,2
E01001291,Other method of travel to work,21,5,16
E01001291,Passenger in a car or van,29,22,7
E01001291,Taxi,2,2,0
E01001291,Train,16,18,-2
E01001291,"Underground, metro, light rail, tram",52,88,-36
E01001291,Work mainly at or from home,190,23,167
E01001292,Bicycle,8,9,-1
E01001292,"Bus, minibus or coach",83,158,-75
E01001292,Driving a car or van,331,420,-89
E01001292,"Motorcycle, scooter or moped",4,4,0
E01001292,Not in employment or aged 15 years and under,864,438,426
E01001292,On foot,46,33,13
E01001292,Other method of travel to work,12,6,6
E01001292,Passenger in a car or van,21,26,-5
E01001292,Taxi,4,3,1
E01001292,Train,20,41,-21
E01001292,"Underground, metro, light rail, tram",89,123,-34
E01001292,Work mainly at or from home,193,28,165
E01001293,Bicycle,7,8,-1
E01001293,"Bus, minibus or coach",151,206,-55
E01001293,Driving a car or van,370,459,-89
E01001293,"Motorcycle, scooter or moped",3,5,-2
E01001293,Not in employment or aged 15 years and under,1012,530,482
E01001293,On foot,24,35,-11
E01001293,Other method of travel to work,6,7,-1
E01001293,Passenger in a car or van,22,34,-12
E01001293,Taxi,4,2,2
E01001293,Train,19,43,-24
E01001293,"Underground, metro, light rail, tram",54,94,-40
E01001293,Work mainly at or from home,151,18,133
E01001294,Bicycle,23,11,12
E01001294,"Bus, minibus or coach",127,155,-28
E01001294,Driving a car or van,363,497,-134
E01001294,"Motorcycle, scooter or moped",5,5,0
E01001294,Not in employment or aged 15 years and under,1158,545,613
E01001294,On foot,55,55,0
E01001294,Other method of travel to work,17,8,9
E01001294,Passenger in a car or van,26,39,-13
E01001294,Taxi,1,1,0
E01001294,Train,26,30,-4
E01001294,"Underground, metro, light rail, tram",53,89,-36
E01001294,Work mainly at or from home,170,22,148
E01001295,Bicycle,7,14,-7
E01001295,"Bus, minibus or coach",130,171,-41
E01001295,Driving a car or van,394,474,-80
E01001295,"Motorcycle, scooter or moped",1,1,0
E01001295,Not in employment or aged 15 years and under,945,478,467
E01001295,On foot,47,56,-9
E01001295,Other method of travel to work,9,0,9
E01001295,Passenger in a car or van,25,24,1
E01001295,Taxi,5,2,3
E01001295,Train,17,39,-22
E01001295,"Underground, metro, light rail, tram",42,97,-55
E01001295,Work mainly at or from home,174,20,154
E01001296,Bicycle,9,5,4
E01001296,"Bus, minibus or coach",98,151,-53
E01001296,Driving a car or van,277,339,-62
E01001296,"Motorcycle, scooter or moped",0,2,-2
E01001296,Not in employment or aged 15 years and under,795,431,364
E01001296,On foot,46,44,2
E01001296,Other method of travel to work,15,4,11
E01001296,Passenger in a car or van,26,27,-1
E01001296,Taxi,3,1,2
E01001296,Train,20,26,-6
E01001296,"Underground, metro, light rail, tram",22,73,-51
E01001296,Work mainly at or from home,129,12,117
E01001297,Bicycle,10,9,1
E01001297,"Bus, minibus or coach",152,188,-36
E01001297,Driving a car or van,302,380,-78
E01001297,"Motorcycle, scooter or moped",3,4,-1
E01001297,Not in employment or aged 15 years and under,1075,523,552
E01001297,On foot,50,59,-9
E01001297,Other method of travel to work,14,4,10
E01001297,Passenger in a car or van,29,28,1
E01001297,Taxi,3,3,0
E01001297,Train,28,64,-36
E01001297,"Underground, metro, light rail, tram",27,89,-62
E01001297,Work mainly at or from home,145,15,130
E01001298,Bicycle,12,5,7
E01001298,"Bus, minibus or coach",209,191,18
E01001298,Driving a car or van,286,349,-63
E01001298,"Motorcycle, scooter or moped",4,3,1
E01001298,Not in employment or aged 15 years and under,1234,613,621
E01001298,On foot,94,72,22
E01001298,Other method of travel to work,11,5,6
E01001298,Passenger in a car or van,28,28,0
E01001298,Taxi,3,1,2
E01001298,Train,25,49,-24
E01001298,"Underground, metro, light rail, tram",44,57,-13
E01001298,Work mainly at or from home,166,27,139
E01001299,Bicycle,37,33,4
E01001299,"Bus, minibus or coach",30,70,-40
E01001299,Driving a car or van,150,310,-160
E01001299,"Motorcycle, scooter or moped",5,10,-5
E01001299,Not in employment or aged 15 years and under,904,415,489
E01001299,On foot,60,60,0
E01001299,Other method of travel to work,5,4,1
E01001299,Passenger in a car or van,7,8,-1
E01001299,Taxi,7,6,1
E01001299,Train,23,40,-17
E01001299,"Underground, metro, light rail, tram",74,331,-257
E01001299,Work mainly at or from home,456,54,402
E01001300,Bicycle,31,51,-20
E01001300,"Bus, minibus or coach",24,73,-49
E01001300,Driving a car or van,108,230,-122
E01001300,"Motorcycle, scooter or moped",5,19,-14
E01001300,Not in employment or aged 15 years and under,779,254,525
E01001300,On foot,39,46,-7
E01001300,Other method of travel to work,9,6,3
E01001300,Passenger in a car or van,15,15,0
E01001300,Taxi,1,2,-1
E01001300,Train,12,39,-27
E01001300,"Underground, metro, light rail, tram",92,433,-341
E01001300,Work mainly at or from home,492,59,433
E01001301,Bicycle,54,41,13
E01001301,"Bus, minibus or coach",67,91,-24
E01001301,Driving a car or van,176,211,-35
E01001301,"Motorcycle, scooter or moped",9,8,1
E01001301,Not in employment or aged 15 years and under,845,512,333
E01001301,On foot,75,53,22
E01001301,Other method of travel to work,12,3,9
E01001301,Passenger in a car or van,6,10,-4
E01001301,Taxi,5,0,5
E01001301,Train,28,43,-15
E01001301,"Underground, metro, light rail, tram",170,461,-291
E01001301,Work mainly at or from home,439,48,391
E01001302,Bicycle,31,47,-16
E01001302,"Bus, minibus or coach",34,67,-33
E01001302,Driving a car or van,132,267,-135
E01001302,"Motorcycle, scooter or moped",10,9,1
E01001302,Not in employment or aged 15 years and under,732,299,433
E01001302,On foot,37,48,-11
E01001302,Other method of travel to work,7,4,3
E01001302,Passenger in a car or van,5,8,-3
E01001302,Taxi,2,0,2
E01001302,Train,12,50,-38
E01001302,"Underground, metro, light rail, tram",125,364,-239
E01001302,Work mainly at or from home,472,57,415
E01001303,Bicycle,29,50,-21
E01001303,"Bus, minibus or coach",31,60,-29
E01001303,Driving a car or van,122,199,-77
E01001303,"Motorcycle, scooter or moped",7,8,-1
E01001303,Not in employment or aged 15 years and under,883,279,604
E01001303,On foot,28,54,-26
E01001303,Other method of travel to work,6,3,3
E01001303,Passenger in a car or van,6,6,0
E01001303,Taxi,0,0,0
E01001303,Train,15,41,-26
E01001303,"Underground, metro, light rail, tram",117,470,-353
E01001303,Work mainly at or from home,477,73,404
E01001304,Bicycle,29,55,-26
E01001304,"Bus, minibus or coach",54,67,-13
E01001304,Driving a car or van,161,249,-88
E01001304,"Motorcycle, scooter or moped",8,13,-5
E01001304,Not in employment or aged 15 years and under,744,309,435
E01001304,On foot,44,65,-21
E01001304,Other method of travel to work,2,10,-8
E01001304,Passenger in a car or van,3,7,-4
E01001304,Taxi,5,0,5
E01001304,Train,25,67,-42
E01001304,"Underground, metro, light rail, tram",114,390,-276
E01001304,Work mainly at or from home,470,51,419
E01001305,Bicycle,38,38,0
E01001305,"Bus, minibus or coach",32,66,-34
E01001305,Driving a car or van,155,292,-137
E01001305,"Motorcycle, scooter or moped",10,11,-1
E01001305,Not in employment or aged 15 years and under,856,330,526
E01001305,On foot,37,79,-42
E01001305,Other method of travel to work,7,6,1
E01001305,Passenger in a car or van,13,18,-5
E01001305,Taxi,3,1,2
E01001305,Train,15,47,-32
E01001305,"Underground, metro, light rail, tram",84,338,-254
E01001305,Work mainly at or from home,475,66,409
E01001306,Bicycle,39,39,0
E01001306,"Bus, minibus or coach",37,62,-25
E01001306,Driving a car or van,128,254,-126
E01001306,"Motorcycle, scooter or moped",7,7,0
E01001306,Not in employment or aged 15 years and under,774,294,480
E01001306,On foot,34,47,-13
E01001306,Other method of travel to work,10,4,6
E01001306,Passenger in a car or van,8,14,-6
E01001306,Taxi,1,2,-1
E01001306,Train,10,41,-31
E01001306,"Underground, metro, light rail, tram",95,390,-295
E01001306,Work mainly at or from home,499,69,430
E01001307,Bicycle,19,9,10
E01001307,"Bus, minibus or coach",69,102,-33
E01001307,Driving a car or van,331,432,-101
E01001307,"Motorcycle, scooter or moped",4,7,-3
E01001307,Not in employment or aged 15 years and under,884,417,467
E01001307,On foot,61,56,5
E01001307,Other method of travel to work,11,2,9
E01001307,Passenger in a car or van,18,25,-7
E01001307,Taxi,2,4,-2
E01001307,Train,37,47,-10
E01001307,"Underground, metro, light rail, tram",138,265,-127
E01001307,Work mainly at or from home,305,34,271
E01001308,Bicycle,14,16,-2
E01001308,"Bus, minibus or coach",90,109,-19
E01001308,Driving a car or van,314,400,-86
E01001308,"Motorcycle, scooter or moped",9,11,-2
E01001308,Not in employment or aged 15 years and under,954,501,453
E01001308,On foot,36,41,-5
E01001308,Other method of travel to work,14,8,6
E01001308,Passenger in a car or van,24,24,0
E01001308,Taxi,4,2,2
E01001308,Train,38,61,-23
E01001308,"Underground, metro, light rail, tram",164,321,-157
E01001308,Work mainly at or from home,284,47,237
E01001309,Bicycle,16,14,2
E01001309,"Bus, minibus or coach",90,109,-19
E01001309,Driving a car or van,343,461,-118
E01001309,"Motorcycle, scooter or moped",5,16,-11
E01001309,Not in employment or aged 15 years and under,900,437,463
E01001309,On foot,48,38,10
E01001309,Other method of travel to work,18,8,10
E01001309,Passenger in a car or van,33,21,12
E01001309,Taxi,3,3,0
E01001309,Train,34,47,-13
E01001309,"Underground, metro, light rail, tram",113,190,-77
E01001309,Work mainly at or from home,247,22,225
E01001310,Bicycle,15,10,5
E01001310,"Bus, minibus or coach",111,102,9
E01001310,Driving a car or van,381,390,-9
E01001310,"Motorcycle, scooter or moped",12,10,2
E01001310,Not in employment or aged 15 years and under,1069,460,609
E01001310,On foot,47,31,16
E01001310,Other method of travel to work,6,12,-6
E01001310,Passenger in a car or van,20,34,-14
E01001310,Taxi,6,3,3
E01001310,Train,60,95,-35
E01001310,"Underground, metro, light rail, tram",152,179,-27
E01001310,Work mainly at or from home,266,20,246
E01001311,Bicycle,20,9,11
E01001311,"Bus, minibus or coach",145,141,4
E01001311,Driving a car or van,421,372,49
E01001311,"Motorcycle, scooter or moped",21,8,13
E01001311,Not in employment or aged 15 years and under,1197,590,607
E01001311,On foot,65,42,23
E01001311,Other method of travel to work,19,11,8
E01001311,Passenger in a car or van,31,17,14
E01001311,Taxi,9,4,5
E01001311,Train,63,53,10
E01001311,"Underground, metro, light rail, tram",182,222,-40
E01001311,Work mainly at or from home,350,25,325
E01001312,Bicycle,14,14,0
E01001312,"Bus, minibus or coach",82,119,-37
E01001312,Driving a car or van,296,352,-56
E01001312,"Motorcycle, scooter or moped",7,7,0
E01001312,Not in employment or aged 15 years and under,981,412,569
E01001312,On foot,59,36,23
E01001312,Other method of travel to work,12,7,5
E01001312,Passenger in a car or van,19,15,4
E01001312,Taxi,5,0,5
E01001312,Train,37,56,-19
E01001312,"Underground, metro, light rail, tram",200,322,-122
E01001312,Work mainly at or from home,261,20,241
E01001313,Bicycle,13,4,9
E01001313,"Bus, minibus or coach",94,131,-37
E01001313,Driving a car or van,294,345,-51
E01001313,"Motorcycle, scooter or moped",4,7,-3
E01001313,Not in employment or aged 15 years and under,868,415,453
E01001313,On foot,37,35,2
E01001313,Other method of travel to work,8,4,4
E01001313,Passenger in a car or van,19,28,-9
E01001313,Taxi,2,3,-1
E01001313,Train,35,61,-26
E01001313,"Underground, metro, light rail, tram",128,237,-109
E01001313,Work mainly at or from home,222,25,197
E01001314,Bicycle,15,12,3
E01001314,"Bus, minibus or coach",54,96,-42
E01001314,Driving a car or van,271,367,-96
E01001314,"Motorcycle, scooter or moped",4,9,-5
E01001314,Not in employment or aged 15 years and under,768,337,431
E01001314,On foot,31,38,-7
E01001314,Other method of travel to work,12,3,9
E01001314,Passenger in a car or van,22,17,5
E01001314,Taxi,4,0,4
E01001314,Train,33,43,-10
E01001314,"Underground, metro, light rail, tram",114,254,-140
E01001314,Work mainly at or from home,197,18,179
E01001315,Bicycle,9,5,4
E01001315,"Bus, minibus or coach",85,101,-16
E01001315,Driving a car or van,272,316,-44
E01001315,"Motorcycle, scooter or moped",5,5,0
E01001315,Not in employment or aged 15 years and under,729,359,370
E01001315,On foot,36,28,8
E01001315,Other method of travel to work,19,2,17
E01001315,Passenger in a car or van,13,12,1
E01001315,Taxi,4,3,1
E01001315,Train,26,56,-30
E01001315,"Underground, metro, light rail, tram",97,181,-84
E01001315,Work mainly at or from home,173,23,150
E01001316,Bicycle,11,6,5
E01001316,"Bus, minibus or coach",116,132,-16
E01001316,Driving a car or van,239,246,-7
E01001316,"Motorcycle, scooter or moped",5,5,0
E01001316,Not in employment or aged 15 years and under,1000,440,560
E01001316,On foot,53,29,24
E01001316,Other method of travel to work,16,10,6
E01001316,Passenger in a car or van,26,21,5
E01001316,Taxi,5,1,4
E01001316,Train,20,44,-24
E01001316,"Underground, metro, light rail, tram",100,156,-56
E01001316,Work mainly at or from home,140,15,125
E01001317,Bicycle,10,2,8
E01001317,"Bus, minibus or coach",98,99,-1
E01001317,Driving a car or van,364,356,8
E01001317,"Motorcycle, scooter or moped",4,9,-5
E01001317,Not in employment or aged 15 years and under,1188,487,701
E01001317,On foot,45,46,-1
E01001317,Other method of travel to work,19,9,10
E01001317,Passenger in a car or van,17,16,1
E01001317,Taxi,7,3,4
E01001317,Train,53,48,5
E01001317,"Underground, metro, light rail, tram",157,203,-46
E01001317,Work mainly at or from home,222,24,198
E01001318,Bicycle,11,7,4
E01001318,"Bus, minibus or coach",118,109,9
E01001318,Driving a car or van,279,279,0
E01001318,"Motorcycle, scooter or moped",13,12,1
E01001318,Not in employment or aged 15 years and under,1095,484,611
E01001318,On foot,32,39,-7
E01001318,Other method of travel to work,21,4,17
E01001318,Passenger in a car or van,16,12,4
E01001318,Taxi,2,3,-1
E01001318,Train,41,60,-19
E01001318,"Underground, metro, light rail, tram",137,187,-50
E01001318,Work mainly at or from home,183,21,162
E01001319,Bicycle,8,7,1
E01001319,"Bus, minibus or coach",84,88,-4
E01001319,Driving a car or van,308,329,-21
E01001319,"Motorcycle, scooter or moped",1,7,-6
E01001319,Not in employment or aged 15 years and under,760,357,403
E01001319,On foot,30,24,6
E01001319,Other method of travel to work,7,3,4
E01001319,Passenger in a car or van,27,17,10
E01001319,Taxi,4,1,3
E01001319,Train,27,50,-23
E01001319,"Underground, metro, light rail, tram",114,170,-56
E01001319,Work mainly at or from home,181,18,163
E01001320,Bicycle,10,8,2
E01001320,"Bus, minibus or coach",86,102,-16
E01001320,Driving a car or van,255,245,10
E01001320,"Motorcycle, scooter or moped",2,5,-3
E01001320,Not in employment or aged 15 years and under,966,453,513
E01001320,On foot,41,36,5
E01001320,Other method of travel to work,6,4,2
E01001320,Passenger in a car or van,28,19,9
E01001320,Taxi,6,1,5
E01001320,Train,29,35,-6
E01001320,"Underground, metro, light rail, tram",78,100,-22
E01001320,Work mainly at or from home,115,13,102
E01001321,Bicycle,15,11,4
E01001321,"Bus, minibus or coach",91,123,-32
E01001321,Driving a car or van,364,398,-34
E01001321,"Motorcycle, scooter or moped",8,9,-1
E01001321,Not in employment or aged 15 years and under,1302,550,752
E01001321,On foot,36,35,1
E01001321,Other method of travel to work,13,8,5
E01001321,Passenger in a car or van,23,14,9
E01001321,Taxi,3,3,0
E01001321,Train,45,41,4
E01001321,"Underground, metro, light rail, tram",120,212,-92
E01001321,Work mainly at or from home,239,45,194
E01001322,Bicycle,16,13,3
E01001322,"Bus, minibus or coach",83,122,-39
E01001322,Driving a car or van,343,335,8
E01001322,"Motorcycle, scooter or moped",10,11,-1
E01001322,Not in employment or aged 15 years and under,1084,420,664
E01001322,On foot,46,37,9
E01001322,Other method of travel to work,13,2,11
E01001322,Passenger in a car or van,22,19,3
E01001322,Taxi,3,3,0
E01001322,Train,41,41,0
E01001322,"Underground, metro, light rail, tram",163,257,-94
E01001322,Work mainly at or from home,247,29,218
E01001323,Bicycle,21,9,12
E01001323,"Bus, minibus or coach",84,95,-11
E01001323,Driving a car or van,293,330,-37
E01001323,"Motorcycle, scooter or moped",17,13,4
E01001323,Not in employment or aged 15 years and under,1114,424,690
E01001323,On foot,36,43,-7
E01001323,Other method of travel to work,17,5,12
E01001323,Passenger in a car or van,28,21,7
E01001323,Taxi,2,1,1
E01001323,Train,35,42,-7
E01001323,"Underground, metro, light rail, tram",151,301,-150
E01001323,Work mainly at or from home,224,20,204
E01001324,Bicycle,15,9,6
E01001324,"Bus, minibus or coach",111,135,-24
E01001324,Driving a car or van,253,327,-74
E01001324,"Motorcycle, scooter or moped",5,13,-8
E01001324,Not in employment or aged 15 years and under,912,400,512
E01001324,On foot,35,24,11
E01001324,Other method of travel to work,14,4,10
E01001324,Passenger in a car or van,16,12,4
E01001324,Taxi,5,2,3
E01001324,Train,36,27,9
E01001324,"Underground, metro, light rail, tram",101,157,-56
E01001324,Work mainly at or from home,153,23,130
E01001325,Bicycle,15,5,10
E01001325,"Bus, minibus or coach",85,94,-9
E01001325,Driving a car or van,425,429,-4
E01001325,"Motorcycle, scooter or moped",4,9,-5
E01001325,Not in employment or aged 15 years and under,1140,512,628
E01001325,On foot,31,28,3
E01001325,Other method of travel to work,10,5,5
E01001325,Passenger in a car or van,26,17,9
E01001325,Taxi,3,2,1
E01001325,Train,12,21,-9
E01001325,"Underground, metro, light rail, tram",51,81,-30
E01001325,Work mainly at or from home,184,22,162
E01001326,Bicycle,16,5,11
E01001326,"Bus, minibus or coach",121,121,0
E01001326,Driving a car or van,333,324,9
E01001326,"Motorcycle, scooter or moped",10,8,2
E01001326,Not in employment or aged 15 years and under,1166,480,686
E01001326,On foot,36,35,1
E01001326,Other method of travel to work,14,4,10
E01001326,Passenger in a car or van,14,24,-10
E01001326,Taxi,4,1,3
E01001326,Train,21,39,-18
E01001326,"Underground, metro, light rail, tram",74,107,-33
E01001326,Work mainly at or from home,155,21,134
E01001327,Bicycle,12,8,4
E01001327,"Bus, minibus or coach",139,179,-40
E01001327,Driving a car or van,344,368,-24
E01001327,"Motorcycle, scooter or moped",6,5,1
E01001327,Not in employment or aged 15 years and under,1031,534,497
E01001327,On foot,31,26,5
E01001327,Other method of travel to work,19,1,18
E01001327,Passenger in a car or van,32,25,7
E01001327,Taxi,3,5,-2
E01001327,Train,20,19,1
E01001327,"Underground, metro, light rail, tram",76,101,-25
E01001327,Work mainly at or from home,187,17,170
E01001328,Bicycle,6,6,0
E01001328,"Bus, minibus or coach",147,165,-18
E01001328,Driving a car or van,298,313,-15
E01001328,"Motorcycle, scooter or moped",8,7,1
E01001328,Not in employment or aged 15 years and under,1026,510,516
E01001328,On foot,38,37,1
E01001328,Other method of travel to work,11,0,11
E01001328,Passenger in a car or van,25,8,17
E01001328,Taxi,10,2,8
E01001328,Train,28,35,-7
E01001328,"Underground, metro, light rail, tram",64,77,-13
E01001328,Work mainly at or from home,161,24,137
E01001329,Bicycle,18,11,7
E01001329,"Bus, minibus or coach",88,134,-46
E01001329,Driving a car or van,378,381,-3
E01001329,"Motorcycle, scooter or moped",3,12,-9
E01001329,Not in employment or aged 15 years and under,1129,457,672
E01001329,On foot,23,30,-7
E01001329,Other method of travel to work,15,6,9
E01001329,Passenger in a car or van,29,18,11
E01001329,Taxi,4,4,0
E01001329,Train,15,41,-26
E01001329,"Underground, metro, light rail, tram",53,86,-33
E01001329,Work mainly at or from home,201,28,173
E01001330,Bicycle,8,8,0
E01001330,"Bus, minibus or coach",138,174,-36
E01001330,Driving a car or van,292,286,6
E01001330,"Motorcycle, scooter or moped",6,6,0
E01001330,Not in employment or aged 15 years and under,1105,478,627
E01001330,On foot,42,18,24
E01001330,Other method of travel to work,14,2,12
E01001330,Passenger in a car or van,27,20,7
E01001330,Taxi,1,4,-3
E01001330,Train,29,30,-1
E01001330,"Underground, metro, light rail, tram",57,90,-33
E01001330,Work mainly at or from home,139,11,128
E01001331,Bicycle,10,5,5
E01001331,"Bus, minibus or coach",151,159,-8
E01001331,Driving a car or van,268,281,-13
E01001331,"Motorcycle, scooter or moped",9,5,4
E01001331,Not in employment or aged 15 years and under,1066,514,552
E01001331,On foot,44,25,19
E01001331,Other method of travel to work,12,6,6
E01001331,Passenger in a car or van,17,12,5
E01001331,Taxi,6,1,5
E01001331,Train,35,29,6
E01001331,"Underground, metro, light rail, tram",69,66,3
E01001331,Work mainly at or from home,110,15,95
E01001332,Bicycle,12,14,-2
E01001332,"Bus, minibus or coach",122,156,-34
E01001332,Driving a car or van,239,280,-41
E01001332,"Motorcycle, scooter or moped",6,4,2
E01001332,Not in employment or aged 15 years and under,932,470,462
E01001332,On foot,28,16,12
E01001332,Other method of travel to work,7,6,1
E01001332,Passenger in a car or van,23,12,11
E01001332,Taxi,5,1,4
E01001332,Train,17,40,-23
E01001332,"Underground, metro, light rail, tram",57,78,-21
E01001332,Work mainly at or from home,146,14,132
E01001333,Bicycle,14,12,2
E01001333,"Bus, minibus or coach",261,190,71
E01001333,Driving a car or van,271,260,11
E01001333,"Motorcycle, scooter or moped",4,1,3
E01001333,Not in employment or aged 15 years and under,1489,640,849
E01001333,On foot,115,95,20
E01001333,Other method of travel to work,16,0,16
E01001333,Passenger in a car or van,22,27,-5
E01001333,Taxi,2,5,-3
E01001333,Train,77,78,-1
E01001333,"Underground, metro, light rail, tram",47,46,1
E01001333,Work mainly at or from home,146,28,118
E01001334,Bicycle,16,10,6
E01001334,"Bus, minibus or coach",84,118,-34
E01001334,Driving a car or van,228,239,-11
E01001334,"Motorcycle, scooter or moped",2,0,2
E01001334,Not in employment or aged 15 years and under,1119,582,537
E01001334,On foot,43,59,-16
E01001334,Other method of travel to work,10,6,4
E01001334,Passenger in a car or van,16,25,-9
E01001334,Taxi,4,0,4
E01001334,Train,25,40,-15
E01001334,"Underground, metro, light rail, tram",25,50,-25
E01001334,Work mainly at or from home,90,16,74
E01001335,Bicycle,11,9,2
E01001335,"Bus, minibus or coach",45,63,-18
E01001335,Driving a car or van,353,482,-129
E01001335,"Motorcycle, scooter or moped",3,2,1
E01001335,Not in employment or aged 15 years and under,985,485,500
E01001335,On foot,32,37,-5
E01001335,Other method of travel to work,8,5,3
E01001335,Passenger in a car or van,27,43,-16
E01001335,Taxi,0,3,-3
E01001335,Train,20,55,-35
E01001335,"Underground, metro, light rail, tram",31,73,-42
E01001335,Work mainly at or from home,287,51,236
E01001336,Bicycle,6,14,-8
E01001336,"Bus, minibus or coach",111,98,13
E01001336,Driving a car or van,323,381,-58
E01001336,"Motorcycle, scooter or moped",13,2,11
E01001336,Not in employment or aged 15 years and under,1044,510,534
E01001336,On foot,54,41,13
E01001336,Other method of travel to work,13,3,10
E01001336,Passenger in a car or van,29,19,10
E01001336,Taxi,6,5,1
E01001336,Train,31,35,-4
E01001336,"Underground, metro, light rail, tram",33,47,-14
E01001336,Work mainly at or from home,184,28,156
E01001337,Bicycle,32,13,19
E01001337,"Bus, minibus or coach",143,148,-5
E01001337,Driving a car or van,271,245,26
E01001337,"Motorcycle, scooter or moped",9,7,2
E01001337,Not in employment or aged 15 years and under,1037,452,585
E01001337,On foot,107,107,0
E01001337,Other method of travel to work,12,5,7
E01001337,Passenger in a car or van,23,12,11
E01001337,Taxi,6,3,3
E01001337,Train,43,32,11
E01001337,"Underground, metro, light rail, tram",102,92,10
E01001337,Work mainly at or from home,344,13,331
E01001338,Bicycle,20,8,12
E01001338,"Bus, minibus or coach",136,181,-45
E01001338,Driving a car or van,268,346,-78
E01001338,"Motorcycle, scooter or moped",3,2,1
E01001338,Not in employment or aged 15 years and under,1080,654,426
E01001338,On foot,60,64,-4
E01001338,Other method of travel to work,14,2,12
E01001338,Passenger in a car or van,23,16,7
E01001338,Taxi,2,1,1
E01001338,Train,39,46,-7
E01001338,"Underground, metro, light rail, tram",38,73,-35
E01001338,Work mainly at or from home,184,24,160
E01001339,Bicycle,30,7,23
E01001339,"Bus, minibus or coach",109,114,-5
E01001339,Driving a car or van,367,324,43
E01001339,"Motorcycle, scooter or moped",5,3,2
E01001339,Not in employment or aged 15 years and under,1193,632,561
E01001339,On foot,53,43,10
E01001339,Other method of travel to work,7,5,2
E01001339,Passenger in a car or van,27,26,1
E01001339,Taxi,3,1,2
E01001339,Train,39,50,-11
E01001339,"Underground, metro, light rail, tram",61,67,-6
E01001339,Work mainly at or from home,294,23,271
E01001340,Bicycle,16,21,-5
E01001340,"Bus, minibus or coach",114,132,-18
E01001340,Driving a car or van,184,245,-61
E01001340,"Motorcycle, scooter or moped",4,5,-1
E01001340,Not in employment or aged 15 years and under,874,778,96
E01001340,On foot,65,107,-42
E01001340,Other method of travel to work,6,9,-3
E01001340,Passenger in a car or van,10,14,-4
E01001340,Taxi,1,7,-6
E01001340,Train,21,41,-20
E01001340,"Underground, metro, light rail, tram",57,138,-81
E01001340,Work mainly at or from home,212,24,188
E01001341,Bicycle,31,18,13
E01001341,"Bus, minibus or coach",71,112,-41
E01001341,Driving a car or van,265,327,-62
E01001341,"Motorcycle, scooter or moped",5,9,-4
E01001341,Not in employment or aged 15 years and under,949,421,528
E01001341,On foot,62,93,-31
E01001341,Other method of travel to work,13,6,7
E01001341,Passenger in a car or van,12,35,-23
E01001341,Taxi,4,3,1
E01001341,Train,22,29,-7
E01001341,"Underground, metro, light rail, tram",129,204,-75
E01001341,Work mainly at or from home,223,26,197
E01001342,Bicycle,25,23,2
E01001342,"Bus, minibus or coach",76,110,-34
E01001342,Driving a car or van,283,361,-78
E01001342,"Motorcycle, scooter or moped",17,5,12
E01001342,Not in employment or aged 15 years and under,970,479,491
E01001342,On foot,94,87,7
E01001342,Other method of travel to work,26,6,20
E01001342,Passenger in a car or van,13,23,-10
E01001342,Taxi,2,4,-2
E01001342,Train,34,49,-15
E01001342,"Underground, metro, light rail, tram",147,239,-92
E01001342,Work mainly at or from home,213,24,189
E01001343,Bicycle,27,21,6
E01001343,"Bus, minibus or coach",46,82,-36
E01001343,Driving a car or van,231,282,-51
E01001343,"Motorcycle, scooter or moped",11,8,3
E01001343,Not in employment or aged 15 years and under,749,364,385
E01001343,On foot,39,62,-23
E01001343,Other method of travel to work,9,6,3
E01001343,Passenger in a car or van,16,16,0
E01001343,Taxi,1,4,-3
E01001343,Train,16,28,-12
E01001343,"Underground, metro, light rail, tram",112,230,-118
E01001343,Work mainly at or from home,187,32,155
E01001344,Bicycle,37,33,4
E01001344,"Bus, minibus or coach",67,84,-17
E01001344,Driving a car or van,301,393,-92
E01001344,"Motorcycle, scooter or moped",9,8,1
E01001344,Not in employment or aged 15 years and under,1202,515,687
E01001344,On foot,48,65,-17
E01001344,Other method of travel to work,26,8,18
E01001344,Passenger in a car or van,17,20,-3
E01001344,Taxi,4,0,4
E01001344,Train,34,53,-19
E01001344,"Underground, metro, light rail, tram",204,412,-208
E01001344,Work mainly at or from home,339,48,291
E01001345,Bicycle,33,19,14
E01001345,"Bus, minibus or coach",86,106,-20
E01001345,Driving a car or van,270,277,-7
E01001345,"Motorcycle, scooter or moped",4,7,-3
E01001345,Not in employment or aged 15 years and under,929,476,453
E01001345,On foot,80,72,8
E01001345,Other method of travel to work,10,7,3
E01001345,Passenger in a car or van,22,16,6
E01001345,Taxi,3,4,-1
E01001345,Train,34,43,-9
E01001345,"Underground, metro, light rail, tram",106,178,-72
E01001345,Work mainly at or from home,182,20,162
E01001346,Bicycle,19,24,-5
E01001346,"Bus, minibus or coach",73,83,-10
E01001346,Driving a car or van,309,366,-57
E01001346,"Motorcycle, scooter or moped",11,12,-1
E01001346,Not in employment or aged 15 years and under,1043,450,593
E01001346,On foot,41,52,-11
E01001346,Other method of travel to work,14,4,10
E01001346,Passenger in a car or van,21,27,-6
E01001346,Taxi,6,4,2
E01001346,Train,19,43,-24
E01001346,"Underground, metro, light rail, tram",140,288,-148
E01001346,Work mainly at or from home,262,35,227
E01001347,Bicycle,34,22,12
E01001347,"Bus, minibus or coach",72,79,-7
E01001347,Driving a car or van,290,336,-46
E01001347,"Motorcycle, scooter or moped",6,8,-2
E01001347,Not in employment or aged 15 years and under,980,343,637
E01001347,On foot,35,65,-30
E01001347,Other method of travel to work,14,2,12
E01001347,Passenger in a car or van,24,15,9
E01001347,Taxi,4,1,3
E01001347,Train,31,47,-16
E01001347,"Underground, metro, light rail, tram",172,241,-69
E01001347,Work mainly at or from home,311,30,281
E01001348,Bicycle,27,27,0
E01001348,"Bus, minibus or coach",54,67,-13
E01001348,Driving a car or van,230,332,-102
E01001348,"Motorcycle, scooter or moped",13,8,5
E01001348,Not in employment or aged 15 years and under,894,383,511
E01001348,On foot,43,51,-8
E01001348,Other method of travel to work,13,5,8
E01001348,Passenger in a car or van,18,15,3
E01001348,Taxi,0,4,-4
E01001348,Train,21,49,-28
E01001348,"Underground, metro, light rail, tram",139,233,-94
E01001348,Work mainly at or from home,222,33,189
E01001349,Bicycle,13,8,5
E01001349,"Bus, minibus or coach",69,89,-20
E01001349,Driving a car or van,220,291,-71
E01001349,"Motorcycle, scooter or moped",10,7,3
E01001349,Not in employment or aged 15 years and under,764,389,375
E01001349,On foot,35,31,4
E01001349,Other method of travel to work,11,5,6
E01001349,Passenger in a car or van,14,18,-4
E01001349,Taxi,2,3,-1
E01001349,Train,27,61,-34
E01001349,"Underground, metro, light rail, tram",80,137,-57
E01001349,Work mainly at or from home,167,18,149
E01001350,Bicycle,27,33,-6
E01001350,"Bus, minibus or coach",29,43,-14
E01001350,Driving a car or van,138,207,-69
E01001350,"Motorcycle, scooter or moped",6,8,-2
E01001350,Not in employment or aged 15 years and under,675,350,325
E01001350,On foot,43,40,3
E01001350,Other method of travel to work,8,5,3
E01001350,Passenger in a car or van,7,2,5
E01001350,Taxi,5,0,5
E01001350,Train,12,25,-13
E01001350,"Underground, metro, light rail, tram",110,362,-252
E01001350,Work mainly at or from home,374,56,318
E01001351,Bicycle,43,45,-2
E01001351,"Bus, minibus or coach",126,181,-55
E01001351,Driving a car or van,132,199,-67
E01001351,"Motorcycle, scooter or moped",15,9,6
E01001351,Not in employment or aged 15 years and under,950,507,443
E01001351,On foot,67,95,-28
E01001351,Other method of travel to work,22,5,17
E01001351,Passenger in a car or van,10,8,2
E01001351,Taxi,2,2,0
E01001351,Train,28,43,-15
E01001351,"Underground, metro, light rail, tram",148,347,-199
E01001351,Work mainly at or from home,426,45,381
E01001352,Bicycle,31,37,-6
E01001352,"Bus, minibus or coach",50,66,-16
E01001352,Driving a car or van,115,200,-85
E01001352,"Motorcycle, scooter or moped",3,11,-8
E01001352,Not in employment or aged 15 years and under,657,312,345
E01001352,On foot,47,46,1
E01001352,Other method of travel to work,13,10,3
E01001352,Passenger in a car or van,0,4,-4
E01001352,Taxi,5,0,5
E01001352,Train,24,52,-28
E01001352,"Underground, metro, light rail, tram",169,374,-205
E01001352,Work mainly at or from home,468,59,409
E01001353,Bicycle,31,37,-6
E01001353,"Bus, minibus or coach",44,95,-51
E01001353,Driving a car or van,108,172,-64
E01001353,"Motorcycle, scooter or moped",9,10,-1
E01001353,Not in employment or aged 15 years and under,634,412,222
E01001353,On foot,41,76,-35
E01001353,Other method of travel to work,6,4,2
E01001353,Passenger in a car or van,6,7,-1
E01001353,Taxi,2,0,2
E01001353,Train,32,42,-10
E01001353,"Underground, metro, light rail, tram",156,399,-243
E01001353,Work mainly at or from home,348,42,306
E01001354,Bicycle,37,40,-3
E01001354,"Bus, minibus or coach",60,95,-35
E01001354,Driving a car or van,130,223,-93
E01001354,"Motorcycle, scooter or moped",15,14,1
E01001354,Not in employment or aged 15 years and under,986,386,600
E01001354,On foot,56,80,-24
E01001354,Other method of travel to work,15,6,9
E01001354,Passenger in a car or van,6,11,-5
E01001354,Taxi,0,1,-1
E01001354,Train,24,40,-16
E01001354,"Underground, metro, light rail, tram",141,424,-283
E01001354,Work mainly at or from home,582,78,504
E01001355,Bicycle,63,49,14
E01001355,"Bus, minibus or coach",110,137,-27
E01001355,Driving a car or van,142,181,-39
E01001355,"Motorcycle, scooter or moped",12,18,-6
E01001355,Not in employment or aged 15 years and under,828,456,372
E01001355,On foot,80,75,5
E01001355,Other method of travel to work,20,7,13
E01001355,Passenger in a car or van,2,11,-9
E01001355,Taxi,5,0,5
E01001355,Train,29,50,-21
E01001355,"Underground, metro, light rail, tram",141,287,-146
E01001355,Work mainly at or from home,527,56,471
E01001356,Bicycle,22,31,-9
E01001356,"Bus, minibus or coach",81,141,-60
E01001356,Driving a car or van,109,169,-60
E01001356,"Motorcycle, scooter or moped",5,1,4
E01001356,Not in employment or aged 15 years and under,959,657,302
E01001356,On foot,41,66,-25
E01001356,Other method of travel to work,11,10,1
E01001356,Passenger in a car or van,5,7,-2
E01001356,Taxi,5,1,4
E01001356,Train,20,49,-29
E01001356,"Underground, metro, light rail, tram",93,173,-80
E01001356,Work mainly at or from home,142,29,113
E01001357,Bicycle,36,18,18
E01001357,"Bus, minibus or coach",89,77,12
E01001357,Driving a car or van,232,106,126
E01001357,"Motorcycle, scooter or moped",9,7,2
E01001357,Not in employment or aged 15 years and under,1220,296,924
E01001357,On foot,116,58,58
E01001357,Other method of travel to work,21,3,18
E01001357,Passenger in a car or van,10,3,7
E01001357,Taxi,6,0,6
E01001357,Train,57,36,21
E01001357,"Underground, metro, light rail, tram",203,167,36
E01001357,Work mainly at or from home,753,16,737
E01001358,Bicycle,38,15,23
E01001358,"Bus, minibus or coach",62,87,-25
E01001358,Driving a car or van,127,136,-9
E01001358,"Motorcycle, scooter or moped",10,4,6
E01001358,Not in employment or aged 15 years and under,911,530,381
E01001358,On foot,65,64,1
E01001358,Other method of travel to work,12,1,11
E01001358,Passenger in a car or van,12,7,5
E01001358,Taxi,3,0,3
E01001358,Train,36,59,-23
E01001358,"Underground, metro, light rail, tram",178,143,35
E01001358,Work mainly at or from home,543,19,524
E01001359,Bicycle,13,13,0
E01001359,"Bus, minibus or coach",264,271,-7
E01001359,Driving a car or van,269,324,-55
E01001359,"Motorcycle, scooter or moped",6,2,4
E01001359,Not in employment or aged 15 years and under,1498,694,804
E01001359,On foot,145,120,25
E01001359,Other method of travel to work,11,6,5
E01001359,Passenger in a car or van,30,31,-1
E01001359,Taxi,0,0,0
E01001359,Train,51,52,-1
E01001359,"Underground, metro, light rail, tram",45,62,-17
E01001359,Work mainly at or from home,136,19,117
E01001360,Bicycle,19,7,12
E01001360,"Bus, minibus or coach",306,194,112
E01001360,Driving a car or van,271,305,-34
E01001360,"Motorcycle, scooter or moped",7,2,5
E01001360,Not in employment or aged 15 years and under,1220,628,592
E01001360,On foot,125,130,-5
E01001360,Other method of travel to work,10,2,8
E01001360,Passenger in a car or van,19,18,1
E01001360,Taxi,1,2,-1
E01001360,Train,44,60,-16
E01001360,"Underground, metro, light rail, tram",52,71,-19
E01001360,Work mainly at or from home,143,18,125
E01001361,Bicycle,15,9,6
E01001361,"Bus, minibus or coach",278,207,71
E01001361,Driving a car or van,197,226,-29
E01001361,"Motorcycle, scooter or moped",8,0,8
E01001361,Not in employment or aged 15 years and under,1384,614,770
E01001361,On foot,135,104,31
E01001361,Other method of travel to work,11,9,2
E01001361,Passenger in a car or van,18,18,0
E01001361,Taxi,2,2,0
E01001361,Train,68,73,-5
E01001361,"Underground, metro, light rail, tram",44,53,-9
E01001361,Work mainly at or from home,114,19,95
E01001362,Bicycle,20,13,7
E01001362,"Bus, minibus or coach",263,261,2
E01001362,Driving a car or van,270,303,-33
E01001362,"Motorcycle, scooter or moped",11,2,9
E01001362,Not in employment or aged 15 years and under,1593,642,951
E01001362,On foot,117,107,10
E01001362,Other method of travel to work,17,5,12
E01001362,Passenger in a car or van,20,28,-8
E01001362,Taxi,3,2,1
E01001362,Train,83,75,8
E01001362,"Underground, metro, light rail, tram",54,57,-3
E01001362,Work mainly at or from home,172,16,156
E01001363,Bicycle,22,4,18
E01001363,"Bus, minibus or coach",249,214,35
E01001363,Driving a car or van,231,251,-20
E01001363,"Motorcycle, scooter or moped",4,2,2
E01001363,Not in employment or aged 15 years and under,1194,524,670
E01001363,On foot,90,65,25
E01001363,Other method of travel to work,12,7,5
E01001363,Passenger in a car or van,20,17,3
E01001363,Taxi,0,4,-4
E01001363,Train,31,48,-17
E01001363,"Underground, metro, light rail, tram",24,45,-21
E01001363,Work mainly at or from home,118,17,101
E01001364,Bicycle,16,6,10
E01001364,"Bus, minibus or coach",178,164,14
E01001364,Driving a car or van,197,236,-39
E01001364,"Motorcycle, scooter or moped",2,2,0
E01001364,Not in employment or aged 15 years and under,1143,645,498
E01001364,On foot,75,67,8
E01001364,Other method of travel to work,7,6,1
E01001364,Passenger in a car or van,31,14,17
E01001364,Taxi,2,1,1
E01001364,Train,32,38,-6
E01001364,"Underground, metro, light rail, tram",30,58,-28
E01001364,Work mainly at or from home,119,16,103
E01001365,Bicycle,22,5,17
E01001365,"Bus, minibus or coach",248,255,-7
E01001365,Driving a car or van,338,377,-39
E01001365,"Motorcycle, scooter or moped",7,1,6
E01001365,Not in employment or aged 15 years and under,1534,719,815
E01001365,On foot,126,99,27
E01001365,Other method of travel to work,14,10,4
E01001365,Passenger in a car or van,36,37,-1
E01001365,Taxi,5,4,1
E01001365,Train,74,74,0
E01001365,"Underground, metro, light rail, tram",35,58,-23
E01001365,Work mainly at or from home,138,13,125
E01001366,Bicycle,10,9,1
E01001366,"Bus, minibus or coach",153,234,-81
E01001366,Driving a car or van,314,341,-27
E01001366,"Motorcycle, scooter or moped",7,6,1
E01001366,Not in employment or aged 15 years and under,1279,629,650
E01001366,On foot,66,59,7
E01001366,Other method of travel to work,19,4,15
E01001366,Passenger in a car or van,28,31,-3
E01001366,Taxi,5,2,3
E01001366,Train,32,53,-21
E01001366,"Underground, metro, light rail, tram",26,54,-28
E01001366,Work mainly at or from home,107,12,95
E01001367,Bicycle,22,6,16
E01001367,"Bus, minibus or coach",380,285,95
E01001367,Driving a car or van,230,209,21
E01001367,"Motorcycle, scooter or moped",9,1,8
E01001367,Not in employment or aged 15 years and under,1621,589,1032
E01001367,On foot,144,106,38
E01001367,Other method of travel to work,10,6,4
E01001367,Passenger in a car or van,23,27,-4
E01001367,Taxi,2,1,1
E01001367,Train,59,42,17
E01001367,"Underground, metro, light rail, tram",60,41,19
E01001367,Work mainly at or from home,147,14,133
E01001368,Bicycle,11,7,4
E01001368,"Bus, minibus or coach",165,175,-10
E01001368,Driving a car or van,257,352,-95
E01001368,"Motorcycle, scooter or moped",1,3,-2
E01001368,Not in employment or aged 15 years and under,1042,561,481
E01001368,On foot,53,45,8
E01001368,Other method of travel to work,13,3,10
E01001368,Passenger in a car or van,22,30,-8
E01001368,Taxi,7,1,6
E01001368,Train,27,43,-16
E01001368,"Underground, metro, light rail, tram",35,42,-7
E01001368,Work mainly at or from home,130,4,126
E01001369,Bicycle,20,14,6
E01001369,"Bus, minibus or coach",241,200,41
E01001369,Driving a car or van,227,313,-86
E01001369,"Motorcycle, scooter or moped",8,8,0
E01001369,Not in employment or aged 15 years and under,1263,600,663
E01001369,On foot,102,107,-5
E01001369,Other method of travel to work,9,11,-2
E01001369,Passenger in a car or van,19,27,-8
E01001369,Taxi,3,1,2
E01001369,Train,43,54,-11
E01001369,"Underground, metro, light rail, tram",24,61,-37
E01001369,Work mainly at or from home,105,9,96
E01001370,Bicycle,24,14,10
E01001370,"Bus, minibus or coach",255,210,45
E01001370,Driving a car or van,324,352,-28
E01001370,"Motorcycle, scooter or moped",5,3,2
E01001370,Not in employment or aged 15 years and under,1221,687,534
E01001370,On foot,83,65,18
E01001370,Other method of travel to work,17,1,16
E01001370,Passenger in a car or van,24,33,-9
E01001370,Taxi,4,1,3
E01001370,Train,33,65,-32
E01001370,"Underground, metro, light rail, tram",28,50,-22
E01001370,Work mainly at or from home,156,22,134
E01001371,Bicycle,20,10,10
E01001371,"Bus, minibus or coach",230,254,-24
E01001371,Driving a car or van,261,337,-76
E01001371,"Motorcycle, scooter or moped",8,7,1
E01001371,Not in employment or aged 15 years and under,1446,637,809
E01001371,On foot,91,73,18
E01001371,Other method of travel to work,5,3,2
E01001371,Passenger in a car or van,23,27,-4
E01001371,Taxi,2,0,2
E01001371,Train,41,52,-11
E01001371,"Underground, metro, light rail, tram",38,63,-25
E01001371,Work mainly at or from home,143,17,126
E01001372,Bicycle,24,6,18
E01001372,"Bus, minibus or coach",298,250,48
E01001372,Driving a car or van,284,265,19
E01001372,"Motorcycle, scooter or moped",6,4,2
E01001372,Not in employment or aged 15 years and under,1489,579,910
E01001372,On foot,125,82,43
E01001372,Other method of travel to work,14,6,8
E01001372,Passenger in a car or van,35,31,4
E01001372,Taxi,4,1,3
E01001372,Train,71,61,10
E01001372,"Underground, metro, light rail, tram",49,44,5
E01001372,Work mainly at or from home,157,12,145
E01001373,Bicycle,20,11,9
E01001373,"Bus, minibus or coach",225,228,-3
E01001373,Driving a car or van,265,241,24
E01001373,"Motorcycle, scooter or moped",5,3,2
E01001373,Not in employment or aged 15 years and under,1209,441,768
E01001373,On foot,75,53,22
E01001373,Other method of travel to work,12,0,12
E01001373,Passenger in a car or van,28,27,1
E01001373,Taxi,4,1,3
E01001373,Train,52,39,13
E01001373,"Underground, metro, light rail, tram",43,45,-2
E01001373,Work mainly at or from home,144,7,137
E01001374,Bicycle,45,76,-31
E01001374,"Bus, minibus or coach",55,89,-34
E01001374,Driving a car or van,119,212,-93
E01001374,"Motorcycle, scooter or moped",11,20,-9
E01001374,Not in employment or aged 15 years and under,790,374,416
E01001374,On foot,81,96,-15
E01001374,Other method of travel to work,6,7,-1
E01001374,Passenger in a car or van,6,8,-2
E01001374,Taxi,2,5,-3
E01001374,Train,28,51,-23
E01001374,"Underground, metro, light rail, tram",104,399,-295
E01001374,Work mainly at or from home,706,87,619
E01001375,Bicycle,32,56,-24
E01001375,"Bus, minibus or coach",14,63,-49
E01001375,Driving a car or van,84,229,-145
E01001375,"Motorcycle, scooter or moped",3,22,-19
E01001375,Not in employment or aged 15 years and under,769,301,468
E01001375,On foot,41,50,-9
E01001375,Other method of travel to work,5,5,0
E01001375,Passenger in a car or van,7,2,5
E01001375,Taxi,2,1,1
E01001375,Train,10,35,-25
E01001375,"Underground, metro, light rail, tram",79,418,-339
E01001375,Work mainly at or from home,646,94,552
E01001376,Bicycle,36,67,-31
E01001376,"Bus, minibus or coach",67,101,-34
E01001376,Driving a car or van,140,189,-49
E01001376,"Motorcycle, scooter or moped",22,13,9
E01001376,Not in employment or aged 15 years and under,821,395,426
E01001376,On foot,65,72,-7
E01001376,Other method of travel to work,12,5,7
E01001376,Passenger in a car or van,5,11,-6
E01001376,Taxi,9,1,8
E01001376,Train,10,48,-38
E01001376,"Underground, metro, light rail, tram",100,330,-230
E01001376,Work mainly at or from home,419,51,368
E01001377,Bicycle,35,49,-14
E01001377,"Bus, minibus or coach",11,53,-42
E01001377,Driving a car or van,82,177,-95
E01001377,"Motorcycle, scooter or moped",2,14,-12
E01001377,Not in employment or aged 15 years and under,820,408,412
E01001377,On foot,25,76,-51
E01001377,Other method of travel to work,7,10,-3
E01001377,Passenger in a car or van,5,14,-9
E01001377,Taxi,0,5,-5
E01001377,Train,8,21,-13
E01001377,"Underground, metro, light rail, tram",69,366,-297
E01001377,Work mainly at or from home,575,106,469
E01001379,Bicycle,31,59,-28
E01001379,"Bus, minibus or coach",23,71,-48
E01001379,Driving a car or van,93,247,-154
E01001379,"Motorcycle, scooter or moped",6,18,-12
E01001379,Not in employment or aged 15 years and under,798,320,478
E01001379,On foot,44,67,-23
E01001379,Other method of travel to work,7,8,-1
E01001379,Passenger in a car or van,4,13,-9
E01001379,Taxi,3,3,0
E01001379,Train,7,35,-28
E01001379,"Underground, metro, light rail, tram",78,362,-284
E01001379,Work mainly at or from home,644,75,569
E01001380,Bicycle,46,58,-12
E01001380,"Bus, minibus or coach",46,91,-45
E01001380,Driving a car or van,111,237,-126
E01001380,"Motorcycle, scooter or moped",13,7,6
E01001380,Not in employment or aged 15 years and under,924,354,570
E01001380,On foot,67,114,-47
E01001380,Other method of travel to work,12,5,7
E01001380,Passenger in a car or van,10,11,-1
E01001380,Taxi,4,2,2
E01001380,Train,28,44,-16
E01001380,"Underground, metro, light rail, tram",160,404,-244
E01001380,Work mainly at or from home,877,74,803
E01001381,Bicycle,40,75,-35
E01001381,"Bus, minibus or coach",86,160,-74
E01001381,Driving a car or van,132,197,-65
E01001381,"Motorcycle, scooter or moped",11,11,0
E01001381,Not in employment or aged 15 years and under,835,368,467
E01001381,On foot,53,88,-35
E01001381,Other method of travel to work,15,4,11
E01001381,Passenger in a car or van,9,7,2
E01001381,Taxi,5,1,4
E01001381,Train,30,37,-7
E01001381,"Underground, metro, light rail, tram",130,328,-198
E01001381,Work mainly at or from home,534,70,464
E01001382,Bicycle,27,48,-21
E01001382,"Bus, minibus or coach",18,34,-16
E01001382,Driving a car or van,111,219,-108
E01001382,"Motorcycle, scooter or moped",4,10,-6
E01001382,Not in employment or aged 15 years and under,726,303,423
E01001382,On foot,31,61,-30
E01001382,Other method of travel to work,3,4,-1
E01001382,Passenger in a car or van,8,5,3
E01001382,Taxi,0,2,-2
E01001382,Train,13,33,-20
E01001382,"Underground, metro, light rail, tram",70,324,-254
E01001382,Work mainly at or from home,474,63,411
E01001383,Bicycle,47,63,-16
E01001383,"Bus, minibus or coach",40,113,-73
E01001383,Driving a car or van,169,273,-104
E01001383,"Motorcycle, scooter or moped",7,15,-8
E01001383,Not in employment or aged 15 years and under,792,386,406
E01001383,On foot,64,73,-9
E01001383,Other method of travel to work,13,8,5
E01001383,Passenger in a car or van,14,19,-5
E01001383,Taxi,4,3,1
E01001383,Train,18,72,-54
E01001383,"Underground, metro, light rail, tram",102,342,-240
E01001383,Work mainly at or from home,481,57,424
E01001384,Bicycle,44,47,-3
E01001384,"Bus, minibus or coach",51,84,-33
E01001384,Driving a car or van,154,268,-114
E01001384,"Motorcycle, scooter or moped",7,11,-4
E01001384,Not in employment or aged 15 years and under,734,279,455
E01001384,On foot,58,75,-17
E01001384,Other method of travel to work,7,2,5
E01001384,Passenger in a car or van,7,16,-9
E01001384,Taxi,2,0,2
E01001384,Train,19,63,-44
E01001384,"Underground, metro, light rail, tram",170,409,-239
E01001384,Work mainly at or from home,494,62,432
E01001385,Bicycle,30,47,-17
E01001385,"Bus, minibus or coach",35,46,-11
E01001385,Driving a car or van,131,244,-113
E01001385,"Motorcycle, scooter or moped",8,8,0
E01001385,Not in employment or aged 15 years and under,756,334,422
E01001385,On foot,59,72,-13
E01001385,Other method of travel to work,10,4,6
E01001385,Passenger in a car or van,17,9,8
E01001385,Taxi,3,3,0
E01001385,Train,13,53,-40
E01001385,"Underground, metro, light rail, tram",109,416,-307
E01001385,Work mainly at or from home,504,56,448
E01001386,Bicycle,38,38,0
E01001386,"Bus, minibus or coach",29,32,-3
E01001386,Driving a car or van,95,225,-130
E01001386,"Motorcycle, scooter or moped",6,10,-4
E01001386,Not in employment or aged 15 years and under,782,382,400
E01001386,On foot,49,65,-16
E01001386,Other method of travel to work,10,5,5
E01001386,Passenger in a car or van,12,11,1
E01001386,Taxi,2,4,-2
E01001386,Train,13,49,-36
E01001386,"Underground, metro, light rail, tram",109,440,-331
E01001386,Work mainly at or from home,648,105,543
E01001387,Bicycle,38,43,-5
E01001387,"Bus, minibus or coach",38,67,-29
E01001387,Driving a car or van,138,213,-75
E01001387,"Motorcycle, scooter or moped",3,10,-7
E01001387,Not in employment or aged 15 years and under,640,310,330
E01001387,On foot,41,76,-35
E01001387,Other method of travel to work,9,5,4
E01001387,Passenger in a car or van,5,6,-1
E01001387,Taxi,4,1,3
E01001387,Train,16,56,-40
E01001387,"Underground, metro, light rail, tram",96,372,-276
E01001387,Work mainly at or from home,508,64,444
E01001388,Bicycle,13,41,-28
E01001388,"Bus, minibus or coach",65,94,-29
E01001388,Driving a car or van,121,200,-79
E01001388,"Motorcycle, scooter or moped",3,10,-7
E01001388,Not in employment or aged 15 years and under,764,449,315
E01001388,On foot,55,88,-33
E01001388,Other method of travel to work,11,8,3
E01001388,Passenger in a car or van,6,6,0
E01001388,Taxi,3,0,3
E01001388,Train,15,62,-47
E01001388,"Underground, metro, light rail, tram",83,250,-167
E01001388,Work mainly at or from home,302,41,261
E01001389,Bicycle,28,59,-31
E01001389,"Bus, minibus or coach",82,132,-50
E01001389,Driving a car or van,140,267,-127
E01001389,"Motorcycle, scooter or moped",5,9,-4
E01001389,Not in employment or aged 15 years and under,941,357,584
E01001389,On foot,61,78,-17
E01001389,Other method of travel to work,12,4,8
E01001389,Passenger in a car or van,14,12,2
E01001389,Taxi,5,1,4
E01001389,Train,31,67,-36
E01001389,"Underground, metro, light rail, tram",96,322,-226
E01001389,Work mainly at or from home,419,40,379
E01001390,Bicycle,23,26,-3
E01001390,"Bus, minibus or coach",60,113,-53
E01001390,Driving a car or van,156,267,-111
E01001390,"Motorcycle, scooter or moped",3,7,-4
E01001390,Not in employment or aged 15 years and under,804,388,416
E01001390,On foot,43,45,-2
E01001390,Other method of travel to work,18,5,13
E01001390,Passenger in a car or van,9,10,-1
E01001390,Taxi,3,1,2
E01001390,Train,39,79,-40
E01001390,"Underground, metro, light rail, tram",209,602,-393
E01001390,Work mainly at or from home,450,47,403
E01001391,Bicycle,49,26,23
E01001391,"Bus, minibus or coach",124,125,-1
E01001391,Driving a car or van,153,208,-55
E01001391,"Motorcycle, scooter or moped",10,9,1
E01001391,Not in employment or aged 15 years and under,814,406,408
E01001391,On foot,33,51,-18
E01001391,Other method of travel to work,13,2,11
E01001391,Passenger in a car or van,17,14,3
E01001391,Taxi,3,1,2
E01001391,Train,31,75,-44
E01001391,"Underground, metro, light rail, tram",164,319,-155
E01001391,Work mainly at or from home,367,33,334
E01001392,Bicycle,22,24,-2
E01001392,"Bus, minibus or coach",61,79,-18
E01001392,Driving a car or van,192,308,-116
E01001392,"Motorcycle, scooter or moped",9,4,5
E01001392,Not in employment or aged 15 years and under,866,424,442
E01001392,On foot,37,39,-2
E01001392,Other method of travel to work,12,8,4
E01001392,Passenger in a car or van,17,19,-2
E01001392,Taxi,2,1,1
E01001392,Train,19,56,-37
E01001392,"Underground, metro, light rail, tram",192,394,-202
E01001392,Work mainly at or from home,438,78,360
E01001393,Bicycle,34,29,5
E01001393,"Bus, minibus or coach",90,115,-25
E01001393,Driving a car or van,185,286,-101
E01001393,"Motorcycle, scooter or moped",7,9,-2
E01001393,Not in employment or aged 15 years and under,878,493,385
E01001393,On foot,39,50,-11
E01001393,Other method of travel to work,16,7,9
E01001393,Passenger in a car or van,12,10,2
E01001393,Taxi,4,1,3
E01001393,Train,54,113,-59
E01001393,"Underground, metro, light rail, tram",229,565,-336
E01001393,Work mainly at or from home,417,44,373
E01001394,Bicycle,20,13,7
E01001394,"Bus, minibus or coach",199,129,70
E01001394,Driving a car or van,230,255,-25
E01001394,"Motorcycle, scooter or moped",22,11,11
E01001394,Not in employment or aged 15 years and under,1068,467,601
E01001394,On foot,68,42,26
E01001394,Other method of travel to work,11,8,3
E01001394,Passenger in a car or van,13,18,-5
E01001394,Taxi,5,2,3
E01001394,Train,25,48,-23
E01001394,"Underground, metro, light rail, tram",139,247,-108
E01001394,Work mainly at or from home,200,17,183
E01001395,Bicycle,7,10,-3
E01001395,"Bus, minibus or coach",115,110,5
E01001395,Driving a car or van,216,276,-60
E01001395,"Motorcycle, scooter or moped",3,5,-2
E01001395,Not in employment or aged 15 years and under,892,474,418
E01001395,On foot,35,51,-16
E01001395,Other method of travel to work,29,3,26
E01001395,Passenger in a car or van,21,20,1
E01001395,Taxi,5,1,4
E01001395,Train,21,35,-14
E01001395,"Underground, metro, light rail, tram",106,136,-30
E01001395,Work mainly at or from home,186,17,169
E01001396,Bicycle,15,13,2
E01001396,"Bus, minibus or coach",108,102,6
E01001396,Driving a car or van,171,248,-77
E01001396,"Motorcycle, scooter or moped",3,3,0
E01001396,Not in employment or aged 15 years and under,711,377,334
E01001396,On foot,48,45,3
E01001396,Other method of travel to work,6,4,2
E01001396,Passenger in a car or van,28,17,11
E01001396,Taxi,3,3,0
E01001396,Train,26,41,-15
E01001396,"Underground, metro, light rail, tram",137,197,-60
E01001396,Work mainly at or from home,206,28,178
E01001397,Bicycle,8,13,-5
E01001397,"Bus, minibus or coach",146,183,-37
E01001397,Driving a car or van,258,361,-103
E01001397,"Motorcycle, scooter or moped",6,7,-1
E01001397,Not in employment or aged 15 years and under,1238,492,746
E01001397,On foot,45,36,9
E01001397,Other method of travel to work,17,2,15
E01001397,Passenger in a car or van,25,22,3
E01001397,Taxi,1,2,-1
E01001397,Train,31,56,-25
E01001397,"Underground, metro, light rail, tram",142,271,-129
E01001397,Work mainly at or from home,248,17,231
E01001398,Bicycle,15,15,0
E01001398,"Bus, minibus or coach",23,29,-6
E01001398,Driving a car or van,203,388,-185
E01001398,"Motorcycle, scooter or moped",1,3,-2
E01001398,Not in employment or aged 15 years and under,683,285,398
E01001398,On foot,33,54,-21
E01001398,Other method of travel to work,6,4,2
E01001398,Passenger in a car or van,15,22,-7
E01001398,Taxi,8,7,1
E01001398,Train,23,106,-83
E01001398,"Underground, metro, light rail, tram",34,85,-51
E01001398,Work mainly at or from home,299,38,261
E01001399,Bicycle,19,13,6
E01001399,"Bus, minibus or coach",29,55,-26
E01001399,Driving a car or van,281,399,-118
E01001399,"Motorcycle, scooter or moped",8,8,0
E01001399,Not in employment or aged 15 years and under,742,309,433
E01001399,On foot,27,43,-16
E01001399,Other method of travel to work,53,3,50
E01001399,Passenger in a car or van,17,29,-12
E01001399,Taxi,3,11,-8
E01001399,Train,30,86,-56
E01001399,"Underground, metro, light rail, tram",39,77,-38
E01001399,Work mainly at or from home,238,47,191
E01001400,Bicycle,10,6,4
E01001400,"Bus, minibus or coach",32,28,4
E01001400,Driving a car or van,252,287,-35
E01001400,"Motorcycle, scooter or moped",1,3,-2
E01001400,Not in employment or aged 15 years and under,868,300,568
E01001400,On foot,36,40,-4
E01001400,Other method of travel to work,7,2,5
E01001400,Passenger in a car or van,17,16,1
E01001400,Taxi,4,6,-2
E01001400,Train,20,65,-45
E01001400,"Underground, metro, light rail, tram",36,51,-15
E01001400,Work mainly at or from home,274,32,242
E01001401,Bicycle,2,4,-2
E01001401,"Bus, minibus or coach",34,44,-10
E01001401,Driving a car or van,221,309,-88
E01001401,"Motorcycle, scooter or moped",0,8,-8
E01001401,Not in employment or aged 15 years and under,749,290,459
E01001401,On foot,29,43,-14
E01001401,Other method of travel to work,5,11,-6
E01001401,Passenger in a car or van,9,19,-10
E01001401,Taxi,5,6,-1
E01001401,Train,41,95,-54
E01001401,"Underground, metro, light rail, tram",44,80,-36
E01001401,Work mainly at or from home,246,30,216
E01001402,Bicycle,15,19,-4
E01001402,"Bus, minibus or coach",57,85,-28
E01001402,Driving a car or van,297,446,-149
E01001402,"Motorcycle, scooter or moped",4,4,0
E01001402,Not in employment or aged 15 years and under,938,455,483
E01001402,On foot,37,37,0
E01001402,Other method of travel to work,13,5,8
E01001402,Passenger in a car or van,23,20,3
E01001402,Taxi,4,6,-2
E01001402,Train,46,137,-91
E01001402,"Underground, metro, light rail, tram",69,136,-67
E01001402,Work mainly at or from home,361,58,303
E01001403,Bicycle,8,12,-4
E01001403,"Bus, minibus or coach",60,88,-28
E01001403,Driving a car or van,281,498,-217
E01001403,"Motorcycle, scooter or moped",2,7,-5
E01001403,Not in employment or aged 15 years and under,918,494,424
E01001403,On foot,21,32,-11
E01001403,Other method of travel to work,12,8,4
E01001403,Passenger in a car or van,32,33,-1
E01001403,Taxi,5,6,-1
E01001403,Train,32,89,-57
E01001403,"Underground, metro, light rail, tram",55,94,-39
E01001403,Work mainly at or from home,279,43,236
E01001404,Bicycle,5,7,-2
E01001404,"Bus, minibus or coach",42,70,-28
E01001404,Driving a car or van,249,330,-81
E01001404,"Motorcycle, scooter or moped",2,6,-4
E01001404,Not in employment or aged 15 years and under,817,397,420
E01001404,On foot,28,30,-2
E01001404,Other method of travel to work,7,9,-2
E01001404,Passenger in a car or van,22,33,-11
E01001404,Taxi,2,5,-3
E01001404,Train,32,75,-43
E01001404,"Underground, metro, light rail, tram",48,78,-30
E01001404,Work mainly at or from home,223,28,195
E01001405,Bicycle,3,12,-9
E01001405,"Bus, minibus or coach",45,51,-6
E01001405,Driving a car or van,221,387,-166
E01001405,"Motorcycle, scooter or moped",2,0,2
E01001405,Not in employment or aged 15 years and under,1088,428,660
E01001405,On foot,32,46,-14
E01001405,Other method of travel to work,10,8,2
E01001405,Passenger in a car or van,19,18,1
E01001405,Taxi,3,4,-1
E01001405,Train,49,141,-92
E01001405,"Underground, metro, light rail, tram",58,112,-54
E01001405,Work mainly at or from home,275,31,244
E01001406,Bicycle,12,21,-9
E01001406,"Bus, minibus or coach",65,66,-1
E01001406,Driving a car or van,233,319,-86
E01001406,"Motorcycle, scooter or moped",6,8,-2
E01001406,Not in employment or aged 15 years and under,871,412,459
E01001406,On foot,41,45,-4
E01001406,Other method of travel to work,4,9,-5
E01001406,Passenger in a car or van,18,21,-3
E01001406,Taxi,8,7,1
E01001406,Train,58,141,-83
E01001406,"Underground, metro, light rail, tram",65,95,-30
E01001406,Work mainly at or from home,279,46,233
E01001407,Bicycle,8,13,-5
E01001407,"Bus, minibus or coach",47,49,-2
E01001407,Driving a car or van,315,361,-46
E01001407,"Motorcycle, scooter or moped",4,2,2
E01001407,Not in employment or aged 15 years and under,833,293,540
E01001407,On foot,37,44,-7
E01001407,Other method of travel to work,8,2,6
E01001407,Passenger in a car or van,23,14,9
E01001407,Taxi,5,9,-4
E01001407,Train,34,81,-47
E01001407,"Underground, metro, light rail, tram",29,32,-3
E01001407,Work mainly at or from home,245,35,210
E01001408,Bicycle,11,17,-6
E01001408,"Bus, minibus or coach",38,69,-31
E01001408,Driving a car or van,251,405,-154
E01001408,"Motorcycle, scooter or moped",8,5,3
E01001408,Not in employment or aged 15 years and under,803,340,463
E01001408,On foot,71,69,2
E01001408,Other method of travel to work,10,2,8
E01001408,Passenger in a car or van,15,26,-11
E01001408,Taxi,4,9,-5
E01001408,Train,65,192,-127
E01001408,"Underground, metro, light rail, tram",37,63,-26
E01001408,Work mainly at or from home,359,38,321
E01001409,Bicycle,8,10,-2
E01001409,"Bus, minibus or coach",101,116,-15
E01001409,Driving a car or van,418,402,16
E01001409,"Motorcycle, scooter or moped",5,8,-3
E01001409,Not in employment or aged 15 years and under,1119,539,580
E01001409,On foot,49,69,-20
E01001409,Other method of travel to work,11,6,5
E01001409,Passenger in a car or van,23,25,-2
E01001409,Taxi,4,11,-7
E01001409,Train,30,80,-50
E01001409,"Underground, metro, light rail, tram",42,59,-17
E01001409,Work mainly at or from home,226,30,196
E01001410,Bicycle,17,21,-4
E01001410,"Bus, minibus or coach",92,133,-41
E01001410,Driving a car or van,339,419,-80
E01001410,"Motorcycle, scooter or moped",6,7,-1
E01001410,Not in employment or aged 15 years and under,1370,604,766
E01001410,On foot,46,61,-15
E01001410,Other method of travel to work,16,7,9
E01001410,Passenger in a car or van,14,28,-14
E01001410,Taxi,6,3,3
E01001410,Train,44,79,-35
E01001410,"Underground, metro, light rail, tram",46,52,-6
E01001410,Work mainly at or from home,192,16,176
E01001411,Bicycle,19,24,-5
E01001411,"Bus, minibus or coach",49,73,-24
E01001411,Driving a car or van,259,394,-135
E01001411,"Motorcycle, scooter or moped",9,6,3
E01001411,Not in employment or aged 15 years and under,1028,386,642
E01001411,On foot,54,100,-46
E01001411,Other method of travel to work,13,6,7
E01001411,Passenger in a car or van,14,27,-13
E01001411,Taxi,2,5,-3
E01001411,Train,59,197,-138
E01001411,"Underground, metro, light rail, tram",36,61,-25
E01001411,Work mainly at or from home,357,40,317
E01001412,Bicycle,7,19,-12
E01001412,"Bus, minibus or coach",39,47,-8
E01001412,Driving a car or van,340,472,-132
E01001412,"Motorcycle, scooter or moped",5,5,0
E01001412,Not in employment or aged 15 years and under,937,482,455
E01001412,On foot,40,65,-25
E01001412,Other method of travel to work,17,6,11
E01001412,Passenger in a car or van,27,23,4
E01001412,Taxi,8,8,0
E01001412,Train,42,83,-41
E01001412,"Underground, metro, light rail, tram",38,57,-19
E01001412,Work mainly at or from home,255,69,186
E01001413,Bicycle,6,8,-2
E01001413,"Bus, minibus or coach",18,34,-16
E01001413,Driving a car or van,288,426,-138
E01001413,"Motorcycle, scooter or moped",2,5,-3
E01001413,Not in employment or aged 15 years and under,854,317,537
E01001413,On foot,37,63,-26
E01001413,Other method of travel to work,10,11,-1
E01001413,Passenger in a car or van,25,22,3
E01001413,Taxi,3,8,-5
E01001413,Train,22,145,-123
E01001413,"Underground, metro, light rail, tram",26,50,-24
E01001413,Work mainly at or from home,348,64,284
E01001414,Bicycle,2,6,-4
E01001414,"Bus, minibus or coach",67,77,-10
E01001414,Driving a car or van,260,257,3
E01001414,"Motorcycle, scooter or moped",6,7,-1
E01001414,Not in employment or aged 15 years and under,1048,502,546
E01001414,On foot,55,68,-13
E01001414,Other method of travel to work,8,4,4
E01001414,Passenger in a car or van,16,17,-1
E01001414,Taxi,4,3,1
E01001414,Train,51,90,-39
E01001414,"Underground, metro, light rail, tram",36,35,1
E01001414,Work mainly at or from home,119,11,108
E01001415,Bicycle,7,4,3
E01001415,"Bus, minibus or coach",44,48,-4
E01001415,Driving a car or van,287,293,-6
E01001415,"Motorcycle, scooter or moped",6,4,2
E01001415,Not in employment or aged 15 years and under,1052,407,645
E01001415,On foot,42,56,-14
E01001415,Other method of travel to work,13,5,8
E01001415,Passenger in a car or van,15,14,1
E01001415,Taxi,7,7,0
E01001415,Train,18,40,-22
E01001415,"Underground, metro, light rail, tram",98,169,-71
E01001415,Work mainly at or from home,469,63,406
E01001416,Bicycle,6,5,1
E01001416,"Bus, minibus or coach",24,47,-23
E01001416,Driving a car or van,277,511,-234
E01001416,"Motorcycle, scooter or moped",2,8,-6
E01001416,Not in employment or aged 15 years and under,871,532,339
E01001416,On foot,19,52,-33
E01001416,Other method of travel to work,7,9,-2
E01001416,Passenger in a car or van,15,31,-16
E01001416,Taxi,0,5,-5
E01001416,Train,12,64,-52
E01001416,"Underground, metro, light rail, tram",68,257,-189
E01001416,Work mainly at or from home,421,63,358
E01001417,Bicycle,1,6,-5
E01001417,"Bus, minibus or coach",14,12,2
E01001417,Driving a car or van,296,448,-152
E01001417,"Motorcycle, scooter or moped",2,3,-1
E01001417,Not in employment or aged 15 years and under,988,625,363
E01001417,On foot,20,37,-17
E01001417,Other method of travel to work,13,8,5
E01001417,Passenger in a car or van,13,25,-12
E01001417,Taxi,0,1,-1
E01001417,Train,39,88,-49
E01001417,"Underground, metro, light rail, tram",23,91,-68
E01001417,Work mainly at or from home,482,89,393
E01001418,Bicycle,3,5,-2
E01001418,"Bus, minibus or coach",23,45,-22
E01001418,Driving a car or van,254,346,-92
E01001418,"Motorcycle, scooter or moped",3,6,-3
E01001418,Not in employment or aged 15 years and under,974,483,491
E01001418,On foot,43,30,13
E01001418,Other method of travel to work,9,7,2
E01001418,Passenger in a car or van,13,16,-3
E01001418,Taxi,4,4,0
E01001418,Train,19,34,-15
E01001418,"Underground, metro, light rail, tram",75,193,-118
E01001418,Work mainly at or from home,314,49,265
E01001419,Bicycle,6,7,-1
E01001419,"Bus, minibus or coach",53,61,-8
E01001419,Driving a car or van,274,285,-11
E01001419,"Motorcycle, scooter or moped",7,2,5
E01001419,Not in employment or aged 15 years and under,1095,437,658
E01001419,On foot,27,34,-7
E01001419,Other method of travel to work,6,4,2
E01001419,Passenger in a car or van,16,13,3
E01001419,Taxi,4,10,-6
E01001419,Train,16,24,-8
E01001419,"Underground, metro, light rail, tram",110,255,-145
E01001419,Work mainly at or from home,356,43,313
E01001420,Bicycle,9,4,5
E01001420,"Bus, minibus or coach",54,66,-12
E01001420,Driving a car or van,250,309,-59
E01001420,"Motorcycle, scooter or moped",6,7,-1
E01001420,Not in employment or aged 15 years and under,1022,460,562
E01001420,On foot,45,41,4
E01001420,Other method of travel to work,10,4,6
E01001420,Passenger in a car or van,20,16,4
E01001420,Taxi,3,5,-2
E01001420,Train,19,22,-3
E01001420,"Underground, metro, light rail, tram",96,178,-82
E01001420,Work mainly at or from home,248,30,218
E01001421,Bicycle,1,6,-5
E01001421,"Bus, minibus or coach",58,101,-43
E01001421,Driving a car or van,228,275,-47
E01001421,"Motorcycle, scooter or moped",6,2,4
E01001421,Not in employment or aged 15 years and under,922,464,458
E01001421,On foot,31,39,-8
E01001421,Other method of travel to work,9,0,9
E01001421,Passenger in a car or van,9,19,-10
E01001421,Taxi,3,5,-2
E01001421,Train,24,35,-11
E01001421,"Underground, metro, light rail, tram",124,202,-78
E01001421,Work mainly at or from home,256,33,223
E01001422,Bicycle,2,5,-3
E01001422,"Bus, minibus or coach",7,13,-6
E01001422,Driving a car or van,268,379,-111
E01001422,"Motorcycle, scooter or moped",2,2,0
E01001422,Not in employment or aged 15 years and under,916,436,480
E01001422,On foot,10,17,-7
E01001422,Other method of travel to work,9,9,0
E01001422,Passenger in a car or van,15,16,-1
E01001422,Taxi,3,1,2
E01001422,Train,29,159,-130
E01001422,"Underground, metro, light rail, tram",24,71,-47
E01001422,Work mainly at or from home,391,88,303
E01001423,Bicycle,14,2,12
E01001423,"Bus, minibus or coach",87,102,-15
E01001423,Driving a car or van,243,231,12
E01001423,"Motorcycle, scooter or moped",13,0,13
E01001423,Not in employment or aged 15 years and under,1067,465,602
E01001423,On foot,27,39,-12
E01001423,Other method of travel to work,8,4,4
E01001423,Passenger in a car or van,22,15,7
E01001423,Taxi,6,3,3
E01001423,Train,50,54,-4
E01001423,"Underground, metro, light rail, tram",60,52,8
E01001423,Work mainly at or from home,137,13,124
E01001424,Bicycle,8,8,0
E01001424,"Bus, minibus or coach",71,132,-61
E01001424,Driving a car or van,142,189,-47
E01001424,"Motorcycle, scooter or moped",4,2,2
E01001424,Not in employment or aged 15 years and under,764,519,245
E01001424,On foot,33,24,9
E01001424,Other method of travel to work,8,10,-2
E01001424,Passenger in a car or van,16,18,-2
E01001424,Taxi,2,1,1
E01001424,Train,32,92,-60
E01001424,"Underground, metro, light rail, tram",41,87,-46
E01001424,Work mainly at or from home,108,16,92
E01001425,Bicycle,15,9,6
E01001425,"Bus, minibus or coach",158,172,-14
E01001425,Driving a car or van,205,214,-9
E01001425,"Motorcycle, scooter or moped",1,1,0
E01001425,Not in employment or aged 15 years and under,1291,631,660
E01001425,On foot,69,36,33
E01001425,Other method of travel to work,12,7,5
E01001425,Passenger in a car or van,15,15,0
E01001425,Taxi,6,5,1
E01001425,Train,33,68,-35
E01001425,"Underground, metro, light rail, tram",82,82,0
E01001425,Work mainly at or from home,134,15,119
E01001426,Bicycle,9,8,1
E01001426,"Bus, minibus or coach",124,155,-31
E01001426,Driving a car or van,212,273,-61
E01001426,"Motorcycle, scooter or moped",2,2,0
E01001426,Not in employment or aged 15 years and under,1117,581,536
E01001426,On foot,63,65,-2
E01001426,Other method of travel to work,8,7,1
E01001426,Passenger in a car or van,19,12,7
E01001426,Taxi,1,3,-2
E01001426,Train,41,63,-22
E01001426,"Underground, metro, light rail, tram",68,96,-28
E01001426,Work mainly at or from home,157,17,140
E01001427,Bicycle,12,6,6
E01001427,"Bus, minibus or coach",127,158,-31
E01001427,Driving a car or van,199,236,-37
E01001427,"Motorcycle, scooter or moped",3,2,1
E01001427,Not in employment or aged 15 years and under,1118,627,491
E01001427,On foot,42,38,4
E01001427,Other method of travel to work,10,7,3
E01001427,Passenger in a car or van,16,13,3
E01001427,Taxi,1,2,-1
E01001427,Train,35,60,-25
E01001427,"Underground, metro, light rail, tram",58,71,-13
E01001427,Work mainly at or from home,121,8,113
E01001428,Bicycle,16,11,5
E01001428,"Bus, minibus or coach",102,91,11
E01001428,Driving a car or van,249,238,11
E01001428,"Motorcycle, scooter or moped",4,10,-6
E01001428,Not in employment or aged 15 years and under,1026,592,434
E01001428,On foot,59,47,12
E01001428,Other method of travel to work,12,1,11
E01001428,Passenger in a car or van,26,25,1
E01001428,Taxi,3,3,0
E01001428,Train,41,50,-9
E01001428,"Underground, metro, light rail, tram",52,56,-4
E01001428,Work mainly at or from home,137,21,116
E01001429,Bicycle,14,5,9
E01001429,"Bus, minibus or coach",192,292,-100
E01001429,Driving a car or van,200,179,21
E01001429,"Motorcycle, scooter or moped",8,4,4
E01001429,Not in employment or aged 15 years and under,1528,855,673
E01001429,On foot,65,49,16
E01001429,Other method of travel to work,20,8,12
E01001429,Passenger in a car or van,12,18,-6
E01001429,Taxi,12,4,8
E01001429,Train,62,109,-47
E01001429,"Underground, metro, light rail, tram",79,112,-33
E01001429,Work mainly at or from home,143,16,127
E01001430,Bicycle,14,10,4
E01001430,"Bus, minibus or coach",190,182,8
E01001430,Driving a car or van,203,164,39
E01001430,"Motorcycle, scooter or moped",3,3,0
E01001430,Not in employment or aged 15 years and under,1312,638,674
E01001430,On foot,60,59,1
E01001430,Other method of travel to work,18,3,15
E01001430,Passenger in a car or van,14,9,5
E01001430,Taxi,2,4,-2
E01001430,Train,58,52,6
E01001430,"Underground, metro, light rail, tram",58,59,-1
E01001430,Work mainly at or from home,82,13,69
E01001431,Bicycle,11,9,2
E01001431,"Bus, minibus or coach",136,160,-24
E01001431,Driving a car or van,208,198,10
E01001431,"Motorcycle, scooter or moped",4,4,0
E01001431,Not in employment or aged 15 years and under,1091,531,560
E01001431,On foot,47,44,3
E01001431,Other method of travel to work,13,9,4
E01001431,Passenger in a car or van,23,10,13
E01001431,Taxi,5,2,3
E01001431,Train,44,57,-13
E01001431,"Underground, metro, light rail, tram",86,59,27
E01001431,Work mainly at or from home,123,12,111
E01001432,Bicycle,16,7,9
E01001432,"Bus, minibus or coach",194,231,-37
E01001432,Driving a car or van,197,254,-57
E01001432,"Motorcycle, scooter or moped",5,5,0
E01001432,Not in employment or aged 15 years and under,1092,588,504
E01001432,On foot,66,54,12
E01001432,Other method of travel to work,6,4,2
E01001432,Passenger in a car or van,18,20,-2
E01001432,Taxi,6,2,4
E01001432,Train,40,63,-23
E01001432,"Underground, metro, light rail, tram",91,107,-16
E01001432,Work mainly at or from home,139,9,130
E01001433,Bicycle,11,20,-9
E01001433,"Bus, minibus or coach",77,112,-35
E01001433,Driving a car or van,318,326,-8
E01001433,"Motorcycle, scooter or moped",9,6,3
E01001433,Not in employment or aged 15 years and under,1114,570,544
E01001433,On foot,40,53,-13
E01001433,Other method of travel to work,9,1,8
E01001433,Passenger in a car or van,16,14,2
E01001433,Taxi,11,5,6
E01001433,Train,61,66,-5
E01001433,"Underground, metro, light rail, tram",34,49,-15
E01001433,Work mainly at or from home,118,18,100
E01001434,Bicycle,14,13,1
E01001434,"Bus, minibus or coach",60,74,-14
E01001434,Driving a car or van,330,398,-68
E01001434,"Motorcycle, scooter or moped",4,4,0
E01001434,Not in employment or aged 15 years and under,879,421,458
E01001434,On foot,35,31,4
E01001434,Other method of travel to work,22,8,14
E01001434,Passenger in a car or van,14,23,-9
E01001434,Taxi,4,2,2
E01001434,Train,50,76,-26
E01001434,"Underground, metro, light rail, tram",41,42,-1
E01001434,Work mainly at or from home,142,17,125
E01001435,Bicycle,8,11,-3
E01001435,"Bus, minibus or coach",61,78,-17
E01001435,Driving a car or van,300,349,-49
E01001435,"Motorcycle, scooter or moped",4,0,4
E01001435,Not in employment or aged 15 years and under,886,411,475
E01001435,On foot,30,29,1
E01001435,Other method of travel to work,8,1,7
E01001435,Passenger in a car or van,8,26,-18
E01001435,Taxi,8,12,-4
E01001435,Train,34,56,-22
E01001435,"Underground, metro, light rail, tram",26,49,-23
E01001435,Work mainly at or from home,139,20,119
E01001436,Bicycle,10,10,0
E01001436,"Bus, minibus or coach",83,95,-12
E01001436,Driving a car or van,334,422,-88
E01001436,"Motorcycle, scooter or moped",3,3,0
E01001436,Not in employment or aged 15 years and under,1166,546,620
E01001436,On foot,43,46,-3
E01001436,Other method of travel to work,13,7,6
E01001436,Passenger in a car or van,18,33,-15
E01001436,Taxi,4,6,-2
E01001436,Train,52,78,-26
E01001436,"Underground, metro, light rail, tram",42,51,-9
E01001436,Work mainly at or from home,166,17,149
E01001437,Bicycle,10,12,-2
E01001437,"Bus, minibus or coach",129,139,-10
E01001437,Driving a car or van,353,388,-35
E01001437,"Motorcycle, scooter or moped",3,3,0
E01001437,Not in employment or aged 15 years and under,1419,730,689
E01001437,On foot,51,69,-18
E01001437,Other method of travel to work,20,6,14
E01001437,Passenger in a car or van,29,20,9
E01001437,Taxi,7,5,2
E01001437,Train,51,112,-61
E01001437,"Underground, metro, light rail, tram",43,90,-47
E01001437,Work mainly at or from home,154,24,130
E01001438,Bicycle,11,11,0
E01001438,"Bus, minibus or coach",81,80,1
E01001438,Driving a car or van,297,306,-9
E01001438,"Motorcycle, scooter or moped",0,7,-7
E01001438,Not in employment or aged 15 years and under,998,529,469
E01001438,On foot,32,60,-28
E01001438,Other method of travel to work,9,9,0
E01001438,Passenger in a car or van,20,17,3
E01001438,Taxi,3,3,0
E01001438,Train,47,102,-55
E01001438,"Underground, metro, light rail, tram",45,38,7
E01001438,Work mainly at or from home,132,21,111
E01001439,Bicycle,15,13,2
E01001439,"Bus, minibus or coach",172,170,2
E01001439,Driving a car or van,287,300,-13
E01001439,"Motorcycle, scooter or moped",7,3,4
E01001439,Not in employment or aged 15 years and under,1334,642,692
E01001439,On foot,51,70,-19
E01001439,Other method of travel to work,20,11,9
E01001439,Passenger in a car or van,20,23,-3
E01001439,Taxi,0,3,-3
E01001439,Train,38,65,-27
E01001439,"Underground, metro, light rail, tram",36,55,-19
E01001439,Work mainly at or from home,148,12,136
E01001440,Bicycle,14,7,7
E01001440,"Bus, minibus or coach",88,103,-15
E01001440,Driving a car or van,255,298,-43
E01001440,"Motorcycle, scooter or moped",3,2,1
E01001440,Not in employment or aged 15 years and under,1024,508,516
E01001440,On foot,44,56,-12
E01001440,Other method of travel to work,10,3,7
E01001440,Passenger in a car or van,11,16,-5
E01001440,Taxi,1,1,0
E01001440,Train,37,77,-40
E01001440,"Underground, metro, light rail, tram",36,64,-28
E01001440,Work mainly at or from home,154,17,137
E01001441,Bicycle,10,8,2
E01001441,"Bus, minibus or coach",78,134,-56
E01001441,Driving a car or van,238,283,-45
E01001441,"Motorcycle, scooter or moped",2,8,-6
E01001441,Not in employment or aged 15 years and under,1068,484,584
E01001441,On foot,23,42,-19
E01001441,Other method of travel to work,11,8,3
E01001441,Passenger in a car or van,9,14,-5
E01001441,Taxi,5,1,4
E01001441,Train,44,61,-17
E01001441,"Underground, metro, light rail, tram",37,39,-2
E01001441,Work mainly at or from home,123,11,112
E01001442,Bicycle,11,17,-6
E01001442,"Bus, minibus or coach",96,120,-24
E01001442,Driving a car or van,228,231,-3
E01001442,"Motorcycle, scooter or moped",1,3,-2
E01001442,Not in employment or aged 15 years and under,1148,503,645
E01001442,On foot,62,48,14
E01001442,Other method of travel to work,10,2,8
E01001442,Passenger in a car or van,19,23,-4
E01001442,Taxi,5,1,4
E01001442,Train,46,60,-14
E01001442,"Underground, metro, light rail, tram",36,29,7
E01001442,Work mainly at or from home,76,10,66
E01001444,Bicycle,8,8,0
E01001444,"Bus, minibus or coach",78,85,-7
E01001444,Driving a car or van,286,428,-142
E01001444,"Motorcycle, scooter or moped",5,9,-4
E01001444,Not in employment or aged 15 years and under,1177,445,732
E01001444,On foot,47,34,13
E01001444,Other method of travel to work,13,1,12
E01001444,Passenger in a car or van,12,20,-8
E01001444,Taxi,5,5,0
E01001444,Train,67,99,-32
E01001444,"Underground, metro, light rail, tram",40,58,-18
E01001444,Work mainly at or from home,175,23,152
E01001445,Bicycle,23,22,1
E01001445,"Bus, minibus or coach",119,107,12
E01001445,Driving a car or van,458,456,2
E01001445,"Motorcycle, scooter or moped",6,9,-3
E01001445,Not in employment or aged 15 years and under,1541,605,936
E01001445,On foot,66,46,20
E01001445,Other method of travel to work,21,22,-1
E01001445,Passenger in a car or van,26,28,-2
E01001445,Taxi,8,7,1
E01001445,Train,85,191,-106
E01001445,"Underground, metro, light rail, tram",83,112,-29
E01001445,Work mainly at or from home,354,26,328
E01001446,Bicycle,19,19,0
E01001446,"Bus, minibus or coach",99,96,3
E01001446,Driving a car or van,279,404,-125
E01001446,"Motorcycle, scooter or moped",9,11,-2
E01001446,Not in employment or aged 15 years and under,1071,505,566
E01001446,On foot,40,66,-26
E01001446,Other method of travel to work,7,2,5
E01001446,Passenger in a car or van,19,13,6
E01001446,Taxi,4,4,0
E01001446,Train,54,103,-49
E01001446,"Underground, metro, light rail, tram",69,54,15
E01001446,Work mainly at or from home,184,14,170
E01001447,Bicycle,13,7,6
E01001447,"Bus, minibus or coach",84,99,-15
E01001447,Driving a car or van,303,331,-28
E01001447,"Motorcycle, scooter or moped",6,4,2
E01001447,Not in employment or aged 15 years and under,1252,650,602
E01001447,On foot,51,48,3
E01001447,Other method of travel to work,12,4,8
E01001447,Passenger in a car or van,25,23,2
E01001447,Taxi,3,4,-1
E01001447,Train,51,108,-57
E01001447,"Underground, metro, light rail, tram",51,75,-24
E01001447,Work mainly at or from home,139,20,119
E01001448,Bicycle,16,11,5
E01001448,"Bus, minibus or coach",88,113,-25
E01001448,Driving a car or van,287,336,-49
E01001448,"Motorcycle, scooter or moped",5,6,-1
E01001448,Not in employment or aged 15 years and under,1178,556,622
E01001448,On foot,58,58,0
E01001448,Other method of travel to work,8,7,1
E01001448,Passenger in a car or van,23,16,7
E01001448,Taxi,2,2,0
E01001448,Train,65,106,-41
E01001448,"Underground, metro, light rail, tram",61,58,3
E01001448,Work mainly at or from home,183,23,160
E01001449,Bicycle,13,14,-1
E01001449,"Bus, minibus or coach",59,75,-16
E01001449,Driving a car or van,280,295,-15
E01001449,"Motorcycle, scooter or moped",1,4,-3
E01001449,Not in employment or aged 15 years and under,953,455,498
E01001449,On foot,45,37,8
E01001449,Other method of travel to work,15,8,7
E01001449,Passenger in a car or van,14,22,-8
E01001449,Taxi,3,2,1
E01001449,Train,60,126,-66
E01001449,"Underground, metro, light rail, tram",31,52,-21
E01001449,Work mainly at or from home,169,18,151
E01001450,Bicycle,10,17,-7
E01001450,"Bus, minibus or coach",120,111,9
E01001450,Driving a car or van,301,350,-49
E01001450,"Motorcycle, scooter or moped",4,8,-4
E01001450,Not in employment or aged 15 years and under,1233,463,770
E01001450,On foot,75,76,-1
E01001450,Other method of travel to work,13,3,10
E01001450,Passenger in a car or van,19,19,0
E01001450,Taxi,4,4,0
E01001450,Train,91,174,-83
E01001450,"Underground, metro, light rail, tram",90,130,-40
E01001450,Work mainly at or from home,420,48,372
E01001451,Bicycle,11,10,1
E01001451,"Bus, minibus or coach",30,45,-15
E01001451,Driving a car or van,245,367,-122
E01001451,"Motorcycle, scooter or moped",4,8,-4
E01001451,Not in employment or aged 15 years and under,868,361,507
E01001451,On foot,33,57,-24
E01001451,Other method of travel to work,8,4,4
E01001451,Passenger in a car or van,11,15,-4
E01001451,Taxi,3,11,-8
E01001451,Train,39,132,-93
E01001451,"Underground, metro, light rail, tram",41,84,-43
E01001451,Work mainly at or from home,370,54,316
E01001452,Bicycle,10,5,5
E01001452,"Bus, minibus or coach",17,27,-10
E01001452,Driving a car or van,202,265,-63
E01001452,"Motorcycle, scooter or moped",1,4,-3
E01001452,Not in employment or aged 15 years and under,739,234,505
E01001452,On foot,15,19,-4
E01001452,Other method of travel to work,7,4,3
E01001452,Passenger in a car or van,12,17,-5
E01001452,Taxi,2,2,0
E01001452,Train,26,78,-52
E01001452,"Underground, metro, light rail, tram",25,58,-33
E01001452,Work mainly at or from home,315,52,263
E01001453,Bicycle,7,12,-5
E01001453,"Bus, minibus or coach",20,31,-11
E01001453,Driving a car or van,240,410,-170
E01001453,"Motorcycle, scooter or moped",1,4,-3
E01001453,Not in employment or aged 15 years and under,904,411,493
E01001453,On foot,18,21,-3
E01001453,Other method of travel to work,2,1,1
E01001453,Passenger in a car or van,8,12,-4
E01001453,Taxi,3,7,-4
E01001453,Train,27,114,-87
E01001453,"Underground, metro, light rail, tram",54,113,-59
E01001453,Work mainly at or from home,375,64,311
E01001454,Bicycle,7,7,0
E01001454,"Bus, minibus or coach",25,34,-9
E01001454,Driving a car or van,217,364,-147
E01001454,"Motorcycle, scooter or moped",4,3,1
E01001454,Not in employment or aged 15 years and under,969,365,604
E01001454,On foot,18,51,-33
E01001454,Other method of travel to work,9,5,4
E01001454,Passenger in a car or van,11,21,-10
E01001454,Taxi,2,4,-2
E01001454,Train,53,138,-85
E01001454,"Underground, metro, light rail, tram",50,74,-24
E01001454,Work mainly at or from home,329,59,270
E01001455,Bicycle,9,5,4
E01001455,"Bus, minibus or coach",35,59,-24
E01001455,Driving a car or van,267,412,-145
E01001455,"Motorcycle, scooter or moped",1,2,-1
E01001455,Not in employment or aged 15 years and under,739,356,383
E01001455,On foot,25,43,-18
E01001455,Other method of travel to work,12,2,10
E01001455,Passenger in a car or van,20,25,-5
E01001455,Taxi,1,8,-7
E01001455,Train,28,96,-68
E01001455,"Underground, metro, light rail, tram",45,86,-41
E01001455,Work mainly at or from home,272,49,223
E01001456,Bicycle,9,13,-4
E01001456,"Bus, minibus or coach",17,43,-26
E01001456,Driving a car or van,209,416,-207
E01001456,"Motorcycle, scooter or moped",5,4,1
E01001456,Not in employment or aged 15 years and under,686,370,316
E01001456,On foot,29,33,-4
E01001456,Other method of travel to work,3,6,-3
E01001456,Passenger in a car or van,12,26,-14
E01001456,Taxi,2,5,-3
E01001456,Train,27,161,-134
E01001456,"Underground, metro, light rail, tram",35,96,-61
E01001456,Work mainly at or from home,363,56,307
E01001457,Bicycle,15,7,8
E01001457,"Bus, minibus or coach",39,50,-11
E01001457,Driving a car or van,231,303,-72
E01001457,"Motorcycle, scooter or moped",7,3,4
E01001457,Not in employment or aged 15 years and under,917,354,563
E01001457,On foot,42,66,-24
E01001457,Other method of travel to work,8,6,2
E01001457,Passenger in a car or van,12,10,2
E01001457,Taxi,3,2,1
E01001457,Train,51,245,-194
E01001457,"Underground, metro, light rail, tram",47,117,-70
E01001457,Work mainly at or from home,444,46,398
E01001458,Bicycle,11,5,6
E01001458,"Bus, minibus or coach",143,174,-31
E01001458,Driving a car or van,201,203,-2
E01001458,"Motorcycle, scooter or moped",2,3,-1
E01001458,Not in employment or aged 15 years and under,1132,647,485
E01001458,On foot,61,48,13
E01001458,Other method of travel to work,12,4,8
E01001458,Passenger in a car or van,17,17,0
E01001458,Taxi,2,6,-4
E01001458,Train,54,67,-13
E01001458,"Underground, metro, light rail, tram",67,67,0
E01001458,Work mainly at or from home,88,11,77
E01001459,Bicycle,7,8,-1
E01001459,"Bus, minibus or coach",87,120,-33
E01001459,Driving a car or van,250,347,-97
E01001459,"Motorcycle, scooter or moped",7,0,7
E01001459,Not in employment or aged 15 years and under,1013,473,540
E01001459,On foot,30,43,-13
E01001459,Other method of travel to work,14,8,6
E01001459,Passenger in a car or van,23,26,-3
E01001459,Taxi,2,3,-1
E01001459,Train,37,70,-33
E01001459,"Underground, metro, light rail, tram",74,85,-11
E01001459,Work mainly at or from home,175,25,150
E01001460,Bicycle,3,2,1
E01001460,"Bus, minibus or coach",197,158,39
E01001460,Driving a car or van,206,218,-12
E01001460,"Motorcycle, scooter or moped",4,1,3
E01001460,Not in employment or aged 15 years and under,1262,526,736
E01001460,On foot,66,47,19
E01001460,Other method of travel to work,13,4,9
E01001460,Passenger in a car or van,20,22,-2
E01001460,Taxi,15,0,15
E01001460,Train,63,82,-19
E01001460,"Underground, metro, light rail, tram",136,91,45
E01001460,Work mainly at or from home,137,13,124
E01001461,Bicycle,8,8,0
E01001461,"Bus, minibus or coach",127,165,-38
E01001461,Driving a car or van,188,231,-43
E01001461,"Motorcycle, scooter or moped",8,7,1
E01001461,Not in employment or aged 15 years and under,993,603,390
E01001461,On foot,34,36,-2
E01001461,Other method of travel to work,9,8,1
E01001461,Passenger in a car or van,11,16,-5
E01001461,Taxi,3,5,-2
E01001461,Train,39,51,-12
E01001461,"Underground, metro, light rail, tram",50,50,0
E01001461,Work mainly at or from home,102,24,78
E01001462,Bicycle,10,7,3
E01001462,"Bus, minibus or coach",88,117,-29
E01001462,Driving a car or van,166,225,-59
E01001462,"Motorcycle, scooter or moped",1,5,-4
E01001462,Not in employment or aged 15 years and under,870,432,438
E01001462,On foot,32,24,8
E01001462,Other method of travel to work,8,2,6
E01001462,Passenger in a car or van,20,18,2
E01001462,Taxi,1,4,-3
E01001462,Train,53,65,-12
E01001462,"Underground, metro, light rail, tram",49,67,-18
E01001462,Work mainly at or from home,156,13,143
E01001463,Bicycle,2,7,-5
E01001463,"Bus, minibus or coach",68,113,-45
E01001463,Driving a car or van,300,309,-9
E01001463,"Motorcycle, scooter or moped",8,4,4
E01001463,Not in employment or aged 15 years and under,850,485,365
E01001463,On foot,37,33,4
E01001463,Other method of travel to work,16,11,5
E01001463,Passenger in a car or van,32,12,20
E01001463,Taxi,5,5,0
E01001463,Train,29,54,-25
E01001463,"Underground, metro, light rail, tram",58,84,-26
E01001463,Work mainly at or from home,154,19,135
E01001464,Bicycle,14,7,7
E01001464,"Bus, minibus or coach",51,72,-21
E01001464,Driving a car or van,222,226,-4
E01001464,"Motorcycle, scooter or moped",5,3,2
E01001464,Not in employment or aged 15 years and under,771,440,331
E01001464,On foot,42,38,4
E01001464,Other method of travel to work,9,4,5
E01001464,Passenger in a car or van,18,20,-2
E01001464,Taxi,6,2,4
E01001464,Train,31,43,-12
E01001464,"Underground, metro, light rail, tram",45,55,-10
E01001464,Work mainly at or from home,99,16,83
E01001465,Bicycle,6,7,-1
E01001465,"Bus, minibus or coach",94,108,-14
E01001465,Driving a car or van,236,295,-59
E01001465,"Motorcycle, scooter or moped",6,2,4
E01001465,Not in employment or aged 15 years and under,844,455,389
E01001465,On foot,29,36,-7
E01001465,Other method of travel to work,12,3,9
E01001465,Passenger in a car or van,24,25,-1
E01001465,Taxi,4,1,3
E01001465,Train,32,41,-9
E01001465,"Underground, metro, light rail, tram",120,105,15
E01001465,Work mainly at or from home,154,23,131
E01001466,Bicycle,13,7,6
E01001466,"Bus, minibus or coach",173,138,35
E01001466,Driving a car or van,233,286,-53
E01001466,"Motorcycle, scooter or moped",11,6,5
E01001466,Not in employment or aged 15 years and under,1168,499,669
E01001466,On foot,58,32,26
E01001466,Other method of travel to work,12,3,9
E01001466,Passenger in a car or van,13,24,-11
E01001466,Taxi,5,2,3
E01001466,Train,57,79,-22
E01001466,"Underground, metro, light rail, tram",88,129,-41
E01001466,Work mainly at or from home,163,16,147
E01001467,Bicycle,6,10,-4
E01001467,"Bus, minibus or coach",153,147,6
E01001467,Driving a car or van,264,343,-79
E01001467,"Motorcycle, scooter or moped",6,4,2
E01001467,Not in employment or aged 15 years and under,1115,530,585
E01001467,On foot,74,52,22
E01001467,Other method of travel to work,10,5,5
E01001467,Passenger in a car or van,16,24,-8
E01001467,Taxi,9,2,7
E01001467,Train,39,81,-42
E01001467,"Underground, metro, light rail, tram",101,101,0
E01001467,Work mainly at or from home,204,15,189
E01001468,Bicycle,3,6,-3
E01001468,"Bus, minibus or coach",25,34,-9
E01001468,Driving a car or van,239,293,-54
E01001468,"Motorcycle, scooter or moped",2,2,0
E01001468,Not in employment or aged 15 years and under,732,384,348
E01001468,On foot,35,74,-39
E01001468,Other method of travel to work,7,5,2
E01001468,Passenger in a car or van,13,13,0
E01001468,Taxi,1,4,-3
E01001468,Train,32,82,-50
E01001468,"Underground, metro, light rail, tram",34,64,-30
E01001468,Work mainly at or from home,295,34,261
E01001469,Bicycle,4,16,-12
E01001469,"Bus, minibus or coach",53,57,-4
E01001469,Driving a car or van,289,365,-76
E01001469,"Motorcycle, scooter or moped",5,9,-4
E01001469,Not in employment or aged 15 years and under,916,406,510
E01001469,On foot,51,55,-4
E01001469,Other method of travel to work,9,5,4
E01001469,Passenger in a car or van,13,23,-10
E01001469,Taxi,4,3,1
E01001469,Train,57,145,-88
E01001469,"Underground, metro, light rail, tram",40,68,-28
E01001469,Work mainly at or from home,327,34,293
E01001470,Bicycle,8,9,-1
E01001470,"Bus, minibus or coach",34,54,-20
E01001470,Driving a car or van,278,391,-113
E01001470,"Motorcycle, scooter or moped",0,3,-3
E01001470,Not in employment or aged 15 years and under,895,393,502
E01001470,On foot,27,34,-7
E01001470,Other method of travel to work,11,5,6
E01001470,Passenger in a car or van,15,17,-2
E01001470,Taxi,0,6,-6
E01001470,Train,15,58,-43
E01001470,"Underground, metro, light rail, tram",32,108,-76
E01001470,Work mainly at or from home,327,48,279
E01001471,Bicycle,9,12,-3
E01001471,"Bus, minibus or coach",49,63,-14
E01001471,Driving a car or van,323,424,-101
E01001471,"Motorcycle, scooter or moped",1,2,-1
E01001471,Not in employment or aged 15 years and under,1014,403,611
E01001471,On foot,45,72,-27
E01001471,Other method of travel to work,5,5,0
E01001471,Passenger in a car or van,14,22,-8
E01001471,Taxi,3,5,-2
E01001471,Train,51,162,-111
E01001471,"Underground, metro, light rail, tram",49,119,-70
E01001471,Work mainly at or from home,344,44,300
E01001472,Bicycle,8,14,-6
E01001472,"Bus, minibus or coach",48,59,-11
E01001472,Driving a car or van,224,395,-171
E01001472,"Motorcycle, scooter or moped",7,8,-1
E01001472,Not in employment or aged 15 years and under,815,441,374
E01001472,On foot,57,103,-46
E01001472,Other method of travel to work,10,7,3
E01001472,Passenger in a car or van,8,21,-13
E01001472,Taxi,5,7,-2
E01001472,Train,59,258,-199
E01001472,"Underground, metro, light rail, tram",47,110,-63
E01001472,Work mainly at or from home,372,41,331
E01001473,Bicycle,3,6,-3
E01001473,"Bus, minibus or coach",37,48,-11
E01001473,Driving a car or van,284,324,-40
E01001473,"Motorcycle, scooter or moped",2,5,-3
E01001473,Not in employment or aged 15 years and under,886,438,448
E01001473,On foot,27,34,-7
E01001473,Other method of travel to work,9,10,-1
E01001473,Passenger in a car or van,18,25,-7
E01001473,Taxi,4,6,-2
E01001473,Train,6,57,-51
E01001473,"Underground, metro, light rail, tram",48,112,-64
E01001473,Work mainly at or from home,271,34,237
E01001474,Bicycle,9,8,1
E01001474,"Bus, minibus or coach",38,33,5
E01001474,Driving a car or van,247,375,-128
E01001474,"Motorcycle, scooter or moped",4,10,-6
E01001474,Not in employment or aged 15 years and under,1018,304,714
E01001474,On foot,38,60,-22
E01001474,Other method of travel to work,12,4,8
E01001474,Passenger in a car or van,16,16,0
E01001474,Taxi,3,7,-4
E01001474,Train,42,163,-121
E01001474,"Underground, metro, light rail, tram",48,113,-65
E01001474,Work mainly at or from home,418,73,345
E01001475,Bicycle,10,8,2
E01001475,"Bus, minibus or coach",24,28,-4
E01001475,Driving a car or van,308,399,-91
E01001475,"Motorcycle, scooter or moped",1,2,-1
E01001475,Not in employment or aged 15 years and under,925,434,491
E01001475,On foot,24,15,9
E01001475,Other method of travel to work,12,8,4
E01001475,Passenger in a car or van,22,18,4
E01001475,Taxi,5,12,-7
E01001475,Train,13,35,-22
E01001475,"Underground, metro, light rail, tram",63,199,-136
E01001475,Work mainly at or from home,396,60,336
E01001476,Bicycle,18,3,15
E01001476,"Bus, minibus or coach",102,128,-26
E01001476,Driving a car or van,266,353,-87
E01001476,"Motorcycle, scooter or moped",7,1,6
E01001476,Not in employment or aged 15 years and under,1072,476,596
E01001476,On foot,36,38,-2
E01001476,Other method of travel to work,11,7,4
E01001476,Passenger in a car or van,14,17,-3
E01001476,Taxi,3,2,1
E01001476,Train,29,50,-21
E01001476,"Underground, metro, light rail, tram",48,84,-36
E01001476,Work mainly at or from home,146,14,132
E01001477,Bicycle,17,7,10
E01001477,"Bus, minibus or coach",97,141,-44
E01001477,Driving a car or van,289,306,-17
E01001477,"Motorcycle, scooter or moped",3,6,-3
E01001477,Not in employment or aged 15 years and under,1228,581,647
E01001477,On foot,34,47,-13
E01001477,Other method of travel to work,10,4,6
E01001477,Passenger in a car or van,31,12,19
E01001477,Taxi,8,2,6
E01001477,Train,44,53,-9
E01001477,"Underground, metro, light rail, tram",70,76,-6
E01001477,Work mainly at or from home,145,19,126
E01001478,Bicycle,3,7,-4
E01001478,"Bus, minibus or coach",90,94,-4
E01001478,Driving a car or van,291,345,-54
E01001478,"Motorcycle, scooter or moped",2,5,-3
E01001478,Not in employment or aged 15 years and under,925,424,501
E01001478,On foot,36,44,-8
E01001478,Other method of travel to work,19,3,16
E01001478,Passenger in a car or van,23,26,-3
E01001478,Taxi,10,5,5
E01001478,Train,26,57,-31
E01001478,"Underground, metro, light rail, tram",40,76,-36
E01001478,Work mainly at or from home,190,17,173
E01001479,Bicycle,21,9,12
E01001479,"Bus, minibus or coach",150,187,-37
E01001479,Driving a car or van,222,281,-59
E01001479,"Motorcycle, scooter or moped",5,2,3
E01001479,Not in employment or aged 15 years and under,1081,491,590
E01001479,On foot,30,36,-6
E01001479,Other method of travel to work,23,5,18
E01001479,Passenger in a car or van,22,17,5
E01001479,Taxi,2,2,0
E01001479,Train,34,59,-25
E01001479,"Underground, metro, light rail, tram",61,74,-13
E01001479,Work mainly at or from home,143,25,118
E01001480,Bicycle,8,8,0
E01001480,"Bus, minibus or coach",103,126,-23
E01001480,Driving a car or van,258,319,-61
E01001480,"Motorcycle, scooter or moped",1,3,-2
E01001480,Not in employment or aged 15 years and under,928,442,486
E01001480,On foot,45,43,2
E01001480,Other method of travel to work,11,5,6
E01001480,Passenger in a car or van,12,22,-10
E01001480,Taxi,7,4,3
E01001480,Train,21,67,-46
E01001480,"Underground, metro, light rail, tram",36,72,-36
E01001480,Work mainly at or from home,157,22,135
E01001481,Bicycle,14,9,5
E01001481,"Bus, minibus or coach",115,129,-14
E01001481,Driving a car or van,311,348,-37
E01001481,"Motorcycle, scooter or moped",6,2,4
E01001481,Not in employment or aged 15 years and under,1103,484,619
E01001481,On foot,30,29,1
E01001481,Other method of travel to work,14,3,11
E01001481,Passenger in a car or van,20,21,-1
E01001481,Taxi,4,4,0
E01001481,Train,32,67,-35
E01001481,"Underground, metro, light rail, tram",46,64,-18
E01001481,Work mainly at or from home,104,12,92
E01001482,Bicycle,7,6,1
E01001482,"Bus, minibus or coach",145,167,-22
E01001482,Driving a car or van,246,304,-58
E01001482,"Motorcycle, scooter or moped",2,3,-1
E01001482,Not in employment or aged 15 years and under,1234,595,639
E01001482,On foot,37,51,-14
E01001482,Other method of travel to work,9,3,6
E01001482,Passenger in a car or van,22,13,9
E01001482,Taxi,7,5,2
E01001482,Train,39,53,-14
E01001482,"Underground, metro, light rail, tram",53,85,-32
E01001482,Work mainly at or from home,128,11,117
E01001483,Bicycle,6,6,0
E01001483,"Bus, minibus or coach",91,148,-57
E01001483,Driving a car or van,151,174,-23
E01001483,"Motorcycle, scooter or moped",4,3,1
E01001483,Not in employment or aged 15 years and under,728,388,340
E01001483,On foot,32,32,0
E01001483,Other method of travel to work,10,2,8
E01001483,Passenger in a car or van,17,11,6
E01001483,Taxi,3,0,3
E01001483,Train,18,40,-22
E01001483,"Underground, metro, light rail, tram",56,60,-4
E01001483,Work mainly at or from home,69,7,62
E01001484,Bicycle,6,6,0
E01001484,"Bus, minibus or coach",66,87,-21
E01001484,Driving a car or van,254,284,-30
E01001484,"Motorcycle, scooter or moped",8,6,2
E01001484,Not in employment or aged 15 years and under,839,365,474
E01001484,On foot,27,20,7
E01001484,Other method of travel to work,12,7,5
E01001484,Passenger in a car or van,20,18,2
E01001484,Taxi,4,5,-1
E01001484,Train,24,52,-28
E01001484,"Underground, metro, light rail, tram",29,61,-32
E01001484,Work mainly at or from home,128,20,108
E01001485,Bicycle,14,7,7
E01001485,"Bus, minibus or coach",167,129,38
E01001485,Driving a car or van,224,200,24
E01001485,"Motorcycle, scooter or moped",2,5,-3
E01001485,Not in employment or aged 15 years and under,1171,439,732
E01001485,On foot,46,38,8
E01001485,Other method of travel to work,15,2,13
E01001485,Passenger in a car or van,16,11,5
E01001485,Taxi,4,1,3
E01001485,Train,33,61,-28
E01001485,"Underground, metro, light rail, tram",58,66,-8
E01001485,Work mainly at or from home,106,10,96
E01001486,Bicycle,12,9,3
E01001486,"Bus, minibus or coach",173,197,-24
E01001486,Driving a car or van,258,280,-22
E01001486,"Motorcycle, scooter or moped",4,5,-1
E01001486,Not in employment or aged 15 years and under,1296,703,593
E01001486,On foot,38,40,-2
E01001486,Other method of travel to work,14,9,5
E01001486,Passenger in a car or van,27,21,6
E01001486,Taxi,10,1,9
E01001486,Train,64,61,3
E01001486,"Underground, metro, light rail, tram",98,95,3
E01001486,Work mainly at or from home,149,13,136
E01001487,Bicycle,12,8,4
E01001487,"Bus, minibus or coach",155,182,-27
E01001487,Driving a car or van,214,255,-41
E01001487,"Motorcycle, scooter or moped",6,3,3
E01001487,Not in employment or aged 15 years and under,1196,591,605
E01001487,On foot,48,48,0
E01001487,Other method of travel to work,13,4,9
E01001487,Passenger in a car or van,15,16,-1
E01001487,Taxi,6,4,2
E01001487,Train,54,82,-28
E01001487,"Underground, metro, light rail, tram",80,92,-12
E01001487,Work mainly at or from home,141,24,117
E01001488,Bicycle,12,7,5
E01001488,"Bus, minibus or coach",154,159,-5
E01001488,Driving a car or van,258,295,-37
E01001488,"Motorcycle, scooter or moped",3,9,-6
E01001488,Not in employment or aged 15 years and under,1179,543,636
E01001488,On foot,42,47,-5
E01001488,Other method of travel to work,11,8,3
E01001488,Passenger in a car or van,25,13,12
E01001488,Taxi,2,2,0
E01001488,Train,45,82,-37
E01001488,"Underground, metro, light rail, tram",80,107,-27
E01001488,Work mainly at or from home,160,20,140
E01001489,Bicycle,14,9,5
E01001489,"Bus, minibus or coach",130,143,-13
E01001489,Driving a car or van,262,314,-52
E01001489,"Motorcycle, scooter or moped",9,5,4
E01001489,Not in employment or aged 15 years and under,1171,528,643
E01001489,On foot,37,55,-18
E01001489,Other method of travel to work,15,7,8
E01001489,Passenger in a car or van,14,26,-12
E01001489,Taxi,3,8,-5
E01001489,Train,43,56,-13
E01001489,"Underground, metro, light rail, tram",52,78,-26
E01001489,Work mainly at or from home,133,20,113
E01001491,Bicycle,22,11,11
E01001491,"Bus, minibus or coach",208,219,-11
E01001491,Driving a car or van,230,288,-58
E01001491,"Motorcycle, scooter or moped",5,5,0
E01001491,Not in employment or aged 15 years and under,1117,576,541
E01001491,On foot,47,47,0
E01001491,Other method of travel to work,15,5,10
E01001491,Passenger in a car or van,24,20,4
E01001491,Taxi,10,1,9
E01001491,Train,63,97,-34
E01001491,"Underground, metro, light rail, tram",67,87,-20
E01001491,Work mainly at or from home,152,22,130
E01001492,Bicycle,13,9,4
E01001492,"Bus, minibus or coach",155,193,-38
E01001492,Driving a car or van,265,365,-100
E01001492,"Motorcycle, scooter or moped",4,4,0
E01001492,Not in employment or aged 15 years and under,1170,711,459
E01001492,On foot,60,56,4
E01001492,Other method of travel to work,14,10,4
E01001492,Passenger in a car or van,30,17,13
E01001492,Taxi,2,4,-2
E01001492,Train,49,100,-51
E01001492,"Underground, metro, light rail, tram",99,125,-26
E01001492,Work mainly at or from home,175,20,155
E01001493,Bicycle,11,12,-1
E01001493,"Bus, minibus or coach",85,109,-24
E01001493,Driving a car or van,304,310,-6
E01001493,"Motorcycle, scooter or moped",2,11,-9
E01001493,Not in employment or aged 15 years and under,1067,561,506
E01001493,On foot,57,39,18
E01001493,Other method of travel to work,7,5,2
E01001493,Passenger in a car or van,19,19,0
E01001493,Taxi,3,6,-3
E01001493,Train,35,76,-41
E01001493,"Underground, metro, light rail, tram",89,134,-45
E01001493,Work mainly at or from home,233,32,201
E01001494,Bicycle,8,2,6
E01001494,"Bus, minibus or coach",39,76,-37
E01001494,Driving a car or van,266,361,-95
E01001494,"Motorcycle, scooter or moped",4,2,2
E01001494,Not in employment or aged 15 years and under,821,438,383
E01001494,On foot,30,24,6
E01001494,Other method of travel to work,12,7,5
E01001494,Passenger in a car or van,8,25,-17
E01001494,Taxi,3,3,0
E01001494,Train,12,61,-49
E01001494,"Underground, metro, light rail, tram",51,95,-44
E01001494,Work mainly at or from home,216,36,180
E01001495,Bicycle,20,30,-10
E01001495,"Bus, minibus or coach",116,134,-18
E01001495,Driving a car or van,208,317,-109
E01001495,"Motorcycle, scooter or moped",5,13,-8
E01001495,Not in employment or aged 15 years and under,809,351,458
E01001495,On foot,42,43,-1
E01001495,Other method of travel to work,17,4,13
E01001495,Passenger in a car or van,15,19,-4
E01001495,Taxi,5,4,1
E01001495,Train,60,174,-114
E01001495,"Underground, metro, light rail, tram",148,221,-73
E01001495,Work mainly at or from home,396,62,334
E01001496,Bicycle,22,6,16
E01001496,"Bus, minibus or coach",97,93,4
E01001496,Driving a car or van,310,382,-72
E01001496,"Motorcycle, scooter or moped",6,6,0
E01001496,Not in employment or aged 15 years and under,954,462,492
E01001496,On foot,35,31,4
E01001496,Other method of travel to work,12,7,5
E01001496,Passenger in a car or van,12,21,-9
E01001496,Taxi,5,4,1
E01001496,Train,42,74,-32
E01001496,"Underground, metro, light rail, tram",76,129,-53
E01001496,Work mainly at or from home,332,52,280
E01001497,Bicycle,4,1,3
E01001497,"Bus, minibus or coach",54,75,-21
E01001497,Driving a car or van,267,347,-80
E01001497,"Motorcycle, scooter or moped",6,6,0
E01001497,Not in employment or aged 15 years and under,834,421,413
E01001497,On foot,28,16,12
E01001497,Other method of travel to work,14,2,12
E01001497,Passenger in a car or van,15,15,0
E01001497,Taxi,5,6,-1
E01001497,Train,21,48,-27
E01001497,"Underground, metro, light rail, tram",42,94,-52
E01001497,Work mainly at or from home,171,28,143
E01001498,Bicycle,11,16,-5
E01001498,"Bus, minibus or coach",95,144,-49
E01001498,Driving a car or van,213,304,-91
E01001498,"Motorcycle, scooter or moped",3,6,-3
E01001498,Not in employment or aged 15 years and under,882,469,413
E01001498,On foot,63,64,-1
E01001498,Other method of travel to work,10,3,7
E01001498,Passenger in a car or van,12,22,-10
E01001498,Taxi,5,3,2
E01001498,Train,71,214,-143
E01001498,"Underground, metro, light rail, tram",113,219,-106
E01001498,Work mainly at or from home,358,54,304
E01001499,Bicycle,5,7,-2
E01001499,"Bus, minibus or coach",71,99,-28
E01001499,Driving a car or van,273,326,-53
E01001499,"Motorcycle, scooter or moped",2,3,-1
E01001499,Not in employment or aged 15 years and under,837,490,347
E01001499,On foot,21,28,-7
E01001499,Other method of travel to work,6,6,0
E01001499,Passenger in a car or van,11,20,-9
E01001499,Taxi,1,1,0
E01001499,Train,20,81,-61
E01001499,"Underground, metro, light rail, tram",76,123,-47
E01001499,Work mainly at or from home,210,34,176
E01001500,Bicycle,16,13,3
E01001500,"Bus, minibus or coach",61,95,-34
E01001500,Driving a car or van,201,259,-58
E01001500,"Motorcycle, scooter or moped",6,9,-3
E01001500,Not in employment or aged 15 years and under,898,391,507
E01001500,On foot,37,42,-5
E01001500,Other method of travel to work,8,4,4
E01001500,Passenger in a car or van,10,16,-6
E01001500,Taxi,1,4,-3
E01001500,Train,27,106,-79
E01001500,"Underground, metro, light rail, tram",73,147,-74
E01001500,Work mainly at or from home,253,41,212
E01001501,Bicycle,22,22,0
E01001501,"Bus, minibus or coach",136,117,19
E01001501,Driving a car or van,233,302,-69
E01001501,"Motorcycle, scooter or moped",4,9,-5
E01001501,Not in employment or aged 15 years and under,1153,448,705
E01001501,On foot,50,40,10
E01001501,Other method of travel to work,3,4,-1
E01001501,Passenger in a car or van,20,21,-1
E01001501,Taxi,5,0,5
E01001501,Train,53,156,-103
E01001501,"Underground, metro, light rail, tram",162,247,-85
E01001501,Work mainly at or from home,372,45,327
E01001502,Bicycle,9,8,1
E01001502,"Bus, minibus or coach",125,152,-27
E01001502,Driving a car or van,303,302,1
E01001502,"Motorcycle, scooter or moped",7,9,-2
E01001502,Not in employment or aged 15 years and under,1150,678,472
E01001502,On foot,54,45,9
E01001502,Other method of travel to work,10,5,5
E01001502,Passenger in a car or van,25,31,-6
E01001502,Taxi,4,2,2
E01001502,Train,43,69,-26
E01001502,"Underground, metro, light rail, tram",53,72,-19
E01001502,Work mainly at or from home,177,15,162
E01001503,Bicycle,11,8,3
E01001503,"Bus, minibus or coach",108,132,-24
E01001503,Driving a car or van,276,364,-88
E01001503,"Motorcycle, scooter or moped",6,12,-6
E01001503,Not in employment or aged 15 years and under,1144,540,604
E01001503,On foot,47,42,5
E01001503,Other method of travel to work,15,8,7
E01001503,Passenger in a car or van,22,24,-2
E01001503,Taxi,9,5,4
E01001503,Train,41,62,-21
E01001503,"Underground, metro, light rail, tram",54,63,-9
E01001503,Work mainly at or from home,162,29,133
E01001504,Bicycle,13,5,8
E01001504,"Bus, minibus or coach",114,105,9
E01001504,Driving a car or van,300,296,4
E01001504,"Motorcycle, scooter or moped",4,3,1
E01001504,Not in employment or aged 15 years and under,1383,496,887
E01001504,On foot,51,52,-1
E01001504,Other method of travel to work,14,2,12
E01001504,Passenger in a car or van,26,13,13
E01001504,Taxi,4,7,-3
E01001504,Train,23,49,-26
E01001504,"Underground, metro, light rail, tram",47,42,5
E01001504,Work mainly at or from home,156,14,142
E01001505,Bicycle,9,10,-1
E01001505,"Bus, minibus or coach",112,133,-21
E01001505,Driving a car or van,304,329,-25
E01001505,"Motorcycle, scooter or moped",6,1,5
E01001505,Not in employment or aged 15 years and under,1130,550,580
E01001505,On foot,90,82,8
E01001505,Other method of travel to work,26,3,23
E01001505,Passenger in a car or van,16,23,-7
E01001505,Taxi,3,0,3
E01001505,Train,37,55,-18
E01001505,"Underground, metro, light rail, tram",29,46,-17
E01001505,Work mainly at or from home,200,9,191
E01001507,Bicycle,11,13,-2
E01001507,"Bus, minibus or coach",148,181,-33
E01001507,Driving a car or van,292,317,-25
E01001507,"Motorcycle, scooter or moped",4,3,1
E01001507,Not in employment or aged 15 years and under,1681,580,1101
E01001507,On foot,98,68,30
E01001507,Other method of travel to work,18,3,15
E01001507,Passenger in a car or van,35,16,19
E01001507,Taxi,18,1,17
E01001507,Train,66,70,-4
E01001507,"Underground, metro, light rail, tram",68,66,2
E01001507,Work mainly at or from home,142,18,124
E01001508,Bicycle,12,14,-2
E01001508,"Bus, minibus or coach",171,187,-16
E01001508,Driving a car or van,335,288,47
E01001508,"Motorcycle, scooter or moped",9,4,5
E01001508,Not in employment or aged 15 years and under,1502,596,906
E01001508,On foot,65,61,4
E01001508,Other method of travel to work,13,2,11
E01001508,Passenger in a car or van,15,25,-10
E01001508,Taxi,7,3,4
E01001508,Train,52,115,-63
E01001508,"Underground, metro, light rail, tram",59,84,-25
E01001508,Work mainly at or from home,204,17,187
E01001509,Bicycle,11,8,3
E01001509,"Bus, minibus or coach",128,165,-37
E01001509,Driving a car or van,246,265,-19
E01001509,"Motorcycle, scooter or moped",3,3,0
E01001509,Not in employment or aged 15 years and under,1098,535,563
E01001509,On foot,40,65,-25
E01001509,Other method of travel to work,21,4,17
E01001509,Passenger in a car or van,13,16,-3
E01001509,Taxi,7,3,4
E01001509,Train,37,87,-50
E01001509,"Underground, metro, light rail, tram",55,64,-9
E01001509,Work mainly at or from home,111,21,90
E01001511,Bicycle,13,15,-2
E01001511,"Bus, minibus or coach",68,93,-25
E01001511,Driving a car or van,278,358,-80
E01001511,"Motorcycle, scooter or moped",1,5,-4
E01001511,Not in employment or aged 15 years and under,1054,413,641
E01001511,On foot,44,74,-30
E01001511,Other method of travel to work,15,4,11
E01001511,Passenger in a car or van,20,24,-4
E01001511,Taxi,4,4,0
E01001511,Train,57,126,-69
E01001511,"Underground, metro, light rail, tram",54,81,-27
E01001511,Work mainly at or from home,312,30,282
E01001512,Bicycle,16,23,-7
E01001512,"Bus, minibus or coach",99,95,4
E01001512,Driving a car or van,275,332,-57
E01001512,"Motorcycle, scooter or moped",6,8,-2
E01001512,Not in employment or aged 15 years and under,1119,378,741
E01001512,On foot,85,96,-11
E01001512,Other method of travel to work,21,3,18
E01001512,Passenger in a car or van,15,20,-5
E01001512,Taxi,2,4,-2
E01001512,Train,69,172,-103
E01001512,"Underground, metro, light rail, tram",100,122,-22
E01001512,Work mainly at or from home,473,22,451
E01001513,Bicycle,11,16,-5
E01001513,"Bus, minibus or coach",98,112,-14
E01001513,Driving a car or van,320,319,1
E01001513,"Motorcycle, scooter or moped",7,6,1
E01001513,Not in employment or aged 15 years and under,1173,513,660
E01001513,On foot,73,72,1
E01001513,Other method of travel to work,14,8,6
E01001513,Passenger in a car or van,36,27,9
E01001513,Taxi,2,3,-1
E01001513,Train,29,73,-44
E01001513,"Underground, metro, light rail, tram",30,43,-13
E01001513,Work mainly at or from home,190,16,174
E01001514,Bicycle,16,23,-7
E01001514,"Bus, minibus or coach",72,106,-34
E01001514,Driving a car or van,274,364,-90
E01001514,"Motorcycle, scooter or moped",2,9,-7
E01001514,Not in employment or aged 15 years and under,928,432,496
E01001514,On foot,56,73,-17
E01001514,Other method of travel to work,7,3,4
E01001514,Passenger in a car or van,20,27,-7
E01001514,Taxi,2,6,-4
E01001514,Train,27,129,-102
E01001514,"Underground, metro, light rail, tram",67,103,-36
E01001514,Work mainly at or from home,292,42,250
E01001515,Bicycle,11,15,-4
E01001515,"Bus, minibus or coach",99,142,-43
E01001515,Driving a car or van,271,287,-16
E01001515,"Motorcycle, scooter or moped",5,8,-3
E01001515,Not in employment or aged 15 years and under,1242,611,631
E01001515,On foot,47,72,-25
E01001515,Other method of travel to work,13,5,8
E01001515,Passenger in a car or van,25,26,-1
E01001515,Taxi,4,1,3
E01001515,Train,55,82,-27
E01001515,"Underground, metro, light rail, tram",78,78,0
E01001515,Work mainly at or from home,194,23,171
E01001516,Bicycle,7,16,-9
E01001516,"Bus, minibus or coach",89,100,-11
E01001516,Driving a car or van,419,370,49
E01001516,"Motorcycle, scooter or moped",2,5,-3
E01001516,Not in employment or aged 15 years and under,1219,538,681
E01001516,On foot,33,73,-40
E01001516,Other method of travel to work,12,7,5
E01001516,Passenger in a car or van,33,28,5
E01001516,Taxi,1,6,-5
E01001516,Train,26,67,-41
E01001516,"Underground, metro, light rail, tram",47,56,-9
E01001516,Work mainly at or from home,235,20,215
E01001517,Bicycle,8,4,4
E01001517,"Bus, minibus or coach",126,146,-20
E01001517,Driving a car or van,255,293,-38
E01001517,"Motorcycle, scooter or moped",3,4,-1
E01001517,Not in employment or aged 15 years and under,1403,651,752
E01001517,On foot,41,52,-11
E01001517,Other method of travel to work,9,6,3
E01001517,Passenger in a car or van,10,20,-10
E01001517,Taxi,5,4,1
E01001517,Train,35,40,-5
E01001517,"Underground, metro, light rail, tram",43,43,0
E01001517,Work mainly at or from home,109,8,101
E01001518,Bicycle,11,16,-5
E01001518,"Bus, minibus or coach",81,87,-6
E01001518,Driving a car or van,228,403,-175
E01001518,"Motorcycle, scooter or moped",4,10,-6
E01001518,Not in employment or aged 15 years and under,871,423,448
E01001518,On foot,65,98,-33
E01001518,Other method of travel to work,12,3,9
E01001518,Passenger in a car or van,16,17,-1
E01001518,Taxi,5,5,0
E01001518,Train,46,116,-70
E01001518,"Underground, metro, light rail, tram",41,118,-77
E01001518,Work mainly at or from home,307,34,273
E01001520,Bicycle,10,5,5
E01001520,"Bus, minibus or coach",44,56,-12
E01001520,Driving a car or van,219,299,-80
E01001520,"Motorcycle, scooter or moped",1,3,-2
E01001520,Not in employment or aged 15 years and under,1058,471,587
E01001520,On foot,46,45,1
E01001520,Other method of travel to work,16,7,9
E01001520,Passenger in a car or van,13,19,-6
E01001520,Taxi,7,0,7
E01001520,Train,15,40,-25
E01001520,"Underground, metro, light rail, tram",115,263,-148
E01001520,Work mainly at or from home,318,50,268
E01001521,Bicycle,18,10,8
E01001521,"Bus, minibus or coach",39,44,-5
E01001521,Driving a car or van,228,335,-107
E01001521,"Motorcycle, scooter or moped",5,8,-3
E01001521,Not in employment or aged 15 years and under,970,411,559
E01001521,On foot,37,44,-7
E01001521,Other method of travel to work,11,6,5
E01001521,Passenger in a car or van,10,9,1
E01001521,Taxi,1,3,-2
E01001521,Train,25,38,-13
E01001521,"Underground, metro, light rail, tram",105,336,-231
E01001521,Work mainly at or from home,426,67,359
E01001522,Bicycle,7,7,0
E01001522,"Bus, minibus or coach",47,73,-26
E01001522,Driving a car or van,257,385,-128
E01001522,"Motorcycle, scooter or moped",5,10,-5
E01001522,Not in employment or aged 15 years and under,968,398,570
E01001522,On foot,42,30,12
E01001522,Other method of travel to work,10,2,8
E01001522,Passenger in a car or van,8,15,-7
E01001522,Taxi,6,5,1
E01001522,Train,25,93,-68
E01001522,"Underground, metro, light rail, tram",62,221,-159
E01001522,Work mainly at or from home,379,39,340
E01001523,Bicycle,8,4,4
E01001523,"Bus, minibus or coach",38,41,-3
E01001523,Driving a car or van,224,391,-167
E01001523,"Motorcycle, scooter or moped",3,3,0
E01001523,Not in employment or aged 15 years and under,1043,371,672
E01001523,On foot,21,23,-2
E01001523,Other method of travel to work,11,8,3
E01001523,Passenger in a car or van,19,20,-1
E01001523,Taxi,7,14,-7
E01001523,Train,14,95,-81
E01001523,"Underground, metro, light rail, tram",101,182,-81
E01001523,Work mainly at or from home,363,63,300
E01001524,Bicycle,5,7,-2
E01001524,"Bus, minibus or coach",56,47,9
E01001524,Driving a car or van,233,275,-42
E01001524,"Motorcycle, scooter or moped",2,0,2
E01001524,Not in employment or aged 15 years and under,813,462,351
E01001524,On foot,37,38,-1
E01001524,Other method of travel to work,6,3,3
E01001524,Passenger in a car or van,11,17,-6
E01001524,Taxi,7,2,5
E01001524,Train,11,21,-10
E01001524,"Underground, metro, light rail, tram",75,208,-133
E01001524,Work mainly at or from home,301,44,257
E01001525,Bicycle,4,9,-5
E01001525,"Bus, minibus or coach",60,63,-3
E01001525,Driving a car or van,249,327,-78
E01001525,"Motorcycle, scooter or moped",0,4,-4
E01001525,Not in employment or aged 15 years and under,1065,468,597
E01001525,On foot,30,53,-23
E01001525,Other method of travel to work,9,5,4
E01001525,Passenger in a car or van,17,26,-9
E01001525,Taxi,3,2,1
E01001525,Train,13,32,-19
E01001525,"Underground, metro, light rail, tram",128,322,-194
E01001525,Work mainly at or from home,381,41,340
E01001526,Bicycle,5,5,0
E01001526,"Bus, minibus or coach",25,35,-10
E01001526,Driving a car or van,242,341,-99
E01001526,"Motorcycle, scooter or moped",5,8,-3
E01001526,Not in employment or aged 15 years and under,838,404,434
E01001526,On foot,13,33,-20
E01001526,Other method of travel to work,11,7,4
E01001526,Passenger in a car or van,11,18,-7
E01001526,Taxi,2,5,-3
E01001526,Train,5,53,-48
E01001526,"Underground, metro, light rail, tram",106,213,-107
E01001526,Work mainly at or from home,343,43,300
E01001527,Bicycle,26,17,9
E01001527,"Bus, minibus or coach",64,55,9
E01001527,Driving a car or van,267,287,-20
E01001527,"Motorcycle, scooter or moped",2,12,-10
E01001527,Not in employment or aged 15 years and under,1040,387,653
E01001527,On foot,27,38,-11
E01001527,Other method of travel to work,4,8,-4
E01001527,Passenger in a car or van,20,19,1
E01001527,Taxi,3,5,-2
E01001527,Train,37,106,-69
E01001527,"Underground, metro, light rail, tram",128,210,-82
E01001527,Work mainly at or from home,442,47,395
E01001528,Bicycle,4,2,2
E01001528,"Bus, minibus or coach",79,117,-38
E01001528,Driving a car or van,188,177,11
E01001528,"Motorcycle, scooter or moped",6,6,0
E01001528,Not in employment or aged 15 years and under,912,474,438
E01001528,On foot,39,41,-2
E01001528,Other method of travel to work,10,5,5
E01001528,Passenger in a car or van,15,13,2
E01001528,Taxi,1,2,-1
E01001528,Train,24,50,-26
E01001528,"Underground, metro, light rail, tram",161,178,-17
E01001528,Work mainly at or from home,245,20,225
E01001529,Bicycle,25,10,15
E01001529,"Bus, minibus or coach",105,105,0
E01001529,Driving a car or van,226,181,45
E01001529,"Motorcycle, scooter or moped",5,7,-2
E01001529,Not in employment or aged 15 years and under,841,466,375
E01001529,On foot,107,59,48
E01001529,Other method of travel to work,13,2,11
E01001529,Passenger in a car or van,10,16,-6
E01001529,Taxi,6,4,2
E01001529,Train,34,68,-34
E01001529,"Underground, metro, light rail, tram",190,222,-32
E01001529,Work mainly at or from home,230,26,204
E01001530,Bicycle,17,11,6
E01001530,"Bus, minibus or coach",56,60,-4
E01001530,Driving a car or van,172,184,-12
E01001530,"Motorcycle, scooter or moped",8,8,0
E01001530,Not in employment or aged 15 years and under,932,334,598
E01001530,On foot,29,24,5
E01001530,Other method of travel to work,7,4,3
E01001530,Passenger in a car or van,16,8,8
E01001530,Taxi,3,5,-2
E01001530,Train,34,38,-4
E01001530,"Underground, metro, light rail, tram",144,263,-119
E01001530,Work mainly at or from home,306,29,277
E01001531,Bicycle,8,18,-10
E01001531,"Bus, minibus or coach",20,25,-5
E01001531,Driving a car or van,185,302,-117
E01001531,"Motorcycle, scooter or moped",3,8,-5
E01001531,Not in employment or aged 15 years and under,700,334,366
E01001531,On foot,31,29,2
E01001531,Other method of travel to work,10,4,6
E01001531,Passenger in a car or van,5,25,-20
E01001531,Taxi,3,1,2
E01001531,Train,14,69,-55
E01001531,"Underground, metro, light rail, tram",79,211,-132
E01001531,Work mainly at or from home,377,87,290
E01001532,Bicycle,9,17,-8
E01001532,"Bus, minibus or coach",33,45,-12
E01001532,Driving a car or van,196,359,-163
E01001532,"Motorcycle, scooter or moped",2,5,-3
E01001532,Not in employment or aged 15 years and under,798,393,405
E01001532,On foot,33,47,-14
E01001532,Other method of travel to work,10,6,4
E01001532,Passenger in a car or van,12,9,3
E01001532,Taxi,0,3,-3
E01001532,Train,23,113,-90
E01001532,"Underground, metro, light rail, tram",65,250,-185
E01001532,Work mainly at or from home,478,93,385
E01001533,Bicycle,4,5,-1
E01001533,"Bus, minibus or coach",28,28,0
E01001533,Driving a car or van,212,358,-146
E01001533,"Motorcycle, scooter or moped",0,2,-2
E01001533,Not in employment or aged 15 years and under,949,371,578
E01001533,On foot,21,30,-9
E01001533,Other method of travel to work,15,2,13
E01001533,Passenger in a car or van,5,18,-13
E01001533,Taxi,4,7,-3
E01001533,Train,18,47,-29
E01001533,"Underground, metro, light rail, tram",47,163,-116
E01001533,Work mainly at or from home,357,70,287
E01001534,Bicycle,7,11,-4
E01001534,"Bus, minibus or coach",40,80,-40
E01001534,Driving a car or van,212,273,-61
E01001534,"Motorcycle, scooter or moped",7,7,0
E01001534,Not in employment or aged 15 years and under,852,416,436
E01001534,On foot,25,44,-19
E01001534,Other method of travel to work,9,8,1
E01001534,Passenger in a car or van,12,7,5
E01001534,Taxi,3,0,3
E01001534,Train,32,43,-11
E01001534,"Underground, metro, light rail, tram",137,282,-145
E01001534,Work mainly at or from home,352,53,299
E01001535,Bicycle,9,12,-3
E01001535,"Bus, minibus or coach",32,46,-14
E01001535,Driving a car or van,189,299,-110
E01001535,"Motorcycle, scooter or moped",2,5,-3
E01001535,Not in employment or aged 15 years and under,752,369,383
E01001535,On foot,20,32,-12
E01001535,Other method of travel to work,8,5,3
E01001535,Passenger in a car or van,12,21,-9
E01001535,Taxi,4,3,1
E01001535,Train,13,42,-29
E01001535,"Underground, metro, light rail, tram",89,206,-117
E01001535,Work mainly at or from home,272,51,221
E01001536,Bicycle,13,16,-3
E01001536,"Bus, minibus or coach",58,65,-7
E01001536,Driving a car or van,226,285,-59
E01001536,"Motorcycle, scooter or moped",4,10,-6
E01001536,Not in employment or aged 15 years and under,1021,380,641
E01001536,On foot,78,110,-32
E01001536,Other method of travel to work,10,3,7
E01001536,Passenger in a car or van,14,21,-7
E01001536,Taxi,2,5,-3
E01001536,Train,64,202,-138
E01001536,"Underground, metro, light rail, tram",61,103,-42
E01001536,Work mainly at or from home,420,80,340
E01001537,Bicycle,16,19,-3
E01001537,"Bus, minibus or coach",51,82,-31
E01001537,Driving a car or van,334,469,-135
E01001537,"Motorcycle, scooter or moped",3,10,-7
E01001537,Not in employment or aged 15 years and under,873,337,536
E01001537,On foot,52,64,-12
E01001537,Other method of travel to work,11,0,11
E01001537,Passenger in a car or van,20,36,-16
E01001537,Taxi,9,5,4
E01001537,Train,35,104,-69
E01001537,"Underground, metro, light rail, tram",54,66,-12
E01001537,Work mainly at or from home,257,33,224
E01001538,Bicycle,4,16,-12
E01001538,"Bus, minibus or coach",29,39,-10
E01001538,Driving a car or van,340,480,-140
E01001538,"Motorcycle, scooter or moped",1,9,-8
E01001538,Not in employment or aged 15 years and under,852,361,491
E01001538,On foot,60,86,-26
E01001538,Other method of travel to work,5,4,1
E01001538,Passenger in a car or van,17,24,-7
E01001538,Taxi,7,7,0
E01001538,Train,41,89,-48
E01001538,"Underground, metro, light rail, tram",39,64,-25
E01001538,Work mainly at or from home,287,42,245
E01001539,Bicycle,10,16,-6
E01001539,"Bus, minibus or coach",26,52,-26
E01001539,Driving a car or van,303,450,-147
E01001539,"Motorcycle, scooter or moped",6,7,-1
E01001539,Not in employment or aged 15 years and under,843,364,479
E01001539,On foot,66,85,-19
E01001539,Other method of travel to work,7,5,2
E01001539,Passenger in a car or van,13,40,-27
E01001539,Taxi,5,7,-2
E01001539,Train,32,101,-69
E01001539,"Underground, metro, light rail, tram",37,54,-17
E01001539,Work mainly at or from home,305,35,270
E01001540,Bicycle,8,16,-8
E01001540,"Bus, minibus or coach",53,74,-21
E01001540,Driving a car or van,263,365,-102
E01001540,"Motorcycle, scooter or moped",4,3,1
E01001540,Not in employment or aged 15 years and under,989,361,628
E01001540,On foot,62,87,-25
E01001540,Other method of travel to work,10,6,4
E01001540,Passenger in a car or van,14,17,-3
E01001540,Taxi,2,1,1
E01001540,Train,69,275,-206
E01001540,"Underground, metro, light rail, tram",54,76,-22
E01001540,Work mainly at or from home,377,47,330
E01001541,Bicycle,15,15,0
E01001541,"Bus, minibus or coach",28,43,-15
E01001541,Driving a car or van,194,342,-148
E01001541,"Motorcycle, scooter or moped",6,8,-2
E01001541,Not in employment or aged 15 years and under,748,263,485
E01001541,On foot,45,71,-26
E01001541,Other method of travel to work,5,9,-4
E01001541,Passenger in a car or van,12,19,-7
E01001541,Taxi,4,6,-2
E01001541,Train,41,204,-163
E01001541,"Underground, metro, light rail, tram",29,80,-51
E01001541,Work mainly at or from home,401,44,357
E01001542,Bicycle,7,8,-1
E01001542,"Bus, minibus or coach",65,76,-11
E01001542,Driving a car or van,243,306,-63
E01001542,"Motorcycle, scooter or moped",3,5,-2
E01001542,Not in employment or aged 15 years and under,840,399,441
E01001542,On foot,51,83,-32
E01001542,Other method of travel to work,16,3,13
E01001542,Passenger in a car or van,14,24,-10
E01001542,Taxi,1,5,-4
E01001542,Train,33,101,-68
E01001542,"Underground, metro, light rail, tram",43,61,-18
E01001542,Work mainly at or from home,249,31,218
E01001543,Bicycle,10,12,-2
E01001543,"Bus, minibus or coach",22,52,-30
E01001543,Driving a car or van,282,390,-108
E01001543,"Motorcycle, scooter or moped",4,16,-12
E01001543,Not in employment or aged 15 years and under,835,369,466
E01001543,On foot,62,84,-22
E01001543,Other method of travel to work,10,6,4
E01001543,Passenger in a car or van,18,26,-8
E01001543,Taxi,7,9,-2
E01001543,Train,33,103,-70
E01001543,"Underground, metro, light rail, tram",36,66,-30
E01001543,Work mainly at or from home,301,43,258
E01001544,Bicycle,6,5,1
E01001544,"Bus, minibus or coach",38,40,-2
E01001544,Driving a car or van,276,364,-88
E01001544,"Motorcycle, scooter or moped",2,7,-5
E01001544,Not in employment or aged 15 years and under,886,391,495
E01001544,On foot,56,79,-23
E01001544,Other method of travel to work,12,5,7
E01001544,Passenger in a car or van,11,14,-3
E01001544,Taxi,2,8,-6
E01001544,Train,39,114,-75
E01001544,"Underground, metro, light rail, tram",51,81,-30
E01001544,Work mainly at or from home,317,36,281
E01001545,Bicycle,9,13,-4
E01001545,"Bus, minibus or coach",80,96,-16
E01001545,Driving a car or van,313,309,4
E01001545,"Motorcycle, scooter or moped",9,2,7
E01001545,Not in employment or aged 15 years and under,1195,596,599
E01001545,On foot,36,65,-29
E01001545,Other method of travel to work,20,4,16
E01001545,Passenger in a car or van,17,31,-14
E01001545,Taxi,6,4,2
E01001545,Train,56,63,-7
E01001545,"Underground, metro, light rail, tram",31,42,-11
E01001545,Work mainly at or from home,116,8,108
E01001546,Bicycle,14,12,2
E01001546,"Bus, minibus or coach",90,86,4
E01001546,Driving a car or van,331,426,-95
E01001546,"Motorcycle, scooter or moped",2,3,-1
E01001546,Not in employment or aged 15 years and under,1070,491,579
E01001546,On foot,45,55,-10
E01001546,Other method of travel to work,15,3,12
E01001546,Passenger in a car or van,15,18,-3
E01001546,Taxi,4,4,0
E01001546,Train,44,93,-49
E01001546,"Underground, metro, light rail, tram",26,52,-26
E01001546,Work mainly at or from home,166,20,146
E01001547,Bicycle,14,14,0
E01001547,"Bus, minibus or coach",87,102,-15
E01001547,Driving a car or van,346,356,-10
E01001547,"Motorcycle, scooter or moped",10,1,9
E01001547,Not in employment or aged 15 years and under,1250,523,727
E01001547,On foot,54,50,4
E01001547,Other method of travel to work,8,9,-1
E01001547,Passenger in a car or van,14,26,-12
E01001547,Taxi,3,4,-1
E01001547,Train,73,92,-19
E01001547,"Underground, metro, light rail, tram",48,60,-12
E01001547,Work mainly at or from home,196,18,178
E01001548,Bicycle,9,11,-2
E01001548,"Bus, minibus or coach",62,96,-34
E01001548,Driving a car or van,315,365,-50
E01001548,"Motorcycle, scooter or moped",1,3,-2
E01001548,Not in employment or aged 15 years and under,1207,537,670
E01001548,On foot,36,39,-3
E01001548,Other method of travel to work,11,3,8
E01001548,Passenger in a car or van,24,20,4
E01001548,Taxi,11,5,6
E01001548,Train,48,101,-53
E01001548,"Underground, metro, light rail, tram",48,58,-10
E01001548,Work mainly at or from home,148,26,122
E01001549,Bicycle,10,13,-3
E01001549,"Bus, minibus or coach",135,156,-21
E01001549,Driving a car or van,307,317,-10
E01001549,"Motorcycle, scooter or moped",4,4,0
E01001549,Not in employment or aged 15 years and under,1637,633,1004
E01001549,On foot,33,38,-5
E01001549,Other method of travel to work,10,5,5
E01001549,Passenger in a car or van,23,24,-1
E01001549,Taxi,8,0,8
E01001549,Train,34,66,-32
E01001549,"Underground, metro, light rail, tram",38,48,-10
E01001549,Work mainly at or from home,119,13,106
E01001550,Bicycle,17,8,9
E01001550,"Bus, minibus or coach",76,90,-14
E01001550,Driving a car or van,362,341,21
E01001550,"Motorcycle, scooter or moped",4,7,-3
E01001550,Not in employment or aged 15 years and under,1035,519,516
E01001550,On foot,35,43,-8
E01001550,Other method of travel to work,14,4,10
E01001550,Passenger in a car or van,21,22,-1
E01001550,Taxi,4,1,3
E01001550,Train,31,55,-24
E01001550,"Underground, metro, light rail, tram",37,36,1
E01001550,Work mainly at or from home,130,21,109
E01001551,Bicycle,9,8,1
E01001551,"Bus, minibus or coach",74,89,-15
E01001551,Driving a car or van,317,318,-1
E01001551,"Motorcycle, scooter or moped",3,12,-9
E01001551,Not in employment or aged 15 years and under,1102,564,538
E01001551,On foot,37,47,-10
E01001551,Other method of travel to work,10,2,8
E01001551,Passenger in a car or van,19,26,-7
E01001551,Taxi,6,5,1
E01001551,Train,40,48,-8
E01001551,"Underground, metro, light rail, tram",21,45,-24
E01001551,Work mainly at or from home,160,13,147
E01001552,Bicycle,11,13,-2
E01001552,"Bus, minibus or coach",69,107,-38
E01001552,Driving a car or van,362,438,-76
E01001552,"Motorcycle, scooter or moped",5,9,-4
E01001552,Not in employment or aged 15 years and under,1119,437,682
E01001552,On foot,63,61,2
E01001552,Other method of travel to work,12,7,5
E01001552,Passenger in a car or van,28,27,1
E01001552,Taxi,9,9,0
E01001552,Train,47,97,-50
E01001552,"Underground, metro, light rail, tram",28,46,-18
E01001552,Work mainly at or from home,190,15,175
E01001553,Bicycle,12,9,3
E01001553,"Bus, minibus or coach",106,110,-4
E01001553,Driving a car or van,248,246,2
E01001553,"Motorcycle, scooter or moped",8,8,0
E01001553,Not in employment or aged 15 years and under,1114,531,583
E01001553,On foot,32,39,-7
E01001553,Other method of travel to work,6,7,-1
E01001553,Passenger in a car or van,17,6,11
E01001553,Taxi,3,4,-1
E01001553,Train,32,36,-4
E01001553,"Underground, metro, light rail, tram",72,87,-15
E01001553,Work mainly at or from home,105,15,90
E01001554,Bicycle,10,7,3
E01001554,"Bus, minibus or coach",133,193,-60
E01001554,Driving a car or van,186,172,14
E01001554,"Motorcycle, scooter or moped",2,7,-5
E01001554,Not in employment or aged 15 years and under,1179,615,564
E01001554,On foot,64,64,0
E01001554,Other method of travel to work,15,8,7
E01001554,Passenger in a car or van,11,13,-2
E01001554,Taxi,1,3,-2
E01001554,Train,36,60,-24
E01001554,"Underground, metro, light rail, tram",63,88,-25
E01001554,Work mainly at or from home,101,12,89
E01001555,Bicycle,17,10,7
E01001555,"Bus, minibus or coach",161,178,-17
E01001555,Driving a car or van,299,260,39
E01001555,"Motorcycle, scooter or moped",4,3,1
E01001555,Not in employment or aged 15 years and under,1258,547,711
E01001555,On foot,77,55,22
E01001555,Other method of travel to work,20,7,13
E01001555,Passenger in a car or van,36,14,22
E01001555,Taxi,3,1,2
E01001555,Train,52,66,-14
E01001555,"Underground, metro, light rail, tram",133,118,15
E01001555,Work mainly at or from home,173,14,159
E01001556,Bicycle,12,9,3
E01001556,"Bus, minibus or coach",80,80,0
E01001556,Driving a car or van,296,343,-47
E01001556,"Motorcycle, scooter or moped",4,5,-1
E01001556,Not in employment or aged 15 years and under,845,425,420
E01001556,On foot,34,39,-5
E01001556,Other method of travel to work,7,1,6
E01001556,Passenger in a car or van,22,25,-3
E01001556,Taxi,5,3,2
E01001556,Train,25,34,-9
E01001556,"Underground, metro, light rail, tram",75,168,-93
E01001556,Work mainly at or from home,185,23,162
E01001557,Bicycle,8,12,-4
E01001557,"Bus, minibus or coach",102,139,-37
E01001557,Driving a car or van,218,278,-60
E01001557,"Motorcycle, scooter or moped",7,4,3
E01001557,Not in employment or aged 15 years and under,1031,464,567
E01001557,On foot,58,47,11
E01001557,Other method of travel to work,22,7,15
E01001557,Passenger in a car or van,16,19,-3
E01001557,Taxi,9,5,4
E01001557,Train,29,41,-12
E01001557,"Underground, metro, light rail, tram",71,63,8
E01001557,Work mainly at or from home,139,17,122
E01001558,Bicycle,13,5,8
E01001558,"Bus, minibus or coach",193,143,50
E01001558,Driving a car or van,173,179,-6
E01001558,"Motorcycle, scooter or moped",4,3,1
E01001558,Not in employment or aged 15 years and under,1293,506,787
E01001558,On foot,89,62,27
E01001558,Other method of travel to work,11,10,1
E01001558,Passenger in a car or van,11,10,1
E01001558,Taxi,11,2,9
E01001558,Train,54,51,3
E01001558,"Underground, metro, light rail, tram",93,68,25
E01001558,Work mainly at or from home,121,20,101
E01001559,Bicycle,19,18,1
E01001559,"Bus, minibus or coach",162,210,-48
E01001559,Driving a car or van,253,251,2
E01001559,"Motorcycle, scooter or moped",0,11,-11
E01001559,Not in employment or aged 15 years and under,1303,659,644
E01001559,On foot,59,59,0
E01001559,Other method of travel to work,23,11,12
E01001559,Passenger in a car or van,22,17,5
E01001559,Taxi,7,0,7
E01001559,Train,44,67,-23
E01001559,"Underground, metro, light rail, tram",83,120,-37
E01001559,Work mainly at or from home,154,21,133
E01001560,Bicycle,8,6,2
E01001560,"Bus, minibus or coach",110,139,-29
E01001560,Driving a car or van,228,277,-49
E01001560,"Motorcycle, scooter or moped",2,4,-2
E01001560,Not in employment or aged 15 years and under,867,487,380
E01001560,On foot,32,32,0
E01001560,Other method of travel to work,10,10,0
E01001560,Passenger in a car or van,21,23,-2
E01001560,Taxi,7,3,4
E01001560,Train,15,41,-26
E01001560,"Underground, metro, light rail, tram",85,125,-40
E01001560,Work mainly at or from home,186,17,169
E01001562,Bicycle,3,7,-4
E01001562,"Bus, minibus or coach",150,177,-27
E01001562,Driving a car or van,219,223,-4
E01001562,"Motorcycle, scooter or moped",0,1,-1
E01001562,Not in employment or aged 15 years and under,1396,609,787
E01001562,On foot,166,79,87
E01001562,Other method of travel to work,19,2,17
E01001562,Passenger in a car or van,11,13,-2
E01001562,Taxi,2,1,1
E01001562,Train,45,43,2
E01001562,"Underground, metro, light rail, tram",60,76,-16
E01001562,Work mainly at or from home,161,9,152
E01001563,Bicycle,14,14,0
E01001563,"Bus, minibus or coach",67,93,-26
E01001563,Driving a car or van,224,303,-79
E01001563,"Motorcycle, scooter or moped",4,13,-9
E01001563,Not in employment or aged 15 years and under,811,369,442
E01001563,On foot,45,38,7
E01001563,Other method of travel to work,9,4,5
E01001563,Passenger in a car or van,16,10,6
E01001563,Taxi,2,3,-1
E01001563,Train,32,169,-137
E01001563,"Underground, metro, light rail, tram",109,179,-70
E01001563,Work mainly at or from home,403,45,358
E01001564,Bicycle,7,16,-9
E01001564,"Bus, minibus or coach",16,34,-18
E01001564,Driving a car or van,193,301,-108
E01001564,"Motorcycle, scooter or moped",1,7,-6
E01001564,Not in employment or aged 15 years and under,836,333,503
E01001564,On foot,23,33,-10
E01001564,Other method of travel to work,7,8,-1
E01001564,Passenger in a car or van,13,17,-4
E01001564,Taxi,4,7,-3
E01001564,Train,38,224,-186
E01001564,"Underground, metro, light rail, tram",40,149,-109
E01001564,Work mainly at or from home,481,74,407
E01001565,Bicycle,18,14,4
E01001565,"Bus, minibus or coach",50,62,-12
E01001565,Driving a car or van,208,293,-85
E01001565,"Motorcycle, scooter or moped",4,4,0
E01001565,Not in employment or aged 15 years and under,814,404,410
E01001565,On foot,29,34,-5
E01001565,Other method of travel to work,11,5,6
E01001565,Passenger in a car or van,19,11,8
E01001565,Taxi,4,2,2
E01001565,Train,28,143,-115
E01001565,"Underground, metro, light rail, tram",79,177,-98
E01001565,Work mainly at or from home,407,72,335
E01001566,Bicycle,21,15,6
E01001566,"Bus, minibus or coach",54,56,-2
E01001566,Driving a car or van,209,341,-132
E01001566,"Motorcycle, scooter or moped",3,9,-6
E01001566,Not in employment or aged 15 years and under,878,375,503
E01001566,On foot,28,52,-24
E01001566,Other method of travel to work,14,4,10
E01001566,Passenger in a car or van,10,17,-7
E01001566,Taxi,1,8,-7
E01001566,Train,46,195,-149
E01001566,"Underground, metro, light rail, tram",76,170,-94
E01001566,Work mainly at or from home,436,66,370
E01001567,Bicycle,5,10,-5
E01001567,"Bus, minibus or coach",9,33,-24
E01001567,Driving a car or van,200,329,-129
E01001567,"Motorcycle, scooter or moped",1,7,-6
E01001567,Not in employment or aged 15 years and under,782,341,441
E01001567,On foot,31,29,2
E01001567,Other method of travel to work,6,3,3
E01001567,Passenger in a car or van,9,15,-6
E01001567,Taxi,2,7,-5
E01001567,Train,41,176,-135
E01001567,"Underground, metro, light rail, tram",30,109,-79
E01001567,Work mainly at or from home,421,60,361
E01001568,Bicycle,8,13,-5
E01001568,"Bus, minibus or coach",7,28,-21
E01001568,Driving a car or van,307,394,-87
E01001568,"Motorcycle, scooter or moped",0,2,-2
E01001568,Not in employment or aged 15 years and under,899,418,481
E01001568,On foot,54,16,38
E01001568,Other method of travel to work,8,4,4
E01001568,Passenger in a car or van,12,25,-13
E01001568,Taxi,4,4,0
E01001568,Train,26,105,-79
E01001568,"Underground, metro, light rail, tram",48,106,-58
E01001568,Work mainly at or from home,514,70,444
E01001569,Bicycle,14,10,4
E01001569,"Bus, minibus or coach",57,76,-19
E01001569,Driving a car or van,205,325,-120
E01001569,"Motorcycle, scooter or moped",1,6,-5
E01001569,Not in employment or aged 15 years and under,895,344,551
E01001569,On foot,48,53,-5
E01001569,Other method of travel to work,12,5,7
E01001569,Passenger in a car or van,17,13,4
E01001569,Taxi,3,2,1
E01001569,Train,47,282,-235
E01001569,"Underground, metro, light rail, tram",67,160,-93
E01001569,Work mainly at or from home,401,68,333
E01001570,Bicycle,14,7,7
E01001570,"Bus, minibus or coach",78,105,-27
E01001570,Driving a car or van,275,371,-96
E01001570,"Motorcycle, scooter or moped",6,11,-5
E01001570,Not in employment or aged 15 years and under,987,421,566
E01001570,On foot,61,45,16
E01001570,Other method of travel to work,7,3,4
E01001570,Passenger in a car or van,13,16,-3
E01001570,Taxi,6,6,0
E01001570,Train,39,145,-106
E01001570,"Underground, metro, light rail, tram",62,148,-86
E01001570,Work mainly at or from home,356,46,310
E01001571,Bicycle,8,5,3
E01001571,"Bus, minibus or coach",147,142,5
E01001571,Driving a car or van,260,275,-15
E01001571,"Motorcycle, scooter or moped",4,7,-3
E01001571,Not in employment or aged 15 years and under,864,393,471
E01001571,On foot,31,34,-3
E01001571,Other method of travel to work,14,6,8
E01001571,Passenger in a car or van,26,13,13
E01001571,Taxi,7,5,2
E01001571,Train,105,240,-135
E01001571,"Underground, metro, light rail, tram",85,50,35
E01001571,Work mainly at or from home,256,25,231
E01001572,Bicycle,11,16,-5
E01001572,"Bus, minibus or coach",75,137,-62
E01001572,Driving a car or van,216,268,-52
E01001572,"Motorcycle, scooter or moped",5,11,-6
E01001572,Not in employment or aged 15 years and under,873,387,486
E01001572,On foot,28,29,-1
E01001572,Other method of travel to work,16,5,11
E01001572,Passenger in a car or van,11,12,-1
E01001572,Taxi,1,5,-4
E01001572,Train,126,262,-136
E01001572,"Underground, metro, light rail, tram",68,51,17
E01001572,Work mainly at or from home,304,21,283
E01001573,Bicycle,7,8,-1
E01001573,"Bus, minibus or coach",98,144,-46
E01001573,Driving a car or van,225,253,-28
E01001573,"Motorcycle, scooter or moped",5,7,-2
E01001573,Not in employment or aged 15 years and under,825,380,445
E01001573,On foot,22,40,-18
E01001573,Other method of travel to work,6,4,2
E01001573,Passenger in a car or van,20,25,-5
E01001573,Taxi,2,5,-3
E01001573,Train,74,153,-79
E01001573,"Underground, metro, light rail, tram",74,54,20
E01001573,Work mainly at or from home,217,19,198
E01001574,Bicycle,8,2,6
E01001574,"Bus, minibus or coach",134,135,-1
E01001574,Driving a car or van,221,219,2
E01001574,"Motorcycle, scooter or moped",5,7,-2
E01001574,Not in employment or aged 15 years and under,1198,560,638
E01001574,On foot,35,23,12
E01001574,Other method of travel to work,13,4,9
E01001574,Passenger in a car or van,20,12,8
E01001574,Taxi,3,1,2
E01001574,Train,83,149,-66
E01001574,"Underground, metro, light rail, tram",42,58,-16
E01001574,Work mainly at or from home,162,21,141
E01001575,Bicycle,3,3,0
E01001575,"Bus, minibus or coach",131,149,-18
E01001575,Driving a car or van,228,197,31
E01001575,"Motorcycle, scooter or moped",2,5,-3
E01001575,Not in employment or aged 15 years and under,1129,481,648
E01001575,On foot,24,31,-7
E01001575,Other method of travel to work,8,5,3
E01001575,Passenger in a car or van,9,16,-7
E01001575,Taxi,4,1,3
E01001575,Train,87,144,-57
E01001575,"Underground, metro, light rail, tram",53,50,3
E01001575,Work mainly at or from home,140,15,125
E01001576,Bicycle,11,4,7
E01001576,"Bus, minibus or coach",152,130,22
E01001576,Driving a car or van,229,200,29
E01001576,"Motorcycle, scooter or moped",5,3,2
E01001576,Not in employment or aged 15 years and under,1210,523,687
E01001576,On foot,37,35,2
E01001576,Other method of travel to work,15,1,14
E01001576,Passenger in a car or van,40,9,31
E01001576,Taxi,1,4,-3
E01001576,Train,98,122,-24
E01001576,"Underground, metro, light rail, tram",73,47,26
E01001576,Work mainly at or from home,140,19,121
E01001577,Bicycle,8,7,1
E01001577,"Bus, minibus or coach",153,146,7
E01001577,Driving a car or van,272,215,57
E01001577,"Motorcycle, scooter or moped",2,3,-1
E01001577,Not in employment or aged 15 years and under,1206,515,691
E01001577,On foot,57,33,24
E01001577,Other method of travel to work,7,8,-1
E01001577,Passenger in a car or van,14,13,1
E01001577,Taxi,8,3,5
E01001577,Train,101,183,-82
E01001577,"Underground, metro, light rail, tram",61,62,-1
E01001577,Work mainly at or from home,130,14,116
E01001578,Bicycle,25,15,10
E01001578,"Bus, minibus or coach",157,157,0
E01001578,Driving a car or van,267,244,23
E01001578,"Motorcycle, scooter or moped",4,5,-1
E01001578,Not in employment or aged 15 years and under,1162,559,603
E01001578,On foot,32,35,-3
E01001578,Other method of travel to work,19,9,10
E01001578,Passenger in a car or van,23,26,-3
E01001578,Taxi,4,4,0
E01001578,Train,210,325,-115
E01001578,"Underground, metro, light rail, tram",131,83,48
E01001578,Work mainly at or from home,275,36,239
E01001579,Bicycle,9,4,5
E01001579,"Bus, minibus or coach",138,154,-16
E01001579,Driving a car or van,242,264,-22
E01001579,"Motorcycle, scooter or moped",3,2,1
E01001579,Not in employment or aged 15 years and under,985,447,538
E01001579,On foot,44,29,15
E01001579,Other method of travel to work,10,4,6
E01001579,Passenger in a car or van,15,16,-1
E01001579,Taxi,4,3,1
E01001579,Train,68,119,-51
E01001579,"Underground, metro, light rail, tram",73,53,20
E01001579,Work mainly at or from home,147,18,129
E01001580,Bicycle,28,59,-31
E01001580,"Bus, minibus or coach",37,69,-32
E01001580,Driving a car or van,91,197,-106
E01001580,"Motorcycle, scooter or moped",8,21,-13
E01001580,Not in employment or aged 15 years and under,679,314,365
E01001580,On foot,37,65,-28
E01001580,Other method of travel to work,9,2,7
E01001580,Passenger in a car or van,5,10,-5
E01001580,Taxi,5,3,2
E01001580,Train,62,394,-332
E01001580,"Underground, metro, light rail, tram",60,170,-110
E01001580,Work mainly at or from home,617,75,542
E01001581,Bicycle,28,46,-18
E01001581,"Bus, minibus or coach",47,98,-51
E01001581,Driving a car or van,118,170,-52
E01001581,"Motorcycle, scooter or moped",4,4,0
E01001581,Not in employment or aged 15 years and under,698,428,270
E01001581,On foot,40,51,-11
E01001581,Other method of travel to work,8,8,0
E01001581,Passenger in a car or van,10,11,-1
E01001581,Taxi,2,2,0
E01001581,Train,67,298,-231
E01001581,"Underground, metro, light rail, tram",101,151,-50
E01001581,Work mainly at or from home,450,49,401
E01001582,Bicycle,31,24,7
E01001582,"Bus, minibus or coach",55,49,6
E01001582,Driving a car or van,131,177,-46
E01001582,"Motorcycle, scooter or moped",4,10,-6
E01001582,Not in employment or aged 15 years and under,860,381,479
E01001582,On foot,29,45,-16
E01001582,Other method of travel to work,8,8,0
E01001582,Passenger in a car or van,6,8,-2
E01001582,Taxi,3,3,0
E01001582,Train,81,211,-130
E01001582,"Underground, metro, light rail, tram",44,75,-31
E01001582,Work mainly at or from home,285,37,248
E01001583,Bicycle,19,53,-34
E01001583,"Bus, minibus or coach",56,68,-12
E01001583,Driving a car or van,116,168,-52
E01001583,"Motorcycle, scooter or moped",3,17,-14
E01001583,Not in employment or aged 15 years and under,670,303,367
E01001583,On foot,39,51,-12
E01001583,Other method of travel to work,4,5,-1
E01001583,Passenger in a car or van,2,9,-7
E01001583,Taxi,3,2,1
E01001583,Train,67,390,-323
E01001583,"Underground, metro, light rail, tram",55,143,-88
E01001583,Work mainly at or from home,533,53,480
E01001584,Bicycle,27,42,-15
E01001584,"Bus, minibus or coach",25,37,-12
E01001584,Driving a car or van,68,150,-82
E01001584,"Motorcycle, scooter or moped",4,5,-1
E01001584,Not in employment or aged 15 years and under,717,290,427
E01001584,On foot,29,50,-21
E01001584,Other method of travel to work,8,2,6
E01001584,Passenger in a car or van,6,11,-5
E01001584,Taxi,4,3,1
E01001584,Train,67,362,-295
E01001584,"Underground, metro, light rail, tram",35,97,-62
E01001584,Work mainly at or from home,511,71,440
E01001585,Bicycle,33,41,-8
E01001585,"Bus, minibus or coach",31,48,-17
E01001585,Driving a car or van,98,154,-56
E01001585,"Motorcycle, scooter or moped",1,12,-11
E01001585,Not in employment or aged 15 years and under,727,339,388
E01001585,On foot,46,48,-2
E01001585,Other method of travel to work,5,6,-1
E01001585,Passenger in a car or van,8,7,1
E01001585,Taxi,3,1,2
E01001585,Train,62,316,-254
E01001585,"Underground, metro, light rail, tram",46,125,-79
E01001585,Work mainly at or from home,476,39,437
E01001586,Bicycle,24,25,-1
E01001586,"Bus, minibus or coach",38,60,-22
E01001586,Driving a car or van,84,127,-43
E01001586,"Motorcycle, scooter or moped",4,4,0
E01001586,Not in employment or aged 15 years and under,761,396,365
E01001586,On foot,37,47,-10
E01001586,Other method of travel to work,10,7,3
E01001586,Passenger in a car or van,7,6,1
E01001586,Taxi,2,1,1
E01001586,Train,46,238,-192
E01001586,"Underground, metro, light rail, tram",57,114,-57
E01001586,Work mainly at or from home,352,43,309
E01001587,Bicycle,21,45,-24
E01001587,"Bus, minibus or coach",33,53,-20
E01001587,Driving a car or van,106,176,-70
E01001587,"Motorcycle, scooter or moped",10,9,1
E01001587,Not in employment or aged 15 years and under,842,417,425
E01001587,On foot,40,62,-22
E01001587,Other method of travel to work,7,16,-9
E01001587,Passenger in a car or van,0,5,-5
E01001587,Taxi,0,0,0
E01001587,Train,74,361,-287
E01001587,"Underground, metro, light rail, tram",86,263,-177
E01001587,Work mainly at or from home,762,77,685
E01001588,Bicycle,14,18,-4
E01001588,"Bus, minibus or coach",118,147,-29
E01001588,Driving a car or van,164,182,-18
E01001588,"Motorcycle, scooter or moped",8,12,-4
E01001588,Not in employment or aged 15 years and under,963,473,490
E01001588,On foot,60,44,16
E01001588,Other method of travel to work,9,4,5
E01001588,Passenger in a car or van,10,14,-4
E01001588,Taxi,5,2,3
E01001588,Train,31,145,-114
E01001588,"Underground, metro, light rail, tram",93,112,-19
E01001588,Work mainly at or from home,221,29,192
E01001589,Bicycle,27,12,15
E01001589,"Bus, minibus or coach",79,111,-32
E01001589,Driving a car or van,194,197,-3
E01001589,"Motorcycle, scooter or moped",11,10,1
E01001589,Not in employment or aged 15 years and under,955,484,471
E01001589,On foot,63,60,3
E01001589,Other method of travel to work,17,4,13
E01001589,Passenger in a car or van,11,8,3
E01001589,Taxi,3,3,0
E01001589,Train,95,194,-99
E01001589,"Underground, metro, light rail, tram",80,132,-52
E01001589,Work mainly at or from home,317,26,291
E01001590,Bicycle,32,32,0
E01001590,"Bus, minibus or coach",75,104,-29
E01001590,Driving a car or van,146,194,-48
E01001590,"Motorcycle, scooter or moped",4,10,-6
E01001590,Not in employment or aged 15 years and under,727,449,278
E01001590,On foot,58,58,0
E01001590,Other method of travel to work,7,8,-1
E01001590,Passenger in a car or van,7,11,-4
E01001590,Taxi,5,2,3
E01001590,Train,95,335,-240
E01001590,"Underground, metro, light rail, tram",101,147,-46
E01001590,Work mainly at or from home,453,34,419
E01001591,Bicycle,17,17,0
E01001591,"Bus, minibus or coach",107,157,-50
E01001591,Driving a car or van,179,201,-22
E01001591,"Motorcycle, scooter or moped",7,6,1
E01001591,Not in employment or aged 15 years and under,1186,616,570
E01001591,On foot,53,63,-10
E01001591,Other method of travel to work,11,2,9
E01001591,Passenger in a car or van,9,14,-5
E01001591,Taxi,3,4,-1
E01001591,Train,106,197,-91
E01001591,"Underground, metro, light rail, tram",111,126,-15
E01001591,Work mainly at or from home,309,43,266
E01001592,Bicycle,42,40,2
E01001592,"Bus, minibus or coach",63,115,-52
E01001592,Driving a car or van,135,203,-68
E01001592,"Motorcycle, scooter or moped",3,5,-2
E01001592,Not in employment or aged 15 years and under,777,352,425
E01001592,On foot,57,61,-4
E01001592,Other method of travel to work,7,7,0
E01001592,Passenger in a car or van,12,11,1
E01001592,Taxi,3,4,-1
E01001592,Train,81,306,-225
E01001592,"Underground, metro, light rail, tram",135,176,-41
E01001592,Work mainly at or from home,620,47,573
E01001593,Bicycle,36,56,-20
E01001593,"Bus, minibus or coach",54,83,-29
E01001593,Driving a car or van,122,221,-99
E01001593,"Motorcycle, scooter or moped",4,12,-8
E01001593,Not in employment or aged 15 years and under,839,328,511
E01001593,On foot,36,46,-10
E01001593,Other method of travel to work,12,8,4
E01001593,Passenger in a car or van,8,12,-4
E01001593,Taxi,1,1,0
E01001593,Train,43,285,-242
E01001593,"Underground, metro, light rail, tram",61,160,-99
E01001593,Work mainly at or from home,571,42,529
E01001594,Bicycle,24,22,2
E01001594,"Bus, minibus or coach",155,182,-27
E01001594,Driving a car or van,233,184,49
E01001594,"Motorcycle, scooter or moped",6,9,-3
E01001594,Not in employment or aged 15 years and under,1116,547,569
E01001594,On foot,84,53,31
E01001594,Other method of travel to work,8,4,4
E01001594,Passenger in a car or van,22,16,6
E01001594,Taxi,10,4,6
E01001594,Train,104,179,-75
E01001594,"Underground, metro, light rail, tram",177,112,65
E01001594,Work mainly at or from home,423,30,393
E01001595,Bicycle,18,10,8
E01001595,"Bus, minibus or coach",177,169,8
E01001595,Driving a car or van,232,230,2
E01001595,"Motorcycle, scooter or moped",3,8,-5
E01001595,Not in employment or aged 15 years and under,1267,564,703
E01001595,On foot,48,68,-20
E01001595,Other method of travel to work,20,3,17
E01001595,Passenger in a car or van,16,14,2
E01001595,Taxi,1,4,-3
E01001595,Train,49,122,-73
E01001595,"Underground, metro, light rail, tram",85,123,-38
E01001595,Work mainly at or from home,305,20,285
E01001596,Bicycle,8,10,-2
E01001596,"Bus, minibus or coach",30,59,-29
E01001596,Driving a car or van,270,368,-98
E01001596,"Motorcycle, scooter or moped",6,19,-13
E01001596,Not in employment or aged 15 years and under,917,354,563
E01001596,On foot,22,29,-7
E01001596,Other method of travel to work,7,5,2
E01001596,Passenger in a car or van,17,18,-1
E01001596,Taxi,7,10,-3
E01001596,Train,82,204,-122
E01001596,"Underground, metro, light rail, tram",24,24,0
E01001596,Work mainly at or from home,345,40,305
E01001597,Bicycle,7,11,-4
E01001597,"Bus, minibus or coach",51,70,-19
E01001597,Driving a car or van,211,290,-79
E01001597,"Motorcycle, scooter or moped",7,6,1
E01001597,Not in employment or aged 15 years and under,784,415,369
E01001597,On foot,12,31,-19
E01001597,Other method of travel to work,11,6,5
E01001597,Passenger in a car or van,16,10,6
E01001597,Taxi,5,7,-2
E01001597,Train,84,231,-147
E01001597,"Underground, metro, light rail, tram",28,42,-14
E01001597,Work mainly at or from home,341,38,303
E01001598,Bicycle,12,9,3
E01001598,"Bus, minibus or coach",29,71,-42
E01001598,Driving a car or van,230,325,-95
E01001598,"Motorcycle, scooter or moped",4,19,-15
E01001598,Not in employment or aged 15 years and under,816,412,404
E01001598,On foot,21,34,-13
E01001598,Other method of travel to work,4,4,0
E01001598,Passenger in a car or van,17,26,-9
E01001598,Taxi,3,9,-6
E01001598,Train,108,247,-139
E01001598,"Underground, metro, light rail, tram",24,29,-5
E01001598,Work mainly at or from home,344,31,313
E01001599,Bicycle,2,14,-12
E01001599,"Bus, minibus or coach",55,93,-38
E01001599,Driving a car or van,309,361,-52
E01001599,"Motorcycle, scooter or moped",2,9,-7
E01001599,Not in employment or aged 15 years and under,891,417,474
E01001599,On foot,26,46,-20
E01001599,Other method of travel to work,11,5,6
E01001599,Passenger in a car or van,14,24,-10
E01001599,Taxi,5,8,-3
E01001599,Train,88,202,-114
E01001599,"Underground, metro, light rail, tram",21,25,-4
E01001599,Work mainly at or from home,252,28,224
E01001600,Bicycle,11,10,1
E01001600,"Bus, minibus or coach",40,61,-21
E01001600,Driving a car or van,222,278,-56
E01001600,"Motorcycle, scooter or moped",6,14,-8
E01001600,Not in employment or aged 15 years and under,737,395,342
E01001600,On foot,30,34,-4
E01001600,Other method of travel to work,9,4,5
E01001600,Passenger in a car or van,18,25,-7
E01001600,Taxi,6,10,-4
E01001600,Train,92,297,-205
E01001600,"Underground, metro, light rail, tram",30,35,-5
E01001600,Work mainly at or from home,312,29,283
E01001601,Bicycle,13,7,6
E01001601,"Bus, minibus or coach",19,57,-38
E01001601,Driving a car or van,203,329,-126
E01001601,"Motorcycle, scooter or moped",2,10,-8
E01001601,Not in employment or aged 15 years and under,783,340,443
E01001601,On foot,24,26,-2
E01001601,Other method of travel to work,14,5,9
E01001601,Passenger in a car or van,9,17,-8
E01001601,Taxi,7,14,-7
E01001601,Train,85,252,-167
E01001601,"Underground, metro, light rail, tram",14,22,-8
E01001601,Work mainly at or from home,336,37,299
E01001602,Bicycle,13,5,8
E01001602,"Bus, minibus or coach",99,116,-17
E01001602,Driving a car or van,314,335,-21
E01001602,"Motorcycle, scooter or moped",5,10,-5
E01001602,Not in employment or aged 15 years and under,1230,554,676
E01001602,On foot,33,46,-13
E01001602,Other method of travel to work,15,8,7
E01001602,Passenger in a car or van,26,28,-2
E01001602,Taxi,3,8,-5
E01001602,Train,127,151,-24
E01001602,"Underground, metro, light rail, tram",28,34,-6
E01001602,Work mainly at or from home,233,27,206
E01001603,Bicycle,12,5,7
E01001603,"Bus, minibus or coach",94,121,-27
E01001603,Driving a car or van,262,278,-16
E01001603,"Motorcycle, scooter or moped",4,11,-7
E01001603,Not in employment or aged 15 years and under,1004,506,498
E01001603,On foot,39,35,4
E01001603,Other method of travel to work,12,3,9
E01001603,Passenger in a car or van,13,22,-9
E01001603,Taxi,2,5,-3
E01001603,Train,71,130,-59
E01001603,"Underground, metro, light rail, tram",28,25,3
E01001603,Work mainly at or from home,209,18,191
E01001604,Bicycle,19,14,5
E01001604,"Bus, minibus or coach",45,58,-13
E01001604,Driving a car or van,143,248,-105
E01001604,"Motorcycle, scooter or moped",5,10,-5
E01001604,Not in employment or aged 15 years and under,792,301,491
E01001604,On foot,50,51,-1
E01001604,Other method of travel to work,7,5,2
E01001604,Passenger in a car or van,13,16,-3
E01001604,Taxi,0,4,-4
E01001604,Train,76,291,-215
E01001604,"Underground, metro, light rail, tram",39,43,-4
E01001604,Work mainly at or from home,361,34,327
E01001605,Bicycle,11,18,-7
E01001605,"Bus, minibus or coach",20,37,-17
E01001605,Driving a car or van,230,375,-145
E01001605,"Motorcycle, scooter or moped",6,11,-5
E01001605,Not in employment or aged 15 years and under,772,361,411
E01001605,On foot,25,40,-15
E01001605,Other method of travel to work,8,4,4
E01001605,Passenger in a car or van,9,31,-22
E01001605,Taxi,9,15,-6
E01001605,Train,71,213,-142
E01001605,"Underground, metro, light rail, tram",19,39,-20
E01001605,Work mainly at or from home,336,30,306
E01001606,Bicycle,8,21,-13
E01001606,"Bus, minibus or coach",41,61,-20
E01001606,Driving a car or van,195,351,-156
E01001606,"Motorcycle, scooter or moped",13,22,-9
E01001606,Not in employment or aged 15 years and under,771,299,472
E01001606,On foot,37,68,-31
E01001606,Other method of travel to work,9,12,-3
E01001606,Passenger in a car or van,15,27,-12
E01001606,Taxi,7,12,-5
E01001606,Train,97,250,-153
E01001606,"Underground, metro, light rail, tram",22,40,-18
E01001606,Work mainly at or from home,415,49,366
E01001607,Bicycle,19,12,7
E01001607,"Bus, minibus or coach",45,62,-17
E01001607,Driving a car or van,166,258,-92
E01001607,"Motorcycle, scooter or moped",2,8,-6
E01001607,Not in employment or aged 15 years and under,833,364,469
E01001607,On foot,55,48,7
E01001607,Other method of travel to work,14,2,12
E01001607,Passenger in a car or van,8,22,-14
E01001607,Taxi,5,8,-3
E01001607,Train,78,224,-146
E01001607,"Underground, metro, light rail, tram",33,44,-11
E01001607,Work mainly at or from home,350,30,320
E01001608,Bicycle,11,15,-4
E01001608,"Bus, minibus or coach",34,40,-6
E01001608,Driving a car or van,141,255,-114
E01001608,"Motorcycle, scooter or moped",10,13,-3
E01001608,Not in employment or aged 15 years and under,775,358,417
E01001608,On foot,30,46,-16
E01001608,Other method of travel to work,6,2,4
E01001608,Passenger in a car or van,7,15,-8
E01001608,Taxi,4,9,-5
E01001608,Train,45,207,-162
E01001608,"Underground, metro, light rail, tram",15,29,-14
E01001608,Work mainly at or from home,365,54,311
E01001609,Bicycle,23,13,10
E01001609,"Bus, minibus or coach",62,72,-10
E01001609,Driving a car or van,186,250,-64
E01001609,"Motorcycle, scooter or moped",7,7,0
E01001609,Not in employment or aged 15 years and under,913,414,499
E01001609,On foot,39,51,-12
E01001609,Other method of travel to work,5,6,-1
E01001609,Passenger in a car or van,18,21,-3
E01001609,Taxi,1,4,-3
E01001609,Train,74,227,-153
E01001609,"Underground, metro, light rail, tram",35,42,-7
E01001609,Work mainly at or from home,327,45,282
E01001610,Bicycle,15,21,-6
E01001610,"Bus, minibus or coach",63,74,-11
E01001610,Driving a car or van,210,328,-118
E01001610,"Motorcycle, scooter or moped",9,23,-14
E01001610,Not in employment or aged 15 years and under,887,398,489
E01001610,On foot,33,57,-24
E01001610,Other method of travel to work,14,3,11
E01001610,Passenger in a car or van,10,17,-7
E01001610,Taxi,3,7,-4
E01001610,Train,90,236,-146
E01001610,"Underground, metro, light rail, tram",39,48,-9
E01001610,Work mainly at or from home,393,36,357
E01001611,Bicycle,17,24,-7
E01001611,"Bus, minibus or coach",67,66,1
E01001611,Driving a car or van,212,300,-88
E01001611,"Motorcycle, scooter or moped",10,8,2
E01001611,Not in employment or aged 15 years and under,947,407,540
E01001611,On foot,46,51,-5
E01001611,Other method of travel to work,11,3,8
E01001611,Passenger in a car or van,16,20,-4
E01001611,Taxi,5,5,0
E01001611,Train,60,217,-157
E01001611,"Underground, metro, light rail, tram",52,54,-2
E01001611,Work mainly at or from home,322,33,289
E01001613,Bicycle,9,11,-2
E01001613,"Bus, minibus or coach",72,111,-39
E01001613,Driving a car or van,194,246,-52
E01001613,"Motorcycle, scooter or moped",10,17,-7
E01001613,Not in employment or aged 15 years and under,954,397,557
E01001613,On foot,43,65,-22
E01001613,Other method of travel to work,9,3,6
E01001613,Passenger in a car or van,11,15,-4
E01001613,Taxi,2,4,-2
E01001613,Train,87,216,-129
E01001613,"Underground, metro, light rail, tram",39,41,-2
E01001613,Work mainly at or from home,320,39,281
E01001614,Bicycle,9,10,-1
E01001614,"Bus, minibus or coach",10,38,-28
E01001614,Driving a car or van,236,338,-102
E01001614,"Motorcycle, scooter or moped",8,10,-2
E01001614,Not in employment or aged 15 years and under,780,361,419
E01001614,On foot,22,23,-1
E01001614,Other method of travel to work,6,3,3
E01001614,Passenger in a car or van,15,19,-4
E01001614,Taxi,7,16,-9
E01001614,Train,67,178,-111
E01001614,"Underground, metro, light rail, tram",10,24,-14
E01001614,Work mainly at or from home,323,45,278
E01001615,Bicycle,29,21,8
E01001615,"Bus, minibus or coach",93,116,-23
E01001615,Driving a car or van,176,229,-53
E01001615,"Motorcycle, scooter or moped",12,6,6
E01001615,Not in employment or aged 15 years and under,943,337,606
E01001615,On foot,44,47,-3
E01001615,Other method of travel to work,24,7,17
E01001615,Passenger in a car or van,12,9,3
E01001615,Taxi,5,6,-1
E01001615,Train,136,276,-140
E01001615,"Underground, metro, light rail, tram",68,50,18
E01001615,Work mainly at or from home,448,43,405
E01001617,Bicycle,8,10,-2
E01001617,"Bus, minibus or coach",42,75,-33
E01001617,Driving a car or van,204,312,-108
E01001617,"Motorcycle, scooter or moped",3,4,-1
E01001617,Not in employment or aged 15 years and under,837,404,433
E01001617,On foot,36,40,-4
E01001617,Other method of travel to work,9,7,2
E01001617,Passenger in a car or van,15,17,-2
E01001617,Taxi,4,9,-5
E01001617,Train,102,237,-135
E01001617,"Underground, metro, light rail, tram",28,33,-5
E01001617,Work mainly at or from home,344,16,328
E01001618,Bicycle,8,7,1
E01001618,"Bus, minibus or coach",69,75,-6
E01001618,Driving a car or van,264,303,-39
E01001618,"Motorcycle, scooter or moped",10,6,4
E01001618,Not in employment or aged 15 years and under,988,418,570
E01001618,On foot,36,30,6
E01001618,Other method of travel to work,8,8,0
E01001618,Passenger in a car or van,28,15,13
E01001618,Taxi,8,11,-3
E01001618,Train,99,218,-119
E01001618,"Underground, metro, light rail, tram",21,11,10
E01001618,Work mainly at or from home,364,14,350
E01001619,Bicycle,14,11,3
E01001619,"Bus, minibus or coach",63,84,-21
E01001619,Driving a car or van,269,322,-53
E01001619,"Motorcycle, scooter or moped",12,11,1
E01001619,Not in employment or aged 15 years and under,849,391,458
E01001619,On foot,41,50,-9
E01001619,Other method of travel to work,14,6,8
E01001619,Passenger in a car or van,28,22,6
E01001619,Taxi,3,4,-1
E01001619,Train,171,428,-257
E01001619,"Underground, metro, light rail, tram",42,43,-1
E01001619,Work mainly at or from home,461,31,430
E01001620,Bicycle,8,5,3
E01001620,"Bus, minibus or coach",94,98,-4
E01001620,Driving a car or van,236,265,-29
E01001620,"Motorcycle, scooter or moped",11,13,-2
E01001620,Not in employment or aged 15 years and under,881,515,366
E01001620,On foot,44,47,-3
E01001620,Other method of travel to work,8,4,4
E01001620,Passenger in a car or van,26,20,6
E01001620,Taxi,4,3,1
E01001620,Train,68,114,-46
E01001620,"Underground, metro, light rail, tram",42,43,-1
E01001620,Work mainly at or from home,160,8,152
E01001621,Bicycle,8,10,-2
E01001621,"Bus, minibus or coach",67,97,-30
E01001621,Driving a car or van,197,252,-55
E01001621,"Motorcycle, scooter or moped",14,8,6
E01001621,Not in employment or aged 15 years and under,916,434,482
E01001621,On foot,41,62,-21
E01001621,Other method of travel to work,21,2,19
E01001621,Passenger in a car or van,18,12,6
E01001621,Taxi,3,2,1
E01001621,Train,96,203,-107
E01001621,"Underground, metro, light rail, tram",41,36,5
E01001621,Work mainly at or from home,262,8,254
E01001623,Bicycle,15,13,2
E01001623,"Bus, minibus or coach",82,99,-17
E01001623,Driving a car or van,232,260,-28
E01001623,"Motorcycle, scooter or moped",13,14,-1
E01001623,Not in employment or aged 15 years and under,947,459,488
E01001623,On foot,36,49,-13
E01001623,Other method of travel to work,12,6,6
E01001623,Passenger in a car or van,16,13,3
E01001623,Taxi,1,7,-6
E01001623,Train,87,257,-170
E01001623,"Underground, metro, light rail, tram",56,61,-5
E01001623,Work mainly at or from home,310,28,282
E01001624,Bicycle,15,10,5
E01001624,"Bus, minibus or coach",67,117,-50
E01001624,Driving a car or van,225,281,-56
E01001624,"Motorcycle, scooter or moped",5,7,-2
E01001624,Not in employment or aged 15 years and under,837,428,409
E01001624,On foot,42,59,-17
E01001624,Other method of travel to work,7,1,6
E01001624,Passenger in a car or van,18,17,1
E01001624,Taxi,2,4,-2
E01001624,Train,70,165,-95
E01001624,"Underground, metro, light rail, tram",42,46,-4
E01001624,Work mainly at or from home,301,21,280
E01001625,Bicycle,9,17,-8
E01001625,"Bus, minibus or coach",105,106,-1
E01001625,Driving a car or van,255,268,-13
E01001625,"Motorcycle, scooter or moped",15,9,6
E01001625,Not in employment or aged 15 years and under,1042,490,552
E01001625,On foot,42,48,-6
E01001625,Other method of travel to work,10,1,9
E01001625,Passenger in a car or van,27,29,-2
E01001625,Taxi,4,3,1
E01001625,Train,62,123,-61
E01001625,"Underground, metro, light rail, tram",55,44,11
E01001625,Work mainly at or from home,158,15,143
E01001629,Bicycle,10,15,-5
E01001629,"Bus, minibus or coach",146,235,-89
E01001629,Driving a car or van,197,214,-17
E01001629,"Motorcycle, scooter or moped",4,9,-5
E01001629,Not in employment or aged 15 years and under,1191,646,545
E01001629,On foot,85,77,8
E01001629,Other method of travel to work,12,7,5
E01001629,Passenger in a car or van,15,12,3
E01001629,Taxi,5,5,0
E01001629,Train,91,184,-93
E01001629,"Underground, metro, light rail, tram",142,154,-12
E01001629,Work mainly at or from home,238,27,211
E01001631,Bicycle,11,9,2
E01001631,"Bus, minibus or coach",196,240,-44
E01001631,Driving a car or van,180,180,0
E01001631,"Motorcycle, scooter or moped",3,5,-2
E01001631,Not in employment or aged 15 years and under,1215,622,593
E01001631,On foot,72,65,7
E01001631,Other method of travel to work,7,5,2
E01001631,Passenger in a car or van,18,13,5
E01001631,Taxi,2,2,0
E01001631,Train,123,177,-54
E01001631,"Underground, metro, light rail, tram",90,118,-28
E01001631,Work mainly at or from home,191,17,174
E01001632,Bicycle,10,7,3
E01001632,"Bus, minibus or coach",169,396,-227
E01001632,Driving a car or van,183,227,-44
E01001632,"Motorcycle, scooter or moped",4,5,-1
E01001632,Not in employment or aged 15 years and under,1110,673,437
E01001632,On foot,74,98,-24
E01001632,Other method of travel to work,10,3,7
E01001632,Passenger in a car or van,24,19,5
E01001632,Taxi,2,0,2
E01001632,Train,129,199,-70
E01001632,"Underground, metro, light rail, tram",106,139,-33
E01001632,Work mainly at or from home,223,34,189
E01001633,Bicycle,11,7,4
E01001633,"Bus, minibus or coach",164,173,-9
E01001633,Driving a car or van,218,162,56
E01001633,"Motorcycle, scooter or moped",5,8,-3
E01001633,Not in employment or aged 15 years and under,1137,486,651
E01001633,On foot,55,60,-5
E01001633,Other method of travel to work,15,4,11
E01001633,Passenger in a car or van,18,21,-3
E01001633,Taxi,3,1,2
E01001633,Train,82,117,-35
E01001633,"Underground, metro, light rail, tram",150,103,47
E01001633,Work mainly at or from home,194,18,176
E01001634,Bicycle,8,8,0
E01001634,"Bus, minibus or coach",148,153,-5
E01001634,Driving a car or van,161,165,-4
E01001634,"Motorcycle, scooter or moped",3,5,-2
E01001634,Not in employment or aged 15 years and under,1017,517,500
E01001634,On foot,62,62,0
E01001634,Other method of travel to work,10,7,3
E01001634,Passenger in a car or van,8,14,-6
E01001634,Taxi,7,1,6
E01001634,Train,72,135,-63
E01001634,"Underground, metro, light rail, tram",91,75,16
E01001634,Work mainly at or from home,148,15,133
E01001635,Bicycle,15,12,3
E01001635,"Bus, minibus or coach",101,161,-60
E01001635,Driving a car or van,187,201,-14
E01001635,"Motorcycle, scooter or moped",6,9,-3
E01001635,Not in employment or aged 15 years and under,789,505,284
E01001635,On foot,36,40,-4
E01001635,Other method of travel to work,4,7,-3
E01001635,Passenger in a car or van,17,17,0
E01001635,Taxi,3,3,0
E01001635,Train,88,212,-124
E01001635,"Underground, metro, light rail, tram",77,87,-10
E01001635,Work mainly at or from home,323,25,298
E01001636,Bicycle,9,6,3
E01001636,"Bus, minibus or coach",162,191,-29
E01001636,Driving a car or van,162,196,-34
E01001636,"Motorcycle, scooter or moped",4,4,0
E01001636,Not in employment or aged 15 years and under,902,558,344
E01001636,On foot,38,54,-16
E01001636,Other method of travel to work,4,9,-5
E01001636,Passenger in a car or van,19,14,5
E01001636,Taxi,2,0,2
E01001636,Train,77,179,-102
E01001636,"Underground, metro, light rail, tram",100,95,5
E01001636,Work mainly at or from home,205,14,191
E01001637,Bicycle,11,7,4
E01001637,"Bus, minibus or coach",163,185,-22
E01001637,Driving a car or van,180,207,-27
E01001637,"Motorcycle, scooter or moped",7,5,2
E01001637,Not in employment or aged 15 years and under,917,529,388
E01001637,On foot,62,68,-6
E01001637,Other method of travel to work,12,6,6
E01001637,Passenger in a car or van,14,14,0
E01001637,Taxi,4,4,0
E01001637,Train,90,162,-72
E01001637,"Underground, metro, light rail, tram",88,99,-11
E01001637,Work mainly at or from home,250,26,224
E01001638,Bicycle,19,20,-1
E01001638,"Bus, minibus or coach",112,180,-68
E01001638,Driving a car or van,147,160,-13
E01001638,"Motorcycle, scooter or moped",3,8,-5
E01001638,Not in employment or aged 15 years and under,941,516,425
E01001638,On foot,68,58,10
E01001638,Other method of travel to work,19,9,10
E01001638,Passenger in a car or van,7,13,-6
E01001638,Taxi,5,0,5
E01001638,Train,73,189,-116
E01001638,"Underground, metro, light rail, tram",100,215,-115
E01001638,Work mainly at or from home,267,20,247
E01001641,Bicycle,34,34,0
E01001641,"Bus, minibus or coach",44,49,-5
E01001641,Driving a car or van,88,138,-50
E01001641,"Motorcycle, scooter or moped",7,8,-1
E01001641,Not in employment or aged 15 years and under,798,410,388
E01001641,On foot,57,98,-41
E01001641,Other method of travel to work,10,14,-4
E01001641,Passenger in a car or van,5,7,-2
E01001641,Taxi,4,3,1
E01001641,Train,68,287,-219
E01001641,"Underground, metro, light rail, tram",91,260,-169
E01001641,Work mainly at or from home,669,60,609
E01001642,Bicycle,33,65,-32
E01001642,"Bus, minibus or coach",29,31,-2
E01001642,Driving a car or van,76,122,-46
E01001642,"Motorcycle, scooter or moped",3,8,-5
E01001642,Not in employment or aged 15 years and under,783,332,451
E01001642,On foot,44,59,-15
E01001642,Other method of travel to work,3,23,-20
E01001642,Passenger in a car or van,4,10,-6
E01001642,Taxi,2,1,1
E01001642,Train,48,349,-301
E01001642,"Underground, metro, light rail, tram",67,245,-178
E01001642,Work mainly at or from home,638,91,547
E01001644,Bicycle,50,63,-13
E01001644,"Bus, minibus or coach",99,118,-19
E01001644,Driving a car or van,130,155,-25
E01001644,"Motorcycle, scooter or moped",5,8,-3
E01001644,Not in employment or aged 15 years and under,1004,418,586
E01001644,On foot,92,102,-10
E01001644,Other method of travel to work,21,8,13
E01001644,Passenger in a car or van,8,8,0
E01001644,Taxi,5,4,1
E01001644,Train,92,434,-342
E01001644,"Underground, metro, light rail, tram",175,435,-260
E01001644,Work mainly at or from home,939,59,880
E01001645,Bicycle,17,23,-6
E01001645,"Bus, minibus or coach",93,88,5
E01001645,Driving a car or van,236,246,-10
E01001645,"Motorcycle, scooter or moped",2,8,-6
E01001645,Not in employment or aged 15 years and under,995,364,631
E01001645,On foot,37,33,4
E01001645,Other method of travel to work,15,4,11
E01001645,Passenger in a car or van,20,17,3
E01001645,Taxi,2,4,-2
E01001645,Train,53,111,-58
E01001645,"Underground, metro, light rail, tram",63,76,-13
E01001645,Work mainly at or from home,321,16,305
E01001646,Bicycle,26,37,-11
E01001646,"Bus, minibus or coach",177,249,-72
E01001646,Driving a car or van,330,360,-30
E01001646,"Motorcycle, scooter or moped",11,14,-3
E01001646,Not in employment or aged 15 years and under,1428,756,672
E01001646,On foot,94,78,16
E01001646,Other method of travel to work,20,8,12
E01001646,Passenger in a car or van,28,34,-6
E01001646,Taxi,9,9,0
E01001646,Train,75,269,-194
E01001646,"Underground, metro, light rail, tram",139,266,-127
E01001646,Work mainly at or from home,483,51,432
E01001647,Bicycle,12,18,-6
E01001647,"Bus, minibus or coach",54,67,-13
E01001647,Driving a car or van,176,259,-83
E01001647,"Motorcycle, scooter or moped",14,11,3
E01001647,Not in employment or aged 15 years and under,796,440,356
E01001647,On foot,22,37,-15
E01001647,Other method of travel to work,8,4,4
E01001647,Passenger in a car or van,18,21,-3
E01001647,Taxi,1,5,-4
E01001647,Train,49,121,-72
E01001647,"Underground, metro, light rail, tram",44,67,-23
E01001647,Work mainly at or from home,289,29,260
E01001648,Bicycle,13,29,-16
E01001648,"Bus, minibus or coach",66,115,-49
E01001648,Driving a car or van,240,402,-162
E01001648,"Motorcycle, scooter or moped",11,26,-15
E01001648,Not in employment or aged 15 years and under,805,519,286
E01001648,On foot,38,36,2
E01001648,Other method of travel to work,9,7,2
E01001648,Passenger in a car or van,19,28,-9
E01001648,Taxi,5,6,-1
E01001648,Train,63,206,-143
E01001648,"Underground, metro, light rail, tram",69,138,-69
E01001648,Work mainly at or from home,388,49,339
E01001649,Bicycle,13,16,-3
E01001649,"Bus, minibus or coach",80,110,-30
E01001649,Driving a car or van,222,278,-56
E01001649,"Motorcycle, scooter or moped",6,17,-11
E01001649,Not in employment or aged 15 years and under,862,436,426
E01001649,On foot,40,49,-9
E01001649,Other method of travel to work,7,2,5
E01001649,Passenger in a car or van,16,18,-2
E01001649,Taxi,2,5,-3
E01001649,Train,55,118,-63
E01001649,"Underground, metro, light rail, tram",49,73,-24
E01001649,Work mainly at or from home,226,23,203
E01001650,Bicycle,15,17,-2
E01001650,"Bus, minibus or coach",97,156,-59
E01001650,Driving a car or van,225,275,-50
E01001650,"Motorcycle, scooter or moped",7,1,6
E01001650,Not in employment or aged 15 years and under,1034,520,514
E01001650,On foot,54,61,-7
E01001650,Other method of travel to work,14,0,14
E01001650,Passenger in a car or van,22,22,0
E01001650,Taxi,1,8,-7
E01001650,Train,64,102,-38
E01001650,"Underground, metro, light rail, tram",74,87,-13
E01001650,Work mainly at or from home,229,26,203
E01001651,Bicycle,15,19,-4
E01001651,"Bus, minibus or coach",110,150,-40
E01001651,Driving a car or van,227,221,6
E01001651,"Motorcycle, scooter or moped",5,9,-4
E01001651,Not in employment or aged 15 years and under,1090,509,581
E01001651,On foot,52,51,1
E01001651,Other method of travel to work,10,6,4
E01001651,Passenger in a car or van,13,14,-1
E01001651,Taxi,4,2,2
E01001651,Train,42,119,-77
E01001651,"Underground, metro, light rail, tram",76,111,-35
E01001651,Work mainly at or from home,229,14,215
E01001652,Bicycle,16,25,-9
E01001652,"Bus, minibus or coach",81,84,-3
E01001652,Driving a car or van,178,250,-72
E01001652,"Motorcycle, scooter or moped",4,10,-6
E01001652,Not in employment or aged 15 years and under,820,343,477
E01001652,On foot,38,46,-8
E01001652,Other method of travel to work,8,6,2
E01001652,Passenger in a car or van,14,9,5
E01001652,Taxi,6,7,-1
E01001652,Train,70,181,-111
E01001652,"Underground, metro, light rail, tram",65,147,-82
E01001652,Work mainly at or from home,407,48,359
E01001653,Bicycle,11,10,1
E01001653,"Bus, minibus or coach",103,148,-45
E01001653,Driving a car or van,212,237,-25
E01001653,"Motorcycle, scooter or moped",16,12,4
E01001653,Not in employment or aged 15 years and under,925,461,464
E01001653,On foot,48,48,0
E01001653,Other method of travel to work,14,0,14
E01001653,Passenger in a car or van,11,18,-7
E01001653,Taxi,7,6,1
E01001653,Train,74,118,-44
E01001653,"Underground, metro, light rail, tram",29,26,3
E01001653,Work mainly at or from home,143,8,135
E01001654,Bicycle,17,6,11
E01001654,"Bus, minibus or coach",84,84,0
E01001654,Driving a car or van,234,266,-32
E01001654,"Motorcycle, scooter or moped",7,9,-2
E01001654,Not in employment or aged 15 years and under,931,462,469
E01001654,On foot,34,36,-2
E01001654,Other method of travel to work,2,2,0
E01001654,Passenger in a car or van,26,24,2
E01001654,Taxi,4,0,4
E01001654,Train,56,122,-66
E01001654,"Underground, metro, light rail, tram",31,29,2
E01001654,Work mainly at or from home,181,12,169
E01001655,Bicycle,8,15,-7
E01001655,"Bus, minibus or coach",87,121,-34
E01001655,Driving a car or van,235,216,19
E01001655,"Motorcycle, scooter or moped",13,6,7
E01001655,Not in employment or aged 15 years and under,869,450,419
E01001655,On foot,38,54,-16
E01001655,Other method of travel to work,17,2,15
E01001655,Passenger in a car or van,32,20,12
E01001655,Taxi,5,2,3
E01001655,Train,75,139,-64
E01001655,"Underground, metro, light rail, tram",31,27,4
E01001655,Work mainly at or from home,171,17,154
E01001656,Bicycle,23,32,-9
E01001656,"Bus, minibus or coach",40,46,-6
E01001656,Driving a car or van,93,127,-34
E01001656,"Motorcycle, scooter or moped",5,7,-2
E01001656,Not in employment or aged 15 years and under,737,313,424
E01001656,On foot,24,37,-13
E01001656,Other method of travel to work,4,2,2
E01001656,Passenger in a car or van,12,9,3
E01001656,Taxi,1,2,-1
E01001656,Train,52,227,-175
E01001656,"Underground, metro, light rail, tram",16,53,-37
E01001656,Work mainly at or from home,334,42,292
E01001657,Bicycle,30,36,-6
E01001657,"Bus, minibus or coach",39,45,-6
E01001657,Driving a car or van,128,166,-38
E01001657,"Motorcycle, scooter or moped",1,5,-4
E01001657,Not in employment or aged 15 years and under,744,372,372
E01001657,On foot,37,41,-4
E01001657,Other method of travel to work,5,6,-1
E01001657,Passenger in a car or van,5,9,-4
E01001657,Taxi,4,2,2
E01001657,Train,72,301,-229
E01001657,"Underground, metro, light rail, tram",31,90,-59
E01001657,Work mainly at or from home,470,47,423
E01001658,Bicycle,22,30,-8
E01001658,"Bus, minibus or coach",98,80,18
E01001658,Driving a car or van,178,234,-56
E01001658,"Motorcycle, scooter or moped",5,8,-3
E01001658,Not in employment or aged 15 years and under,857,380,477
E01001658,On foot,34,31,3
E01001658,Other method of travel to work,8,5,3
E01001658,Passenger in a car or van,9,9,0
E01001658,Taxi,5,4,1
E01001658,Train,74,225,-151
E01001658,"Underground, metro, light rail, tram",43,69,-26
E01001658,Work mainly at or from home,321,38,283
E01001659,Bicycle,15,14,1
E01001659,"Bus, minibus or coach",63,95,-32
E01001659,Driving a car or van,160,251,-91
E01001659,"Motorcycle, scooter or moped",12,7,5
E01001659,Not in employment or aged 15 years and under,892,432,460
E01001659,On foot,50,22,28
E01001659,Other method of travel to work,4,9,-5
E01001659,Passenger in a car or van,8,14,-6
E01001659,Taxi,6,9,-3
E01001659,Train,64,151,-87
E01001659,"Underground, metro, light rail, tram",34,48,-14
E01001659,Work mainly at or from home,312,30,282
E01001660,Bicycle,9,5,4
E01001660,"Bus, minibus or coach",70,106,-36
E01001660,Driving a car or van,210,264,-54
E01001660,"Motorcycle, scooter or moped",5,12,-7
E01001660,Not in employment or aged 15 years and under,885,489,396
E01001660,On foot,27,36,-9
E01001660,Other method of travel to work,7,2,5
E01001660,Passenger in a car or van,16,22,-6
E01001660,Taxi,2,1,1
E01001660,Train,71,131,-60
E01001660,"Underground, metro, light rail, tram",28,49,-21
E01001660,Work mainly at or from home,229,16,213
E01001661,Bicycle,17,14,3
E01001661,"Bus, minibus or coach",78,104,-26
E01001661,Driving a car or van,223,251,-28
E01001661,"Motorcycle, scooter or moped",7,11,-4
E01001661,Not in employment or aged 15 years and under,957,468,489
E01001661,On foot,38,41,-3
E01001661,Other method of travel to work,8,2,6
E01001661,Passenger in a car or van,16,19,-3
E01001661,Taxi,2,5,-3
E01001661,Train,72,121,-49
E01001661,"Underground, metro, light rail, tram",29,32,-3
E01001661,Work mainly at or from home,216,20,196
E01001664,Bicycle,48,60,-12
E01001664,"Bus, minibus or coach",56,77,-21
E01001664,Driving a car or van,143,144,-1
E01001664,"Motorcycle, scooter or moped",4,3,1
E01001664,Not in employment or aged 15 years and under,802,440,362
E01001664,On foot,64,78,-14
E01001664,Other method of travel to work,8,13,-5
E01001664,Passenger in a car or van,25,13,12
E01001664,Taxi,1,2,-1
E01001664,Train,105,329,-224
E01001664,"Underground, metro, light rail, tram",74,271,-197
E01001664,Work mainly at or from home,744,68,676
E01001665,Bicycle,32,57,-25
E01001665,"Bus, minibus or coach",77,87,-10
E01001665,Driving a car or van,133,152,-19
E01001665,"Motorcycle, scooter or moped",8,9,-1
E01001665,Not in employment or aged 15 years and under,767,422,345
E01001665,On foot,59,84,-25
E01001665,Other method of travel to work,16,12,4
E01001665,Passenger in a car or van,7,16,-9
E01001665,Taxi,2,4,-2
E01001665,Train,81,250,-169
E01001665,"Underground, metro, light rail, tram",115,364,-249
E01001665,Work mainly at or from home,588,54,534
E01001666,Bicycle,23,24,-1
E01001666,"Bus, minibus or coach",95,149,-54
E01001666,Driving a car or van,124,157,-33
E01001666,"Motorcycle, scooter or moped",5,4,1
E01001666,Not in employment or aged 15 years and under,950,381,569
E01001666,On foot,64,93,-29
E01001666,Other method of travel to work,15,6,9
E01001666,Passenger in a car or van,9,11,-2
E01001666,Taxi,3,1,2
E01001666,Train,102,260,-158
E01001666,"Underground, metro, light rail, tram",130,208,-78
E01001666,Work mainly at or from home,460,32,428
E01001669,Bicycle,17,8,9
E01001669,"Bus, minibus or coach",175,188,-13
E01001669,Driving a car or van,300,321,-21
E01001669,"Motorcycle, scooter or moped",7,12,-5
E01001669,Not in employment or aged 15 years and under,1418,517,901
E01001669,On foot,39,44,-5
E01001669,Other method of travel to work,10,8,2
E01001669,Passenger in a car or van,30,25,5
E01001669,Taxi,6,5,1
E01001669,Train,86,130,-44
E01001669,"Underground, metro, light rail, tram",126,74,52
E01001669,Work mainly at or from home,283,17,266
E01001671,Bicycle,18,12,6
E01001671,"Bus, minibus or coach",99,135,-36
E01001671,Driving a car or van,234,262,-28
E01001671,"Motorcycle, scooter or moped",3,8,-5
E01001671,Not in employment or aged 15 years and under,882,395,487
E01001671,On foot,40,61,-21
E01001671,Other method of travel to work,9,5,4
E01001671,Passenger in a car or van,20,25,-5
E01001671,Taxi,5,4,1
E01001671,Train,44,141,-97
E01001671,"Underground, metro, light rail, tram",62,68,-6
E01001671,Work mainly at or from home,251,20,231
E01001672,Bicycle,9,4,5
E01001672,"Bus, minibus or coach",193,316,-123
E01001672,Driving a car or van,185,190,-5
E01001672,"Motorcycle, scooter or moped",6,7,-1
E01001672,Not in employment or aged 15 years and under,1007,588,419
E01001672,On foot,64,50,14
E01001672,Other method of travel to work,19,3,16
E01001672,Passenger in a car or van,20,8,12
E01001672,Taxi,3,0,3
E01001672,Train,114,183,-69
E01001672,"Underground, metro, light rail, tram",143,121,22
E01001672,Work mainly at or from home,171,24,147
E01001673,Bicycle,7,3,4
E01001673,"Bus, minibus or coach",251,247,4
E01001673,Driving a car or van,206,157,49
E01001673,"Motorcycle, scooter or moped",2,2,0
E01001673,Not in employment or aged 15 years and under,1438,692,746
E01001673,On foot,56,67,-11
E01001673,Other method of travel to work,10,2,8
E01001673,Passenger in a car or van,18,21,-3
E01001673,Taxi,11,0,11
E01001673,Train,121,137,-16
E01001673,"Underground, metro, light rail, tram",112,89,23
E01001673,Work mainly at or from home,177,13,164
E01001674,Bicycle,12,8,4
E01001674,"Bus, minibus or coach",203,194,9
E01001674,Driving a car or van,256,274,-18
E01001674,"Motorcycle, scooter or moped",0,10,-10
E01001674,Not in employment or aged 15 years and under,1223,555,668
E01001674,On foot,31,49,-18
E01001674,Other method of travel to work,15,5,10
E01001674,Passenger in a car or van,17,22,-5
E01001674,Taxi,9,3,6
E01001674,Train,94,150,-56
E01001674,"Underground, metro, light rail, tram",106,91,15
E01001674,Work mainly at or from home,227,27,200
E01001675,Bicycle,13,5,8
E01001675,"Bus, minibus or coach",298,329,-31
E01001675,Driving a car or van,219,187,32
E01001675,"Motorcycle, scooter or moped",4,2,2
E01001675,Not in employment or aged 15 years and under,1169,595,574
E01001675,On foot,133,57,76
E01001675,Other method of travel to work,16,7,9
E01001675,Passenger in a car or van,17,18,-1
E01001675,Taxi,3,1,2
E01001675,Train,158,180,-22
E01001675,"Underground, metro, light rail, tram",152,120,32
E01001675,Work mainly at or from home,189,23,166
E01001676,Bicycle,20,6,14
E01001676,"Bus, minibus or coach",146,206,-60
E01001676,Driving a car or van,199,211,-12
E01001676,"Motorcycle, scooter or moped",4,2,2
E01001676,Not in employment or aged 15 years and under,991,520,471
E01001676,On foot,33,31,2
E01001676,Other method of travel to work,17,1,16
E01001676,Passenger in a car or van,17,18,-1
E01001676,Taxi,4,1,3
E01001676,Train,79,129,-50
E01001676,"Underground, metro, light rail, tram",92,77,15
E01001676,Work mainly at or from home,201,30,171
E01001677,Bicycle,7,13,-6
E01001677,"Bus, minibus or coach",194,300,-106
E01001677,Driving a car or van,201,238,-37
E01001677,"Motorcycle, scooter or moped",5,10,-5
E01001677,Not in employment or aged 15 years and under,1256,506,750
E01001677,On foot,37,49,-12
E01001677,Other method of travel to work,12,5,7
E01001677,Passenger in a car or van,16,21,-5
E01001677,Taxi,3,4,-1
E01001677,Train,90,157,-67
E01001677,"Underground, metro, light rail, tram",104,102,2
E01001677,Work mainly at or from home,235,27,208
E01001678,Bicycle,5,8,-3
E01001678,"Bus, minibus or coach",93,100,-7
E01001678,Driving a car or van,281,369,-88
E01001678,"Motorcycle, scooter or moped",10,11,-1
E01001678,Not in employment or aged 15 years and under,935,426,509
E01001678,On foot,35,45,-10
E01001678,Other method of travel to work,12,5,7
E01001678,Passenger in a car or van,18,29,-11
E01001678,Taxi,5,3,2
E01001678,Train,69,149,-80
E01001678,"Underground, metro, light rail, tram",59,51,8
E01001678,Work mainly at or from home,252,17,235
E01001679,Bicycle,14,17,-3
E01001679,"Bus, minibus or coach",62,87,-25
E01001679,Driving a car or van,208,309,-101
E01001679,"Motorcycle, scooter or moped",6,13,-7
E01001679,Not in employment or aged 15 years and under,661,280,381
E01001679,On foot,30,37,-7
E01001679,Other method of travel to work,3,4,-1
E01001679,Passenger in a car or van,14,23,-9
E01001679,Taxi,5,5,0
E01001679,Train,41,100,-59
E01001679,"Underground, metro, light rail, tram",48,91,-43
E01001679,Work mainly at or from home,261,30,231
E01001680,Bicycle,23,22,1
E01001680,"Bus, minibus or coach",37,87,-50
E01001680,Driving a car or van,185,319,-134
E01001680,"Motorcycle, scooter or moped",9,13,-4
E01001680,Not in employment or aged 15 years and under,752,381,371
E01001680,On foot,31,42,-11
E01001680,Other method of travel to work,3,2,1
E01001680,Passenger in a car or van,16,17,-1
E01001680,Taxi,9,11,-2
E01001680,Train,36,132,-96
E01001680,"Underground, metro, light rail, tram",62,86,-24
E01001680,Work mainly at or from home,356,40,316
E01001681,Bicycle,15,16,-1
E01001681,"Bus, minibus or coach",61,74,-13
E01001681,Driving a car or van,174,175,-1
E01001681,"Motorcycle, scooter or moped",4,12,-8
E01001681,Not in employment or aged 15 years and under,727,229,498
E01001681,On foot,23,23,0
E01001681,Other method of travel to work,4,1,3
E01001681,Passenger in a car or van,11,18,-7
E01001681,Taxi,5,3,2
E01001681,Train,42,86,-44
E01001681,"Underground, metro, light rail, tram",63,60,3
E01001681,Work mainly at or from home,275,26,249
E01001682,Bicycle,12,16,-4
E01001682,"Bus, minibus or coach",66,86,-20
E01001682,Driving a car or van,182,239,-57
E01001682,"Motorcycle, scooter or moped",7,12,-5
E01001682,Not in employment or aged 15 years and under,735,335,400
E01001682,On foot,19,29,-10
E01001682,Other method of travel to work,6,8,-2
E01001682,Passenger in a car or van,13,11,2
E01001682,Taxi,4,6,-2
E01001682,Train,32,98,-66
E01001682,"Underground, metro, light rail, tram",47,89,-42
E01001682,Work mainly at or from home,250,48,202
E01001683,Bicycle,13,23,-10
E01001683,"Bus, minibus or coach",87,157,-70
E01001683,Driving a car or van,179,260,-81
E01001683,"Motorcycle, scooter or moped",3,13,-10
E01001683,Not in employment or aged 15 years and under,840,509,331
E01001683,On foot,30,61,-31
E01001683,Other method of travel to work,7,4,3
E01001683,Passenger in a car or van,20,30,-10
E01001683,Taxi,1,4,-3
E01001683,Train,55,152,-97
E01001683,"Underground, metro, light rail, tram",59,80,-21
E01001683,Work mainly at or from home,257,29,228
E01001684,Bicycle,9,6,3
E01001684,"Bus, minibus or coach",87,143,-56
E01001684,Driving a car or van,212,292,-80
E01001684,"Motorcycle, scooter or moped",4,6,-2
E01001684,Not in employment or aged 15 years and under,774,406,368
E01001684,On foot,33,34,-1
E01001684,Other method of travel to work,13,7,6
E01001684,Passenger in a car or van,30,15,15
E01001684,Taxi,5,5,0
E01001684,Train,40,94,-54
E01001684,"Underground, metro, light rail, tram",45,51,-6
E01001684,Work mainly at or from home,193,8,185
E01001685,Bicycle,6,10,-4
E01001685,"Bus, minibus or coach",87,127,-40
E01001685,Driving a car or van,225,284,-59
E01001685,"Motorcycle, scooter or moped",3,12,-9
E01001685,Not in employment or aged 15 years and under,814,436,378
E01001685,On foot,33,46,-13
E01001685,Other method of travel to work,6,4,2
E01001685,Passenger in a car or van,10,22,-12
E01001685,Taxi,2,2,0
E01001685,Train,51,126,-75
E01001685,"Underground, metro, light rail, tram",81,54,27
E01001685,Work mainly at or from home,236,19,217
E01001686,Bicycle,18,24,-6
E01001686,"Bus, minibus or coach",95,153,-58
E01001686,Driving a car or van,192,254,-62
E01001686,"Motorcycle, scooter or moped",2,12,-10
E01001686,Not in employment or aged 15 years and under,883,512,371
E01001686,On foot,43,32,11
E01001686,Other method of travel to work,14,6,8
E01001686,Passenger in a car or van,10,11,-1
E01001686,Taxi,4,4,0
E01001686,Train,76,146,-70
E01001686,"Underground, metro, light rail, tram",128,138,-10
E01001686,Work mainly at or from home,332,26,306
E01001687,Bicycle,14,6,8
E01001687,"Bus, minibus or coach",90,113,-23
E01001687,Driving a car or van,149,145,4
E01001687,"Motorcycle, scooter or moped",13,8,5
E01001687,Not in employment or aged 15 years and under,1037,346,691
E01001687,On foot,37,44,-7
E01001687,Other method of travel to work,17,2,15
E01001687,Passenger in a car or van,11,7,4
E01001687,Taxi,10,4,6
E01001687,Train,59,114,-55
E01001687,"Underground, metro, light rail, tram",78,71,7
E01001687,Work mainly at or from home,142,18,124
E01001688,Bicycle,13,7,6
E01001688,"Bus, minibus or coach",180,217,-37
E01001688,Driving a car or van,330,331,-1
E01001688,"Motorcycle, scooter or moped",7,10,-3
E01001688,Not in employment or aged 15 years and under,1550,564,986
E01001688,On foot,44,40,4
E01001688,Other method of travel to work,26,7,19
E01001688,Passenger in a car or van,12,20,-8
E01001688,Taxi,6,4,2
E01001688,Train,108,248,-140
E01001688,"Underground, metro, light rail, tram",105,197,-92
E01001688,Work mainly at or from home,285,36,249
E01001690,Bicycle,23,10,13
E01001690,"Bus, minibus or coach",168,215,-47
E01001690,Driving a car or van,214,254,-40
E01001690,"Motorcycle, scooter or moped",4,7,-3
E01001690,Not in employment or aged 15 years and under,921,513,408
E01001690,On foot,22,29,-7
E01001690,Other method of travel to work,13,3,10
E01001690,Passenger in a car or van,21,20,1
E01001690,Taxi,15,6,9
E01001690,Train,99,152,-53
E01001690,"Underground, metro, light rail, tram",74,156,-82
E01001690,Work mainly at or from home,146,13,133
E01001692,Bicycle,12,4,8
E01001692,"Bus, minibus or coach",137,137,0
E01001692,Driving a car or van,168,148,20
E01001692,"Motorcycle, scooter or moped",3,6,-3
E01001692,Not in employment or aged 15 years and under,880,431,449
E01001692,On foot,44,45,-1
E01001692,Other method of travel to work,7,1,6
E01001692,Passenger in a car or van,21,20,1
E01001692,Taxi,2,0,2
E01001692,Train,47,85,-38
E01001692,"Underground, metro, light rail, tram",60,77,-17
E01001692,Work mainly at or from home,90,15,75
E01001693,Bicycle,5,6,-1
E01001693,"Bus, minibus or coach",139,184,-45
E01001693,Driving a car or van,165,175,-10
E01001693,"Motorcycle, scooter or moped",2,0,2
E01001693,Not in employment or aged 15 years and under,950,450,500
E01001693,On foot,32,30,2
E01001693,Other method of travel to work,8,1,7
E01001693,Passenger in a car or van,9,14,-5
E01001693,Taxi,2,3,-1
E01001693,Train,76,112,-36
E01001693,"Underground, metro, light rail, tram",66,79,-13
E01001693,Work mainly at or from home,105,18,87
E01001694,Bicycle,5,10,-5
E01001694,"Bus, minibus or coach",163,165,-2
E01001694,Driving a car or van,267,249,18
E01001694,"Motorcycle, scooter or moped",4,9,-5
E01001694,Not in employment or aged 15 years and under,931,473,458
E01001694,On foot,28,36,-8
E01001694,Other method of travel to work,17,5,12
E01001694,Passenger in a car or van,15,30,-15
E01001694,Taxi,1,1,0
E01001694,Train,58,114,-56
E01001694,"Underground, metro, light rail, tram",86,103,-17
E01001694,Work mainly at or from home,165,20,145
E01001695,Bicycle,17,17,0
E01001695,"Bus, minibus or coach",116,194,-78
E01001695,Driving a car or van,187,164,23
E01001695,"Motorcycle, scooter or moped",5,4,1
E01001695,Not in employment or aged 15 years and under,778,544,234
E01001695,On foot,75,57,18
E01001695,Other method of travel to work,12,6,6
E01001695,Passenger in a car or van,13,7,6
E01001695,Taxi,5,1,4
E01001695,Train,119,115,4
E01001695,"Underground, metro, light rail, tram",99,76,23
E01001695,Work mainly at or from home,125,20,105
E01001696,Bicycle,14,8,6
E01001696,"Bus, minibus or coach",158,152,6
E01001696,Driving a car or van,136,105,31
E01001696,"Motorcycle, scooter or moped",4,1,3
E01001696,Not in employment or aged 15 years and under,1169,466,703
E01001696,On foot,55,41,14
E01001696,Other method of travel to work,18,0,18
E01001696,Passenger in a car or van,10,6,4
E01001696,Taxi,5,3,2
E01001696,Train,134,89,45
E01001696,"Underground, metro, light rail, tram",221,60,161
E01001696,Work mainly at or from home,639,19,620
E01001697,Bicycle,10,12,-2
E01001697,"Bus, minibus or coach",214,254,-40
E01001697,Driving a car or van,261,188,73
E01001697,"Motorcycle, scooter or moped",14,4,10
E01001697,Not in employment or aged 15 years and under,1349,610,739
E01001697,On foot,86,60,26
E01001697,Other method of travel to work,11,8,3
E01001697,Passenger in a car or van,20,13,7
E01001697,Taxi,6,2,4
E01001697,Train,126,157,-31
E01001697,"Underground, metro, light rail, tram",186,166,20
E01001697,Work mainly at or from home,356,33,323
E01001698,Bicycle,23,18,5
E01001698,"Bus, minibus or coach",182,192,-10
E01001698,Driving a car or van,183,162,21
E01001698,"Motorcycle, scooter or moped",2,8,-6
E01001698,Not in employment or aged 15 years and under,1109,558,551
E01001698,On foot,40,47,-7
E01001698,Other method of travel to work,9,4,5
E01001698,Passenger in a car or van,14,8,6
E01001698,Taxi,4,1,3
E01001698,Train,55,121,-66
E01001698,"Underground, metro, light rail, tram",87,103,-16
E01001698,Work mainly at or from home,205,18,187
E01001699,Bicycle,15,26,-11
E01001699,"Bus, minibus or coach",81,120,-39
E01001699,Driving a car or van,107,140,-33
E01001699,"Motorcycle, scooter or moped",2,5,-3
E01001699,Not in employment or aged 15 years and under,709,429,280
E01001699,On foot,123,277,-154
E01001699,Other method of travel to work,5,28,-23
E01001699,Passenger in a car or van,5,9,-4
E01001699,Taxi,5,4,1
E01001699,Train,45,138,-93
E01001699,"Underground, metro, light rail, tram",83,118,-35
E01001699,Work mainly at or from home,284,122,162
E01001700,Bicycle,19,21,-2
E01001700,"Bus, minibus or coach",191,253,-62
E01001700,Driving a car or van,210,189,21
E01001700,"Motorcycle, scooter or moped",4,2,2
E01001700,Not in employment or aged 15 years and under,1307,554,753
E01001700,On foot,58,61,-3
E01001700,Other method of travel to work,20,16,4
E01001700,Passenger in a car or van,17,16,1
E01001700,Taxi,1,1,0
E01001700,Train,105,166,-61
E01001700,"Underground, metro, light rail, tram",153,148,5
E01001700,Work mainly at or from home,281,20,261
E01001701,Bicycle,40,50,-10
E01001701,"Bus, minibus or coach",87,94,-7
E01001701,Driving a car or van,192,163,29
E01001701,"Motorcycle, scooter or moped",4,8,-4
E01001701,Not in employment or aged 15 years and under,868,415,453
E01001701,On foot,69,90,-21
E01001701,Other method of travel to work,8,2,6
E01001701,Passenger in a car or van,8,13,-5
E01001701,Taxi,0,2,-2
E01001701,Train,66,80,-14
E01001701,"Underground, metro, light rail, tram",76,77,-1
E01001701,Work mainly at or from home,343,22,321
E01001702,Bicycle,3,6,-3
E01001702,"Bus, minibus or coach",106,155,-49
E01001702,Driving a car or van,160,128,32
E01001702,"Motorcycle, scooter or moped",3,1,2
E01001702,Not in employment or aged 15 years and under,897,537,360
E01001702,On foot,47,52,-5
E01001702,Other method of travel to work,7,4,3
E01001702,Passenger in a car or van,17,22,-5
E01001702,Taxi,1,1,0
E01001702,Train,74,66,8
E01001702,"Underground, metro, light rail, tram",59,70,-11
E01001702,Work mainly at or from home,111,24,87
E01001703,Bicycle,7,9,-2
E01001703,"Bus, minibus or coach",192,241,-49
E01001703,Driving a car or van,202,164,38
E01001703,"Motorcycle, scooter or moped",6,4,2
E01001703,Not in employment or aged 15 years and under,1262,589,673
E01001703,On foot,55,33,22
E01001703,Other method of travel to work,13,4,9
E01001703,Passenger in a car or van,10,5,5
E01001703,Taxi,2,1,1
E01001703,Train,96,124,-28
E01001703,"Underground, metro, light rail, tram",114,94,20
E01001703,Work mainly at or from home,119,16,103
E01001704,Bicycle,10,14,-4
E01001704,"Bus, minibus or coach",93,145,-52
E01001704,Driving a car or van,158,236,-78
E01001704,"Motorcycle, scooter or moped",1,5,-4
E01001704,Not in employment or aged 15 years and under,867,460,407
E01001704,On foot,37,58,-21
E01001704,Other method of travel to work,9,6,3
E01001704,Passenger in a car or van,15,19,-4
E01001704,Taxi,2,2,0
E01001704,Train,58,150,-92
E01001704,"Underground, metro, light rail, tram",86,92,-6
E01001704,Work mainly at or from home,310,42,268
E01001705,Bicycle,8,10,-2
E01001705,"Bus, minibus or coach",196,202,-6
E01001705,Driving a car or van,212,175,37
E01001705,"Motorcycle, scooter or moped",13,6,7
E01001705,Not in employment or aged 15 years and under,1264,638,626
E01001705,On foot,52,64,-12
E01001705,Other method of travel to work,19,2,17
E01001705,Passenger in a car or van,12,5,7
E01001705,Taxi,5,4,1
E01001705,Train,97,130,-33
E01001705,"Underground, metro, light rail, tram",123,101,22
E01001705,Work mainly at or from home,245,23,222
E01001708,Bicycle,19,24,-5
E01001708,"Bus, minibus or coach",84,135,-51
E01001708,Driving a car or van,159,221,-62
E01001708,"Motorcycle, scooter or moped",7,11,-4
E01001708,Not in employment or aged 15 years and under,853,407,446
E01001708,On foot,60,71,-11
E01001708,Other method of travel to work,12,3,9
E01001708,Passenger in a car or van,8,16,-8
E01001708,Taxi,5,4,1
E01001708,Train,50,104,-54
E01001708,"Underground, metro, light rail, tram",88,136,-48
E01001708,Work mainly at or from home,354,47,307
E01001710,Bicycle,13,2,11
E01001710,"Bus, minibus or coach",147,174,-27
E01001710,Driving a car or van,155,118,37
E01001710,"Motorcycle, scooter or moped",1,1,0
E01001710,Not in employment or aged 15 years and under,1052,572,480
E01001710,On foot,55,44,11
E01001710,Other method of travel to work,4,5,-1
E01001710,Passenger in a car or van,17,9,8
E01001710,Taxi,3,2,1
E01001710,Train,96,97,-1
E01001710,"Underground, metro, light rail, tram",104,91,13
E01001710,Work mainly at or from home,102,14,88
E01001712,Bicycle,12,12,0
E01001712,"Bus, minibus or coach",183,173,10
E01001712,Driving a car or van,194,189,5
E01001712,"Motorcycle, scooter or moped",6,2,4
E01001712,Not in employment or aged 15 years and under,1142,613,529
E01001712,On foot,59,58,1
E01001712,Other method of travel to work,10,13,-3
E01001712,Passenger in a car or van,14,6,8
E01001712,Taxi,7,0,7
E01001712,Train,99,181,-82
E01001712,"Underground, metro, light rail, tram",132,193,-61
E01001712,Work mainly at or from home,257,43,214
E01001714,Bicycle,63,42,21
E01001714,"Bus, minibus or coach",132,200,-68
E01001714,Driving a car or van,110,86,24
E01001714,"Motorcycle, scooter or moped",4,4,0
E01001714,Not in employment or aged 15 years and under,936,493,443
E01001714,On foot,43,33,10
E01001714,Other method of travel to work,15,3,12
E01001714,Passenger in a car or van,4,1,3
E01001714,Taxi,14,3,11
E01001714,Train,56,44,12
E01001714,"Underground, metro, light rail, tram",160,228,-68
E01001714,Work mainly at or from home,520,12,508
E01001715,Bicycle,59,99,-40
E01001715,"Bus, minibus or coach",62,160,-98
E01001715,Driving a car or van,39,84,-45
E01001715,"Motorcycle, scooter or moped",1,6,-5
E01001715,Not in employment or aged 15 years and under,401,239,162
E01001715,On foot,38,26,12
E01001715,Other method of travel to work,5,7,-2
E01001715,Passenger in a car or van,3,5,-2
E01001715,Taxi,4,2,2
E01001715,Train,23,77,-54
E01001715,"Underground, metro, light rail, tram",98,446,-348
E01001715,Work mainly at or from home,553,41,512
E01001716,Bicycle,46,50,-4
E01001716,"Bus, minibus or coach",97,139,-42
E01001716,Driving a car or van,59,59,0
E01001716,"Motorcycle, scooter or moped",8,4,4
E01001716,Not in employment or aged 15 years and under,907,345,562
E01001716,On foot,48,36,12
E01001716,Other method of travel to work,9,2,7
E01001716,Passenger in a car or van,2,9,-7
E01001716,Taxi,1,1,0
E01001716,Train,24,82,-58
E01001716,"Underground, metro, light rail, tram",120,331,-211
E01001716,Work mainly at or from home,465,32,433
E01001717,Bicycle,42,73,-31
E01001717,"Bus, minibus or coach",58,120,-62
E01001717,Driving a car or van,78,97,-19
E01001717,"Motorcycle, scooter or moped",0,6,-6
E01001717,Not in employment or aged 15 years and under,512,343,169
E01001717,On foot,26,26,0
E01001717,Other method of travel to work,9,3,6
E01001717,Passenger in a car or van,6,4,2
E01001717,Taxi,4,0,4
E01001717,Train,18,40,-22
E01001717,"Underground, metro, light rail, tram",75,200,-125
E01001717,Work mainly at or from home,298,20,278
E01001718,Bicycle,72,167,-95
E01001718,"Bus, minibus or coach",51,187,-136
E01001718,Driving a car or van,58,93,-35
E01001718,"Motorcycle, scooter or moped",3,12,-9
E01001718,Not in employment or aged 15 years and under,556,313,243
E01001718,On foot,44,65,-21
E01001718,Other method of travel to work,6,7,-1
E01001718,Passenger in a car or van,1,3,-2
E01001718,Taxi,9,4,5
E01001718,Train,26,115,-89
E01001718,"Underground, metro, light rail, tram",161,575,-414
E01001718,Work mainly at or from home,745,56,689
E01001719,Bicycle,58,55,3
E01001719,"Bus, minibus or coach",105,158,-53
E01001719,Driving a car or van,77,49,28
E01001719,"Motorcycle, scooter or moped",4,4,0
E01001719,Not in employment or aged 15 years and under,753,331,422
E01001719,On foot,43,53,-10
E01001719,Other method of travel to work,5,3,2
E01001719,Passenger in a car or van,3,4,-1
E01001719,Taxi,5,4,1
E01001719,Train,30,39,-9
E01001719,"Underground, metro, light rail, tram",67,156,-89
E01001719,Work mainly at or from home,484,17,467
E01001720,Bicycle,95,184,-89
E01001720,"Bus, minibus or coach",40,236,-196
E01001720,Driving a car or van,56,92,-36
E01001720,"Motorcycle, scooter or moped",2,19,-17
E01001720,Not in employment or aged 15 years and under,597,289,308
E01001720,On foot,42,55,-13
E01001720,Other method of travel to work,4,9,-5
E01001720,Passenger in a car or van,1,5,-4
E01001720,Taxi,6,4,2
E01001720,Train,16,84,-68
E01001720,"Underground, metro, light rail, tram",93,477,-384
E01001720,Work mainly at or from home,746,72,674
E01001722,Bicycle,61,120,-59
E01001722,"Bus, minibus or coach",179,288,-109
E01001722,Driving a car or van,143,104,39
E01001722,"Motorcycle, scooter or moped",4,9,-5
E01001722,Not in employment or aged 15 years and under,1306,585,721
E01001722,On foot,125,69,56
E01001722,Other method of travel to work,16,3,13
E01001722,Passenger in a car or van,10,9,1
E01001722,Taxi,6,4,2
E01001722,Train,37,84,-47
E01001722,"Underground, metro, light rail, tram",64,155,-91
E01001722,Work mainly at or from home,352,42,310
E01001723,Bicycle,68,154,-86
E01001723,"Bus, minibus or coach",86,273,-187
E01001723,Driving a car or van,97,135,-38
E01001723,"Motorcycle, scooter or moped",6,9,-3
E01001723,Not in employment or aged 15 years and under,956,475,481
E01001723,On foot,153,104,49
E01001723,Other method of travel to work,11,8,3
E01001723,Passenger in a car or van,5,20,-15
E01001723,Taxi,8,3,5
E01001723,Train,25,69,-44
E01001723,"Underground, metro, light rail, tram",74,167,-93
E01001723,Work mainly at or from home,481,56,425
E01001724,Bicycle,124,216,-92
E01001724,"Bus, minibus or coach",161,403,-242
E01001724,Driving a car or van,91,114,-23
E01001724,"Motorcycle, scooter or moped",12,7,5
E01001724,Not in employment or aged 15 years and under,1170,455,715
E01001724,On foot,205,106,99
E01001724,Other method of travel to work,19,13,6
E01001724,Passenger in a car or van,6,12,-6
E01001724,Taxi,18,0,18
E01001724,Train,62,128,-66
E01001724,"Underground, metro, light rail, tram",142,278,-136
E01001724,Work mainly at or from home,894,85,809
E01001725,Bicycle,30,57,-27
E01001725,"Bus, minibus or coach",98,181,-83
E01001725,Driving a car or van,79,99,-20
E01001725,"Motorcycle, scooter or moped",2,6,-4
E01001725,Not in employment or aged 15 years and under,1140,527,613
E01001725,On foot,175,118,57
E01001725,Other method of travel to work,6,4,2
E01001725,Passenger in a car or van,6,10,-4
E01001725,Taxi,4,3,1
E01001725,Train,26,42,-16
E01001725,"Underground, metro, light rail, tram",34,90,-56
E01001725,Work mainly at or from home,237,37,200
E01001726,Bicycle,30,32,-2
E01001726,"Bus, minibus or coach",93,175,-82
E01001726,Driving a car or van,86,91,-5
E01001726,"Motorcycle, scooter or moped",2,5,-3
E01001726,Not in employment or aged 15 years and under,795,403,392
E01001726,On foot,73,63,10
E01001726,Other method of travel to work,13,2,11
E01001726,Passenger in a car or van,8,4,4
E01001726,Taxi,2,0,2
E01001726,Train,16,48,-32
E01001726,"Underground, metro, light rail, tram",48,89,-41
E01001726,Work mainly at or from home,167,14,153
E01001727,Bicycle,43,116,-73
E01001727,"Bus, minibus or coach",84,154,-70
E01001727,Driving a car or van,101,126,-25
E01001727,"Motorcycle, scooter or moped",8,9,-1
E01001727,Not in employment or aged 15 years and under,1199,456,743
E01001727,On foot,166,123,43
E01001727,Other method of travel to work,7,7,0
E01001727,Passenger in a car or van,23,6,17
E01001727,Taxi,8,4,4
E01001727,Train,23,59,-36
E01001727,"Underground, metro, light rail, tram",37,132,-95
E01001727,Work mainly at or from home,286,50,236
E01001728,Bicycle,18,27,-9
E01001728,"Bus, minibus or coach",123,193,-70
E01001728,Driving a car or van,112,93,19
E01001728,"Motorcycle, scooter or moped",0,8,-8
E01001728,Not in employment or aged 15 years and under,1266,574,692
E01001728,On foot,212,166,46
E01001728,Other method of travel to work,13,3,10
E01001728,Passenger in a car or van,13,10,3
E01001728,Taxi,5,5,0
E01001728,Train,14,32,-18
E01001728,"Underground, metro, light rail, tram",30,46,-16
E01001728,Work mainly at or from home,173,36,137
E01001729,Bicycle,60,64,-4
E01001729,"Bus, minibus or coach",121,263,-142
E01001729,Driving a car or van,97,129,-32
E01001729,"Motorcycle, scooter or moped",5,10,-5
E01001729,Not in employment or aged 15 years and under,1116,665,451
E01001729,On foot,90,78,12
E01001729,Other method of travel to work,12,5,7
E01001729,Passenger in a car or van,4,13,-9
E01001729,Taxi,6,0,6
E01001729,Train,68,90,-22
E01001729,"Underground, metro, light rail, tram",95,144,-49
E01001729,Work mainly at or from home,315,13,302
E01001730,Bicycle,88,48,40
E01001730,"Bus, minibus or coach",173,227,-54
E01001730,Driving a car or van,117,97,20
E01001730,"Motorcycle, scooter or moped",5,7,-2
E01001730,Not in employment or aged 15 years and under,1552,653,899
E01001730,On foot,155,73,82
E01001730,Other method of travel to work,8,4,4
E01001730,Passenger in a car or van,3,14,-11
E01001730,Taxi,6,1,5
E01001730,Train,137,69,68
E01001730,"Underground, metro, light rail, tram",127,126,1
E01001730,Work mainly at or from home,393,19,374
E01001731,Bicycle,107,205,-98
E01001731,"Bus, minibus or coach",175,318,-143
E01001731,Driving a car or van,128,121,7
E01001731,"Motorcycle, scooter or moped",4,11,-7
E01001731,Not in employment or aged 15 years and under,1157,623,534
E01001731,On foot,131,114,17
E01001731,Other method of travel to work,18,7,11
E01001731,Passenger in a car or van,5,1,4
E01001731,Taxi,8,2,6
E01001731,Train,68,88,-20
E01001731,"Underground, metro, light rail, tram",139,228,-89
E01001731,Work mainly at or from home,727,50,677
E01001732,Bicycle,56,80,-24
E01001732,"Bus, minibus or coach",162,217,-55
E01001732,Driving a car or van,103,89,14
E01001732,"Motorcycle, scooter or moped",4,1,3
E01001732,Not in employment or aged 15 years and under,1073,581,492
E01001732,On foot,95,76,19
E01001732,Other method of travel to work,13,6,7
E01001732,Passenger in a car or van,3,4,-1
E01001732,Taxi,4,0,4
E01001732,Train,54,53,1
E01001732,"Underground, metro, light rail, tram",74,88,-14
E01001732,Work mainly at or from home,262,19,243
E01001733,Bicycle,118,193,-75
E01001733,"Bus, minibus or coach",65,213,-148
E01001733,Driving a car or van,69,121,-52
E01001733,"Motorcycle, scooter or moped",2,10,-8
E01001733,Not in employment or aged 15 years and under,787,452,335
E01001733,On foot,74,71,3
E01001733,Other method of travel to work,12,4,8
E01001733,Passenger in a car or van,4,13,-9
E01001733,Taxi,6,2,4
E01001733,Train,53,69,-16
E01001733,"Underground, metro, light rail, tram",111,209,-98
E01001733,Work mainly at or from home,571,54,517
E01001734,Bicycle,99,172,-73
E01001734,"Bus, minibus or coach",133,298,-165
E01001734,Driving a car or van,88,76,12
E01001734,"Motorcycle, scooter or moped",4,10,-6
E01001734,Not in employment or aged 15 years and under,722,508,214
E01001734,On foot,84,88,-4
E01001734,Other method of travel to work,8,7,1
E01001734,Passenger in a car or van,4,10,-6
E01001734,Taxi,6,4,2
E01001734,Train,39,75,-36
E01001734,"Underground, metro, light rail, tram",132,193,-61
E01001734,Work mainly at or from home,513,59,454
E01001735,Bicycle,72,126,-54
E01001735,"Bus, minibus or coach",74,210,-136
E01001735,Driving a car or van,62,105,-43
E01001735,"Motorcycle, scooter or moped",6,6,0
E01001735,Not in employment or aged 15 years and under,770,456,314
E01001735,On foot,107,87,20
E01001735,Other method of travel to work,11,10,1
E01001735,Passenger in a car or van,3,4,-1
E01001735,Taxi,10,1,9
E01001735,Train,31,53,-22
E01001735,"Underground, metro, light rail, tram",44,125,-81
E01001735,Work mainly at or from home,384,46,338
E01001736,Bicycle,96,197,-101
E01001736,"Bus, minibus or coach",78,275,-197
E01001736,Driving a car or van,60,98,-38
E01001736,"Motorcycle, scooter or moped",7,11,-4
E01001736,Not in employment or aged 15 years and under,605,384,221
E01001736,On foot,41,76,-35
E01001736,Other method of travel to work,0,7,-7
E01001736,Passenger in a car or van,3,5,-2
E01001736,Taxi,8,5,3
E01001736,Train,21,44,-23
E01001736,"Underground, metro, light rail, tram",39,152,-113
E01001736,Work mainly at or from home,591,56,535
E01001737,Bicycle,99,230,-131
E01001737,"Bus, minibus or coach",71,347,-276
E01001737,Driving a car or van,55,92,-37
E01001737,"Motorcycle, scooter or moped",8,19,-11
E01001737,Not in employment or aged 15 years and under,733,348,385
E01001737,On foot,60,73,-13
E01001737,Other method of travel to work,4,7,-3
E01001737,Passenger in a car or van,5,9,-4
E01001737,Taxi,6,6,0
E01001737,Train,20,53,-33
E01001737,"Underground, metro, light rail, tram",53,186,-133
E01001737,Work mainly at or from home,656,92,564
E01001738,Bicycle,75,174,-99
E01001738,"Bus, minibus or coach",105,339,-234
E01001738,Driving a car or van,66,107,-41
E01001738,"Motorcycle, scooter or moped",6,9,-3
E01001738,Not in employment or aged 15 years and under,674,373,301
E01001738,On foot,66,62,4
E01001738,Other method of travel to work,6,5,1
E01001738,Passenger in a car or van,4,6,-2
E01001738,Taxi,7,3,4
E01001738,Train,7,59,-52
E01001738,"Underground, metro, light rail, tram",54,207,-153
E01001738,Work mainly at or from home,665,70,595
E01001739,Bicycle,110,262,-152
E01001739,"Bus, minibus or coach",69,410,-341
E01001739,Driving a car or van,62,115,-53
E01001739,"Motorcycle, scooter or moped",6,12,-6
E01001739,Not in employment or aged 15 years and under,746,439,307
E01001739,On foot,70,97,-27
E01001739,Other method of travel to work,9,5,4
E01001739,Passenger in a car or van,12,3,9
E01001739,Taxi,0,2,-2
E01001739,Train,17,55,-38
E01001739,"Underground, metro, light rail, tram",65,178,-113
E01001739,Work mainly at or from home,807,97,710
E01001740,Bicycle,52,67,-15
E01001740,"Bus, minibus or coach",144,234,-90
E01001740,Driving a car or van,89,82,7
E01001740,"Motorcycle, scooter or moped",5,6,-1
E01001740,Not in employment or aged 15 years and under,807,514,293
E01001740,On foot,50,66,-16
E01001740,Other method of travel to work,6,4,2
E01001740,Passenger in a car or van,2,4,-2
E01001740,Taxi,4,3,1
E01001740,Train,38,36,2
E01001740,"Underground, metro, light rail, tram",62,102,-40
E01001740,Work mainly at or from home,288,20,268
E01001741,Bicycle,65,187,-122
E01001741,"Bus, minibus or coach",52,246,-194
E01001741,Driving a car or van,56,106,-50
E01001741,"Motorcycle, scooter or moped",6,16,-10
E01001741,Not in employment or aged 15 years and under,601,280,321
E01001741,On foot,48,60,-12
E01001741,Other method of travel to work,7,6,1
E01001741,Passenger in a car or van,2,7,-5
E01001741,Taxi,7,2,5
E01001741,Train,15,33,-18
E01001741,"Underground, metro, light rail, tram",21,126,-105
E01001741,Work mainly at or from home,563,80,483
E01001742,Bicycle,78,164,-86
E01001742,"Bus, minibus or coach",109,312,-203
E01001742,Driving a car or van,74,107,-33
E01001742,"Motorcycle, scooter or moped",5,12,-7
E01001742,Not in employment or aged 15 years and under,781,461,320
E01001742,On foot,60,83,-23
E01001742,Other method of travel to work,20,5,15
E01001742,Passenger in a car or van,6,6,0
E01001742,Taxi,2,4,-2
E01001742,Train,19,47,-28
E01001742,"Underground, metro, light rail, tram",54,158,-104
E01001742,Work mainly at or from home,547,57,490
E01001744,Bicycle,107,166,-59
E01001744,"Bus, minibus or coach",87,303,-216
E01001744,Driving a car or van,73,106,-33
E01001744,"Motorcycle, scooter or moped",8,9,-1
E01001744,Not in employment or aged 15 years and under,949,498,451
E01001744,On foot,61,77,-16
E01001744,Other method of travel to work,16,10,6
E01001744,Passenger in a car or van,3,8,-5
E01001744,Taxi,5,6,-1
E01001744,Train,38,78,-40
E01001744,"Underground, metro, light rail, tram",75,161,-86
E01001744,Work mainly at or from home,583,45,538
E01001745,Bicycle,85,177,-92
E01001745,"Bus, minibus or coach",147,378,-231
E01001745,Driving a car or van,102,104,-2
E01001745,"Motorcycle, scooter or moped",3,9,-6
E01001745,Not in employment or aged 15 years and under,1088,645,443
E01001745,On foot,89,89,0
E01001745,Other method of travel to work,17,8,9
E01001745,Passenger in a car or van,7,3,4
E01001745,Taxi,18,6,12
E01001745,Train,62,74,-12
E01001745,"Underground, metro, light rail, tram",76,171,-95
E01001745,Work mainly at or from home,465,51,414
E01001746,Bicycle,49,46,3
E01001746,"Bus, minibus or coach",150,200,-50
E01001746,Driving a car or van,94,102,-8
E01001746,"Motorcycle, scooter or moped",5,5,0
E01001746,Not in employment or aged 15 years and under,1012,513,499
E01001746,On foot,56,69,-13
E01001746,Other method of travel to work,3,7,-4
E01001746,Passenger in a car or van,7,6,1
E01001746,Taxi,5,2,3
E01001746,Train,60,63,-3
E01001746,"Underground, metro, light rail, tram",77,85,-8
E01001746,Work mainly at or from home,169,21,148
E01001747,Bicycle,132,234,-102
E01001747,"Bus, minibus or coach",131,367,-236
E01001747,Driving a car or van,63,88,-25
E01001747,"Motorcycle, scooter or moped",5,9,-4
E01001747,Not in employment or aged 15 years and under,907,563,344
E01001747,On foot,79,100,-21
E01001747,Other method of travel to work,14,2,12
E01001747,Passenger in a car or van,0,4,-4
E01001747,Taxi,10,8,2
E01001747,Train,40,93,-53
E01001747,"Underground, metro, light rail, tram",121,249,-128
E01001747,Work mainly at or from home,825,75,750
E01001749,Bicycle,78,264,-186
E01001749,"Bus, minibus or coach",54,243,-189
E01001749,Driving a car or van,46,75,-29
E01001749,"Motorcycle, scooter or moped",8,12,-4
E01001749,Not in employment or aged 15 years and under,612,354,258
E01001749,On foot,70,98,-28
E01001749,Other method of travel to work,6,4,2
E01001749,Passenger in a car or van,1,9,-8
E01001749,Taxi,6,1,5
E01001749,Train,27,56,-29
E01001749,"Underground, metro, light rail, tram",51,200,-149
E01001749,Work mainly at or from home,527,95,432
E01001750,Bicycle,83,152,-69
E01001750,"Bus, minibus or coach",92,277,-185
E01001750,Driving a car or van,84,95,-11
E01001750,"Motorcycle, scooter or moped",7,13,-6
E01001750,Not in employment or aged 15 years and under,906,499,407
E01001750,On foot,100,110,-10
E01001750,Other method of travel to work,11,13,-2
E01001750,Passenger in a car or van,7,6,1
E01001750,Taxi,11,12,-1
E01001750,Train,30,71,-41
E01001750,"Underground, metro, light rail, tram",89,190,-101
E01001750,Work mainly at or from home,702,66,636
E01001751,Bicycle,74,198,-124
E01001751,"Bus, minibus or coach",32,307,-275
E01001751,Driving a car or van,46,102,-56
E01001751,"Motorcycle, scooter or moped",4,17,-13
E01001751,Not in employment or aged 15 years and under,539,253,286
E01001751,On foot,71,134,-63
E01001751,Other method of travel to work,5,2,3
E01001751,Passenger in a car or van,2,3,-1
E01001751,Taxi,6,11,-5
E01001751,Train,16,36,-20
E01001751,"Underground, metro, light rail, tram",35,164,-129
E01001751,Work mainly at or from home,646,91,555
E01001753,Bicycle,41,68,-27
E01001753,"Bus, minibus or coach",120,227,-107
E01001753,Driving a car or van,100,82,18
E01001753,"Motorcycle, scooter or moped",2,0,2
E01001753,Not in employment or aged 15 years and under,882,560,322
E01001753,On foot,66,71,-5
E01001753,Other method of travel to work,13,6,7
E01001753,Passenger in a car or van,9,12,-3
E01001753,Taxi,2,1,1
E01001753,Train,32,45,-13
E01001753,"Underground, metro, light rail, tram",43,91,-48
E01001753,Work mainly at or from home,228,22,206
E01001755,Bicycle,60,54,6
E01001755,"Bus, minibus or coach",109,234,-125
E01001755,Driving a car or van,87,73,14
E01001755,"Motorcycle, scooter or moped",3,3,0
E01001755,Not in employment or aged 15 years and under,842,557,285
E01001755,On foot,75,157,-82
E01001755,Other method of travel to work,11,9,2
E01001755,Passenger in a car or van,5,6,-1
E01001755,Taxi,3,3,0
E01001755,Train,28,46,-18
E01001755,"Underground, metro, light rail, tram",61,145,-84
E01001755,Work mainly at or from home,394,33,361
E01001756,Bicycle,124,245,-121
E01001756,"Bus, minibus or coach",77,406,-329
E01001756,Driving a car or van,72,88,-16
E01001756,"Motorcycle, scooter or moped",7,15,-8
E01001756,Not in employment or aged 15 years and under,720,455,265
E01001756,On foot,71,155,-84
E01001756,Other method of travel to work,13,8,5
E01001756,Passenger in a car or van,4,1,3
E01001756,Taxi,11,5,6
E01001756,Train,33,78,-45
E01001756,"Underground, metro, light rail, tram",78,309,-231
E01001756,Work mainly at or from home,826,91,735
E01001757,Bicycle,51,38,13
E01001757,"Bus, minibus or coach",182,242,-60
E01001757,Driving a car or van,90,82,8
E01001757,"Motorcycle, scooter or moped",3,3,0
E01001757,Not in employment or aged 15 years and under,902,546,356
E01001757,On foot,60,100,-40
E01001757,Other method of travel to work,14,8,6
E01001757,Passenger in a car or van,4,5,-1
E01001757,Taxi,4,4,0
E01001757,Train,63,94,-31
E01001757,"Underground, metro, light rail, tram",46,109,-63
E01001757,Work mainly at or from home,169,31,138
E01001758,Bicycle,69,142,-73
E01001758,"Bus, minibus or coach",144,248,-104
E01001758,Driving a car or van,116,102,14
E01001758,"Motorcycle, scooter or moped",5,7,-2
E01001758,Not in employment or aged 15 years and under,1360,617,743
E01001758,On foot,105,89,16
E01001758,Other method of travel to work,12,10,2
E01001758,Passenger in a car or van,2,6,-4
E01001758,Taxi,8,2,6
E01001758,Train,99,138,-39
E01001758,"Underground, metro, light rail, tram",115,165,-50
E01001758,Work mainly at or from home,583,22,561
E01001759,Bicycle,86,188,-102
E01001759,"Bus, minibus or coach",87,192,-105
E01001759,Driving a car or van,73,91,-18
E01001759,"Motorcycle, scooter or moped",4,11,-7
E01001759,Not in employment or aged 15 years and under,734,505,229
E01001759,On foot,46,86,-40
E01001759,Other method of travel to work,7,15,-8
E01001759,Passenger in a car or van,5,9,-4
E01001759,Taxi,9,2,7
E01001759,Train,38,101,-63
E01001759,"Underground, metro, light rail, tram",70,171,-101
E01001759,Work mainly at or from home,487,56,431
E01001760,Bicycle,91,122,-31
E01001760,"Bus, minibus or coach",125,311,-186
E01001760,Driving a car or van,77,95,-18
E01001760,"Motorcycle, scooter or moped",6,14,-8
E01001760,Not in employment or aged 15 years and under,767,463,304
E01001760,On foot,81,86,-5
E01001760,Other method of travel to work,7,4,3
E01001760,Passenger in a car or van,4,8,-4
E01001760,Taxi,3,1,2
E01001760,Train,40,92,-52
E01001760,"Underground, metro, light rail, tram",118,163,-45
E01001760,Work mainly at or from home,570,49,521
E01001761,Bicycle,71,160,-89
E01001761,"Bus, minibus or coach",81,226,-145
E01001761,Driving a car or van,90,91,-1
E01001761,"Motorcycle, scooter or moped",6,7,-1
E01001761,Not in employment or aged 15 years and under,927,555,372
E01001761,On foot,75,73,2
E01001761,Other method of travel to work,4,7,-3
E01001761,Passenger in a car or van,6,10,-4
E01001761,Taxi,6,3,3
E01001761,Train,49,118,-69
E01001761,"Underground, metro, light rail, tram",69,147,-78
E01001761,Work mainly at or from home,437,53,384
E01001762,Bicycle,94,252,-158
E01001762,"Bus, minibus or coach",65,261,-196
E01001762,Driving a car or van,53,81,-28
E01001762,"Motorcycle, scooter or moped",4,10,-6
E01001762,Not in employment or aged 15 years and under,590,441,149
E01001762,On foot,67,85,-18
E01001762,Other method of travel to work,12,8,4
E01001762,Passenger in a car or van,3,6,-3
E01001762,Taxi,10,1,9
E01001762,Train,40,121,-81
E01001762,"Underground, metro, light rail, tram",85,189,-104
E01001762,Work mainly at or from home,647,53,594
E01001763,Bicycle,77,166,-89
E01001763,"Bus, minibus or coach",120,213,-93
E01001763,Driving a car or van,73,85,-12
E01001763,"Motorcycle, scooter or moped",4,15,-11
E01001763,Not in employment or aged 15 years and under,808,471,337
E01001763,On foot,84,88,-4
E01001763,Other method of travel to work,13,8,5
E01001763,Passenger in a car or van,4,4,0
E01001763,Taxi,6,2,4
E01001763,Train,43,72,-29
E01001763,"Underground, metro, light rail, tram",55,124,-69
E01001763,Work mainly at or from home,484,64,420
E01001764,Bicycle,82,145,-63
E01001764,"Bus, minibus or coach",99,215,-116
E01001764,Driving a car or van,126,102,24
E01001764,"Motorcycle, scooter or moped",5,14,-9
E01001764,Not in employment or aged 15 years and under,848,484,364
E01001764,On foot,71,66,5
E01001764,Other method of travel to work,13,5,8
E01001764,Passenger in a car or van,6,9,-3
E01001764,Taxi,4,3,1
E01001764,Train,55,98,-43
E01001764,"Underground, metro, light rail, tram",79,162,-83
E01001764,Work mainly at or from home,364,28,336
E01001765,Bicycle,34,59,-25
E01001765,"Bus, minibus or coach",125,220,-95
E01001765,Driving a car or van,113,82,31
E01001765,"Motorcycle, scooter or moped",8,0,8
E01001765,Not in employment or aged 15 years and under,1058,620,438
E01001765,On foot,64,62,2
E01001765,Other method of travel to work,10,3,7
E01001765,Passenger in a car or van,20,5,15
E01001765,Taxi,4,5,-1
E01001765,Train,52,66,-14
E01001765,"Underground, metro, light rail, tram",42,70,-28
E01001765,Work mainly at or from home,269,19,250
E01001767,Bicycle,85,157,-72
E01001767,"Bus, minibus or coach",66,192,-126
E01001767,Driving a car or van,75,88,-13
E01001767,"Motorcycle, scooter or moped",3,19,-16
E01001767,Not in employment or aged 15 years and under,761,450,311
E01001767,On foot,62,43,19
E01001767,Other method of travel to work,11,5,6
E01001767,Passenger in a car or van,3,6,-3
E01001767,Taxi,3,3,0
E01001767,Train,38,102,-64
E01001767,"Underground, metro, light rail, tram",56,130,-74
E01001767,Work mainly at or from home,443,47,396
E01001768,Bicycle,116,185,-69
E01001768,"Bus, minibus or coach",75,237,-162
E01001768,Driving a car or van,83,124,-41
E01001768,"Motorcycle, scooter or moped",5,12,-7
E01001768,Not in employment or aged 15 years and under,795,459,336
E01001768,On foot,64,74,-10
E01001768,Other method of travel to work,10,6,4
E01001768,Passenger in a car or van,2,8,-6
E01001768,Taxi,5,1,4
E01001768,Train,29,105,-76
E01001768,"Underground, metro, light rail, tram",62,209,-147
E01001768,Work mainly at or from home,620,73,547
E01001769,Bicycle,57,158,-101
E01001769,"Bus, minibus or coach",100,237,-137
E01001769,Driving a car or van,67,103,-36
E01001769,"Motorcycle, scooter or moped",5,14,-9
E01001769,Not in employment or aged 15 years and under,652,412,240
E01001769,On foot,50,84,-34
E01001769,Other method of travel to work,5,9,-4
E01001769,Passenger in a car or van,6,4,2
E01001769,Taxi,10,3,7
E01001769,Train,31,103,-72
E01001769,"Underground, metro, light rail, tram",60,125,-65
E01001769,Work mainly at or from home,482,58,424
E01001770,Bicycle,71,107,-36
E01001770,"Bus, minibus or coach",143,222,-79
E01001770,Driving a car or van,82,89,-7
E01001770,"Motorcycle, scooter or moped",5,4,1
E01001770,Not in employment or aged 15 years and under,892,603,289
E01001770,On foot,72,64,8
E01001770,Other method of travel to work,14,4,10
E01001770,Passenger in a car or van,2,5,-3
E01001770,Taxi,5,0,5
E01001770,Train,38,76,-38
E01001770,"Underground, metro, light rail, tram",57,119,-62
E01001770,Work mainly at or from home,323,40,283
E01001772,Bicycle,78,38,40
E01001772,"Bus, minibus or coach",101,139,-38
E01001772,Driving a car or van,80,62,18
E01001772,"Motorcycle, scooter or moped",0,5,-5
E01001772,Not in employment or aged 15 years and under,913,374,539
E01001772,On foot,67,51,16
E01001772,Other method of travel to work,17,4,13
E01001772,Passenger in a car or van,7,5,2
E01001772,Taxi,6,2,4
E01001772,Train,44,26,18
E01001772,"Underground, metro, light rail, tram",63,64,-1
E01001772,Work mainly at or from home,417,19,398
E01001773,Bicycle,96,131,-35
E01001773,"Bus, minibus or coach",132,283,-151
E01001773,Driving a car or van,106,89,17
E01001773,"Motorcycle, scooter or moped",3,6,-3
E01001773,Not in employment or aged 15 years and under,1023,656,367
E01001773,On foot,104,139,-35
E01001773,Other method of travel to work,14,7,7
E01001773,Passenger in a car or van,10,6,4
E01001773,Taxi,8,4,4
E01001773,Train,53,75,-22
E01001773,"Underground, metro, light rail, tram",83,178,-95
E01001773,Work mainly at or from home,845,47,798
E01001774,Bicycle,69,194,-125
E01001774,"Bus, minibus or coach",113,251,-138
E01001774,Driving a car or van,79,98,-19
E01001774,"Motorcycle, scooter or moped",1,14,-13
E01001774,Not in employment or aged 15 years and under,837,536,301
E01001774,On foot,122,212,-90
E01001774,Other method of travel to work,12,7,5
E01001774,Passenger in a car or van,3,4,-1
E01001774,Taxi,7,5,2
E01001774,Train,33,58,-25
E01001774,"Underground, metro, light rail, tram",74,214,-140
E01001774,Work mainly at or from home,634,54,580
E01001775,Bicycle,55,113,-58
E01001775,"Bus, minibus or coach",119,190,-71
E01001775,Driving a car or van,104,77,27
E01001775,"Motorcycle, scooter or moped",2,10,-8
E01001775,Not in employment or aged 15 years and under,848,586,262
E01001775,On foot,68,126,-58
E01001775,Other method of travel to work,9,0,9
E01001775,Passenger in a car or van,3,0,3
E01001775,Taxi,4,8,-4
E01001775,Train,39,53,-14
E01001775,"Underground, metro, light rail, tram",49,135,-86
E01001775,Work mainly at or from home,338,33,305
E01001776,Bicycle,66,56,10
E01001776,"Bus, minibus or coach",91,173,-82
E01001776,Driving a car or van,66,78,-12
E01001776,"Motorcycle, scooter or moped",3,8,-5
E01001776,Not in employment or aged 15 years and under,800,531,269
E01001776,On foot,99,102,-3
E01001776,Other method of travel to work,3,6,-3
E01001776,Passenger in a car or van,4,2,2
E01001776,Taxi,11,2,9
E01001776,Train,34,29,5
E01001776,"Underground, metro, light rail, tram",93,138,-45
E01001776,Work mainly at or from home,441,30,411
E01001777,Bicycle,108,137,-29
E01001777,"Bus, minibus or coach",144,290,-146
E01001777,Driving a car or van,84,85,-1
E01001777,"Motorcycle, scooter or moped",5,12,-7
E01001777,Not in employment or aged 15 years and under,1054,646,408
E01001777,On foot,134,265,-131
E01001777,Other method of travel to work,17,11,6
E01001777,Passenger in a car or van,9,9,0
E01001777,Taxi,3,4,-1
E01001777,Train,64,69,-5
E01001777,"Underground, metro, light rail, tram",124,277,-153
E01001777,Work mainly at or from home,889,69,820
E01001780,Bicycle,46,83,-37
E01001780,"Bus, minibus or coach",114,189,-75
E01001780,Driving a car or van,89,74,15
E01001780,"Motorcycle, scooter or moped",22,12,10
E01001780,Not in employment or aged 15 years and under,843,572,271
E01001780,On foot,104,213,-109
E01001780,Other method of travel to work,12,9,3
E01001780,Passenger in a car or van,3,4,-1
E01001780,Taxi,5,9,-4
E01001780,Train,41,50,-9
E01001780,"Underground, metro, light rail, tram",115,204,-89
E01001780,Work mainly at or from home,425,37,388
E01001781,Bicycle,51,66,-15
E01001781,"Bus, minibus or coach",137,171,-34
E01001781,Driving a car or van,72,65,7
E01001781,"Motorcycle, scooter or moped",4,4,0
E01001781,Not in employment or aged 15 years and under,853,623,230
E01001781,On foot,118,156,-38
E01001781,Other method of travel to work,6,6,0
E01001781,Passenger in a car or van,8,7,1
E01001781,Taxi,4,3,1
E01001781,Train,20,40,-20
E01001781,"Underground, metro, light rail, tram",65,121,-56
E01001781,Work mainly at or from home,266,23,243
E01001783,Bicycle,37,55,-18
E01001783,"Bus, minibus or coach",119,242,-123
E01001783,Driving a car or van,78,74,4
E01001783,"Motorcycle, scooter or moped",5,3,2
E01001783,Not in employment or aged 15 years and under,892,696,196
E01001783,On foot,89,161,-72
E01001783,Other method of travel to work,11,7,4
E01001783,Passenger in a car or van,4,7,-3
E01001783,Taxi,2,4,-2
E01001783,Train,40,43,-3
E01001783,"Underground, metro, light rail, tram",70,137,-67
E01001783,Work mainly at or from home,253,22,231
E01001784,Bicycle,47,100,-53
E01001784,"Bus, minibus or coach",120,214,-94
E01001784,Driving a car or van,78,85,-7
E01001784,"Motorcycle, scooter or moped",0,11,-11
E01001784,Not in employment or aged 15 years and under,897,915,-18
E01001784,On foot,110,227,-117
E01001784,Other method of travel to work,6,14,-8
E01001784,Passenger in a car or van,4,14,-10
E01001784,Taxi,2,7,-5
E01001784,Train,30,46,-16
E01001784,"Underground, metro, light rail, tram",72,215,-143
E01001784,Work mainly at or from home,400,36,364
E01001785,Bicycle,74,171,-97
E01001785,"Bus, minibus or coach",51,131,-80
E01001785,Driving a car or van,83,95,-12
E01001785,"Motorcycle, scooter or moped",2,7,-5
E01001785,Not in employment or aged 15 years and under,812,451,361
E01001785,On foot,54,54,0
E01001785,Other method of travel to work,7,4,3
E01001785,Passenger in a car or van,14,8,6
E01001785,Taxi,5,1,4
E01001785,Train,39,53,-14
E01001785,"Underground, metro, light rail, tram",68,129,-61
E01001785,Work mainly at or from home,385,31,354
E01001786,Bicycle,56,41,15
E01001786,"Bus, minibus or coach",152,263,-111
E01001786,Driving a car or van,141,123,18
E01001786,"Motorcycle, scooter or moped",3,3,0
E01001786,Not in employment or aged 15 years and under,1220,609,611
E01001786,On foot,79,65,14
E01001786,Other method of travel to work,7,4,3
E01001786,Passenger in a car or van,13,9,4
E01001786,Taxi,10,2,8
E01001786,Train,58,47,11
E01001786,"Underground, metro, light rail, tram",96,84,12
E01001786,Work mainly at or from home,388,14,374
E01001787,Bicycle,44,35,9
E01001787,"Bus, minibus or coach",141,195,-54
E01001787,Driving a car or van,107,89,18
E01001787,"Motorcycle, scooter or moped",3,5,-2
E01001787,Not in employment or aged 15 years and under,926,572,354
E01001787,On foot,61,42,19
E01001787,Other method of travel to work,13,3,10
E01001787,Passenger in a car or van,8,5,3
E01001787,Taxi,6,1,5
E01001787,Train,47,32,15
E01001787,"Underground, metro, light rail, tram",63,56,7
E01001787,Work mainly at or from home,193,8,185
E01001788,Bicycle,40,35,5
E01001788,"Bus, minibus or coach",116,195,-79
E01001788,Driving a car or van,87,84,3
E01001788,"Motorcycle, scooter or moped",6,7,-1
E01001788,Not in employment or aged 15 years and under,911,575,336
E01001788,On foot,48,36,12
E01001788,Other method of travel to work,3,1,2
E01001788,Passenger in a car or van,2,5,-3
E01001788,Taxi,2,0,2
E01001788,Train,43,41,2
E01001788,"Underground, metro, light rail, tram",46,68,-22
E01001788,Work mainly at or from home,190,20,170
E01001789,Bicycle,82,167,-85
E01001789,"Bus, minibus or coach",86,220,-134
E01001789,Driving a car or van,96,144,-48
E01001789,"Motorcycle, scooter or moped",2,6,-4
E01001789,Not in employment or aged 15 years and under,908,472,436
E01001789,On foot,67,69,-2
E01001789,Other method of travel to work,10,2,8
E01001789,Passenger in a car or van,5,4,1
E01001789,Taxi,5,1,4
E01001789,Train,28,72,-44
E01001789,"Underground, metro, light rail, tram",50,143,-93
E01001789,Work mainly at or from home,436,43,393
E01001790,Bicycle,33,18,15
E01001790,"Bus, minibus or coach",171,210,-39
E01001790,Driving a car or van,97,82,15
E01001790,"Motorcycle, scooter or moped",5,4,1
E01001790,Not in employment or aged 15 years and under,905,449,456
E01001790,On foot,46,29,17
E01001790,Other method of travel to work,7,3,4
E01001790,Passenger in a car or van,5,6,-1
E01001790,Taxi,4,1,3
E01001790,Train,54,47,7
E01001790,"Underground, metro, light rail, tram",54,59,-5
E01001790,Work mainly at or from home,134,6,128
E01001791,Bicycle,57,102,-45
E01001791,"Bus, minibus or coach",66,174,-108
E01001791,Driving a car or van,88,100,-12
E01001791,"Motorcycle, scooter or moped",0,9,-9
E01001791,Not in employment or aged 15 years and under,807,505,302
E01001791,On foot,51,67,-16
E01001791,Other method of travel to work,7,2,5
E01001791,Passenger in a car or van,7,6,1
E01001791,Taxi,2,2,0
E01001791,Train,34,51,-17
E01001791,"Underground, metro, light rail, tram",45,65,-20
E01001791,Work mainly at or from home,294,26,268
E01001792,Bicycle,103,121,-18
E01001792,"Bus, minibus or coach",100,229,-129
E01001792,Driving a car or van,103,137,-34
E01001792,"Motorcycle, scooter or moped",6,6,0
E01001792,Not in employment or aged 15 years and under,1016,538,478
E01001792,On foot,64,51,13
E01001792,Other method of travel to work,4,2,2
E01001792,Passenger in a car or van,8,14,-6
E01001792,Taxi,6,2,4
E01001792,Train,37,81,-44
E01001792,"Underground, metro, light rail, tram",52,112,-60
E01001792,Work mainly at or from home,437,61,376
E01001793,Bicycle,131,174,-43
E01001793,"Bus, minibus or coach",95,258,-163
E01001793,Driving a car or van,73,125,-52
E01001793,"Motorcycle, scooter or moped",5,12,-7
E01001793,Not in employment or aged 15 years and under,699,438,261
E01001793,On foot,54,64,-10
E01001793,Other method of travel to work,14,12,2
E01001793,Passenger in a car or van,5,6,-1
E01001793,Taxi,10,2,8
E01001793,Train,31,69,-38
E01001793,"Underground, metro, light rail, tram",40,137,-97
E01001793,Work mainly at or from home,424,48,376
E01001794,Bicycle,109,178,-69
E01001794,"Bus, minibus or coach",74,250,-176
E01001794,Driving a car or van,102,123,-21
E01001794,"Motorcycle, scooter or moped",5,12,-7
E01001794,Not in employment or aged 15 years and under,853,509,344
E01001794,On foot,68,73,-5
E01001794,Other method of travel to work,15,5,10
E01001794,Passenger in a car or van,14,6,8
E01001794,Taxi,11,3,8
E01001794,Train,30,91,-61
E01001794,"Underground, metro, light rail, tram",64,153,-89
E01001794,Work mainly at or from home,560,67,493
E01001795,Bicycle,77,160,-83
E01001795,"Bus, minibus or coach",71,207,-136
E01001795,Driving a car or van,53,87,-34
E01001795,"Motorcycle, scooter or moped",0,14,-14
E01001795,Not in employment or aged 15 years and under,560,392,168
E01001795,On foot,53,49,4
E01001795,Other method of travel to work,11,4,7
E01001795,Passenger in a car or van,3,1,2
E01001795,Taxi,8,3,5
E01001795,Train,26,53,-27
E01001795,"Underground, metro, light rail, tram",50,144,-94
E01001795,Work mainly at or from home,396,52,344
E01001796,Bicycle,87,180,-93
E01001796,"Bus, minibus or coach",73,238,-165
E01001796,Driving a car or van,63,114,-51
E01001796,"Motorcycle, scooter or moped",10,6,4
E01001796,Not in employment or aged 15 years and under,570,456,114
E01001796,On foot,68,90,-22
E01001796,Other method of travel to work,15,8,7
E01001796,Passenger in a car or van,8,6,2
E01001796,Taxi,4,4,0
E01001796,Train,32,58,-26
E01001796,"Underground, metro, light rail, tram",77,142,-65
E01001796,Work mainly at or from home,469,54,415
E01001798,Bicycle,64,56,8
E01001798,"Bus, minibus or coach",155,191,-36
E01001798,Driving a car or van,142,113,29
E01001798,"Motorcycle, scooter or moped",2,8,-6
E01001798,Not in employment or aged 15 years and under,1365,604,761
E01001798,On foot,97,49,48
E01001798,Other method of travel to work,14,8,6
E01001798,Passenger in a car or van,5,10,-5
E01001798,Taxi,0,1,-1
E01001798,Train,65,85,-20
E01001798,"Underground, metro, light rail, tram",78,113,-35
E01001798,Work mainly at or from home,343,23,320
E01001799,Bicycle,26,49,-23
E01001799,"Bus, minibus or coach",40,78,-38
E01001799,Driving a car or van,71,71,0
E01001799,"Motorcycle, scooter or moped",5,1,4
E01001799,Not in employment or aged 15 years and under,893,301,592
E01001799,On foot,183,93,90
E01001799,Other method of travel to work,7,1,6
E01001799,Passenger in a car or van,21,10,11
E01001799,Taxi,4,5,-1
E01001799,Train,16,24,-8
E01001799,"Underground, metro, light rail, tram",20,78,-58
E01001799,Work mainly at or from home,222,32,190
E01001800,Bicycle,27,38,-11
E01001800,"Bus, minibus or coach",114,201,-87
E01001800,Driving a car or van,66,88,-22
E01001800,"Motorcycle, scooter or moped",9,3,6
E01001800,Not in employment or aged 15 years and under,1097,562,535
E01001800,On foot,202,168,34
E01001800,Other method of travel to work,8,1,7
E01001800,Passenger in a car or van,9,7,2
E01001800,Taxi,8,3,5
E01001800,Train,11,51,-40
E01001800,"Underground, metro, light rail, tram",45,101,-56
E01001800,Work mainly at or from home,160,29,131
E01001801,Bicycle,45,82,-37
E01001801,"Bus, minibus or coach",52,108,-56
E01001801,Driving a car or van,73,99,-26
E01001801,"Motorcycle, scooter or moped",5,4,1
E01001801,Not in employment or aged 15 years and under,1127,418,709
E01001801,On foot,111,84,27
E01001801,Other method of travel to work,11,9,2
E01001801,Passenger in a car or van,10,8,2
E01001801,Taxi,18,10,8
E01001801,Train,22,28,-6
E01001801,"Underground, metro, light rail, tram",48,123,-75
E01001801,Work mainly at or from home,206,33,173
E01001802,Bicycle,32,59,-27
E01001802,"Bus, minibus or coach",81,111,-30
E01001802,Driving a car or van,88,71,17
E01001802,"Motorcycle, scooter or moped",2,3,-1
E01001802,Not in employment or aged 15 years and under,778,373,405
E01001802,On foot,108,82,26
E01001802,Other method of travel to work,1,3,-2
E01001802,Passenger in a car or van,5,15,-10
E01001802,Taxi,3,5,-2
E01001802,Train,21,30,-9
E01001802,"Underground, metro, light rail, tram",54,72,-18
E01001802,Work mainly at or from home,206,31,175
E01001803,Bicycle,98,183,-85
E01001803,"Bus, minibus or coach",81,200,-119
E01001803,Driving a car or van,66,124,-58
E01001803,"Motorcycle, scooter or moped",4,15,-11
E01001803,Not in employment or aged 15 years and under,728,387,341
E01001803,On foot,103,75,28
E01001803,Other method of travel to work,6,8,-2
E01001803,Passenger in a car or van,9,4,5
E01001803,Taxi,7,2,5
E01001803,Train,16,44,-28
E01001803,"Underground, metro, light rail, tram",110,223,-113
E01001803,Work mainly at or from home,579,75,504
E01001804,Bicycle,33,51,-18
E01001804,"Bus, minibus or coach",51,90,-39
E01001804,Driving a car or van,94,87,7
E01001804,"Motorcycle, scooter or moped",2,1,1
E01001804,Not in employment or aged 15 years and under,1055,408,647
E01001804,On foot,171,111,60
E01001804,Other method of travel to work,8,2,6
E01001804,Passenger in a car or van,17,17,0
E01001804,Taxi,7,9,-2
E01001804,Train,4,18,-14
E01001804,"Underground, metro, light rail, tram",26,113,-87
E01001804,Work mainly at or from home,201,46,155
E01001805,Bicycle,35,100,-65
E01001805,"Bus, minibus or coach",51,188,-137
E01001805,Driving a car or van,56,85,-29
E01001805,"Motorcycle, scooter or moped",5,13,-8
E01001805,Not in employment or aged 15 years and under,572,261,311
E01001805,On foot,50,52,-2
E01001805,Other method of travel to work,6,7,-1
E01001805,Passenger in a car or van,3,6,-3
E01001805,Taxi,6,0,6
E01001805,Train,33,75,-42
E01001805,"Underground, metro, light rail, tram",43,154,-111
E01001805,Work mainly at or from home,370,54,316
E01001806,Bicycle,62,148,-86
E01001806,"Bus, minibus or coach",89,222,-133
E01001806,Driving a car or van,68,104,-36
E01001806,"Motorcycle, scooter or moped",5,16,-11
E01001806,Not in employment or aged 15 years and under,688,421,267
E01001806,On foot,34,57,-23
E01001806,Other method of travel to work,8,7,1
E01001806,Passenger in a car or van,2,5,-3
E01001806,Taxi,8,3,5
E01001806,Train,19,46,-27
E01001806,"Underground, metro, light rail, tram",33,131,-98
E01001806,Work mainly at or from home,459,49,410
E01001807,Bicycle,44,67,-23
E01001807,"Bus, minibus or coach",83,165,-82
E01001807,Driving a car or van,96,130,-34
E01001807,"Motorcycle, scooter or moped",9,9,0
E01001807,Not in employment or aged 15 years and under,1029,495,534
E01001807,On foot,157,102,55
E01001807,Other method of travel to work,14,2,12
E01001807,Passenger in a car or van,6,9,-3
E01001807,Taxi,7,2,5
E01001807,Train,24,80,-56
E01001807,"Underground, metro, light rail, tram",68,185,-117
E01001807,Work mainly at or from home,275,29,246
E01001808,Bicycle,35,34,1
E01001808,"Bus, minibus or coach",66,117,-51
E01001808,Driving a car or van,68,93,-25
E01001808,"Motorcycle, scooter or moped",3,5,-2
E01001808,Not in employment or aged 15 years and under,997,474,523
E01001808,On foot,227,200,27
E01001808,Other method of travel to work,9,4,5
E01001808,Passenger in a car or van,10,14,-4
E01001808,Taxi,5,4,1
E01001808,Train,10,27,-17
E01001808,"Underground, metro, light rail, tram",30,108,-78
E01001808,Work mainly at or from home,180,49,131
E01001809,Bicycle,25,44,-19
E01001809,"Bus, minibus or coach",65,156,-91
E01001809,Driving a car or van,81,99,-18
E01001809,"Motorcycle, scooter or moped",1,1,0
E01001809,Not in employment or aged 15 years and under,1176,527,649
E01001809,On foot,209,159,50
E01001809,Other method of travel to work,7,3,4
E01001809,Passenger in a car or van,14,11,3
E01001809,Taxi,4,4,0
E01001809,Train,26,42,-16
E01001809,"Underground, metro, light rail, tram",45,116,-71
E01001809,Work mainly at or from home,224,43,181
E01001811,Bicycle,29,29,0
E01001811,"Bus, minibus or coach",108,207,-99
E01001811,Driving a car or van,114,69,45
E01001811,"Motorcycle, scooter or moped",4,2,2
E01001811,Not in employment or aged 15 years and under,1045,528,517
E01001811,On foot,69,35,34
E01001811,Other method of travel to work,11,5,6
E01001811,Passenger in a car or van,6,8,-2
E01001811,Taxi,6,2,4
E01001811,Train,40,55,-15
E01001811,"Underground, metro, light rail, tram",86,127,-41
E01001811,Work mainly at or from home,270,13,257
E01001812,Bicycle,34,63,-29
E01001812,"Bus, minibus or coach",47,123,-76
E01001812,Driving a car or van,85,83,2
E01001812,"Motorcycle, scooter or moped",1,2,-1
E01001812,Not in employment or aged 15 years and under,1176,518,658
E01001812,On foot,167,140,27
E01001812,Other method of travel to work,11,7,4
E01001812,Passenger in a car or van,9,5,4
E01001812,Taxi,5,6,-1
E01001812,Train,23,34,-11
E01001812,"Underground, metro, light rail, tram",38,119,-81
E01001812,Work mainly at or from home,196,38,158
E01001813,Bicycle,24,15,9
E01001813,"Bus, minibus or coach",143,143,0
E01001813,Driving a car or van,85,53,32
E01001813,"Motorcycle, scooter or moped",12,3,9
E01001813,Not in employment or aged 15 years and under,1258,454,804
E01001813,On foot,32,33,-1
E01001813,Other method of travel to work,14,10,4
E01001813,Passenger in a car or van,3,5,-2
E01001813,Taxi,2,2,0
E01001813,Train,39,51,-12
E01001813,"Underground, metro, light rail, tram",126,156,-30
E01001813,Work mainly at or from home,211,18,193
E01001814,Bicycle,27,53,-26
E01001814,"Bus, minibus or coach",96,188,-92
E01001814,Driving a car or van,91,112,-21
E01001814,"Motorcycle, scooter or moped",7,7,0
E01001814,Not in employment or aged 15 years and under,1001,417,584
E01001814,On foot,172,118,54
E01001814,Other method of travel to work,11,3,8
E01001814,Passenger in a car or van,7,7,0
E01001814,Taxi,8,4,4
E01001814,Train,15,41,-26
E01001814,"Underground, metro, light rail, tram",56,131,-75
E01001814,Work mainly at or from home,211,32,179
E01001815,Bicycle,75,137,-62
E01001815,"Bus, minibus or coach",75,207,-132
E01001815,Driving a car or van,76,86,-10
E01001815,"Motorcycle, scooter or moped",3,8,-5
E01001815,Not in employment or aged 15 years and under,1026,595,431
E01001815,On foot,63,95,-32
E01001815,Other method of travel to work,13,1,12
E01001815,Passenger in a car or van,2,1,1
E01001815,Taxi,6,3,3
E01001815,Train,48,48,0
E01001815,"Underground, metro, light rail, tram",38,116,-78
E01001815,Work mainly at or from home,349,32,317
E01001816,Bicycle,75,194,-119
E01001816,"Bus, minibus or coach",63,168,-105
E01001816,Driving a car or van,63,98,-35
E01001816,"Motorcycle, scooter or moped",5,10,-5
E01001816,Not in employment or aged 15 years and under,758,445,313
E01001816,On foot,76,71,5
E01001816,Other method of travel to work,9,4,5
E01001816,Passenger in a car or van,5,8,-3
E01001816,Taxi,9,5,4
E01001816,Train,25,67,-42
E01001816,"Underground, metro, light rail, tram",46,120,-74
E01001816,Work mainly at or from home,417,60,357
E01001819,Bicycle,72,184,-112
E01001819,"Bus, minibus or coach",64,168,-104
E01001819,Driving a car or van,68,93,-25
E01001819,"Motorcycle, scooter or moped",3,13,-10
E01001819,Not in employment or aged 15 years and under,788,418,370
E01001819,On foot,47,103,-56
E01001819,Other method of travel to work,13,7,6
E01001819,Passenger in a car or van,3,6,-3
E01001819,Taxi,9,9,0
E01001819,Train,27,56,-29
E01001819,"Underground, metro, light rail, tram",57,145,-88
E01001819,Work mainly at or from home,435,58,377
E01001820,Bicycle,65,95,-30
E01001820,"Bus, minibus or coach",82,184,-102
E01001820,Driving a car or van,74,80,-6
E01001820,"Motorcycle, scooter or moped",5,8,-3
E01001820,Not in employment or aged 15 years and under,759,488,271
E01001820,On foot,66,77,-11
E01001820,Other method of travel to work,6,7,-1
E01001820,Passenger in a car or van,7,11,-4
E01001820,Taxi,4,3,1
E01001820,Train,18,36,-18
E01001820,"Underground, metro, light rail, tram",45,113,-68
E01001820,Work mainly at or from home,258,24,234
E01001821,Bicycle,57,96,-39
E01001821,"Bus, minibus or coach",89,160,-71
E01001821,Driving a car or van,75,62,13
E01001821,"Motorcycle, scooter or moped",2,3,-1
E01001821,Not in employment or aged 15 years and under,726,481,245
E01001821,On foot,68,79,-11
E01001821,Other method of travel to work,4,3,1
E01001821,Passenger in a car or van,3,5,-2
E01001821,Taxi,2,2,0
E01001821,Train,30,48,-18
E01001821,"Underground, metro, light rail, tram",60,141,-81
E01001821,Work mainly at or from home,236,28,208
E01001822,Bicycle,47,44,3
E01001822,"Bus, minibus or coach",156,222,-66
E01001822,Driving a car or van,86,94,-8
E01001822,"Motorcycle, scooter or moped",6,5,1
E01001822,Not in employment or aged 15 years and under,1225,619,606
E01001822,On foot,129,64,65
E01001822,Other method of travel to work,11,4,7
E01001822,Passenger in a car or van,9,6,3
E01001822,Taxi,5,4,1
E01001822,Train,24,56,-32
E01001822,"Underground, metro, light rail, tram",72,92,-20
E01001822,Work mainly at or from home,226,22,204
E01001823,Bicycle,39,30,9
E01001823,"Bus, minibus or coach",64,124,-60
E01001823,Driving a car or van,113,138,-25
E01001823,"Motorcycle, scooter or moped",2,5,-3
E01001823,Not in employment or aged 15 years and under,974,506,468
E01001823,On foot,149,130,19
E01001823,Other method of travel to work,7,4,3
E01001823,Passenger in a car or van,14,9,5
E01001823,Taxi,6,2,4
E01001823,Train,22,30,-8
E01001823,"Underground, metro, light rail, tram",51,74,-23
E01001823,Work mainly at or from home,188,35,153
E01001824,Bicycle,24,36,-12
E01001824,"Bus, minibus or coach",54,143,-89
E01001824,Driving a car or van,93,71,22
E01001824,"Motorcycle, scooter or moped",2,3,-1
E01001824,Not in employment or aged 15 years and under,1089,452,637
E01001824,On foot,165,82,83
E01001824,Other method of travel to work,5,5,0
E01001824,Passenger in a car or van,17,7,10
E01001824,Taxi,9,9,0
E01001824,Train,13,20,-7
E01001824,"Underground, metro, light rail, tram",33,69,-36
E01001824,Work mainly at or from home,122,35,87
E01001825,Bicycle,18,17,1
E01001825,"Bus, minibus or coach",33,68,-35
E01001825,Driving a car or van,92,104,-12
E01001825,"Motorcycle, scooter or moped",0,5,-5
E01001825,Not in employment or aged 15 years and under,830,424,406
E01001825,On foot,180,158,22
E01001825,Other method of travel to work,2,4,-2
E01001825,Passenger in a car or van,11,14,-3
E01001825,Taxi,4,4,0
E01001825,Train,8,19,-11
E01001825,"Underground, metro, light rail, tram",21,40,-19
E01001825,Work mainly at or from home,146,38,108
E01001826,Bicycle,16,39,-23
E01001826,"Bus, minibus or coach",75,144,-69
E01001826,Driving a car or van,82,81,1
E01001826,"Motorcycle, scooter or moped",2,10,-8
E01001826,Not in employment or aged 15 years and under,1016,484,532
E01001826,On foot,180,132,48
E01001826,Other method of travel to work,14,1,13
E01001826,Passenger in a car or van,8,12,-4
E01001826,Taxi,5,5,0
E01001826,Train,14,47,-33
E01001826,"Underground, metro, light rail, tram",36,95,-59
E01001826,Work mainly at or from home,128,32,96
E01001827,Bicycle,41,45,-4
E01001827,"Bus, minibus or coach",114,185,-71
E01001827,Driving a car or van,105,116,-11
E01001827,"Motorcycle, scooter or moped",4,1,3
E01001827,Not in employment or aged 15 years and under,1017,633,384
E01001827,On foot,82,81,1
E01001827,Other method of travel to work,13,3,10
E01001827,Passenger in a car or van,8,6,2
E01001827,Taxi,11,6,5
E01001827,Train,23,35,-12
E01001827,"Underground, metro, light rail, tram",38,80,-42
E01001827,Work mainly at or from home,190,33,157
E01001828,Bicycle,85,73,12
E01001828,"Bus, minibus or coach",163,249,-86
E01001828,Driving a car or van,141,152,-11
E01001828,"Motorcycle, scooter or moped",3,9,-6
E01001828,Not in employment or aged 15 years and under,1112,668,444
E01001828,On foot,55,39,16
E01001828,Other method of travel to work,10,8,2
E01001828,Passenger in a car or van,6,12,-6
E01001828,Taxi,25,3,22
E01001828,Train,51,78,-27
E01001828,"Underground, metro, light rail, tram",63,112,-49
E01001828,Work mainly at or from home,339,24,315
E01001829,Bicycle,100,239,-139
E01001829,"Bus, minibus or coach",52,287,-235
E01001829,Driving a car or van,66,115,-49
E01001829,"Motorcycle, scooter or moped",4,20,-16
E01001829,Not in employment or aged 15 years and under,724,317,407
E01001829,On foot,50,66,-16
E01001829,Other method of travel to work,7,6,1
E01001829,Passenger in a car or van,3,4,-1
E01001829,Taxi,3,6,-3
E01001829,Train,23,72,-49
E01001829,"Underground, metro, light rail, tram",36,140,-104
E01001829,Work mainly at or from home,687,97,590
E01001830,Bicycle,86,152,-66
E01001830,"Bus, minibus or coach",124,359,-235
E01001830,Driving a car or van,74,97,-23
E01001830,"Motorcycle, scooter or moped",4,11,-7
E01001830,Not in employment or aged 15 years and under,855,559,296
E01001830,On foot,96,98,-2
E01001830,Other method of travel to work,6,6,0
E01001830,Passenger in a car or van,6,4,2
E01001830,Taxi,7,6,1
E01001830,Train,31,57,-26
E01001830,"Underground, metro, light rail, tram",63,162,-99
E01001830,Work mainly at or from home,524,45,479
E01001831,Bicycle,68,204,-136
E01001831,"Bus, minibus or coach",108,297,-189
E01001831,Driving a car or van,66,83,-17
E01001831,"Motorcycle, scooter or moped",2,13,-11
E01001831,Not in employment or aged 15 years and under,613,379,234
E01001831,On foot,60,79,-19
E01001831,Other method of travel to work,17,4,13
E01001831,Passenger in a car or van,2,1,1
E01001831,Taxi,6,5,1
E01001831,Train,26,85,-59
E01001831,"Underground, metro, light rail, tram",67,175,-108
E01001831,Work mainly at or from home,648,63,585
E01001832,Bicycle,87,184,-97
E01001832,"Bus, minibus or coach",66,248,-182
E01001832,Driving a car or van,85,99,-14
E01001832,"Motorcycle, scooter or moped",7,12,-5
E01001832,Not in employment or aged 15 years and under,739,405,334
E01001832,On foot,71,79,-8
E01001832,Other method of travel to work,4,11,-7
E01001832,Passenger in a car or van,3,7,-4
E01001832,Taxi,8,1,7
E01001832,Train,32,96,-64
E01001832,"Underground, metro, light rail, tram",63,134,-71
E01001832,Work mainly at or from home,494,63,431
E01001833,Bicycle,101,191,-90
E01001833,"Bus, minibus or coach",98,305,-207
E01001833,Driving a car or van,91,128,-37
E01001833,"Motorcycle, scooter or moped",12,13,-1
E01001833,Not in employment or aged 15 years and under,943,574,369
E01001833,On foot,76,75,1
E01001833,Other method of travel to work,14,11,3
E01001833,Passenger in a car or van,5,6,-1
E01001833,Taxi,13,4,9
E01001833,Train,37,116,-79
E01001833,"Underground, metro, light rail, tram",79,203,-124
E01001833,Work mainly at or from home,643,70,573
E01001834,Bicycle,94,215,-121
E01001834,"Bus, minibus or coach",88,370,-282
E01001834,Driving a car or van,60,124,-64
E01001834,"Motorcycle, scooter or moped",18,32,-14
E01001834,Not in employment or aged 15 years and under,806,450,356
E01001834,On foot,85,86,-1
E01001834,Other method of travel to work,10,7,3
E01001834,Passenger in a car or van,14,5,9
E01001834,Taxi,9,8,1
E01001834,Train,28,71,-43
E01001834,"Underground, metro, light rail, tram",81,239,-158
E01001834,Work mainly at or from home,695,73,622
E01001835,Bicycle,73,149,-76
E01001835,"Bus, minibus or coach",60,218,-158
E01001835,Driving a car or van,53,76,-23
E01001835,"Motorcycle, scooter or moped",4,5,-1
E01001835,Not in employment or aged 15 years and under,439,268,171
E01001835,On foot,37,65,-28
E01001835,Other method of travel to work,7,4,3
E01001835,Passenger in a car or van,2,3,-1
E01001835,Taxi,4,1,3
E01001835,Train,21,48,-27
E01001835,"Underground, metro, light rail, tram",56,139,-83
E01001835,Work mainly at or from home,474,55,419
E01001836,Bicycle,78,145,-67
E01001836,"Bus, minibus or coach",107,203,-96
E01001836,Driving a car or van,72,126,-54
E01001836,"Motorcycle, scooter or moped",13,19,-6
E01001836,Not in employment or aged 15 years and under,820,441,379
E01001836,On foot,81,100,-19
E01001836,Other method of travel to work,11,7,4
E01001836,Passenger in a car or van,3,8,-5
E01001836,Taxi,18,10,8
E01001836,Train,27,40,-13
E01001836,"Underground, metro, light rail, tram",58,246,-188
E01001836,Work mainly at or from home,564,46,518
E01001837,Bicycle,77,169,-92
E01001837,"Bus, minibus or coach",55,203,-148
E01001837,Driving a car or van,60,94,-34
E01001837,"Motorcycle, scooter or moped",3,6,-3
E01001837,Not in employment or aged 15 years and under,588,274,314
E01001837,On foot,64,108,-44
E01001837,Other method of travel to work,7,5,2
E01001837,Passenger in a car or van,3,3,0
E01001837,Taxi,4,9,-5
E01001837,Train,16,43,-27
E01001837,"Underground, metro, light rail, tram",49,242,-193
E01001837,Work mainly at or from home,519,44,475
E01001838,Bicycle,47,43,4
E01001838,"Bus, minibus or coach",141,205,-64
E01001838,Driving a car or van,85,62,23
E01001838,"Motorcycle, scooter or moped",4,3,1
E01001838,Not in employment or aged 15 years and under,1142,644,498
E01001838,On foot,69,55,14
E01001838,Other method of travel to work,23,4,19
E01001838,Passenger in a car or van,4,3,1
E01001838,Taxi,2,4,-2
E01001838,Train,43,40,3
E01001838,"Underground, metro, light rail, tram",53,96,-43
E01001838,Work mainly at or from home,203,20,183
E01001839,Bicycle,153,246,-93
E01001839,"Bus, minibus or coach",150,314,-164
E01001839,Driving a car or van,71,92,-21
E01001839,"Motorcycle, scooter or moped",2,13,-11
E01001839,Not in employment or aged 15 years and under,822,569,253
E01001839,On foot,113,135,-22
E01001839,Other method of travel to work,14,10,4
E01001839,Passenger in a car or van,5,5,0
E01001839,Taxi,9,4,5
E01001839,Train,39,82,-43
E01001839,"Underground, metro, light rail, tram",121,305,-184
E01001839,Work mainly at or from home,860,86,774
E01001840,Bicycle,57,91,-34
E01001840,"Bus, minibus or coach",102,195,-93
E01001840,Driving a car or van,86,93,-7
E01001840,"Motorcycle, scooter or moped",4,9,-5
E01001840,Not in employment or aged 15 years and under,879,544,335
E01001840,On foot,56,72,-16
E01001840,Other method of travel to work,17,8,9
E01001840,Passenger in a car or van,3,1,2
E01001840,Taxi,2,1,1
E01001840,Train,32,46,-14
E01001840,"Underground, metro, light rail, tram",68,130,-62
E01001840,Work mainly at or from home,299,21,278
E01001841,Bicycle,32,105,-73
E01001841,"Bus, minibus or coach",53,154,-101
E01001841,Driving a car or van,85,96,-11
E01001841,"Motorcycle, scooter or moped",2,14,-12
E01001841,Not in employment or aged 15 years and under,748,398,350
E01001841,On foot,41,77,-36
E01001841,Other method of travel to work,9,3,6
E01001841,Passenger in a car or van,6,8,-2
E01001841,Taxi,6,10,-4
E01001841,Train,20,32,-12
E01001841,"Underground, metro, light rail, tram",54,125,-71
E01001841,Work mainly at or from home,316,51,265
E01001842,Bicycle,56,105,-49
E01001842,"Bus, minibus or coach",124,227,-103
E01001842,Driving a car or van,66,83,-17
E01001842,"Motorcycle, scooter or moped",3,8,-5
E01001842,Not in employment or aged 15 years and under,736,468,268
E01001842,On foot,67,59,8
E01001842,Other method of travel to work,9,4,5
E01001842,Passenger in a car or van,6,8,-2
E01001842,Taxi,4,2,2
E01001842,Train,25,33,-8
E01001842,"Underground, metro, light rail, tram",48,167,-119
E01001842,Work mainly at or from home,389,21,368
E01001843,Bicycle,45,94,-49
E01001843,"Bus, minibus or coach",60,148,-88
E01001843,Driving a car or van,53,76,-23
E01001843,"Motorcycle, scooter or moped",6,12,-6
E01001843,Not in employment or aged 15 years and under,594,372,222
E01001843,On foot,58,62,-4
E01001843,Other method of travel to work,9,5,4
E01001843,Passenger in a car or van,5,5,0
E01001843,Taxi,1,3,-2
E01001843,Train,23,18,5
E01001843,"Underground, metro, light rail, tram",34,120,-86
E01001843,Work mainly at or from home,313,29,284
E01001844,Bicycle,97,186,-89
E01001844,"Bus, minibus or coach",67,216,-149
E01001844,Driving a car or van,85,135,-50
E01001844,"Motorcycle, scooter or moped",1,15,-14
E01001844,Not in employment or aged 15 years and under,920,599,321
E01001844,On foot,92,102,-10
E01001844,Other method of travel to work,2,7,-5
E01001844,Passenger in a car or van,5,8,-3
E01001844,Taxi,9,6,3
E01001844,Train,35,45,-10
E01001844,"Underground, metro, light rail, tram",74,217,-143
E01001844,Work mainly at or from home,528,59,469
E01001845,Bicycle,39,67,-28
E01001845,"Bus, minibus or coach",96,173,-77
E01001845,Driving a car or van,97,86,11
E01001845,"Motorcycle, scooter or moped",7,4,3
E01001845,Not in employment or aged 15 years and under,895,541,354
E01001845,On foot,67,53,14
E01001845,Other method of travel to work,9,4,5
E01001845,Passenger in a car or van,4,6,-2
E01001845,Taxi,1,4,-3
E01001845,Train,45,50,-5
E01001845,"Underground, metro, light rail, tram",72,125,-53
E01001845,Work mainly at or from home,249,24,225
E01001846,Bicycle,51,53,-2
E01001846,"Bus, minibus or coach",77,145,-68
E01001846,Driving a car or van,73,84,-11
E01001846,"Motorcycle, scooter or moped",2,7,-5
E01001846,Not in employment or aged 15 years and under,683,404,279
E01001846,On foot,29,39,-10
E01001846,Other method of travel to work,10,6,4
E01001846,Passenger in a car or van,6,5,1
E01001846,Taxi,6,5,1
E01001846,Train,30,54,-24
E01001846,"Underground, metro, light rail, tram",56,82,-26
E01001846,Work mainly at or from home,195,13,182
E01001847,Bicycle,63,68,-5
E01001847,"Bus, minibus or coach",75,114,-39
E01001847,Driving a car or van,72,94,-22
E01001847,"Motorcycle, scooter or moped",3,6,-3
E01001847,Not in employment or aged 15 years and under,597,368,229
E01001847,On foot,37,37,0
E01001847,Other method of travel to work,4,5,-1
E01001847,Passenger in a car or van,11,5,6
E01001847,Taxi,10,3,7
E01001847,Train,30,40,-10
E01001847,"Underground, metro, light rail, tram",57,99,-42
E01001847,Work mainly at or from home,367,19,348
E01001848,Bicycle,68,136,-68
E01001848,"Bus, minibus or coach",94,161,-67
E01001848,Driving a car or van,115,94,21
E01001848,"Motorcycle, scooter or moped",7,6,1
E01001848,Not in employment or aged 15 years and under,1113,517,596
E01001848,On foot,72,63,9
E01001848,Other method of travel to work,16,3,13
E01001848,Passenger in a car or van,7,8,-1
E01001848,Taxi,8,3,5
E01001848,Train,56,45,11
E01001848,"Underground, metro, light rail, tram",72,143,-71
E01001848,Work mainly at or from home,352,33,319
E01001849,Bicycle,116,181,-65
E01001849,"Bus, minibus or coach",98,276,-178
E01001849,Driving a car or van,132,155,-23
E01001849,"Motorcycle, scooter or moped",8,18,-10
E01001849,Not in employment or aged 15 years and under,1033,663,370
E01001849,On foot,78,61,17
E01001849,Other method of travel to work,17,8,9
E01001849,Passenger in a car or van,6,7,-1
E01001849,Taxi,13,0,13
E01001849,Train,55,97,-42
E01001849,"Underground, metro, light rail, tram",158,282,-124
E01001849,Work mainly at or from home,738,51,687
E01001850,Bicycle,55,38,17
E01001850,"Bus, minibus or coach",128,195,-67
E01001850,Driving a car or van,89,114,-25
E01001850,"Motorcycle, scooter or moped",4,4,0
E01001850,Not in employment or aged 15 years and under,1119,591,528
E01001850,On foot,64,65,-1
E01001850,Other method of travel to work,4,4,0
E01001850,Passenger in a car or van,6,4,2
E01001850,Taxi,7,1,6
E01001850,Train,68,58,10
E01001850,"Underground, metro, light rail, tram",88,106,-18
E01001850,Work mainly at or from home,218,14,204
E01001851,Bicycle,36,92,-56
E01001851,"Bus, minibus or coach",28,92,-64
E01001851,Driving a car or van,22,112,-90
E01001851,"Motorcycle, scooter or moped",5,14,-9
E01001851,Not in employment or aged 15 years and under,683,285,398
E01001851,On foot,59,121,-62
E01001851,Other method of travel to work,3,9,-6
E01001851,Passenger in a car or van,2,5,-3
E01001851,Taxi,4,6,-2
E01001851,Train,13,39,-26
E01001851,"Underground, metro, light rail, tram",78,403,-325
E01001851,Work mainly at or from home,534,89,445
E01001852,Bicycle,49,84,-35
E01001852,"Bus, minibus or coach",61,130,-69
E01001852,Driving a car or van,53,108,-55
E01001852,"Motorcycle, scooter or moped",10,21,-11
E01001852,Not in employment or aged 15 years and under,579,344,235
E01001852,On foot,89,206,-117
E01001852,Other method of travel to work,8,8,0
E01001852,Passenger in a car or van,4,9,-5
E01001852,Taxi,5,5,0
E01001852,Train,20,55,-35
E01001852,"Underground, metro, light rail, tram",124,534,-410
E01001852,Work mainly at or from home,629,91,538
E01001853,Bicycle,51,80,-29
E01001853,"Bus, minibus or coach",46,94,-48
E01001853,Driving a car or van,62,134,-72
E01001853,"Motorcycle, scooter or moped",8,16,-8
E01001853,Not in employment or aged 15 years and under,618,268,350
E01001853,On foot,68,118,-50
E01001853,Other method of travel to work,4,3,1
E01001853,Passenger in a car or van,2,5,-3
E01001853,Taxi,2,2,0
E01001853,Train,19,35,-16
E01001853,"Underground, metro, light rail, tram",118,412,-294
E01001853,Work mainly at or from home,497,78,419
E01001854,Bicycle,54,62,-8
E01001854,"Bus, minibus or coach",101,116,-15
E01001854,Driving a car or van,42,99,-57
E01001854,"Motorcycle, scooter or moped",0,16,-16
E01001854,Not in employment or aged 15 years and under,693,374,319
E01001854,On foot,117,143,-26
E01001854,Other method of travel to work,13,7,6
E01001854,Passenger in a car or van,2,6,-4
E01001854,Taxi,5,1,4
E01001854,Train,19,39,-20
E01001854,"Underground, metro, light rail, tram",154,529,-375
E01001854,Work mainly at or from home,558,66,492
E01001855,Bicycle,46,120,-74
E01001855,"Bus, minibus or coach",50,124,-74
E01001855,Driving a car or van,46,99,-53
E01001855,"Motorcycle, scooter or moped",9,21,-12
E01001855,Not in employment or aged 15 years and under,634,346,288
E01001855,On foot,88,115,-27
E01001855,Other method of travel to work,5,7,-2
E01001855,Passenger in a car or van,3,2,1
E01001855,Taxi,5,3,2
E01001855,Train,26,54,-28
E01001855,"Underground, metro, light rail, tram",105,485,-380
E01001855,Work mainly at or from home,649,76,573
E01001856,Bicycle,42,36,6
E01001856,"Bus, minibus or coach",74,76,-2
E01001856,Driving a car or van,60,73,-13
E01001856,"Motorcycle, scooter or moped",4,8,-4
E01001856,Not in employment or aged 15 years and under,782,371,411
E01001856,On foot,92,104,-12
E01001856,Other method of travel to work,5,4,1
E01001856,Passenger in a car or van,4,7,-3
E01001856,Taxi,1,2,-1
E01001856,Train,19,31,-12
E01001856,"Underground, metro, light rail, tram",100,248,-148
E01001856,Work mainly at or from home,468,58,410
E01001857,Bicycle,21,35,-14
E01001857,"Bus, minibus or coach",93,147,-54
E01001857,Driving a car or van,59,69,-10
E01001857,"Motorcycle, scooter or moped",6,4,2
E01001857,Not in employment or aged 15 years and under,815,462,353
E01001857,On foot,88,108,-20
E01001857,Other method of travel to work,14,5,9
E01001857,Passenger in a car or van,4,1,3
E01001857,Taxi,4,5,-1
E01001857,Train,26,52,-26
E01001857,"Underground, metro, light rail, tram",101,269,-168
E01001857,Work mainly at or from home,315,28,287
E01001858,Bicycle,52,102,-50
E01001858,"Bus, minibus or coach",104,172,-68
E01001858,Driving a car or van,64,114,-50
E01001858,"Motorcycle, scooter or moped",5,13,-8
E01001858,Not in employment or aged 15 years and under,867,507,360
E01001858,On foot,89,115,-26
E01001858,Other method of travel to work,12,5,7
E01001858,Passenger in a car or van,2,5,-3
E01001858,Taxi,3,0,3
E01001858,Train,24,32,-8
E01001858,"Underground, metro, light rail, tram",88,311,-223
E01001858,Work mainly at or from home,445,65,380
E01001859,Bicycle,99,112,-13
E01001859,"Bus, minibus or coach",150,239,-89
E01001859,Driving a car or van,159,220,-61
E01001859,"Motorcycle, scooter or moped",12,18,-6
E01001859,Not in employment or aged 15 years and under,1261,575,686
E01001859,On foot,106,141,-35
E01001859,Other method of travel to work,22,8,14
E01001859,Passenger in a car or van,13,15,-2
E01001859,Taxi,5,2,3
E01001859,Train,29,46,-17
E01001859,"Underground, metro, light rail, tram",164,513,-349
E01001859,Work mainly at or from home,671,56,615
E01001860,Bicycle,56,53,3
E01001860,"Bus, minibus or coach",120,159,-39
E01001860,Driving a car or van,99,102,-3
E01001860,"Motorcycle, scooter or moped",13,12,1
E01001860,Not in employment or aged 15 years and under,805,513,292
E01001860,On foot,106,154,-48
E01001860,Other method of travel to work,15,4,11
E01001860,Passenger in a car or van,5,5,0
E01001860,Taxi,9,2,7
E01001860,Train,27,47,-20
E01001860,"Underground, metro, light rail, tram",119,326,-207
E01001860,Work mainly at or from home,341,39,302
E01001861,Bicycle,48,44,4
E01001861,"Bus, minibus or coach",86,164,-78
E01001861,Driving a car or van,81,127,-46
E01001861,"Motorcycle, scooter or moped",7,20,-13
E01001861,Not in employment or aged 15 years and under,689,385,304
E01001861,On foot,70,94,-24
E01001861,Other method of travel to work,7,7,0
E01001861,Passenger in a car or van,3,4,-1
E01001861,Taxi,1,1,0
E01001861,Train,17,32,-15
E01001861,"Underground, metro, light rail, tram",79,257,-178
E01001861,Work mainly at or from home,315,44,271
E01001862,Bicycle,52,80,-28
E01001862,"Bus, minibus or coach",92,141,-49
E01001862,Driving a car or van,94,151,-57
E01001862,"Motorcycle, scooter or moped",17,21,-4
E01001862,Not in employment or aged 15 years and under,789,472,317
E01001862,On foot,74,144,-70
E01001862,Other method of travel to work,12,2,10
E01001862,Passenger in a car or van,8,4,4
E01001862,Taxi,10,2,8
E01001862,Train,30,46,-16
E01001862,"Underground, metro, light rail, tram",115,331,-216
E01001862,Work mainly at or from home,466,40,426
E01001863,Bicycle,42,98,-56
E01001863,"Bus, minibus or coach",59,134,-75
E01001863,Driving a car or van,58,114,-56
E01001863,"Motorcycle, scooter or moped",10,19,-9
E01001863,Not in employment or aged 15 years and under,588,316,272
E01001863,On foot,73,92,-19
E01001863,Other method of travel to work,6,3,3
E01001863,Passenger in a car or van,10,8,2
E01001863,Taxi,4,2,2
E01001863,Train,16,30,-14
E01001863,"Underground, metro, light rail, tram",85,332,-247
E01001863,Work mainly at or from home,458,68,390
E01001864,Bicycle,36,91,-55
E01001864,"Bus, minibus or coach",79,145,-66
E01001864,Driving a car or van,84,124,-40
E01001864,"Motorcycle, scooter or moped",21,18,3
E01001864,Not in employment or aged 15 years and under,680,365,315
E01001864,On foot,59,91,-32
E01001864,Other method of travel to work,4,4,0
E01001864,Passenger in a car or van,2,9,-7
E01001864,Taxi,12,0,12
E01001864,Train,22,34,-12
E01001864,"Underground, metro, light rail, tram",90,337,-247
E01001864,Work mainly at or from home,426,46,380
E01001865,Bicycle,65,109,-44
E01001865,"Bus, minibus or coach",37,110,-73
E01001865,Driving a car or van,72,153,-81
E01001865,"Motorcycle, scooter or moped",6,13,-7
E01001865,Not in employment or aged 15 years and under,709,349,360
E01001865,On foot,62,119,-57
E01001865,Other method of travel to work,8,8,0
E01001865,Passenger in a car or van,9,10,-1
E01001865,Taxi,3,2,1
E01001865,Train,11,27,-16
E01001865,"Underground, metro, light rail, tram",93,402,-309
E01001865,Work mainly at or from home,505,54,451
E01001866,Bicycle,35,62,-27
E01001866,"Bus, minibus or coach",102,160,-58
E01001866,Driving a car or van,37,89,-52
E01001866,"Motorcycle, scooter or moped",4,11,-7
E01001866,Not in employment or aged 15 years and under,725,423,302
E01001866,On foot,87,103,-16
E01001866,Other method of travel to work,9,9,0
E01001866,Passenger in a car or van,3,6,-3
E01001866,Taxi,5,3,2
E01001866,Train,16,38,-22
E01001866,"Underground, metro, light rail, tram",54,319,-265
E01001866,Work mainly at or from home,425,84,341
E01001867,Bicycle,19,21,-2
E01001867,"Bus, minibus or coach",42,72,-30
E01001867,Driving a car or van,30,78,-48
E01001867,"Motorcycle, scooter or moped",3,7,-4
E01001867,Not in employment or aged 15 years and under,594,442,152
E01001867,On foot,44,106,-62
E01001867,Other method of travel to work,9,3,6
E01001867,Passenger in a car or van,2,1,1
E01001867,Taxi,1,0,1
E01001867,Train,15,34,-19
E01001867,"Underground, metro, light rail, tram",66,282,-216
E01001867,Work mainly at or from home,310,33,277
E01001868,Bicycle,38,29,9
E01001868,"Bus, minibus or coach",79,137,-58
E01001868,Driving a car or van,60,70,-10
E01001868,"Motorcycle, scooter or moped",3,3,0
E01001868,Not in employment or aged 15 years and under,668,424,244
E01001868,On foot,96,97,-1
E01001868,Other method of travel to work,6,7,-1
E01001868,Passenger in a car or van,4,7,-3
E01001868,Taxi,3,4,-1
E01001868,Train,23,44,-21
E01001868,"Underground, metro, light rail, tram",94,207,-113
E01001868,Work mainly at or from home,187,21,166
E01001869,Bicycle,30,62,-32
E01001869,"Bus, minibus or coach",22,73,-51
E01001869,Driving a car or van,37,119,-82
E01001869,"Motorcycle, scooter or moped",2,19,-17
E01001869,Not in employment or aged 15 years and under,689,349,340
E01001869,On foot,50,120,-70
E01001869,Other method of travel to work,10,6,4
E01001869,Passenger in a car or van,5,9,-4
E01001869,Taxi,2,1,1
E01001869,Train,5,27,-22
E01001869,"Underground, metro, light rail, tram",56,391,-335
E01001869,Work mainly at or from home,443,114,329
E01001870,Bicycle,49,82,-33
E01001870,"Bus, minibus or coach",75,129,-54
E01001870,Driving a car or van,48,107,-59
E01001870,"Motorcycle, scooter or moped",13,12,1
E01001870,Not in employment or aged 15 years and under,672,496,176
E01001870,On foot,105,173,-68
E01001870,Other method of travel to work,12,4,8
E01001870,Passenger in a car or van,4,7,-3
E01001870,Taxi,6,2,4
E01001870,Train,31,50,-19
E01001870,"Underground, metro, light rail, tram",139,611,-472
E01001870,Work mainly at or from home,535,59,476
E01001871,Bicycle,39,54,-15
E01001871,"Bus, minibus or coach",36,93,-57
E01001871,Driving a car or van,49,103,-54
E01001871,"Motorcycle, scooter or moped",8,13,-5
E01001871,Not in employment or aged 15 years and under,724,465,259
E01001871,On foot,64,107,-43
E01001871,Other method of travel to work,11,9,2
E01001871,Passenger in a car or van,6,6,0
E01001871,Taxi,6,4,2
E01001871,Train,14,23,-9
E01001871,"Underground, metro, light rail, tram",95,421,-326
E01001871,Work mainly at or from home,459,63,396
E01001872,Bicycle,44,59,-15
E01001872,"Bus, minibus or coach",41,68,-27
E01001872,Driving a car or van,51,78,-27
E01001872,"Motorcycle, scooter or moped",6,25,-19
E01001872,Not in employment or aged 15 years and under,528,455,73
E01001872,On foot,61,131,-70
E01001872,Other method of travel to work,9,10,-1
E01001872,Passenger in a car or van,4,10,-6
E01001872,Taxi,3,1,2
E01001872,Train,10,33,-23
E01001872,"Underground, metro, light rail, tram",97,492,-395
E01001872,Work mainly at or from home,511,64,447
E01001873,Bicycle,42,70,-28
E01001873,"Bus, minibus or coach",56,125,-69
E01001873,Driving a car or van,59,86,-27
E01001873,"Motorcycle, scooter or moped",8,22,-14
E01001873,Not in employment or aged 15 years and under,712,363,349
E01001873,On foot,92,120,-28
E01001873,Other method of travel to work,9,1,8
E01001873,Passenger in a car or van,5,3,2
E01001873,Taxi,6,0,6
E01001873,Train,28,46,-18
E01001873,"Underground, metro, light rail, tram",80,278,-198
E01001873,Work mainly at or from home,408,61,347
E01001875,Bicycle,44,16,28
E01001875,"Bus, minibus or coach",105,139,-34
E01001875,Driving a car or van,117,150,-33
E01001875,"Motorcycle, scooter or moped",10,11,-1
E01001875,Not in employment or aged 15 years and under,1047,626,421
E01001875,On foot,83,64,19
E01001875,Other method of travel to work,9,3,6
E01001875,Passenger in a car or van,7,5,2
E01001875,Taxi,6,2,4
E01001875,Train,43,58,-15
E01001875,"Underground, metro, light rail, tram",149,229,-80
E01001875,Work mainly at or from home,217,22,195
E01001876,Bicycle,48,31,17
E01001876,"Bus, minibus or coach",200,223,-23
E01001876,Driving a car or van,97,110,-13
E01001876,"Motorcycle, scooter or moped",21,7,14
E01001876,Not in employment or aged 15 years and under,1339,800,539
E01001876,On foot,233,245,-12
E01001876,Other method of travel to work,21,5,16
E01001876,Passenger in a car or van,4,6,-2
E01001876,Taxi,7,4,3
E01001876,Train,46,36,10
E01001876,"Underground, metro, light rail, tram",129,186,-57
E01001876,Work mainly at or from home,232,30,202
E01001877,Bicycle,69,44,25
E01001877,"Bus, minibus or coach",107,191,-84
E01001877,Driving a car or van,100,115,-15
E01001877,"Motorcycle, scooter or moped",14,6,8
E01001877,Not in employment or aged 15 years and under,642,335,307
E01001877,On foot,48,64,-16
E01001877,Other method of travel to work,10,2,8
E01001877,Passenger in a car or van,4,9,-5
E01001877,Taxi,6,2,4
E01001877,Train,30,54,-24
E01001877,"Underground, metro, light rail, tram",101,190,-89
E01001877,Work mainly at or from home,236,29,207
E01001878,Bicycle,15,25,-10
E01001878,"Bus, minibus or coach",80,118,-38
E01001878,Driving a car or van,133,123,10
E01001878,"Motorcycle, scooter or moped",9,4,5
E01001878,Not in employment or aged 15 years and under,902,502,400
E01001878,On foot,61,91,-30
E01001878,Other method of travel to work,6,2,4
E01001878,Passenger in a car or van,9,7,2
E01001878,Taxi,4,5,-1
E01001878,Train,37,61,-24
E01001878,"Underground, metro, light rail, tram",150,221,-71
E01001878,Work mainly at or from home,204,15,189
E01001879,Bicycle,42,71,-29
E01001879,"Bus, minibus or coach",71,137,-66
E01001879,Driving a car or van,68,96,-28
E01001879,"Motorcycle, scooter or moped",13,15,-2
E01001879,Not in employment or aged 15 years and under,659,432,227
E01001879,On foot,98,122,-24
E01001879,Other method of travel to work,10,4,6
E01001879,Passenger in a car or van,3,3,0
E01001879,Taxi,3,0,3
E01001879,Train,12,32,-20
E01001879,"Underground, metro, light rail, tram",69,274,-205
E01001879,Work mainly at or from home,407,39,368
E01001880,Bicycle,40,62,-22
E01001880,"Bus, minibus or coach",59,111,-52
E01001880,Driving a car or van,66,80,-14
E01001880,"Motorcycle, scooter or moped",13,14,-1
E01001880,Not in employment or aged 15 years and under,603,338,265
E01001880,On foot,83,114,-31
E01001880,Other method of travel to work,9,7,2
E01001880,Passenger in a car or van,7,11,-4
E01001880,Taxi,7,6,1
E01001880,Train,16,36,-20
E01001880,"Underground, metro, light rail, tram",103,397,-294
E01001880,Work mainly at or from home,462,47,415
E01001881,Bicycle,42,83,-41
E01001881,"Bus, minibus or coach",71,122,-51
E01001881,Driving a car or van,91,96,-5
E01001881,"Motorcycle, scooter or moped",4,32,-28
E01001881,Not in employment or aged 15 years and under,726,319,407
E01001881,On foot,105,113,-8
E01001881,Other method of travel to work,11,8,3
E01001881,Passenger in a car or van,2,10,-8
E01001881,Taxi,8,2,6
E01001881,Train,19,42,-23
E01001881,"Underground, metro, light rail, tram",134,453,-319
E01001881,Work mainly at or from home,664,58,606
E01001882,Bicycle,47,121,-74
E01001882,"Bus, minibus or coach",64,162,-98
E01001882,Driving a car or van,66,123,-57
E01001882,"Motorcycle, scooter or moped",4,39,-35
E01001882,Not in employment or aged 15 years and under,622,355,267
E01001882,On foot,77,129,-52
E01001882,Other method of travel to work,6,7,-1
E01001882,Passenger in a car or van,5,6,-1
E01001882,Taxi,3,4,-1
E01001882,Train,13,42,-29
E01001882,"Underground, metro, light rail, tram",100,467,-367
E01001882,Work mainly at or from home,641,62,579
E01001883,Bicycle,34,62,-28
E01001883,"Bus, minibus or coach",40,79,-39
E01001883,Driving a car or van,65,88,-23
E01001883,"Motorcycle, scooter or moped",13,28,-15
E01001883,Not in employment or aged 15 years and under,842,416,426
E01001883,On foot,75,109,-34
E01001883,Other method of travel to work,12,5,7
E01001883,Passenger in a car or van,7,9,-2
E01001883,Taxi,7,4,3
E01001883,Train,19,43,-24
E01001883,"Underground, metro, light rail, tram",155,352,-197
E01001883,Work mainly at or from home,611,46,565
E01001884,Bicycle,46,70,-24
E01001884,"Bus, minibus or coach",73,148,-75
E01001884,Driving a car or van,62,115,-53
E01001884,"Motorcycle, scooter or moped",14,29,-15
E01001884,Not in employment or aged 15 years and under,842,475,367
E01001884,On foot,124,151,-27
E01001884,Other method of travel to work,12,9,3
E01001884,Passenger in a car or van,1,11,-10
E01001884,Taxi,6,5,1
E01001884,Train,27,62,-35
E01001884,"Underground, metro, light rail, tram",131,383,-252
E01001884,Work mainly at or from home,469,27,442
E01001885,Bicycle,32,14,18
E01001885,"Bus, minibus or coach",105,146,-41
E01001885,Driving a car or van,60,61,-1
E01001885,"Motorcycle, scooter or moped",11,4,7
E01001885,Not in employment or aged 15 years and under,729,474,255
E01001885,On foot,105,96,9
E01001885,Other method of travel to work,5,2,3
E01001885,Passenger in a car or van,3,3,0
E01001885,Taxi,5,1,4
E01001885,Train,18,31,-13
E01001885,"Underground, metro, light rail, tram",69,112,-43
E01001885,Work mainly at or from home,138,10,128
E01001886,Bicycle,36,76,-40
E01001886,"Bus, minibus or coach",95,129,-34
E01001886,Driving a car or van,73,87,-14
E01001886,"Motorcycle, scooter or moped",4,18,-14
E01001886,Not in employment or aged 15 years and under,742,507,235
E01001886,On foot,81,126,-45
E01001886,Other method of travel to work,15,8,7
E01001886,Passenger in a car or van,10,2,8
E01001886,Taxi,4,3,1
E01001886,Train,12,26,-14
E01001886,"Underground, metro, light rail, tram",75,242,-167
E01001886,Work mainly at or from home,379,34,345
E01001887,Bicycle,42,63,-21
E01001887,"Bus, minibus or coach",78,127,-49
E01001887,Driving a car or van,76,103,-27
E01001887,"Motorcycle, scooter or moped",12,9,3
E01001887,Not in employment or aged 15 years and under,729,448,281
E01001887,On foot,100,115,-15
E01001887,Other method of travel to work,11,3,8
E01001887,Passenger in a car or van,2,4,-2
E01001887,Taxi,4,2,2
E01001887,Train,17,36,-19
E01001887,"Underground, metro, light rail, tram",79,305,-226
E01001887,Work mainly at or from home,312,33,279
E01001888,Bicycle,47,92,-45
E01001888,"Bus, minibus or coach",45,105,-60
E01001888,Driving a car or van,62,105,-43
E01001888,"Motorcycle, scooter or moped",13,19,-6
E01001888,Not in employment or aged 15 years and under,686,424,262
E01001888,On foot,72,132,-60
E01001888,Other method of travel to work,13,7,6
E01001888,Passenger in a car or van,1,8,-7
E01001888,Taxi,3,7,-4
E01001888,Train,14,25,-11
E01001888,"Underground, metro, light rail, tram",76,344,-268
E01001888,Work mainly at or from home,522,48,474
E01001889,Bicycle,33,67,-34
E01001889,"Bus, minibus or coach",34,53,-19
E01001889,Driving a car or van,55,79,-24
E01001889,"Motorcycle, scooter or moped",11,19,-8
E01001889,Not in employment or aged 15 years and under,554,338,216
E01001889,On foot,69,112,-43
E01001889,Other method of travel to work,5,5,0
E01001889,Passenger in a car or van,4,2,2
E01001889,Taxi,6,1,5
E01001889,Train,14,26,-12
E01001889,"Underground, metro, light rail, tram",96,450,-354
E01001889,Work mainly at or from home,508,41,467
E01001890,Bicycle,65,77,-12
E01001890,"Bus, minibus or coach",162,195,-33
E01001890,Driving a car or van,68,85,-17
E01001890,"Motorcycle, scooter or moped",7,14,-7
E01001890,Not in employment or aged 15 years and under,668,442,226
E01001890,On foot,217,256,-39
E01001890,Other method of travel to work,15,3,12
E01001890,Passenger in a car or van,2,4,-2
E01001890,Taxi,3,3,0
E01001890,Train,18,37,-19
E01001890,"Underground, metro, light rail, tram",118,443,-325
E01001890,Work mainly at or from home,370,31,339
E01001891,Bicycle,64,88,-24
E01001891,"Bus, minibus or coach",73,164,-91
E01001891,Driving a car or van,84,152,-68
E01001891,"Motorcycle, scooter or moped",11,17,-6
E01001891,Not in employment or aged 15 years and under,1039,487,552
E01001891,On foot,141,198,-57
E01001891,Other method of travel to work,8,6,2
E01001891,Passenger in a car or van,8,11,-3
E01001891,Taxi,9,4,5
E01001891,Train,14,39,-25
E01001891,"Underground, metro, light rail, tram",170,563,-393
E01001891,Work mainly at or from home,920,68,852
E01001892,Bicycle,54,52,2
E01001892,"Bus, minibus or coach",46,94,-48
E01001892,Driving a car or van,64,104,-40
E01001892,"Motorcycle, scooter or moped",7,19,-12
E01001892,Not in employment or aged 15 years and under,668,370,298
E01001892,On foot,83,89,-6
E01001892,Other method of travel to work,9,15,-6
E01001892,Passenger in a car or van,8,6,2
E01001892,Taxi,1,3,-2
E01001892,Train,13,20,-7
E01001892,"Underground, metro, light rail, tram",83,255,-172
E01001892,Work mainly at or from home,295,41,254
E01001893,Bicycle,38,32,6
E01001893,"Bus, minibus or coach",70,85,-15
E01001893,Driving a car or van,62,56,6
E01001893,"Motorcycle, scooter or moped",3,8,-5
E01001893,Not in employment or aged 15 years and under,749,371,378
E01001893,On foot,105,133,-28
E01001893,Other method of travel to work,17,7,10
E01001893,Passenger in a car or van,1,1,0
E01001893,Taxi,6,0,6
E01001893,Train,30,24,6
E01001893,"Underground, metro, light rail, tram",101,224,-123
E01001893,Work mainly at or from home,311,20,291
E01001894,Bicycle,44,38,6
E01001894,"Bus, minibus or coach",61,84,-23
E01001894,Driving a car or van,55,71,-16
E01001894,"Motorcycle, scooter or moped",3,9,-6
E01001894,Not in employment or aged 15 years and under,600,401,199
E01001894,On foot,77,104,-27
E01001894,Other method of travel to work,17,4,13
E01001894,Passenger in a car or van,4,6,-2
E01001894,Taxi,6,2,4
E01001894,Train,22,19,3
E01001894,"Underground, metro, light rail, tram",128,285,-157
E01001894,Work mainly at or from home,367,51,316
E01001895,Bicycle,56,73,-17
E01001895,"Bus, minibus or coach",42,85,-43
E01001895,Driving a car or van,65,106,-41
E01001895,"Motorcycle, scooter or moped",6,20,-14
E01001895,Not in employment or aged 15 years and under,647,351,296
E01001895,On foot,62,123,-61
E01001895,Other method of travel to work,5,10,-5
E01001895,Passenger in a car or van,2,16,-14
E01001895,Taxi,3,1,2
E01001895,Train,20,36,-16
E01001895,"Underground, metro, light rail, tram",93,367,-274
E01001895,Work mainly at or from home,458,70,388
E01001896,Bicycle,22,93,-71
E01001896,"Bus, minibus or coach",50,96,-46
E01001896,Driving a car or van,62,88,-26
E01001896,"Motorcycle, scooter or moped",7,15,-8
E01001896,Not in employment or aged 15 years and under,596,434,162
E01001896,On foot,73,104,-31
E01001896,Other method of travel to work,10,7,3
E01001896,Passenger in a car or van,6,12,-6
E01001896,Taxi,3,3,0
E01001896,Train,23,33,-10
E01001896,"Underground, metro, light rail, tram",102,355,-253
E01001896,Work mainly at or from home,435,55,380
E01001897,Bicycle,40,65,-25
E01001897,"Bus, minibus or coach",28,62,-34
E01001897,Driving a car or van,52,108,-56
E01001897,"Motorcycle, scooter or moped",5,18,-13
E01001897,Not in employment or aged 15 years and under,619,277,342
E01001897,On foot,52,110,-58
E01001897,Other method of travel to work,6,5,1
E01001897,Passenger in a car or van,2,6,-4
E01001897,Taxi,7,5,2
E01001897,Train,17,20,-3
E01001897,"Underground, metro, light rail, tram",64,349,-285
E01001897,Work mainly at or from home,407,63,344
E01001898,Bicycle,52,74,-22
E01001898,"Bus, minibus or coach",57,77,-20
E01001898,Driving a car or van,68,89,-21
E01001898,"Motorcycle, scooter or moped",10,12,-2
E01001898,Not in employment or aged 15 years and under,915,360,555
E01001898,On foot,93,146,-53
E01001898,Other method of travel to work,7,12,-5
E01001898,Passenger in a car or van,8,3,5
E01001898,Taxi,5,3,2
E01001898,Train,24,31,-7
E01001898,"Underground, metro, light rail, tram",175,461,-286
E01001898,Work mainly at or from home,681,54,627
E01001899,Bicycle,47,41,6
E01001899,"Bus, minibus or coach",79,80,-1
E01001899,Driving a car or van,64,66,-2
E01001899,"Motorcycle, scooter or moped",6,6,0
E01001899,Not in employment or aged 15 years and under,775,475,300
E01001899,On foot,101,99,2
E01001899,Other method of travel to work,4,4,0
E01001899,Passenger in a car or van,7,3,4
E01001899,Taxi,4,2,2
E01001899,Train,20,22,-2
E01001899,"Underground, metro, light rail, tram",122,225,-103
E01001899,Work mainly at or from home,368,45,323
E01001900,Bicycle,24,45,-21
E01001900,"Bus, minibus or coach",90,120,-30
E01001900,Driving a car or van,61,80,-19
E01001900,"Motorcycle, scooter or moped",6,3,3
E01001900,Not in employment or aged 15 years and under,904,470,434
E01001900,On foot,112,155,-43
E01001900,Other method of travel to work,10,8,2
E01001900,Passenger in a car or van,0,6,-6
E01001900,Taxi,4,3,1
E01001900,Train,21,40,-19
E01001900,"Underground, metro, light rail, tram",119,389,-270
E01001900,Work mainly at or from home,360,41,319
E01001901,Bicycle,54,91,-37
E01001901,"Bus, minibus or coach",49,113,-64
E01001901,Driving a car or van,63,130,-67
E01001901,"Motorcycle, scooter or moped",7,35,-28
E01001901,Not in employment or aged 15 years and under,709,353,356
E01001901,On foot,49,84,-35
E01001901,Other method of travel to work,8,6,2
E01001901,Passenger in a car or van,4,3,1
E01001901,Taxi,5,10,-5
E01001901,Train,9,27,-18
E01001901,"Underground, metro, light rail, tram",83,363,-280
E01001901,Work mainly at or from home,610,53,557
E01001902,Bicycle,61,92,-31
E01001902,"Bus, minibus or coach",69,163,-94
E01001902,Driving a car or van,71,132,-61
E01001902,"Motorcycle, scooter or moped",11,27,-16
E01001902,Not in employment or aged 15 years and under,620,410,210
E01001902,On foot,91,133,-42
E01001902,Other method of travel to work,14,11,3
E01001902,Passenger in a car or van,6,4,2
E01001902,Taxi,7,5,2
E01001902,Train,16,37,-21
E01001902,"Underground, metro, light rail, tram",106,407,-301
E01001902,Work mainly at or from home,587,45,542
E01001903,Bicycle,44,85,-41
E01001903,"Bus, minibus or coach",80,165,-85
E01001903,Driving a car or van,62,115,-53
E01001903,"Motorcycle, scooter or moped",3,24,-21
E01001903,Not in employment or aged 15 years and under,677,466,211
E01001903,On foot,85,99,-14
E01001903,Other method of travel to work,9,6,3
E01001903,Passenger in a car or van,2,3,-1
E01001903,Taxi,1,5,-4
E01001903,Train,14,38,-24
E01001903,"Underground, metro, light rail, tram",65,268,-203
E01001903,Work mainly at or from home,389,39,350
E01001904,Bicycle,61,104,-43
E01001904,"Bus, minibus or coach",45,140,-95
E01001904,Driving a car or van,70,130,-60
E01001904,"Motorcycle, scooter or moped",13,47,-34
E01001904,Not in employment or aged 15 years and under,608,304,304
E01001904,On foot,57,97,-40
E01001904,Other method of travel to work,6,8,-2
E01001904,Passenger in a car or van,5,7,-2
E01001904,Taxi,6,6,0
E01001904,Train,9,37,-28
E01001904,"Underground, metro, light rail, tram",85,363,-278
E01001904,Work mainly at or from home,650,65,585
E01001905,Bicycle,40,83,-43
E01001905,"Bus, minibus or coach",45,144,-99
E01001905,Driving a car or van,68,130,-62
E01001905,"Motorcycle, scooter or moped",9,46,-37
E01001905,Not in employment or aged 15 years and under,740,326,414
E01001905,On foot,58,101,-43
E01001905,Other method of travel to work,4,7,-3
E01001905,Passenger in a car or van,4,6,-2
E01001905,Taxi,1,6,-5
E01001905,Train,7,39,-32
E01001905,"Underground, metro, light rail, tram",80,406,-326
E01001905,Work mainly at or from home,602,66,536
E01001906,Bicycle,43,68,-25
E01001906,"Bus, minibus or coach",41,149,-108
E01001906,Driving a car or van,71,124,-53
E01001906,"Motorcycle, scooter or moped",11,29,-18
E01001906,Not in employment or aged 15 years and under,573,253,320
E01001906,On foot,59,91,-32
E01001906,Other method of travel to work,6,12,-6
E01001906,Passenger in a car or van,5,5,0
E01001906,Taxi,7,6,1
E01001906,Train,11,41,-30
E01001906,"Underground, metro, light rail, tram",89,413,-324
E01001906,Work mainly at or from home,538,44,494
E01001907,Bicycle,40,51,-11
E01001907,"Bus, minibus or coach",26,102,-76
E01001907,Driving a car or van,37,96,-59
E01001907,"Motorcycle, scooter or moped",6,36,-30
E01001907,Not in employment or aged 15 years and under,546,266,280
E01001907,On foot,51,67,-16
E01001907,Other method of travel to work,6,6,0
E01001907,Passenger in a car or van,1,8,-7
E01001907,Taxi,5,1,4
E01001907,Train,10,34,-24
E01001907,"Underground, metro, light rail, tram",59,283,-224
E01001907,Work mainly at or from home,455,60,395
E01001908,Bicycle,54,46,8
E01001908,"Bus, minibus or coach",37,79,-42
E01001908,Driving a car or van,51,69,-18
E01001908,"Motorcycle, scooter or moped",6,16,-10
E01001908,Not in employment or aged 15 years and under,450,392,58
E01001908,On foot,67,135,-68
E01001908,Other method of travel to work,6,7,-1
E01001908,Passenger in a car or van,5,7,-2
E01001908,Taxi,8,5,3
E01001908,Train,19,47,-28
E01001908,"Underground, metro, light rail, tram",171,620,-449
E01001908,Work mainly at or from home,506,61,445
E01001909,Bicycle,55,75,-20
E01001909,"Bus, minibus or coach",61,91,-30
E01001909,Driving a car or van,89,104,-15
E01001909,"Motorcycle, scooter or moped",8,22,-14
E01001909,Not in employment or aged 15 years and under,729,463,266
E01001909,On foot,96,161,-65
E01001909,Other method of travel to work,20,4,16
E01001909,Passenger in a car or van,5,6,-1
E01001909,Taxi,3,2,1
E01001909,Train,25,31,-6
E01001909,"Underground, metro, light rail, tram",126,498,-372
E01001909,Work mainly at or from home,541,50,491
E01001910,Bicycle,43,80,-37
E01001910,"Bus, minibus or coach",31,41,-10
E01001910,Driving a car or van,37,83,-46
E01001910,"Motorcycle, scooter or moped",6,9,-3
E01001910,Not in employment or aged 15 years and under,499,327,172
E01001910,On foot,65,96,-31
E01001910,Other method of travel to work,9,1,8
E01001910,Passenger in a car or van,2,3,-1
E01001910,Taxi,1,1,0
E01001910,Train,22,46,-24
E01001910,"Underground, metro, light rail, tram",138,603,-465
E01001910,Work mainly at or from home,481,61,420
E01001911,Bicycle,32,41,-9
E01001911,"Bus, minibus or coach",86,132,-46
E01001911,Driving a car or van,90,101,-11
E01001911,"Motorcycle, scooter or moped",12,9,3
E01001911,Not in employment or aged 15 years and under,969,528,441
E01001911,On foot,103,112,-9
E01001911,Other method of travel to work,13,3,10
E01001911,Passenger in a car or van,3,4,-1
E01001911,Taxi,7,4,3
E01001911,Train,26,58,-32
E01001911,"Underground, metro, light rail, tram",114,284,-170
E01001911,Work mainly at or from home,255,36,219
E01001912,Bicycle,17,35,-18
E01001912,"Bus, minibus or coach",99,117,-18
E01001912,Driving a car or van,70,69,1
E01001912,"Motorcycle, scooter or moped",8,5,3
E01001912,Not in employment or aged 15 years and under,876,579,297
E01001912,On foot,95,112,-17
E01001912,Other method of travel to work,9,11,-2
E01001912,Passenger in a car or van,5,4,1
E01001912,Taxi,3,1,2
E01001912,Train,32,46,-14
E01001912,"Underground, metro, light rail, tram",71,200,-129
E01001912,Work mainly at or from home,168,24,144
E01001913,Bicycle,55,79,-24
E01001913,"Bus, minibus or coach",28,51,-23
E01001913,Driving a car or van,41,102,-61
E01001913,"Motorcycle, scooter or moped",3,17,-14
E01001913,Not in employment or aged 15 years and under,422,221,201
E01001913,On foot,63,103,-40
E01001913,Other method of travel to work,5,14,-9
E01001913,Passenger in a car or van,1,5,-4
E01001913,Taxi,0,2,-2
E01001913,Train,10,26,-16
E01001913,"Underground, metro, light rail, tram",123,725,-602
E01001913,Work mainly at or from home,640,61,579
E01001914,Bicycle,49,73,-24
E01001914,"Bus, minibus or coach",60,90,-30
E01001914,Driving a car or van,42,90,-48
E01001914,"Motorcycle, scooter or moped",3,15,-12
E01001914,Not in employment or aged 15 years and under,561,407,154
E01001914,On foot,93,138,-45
E01001914,Other method of travel to work,13,9,4
E01001914,Passenger in a car or van,8,3,5
E01001914,Taxi,8,4,4
E01001914,Train,15,46,-31
E01001914,"Underground, metro, light rail, tram",180,643,-463
E01001914,Work mainly at or from home,477,37,440
E01001915,Bicycle,32,62,-30
E01001915,"Bus, minibus or coach",30,89,-59
E01001915,Driving a car or van,61,137,-76
E01001915,"Motorcycle, scooter or moped",9,27,-18
E01001915,Not in employment or aged 15 years and under,710,315,395
E01001915,On foot,45,32,13
E01001915,Other method of travel to work,8,8,0
E01001915,Passenger in a car or van,2,8,-6
E01001915,Taxi,8,5,3
E01001915,Train,14,37,-23
E01001915,"Underground, metro, light rail, tram",67,261,-194
E01001915,Work mainly at or from home,464,72,392
E01001916,Bicycle,37,58,-21
E01001916,"Bus, minibus or coach",15,41,-26
E01001916,Driving a car or van,30,80,-50
E01001916,"Motorcycle, scooter or moped",5,27,-22
E01001916,Not in employment or aged 15 years and under,667,300,367
E01001916,On foot,31,64,-33
E01001916,Other method of travel to work,6,7,-1
E01001916,Passenger in a car or van,2,6,-4
E01001916,Taxi,5,6,-1
E01001916,Train,4,24,-20
E01001916,"Underground, metro, light rail, tram",55,310,-255
E01001916,Work mainly at or from home,366,96,270
E01001917,Bicycle,42,88,-46
E01001917,"Bus, minibus or coach",45,108,-63
E01001917,Driving a car or van,61,123,-62
E01001917,"Motorcycle, scooter or moped",11,25,-14
E01001917,Not in employment or aged 15 years and under,761,368,393
E01001917,On foot,61,89,-28
E01001917,Other method of travel to work,9,4,5
E01001917,Passenger in a car or van,2,11,-9
E01001917,Taxi,6,10,-4
E01001917,Train,14,26,-12
E01001917,"Underground, metro, light rail, tram",47,242,-195
E01001917,Work mainly at or from home,429,56,373
E01001918,Bicycle,50,95,-45
E01001918,"Bus, minibus or coach",61,116,-55
E01001918,Driving a car or van,65,135,-70
E01001918,"Motorcycle, scooter or moped",10,29,-19
E01001918,Not in employment or aged 15 years and under,688,336,352
E01001918,On foot,65,83,-18
E01001918,Other method of travel to work,9,6,3
E01001918,Passenger in a car or van,5,9,-4
E01001918,Taxi,5,7,-2
E01001918,Train,11,33,-22
E01001918,"Underground, metro, light rail, tram",56,275,-219
E01001918,Work mainly at or from home,490,60,430
E01001919,Bicycle,69,77,-8
E01001919,"Bus, minibus or coach",33,97,-64
E01001919,Driving a car or van,61,136,-75
E01001919,"Motorcycle, scooter or moped",9,32,-23
E01001919,Not in employment or aged 15 years and under,774,364,410
E01001919,On foot,47,70,-23
E01001919,Other method of travel to work,3,6,-3
E01001919,Passenger in a car or van,9,7,2
E01001919,Taxi,5,3,2
E01001919,Train,8,28,-20
E01001919,"Underground, metro, light rail, tram",65,243,-178
E01001919,Work mainly at or from home,462,86,376
E01001920,Bicycle,38,38,0
E01001920,"Bus, minibus or coach",53,129,-76
E01001920,Driving a car or van,52,68,-16
E01001920,"Motorcycle, scooter or moped",10,20,-10
E01001920,Not in employment or aged 15 years and under,718,457,261
E01001920,On foot,93,108,-15
E01001920,Other method of travel to work,10,10,0
E01001920,Passenger in a car or van,4,7,-3
E01001920,Taxi,4,6,-2
E01001920,Train,27,29,-2
E01001920,"Underground, metro, light rail, tram",89,305,-216
E01001920,Work mainly at or from home,352,30,322
E01001921,Bicycle,32,48,-16
E01001921,"Bus, minibus or coach",33,104,-71
E01001921,Driving a car or van,49,104,-55
E01001921,"Motorcycle, scooter or moped",13,28,-15
E01001921,Not in employment or aged 15 years and under,671,384,287
E01001921,On foot,68,99,-31
E01001921,Other method of travel to work,4,7,-3
E01001921,Passenger in a car or van,5,13,-8
E01001921,Taxi,7,4,3
E01001921,Train,12,25,-13
E01001921,"Underground, metro, light rail, tram",75,334,-259
E01001921,Work mainly at or from home,483,91,392
E01001922,Bicycle,28,60,-32
E01001922,"Bus, minibus or coach",22,87,-65
E01001922,Driving a car or van,50,116,-66
E01001922,"Motorcycle, scooter or moped",7,37,-30
E01001922,Not in employment or aged 15 years and under,777,356,421
E01001922,On foot,70,85,-15
E01001922,Other method of travel to work,7,9,-2
E01001922,Passenger in a car or van,5,5,0
E01001922,Taxi,11,12,-1
E01001922,Train,11,27,-16
E01001922,"Underground, metro, light rail, tram",89,345,-256
E01001922,Work mainly at or from home,546,88,458
E01001923,Bicycle,41,68,-27
E01001923,"Bus, minibus or coach",44,115,-71
E01001923,Driving a car or van,49,93,-44
E01001923,"Motorcycle, scooter or moped",9,29,-20
E01001923,Not in employment or aged 15 years and under,672,358,314
E01001923,On foot,63,77,-14
E01001923,Other method of travel to work,14,9,5
E01001923,Passenger in a car or van,1,5,-4
E01001923,Taxi,5,11,-6
E01001923,Train,21,36,-15
E01001923,"Underground, metro, light rail, tram",83,306,-223
E01001923,Work mainly at or from home,517,74,443
E01001924,Bicycle,32,58,-26
E01001924,"Bus, minibus or coach",27,113,-86
E01001924,Driving a car or van,47,91,-44
E01001924,"Motorcycle, scooter or moped",6,33,-27
E01001924,Not in employment or aged 15 years and under,686,307,379
E01001924,On foot,46,83,-37
E01001924,Other method of travel to work,5,6,-1
E01001924,Passenger in a car or van,5,4,1
E01001924,Taxi,9,15,-6
E01001924,Train,12,37,-25
E01001924,"Underground, metro, light rail, tram",84,359,-275
E01001924,Work mainly at or from home,587,91,496
E01001925,Bicycle,27,61,-34
E01001925,"Bus, minibus or coach",23,92,-69
E01001925,Driving a car or van,49,98,-49
E01001925,"Motorcycle, scooter or moped",7,38,-31
E01001925,Not in employment or aged 15 years and under,797,343,454
E01001925,On foot,51,80,-29
E01001925,Other method of travel to work,7,12,-5
E01001925,Passenger in a car or van,5,7,-2
E01001925,Taxi,10,24,-14
E01001925,Train,20,15,5
E01001925,"Underground, metro, light rail, tram",69,305,-236
E01001925,Work mainly at or from home,508,108,400
E01001926,Bicycle,33,51,-18
E01001926,"Bus, minibus or coach",21,80,-59
E01001926,Driving a car or van,45,109,-64
E01001926,"Motorcycle, scooter or moped",10,32,-22
E01001926,Not in employment or aged 15 years and under,579,260,319
E01001926,On foot,37,76,-39
E01001926,Other method of travel to work,5,11,-6
E01001926,Passenger in a car or van,2,6,-4
E01001926,Taxi,5,3,2
E01001926,Train,9,30,-21
E01001926,"Underground, metro, light rail, tram",92,393,-301
E01001926,Work mainly at or from home,517,85,432
E01001927,Bicycle,47,82,-35
E01001927,"Bus, minibus or coach",13,56,-43
E01001927,Driving a car or van,52,133,-81
E01001927,"Motorcycle, scooter or moped",7,19,-12
E01001927,Not in employment or aged 15 years and under,728,345,383
E01001927,On foot,38,83,-45
E01001927,Other method of travel to work,13,3,10
E01001927,Passenger in a car or van,3,7,-4
E01001927,Taxi,6,2,4
E01001927,Train,4,7,-3
E01001927,"Underground, metro, light rail, tram",57,281,-224
E01001927,Work mainly at or from home,401,87,314
E01001928,Bicycle,45,73,-28
E01001928,"Bus, minibus or coach",45,108,-63
E01001928,Driving a car or van,64,110,-46
E01001928,"Motorcycle, scooter or moped",2,21,-19
E01001928,Not in employment or aged 15 years and under,963,413,550
E01001928,On foot,67,100,-33
E01001928,Other method of travel to work,10,8,2
E01001928,Passenger in a car or van,3,8,-5
E01001928,Taxi,2,5,-3
E01001928,Train,21,29,-8
E01001928,"Underground, metro, light rail, tram",96,328,-232
E01001928,Work mainly at or from home,490,86,404
E01001929,Bicycle,37,71,-34
E01001929,"Bus, minibus or coach",20,40,-20
E01001929,Driving a car or van,39,93,-54
E01001929,"Motorcycle, scooter or moped",8,19,-11
E01001929,Not in employment or aged 15 years and under,618,238,380
E01001929,On foot,47,79,-32
E01001929,Other method of travel to work,6,2,4
E01001929,Passenger in a car or van,0,11,-11
E01001929,Taxi,2,0,2
E01001929,Train,8,13,-5
E01001929,"Underground, metro, light rail, tram",81,332,-251
E01001929,Work mainly at or from home,485,81,404
E01001930,Bicycle,47,68,-21
E01001930,"Bus, minibus or coach",30,105,-75
E01001930,Driving a car or van,74,138,-64
E01001930,"Motorcycle, scooter or moped",3,9,-6
E01001930,Not in employment or aged 15 years and under,923,502,421
E01001930,On foot,70,95,-25
E01001930,Other method of travel to work,12,14,-2
E01001930,Passenger in a car or van,6,4,2
E01001930,Taxi,4,6,-2
E01001930,Train,20,32,-12
E01001930,"Underground, metro, light rail, tram",106,360,-254
E01001930,Work mainly at or from home,438,59,379
E01001931,Bicycle,41,55,-14
E01001931,"Bus, minibus or coach",54,98,-44
E01001931,Driving a car or van,43,103,-60
E01001931,"Motorcycle, scooter or moped",5,11,-6
E01001931,Not in employment or aged 15 years and under,526,358,168
E01001931,On foot,55,94,-39
E01001931,Other method of travel to work,6,4,2
E01001931,Passenger in a car or van,1,6,-5
E01001931,Taxi,3,1,2
E01001931,Train,14,29,-15
E01001931,"Underground, metro, light rail, tram",104,344,-240
E01001931,Work mainly at or from home,448,50,398
E01001932,Bicycle,51,87,-36
E01001932,"Bus, minibus or coach",45,93,-48
E01001932,Driving a car or van,64,112,-48
E01001932,"Motorcycle, scooter or moped",5,22,-17
E01001932,Not in employment or aged 15 years and under,656,399,257
E01001932,On foot,85,137,-52
E01001932,Other method of travel to work,4,5,-1
E01001932,Passenger in a car or van,6,4,2
E01001932,Taxi,3,2,1
E01001932,Train,17,56,-39
E01001932,"Underground, metro, light rail, tram",153,374,-221
E01001932,Work mainly at or from home,497,64,433
E01001933,Bicycle,31,42,-11
E01001933,"Bus, minibus or coach",42,61,-19
E01001933,Driving a car or van,58,83,-25
E01001933,"Motorcycle, scooter or moped",7,18,-11
E01001933,Not in employment or aged 15 years and under,724,334,390
E01001933,On foot,50,95,-45
E01001933,Other method of travel to work,8,7,1
E01001933,Passenger in a car or van,3,7,-4
E01001933,Taxi,1,3,-2
E01001933,Train,12,21,-9
E01001933,"Underground, metro, light rail, tram",90,274,-184
E01001933,Work mainly at or from home,477,92,385
E01001934,Bicycle,54,48,6
E01001934,"Bus, minibus or coach",63,112,-49
E01001934,Driving a car or van,109,122,-13
E01001934,"Motorcycle, scooter or moped",13,33,-20
E01001934,Not in employment or aged 15 years and under,1023,464,559
E01001934,On foot,115,107,8
E01001934,Other method of travel to work,19,7,12
E01001934,Passenger in a car or van,11,5,6
E01001934,Taxi,6,7,-1
E01001934,Train,28,49,-21
E01001934,"Underground, metro, light rail, tram",77,227,-150
E01001934,Work mainly at or from home,445,50,395
E01001935,Bicycle,58,142,-84
E01001935,"Bus, minibus or coach",43,221,-178
E01001935,Driving a car or van,89,196,-107
E01001935,"Motorcycle, scooter or moped",15,47,-32
E01001935,Not in employment or aged 15 years and under,878,558,320
E01001935,On foot,122,172,-50
E01001935,Other method of travel to work,4,17,-13
E01001935,Passenger in a car or van,4,15,-11
E01001935,Taxi,8,9,-1
E01001935,Train,27,84,-57
E01001935,"Underground, metro, light rail, tram",110,464,-354
E01001935,Work mainly at or from home,682,77,605
E01001937,Bicycle,45,60,-15
E01001937,"Bus, minibus or coach",48,128,-80
E01001937,Driving a car or van,73,102,-29
E01001937,"Motorcycle, scooter or moped",11,37,-26
E01001937,Not in employment or aged 15 years and under,808,323,485
E01001937,On foot,82,89,-7
E01001937,Other method of travel to work,13,6,7
E01001937,Passenger in a car or van,7,3,4
E01001937,Taxi,10,5,5
E01001937,Train,10,56,-46
E01001937,"Underground, metro, light rail, tram",80,297,-217
E01001937,Work mainly at or from home,598,74,524
E01001938,Bicycle,40,74,-34
E01001938,"Bus, minibus or coach",114,155,-41
E01001938,Driving a car or van,80,117,-37
E01001938,"Motorcycle, scooter or moped",13,24,-11
E01001938,Not in employment or aged 15 years and under,770,379,391
E01001938,On foot,85,92,-7
E01001938,Other method of travel to work,7,3,4
E01001938,Passenger in a car or van,2,9,-7
E01001938,Taxi,4,6,-2
E01001938,Train,29,86,-57
E01001938,"Underground, metro, light rail, tram",59,166,-107
E01001938,Work mainly at or from home,380,36,344
E01001940,Bicycle,37,76,-39
E01001940,"Bus, minibus or coach",67,153,-86
E01001940,Driving a car or van,69,94,-25
E01001940,"Motorcycle, scooter or moped",17,11,6
E01001940,Not in employment or aged 15 years and under,753,448,305
E01001940,On foot,97,115,-18
E01001940,Other method of travel to work,11,2,9
E01001940,Passenger in a car or van,4,10,-6
E01001940,Taxi,5,1,4
E01001940,Train,22,43,-21
E01001940,"Underground, metro, light rail, tram",91,302,-211
E01001940,Work mainly at or from home,360,36,324
E01001941,Bicycle,66,92,-26
E01001941,"Bus, minibus or coach",96,170,-74
E01001941,Driving a car or van,62,87,-25
E01001941,"Motorcycle, scooter or moped",12,15,-3
E01001941,Not in employment or aged 15 years and under,531,341,190
E01001941,On foot,112,176,-64
E01001941,Other method of travel to work,7,11,-4
E01001941,Passenger in a car or van,3,5,-2
E01001941,Taxi,6,1,5
E01001941,Train,26,48,-22
E01001941,"Underground, metro, light rail, tram",154,492,-338
E01001941,Work mainly at or from home,483,53,430
E01001942,Bicycle,60,104,-44
E01001942,"Bus, minibus or coach",114,160,-46
E01001942,Driving a car or van,77,150,-73
E01001942,"Motorcycle, scooter or moped",16,17,-1
E01001942,Not in employment or aged 15 years and under,726,430,296
E01001942,On foot,98,154,-56
E01001942,Other method of travel to work,20,4,16
E01001942,Passenger in a car or van,6,14,-8
E01001942,Taxi,5,1,4
E01001942,Train,31,59,-28
E01001942,"Underground, metro, light rail, tram",151,402,-251
E01001942,Work mainly at or from home,534,58,476
E01001943,Bicycle,46,89,-43
E01001943,"Bus, minibus or coach",109,202,-93
E01001943,Driving a car or van,84,103,-19
E01001943,"Motorcycle, scooter or moped",13,9,4
E01001943,Not in employment or aged 15 years and under,1039,518,521
E01001943,On foot,132,169,-37
E01001943,Other method of travel to work,26,9,17
E01001943,Passenger in a car or van,7,9,-2
E01001943,Taxi,7,1,6
E01001943,Train,38,59,-21
E01001943,"Underground, metro, light rail, tram",181,432,-251
E01001943,Work mainly at or from home,579,53,526
E01001944,Bicycle,24,36,-12
E01001944,"Bus, minibus or coach",106,201,-95
E01001944,Driving a car or van,83,88,-5
E01001944,"Motorcycle, scooter or moped",6,8,-2
E01001944,Not in employment or aged 15 years and under,1027,597,430
E01001944,On foot,84,107,-23
E01001944,Other method of travel to work,11,2,9
E01001944,Passenger in a car or van,5,4,1
E01001944,Taxi,4,2,2
E01001944,Train,33,23,10
E01001944,"Underground, metro, light rail, tram",83,188,-105
E01001944,Work mainly at or from home,219,22,197
E01001945,Bicycle,59,86,-27
E01001945,"Bus, minibus or coach",50,144,-94
E01001945,Driving a car or van,77,119,-42
E01001945,"Motorcycle, scooter or moped",12,21,-9
E01001945,Not in employment or aged 15 years and under,712,363,349
E01001945,On foot,93,152,-59
E01001945,Other method of travel to work,23,7,16
E01001945,Passenger in a car or van,6,5,1
E01001945,Taxi,3,1,2
E01001945,Train,23,43,-20
E01001945,"Underground, metro, light rail, tram",116,385,-269
E01001945,Work mainly at or from home,492,55,437
E01001946,Bicycle,56,61,-5
E01001946,"Bus, minibus or coach",69,136,-67
E01001946,Driving a car or van,82,91,-9
E01001946,"Motorcycle, scooter or moped",7,11,-4
E01001946,Not in employment or aged 15 years and under,784,366,418
E01001946,On foot,93,137,-44
E01001946,Other method of travel to work,17,11,6
E01001946,Passenger in a car or van,6,3,3
E01001946,Taxi,6,2,4
E01001946,Train,41,62,-21
E01001946,"Underground, metro, light rail, tram",158,387,-229
E01001946,Work mainly at or from home,560,49,511
E01001947,Bicycle,23,30,-7
E01001947,"Bus, minibus or coach",93,138,-45
E01001947,Driving a car or van,63,69,-6
E01001947,"Motorcycle, scooter or moped",7,12,-5
E01001947,Not in employment or aged 15 years and under,805,466,339
E01001947,On foot,102,101,1
E01001947,Other method of travel to work,5,6,-1
E01001947,Passenger in a car or van,5,5,0
E01001947,Taxi,2,1,1
E01001947,Train,29,46,-17
E01001947,"Underground, metro, light rail, tram",76,168,-92
E01001947,Work mainly at or from home,209,19,190
E01001948,Bicycle,38,97,-59
E01001948,"Bus, minibus or coach",36,128,-92
E01001948,Driving a car or van,63,137,-74
E01001948,"Motorcycle, scooter or moped",10,44,-34
E01001948,Not in employment or aged 15 years and under,794,370,424
E01001948,On foot,86,108,-22
E01001948,Other method of travel to work,7,8,-1
E01001948,Passenger in a car or van,5,5,0
E01001948,Taxi,6,3,3
E01001948,Train,19,35,-16
E01001948,"Underground, metro, light rail, tram",123,592,-469
E01001948,Work mainly at or from home,682,83,599
E01001949,Bicycle,29,80,-51
E01001949,"Bus, minibus or coach",35,98,-63
E01001949,Driving a car or van,54,99,-45
E01001949,"Motorcycle, scooter or moped",6,27,-21
E01001949,Not in employment or aged 15 years and under,582,301,281
E01001949,On foot,45,83,-38
E01001949,Other method of travel to work,3,6,-3
E01001949,Passenger in a car or van,2,7,-5
E01001949,Taxi,5,4,1
E01001949,Train,13,24,-11
E01001949,"Underground, metro, light rail, tram",80,445,-365
E01001949,Work mainly at or from home,620,82,538
E01001950,Bicycle,43,67,-24
E01001950,"Bus, minibus or coach",20,82,-62
E01001950,Driving a car or van,52,107,-55
E01001950,"Motorcycle, scooter or moped",8,30,-22
E01001950,Not in employment or aged 15 years and under,649,273,376
E01001950,On foot,48,80,-32
E01001950,Other method of travel to work,3,4,-1
E01001950,Passenger in a car or van,2,4,-2
E01001950,Taxi,6,2,4
E01001950,Train,12,31,-19
E01001950,"Underground, metro, light rail, tram",78,462,-384
E01001950,Work mainly at or from home,566,84,482
E01001951,Bicycle,29,50,-21
E01001951,"Bus, minibus or coach",44,116,-72
E01001951,Driving a car or van,56,110,-54
E01001951,"Motorcycle, scooter or moped",10,31,-21
E01001951,Not in employment or aged 15 years and under,635,336,299
E01001951,On foot,70,110,-40
E01001951,Other method of travel to work,7,7,0
E01001951,Passenger in a car or van,5,4,1
E01001951,Taxi,1,1,0
E01001951,Train,15,33,-18
E01001951,"Underground, metro, light rail, tram",100,442,-342
E01001951,Work mainly at or from home,550,73,477
E01001952,Bicycle,52,88,-36
E01001952,"Bus, minibus or coach",96,152,-56
E01001952,Driving a car or van,69,109,-40
E01001952,"Motorcycle, scooter or moped",11,26,-15
E01001952,Not in employment or aged 15 years and under,540,290,250
E01001952,On foot,100,105,-5
E01001952,Other method of travel to work,16,3,13
E01001952,Passenger in a car or van,2,1,1
E01001952,Taxi,4,3,1
E01001952,Train,20,62,-42
E01001952,"Underground, metro, light rail, tram",127,502,-375
E01001952,Work mainly at or from home,614,78,536
E01001953,Bicycle,29,49,-20
E01001953,"Bus, minibus or coach",81,123,-42
E01001953,Driving a car or van,62,58,4
E01001953,"Motorcycle, scooter or moped",3,14,-11
E01001953,Not in employment or aged 15 years and under,607,310,297
E01001953,On foot,109,121,-12
E01001953,Other method of travel to work,4,4,0
E01001953,Passenger in a car or van,5,3,2
E01001953,Taxi,7,1,6
E01001953,Train,25,32,-7
E01001953,"Underground, metro, light rail, tram",98,366,-268
E01001953,Work mainly at or from home,432,23,409
E01001954,Bicycle,42,74,-32
E01001954,"Bus, minibus or coach",67,129,-62
E01001954,Driving a car or van,82,119,-37
E01001954,"Motorcycle, scooter or moped",8,13,-5
E01001954,Not in employment or aged 15 years and under,795,409,386
E01001954,On foot,85,90,-5
E01001954,Other method of travel to work,2,3,-1
E01001954,Passenger in a car or van,6,6,0
E01001954,Taxi,6,2,4
E01001954,Train,19,43,-24
E01001954,"Underground, metro, light rail, tram",79,237,-158
E01001954,Work mainly at or from home,332,28,304
E01001955,Bicycle,45,32,13
E01001955,"Bus, minibus or coach",124,152,-28
E01001955,Driving a car or van,128,127,1
E01001955,"Motorcycle, scooter or moped",14,9,5
E01001955,Not in employment or aged 15 years and under,1138,606,532
E01001955,On foot,127,115,12
E01001955,Other method of travel to work,13,2,11
E01001955,Passenger in a car or van,6,2,4
E01001955,Taxi,4,4,0
E01001955,Train,36,46,-10
E01001955,"Underground, metro, light rail, tram",107,175,-68
E01001955,Work mainly at or from home,361,19,342
E01001956,Bicycle,46,52,-6
E01001956,"Bus, minibus or coach",87,141,-54
E01001956,Driving a car or van,83,139,-56
E01001956,"Motorcycle, scooter or moped",5,15,-10
E01001956,Not in employment or aged 15 years and under,842,472,370
E01001956,On foot,79,79,0
E01001956,Other method of travel to work,7,6,1
E01001956,Passenger in a car or van,7,3,4
E01001956,Taxi,5,2,3
E01001956,Train,18,28,-10
E01001956,"Underground, metro, light rail, tram",91,226,-135
E01001956,Work mainly at or from home,302,43,259
E01001957,Bicycle,29,17,12
E01001957,"Bus, minibus or coach",97,144,-47
E01001957,Driving a car or van,82,88,-6
E01001957,"Motorcycle, scooter or moped",6,4,2
E01001957,Not in employment or aged 15 years and under,1010,546,464
E01001957,On foot,91,101,-10
E01001957,Other method of travel to work,5,5,0
E01001957,Passenger in a car or van,10,4,6
E01001957,Taxi,3,2,1
E01001957,Train,34,47,-13
E01001957,"Underground, metro, light rail, tram",112,202,-90
E01001957,Work mainly at or from home,152,11,141
E01001958,Bicycle,23,28,-5
E01001958,"Bus, minibus or coach",145,196,-51
E01001958,Driving a car or van,115,93,22
E01001958,"Motorcycle, scooter or moped",6,3,3
E01001958,Not in employment or aged 15 years and under,975,526,449
E01001958,On foot,122,79,43
E01001958,Other method of travel to work,12,1,11
E01001958,Passenger in a car or van,1,3,-2
E01001958,Taxi,6,2,4
E01001958,Train,40,59,-19
E01001958,"Underground, metro, light rail, tram",106,165,-59
E01001958,Work mainly at or from home,171,13,158
E01001959,Bicycle,42,30,12
E01001959,"Bus, minibus or coach",93,130,-37
E01001959,Driving a car or van,117,142,-25
E01001959,"Motorcycle, scooter or moped",12,12,0
E01001959,Not in employment or aged 15 years and under,1235,577,658
E01001959,On foot,74,72,2
E01001959,Other method of travel to work,14,4,10
E01001959,Passenger in a car or van,14,13,1
E01001959,Taxi,4,1,3
E01001959,Train,28,40,-12
E01001959,"Underground, metro, light rail, tram",121,189,-68
E01001959,Work mainly at or from home,267,32,235
E01001960,Bicycle,68,116,-48
E01001960,"Bus, minibus or coach",78,140,-62
E01001960,Driving a car or van,93,119,-26
E01001960,"Motorcycle, scooter or moped",11,32,-21
E01001960,Not in employment or aged 15 years and under,705,383,322
E01001960,On foot,120,133,-13
E01001960,Other method of travel to work,5,5,0
E01001960,Passenger in a car or van,3,12,-9
E01001960,Taxi,15,1,14
E01001960,Train,40,52,-12
E01001960,"Underground, metro, light rail, tram",122,500,-378
E01001960,Work mainly at or from home,538,64,474
E01001961,Bicycle,18,19,-1
E01001961,"Bus, minibus or coach",104,152,-48
E01001961,Driving a car or van,92,79,13
E01001961,"Motorcycle, scooter or moped",6,7,-1
E01001961,Not in employment or aged 15 years and under,971,514,457
E01001961,On foot,99,87,12
E01001961,Other method of travel to work,10,2,8
E01001961,Passenger in a car or van,7,5,2
E01001961,Taxi,4,2,2
E01001961,Train,47,45,2
E01001961,"Underground, metro, light rail, tram",92,130,-38
E01001961,Work mainly at or from home,125,14,111
E01001962,Bicycle,28,38,-10
E01001962,"Bus, minibus or coach",48,74,-26
E01001962,Driving a car or van,118,223,-105
E01001962,"Motorcycle, scooter or moped",1,14,-13
E01001962,Not in employment or aged 15 years and under,1003,393,610
E01001962,On foot,30,42,-12
E01001962,Other method of travel to work,6,6,0
E01001962,Passenger in a car or van,10,8,2
E01001962,Taxi,4,3,1
E01001962,Train,14,82,-68
E01001962,"Underground, metro, light rail, tram",82,279,-197
E01001962,Work mainly at or from home,481,85,396
E01001963,Bicycle,25,53,-28
E01001963,"Bus, minibus or coach",32,69,-37
E01001963,Driving a car or van,115,253,-138
E01001963,"Motorcycle, scooter or moped",3,28,-25
E01001963,Not in employment or aged 15 years and under,873,355,518
E01001963,On foot,39,56,-17
E01001963,Other method of travel to work,3,6,-3
E01001963,Passenger in a car or van,12,11,1
E01001963,Taxi,0,1,-1
E01001963,Train,9,54,-45
E01001963,"Underground, metro, light rail, tram",65,317,-252
E01001963,Work mainly at or from home,621,95,526
E01001964,Bicycle,25,36,-11
E01001964,"Bus, minibus or coach",44,69,-25
E01001964,Driving a car or van,102,211,-109
E01001964,"Motorcycle, scooter or moped",3,8,-5
E01001964,Not in employment or aged 15 years and under,795,328,467
E01001964,On foot,37,42,-5
E01001964,Other method of travel to work,2,5,-3
E01001964,Passenger in a car or van,8,17,-9
E01001964,Taxi,2,2,0
E01001964,Train,27,191,-164
E01001964,"Underground, metro, light rail, tram",96,285,-189
E01001964,Work mainly at or from home,485,78,407
E01001965,Bicycle,34,51,-17
E01001965,"Bus, minibus or coach",31,54,-23
E01001965,Driving a car or van,97,226,-129
E01001965,"Motorcycle, scooter or moped",4,16,-12
E01001965,Not in employment or aged 15 years and under,806,285,521
E01001965,On foot,35,45,-10
E01001965,Other method of travel to work,5,5,0
E01001965,Passenger in a car or van,7,8,-1
E01001965,Taxi,4,2,2
E01001965,Train,22,137,-115
E01001965,"Underground, metro, light rail, tram",54,299,-245
E01001965,Work mainly at or from home,535,77,458
E01001966,Bicycle,27,39,-12
E01001966,"Bus, minibus or coach",19,61,-42
E01001966,Driving a car or van,90,205,-115
E01001966,"Motorcycle, scooter or moped",7,16,-9
E01001966,Not in employment or aged 15 years and under,704,341,363
E01001966,On foot,24,49,-25
E01001966,Other method of travel to work,2,12,-10
E01001966,Passenger in a car or van,6,9,-3
E01001966,Taxi,1,5,-4
E01001966,Train,15,63,-48
E01001966,"Underground, metro, light rail, tram",48,234,-186
E01001966,Work mainly at or from home,472,97,375
E01001967,Bicycle,24,45,-21
E01001967,"Bus, minibus or coach",28,118,-90
E01001967,Driving a car or van,85,276,-191
E01001967,"Motorcycle, scooter or moped",2,22,-20
E01001967,Not in employment or aged 15 years and under,742,401,341
E01001967,On foot,35,64,-29
E01001967,Other method of travel to work,8,7,1
E01001967,Passenger in a car or van,4,14,-10
E01001967,Taxi,7,6,1
E01001967,Train,11,63,-52
E01001967,"Underground, metro, light rail, tram",49,342,-293
E01001967,Work mainly at or from home,500,125,375
E01001968,Bicycle,23,31,-8
E01001968,"Bus, minibus or coach",57,142,-85
E01001968,Driving a car or van,124,181,-57
E01001968,"Motorcycle, scooter or moped",4,16,-12
E01001968,Not in employment or aged 15 years and under,744,292,452
E01001968,On foot,49,55,-6
E01001968,Other method of travel to work,6,1,5
E01001968,Passenger in a car or van,3,4,-1
E01001968,Taxi,5,5,0
E01001968,Train,10,27,-17
E01001968,"Underground, metro, light rail, tram",100,293,-193
E01001968,Work mainly at or from home,525,105,420
E01001969,Bicycle,43,23,20
E01001969,"Bus, minibus or coach",107,109,-2
E01001969,Driving a car or van,152,185,-33
E01001969,"Motorcycle, scooter or moped",6,18,-12
E01001969,Not in employment or aged 15 years and under,970,523,447
E01001969,On foot,44,47,-3
E01001969,Other method of travel to work,19,1,18
E01001969,Passenger in a car or van,10,16,-6
E01001969,Taxi,2,4,-2
E01001969,Train,58,81,-23
E01001969,"Underground, metro, light rail, tram",186,439,-253
E01001969,Work mainly at or from home,362,43,319
E01001970,Bicycle,21,9,12
E01001970,"Bus, minibus or coach",94,136,-42
E01001970,Driving a car or van,197,174,23
E01001970,"Motorcycle, scooter or moped",12,5,7
E01001970,Not in employment or aged 15 years and under,893,567,326
E01001970,On foot,46,41,5
E01001970,Other method of travel to work,18,5,13
E01001970,Passenger in a car or van,19,13,6
E01001970,Taxi,9,6,3
E01001970,Train,46,94,-48
E01001970,"Underground, metro, light rail, tram",234,406,-172
E01001970,Work mainly at or from home,315,33,282
E01001971,Bicycle,24,16,8
E01001971,"Bus, minibus or coach",126,192,-66
E01001971,Driving a car or van,153,142,11
E01001971,"Motorcycle, scooter or moped",5,7,-2
E01001971,Not in employment or aged 15 years and under,1051,679,372
E01001971,On foot,65,57,8
E01001971,Other method of travel to work,16,3,13
E01001971,Passenger in a car or van,11,10,1
E01001971,Taxi,9,2,7
E01001971,Train,46,59,-13
E01001971,"Underground, metro, light rail, tram",153,290,-137
E01001971,Work mainly at or from home,247,19,228
E01001972,Bicycle,24,37,-13
E01001972,"Bus, minibus or coach",98,94,4
E01001972,Driving a car or van,132,171,-39
E01001972,"Motorcycle, scooter or moped",1,11,-10
E01001972,Not in employment or aged 15 years and under,890,449,441
E01001972,On foot,54,53,1
E01001972,Other method of travel to work,12,5,7
E01001972,Passenger in a car or van,16,7,9
E01001972,Taxi,4,3,1
E01001972,Train,30,119,-89
E01001972,"Underground, metro, light rail, tram",120,287,-167
E01001972,Work mainly at or from home,334,34,300
E01001973,Bicycle,28,28,0
E01001973,"Bus, minibus or coach",94,100,-6
E01001973,Driving a car or van,258,308,-50
E01001973,"Motorcycle, scooter or moped",10,13,-3
E01001973,Not in employment or aged 15 years and under,1303,523,780
E01001973,On foot,52,50,2
E01001973,Other method of travel to work,13,4,9
E01001973,Passenger in a car or van,14,18,-4
E01001973,Taxi,4,5,-1
E01001973,Train,36,73,-37
E01001973,"Underground, metro, light rail, tram",207,515,-308
E01001973,Work mainly at or from home,523,45,478
E01001974,Bicycle,36,33,3
E01001974,"Bus, minibus or coach",111,142,-31
E01001974,Driving a car or van,175,232,-57
E01001974,"Motorcycle, scooter or moped",7,15,-8
E01001974,Not in employment or aged 15 years and under,919,504,415
E01001974,On foot,53,45,8
E01001974,Other method of travel to work,9,5,4
E01001974,Passenger in a car or van,12,12,0
E01001974,Taxi,5,4,1
E01001974,Train,55,139,-84
E01001974,"Underground, metro, light rail, tram",282,595,-313
E01001974,Work mainly at or from home,543,51,492
E01001975,Bicycle,36,36,0
E01001975,"Bus, minibus or coach",122,137,-15
E01001975,Driving a car or van,168,190,-22
E01001975,"Motorcycle, scooter or moped",3,14,-11
E01001975,Not in employment or aged 15 years and under,783,408,375
E01001975,On foot,45,44,1
E01001975,Other method of travel to work,20,8,12
E01001975,Passenger in a car or van,12,7,5
E01001975,Taxi,8,1,7
E01001975,Train,38,94,-56
E01001975,"Underground, metro, light rail, tram",225,443,-218
E01001975,Work mainly at or from home,359,28,331
E01001976,Bicycle,21,36,-15
E01001976,"Bus, minibus or coach",150,193,-43
E01001976,Driving a car or van,169,192,-23
E01001976,"Motorcycle, scooter or moped",9,6,3
E01001976,Not in employment or aged 15 years and under,960,584,376
E01001976,On foot,58,51,7
E01001976,Other method of travel to work,14,3,11
E01001976,Passenger in a car or van,25,13,12
E01001976,Taxi,3,0,3
E01001976,Train,56,73,-17
E01001976,"Underground, metro, light rail, tram",155,228,-73
E01001976,Work mainly at or from home,238,25,213
E01001977,Bicycle,28,21,7
E01001977,"Bus, minibus or coach",127,165,-38
E01001977,Driving a car or van,134,134,0
E01001977,"Motorcycle, scooter or moped",12,7,5
E01001977,Not in employment or aged 15 years and under,779,491,288
E01001977,On foot,47,43,4
E01001977,Other method of travel to work,15,5,10
E01001977,Passenger in a car or van,9,17,-8
E01001977,Taxi,7,4,3
E01001977,Train,41,56,-15
E01001977,"Underground, metro, light rail, tram",133,171,-38
E01001977,Work mainly at or from home,188,12,176
E01001978,Bicycle,32,16,16
E01001978,"Bus, minibus or coach",195,170,25
E01001978,Driving a car or van,139,130,9
E01001978,"Motorcycle, scooter or moped",6,10,-4
E01001978,Not in employment or aged 15 years and under,1021,521,500
E01001978,On foot,64,38,26
E01001978,Other method of travel to work,10,3,7
E01001978,Passenger in a car or van,11,7,4
E01001978,Taxi,9,2,7
E01001978,Train,47,64,-17
E01001978,"Underground, metro, light rail, tram",228,164,64
E01001978,Work mainly at or from home,171,36,135
E01001979,Bicycle,38,21,17
E01001979,"Bus, minibus or coach",217,220,-3
E01001979,Driving a car or van,149,162,-13
E01001979,"Motorcycle, scooter or moped",15,7,8
E01001979,Not in employment or aged 15 years and under,1193,785,408
E01001979,On foot,77,55,22
E01001979,Other method of travel to work,9,3,6
E01001979,Passenger in a car or van,10,7,3
E01001979,Taxi,2,2,0
E01001979,Train,67,80,-13
E01001979,"Underground, metro, light rail, tram",228,248,-20
E01001979,Work mainly at or from home,290,20,270
E01001980,Bicycle,38,45,-7
E01001980,"Bus, minibus or coach",137,201,-64
E01001980,Driving a car or van,172,190,-18
E01001980,"Motorcycle, scooter or moped",6,3,3
E01001980,Not in employment or aged 15 years and under,868,558,310
E01001980,On foot,51,47,4
E01001980,Other method of travel to work,8,4,4
E01001980,Passenger in a car or van,13,8,5
E01001980,Taxi,2,2,0
E01001980,Train,30,57,-27
E01001980,"Underground, metro, light rail, tram",170,316,-146
E01001980,Work mainly at or from home,315,32,283
E01001981,Bicycle,45,40,5
E01001981,"Bus, minibus or coach",184,196,-12
E01001981,Driving a car or van,142,135,7
E01001981,"Motorcycle, scooter or moped",11,3,8
E01001981,Not in employment or aged 15 years and under,805,540,265
E01001981,On foot,38,56,-18
E01001981,Other method of travel to work,16,11,5
E01001981,Passenger in a car or van,31,11,20
E01001981,Taxi,4,2,2
E01001981,Train,48,65,-17
E01001981,"Underground, metro, light rail, tram",243,254,-11
E01001981,Work mainly at or from home,241,19,222
E01001982,Bicycle,42,53,-11
E01001982,"Bus, minibus or coach",119,204,-85
E01001982,Driving a car or van,120,153,-33
E01001982,"Motorcycle, scooter or moped",9,13,-4
E01001982,Not in employment or aged 15 years and under,886,476,410
E01001982,On foot,50,61,-11
E01001982,Other method of travel to work,15,3,12
E01001982,Passenger in a car or van,12,6,6
E01001982,Taxi,6,1,5
E01001982,Train,40,66,-26
E01001982,"Underground, metro, light rail, tram",206,286,-80
E01001982,Work mainly at or from home,298,29,269
E01001983,Bicycle,47,49,-2
E01001983,"Bus, minibus or coach",110,158,-48
E01001983,Driving a car or van,123,157,-34
E01001983,"Motorcycle, scooter or moped",13,8,5
E01001983,Not in employment or aged 15 years and under,786,446,340
E01001983,On foot,53,49,4
E01001983,Other method of travel to work,10,1,9
E01001983,Passenger in a car or van,9,8,1
E01001983,Taxi,5,0,5
E01001983,Train,34,58,-24
E01001983,"Underground, metro, light rail, tram",152,267,-115
E01001983,Work mainly at or from home,318,36,282
E01001984,Bicycle,40,68,-28
E01001984,"Bus, minibus or coach",49,149,-100
E01001984,Driving a car or van,112,180,-68
E01001984,"Motorcycle, scooter or moped",3,27,-24
E01001984,Not in employment or aged 15 years and under,743,284,459
E01001984,On foot,53,59,-6
E01001984,Other method of travel to work,6,4,2
E01001984,Passenger in a car or van,4,10,-6
E01001984,Taxi,4,5,-1
E01001984,Train,17,45,-28
E01001984,"Underground, metro, light rail, tram",90,366,-276
E01001984,Work mainly at or from home,623,106,517
E01001985,Bicycle,29,82,-53
E01001985,"Bus, minibus or coach",33,112,-79
E01001985,Driving a car or van,95,164,-69
E01001985,"Motorcycle, scooter or moped",6,23,-17
E01001985,Not in employment or aged 15 years and under,716,275,441
E01001985,On foot,28,46,-18
E01001985,Other method of travel to work,4,7,-3
E01001985,Passenger in a car or van,4,8,-4
E01001985,Taxi,3,2,1
E01001985,Train,10,62,-52
E01001985,"Underground, metro, light rail, tram",82,409,-327
E01001985,Work mainly at or from home,610,109,501
E01001986,Bicycle,35,90,-55
E01001986,"Bus, minibus or coach",36,86,-50
E01001986,Driving a car or van,85,160,-75
E01001986,"Motorcycle, scooter or moped",4,35,-31
E01001986,Not in employment or aged 15 years and under,705,282,423
E01001986,On foot,37,73,-36
E01001986,Other method of travel to work,8,9,-1
E01001986,Passenger in a car or van,3,10,-7
E01001986,Taxi,4,2,2
E01001986,Train,19,77,-58
E01001986,"Underground, metro, light rail, tram",81,374,-293
E01001986,Work mainly at or from home,550,86,464
E01001987,Bicycle,45,74,-29
E01001987,"Bus, minibus or coach",22,73,-51
E01001987,Driving a car or van,68,173,-105
E01001987,"Motorcycle, scooter or moped",7,27,-20
E01001987,Not in employment or aged 15 years and under,733,369,364
E01001987,On foot,34,60,-26
E01001987,Other method of travel to work,8,6,2
E01001987,Passenger in a car or van,5,7,-2
E01001987,Taxi,4,3,1
E01001987,Train,11,33,-22
E01001987,"Underground, metro, light rail, tram",95,519,-424
E01001987,Work mainly at or from home,672,122,550
E01001988,Bicycle,46,109,-63
E01001988,"Bus, minibus or coach",45,130,-85
E01001988,Driving a car or van,95,200,-105
E01001988,"Motorcycle, scooter or moped",6,17,-11
E01001988,Not in employment or aged 15 years and under,663,312,351
E01001988,On foot,48,65,-17
E01001988,Other method of travel to work,7,4,3
E01001988,Passenger in a car or van,3,9,-6
E01001988,Taxi,6,0,6
E01001988,Train,11,65,-54
E01001988,"Underground, metro, light rail, tram",122,414,-292
E01001988,Work mainly at or from home,619,106,513
E01001989,Bicycle,24,70,-46
E01001989,"Bus, minibus or coach",33,86,-53
E01001989,Driving a car or van,86,210,-124
E01001989,"Motorcycle, scooter or moped",9,27,-18
E01001989,Not in employment or aged 15 years and under,788,339,449
E01001989,On foot,56,67,-11
E01001989,Other method of travel to work,5,7,-2
E01001989,Passenger in a car or van,1,11,-10
E01001989,Taxi,7,1,6
E01001989,Train,15,54,-39
E01001989,"Underground, metro, light rail, tram",60,371,-311
E01001989,Work mainly at or from home,640,95,545
E01001990,Bicycle,47,95,-48
E01001990,"Bus, minibus or coach",97,188,-91
E01001990,Driving a car or van,108,179,-71
E01001990,"Motorcycle, scooter or moped",12,24,-12
E01001990,Not in employment or aged 15 years and under,650,354,296
E01001990,On foot,107,89,18
E01001990,Other method of travel to work,12,3,9
E01001990,Passenger in a car or van,4,14,-10
E01001990,Taxi,4,1,3
E01001990,Train,17,116,-99
E01001990,"Underground, metro, light rail, tram",146,660,-514
E01001990,Work mainly at or from home,742,119,623
E01001991,Bicycle,45,45,0
E01001991,"Bus, minibus or coach",50,154,-104
E01001991,Driving a car or van,93,175,-82
E01001991,"Motorcycle, scooter or moped",3,19,-16
E01001991,Not in employment or aged 15 years and under,746,251,495
E01001991,On foot,65,46,19
E01001991,Other method of travel to work,3,3,0
E01001991,Passenger in a car or van,6,5,1
E01001991,Taxi,1,1,0
E01001991,Train,15,36,-21
E01001991,"Underground, metro, light rail, tram",88,410,-322
E01001991,Work mainly at or from home,552,88,464
E01001992,Bicycle,33,46,-13
E01001992,"Bus, minibus or coach",32,42,-10
E01001992,Driving a car or van,95,215,-120
E01001992,"Motorcycle, scooter or moped",4,21,-17
E01001992,Not in employment or aged 15 years and under,895,342,553
E01001992,On foot,35,58,-23
E01001992,Other method of travel to work,4,7,-3
E01001992,Passenger in a car or van,5,10,-5
E01001992,Taxi,4,2,2
E01001992,Train,8,32,-24
E01001992,"Underground, metro, light rail, tram",96,364,-268
E01001992,Work mainly at or from home,548,102,446
E01001993,Bicycle,31,64,-33
E01001993,"Bus, minibus or coach",18,40,-22
E01001993,Driving a car or van,77,159,-82
E01001993,"Motorcycle, scooter or moped",5,27,-22
E01001993,Not in employment or aged 15 years and under,870,356,514
E01001993,On foot,24,52,-28
E01001993,Other method of travel to work,3,4,-1
E01001993,Passenger in a car or van,10,8,2
E01001993,Taxi,4,2,2
E01001993,Train,7,11,-4
E01001993,"Underground, metro, light rail, tram",53,304,-251
E01001993,Work mainly at or from home,572,115,457
E01001994,Bicycle,19,36,-17
E01001994,"Bus, minibus or coach",41,85,-44
E01001994,Driving a car or van,133,245,-112
E01001994,"Motorcycle, scooter or moped",7,14,-7
E01001994,Not in employment or aged 15 years and under,859,368,491
E01001994,On foot,36,47,-11
E01001994,Other method of travel to work,10,6,4
E01001994,Passenger in a car or van,13,9,4
E01001994,Taxi,5,5,0
E01001994,Train,9,27,-18
E01001994,"Underground, metro, light rail, tram",131,439,-308
E01001994,Work mainly at or from home,545,85,460
E01001995,Bicycle,28,48,-20
E01001995,"Bus, minibus or coach",110,197,-87
E01001995,Driving a car or van,280,333,-53
E01001995,"Motorcycle, scooter or moped",14,25,-11
E01001995,Not in employment or aged 15 years and under,1421,616,805
E01001995,On foot,58,78,-20
E01001995,Other method of travel to work,21,8,13
E01001995,Passenger in a car or van,19,16,3
E01001995,Taxi,14,3,11
E01001995,Train,22,26,-4
E01001995,"Underground, metro, light rail, tram",130,245,-115
E01001995,Work mainly at or from home,564,72,492
E01001996,Bicycle,27,51,-24
E01001996,"Bus, minibus or coach",60,172,-112
E01001996,Driving a car or van,105,222,-117
E01001996,"Motorcycle, scooter or moped",3,22,-19
E01001996,Not in employment or aged 15 years and under,720,319,401
E01001996,On foot,47,43,4
E01001996,Other method of travel to work,6,4,2
E01001996,Passenger in a car or van,3,16,-13
E01001996,Taxi,2,1,1
E01001996,Train,5,14,-9
E01001996,"Underground, metro, light rail, tram",65,278,-213
E01001996,Work mainly at or from home,452,78,374
E01001997,Bicycle,25,45,-20
E01001997,"Bus, minibus or coach",84,180,-96
E01001997,Driving a car or van,113,187,-74
E01001997,"Motorcycle, scooter or moped",6,17,-11
E01001997,Not in employment or aged 15 years and under,792,284,508
E01001997,On foot,47,63,-16
E01001997,Other method of travel to work,16,6,10
E01001997,Passenger in a car or van,7,4,3
E01001997,Taxi,2,0,2
E01001997,Train,9,35,-26
E01001997,"Underground, metro, light rail, tram",123,390,-267
E01001997,Work mainly at or from home,554,79,475
E01001998,Bicycle,47,64,-17
E01001998,"Bus, minibus or coach",114,139,-25
E01001998,Driving a car or van,103,183,-80
E01001998,"Motorcycle, scooter or moped",8,17,-9
E01001998,Not in employment or aged 15 years and under,746,472,274
E01001998,On foot,69,83,-14
E01001998,Other method of travel to work,11,12,-1
E01001998,Passenger in a car or van,7,14,-7
E01001998,Taxi,5,2,3
E01001998,Train,28,106,-78
E01001998,"Underground, metro, light rail, tram",225,583,-358
E01001998,Work mainly at or from home,576,51,525
E01001999,Bicycle,59,92,-33
E01001999,"Bus, minibus or coach",215,232,-17
E01001999,Driving a car or van,106,138,-32
E01001999,"Motorcycle, scooter or moped",4,12,-8
E01001999,Not in employment or aged 15 years and under,1098,519,579
E01001999,On foot,78,81,-3
E01001999,Other method of travel to work,11,9,2
E01001999,Passenger in a car or van,11,5,6
E01001999,Taxi,9,3,6
E01001999,Train,41,86,-45
E01001999,"Underground, metro, light rail, tram",214,423,-209
E01001999,Work mainly at or from home,595,52,543
E01002000,Bicycle,73,77,-4
E01002000,"Bus, minibus or coach",105,159,-54
E01002000,Driving a car or van,99,139,-40
E01002000,"Motorcycle, scooter or moped",9,19,-10
E01002000,Not in employment or aged 15 years and under,687,359,328
E01002000,On foot,34,44,-10
E01002000,Other method of travel to work,14,12,2
E01002000,Passenger in a car or van,9,8,1
E01002000,Taxi,1,4,-3
E01002000,Train,54,108,-54
E01002000,"Underground, metro, light rail, tram",133,370,-237
E01002000,Work mainly at or from home,538,44,494
E01002001,Bicycle,58,106,-48
E01002001,"Bus, minibus or coach",78,180,-102
E01002001,Driving a car or van,76,110,-34
E01002001,"Motorcycle, scooter or moped",9,16,-7
E01002001,Not in employment or aged 15 years and under,561,401,160
E01002001,On foot,39,43,-4
E01002001,Other method of travel to work,19,9,10
E01002001,Passenger in a car or van,1,9,-8
E01002001,Taxi,3,1,2
E01002001,Train,39,117,-78
E01002001,"Underground, metro, light rail, tram",128,371,-243
E01002001,Work mainly at or from home,584,43,541
E01002002,Bicycle,65,66,-1
E01002002,"Bus, minibus or coach",98,194,-96
E01002002,Driving a car or van,81,106,-25
E01002002,"Motorcycle, scooter or moped",11,9,2
E01002002,Not in employment or aged 15 years and under,682,472,210
E01002002,On foot,53,50,3
E01002002,Other method of travel to work,13,9,4
E01002002,Passenger in a car or van,8,4,4
E01002002,Taxi,3,2,1
E01002002,Train,42,122,-80
E01002002,"Underground, metro, light rail, tram",163,420,-257
E01002002,Work mainly at or from home,472,56,416
E01002003,Bicycle,53,31,22
E01002003,"Bus, minibus or coach",201,212,-11
E01002003,Driving a car or van,150,140,10
E01002003,"Motorcycle, scooter or moped",11,8,3
E01002003,Not in employment or aged 15 years and under,1142,631,511
E01002003,On foot,81,89,-8
E01002003,Other method of travel to work,12,2,10
E01002003,Passenger in a car or van,34,4,30
E01002003,Taxi,0,1,-1
E01002003,Train,76,69,7
E01002003,"Underground, metro, light rail, tram",323,453,-130
E01002003,Work mainly at or from home,477,34,443
E01002004,Bicycle,67,70,-3
E01002004,"Bus, minibus or coach",103,170,-67
E01002004,Driving a car or van,121,150,-29
E01002004,"Motorcycle, scooter or moped",9,14,-5
E01002004,Not in employment or aged 15 years and under,754,505,249
E01002004,On foot,56,75,-19
E01002004,Other method of travel to work,8,5,3
E01002004,Passenger in a car or van,9,10,-1
E01002004,Taxi,2,4,-2
E01002004,Train,25,68,-43
E01002004,"Underground, metro, light rail, tram",128,420,-292
E01002004,Work mainly at or from home,525,47,478
E01002005,Bicycle,36,82,-46
E01002005,"Bus, minibus or coach",38,210,-172
E01002005,Driving a car or van,73,136,-63
E01002005,"Motorcycle, scooter or moped",5,28,-23
E01002005,Not in employment or aged 15 years and under,427,212,215
E01002005,On foot,52,82,-30
E01002005,Other method of travel to work,12,7,5
E01002005,Passenger in a car or van,6,4,2
E01002005,Taxi,1,2,-1
E01002005,Train,15,42,-27
E01002005,"Underground, metro, light rail, tram",109,565,-456
E01002005,Work mainly at or from home,689,74,615
E01002006,Bicycle,42,78,-36
E01002006,"Bus, minibus or coach",48,157,-109
E01002006,Driving a car or van,76,142,-66
E01002006,"Motorcycle, scooter or moped",1,19,-18
E01002006,Not in employment or aged 15 years and under,551,293,258
E01002006,On foot,46,50,-4
E01002006,Other method of travel to work,6,5,1
E01002006,Passenger in a car or van,6,6,0
E01002006,Taxi,3,2,1
E01002006,Train,12,38,-26
E01002006,"Underground, metro, light rail, tram",117,496,-379
E01002006,Work mainly at or from home,628,79,549
E01002007,Bicycle,23,67,-44
E01002007,"Bus, minibus or coach",24,96,-72
E01002007,Driving a car or van,48,120,-72
E01002007,"Motorcycle, scooter or moped",3,7,-4
E01002007,Not in employment or aged 15 years and under,633,308,325
E01002007,On foot,36,57,-21
E01002007,Other method of travel to work,7,3,4
E01002007,Passenger in a car or van,4,6,-2
E01002007,Taxi,8,4,4
E01002007,Train,6,26,-20
E01002007,"Underground, metro, light rail, tram",83,514,-431
E01002007,Work mainly at or from home,566,87,479
E01002008,Bicycle,18,33,-15
E01002008,"Bus, minibus or coach",12,80,-68
E01002008,Driving a car or van,75,173,-98
E01002008,"Motorcycle, scooter or moped",1,13,-12
E01002008,Not in employment or aged 15 years and under,748,353,395
E01002008,On foot,24,61,-37
E01002008,Other method of travel to work,5,7,-2
E01002008,Passenger in a car or van,3,17,-14
E01002008,Taxi,4,4,0
E01002008,Train,4,18,-14
E01002008,"Underground, metro, light rail, tram",41,223,-182
E01002008,Work mainly at or from home,405,131,274
E01002009,Bicycle,35,62,-27
E01002009,"Bus, minibus or coach",28,138,-110
E01002009,Driving a car or van,67,149,-82
E01002009,"Motorcycle, scooter or moped",7,25,-18
E01002009,Not in employment or aged 15 years and under,584,366,218
E01002009,On foot,40,72,-32
E01002009,Other method of travel to work,6,10,-4
E01002009,Passenger in a car or van,5,11,-6
E01002009,Taxi,8,3,5
E01002009,Train,13,33,-20
E01002009,"Underground, metro, light rail, tram",81,396,-315
E01002009,Work mainly at or from home,541,122,419
E01002010,Bicycle,25,43,-18
E01002010,"Bus, minibus or coach",39,101,-62
E01002010,Driving a car or van,99,196,-97
E01002010,"Motorcycle, scooter or moped",2,13,-11
E01002010,Not in employment or aged 15 years and under,824,361,463
E01002010,On foot,44,47,-3
E01002010,Other method of travel to work,10,8,2
E01002010,Passenger in a car or van,4,14,-10
E01002010,Taxi,1,11,-10
E01002010,Train,9,18,-9
E01002010,"Underground, metro, light rail, tram",60,306,-246
E01002010,Work mainly at or from home,475,96,379
E01002011,Bicycle,42,47,-5
E01002011,"Bus, minibus or coach",48,106,-58
E01002011,Driving a car or van,96,146,-50
E01002011,"Motorcycle, scooter or moped",8,25,-17
E01002011,Not in employment or aged 15 years and under,763,358,405
E01002011,On foot,61,60,1
E01002011,Other method of travel to work,7,8,-1
E01002011,Passenger in a car or van,6,9,-3
E01002011,Taxi,6,6,0
E01002011,Train,11,37,-26
E01002011,"Underground, metro, light rail, tram",104,476,-372
E01002011,Work mainly at or from home,606,103,503
E01002013,Bicycle,28,69,-41
E01002013,"Bus, minibus or coach",28,108,-80
E01002013,Driving a car or van,81,210,-129
E01002013,"Motorcycle, scooter or moped",4,14,-10
E01002013,Not in employment or aged 15 years and under,591,332,259
E01002013,On foot,38,66,-28
E01002013,Other method of travel to work,3,8,-5
E01002013,Passenger in a car or van,9,13,-4
E01002013,Taxi,3,2,1
E01002013,Train,22,86,-64
E01002013,"Underground, metro, light rail, tram",71,320,-249
E01002013,Work mainly at or from home,485,64,421
E01002014,Bicycle,43,77,-34
E01002014,"Bus, minibus or coach",70,100,-30
E01002014,Driving a car or van,87,164,-77
E01002014,"Motorcycle, scooter or moped",9,17,-8
E01002014,Not in employment or aged 15 years and under,683,391,292
E01002014,On foot,69,56,13
E01002014,Other method of travel to work,4,7,-3
E01002014,Passenger in a car or van,10,2,8
E01002014,Taxi,8,3,5
E01002014,Train,54,189,-135
E01002014,"Underground, metro, light rail, tram",88,336,-248
E01002014,Work mainly at or from home,607,65,542
E01002015,Bicycle,19,50,-31
E01002015,"Bus, minibus or coach",70,94,-24
E01002015,Driving a car or van,95,120,-25
E01002015,"Motorcycle, scooter or moped",3,16,-13
E01002015,Not in employment or aged 15 years and under,742,361,381
E01002015,On foot,38,44,-6
E01002015,Other method of travel to work,8,7,1
E01002015,Passenger in a car or van,10,3,7
E01002015,Taxi,2,2,0
E01002015,Train,13,49,-36
E01002015,"Underground, metro, light rail, tram",46,145,-99
E01002015,Work mainly at or from home,379,42,337
E01002016,Bicycle,55,80,-25
E01002016,"Bus, minibus or coach",93,136,-43
E01002016,Driving a car or van,119,189,-70
E01002016,"Motorcycle, scooter or moped",7,12,-5
E01002016,Not in employment or aged 15 years and under,801,409,392
E01002016,On foot,92,75,17
E01002016,Other method of travel to work,7,6,1
E01002016,Passenger in a car or van,13,6,7
E01002016,Taxi,4,1,3
E01002016,Train,39,142,-103
E01002016,"Underground, metro, light rail, tram",102,420,-318
E01002016,Work mainly at or from home,580,67,513
E01002017,Bicycle,40,88,-48
E01002017,"Bus, minibus or coach",61,180,-119
E01002017,Driving a car or van,106,148,-42
E01002017,"Motorcycle, scooter or moped",5,17,-12
E01002017,Not in employment or aged 15 years and under,683,426,257
E01002017,On foot,41,86,-45
E01002017,Other method of travel to work,9,7,2
E01002017,Passenger in a car or van,9,6,3
E01002017,Taxi,3,2,1
E01002017,Train,20,107,-87
E01002017,"Underground, metro, light rail, tram",76,339,-263
E01002017,Work mainly at or from home,522,63,459
E01002018,Bicycle,30,46,-16
E01002018,"Bus, minibus or coach",42,76,-34
E01002018,Driving a car or van,96,173,-77
E01002018,"Motorcycle, scooter or moped",0,5,-5
E01002018,Not in employment or aged 15 years and under,689,346,343
E01002018,On foot,31,54,-23
E01002018,Other method of travel to work,7,3,4
E01002018,Passenger in a car or van,8,10,-2
E01002018,Taxi,2,2,0
E01002018,Train,10,65,-55
E01002018,"Underground, metro, light rail, tram",60,192,-132
E01002018,Work mainly at or from home,394,49,345
E01002019,Bicycle,30,57,-27
E01002019,"Bus, minibus or coach",25,62,-37
E01002019,Driving a car or van,68,158,-90
E01002019,"Motorcycle, scooter or moped",2,20,-18
E01002019,Not in employment or aged 15 years and under,676,275,401
E01002019,On foot,32,58,-26
E01002019,Other method of travel to work,6,10,-4
E01002019,Passenger in a car or van,6,10,-4
E01002019,Taxi,4,3,1
E01002019,Train,9,42,-33
E01002019,"Underground, metro, light rail, tram",53,231,-178
E01002019,Work mainly at or from home,460,92,368
E01002020,Bicycle,32,58,-26
E01002020,"Bus, minibus or coach",67,171,-104
E01002020,Driving a car or van,99,168,-69
E01002020,"Motorcycle, scooter or moped",9,13,-4
E01002020,Not in employment or aged 15 years and under,660,332,328
E01002020,On foot,64,62,2
E01002020,Other method of travel to work,11,2,9
E01002020,Passenger in a car or van,8,7,1
E01002020,Taxi,0,4,-4
E01002020,Train,21,47,-26
E01002020,"Underground, metro, light rail, tram",118,299,-181
E01002020,Work mainly at or from home,457,70,387
E01002021,Bicycle,36,60,-24
E01002021,"Bus, minibus or coach",23,57,-34
E01002021,Driving a car or van,76,182,-106
E01002021,"Motorcycle, scooter or moped",5,16,-11
E01002021,Not in employment or aged 15 years and under,721,325,396
E01002021,On foot,35,51,-16
E01002021,Other method of travel to work,5,6,-1
E01002021,Passenger in a car or van,5,9,-4
E01002021,Taxi,5,3,2
E01002021,Train,13,62,-49
E01002021,"Underground, metro, light rail, tram",55,263,-208
E01002021,Work mainly at or from home,452,99,353
E01002022,Bicycle,43,72,-29
E01002022,"Bus, minibus or coach",85,263,-178
E01002022,Driving a car or van,103,184,-81
E01002022,"Motorcycle, scooter or moped",7,24,-17
E01002022,Not in employment or aged 15 years and under,996,315,681
E01002022,On foot,71,62,9
E01002022,Other method of travel to work,4,9,-5
E01002022,Passenger in a car or van,7,15,-8
E01002022,Taxi,4,1,3
E01002022,Train,13,55,-42
E01002022,"Underground, metro, light rail, tram",114,480,-366
E01002022,Work mainly at or from home,718,104,614
E01002023,Bicycle,30,44,-14
E01002023,"Bus, minibus or coach",34,97,-63
E01002023,Driving a car or van,69,185,-116
E01002023,"Motorcycle, scooter or moped",6,16,-10
E01002023,Not in employment or aged 15 years and under,690,289,401
E01002023,On foot,39,45,-6
E01002023,Other method of travel to work,20,6,14
E01002023,Passenger in a car or van,1,9,-8
E01002023,Taxi,5,3,2
E01002023,Train,7,25,-18
E01002023,"Underground, metro, light rail, tram",47,274,-227
E01002023,Work mainly at or from home,423,99,324
E01002024,Bicycle,29,40,-11
E01002024,"Bus, minibus or coach",34,88,-54
E01002024,Driving a car or van,68,168,-100
E01002024,"Motorcycle, scooter or moped",2,13,-11
E01002024,Not in employment or aged 15 years and under,609,266,343
E01002024,On foot,38,65,-27
E01002024,Other method of travel to work,3,1,2
E01002024,Passenger in a car or van,3,7,-4
E01002024,Taxi,0,0,0
E01002024,Train,15,20,-5
E01002024,"Underground, metro, light rail, tram",43,230,-187
E01002024,Work mainly at or from home,427,65,362
E01002025,Bicycle,23,74,-51
E01002025,"Bus, minibus or coach",23,100,-77
E01002025,Driving a car or van,83,190,-107
E01002025,"Motorcycle, scooter or moped",6,20,-14
E01002025,Not in employment or aged 15 years and under,680,326,354
E01002025,On foot,32,42,-10
E01002025,Other method of travel to work,4,7,-3
E01002025,Passenger in a car or van,7,7,0
E01002025,Taxi,4,3,1
E01002025,Train,8,19,-11
E01002025,"Underground, metro, light rail, tram",58,351,-293
E01002025,Work mainly at or from home,552,129,423
E01002026,Bicycle,21,6,15
E01002026,"Bus, minibus or coach",144,148,-4
E01002026,Driving a car or van,145,101,44
E01002026,"Motorcycle, scooter or moped",6,4,2
E01002026,Not in employment or aged 15 years and under,1018,588,430
E01002026,On foot,75,79,-4
E01002026,Other method of travel to work,13,2,11
E01002026,Passenger in a car or van,8,4,4
E01002026,Taxi,1,3,-2
E01002026,Train,38,32,6
E01002026,"Underground, metro, light rail, tram",152,213,-61
E01002026,Work mainly at or from home,160,15,145
E01002027,Bicycle,24,23,1
E01002027,"Bus, minibus or coach",97,148,-51
E01002027,Driving a car or van,115,115,0
E01002027,"Motorcycle, scooter or moped",7,9,-2
E01002027,Not in employment or aged 15 years and under,693,441,252
E01002027,On foot,47,37,10
E01002027,Other method of travel to work,16,6,10
E01002027,Passenger in a car or van,8,6,2
E01002027,Taxi,2,0,2
E01002027,Train,21,41,-20
E01002027,"Underground, metro, light rail, tram",192,349,-157
E01002027,Work mainly at or from home,211,17,194
E01002028,Bicycle,26,39,-13
E01002028,"Bus, minibus or coach",117,143,-26
E01002028,Driving a car or van,128,189,-61
E01002028,"Motorcycle, scooter or moped",9,8,1
E01002028,Not in employment or aged 15 years and under,773,505,268
E01002028,On foot,65,45,20
E01002028,Other method of travel to work,14,3,11
E01002028,Passenger in a car or van,4,17,-13
E01002028,Taxi,3,1,2
E01002028,Train,17,36,-19
E01002028,"Underground, metro, light rail, tram",180,387,-207
E01002028,Work mainly at or from home,323,25,298
E01002029,Bicycle,11,23,-12
E01002029,"Bus, minibus or coach",197,139,58
E01002029,Driving a car or van,156,92,64
E01002029,"Motorcycle, scooter or moped",7,8,-1
E01002029,Not in employment or aged 15 years and under,1025,589,436
E01002029,On foot,91,82,9
E01002029,Other method of travel to work,8,12,-4
E01002029,Passenger in a car or van,10,12,-2
E01002029,Taxi,3,2,1
E01002029,Train,58,33,25
E01002029,"Underground, metro, light rail, tram",284,357,-73
E01002029,Work mainly at or from home,264,19,245
E01002030,Bicycle,24,30,-6
E01002030,"Bus, minibus or coach",107,121,-14
E01002030,Driving a car or van,94,133,-39
E01002030,"Motorcycle, scooter or moped",7,14,-7
E01002030,Not in employment or aged 15 years and under,688,449,239
E01002030,On foot,51,50,1
E01002030,Other method of travel to work,10,4,6
E01002030,Passenger in a car or van,9,7,2
E01002030,Taxi,4,0,4
E01002030,Train,36,60,-24
E01002030,"Underground, metro, light rail, tram",192,381,-189
E01002030,Work mainly at or from home,341,45,296
E01002031,Bicycle,39,44,-5
E01002031,"Bus, minibus or coach",157,216,-59
E01002031,Driving a car or van,102,122,-20
E01002031,"Motorcycle, scooter or moped",9,12,-3
E01002031,Not in employment or aged 15 years and under,817,567,250
E01002031,On foot,60,69,-9
E01002031,Other method of travel to work,14,4,10
E01002031,Passenger in a car or van,4,8,-4
E01002031,Taxi,7,1,6
E01002031,Train,31,47,-16
E01002031,"Underground, metro, light rail, tram",269,449,-180
E01002031,Work mainly at or from home,360,35,325
E01002032,Bicycle,20,17,3
E01002032,"Bus, minibus or coach",133,153,-20
E01002032,Driving a car or van,160,158,2
E01002032,"Motorcycle, scooter or moped",14,4,10
E01002032,Not in employment or aged 15 years and under,916,563,353
E01002032,On foot,67,72,-5
E01002032,Other method of travel to work,27,4,23
E01002032,Passenger in a car or van,1,11,-10
E01002032,Taxi,1,2,-1
E01002032,Train,33,34,-1
E01002032,"Underground, metro, light rail, tram",220,323,-103
E01002032,Work mainly at or from home,252,22,230
E01002033,Bicycle,17,23,-6
E01002033,"Bus, minibus or coach",123,131,-8
E01002033,Driving a car or van,139,155,-16
E01002033,"Motorcycle, scooter or moped",4,7,-3
E01002033,Not in employment or aged 15 years and under,929,588,341
E01002033,On foot,59,77,-18
E01002033,Other method of travel to work,16,6,10
E01002033,Passenger in a car or van,9,9,0
E01002033,Taxi,3,4,-1
E01002033,Train,32,49,-17
E01002033,"Underground, metro, light rail, tram",201,305,-104
E01002033,Work mainly at or from home,269,30,239
E01002034,Bicycle,22,17,5
E01002034,"Bus, minibus or coach",233,218,15
E01002034,Driving a car or van,203,119,84
E01002034,"Motorcycle, scooter or moped",4,2,2
E01002034,Not in employment or aged 15 years and under,1479,651,828
E01002034,On foot,83,56,27
E01002034,Other method of travel to work,15,5,10
E01002034,Passenger in a car or van,10,6,4
E01002034,Taxi,8,1,7
E01002034,Train,65,70,-5
E01002034,"Underground, metro, light rail, tram",151,122,29
E01002034,Work mainly at or from home,217,21,196
E01002036,Bicycle,12,7,5
E01002036,"Bus, minibus or coach",133,159,-26
E01002036,Driving a car or van,155,154,1
E01002036,"Motorcycle, scooter or moped",4,6,-2
E01002036,Not in employment or aged 15 years and under,1148,564,584
E01002036,On foot,44,49,-5
E01002036,Other method of travel to work,16,7,9
E01002036,Passenger in a car or van,12,9,3
E01002036,Taxi,11,2,9
E01002036,Train,53,49,4
E01002036,"Underground, metro, light rail, tram",162,118,44
E01002036,Work mainly at or from home,111,12,99
E01002037,Bicycle,29,11,18
E01002037,"Bus, minibus or coach",158,187,-29
E01002037,Driving a car or van,148,125,23
E01002037,"Motorcycle, scooter or moped",3,4,-1
E01002037,Not in employment or aged 15 years and under,1033,731,302
E01002037,On foot,49,35,14
E01002037,Other method of travel to work,15,3,12
E01002037,Passenger in a car or van,9,9,0
E01002037,Taxi,4,0,4
E01002037,Train,39,68,-29
E01002037,"Underground, metro, light rail, tram",114,149,-35
E01002037,Work mainly at or from home,113,18,95
E01002038,Bicycle,14,6,8
E01002038,"Bus, minibus or coach",168,186,-18
E01002038,Driving a car or van,145,134,11
E01002038,"Motorcycle, scooter or moped",12,7,5
E01002038,Not in employment or aged 15 years and under,1071,573,498
E01002038,On foot,51,57,-6
E01002038,Other method of travel to work,16,5,11
E01002038,Passenger in a car or van,9,9,0
E01002038,Taxi,5,0,5
E01002038,Train,47,33,14
E01002038,"Underground, metro, light rail, tram",121,114,7
E01002038,Work mainly at or from home,137,13,124
E01002039,Bicycle,30,5,25
E01002039,"Bus, minibus or coach",139,154,-15
E01002039,Driving a car or van,132,118,14
E01002039,"Motorcycle, scooter or moped",4,1,3
E01002039,Not in employment or aged 15 years and under,1087,608,479
E01002039,On foot,35,34,1
E01002039,Other method of travel to work,9,4,5
E01002039,Passenger in a car or van,12,9,3
E01002039,Taxi,7,0,7
E01002039,Train,51,48,3
E01002039,"Underground, metro, light rail, tram",67,82,-15
E01002039,Work mainly at or from home,99,8,91
E01002040,Bicycle,31,26,5
E01002040,"Bus, minibus or coach",158,224,-66
E01002040,Driving a car or van,174,191,-17
E01002040,"Motorcycle, scooter or moped",10,4,6
E01002040,Not in employment or aged 15 years and under,1265,646,619
E01002040,On foot,47,67,-20
E01002040,Other method of travel to work,19,4,15
E01002040,Passenger in a car or van,21,9,12
E01002040,Taxi,6,3,3
E01002040,Train,74,61,13
E01002040,"Underground, metro, light rail, tram",263,188,75
E01002040,Work mainly at or from home,205,24,181
E01002041,Bicycle,31,20,11
E01002041,"Bus, minibus or coach",128,156,-28
E01002041,Driving a car or van,154,131,23
E01002041,"Motorcycle, scooter or moped",11,9,2
E01002041,Not in employment or aged 15 years and under,1060,650,410
E01002041,On foot,67,45,22
E01002041,Other method of travel to work,15,9,6
E01002041,Passenger in a car or van,16,8,8
E01002041,Taxi,4,1,3
E01002041,Train,54,85,-31
E01002041,"Underground, metro, light rail, tram",140,192,-52
E01002041,Work mainly at or from home,183,18,165
E01002042,Bicycle,56,49,7
E01002042,"Bus, minibus or coach",123,182,-59
E01002042,Driving a car or van,84,114,-30
E01002042,"Motorcycle, scooter or moped",6,17,-11
E01002042,Not in employment or aged 15 years and under,711,379,332
E01002042,On foot,49,46,3
E01002042,Other method of travel to work,9,11,-2
E01002042,Passenger in a car or van,5,10,-5
E01002042,Taxi,3,0,3
E01002042,Train,27,46,-19
E01002042,"Underground, metro, light rail, tram",111,301,-190
E01002042,Work mainly at or from home,384,28,356
E01002043,Bicycle,35,68,-33
E01002043,"Bus, minibus or coach",147,260,-113
E01002043,Driving a car or van,124,142,-18
E01002043,"Motorcycle, scooter or moped",19,7,12
E01002043,Not in employment or aged 15 years and under,847,571,276
E01002043,On foot,47,76,-29
E01002043,Other method of travel to work,6,4,2
E01002043,Passenger in a car or van,11,3,8
E01002043,Taxi,5,6,-1
E01002043,Train,38,42,-4
E01002043,"Underground, metro, light rail, tram",157,335,-178
E01002043,Work mainly at or from home,374,25,349
E01002044,Bicycle,54,65,-11
E01002044,"Bus, minibus or coach",192,231,-39
E01002044,Driving a car or van,84,122,-38
E01002044,"Motorcycle, scooter or moped",8,7,1
E01002044,Not in employment or aged 15 years and under,790,463,327
E01002044,On foot,42,61,-19
E01002044,Other method of travel to work,8,7,1
E01002044,Passenger in a car or van,7,13,-6
E01002044,Taxi,1,1,0
E01002044,Train,33,64,-31
E01002044,"Underground, metro, light rail, tram",183,361,-178
E01002044,Work mainly at or from home,386,40,346
E01002045,Bicycle,50,37,13
E01002045,"Bus, minibus or coach",150,188,-38
E01002045,Driving a car or van,124,161,-37
E01002045,"Motorcycle, scooter or moped",15,2,13
E01002045,Not in employment or aged 15 years and under,1184,757,427
E01002045,On foot,65,62,3
E01002045,Other method of travel to work,12,3,9
E01002045,Passenger in a car or van,10,9,1
E01002045,Taxi,2,2,0
E01002045,Train,50,97,-47
E01002045,"Underground, metro, light rail, tram",170,342,-172
E01002045,Work mainly at or from home,296,24,272
E01002046,Bicycle,31,21,10
E01002046,"Bus, minibus or coach",115,173,-58
E01002046,Driving a car or van,99,117,-18
E01002046,"Motorcycle, scooter or moped",4,9,-5
E01002046,Not in employment or aged 15 years and under,859,531,328
E01002046,On foot,40,49,-9
E01002046,Other method of travel to work,19,3,16
E01002046,Passenger in a car or van,6,5,1
E01002046,Taxi,2,0,2
E01002046,Train,51,68,-17
E01002046,"Underground, metro, light rail, tram",175,253,-78
E01002046,Work mainly at or from home,215,28,187
E01002047,Bicycle,61,70,-9
E01002047,"Bus, minibus or coach",133,185,-52
E01002047,Driving a car or van,87,103,-16
E01002047,"Motorcycle, scooter or moped",11,7,4
E01002047,Not in employment or aged 15 years and under,617,450,167
E01002047,On foot,49,47,2
E01002047,Other method of travel to work,8,4,4
E01002047,Passenger in a car or van,6,8,-2
E01002047,Taxi,3,0,3
E01002047,Train,27,84,-57
E01002047,"Underground, metro, light rail, tram",210,398,-188
E01002047,Work mainly at or from home,445,38,407
E01002048,Bicycle,64,74,-10
E01002048,"Bus, minibus or coach",146,238,-92
E01002048,Driving a car or van,127,152,-25
E01002048,"Motorcycle, scooter or moped",17,7,10
E01002048,Not in employment or aged 15 years and under,861,546,315
E01002048,On foot,61,56,5
E01002048,Other method of travel to work,13,6,7
E01002048,Passenger in a car or van,8,14,-6
E01002048,Taxi,5,0,5
E01002048,Train,38,61,-23
E01002048,"Underground, metro, light rail, tram",175,338,-163
E01002048,Work mainly at or from home,389,33,356
E01002049,Bicycle,32,45,-13
E01002049,"Bus, minibus or coach",144,189,-45
E01002049,Driving a car or van,142,166,-24
E01002049,"Motorcycle, scooter or moped",14,3,11
E01002049,Not in employment or aged 15 years and under,1005,599,406
E01002049,On foot,58,39,19
E01002049,Other method of travel to work,16,1,15
E01002049,Passenger in a car or van,7,9,-2
E01002049,Taxi,2,3,-1
E01002049,Train,42,56,-14
E01002049,"Underground, metro, light rail, tram",149,266,-117
E01002049,Work mainly at or from home,287,29,258
E01002050,Bicycle,19,24,-5
E01002050,"Bus, minibus or coach",89,128,-39
E01002050,Driving a car or van,147,174,-27
E01002050,"Motorcycle, scooter or moped",7,3,4
E01002050,Not in employment or aged 15 years and under,1284,434,850
E01002050,On foot,170,89,81
E01002050,Other method of travel to work,8,5,3
E01002050,Passenger in a car or van,18,17,1
E01002050,Taxi,7,2,5
E01002050,Train,21,33,-12
E01002050,"Underground, metro, light rail, tram",80,137,-57
E01002050,Work mainly at or from home,140,37,103
E01002051,Bicycle,41,36,5
E01002051,"Bus, minibus or coach",146,219,-73
E01002051,Driving a car or van,115,121,-6
E01002051,"Motorcycle, scooter or moped",11,6,5
E01002051,Not in employment or aged 15 years and under,1045,474,571
E01002051,On foot,96,73,23
E01002051,Other method of travel to work,10,3,7
E01002051,Passenger in a car or van,16,5,11
E01002051,Taxi,6,1,5
E01002051,Train,49,67,-18
E01002051,"Underground, metro, light rail, tram",154,266,-112
E01002051,Work mainly at or from home,177,15,162
E01002052,Bicycle,36,15,21
E01002052,"Bus, minibus or coach",84,115,-31
E01002052,Driving a car or van,165,195,-30
E01002052,"Motorcycle, scooter or moped",5,8,-3
E01002052,Not in employment or aged 15 years and under,1382,474,908
E01002052,On foot,208,94,114
E01002052,Other method of travel to work,8,12,-4
E01002052,Passenger in a car or van,34,19,15
E01002052,Taxi,8,3,5
E01002052,Train,24,30,-6
E01002052,"Underground, metro, light rail, tram",67,99,-32
E01002052,Work mainly at or from home,178,48,130
E01002053,Bicycle,34,30,4
E01002053,"Bus, minibus or coach",183,203,-20
E01002053,Driving a car or van,142,133,9
E01002053,"Motorcycle, scooter or moped",7,9,-2
E01002053,Not in employment or aged 15 years and under,1146,551,595
E01002053,On foot,92,60,32
E01002053,Other method of travel to work,13,8,5
E01002053,Passenger in a car or van,10,6,4
E01002053,Taxi,3,0,3
E01002053,Train,54,70,-16
E01002053,"Underground, metro, light rail, tram",117,197,-80
E01002053,Work mainly at or from home,218,19,199
E01002054,Bicycle,20,47,-27
E01002054,"Bus, minibus or coach",145,225,-80
E01002054,Driving a car or van,121,148,-27
E01002054,"Motorcycle, scooter or moped",12,6,6
E01002054,Not in employment or aged 15 years and under,984,679,305
E01002054,On foot,50,54,-4
E01002054,Other method of travel to work,13,2,11
E01002054,Passenger in a car or van,8,10,-2
E01002054,Taxi,11,4,7
E01002054,Train,43,77,-34
E01002054,"Underground, metro, light rail, tram",124,238,-114
E01002054,Work mainly at or from home,154,35,119
E01002055,Bicycle,21,26,-5
E01002055,"Bus, minibus or coach",75,137,-62
E01002055,Driving a car or van,163,137,26
E01002055,"Motorcycle, scooter or moped",11,6,5
E01002055,Not in employment or aged 15 years and under,1343,363,980
E01002055,On foot,190,111,79
E01002055,Other method of travel to work,15,2,13
E01002055,Passenger in a car or van,18,12,6
E01002055,Taxi,10,3,7
E01002055,Train,24,23,1
E01002055,"Underground, metro, light rail, tram",81,135,-54
E01002055,Work mainly at or from home,154,30,124
E01002056,Bicycle,159,73,86
E01002056,"Bus, minibus or coach",207,165,42
E01002056,Driving a car or van,162,135,27
E01002056,"Motorcycle, scooter or moped",16,4,12
E01002056,Not in employment or aged 15 years and under,1262,471,791
E01002056,On foot,103,41,62
E01002056,Other method of travel to work,16,3,13
E01002056,Passenger in a car or van,18,10,8
E01002056,Taxi,6,0,6
E01002056,Train,81,48,33
E01002056,"Underground, metro, light rail, tram",257,259,-2
E01002056,Work mainly at or from home,638,39,599
E01002057,Bicycle,74,42,32
E01002057,"Bus, minibus or coach",109,155,-46
E01002057,Driving a car or van,118,125,-7
E01002057,"Motorcycle, scooter or moped",12,12,0
E01002057,Not in employment or aged 15 years and under,771,470,301
E01002057,On foot,51,38,13
E01002057,Other method of travel to work,12,5,7
E01002057,Passenger in a car or van,11,5,6
E01002057,Taxi,3,0,3
E01002057,Train,42,31,11
E01002057,"Underground, metro, light rail, tram",173,300,-127
E01002057,Work mainly at or from home,416,42,374
E01002058,Bicycle,52,64,-12
E01002058,"Bus, minibus or coach",106,179,-73
E01002058,Driving a car or van,100,110,-10
E01002058,"Motorcycle, scooter or moped",5,15,-10
E01002058,Not in employment or aged 15 years and under,671,439,232
E01002058,On foot,43,32,11
E01002058,Other method of travel to work,9,2,7
E01002058,Passenger in a car or van,7,5,2
E01002058,Taxi,9,3,6
E01002058,Train,24,71,-47
E01002058,"Underground, metro, light rail, tram",165,438,-273
E01002058,Work mainly at or from home,384,35,349
E01002059,Bicycle,35,73,-38
E01002059,"Bus, minibus or coach",49,109,-60
E01002059,Driving a car or van,94,131,-37
E01002059,"Motorcycle, scooter or moped",6,14,-8
E01002059,Not in employment or aged 15 years and under,744,417,327
E01002059,On foot,46,47,-1
E01002059,Other method of travel to work,5,5,0
E01002059,Passenger in a car or van,2,7,-5
E01002059,Taxi,2,2,0
E01002059,Train,29,118,-89
E01002059,"Underground, metro, light rail, tram",78,248,-170
E01002059,Work mainly at or from home,471,84,387
E01002060,Bicycle,49,101,-52
E01002060,"Bus, minibus or coach",39,96,-57
E01002060,Driving a car or van,93,180,-87
E01002060,"Motorcycle, scooter or moped",7,12,-5
E01002060,Not in employment or aged 15 years and under,677,303,374
E01002060,On foot,46,68,-22
E01002060,Other method of travel to work,12,8,4
E01002060,Passenger in a car or van,7,12,-5
E01002060,Taxi,4,2,2
E01002060,Train,22,107,-85
E01002060,"Underground, metro, light rail, tram",77,435,-358
E01002060,Work mainly at or from home,676,79,597
E01002061,Bicycle,60,104,-44
E01002061,"Bus, minibus or coach",26,71,-45
E01002061,Driving a car or van,76,128,-52
E01002061,"Motorcycle, scooter or moped",5,8,-3
E01002061,Not in employment or aged 15 years and under,517,333,184
E01002061,On foot,41,38,3
E01002061,Other method of travel to work,11,5,6
E01002061,Passenger in a car or van,6,6,0
E01002061,Taxi,4,0,4
E01002061,Train,43,169,-126
E01002061,"Underground, metro, light rail, tram",109,440,-331
E01002061,Work mainly at or from home,650,99,551
E01002062,Bicycle,76,93,-17
E01002062,"Bus, minibus or coach",51,112,-61
E01002062,Driving a car or van,104,161,-57
E01002062,"Motorcycle, scooter or moped",6,15,-9
E01002062,Not in employment or aged 15 years and under,625,320,305
E01002062,On foot,51,59,-8
E01002062,Other method of travel to work,10,5,5
E01002062,Passenger in a car or van,6,10,-4
E01002062,Taxi,3,1,2
E01002062,Train,36,137,-101
E01002062,"Underground, metro, light rail, tram",103,535,-432
E01002062,Work mainly at or from home,672,97,575
E01002063,Bicycle,48,88,-40
E01002063,"Bus, minibus or coach",51,95,-44
E01002063,Driving a car or van,74,113,-39
E01002063,"Motorcycle, scooter or moped",3,7,-4
E01002063,Not in employment or aged 15 years and under,621,332,289
E01002063,On foot,46,52,-6
E01002063,Other method of travel to work,6,2,4
E01002063,Passenger in a car or van,6,3,3
E01002063,Taxi,11,2,9
E01002063,Train,16,91,-75
E01002063,"Underground, metro, light rail, tram",99,430,-331
E01002063,Work mainly at or from home,521,55,466
E01002064,Bicycle,41,75,-34
E01002064,"Bus, minibus or coach",63,108,-45
E01002064,Driving a car or van,88,101,-13
E01002064,"Motorcycle, scooter or moped",2,7,-5
E01002064,Not in employment or aged 15 years and under,636,384,252
E01002064,On foot,56,55,1
E01002064,Other method of travel to work,9,3,6
E01002064,Passenger in a car or van,5,8,-3
E01002064,Taxi,4,2,2
E01002064,Train,29,78,-49
E01002064,"Underground, metro, light rail, tram",110,319,-209
E01002064,Work mainly at or from home,436,53,383
E01002065,Bicycle,71,107,-36
E01002065,"Bus, minibus or coach",53,114,-61
E01002065,Driving a car or van,71,90,-19
E01002065,"Motorcycle, scooter or moped",5,12,-7
E01002065,Not in employment or aged 15 years and under,596,339,257
E01002065,On foot,52,38,14
E01002065,Other method of travel to work,9,8,1
E01002065,Passenger in a car or van,6,2,4
E01002065,Taxi,1,5,-4
E01002065,Train,63,91,-28
E01002065,"Underground, metro, light rail, tram",137,573,-436
E01002065,Work mainly at or from home,531,65,466
E01002066,Bicycle,35,15,20
E01002066,"Bus, minibus or coach",279,199,80
E01002066,Driving a car or van,166,107,59
E01002066,"Motorcycle, scooter or moped",12,7,5
E01002066,Not in employment or aged 15 years and under,1421,583,838
E01002066,On foot,47,48,-1
E01002066,Other method of travel to work,12,4,8
E01002066,Passenger in a car or van,11,6,5
E01002066,Taxi,5,1,4
E01002066,Train,94,72,22
E01002066,"Underground, metro, light rail, tram",270,273,-3
E01002066,Work mainly at or from home,260,13,247
E01002067,Bicycle,45,36,9
E01002067,"Bus, minibus or coach",131,172,-41
E01002067,Driving a car or van,152,129,23
E01002067,"Motorcycle, scooter or moped",10,10,0
E01002067,Not in employment or aged 15 years and under,853,565,288
E01002067,On foot,50,50,0
E01002067,Other method of travel to work,17,2,15
E01002067,Passenger in a car or van,12,12,0
E01002067,Taxi,10,0,10
E01002067,Train,57,45,12
E01002067,"Underground, metro, light rail, tram",145,239,-94
E01002067,Work mainly at or from home,263,33,230
E01002068,Bicycle,74,64,10
E01002068,"Bus, minibus or coach",143,178,-35
E01002068,Driving a car or van,150,123,27
E01002068,"Motorcycle, scooter or moped",10,12,-2
E01002068,Not in employment or aged 15 years and under,1056,550,506
E01002068,On foot,52,35,17
E01002068,Other method of travel to work,16,8,8
E01002068,Passenger in a car or van,16,8,8
E01002068,Taxi,2,0,2
E01002068,Train,62,96,-34
E01002068,"Underground, metro, light rail, tram",287,368,-81
E01002068,Work mainly at or from home,372,38,334
E01002069,Bicycle,50,22,28
E01002069,"Bus, minibus or coach",161,180,-19
E01002069,Driving a car or van,116,143,-27
E01002069,"Motorcycle, scooter or moped",10,8,2
E01002069,Not in employment or aged 15 years and under,988,625,363
E01002069,On foot,69,72,-3
E01002069,Other method of travel to work,21,4,17
E01002069,Passenger in a car or van,10,7,3
E01002069,Taxi,6,2,4
E01002069,Train,74,78,-4
E01002069,"Underground, metro, light rail, tram",252,365,-113
E01002069,Work mainly at or from home,288,38,250
E01002070,Bicycle,65,56,9
E01002070,"Bus, minibus or coach",124,192,-68
E01002070,Driving a car or van,167,152,15
E01002070,"Motorcycle, scooter or moped",15,8,7
E01002070,Not in employment or aged 15 years and under,1032,548,484
E01002070,On foot,69,64,5
E01002070,Other method of travel to work,10,7,3
E01002070,Passenger in a car or van,14,10,4
E01002070,Taxi,6,0,6
E01002070,Train,54,70,-16
E01002070,"Underground, metro, light rail, tram",298,386,-88
E01002070,Work mainly at or from home,692,45,647
E01002071,Bicycle,26,19,7
E01002071,"Bus, minibus or coach",123,153,-30
E01002071,Driving a car or van,167,92,75
E01002071,"Motorcycle, scooter or moped",9,2,7
E01002071,Not in employment or aged 15 years and under,952,527,425
E01002071,On foot,48,40,8
E01002071,Other method of travel to work,9,2,7
E01002071,Passenger in a car or van,8,6,2
E01002071,Taxi,3,1,2
E01002071,Train,62,64,-2
E01002071,"Underground, metro, light rail, tram",168,238,-70
E01002071,Work mainly at or from home,206,14,192
E01002072,Bicycle,42,27,15
E01002072,"Bus, minibus or coach",145,166,-21
E01002072,Driving a car or van,85,94,-9
E01002072,"Motorcycle, scooter or moped",11,7,4
E01002072,Not in employment or aged 15 years and under,1007,696,311
E01002072,On foot,54,39,15
E01002072,Other method of travel to work,13,3,10
E01002072,Passenger in a car or van,12,2,10
E01002072,Taxi,2,0,2
E01002072,Train,53,92,-39
E01002072,"Underground, metro, light rail, tram",206,323,-117
E01002072,Work mainly at or from home,254,18,236
E01002073,Bicycle,32,29,3
E01002073,"Bus, minibus or coach",122,159,-37
E01002073,Driving a car or van,96,118,-22
E01002073,"Motorcycle, scooter or moped",9,10,-1
E01002073,Not in employment or aged 15 years and under,847,546,301
E01002073,On foot,42,66,-24
E01002073,Other method of travel to work,10,4,6
E01002073,Passenger in a car or van,10,5,5
E01002073,Taxi,2,2,0
E01002073,Train,40,58,-18
E01002073,"Underground, metro, light rail, tram",208,302,-94
E01002073,Work mainly at or from home,229,16,213
E01002074,Bicycle,21,15,6
E01002074,"Bus, minibus or coach",195,240,-45
E01002074,Driving a car or van,184,165,19
E01002074,"Motorcycle, scooter or moped",5,3,2
E01002074,Not in employment or aged 15 years and under,1328,670,658
E01002074,On foot,47,54,-7
E01002074,Other method of travel to work,18,3,15
E01002074,Passenger in a car or van,11,17,-6
E01002074,Taxi,3,0,3
E01002074,Train,68,53,15
E01002074,"Underground, metro, light rail, tram",138,176,-38
E01002074,Work mainly at or from home,226,30,196
E01002075,Bicycle,28,14,14
E01002075,"Bus, minibus or coach",164,179,-15
E01002075,Driving a car or van,157,135,22
E01002075,"Motorcycle, scooter or moped",16,3,13
E01002075,Not in employment or aged 15 years and under,1092,630,462
E01002075,On foot,47,50,-3
E01002075,Other method of travel to work,14,7,7
E01002075,Passenger in a car or van,12,8,4
E01002075,Taxi,1,1,0
E01002075,Train,55,43,12
E01002075,"Underground, metro, light rail, tram",204,195,9
E01002075,Work mainly at or from home,178,24,154
E01002076,Bicycle,36,12,24
E01002076,"Bus, minibus or coach",132,175,-43
E01002076,Driving a car or van,135,146,-11
E01002076,"Motorcycle, scooter or moped",13,5,8
E01002076,Not in employment or aged 15 years and under,990,647,343
E01002076,On foot,61,56,5
E01002076,Other method of travel to work,21,10,11
E01002076,Passenger in a car or van,14,6,8
E01002076,Taxi,3,1,2
E01002076,Train,62,65,-3
E01002076,"Underground, metro, light rail, tram",174,243,-69
E01002076,Work mainly at or from home,212,22,190
E01002077,Bicycle,28,14,14
E01002077,"Bus, minibus or coach",173,210,-37
E01002077,Driving a car or van,226,157,69
E01002077,"Motorcycle, scooter or moped",6,0,6
E01002077,Not in employment or aged 15 years and under,1218,708,510
E01002077,On foot,71,84,-13
E01002077,Other method of travel to work,19,0,19
E01002077,Passenger in a car or van,21,9,12
E01002077,Taxi,0,1,-1
E01002077,Train,69,70,-1
E01002077,"Underground, metro, light rail, tram",165,218,-53
E01002077,Work mainly at or from home,275,15,260
E01002078,Bicycle,83,26,57
E01002078,"Bus, minibus or coach",145,181,-36
E01002078,Driving a car or van,191,177,14
E01002078,"Motorcycle, scooter or moped",15,8,7
E01002078,Not in employment or aged 15 years and under,1129,692,437
E01002078,On foot,53,50,3
E01002078,Other method of travel to work,13,2,11
E01002078,Passenger in a car or van,22,16,6
E01002078,Taxi,5,4,1
E01002078,Train,78,126,-48
E01002078,"Underground, metro, light rail, tram",276,361,-85
E01002078,Work mainly at or from home,544,14,530
E01002079,Bicycle,22,31,-9
E01002079,"Bus, minibus or coach",138,140,-2
E01002079,Driving a car or van,160,135,25
E01002079,"Motorcycle, scooter or moped",12,7,5
E01002079,Not in employment or aged 15 years and under,956,489,467
E01002079,On foot,45,59,-14
E01002079,Other method of travel to work,14,4,10
E01002079,Passenger in a car or van,24,5,19
E01002079,Taxi,1,1,0
E01002079,Train,59,58,1
E01002079,"Underground, metro, light rail, tram",168,225,-57
E01002079,Work mainly at or from home,210,25,185
E01002081,Bicycle,39,13,26
E01002081,"Bus, minibus or coach",180,170,10
E01002081,Driving a car or van,134,91,43
E01002081,"Motorcycle, scooter or moped",7,5,2
E01002081,Not in employment or aged 15 years and under,1122,730,392
E01002081,On foot,48,42,6
E01002081,Other method of travel to work,18,5,13
E01002081,Passenger in a car or van,3,12,-9
E01002081,Taxi,0,1,-1
E01002081,Train,61,52,9
E01002081,"Underground, metro, light rail, tram",178,190,-12
E01002081,Work mainly at or from home,141,17,124
E01002082,Bicycle,13,12,1
E01002082,"Bus, minibus or coach",122,135,-13
E01002082,Driving a car or van,125,151,-26
E01002082,"Motorcycle, scooter or moped",3,5,-2
E01002082,Not in employment or aged 15 years and under,869,570,299
E01002082,On foot,40,40,0
E01002082,Other method of travel to work,8,2,6
E01002082,Passenger in a car or van,10,20,-10
E01002082,Taxi,3,0,3
E01002082,Train,39,31,8
E01002082,"Underground, metro, light rail, tram",80,91,-11
E01002082,Work mainly at or from home,107,16,91
E01002083,Bicycle,43,30,13
E01002083,"Bus, minibus or coach",83,140,-57
E01002083,Driving a car or van,97,135,-38
E01002083,"Motorcycle, scooter or moped",6,2,4
E01002083,Not in employment or aged 15 years and under,590,387,203
E01002083,On foot,37,41,-4
E01002083,Other method of travel to work,5,4,1
E01002083,Passenger in a car or van,10,8,2
E01002083,Taxi,3,2,1
E01002083,Train,18,28,-10
E01002083,"Underground, metro, light rail, tram",196,358,-162
E01002083,Work mainly at or from home,308,18,290
E01002084,Bicycle,41,45,-4
E01002084,"Bus, minibus or coach",121,108,13
E01002084,Driving a car or van,120,181,-61
E01002084,"Motorcycle, scooter or moped",8,13,-5
E01002084,Not in employment or aged 15 years and under,876,433,443
E01002084,On foot,51,47,4
E01002084,Other method of travel to work,9,7,2
E01002084,Passenger in a car or van,7,11,-4
E01002084,Taxi,4,1,3
E01002084,Train,23,34,-11
E01002084,"Underground, metro, light rail, tram",150,358,-208
E01002084,Work mainly at or from home,344,34,310
E01002085,Bicycle,46,58,-12
E01002085,"Bus, minibus or coach",117,204,-87
E01002085,Driving a car or van,125,150,-25
E01002085,"Motorcycle, scooter or moped",6,9,-3
E01002085,Not in employment or aged 15 years and under,1088,587,501
E01002085,On foot,57,38,19
E01002085,Other method of travel to work,9,7,2
E01002085,Passenger in a car or van,11,8,3
E01002085,Taxi,10,4,6
E01002085,Train,37,54,-17
E01002085,"Underground, metro, light rail, tram",281,524,-243
E01002085,Work mainly at or from home,384,33,351
E01002086,Bicycle,46,39,7
E01002086,"Bus, minibus or coach",97,158,-61
E01002086,Driving a car or van,106,170,-64
E01002086,"Motorcycle, scooter or moped",8,12,-4
E01002086,Not in employment or aged 15 years and under,630,527,103
E01002086,On foot,44,46,-2
E01002086,Other method of travel to work,10,7,3
E01002086,Passenger in a car or van,15,10,5
E01002086,Taxi,7,2,5
E01002086,Train,19,47,-28
E01002086,"Underground, metro, light rail, tram",101,197,-96
E01002086,Work mainly at or from home,417,24,393
E01002087,Bicycle,42,27,15
E01002087,"Bus, minibus or coach",124,156,-32
E01002087,Driving a car or van,118,122,-4
E01002087,"Motorcycle, scooter or moped",20,5,15
E01002087,Not in employment or aged 15 years and under,909,476,433
E01002087,On foot,68,46,22
E01002087,Other method of travel to work,6,4,2
E01002087,Passenger in a car or van,2,5,-3
E01002087,Taxi,4,3,1
E01002087,Train,37,33,4
E01002087,"Underground, metro, light rail, tram",222,366,-144
E01002087,Work mainly at or from home,364,25,339
E01002088,Bicycle,46,38,8
E01002088,"Bus, minibus or coach",129,159,-30
E01002088,Driving a car or van,156,157,-1
E01002088,"Motorcycle, scooter or moped",10,8,2
E01002088,Not in employment or aged 15 years and under,872,523,349
E01002088,On foot,49,53,-4
E01002088,Other method of travel to work,16,5,11
E01002088,Passenger in a car or van,12,19,-7
E01002088,Taxi,2,0,2
E01002088,Train,29,40,-11
E01002088,"Underground, metro, light rail, tram",166,403,-237
E01002088,Work mainly at or from home,315,32,283
E01002089,Bicycle,8,6,2
E01002089,"Bus, minibus or coach",102,178,-76
E01002089,Driving a car or van,129,118,11
E01002089,"Motorcycle, scooter or moped",4,1,3
E01002089,Not in employment or aged 15 years and under,879,588,291
E01002089,On foot,40,34,6
E01002089,Other method of travel to work,8,8,0
E01002089,Passenger in a car or van,4,6,-2
E01002089,Taxi,2,2,0
E01002089,Train,34,28,6
E01002089,"Underground, metro, light rail, tram",55,72,-17
E01002089,Work mainly at or from home,79,16,63
E01002090,Bicycle,22,7,15
E01002090,"Bus, minibus or coach",93,150,-57
E01002090,Driving a car or van,229,231,-2
E01002090,"Motorcycle, scooter or moped",13,2,11
E01002090,Not in employment or aged 15 years and under,917,537,380
E01002090,On foot,33,28,5
E01002090,Other method of travel to work,12,6,6
E01002090,Passenger in a car or van,20,18,2
E01002090,Taxi,3,0,3
E01002090,Train,26,33,-7
E01002090,"Underground, metro, light rail, tram",147,132,15
E01002090,Work mainly at or from home,224,17,207
E01002091,Bicycle,13,13,0
E01002091,"Bus, minibus or coach",134,152,-18
E01002091,Driving a car or van,210,175,35
E01002091,"Motorcycle, scooter or moped",7,5,2
E01002091,Not in employment or aged 15 years and under,1107,657,450
E01002091,On foot,46,29,17
E01002091,Other method of travel to work,4,2,2
E01002091,Passenger in a car or van,16,10,6
E01002091,Taxi,4,3,1
E01002091,Train,39,40,-1
E01002091,"Underground, metro, light rail, tram",117,118,-1
E01002091,Work mainly at or from home,152,8,144
E01002092,Bicycle,25,9,16
E01002092,"Bus, minibus or coach",141,149,-8
E01002092,Driving a car or van,137,149,-12
E01002092,"Motorcycle, scooter or moped",2,1,1
E01002092,Not in employment or aged 15 years and under,919,566,353
E01002092,On foot,51,43,8
E01002092,Other method of travel to work,15,5,10
E01002092,Passenger in a car or van,10,10,0
E01002092,Taxi,7,0,7
E01002092,Train,50,78,-28
E01002092,"Underground, metro, light rail, tram",110,194,-84
E01002092,Work mainly at or from home,130,15,115
E01002093,Bicycle,28,18,10
E01002093,"Bus, minibus or coach",127,143,-16
E01002093,Driving a car or van,195,198,-3
E01002093,"Motorcycle, scooter or moped",3,6,-3
E01002093,Not in employment or aged 15 years and under,1156,622,534
E01002093,On foot,27,38,-11
E01002093,Other method of travel to work,12,8,4
E01002093,Passenger in a car or van,10,18,-8
E01002093,Taxi,2,2,0
E01002093,Train,30,23,7
E01002093,"Underground, metro, light rail, tram",111,146,-35
E01002093,Work mainly at or from home,144,17,127
E01002094,Bicycle,19,14,5
E01002094,"Bus, minibus or coach",117,149,-32
E01002094,Driving a car or van,147,178,-31
E01002094,"Motorcycle, scooter or moped",10,5,5
E01002094,Not in employment or aged 15 years and under,797,500,297
E01002094,On foot,29,33,-4
E01002094,Other method of travel to work,12,3,9
E01002094,Passenger in a car or van,16,13,3
E01002094,Taxi,7,0,7
E01002094,Train,30,26,4
E01002094,"Underground, metro, light rail, tram",96,135,-39
E01002094,Work mainly at or from home,161,14,147
E01002095,Bicycle,27,16,11
E01002095,"Bus, minibus or coach",121,187,-66
E01002095,Driving a car or van,160,155,5
E01002095,"Motorcycle, scooter or moped",2,9,-7
E01002095,Not in employment or aged 15 years and under,896,525,371
E01002095,On foot,44,34,10
E01002095,Other method of travel to work,19,10,9
E01002095,Passenger in a car or van,9,14,-5
E01002095,Taxi,3,1,2
E01002095,Train,36,46,-10
E01002095,"Underground, metro, light rail, tram",91,126,-35
E01002095,Work mainly at or from home,181,9,172
E01002096,Bicycle,28,19,9
E01002096,"Bus, minibus or coach",133,161,-28
E01002096,Driving a car or van,175,162,13
E01002096,"Motorcycle, scooter or moped",8,7,1
E01002096,Not in employment or aged 15 years and under,982,538,444
E01002096,On foot,55,43,12
E01002096,Other method of travel to work,6,3,3
E01002096,Passenger in a car or van,7,14,-7
E01002096,Taxi,2,0,2
E01002096,Train,35,24,11
E01002096,"Underground, metro, light rail, tram",81,120,-39
E01002096,Work mainly at or from home,182,15,167
E01002097,Bicycle,24,8,16
E01002097,"Bus, minibus or coach",135,156,-21
E01002097,Driving a car or van,154,162,-8
E01002097,"Motorcycle, scooter or moped",5,6,-1
E01002097,Not in employment or aged 15 years and under,882,501,381
E01002097,On foot,52,63,-11
E01002097,Other method of travel to work,3,8,-5
E01002097,Passenger in a car or van,9,11,-2
E01002097,Taxi,8,1,7
E01002097,Train,27,31,-4
E01002097,"Underground, metro, light rail, tram",118,137,-19
E01002097,Work mainly at or from home,180,21,159
E01002098,Bicycle,33,32,1
E01002098,"Bus, minibus or coach",61,76,-15
E01002098,Driving a car or van,103,132,-29
E01002098,"Motorcycle, scooter or moped",3,11,-8
E01002098,Not in employment or aged 15 years and under,690,296,394
E01002098,On foot,30,39,-9
E01002098,Other method of travel to work,11,5,6
E01002098,Passenger in a car or van,7,5,2
E01002098,Taxi,1,1,0
E01002098,Train,31,86,-55
E01002098,"Underground, metro, light rail, tram",168,350,-182
E01002098,Work mainly at or from home,397,50,347
E01002099,Bicycle,16,9,7
E01002099,"Bus, minibus or coach",131,158,-27
E01002099,Driving a car or van,150,134,16
E01002099,"Motorcycle, scooter or moped",1,8,-7
E01002099,Not in employment or aged 15 years and under,1160,715,445
E01002099,On foot,75,65,10
E01002099,Other method of travel to work,15,3,12
E01002099,Passenger in a car or van,10,9,1
E01002099,Taxi,5,2,3
E01002099,Train,37,35,2
E01002099,"Underground, metro, light rail, tram",212,338,-126
E01002099,Work mainly at or from home,203,20,183
E01002100,Bicycle,24,15,9
E01002100,"Bus, minibus or coach",137,183,-46
E01002100,Driving a car or van,147,200,-53
E01002100,"Motorcycle, scooter or moped",13,10,3
E01002100,Not in employment or aged 15 years and under,961,577,384
E01002100,On foot,41,50,-9
E01002100,Other method of travel to work,10,8,2
E01002100,Passenger in a car or van,12,6,6
E01002100,Taxi,3,1,2
E01002100,Train,36,35,1
E01002100,"Underground, metro, light rail, tram",182,317,-135
E01002100,Work mainly at or from home,217,19,198
E01002101,Bicycle,29,26,3
E01002101,"Bus, minibus or coach",113,166,-53
E01002101,Driving a car or van,181,197,-16
E01002101,"Motorcycle, scooter or moped",17,5,12
E01002101,Not in employment or aged 15 years and under,945,528,417
E01002101,On foot,41,43,-2
E01002101,Other method of travel to work,15,3,12
E01002101,Passenger in a car or van,10,19,-9
E01002101,Taxi,5,3,2
E01002101,Train,44,33,11
E01002101,"Underground, metro, light rail, tram",262,450,-188
E01002101,Work mainly at or from home,317,34,283
E01002102,Bicycle,22,22,0
E01002102,"Bus, minibus or coach",107,171,-64
E01002102,Driving a car or van,137,176,-39
E01002102,"Motorcycle, scooter or moped",4,5,-1
E01002102,Not in employment or aged 15 years and under,1018,517,501
E01002102,On foot,68,69,-1
E01002102,Other method of travel to work,10,6,4
E01002102,Passenger in a car or van,17,9,8
E01002102,Taxi,8,6,2
E01002102,Train,30,55,-25
E01002102,"Underground, metro, light rail, tram",187,431,-244
E01002102,Work mainly at or from home,320,35,285
E01002103,Bicycle,23,18,5
E01002103,"Bus, minibus or coach",119,189,-70
E01002103,Driving a car or van,121,173,-52
E01002103,"Motorcycle, scooter or moped",14,13,1
E01002103,Not in employment or aged 15 years and under,901,513,388
E01002103,On foot,50,49,1
E01002103,Other method of travel to work,12,1,11
E01002103,Passenger in a car or van,9,10,-1
E01002103,Taxi,4,3,1
E01002103,Train,36,42,-6
E01002103,"Underground, metro, light rail, tram",250,395,-145
E01002103,Work mainly at or from home,314,23,291
E01002104,Bicycle,21,15,6
E01002104,"Bus, minibus or coach",100,129,-29
E01002104,Driving a car or van,131,141,-10
E01002104,"Motorcycle, scooter or moped",9,4,5
E01002104,Not in employment or aged 15 years and under,718,408,310
E01002104,On foot,37,62,-25
E01002104,Other method of travel to work,6,11,-5
E01002104,Passenger in a car or van,18,11,7
E01002104,Taxi,5,0,5
E01002104,Train,18,30,-12
E01002104,"Underground, metro, light rail, tram",187,254,-67
E01002104,Work mainly at or from home,203,21,182
E01002105,Bicycle,34,20,14
E01002105,"Bus, minibus or coach",142,190,-48
E01002105,Driving a car or van,139,166,-27
E01002105,"Motorcycle, scooter or moped",14,7,7
E01002105,Not in employment or aged 15 years and under,877,527,350
E01002105,On foot,68,77,-9
E01002105,Other method of travel to work,11,6,5
E01002105,Passenger in a car or van,10,11,-1
E01002105,Taxi,4,1,3
E01002105,Train,44,55,-11
E01002105,"Underground, metro, light rail, tram",387,560,-173
E01002105,Work mainly at or from home,347,34,313
E01002106,Bicycle,2,8,-6
E01002106,"Bus, minibus or coach",61,59,2
E01002106,Driving a car or van,394,541,-147
E01002106,"Motorcycle, scooter or moped",5,5,0
E01002106,Not in employment or aged 15 years and under,1044,521,523
E01002106,On foot,35,51,-16
E01002106,Other method of travel to work,14,0,14
E01002106,Passenger in a car or van,29,34,-5
E01002106,Taxi,4,7,-3
E01002106,Train,32,62,-30
E01002106,"Underground, metro, light rail, tram",78,178,-100
E01002106,Work mainly at or from home,335,63,272
E01002107,Bicycle,3,8,-5
E01002107,"Bus, minibus or coach",27,58,-31
E01002107,Driving a car or van,324,460,-136
E01002107,"Motorcycle, scooter or moped",1,3,-2
E01002107,Not in employment or aged 15 years and under,924,407,517
E01002107,On foot,34,31,3
E01002107,Other method of travel to work,17,4,13
E01002107,Passenger in a car or van,22,19,3
E01002107,Taxi,2,9,-7
E01002107,Train,27,41,-14
E01002107,"Underground, metro, light rail, tram",82,211,-129
E01002107,Work mainly at or from home,361,36,325
E01002108,Bicycle,7,2,5
E01002108,"Bus, minibus or coach",34,47,-13
E01002108,Driving a car or van,311,457,-146
E01002108,"Motorcycle, scooter or moped",4,6,-2
E01002108,Not in employment or aged 15 years and under,920,439,481
E01002108,On foot,33,27,6
E01002108,Other method of travel to work,15,4,11
E01002108,Passenger in a car or van,24,20,4
E01002108,Taxi,2,2,0
E01002108,Train,17,39,-22
E01002108,"Underground, metro, light rail, tram",94,215,-121
E01002108,Work mainly at or from home,379,45,334
E01002109,Bicycle,5,3,2
E01002109,"Bus, minibus or coach",30,34,-4
E01002109,Driving a car or van,285,457,-172
E01002109,"Motorcycle, scooter or moped",7,5,2
E01002109,Not in employment or aged 15 years and under,947,393,554
E01002109,On foot,30,40,-10
E01002109,Other method of travel to work,9,7,2
E01002109,Passenger in a car or van,12,23,-11
E01002109,Taxi,3,7,-4
E01002109,Train,16,40,-24
E01002109,"Underground, metro, light rail, tram",80,248,-168
E01002109,Work mainly at or from home,441,73,368
E01002110,Bicycle,7,5,2
E01002110,"Bus, minibus or coach",45,62,-17
E01002110,Driving a car or van,251,394,-143
E01002110,"Motorcycle, scooter or moped",5,2,3
E01002110,Not in employment or aged 15 years and under,783,437,346
E01002110,On foot,39,40,-1
E01002110,Other method of travel to work,8,2,6
E01002110,Passenger in a car or van,28,18,10
E01002110,Taxi,5,7,-2
E01002110,Train,21,50,-29
E01002110,"Underground, metro, light rail, tram",95,226,-131
E01002110,Work mainly at or from home,371,50,321
E01002111,Bicycle,10,3,7
E01002111,"Bus, minibus or coach",66,92,-26
E01002111,Driving a car or van,415,548,-133
E01002111,"Motorcycle, scooter or moped",2,6,-4
E01002111,Not in employment or aged 15 years and under,1117,555,562
E01002111,On foot,41,36,5
E01002111,Other method of travel to work,10,7,3
E01002111,Passenger in a car or van,49,23,26
E01002111,Taxi,5,5,0
E01002111,Train,31,49,-18
E01002111,"Underground, metro, light rail, tram",119,198,-79
E01002111,Work mainly at or from home,340,40,300
E01002112,Bicycle,9,5,4
E01002112,"Bus, minibus or coach",30,46,-16
E01002112,Driving a car or van,245,418,-173
E01002112,"Motorcycle, scooter or moped",4,6,-2
E01002112,Not in employment or aged 15 years and under,1009,431,578
E01002112,On foot,21,35,-14
E01002112,Other method of travel to work,12,7,5
E01002112,Passenger in a car or van,26,18,8
E01002112,Taxi,3,5,-2
E01002112,Train,17,38,-21
E01002112,"Underground, metro, light rail, tram",116,232,-116
E01002112,Work mainly at or from home,504,120,384
E01002113,Bicycle,5,8,-3
E01002113,"Bus, minibus or coach",28,40,-12
E01002113,Driving a car or van,230,324,-94
E01002113,"Motorcycle, scooter or moped",0,3,-3
E01002113,Not in employment or aged 15 years and under,781,364,417
E01002113,On foot,27,35,-8
E01002113,Other method of travel to work,7,6,1
E01002113,Passenger in a car or van,8,15,-7
E01002113,Taxi,0,6,-6
E01002113,Train,14,28,-14
E01002113,"Underground, metro, light rail, tram",80,206,-126
E01002113,Work mainly at or from home,377,71,306
E01002114,Bicycle,7,7,0
E01002114,"Bus, minibus or coach",53,75,-22
E01002114,Driving a car or van,286,402,-116
E01002114,"Motorcycle, scooter or moped",12,4,8
E01002114,Not in employment or aged 15 years and under,1306,437,869
E01002114,On foot,52,28,24
E01002114,Other method of travel to work,18,8,10
E01002114,Passenger in a car or van,16,12,4
E01002114,Taxi,3,5,-2
E01002114,Train,32,38,-6
E01002114,"Underground, metro, light rail, tram",102,225,-123
E01002114,Work mainly at or from home,348,61,287
E01002115,Bicycle,2,1,1
E01002115,"Bus, minibus or coach",27,44,-17
E01002115,Driving a car or van,216,335,-119
E01002115,"Motorcycle, scooter or moped",0,2,-2
E01002115,Not in employment or aged 15 years and under,722,383,339
E01002115,On foot,24,32,-8
E01002115,Other method of travel to work,12,6,6
E01002115,Passenger in a car or van,21,12,9
E01002115,Taxi,6,5,1
E01002115,Train,16,26,-10
E01002115,"Underground, metro, light rail, tram",100,220,-120
E01002115,Work mainly at or from home,315,45,270
E01002116,Bicycle,8,2,6
E01002116,"Bus, minibus or coach",38,60,-22
E01002116,Driving a car or van,214,327,-113
E01002116,"Motorcycle, scooter or moped",1,4,-3
E01002116,Not in employment or aged 15 years and under,809,391,418
E01002116,On foot,33,90,-57
E01002116,Other method of travel to work,10,6,4
E01002116,Passenger in a car or van,16,15,1
E01002116,Taxi,9,4,5
E01002116,Train,11,27,-16
E01002116,"Underground, metro, light rail, tram",90,195,-105
E01002116,Work mainly at or from home,348,79,269
E01002118,Bicycle,4,4,0
E01002118,"Bus, minibus or coach",94,112,-18
E01002118,Driving a car or van,237,267,-30
E01002118,"Motorcycle, scooter or moped",1,4,-3
E01002118,Not in employment or aged 15 years and under,1016,431,585
E01002118,On foot,49,65,-16
E01002118,Other method of travel to work,17,6,11
E01002118,Passenger in a car or van,23,20,3
E01002118,Taxi,5,5,0
E01002118,Train,33,45,-12
E01002118,"Underground, metro, light rail, tram",135,245,-110
E01002118,Work mainly at or from home,265,54,211
E01002119,Bicycle,12,3,9
E01002119,"Bus, minibus or coach",144,137,7
E01002119,Driving a car or van,332,324,8
E01002119,"Motorcycle, scooter or moped",8,4,4
E01002119,Not in employment or aged 15 years and under,1270,452,818
E01002119,On foot,75,59,16
E01002119,Other method of travel to work,11,1,10
E01002119,Passenger in a car or van,35,22,13
E01002119,Taxi,4,5,-1
E01002119,Train,48,38,10
E01002119,"Underground, metro, light rail, tram",203,186,17
E01002119,Work mainly at or from home,372,35,337
E01002120,Bicycle,3,2,1
E01002120,"Bus, minibus or coach",43,72,-29
E01002120,Driving a car or van,212,205,7
E01002120,"Motorcycle, scooter or moped",2,4,-2
E01002120,Not in employment or aged 15 years and under,816,419,397
E01002120,On foot,26,24,2
E01002120,Other method of travel to work,4,4,0
E01002120,Passenger in a car or van,24,16,8
E01002120,Taxi,2,2,0
E01002120,Train,11,39,-28
E01002120,"Underground, metro, light rail, tram",74,139,-65
E01002120,Work mainly at or from home,145,26,119
E01002121,Bicycle,3,0,3
E01002121,"Bus, minibus or coach",90,97,-7
E01002121,Driving a car or van,313,363,-50
E01002121,"Motorcycle, scooter or moped",1,3,-2
E01002121,Not in employment or aged 15 years and under,937,474,463
E01002121,On foot,49,48,1
E01002121,Other method of travel to work,6,4,2
E01002121,Passenger in a car or van,27,30,-3
E01002121,Taxi,7,0,7
E01002121,Train,47,37,10
E01002121,"Underground, metro, light rail, tram",115,203,-88
E01002121,Work mainly at or from home,228,46,182
E01002122,Bicycle,6,4,2
E01002122,"Bus, minibus or coach",94,117,-23
E01002122,Driving a car or van,328,347,-19
E01002122,"Motorcycle, scooter or moped",1,4,-3
E01002122,Not in employment or aged 15 years and under,935,421,514
E01002122,On foot,34,54,-20
E01002122,Other method of travel to work,14,6,8
E01002122,Passenger in a car or van,41,28,13
E01002122,Taxi,3,3,0
E01002122,Train,27,43,-16
E01002122,"Underground, metro, light rail, tram",143,222,-79
E01002122,Work mainly at or from home,235,22,213
E01002123,Bicycle,9,7,2
E01002123,"Bus, minibus or coach",96,152,-56
E01002123,Driving a car or van,264,299,-35
E01002123,"Motorcycle, scooter or moped",4,5,-1
E01002123,Not in employment or aged 15 years and under,838,445,393
E01002123,On foot,60,71,-11
E01002123,Other method of travel to work,5,1,4
E01002123,Passenger in a car or van,37,37,0
E01002123,Taxi,1,1,0
E01002123,Train,37,48,-11
E01002123,"Underground, metro, light rail, tram",136,227,-91
E01002123,Work mainly at or from home,221,29,192
E01002124,Bicycle,10,2,8
E01002124,"Bus, minibus or coach",72,104,-32
E01002124,Driving a car or van,302,350,-48
E01002124,"Motorcycle, scooter or moped",5,2,3
E01002124,Not in employment or aged 15 years and under,925,464,461
E01002124,On foot,44,60,-16
E01002124,Other method of travel to work,15,3,12
E01002124,Passenger in a car or van,43,34,9
E01002124,Taxi,0,2,-2
E01002124,Train,49,48,1
E01002124,"Underground, metro, light rail, tram",143,171,-28
E01002124,Work mainly at or from home,182,16,166
E01002125,Bicycle,6,4,2
E01002125,"Bus, minibus or coach",108,142,-34
E01002125,Driving a car or van,309,307,2
E01002125,"Motorcycle, scooter or moped",2,3,-1
E01002125,Not in employment or aged 15 years and under,963,433,530
E01002125,On foot,52,63,-11
E01002125,Other method of travel to work,12,2,10
E01002125,Passenger in a car or van,56,40,16
E01002125,Taxi,3,2,1
E01002125,Train,70,58,12
E01002125,"Underground, metro, light rail, tram",219,228,-9
E01002125,Work mainly at or from home,172,21,151
E01002127,Bicycle,3,7,-4
E01002127,"Bus, minibus or coach",48,48,0
E01002127,Driving a car or van,199,305,-106
E01002127,"Motorcycle, scooter or moped",6,5,1
E01002127,Not in employment or aged 15 years and under,958,438,520
E01002127,On foot,81,75,6
E01002127,Other method of travel to work,21,1,20
E01002127,Passenger in a car or van,24,23,1
E01002127,Taxi,6,1,5
E01002127,Train,47,54,-7
E01002127,"Underground, metro, light rail, tram",152,315,-163
E01002127,Work mainly at or from home,294,53,241
E01002128,Bicycle,4,16,-12
E01002128,"Bus, minibus or coach",110,130,-20
E01002128,Driving a car or van,195,251,-56
E01002128,"Motorcycle, scooter or moped",16,4,12
E01002128,Not in employment or aged 15 years and under,1029,460,569
E01002128,On foot,75,171,-96
E01002128,Other method of travel to work,13,3,10
E01002128,Passenger in a car or van,13,13,0
E01002128,Taxi,7,0,7
E01002128,Train,59,96,-37
E01002128,"Underground, metro, light rail, tram",235,434,-199
E01002128,Work mainly at or from home,364,36,328
E01002129,Bicycle,14,9,5
E01002129,"Bus, minibus or coach",98,99,-1
E01002129,Driving a car or van,226,242,-16
E01002129,"Motorcycle, scooter or moped",7,5,2
E01002129,Not in employment or aged 15 years and under,1284,531,753
E01002129,On foot,102,103,-1
E01002129,Other method of travel to work,12,7,5
E01002129,Passenger in a car or van,14,8,6
E01002129,Taxi,5,4,1
E01002129,Train,50,79,-29
E01002129,"Underground, metro, light rail, tram",262,467,-205
E01002129,Work mainly at or from home,660,52,608
E01002130,Bicycle,19,18,1
E01002130,"Bus, minibus or coach",171,171,0
E01002130,Driving a car or van,296,299,-3
E01002130,"Motorcycle, scooter or moped",10,5,5
E01002130,Not in employment or aged 15 years and under,1546,548,998
E01002130,On foot,125,168,-43
E01002130,Other method of travel to work,34,7,27
E01002130,Passenger in a car or van,26,36,-10
E01002130,Taxi,11,1,10
E01002130,Train,79,145,-66
E01002130,"Underground, metro, light rail, tram",214,350,-136
E01002130,Work mainly at or from home,380,38,342
E01002131,Bicycle,8,3,5
E01002131,"Bus, minibus or coach",62,78,-16
E01002131,Driving a car or van,256,275,-19
E01002131,"Motorcycle, scooter or moped",2,2,0
E01002131,Not in employment or aged 15 years and under,911,473,438
E01002131,On foot,63,97,-34
E01002131,Other method of travel to work,15,16,-1
E01002131,Passenger in a car or van,32,18,14
E01002131,Taxi,3,0,3
E01002131,Train,32,56,-24
E01002131,"Underground, metro, light rail, tram",105,180,-75
E01002131,Work mainly at or from home,226,33,193
E01002132,Bicycle,13,15,-2
E01002132,"Bus, minibus or coach",68,67,1
E01002132,Driving a car or van,236,398,-162
E01002132,"Motorcycle, scooter or moped",17,4,13
E01002132,Not in employment or aged 15 years and under,999,423,576
E01002132,On foot,63,97,-34
E01002132,Other method of travel to work,12,4,8
E01002132,Passenger in a car or van,17,13,4
E01002132,Taxi,1,3,-2
E01002132,Train,19,48,-29
E01002132,"Underground, metro, light rail, tram",155,397,-242
E01002132,Work mainly at or from home,436,94,342
E01002133,Bicycle,12,9,3
E01002133,"Bus, minibus or coach",110,132,-22
E01002133,Driving a car or van,244,309,-65
E01002133,"Motorcycle, scooter or moped",8,5,3
E01002133,Not in employment or aged 15 years and under,1159,612,547
E01002133,On foot,61,61,0
E01002133,Other method of travel to work,10,4,6
E01002133,Passenger in a car or van,19,15,4
E01002133,Taxi,2,3,-1
E01002133,Train,52,50,2
E01002133,"Underground, metro, light rail, tram",129,235,-106
E01002133,Work mainly at or from home,234,53,181
E01002134,Bicycle,10,8,2
E01002134,"Bus, minibus or coach",37,36,1
E01002134,Driving a car or van,217,310,-93
E01002134,"Motorcycle, scooter or moped",1,2,-1
E01002134,Not in employment or aged 15 years and under,729,329,400
E01002134,On foot,37,58,-21
E01002134,Other method of travel to work,8,10,-2
E01002134,Passenger in a car or van,16,11,5
E01002134,Taxi,2,0,2
E01002134,Train,11,29,-18
E01002134,"Underground, metro, light rail, tram",86,226,-140
E01002134,Work mainly at or from home,331,82,249
E01002135,Bicycle,12,8,4
E01002135,"Bus, minibus or coach",109,85,24
E01002135,Driving a car or van,268,326,-58
E01002135,"Motorcycle, scooter or moped",5,4,1
E01002135,Not in employment or aged 15 years and under,1027,438,589
E01002135,On foot,42,72,-30
E01002135,Other method of travel to work,18,2,16
E01002135,Passenger in a car or van,20,15,5
E01002135,Taxi,4,4,0
E01002135,Train,41,55,-14
E01002135,"Underground, metro, light rail, tram",190,274,-84
E01002135,Work mainly at or from home,280,38,242
E01002136,Bicycle,11,15,-4
E01002136,"Bus, minibus or coach",84,71,13
E01002136,Driving a car or van,269,314,-45
E01002136,"Motorcycle, scooter or moped",1,8,-7
E01002136,Not in employment or aged 15 years and under,995,428,567
E01002136,On foot,57,43,14
E01002136,Other method of travel to work,9,5,4
E01002136,Passenger in a car or van,32,24,8
E01002136,Taxi,5,2,3
E01002136,Train,37,57,-20
E01002136,"Underground, metro, light rail, tram",153,242,-89
E01002136,Work mainly at or from home,376,41,335
E01002137,Bicycle,8,3,5
E01002137,"Bus, minibus or coach",13,10,3
E01002137,Driving a car or van,119,163,-44
E01002137,"Motorcycle, scooter or moped",0,2,-2
E01002137,Not in employment or aged 15 years and under,1100,524,576
E01002137,On foot,120,165,-45
E01002137,Other method of travel to work,7,5,2
E01002137,Passenger in a car or van,3,7,-4
E01002137,Taxi,1,1,0
E01002137,Train,11,27,-16
E01002137,"Underground, metro, light rail, tram",69,201,-132
E01002137,Work mainly at or from home,296,52,244
E01002138,Bicycle,5,3,2
E01002138,"Bus, minibus or coach",60,85,-25
E01002138,Driving a car or van,262,299,-37
E01002138,"Motorcycle, scooter or moped",4,5,-1
E01002138,Not in employment or aged 15 years and under,852,398,454
E01002138,On foot,36,43,-7
E01002138,Other method of travel to work,12,4,8
E01002138,Passenger in a car or van,24,25,-1
E01002138,Taxi,0,2,-2
E01002138,Train,19,29,-10
E01002138,"Underground, metro, light rail, tram",98,200,-102
E01002138,Work mainly at or from home,236,37,199
E01002139,Bicycle,5,0,5
E01002139,"Bus, minibus or coach",64,93,-29
E01002139,Driving a car or van,253,225,28
E01002139,"Motorcycle, scooter or moped",4,6,-2
E01002139,Not in employment or aged 15 years and under,871,473,398
E01002139,On foot,42,38,4
E01002139,Other method of travel to work,12,0,12
E01002139,Passenger in a car or van,23,10,13
E01002139,Taxi,2,2,0
E01002139,Train,33,66,-33
E01002139,"Underground, metro, light rail, tram",35,72,-37
E01002139,Work mainly at or from home,157,13,144
E01002140,Bicycle,6,7,-1
E01002140,"Bus, minibus or coach",76,112,-36
E01002140,Driving a car or van,297,359,-62
E01002140,"Motorcycle, scooter or moped",5,6,-1
E01002140,Not in employment or aged 15 years and under,977,448,529
E01002140,On foot,46,51,-5
E01002140,Other method of travel to work,16,6,10
E01002140,Passenger in a car or van,38,16,22
E01002140,Taxi,8,8,0
E01002140,Train,26,68,-42
E01002140,"Underground, metro, light rail, tram",65,121,-56
E01002140,Work mainly at or from home,233,35,198
E01002141,Bicycle,1,6,-5
E01002141,"Bus, minibus or coach",42,61,-19
E01002141,Driving a car or van,295,448,-153
E01002141,"Motorcycle, scooter or moped",6,4,2
E01002141,Not in employment or aged 15 years and under,968,435,533
E01002141,On foot,27,37,-10
E01002141,Other method of travel to work,16,1,15
E01002141,Passenger in a car or van,26,26,0
E01002141,Taxi,5,6,-1
E01002141,Train,43,77,-34
E01002141,"Underground, metro, light rail, tram",58,142,-84
E01002141,Work mainly at or from home,310,41,269
E01002142,Bicycle,5,7,-2
E01002142,"Bus, minibus or coach",68,90,-22
E01002142,Driving a car or van,307,429,-122
E01002142,"Motorcycle, scooter or moped",2,4,-2
E01002142,Not in employment or aged 15 years and under,986,421,565
E01002142,On foot,44,49,-5
E01002142,Other method of travel to work,12,10,2
E01002142,Passenger in a car or van,19,22,-3
E01002142,Taxi,7,9,-2
E01002142,Train,33,90,-57
E01002142,"Underground, metro, light rail, tram",66,128,-62
E01002142,Work mainly at or from home,312,57,255
E01002143,Bicycle,2,6,-4
E01002143,"Bus, minibus or coach",68,85,-17
E01002143,Driving a car or van,309,347,-38
E01002143,"Motorcycle, scooter or moped",2,1,1
E01002143,Not in employment or aged 15 years and under,891,404,487
E01002143,On foot,32,64,-32
E01002143,Other method of travel to work,10,3,7
E01002143,Passenger in a car or van,19,17,2
E01002143,Taxi,1,2,-1
E01002143,Train,42,82,-40
E01002143,"Underground, metro, light rail, tram",51,90,-39
E01002143,Work mainly at or from home,211,19,192
E01002144,Bicycle,3,2,1
E01002144,"Bus, minibus or coach",33,48,-15
E01002144,Driving a car or van,275,405,-130
E01002144,"Motorcycle, scooter or moped",1,4,-3
E01002144,Not in employment or aged 15 years and under,859,377,482
E01002144,On foot,22,28,-6
E01002144,Other method of travel to work,8,16,-8
E01002144,Passenger in a car or van,14,17,-3
E01002144,Taxi,5,4,1
E01002144,Train,22,53,-31
E01002144,"Underground, metro, light rail, tram",39,117,-78
E01002144,Work mainly at or from home,338,68,270
E01002145,Bicycle,4,1,3
E01002145,"Bus, minibus or coach",47,52,-5
E01002145,Driving a car or van,255,354,-99
E01002145,"Motorcycle, scooter or moped",5,6,-1
E01002145,Not in employment or aged 15 years and under,962,427,535
E01002145,On foot,25,29,-4
E01002145,Other method of travel to work,16,7,9
E01002145,Passenger in a car or van,14,20,-6
E01002145,Taxi,4,0,4
E01002145,Train,27,39,-12
E01002145,"Underground, metro, light rail, tram",69,116,-47
E01002145,Work mainly at or from home,257,36,221
E01002146,Bicycle,5,1,4
E01002146,"Bus, minibus or coach",11,25,-14
E01002146,Driving a car or van,228,386,-158
E01002146,"Motorcycle, scooter or moped",0,2,-2
E01002146,Not in employment or aged 15 years and under,728,303,425
E01002146,On foot,21,21,0
E01002146,Other method of travel to work,4,4,0
E01002146,Passenger in a car or van,12,15,-3
E01002146,Taxi,2,5,-3
E01002146,Train,17,91,-74
E01002146,"Underground, metro, light rail, tram",42,136,-94
E01002146,Work mainly at or from home,394,61,333
E01002147,Bicycle,4,3,1
E01002147,"Bus, minibus or coach",8,23,-15
E01002147,Driving a car or van,182,341,-159
E01002147,"Motorcycle, scooter or moped",0,2,-2
E01002147,Not in employment or aged 15 years and under,718,335,383
E01002147,On foot,12,19,-7
E01002147,Other method of travel to work,5,7,-2
E01002147,Passenger in a car or van,9,11,-2
E01002147,Taxi,0,5,-5
E01002147,Train,13,58,-45
E01002147,"Underground, metro, light rail, tram",43,98,-55
E01002147,Work mainly at or from home,362,80,282
E01002148,Bicycle,3,6,-3
E01002148,"Bus, minibus or coach",25,36,-11
E01002148,Driving a car or van,239,367,-128
E01002148,"Motorcycle, scooter or moped",1,1,0
E01002148,Not in employment or aged 15 years and under,768,371,397
E01002148,On foot,18,20,-2
E01002148,Other method of travel to work,6,5,1
E01002148,Passenger in a car or van,15,14,1
E01002148,Taxi,6,8,-2
E01002148,Train,24,70,-46
E01002148,"Underground, metro, light rail, tram",42,119,-77
E01002148,Work mainly at or from home,312,52,260
E01002149,Bicycle,8,4,4
E01002149,"Bus, minibus or coach",2,18,-16
E01002149,Driving a car or van,190,367,-177
E01002149,"Motorcycle, scooter or moped",1,0,1
E01002149,Not in employment or aged 15 years and under,666,293,373
E01002149,On foot,12,13,-1
E01002149,Other method of travel to work,5,3,2
E01002149,Passenger in a car or van,8,16,-8
E01002149,Taxi,0,4,-4
E01002149,Train,13,42,-29
E01002149,"Underground, metro, light rail, tram",46,156,-110
E01002149,Work mainly at or from home,369,78,291
E01002150,Bicycle,3,2,1
E01002150,"Bus, minibus or coach",62,62,0
E01002150,Driving a car or van,315,404,-89
E01002150,"Motorcycle, scooter or moped",6,7,-1
E01002150,Not in employment or aged 15 years and under,1390,413,977
E01002150,On foot,45,75,-30
E01002150,Other method of travel to work,10,4,6
E01002150,Passenger in a car or van,15,24,-9
E01002150,Taxi,2,0,2
E01002150,Train,48,107,-59
E01002150,"Underground, metro, light rail, tram",104,162,-58
E01002150,Work mainly at or from home,404,45,359
E01002151,Bicycle,5,12,-7
E01002151,"Bus, minibus or coach",58,56,2
E01002151,Driving a car or van,231,260,-29
E01002151,"Motorcycle, scooter or moped",0,6,-6
E01002151,Not in employment or aged 15 years and under,915,462,453
E01002151,On foot,27,39,-12
E01002151,Other method of travel to work,10,1,9
E01002151,Passenger in a car or van,21,23,-2
E01002151,Taxi,6,2,4
E01002151,Train,33,46,-13
E01002151,"Underground, metro, light rail, tram",57,91,-34
E01002151,Work mainly at or from home,202,10,192
E01002152,Bicycle,3,3,0
E01002152,"Bus, minibus or coach",29,33,-4
E01002152,Driving a car or van,237,391,-154
E01002152,"Motorcycle, scooter or moped",5,8,-3
E01002152,Not in employment or aged 15 years and under,851,333,518
E01002152,On foot,12,24,-12
E01002152,Other method of travel to work,6,3,3
E01002152,Passenger in a car or van,5,21,-16
E01002152,Taxi,6,0,6
E01002152,Train,19,57,-38
E01002152,"Underground, metro, light rail, tram",66,208,-142
E01002152,Work mainly at or from home,377,91,286
E01002153,Bicycle,2,3,-1
E01002153,"Bus, minibus or coach",26,31,-5
E01002153,Driving a car or van,251,325,-74
E01002153,"Motorcycle, scooter or moped",3,3,0
E01002153,Not in employment or aged 15 years and under,1007,454,553
E01002153,On foot,29,50,-21
E01002153,Other method of travel to work,8,4,4
E01002153,Passenger in a car or van,21,19,2
E01002153,Taxi,1,4,-3
E01002153,Train,22,36,-14
E01002153,"Underground, metro, light rail, tram",103,271,-168
E01002153,Work mainly at or from home,402,71,331
E01002155,Bicycle,4,13,-9
E01002155,"Bus, minibus or coach",10,25,-15
E01002155,Driving a car or van,216,398,-182
E01002155,"Motorcycle, scooter or moped",3,3,0
E01002155,Not in employment or aged 15 years and under,887,380,507
E01002155,On foot,34,37,-3
E01002155,Other method of travel to work,8,4,4
E01002155,Passenger in a car or van,14,16,-2
E01002155,Taxi,6,3,3
E01002155,Train,22,42,-20
E01002155,"Underground, metro, light rail, tram",86,210,-124
E01002155,Work mainly at or from home,438,52,386
E01002156,Bicycle,7,10,-3
E01002156,"Bus, minibus or coach",13,37,-24
E01002156,Driving a car or van,261,403,-142
E01002156,"Motorcycle, scooter or moped",2,4,-2
E01002156,Not in employment or aged 15 years and under,782,371,411
E01002156,On foot,28,37,-9
E01002156,Other method of travel to work,7,2,5
E01002156,Passenger in a car or van,11,11,0
E01002156,Taxi,2,2,0
E01002156,Train,19,36,-17
E01002156,"Underground, metro, light rail, tram",50,182,-132
E01002156,Work mainly at or from home,390,47,343
E01002157,Bicycle,5,4,1
E01002157,"Bus, minibus or coach",48,66,-18
E01002157,Driving a car or van,210,327,-117
E01002157,"Motorcycle, scooter or moped",5,2,3
E01002157,Not in employment or aged 15 years and under,845,431,414
E01002157,On foot,35,51,-16
E01002157,Other method of travel to work,8,5,3
E01002157,Passenger in a car or van,19,16,3
E01002157,Taxi,1,1,0
E01002157,Train,37,63,-26
E01002157,"Underground, metro, light rail, tram",107,268,-161
E01002157,Work mainly at or from home,378,65,313
E01002158,Bicycle,9,11,-2
E01002158,"Bus, minibus or coach",12,36,-24
E01002158,Driving a car or van,191,381,-190
E01002158,"Motorcycle, scooter or moped",3,1,2
E01002158,Not in employment or aged 15 years and under,688,306,382
E01002158,On foot,29,34,-5
E01002158,Other method of travel to work,4,3,1
E01002158,Passenger in a car or van,10,13,-3
E01002158,Taxi,3,3,0
E01002158,Train,19,33,-14
E01002158,"Underground, metro, light rail, tram",81,208,-127
E01002158,Work mainly at or from home,355,47,308
E01002159,Bicycle,13,13,0
E01002159,"Bus, minibus or coach",57,42,15
E01002159,Driving a car or van,280,343,-63
E01002159,"Motorcycle, scooter or moped",5,3,2
E01002159,Not in employment or aged 15 years and under,940,488,452
E01002159,On foot,43,79,-36
E01002159,Other method of travel to work,11,3,8
E01002159,Passenger in a car or van,25,24,1
E01002159,Taxi,5,1,4
E01002159,Train,34,54,-20
E01002159,"Underground, metro, light rail, tram",104,299,-195
E01002159,Work mainly at or from home,415,58,357
E01002160,Bicycle,13,11,2
E01002160,"Bus, minibus or coach",100,139,-39
E01002160,Driving a car or van,281,316,-35
E01002160,"Motorcycle, scooter or moped",3,4,-1
E01002160,Not in employment or aged 15 years and under,1189,433,756
E01002160,On foot,83,108,-25
E01002160,Other method of travel to work,9,14,-5
E01002160,Passenger in a car or van,34,16,18
E01002160,Taxi,4,0,4
E01002160,Train,57,81,-24
E01002160,"Underground, metro, light rail, tram",201,326,-125
E01002160,Work mainly at or from home,498,41,457
E01002161,Bicycle,6,12,-6
E01002161,"Bus, minibus or coach",74,63,11
E01002161,Driving a car or van,293,382,-89
E01002161,"Motorcycle, scooter or moped",8,9,-1
E01002161,Not in employment or aged 15 years and under,1034,504,530
E01002161,On foot,34,52,-18
E01002161,Other method of travel to work,6,5,1
E01002161,Passenger in a car or van,18,20,-2
E01002161,Taxi,5,1,4
E01002161,Train,35,64,-29
E01002161,"Underground, metro, light rail, tram",146,327,-181
E01002161,Work mainly at or from home,398,47,351
E01002162,Bicycle,12,15,-3
E01002162,"Bus, minibus or coach",67,57,10
E01002162,Driving a car or van,310,398,-88
E01002162,"Motorcycle, scooter or moped",7,8,-1
E01002162,Not in employment or aged 15 years and under,1022,456,566
E01002162,On foot,57,57,0
E01002162,Other method of travel to work,8,3,5
E01002162,Passenger in a car or van,24,20,4
E01002162,Taxi,2,2,0
E01002162,Train,35,82,-47
E01002162,"Underground, metro, light rail, tram",77,205,-128
E01002162,Work mainly at or from home,301,40,261
E01002163,Bicycle,8,9,-1
E01002163,"Bus, minibus or coach",19,45,-26
E01002163,Driving a car or van,251,356,-105
E01002163,"Motorcycle, scooter or moped",4,7,-3
E01002163,Not in employment or aged 15 years and under,822,446,376
E01002163,On foot,27,43,-16
E01002163,Other method of travel to work,12,5,7
E01002163,Passenger in a car or van,19,35,-16
E01002163,Taxi,0,1,-1
E01002163,Train,29,41,-12
E01002163,"Underground, metro, light rail, tram",91,173,-82
E01002163,Work mainly at or from home,371,57,314
E01002164,Bicycle,6,18,-12
E01002164,"Bus, minibus or coach",63,50,13
E01002164,Driving a car or van,227,313,-86
E01002164,"Motorcycle, scooter or moped",4,9,-5
E01002164,Not in employment or aged 15 years and under,955,382,573
E01002164,On foot,57,80,-23
E01002164,Other method of travel to work,5,1,4
E01002164,Passenger in a car or van,11,12,-1
E01002164,Taxi,2,5,-3
E01002164,Train,34,70,-36
E01002164,"Underground, metro, light rail, tram",143,329,-186
E01002164,Work mainly at or from home,419,46,373
E01002165,Bicycle,5,1,4
E01002165,"Bus, minibus or coach",98,136,-38
E01002165,Driving a car or van,267,319,-52
E01002165,"Motorcycle, scooter or moped",4,0,4
E01002165,Not in employment or aged 15 years and under,851,445,406
E01002165,On foot,65,53,12
E01002165,Other method of travel to work,14,6,8
E01002165,Passenger in a car or van,63,33,30
E01002165,Taxi,1,1,0
E01002165,Train,51,78,-27
E01002165,"Underground, metro, light rail, tram",156,222,-66
E01002165,Work mainly at or from home,191,23,168
E01002166,Bicycle,3,1,2
E01002166,"Bus, minibus or coach",74,103,-29
E01002166,Driving a car or van,301,361,-60
E01002166,"Motorcycle, scooter or moped",2,1,1
E01002166,Not in employment or aged 15 years and under,860,454,406
E01002166,On foot,37,58,-21
E01002166,Other method of travel to work,12,3,9
E01002166,Passenger in a car or van,35,25,10
E01002166,Taxi,7,1,6
E01002166,Train,39,48,-9
E01002166,"Underground, metro, light rail, tram",127,177,-50
E01002166,Work mainly at or from home,208,29,179
E01002167,Bicycle,4,2,2
E01002167,"Bus, minibus or coach",69,86,-17
E01002167,Driving a car or van,308,338,-30
E01002167,"Motorcycle, scooter or moped",7,7,0
E01002167,Not in employment or aged 15 years and under,788,423,365
E01002167,On foot,48,48,0
E01002167,Other method of travel to work,11,7,4
E01002167,Passenger in a car or van,35,38,-3
E01002167,Taxi,2,0,2
E01002167,Train,34,71,-37
E01002167,"Underground, metro, light rail, tram",108,178,-70
E01002167,Work mainly at or from home,192,28,164
E01002168,Bicycle,6,0,6
E01002168,"Bus, minibus or coach",70,81,-11
E01002168,Driving a car or van,269,317,-48
E01002168,"Motorcycle, scooter or moped",3,2,1
E01002168,Not in employment or aged 15 years and under,825,428,397
E01002168,On foot,45,48,-3
E01002168,Other method of travel to work,13,3,10
E01002168,Passenger in a car or van,22,23,-1
E01002168,Taxi,9,1,8
E01002168,Train,38,47,-9
E01002168,"Underground, metro, light rail, tram",81,115,-34
E01002168,Work mainly at or from home,167,17,150
E01002169,Bicycle,4,1,3
E01002169,"Bus, minibus or coach",64,91,-27
E01002169,Driving a car or van,255,313,-58
E01002169,"Motorcycle, scooter or moped",3,2,1
E01002169,Not in employment or aged 15 years and under,887,474,413
E01002169,On foot,32,38,-6
E01002169,Other method of travel to work,16,5,11
E01002169,Passenger in a car or van,31,39,-8
E01002169,Taxi,1,1,0
E01002169,Train,46,57,-11
E01002169,"Underground, metro, light rail, tram",131,205,-74
E01002169,Work mainly at or from home,192,22,170
E01002170,Bicycle,7,5,2
E01002170,"Bus, minibus or coach",45,60,-15
E01002170,Driving a car or van,237,293,-56
E01002170,"Motorcycle, scooter or moped",5,3,2
E01002170,Not in employment or aged 15 years and under,702,373,329
E01002170,On foot,29,19,10
E01002170,Other method of travel to work,9,1,8
E01002170,Passenger in a car or van,14,27,-13
E01002170,Taxi,5,1,4
E01002170,Train,25,55,-30
E01002170,"Underground, metro, light rail, tram",93,140,-47
E01002170,Work mainly at or from home,199,19,180
E01002171,Bicycle,6,3,3
E01002171,"Bus, minibus or coach",79,91,-12
E01002171,Driving a car or van,307,366,-59
E01002171,"Motorcycle, scooter or moped",4,4,0
E01002171,Not in employment or aged 15 years and under,890,449,441
E01002171,On foot,36,57,-21
E01002171,Other method of travel to work,17,8,9
E01002171,Passenger in a car or van,42,31,11
E01002171,Taxi,3,2,1
E01002171,Train,33,46,-13
E01002171,"Underground, metro, light rail, tram",105,195,-90
E01002171,Work mainly at or from home,185,30,155
E01002172,Bicycle,3,6,-3
E01002172,"Bus, minibus or coach",52,62,-10
E01002172,Driving a car or van,294,362,-68
E01002172,"Motorcycle, scooter or moped",3,6,-3
E01002172,Not in employment or aged 15 years and under,846,386,460
E01002172,On foot,55,66,-11
E01002172,Other method of travel to work,12,4,8
E01002172,Passenger in a car or van,18,24,-6
E01002172,Taxi,2,1,1
E01002172,Train,33,80,-47
E01002172,"Underground, metro, light rail, tram",82,133,-51
E01002172,Work mainly at or from home,212,26,186
E01002173,Bicycle,5,4,1
E01002173,"Bus, minibus or coach",42,78,-36
E01002173,Driving a car or van,395,429,-34
E01002173,"Motorcycle, scooter or moped",6,10,-4
E01002173,Not in employment or aged 15 years and under,943,455,488
E01002173,On foot,54,66,-12
E01002173,Other method of travel to work,4,3,1
E01002173,Passenger in a car or van,32,27,5
E01002173,Taxi,2,1,1
E01002173,Train,39,51,-12
E01002173,"Underground, metro, light rail, tram",111,195,-84
E01002173,Work mainly at or from home,280,40,240
E01002174,Bicycle,2,3,-1
E01002174,"Bus, minibus or coach",47,67,-20
E01002174,Driving a car or van,254,379,-125
E01002174,"Motorcycle, scooter or moped",1,2,-1
E01002174,Not in employment or aged 15 years and under,816,382,434
E01002174,On foot,26,31,-5
E01002174,Other method of travel to work,8,4,4
E01002174,Passenger in a car or van,21,32,-11
E01002174,Taxi,1,6,-5
E01002174,Train,30,49,-19
E01002174,"Underground, metro, light rail, tram",95,202,-107
E01002174,Work mainly at or from home,271,35,236
E01002175,Bicycle,4,8,-4
E01002175,"Bus, minibus or coach",47,81,-34
E01002175,Driving a car or van,215,337,-122
E01002175,"Motorcycle, scooter or moped",0,1,-1
E01002175,Not in employment or aged 15 years and under,751,363,388
E01002175,On foot,27,30,-3
E01002175,Other method of travel to work,11,5,6
E01002175,Passenger in a car or van,28,22,6
E01002175,Taxi,0,2,-2
E01002175,Train,35,50,-15
E01002175,"Underground, metro, light rail, tram",85,190,-105
E01002175,Work mainly at or from home,220,29,191
E01002176,Bicycle,5,5,0
E01002176,"Bus, minibus or coach",59,91,-32
E01002176,Driving a car or van,248,327,-79
E01002176,"Motorcycle, scooter or moped",5,5,0
E01002176,Not in employment or aged 15 years and under,824,444,380
E01002176,On foot,59,70,-11
E01002176,Other method of travel to work,10,6,4
E01002176,Passenger in a car or van,24,20,4
E01002176,Taxi,3,6,-3
E01002176,Train,43,73,-30
E01002176,"Underground, metro, light rail, tram",132,264,-132
E01002176,Work mainly at or from home,285,49,236
E01002177,Bicycle,3,1,2
E01002177,"Bus, minibus or coach",32,80,-48
E01002177,Driving a car or van,278,322,-44
E01002177,"Motorcycle, scooter or moped",7,5,2
E01002177,Not in employment or aged 15 years and under,706,397,309
E01002177,On foot,33,47,-14
E01002177,Other method of travel to work,12,3,9
E01002177,Passenger in a car or van,29,20,9
E01002177,Taxi,5,3,2
E01002177,Train,36,43,-7
E01002177,"Underground, metro, light rail, tram",86,124,-38
E01002177,Work mainly at or from home,248,24,224
E01002178,Bicycle,3,2,1
E01002178,"Bus, minibus or coach",36,51,-15
E01002178,Driving a car or van,322,428,-106
E01002178,"Motorcycle, scooter or moped",2,8,-6
E01002178,Not in employment or aged 15 years and under,816,413,403
E01002178,On foot,38,50,-12
E01002178,Other method of travel to work,13,1,12
E01002178,Passenger in a car or van,21,24,-3
E01002178,Taxi,3,3,0
E01002178,Train,24,53,-29
E01002178,"Underground, metro, light rail, tram",73,174,-101
E01002178,Work mainly at or from home,292,18,274
E01002179,Bicycle,12,14,-2
E01002179,"Bus, minibus or coach",128,131,-3
E01002179,Driving a car or van,267,321,-54
E01002179,"Motorcycle, scooter or moped",10,19,-9
E01002179,Not in employment or aged 15 years and under,1400,638,762
E01002179,On foot,71,87,-16
E01002179,Other method of travel to work,18,1,17
E01002179,Passenger in a car or van,36,21,15
E01002179,Taxi,2,2,0
E01002179,Train,99,186,-87
E01002179,"Underground, metro, light rail, tram",244,233,11
E01002179,Work mainly at or from home,349,39,310
E01002181,Bicycle,15,11,4
E01002181,"Bus, minibus or coach",76,90,-14
E01002181,Driving a car or van,276,335,-59
E01002181,"Motorcycle, scooter or moped",3,9,-6
E01002181,Not in employment or aged 15 years and under,1092,430,662
E01002181,On foot,68,97,-29
E01002181,Other method of travel to work,9,2,7
E01002181,Passenger in a car or van,26,27,-1
E01002181,Taxi,6,4,2
E01002181,Train,64,97,-33
E01002181,"Underground, metro, light rail, tram",208,269,-61
E01002181,Work mainly at or from home,499,42,457
E01002182,Bicycle,7,11,-4
E01002182,"Bus, minibus or coach",85,87,-2
E01002182,Driving a car or van,218,302,-84
E01002182,"Motorcycle, scooter or moped",5,6,-1
E01002182,Not in employment or aged 15 years and under,1103,539,564
E01002182,On foot,81,151,-70
E01002182,Other method of travel to work,17,1,16
E01002182,Passenger in a car or van,17,13,4
E01002182,Taxi,3,2,1
E01002182,Train,44,134,-90
E01002182,"Underground, metro, light rail, tram",170,265,-95
E01002182,Work mainly at or from home,392,47,345
E01002183,Bicycle,4,7,-3
E01002183,"Bus, minibus or coach",89,131,-42
E01002183,Driving a car or van,285,397,-112
E01002183,"Motorcycle, scooter or moped",4,3,1
E01002183,Not in employment or aged 15 years and under,1190,564,626
E01002183,On foot,60,71,-11
E01002183,Other method of travel to work,16,4,12
E01002183,Passenger in a car or van,36,37,-1
E01002183,Taxi,5,6,-1
E01002183,Train,58,113,-55
E01002183,"Underground, metro, light rail, tram",125,194,-69
E01002183,Work mainly at or from home,237,30,207
E01002184,Bicycle,7,11,-4
E01002184,"Bus, minibus or coach",83,99,-16
E01002184,Driving a car or van,332,369,-37
E01002184,"Motorcycle, scooter or moped",1,14,-13
E01002184,Not in employment or aged 15 years and under,1036,484,552
E01002184,On foot,61,74,-13
E01002184,Other method of travel to work,9,1,8
E01002184,Passenger in a car or van,36,26,10
E01002184,Taxi,6,3,3
E01002184,Train,51,111,-60
E01002184,"Underground, metro, light rail, tram",86,155,-69
E01002184,Work mainly at or from home,217,26,191
E01002185,Bicycle,6,8,-2
E01002185,"Bus, minibus or coach",73,77,-4
E01002185,Driving a car or van,284,366,-82
E01002185,"Motorcycle, scooter or moped",5,4,1
E01002185,Not in employment or aged 15 years and under,1006,531,475
E01002185,On foot,38,36,2
E01002185,Other method of travel to work,11,4,7
E01002185,Passenger in a car or van,18,23,-5
E01002185,Taxi,5,2,3
E01002185,Train,23,39,-16
E01002185,"Underground, metro, light rail, tram",75,189,-114
E01002185,Work mainly at or from home,305,46,259
E01002186,Bicycle,4,8,-4
E01002186,"Bus, minibus or coach",67,56,11
E01002186,Driving a car or van,240,263,-23
E01002186,"Motorcycle, scooter or moped",3,6,-3
E01002186,Not in employment or aged 15 years and under,1049,348,701
E01002186,On foot,42,27,15
E01002186,Other method of travel to work,9,3,6
E01002186,Passenger in a car or van,9,13,-4
E01002186,Taxi,6,1,5
E01002186,Train,20,38,-18
E01002186,"Underground, metro, light rail, tram",118,195,-77
E01002186,Work mainly at or from home,372,41,331
E01002187,Bicycle,2,3,-1
E01002187,"Bus, minibus or coach",32,47,-15
E01002187,Driving a car or van,229,349,-120
E01002187,"Motorcycle, scooter or moped",2,5,-3
E01002187,Not in employment or aged 15 years and under,1104,497,607
E01002187,On foot,33,33,0
E01002187,Other method of travel to work,9,7,2
E01002187,Passenger in a car or van,18,17,1
E01002187,Taxi,10,4,6
E01002187,Train,20,48,-28
E01002187,"Underground, metro, light rail, tram",65,244,-179
E01002187,Work mainly at or from home,461,84,377
E01002188,Bicycle,3,9,-6
E01002188,"Bus, minibus or coach",10,11,-1
E01002188,Driving a car or van,170,318,-148
E01002188,"Motorcycle, scooter or moped",2,3,-1
E01002188,Not in employment or aged 15 years and under,869,342,527
E01002188,On foot,21,50,-29
E01002188,Other method of travel to work,4,6,-2
E01002188,Passenger in a car or van,9,14,-5
E01002188,Taxi,2,1,1
E01002188,Train,12,22,-10
E01002188,"Underground, metro, light rail, tram",51,253,-202
E01002188,Work mainly at or from home,455,92,363
E01002189,Bicycle,8,10,-2
E01002189,"Bus, minibus or coach",24,33,-9
E01002189,Driving a car or van,160,325,-165
E01002189,"Motorcycle, scooter or moped",3,6,-3
E01002189,Not in employment or aged 15 years and under,892,372,520
E01002189,On foot,40,68,-28
E01002189,Other method of travel to work,10,0,10
E01002189,Passenger in a car or van,5,15,-10
E01002189,Taxi,3,7,-4
E01002189,Train,18,30,-12
E01002189,"Underground, metro, light rail, tram",98,256,-158
E01002189,Work mainly at or from home,484,82,402
E01002190,Bicycle,5,3,2
E01002190,"Bus, minibus or coach",16,25,-9
E01002190,Driving a car or van,250,411,-161
E01002190,"Motorcycle, scooter or moped",0,2,-2
E01002190,Not in employment or aged 15 years and under,916,410,506
E01002190,On foot,13,26,-13
E01002190,Other method of travel to work,4,5,-1
E01002190,Passenger in a car or van,5,21,-16
E01002190,Taxi,2,2,0
E01002190,Train,13,36,-23
E01002190,"Underground, metro, light rail, tram",58,189,-131
E01002190,Work mainly at or from home,426,74,352
E01002191,Bicycle,1,5,-4
E01002191,"Bus, minibus or coach",30,41,-11
E01002191,Driving a car or van,335,482,-147
E01002191,"Motorcycle, scooter or moped",0,8,-8
E01002191,Not in employment or aged 15 years and under,986,465,521
E01002191,On foot,22,30,-8
E01002191,Other method of travel to work,13,7,6
E01002191,Passenger in a car or van,12,19,-7
E01002191,Taxi,3,5,-2
E01002191,Train,16,31,-15
E01002191,"Underground, metro, light rail, tram",133,272,-139
E01002191,Work mainly at or from home,468,49,419
E01002192,Bicycle,4,5,-1
E01002192,"Bus, minibus or coach",27,27,0
E01002192,Driving a car or van,190,293,-103
E01002192,"Motorcycle, scooter or moped",1,2,-1
E01002192,Not in employment or aged 15 years and under,923,327,596
E01002192,On foot,18,33,-15
E01002192,Other method of travel to work,3,3,0
E01002192,Passenger in a car or van,10,15,-5
E01002192,Taxi,1,0,1
E01002192,Train,11,23,-12
E01002192,"Underground, metro, light rail, tram",75,239,-164
E01002192,Work mainly at or from home,414,71,343
E01002193,Bicycle,8,10,-2
E01002193,"Bus, minibus or coach",49,54,-5
E01002193,Driving a car or van,206,349,-143
E01002193,"Motorcycle, scooter or moped",2,4,-2
E01002193,Not in employment or aged 15 years and under,1154,365,789
E01002193,On foot,28,54,-26
E01002193,Other method of travel to work,6,6,0
E01002193,Passenger in a car or van,16,21,-5
E01002193,Taxi,0,3,-3
E01002193,Train,16,35,-19
E01002193,"Underground, metro, light rail, tram",102,292,-190
E01002193,Work mainly at or from home,451,61,390
E01002194,Bicycle,2,5,-3
E01002194,"Bus, minibus or coach",9,22,-13
E01002194,Driving a car or van,215,375,-160
E01002194,"Motorcycle, scooter or moped",5,3,2
E01002194,Not in employment or aged 15 years and under,970,393,577
E01002194,On foot,27,37,-10
E01002194,Other method of travel to work,4,4,0
E01002194,Passenger in a car or van,2,12,-10
E01002194,Taxi,0,3,-3
E01002194,Train,14,30,-16
E01002194,"Underground, metro, light rail, tram",89,253,-164
E01002194,Work mainly at or from home,503,86,417
E01002195,Bicycle,4,8,-4
E01002195,"Bus, minibus or coach",26,30,-4
E01002195,Driving a car or van,247,375,-128
E01002195,"Motorcycle, scooter or moped",6,0,6
E01002195,Not in employment or aged 15 years and under,864,385,479
E01002195,On foot,23,36,-13
E01002195,Other method of travel to work,1,3,-2
E01002195,Passenger in a car or van,18,16,2
E01002195,Taxi,3,2,1
E01002195,Train,12,33,-21
E01002195,"Underground, metro, light rail, tram",64,215,-151
E01002195,Work mainly at or from home,394,49,345
E01002196,Bicycle,9,13,-4
E01002196,"Bus, minibus or coach",17,28,-11
E01002196,Driving a car or van,230,448,-218
E01002196,"Motorcycle, scooter or moped",1,5,-4
E01002196,Not in employment or aged 15 years and under,961,377,584
E01002196,On foot,26,36,-10
E01002196,Other method of travel to work,2,3,-1
E01002196,Passenger in a car or van,7,24,-17
E01002196,Taxi,2,1,1
E01002196,Train,15,41,-26
E01002196,"Underground, metro, light rail, tram",70,237,-167
E01002196,Work mainly at or from home,487,75,412
E01002197,Bicycle,1,3,-2
E01002197,"Bus, minibus or coach",42,62,-20
E01002197,Driving a car or van,253,304,-51
E01002197,"Motorcycle, scooter or moped",5,2,3
E01002197,Not in employment or aged 15 years and under,748,346,402
E01002197,On foot,30,40,-10
E01002197,Other method of travel to work,10,3,7
E01002197,Passenger in a car or van,17,34,-17
E01002197,Taxi,0,4,-4
E01002197,Train,22,38,-16
E01002197,"Underground, metro, light rail, tram",60,131,-71
E01002197,Work mainly at or from home,221,23,198
E01002198,Bicycle,4,2,2
E01002198,"Bus, minibus or coach",69,108,-39
E01002198,Driving a car or van,327,331,-4
E01002198,"Motorcycle, scooter or moped",3,3,0
E01002198,Not in employment or aged 15 years and under,836,466,370
E01002198,On foot,57,49,8
E01002198,Other method of travel to work,19,6,13
E01002198,Passenger in a car or van,41,30,11
E01002198,Taxi,3,1,2
E01002198,Train,64,96,-32
E01002198,"Underground, metro, light rail, tram",186,244,-58
E01002198,Work mainly at or from home,211,25,186
E01002199,Bicycle,1,1,0
E01002199,"Bus, minibus or coach",54,78,-24
E01002199,Driving a car or van,279,357,-78
E01002199,"Motorcycle, scooter or moped",4,4,0
E01002199,Not in employment or aged 15 years and under,816,412,404
E01002199,On foot,30,29,1
E01002199,Other method of travel to work,6,4,2
E01002199,Passenger in a car or van,32,24,8
E01002199,Taxi,2,1,1
E01002199,Train,19,44,-25
E01002199,"Underground, metro, light rail, tram",85,152,-67
E01002199,Work mainly at or from home,243,25,218
E01002200,Bicycle,8,4,4
E01002200,"Bus, minibus or coach",102,96,6
E01002200,Driving a car or van,377,320,57
E01002200,"Motorcycle, scooter or moped",5,0,5
E01002200,Not in employment or aged 15 years and under,1148,489,659
E01002200,On foot,40,34,6
E01002200,Other method of travel to work,25,6,19
E01002200,Passenger in a car or van,55,32,23
E01002200,Taxi,1,0,1
E01002200,Train,57,51,6
E01002200,"Underground, metro, light rail, tram",174,224,-50
E01002200,Work mainly at or from home,214,22,192
E01002201,Bicycle,1,3,-2
E01002201,"Bus, minibus or coach",54,90,-36
E01002201,Driving a car or van,311,396,-85
E01002201,"Motorcycle, scooter or moped",0,5,-5
E01002201,Not in employment or aged 15 years and under,837,459,378
E01002201,On foot,33,41,-8
E01002201,Other method of travel to work,12,4,8
E01002201,Passenger in a car or van,42,27,15
E01002201,Taxi,3,1,2
E01002201,Train,29,44,-15
E01002201,"Underground, metro, light rail, tram",105,207,-102
E01002201,Work mainly at or from home,287,39,248
E01002202,Bicycle,12,5,7
E01002202,"Bus, minibus or coach",109,128,-19
E01002202,Driving a car or van,318,336,-18
E01002202,"Motorcycle, scooter or moped",3,1,2
E01002202,Not in employment or aged 15 years and under,1229,592,637
E01002202,On foot,66,56,10
E01002202,Other method of travel to work,16,4,12
E01002202,Passenger in a car or van,35,21,14
E01002202,Taxi,0,3,-3
E01002202,Train,44,60,-16
E01002202,"Underground, metro, light rail, tram",206,249,-43
E01002202,Work mainly at or from home,160,21,139
E01002203,Bicycle,5,7,-2
E01002203,"Bus, minibus or coach",75,82,-7
E01002203,Driving a car or van,307,377,-70
E01002203,"Motorcycle, scooter or moped",10,4,6
E01002203,Not in employment or aged 15 years and under,902,450,452
E01002203,On foot,46,35,11
E01002203,Other method of travel to work,13,6,7
E01002203,Passenger in a car or van,29,22,7
E01002203,Taxi,4,4,0
E01002203,Train,35,46,-11
E01002203,"Underground, metro, light rail, tram",149,207,-58
E01002203,Work mainly at or from home,238,28,210
E01002204,Bicycle,5,7,-2
E01002204,"Bus, minibus or coach",57,75,-18
E01002204,Driving a car or van,251,284,-33
E01002204,"Motorcycle, scooter or moped",7,3,4
E01002204,Not in employment or aged 15 years and under,981,452,529
E01002204,On foot,38,51,-13
E01002204,Other method of travel to work,11,3,8
E01002204,Passenger in a car or van,25,18,7
E01002204,Taxi,8,2,6
E01002204,Train,54,75,-21
E01002204,"Underground, metro, light rail, tram",169,275,-106
E01002204,Work mainly at or from home,272,30,242
E01002206,Bicycle,0,2,-2
E01002206,"Bus, minibus or coach",44,47,-3
E01002206,Driving a car or van,220,285,-65
E01002206,"Motorcycle, scooter or moped",2,2,0
E01002206,Not in employment or aged 15 years and under,712,342,370
E01002206,On foot,30,38,-8
E01002206,Other method of travel to work,8,1,7
E01002206,Passenger in a car or van,19,20,-1
E01002206,Taxi,3,1,2
E01002206,Train,28,21,7
E01002206,"Underground, metro, light rail, tram",103,216,-113
E01002206,Work mainly at or from home,218,33,185
E01002207,Bicycle,7,6,1
E01002207,"Bus, minibus or coach",61,64,-3
E01002207,Driving a car or van,359,421,-62
E01002207,"Motorcycle, scooter or moped",0,5,-5
E01002207,Not in employment or aged 15 years and under,920,438,482
E01002207,On foot,33,35,-2
E01002207,Other method of travel to work,8,5,3
E01002207,Passenger in a car or van,22,16,6
E01002207,Taxi,3,0,3
E01002207,Train,14,54,-40
E01002207,"Underground, metro, light rail, tram",90,173,-83
E01002207,Work mainly at or from home,259,22,237
E01002208,Bicycle,3,10,-7
E01002208,"Bus, minibus or coach",8,17,-9
E01002208,Driving a car or van,178,291,-113
E01002208,"Motorcycle, scooter or moped",3,5,-2
E01002208,Not in employment or aged 15 years and under,713,338,375
E01002208,On foot,8,32,-24
E01002208,Other method of travel to work,5,4,1
E01002208,Passenger in a car or van,10,9,1
E01002208,Taxi,3,2,1
E01002208,Train,18,21,-3
E01002208,"Underground, metro, light rail, tram",73,180,-107
E01002208,Work mainly at or from home,335,50,285
E01002209,Bicycle,3,6,-3
E01002209,"Bus, minibus or coach",47,42,5
E01002209,Driving a car or van,245,313,-68
E01002209,"Motorcycle, scooter or moped",4,6,-2
E01002209,Not in employment or aged 15 years and under,915,401,514
E01002209,On foot,30,53,-23
E01002209,Other method of travel to work,12,3,9
E01002209,Passenger in a car or van,21,14,7
E01002209,Taxi,3,2,1
E01002209,Train,33,46,-13
E01002209,"Underground, metro, light rail, tram",157,296,-139
E01002209,Work mainly at or from home,390,35,355
E01002210,Bicycle,1,3,-2
E01002210,"Bus, minibus or coach",24,42,-18
E01002210,Driving a car or van,229,327,-98
E01002210,"Motorcycle, scooter or moped",1,3,-2
E01002210,Not in employment or aged 15 years and under,771,394,377
E01002210,On foot,34,47,-13
E01002210,Other method of travel to work,4,1,3
E01002210,Passenger in a car or van,23,16,7
E01002210,Taxi,1,6,-5
E01002210,Train,30,46,-16
E01002210,"Underground, metro, light rail, tram",95,267,-172
E01002210,Work mainly at or from home,336,31,305
E01002211,Bicycle,12,6,6
E01002211,"Bus, minibus or coach",74,99,-25
E01002211,Driving a car or van,263,285,-22
E01002211,"Motorcycle, scooter or moped",4,4,0
E01002211,Not in employment or aged 15 years and under,784,480,304
E01002211,On foot,38,31,7
E01002211,Other method of travel to work,5,0,5
E01002211,Passenger in a car or van,16,14,2
E01002211,Taxi,3,8,-5
E01002211,Train,29,31,-2
E01002211,"Underground, metro, light rail, tram",92,156,-64
E01002211,Work mainly at or from home,165,18,147
E01002212,Bicycle,8,4,4
E01002212,"Bus, minibus or coach",86,113,-27
E01002212,Driving a car or van,299,331,-32
E01002212,"Motorcycle, scooter or moped",2,4,-2
E01002212,Not in employment or aged 15 years and under,1062,458,604
E01002212,On foot,41,47,-6
E01002212,Other method of travel to work,22,2,20
E01002212,Passenger in a car or van,19,6,13
E01002212,Taxi,3,3,0
E01002212,Train,50,56,-6
E01002212,"Underground, metro, light rail, tram",88,206,-118
E01002212,Work mainly at or from home,208,26,182
E01002214,Bicycle,8,6,2
E01002214,"Bus, minibus or coach",64,102,-38
E01002214,Driving a car or van,335,396,-61
E01002214,"Motorcycle, scooter or moped",5,5,0
E01002214,Not in employment or aged 15 years and under,1103,504,599
E01002214,On foot,35,33,2
E01002214,Other method of travel to work,11,6,5
E01002214,Passenger in a car or van,27,12,15
E01002214,Taxi,1,5,-4
E01002214,Train,34,44,-10
E01002214,"Underground, metro, light rail, tram",64,156,-92
E01002214,Work mainly at or from home,221,29,192
E01002215,Bicycle,14,2,12
E01002215,"Bus, minibus or coach",76,89,-13
E01002215,Driving a car or van,279,272,7
E01002215,"Motorcycle, scooter or moped",10,1,9
E01002215,Not in employment or aged 15 years and under,1015,475,540
E01002215,On foot,48,52,-4
E01002215,Other method of travel to work,6,0,6
E01002215,Passenger in a car or van,30,17,13
E01002215,Taxi,3,3,0
E01002215,Train,19,38,-19
E01002215,"Underground, metro, light rail, tram",82,124,-42
E01002215,Work mainly at or from home,158,14,144
E01002216,Bicycle,4,4,0
E01002216,"Bus, minibus or coach",47,54,-7
E01002216,Driving a car or van,280,365,-85
E01002216,"Motorcycle, scooter or moped",0,9,-9
E01002216,Not in employment or aged 15 years and under,937,419,518
E01002216,On foot,20,45,-25
E01002216,Other method of travel to work,10,9,1
E01002216,Passenger in a car or van,17,17,0
E01002216,Taxi,3,3,0
E01002216,Train,21,42,-21
E01002216,"Underground, metro, light rail, tram",70,182,-112
E01002216,Work mainly at or from home,315,29,286
E01002217,Bicycle,6,9,-3
E01002217,"Bus, minibus or coach",89,89,0
E01002217,Driving a car or van,281,213,68
E01002217,"Motorcycle, scooter or moped",7,2,5
E01002217,Not in employment or aged 15 years and under,1171,487,684
E01002217,On foot,52,36,16
E01002217,Other method of travel to work,9,2,7
E01002217,Passenger in a car or van,20,11,9
E01002217,Taxi,8,3,5
E01002217,Train,51,55,-4
E01002217,"Underground, metro, light rail, tram",144,134,10
E01002217,Work mainly at or from home,368,11,357
E01002218,Bicycle,6,8,-2
E01002218,"Bus, minibus or coach",99,91,8
E01002218,Driving a car or van,273,316,-43
E01002218,"Motorcycle, scooter or moped",7,2,5
E01002218,Not in employment or aged 15 years and under,947,406,541
E01002218,On foot,45,40,5
E01002218,Other method of travel to work,13,1,12
E01002218,Passenger in a car or van,17,18,-1
E01002218,Taxi,3,3,0
E01002218,Train,28,53,-25
E01002218,"Underground, metro, light rail, tram",117,174,-57
E01002218,Work mainly at or from home,262,38,224
E01002219,Bicycle,10,4,6
E01002219,"Bus, minibus or coach",149,133,16
E01002219,Driving a car or van,234,281,-47
E01002219,"Motorcycle, scooter or moped",6,2,4
E01002219,Not in employment or aged 15 years and under,1069,465,604
E01002219,On foot,53,63,-10
E01002219,Other method of travel to work,9,4,5
E01002219,Passenger in a car or van,25,9,16
E01002219,Taxi,7,2,5
E01002219,Train,48,57,-9
E01002219,"Underground, metro, light rail, tram",145,238,-93
E01002219,Work mainly at or from home,174,24,150
E01002220,Bicycle,8,10,-2
E01002220,"Bus, minibus or coach",64,68,-4
E01002220,Driving a car or van,304,422,-118
E01002220,"Motorcycle, scooter or moped",2,8,-6
E01002220,Not in employment or aged 15 years and under,872,399,473
E01002220,On foot,26,42,-16
E01002220,Other method of travel to work,14,2,12
E01002220,Passenger in a car or van,25,24,1
E01002220,Taxi,3,3,0
E01002220,Train,24,51,-27
E01002220,"Underground, metro, light rail, tram",64,126,-62
E01002220,Work mainly at or from home,236,30,206
E01002221,Bicycle,6,9,-3
E01002221,"Bus, minibus or coach",105,128,-23
E01002221,Driving a car or van,240,299,-59
E01002221,"Motorcycle, scooter or moped",5,2,3
E01002221,Not in employment or aged 15 years and under,847,436,411
E01002221,On foot,38,48,-10
E01002221,Other method of travel to work,12,2,10
E01002221,Passenger in a car or van,30,21,9
E01002221,Taxi,5,1,4
E01002221,Train,42,57,-15
E01002221,"Underground, metro, light rail, tram",100,167,-67
E01002221,Work mainly at or from home,199,18,181
E01002222,Bicycle,8,5,3
E01002222,"Bus, minibus or coach",63,104,-41
E01002222,Driving a car or van,320,338,-18
E01002222,"Motorcycle, scooter or moped",5,7,-2
E01002222,Not in employment or aged 15 years and under,814,408,406
E01002222,On foot,24,35,-11
E01002222,Other method of travel to work,13,1,12
E01002222,Passenger in a car or van,24,26,-2
E01002222,Taxi,3,2,1
E01002222,Train,25,45,-20
E01002222,"Underground, metro, light rail, tram",74,150,-76
E01002222,Work mainly at or from home,239,35,204
E01002223,Bicycle,6,5,1
E01002223,"Bus, minibus or coach",52,99,-47
E01002223,Driving a car or van,372,460,-88
E01002223,"Motorcycle, scooter or moped",7,5,2
E01002223,Not in employment or aged 15 years and under,903,447,456
E01002223,On foot,42,42,0
E01002223,Other method of travel to work,16,6,10
E01002223,Passenger in a car or van,33,31,2
E01002223,Taxi,4,1,3
E01002223,Train,31,51,-20
E01002223,"Underground, metro, light rail, tram",71,176,-105
E01002223,Work mainly at or from home,254,29,225
E01002224,Bicycle,4,6,-2
E01002224,"Bus, minibus or coach",72,66,6
E01002224,Driving a car or van,331,334,-3
E01002224,"Motorcycle, scooter or moped",2,5,-3
E01002224,Not in employment or aged 15 years and under,894,427,467
E01002224,On foot,22,34,-12
E01002224,Other method of travel to work,5,4,1
E01002224,Passenger in a car or van,14,16,-2
E01002224,Taxi,1,1,0
E01002224,Train,29,33,-4
E01002224,"Underground, metro, light rail, tram",65,135,-70
E01002224,Work mainly at or from home,180,26,154
E01002225,Bicycle,1,2,-1
E01002225,"Bus, minibus or coach",12,12,0
E01002225,Driving a car or van,218,357,-139
E01002225,"Motorcycle, scooter or moped",5,4,1
E01002225,Not in employment or aged 15 years and under,1025,378,647
E01002225,On foot,25,34,-9
E01002225,Other method of travel to work,5,4,1
E01002225,Passenger in a car or van,3,10,-7
E01002225,Taxi,1,3,-2
E01002225,Train,9,24,-15
E01002225,"Underground, metro, light rail, tram",32,136,-104
E01002225,Work mainly at or from home,417,92,325
E01002226,Bicycle,6,3,3
E01002226,"Bus, minibus or coach",67,84,-17
E01002226,Driving a car or van,346,465,-119
E01002226,"Motorcycle, scooter or moped",9,8,1
E01002226,Not in employment or aged 15 years and under,1368,529,839
E01002226,On foot,53,46,7
E01002226,Other method of travel to work,9,5,4
E01002226,Passenger in a car or van,27,16,11
E01002226,Taxi,12,7,5
E01002226,Train,38,46,-8
E01002226,"Underground, metro, light rail, tram",129,238,-109
E01002226,Work mainly at or from home,552,123,429
E01002227,Bicycle,8,7,1
E01002227,"Bus, minibus or coach",109,93,16
E01002227,Driving a car or van,304,329,-25
E01002227,"Motorcycle, scooter or moped",3,2,1
E01002227,Not in employment or aged 15 years and under,1432,636,796
E01002227,On foot,40,31,9
E01002227,Other method of travel to work,6,4,2
E01002227,Passenger in a car or van,16,12,4
E01002227,Taxi,1,6,-5
E01002227,Train,24,33,-9
E01002227,"Underground, metro, light rail, tram",95,109,-14
E01002227,Work mainly at or from home,232,38,194
E01002228,Bicycle,3,13,-10
E01002228,"Bus, minibus or coach",64,56,8
E01002228,Driving a car or van,393,501,-108
E01002228,"Motorcycle, scooter or moped",1,6,-5
E01002228,Not in employment or aged 15 years and under,1201,521,680
E01002228,On foot,27,34,-7
E01002228,Other method of travel to work,17,10,7
E01002228,Passenger in a car or van,19,25,-6
E01002228,Taxi,2,2,0
E01002228,Train,28,46,-18
E01002228,"Underground, metro, light rail, tram",100,202,-102
E01002228,Work mainly at or from home,397,76,321
E01002229,Bicycle,2,7,-5
E01002229,"Bus, minibus or coach",40,51,-11
E01002229,Driving a car or van,281,383,-102
E01002229,"Motorcycle, scooter or moped",6,3,3
E01002229,Not in employment or aged 15 years and under,1003,450,553
E01002229,On foot,34,36,-2
E01002229,Other method of travel to work,10,8,2
E01002229,Passenger in a car or van,29,24,5
E01002229,Taxi,6,2,4
E01002229,Train,23,29,-6
E01002229,"Underground, metro, light rail, tram",93,177,-84
E01002229,Work mainly at or from home,301,44,257
E01002230,Bicycle,5,11,-6
E01002230,"Bus, minibus or coach",34,38,-4
E01002230,Driving a car or van,328,466,-138
E01002230,"Motorcycle, scooter or moped",2,4,-2
E01002230,Not in employment or aged 15 years and under,969,463,506
E01002230,On foot,10,30,-20
E01002230,Other method of travel to work,8,6,2
E01002230,Passenger in a car or van,32,29,3
E01002230,Taxi,2,12,-10
E01002230,Train,20,48,-28
E01002230,"Underground, metro, light rail, tram",90,177,-87
E01002230,Work mainly at or from home,339,55,284
E01002231,Bicycle,7,8,-1
E01002231,"Bus, minibus or coach",66,91,-25
E01002231,Driving a car or van,386,416,-30
E01002231,"Motorcycle, scooter or moped",7,4,3
E01002231,Not in employment or aged 15 years and under,1104,524,580
E01002231,On foot,45,56,-11
E01002231,Other method of travel to work,13,7,6
E01002231,Passenger in a car or van,28,35,-7
E01002231,Taxi,7,1,6
E01002231,Train,41,81,-40
E01002231,"Underground, metro, light rail, tram",84,111,-27
E01002231,Work mainly at or from home,273,33,240
E01002232,Bicycle,4,16,-12
E01002232,"Bus, minibus or coach",101,113,-12
E01002232,Driving a car or van,288,387,-99
E01002232,"Motorcycle, scooter or moped",13,6,7
E01002232,Not in employment or aged 15 years and under,1267,492,775
E01002232,On foot,46,74,-28
E01002232,Other method of travel to work,12,5,7
E01002232,Passenger in a car or van,23,27,-4
E01002232,Taxi,6,5,1
E01002232,Train,32,89,-57
E01002232,"Underground, metro, light rail, tram",94,138,-44
E01002232,Work mainly at or from home,263,34,229
E01002233,Bicycle,10,5,5
E01002233,"Bus, minibus or coach",160,119,41
E01002233,Driving a car or van,314,349,-35
E01002233,"Motorcycle, scooter or moped",5,7,-2
E01002233,Not in employment or aged 15 years and under,1311,608,703
E01002233,On foot,93,68,25
E01002233,Other method of travel to work,14,4,10
E01002233,Passenger in a car or van,29,15,14
E01002233,Taxi,8,2,6
E01002233,Train,68,126,-58
E01002233,"Underground, metro, light rail, tram",129,149,-20
E01002233,Work mainly at or from home,282,30,252
E01002234,Bicycle,16,5,11
E01002234,"Bus, minibus or coach",61,110,-49
E01002234,Driving a car or van,291,340,-49
E01002234,"Motorcycle, scooter or moped",4,3,1
E01002234,Not in employment or aged 15 years and under,1010,478,532
E01002234,On foot,56,75,-19
E01002234,Other method of travel to work,29,3,26
E01002234,Passenger in a car or van,23,30,-7
E01002234,Taxi,8,1,7
E01002234,Train,48,65,-17
E01002234,"Underground, metro, light rail, tram",107,137,-30
E01002234,Work mainly at or from home,311,18,293
E01002235,Bicycle,9,10,-1
E01002235,"Bus, minibus or coach",74,95,-21
E01002235,Driving a car or van,286,316,-30
E01002235,"Motorcycle, scooter or moped",5,2,3
E01002235,Not in employment or aged 15 years and under,1100,558,542
E01002235,On foot,56,76,-20
E01002235,Other method of travel to work,12,6,6
E01002235,Passenger in a car or van,31,20,11
E01002235,Taxi,6,1,5
E01002235,Train,37,72,-35
E01002235,"Underground, metro, light rail, tram",75,102,-27
E01002235,Work mainly at or from home,192,21,171
E01002236,Bicycle,11,6,5
E01002236,"Bus, minibus or coach",124,151,-27
E01002236,Driving a car or van,265,285,-20
E01002236,"Motorcycle, scooter or moped",4,7,-3
E01002236,Not in employment or aged 15 years and under,1239,473,766
E01002236,On foot,86,90,-4
E01002236,Other method of travel to work,20,1,19
E01002236,Passenger in a car or van,31,23,8
E01002236,Taxi,7,1,6
E01002236,Train,64,138,-74
E01002236,"Underground, metro, light rail, tram",150,149,1
E01002236,Work mainly at or from home,329,22,307
E01002237,Bicycle,11,12,-1
E01002237,"Bus, minibus or coach",124,83,41
E01002237,Driving a car or van,329,271,58
E01002237,"Motorcycle, scooter or moped",21,3,18
E01002237,Not in employment or aged 15 years and under,914,411,503
E01002237,On foot,64,104,-40
E01002237,Other method of travel to work,13,6,7
E01002237,Passenger in a car or van,62,6,56
E01002237,Taxi,9,5,4
E01002237,Train,58,62,-4
E01002237,"Underground, metro, light rail, tram",184,284,-100
E01002237,Work mainly at or from home,331,36,295
E01002238,Bicycle,8,11,-3
E01002238,"Bus, minibus or coach",42,49,-7
E01002238,Driving a car or van,215,325,-110
E01002238,"Motorcycle, scooter or moped",4,5,-1
E01002238,Not in employment or aged 15 years and under,955,395,560
E01002238,On foot,47,71,-24
E01002238,Other method of travel to work,19,3,16
E01002238,Passenger in a car or van,12,24,-12
E01002238,Taxi,4,1,3
E01002238,Train,31,55,-24
E01002238,"Underground, metro, light rail, tram",172,331,-159
E01002238,Work mainly at or from home,379,47,332
E01002239,Bicycle,9,10,-1
E01002239,"Bus, minibus or coach",38,46,-8
E01002239,Driving a car or van,250,304,-54
E01002239,"Motorcycle, scooter or moped",7,5,2
E01002239,Not in employment or aged 15 years and under,983,412,571
E01002239,On foot,36,46,-10
E01002239,Other method of travel to work,12,5,7
E01002239,Passenger in a car or van,9,20,-11
E01002239,Taxi,3,8,-5
E01002239,Train,36,55,-19
E01002239,"Underground, metro, light rail, tram",123,247,-124
E01002239,Work mainly at or from home,422,44,378
E01002240,Bicycle,8,14,-6
E01002240,"Bus, minibus or coach",81,76,5
E01002240,Driving a car or van,225,248,-23
E01002240,"Motorcycle, scooter or moped",2,11,-9
E01002240,Not in employment or aged 15 years and under,1010,454,556
E01002240,On foot,65,78,-13
E01002240,Other method of travel to work,12,2,10
E01002240,Passenger in a car or van,26,7,19
E01002240,Taxi,4,1,3
E01002240,Train,44,38,6
E01002240,"Underground, metro, light rail, tram",123,291,-168
E01002240,Work mainly at or from home,357,48,309
E01002241,Bicycle,4,7,-3
E01002241,"Bus, minibus or coach",37,61,-24
E01002241,Driving a car or van,298,326,-28
E01002241,"Motorcycle, scooter or moped",2,5,-3
E01002241,Not in employment or aged 15 years and under,1022,457,565
E01002241,On foot,39,42,-3
E01002241,Other method of travel to work,12,6,6
E01002241,Passenger in a car or van,16,20,-4
E01002241,Taxi,1,0,1
E01002241,Train,34,49,-15
E01002241,"Underground, metro, light rail, tram",107,183,-76
E01002241,Work mainly at or from home,333,41,292
E01002242,Bicycle,0,5,-5
E01002242,"Bus, minibus or coach",23,65,-42
E01002242,Driving a car or van,264,394,-130
E01002242,"Motorcycle, scooter or moped",0,4,-4
E01002242,Not in employment or aged 15 years and under,976,442,534
E01002242,On foot,42,60,-18
E01002242,Other method of travel to work,3,5,-2
E01002242,Passenger in a car or van,21,24,-3
E01002242,Taxi,1,1,0
E01002242,Train,21,49,-28
E01002242,"Underground, metro, light rail, tram",98,301,-203
E01002242,Work mainly at or from home,410,33,377
E01002243,Bicycle,11,2,9
E01002243,"Bus, minibus or coach",78,80,-2
E01002243,Driving a car or van,245,297,-52
E01002243,"Motorcycle, scooter or moped",2,9,-7
E01002243,Not in employment or aged 15 years and under,1067,493,574
E01002243,On foot,85,118,-33
E01002243,Other method of travel to work,13,4,9
E01002243,Passenger in a car or van,15,25,-10
E01002243,Taxi,4,2,2
E01002243,Train,78,198,-120
E01002243,"Underground, metro, light rail, tram",76,70,6
E01002243,Work mainly at or from home,297,35,262
E01002244,Bicycle,9,16,-7
E01002244,"Bus, minibus or coach",52,65,-13
E01002244,Driving a car or van,269,373,-104
E01002244,"Motorcycle, scooter or moped",7,14,-7
E01002244,Not in employment or aged 15 years and under,888,381,507
E01002244,On foot,82,84,-2
E01002244,Other method of travel to work,13,2,11
E01002244,Passenger in a car or van,29,17,12
E01002244,Taxi,6,9,-3
E01002244,Train,82,195,-113
E01002244,"Underground, metro, light rail, tram",68,84,-16
E01002244,Work mainly at or from home,309,28,281
E01002245,Bicycle,6,10,-4
E01002245,"Bus, minibus or coach",54,56,-2
E01002245,Driving a car or van,253,316,-63
E01002245,"Motorcycle, scooter or moped",4,4,0
E01002245,Not in employment or aged 15 years and under,840,348,492
E01002245,On foot,75,92,-17
E01002245,Other method of travel to work,8,4,4
E01002245,Passenger in a car or van,26,20,6
E01002245,Taxi,3,3,0
E01002245,Train,59,145,-86
E01002245,"Underground, metro, light rail, tram",65,57,8
E01002245,Work mainly at or from home,256,20,236
E01002246,Bicycle,14,8,6
E01002246,"Bus, minibus or coach",62,79,-17
E01002246,Driving a car or van,305,384,-79
E01002246,"Motorcycle, scooter or moped",4,13,-9
E01002246,Not in employment or aged 15 years and under,1011,384,627
E01002246,On foot,41,77,-36
E01002246,Other method of travel to work,5,0,5
E01002246,Passenger in a car or van,32,26,6
E01002246,Taxi,4,8,-4
E01002246,Train,55,137,-82
E01002246,"Underground, metro, light rail, tram",51,42,9
E01002246,Work mainly at or from home,252,18,234
E01002247,Bicycle,5,15,-10
E01002247,"Bus, minibus or coach",90,73,17
E01002247,Driving a car or van,343,376,-33
E01002247,"Motorcycle, scooter or moped",8,9,-1
E01002247,Not in employment or aged 15 years and under,1331,408,923
E01002247,On foot,90,114,-24
E01002247,Other method of travel to work,11,4,7
E01002247,Passenger in a car or van,36,23,13
E01002247,Taxi,6,2,4
E01002247,Train,114,189,-75
E01002247,"Underground, metro, light rail, tram",91,81,10
E01002247,Work mainly at or from home,357,26,331
E01002248,Bicycle,8,4,4
E01002248,"Bus, minibus or coach",79,70,9
E01002248,Driving a car or van,249,282,-33
E01002248,"Motorcycle, scooter or moped",1,2,-1
E01002248,Not in employment or aged 15 years and under,1023,361,662
E01002248,On foot,75,78,-3
E01002248,Other method of travel to work,12,5,7
E01002248,Passenger in a car or van,15,20,-5
E01002248,Taxi,3,3,0
E01002248,Train,57,95,-38
E01002248,"Underground, metro, light rail, tram",53,37,16
E01002248,Work mainly at or from home,176,26,150
E01002250,Bicycle,19,21,-2
E01002250,"Bus, minibus or coach",72,64,8
E01002250,Driving a car or van,378,416,-38
E01002250,"Motorcycle, scooter or moped",7,14,-7
E01002250,Not in employment or aged 15 years and under,906,361,545
E01002250,On foot,38,60,-22
E01002250,Other method of travel to work,12,7,5
E01002250,Passenger in a car or van,36,23,13
E01002250,Taxi,4,12,-8
E01002250,Train,73,130,-57
E01002250,"Underground, metro, light rail, tram",52,58,-6
E01002250,Work mainly at or from home,236,19,217
E01002251,Bicycle,14,16,-2
E01002251,"Bus, minibus or coach",92,112,-20
E01002251,Driving a car or van,284,274,10
E01002251,"Motorcycle, scooter or moped",4,6,-2
E01002251,Not in employment or aged 15 years and under,896,374,522
E01002251,On foot,34,36,-2
E01002251,Other method of travel to work,11,3,8
E01002251,Passenger in a car or van,32,19,13
E01002251,Taxi,5,5,0
E01002251,Train,46,87,-41
E01002251,"Underground, metro, light rail, tram",49,45,4
E01002251,Work mainly at or from home,131,17,114
E01002252,Bicycle,1,3,-2
E01002252,"Bus, minibus or coach",25,40,-15
E01002252,Driving a car or van,288,347,-59
E01002252,"Motorcycle, scooter or moped",4,8,-4
E01002252,Not in employment or aged 15 years and under,853,353,500
E01002252,On foot,20,30,-10
E01002252,Other method of travel to work,5,2,3
E01002252,Passenger in a car or van,16,27,-11
E01002252,Taxi,3,7,-4
E01002252,Train,54,184,-130
E01002252,"Underground, metro, light rail, tram",24,35,-11
E01002252,Work mainly at or from home,298,22,276
E01002253,Bicycle,1,3,-2
E01002253,"Bus, minibus or coach",11,31,-20
E01002253,Driving a car or van,234,323,-89
E01002253,"Motorcycle, scooter or moped",1,6,-5
E01002253,Not in employment or aged 15 years and under,838,355,483
E01002253,On foot,25,21,4
E01002253,Other method of travel to work,7,6,1
E01002253,Passenger in a car or van,15,17,-2
E01002253,Taxi,6,12,-6
E01002253,Train,43,207,-164
E01002253,"Underground, metro, light rail, tram",29,52,-23
E01002253,Work mainly at or from home,374,36,338
E01002254,Bicycle,3,6,-3
E01002254,"Bus, minibus or coach",13,33,-20
E01002254,Driving a car or van,227,310,-83
E01002254,"Motorcycle, scooter or moped",7,4,3
E01002254,Not in employment or aged 15 years and under,890,373,517
E01002254,On foot,31,49,-18
E01002254,Other method of travel to work,4,1,3
E01002254,Passenger in a car or van,9,14,-5
E01002254,Taxi,4,9,-5
E01002254,Train,52,213,-161
E01002254,"Underground, metro, light rail, tram",36,50,-14
E01002254,Work mainly at or from home,361,44,317
E01002255,Bicycle,7,3,4
E01002255,"Bus, minibus or coach",18,26,-8
E01002255,Driving a car or van,257,331,-74
E01002255,"Motorcycle, scooter or moped",0,7,-7
E01002255,Not in employment or aged 15 years and under,767,324,443
E01002255,On foot,23,20,3
E01002255,Other method of travel to work,8,2,6
E01002255,Passenger in a car or van,18,25,-7
E01002255,Taxi,3,6,-3
E01002255,Train,56,201,-145
E01002255,"Underground, metro, light rail, tram",58,103,-45
E01002255,Work mainly at or from home,330,21,309
E01002256,Bicycle,2,5,-3
E01002256,"Bus, minibus or coach",15,38,-23
E01002256,Driving a car or van,279,366,-87
E01002256,"Motorcycle, scooter or moped",2,8,-6
E01002256,Not in employment or aged 15 years and under,770,309,461
E01002256,On foot,24,25,-1
E01002256,Other method of travel to work,13,2,11
E01002256,Passenger in a car or van,21,20,1
E01002256,Taxi,2,6,-4
E01002256,Train,52,180,-128
E01002256,"Underground, metro, light rail, tram",41,37,4
E01002256,Work mainly at or from home,298,24,274
E01002257,Bicycle,1,8,-7
E01002257,"Bus, minibus or coach",6,14,-8
E01002257,Driving a car or van,164,267,-103
E01002257,"Motorcycle, scooter or moped",2,4,-2
E01002257,Not in employment or aged 15 years and under,978,430,548
E01002257,On foot,43,48,-5
E01002257,Other method of travel to work,6,2,4
E01002257,Passenger in a car or van,9,11,-2
E01002257,Taxi,1,8,-7
E01002257,Train,65,281,-216
E01002257,"Underground, metro, light rail, tram",22,43,-21
E01002257,Work mainly at or from home,438,54,384
E01002258,Bicycle,2,7,-5
E01002258,"Bus, minibus or coach",45,38,7
E01002258,Driving a car or van,298,344,-46
E01002258,"Motorcycle, scooter or moped",2,2,0
E01002258,Not in employment or aged 15 years and under,1032,404,628
E01002258,On foot,33,45,-12
E01002258,Other method of travel to work,9,3,6
E01002258,Passenger in a car or van,14,23,-9
E01002258,Taxi,4,4,0
E01002258,Train,78,183,-105
E01002258,"Underground, metro, light rail, tram",45,51,-6
E01002258,Work mainly at or from home,276,24,252
E01002259,Bicycle,5,6,-1
E01002259,"Bus, minibus or coach",30,31,-1
E01002259,Driving a car or van,267,368,-101
E01002259,"Motorcycle, scooter or moped",3,1,2
E01002259,Not in employment or aged 15 years and under,809,333,476
E01002259,On foot,27,23,4
E01002259,Other method of travel to work,7,3,4
E01002259,Passenger in a car or van,16,8,8
E01002259,Taxi,6,9,-3
E01002259,Train,53,185,-132
E01002259,"Underground, metro, light rail, tram",30,46,-16
E01002259,Work mainly at or from home,289,32,257
E01002260,Bicycle,3,5,-2
E01002260,"Bus, minibus or coach",50,77,-27
E01002260,Driving a car or van,314,314,0
E01002260,"Motorcycle, scooter or moped",5,4,1
E01002260,Not in employment or aged 15 years and under,918,425,493
E01002260,On foot,32,32,0
E01002260,Other method of travel to work,9,4,5
E01002260,Passenger in a car or van,19,25,-6
E01002260,Taxi,6,12,-6
E01002260,Train,46,73,-27
E01002260,"Underground, metro, light rail, tram",106,161,-55
E01002260,Work mainly at or from home,300,32,268
E01002261,Bicycle,6,9,-3
E01002261,"Bus, minibus or coach",49,85,-36
E01002261,Driving a car or van,268,337,-69
E01002261,"Motorcycle, scooter or moped",6,5,1
E01002261,Not in employment or aged 15 years and under,923,368,555
E01002261,On foot,30,33,-3
E01002261,Other method of travel to work,10,3,7
E01002261,Passenger in a car or van,26,27,-1
E01002261,Taxi,2,8,-6
E01002261,Train,64,64,0
E01002261,"Underground, metro, light rail, tram",132,220,-88
E01002261,Work mainly at or from home,272,25,247
E01002262,Bicycle,5,4,1
E01002262,"Bus, minibus or coach",45,73,-28
E01002262,Driving a car or van,320,357,-37
E01002262,"Motorcycle, scooter or moped",3,7,-4
E01002262,Not in employment or aged 15 years and under,887,384,503
E01002262,On foot,24,20,4
E01002262,Other method of travel to work,12,5,7
E01002262,Passenger in a car or van,24,37,-13
E01002262,Taxi,3,8,-5
E01002262,Train,45,48,-3
E01002262,"Underground, metro, light rail, tram",105,177,-72
E01002262,Work mainly at or from home,288,23,265
E01002263,Bicycle,5,10,-5
E01002263,"Bus, minibus or coach",29,55,-26
E01002263,Driving a car or van,300,418,-118
E01002263,"Motorcycle, scooter or moped",4,7,-3
E01002263,Not in employment or aged 15 years and under,825,381,444
E01002263,On foot,20,35,-15
E01002263,Other method of travel to work,9,4,5
E01002263,Passenger in a car or van,25,32,-7
E01002263,Taxi,8,5,3
E01002263,Train,27,73,-46
E01002263,"Underground, metro, light rail, tram",69,197,-128
E01002263,Work mainly at or from home,283,28,255
E01002264,Bicycle,3,6,-3
E01002264,"Bus, minibus or coach",51,74,-23
E01002264,Driving a car or van,276,243,33
E01002264,"Motorcycle, scooter or moped",0,3,-3
E01002264,Not in employment or aged 15 years and under,957,407,550
E01002264,On foot,40,33,7
E01002264,Other method of travel to work,9,1,8
E01002264,Passenger in a car or van,20,22,-2
E01002264,Taxi,2,1,1
E01002264,Train,51,56,-5
E01002264,"Underground, metro, light rail, tram",95,139,-44
E01002264,Work mainly at or from home,164,6,158
E01002265,Bicycle,3,13,-10
E01002265,"Bus, minibus or coach",32,72,-40
E01002265,Driving a car or van,289,367,-78
E01002265,"Motorcycle, scooter or moped",5,10,-5
E01002265,Not in employment or aged 15 years and under,735,339,396
E01002265,On foot,29,32,-3
E01002265,Other method of travel to work,13,3,10
E01002265,Passenger in a car or van,19,15,4
E01002265,Taxi,6,13,-7
E01002265,Train,33,63,-30
E01002265,"Underground, metro, light rail, tram",75,176,-101
E01002265,Work mainly at or from home,267,24,243
E01002266,Bicycle,7,8,-1
E01002266,"Bus, minibus or coach",41,45,-4
E01002266,Driving a car or van,301,336,-35
E01002266,"Motorcycle, scooter or moped",5,5,0
E01002266,Not in employment or aged 15 years and under,804,336,468
E01002266,On foot,37,19,18
E01002266,Other method of travel to work,10,3,7
E01002266,Passenger in a car or van,16,24,-8
E01002266,Taxi,6,12,-6
E01002266,Train,45,43,2
E01002266,"Underground, metro, light rail, tram",59,140,-81
E01002266,Work mainly at or from home,217,19,198
E01002267,Bicycle,6,3,3
E01002267,"Bus, minibus or coach",65,81,-16
E01002267,Driving a car or van,306,339,-33
E01002267,"Motorcycle, scooter or moped",5,4,1
E01002267,Not in employment or aged 15 years and under,986,445,541
E01002267,On foot,20,31,-11
E01002267,Other method of travel to work,8,1,7
E01002267,Passenger in a car or van,23,23,0
E01002267,Taxi,3,6,-3
E01002267,Train,55,61,-6
E01002267,"Underground, metro, light rail, tram",93,123,-30
E01002267,Work mainly at or from home,229,14,215
E01002268,Bicycle,2,3,-1
E01002268,"Bus, minibus or coach",29,35,-6
E01002268,Driving a car or van,277,349,-72
E01002268,"Motorcycle, scooter or moped",4,11,-7
E01002268,Not in employment or aged 15 years and under,767,279,488
E01002268,On foot,30,33,-3
E01002268,Other method of travel to work,7,5,2
E01002268,Passenger in a car or van,19,30,-11
E01002268,Taxi,5,6,-1
E01002268,Train,47,130,-83
E01002268,"Underground, metro, light rail, tram",38,32,6
E01002268,Work mainly at or from home,264,34,230
E01002269,Bicycle,6,3,3
E01002269,"Bus, minibus or coach",28,47,-19
E01002269,Driving a car or van,409,481,-72
E01002269,"Motorcycle, scooter or moped",6,6,0
E01002269,Not in employment or aged 15 years and under,931,392,539
E01002269,On foot,27,26,1
E01002269,Other method of travel to work,12,7,5
E01002269,Passenger in a car or van,27,26,1
E01002269,Taxi,10,10,0
E01002269,Train,39,118,-79
E01002269,"Underground, metro, light rail, tram",42,95,-53
E01002269,Work mainly at or from home,320,40,280
E01002270,Bicycle,2,3,-1
E01002270,"Bus, minibus or coach",19,29,-10
E01002270,Driving a car or van,376,457,-81
E01002270,"Motorcycle, scooter or moped",0,1,-1
E01002270,Not in employment or aged 15 years and under,934,406,528
E01002270,On foot,12,16,-4
E01002270,Other method of travel to work,9,5,4
E01002270,Passenger in a car or van,17,24,-7
E01002270,Taxi,1,3,-2
E01002270,Train,37,148,-111
E01002270,"Underground, metro, light rail, tram",33,67,-34
E01002270,Work mainly at or from home,300,67,233
E01002271,Bicycle,4,6,-2
E01002271,"Bus, minibus or coach",10,21,-11
E01002271,Driving a car or van,284,396,-112
E01002271,"Motorcycle, scooter or moped",0,3,-3
E01002271,Not in employment or aged 15 years and under,860,419,441
E01002271,On foot,11,17,-6
E01002271,Other method of travel to work,9,8,1
E01002271,Passenger in a car or van,16,20,-4
E01002271,Taxi,4,7,-3
E01002271,Train,35,113,-78
E01002271,"Underground, metro, light rail, tram",28,45,-17
E01002271,Work mainly at or from home,328,70,258
E01002272,Bicycle,3,9,-6
E01002272,"Bus, minibus or coach",25,54,-29
E01002272,Driving a car or van,219,312,-93
E01002272,"Motorcycle, scooter or moped",6,3,3
E01002272,Not in employment or aged 15 years and under,692,311,381
E01002272,On foot,18,37,-19
E01002272,Other method of travel to work,12,4,8
E01002272,Passenger in a car or van,9,27,-18
E01002272,Taxi,0,8,-8
E01002272,Train,56,166,-110
E01002272,"Underground, metro, light rail, tram",28,41,-13
E01002272,Work mainly at or from home,293,23,270
E01002273,Bicycle,2,2,0
E01002273,"Bus, minibus or coach",7,23,-16
E01002273,Driving a car or van,228,372,-144
E01002273,"Motorcycle, scooter or moped",2,6,-4
E01002273,Not in employment or aged 15 years and under,730,374,356
E01002273,On foot,16,20,-4
E01002273,Other method of travel to work,11,2,9
E01002273,Passenger in a car or van,16,22,-6
E01002273,Taxi,2,6,-4
E01002273,Train,22,92,-70
E01002273,"Underground, metro, light rail, tram",33,45,-12
E01002273,Work mainly at or from home,271,46,225
E01002274,Bicycle,5,6,-1
E01002274,"Bus, minibus or coach",38,40,-2
E01002274,Driving a car or van,297,384,-87
E01002274,"Motorcycle, scooter or moped",1,7,-6
E01002274,Not in employment or aged 15 years and under,818,401,417
E01002274,On foot,39,34,5
E01002274,Other method of travel to work,8,8,0
E01002274,Passenger in a car or van,20,35,-15
E01002274,Taxi,3,7,-4
E01002274,Train,56,179,-123
E01002274,"Underground, metro, light rail, tram",34,61,-27
E01002274,Work mainly at or from home,349,37,312
E01002275,Bicycle,3,2,1
E01002275,"Bus, minibus or coach",9,17,-8
E01002275,Driving a car or van,222,342,-120
E01002275,"Motorcycle, scooter or moped",1,1,0
E01002275,Not in employment or aged 15 years and under,726,364,362
E01002275,On foot,20,17,3
E01002275,Other method of travel to work,12,7,5
E01002275,Passenger in a car or van,14,27,-13
E01002275,Taxi,4,13,-9
E01002275,Train,26,112,-86
E01002275,"Underground, metro, light rail, tram",30,72,-42
E01002275,Work mainly at or from home,251,50,201
E01002276,Bicycle,6,2,4
E01002276,"Bus, minibus or coach",60,81,-21
E01002276,Driving a car or van,447,459,-12
E01002276,"Motorcycle, scooter or moped",7,12,-5
E01002276,Not in employment or aged 15 years and under,1109,508,601
E01002276,On foot,27,53,-26
E01002276,Other method of travel to work,9,6,3
E01002276,Passenger in a car or van,24,32,-8
E01002276,Taxi,2,10,-8
E01002276,Train,63,130,-67
E01002276,"Underground, metro, light rail, tram",61,24,37
E01002276,Work mainly at or from home,257,31,226
E01002277,Bicycle,3,8,-5
E01002277,"Bus, minibus or coach",63,93,-30
E01002277,Driving a car or van,319,341,-22
E01002277,"Motorcycle, scooter or moped",5,4,1
E01002277,Not in employment or aged 15 years and under,890,443,447
E01002277,On foot,24,30,-6
E01002277,Other method of travel to work,2,3,-1
E01002277,Passenger in a car or van,33,35,-2
E01002277,Taxi,1,2,-1
E01002277,Train,53,111,-58
E01002277,"Underground, metro, light rail, tram",43,25,18
E01002277,Work mainly at or from home,184,16,168
E01002278,Bicycle,2,10,-8
E01002278,"Bus, minibus or coach",71,84,-13
E01002278,Driving a car or van,331,318,13
E01002278,"Motorcycle, scooter or moped",4,8,-4
E01002278,Not in employment or aged 15 years and under,953,439,514
E01002278,On foot,57,55,2
E01002278,Other method of travel to work,7,3,4
E01002278,Passenger in a car or van,29,18,11
E01002278,Taxi,7,5,2
E01002278,Train,68,87,-19
E01002278,"Underground, metro, light rail, tram",53,26,27
E01002278,Work mainly at or from home,145,12,133
E01002279,Bicycle,8,5,3
E01002279,"Bus, minibus or coach",69,79,-10
E01002279,Driving a car or van,358,398,-40
E01002279,"Motorcycle, scooter or moped",8,9,-1
E01002279,Not in employment or aged 15 years and under,923,389,534
E01002279,On foot,36,29,7
E01002279,Other method of travel to work,10,2,8
E01002279,Passenger in a car or van,33,28,5
E01002279,Taxi,10,2,8
E01002279,Train,51,108,-57
E01002279,"Underground, metro, light rail, tram",42,26,16
E01002279,Work mainly at or from home,200,19,181
E01002280,Bicycle,3,6,-3
E01002280,"Bus, minibus or coach",76,85,-9
E01002280,Driving a car or van,342,268,74
E01002280,"Motorcycle, scooter or moped",1,4,-3
E01002280,Not in employment or aged 15 years and under,1089,501,588
E01002280,On foot,54,54,0
E01002280,Other method of travel to work,15,6,9
E01002280,Passenger in a car or van,40,27,13
E01002280,Taxi,1,2,-1
E01002280,Train,54,67,-13
E01002280,"Underground, metro, light rail, tram",36,28,8
E01002280,Work mainly at or from home,147,10,137
E01002281,Bicycle,11,4,7
E01002281,"Bus, minibus or coach",84,100,-16
E01002281,Driving a car or van,387,286,101
E01002281,"Motorcycle, scooter or moped",5,10,-5
E01002281,Not in employment or aged 15 years and under,1360,519,841
E01002281,On foot,55,50,5
E01002281,Other method of travel to work,14,1,13
E01002281,Passenger in a car or van,37,25,12
E01002281,Taxi,4,3,1
E01002281,Train,107,104,3
E01002281,"Underground, metro, light rail, tram",71,26,45
E01002281,Work mainly at or from home,331,13,318
E01002282,Bicycle,6,4,2
E01002282,"Bus, minibus or coach",87,96,-9
E01002282,Driving a car or van,289,297,-8
E01002282,"Motorcycle, scooter or moped",4,5,-1
E01002282,Not in employment or aged 15 years and under,1220,489,731
E01002282,On foot,52,43,9
E01002282,Other method of travel to work,10,4,6
E01002282,Passenger in a car or van,26,28,-2
E01002282,Taxi,6,1,5
E01002282,Train,69,85,-16
E01002282,"Underground, metro, light rail, tram",60,33,27
E01002282,Work mainly at or from home,134,9,125
E01002283,Bicycle,1,1,0
E01002283,"Bus, minibus or coach",63,80,-17
E01002283,Driving a car or van,316,314,2
E01002283,"Motorcycle, scooter or moped",7,0,7
E01002283,Not in employment or aged 15 years and under,910,391,519
E01002283,On foot,41,32,9
E01002283,Other method of travel to work,9,4,5
E01002283,Passenger in a car or van,20,23,-3
E01002283,Taxi,6,2,4
E01002283,Train,68,100,-32
E01002283,"Underground, metro, light rail, tram",60,41,19
E01002283,Work mainly at or from home,198,14,184
E01002284,Bicycle,12,8,4
E01002284,"Bus, minibus or coach",57,82,-25
E01002284,Driving a car or van,359,377,-18
E01002284,"Motorcycle, scooter or moped",6,12,-6
E01002284,Not in employment or aged 15 years and under,1116,477,639
E01002284,On foot,64,62,2
E01002284,Other method of travel to work,10,2,8
E01002284,Passenger in a car or van,29,46,-17
E01002284,Taxi,6,4,2
E01002284,Train,70,134,-64
E01002284,"Underground, metro, light rail, tram",61,43,18
E01002284,Work mainly at or from home,271,11,260
E01002285,Bicycle,5,3,2
E01002285,"Bus, minibus or coach",16,45,-29
E01002285,Driving a car or van,243,272,-29
E01002285,"Motorcycle, scooter or moped",1,7,-6
E01002285,Not in employment or aged 15 years and under,702,316,386
E01002285,On foot,17,35,-18
E01002285,Other method of travel to work,7,5,2
E01002285,Passenger in a car or van,16,15,1
E01002285,Taxi,7,12,-5
E01002285,Train,35,56,-21
E01002285,"Underground, metro, light rail, tram",61,140,-79
E01002285,Work mainly at or from home,252,23,229
E01002286,Bicycle,4,7,-3
E01002286,"Bus, minibus or coach",20,50,-30
E01002286,Driving a car or van,308,370,-62
E01002286,"Motorcycle, scooter or moped",2,8,-6
E01002286,Not in employment or aged 15 years and under,807,393,414
E01002286,On foot,19,41,-22
E01002286,Other method of travel to work,7,5,2
E01002286,Passenger in a car or van,32,22,10
E01002286,Taxi,4,16,-12
E01002286,Train,21,71,-50
E01002286,"Underground, metro, light rail, tram",84,191,-107
E01002286,Work mainly at or from home,309,27,282
E01002287,Bicycle,3,3,0
E01002287,"Bus, minibus or coach",36,51,-15
E01002287,Driving a car or van,275,376,-101
E01002287,"Motorcycle, scooter or moped",3,6,-3
E01002287,Not in employment or aged 15 years and under,808,366,442
E01002287,On foot,36,37,-1
E01002287,Other method of travel to work,11,1,10
E01002287,Passenger in a car or van,16,24,-8
E01002287,Taxi,3,8,-5
E01002287,Train,43,64,-21
E01002287,"Underground, metro, light rail, tram",84,206,-122
E01002287,Work mainly at or from home,279,23,256
E01002288,Bicycle,4,6,-2
E01002288,"Bus, minibus or coach",27,65,-38
E01002288,Driving a car or van,266,410,-144
E01002288,"Motorcycle, scooter or moped",0,7,-7
E01002288,Not in employment or aged 15 years and under,803,317,486
E01002288,On foot,27,50,-23
E01002288,Other method of travel to work,7,7,0
E01002288,Passenger in a car or van,16,23,-7
E01002288,Taxi,4,15,-11
E01002288,Train,29,71,-42
E01002288,"Underground, metro, light rail, tram",85,190,-105
E01002288,Work mainly at or from home,323,27,296
E01002289,Bicycle,6,12,-6
E01002289,"Bus, minibus or coach",29,54,-25
E01002289,Driving a car or van,270,334,-64
E01002289,"Motorcycle, scooter or moped",4,10,-6
E01002289,Not in employment or aged 15 years and under,796,365,431
E01002289,On foot,38,49,-11
E01002289,Other method of travel to work,5,5,0
E01002289,Passenger in a car or van,22,20,2
E01002289,Taxi,4,6,-2
E01002289,Train,36,109,-73
E01002289,"Underground, metro, light rail, tram",56,154,-98
E01002289,Work mainly at or from home,393,29,364
E01002290,Bicycle,3,3,0
E01002290,"Bus, minibus or coach",20,43,-23
E01002290,Driving a car or van,247,296,-49
E01002290,"Motorcycle, scooter or moped",3,1,2
E01002290,Not in employment or aged 15 years and under,777,393,384
E01002290,On foot,21,40,-19
E01002290,Other method of travel to work,11,3,8
E01002290,Passenger in a car or van,13,7,6
E01002290,Taxi,3,16,-13
E01002290,Train,42,65,-23
E01002290,"Underground, metro, light rail, tram",78,196,-118
E01002290,Work mainly at or from home,268,21,247
E01002291,Bicycle,4,8,-4
E01002291,"Bus, minibus or coach",25,59,-34
E01002291,Driving a car or van,256,316,-60
E01002291,"Motorcycle, scooter or moped",3,8,-5
E01002291,Not in employment or aged 15 years and under,764,399,365
E01002291,On foot,32,41,-9
E01002291,Other method of travel to work,7,6,1
E01002291,Passenger in a car or van,14,16,-2
E01002291,Taxi,7,20,-13
E01002291,Train,41,95,-54
E01002291,"Underground, metro, light rail, tram",100,249,-149
E01002291,Work mainly at or from home,258,21,237
E01002292,Bicycle,3,7,-4
E01002292,"Bus, minibus or coach",31,56,-25
E01002292,Driving a car or van,298,333,-35
E01002292,"Motorcycle, scooter or moped",4,2,2
E01002292,Not in employment or aged 15 years and under,913,391,522
E01002292,On foot,34,35,-1
E01002292,Other method of travel to work,11,3,8
E01002292,Passenger in a car or van,21,20,1
E01002292,Taxi,2,7,-5
E01002292,Train,61,93,-32
E01002292,"Underground, metro, light rail, tram",60,107,-47
E01002292,Work mainly at or from home,270,18,252
E01002294,Bicycle,2,4,-2
E01002294,"Bus, minibus or coach",20,29,-9
E01002294,Driving a car or van,250,307,-57
E01002294,"Motorcycle, scooter or moped",2,8,-6
E01002294,Not in employment or aged 15 years and under,840,383,457
E01002294,On foot,32,53,-21
E01002294,Other method of travel to work,9,4,5
E01002294,Passenger in a car or van,14,23,-9
E01002294,Taxi,0,6,-6
E01002294,Train,67,212,-145
E01002294,"Underground, metro, light rail, tram",33,26,7
E01002294,Work mainly at or from home,273,39,234
E01002295,Bicycle,6,6,0
E01002295,"Bus, minibus or coach",27,37,-10
E01002295,Driving a car or van,339,389,-50
E01002295,"Motorcycle, scooter or moped",7,7,0
E01002295,Not in employment or aged 15 years and under,1032,394,638
E01002295,On foot,40,29,11
E01002295,Other method of travel to work,16,10,6
E01002295,Passenger in a car or van,27,17,10
E01002295,Taxi,6,8,-2
E01002295,Train,85,229,-144
E01002295,"Underground, metro, light rail, tram",35,35,0
E01002295,Work mainly at or from home,382,25,357
E01002296,Bicycle,3,9,-6
E01002296,"Bus, minibus or coach",31,36,-5
E01002296,Driving a car or van,310,464,-154
E01002296,"Motorcycle, scooter or moped",6,3,3
E01002296,Not in employment or aged 15 years and under,918,424,494
E01002296,On foot,10,28,-18
E01002296,Other method of travel to work,9,6,3
E01002296,Passenger in a car or van,16,17,-1
E01002296,Taxi,3,9,-6
E01002296,Train,54,174,-120
E01002296,"Underground, metro, light rail, tram",29,27,2
E01002296,Work mainly at or from home,303,39,264
E01002297,Bicycle,4,5,-1
E01002297,"Bus, minibus or coach",79,89,-10
E01002297,Driving a car or van,298,304,-6
E01002297,"Motorcycle, scooter or moped",9,8,1
E01002297,Not in employment or aged 15 years and under,878,472,406
E01002297,On foot,48,53,-5
E01002297,Other method of travel to work,12,5,7
E01002297,Passenger in a car or van,31,42,-11
E01002297,Taxi,2,4,-2
E01002297,Train,58,81,-23
E01002297,"Underground, metro, light rail, tram",38,31,7
E01002297,Work mainly at or from home,179,13,166
E01002298,Bicycle,2,3,-1
E01002298,"Bus, minibus or coach",21,51,-30
E01002298,Driving a car or van,282,440,-158
E01002298,"Motorcycle, scooter or moped",6,9,-3
E01002298,Not in employment or aged 15 years and under,808,424,384
E01002298,On foot,25,37,-12
E01002298,Other method of travel to work,12,4,8
E01002298,Passenger in a car or van,20,18,2
E01002298,Taxi,1,8,-7
E01002298,Train,84,280,-196
E01002298,"Underground, metro, light rail, tram",35,39,-4
E01002298,Work mainly at or from home,309,29,280
E01002299,Bicycle,8,9,-1
E01002299,"Bus, minibus or coach",60,95,-35
E01002299,Driving a car or van,382,399,-17
E01002299,"Motorcycle, scooter or moped",5,10,-5
E01002299,Not in employment or aged 15 years and under,852,425,427
E01002299,On foot,46,48,-2
E01002299,Other method of travel to work,13,1,12
E01002299,Passenger in a car or van,46,39,7
E01002299,Taxi,9,7,2
E01002299,Train,85,162,-77
E01002299,"Underground, metro, light rail, tram",47,27,20
E01002299,Work mainly at or from home,267,16,251
E01002300,Bicycle,11,5,6
E01002300,"Bus, minibus or coach",24,26,-2
E01002300,Driving a car or van,300,272,28
E01002300,"Motorcycle, scooter or moped",1,2,-1
E01002300,Not in employment or aged 15 years and under,981,347,634
E01002300,On foot,38,29,9
E01002300,Other method of travel to work,8,6,2
E01002300,Passenger in a car or van,20,13,7
E01002300,Taxi,4,3,1
E01002300,Train,115,181,-66
E01002300,"Underground, metro, light rail, tram",48,20,28
E01002300,Work mainly at or from home,451,18,433
E01002301,Bicycle,1,8,-7
E01002301,"Bus, minibus or coach",34,60,-26
E01002301,Driving a car or van,362,438,-76
E01002301,"Motorcycle, scooter or moped",2,9,-7
E01002301,Not in employment or aged 15 years and under,866,412,454
E01002301,On foot,28,28,0
E01002301,Other method of travel to work,14,3,11
E01002301,Passenger in a car or van,22,15,7
E01002301,Taxi,5,16,-11
E01002301,Train,33,86,-53
E01002301,"Underground, metro, light rail, tram",47,77,-30
E01002301,Work mainly at or from home,219,32,187
E01002302,Bicycle,2,6,-4
E01002302,"Bus, minibus or coach",55,74,-19
E01002302,Driving a car or van,339,426,-87
E01002302,"Motorcycle, scooter or moped",5,6,-1
E01002302,Not in employment or aged 15 years and under,917,387,530
E01002302,On foot,20,36,-16
E01002302,Other method of travel to work,9,1,8
E01002302,Passenger in a car or van,28,28,0
E01002302,Taxi,7,10,-3
E01002302,Train,42,57,-15
E01002302,"Underground, metro, light rail, tram",52,72,-20
E01002302,Work mainly at or from home,251,28,223
E01002303,Bicycle,5,6,-1
E01002303,"Bus, minibus or coach",104,98,6
E01002303,Driving a car or van,389,463,-74
E01002303,"Motorcycle, scooter or moped",10,9,1
E01002303,Not in employment or aged 15 years and under,1221,554,667
E01002303,On foot,45,28,17
E01002303,Other method of travel to work,13,3,10
E01002303,Passenger in a car or van,27,31,-4
E01002303,Taxi,6,12,-6
E01002303,Train,67,101,-34
E01002303,"Underground, metro, light rail, tram",51,83,-32
E01002303,Work mainly at or from home,216,31,185
E01002304,Bicycle,4,5,-1
E01002304,"Bus, minibus or coach",32,39,-7
E01002304,Driving a car or van,296,359,-63
E01002304,"Motorcycle, scooter or moped",4,6,-2
E01002304,Not in employment or aged 15 years and under,890,429,461
E01002304,On foot,15,25,-10
E01002304,Other method of travel to work,9,3,6
E01002304,Passenger in a car or van,14,27,-13
E01002304,Taxi,3,7,-4
E01002304,Train,23,49,-26
E01002304,"Underground, metro, light rail, tram",33,37,-4
E01002304,Work mainly at or from home,211,39,172
E01002305,Bicycle,5,1,4
E01002305,"Bus, minibus or coach",42,70,-28
E01002305,Driving a car or van,384,396,-12
E01002305,"Motorcycle, scooter or moped",5,9,-4
E01002305,Not in employment or aged 15 years and under,927,404,523
E01002305,On foot,17,20,-3
E01002305,Other method of travel to work,12,4,8
E01002305,Passenger in a car or van,32,36,-4
E01002305,Taxi,9,14,-5
E01002305,Train,37,67,-30
E01002305,"Underground, metro, light rail, tram",49,59,-10
E01002305,Work mainly at or from home,196,22,174
E01002306,Bicycle,4,2,2
E01002306,"Bus, minibus or coach",92,103,-11
E01002306,Driving a car or van,308,360,-52
E01002306,"Motorcycle, scooter or moped",5,7,-2
E01002306,Not in employment or aged 15 years and under,1092,403,689
E01002306,On foot,33,40,-7
E01002306,Other method of travel to work,10,4,6
E01002306,Passenger in a car or van,37,37,0
E01002306,Taxi,5,7,-2
E01002306,Train,36,46,-10
E01002306,"Underground, metro, light rail, tram",52,54,-2
E01002306,Work mainly at or from home,163,20,143
E01002307,Bicycle,5,3,2
E01002307,"Bus, minibus or coach",79,97,-18
E01002307,Driving a car or van,465,446,19
E01002307,"Motorcycle, scooter or moped",10,10,0
E01002307,Not in employment or aged 15 years and under,963,425,538
E01002307,On foot,15,30,-15
E01002307,Other method of travel to work,14,3,11
E01002307,Passenger in a car or van,32,30,2
E01002307,Taxi,4,10,-6
E01002307,Train,36,62,-26
E01002307,"Underground, metro, light rail, tram",43,54,-11
E01002307,Work mainly at or from home,224,14,210
E01002308,Bicycle,8,12,-4
E01002308,"Bus, minibus or coach",50,89,-39
E01002308,Driving a car or van,376,489,-113
E01002308,"Motorcycle, scooter or moped",9,10,-1
E01002308,Not in employment or aged 15 years and under,1081,542,539
E01002308,On foot,43,38,5
E01002308,Other method of travel to work,9,6,3
E01002308,Passenger in a car or van,29,40,-11
E01002308,Taxi,7,13,-6
E01002308,Train,24,62,-38
E01002308,"Underground, metro, light rail, tram",53,69,-16
E01002308,Work mainly at or from home,172,33,139
E01002309,Bicycle,7,7,0
E01002309,"Bus, minibus or coach",71,83,-12
E01002309,Driving a car or van,339,339,0
E01002309,"Motorcycle, scooter or moped",3,9,-6
E01002309,Not in employment or aged 15 years and under,1008,447,561
E01002309,On foot,30,35,-5
E01002309,Other method of travel to work,11,4,7
E01002309,Passenger in a car or van,20,24,-4
E01002309,Taxi,7,5,2
E01002309,Train,46,92,-46
E01002309,"Underground, metro, light rail, tram",62,26,36
E01002309,Work mainly at or from home,182,22,160
E01002310,Bicycle,1,1,0
E01002310,"Bus, minibus or coach",87,101,-14
E01002310,Driving a car or van,305,323,-18
E01002310,"Motorcycle, scooter or moped",7,10,-3
E01002310,Not in employment or aged 15 years and under,1084,513,571
E01002310,On foot,39,53,-14
E01002310,Other method of travel to work,10,2,8
E01002310,Passenger in a car or van,27,30,-3
E01002310,Taxi,5,3,2
E01002310,Train,50,95,-45
E01002310,"Underground, metro, light rail, tram",57,33,24
E01002310,Work mainly at or from home,197,12,185
E01002311,Bicycle,3,13,-10
E01002311,"Bus, minibus or coach",61,73,-12
E01002311,Driving a car or van,366,379,-13
E01002311,"Motorcycle, scooter or moped",4,7,-3
E01002311,Not in employment or aged 15 years and under,1043,475,568
E01002311,On foot,22,46,-24
E01002311,Other method of travel to work,10,4,6
E01002311,Passenger in a car or van,32,25,7
E01002311,Taxi,3,6,-3
E01002311,Train,61,96,-35
E01002311,"Underground, metro, light rail, tram",60,33,27
E01002311,Work mainly at or from home,222,19,203
E01002312,Bicycle,0,1,-1
E01002312,"Bus, minibus or coach",36,49,-13
E01002312,Driving a car or van,352,303,49
E01002312,"Motorcycle, scooter or moped",3,11,-8
E01002312,Not in employment or aged 15 years and under,1006,396,610
E01002312,On foot,20,25,-5
E01002312,Other method of travel to work,11,5,6
E01002312,Passenger in a car or van,19,19,0
E01002312,Taxi,7,3,4
E01002312,Train,46,78,-32
E01002312,"Underground, metro, light rail, tram",37,29,8
E01002312,Work mainly at or from home,156,20,136
E01002313,Bicycle,11,3,8
E01002313,"Bus, minibus or coach",78,69,9
E01002313,Driving a car or van,489,350,139
E01002313,"Motorcycle, scooter or moped",12,8,4
E01002313,Not in employment or aged 15 years and under,1156,436,720
E01002313,On foot,38,27,11
E01002313,Other method of travel to work,14,0,14
E01002313,Passenger in a car or van,34,26,8
E01002313,Taxi,4,2,2
E01002313,Train,72,94,-22
E01002313,"Underground, metro, light rail, tram",71,27,44
E01002313,Work mainly at or from home,285,14,271
E01002314,Bicycle,6,12,-6
E01002314,"Bus, minibus or coach",93,93,0
E01002314,Driving a car or van,325,336,-11
E01002314,"Motorcycle, scooter or moped",6,11,-5
E01002314,Not in employment or aged 15 years and under,1075,424,651
E01002314,On foot,52,49,3
E01002314,Other method of travel to work,17,4,13
E01002314,Passenger in a car or van,39,33,6
E01002314,Taxi,4,2,2
E01002314,Train,41,93,-52
E01002314,"Underground, metro, light rail, tram",43,37,6
E01002314,Work mainly at or from home,163,10,153
E01002315,Bicycle,7,6,1
E01002315,"Bus, minibus or coach",80,74,6
E01002315,Driving a car or van,365,366,-1
E01002315,"Motorcycle, scooter or moped",3,6,-3
E01002315,Not in employment or aged 15 years and under,911,430,481
E01002315,On foot,35,34,1
E01002315,Other method of travel to work,12,8,4
E01002315,Passenger in a car or van,33,21,12
E01002315,Taxi,4,2,2
E01002315,Train,60,89,-29
E01002315,"Underground, metro, light rail, tram",53,42,11
E01002315,Work mainly at or from home,168,16,152
E01002316,Bicycle,7,2,5
E01002316,"Bus, minibus or coach",101,87,14
E01002316,Driving a car or van,281,259,22
E01002316,"Motorcycle, scooter or moped",3,4,-1
E01002316,Not in employment or aged 15 years and under,1309,512,797
E01002316,On foot,66,61,5
E01002316,Other method of travel to work,14,7,7
E01002316,Passenger in a car or van,30,19,11
E01002316,Taxi,4,5,-1
E01002316,Train,60,89,-29
E01002316,"Underground, metro, light rail, tram",49,43,6
E01002316,Work mainly at or from home,148,4,144
E01002317,Bicycle,4,6,-2
E01002317,"Bus, minibus or coach",21,43,-22
E01002317,Driving a car or van,305,440,-135
E01002317,"Motorcycle, scooter or moped",5,7,-2
E01002317,Not in employment or aged 15 years and under,747,336,411
E01002317,On foot,32,40,-8
E01002317,Other method of travel to work,7,6,1
E01002317,Passenger in a car or van,27,22,5
E01002317,Taxi,6,8,-2
E01002317,Train,56,147,-91
E01002317,"Underground, metro, light rail, tram",34,52,-18
E01002317,Work mainly at or from home,302,27,275
E01002318,Bicycle,5,5,0
E01002318,"Bus, minibus or coach",28,58,-30
E01002318,Driving a car or van,299,421,-122
E01002318,"Motorcycle, scooter or moped",3,6,-3
E01002318,Not in employment or aged 15 years and under,899,409,490
E01002318,On foot,24,48,-24
E01002318,Other method of travel to work,9,3,6
E01002318,Passenger in a car or van,16,26,-10
E01002318,Taxi,5,20,-15
E01002318,Train,41,111,-70
E01002318,"Underground, metro, light rail, tram",37,76,-39
E01002318,Work mainly at or from home,290,24,266
E01002319,Bicycle,4,4,0
E01002319,"Bus, minibus or coach",55,65,-10
E01002319,Driving a car or van,311,346,-35
E01002319,"Motorcycle, scooter or moped",6,6,0
E01002319,Not in employment or aged 15 years and under,978,384,594
E01002319,On foot,76,93,-17
E01002319,Other method of travel to work,11,6,5
E01002319,Passenger in a car or van,23,25,-2
E01002319,Taxi,2,13,-11
E01002319,Train,74,138,-64
E01002319,"Underground, metro, light rail, tram",51,76,-25
E01002319,Work mainly at or from home,266,24,242
E01002320,Bicycle,5,19,-14
E01002320,"Bus, minibus or coach",30,55,-25
E01002320,Driving a car or van,294,470,-176
E01002320,"Motorcycle, scooter or moped",0,17,-17
E01002320,Not in employment or aged 15 years and under,682,368,314
E01002320,On foot,51,64,-13
E01002320,Other method of travel to work,13,7,6
E01002320,Passenger in a car or van,22,28,-6
E01002320,Taxi,9,12,-3
E01002320,Train,54,173,-119
E01002320,"Underground, metro, light rail, tram",44,75,-31
E01002320,Work mainly at or from home,296,31,265
E01002321,Bicycle,9,7,2
E01002321,"Bus, minibus or coach",29,29,0
E01002321,Driving a car or van,337,358,-21
E01002321,"Motorcycle, scooter or moped",1,14,-13
E01002321,Not in employment or aged 15 years and under,939,323,616
E01002321,On foot,46,38,8
E01002321,Other method of travel to work,8,5,3
E01002321,Passenger in a car or van,14,21,-7
E01002321,Taxi,6,14,-8
E01002321,Train,50,127,-77
E01002321,"Underground, metro, light rail, tram",44,67,-23
E01002321,Work mainly at or from home,309,24,285
E01002322,Bicycle,4,12,-8
E01002322,"Bus, minibus or coach",55,83,-28
E01002322,Driving a car or van,399,569,-170
E01002322,"Motorcycle, scooter or moped",4,8,-4
E01002322,Not in employment or aged 15 years and under,915,413,502
E01002322,On foot,52,72,-20
E01002322,Other method of travel to work,7,6,1
E01002322,Passenger in a car or van,22,39,-17
E01002322,Taxi,4,10,-6
E01002322,Train,51,116,-65
E01002322,"Underground, metro, light rail, tram",77,157,-80
E01002322,Work mainly at or from home,343,30,313
E01002323,Bicycle,7,6,1
E01002323,"Bus, minibus or coach",34,66,-32
E01002323,Driving a car or van,321,434,-113
E01002323,"Motorcycle, scooter or moped",4,8,-4
E01002323,Not in employment or aged 15 years and under,826,339,487
E01002323,On foot,63,56,7
E01002323,Other method of travel to work,9,3,6
E01002323,Passenger in a car or van,26,20,6
E01002323,Taxi,5,15,-10
E01002323,Train,35,149,-114
E01002323,"Underground, metro, light rail, tram",56,68,-12
E01002323,Work mainly at or from home,336,26,310
E01002324,Bicycle,8,9,-1
E01002324,"Bus, minibus or coach",26,44,-18
E01002324,Driving a car or van,295,334,-39
E01002324,"Motorcycle, scooter or moped",4,7,-3
E01002324,Not in employment or aged 15 years and under,836,405,431
E01002324,On foot,40,47,-7
E01002324,Other method of travel to work,18,5,13
E01002324,Passenger in a car or van,11,26,-15
E01002324,Taxi,5,10,-5
E01002324,Train,30,93,-63
E01002324,"Underground, metro, light rail, tram",33,82,-49
E01002324,Work mainly at or from home,227,18,209
E01002325,Bicycle,6,13,-7
E01002325,"Bus, minibus or coach",93,86,7
E01002325,Driving a car or van,386,396,-10
E01002325,"Motorcycle, scooter or moped",5,10,-5
E01002325,Not in employment or aged 15 years and under,1233,446,787
E01002325,On foot,37,42,-5
E01002325,Other method of travel to work,14,2,12
E01002325,Passenger in a car or van,41,31,10
E01002325,Taxi,3,5,-2
E01002325,Train,54,53,1
E01002325,"Underground, metro, light rail, tram",55,64,-9
E01002325,Work mainly at or from home,212,13,199
E01002326,Bicycle,3,9,-6
E01002326,"Bus, minibus or coach",68,76,-8
E01002326,Driving a car or van,336,361,-25
E01002326,"Motorcycle, scooter or moped",4,9,-5
E01002326,Not in employment or aged 15 years and under,908,389,519
E01002326,On foot,42,46,-4
E01002326,Other method of travel to work,15,2,13
E01002326,Passenger in a car or van,24,29,-5
E01002326,Taxi,6,3,3
E01002326,Train,41,72,-31
E01002326,"Underground, metro, light rail, tram",47,60,-13
E01002326,Work mainly at or from home,200,16,184
E01002327,Bicycle,4,3,1
E01002327,"Bus, minibus or coach",43,76,-33
E01002327,Driving a car or van,341,404,-63
E01002327,"Motorcycle, scooter or moped",4,5,-1
E01002327,Not in employment or aged 15 years and under,793,359,434
E01002327,On foot,31,40,-9
E01002327,Other method of travel to work,2,4,-2
E01002327,Passenger in a car or van,35,20,15
E01002327,Taxi,1,4,-3
E01002327,Train,46,84,-38
E01002327,"Underground, metro, light rail, tram",37,46,-9
E01002327,Work mainly at or from home,219,24,195
E01002328,Bicycle,6,5,1
E01002328,"Bus, minibus or coach",56,73,-17
E01002328,Driving a car or van,382,455,-73
E01002328,"Motorcycle, scooter or moped",8,9,-1
E01002328,Not in employment or aged 15 years and under,874,388,486
E01002328,On foot,31,59,-28
E01002328,Other method of travel to work,8,1,7
E01002328,Passenger in a car or van,31,23,8
E01002328,Taxi,8,12,-4
E01002328,Train,50,116,-66
E01002328,"Underground, metro, light rail, tram",52,66,-14
E01002328,Work mainly at or from home,290,32,258
E01002329,Bicycle,6,14,-8
E01002329,"Bus, minibus or coach",60,78,-18
E01002329,Driving a car or van,328,553,-225
E01002329,"Motorcycle, scooter or moped",5,18,-13
E01002329,Not in employment or aged 15 years and under,892,487,405
E01002329,On foot,35,63,-28
E01002329,Other method of travel to work,10,5,5
E01002329,Passenger in a car or van,29,28,1
E01002329,Taxi,9,12,-3
E01002329,Train,52,95,-43
E01002329,"Underground, metro, light rail, tram",57,91,-34
E01002329,Work mainly at or from home,248,45,203
E01002330,Bicycle,9,10,-1
E01002330,"Bus, minibus or coach",57,60,-3
E01002330,Driving a car or van,353,314,39
E01002330,"Motorcycle, scooter or moped",4,6,-2
E01002330,Not in employment or aged 15 years and under,993,306,687
E01002330,On foot,21,27,-6
E01002330,Other method of travel to work,13,3,10
E01002330,Passenger in a car or van,30,15,15
E01002330,Taxi,7,5,2
E01002330,Train,44,83,-39
E01002330,"Underground, metro, light rail, tram",62,66,-4
E01002330,Work mainly at or from home,253,13,240
E01002331,Bicycle,4,3,1
E01002331,"Bus, minibus or coach",56,51,5
E01002331,Driving a car or van,358,318,40
E01002331,"Motorcycle, scooter or moped",5,7,-2
E01002331,Not in employment or aged 15 years and under,867,284,583
E01002331,On foot,26,24,2
E01002331,Other method of travel to work,15,1,14
E01002331,Passenger in a car or van,28,31,-3
E01002331,Taxi,5,5,0
E01002331,Train,30,43,-13
E01002331,"Underground, metro, light rail, tram",66,71,-5
E01002331,Work mainly at or from home,208,21,187
E01002332,Bicycle,7,7,0
E01002332,"Bus, minibus or coach",63,80,-17
E01002332,Driving a car or van,347,420,-73
E01002332,"Motorcycle, scooter or moped",7,14,-7
E01002332,Not in employment or aged 15 years and under,958,387,571
E01002332,On foot,28,37,-9
E01002332,Other method of travel to work,12,4,8
E01002332,Passenger in a car or van,21,27,-6
E01002332,Taxi,4,16,-12
E01002332,Train,42,86,-44
E01002332,"Underground, metro, light rail, tram",41,60,-19
E01002332,Work mainly at or from home,223,30,193
E01002333,Bicycle,5,10,-5
E01002333,"Bus, minibus or coach",28,42,-14
E01002333,Driving a car or van,298,340,-42
E01002333,"Motorcycle, scooter or moped",3,5,-2
E01002333,Not in employment or aged 15 years and under,691,312,379
E01002333,On foot,17,27,-10
E01002333,Other method of travel to work,5,6,-1
E01002333,Passenger in a car or van,20,20,0
E01002333,Taxi,5,13,-8
E01002333,Train,33,106,-73
E01002333,"Underground, metro, light rail, tram",19,26,-7
E01002333,Work mainly at or from home,194,35,159
E01002334,Bicycle,3,2,1
E01002334,"Bus, minibus or coach",14,30,-16
E01002334,Driving a car or van,331,462,-131
E01002334,"Motorcycle, scooter or moped",1,2,-1
E01002334,Not in employment or aged 15 years and under,938,435,503
E01002334,On foot,21,45,-24
E01002334,Other method of travel to work,19,5,14
E01002334,Passenger in a car or van,19,21,-2
E01002334,Taxi,9,19,-10
E01002334,Train,56,133,-77
E01002334,"Underground, metro, light rail, tram",38,51,-13
E01002334,Work mainly at or from home,279,47,232
E01002335,Bicycle,2,5,-3
E01002335,"Bus, minibus or coach",47,63,-16
E01002335,Driving a car or van,290,395,-105
E01002335,"Motorcycle, scooter or moped",4,8,-4
E01002335,Not in employment or aged 15 years and under,822,353,469
E01002335,On foot,26,44,-18
E01002335,Other method of travel to work,6,3,3
E01002335,Passenger in a car or van,21,38,-17
E01002335,Taxi,3,9,-6
E01002335,Train,39,82,-43
E01002335,"Underground, metro, light rail, tram",47,54,-7
E01002335,Work mainly at or from home,162,9,153
E01002336,Bicycle,0,6,-6
E01002336,"Bus, minibus or coach",41,41,0
E01002336,Driving a car or van,328,395,-67
E01002336,"Motorcycle, scooter or moped",2,6,-4
E01002336,Not in employment or aged 15 years and under,845,379,466
E01002336,On foot,41,31,10
E01002336,Other method of travel to work,12,5,7
E01002336,Passenger in a car or van,33,22,11
E01002336,Taxi,7,14,-7
E01002336,Train,50,95,-45
E01002336,"Underground, metro, light rail, tram",33,56,-23
E01002336,Work mainly at or from home,241,33,208
E01002337,Bicycle,4,6,-2
E01002337,"Bus, minibus or coach",22,19,3
E01002337,Driving a car or van,199,285,-86
E01002337,"Motorcycle, scooter or moped",0,1,-1
E01002337,Not in employment or aged 15 years and under,716,324,392
E01002337,On foot,18,25,-7
E01002337,Other method of travel to work,12,3,9
E01002337,Passenger in a car or van,8,20,-12
E01002337,Taxi,0,8,-8
E01002337,Train,39,144,-105
E01002337,"Underground, metro, light rail, tram",21,34,-13
E01002337,Work mainly at or from home,278,45,233
E01002338,Bicycle,6,6,0
E01002338,"Bus, minibus or coach",34,58,-24
E01002338,Driving a car or van,254,360,-106
E01002338,"Motorcycle, scooter or moped",0,7,-7
E01002338,Not in employment or aged 15 years and under,742,300,442
E01002338,On foot,28,45,-17
E01002338,Other method of travel to work,8,4,4
E01002338,Passenger in a car or van,25,17,8
E01002338,Taxi,7,13,-6
E01002338,Train,51,102,-51
E01002338,"Underground, metro, light rail, tram",47,48,-1
E01002338,Work mainly at or from home,206,20,186
E01002339,Bicycle,10,9,1
E01002339,"Bus, minibus or coach",17,26,-9
E01002339,Driving a car or van,285,408,-123
E01002339,"Motorcycle, scooter or moped",2,4,-2
E01002339,Not in employment or aged 15 years and under,875,385,490
E01002339,On foot,39,62,-23
E01002339,Other method of travel to work,10,2,8
E01002339,Passenger in a car or van,21,28,-7
E01002339,Taxi,12,9,3
E01002339,Train,46,149,-103
E01002339,"Underground, metro, light rail, tram",26,40,-14
E01002339,Work mainly at or from home,306,33,273
E01002340,Bicycle,15,3,12
E01002340,"Bus, minibus or coach",43,54,-11
E01002340,Driving a car or van,253,327,-74
E01002340,"Motorcycle, scooter or moped",5,9,-4
E01002340,Not in employment or aged 15 years and under,740,295,445
E01002340,On foot,60,81,-21
E01002340,Other method of travel to work,7,1,6
E01002340,Passenger in a car or van,12,20,-8
E01002340,Taxi,8,6,2
E01002340,Train,49,138,-89
E01002340,"Underground, metro, light rail, tram",38,41,-3
E01002340,Work mainly at or from home,244,18,226
E01002341,Bicycle,3,7,-4
E01002341,"Bus, minibus or coach",31,46,-15
E01002341,Driving a car or van,309,357,-48
E01002341,"Motorcycle, scooter or moped",2,7,-5
E01002341,Not in employment or aged 15 years and under,782,329,453
E01002341,On foot,9,27,-18
E01002341,Other method of travel to work,6,1,5
E01002341,Passenger in a car or van,25,28,-3
E01002341,Taxi,6,9,-3
E01002341,Train,36,106,-70
E01002341,"Underground, metro, light rail, tram",32,39,-7
E01002341,Work mainly at or from home,239,20,219
E01002342,Bicycle,9,9,0
E01002342,"Bus, minibus or coach",53,61,-8
E01002342,Driving a car or van,304,377,-73
E01002342,"Motorcycle, scooter or moped",3,4,-1
E01002342,Not in employment or aged 15 years and under,962,403,559
E01002342,On foot,42,55,-13
E01002342,Other method of travel to work,13,5,8
E01002342,Passenger in a car or van,18,26,-8
E01002342,Taxi,5,3,2
E01002342,Train,81,134,-53
E01002342,"Underground, metro, light rail, tram",48,34,14
E01002342,Work mainly at or from home,191,10,181
E01002343,Bicycle,3,3,0
E01002343,"Bus, minibus or coach",26,41,-15
E01002343,Driving a car or van,397,465,-68
E01002343,"Motorcycle, scooter or moped",5,3,2
E01002343,Not in employment or aged 15 years and under,921,444,477
E01002343,On foot,17,23,-6
E01002343,Other method of travel to work,13,11,2
E01002343,Passenger in a car or van,35,35,0
E01002343,Taxi,5,6,-1
E01002343,Train,61,147,-86
E01002343,"Underground, metro, light rail, tram",29,38,-9
E01002343,Work mainly at or from home,244,37,207
E01002344,Bicycle,12,8,4
E01002344,"Bus, minibus or coach",29,42,-13
E01002344,Driving a car or van,389,399,-10
E01002344,"Motorcycle, scooter or moped",5,3,2
E01002344,Not in employment or aged 15 years and under,1071,416,655
E01002344,On foot,34,26,8
E01002344,Other method of travel to work,17,5,12
E01002344,Passenger in a car or van,26,20,6
E01002344,Taxi,10,11,-1
E01002344,Train,80,127,-47
E01002344,"Underground, metro, light rail, tram",40,37,3
E01002344,Work mainly at or from home,265,24,241
E01002345,Bicycle,7,8,-1
E01002345,"Bus, minibus or coach",90,71,19
E01002345,Driving a car or van,291,340,-49
E01002345,"Motorcycle, scooter or moped",2,6,-4
E01002345,Not in employment or aged 15 years and under,1078,406,672
E01002345,On foot,65,52,13
E01002345,Other method of travel to work,15,5,10
E01002345,Passenger in a car or van,34,28,6
E01002345,Taxi,4,5,-1
E01002345,Train,96,170,-74
E01002345,"Underground, metro, light rail, tram",57,63,-6
E01002345,Work mainly at or from home,222,21,201
E01002346,Bicycle,4,6,-2
E01002346,"Bus, minibus or coach",55,86,-31
E01002346,Driving a car or van,284,378,-94
E01002346,"Motorcycle, scooter or moped",3,7,-4
E01002346,Not in employment or aged 15 years and under,812,383,429
E01002346,On foot,36,46,-10
E01002346,Other method of travel to work,10,1,9
E01002346,Passenger in a car or van,28,25,3
E01002346,Taxi,3,5,-2
E01002346,Train,72,140,-68
E01002346,"Underground, metro, light rail, tram",47,36,11
E01002346,Work mainly at or from home,200,15,185
E01002347,Bicycle,8,5,3
E01002347,"Bus, minibus or coach",30,42,-12
E01002347,Driving a car or van,329,371,-42
E01002347,"Motorcycle, scooter or moped",5,7,-2
E01002347,Not in employment or aged 15 years and under,781,360,421
E01002347,On foot,26,29,-3
E01002347,Other method of travel to work,9,5,4
E01002347,Passenger in a car or van,23,21,2
E01002347,Taxi,2,1,1
E01002347,Train,69,130,-61
E01002347,"Underground, metro, light rail, tram",33,34,-1
E01002347,Work mainly at or from home,192,24,168
E01002348,Bicycle,1,6,-5
E01002348,"Bus, minibus or coach",26,40,-14
E01002348,Driving a car or van,357,431,-74
E01002348,"Motorcycle, scooter or moped",6,7,-1
E01002348,Not in employment or aged 15 years and under,822,403,419
E01002348,On foot,10,18,-8
E01002348,Other method of travel to work,6,6,0
E01002348,Passenger in a car or van,20,36,-16
E01002348,Taxi,6,5,1
E01002348,Train,63,126,-63
E01002348,"Underground, metro, light rail, tram",24,37,-13
E01002348,Work mainly at or from home,221,25,196
E01002349,Bicycle,3,4,-1
E01002349,"Bus, minibus or coach",28,42,-14
E01002349,Driving a car or van,345,421,-76
E01002349,"Motorcycle, scooter or moped",3,9,-6
E01002349,Not in employment or aged 15 years and under,812,379,433
E01002349,On foot,22,30,-8
E01002349,Other method of travel to work,9,10,-1
E01002349,Passenger in a car or van,24,41,-17
E01002349,Taxi,9,13,-4
E01002349,Train,53,130,-77
E01002349,"Underground, metro, light rail, tram",36,42,-6
E01002349,Work mainly at or from home,199,19,180
E01002350,Bicycle,10,5,5
E01002350,"Bus, minibus or coach",65,60,5
E01002350,Driving a car or van,239,266,-27
E01002350,"Motorcycle, scooter or moped",1,10,-9
E01002350,Not in employment or aged 15 years and under,894,424,470
E01002350,On foot,103,108,-5
E01002350,Other method of travel to work,9,8,1
E01002350,Passenger in a car or van,12,17,-5
E01002350,Taxi,3,3,0
E01002350,Train,84,176,-92
E01002350,"Underground, metro, light rail, tram",79,52,27
E01002350,Work mainly at or from home,228,21,207
E01002351,Bicycle,11,10,1
E01002351,"Bus, minibus or coach",49,62,-13
E01002351,Driving a car or van,297,357,-60
E01002351,"Motorcycle, scooter or moped",1,8,-7
E01002351,Not in employment or aged 15 years and under,813,331,482
E01002351,On foot,68,94,-26
E01002351,Other method of travel to work,6,6,0
E01002351,Passenger in a car or van,22,20,2
E01002351,Taxi,8,11,-3
E01002351,Train,82,199,-117
E01002351,"Underground, metro, light rail, tram",66,60,6
E01002351,Work mainly at or from home,344,33,311
E01002352,Bicycle,5,7,-2
E01002352,"Bus, minibus or coach",59,60,-1
E01002352,Driving a car or van,325,362,-37
E01002352,"Motorcycle, scooter or moped",2,6,-4
E01002352,Not in employment or aged 15 years and under,994,344,650
E01002352,On foot,64,108,-44
E01002352,Other method of travel to work,14,1,13
E01002352,Passenger in a car or van,19,19,0
E01002352,Taxi,5,7,-2
E01002352,Train,79,220,-141
E01002352,"Underground, metro, light rail, tram",66,61,5
E01002352,Work mainly at or from home,360,28,332
E01002353,Bicycle,18,12,6
E01002353,"Bus, minibus or coach",62,75,-13
E01002353,Driving a car or van,280,361,-81
E01002353,"Motorcycle, scooter or moped",3,9,-6
E01002353,Not in employment or aged 15 years and under,1069,510,559
E01002353,On foot,75,110,-35
E01002353,Other method of travel to work,10,7,3
E01002353,Passenger in a car or van,15,24,-9
E01002353,Taxi,6,7,-1
E01002353,Train,78,244,-166
E01002353,"Underground, metro, light rail, tram",53,75,-22
E01002353,Work mainly at or from home,375,47,328
E01002354,Bicycle,4,9,-5
E01002354,"Bus, minibus or coach",16,19,-3
E01002354,Driving a car or van,174,279,-105
E01002354,"Motorcycle, scooter or moped",3,4,-1
E01002354,Not in employment or aged 15 years and under,712,283,429
E01002354,On foot,39,47,-8
E01002354,Other method of travel to work,7,2,5
E01002354,Passenger in a car or van,9,30,-21
E01002354,Taxi,5,8,-3
E01002354,Train,57,207,-150
E01002354,"Underground, metro, light rail, tram",30,33,-3
E01002354,Work mainly at or from home,331,37,294
E01002355,Bicycle,4,8,-4
E01002355,"Bus, minibus or coach",21,23,-2
E01002355,Driving a car or van,239,298,-59
E01002355,"Motorcycle, scooter or moped",6,3,3
E01002355,Not in employment or aged 15 years and under,682,313,369
E01002355,On foot,37,64,-27
E01002355,Other method of travel to work,6,6,0
E01002355,Passenger in a car or van,19,22,-3
E01002355,Taxi,11,16,-5
E01002355,Train,65,246,-181
E01002355,"Underground, metro, light rail, tram",36,34,2
E01002355,Work mainly at or from home,363,38,325
E01002356,Bicycle,4,13,-9
E01002356,"Bus, minibus or coach",125,123,2
E01002356,Driving a car or van,238,310,-72
E01002356,"Motorcycle, scooter or moped",9,9,0
E01002356,Not in employment or aged 15 years and under,1012,563,449
E01002356,On foot,115,158,-43
E01002356,Other method of travel to work,17,2,15
E01002356,Passenger in a car or van,19,32,-13
E01002356,Taxi,3,8,-5
E01002356,Train,142,265,-123
E01002356,"Underground, metro, light rail, tram",127,87,40
E01002356,Work mainly at or from home,311,27,284
E01002358,Bicycle,4,10,-6
E01002358,"Bus, minibus or coach",75,77,-2
E01002358,Driving a car or van,295,356,-61
E01002358,"Motorcycle, scooter or moped",6,7,-1
E01002358,Not in employment or aged 15 years and under,962,393,569
E01002358,On foot,111,133,-22
E01002358,Other method of travel to work,12,4,8
E01002358,Passenger in a car or van,20,18,2
E01002358,Taxi,4,5,-1
E01002358,Train,149,298,-149
E01002358,"Underground, metro, light rail, tram",101,76,25
E01002358,Work mainly at or from home,371,30,341
E01002359,Bicycle,5,7,-2
E01002359,"Bus, minibus or coach",22,33,-11
E01002359,Driving a car or van,219,311,-92
E01002359,"Motorcycle, scooter or moped",1,9,-8
E01002359,Not in employment or aged 15 years and under,658,276,382
E01002359,On foot,34,52,-18
E01002359,Other method of travel to work,4,7,-3
E01002359,Passenger in a car or van,18,10,8
E01002359,Taxi,10,9,1
E01002359,Train,33,119,-86
E01002359,"Underground, metro, light rail, tram",42,79,-37
E01002359,Work mainly at or from home,265,26,239
E01002360,Bicycle,4,2,2
E01002360,"Bus, minibus or coach",32,62,-30
E01002360,Driving a car or van,202,288,-86
E01002360,"Motorcycle, scooter or moped",2,5,-3
E01002360,Not in employment or aged 15 years and under,845,343,502
E01002360,On foot,17,38,-21
E01002360,Other method of travel to work,12,3,9
E01002360,Passenger in a car or van,11,12,-1
E01002360,Taxi,7,11,-4
E01002360,Train,35,79,-44
E01002360,"Underground, metro, light rail, tram",71,97,-26
E01002360,Work mainly at or from home,245,23,222
E01002361,Bicycle,8,5,3
E01002361,"Bus, minibus or coach",79,72,7
E01002361,Driving a car or van,300,358,-58
E01002361,"Motorcycle, scooter or moped",8,7,1
E01002361,Not in employment or aged 15 years and under,1019,402,617
E01002361,On foot,73,80,-7
E01002361,Other method of travel to work,16,17,-1
E01002361,Passenger in a car or van,20,19,1
E01002361,Taxi,11,8,3
E01002361,Train,43,120,-77
E01002361,"Underground, metro, light rail, tram",104,151,-47
E01002361,Work mainly at or from home,302,25,277
E01002362,Bicycle,4,3,1
E01002362,"Bus, minibus or coach",22,42,-20
E01002362,Driving a car or van,250,316,-66
E01002362,"Motorcycle, scooter or moped",1,8,-7
E01002362,Not in employment or aged 15 years and under,709,352,357
E01002362,On foot,21,37,-16
E01002362,Other method of travel to work,5,3,2
E01002362,Passenger in a car or van,7,20,-13
E01002362,Taxi,5,14,-9
E01002362,Train,46,142,-96
E01002362,"Underground, metro, light rail, tram",77,138,-61
E01002362,Work mainly at or from home,356,41,315
E01002363,Bicycle,5,8,-3
E01002363,"Bus, minibus or coach",36,59,-23
E01002363,Driving a car or van,265,343,-78
E01002363,"Motorcycle, scooter or moped",1,5,-4
E01002363,Not in employment or aged 15 years and under,787,412,375
E01002363,On foot,34,58,-24
E01002363,Other method of travel to work,8,6,2
E01002363,Passenger in a car or van,16,20,-4
E01002363,Taxi,7,9,-2
E01002363,Train,39,91,-52
E01002363,"Underground, metro, light rail, tram",60,114,-54
E01002363,Work mainly at or from home,223,19,204
E01002364,Bicycle,4,6,-2
E01002364,"Bus, minibus or coach",26,47,-21
E01002364,Driving a car or van,203,299,-96
E01002364,"Motorcycle, scooter or moped",2,3,-1
E01002364,Not in employment or aged 15 years and under,713,351,362
E01002364,On foot,28,33,-5
E01002364,Other method of travel to work,7,4,3
E01002364,Passenger in a car or van,19,18,1
E01002364,Taxi,8,10,-2
E01002364,Train,29,66,-37
E01002364,"Underground, metro, light rail, tram",59,153,-94
E01002364,Work mainly at or from home,255,27,228
E01002365,Bicycle,6,8,-2
E01002365,"Bus, minibus or coach",31,61,-30
E01002365,Driving a car or van,233,287,-54
E01002365,"Motorcycle, scooter or moped",1,4,-3
E01002365,Not in employment or aged 15 years and under,702,296,406
E01002365,On foot,24,27,-3
E01002365,Other method of travel to work,12,7,5
E01002365,Passenger in a car or van,16,17,-1
E01002365,Taxi,6,12,-6
E01002365,Train,31,65,-34
E01002365,"Underground, metro, light rail, tram",96,156,-60
E01002365,Work mainly at or from home,188,15,173
E01002366,Bicycle,6,15,-9
E01002366,"Bus, minibus or coach",31,51,-20
E01002366,Driving a car or van,274,347,-73
E01002366,"Motorcycle, scooter or moped",4,6,-2
E01002366,Not in employment or aged 15 years and under,780,313,467
E01002366,On foot,22,33,-11
E01002366,Other method of travel to work,4,10,-6
E01002366,Passenger in a car or van,21,22,-1
E01002366,Taxi,10,11,-1
E01002366,Train,19,78,-59
E01002366,"Underground, metro, light rail, tram",118,181,-63
E01002366,Work mainly at or from home,264,14,250
E01002367,Bicycle,4,4,0
E01002367,"Bus, minibus or coach",38,49,-11
E01002367,Driving a car or van,303,410,-107
E01002367,"Motorcycle, scooter or moped",5,7,-2
E01002367,Not in employment or aged 15 years and under,829,343,486
E01002367,On foot,40,46,-6
E01002367,Other method of travel to work,13,6,7
E01002367,Passenger in a car or van,17,15,2
E01002367,Taxi,10,18,-8
E01002367,Train,67,158,-91
E01002367,"Underground, metro, light rail, tram",68,86,-18
E01002367,Work mainly at or from home,345,23,322
E01002368,Bicycle,16,13,3
E01002368,"Bus, minibus or coach",110,92,18
E01002368,Driving a car or van,454,326,128
E01002368,"Motorcycle, scooter or moped",7,11,-4
E01002368,Not in employment or aged 15 years and under,1360,480,880
E01002368,On foot,41,39,2
E01002368,Other method of travel to work,21,1,20
E01002368,Passenger in a car or van,34,34,0
E01002368,Taxi,10,6,4
E01002368,Train,58,65,-7
E01002368,"Underground, metro, light rail, tram",113,60,53
E01002368,Work mainly at or from home,263,14,249
E01002369,Bicycle,8,10,-2
E01002369,"Bus, minibus or coach",71,73,-2
E01002369,Driving a car or van,399,479,-80
E01002369,"Motorcycle, scooter or moped",10,7,3
E01002369,Not in employment or aged 15 years and under,1100,513,587
E01002369,On foot,26,30,-4
E01002369,Other method of travel to work,13,9,4
E01002369,Passenger in a car or van,33,38,-5
E01002369,Taxi,4,8,-4
E01002369,Train,50,94,-44
E01002369,"Underground, metro, light rail, tram",60,84,-24
E01002369,Work mainly at or from home,265,24,241
E01002370,Bicycle,13,12,1
E01002370,"Bus, minibus or coach",103,107,-4
E01002370,Driving a car or van,490,475,15
E01002370,"Motorcycle, scooter or moped",5,4,1
E01002370,Not in employment or aged 15 years and under,1313,511,802
E01002370,On foot,36,35,1
E01002370,Other method of travel to work,17,7,10
E01002370,Passenger in a car or van,39,46,-7
E01002370,Taxi,3,9,-6
E01002370,Train,65,120,-55
E01002370,"Underground, metro, light rail, tram",93,77,16
E01002370,Work mainly at or from home,287,22,265
E01002371,Bicycle,6,7,-1
E01002371,"Bus, minibus or coach",43,59,-16
E01002371,Driving a car or van,353,432,-79
E01002371,"Motorcycle, scooter or moped",5,9,-4
E01002371,Not in employment or aged 15 years and under,918,414,504
E01002371,On foot,28,26,2
E01002371,Other method of travel to work,5,7,-2
E01002371,Passenger in a car or van,14,39,-25
E01002371,Taxi,8,3,5
E01002371,Train,40,63,-23
E01002371,"Underground, metro, light rail, tram",73,78,-5
E01002371,Work mainly at or from home,216,19,197
E01002372,Bicycle,7,11,-4
E01002372,"Bus, minibus or coach",59,62,-3
E01002372,Driving a car or van,362,410,-48
E01002372,"Motorcycle, scooter or moped",3,8,-5
E01002372,Not in employment or aged 15 years and under,867,373,494
E01002372,On foot,23,44,-21
E01002372,Other method of travel to work,13,4,9
E01002372,Passenger in a car or van,24,36,-12
E01002372,Taxi,7,8,-1
E01002372,Train,41,59,-18
E01002372,"Underground, metro, light rail, tram",75,115,-40
E01002372,Work mainly at or from home,218,20,198
E01002373,Bicycle,10,2,8
E01002373,"Bus, minibus or coach",46,71,-25
E01002373,Driving a car or van,317,407,-90
E01002373,"Motorcycle, scooter or moped",4,7,-3
E01002373,Not in employment or aged 15 years and under,915,377,538
E01002373,On foot,25,28,-3
E01002373,Other method of travel to work,6,3,3
E01002373,Passenger in a car or van,21,20,1
E01002373,Taxi,4,5,-1
E01002373,Train,39,68,-29
E01002373,"Underground, metro, light rail, tram",66,109,-43
E01002373,Work mainly at or from home,251,22,229
E01002374,Bicycle,8,6,2
E01002374,"Bus, minibus or coach",55,55,0
E01002374,Driving a car or van,345,373,-28
E01002374,"Motorcycle, scooter or moped",9,5,4
E01002374,Not in employment or aged 15 years and under,896,362,534
E01002374,On foot,34,16,18
E01002374,Other method of travel to work,12,3,9
E01002374,Passenger in a car or van,24,36,-12
E01002374,Taxi,4,6,-2
E01002374,Train,38,82,-44
E01002374,"Underground, metro, light rail, tram",82,135,-53
E01002374,Work mainly at or from home,231,20,211
E01002375,Bicycle,17,14,3
E01002375,"Bus, minibus or coach",79,73,6
E01002375,Driving a car or van,363,361,2
E01002375,"Motorcycle, scooter or moped",5,11,-6
E01002375,Not in employment or aged 15 years and under,1058,452,606
E01002375,On foot,30,33,-3
E01002375,Other method of travel to work,13,0,13
E01002375,Passenger in a car or van,30,28,2
E01002375,Taxi,2,2,0
E01002375,Train,50,59,-9
E01002375,"Underground, metro, light rail, tram",91,84,7
E01002375,Work mainly at or from home,197,15,182
E01002376,Bicycle,5,4,1
E01002376,"Bus, minibus or coach",21,29,-8
E01002376,Driving a car or van,223,348,-125
E01002376,"Motorcycle, scooter or moped",1,3,-2
E01002376,Not in employment or aged 15 years and under,728,308,420
E01002376,On foot,24,23,1
E01002376,Other method of travel to work,5,4,1
E01002376,Passenger in a car or van,15,16,-1
E01002376,Taxi,6,12,-6
E01002376,Train,62,252,-190
E01002376,"Underground, metro, light rail, tram",27,34,-7
E01002376,Work mainly at or from home,341,41,300
E01002377,Bicycle,8,2,6
E01002377,"Bus, minibus or coach",22,22,0
E01002377,Driving a car or van,328,346,-18
E01002377,"Motorcycle, scooter or moped",3,6,-3
E01002377,Not in employment or aged 15 years and under,866,266,600
E01002377,On foot,52,34,18
E01002377,Other method of travel to work,17,5,12
E01002377,Passenger in a car or van,12,16,-4
E01002377,Taxi,6,9,-3
E01002377,Train,78,181,-103
E01002377,"Underground, metro, light rail, tram",40,47,-7
E01002377,Work mainly at or from home,346,21,325
E01002378,Bicycle,2,8,-6
E01002378,"Bus, minibus or coach",31,63,-32
E01002378,Driving a car or van,347,533,-186
E01002378,"Motorcycle, scooter or moped",9,12,-3
E01002378,Not in employment or aged 15 years and under,794,432,362
E01002378,On foot,44,62,-18
E01002378,Other method of travel to work,15,5,10
E01002378,Passenger in a car or van,13,25,-12
E01002378,Taxi,3,10,-7
E01002378,Train,50,217,-167
E01002378,"Underground, metro, light rail, tram",36,61,-25
E01002378,Work mainly at or from home,359,43,316
E01002379,Bicycle,2,7,-5
E01002379,"Bus, minibus or coach",36,43,-7
E01002379,Driving a car or van,235,277,-42
E01002379,"Motorcycle, scooter or moped",3,8,-5
E01002379,Not in employment or aged 15 years and under,783,349,434
E01002379,On foot,47,61,-14
E01002379,Other method of travel to work,15,2,13
E01002379,Passenger in a car or van,12,13,-1
E01002379,Taxi,6,3,3
E01002379,Train,84,231,-147
E01002379,"Underground, metro, light rail, tram",54,57,-3
E01002379,Work mainly at or from home,324,46,278
E01002380,Bicycle,18,11,7
E01002380,"Bus, minibus or coach",51,73,-22
E01002380,Driving a car or van,360,435,-75
E01002380,"Motorcycle, scooter or moped",1,9,-8
E01002380,Not in employment or aged 15 years and under,1134,459,675
E01002380,On foot,54,60,-6
E01002380,Other method of travel to work,10,2,8
E01002380,Passenger in a car or van,12,32,-20
E01002380,Taxi,4,7,-3
E01002380,Train,142,377,-235
E01002380,"Underground, metro, light rail, tram",59,95,-36
E01002380,Work mainly at or from home,445,37,408
E01002381,Bicycle,2,3,-1
E01002381,"Bus, minibus or coach",29,48,-19
E01002381,Driving a car or van,269,363,-94
E01002381,"Motorcycle, scooter or moped",3,1,2
E01002381,Not in employment or aged 15 years and under,845,356,489
E01002381,On foot,22,26,-4
E01002381,Other method of travel to work,4,5,-1
E01002381,Passenger in a car or van,10,39,-29
E01002381,Taxi,6,9,-3
E01002381,Train,59,196,-137
E01002381,"Underground, metro, light rail, tram",40,49,-9
E01002381,Work mainly at or from home,268,34,234
E01002382,Bicycle,6,6,0
E01002382,"Bus, minibus or coach",38,54,-16
E01002382,Driving a car or van,257,402,-145
E01002382,"Motorcycle, scooter or moped",1,10,-9
E01002382,Not in employment or aged 15 years and under,888,378,510
E01002382,On foot,45,66,-21
E01002382,Other method of travel to work,6,3,3
E01002382,Passenger in a car or van,17,24,-7
E01002382,Taxi,1,10,-9
E01002382,Train,78,285,-207
E01002382,"Underground, metro, light rail, tram",56,55,1
E01002382,Work mainly at or from home,421,38,383
E01002383,Bicycle,3,9,-6
E01002383,"Bus, minibus or coach",28,42,-14
E01002383,Driving a car or van,256,378,-122
E01002383,"Motorcycle, scooter or moped",2,7,-5
E01002383,Not in employment or aged 15 years and under,852,340,512
E01002383,On foot,25,36,-11
E01002383,Other method of travel to work,15,6,9
E01002383,Passenger in a car or van,15,21,-6
E01002383,Taxi,5,7,-2
E01002383,Train,66,232,-166
E01002383,"Underground, metro, light rail, tram",45,42,3
E01002383,Work mainly at or from home,353,38,315
E01002384,Bicycle,4,7,-3
E01002384,"Bus, minibus or coach",6,13,-7
E01002384,Driving a car or van,231,293,-62
E01002384,"Motorcycle, scooter or moped",1,2,-1
E01002384,Not in employment or aged 15 years and under,861,339,522
E01002384,On foot,40,51,-11
E01002384,Other method of travel to work,5,3,2
E01002384,Passenger in a car or van,18,13,5
E01002384,Taxi,4,7,-3
E01002384,Train,60,269,-209
E01002384,"Underground, metro, light rail, tram",36,53,-17
E01002384,Work mainly at or from home,374,39,335
E01002385,Bicycle,7,6,1
E01002385,"Bus, minibus or coach",15,18,-3
E01002385,Driving a car or van,279,372,-93
E01002385,"Motorcycle, scooter or moped",2,2,0
E01002385,Not in employment or aged 15 years and under,807,355,452
E01002385,On foot,26,47,-21
E01002385,Other method of travel to work,3,7,-4
E01002385,Passenger in a car or van,21,18,3
E01002385,Taxi,3,10,-7
E01002385,Train,57,205,-148
E01002385,"Underground, metro, light rail, tram",16,43,-27
E01002385,Work mainly at or from home,339,59,280
E01002386,Bicycle,4,4,0
E01002386,"Bus, minibus or coach",34,39,-5
E01002386,Driving a car or van,253,332,-79
E01002386,"Motorcycle, scooter or moped",4,5,-1
E01002386,Not in employment or aged 15 years and under,1023,363,660
E01002386,On foot,57,71,-14
E01002386,Other method of travel to work,14,3,11
E01002386,Passenger in a car or van,11,26,-15
E01002386,Taxi,3,6,-3
E01002386,Train,110,328,-218
E01002386,"Underground, metro, light rail, tram",66,120,-54
E01002386,Work mainly at or from home,475,47,428
E01002387,Bicycle,4,6,-2
E01002387,"Bus, minibus or coach",9,14,-5
E01002387,Driving a car or van,206,309,-103
E01002387,"Motorcycle, scooter or moped",2,4,-2
E01002387,Not in employment or aged 15 years and under,910,359,551
E01002387,On foot,32,44,-12
E01002387,Other method of travel to work,5,1,4
E01002387,Passenger in a car or van,3,20,-17
E01002387,Taxi,1,14,-13
E01002387,Train,56,248,-192
E01002387,"Underground, metro, light rail, tram",25,63,-38
E01002387,Work mainly at or from home,352,45,307
E01002388,Bicycle,1,5,-4
E01002388,"Bus, minibus or coach",9,18,-9
E01002388,Driving a car or van,228,364,-136
E01002388,"Motorcycle, scooter or moped",1,5,-4
E01002388,Not in employment or aged 15 years and under,862,378,484
E01002388,On foot,20,40,-20
E01002388,Other method of travel to work,9,2,7
E01002388,Passenger in a car or van,12,14,-2
E01002388,Taxi,4,12,-8
E01002388,Train,58,229,-171
E01002388,"Underground, metro, light rail, tram",24,59,-35
E01002388,Work mainly at or from home,419,54,365
E01002389,Bicycle,0,6,-6
E01002389,"Bus, minibus or coach",8,22,-14
E01002389,Driving a car or van,240,402,-162
E01002389,"Motorcycle, scooter or moped",2,7,-5
E01002389,Not in employment or aged 15 years and under,898,513,385
E01002389,On foot,42,51,-9
E01002389,Other method of travel to work,7,5,2
E01002389,Passenger in a car or van,9,17,-8
E01002389,Taxi,5,21,-16
E01002389,Train,33,222,-189
E01002389,"Underground, metro, light rail, tram",19,58,-39
E01002389,Work mainly at or from home,329,56,273
E01002390,Bicycle,2,4,-2
E01002390,"Bus, minibus or coach",8,18,-10
E01002390,Driving a car or van,204,226,-22
E01002390,"Motorcycle, scooter or moped",1,2,-1
E01002390,Not in employment or aged 15 years and under,804,259,545
E01002390,On foot,28,34,-6
E01002390,Other method of travel to work,6,4,2
E01002390,Passenger in a car or van,9,11,-2
E01002390,Taxi,6,7,-1
E01002390,Train,45,150,-105
E01002390,"Underground, metro, light rail, tram",16,31,-15
E01002390,Work mainly at or from home,364,32,332
E01002391,Bicycle,7,4,3
E01002391,"Bus, minibus or coach",7,17,-10
E01002391,Driving a car or van,316,348,-32
E01002391,"Motorcycle, scooter or moped",0,5,-5
E01002391,Not in employment or aged 15 years and under,935,358,577
E01002391,On foot,40,55,-15
E01002391,Other method of travel to work,13,5,8
E01002391,Passenger in a car or van,25,18,7
E01002391,Taxi,3,8,-5
E01002391,Train,51,173,-122
E01002391,"Underground, metro, light rail, tram",29,33,-4
E01002391,Work mainly at or from home,313,48,265
E01002392,Bicycle,12,8,4
E01002392,"Bus, minibus or coach",111,119,-8
E01002392,Driving a car or van,339,355,-16
E01002392,"Motorcycle, scooter or moped",7,4,3
E01002392,Not in employment or aged 15 years and under,1084,441,643
E01002392,On foot,13,26,-13
E01002392,Other method of travel to work,13,7,6
E01002392,Passenger in a car or van,25,32,-7
E01002392,Taxi,7,1,6
E01002392,Train,16,23,-7
E01002392,"Underground, metro, light rail, tram",29,44,-15
E01002392,Work mainly at or from home,103,15,88
E01002393,Bicycle,18,14,4
E01002393,"Bus, minibus or coach",146,157,-11
E01002393,Driving a car or van,451,493,-42
E01002393,"Motorcycle, scooter or moped",3,7,-4
E01002393,Not in employment or aged 15 years and under,1195,526,669
E01002393,On foot,27,37,-10
E01002393,Other method of travel to work,8,8,0
E01002393,Passenger in a car or van,35,34,1
E01002393,Taxi,6,1,5
E01002393,Train,19,29,-10
E01002393,"Underground, metro, light rail, tram",44,69,-25
E01002393,Work mainly at or from home,180,16,164
E01002394,Bicycle,5,10,-5
E01002394,"Bus, minibus or coach",106,111,-5
E01002394,Driving a car or van,360,379,-19
E01002394,"Motorcycle, scooter or moped",3,2,1
E01002394,Not in employment or aged 15 years and under,1004,446,558
E01002394,On foot,35,27,8
E01002394,Other method of travel to work,16,4,12
E01002394,Passenger in a car or van,31,27,4
E01002394,Taxi,7,1,6
E01002394,Train,18,20,-2
E01002394,"Underground, metro, light rail, tram",27,54,-27
E01002394,Work mainly at or from home,134,20,114
E01002395,Bicycle,3,9,-6
E01002395,"Bus, minibus or coach",97,119,-22
E01002395,Driving a car or van,299,381,-82
E01002395,"Motorcycle, scooter or moped",3,4,-1
E01002395,Not in employment or aged 15 years and under,765,398,367
E01002395,On foot,20,32,-12
E01002395,Other method of travel to work,13,5,8
E01002395,Passenger in a car or van,20,25,-5
E01002395,Taxi,4,0,4
E01002395,Train,13,27,-14
E01002395,"Underground, metro, light rail, tram",18,41,-23
E01002395,Work mainly at or from home,128,13,115
E01002396,Bicycle,13,7,6
E01002396,"Bus, minibus or coach",142,185,-43
E01002396,Driving a car or van,337,375,-38
E01002396,"Motorcycle, scooter or moped",5,5,0
E01002396,Not in employment or aged 15 years and under,1020,507,513
E01002396,On foot,54,43,11
E01002396,Other method of travel to work,14,5,9
E01002396,Passenger in a car or van,34,27,7
E01002396,Taxi,4,3,1
E01002396,Train,11,31,-20
E01002396,"Underground, metro, light rail, tram",26,39,-13
E01002396,Work mainly at or from home,172,14,158
E01002397,Bicycle,11,4,7
E01002397,"Bus, minibus or coach",160,185,-25
E01002397,Driving a car or van,335,369,-34
E01002397,"Motorcycle, scooter or moped",5,0,5
E01002397,Not in employment or aged 15 years and under,1193,509,684
E01002397,On foot,38,57,-19
E01002397,Other method of travel to work,10,4,6
E01002397,Passenger in a car or van,30,30,0
E01002397,Taxi,1,1,0
E01002397,Train,13,36,-23
E01002397,"Underground, metro, light rail, tram",33,40,-7
E01002397,Work mainly at or from home,130,13,117
E01002398,Bicycle,7,13,-6
E01002398,"Bus, minibus or coach",121,183,-62
E01002398,Driving a car or van,374,444,-70
E01002398,"Motorcycle, scooter or moped",8,4,4
E01002398,Not in employment or aged 15 years and under,1027,469,558
E01002398,On foot,32,40,-8
E01002398,Other method of travel to work,16,4,12
E01002398,Passenger in a car or van,32,34,-2
E01002398,Taxi,5,2,3
E01002398,Train,17,48,-31
E01002398,"Underground, metro, light rail, tram",24,47,-23
E01002398,Work mainly at or from home,190,24,166
E01002399,Bicycle,6,8,-2
E01002399,"Bus, minibus or coach",101,173,-72
E01002399,Driving a car or van,366,425,-59
E01002399,"Motorcycle, scooter or moped",2,6,-4
E01002399,Not in employment or aged 15 years and under,912,421,491
E01002399,On foot,39,30,9
E01002399,Other method of travel to work,10,5,5
E01002399,Passenger in a car or van,22,32,-10
E01002399,Taxi,3,2,1
E01002399,Train,26,27,-1
E01002399,"Underground, metro, light rail, tram",29,33,-4
E01002399,Work mainly at or from home,162,10,152
E01002400,Bicycle,7,10,-3
E01002400,"Bus, minibus or coach",89,151,-62
E01002400,Driving a car or van,447,464,-17
E01002400,"Motorcycle, scooter or moped",4,7,-3
E01002400,Not in employment or aged 15 years and under,1098,503,595
E01002400,On foot,30,41,-11
E01002400,Other method of travel to work,13,5,8
E01002400,Passenger in a car or van,41,23,18
E01002400,Taxi,2,3,-1
E01002400,Train,15,32,-17
E01002400,"Underground, metro, light rail, tram",34,33,1
E01002400,Work mainly at or from home,224,16,208
E01002401,Bicycle,14,12,2
E01002401,"Bus, minibus or coach",142,164,-22
E01002401,Driving a car or van,435,406,29
E01002401,"Motorcycle, scooter or moped",10,7,3
E01002401,Not in employment or aged 15 years and under,1350,471,879
E01002401,On foot,36,39,-3
E01002401,Other method of travel to work,18,4,14
E01002401,Passenger in a car or van,43,29,14
E01002401,Taxi,0,4,-4
E01002401,Train,19,39,-20
E01002401,"Underground, metro, light rail, tram",32,29,3
E01002401,Work mainly at or from home,239,20,219
E01002402,Bicycle,10,9,1
E01002402,"Bus, minibus or coach",119,129,-10
E01002402,Driving a car or van,372,364,8
E01002402,"Motorcycle, scooter or moped",5,1,4
E01002402,Not in employment or aged 15 years and under,879,438,441
E01002402,On foot,33,30,3
E01002402,Other method of travel to work,6,4,2
E01002402,Passenger in a car or van,41,23,18
E01002402,Taxi,3,3,0
E01002402,Train,18,30,-12
E01002402,"Underground, metro, light rail, tram",21,35,-14
E01002402,Work mainly at or from home,127,9,118
E01002403,Bicycle,9,7,2
E01002403,"Bus, minibus or coach",152,166,-14
E01002403,Driving a car or van,465,385,80
E01002403,"Motorcycle, scooter or moped",6,7,-1
E01002403,Not in employment or aged 15 years and under,1428,503,925
E01002403,On foot,35,34,1
E01002403,Other method of travel to work,18,7,11
E01002403,Passenger in a car or van,35,18,17
E01002403,Taxi,7,1,6
E01002403,Train,41,37,4
E01002403,"Underground, metro, light rail, tram",49,45,4
E01002403,Work mainly at or from home,234,17,217
E01002404,Bicycle,12,15,-3
E01002404,"Bus, minibus or coach",134,165,-31
E01002404,Driving a car or van,393,394,-1
E01002404,"Motorcycle, scooter or moped",3,8,-5
E01002404,Not in employment or aged 15 years and under,1219,488,731
E01002404,On foot,39,41,-2
E01002404,Other method of travel to work,10,8,2
E01002404,Passenger in a car or van,21,26,-5
E01002404,Taxi,5,2,3
E01002404,Train,16,43,-27
E01002404,"Underground, metro, light rail, tram",28,53,-25
E01002404,Work mainly at or from home,145,16,129
E01002405,Bicycle,10,21,-11
E01002405,"Bus, minibus or coach",139,158,-19
E01002405,Driving a car or van,397,452,-55
E01002405,"Motorcycle, scooter or moped",4,6,-2
E01002405,Not in employment or aged 15 years and under,1122,540,582
E01002405,On foot,51,47,4
E01002405,Other method of travel to work,12,5,7
E01002405,Passenger in a car or van,25,32,-7
E01002405,Taxi,2,1,1
E01002405,Train,23,60,-37
E01002405,"Underground, metro, light rail, tram",21,47,-26
E01002405,Work mainly at or from home,157,32,125
E01002408,Bicycle,4,8,-4
E01002408,"Bus, minibus or coach",87,146,-59
E01002408,Driving a car or van,294,390,-96
E01002408,"Motorcycle, scooter or moped",4,3,1
E01002408,Not in employment or aged 15 years and under,954,428,526
E01002408,On foot,56,63,-7
E01002408,Other method of travel to work,7,3,4
E01002408,Passenger in a car or van,24,28,-4
E01002408,Taxi,7,1,6
E01002408,Train,18,20,-2
E01002408,"Underground, metro, light rail, tram",26,48,-22
E01002408,Work mainly at or from home,171,21,150
E01002409,Bicycle,15,13,2
E01002409,"Bus, minibus or coach",119,108,11
E01002409,Driving a car or van,345,444,-99
E01002409,"Motorcycle, scooter or moped",7,4,3
E01002409,Not in employment or aged 15 years and under,1129,501,628
E01002409,On foot,51,36,15
E01002409,Other method of travel to work,16,3,13
E01002409,Passenger in a car or van,32,28,4
E01002409,Taxi,6,4,2
E01002409,Train,15,29,-14
E01002409,"Underground, metro, light rail, tram",30,61,-31
E01002409,Work mainly at or from home,244,17,227
E01002410,Bicycle,7,18,-11
E01002410,"Bus, minibus or coach",88,126,-38
E01002410,Driving a car or van,379,504,-125
E01002410,"Motorcycle, scooter or moped",4,4,0
E01002410,Not in employment or aged 15 years and under,1037,440,597
E01002410,On foot,37,65,-28
E01002410,Other method of travel to work,10,3,7
E01002410,Passenger in a car or van,35,32,3
E01002410,Taxi,6,4,2
E01002410,Train,25,26,-1
E01002410,"Underground, metro, light rail, tram",41,60,-19
E01002410,Work mainly at or from home,266,26,240
E01002411,Bicycle,17,24,-7
E01002411,"Bus, minibus or coach",78,84,-6
E01002411,Driving a car or van,435,394,41
E01002411,"Motorcycle, scooter or moped",5,10,-5
E01002411,Not in employment or aged 15 years and under,1162,562,600
E01002411,On foot,61,91,-30
E01002411,Other method of travel to work,12,2,10
E01002411,Passenger in a car or van,38,32,6
E01002411,Taxi,8,2,6
E01002411,Train,28,21,7
E01002411,"Underground, metro, light rail, tram",44,48,-4
E01002411,Work mainly at or from home,245,20,225
E01002412,Bicycle,5,12,-7
E01002412,"Bus, minibus or coach",107,130,-23
E01002412,Driving a car or van,410,570,-160
E01002412,"Motorcycle, scooter or moped",8,11,-3
E01002412,Not in employment or aged 15 years and under,1095,623,472
E01002412,On foot,226,238,-12
E01002412,Other method of travel to work,12,5,7
E01002412,Passenger in a car or van,15,26,-11
E01002412,Taxi,6,3,3
E01002412,Train,26,39,-13
E01002412,"Underground, metro, light rail, tram",62,87,-25
E01002412,Work mainly at or from home,354,43,311
E01002413,Bicycle,18,20,-2
E01002413,"Bus, minibus or coach",57,85,-28
E01002413,Driving a car or van,288,370,-82
E01002413,"Motorcycle, scooter or moped",8,7,1
E01002413,Not in employment or aged 15 years and under,942,405,537
E01002413,On foot,51,60,-9
E01002413,Other method of travel to work,14,2,12
E01002413,Passenger in a car or van,18,27,-9
E01002413,Taxi,8,0,8
E01002413,Train,15,41,-26
E01002413,"Underground, metro, light rail, tram",39,53,-14
E01002413,Work mainly at or from home,180,23,157
E01002414,Bicycle,22,11,11
E01002414,"Bus, minibus or coach",105,158,-53
E01002414,Driving a car or van,219,375,-156
E01002414,"Motorcycle, scooter or moped",6,9,-3
E01002414,Not in employment or aged 15 years and under,1921,1989,-68
E01002414,On foot,62,207,-145
E01002414,Other method of travel to work,8,8,0
E01002414,Passenger in a car or van,18,39,-21
E01002414,Taxi,6,7,-1
E01002414,Train,27,53,-26
E01002414,"Underground, metro, light rail, tram",60,172,-112
E01002414,Work mainly at or from home,238,30,208
E01002415,Bicycle,10,7,3
E01002415,"Bus, minibus or coach",20,29,-9
E01002415,Driving a car or van,337,522,-185
E01002415,"Motorcycle, scooter or moped",4,16,-12
E01002415,Not in employment or aged 15 years and under,813,331,482
E01002415,On foot,25,35,-10
E01002415,Other method of travel to work,5,4,1
E01002415,Passenger in a car or van,19,25,-6
E01002415,Taxi,4,5,-1
E01002415,Train,21,39,-18
E01002415,"Underground, metro, light rail, tram",97,213,-116
E01002415,Work mainly at or from home,357,30,327
E01002416,Bicycle,2,10,-8
E01002416,"Bus, minibus or coach",19,25,-6
E01002416,Driving a car or van,366,560,-194
E01002416,"Motorcycle, scooter or moped",7,8,-1
E01002416,Not in employment or aged 15 years and under,876,359,517
E01002416,On foot,41,48,-7
E01002416,Other method of travel to work,15,6,9
E01002416,Passenger in a car or van,20,23,-3
E01002416,Taxi,3,3,0
E01002416,Train,22,30,-8
E01002416,"Underground, metro, light rail, tram",82,167,-85
E01002416,Work mainly at or from home,293,28,265
E01002417,Bicycle,11,12,-1
E01002417,"Bus, minibus or coach",13,17,-4
E01002417,Driving a car or van,293,373,-80
E01002417,"Motorcycle, scooter or moped",4,5,-1
E01002417,Not in employment or aged 15 years and under,843,347,496
E01002417,On foot,40,45,-5
E01002417,Other method of travel to work,3,1,2
E01002417,Passenger in a car or van,15,15,0
E01002417,Taxi,2,5,-3
E01002417,Train,26,21,5
E01002417,"Underground, metro, light rail, tram",111,247,-136
E01002417,Work mainly at or from home,419,47,372
E01002418,Bicycle,9,11,-2
E01002418,"Bus, minibus or coach",20,25,-5
E01002418,Driving a car or van,309,430,-121
E01002418,"Motorcycle, scooter or moped",12,15,-3
E01002418,Not in employment or aged 15 years and under,881,373,508
E01002418,On foot,36,47,-11
E01002418,Other method of travel to work,10,6,4
E01002418,Passenger in a car or van,15,19,-4
E01002418,Taxi,6,9,-3
E01002418,Train,31,40,-9
E01002418,"Underground, metro, light rail, tram",101,223,-122
E01002418,Work mainly at or from home,349,36,313
E01002419,Bicycle,10,12,-2
E01002419,"Bus, minibus or coach",24,28,-4
E01002419,Driving a car or van,282,389,-107
E01002419,"Motorcycle, scooter or moped",4,5,-1
E01002419,Not in employment or aged 15 years and under,778,312,466
E01002419,On foot,39,35,4
E01002419,Other method of travel to work,10,3,7
E01002419,Passenger in a car or van,13,17,-4
E01002419,Taxi,6,3,3
E01002419,Train,15,19,-4
E01002419,"Underground, metro, light rail, tram",111,253,-142
E01002419,Work mainly at or from home,405,31,374
E01002420,Bicycle,5,10,-5
E01002420,"Bus, minibus or coach",10,31,-21
E01002420,Driving a car or van,265,414,-149
E01002420,"Motorcycle, scooter or moped",5,6,-1
E01002420,Not in employment or aged 15 years and under,833,338,495
E01002420,On foot,30,36,-6
E01002420,Other method of travel to work,14,3,11
E01002420,Passenger in a car or van,10,18,-8
E01002420,Taxi,4,5,-1
E01002420,Train,15,39,-24
E01002420,"Underground, metro, light rail, tram",86,217,-131
E01002420,Work mainly at or from home,342,36,306
E01002421,Bicycle,11,8,3
E01002421,"Bus, minibus or coach",11,15,-4
E01002421,Driving a car or van,297,468,-171
E01002421,"Motorcycle, scooter or moped",8,9,-1
E01002421,Not in employment or aged 15 years and under,859,363,496
E01002421,On foot,39,39,0
E01002421,Other method of travel to work,6,6,0
E01002421,Passenger in a car or van,14,22,-8
E01002421,Taxi,7,5,2
E01002421,Train,19,32,-13
E01002421,"Underground, metro, light rail, tram",70,193,-123
E01002421,Work mainly at or from home,358,36,322
E01002422,Bicycle,7,4,3
E01002422,"Bus, minibus or coach",82,84,-2
E01002422,Driving a car or van,364,435,-71
E01002422,"Motorcycle, scooter or moped",3,7,-4
E01002422,Not in employment or aged 15 years and under,833,342,491
E01002422,On foot,30,38,-8
E01002422,Other method of travel to work,8,6,2
E01002422,Passenger in a car or van,32,22,10
E01002422,Taxi,4,2,2
E01002422,Train,6,16,-10
E01002422,"Underground, metro, light rail, tram",35,33,2
E01002422,Work mainly at or from home,160,21,139
E01002423,Bicycle,18,15,3
E01002423,"Bus, minibus or coach",74,98,-24
E01002423,Driving a car or van,435,546,-111
E01002423,"Motorcycle, scooter or moped",3,7,-4
E01002423,Not in employment or aged 15 years and under,945,373,572
E01002423,On foot,32,25,7
E01002423,Other method of travel to work,21,5,16
E01002423,Passenger in a car or van,21,32,-11
E01002423,Taxi,3,2,1
E01002423,Train,21,26,-5
E01002423,"Underground, metro, light rail, tram",30,50,-20
E01002423,Work mainly at or from home,211,17,194
E01002424,Bicycle,9,7,2
E01002424,"Bus, minibus or coach",95,109,-14
E01002424,Driving a car or van,391,474,-83
E01002424,"Motorcycle, scooter or moped",7,8,-1
E01002424,Not in employment or aged 15 years and under,889,381,508
E01002424,On foot,27,33,-6
E01002424,Other method of travel to work,10,0,10
E01002424,Passenger in a car or van,22,28,-6
E01002424,Taxi,2,2,0
E01002424,Train,8,12,-4
E01002424,"Underground, metro, light rail, tram",44,59,-15
E01002424,Work mainly at or from home,194,23,171
E01002425,Bicycle,11,17,-6
E01002425,"Bus, minibus or coach",84,137,-53
E01002425,Driving a car or van,365,426,-61
E01002425,"Motorcycle, scooter or moped",1,5,-4
E01002425,Not in employment or aged 15 years and under,948,574,374
E01002425,On foot,28,47,-19
E01002425,Other method of travel to work,19,4,15
E01002425,Passenger in a car or van,30,29,1
E01002425,Taxi,4,2,2
E01002425,Train,9,22,-13
E01002425,"Underground, metro, light rail, tram",22,55,-33
E01002425,Work mainly at or from home,169,15,154
E01002426,Bicycle,7,8,-1
E01002426,"Bus, minibus or coach",172,170,2
E01002426,Driving a car or van,392,451,-59
E01002426,"Motorcycle, scooter or moped",5,6,-1
E01002426,Not in employment or aged 15 years and under,1211,410,801
E01002426,On foot,28,24,4
E01002426,Other method of travel to work,9,3,6
E01002426,Passenger in a car or van,28,32,-4
E01002426,Taxi,5,2,3
E01002426,Train,13,32,-19
E01002426,"Underground, metro, light rail, tram",32,45,-13
E01002426,Work mainly at or from home,153,16,137
E01002427,Bicycle,13,11,2
E01002427,"Bus, minibus or coach",86,124,-38
E01002427,Driving a car or van,378,496,-118
E01002427,"Motorcycle, scooter or moped",3,6,-3
E01002427,Not in employment or aged 15 years and under,840,324,516
E01002427,On foot,30,26,4
E01002427,Other method of travel to work,5,2,3
E01002427,Passenger in a car or van,25,24,1
E01002427,Taxi,2,1,1
E01002427,Train,13,22,-9
E01002427,"Underground, metro, light rail, tram",18,37,-19
E01002427,Work mainly at or from home,188,11,177
E01002428,Bicycle,7,11,-4
E01002428,"Bus, minibus or coach",63,95,-32
E01002428,Driving a car or van,390,485,-95
E01002428,"Motorcycle, scooter or moped",6,6,0
E01002428,Not in employment or aged 15 years and under,779,305,474
E01002428,On foot,25,26,-1
E01002428,Other method of travel to work,8,2,6
E01002428,Passenger in a car or van,14,28,-14
E01002428,Taxi,2,3,-1
E01002428,Train,15,17,-2
E01002428,"Underground, metro, light rail, tram",47,44,3
E01002428,Work mainly at or from home,203,32,171
E01002429,Bicycle,6,9,-3
E01002429,"Bus, minibus or coach",78,102,-24
E01002429,Driving a car or van,368,384,-16
E01002429,"Motorcycle, scooter or moped",1,7,-6
E01002429,Not in employment or aged 15 years and under,837,374,463
E01002429,On foot,21,31,-10
E01002429,Other method of travel to work,12,6,6
E01002429,Passenger in a car or van,41,11,30
E01002429,Taxi,5,6,-1
E01002429,Train,15,17,-2
E01002429,"Underground, metro, light rail, tram",31,34,-3
E01002429,Work mainly at or from home,157,8,149
E01002430,Bicycle,9,10,-1
E01002430,"Bus, minibus or coach",9,12,-3
E01002430,Driving a car or van,231,451,-220
E01002430,"Motorcycle, scooter or moped",0,6,-6
E01002430,Not in employment or aged 15 years and under,724,349,375
E01002430,On foot,20,21,-1
E01002430,Other method of travel to work,4,2,2
E01002430,Passenger in a car or van,23,20,3
E01002430,Taxi,1,2,-1
E01002430,Train,6,19,-13
E01002430,"Underground, metro, light rail, tram",31,157,-126
E01002430,Work mainly at or from home,336,48,288
E01002431,Bicycle,7,8,-1
E01002431,"Bus, minibus or coach",9,13,-4
E01002431,Driving a car or van,198,331,-133
E01002431,"Motorcycle, scooter or moped",2,7,-5
E01002431,Not in employment or aged 15 years and under,712,316,396
E01002431,On foot,23,29,-6
E01002431,Other method of travel to work,3,2,1
E01002431,Passenger in a car or van,4,12,-8
E01002431,Taxi,1,3,-2
E01002431,Train,14,30,-16
E01002431,"Underground, metro, light rail, tram",53,207,-154
E01002431,Work mainly at or from home,315,46,269
E01002432,Bicycle,4,11,-7
E01002432,"Bus, minibus or coach",16,24,-8
E01002432,Driving a car or van,208,379,-171
E01002432,"Motorcycle, scooter or moped",1,4,-3
E01002432,Not in employment or aged 15 years and under,794,314,480
E01002432,On foot,35,41,-6
E01002432,Other method of travel to work,2,4,-2
E01002432,Passenger in a car or van,15,16,-1
E01002432,Taxi,6,7,-1
E01002432,Train,22,34,-12
E01002432,"Underground, metro, light rail, tram",87,277,-190
E01002432,Work mainly at or from home,313,42,271
E01002433,Bicycle,8,8,0
E01002433,"Bus, minibus or coach",44,30,14
E01002433,Driving a car or van,379,438,-59
E01002433,"Motorcycle, scooter or moped",4,5,-1
E01002433,Not in employment or aged 15 years and under,1263,446,817
E01002433,On foot,34,39,-5
E01002433,Other method of travel to work,16,4,12
E01002433,Passenger in a car or van,18,24,-6
E01002433,Taxi,5,1,4
E01002433,Train,14,32,-18
E01002433,"Underground, metro, light rail, tram",123,262,-139
E01002433,Work mainly at or from home,586,56,530
E01002434,Bicycle,8,14,-6
E01002434,"Bus, minibus or coach",9,10,-1
E01002434,Driving a car or van,230,380,-150
E01002434,"Motorcycle, scooter or moped",1,1,0
E01002434,Not in employment or aged 15 years and under,686,292,394
E01002434,On foot,29,31,-2
E01002434,Other method of travel to work,3,2,1
E01002434,Passenger in a car or van,11,28,-17
E01002434,Taxi,1,1,0
E01002434,Train,6,14,-8
E01002434,"Underground, metro, light rail, tram",30,130,-100
E01002434,Work mainly at or from home,319,51,268
E01002435,Bicycle,5,7,-2
E01002435,"Bus, minibus or coach",7,7,0
E01002435,Driving a car or van,238,402,-164
E01002435,"Motorcycle, scooter or moped",1,3,-2
E01002435,Not in employment or aged 15 years and under,825,320,505
E01002435,On foot,26,44,-18
E01002435,Other method of travel to work,2,3,-1
E01002435,Passenger in a car or van,11,19,-8
E01002435,Taxi,0,2,-2
E01002435,Train,17,11,6
E01002435,"Underground, metro, light rail, tram",61,188,-127
E01002435,Work mainly at or from home,341,45,296
E01002436,Bicycle,9,10,-1
E01002436,"Bus, minibus or coach",13,14,-1
E01002436,Driving a car or van,279,464,-185
E01002436,"Motorcycle, scooter or moped",1,2,-1
E01002436,Not in employment or aged 15 years and under,869,339,530
E01002436,On foot,41,38,3
E01002436,Other method of travel to work,5,3,2
E01002436,Passenger in a car or van,11,21,-10
E01002436,Taxi,5,9,-4
E01002436,Train,15,23,-8
E01002436,"Underground, metro, light rail, tram",60,183,-123
E01002436,Work mainly at or from home,378,51,327
E01002437,Bicycle,6,6,0
E01002437,"Bus, minibus or coach",3,18,-15
E01002437,Driving a car or van,176,356,-180
E01002437,"Motorcycle, scooter or moped",2,6,-4
E01002437,Not in employment or aged 15 years and under,846,359,487
E01002437,On foot,12,25,-13
E01002437,Other method of travel to work,8,4,4
E01002437,Passenger in a car or van,1,18,-17
E01002437,Taxi,0,3,-3
E01002437,Train,6,14,-8
E01002437,"Underground, metro, light rail, tram",39,159,-120
E01002437,Work mainly at or from home,319,56,263
E01002438,Bicycle,5,6,-1
E01002438,"Bus, minibus or coach",17,19,-2
E01002438,Driving a car or van,340,462,-122
E01002438,"Motorcycle, scooter or moped",1,10,-9
E01002438,Not in employment or aged 15 years and under,705,257,448
E01002438,On foot,38,37,1
E01002438,Other method of travel to work,6,3,3
E01002438,Passenger in a car or van,17,19,-2
E01002438,Taxi,0,2,-2
E01002438,Train,4,10,-6
E01002438,"Underground, metro, light rail, tram",28,52,-24
E01002438,Work mainly at or from home,284,51,233
E01002439,Bicycle,4,8,-4
E01002439,"Bus, minibus or coach",20,42,-22
E01002439,Driving a car or van,323,446,-123
E01002439,"Motorcycle, scooter or moped",3,7,-4
E01002439,Not in employment or aged 15 years and under,813,322,491
E01002439,On foot,131,176,-45
E01002439,Other method of travel to work,14,2,12
E01002439,Passenger in a car or van,20,27,-7
E01002439,Taxi,1,4,-3
E01002439,Train,9,18,-9
E01002439,"Underground, metro, light rail, tram",18,35,-17
E01002439,Work mainly at or from home,190,38,152
E01002440,Bicycle,11,16,-5
E01002440,"Bus, minibus or coach",27,37,-10
E01002440,Driving a car or van,418,429,-11
E01002440,"Motorcycle, scooter or moped",4,7,-3
E01002440,Not in employment or aged 15 years and under,781,338,443
E01002440,On foot,47,65,-18
E01002440,Other method of travel to work,7,3,4
E01002440,Passenger in a car or van,25,31,-6
E01002440,Taxi,2,4,-2
E01002440,Train,10,15,-5
E01002440,"Underground, metro, light rail, tram",28,38,-10
E01002440,Work mainly at or from home,232,32,200
E01002441,Bicycle,9,10,-1
E01002441,"Bus, minibus or coach",34,48,-14
E01002441,Driving a car or van,360,479,-119
E01002441,"Motorcycle, scooter or moped",1,6,-5
E01002441,Not in employment or aged 15 years and under,844,368,476
E01002441,On foot,41,68,-27
E01002441,Other method of travel to work,14,3,11
E01002441,Passenger in a car or van,12,43,-31
E01002441,Taxi,0,2,-2
E01002441,Train,5,20,-15
E01002441,"Underground, metro, light rail, tram",24,47,-23
E01002441,Work mainly at or from home,259,43,216
E01002442,Bicycle,6,12,-6
E01002442,"Bus, minibus or coach",41,65,-24
E01002442,Driving a car or van,429,533,-104
E01002442,"Motorcycle, scooter or moped",7,8,-1
E01002442,Not in employment or aged 15 years and under,798,343,455
E01002442,On foot,24,47,-23
E01002442,Other method of travel to work,17,0,17
E01002442,Passenger in a car or van,20,28,-8
E01002442,Taxi,4,1,3
E01002442,Train,12,23,-11
E01002442,"Underground, metro, light rail, tram",29,28,1
E01002442,Work mainly at or from home,235,30,205
E01002443,Bicycle,17,7,10
E01002443,"Bus, minibus or coach",333,288,45
E01002443,Driving a car or van,337,356,-19
E01002443,"Motorcycle, scooter or moped",2,4,-2
E01002443,Not in employment or aged 15 years and under,967,360,607
E01002443,On foot,33,50,-17
E01002443,Other method of travel to work,15,1,14
E01002443,Passenger in a car or van,31,24,7
E01002443,Taxi,6,3,3
E01002443,Train,30,21,9
E01002443,"Underground, metro, light rail, tram",48,66,-18
E01002443,Work mainly at or from home,224,28,196
E01002444,Bicycle,14,20,-6
E01002444,"Bus, minibus or coach",239,244,-5
E01002444,Driving a car or van,315,433,-118
E01002444,"Motorcycle, scooter or moped",2,9,-7
E01002444,Not in employment or aged 15 years and under,980,578,402
E01002444,On foot,54,104,-50
E01002444,Other method of travel to work,25,7,18
E01002444,Passenger in a car or van,24,23,1
E01002444,Taxi,3,2,1
E01002444,Train,6,25,-19
E01002444,"Underground, metro, light rail, tram",40,38,2
E01002444,Work mainly at or from home,193,34,159
E01002445,Bicycle,16,13,3
E01002445,"Bus, minibus or coach",116,119,-3
E01002445,Driving a car or van,308,357,-49
E01002445,"Motorcycle, scooter or moped",3,2,1
E01002445,Not in employment or aged 15 years and under,1041,391,650
E01002445,On foot,46,49,-3
E01002445,Other method of travel to work,12,2,10
E01002445,Passenger in a car or van,28,23,5
E01002445,Taxi,3,3,0
E01002445,Train,36,36,0
E01002445,"Underground, metro, light rail, tram",26,36,-10
E01002445,Work mainly at or from home,137,11,126
E01002446,Bicycle,11,15,-4
E01002446,"Bus, minibus or coach",180,156,24
E01002446,Driving a car or van,417,451,-34
E01002446,"Motorcycle, scooter or moped",10,3,7
E01002446,Not in employment or aged 15 years and under,983,337,646
E01002446,On foot,45,84,-39
E01002446,Other method of travel to work,20,13,7
E01002446,Passenger in a car or van,24,30,-6
E01002446,Taxi,3,0,3
E01002446,Train,22,31,-9
E01002446,"Underground, metro, light rail, tram",28,31,-3
E01002446,Work mainly at or from home,222,20,202
E01002447,Bicycle,17,12,5
E01002447,"Bus, minibus or coach",368,371,-3
E01002447,Driving a car or van,392,400,-8
E01002447,"Motorcycle, scooter or moped",14,8,6
E01002447,Not in employment or aged 15 years and under,937,360,577
E01002447,On foot,55,53,2
E01002447,Other method of travel to work,25,5,20
E01002447,Passenger in a car or van,20,23,-3
E01002447,Taxi,1,5,-4
E01002447,Train,23,26,-3
E01002447,"Underground, metro, light rail, tram",53,41,12
E01002447,Work mainly at or from home,172,27,145
E01002448,Bicycle,10,9,1
E01002448,"Bus, minibus or coach",299,350,-51
E01002448,Driving a car or van,355,402,-47
E01002448,"Motorcycle, scooter or moped",4,6,-2
E01002448,Not in employment or aged 15 years and under,1153,471,682
E01002448,On foot,47,54,-7
E01002448,Other method of travel to work,25,6,19
E01002448,Passenger in a car or van,19,23,-4
E01002448,Taxi,7,1,6
E01002448,Train,26,48,-22
E01002448,"Underground, metro, light rail, tram",49,43,6
E01002448,Work mainly at or from home,160,35,125
E01002449,Bicycle,9,12,-3
E01002449,"Bus, minibus or coach",393,423,-30
E01002449,Driving a car or van,309,353,-44
E01002449,"Motorcycle, scooter or moped",12,8,4
E01002449,Not in employment or aged 15 years and under,1123,395,728
E01002449,On foot,51,67,-16
E01002449,Other method of travel to work,15,6,9
E01002449,Passenger in a car or van,23,17,6
E01002449,Taxi,3,0,3
E01002449,Train,28,36,-8
E01002449,"Underground, metro, light rail, tram",37,58,-21
E01002449,Work mainly at or from home,137,20,117
E01002450,Bicycle,4,14,-10
E01002450,"Bus, minibus or coach",27,66,-39
E01002450,Driving a car or van,357,477,-120
E01002450,"Motorcycle, scooter or moped",5,7,-2
E01002450,Not in employment or aged 15 years and under,693,265,428
E01002450,On foot,37,30,7
E01002450,Other method of travel to work,7,0,7
E01002450,Passenger in a car or van,37,26,11
E01002450,Taxi,1,3,-2
E01002450,Train,8,23,-15
E01002450,"Underground, metro, light rail, tram",55,75,-20
E01002450,Work mainly at or from home,271,26,245
E01002451,Bicycle,6,8,-2
E01002451,"Bus, minibus or coach",36,56,-20
E01002451,Driving a car or van,323,473,-150
E01002451,"Motorcycle, scooter or moped",5,7,-2
E01002451,Not in employment or aged 15 years and under,757,310,447
E01002451,On foot,25,46,-21
E01002451,Other method of travel to work,6,2,4
E01002451,Passenger in a car or van,27,41,-14
E01002451,Taxi,4,0,4
E01002451,Train,19,19,0
E01002451,"Underground, metro, light rail, tram",59,100,-41
E01002451,Work mainly at or from home,242,20,222
E01002452,Bicycle,9,9,0
E01002452,"Bus, minibus or coach",23,66,-43
E01002452,Driving a car or van,345,493,-148
E01002452,"Motorcycle, scooter or moped",5,7,-2
E01002452,Not in employment or aged 15 years and under,762,309,453
E01002452,On foot,21,40,-19
E01002452,Other method of travel to work,3,5,-2
E01002452,Passenger in a car or van,22,33,-11
E01002452,Taxi,1,1,0
E01002452,Train,14,22,-8
E01002452,"Underground, metro, light rail, tram",60,130,-70
E01002452,Work mainly at or from home,269,21,248
E01002453,Bicycle,7,9,-2
E01002453,"Bus, minibus or coach",50,78,-28
E01002453,Driving a car or van,384,533,-149
E01002453,"Motorcycle, scooter or moped",5,5,0
E01002453,Not in employment or aged 15 years and under,919,361,558
E01002453,On foot,24,64,-40
E01002453,Other method of travel to work,4,2,2
E01002453,Passenger in a car or van,36,27,9
E01002453,Taxi,3,2,1
E01002453,Train,14,30,-16
E01002453,"Underground, metro, light rail, tram",56,92,-36
E01002453,Work mainly at or from home,283,30,253
E01002454,Bicycle,17,18,-1
E01002454,"Bus, minibus or coach",63,72,-9
E01002454,Driving a car or van,407,509,-102
E01002454,"Motorcycle, scooter or moped",5,5,0
E01002454,Not in employment or aged 15 years and under,1095,416,679
E01002454,On foot,39,27,12
E01002454,Other method of travel to work,9,7,2
E01002454,Passenger in a car or van,25,35,-10
E01002454,Taxi,1,1,0
E01002454,Train,20,22,-2
E01002454,"Underground, metro, light rail, tram",50,62,-12
E01002454,Work mainly at or from home,194,29,165
E01002455,Bicycle,13,12,1
E01002455,"Bus, minibus or coach",112,121,-9
E01002455,Driving a car or van,357,432,-75
E01002455,"Motorcycle, scooter or moped",7,7,0
E01002455,Not in employment or aged 15 years and under,1134,484,650
E01002455,On foot,50,49,1
E01002455,Other method of travel to work,10,5,5
E01002455,Passenger in a car or van,24,26,-2
E01002455,Taxi,6,4,2
E01002455,Train,14,25,-11
E01002455,"Underground, metro, light rail, tram",50,70,-20
E01002455,Work mainly at or from home,205,24,181
E01002456,Bicycle,13,10,3
E01002456,"Bus, minibus or coach",37,80,-43
E01002456,Driving a car or van,357,409,-52
E01002456,"Motorcycle, scooter or moped",2,8,-6
E01002456,Not in employment or aged 15 years and under,957,374,583
E01002456,On foot,39,56,-17
E01002456,Other method of travel to work,10,4,6
E01002456,Passenger in a car or van,30,30,0
E01002456,Taxi,5,4,1
E01002456,Train,10,27,-17
E01002456,"Underground, metro, light rail, tram",36,73,-37
E01002456,Work mainly at or from home,238,34,204
E01002457,Bicycle,10,13,-3
E01002457,"Bus, minibus or coach",67,124,-57
E01002457,Driving a car or van,317,363,-46
E01002457,"Motorcycle, scooter or moped",5,6,-1
E01002457,Not in employment or aged 15 years and under,856,436,420
E01002457,On foot,48,68,-20
E01002457,Other method of travel to work,8,3,5
E01002457,Passenger in a car or van,29,35,-6
E01002457,Taxi,4,5,-1
E01002457,Train,19,25,-6
E01002457,"Underground, metro, light rail, tram",29,44,-15
E01002457,Work mainly at or from home,213,16,197
E01002458,Bicycle,3,10,-7
E01002458,"Bus, minibus or coach",15,19,-4
E01002458,Driving a car or van,266,411,-145
E01002458,"Motorcycle, scooter or moped",2,3,-1
E01002458,Not in employment or aged 15 years and under,757,342,415
E01002458,On foot,17,42,-25
E01002458,Other method of travel to work,6,2,4
E01002458,Passenger in a car or van,15,19,-4
E01002458,Taxi,3,5,-2
E01002458,Train,15,17,-2
E01002458,"Underground, metro, light rail, tram",38,110,-72
E01002458,Work mainly at or from home,301,40,261
E01002459,Bicycle,9,12,-3
E01002459,"Bus, minibus or coach",11,27,-16
E01002459,Driving a car or van,268,481,-213
E01002459,"Motorcycle, scooter or moped",2,3,-1
E01002459,Not in employment or aged 15 years and under,898,430,468
E01002459,On foot,26,45,-19
E01002459,Other method of travel to work,8,2,6
E01002459,Passenger in a car or van,18,15,3
E01002459,Taxi,7,3,4
E01002459,Train,6,34,-28
E01002459,"Underground, metro, light rail, tram",52,137,-85
E01002459,Work mainly at or from home,364,56,308
E01002460,Bicycle,5,10,-5
E01002460,"Bus, minibus or coach",9,17,-8
E01002460,Driving a car or van,235,341,-106
E01002460,"Motorcycle, scooter or moped",7,5,2
E01002460,Not in employment or aged 15 years and under,692,243,449
E01002460,On foot,27,25,2
E01002460,Other method of travel to work,5,1,4
E01002460,Passenger in a car or van,20,13,7
E01002460,Taxi,4,1,3
E01002460,Train,15,19,-4
E01002460,"Underground, metro, light rail, tram",60,112,-52
E01002460,Work mainly at or from home,340,26,314
E01002461,Bicycle,4,3,1
E01002461,"Bus, minibus or coach",20,37,-17
E01002461,Driving a car or van,294,442,-148
E01002461,"Motorcycle, scooter or moped",0,5,-5
E01002461,Not in employment or aged 15 years and under,755,355,400
E01002461,On foot,11,27,-16
E01002461,Other method of travel to work,12,3,9
E01002461,Passenger in a car or van,8,26,-18
E01002461,Taxi,7,1,6
E01002461,Train,10,27,-17
E01002461,"Underground, metro, light rail, tram",44,91,-47
E01002461,Work mainly at or from home,349,58,291
E01002462,Bicycle,13,16,-3
E01002462,"Bus, minibus or coach",10,28,-18
E01002462,Driving a car or van,315,452,-137
E01002462,"Motorcycle, scooter or moped",8,5,3
E01002462,Not in employment or aged 15 years and under,749,275,474
E01002462,On foot,16,24,-8
E01002462,Other method of travel to work,3,2,1
E01002462,Passenger in a car or van,9,23,-14
E01002462,Taxi,0,3,-3
E01002462,Train,9,16,-7
E01002462,"Underground, metro, light rail, tram",50,102,-52
E01002462,Work mainly at or from home,313,46,267
E01002463,Bicycle,3,15,-12
E01002463,"Bus, minibus or coach",12,17,-5
E01002463,Driving a car or van,277,457,-180
E01002463,"Motorcycle, scooter or moped",4,5,-1
E01002463,Not in employment or aged 15 years and under,758,351,407
E01002463,On foot,17,23,-6
E01002463,Other method of travel to work,5,2,3
E01002463,Passenger in a car or van,15,19,-4
E01002463,Taxi,3,1,2
E01002463,Train,10,33,-23
E01002463,"Underground, metro, light rail, tram",54,145,-91
E01002463,Work mainly at or from home,339,54,285
E01002464,Bicycle,14,14,0
E01002464,"Bus, minibus or coach",6,13,-7
E01002464,Driving a car or van,296,470,-174
E01002464,"Motorcycle, scooter or moped",7,16,-9
E01002464,Not in employment or aged 15 years and under,777,297,480
E01002464,On foot,32,26,6
E01002464,Other method of travel to work,3,3,0
E01002464,Passenger in a car or van,15,23,-8
E01002464,Taxi,0,2,-2
E01002464,Train,12,27,-15
E01002464,"Underground, metro, light rail, tram",73,172,-99
E01002464,Work mainly at or from home,383,37,346
E01002465,Bicycle,5,13,-8
E01002465,"Bus, minibus or coach",64,34,30
E01002465,Driving a car or van,316,403,-87
E01002465,"Motorcycle, scooter or moped",4,5,-1
E01002465,Not in employment or aged 15 years and under,816,277,539
E01002465,On foot,29,53,-24
E01002465,Other method of travel to work,9,4,5
E01002465,Passenger in a car or van,25,21,4
E01002465,Taxi,2,3,-1
E01002465,Train,24,39,-15
E01002465,"Underground, metro, light rail, tram",131,223,-92
E01002465,Work mainly at or from home,292,33,259
E01002466,Bicycle,12,15,-3
E01002466,"Bus, minibus or coach",15,22,-7
E01002466,Driving a car or van,308,487,-179
E01002466,"Motorcycle, scooter or moped",5,13,-8
E01002466,Not in employment or aged 15 years and under,843,294,549
E01002466,On foot,26,37,-11
E01002466,Other method of travel to work,8,4,4
E01002466,Passenger in a car or van,14,16,-2
E01002466,Taxi,6,3,3
E01002466,Train,18,33,-15
E01002466,"Underground, metro, light rail, tram",88,212,-124
E01002466,Work mainly at or from home,381,41,340
E01002467,Bicycle,7,7,0
E01002467,"Bus, minibus or coach",20,20,0
E01002467,Driving a car or van,268,350,-82
E01002467,"Motorcycle, scooter or moped",5,2,3
E01002467,Not in employment or aged 15 years and under,861,300,561
E01002467,On foot,35,48,-13
E01002467,Other method of travel to work,11,3,8
E01002467,Passenger in a car or van,14,15,-1
E01002467,Taxi,2,5,-3
E01002467,Train,14,34,-20
E01002467,"Underground, metro, light rail, tram",73,176,-103
E01002467,Work mainly at or from home,299,39,260
E01002468,Bicycle,4,7,-3
E01002468,"Bus, minibus or coach",18,37,-19
E01002468,Driving a car or van,349,505,-156
E01002468,"Motorcycle, scooter or moped",3,8,-5
E01002468,Not in employment or aged 15 years and under,763,293,470
E01002468,On foot,59,49,10
E01002468,Other method of travel to work,8,15,-7
E01002468,Passenger in a car or van,16,26,-10
E01002468,Taxi,1,3,-2
E01002468,Train,20,31,-11
E01002468,"Underground, metro, light rail, tram",105,239,-134
E01002468,Work mainly at or from home,370,37,333
E01002469,Bicycle,11,7,4
E01002469,"Bus, minibus or coach",19,25,-6
E01002469,Driving a car or van,304,504,-200
E01002469,"Motorcycle, scooter or moped",6,9,-3
E01002469,Not in employment or aged 15 years and under,783,321,462
E01002469,On foot,45,49,-4
E01002469,Other method of travel to work,7,2,5
E01002469,Passenger in a car or van,28,30,-2
E01002469,Taxi,10,4,6
E01002469,Train,22,42,-20
E01002469,"Underground, metro, light rail, tram",96,224,-128
E01002469,Work mainly at or from home,332,30,302
E01002470,Bicycle,7,12,-5
E01002470,"Bus, minibus or coach",31,40,-9
E01002470,Driving a car or van,241,398,-157
E01002470,"Motorcycle, scooter or moped",5,5,0
E01002470,Not in employment or aged 15 years and under,979,344,635
E01002470,On foot,51,63,-12
E01002470,Other method of travel to work,9,0,9
E01002470,Passenger in a car or van,17,19,-2
E01002470,Taxi,2,3,-1
E01002470,Train,18,30,-12
E01002470,"Underground, metro, light rail, tram",112,249,-137
E01002470,Work mainly at or from home,361,49,312
E01002471,Bicycle,8,8,0
E01002471,"Bus, minibus or coach",17,24,-7
E01002471,Driving a car or van,287,433,-146
E01002471,"Motorcycle, scooter or moped",6,10,-4
E01002471,Not in employment or aged 15 years and under,750,298,452
E01002471,On foot,40,50,-10
E01002471,Other method of travel to work,14,3,11
E01002471,Passenger in a car or van,13,26,-13
E01002471,Taxi,1,5,-4
E01002471,Train,12,27,-15
E01002471,"Underground, metro, light rail, tram",105,258,-153
E01002471,Work mainly at or from home,378,47,331
E01002472,Bicycle,5,9,-4
E01002472,"Bus, minibus or coach",29,22,7
E01002472,Driving a car or van,208,312,-104
E01002472,"Motorcycle, scooter or moped",7,5,2
E01002472,Not in employment or aged 15 years and under,885,414,471
E01002472,On foot,42,49,-7
E01002472,Other method of travel to work,12,3,9
E01002472,Passenger in a car or van,4,17,-13
E01002472,Taxi,2,2,0
E01002472,Train,21,33,-12
E01002472,"Underground, metro, light rail, tram",88,246,-158
E01002472,Work mainly at or from home,377,54,323
E01002473,Bicycle,2,6,-4
E01002473,"Bus, minibus or coach",16,15,1
E01002473,Driving a car or van,239,418,-179
E01002473,"Motorcycle, scooter or moped",0,3,-3
E01002473,Not in employment or aged 15 years and under,897,425,472
E01002473,On foot,20,19,1
E01002473,Other method of travel to work,5,7,-2
E01002473,Passenger in a car or van,5,21,-16
E01002473,Taxi,2,1,1
E01002473,Train,13,29,-16
E01002473,"Underground, metro, light rail, tram",53,156,-103
E01002473,Work mainly at or from home,424,91,333
E01002474,Bicycle,7,11,-4
E01002474,"Bus, minibus or coach",23,36,-13
E01002474,Driving a car or van,280,372,-92
E01002474,"Motorcycle, scooter or moped",0,1,-1
E01002474,Not in employment or aged 15 years and under,877,332,545
E01002474,On foot,41,34,7
E01002474,Other method of travel to work,12,4,8
E01002474,Passenger in a car or van,21,11,10
E01002474,Taxi,3,2,1
E01002474,Train,24,18,6
E01002474,"Underground, metro, light rail, tram",90,209,-119
E01002474,Work mainly at or from home,368,60,308
E01002475,Bicycle,5,2,3
E01002475,"Bus, minibus or coach",42,47,-5
E01002475,Driving a car or van,229,317,-88
E01002475,"Motorcycle, scooter or moped",2,8,-6
E01002475,Not in employment or aged 15 years and under,903,368,535
E01002475,On foot,56,57,-1
E01002475,Other method of travel to work,13,4,9
E01002475,Passenger in a car or van,4,24,-20
E01002475,Taxi,3,1,2
E01002475,Train,12,24,-12
E01002475,"Underground, metro, light rail, tram",66,166,-100
E01002475,Work mainly at or from home,301,57,244
E01002476,Bicycle,2,3,-1
E01002476,"Bus, minibus or coach",11,19,-8
E01002476,Driving a car or van,212,340,-128
E01002476,"Motorcycle, scooter or moped",2,2,0
E01002476,Not in employment or aged 15 years and under,874,403,471
E01002476,On foot,24,43,-19
E01002476,Other method of travel to work,6,4,2
E01002476,Passenger in a car or van,5,7,-2
E01002476,Taxi,0,1,-1
E01002476,Train,9,24,-15
E01002476,"Underground, metro, light rail, tram",57,232,-175
E01002476,Work mainly at or from home,429,82,347
E01002477,Bicycle,6,6,0
E01002477,"Bus, minibus or coach",13,22,-9
E01002477,Driving a car or van,150,271,-121
E01002477,"Motorcycle, scooter or moped",0,1,-1
E01002477,Not in employment or aged 15 years and under,733,319,414
E01002477,On foot,26,50,-24
E01002477,Other method of travel to work,7,4,3
E01002477,Passenger in a car or van,5,13,-8
E01002477,Taxi,4,2,2
E01002477,Train,10,15,-5
E01002477,"Underground, metro, light rail, tram",70,175,-105
E01002477,Work mainly at or from home,330,55,275
E01002478,Bicycle,4,4,0
E01002478,"Bus, minibus or coach",26,28,-2
E01002478,Driving a car or van,228,330,-102
E01002478,"Motorcycle, scooter or moped",0,5,-5
E01002478,Not in employment or aged 15 years and under,829,342,487
E01002478,On foot,44,56,-12
E01002478,Other method of travel to work,9,5,4
E01002478,Passenger in a car or van,5,8,-3
E01002478,Taxi,0,8,-8
E01002478,Train,18,28,-10
E01002478,"Underground, metro, light rail, tram",91,248,-157
E01002478,Work mainly at or from home,347,60,287
E01002479,Bicycle,11,7,4
E01002479,"Bus, minibus or coach",28,46,-18
E01002479,Driving a car or van,317,432,-115
E01002479,"Motorcycle, scooter or moped",9,4,5
E01002479,Not in employment or aged 15 years and under,970,391,579
E01002479,On foot,36,32,4
E01002479,Other method of travel to work,9,2,7
E01002479,Passenger in a car or van,27,25,2
E01002479,Taxi,3,3,0
E01002479,Train,31,42,-11
E01002479,"Underground, metro, light rail, tram",70,190,-120
E01002479,Work mainly at or from home,342,28,314
E01002480,Bicycle,4,8,-4
E01002480,"Bus, minibus or coach",15,19,-4
E01002480,Driving a car or van,303,462,-159
E01002480,"Motorcycle, scooter or moped",4,15,-11
E01002480,Not in employment or aged 15 years and under,948,387,561
E01002480,On foot,24,33,-9
E01002480,Other method of travel to work,8,3,5
E01002480,Passenger in a car or van,13,19,-6
E01002480,Taxi,4,3,1
E01002480,Train,19,21,-2
E01002480,"Underground, metro, light rail, tram",83,237,-154
E01002480,Work mainly at or from home,440,68,372
E01002481,Bicycle,7,12,-5
E01002481,"Bus, minibus or coach",29,49,-20
E01002481,Driving a car or van,293,370,-77
E01002481,"Motorcycle, scooter or moped",4,5,-1
E01002481,Not in employment or aged 15 years and under,875,399,476
E01002481,On foot,30,51,-21
E01002481,Other method of travel to work,11,4,7
E01002481,Passenger in a car or van,20,18,2
E01002481,Taxi,5,1,4
E01002481,Train,16,33,-17
E01002481,"Underground, metro, light rail, tram",68,199,-131
E01002481,Work mainly at or from home,283,34,249
E01002482,Bicycle,0,4,-4
E01002482,"Bus, minibus or coach",13,22,-9
E01002482,Driving a car or van,216,348,-132
E01002482,"Motorcycle, scooter or moped",2,1,1
E01002482,Not in employment or aged 15 years and under,855,387,468
E01002482,On foot,22,33,-11
E01002482,Other method of travel to work,2,4,-2
E01002482,Passenger in a car or van,8,14,-6
E01002482,Taxi,2,3,-1
E01002482,Train,10,21,-11
E01002482,"Underground, metro, light rail, tram",80,192,-112
E01002482,Work mainly at or from home,455,109,346
E01002483,Bicycle,8,8,0
E01002483,"Bus, minibus or coach",48,59,-11
E01002483,Driving a car or van,307,377,-70
E01002483,"Motorcycle, scooter or moped",6,5,1
E01002483,Not in employment or aged 15 years and under,985,420,565
E01002483,On foot,48,55,-7
E01002483,Other method of travel to work,10,5,5
E01002483,Passenger in a car or van,14,29,-15
E01002483,Taxi,5,4,1
E01002483,Train,39,27,12
E01002483,"Underground, metro, light rail, tram",132,233,-101
E01002483,Work mainly at or from home,344,42,302
E01002484,Bicycle,3,11,-8
E01002484,"Bus, minibus or coach",27,42,-15
E01002484,Driving a car or van,247,351,-104
E01002484,"Motorcycle, scooter or moped",3,3,0
E01002484,Not in employment or aged 15 years and under,746,321,425
E01002484,On foot,38,57,-19
E01002484,Other method of travel to work,5,4,1
E01002484,Passenger in a car or van,16,27,-11
E01002484,Taxi,4,3,1
E01002484,Train,18,27,-9
E01002484,"Underground, metro, light rail, tram",62,176,-114
E01002484,Work mainly at or from home,257,35,222
E01002485,Bicycle,5,7,-2
E01002485,"Bus, minibus or coach",55,60,-5
E01002485,Driving a car or van,346,408,-62
E01002485,"Motorcycle, scooter or moped",3,4,-1
E01002485,Not in employment or aged 15 years and under,1019,390,629
E01002485,On foot,57,39,18
E01002485,Other method of travel to work,6,3,3
E01002485,Passenger in a car or van,17,14,3
E01002485,Taxi,4,4,0
E01002485,Train,46,39,7
E01002485,"Underground, metro, light rail, tram",144,254,-110
E01002485,Work mainly at or from home,330,39,291
E01002486,Bicycle,21,14,7
E01002486,"Bus, minibus or coach",133,136,-3
E01002486,Driving a car or van,462,527,-65
E01002486,"Motorcycle, scooter or moped",6,12,-6
E01002486,Not in employment or aged 15 years and under,1252,548,704
E01002486,On foot,34,35,-1
E01002486,Other method of travel to work,15,5,10
E01002486,Passenger in a car or van,34,33,1
E01002486,Taxi,5,2,3
E01002486,Train,35,67,-32
E01002486,"Underground, metro, light rail, tram",51,69,-18
E01002486,Work mainly at or from home,191,37,154
E01002487,Bicycle,8,8,0
E01002487,"Bus, minibus or coach",121,157,-36
E01002487,Driving a car or van,364,441,-77
E01002487,"Motorcycle, scooter or moped",6,9,-3
E01002487,Not in employment or aged 15 years and under,1082,474,608
E01002487,On foot,36,29,7
E01002487,Other method of travel to work,14,4,10
E01002487,Passenger in a car or van,33,30,3
E01002487,Taxi,5,3,2
E01002487,Train,25,63,-38
E01002487,"Underground, metro, light rail, tram",27,52,-25
E01002487,Work mainly at or from home,192,34,158
E01002488,Bicycle,6,2,4
E01002488,"Bus, minibus or coach",98,133,-35
E01002488,Driving a car or van,378,451,-73
E01002488,"Motorcycle, scooter or moped",7,7,0
E01002488,Not in employment or aged 15 years and under,975,430,545
E01002488,On foot,36,41,-5
E01002488,Other method of travel to work,10,8,2
E01002488,Passenger in a car or van,28,23,5
E01002488,Taxi,7,5,2
E01002488,Train,35,62,-27
E01002488,"Underground, metro, light rail, tram",24,35,-11
E01002488,Work mainly at or from home,164,22,142
E01002489,Bicycle,14,13,1
E01002489,"Bus, minibus or coach",166,227,-61
E01002489,Driving a car or van,357,398,-41
E01002489,"Motorcycle, scooter or moped",1,3,-2
E01002489,Not in employment or aged 15 years and under,1028,475,553
E01002489,On foot,50,34,16
E01002489,Other method of travel to work,14,6,8
E01002489,Passenger in a car or van,32,27,5
E01002489,Taxi,2,5,-3
E01002489,Train,54,80,-26
E01002489,"Underground, metro, light rail, tram",31,42,-11
E01002489,Work mainly at or from home,185,19,166
E01002490,Bicycle,7,12,-5
E01002490,"Bus, minibus or coach",186,227,-41
E01002490,Driving a car or van,438,491,-53
E01002490,"Motorcycle, scooter or moped",5,3,2
E01002490,Not in employment or aged 15 years and under,1153,509,644
E01002490,On foot,49,51,-2
E01002490,Other method of travel to work,10,3,7
E01002490,Passenger in a car or van,32,21,11
E01002490,Taxi,5,4,1
E01002490,Train,25,88,-63
E01002490,"Underground, metro, light rail, tram",45,73,-28
E01002490,Work mainly at or from home,180,17,163
E01002491,Bicycle,15,2,13
E01002491,"Bus, minibus or coach",125,172,-47
E01002491,Driving a car or van,301,340,-39
E01002491,"Motorcycle, scooter or moped",3,6,-3
E01002491,Not in employment or aged 15 years and under,1004,454,550
E01002491,On foot,43,31,12
E01002491,Other method of travel to work,12,3,9
E01002491,Passenger in a car or van,29,27,2
E01002491,Taxi,4,1,3
E01002491,Train,25,35,-10
E01002491,"Underground, metro, light rail, tram",24,32,-8
E01002491,Work mainly at or from home,141,15,126
E01002492,Bicycle,4,7,-3
E01002492,"Bus, minibus or coach",98,113,-15
E01002492,Driving a car or van,385,429,-44
E01002492,"Motorcycle, scooter or moped",5,0,5
E01002492,Not in employment or aged 15 years and under,916,429,487
E01002492,On foot,39,36,3
E01002492,Other method of travel to work,17,3,14
E01002492,Passenger in a car or van,31,40,-9
E01002492,Taxi,6,4,2
E01002492,Train,22,39,-17
E01002492,"Underground, metro, light rail, tram",19,43,-24
E01002492,Work mainly at or from home,160,18,142
E01002493,Bicycle,7,11,-4
E01002493,"Bus, minibus or coach",127,187,-60
E01002493,Driving a car or van,328,347,-19
E01002493,"Motorcycle, scooter or moped",3,10,-7
E01002493,Not in employment or aged 15 years and under,1250,491,759
E01002493,On foot,47,44,3
E01002493,Other method of travel to work,17,4,13
E01002493,Passenger in a car or van,24,28,-4
E01002493,Taxi,4,3,1
E01002493,Train,32,45,-13
E01002493,"Underground, metro, light rail, tram",26,38,-12
E01002493,Work mainly at or from home,138,10,128
E01002494,Bicycle,10,11,-1
E01002494,"Bus, minibus or coach",26,33,-7
E01002494,Driving a car or van,325,438,-113
E01002494,"Motorcycle, scooter or moped",11,15,-4
E01002494,Not in employment or aged 15 years and under,873,331,542
E01002494,On foot,30,48,-18
E01002494,Other method of travel to work,9,2,7
E01002494,Passenger in a car or van,19,29,-10
E01002494,Taxi,2,2,0
E01002494,Train,36,48,-12
E01002494,"Underground, metro, light rail, tram",117,259,-142
E01002494,Work mainly at or from home,346,36,310
E01002495,Bicycle,26,70,-44
E01002495,"Bus, minibus or coach",41,45,-4
E01002495,Driving a car or van,380,525,-145
E01002495,"Motorcycle, scooter or moped",4,19,-15
E01002495,Not in employment or aged 15 years and under,861,361,500
E01002495,On foot,67,364,-297
E01002495,Other method of travel to work,11,12,-1
E01002495,Passenger in a car or van,15,28,-13
E01002495,Taxi,3,7,-4
E01002495,Train,26,46,-20
E01002495,"Underground, metro, light rail, tram",118,243,-125
E01002495,Work mainly at or from home,323,33,290
E01002496,Bicycle,12,11,1
E01002496,"Bus, minibus or coach",62,61,1
E01002496,Driving a car or van,384,498,-114
E01002496,"Motorcycle, scooter or moped",3,11,-8
E01002496,Not in employment or aged 15 years and under,938,370,568
E01002496,On foot,48,45,3
E01002496,Other method of travel to work,18,1,17
E01002496,Passenger in a car or van,16,28,-12
E01002496,Taxi,5,10,-5
E01002496,Train,22,34,-12
E01002496,"Underground, metro, light rail, tram",121,219,-98
E01002496,Work mainly at or from home,333,27,306
E01002497,Bicycle,10,12,-2
E01002497,"Bus, minibus or coach",63,70,-7
E01002497,Driving a car or van,412,412,0
E01002497,"Motorcycle, scooter or moped",14,11,3
E01002497,Not in employment or aged 15 years and under,1210,406,804
E01002497,On foot,66,46,20
E01002497,Other method of travel to work,5,3,2
E01002497,Passenger in a car or van,23,21,2
E01002497,Taxi,3,7,-4
E01002497,Train,44,58,-14
E01002497,"Underground, metro, light rail, tram",179,243,-64
E01002497,Work mainly at or from home,452,29,423
E01002498,Bicycle,2,6,-4
E01002498,"Bus, minibus or coach",15,34,-19
E01002498,Driving a car or van,262,361,-99
E01002498,"Motorcycle, scooter or moped",5,10,-5
E01002498,Not in employment or aged 15 years and under,724,308,416
E01002498,On foot,28,61,-33
E01002498,Other method of travel to work,2,1,1
E01002498,Passenger in a car or van,17,23,-6
E01002498,Taxi,0,2,-2
E01002498,Train,16,21,-5
E01002498,"Underground, metro, light rail, tram",58,166,-108
E01002498,Work mainly at or from home,282,28,254
E01002499,Bicycle,35,9,26
E01002499,"Bus, minibus or coach",43,42,1
E01002499,Driving a car or van,389,432,-43
E01002499,"Motorcycle, scooter or moped",7,12,-5
E01002499,Not in employment or aged 15 years and under,955,379,576
E01002499,On foot,96,43,53
E01002499,Other method of travel to work,12,1,11
E01002499,Passenger in a car or van,18,35,-17
E01002499,Taxi,4,6,-2
E01002499,Train,22,47,-25
E01002499,"Underground, metro, light rail, tram",86,208,-122
E01002499,Work mainly at or from home,389,29,360
E01002501,Bicycle,6,7,-1
E01002501,"Bus, minibus or coach",135,154,-19
E01002501,Driving a car or van,327,367,-40
E01002501,"Motorcycle, scooter or moped",2,3,-1
E01002501,Not in employment or aged 15 years and under,978,462,516
E01002501,On foot,31,51,-20
E01002501,Other method of travel to work,18,4,14
E01002501,Passenger in a car or van,28,25,3
E01002501,Taxi,5,3,2
E01002501,Train,23,50,-27
E01002501,"Underground, metro, light rail, tram",26,63,-37
E01002501,Work mainly at or from home,160,21,139
E01002502,Bicycle,4,7,-3
E01002502,"Bus, minibus or coach",109,152,-43
E01002502,Driving a car or van,322,415,-93
E01002502,"Motorcycle, scooter or moped",3,4,-1
E01002502,Not in employment or aged 15 years and under,1283,522,761
E01002502,On foot,39,61,-22
E01002502,Other method of travel to work,7,7,0
E01002502,Passenger in a car or van,25,42,-17
E01002502,Taxi,5,2,3
E01002502,Train,23,44,-21
E01002502,"Underground, metro, light rail, tram",35,44,-9
E01002502,Work mainly at or from home,148,21,127
E01002503,Bicycle,13,10,3
E01002503,"Bus, minibus or coach",166,158,8
E01002503,Driving a car or van,297,344,-47
E01002503,"Motorcycle, scooter or moped",2,3,-1
E01002503,Not in employment or aged 15 years and under,1131,506,625
E01002503,On foot,57,66,-9
E01002503,Other method of travel to work,15,2,13
E01002503,Passenger in a car or van,34,16,18
E01002503,Taxi,7,1,6
E01002503,Train,26,58,-32
E01002503,"Underground, metro, light rail, tram",20,52,-32
E01002503,Work mainly at or from home,169,24,145
E01002505,Bicycle,12,14,-2
E01002505,"Bus, minibus or coach",123,188,-65
E01002505,Driving a car or van,322,395,-73
E01002505,"Motorcycle, scooter or moped",4,2,2
E01002505,Not in employment or aged 15 years and under,1020,470,550
E01002505,On foot,53,38,15
E01002505,Other method of travel to work,12,2,10
E01002505,Passenger in a car or van,21,27,-6
E01002505,Taxi,9,3,6
E01002505,Train,21,24,-3
E01002505,"Underground, metro, light rail, tram",40,39,1
E01002505,Work mainly at or from home,144,11,133
E01002506,Bicycle,12,7,5
E01002506,"Bus, minibus or coach",275,217,58
E01002506,Driving a car or van,237,281,-44
E01002506,"Motorcycle, scooter or moped",1,4,-3
E01002506,Not in employment or aged 15 years and under,1204,569,635
E01002506,On foot,77,67,10
E01002506,Other method of travel to work,19,1,18
E01002506,Passenger in a car or van,20,21,-1
E01002506,Taxi,9,1,8
E01002506,Train,52,63,-11
E01002506,"Underground, metro, light rail, tram",36,54,-18
E01002506,Work mainly at or from home,130,17,113
E01002507,Bicycle,13,8,5
E01002507,"Bus, minibus or coach",145,164,-19
E01002507,Driving a car or van,368,365,3
E01002507,"Motorcycle, scooter or moped",3,5,-2
E01002507,Not in employment or aged 15 years and under,1104,475,629
E01002507,On foot,46,45,1
E01002507,Other method of travel to work,9,2,7
E01002507,Passenger in a car or van,34,27,7
E01002507,Taxi,3,1,2
E01002507,Train,31,58,-27
E01002507,"Underground, metro, light rail, tram",35,45,-10
E01002507,Work mainly at or from home,181,16,165
E01002508,Bicycle,10,13,-3
E01002508,"Bus, minibus or coach",141,148,-7
E01002508,Driving a car or van,339,328,11
E01002508,"Motorcycle, scooter or moped",4,5,-1
E01002508,Not in employment or aged 15 years and under,1355,543,812
E01002508,On foot,59,43,16
E01002508,Other method of travel to work,12,4,8
E01002508,Passenger in a car or van,42,35,7
E01002508,Taxi,4,2,2
E01002508,Train,38,34,4
E01002508,"Underground, metro, light rail, tram",43,30,13
E01002508,Work mainly at or from home,144,19,125
E01002509,Bicycle,4,5,-1
E01002509,"Bus, minibus or coach",26,59,-33
E01002509,Driving a car or van,346,451,-105
E01002509,"Motorcycle, scooter or moped",1,6,-5
E01002509,Not in employment or aged 15 years and under,752,327,425
E01002509,On foot,35,45,-10
E01002509,Other method of travel to work,4,6,-2
E01002509,Passenger in a car or van,23,28,-5
E01002509,Taxi,5,4,1
E01002509,Train,11,28,-17
E01002509,"Underground, metro, light rail, tram",22,56,-34
E01002509,Work mainly at or from home,259,32,227
E01002511,Bicycle,11,5,6
E01002511,"Bus, minibus or coach",51,87,-36
E01002511,Driving a car or van,334,395,-61
E01002511,"Motorcycle, scooter or moped",7,12,-5
E01002511,Not in employment or aged 15 years and under,893,416,477
E01002511,On foot,43,61,-18
E01002511,Other method of travel to work,17,7,10
E01002511,Passenger in a car or van,16,26,-10
E01002511,Taxi,5,2,3
E01002511,Train,11,12,-1
E01002511,"Underground, metro, light rail, tram",38,73,-35
E01002511,Work mainly at or from home,203,26,177
E01002512,Bicycle,9,12,-3
E01002512,"Bus, minibus or coach",33,43,-10
E01002512,Driving a car or van,355,484,-129
E01002512,"Motorcycle, scooter or moped",3,5,-2
E01002512,Not in employment or aged 15 years and under,1014,397,617
E01002512,On foot,54,96,-42
E01002512,Other method of travel to work,9,4,5
E01002512,Passenger in a car or van,12,32,-20
E01002512,Taxi,1,4,-3
E01002512,Train,11,24,-13
E01002512,"Underground, metro, light rail, tram",58,116,-58
E01002512,Work mainly at or from home,496,65,431
E01002513,Bicycle,4,11,-7
E01002513,"Bus, minibus or coach",22,32,-10
E01002513,Driving a car or van,249,434,-185
E01002513,"Motorcycle, scooter or moped",2,1,1
E01002513,Not in employment or aged 15 years and under,787,340,447
E01002513,On foot,16,41,-25
E01002513,Other method of travel to work,7,6,1
E01002513,Passenger in a car or van,22,19,3
E01002513,Taxi,2,3,-1
E01002513,Train,17,15,2
E01002513,"Underground, metro, light rail, tram",42,80,-38
E01002513,Work mainly at or from home,261,42,219
E01002514,Bicycle,10,26,-16
E01002514,"Bus, minibus or coach",84,108,-24
E01002514,Driving a car or van,305,446,-141
E01002514,"Motorcycle, scooter or moped",4,10,-6
E01002514,Not in employment or aged 15 years and under,917,398,519
E01002514,On foot,87,144,-57
E01002514,Other method of travel to work,14,7,7
E01002514,Passenger in a car or van,11,27,-16
E01002514,Taxi,6,2,4
E01002514,Train,14,34,-20
E01002514,"Underground, metro, light rail, tram",101,175,-74
E01002514,Work mainly at or from home,402,63,339
E01002516,Bicycle,10,5,5
E01002516,"Bus, minibus or coach",16,25,-9
E01002516,Driving a car or van,315,449,-134
E01002516,"Motorcycle, scooter or moped",5,4,1
E01002516,Not in employment or aged 15 years and under,755,341,414
E01002516,On foot,13,31,-18
E01002516,Other method of travel to work,5,4,1
E01002516,Passenger in a car or van,17,31,-14
E01002516,Taxi,2,3,-1
E01002516,Train,13,20,-7
E01002516,"Underground, metro, light rail, tram",27,97,-70
E01002516,Work mainly at or from home,286,71,215
E01002518,Bicycle,3,18,-15
E01002518,"Bus, minibus or coach",36,49,-13
E01002518,Driving a car or van,270,395,-125
E01002518,"Motorcycle, scooter or moped",6,6,0
E01002518,Not in employment or aged 15 years and under,715,409,306
E01002518,On foot,43,56,-13
E01002518,Other method of travel to work,8,3,5
E01002518,Passenger in a car or van,10,23,-13
E01002518,Taxi,3,2,1
E01002518,Train,11,20,-9
E01002518,"Underground, metro, light rail, tram",28,46,-18
E01002518,Work mainly at or from home,186,33,153
E01002519,Bicycle,10,26,-16
E01002519,"Bus, minibus or coach",76,82,-6
E01002519,Driving a car or van,402,411,-9
E01002519,"Motorcycle, scooter or moped",3,7,-4
E01002519,Not in employment or aged 15 years and under,968,426,542
E01002519,On foot,53,86,-33
E01002519,Other method of travel to work,7,3,4
E01002519,Passenger in a car or van,30,25,5
E01002519,Taxi,10,6,4
E01002519,Train,25,28,-3
E01002519,"Underground, metro, light rail, tram",60,58,2
E01002519,Work mainly at or from home,335,13,322
E01002520,Bicycle,9,9,0
E01002520,"Bus, minibus or coach",78,74,4
E01002520,Driving a car or van,345,360,-15
E01002520,"Motorcycle, scooter or moped",4,10,-6
E01002520,Not in employment or aged 15 years and under,1060,444,616
E01002520,On foot,75,121,-46
E01002520,Other method of travel to work,12,3,9
E01002520,Passenger in a car or van,19,24,-5
E01002520,Taxi,2,3,-1
E01002520,Train,27,20,7
E01002520,"Underground, metro, light rail, tram",103,96,7
E01002520,Work mainly at or from home,303,36,267
E01002521,Bicycle,6,13,-7
E01002521,"Bus, minibus or coach",96,125,-29
E01002521,Driving a car or van,239,299,-60
E01002521,"Motorcycle, scooter or moped",7,5,2
E01002521,Not in employment or aged 15 years and under,1100,485,615
E01002521,On foot,119,164,-45
E01002521,Other method of travel to work,27,2,25
E01002521,Passenger in a car or van,23,20,3
E01002521,Taxi,1,1,0
E01002521,Train,31,24,7
E01002521,"Underground, metro, light rail, tram",104,145,-41
E01002521,Work mainly at or from home,306,24,282
E01002523,Bicycle,8,13,-5
E01002523,"Bus, minibus or coach",60,70,-10
E01002523,Driving a car or van,259,362,-103
E01002523,"Motorcycle, scooter or moped",2,4,-2
E01002523,Not in employment or aged 15 years and under,774,515,259
E01002523,On foot,80,143,-63
E01002523,Other method of travel to work,6,0,6
E01002523,Passenger in a car or van,29,21,8
E01002523,Taxi,0,4,-4
E01002523,Train,18,16,2
E01002523,"Underground, metro, light rail, tram",64,116,-52
E01002523,Work mainly at or from home,259,22,237
E01002525,Bicycle,13,18,-5
E01002525,"Bus, minibus or coach",73,104,-31
E01002525,Driving a car or van,348,463,-115
E01002525,"Motorcycle, scooter or moped",4,6,-2
E01002525,Not in employment or aged 15 years and under,912,378,534
E01002525,On foot,28,71,-43
E01002525,Other method of travel to work,10,5,5
E01002525,Passenger in a car or van,16,22,-6
E01002525,Taxi,3,3,0
E01002525,Train,37,86,-49
E01002525,"Underground, metro, light rail, tram",33,35,-2
E01002525,Work mainly at or from home,321,27,294
E01002526,Bicycle,20,17,3
E01002526,"Bus, minibus or coach",141,155,-14
E01002526,Driving a car or van,591,460,131
E01002526,"Motorcycle, scooter or moped",7,9,-2
E01002526,Not in employment or aged 15 years and under,1501,503,998
E01002526,On foot,61,60,1
E01002526,Other method of travel to work,5,0,5
E01002526,Passenger in a car or van,43,26,17
E01002526,Taxi,7,2,5
E01002526,Train,49,42,7
E01002526,"Underground, metro, light rail, tram",65,45,20
E01002526,Work mainly at or from home,472,15,457
E01002527,Bicycle,9,15,-6
E01002527,"Bus, minibus or coach",65,119,-54
E01002527,Driving a car or van,336,475,-139
E01002527,"Motorcycle, scooter or moped",6,5,1
E01002527,Not in employment or aged 15 years and under,867,466,401
E01002527,On foot,27,51,-24
E01002527,Other method of travel to work,8,3,5
E01002527,Passenger in a car or van,17,21,-4
E01002527,Taxi,4,2,2
E01002527,Train,29,61,-32
E01002527,"Underground, metro, light rail, tram",23,42,-19
E01002527,Work mainly at or from home,208,17,191
E01002528,Bicycle,13,18,-5
E01002528,"Bus, minibus or coach",90,100,-10
E01002528,Driving a car or van,406,404,2
E01002528,"Motorcycle, scooter or moped",7,13,-6
E01002528,Not in employment or aged 15 years and under,1080,474,606
E01002528,On foot,30,45,-15
E01002528,Other method of travel to work,6,5,1
E01002528,Passenger in a car or van,27,41,-14
E01002528,Taxi,7,0,7
E01002528,Train,15,46,-31
E01002528,"Underground, metro, light rail, tram",31,27,4
E01002528,Work mainly at or from home,170,23,147
E01002529,Bicycle,12,13,-1
E01002529,"Bus, minibus or coach",167,191,-24
E01002529,Driving a car or van,381,504,-123
E01002529,"Motorcycle, scooter or moped",12,13,-1
E01002529,Not in employment or aged 15 years and under,1302,466,836
E01002529,On foot,53,87,-34
E01002529,Other method of travel to work,16,3,13
E01002529,Passenger in a car or van,37,31,6
E01002529,Taxi,2,4,-2
E01002529,Train,59,126,-67
E01002529,"Underground, metro, light rail, tram",73,67,6
E01002529,Work mainly at or from home,429,31,398
E01002530,Bicycle,12,11,1
E01002530,"Bus, minibus or coach",127,96,31
E01002530,Driving a car or van,355,266,89
E01002530,"Motorcycle, scooter or moped",5,3,2
E01002530,Not in employment or aged 15 years and under,1013,348,665
E01002530,On foot,42,34,8
E01002530,Other method of travel to work,4,1,3
E01002530,Passenger in a car or van,30,19,11
E01002530,Taxi,5,0,5
E01002530,Train,26,25,1
E01002530,"Underground, metro, light rail, tram",32,20,12
E01002530,Work mainly at or from home,142,7,135
E01002531,Bicycle,7,15,-8
E01002531,"Bus, minibus or coach",58,92,-34
E01002531,Driving a car or van,332,480,-148
E01002531,"Motorcycle, scooter or moped",3,6,-3
E01002531,Not in employment or aged 15 years and under,871,395,476
E01002531,On foot,34,55,-21
E01002531,Other method of travel to work,6,0,6
E01002531,Passenger in a car or van,27,28,-1
E01002531,Taxi,5,3,2
E01002531,Train,41,74,-33
E01002531,"Underground, metro, light rail, tram",33,38,-5
E01002531,Work mainly at or from home,263,46,217
E01002533,Bicycle,6,3,3
E01002533,"Bus, minibus or coach",21,28,-7
E01002533,Driving a car or van,312,475,-163
E01002533,"Motorcycle, scooter or moped",8,10,-2
E01002533,Not in employment or aged 15 years and under,717,323,394
E01002533,On foot,36,40,-4
E01002533,Other method of travel to work,9,2,7
E01002533,Passenger in a car or van,25,21,4
E01002533,Taxi,10,7,3
E01002533,Train,12,23,-11
E01002533,"Underground, metro, light rail, tram",45,94,-49
E01002533,Work mainly at or from home,257,35,222
E01002534,Bicycle,4,15,-11
E01002534,"Bus, minibus or coach",16,17,-1
E01002534,Driving a car or van,275,392,-117
E01002534,"Motorcycle, scooter or moped",4,7,-3
E01002534,Not in employment or aged 15 years and under,809,337,472
E01002534,On foot,38,30,8
E01002534,Other method of travel to work,7,3,4
E01002534,Passenger in a car or van,6,20,-14
E01002534,Taxi,1,4,-3
E01002534,Train,13,30,-17
E01002534,"Underground, metro, light rail, tram",57,138,-81
E01002534,Work mainly at or from home,291,37,254
E01002535,Bicycle,4,12,-8
E01002535,"Bus, minibus or coach",62,39,23
E01002535,Driving a car or van,286,452,-166
E01002535,"Motorcycle, scooter or moped",3,8,-5
E01002535,Not in employment or aged 15 years and under,995,351,644
E01002535,On foot,53,65,-12
E01002535,Other method of travel to work,11,7,4
E01002535,Passenger in a car or van,26,14,12
E01002535,Taxi,4,4,0
E01002535,Train,35,34,1
E01002535,"Underground, metro, light rail, tram",152,305,-153
E01002535,Work mainly at or from home,550,49,501
E01002536,Bicycle,12,31,-19
E01002536,"Bus, minibus or coach",20,33,-13
E01002536,Driving a car or van,253,396,-143
E01002536,"Motorcycle, scooter or moped",5,3,2
E01002536,Not in employment or aged 15 years and under,588,220,368
E01002536,On foot,41,48,-7
E01002536,Other method of travel to work,10,6,4
E01002536,Passenger in a car or van,17,14,3
E01002536,Taxi,2,1,1
E01002536,Train,14,44,-30
E01002536,"Underground, metro, light rail, tram",77,199,-122
E01002536,Work mainly at or from home,288,26,262
E01002537,Bicycle,13,9,4
E01002537,"Bus, minibus or coach",25,20,5
E01002537,Driving a car or van,424,412,12
E01002537,"Motorcycle, scooter or moped",6,10,-4
E01002537,Not in employment or aged 15 years and under,1194,279,915
E01002537,On foot,30,33,-3
E01002537,Other method of travel to work,5,4,1
E01002537,Passenger in a car or van,18,17,1
E01002537,Taxi,0,5,-5
E01002537,Train,34,34,0
E01002537,"Underground, metro, light rail, tram",139,216,-77
E01002537,Work mainly at or from home,595,33,562
E01002538,Bicycle,6,1,5
E01002538,"Bus, minibus or coach",13,36,-23
E01002538,Driving a car or van,323,526,-203
E01002538,"Motorcycle, scooter or moped",5,14,-9
E01002538,Not in employment or aged 15 years and under,921,357,564
E01002538,On foot,32,44,-12
E01002538,Other method of travel to work,10,2,8
E01002538,Passenger in a car or van,13,20,-7
E01002538,Taxi,3,8,-5
E01002538,Train,16,26,-10
E01002538,"Underground, metro, light rail, tram",52,110,-58
E01002538,Work mainly at or from home,296,50,246
E01002539,Bicycle,9,13,-4
E01002539,"Bus, minibus or coach",14,20,-6
E01002539,Driving a car or van,278,425,-147
E01002539,"Motorcycle, scooter or moped",5,6,-1
E01002539,Not in employment or aged 15 years and under,944,336,608
E01002539,On foot,32,41,-9
E01002539,Other method of travel to work,7,3,4
E01002539,Passenger in a car or van,7,22,-15
E01002539,Taxi,4,4,0
E01002539,Train,15,32,-17
E01002539,"Underground, metro, light rail, tram",53,121,-68
E01002539,Work mainly at or from home,339,56,283
E01002540,Bicycle,6,15,-9
E01002540,"Bus, minibus or coach",117,122,-5
E01002540,Driving a car or van,354,452,-98
E01002540,"Motorcycle, scooter or moped",8,9,-1
E01002540,Not in employment or aged 15 years and under,1048,431,617
E01002540,On foot,20,33,-13
E01002540,Other method of travel to work,17,3,14
E01002540,Passenger in a car or van,35,27,8
E01002540,Taxi,9,3,6
E01002540,Train,12,30,-18
E01002540,"Underground, metro, light rail, tram",45,66,-21
E01002540,Work mainly at or from home,160,20,140
E01002541,Bicycle,18,20,-2
E01002541,"Bus, minibus or coach",90,109,-19
E01002541,Driving a car or van,462,663,-201
E01002541,"Motorcycle, scooter or moped",7,10,-3
E01002541,Not in employment or aged 15 years and under,997,405,592
E01002541,On foot,21,21,0
E01002541,Other method of travel to work,19,2,17
E01002541,Passenger in a car or van,29,44,-15
E01002541,Taxi,7,5,2
E01002541,Train,26,40,-14
E01002541,"Underground, metro, light rail, tram",60,100,-40
E01002541,Work mainly at or from home,269,32,237
E01002542,Bicycle,10,6,4
E01002542,"Bus, minibus or coach",136,190,-54
E01002542,Driving a car or van,380,394,-14
E01002542,"Motorcycle, scooter or moped",7,6,1
E01002542,Not in employment or aged 15 years and under,1321,525,796
E01002542,On foot,40,38,2
E01002542,Other method of travel to work,12,8,4
E01002542,Passenger in a car or van,18,17,1
E01002542,Taxi,8,2,6
E01002542,Train,25,31,-6
E01002542,"Underground, metro, light rail, tram",33,61,-28
E01002542,Work mainly at or from home,130,25,105
E01002543,Bicycle,13,11,2
E01002543,"Bus, minibus or coach",116,148,-32
E01002543,Driving a car or van,374,416,-42
E01002543,"Motorcycle, scooter or moped",5,5,0
E01002543,Not in employment or aged 15 years and under,1134,437,697
E01002543,On foot,24,32,-8
E01002543,Other method of travel to work,10,5,5
E01002543,Passenger in a car or van,29,20,9
E01002543,Taxi,5,2,3
E01002543,Train,18,27,-9
E01002543,"Underground, metro, light rail, tram",55,40,15
E01002543,Work mainly at or from home,139,17,122
E01002544,Bicycle,5,10,-5
E01002544,"Bus, minibus or coach",70,98,-28
E01002544,Driving a car or van,374,500,-126
E01002544,"Motorcycle, scooter or moped",7,9,-2
E01002544,Not in employment or aged 15 years and under,888,430,458
E01002544,On foot,24,35,-11
E01002544,Other method of travel to work,10,3,7
E01002544,Passenger in a car or van,25,34,-9
E01002544,Taxi,6,3,3
E01002544,Train,21,28,-7
E01002544,"Underground, metro, light rail, tram",31,65,-34
E01002544,Work mainly at or from home,235,26,209
E01002545,Bicycle,17,13,4
E01002545,"Bus, minibus or coach",75,108,-33
E01002545,Driving a car or van,270,307,-37
E01002545,"Motorcycle, scooter or moped",5,1,4
E01002545,Not in employment or aged 15 years and under,943,459,484
E01002545,On foot,20,34,-14
E01002545,Other method of travel to work,10,2,8
E01002545,Passenger in a car or van,16,13,3
E01002545,Taxi,5,2,3
E01002545,Train,8,17,-9
E01002545,"Underground, metro, light rail, tram",29,32,-3
E01002545,Work mainly at or from home,101,13,88
E01002546,Bicycle,13,14,-1
E01002546,"Bus, minibus or coach",152,160,-8
E01002546,Driving a car or van,331,426,-95
E01002546,"Motorcycle, scooter or moped",2,6,-4
E01002546,Not in employment or aged 15 years and under,981,386,595
E01002546,On foot,38,33,5
E01002546,Other method of travel to work,10,4,6
E01002546,Passenger in a car or van,27,31,-4
E01002546,Taxi,3,2,1
E01002546,Train,23,15,8
E01002546,"Underground, metro, light rail, tram",17,43,-26
E01002546,Work mainly at or from home,138,20,118
E01002547,Bicycle,10,11,-1
E01002547,"Bus, minibus or coach",123,148,-25
E01002547,Driving a car or van,296,345,-49
E01002547,"Motorcycle, scooter or moped",4,9,-5
E01002547,Not in employment or aged 15 years and under,1007,470,537
E01002547,On foot,62,43,19
E01002547,Other method of travel to work,13,3,10
E01002547,Passenger in a car or van,28,25,3
E01002547,Taxi,8,0,8
E01002547,Train,12,29,-17
E01002547,"Underground, metro, light rail, tram",28,42,-14
E01002547,Work mainly at or from home,124,15,109
E01002548,Bicycle,10,16,-6
E01002548,"Bus, minibus or coach",108,93,15
E01002548,Driving a car or van,333,368,-35
E01002548,"Motorcycle, scooter or moped",2,11,-9
E01002548,Not in employment or aged 15 years and under,1308,440,868
E01002548,On foot,53,55,-2
E01002548,Other method of travel to work,8,7,1
E01002548,Passenger in a car or van,29,27,2
E01002548,Taxi,2,1,1
E01002548,Train,33,37,-4
E01002548,"Underground, metro, light rail, tram",31,39,-8
E01002548,Work mainly at or from home,203,20,183
E01002549,Bicycle,12,25,-13
E01002549,"Bus, minibus or coach",67,139,-72
E01002549,Driving a car or van,380,631,-251
E01002549,"Motorcycle, scooter or moped",5,11,-6
E01002549,Not in employment or aged 15 years and under,1034,527,507
E01002549,On foot,36,68,-32
E01002549,Other method of travel to work,6,9,-3
E01002549,Passenger in a car or van,28,38,-10
E01002549,Taxi,5,3,2
E01002549,Train,19,55,-36
E01002549,"Underground, metro, light rail, tram",40,75,-35
E01002549,Work mainly at or from home,239,31,208
E01002550,Bicycle,21,28,-7
E01002550,"Bus, minibus or coach",87,126,-39
E01002550,Driving a car or van,393,526,-133
E01002550,"Motorcycle, scooter or moped",4,8,-4
E01002550,Not in employment or aged 15 years and under,939,435,504
E01002550,On foot,85,90,-5
E01002550,Other method of travel to work,7,7,0
E01002550,Passenger in a car or van,25,31,-6
E01002550,Taxi,7,3,4
E01002550,Train,31,46,-15
E01002550,"Underground, metro, light rail, tram",41,50,-9
E01002550,Work mainly at or from home,213,23,190
E01002551,Bicycle,8,11,-3
E01002551,"Bus, minibus or coach",108,73,35
E01002551,Driving a car or van,400,398,2
E01002551,"Motorcycle, scooter or moped",2,2,0
E01002551,Not in employment or aged 15 years and under,1208,408,800
E01002551,On foot,76,77,-1
E01002551,Other method of travel to work,13,6,7
E01002551,Passenger in a car or van,39,31,8
E01002551,Taxi,6,2,4
E01002551,Train,24,32,-8
E01002551,"Underground, metro, light rail, tram",55,28,27
E01002551,Work mainly at or from home,199,21,178
E01002552,Bicycle,5,14,-9
E01002552,"Bus, minibus or coach",88,106,-18
E01002552,Driving a car or van,375,373,2
E01002552,"Motorcycle, scooter or moped",6,5,1
E01002552,Not in employment or aged 15 years and under,913,432,481
E01002552,On foot,61,85,-24
E01002552,Other method of travel to work,6,7,-1
E01002552,Passenger in a car or van,28,28,0
E01002552,Taxi,2,2,0
E01002552,Train,42,46,-4
E01002552,"Underground, metro, light rail, tram",36,37,-1
E01002552,Work mainly at or from home,183,20,163
E01002553,Bicycle,14,19,-5
E01002553,"Bus, minibus or coach",90,118,-28
E01002553,Driving a car or van,368,389,-21
E01002553,"Motorcycle, scooter or moped",3,10,-7
E01002553,Not in employment or aged 15 years and under,938,480,458
E01002553,On foot,63,90,-27
E01002553,Other method of travel to work,14,3,11
E01002553,Passenger in a car or van,39,35,4
E01002553,Taxi,3,2,1
E01002553,Train,25,36,-11
E01002553,"Underground, metro, light rail, tram",33,32,1
E01002553,Work mainly at or from home,163,13,150
E01002555,Bicycle,19,23,-4
E01002555,"Bus, minibus or coach",130,181,-51
E01002555,Driving a car or van,451,546,-95
E01002555,"Motorcycle, scooter or moped",11,13,-2
E01002555,Not in employment or aged 15 years and under,1023,415,608
E01002555,On foot,37,46,-9
E01002555,Other method of travel to work,10,5,5
E01002555,Passenger in a car or van,38,30,8
E01002555,Taxi,3,2,1
E01002555,Train,44,41,3
E01002555,"Underground, metro, light rail, tram",67,103,-36
E01002555,Work mainly at or from home,239,29,210
E01002556,Bicycle,24,24,0
E01002556,"Bus, minibus or coach",111,136,-25
E01002556,Driving a car or van,400,435,-35
E01002556,"Motorcycle, scooter or moped",8,15,-7
E01002556,Not in employment or aged 15 years and under,944,375,569
E01002556,On foot,40,49,-9
E01002556,Other method of travel to work,22,6,16
E01002556,Passenger in a car or van,34,34,0
E01002556,Taxi,2,2,0
E01002556,Train,39,47,-8
E01002556,"Underground, metro, light rail, tram",53,43,10
E01002556,Work mainly at or from home,187,24,163
E01002557,Bicycle,31,28,3
E01002557,"Bus, minibus or coach",127,144,-17
E01002557,Driving a car or van,458,488,-30
E01002557,"Motorcycle, scooter or moped",11,6,5
E01002557,Not in employment or aged 15 years and under,1084,389,695
E01002557,On foot,46,51,-5
E01002557,Other method of travel to work,13,5,8
E01002557,Passenger in a car or van,41,36,5
E01002557,Taxi,0,1,-1
E01002557,Train,30,41,-11
E01002557,"Underground, metro, light rail, tram",61,71,-10
E01002557,Work mainly at or from home,169,33,136
E01002558,Bicycle,30,20,10
E01002558,"Bus, minibus or coach",148,154,-6
E01002558,Driving a car or van,434,501,-67
E01002558,"Motorcycle, scooter or moped",5,14,-9
E01002558,Not in employment or aged 15 years and under,1215,498,717
E01002558,On foot,56,70,-14
E01002558,Other method of travel to work,9,4,5
E01002558,Passenger in a car or van,25,25,0
E01002558,Taxi,4,2,2
E01002558,Train,34,31,3
E01002558,"Underground, metro, light rail, tram",50,67,-17
E01002558,Work mainly at or from home,190,11,179
E01002559,Bicycle,30,40,-10
E01002559,"Bus, minibus or coach",155,207,-52
E01002559,Driving a car or van,609,621,-12
E01002559,"Motorcycle, scooter or moped",10,16,-6
E01002559,Not in employment or aged 15 years and under,1306,492,814
E01002559,On foot,65,66,-1
E01002559,Other method of travel to work,14,9,5
E01002559,Passenger in a car or van,46,45,1
E01002559,Taxi,4,1,3
E01002559,Train,35,50,-15
E01002559,"Underground, metro, light rail, tram",68,83,-15
E01002559,Work mainly at or from home,235,27,208
E01002560,Bicycle,23,26,-3
E01002560,"Bus, minibus or coach",136,127,9
E01002560,Driving a car or van,388,446,-58
E01002560,"Motorcycle, scooter or moped",6,8,-2
E01002560,Not in employment or aged 15 years and under,1104,446,658
E01002560,On foot,60,56,4
E01002560,Other method of travel to work,11,3,8
E01002560,Passenger in a car or van,24,28,-4
E01002560,Taxi,2,0,2
E01002560,Train,40,38,2
E01002560,"Underground, metro, light rail, tram",33,39,-6
E01002560,Work mainly at or from home,182,14,168
E01002561,Bicycle,26,28,-2
E01002561,"Bus, minibus or coach",126,93,33
E01002561,Driving a car or van,345,356,-11
E01002561,"Motorcycle, scooter or moped",6,5,1
E01002561,Not in employment or aged 15 years and under,946,320,626
E01002561,On foot,34,43,-9
E01002561,Other method of travel to work,9,5,4
E01002561,Passenger in a car or van,22,26,-4
E01002561,Taxi,8,1,7
E01002561,Train,36,44,-8
E01002561,"Underground, metro, light rail, tram",30,25,5
E01002561,Work mainly at or from home,125,11,114
E01002562,Bicycle,27,38,-11
E01002562,"Bus, minibus or coach",49,87,-38
E01002562,Driving a car or van,169,211,-42
E01002562,"Motorcycle, scooter or moped",11,8,3
E01002562,Not in employment or aged 15 years and under,867,413,454
E01002562,On foot,45,64,-19
E01002562,Other method of travel to work,9,9,0
E01002562,Passenger in a car or van,17,14,3
E01002562,Taxi,7,1,6
E01002562,Train,21,42,-21
E01002562,"Underground, metro, light rail, tram",52,145,-93
E01002562,Work mainly at or from home,217,34,183
E01002563,Bicycle,47,27,20
E01002563,"Bus, minibus or coach",53,110,-57
E01002563,Driving a car or van,231,276,-45
E01002563,"Motorcycle, scooter or moped",7,10,-3
E01002563,Not in employment or aged 15 years and under,919,377,542
E01002563,On foot,53,71,-18
E01002563,Other method of travel to work,12,9,3
E01002563,Passenger in a car or van,10,15,-5
E01002563,Taxi,8,5,3
E01002563,Train,23,57,-34
E01002563,"Underground, metro, light rail, tram",112,268,-156
E01002563,Work mainly at or from home,438,63,375
E01002564,Bicycle,22,39,-17
E01002564,"Bus, minibus or coach",93,122,-29
E01002564,Driving a car or van,221,304,-83
E01002564,"Motorcycle, scooter or moped",15,15,0
E01002564,Not in employment or aged 15 years and under,999,492,507
E01002564,On foot,61,75,-14
E01002564,Other method of travel to work,22,3,19
E01002564,Passenger in a car or van,11,20,-9
E01002564,Taxi,4,1,3
E01002564,Train,35,64,-29
E01002564,"Underground, metro, light rail, tram",71,219,-148
E01002564,Work mainly at or from home,347,32,315
E01002565,Bicycle,41,94,-53
E01002565,"Bus, minibus or coach",102,192,-90
E01002565,Driving a car or van,253,367,-114
E01002565,"Motorcycle, scooter or moped",19,20,-1
E01002565,Not in employment or aged 15 years and under,1241,1009,232
E01002565,On foot,60,138,-78
E01002565,Other method of travel to work,14,4,10
E01002565,Passenger in a car or van,14,25,-11
E01002565,Taxi,8,5,3
E01002565,Train,46,160,-114
E01002565,"Underground, metro, light rail, tram",142,342,-200
E01002565,Work mainly at or from home,564,65,499
E01002567,Bicycle,50,69,-19
E01002567,"Bus, minibus or coach",72,156,-84
E01002567,Driving a car or van,218,330,-112
E01002567,"Motorcycle, scooter or moped",5,9,-4
E01002567,Not in employment or aged 15 years and under,828,296,532
E01002567,On foot,57,89,-32
E01002567,Other method of travel to work,16,8,8
E01002567,Passenger in a car or van,6,15,-9
E01002567,Taxi,1,6,-5
E01002567,Train,25,185,-160
E01002567,"Underground, metro, light rail, tram",59,145,-86
E01002567,Work mainly at or from home,484,70,414
E01002569,Bicycle,39,67,-28
E01002569,"Bus, minibus or coach",33,90,-57
E01002569,Driving a car or van,146,220,-74
E01002569,"Motorcycle, scooter or moped",10,20,-10
E01002569,Not in employment or aged 15 years and under,974,332,642
E01002569,On foot,70,93,-23
E01002569,Other method of travel to work,5,9,-4
E01002569,Passenger in a car or van,8,14,-6
E01002569,Taxi,10,6,4
E01002569,Train,14,46,-32
E01002569,"Underground, metro, light rail, tram",84,390,-306
E01002569,Work mainly at or from home,727,96,631
E01002570,Bicycle,39,61,-22
E01002570,"Bus, minibus or coach",70,108,-38
E01002570,Driving a car or van,92,182,-90
E01002570,"Motorcycle, scooter or moped",2,16,-14
E01002570,Not in employment or aged 15 years and under,716,341,375
E01002570,On foot,67,112,-45
E01002570,Other method of travel to work,9,12,-3
E01002570,Passenger in a car or van,6,14,-8
E01002570,Taxi,4,0,4
E01002570,Train,11,36,-25
E01002570,"Underground, metro, light rail, tram",106,393,-287
E01002570,Work mainly at or from home,503,87,416
E01002571,Bicycle,34,70,-36
E01002571,"Bus, minibus or coach",12,44,-32
E01002571,Driving a car or van,94,252,-158
E01002571,"Motorcycle, scooter or moped",1,12,-11
E01002571,Not in employment or aged 15 years and under,631,242,389
E01002571,On foot,26,52,-26
E01002571,Other method of travel to work,5,8,-3
E01002571,Passenger in a car or van,9,9,0
E01002571,Taxi,1,7,-6
E01002571,Train,8,52,-44
E01002571,"Underground, metro, light rail, tram",45,165,-120
E01002571,Work mainly at or from home,410,100,310
E01002572,Bicycle,44,58,-14
E01002572,"Bus, minibus or coach",61,134,-73
E01002572,Driving a car or van,156,215,-59
E01002572,"Motorcycle, scooter or moped",4,10,-6
E01002572,Not in employment or aged 15 years and under,852,457,395
E01002572,On foot,70,66,4
E01002572,Other method of travel to work,9,6,3
E01002572,Passenger in a car or van,10,4,6
E01002572,Taxi,6,4,2
E01002572,Train,23,89,-66
E01002572,"Underground, metro, light rail, tram",39,121,-82
E01002572,Work mainly at or from home,270,38,232
E01002573,Bicycle,25,68,-43
E01002573,"Bus, minibus or coach",22,69,-47
E01002573,Driving a car or van,70,153,-83
E01002573,"Motorcycle, scooter or moped",8,10,-2
E01002573,Not in employment or aged 15 years and under,749,354,395
E01002573,On foot,58,71,-13
E01002573,Other method of travel to work,9,5,4
E01002573,Passenger in a car or van,6,11,-5
E01002573,Taxi,4,4,0
E01002573,Train,11,25,-14
E01002573,"Underground, metro, light rail, tram",73,345,-272
E01002573,Work mainly at or from home,510,115,395
E01002574,Bicycle,62,49,13
E01002574,"Bus, minibus or coach",43,80,-37
E01002574,Driving a car or van,143,169,-26
E01002574,"Motorcycle, scooter or moped",5,13,-8
E01002574,Not in employment or aged 15 years and under,743,309,434
E01002574,On foot,54,76,-22
E01002574,Other method of travel to work,11,3,8
E01002574,Passenger in a car or van,8,4,4
E01002574,Taxi,5,1,4
E01002574,Train,25,35,-10
E01002574,"Underground, metro, light rail, tram",87,346,-259
E01002574,Work mainly at or from home,550,105,445
E01002575,Bicycle,44,63,-19
E01002575,"Bus, minibus or coach",46,81,-35
E01002575,Driving a car or van,91,175,-84
E01002575,"Motorcycle, scooter or moped",4,26,-22
E01002575,Not in employment or aged 15 years and under,764,374,390
E01002575,On foot,50,89,-39
E01002575,Other method of travel to work,10,6,4
E01002575,Passenger in a car or van,5,14,-9
E01002575,Taxi,2,4,-2
E01002575,Train,7,30,-23
E01002575,"Underground, metro, light rail, tram",89,338,-249
E01002575,Work mainly at or from home,509,116,393
E01002576,Bicycle,39,57,-18
E01002576,"Bus, minibus or coach",54,62,-8
E01002576,Driving a car or van,132,197,-65
E01002576,"Motorcycle, scooter or moped",3,11,-8
E01002576,Not in employment or aged 15 years and under,845,344,501
E01002576,On foot,50,51,-1
E01002576,Other method of travel to work,17,6,11
E01002576,Passenger in a car or van,7,12,-5
E01002576,Taxi,5,4,1
E01002576,Train,26,121,-95
E01002576,"Underground, metro, light rail, tram",56,123,-67
E01002576,Work mainly at or from home,447,58,389
E01002577,Bicycle,35,85,-50
E01002577,"Bus, minibus or coach",33,75,-42
E01002577,Driving a car or van,141,270,-129
E01002577,"Motorcycle, scooter or moped",20,24,-4
E01002577,Not in employment or aged 15 years and under,725,391,334
E01002577,On foot,49,133,-84
E01002577,Other method of travel to work,20,6,14
E01002577,Passenger in a car or van,9,11,-2
E01002577,Taxi,4,7,-3
E01002577,Train,20,151,-131
E01002577,"Underground, metro, light rail, tram",87,235,-148
E01002577,Work mainly at or from home,516,110,406
E01002578,Bicycle,29,57,-28
E01002578,"Bus, minibus or coach",20,58,-38
E01002578,Driving a car or van,113,226,-113
E01002578,"Motorcycle, scooter or moped",5,22,-17
E01002578,Not in employment or aged 15 years and under,837,333,504
E01002578,On foot,32,36,-4
E01002578,Other method of travel to work,8,10,-2
E01002578,Passenger in a car or van,6,14,-8
E01002578,Taxi,4,4,0
E01002578,Train,31,152,-121
E01002578,"Underground, metro, light rail, tram",35,96,-61
E01002578,Work mainly at or from home,429,95,334
E01002579,Bicycle,35,69,-34
E01002579,"Bus, minibus or coach",22,60,-38
E01002579,Driving a car or van,130,268,-138
E01002579,"Motorcycle, scooter or moped",11,24,-13
E01002579,Not in employment or aged 15 years and under,922,396,526
E01002579,On foot,23,53,-30
E01002579,Other method of travel to work,8,16,-8
E01002579,Passenger in a car or van,8,12,-4
E01002579,Taxi,6,5,1
E01002579,Train,32,195,-163
E01002579,"Underground, metro, light rail, tram",20,122,-102
E01002579,Work mainly at or from home,511,119,392
E01002580,Bicycle,28,40,-12
E01002580,"Bus, minibus or coach",74,74,0
E01002580,Driving a car or van,82,189,-107
E01002580,"Motorcycle, scooter or moped",1,14,-13
E01002580,Not in employment or aged 15 years and under,707,294,413
E01002580,On foot,41,83,-42
E01002580,Other method of travel to work,8,5,3
E01002580,Passenger in a car or van,8,4,4
E01002580,Taxi,2,1,1
E01002580,Train,33,90,-57
E01002580,"Underground, metro, light rail, tram",72,224,-152
E01002580,Work mainly at or from home,391,50,341
E01002581,Bicycle,53,71,-18
E01002581,"Bus, minibus or coach",54,85,-31
E01002581,Driving a car or van,140,296,-156
E01002581,"Motorcycle, scooter or moped",4,17,-13
E01002581,Not in employment or aged 15 years and under,797,313,484
E01002581,On foot,66,114,-48
E01002581,Other method of travel to work,9,10,-1
E01002581,Passenger in a car or van,8,18,-10
E01002581,Taxi,5,5,0
E01002581,Train,28,120,-92
E01002581,"Underground, metro, light rail, tram",110,348,-238
E01002581,Work mainly at or from home,602,95,507
E01002582,Bicycle,40,72,-32
E01002582,"Bus, minibus or coach",18,32,-14
E01002582,Driving a car or van,120,257,-137
E01002582,"Motorcycle, scooter or moped",6,24,-18
E01002582,Not in employment or aged 15 years and under,778,297,481
E01002582,On foot,49,87,-38
E01002582,Other method of travel to work,8,3,5
E01002582,Passenger in a car or van,3,14,-11
E01002582,Taxi,5,3,2
E01002582,Train,28,131,-103
E01002582,"Underground, metro, light rail, tram",66,208,-142
E01002582,Work mainly at or from home,543,117,426
E01002583,Bicycle,12,11,1
E01002583,"Bus, minibus or coach",193,131,62
E01002583,Driving a car or van,296,307,-11
E01002583,"Motorcycle, scooter or moped",2,2,0
E01002583,Not in employment or aged 15 years and under,977,336,641
E01002583,On foot,44,23,21
E01002583,Other method of travel to work,16,6,10
E01002583,Passenger in a car or van,29,27,2
E01002583,Taxi,4,3,1
E01002583,Train,14,18,-4
E01002583,"Underground, metro, light rail, tram",38,33,5
E01002583,Work mainly at or from home,181,15,166
E01002584,Bicycle,24,7,17
E01002584,"Bus, minibus or coach",343,255,88
E01002584,Driving a car or van,302,374,-72
E01002584,"Motorcycle, scooter or moped",11,2,9
E01002584,Not in employment or aged 15 years and under,1153,452,701
E01002584,On foot,49,42,7
E01002584,Other method of travel to work,7,2,5
E01002584,Passenger in a car or van,30,28,2
E01002584,Taxi,2,3,-1
E01002584,Train,15,24,-9
E01002584,"Underground, metro, light rail, tram",24,61,-37
E01002584,Work mainly at or from home,161,14,147
E01002585,Bicycle,21,17,4
E01002585,"Bus, minibus or coach",225,203,22
E01002585,Driving a car or van,306,340,-34
E01002585,"Motorcycle, scooter or moped",8,4,4
E01002585,Not in employment or aged 15 years and under,952,481,471
E01002585,On foot,62,57,5
E01002585,Other method of travel to work,22,4,18
E01002585,Passenger in a car or van,23,29,-6
E01002585,Taxi,4,2,2
E01002585,Train,21,23,-2
E01002585,"Underground, metro, light rail, tram",44,62,-18
E01002585,Work mainly at or from home,141,24,117
E01002586,Bicycle,37,19,18
E01002586,"Bus, minibus or coach",236,321,-85
E01002586,Driving a car or van,309,524,-215
E01002586,"Motorcycle, scooter or moped",5,3,2
E01002586,Not in employment or aged 15 years and under,925,586,339
E01002586,On foot,66,59,7
E01002586,Other method of travel to work,13,4,9
E01002586,Passenger in a car or van,29,35,-6
E01002586,Taxi,3,2,1
E01002586,Train,17,22,-5
E01002586,"Underground, metro, light rail, tram",51,73,-22
E01002586,Work mainly at or from home,152,20,132
E01002587,Bicycle,19,15,4
E01002587,"Bus, minibus or coach",246,257,-11
E01002587,Driving a car or van,361,320,41
E01002587,"Motorcycle, scooter or moped",8,10,-2
E01002587,Not in employment or aged 15 years and under,1320,551,769
E01002587,On foot,55,43,12
E01002587,Other method of travel to work,6,11,-5
E01002587,Passenger in a car or van,24,21,3
E01002587,Taxi,5,2,3
E01002587,Train,22,33,-11
E01002587,"Underground, metro, light rail, tram",97,152,-55
E01002587,Work mainly at or from home,220,21,199
E01002588,Bicycle,27,15,12
E01002588,"Bus, minibus or coach",157,179,-22
E01002588,Driving a car or van,300,248,52
E01002588,"Motorcycle, scooter or moped",6,7,-1
E01002588,Not in employment or aged 15 years and under,1228,559,669
E01002588,On foot,74,61,13
E01002588,Other method of travel to work,10,1,9
E01002588,Passenger in a car or van,14,12,2
E01002588,Taxi,9,0,9
E01002588,Train,25,30,-5
E01002588,"Underground, metro, light rail, tram",58,73,-15
E01002588,Work mainly at or from home,117,15,102
E01002589,Bicycle,21,20,1
E01002589,"Bus, minibus or coach",255,203,52
E01002589,Driving a car or van,398,373,25
E01002589,"Motorcycle, scooter or moped",3,2,1
E01002589,Not in employment or aged 15 years and under,1384,570,814
E01002589,On foot,76,78,-2
E01002589,Other method of travel to work,13,3,10
E01002589,Passenger in a car or van,29,18,11
E01002589,Taxi,10,5,5
E01002589,Train,35,45,-10
E01002589,"Underground, metro, light rail, tram",94,95,-1
E01002589,Work mainly at or from home,188,24,164
E01002590,Bicycle,14,30,-16
E01002590,"Bus, minibus or coach",122,131,-9
E01002590,Driving a car or van,447,498,-51
E01002590,"Motorcycle, scooter or moped",13,9,4
E01002590,Not in employment or aged 15 years and under,1557,438,1119
E01002590,On foot,57,65,-8
E01002590,Other method of travel to work,25,2,23
E01002590,Passenger in a car or van,30,25,5
E01002590,Taxi,4,0,4
E01002590,Train,45,88,-43
E01002590,"Underground, metro, light rail, tram",60,55,5
E01002590,Work mainly at or from home,285,20,265
E01002591,Bicycle,23,38,-15
E01002591,"Bus, minibus or coach",138,138,0
E01002591,Driving a car or van,429,483,-54
E01002591,"Motorcycle, scooter or moped",11,7,4
E01002591,Not in employment or aged 15 years and under,945,402,543
E01002591,On foot,47,48,-1
E01002591,Other method of travel to work,7,5,2
E01002591,Passenger in a car or van,31,28,3
E01002591,Taxi,5,3,2
E01002591,Train,43,59,-16
E01002591,"Underground, metro, light rail, tram",31,29,2
E01002591,Work mainly at or from home,193,16,177
E01002592,Bicycle,26,30,-4
E01002592,"Bus, minibus or coach",210,218,-8
E01002592,Driving a car or van,364,419,-55
E01002592,"Motorcycle, scooter or moped",10,13,-3
E01002592,Not in employment or aged 15 years and under,1173,511,662
E01002592,On foot,48,63,-15
E01002592,Other method of travel to work,7,1,6
E01002592,Passenger in a car or van,22,42,-20
E01002592,Taxi,5,3,2
E01002592,Train,40,69,-29
E01002592,"Underground, metro, light rail, tram",50,61,-11
E01002592,Work mainly at or from home,188,18,170
E01002593,Bicycle,15,18,-3
E01002593,"Bus, minibus or coach",245,209,36
E01002593,Driving a car or van,393,499,-106
E01002593,"Motorcycle, scooter or moped",8,14,-6
E01002593,Not in employment or aged 15 years and under,1164,521,643
E01002593,On foot,82,87,-5
E01002593,Other method of travel to work,14,8,6
E01002593,Passenger in a car or van,25,23,2
E01002593,Taxi,2,6,-4
E01002593,Train,54,89,-35
E01002593,"Underground, metro, light rail, tram",50,53,-3
E01002593,Work mainly at or from home,208,32,176
E01002594,Bicycle,32,19,13
E01002594,"Bus, minibus or coach",193,177,16
E01002594,Driving a car or van,395,436,-41
E01002594,"Motorcycle, scooter or moped",15,18,-3
E01002594,Not in employment or aged 15 years and under,1224,498,726
E01002594,On foot,78,78,0
E01002594,Other method of travel to work,12,6,6
E01002594,Passenger in a car or van,26,27,-1
E01002594,Taxi,6,2,4
E01002594,Train,52,94,-42
E01002594,"Underground, metro, light rail, tram",42,47,-5
E01002594,Work mainly at or from home,244,20,224
E01002595,Bicycle,22,28,-6
E01002595,"Bus, minibus or coach",218,188,30
E01002595,Driving a car or van,393,453,-60
E01002595,"Motorcycle, scooter or moped",8,26,-18
E01002595,Not in employment or aged 15 years and under,1222,487,735
E01002595,On foot,73,80,-7
E01002595,Other method of travel to work,11,1,10
E01002595,Passenger in a car or van,32,39,-7
E01002595,Taxi,6,1,5
E01002595,Train,41,58,-17
E01002595,"Underground, metro, light rail, tram",38,53,-15
E01002595,Work mainly at or from home,191,16,175
E01002596,Bicycle,28,44,-16
E01002596,"Bus, minibus or coach",99,140,-41
E01002596,Driving a car or van,442,545,-103
E01002596,"Motorcycle, scooter or moped",13,16,-3
E01002596,Not in employment or aged 15 years and under,1132,518,614
E01002596,On foot,39,55,-16
E01002596,Other method of travel to work,20,2,18
E01002596,Passenger in a car or van,33,17,16
E01002596,Taxi,6,2,4
E01002596,Train,48,83,-35
E01002596,"Underground, metro, light rail, tram",46,64,-18
E01002596,Work mainly at or from home,240,29,211
E01002598,Bicycle,23,25,-2
E01002598,"Bus, minibus or coach",136,168,-32
E01002598,Driving a car or van,403,414,-11
E01002598,"Motorcycle, scooter or moped",12,7,5
E01002598,Not in employment or aged 15 years and under,949,457,492
E01002598,On foot,66,87,-21
E01002598,Other method of travel to work,16,3,13
E01002598,Passenger in a car or van,32,24,8
E01002598,Taxi,5,3,2
E01002598,Train,54,80,-26
E01002598,"Underground, metro, light rail, tram",35,45,-10
E01002598,Work mainly at or from home,197,15,182
E01002599,Bicycle,17,21,-4
E01002599,"Bus, minibus or coach",74,109,-35
E01002599,Driving a car or van,324,398,-74
E01002599,"Motorcycle, scooter or moped",14,9,5
E01002599,Not in employment or aged 15 years and under,829,409,420
E01002599,On foot,60,72,-12
E01002599,Other method of travel to work,5,0,5
E01002599,Passenger in a car or van,12,22,-10
E01002599,Taxi,5,2,3
E01002599,Train,53,53,0
E01002599,"Underground, metro, light rail, tram",19,37,-18
E01002599,Work mainly at or from home,166,20,146
E01002600,Bicycle,22,17,5
E01002600,"Bus, minibus or coach",93,120,-27
E01002600,Driving a car or van,359,404,-45
E01002600,"Motorcycle, scooter or moped",9,13,-4
E01002600,Not in employment or aged 15 years and under,869,359,510
E01002600,On foot,52,60,-8
E01002600,Other method of travel to work,7,1,6
E01002600,Passenger in a car or van,20,30,-10
E01002600,Taxi,2,0,2
E01002600,Train,44,51,-7
E01002600,"Underground, metro, light rail, tram",26,27,-1
E01002600,Work mainly at or from home,146,14,132
E01002601,Bicycle,15,24,-9
E01002601,"Bus, minibus or coach",78,101,-23
E01002601,Driving a car or van,467,595,-128
E01002601,"Motorcycle, scooter or moped",9,6,3
E01002601,Not in employment or aged 15 years and under,925,278,647
E01002601,On foot,35,38,-3
E01002601,Other method of travel to work,8,8,0
E01002601,Passenger in a car or van,32,27,5
E01002601,Taxi,4,3,1
E01002601,Train,33,64,-31
E01002601,"Underground, metro, light rail, tram",31,36,-5
E01002601,Work mainly at or from home,235,25,210
E01002602,Bicycle,15,21,-6
E01002602,"Bus, minibus or coach",42,67,-25
E01002602,Driving a car or van,404,539,-135
E01002602,"Motorcycle, scooter or moped",9,15,-6
E01002602,Not in employment or aged 15 years and under,709,273,436
E01002602,On foot,29,37,-8
E01002602,Other method of travel to work,11,1,10
E01002602,Passenger in a car or van,18,32,-14
E01002602,Taxi,0,1,-1
E01002602,Train,28,62,-34
E01002602,"Underground, metro, light rail, tram",11,15,-4
E01002602,Work mainly at or from home,218,18,200
E01002603,Bicycle,28,35,-7
E01002603,"Bus, minibus or coach",107,113,-6
E01002603,Driving a car or van,373,516,-143
E01002603,"Motorcycle, scooter or moped",15,11,4
E01002603,Not in employment or aged 15 years and under,981,398,583
E01002603,On foot,62,54,8
E01002603,Other method of travel to work,14,2,12
E01002603,Passenger in a car or van,35,34,1
E01002603,Taxi,3,6,-3
E01002603,Train,57,117,-60
E01002603,"Underground, metro, light rail, tram",39,41,-2
E01002603,Work mainly at or from home,234,35,199
E01002604,Bicycle,21,16,5
E01002604,"Bus, minibus or coach",117,141,-24
E01002604,Driving a car or van,283,330,-47
E01002604,"Motorcycle, scooter or moped",9,8,1
E01002604,Not in employment or aged 15 years and under,956,508,448
E01002604,On foot,45,40,5
E01002604,Other method of travel to work,11,7,4
E01002604,Passenger in a car or van,11,18,-7
E01002604,Taxi,3,1,2
E01002604,Train,20,34,-14
E01002604,"Underground, metro, light rail, tram",23,32,-9
E01002604,Work mainly at or from home,132,14,118
E01002605,Bicycle,24,37,-13
E01002605,"Bus, minibus or coach",156,154,2
E01002605,Driving a car or van,463,447,16
E01002605,"Motorcycle, scooter or moped",18,8,10
E01002605,Not in employment or aged 15 years and under,1313,470,843
E01002605,On foot,64,63,1
E01002605,Other method of travel to work,16,6,10
E01002605,Passenger in a car or van,25,22,3
E01002605,Taxi,3,2,1
E01002605,Train,20,52,-32
E01002605,"Underground, metro, light rail, tram",51,29,22
E01002605,Work mainly at or from home,204,22,182
E01002606,Bicycle,14,25,-11
E01002606,"Bus, minibus or coach",118,170,-52
E01002606,Driving a car or van,300,336,-36
E01002606,"Motorcycle, scooter or moped",11,5,6
E01002606,Not in employment or aged 15 years and under,988,508,480
E01002606,On foot,36,43,-7
E01002606,Other method of travel to work,12,3,9
E01002606,Passenger in a car or van,27,31,-4
E01002606,Taxi,9,2,7
E01002606,Train,14,20,-6
E01002606,"Underground, metro, light rail, tram",41,29,12
E01002606,Work mainly at or from home,116,11,105
E01002607,Bicycle,61,31,30
E01002607,"Bus, minibus or coach",206,216,-10
E01002607,Driving a car or van,468,439,29
E01002607,"Motorcycle, scooter or moped",15,11,4
E01002607,Not in employment or aged 15 years and under,1217,443,774
E01002607,On foot,97,57,40
E01002607,Other method of travel to work,10,7,3
E01002607,Passenger in a car or van,35,26,9
E01002607,Taxi,2,0,2
E01002607,Train,29,57,-28
E01002607,"Underground, metro, light rail, tram",61,54,7
E01002607,Work mainly at or from home,247,20,227
E01002608,Bicycle,17,33,-16
E01002608,"Bus, minibus or coach",152,144,8
E01002608,Driving a car or van,361,408,-47
E01002608,"Motorcycle, scooter or moped",10,14,-4
E01002608,Not in employment or aged 15 years and under,1050,431,619
E01002608,On foot,47,45,2
E01002608,Other method of travel to work,9,3,6
E01002608,Passenger in a car or van,27,31,-4
E01002608,Taxi,0,2,-2
E01002608,Train,19,28,-9
E01002608,"Underground, metro, light rail, tram",31,36,-5
E01002608,Work mainly at or from home,168,21,147
E01002609,Bicycle,24,32,-8
E01002609,"Bus, minibus or coach",90,125,-35
E01002609,Driving a car or van,403,521,-118
E01002609,"Motorcycle, scooter or moped",9,16,-7
E01002609,Not in employment or aged 15 years and under,951,389,562
E01002609,On foot,35,44,-9
E01002609,Other method of travel to work,10,4,6
E01002609,Passenger in a car or van,32,41,-9
E01002609,Taxi,0,4,-4
E01002609,Train,17,52,-35
E01002609,"Underground, metro, light rail, tram",14,33,-19
E01002609,Work mainly at or from home,235,28,207
E01002610,Bicycle,24,13,11
E01002610,"Bus, minibus or coach",109,111,-2
E01002610,Driving a car or van,323,384,-61
E01002610,"Motorcycle, scooter or moped",6,10,-4
E01002610,Not in employment or aged 15 years and under,1045,428,617
E01002610,On foot,42,46,-4
E01002610,Other method of travel to work,3,0,3
E01002610,Passenger in a car or van,21,31,-10
E01002610,Taxi,6,1,5
E01002610,Train,18,39,-21
E01002610,"Underground, metro, light rail, tram",20,16,4
E01002610,Work mainly at or from home,146,17,129
E01002611,Bicycle,28,18,10
E01002611,"Bus, minibus or coach",127,128,-1
E01002611,Driving a car or van,401,503,-102
E01002611,"Motorcycle, scooter or moped",8,12,-4
E01002611,Not in employment or aged 15 years and under,1036,408,628
E01002611,On foot,79,65,14
E01002611,Other method of travel to work,10,8,2
E01002611,Passenger in a car or van,27,30,-3
E01002611,Taxi,7,3,4
E01002611,Train,36,72,-36
E01002611,"Underground, metro, light rail, tram",31,38,-7
E01002611,Work mainly at or from home,236,25,211
E01002612,Bicycle,36,23,13
E01002612,"Bus, minibus or coach",168,156,12
E01002612,Driving a car or van,315,364,-49
E01002612,"Motorcycle, scooter or moped",7,13,-6
E01002612,Not in employment or aged 15 years and under,1044,425,619
E01002612,On foot,64,54,10
E01002612,Other method of travel to work,15,2,13
E01002612,Passenger in a car or van,15,16,-1
E01002612,Taxi,4,3,1
E01002612,Train,81,100,-19
E01002612,"Underground, metro, light rail, tram",40,38,2
E01002612,Work mainly at or from home,319,25,294
E01002613,Bicycle,24,31,-7
E01002613,"Bus, minibus or coach",122,164,-42
E01002613,Driving a car or van,442,496,-54
E01002613,"Motorcycle, scooter or moped",9,14,-5
E01002613,Not in employment or aged 15 years and under,987,403,584
E01002613,On foot,40,51,-11
E01002613,Other method of travel to work,12,1,11
E01002613,Passenger in a car or van,17,29,-12
E01002613,Taxi,6,0,6
E01002613,Train,24,41,-17
E01002613,"Underground, metro, light rail, tram",47,32,15
E01002613,Work mainly at or from home,198,25,173
E01002614,Bicycle,20,17,3
E01002614,"Bus, minibus or coach",127,174,-47
E01002614,Driving a car or van,401,471,-70
E01002614,"Motorcycle, scooter or moped",18,20,-2
E01002614,Not in employment or aged 15 years and under,1059,363,696
E01002614,On foot,64,76,-12
E01002614,Other method of travel to work,18,2,16
E01002614,Passenger in a car or van,26,25,1
E01002614,Taxi,1,1,0
E01002614,Train,48,104,-56
E01002614,"Underground, metro, light rail, tram",32,34,-2
E01002614,Work mainly at or from home,304,32,272
E01002615,Bicycle,18,26,-8
E01002615,"Bus, minibus or coach",108,147,-39
E01002615,Driving a car or van,277,299,-22
E01002615,"Motorcycle, scooter or moped",7,9,-2
E01002615,Not in employment or aged 15 years and under,957,422,535
E01002615,On foot,36,49,-13
E01002615,Other method of travel to work,7,3,4
E01002615,Passenger in a car or van,22,15,7
E01002615,Taxi,3,3,0
E01002615,Train,29,52,-23
E01002615,"Underground, metro, light rail, tram",28,28,0
E01002615,Work mainly at or from home,126,20,106
E01002616,Bicycle,28,16,12
E01002616,"Bus, minibus or coach",96,82,14
E01002616,Driving a car or van,329,403,-74
E01002616,"Motorcycle, scooter or moped",10,13,-3
E01002616,Not in employment or aged 15 years and under,836,307,529
E01002616,On foot,42,35,7
E01002616,Other method of travel to work,14,7,7
E01002616,Passenger in a car or van,24,22,2
E01002616,Taxi,3,4,-1
E01002616,Train,44,55,-11
E01002616,"Underground, metro, light rail, tram",29,20,9
E01002616,Work mainly at or from home,173,14,159
E01002617,Bicycle,23,23,0
E01002617,"Bus, minibus or coach",51,81,-30
E01002617,Driving a car or van,371,540,-169
E01002617,"Motorcycle, scooter or moped",9,16,-7
E01002617,Not in employment or aged 15 years and under,772,339,433
E01002617,On foot,32,35,-3
E01002617,Other method of travel to work,9,2,7
E01002617,Passenger in a car or van,30,32,-2
E01002617,Taxi,2,2,0
E01002617,Train,37,78,-41
E01002617,"Underground, metro, light rail, tram",28,31,-3
E01002617,Work mainly at or from home,265,27,238
E01002618,Bicycle,11,9,2
E01002618,"Bus, minibus or coach",131,104,27
E01002618,Driving a car or van,331,438,-107
E01002618,"Motorcycle, scooter or moped",1,1,0
E01002618,Not in employment or aged 15 years and under,1154,492,662
E01002618,On foot,39,66,-27
E01002618,Other method of travel to work,13,5,8
E01002618,Passenger in a car or van,27,30,-3
E01002618,Taxi,12,1,11
E01002618,Train,22,32,-10
E01002618,"Underground, metro, light rail, tram",48,124,-76
E01002618,Work mainly at or from home,272,20,252
E01002619,Bicycle,16,14,2
E01002619,"Bus, minibus or coach",164,163,1
E01002619,Driving a car or van,360,466,-106
E01002619,"Motorcycle, scooter or moped",6,5,1
E01002619,Not in employment or aged 15 years and under,1179,553,626
E01002619,On foot,47,43,4
E01002619,Other method of travel to work,10,2,8
E01002619,Passenger in a car or van,39,28,11
E01002619,Taxi,2,3,-1
E01002619,Train,14,35,-21
E01002619,"Underground, metro, light rail, tram",50,105,-55
E01002619,Work mainly at or from home,203,31,172
E01002620,Bicycle,30,14,16
E01002620,"Bus, minibus or coach",217,158,59
E01002620,Driving a car or van,390,364,26
E01002620,"Motorcycle, scooter or moped",11,6,5
E01002620,Not in employment or aged 15 years and under,1537,553,984
E01002620,On foot,66,44,22
E01002620,Other method of travel to work,18,3,15
E01002620,Passenger in a car or van,31,19,12
E01002620,Taxi,6,2,4
E01002620,Train,33,35,-2
E01002620,"Underground, metro, light rail, tram",73,83,-10
E01002620,Work mainly at or from home,338,14,324
E01002621,Bicycle,28,18,10
E01002621,"Bus, minibus or coach",132,162,-30
E01002621,Driving a car or van,334,413,-79
E01002621,"Motorcycle, scooter or moped",5,3,2
E01002621,Not in employment or aged 15 years and under,1077,510,567
E01002621,On foot,59,50,9
E01002621,Other method of travel to work,17,4,13
E01002621,Passenger in a car or van,42,30,12
E01002621,Taxi,1,0,1
E01002621,Train,21,45,-24
E01002621,"Underground, metro, light rail, tram",70,101,-31
E01002621,Work mainly at or from home,227,32,195
E01002622,Bicycle,11,13,-2
E01002622,"Bus, minibus or coach",143,178,-35
E01002622,Driving a car or van,304,403,-99
E01002622,"Motorcycle, scooter or moped",6,6,0
E01002622,Not in employment or aged 15 years and under,1065,429,636
E01002622,On foot,46,29,17
E01002622,Other method of travel to work,12,6,6
E01002622,Passenger in a car or van,30,36,-6
E01002622,Taxi,6,4,2
E01002622,Train,24,31,-7
E01002622,"Underground, metro, light rail, tram",74,160,-86
E01002622,Work mainly at or from home,202,22,180
E01002623,Bicycle,18,7,11
E01002623,"Bus, minibus or coach",174,146,28
E01002623,Driving a car or van,216,309,-93
E01002623,"Motorcycle, scooter or moped",8,3,5
E01002623,Not in employment or aged 15 years and under,1088,474,614
E01002623,On foot,50,45,5
E01002623,Other method of travel to work,19,8,11
E01002623,Passenger in a car or van,33,24,9
E01002623,Taxi,1,2,-1
E01002623,Train,21,27,-6
E01002623,"Underground, metro, light rail, tram",86,143,-57
E01002623,Work mainly at or from home,210,20,190
E01002624,Bicycle,22,11,11
E01002624,"Bus, minibus or coach",204,163,41
E01002624,Driving a car or van,204,270,-66
E01002624,"Motorcycle, scooter or moped",5,6,-1
E01002624,Not in employment or aged 15 years and under,976,398,578
E01002624,On foot,47,45,2
E01002624,Other method of travel to work,2,4,-2
E01002624,Passenger in a car or van,18,20,-2
E01002624,Taxi,3,3,0
E01002624,Train,30,36,-6
E01002624,"Underground, metro, light rail, tram",85,170,-85
E01002624,Work mainly at or from home,181,17,164
E01002625,Bicycle,9,6,3
E01002625,"Bus, minibus or coach",73,107,-34
E01002625,Driving a car or van,354,480,-126
E01002625,"Motorcycle, scooter or moped",3,3,0
E01002625,Not in employment or aged 15 years and under,951,471,480
E01002625,On foot,41,32,9
E01002625,Other method of travel to work,12,4,8
E01002625,Passenger in a car or van,33,47,-14
E01002625,Taxi,4,5,-1
E01002625,Train,17,41,-24
E01002625,"Underground, metro, light rail, tram",36,74,-38
E01002625,Work mainly at or from home,177,19,158
E01002626,Bicycle,10,5,5
E01002626,"Bus, minibus or coach",83,135,-52
E01002626,Driving a car or van,329,432,-103
E01002626,"Motorcycle, scooter or moped",0,7,-7
E01002626,Not in employment or aged 15 years and under,861,475,386
E01002626,On foot,36,36,0
E01002626,Other method of travel to work,16,3,13
E01002626,Passenger in a car or van,25,37,-12
E01002626,Taxi,2,2,0
E01002626,Train,18,28,-10
E01002626,"Underground, metro, light rail, tram",29,75,-46
E01002626,Work mainly at or from home,218,28,190
E01002627,Bicycle,14,13,1
E01002627,"Bus, minibus or coach",89,168,-79
E01002627,Driving a car or van,254,300,-46
E01002627,"Motorcycle, scooter or moped",7,9,-2
E01002627,Not in employment or aged 15 years and under,1097,520,577
E01002627,On foot,40,31,9
E01002627,Other method of travel to work,17,4,13
E01002627,Passenger in a car or van,35,22,13
E01002627,Taxi,4,3,1
E01002627,Train,15,31,-16
E01002627,"Underground, metro, light rail, tram",39,104,-65
E01002627,Work mainly at or from home,186,14,172
E01002628,Bicycle,11,6,5
E01002628,"Bus, minibus or coach",152,178,-26
E01002628,Driving a car or van,348,439,-91
E01002628,"Motorcycle, scooter or moped",9,2,7
E01002628,Not in employment or aged 15 years and under,1196,513,683
E01002628,On foot,43,52,-9
E01002628,Other method of travel to work,30,13,17
E01002628,Passenger in a car or van,22,32,-10
E01002628,Taxi,3,6,-3
E01002628,Train,22,48,-26
E01002628,"Underground, metro, light rail, tram",58,163,-105
E01002628,Work mainly at or from home,280,39,241
E01002629,Bicycle,18,16,2
E01002629,"Bus, minibus or coach",184,131,53
E01002629,Driving a car or van,352,391,-39
E01002629,"Motorcycle, scooter or moped",12,3,9
E01002629,Not in employment or aged 15 years and under,1416,564,852
E01002629,On foot,74,69,5
E01002629,Other method of travel to work,12,6,6
E01002629,Passenger in a car or van,28,31,-3
E01002629,Taxi,6,2,4
E01002629,Train,23,43,-20
E01002629,"Underground, metro, light rail, tram",168,226,-58
E01002629,Work mainly at or from home,391,43,348
E01002630,Bicycle,23,7,16
E01002630,"Bus, minibus or coach",206,145,61
E01002630,Driving a car or van,220,279,-59
E01002630,"Motorcycle, scooter or moped",8,4,4
E01002630,Not in employment or aged 15 years and under,1072,433,639
E01002630,On foot,56,49,7
E01002630,Other method of travel to work,18,6,12
E01002630,Passenger in a car or van,27,17,10
E01002630,Taxi,12,3,9
E01002630,Train,53,52,1
E01002630,"Underground, metro, light rail, tram",114,268,-154
E01002630,Work mainly at or from home,261,31,230
E01002631,Bicycle,12,9,3
E01002631,"Bus, minibus or coach",108,127,-19
E01002631,Driving a car or van,337,421,-84
E01002631,"Motorcycle, scooter or moped",6,8,-2
E01002631,Not in employment or aged 15 years and under,1071,440,631
E01002631,On foot,41,47,-6
E01002631,Other method of travel to work,7,5,2
E01002631,Passenger in a car or van,32,33,-1
E01002631,Taxi,10,0,10
E01002631,Train,26,29,-3
E01002631,"Underground, metro, light rail, tram",35,64,-29
E01002631,Work mainly at or from home,153,12,141
E01002632,Bicycle,7,12,-5
E01002632,"Bus, minibus or coach",124,139,-15
E01002632,Driving a car or van,319,501,-182
E01002632,"Motorcycle, scooter or moped",5,5,0
E01002632,Not in employment or aged 15 years and under,1062,453,609
E01002632,On foot,34,31,3
E01002632,Other method of travel to work,14,5,9
E01002632,Passenger in a car or van,31,27,4
E01002632,Taxi,5,3,2
E01002632,Train,29,28,1
E01002632,"Underground, metro, light rail, tram",45,108,-63
E01002632,Work mainly at or from home,243,39,204
E01002633,Bicycle,14,9,5
E01002633,"Bus, minibus or coach",168,166,2
E01002633,Driving a car or van,339,313,26
E01002633,"Motorcycle, scooter or moped",4,6,-2
E01002633,Not in employment or aged 15 years and under,1369,538,831
E01002633,On foot,35,30,5
E01002633,Other method of travel to work,11,7,4
E01002633,Passenger in a car or van,33,16,17
E01002633,Taxi,6,1,5
E01002633,Train,12,14,-2
E01002633,"Underground, metro, light rail, tram",36,45,-9
E01002633,Work mainly at or from home,200,19,181
E01002634,Bicycle,21,8,13
E01002634,"Bus, minibus or coach",113,161,-48
E01002634,Driving a car or van,274,281,-7
E01002634,"Motorcycle, scooter or moped",5,5,0
E01002634,Not in employment or aged 15 years and under,1094,578,516
E01002634,On foot,39,27,12
E01002634,Other method of travel to work,13,0,13
E01002634,Passenger in a car or van,18,23,-5
E01002634,Taxi,14,0,14
E01002634,Train,18,15,3
E01002634,"Underground, metro, light rail, tram",28,57,-29
E01002634,Work mainly at or from home,130,9,121
E01002635,Bicycle,18,6,12
E01002635,"Bus, minibus or coach",161,155,6
E01002635,Driving a car or van,350,436,-86
E01002635,"Motorcycle, scooter or moped",5,4,1
E01002635,Not in employment or aged 15 years and under,1080,487,593
E01002635,On foot,35,35,0
E01002635,Other method of travel to work,10,7,3
E01002635,Passenger in a car or van,22,31,-9
E01002635,Taxi,3,1,2
E01002635,Train,25,31,-6
E01002635,"Underground, metro, light rail, tram",43,102,-59
E01002635,Work mainly at or from home,251,30,221
E01002636,Bicycle,20,16,4
E01002636,"Bus, minibus or coach",155,203,-48
E01002636,Driving a car or van,388,481,-93
E01002636,"Motorcycle, scooter or moped",2,5,-3
E01002636,Not in employment or aged 15 years and under,1161,579,582
E01002636,On foot,35,43,-8
E01002636,Other method of travel to work,18,4,14
E01002636,Passenger in a car or van,31,31,0
E01002636,Taxi,1,2,-1
E01002636,Train,22,29,-7
E01002636,"Underground, metro, light rail, tram",49,112,-63
E01002636,Work mainly at or from home,241,15,226
E01002637,Bicycle,15,5,10
E01002637,"Bus, minibus or coach",143,166,-23
E01002637,Driving a car or van,349,314,35
E01002637,"Motorcycle, scooter or moped",5,1,4
E01002637,Not in employment or aged 15 years and under,1115,575,540
E01002637,On foot,48,33,15
E01002637,Other method of travel to work,14,13,1
E01002637,Passenger in a car or van,29,26,3
E01002637,Taxi,6,1,5
E01002637,Train,38,29,9
E01002637,"Underground, metro, light rail, tram",25,56,-31
E01002637,Work mainly at or from home,126,11,115
E01002638,Bicycle,20,5,15
E01002638,"Bus, minibus or coach",140,132,8
E01002638,Driving a car or van,414,379,35
E01002638,"Motorcycle, scooter or moped",8,7,1
E01002638,Not in employment or aged 15 years and under,1293,569,724
E01002638,On foot,52,27,25
E01002638,Other method of travel to work,12,0,12
E01002638,Passenger in a car or van,31,26,5
E01002638,Taxi,4,3,1
E01002638,Train,21,35,-14
E01002638,"Underground, metro, light rail, tram",47,70,-23
E01002638,Work mainly at or from home,170,24,146
E01002639,Bicycle,18,13,5
E01002639,"Bus, minibus or coach",120,176,-56
E01002639,Driving a car or van,212,290,-78
E01002639,"Motorcycle, scooter or moped",10,6,4
E01002639,Not in employment or aged 15 years and under,902,405,497
E01002639,On foot,55,66,-11
E01002639,Other method of travel to work,8,1,7
E01002639,Passenger in a car or van,23,16,7
E01002639,Taxi,3,1,2
E01002639,Train,40,51,-11
E01002639,"Underground, metro, light rail, tram",161,288,-127
E01002639,Work mainly at or from home,238,22,216
E01002640,Bicycle,27,11,16
E01002640,"Bus, minibus or coach",219,194,25
E01002640,Driving a car or van,268,268,0
E01002640,"Motorcycle, scooter or moped",12,2,10
E01002640,Not in employment or aged 15 years and under,1071,476,595
E01002640,On foot,77,82,-5
E01002640,Other method of travel to work,22,3,19
E01002640,Passenger in a car or van,18,20,-2
E01002640,Taxi,4,0,4
E01002640,Train,58,69,-11
E01002640,"Underground, metro, light rail, tram",197,296,-99
E01002640,Work mainly at or from home,280,28,252
E01002641,Bicycle,22,12,10
E01002641,"Bus, minibus or coach",209,194,15
E01002641,Driving a car or van,267,310,-43
E01002641,"Motorcycle, scooter or moped",12,1,11
E01002641,Not in employment or aged 15 years and under,1365,508,857
E01002641,On foot,101,66,35
E01002641,Other method of travel to work,20,3,17
E01002641,Passenger in a car or van,26,19,7
E01002641,Taxi,4,2,2
E01002641,Train,66,59,7
E01002641,"Underground, metro, light rail, tram",235,282,-47
E01002641,Work mainly at or from home,371,29,342
E01002643,Bicycle,24,25,-1
E01002643,"Bus, minibus or coach",188,199,-11
E01002643,Driving a car or van,312,364,-52
E01002643,"Motorcycle, scooter or moped",6,13,-7
E01002643,Not in employment or aged 15 years and under,1482,587,895
E01002643,On foot,90,85,5
E01002643,Other method of travel to work,13,7,6
E01002643,Passenger in a car or van,27,16,11
E01002643,Taxi,7,3,4
E01002643,Train,46,100,-54
E01002643,"Underground, metro, light rail, tram",154,222,-68
E01002643,Work mainly at or from home,385,48,337
E01002645,Bicycle,23,33,-10
E01002645,"Bus, minibus or coach",247,256,-9
E01002645,Driving a car or van,237,280,-43
E01002645,"Motorcycle, scooter or moped",11,5,6
E01002645,Not in employment or aged 15 years and under,1160,564,596
E01002645,On foot,117,100,17
E01002645,Other method of travel to work,9,5,4
E01002645,Passenger in a car or van,15,19,-4
E01002645,Taxi,9,2,7
E01002645,Train,62,75,-13
E01002645,"Underground, metro, light rail, tram",152,223,-71
E01002645,Work mainly at or from home,216,37,179
E01002646,Bicycle,21,19,2
E01002646,"Bus, minibus or coach",215,208,7
E01002646,Driving a car or van,293,280,13
E01002646,"Motorcycle, scooter or moped",10,4,6
E01002646,Not in employment or aged 15 years and under,1380,598,782
E01002646,On foot,60,47,13
E01002646,Other method of travel to work,19,6,13
E01002646,Passenger in a car or van,37,19,18
E01002646,Taxi,4,3,1
E01002646,Train,38,68,-30
E01002646,"Underground, metro, light rail, tram",76,149,-73
E01002646,Work mainly at or from home,171,20,151
E01002647,Bicycle,27,23,4
E01002647,"Bus, minibus or coach",137,178,-41
E01002647,Driving a car or van,332,431,-99
E01002647,"Motorcycle, scooter or moped",10,6,4
E01002647,Not in employment or aged 15 years and under,1279,591,688
E01002647,On foot,52,57,-5
E01002647,Other method of travel to work,11,7,4
E01002647,Passenger in a car or van,33,31,2
E01002647,Taxi,2,3,-1
E01002647,Train,25,47,-22
E01002647,"Underground, metro, light rail, tram",70,139,-69
E01002647,Work mainly at or from home,238,31,207
E01002649,Bicycle,28,15,13
E01002649,"Bus, minibus or coach",190,206,-16
E01002649,Driving a car or van,227,293,-66
E01002649,"Motorcycle, scooter or moped",6,8,-2
E01002649,Not in employment or aged 15 years and under,1054,430,624
E01002649,On foot,60,88,-28
E01002649,Other method of travel to work,13,10,3
E01002649,Passenger in a car or van,15,16,-1
E01002649,Taxi,8,0,8
E01002649,Train,67,147,-80
E01002649,"Underground, metro, light rail, tram",126,194,-68
E01002649,Work mainly at or from home,260,29,231
E01002650,Bicycle,22,23,-1
E01002650,"Bus, minibus or coach",153,226,-73
E01002650,Driving a car or van,428,506,-78
E01002650,"Motorcycle, scooter or moped",11,8,3
E01002650,Not in employment or aged 15 years and under,1396,597,799
E01002650,On foot,46,65,-19
E01002650,Other method of travel to work,9,4,5
E01002650,Passenger in a car or van,45,24,21
E01002650,Taxi,9,1,8
E01002650,Train,21,54,-33
E01002650,"Underground, metro, light rail, tram",84,141,-57
E01002650,Work mainly at or from home,300,35,265
E01002651,Bicycle,27,13,14
E01002651,"Bus, minibus or coach",183,233,-50
E01002651,Driving a car or van,233,325,-92
E01002651,"Motorcycle, scooter or moped",5,8,-3
E01002651,Not in employment or aged 15 years and under,1009,458,551
E01002651,On foot,61,61,0
E01002651,Other method of travel to work,11,3,8
E01002651,Passenger in a car or van,30,29,1
E01002651,Taxi,2,0,2
E01002651,Train,22,57,-35
E01002651,"Underground, metro, light rail, tram",60,148,-88
E01002651,Work mainly at or from home,263,24,239
E01002652,Bicycle,23,16,7
E01002652,"Bus, minibus or coach",129,163,-34
E01002652,Driving a car or van,349,383,-34
E01002652,"Motorcycle, scooter or moped",8,4,4
E01002652,Not in employment or aged 15 years and under,981,514,467
E01002652,On foot,59,55,4
E01002652,Other method of travel to work,20,6,14
E01002652,Passenger in a car or van,27,27,0
E01002652,Taxi,2,1,1
E01002652,Train,28,59,-31
E01002652,"Underground, metro, light rail, tram",65,112,-47
E01002652,Work mainly at or from home,233,33,200
E01002653,Bicycle,15,17,-2
E01002653,"Bus, minibus or coach",74,117,-43
E01002653,Driving a car or van,337,445,-108
E01002653,"Motorcycle, scooter or moped",10,2,8
E01002653,Not in employment or aged 15 years and under,958,500,458
E01002653,On foot,56,61,-5
E01002653,Other method of travel to work,7,7,0
E01002653,Passenger in a car or van,30,21,9
E01002653,Taxi,3,2,1
E01002653,Train,37,89,-52
E01002653,"Underground, metro, light rail, tram",67,99,-32
E01002653,Work mainly at or from home,302,28,274
E01002654,Bicycle,41,29,12
E01002654,"Bus, minibus or coach",94,102,-8
E01002654,Driving a car or van,342,478,-136
E01002654,"Motorcycle, scooter or moped",10,8,2
E01002654,Not in employment or aged 15 years and under,945,393,552
E01002654,On foot,48,62,-14
E01002654,Other method of travel to work,8,4,4
E01002654,Passenger in a car or van,19,31,-12
E01002654,Taxi,5,1,4
E01002654,Train,46,103,-57
E01002654,"Underground, metro, light rail, tram",67,129,-62
E01002654,Work mainly at or from home,287,20,267
E01002655,Bicycle,20,24,-4
E01002655,"Bus, minibus or coach",102,114,-12
E01002655,Driving a car or van,318,420,-102
E01002655,"Motorcycle, scooter or moped",12,12,0
E01002655,Not in employment or aged 15 years and under,955,432,523
E01002655,On foot,62,84,-22
E01002655,Other method of travel to work,9,4,5
E01002655,Passenger in a car or van,18,18,0
E01002655,Taxi,2,4,-2
E01002655,Train,58,129,-71
E01002655,"Underground, metro, light rail, tram",56,124,-68
E01002655,Work mainly at or from home,254,46,208
E01002656,Bicycle,29,27,2
E01002656,"Bus, minibus or coach",30,57,-27
E01002656,Driving a car or van,248,358,-110
E01002656,"Motorcycle, scooter or moped",8,15,-7
E01002656,Not in employment or aged 15 years and under,691,296,395
E01002656,On foot,49,51,-2
E01002656,Other method of travel to work,11,2,9
E01002656,Passenger in a car or van,27,19,8
E01002656,Taxi,3,1,2
E01002656,Train,25,72,-47
E01002656,"Underground, metro, light rail, tram",33,41,-8
E01002656,Work mainly at or from home,262,29,233
E01002657,Bicycle,38,39,-1
E01002657,"Bus, minibus or coach",104,119,-15
E01002657,Driving a car or van,310,462,-152
E01002657,"Motorcycle, scooter or moped",12,8,4
E01002657,Not in employment or aged 15 years and under,933,409,524
E01002657,On foot,57,61,-4
E01002657,Other method of travel to work,12,1,11
E01002657,Passenger in a car or van,13,19,-6
E01002657,Taxi,2,1,1
E01002657,Train,70,136,-66
E01002657,"Underground, metro, light rail, tram",62,92,-30
E01002657,Work mainly at or from home,318,32,286
E01002658,Bicycle,33,45,-12
E01002658,"Bus, minibus or coach",56,71,-15
E01002658,Driving a car or van,192,311,-119
E01002658,"Motorcycle, scooter or moped",6,13,-7
E01002658,Not in employment or aged 15 years and under,632,263,369
E01002658,On foot,40,58,-18
E01002658,Other method of travel to work,6,4,2
E01002658,Passenger in a car or van,11,7,4
E01002658,Taxi,1,4,-3
E01002658,Train,31,110,-79
E01002658,"Underground, metro, light rail, tram",37,65,-28
E01002658,Work mainly at or from home,301,37,264
E01002659,Bicycle,23,27,-4
E01002659,"Bus, minibus or coach",91,107,-16
E01002659,Driving a car or van,208,306,-98
E01002659,"Motorcycle, scooter or moped",7,6,1
E01002659,Not in employment or aged 15 years and under,700,328,372
E01002659,On foot,45,55,-10
E01002659,Other method of travel to work,11,3,8
E01002659,Passenger in a car or van,15,14,1
E01002659,Taxi,5,1,4
E01002659,Train,25,55,-30
E01002659,"Underground, metro, light rail, tram",55,78,-23
E01002659,Work mainly at or from home,273,33,240
E01002660,Bicycle,19,15,4
E01002660,"Bus, minibus or coach",237,211,26
E01002660,Driving a car or van,293,309,-16
E01002660,"Motorcycle, scooter or moped",5,7,-2
E01002660,Not in employment or aged 15 years and under,1083,470,613
E01002660,On foot,57,66,-9
E01002660,Other method of travel to work,11,5,6
E01002660,Passenger in a car or van,32,18,14
E01002660,Taxi,2,1,1
E01002660,Train,42,58,-16
E01002660,"Underground, metro, light rail, tram",115,200,-85
E01002660,Work mainly at or from home,198,20,178
E01002661,Bicycle,26,10,16
E01002661,"Bus, minibus or coach",328,233,95
E01002661,Driving a car or van,288,348,-60
E01002661,"Motorcycle, scooter or moped",9,5,4
E01002661,Not in employment or aged 15 years and under,1234,519,715
E01002661,On foot,70,48,22
E01002661,Other method of travel to work,15,5,10
E01002661,Passenger in a car or van,36,24,12
E01002661,Taxi,2,3,-1
E01002661,Train,54,42,12
E01002661,"Underground, metro, light rail, tram",131,204,-73
E01002661,Work mainly at or from home,183,28,155
E01002662,Bicycle,23,6,17
E01002662,"Bus, minibus or coach",210,222,-12
E01002662,Driving a car or van,278,344,-66
E01002662,"Motorcycle, scooter or moped",11,7,4
E01002662,Not in employment or aged 15 years and under,1166,506,660
E01002662,On foot,104,94,10
E01002662,Other method of travel to work,19,3,16
E01002662,Passenger in a car or van,15,22,-7
E01002662,Taxi,8,2,6
E01002662,Train,63,66,-3
E01002662,"Underground, metro, light rail, tram",208,335,-127
E01002662,Work mainly at or from home,407,27,380
E01002663,Bicycle,26,20,6
E01002663,"Bus, minibus or coach",222,313,-91
E01002663,Driving a car or van,280,383,-103
E01002663,"Motorcycle, scooter or moped",3,3,0
E01002663,Not in employment or aged 15 years and under,1201,708,493
E01002663,On foot,57,77,-20
E01002663,Other method of travel to work,10,9,1
E01002663,Passenger in a car or van,30,25,5
E01002663,Taxi,4,5,-1
E01002663,Train,33,68,-35
E01002663,"Underground, metro, light rail, tram",121,224,-103
E01002663,Work mainly at or from home,174,35,139
E01002665,Bicycle,17,12,5
E01002665,"Bus, minibus or coach",183,197,-14
E01002665,Driving a car or van,253,277,-24
E01002665,"Motorcycle, scooter or moped",6,4,2
E01002665,Not in employment or aged 15 years and under,969,452,517
E01002665,On foot,59,43,16
E01002665,Other method of travel to work,8,7,1
E01002665,Passenger in a car or van,27,22,5
E01002665,Taxi,4,3,1
E01002665,Train,23,34,-11
E01002665,"Underground, metro, light rail, tram",57,127,-70
E01002665,Work mainly at or from home,144,24,120
E01002666,Bicycle,26,24,2
E01002666,"Bus, minibus or coach",173,202,-29
E01002666,Driving a car or van,285,274,11
E01002666,"Motorcycle, scooter or moped",12,7,5
E01002666,Not in employment or aged 15 years and under,945,428,517
E01002666,On foot,92,106,-14
E01002666,Other method of travel to work,29,7,22
E01002666,Passenger in a car or van,18,21,-3
E01002666,Taxi,3,0,3
E01002666,Train,30,39,-9
E01002666,"Underground, metro, light rail, tram",47,114,-67
E01002666,Work mainly at or from home,200,14,186
E01002667,Bicycle,47,37,10
E01002667,"Bus, minibus or coach",89,111,-22
E01002667,Driving a car or van,226,308,-82
E01002667,"Motorcycle, scooter or moped",12,13,-1
E01002667,Not in employment or aged 15 years and under,1101,383,718
E01002667,On foot,101,83,18
E01002667,Other method of travel to work,12,5,7
E01002667,Passenger in a car or van,13,21,-8
E01002667,Taxi,5,1,4
E01002667,Train,42,99,-57
E01002667,"Underground, metro, light rail, tram",48,62,-14
E01002667,Work mainly at or from home,487,72,415
E01002668,Bicycle,58,47,11
E01002668,"Bus, minibus or coach",107,137,-30
E01002668,Driving a car or van,281,439,-158
E01002668,"Motorcycle, scooter or moped",8,23,-15
E01002668,Not in employment or aged 15 years and under,1137,393,744
E01002668,On foot,95,88,7
E01002668,Other method of travel to work,8,10,-2
E01002668,Passenger in a car or van,11,21,-10
E01002668,Taxi,8,1,7
E01002668,Train,37,205,-168
E01002668,"Underground, metro, light rail, tram",34,102,-68
E01002668,Work mainly at or from home,502,50,452
E01002669,Bicycle,72,38,34
E01002669,"Bus, minibus or coach",111,134,-23
E01002669,Driving a car or van,280,345,-65
E01002669,"Motorcycle, scooter or moped",13,14,-1
E01002669,Not in employment or aged 15 years and under,981,442,539
E01002669,On foot,67,84,-17
E01002669,Other method of travel to work,13,8,5
E01002669,Passenger in a car or van,15,16,-1
E01002669,Taxi,2,0,2
E01002669,Train,42,112,-70
E01002669,"Underground, metro, light rail, tram",54,65,-11
E01002669,Work mainly at or from home,259,32,227
E01002670,Bicycle,36,40,-4
E01002670,"Bus, minibus or coach",91,150,-59
E01002670,Driving a car or van,273,395,-122
E01002670,"Motorcycle, scooter or moped",7,17,-10
E01002670,Not in employment or aged 15 years and under,965,383,582
E01002670,On foot,71,80,-9
E01002670,Other method of travel to work,16,9,7
E01002670,Passenger in a car or van,17,22,-5
E01002670,Taxi,4,4,0
E01002670,Train,38,108,-70
E01002670,"Underground, metro, light rail, tram",31,63,-32
E01002670,Work mainly at or from home,406,37,369
E01002671,Bicycle,39,58,-19
E01002671,"Bus, minibus or coach",67,78,-11
E01002671,Driving a car or van,212,337,-125
E01002671,"Motorcycle, scooter or moped",7,18,-11
E01002671,Not in employment or aged 15 years and under,987,395,592
E01002671,On foot,54,84,-30
E01002671,Other method of travel to work,10,4,6
E01002671,Passenger in a car or van,10,20,-10
E01002671,Taxi,1,4,-3
E01002671,Train,22,104,-82
E01002671,"Underground, metro, light rail, tram",34,80,-46
E01002671,Work mainly at or from home,404,60,344
E01002672,Bicycle,29,40,-11
E01002672,"Bus, minibus or coach",121,132,-11
E01002672,Driving a car or van,207,302,-95
E01002672,"Motorcycle, scooter or moped",9,9,0
E01002672,Not in employment or aged 15 years and under,781,401,380
E01002672,On foot,73,83,-10
E01002672,Other method of travel to work,13,9,4
E01002672,Passenger in a car or van,19,15,4
E01002672,Taxi,6,0,6
E01002672,Train,42,143,-101
E01002672,"Underground, metro, light rail, tram",27,39,-12
E01002672,Work mainly at or from home,263,24,239
E01002673,Bicycle,13,18,-5
E01002673,"Bus, minibus or coach",93,127,-34
E01002673,Driving a car or van,218,244,-26
E01002673,"Motorcycle, scooter or moped",2,4,-2
E01002673,Not in employment or aged 15 years and under,1129,514,615
E01002673,On foot,46,82,-36
E01002673,Other method of travel to work,7,6,1
E01002673,Passenger in a car or van,7,8,-1
E01002673,Taxi,6,1,5
E01002673,Train,25,40,-15
E01002673,"Underground, metro, light rail, tram",15,45,-30
E01002673,Work mainly at or from home,89,13,76
E01002674,Bicycle,23,22,1
E01002674,"Bus, minibus or coach",65,115,-50
E01002674,Driving a car or van,258,349,-91
E01002674,"Motorcycle, scooter or moped",8,12,-4
E01002674,Not in employment or aged 15 years and under,1010,369,641
E01002674,On foot,29,47,-18
E01002674,Other method of travel to work,14,5,9
E01002674,Passenger in a car or van,21,19,2
E01002674,Taxi,3,1,2
E01002674,Train,34,67,-33
E01002674,"Underground, metro, light rail, tram",154,235,-81
E01002674,Work mainly at or from home,467,44,423
E01002675,Bicycle,32,49,-17
E01002675,"Bus, minibus or coach",89,134,-45
E01002675,Driving a car or van,365,663,-298
E01002675,"Motorcycle, scooter or moped",6,12,-6
E01002675,Not in employment or aged 15 years and under,1242,566,676
E01002675,On foot,105,123,-18
E01002675,Other method of travel to work,11,13,-2
E01002675,Passenger in a car or van,24,42,-18
E01002675,Taxi,4,5,-1
E01002675,Train,44,208,-164
E01002675,"Underground, metro, light rail, tram",63,175,-112
E01002675,Work mainly at or from home,594,70,524
E01002676,Bicycle,17,14,3
E01002676,"Bus, minibus or coach",57,73,-16
E01002676,Driving a car or van,244,368,-124
E01002676,"Motorcycle, scooter or moped",5,6,-1
E01002676,Not in employment or aged 15 years and under,784,459,325
E01002676,On foot,19,37,-18
E01002676,Other method of travel to work,13,3,10
E01002676,Passenger in a car or van,19,12,7
E01002676,Taxi,0,0,0
E01002676,Train,25,36,-11
E01002676,"Underground, metro, light rail, tram",125,279,-154
E01002676,Work mainly at or from home,344,37,307
E01002677,Bicycle,32,14,18
E01002677,"Bus, minibus or coach",158,114,44
E01002677,Driving a car or van,240,259,-19
E01002677,"Motorcycle, scooter or moped",16,7,9
E01002677,Not in employment or aged 15 years and under,909,291,618
E01002677,On foot,57,61,-4
E01002677,Other method of travel to work,15,4,11
E01002677,Passenger in a car or van,29,9,20
E01002677,Taxi,3,1,2
E01002677,Train,59,105,-46
E01002677,"Underground, metro, light rail, tram",75,79,-4
E01002677,Work mainly at or from home,479,33,446
E01002678,Bicycle,30,22,8
E01002678,"Bus, minibus or coach",76,78,-2
E01002678,Driving a car or van,290,478,-188
E01002678,"Motorcycle, scooter or moped",6,9,-3
E01002678,Not in employment or aged 15 years and under,1001,390,611
E01002678,On foot,54,72,-18
E01002678,Other method of travel to work,8,10,-2
E01002678,Passenger in a car or van,15,23,-8
E01002678,Taxi,4,6,-2
E01002678,Train,40,122,-82
E01002678,"Underground, metro, light rail, tram",69,166,-97
E01002678,Work mainly at or from home,454,75,379
E01002679,Bicycle,37,38,-1
E01002679,"Bus, minibus or coach",89,100,-11
E01002679,Driving a car or van,249,445,-196
E01002679,"Motorcycle, scooter or moped",5,7,-2
E01002679,Not in employment or aged 15 years and under,901,376,525
E01002679,On foot,77,80,-3
E01002679,Other method of travel to work,16,6,10
E01002679,Passenger in a car or van,17,27,-10
E01002679,Taxi,3,0,3
E01002679,Train,55,127,-72
E01002679,"Underground, metro, light rail, tram",57,115,-58
E01002679,Work mainly at or from home,350,44,306
E01002680,Bicycle,29,38,-9
E01002680,"Bus, minibus or coach",81,139,-58
E01002680,Driving a car or van,282,405,-123
E01002680,"Motorcycle, scooter or moped",10,7,3
E01002680,Not in employment or aged 15 years and under,998,478,520
E01002680,On foot,60,55,5
E01002680,Other method of travel to work,5,8,-3
E01002680,Passenger in a car or van,18,20,-2
E01002680,Taxi,8,3,5
E01002680,Train,45,109,-64
E01002680,"Underground, metro, light rail, tram",120,195,-75
E01002680,Work mainly at or from home,424,55,369
E01002681,Bicycle,38,35,3
E01002681,"Bus, minibus or coach",140,184,-44
E01002681,Driving a car or van,310,382,-72
E01002681,"Motorcycle, scooter or moped",8,11,-3
E01002681,Not in employment or aged 15 years and under,1211,511,700
E01002681,On foot,137,140,-3
E01002681,Other method of travel to work,21,7,14
E01002681,Passenger in a car or van,20,24,-4
E01002681,Taxi,6,6,0
E01002681,Train,37,145,-108
E01002681,"Underground, metro, light rail, tram",49,75,-26
E01002681,Work mainly at or from home,456,38,418
E01002682,Bicycle,45,64,-19
E01002682,"Bus, minibus or coach",128,236,-108
E01002682,Driving a car or van,272,398,-126
E01002682,"Motorcycle, scooter or moped",6,20,-14
E01002682,Not in employment or aged 15 years and under,1137,496,641
E01002682,On foot,121,117,4
E01002682,Other method of travel to work,20,11,9
E01002682,Passenger in a car or van,9,20,-11
E01002682,Taxi,4,5,-1
E01002682,Train,39,194,-155
E01002682,"Underground, metro, light rail, tram",62,105,-43
E01002682,Work mainly at or from home,499,65,434
E01002686,Bicycle,37,24,13
E01002686,"Bus, minibus or coach",92,124,-32
E01002686,Driving a car or van,265,337,-72
E01002686,"Motorcycle, scooter or moped",12,15,-3
E01002686,Not in employment or aged 15 years and under,997,534,463
E01002686,On foot,62,90,-28
E01002686,Other method of travel to work,10,4,6
E01002686,Passenger in a car or van,19,28,-9
E01002686,Taxi,3,7,-4
E01002686,Train,26,60,-34
E01002686,"Underground, metro, light rail, tram",39,78,-39
E01002686,Work mainly at or from home,211,22,189
E01002687,Bicycle,47,49,-2
E01002687,"Bus, minibus or coach",39,55,-16
E01002687,Driving a car or van,109,176,-67
E01002687,"Motorcycle, scooter or moped",7,12,-5
E01002687,Not in employment or aged 15 years and under,739,263,476
E01002687,On foot,58,100,-42
E01002687,Other method of travel to work,7,7,0
E01002687,Passenger in a car or van,5,10,-5
E01002687,Taxi,6,0,6
E01002687,Train,15,39,-24
E01002687,"Underground, metro, light rail, tram",106,367,-261
E01002687,Work mainly at or from home,535,75,460
E01002689,Bicycle,25,50,-25
E01002689,"Bus, minibus or coach",42,60,-18
E01002689,Driving a car or van,100,179,-79
E01002689,"Motorcycle, scooter or moped",4,8,-4
E01002689,Not in employment or aged 15 years and under,816,396,420
E01002689,On foot,49,78,-29
E01002689,Other method of travel to work,4,12,-8
E01002689,Passenger in a car or van,3,12,-9
E01002689,Taxi,3,2,1
E01002689,Train,11,37,-26
E01002689,"Underground, metro, light rail, tram",55,295,-240
E01002689,Work mainly at or from home,445,70,375
E01002690,Bicycle,31,40,-9
E01002690,"Bus, minibus or coach",22,67,-45
E01002690,Driving a car or van,93,161,-68
E01002690,"Motorcycle, scooter or moped",7,19,-12
E01002690,Not in employment or aged 15 years and under,675,364,311
E01002690,On foot,41,74,-33
E01002690,Other method of travel to work,4,7,-3
E01002690,Passenger in a car or van,8,7,1
E01002690,Taxi,8,2,6
E01002690,Train,17,46,-29
E01002690,"Underground, metro, light rail, tram",50,252,-202
E01002690,Work mainly at or from home,423,89,334
E01002691,Bicycle,41,44,-3
E01002691,"Bus, minibus or coach",41,45,-4
E01002691,Driving a car or van,137,179,-42
E01002691,"Motorcycle, scooter or moped",11,12,-1
E01002691,Not in employment or aged 15 years and under,757,326,431
E01002691,On foot,44,54,-10
E01002691,Other method of travel to work,21,4,17
E01002691,Passenger in a car or van,12,5,7
E01002691,Taxi,2,2,0
E01002691,Train,26,61,-35
E01002691,"Underground, metro, light rail, tram",158,420,-262
E01002691,Work mainly at or from home,379,60,319
E01002692,Bicycle,47,57,-10
E01002692,"Bus, minibus or coach",57,86,-29
E01002692,Driving a car or van,144,232,-88
E01002692,"Motorcycle, scooter or moped",9,12,-3
E01002692,Not in employment or aged 15 years and under,929,399,530
E01002692,On foot,86,136,-50
E01002692,Other method of travel to work,12,6,6
E01002692,Passenger in a car or van,10,11,-1
E01002692,Taxi,4,4,0
E01002692,Train,25,64,-39
E01002692,"Underground, metro, light rail, tram",110,389,-279
E01002692,Work mainly at or from home,674,73,601
E01002693,Bicycle,27,40,-13
E01002693,"Bus, minibus or coach",48,104,-56
E01002693,Driving a car or van,82,191,-109
E01002693,"Motorcycle, scooter or moped",7,17,-10
E01002693,Not in employment or aged 15 years and under,915,329,586
E01002693,On foot,59,92,-33
E01002693,Other method of travel to work,11,12,-1
E01002693,Passenger in a car or van,4,6,-2
E01002693,Taxi,2,4,-2
E01002693,Train,12,33,-21
E01002693,"Underground, metro, light rail, tram",85,349,-264
E01002693,Work mainly at or from home,542,71,471
E01002694,Bicycle,24,50,-26
E01002694,"Bus, minibus or coach",112,152,-40
E01002694,Driving a car or van,77,74,3
E01002694,"Motorcycle, scooter or moped",4,4,0
E01002694,Not in employment or aged 15 years and under,933,516,417
E01002694,On foot,114,132,-18
E01002694,Other method of travel to work,11,2,9
E01002694,Passenger in a car or van,3,3,0
E01002694,Taxi,4,2,2
E01002694,Train,35,33,2
E01002694,"Underground, metro, light rail, tram",76,126,-50
E01002694,Work mainly at or from home,276,20,256
E01002695,Bicycle,34,81,-47
E01002695,"Bus, minibus or coach",62,216,-154
E01002695,Driving a car or van,43,55,-12
E01002695,"Motorcycle, scooter or moped",3,4,-1
E01002695,Not in employment or aged 15 years and under,570,385,185
E01002695,On foot,99,267,-168
E01002695,Other method of travel to work,18,3,15
E01002695,Passenger in a car or van,5,2,3
E01002695,Taxi,8,5,3
E01002695,Train,16,38,-22
E01002695,"Underground, metro, light rail, tram",72,252,-180
E01002695,Work mainly at or from home,545,41,504
E01002696,Bicycle,53,108,-55
E01002696,"Bus, minibus or coach",45,233,-188
E01002696,Driving a car or van,28,77,-49
E01002696,"Motorcycle, scooter or moped",1,11,-10
E01002696,Not in employment or aged 15 years and under,668,397,271
E01002696,On foot,96,272,-176
E01002696,Other method of travel to work,9,13,-4
E01002696,Passenger in a car or van,1,3,-2
E01002696,Taxi,3,16,-13
E01002696,Train,20,55,-35
E01002696,"Underground, metro, light rail, tram",80,277,-197
E01002696,Work mainly at or from home,741,73,668
E01002697,Bicycle,41,42,-1
E01002697,"Bus, minibus or coach",156,165,-9
E01002697,Driving a car or van,120,59,61
E01002697,"Motorcycle, scooter or moped",8,3,5
E01002697,Not in employment or aged 15 years and under,1052,978,74
E01002697,On foot,106,165,-59
E01002697,Other method of travel to work,12,8,4
E01002697,Passenger in a car or van,1,3,-2
E01002697,Taxi,6,5,1
E01002697,Train,28,37,-9
E01002697,"Underground, metro, light rail, tram",90,151,-61
E01002697,Work mainly at or from home,345,27,318
E01002698,Bicycle,65,130,-65
E01002698,"Bus, minibus or coach",57,198,-141
E01002698,Driving a car or van,50,94,-44
E01002698,"Motorcycle, scooter or moped",4,22,-18
E01002698,Not in employment or aged 15 years and under,775,454,321
E01002698,On foot,78,222,-144
E01002698,Other method of travel to work,18,7,11
E01002698,Passenger in a car or van,2,4,-2
E01002698,Taxi,12,21,-9
E01002698,Train,29,107,-78
E01002698,"Underground, metro, light rail, tram",95,400,-305
E01002698,Work mainly at or from home,862,86,776
E01002699,Bicycle,33,59,-26
E01002699,"Bus, minibus or coach",47,138,-91
E01002699,Driving a car or van,49,58,-9
E01002699,"Motorcycle, scooter or moped",4,10,-6
E01002699,Not in employment or aged 15 years and under,625,310,315
E01002699,On foot,86,175,-89
E01002699,Other method of travel to work,7,7,0
E01002699,Passenger in a car or van,2,1,1
E01002699,Taxi,9,20,-11
E01002699,Train,20,32,-12
E01002699,"Underground, metro, light rail, tram",65,188,-123
E01002699,Work mainly at or from home,535,55,480
E01002700,Bicycle,41,154,-113
E01002700,"Bus, minibus or coach",25,163,-138
E01002700,Driving a car or van,31,122,-91
E01002700,"Motorcycle, scooter or moped",2,14,-12
E01002700,Not in employment or aged 15 years and under,640,398,242
E01002700,On foot,58,189,-131
E01002700,Other method of travel to work,9,8,1
E01002700,Passenger in a car or van,4,8,-4
E01002700,Taxi,7,24,-17
E01002700,Train,10,40,-30
E01002700,"Underground, metro, light rail, tram",31,214,-183
E01002700,Work mainly at or from home,517,96,421
E01002701,Bicycle,23,44,-21
E01002701,"Bus, minibus or coach",78,140,-62
E01002701,Driving a car or van,41,59,-18
E01002701,"Motorcycle, scooter or moped",2,4,-2
E01002701,Not in employment or aged 15 years and under,789,560,229
E01002701,On foot,98,196,-98
E01002701,Other method of travel to work,9,3,6
E01002701,Passenger in a car or van,4,1,3
E01002701,Taxi,5,6,-1
E01002701,Train,20,43,-23
E01002701,"Underground, metro, light rail, tram",59,180,-121
E01002701,Work mainly at or from home,344,25,319
E01002702,Bicycle,53,54,-1
E01002702,"Bus, minibus or coach",112,194,-82
E01002702,Driving a car or van,74,63,11
E01002702,"Motorcycle, scooter or moped",2,7,-5
E01002702,Not in employment or aged 15 years and under,1360,736,624
E01002702,On foot,176,262,-86
E01002702,Other method of travel to work,11,15,-4
E01002702,Passenger in a car or van,5,7,-2
E01002702,Taxi,5,12,-7
E01002702,Train,29,30,-1
E01002702,"Underground, metro, light rail, tram",71,135,-64
E01002702,Work mainly at or from home,566,39,527
E01002703,Bicycle,44,72,-28
E01002703,"Bus, minibus or coach",106,134,-28
E01002703,Driving a car or van,81,65,16
E01002703,"Motorcycle, scooter or moped",5,5,0
E01002703,Not in employment or aged 15 years and under,1130,553,577
E01002703,On foot,175,279,-104
E01002703,Other method of travel to work,10,10,0
E01002703,Passenger in a car or van,5,6,-1
E01002703,Taxi,7,9,-2
E01002703,Train,33,24,9
E01002703,"Underground, metro, light rail, tram",76,107,-31
E01002703,Work mainly at or from home,670,32,638
E01002704,Bicycle,39,68,-29
E01002704,"Bus, minibus or coach",90,144,-54
E01002704,Driving a car or van,63,72,-9
E01002704,"Motorcycle, scooter or moped",14,16,-2
E01002704,Not in employment or aged 15 years and under,1147,705,442
E01002704,On foot,164,412,-248
E01002704,Other method of travel to work,14,8,6
E01002704,Passenger in a car or van,8,3,5
E01002704,Taxi,6,14,-8
E01002704,Train,44,45,-1
E01002704,"Underground, metro, light rail, tram",105,211,-106
E01002704,Work mainly at or from home,666,66,600
E01002706,Bicycle,35,63,-28
E01002706,"Bus, minibus or coach",89,144,-55
E01002706,Driving a car or van,43,67,-24
E01002706,"Motorcycle, scooter or moped",10,12,-2
E01002706,Not in employment or aged 15 years and under,1047,556,491
E01002706,On foot,171,392,-221
E01002706,Other method of travel to work,7,8,-1
E01002706,Passenger in a car or van,0,13,-13
E01002706,Taxi,6,12,-6
E01002706,Train,19,49,-30
E01002706,"Underground, metro, light rail, tram",77,163,-86
E01002706,Work mainly at or from home,531,57,474
E01002707,Bicycle,45,74,-29
E01002707,"Bus, minibus or coach",92,233,-141
E01002707,Driving a car or van,51,54,-3
E01002707,"Motorcycle, scooter or moped",15,13,2
E01002707,Not in employment or aged 15 years and under,821,518,303
E01002707,On foot,121,277,-156
E01002707,Other method of travel to work,14,5,9
E01002707,Passenger in a car or van,4,4,0
E01002707,Taxi,7,13,-6
E01002707,Train,14,41,-27
E01002707,"Underground, metro, light rail, tram",59,206,-147
E01002707,Work mainly at or from home,580,44,536
E01002708,Bicycle,52,74,-22
E01002708,"Bus, minibus or coach",87,216,-129
E01002708,Driving a car or van,70,88,-18
E01002708,"Motorcycle, scooter or moped",11,7,4
E01002708,Not in employment or aged 15 years and under,1032,708,324
E01002708,On foot,115,152,-37
E01002708,Other method of travel to work,8,9,-1
E01002708,Passenger in a car or van,4,5,-1
E01002708,Taxi,12,9,3
E01002708,Train,40,64,-24
E01002708,"Underground, metro, light rail, tram",113,272,-159
E01002708,Work mainly at or from home,570,28,542
E01002709,Bicycle,31,43,-12
E01002709,"Bus, minibus or coach",73,193,-120
E01002709,Driving a car or van,66,67,-1
E01002709,"Motorcycle, scooter or moped",6,9,-3
E01002709,Not in employment or aged 15 years and under,869,585,284
E01002709,On foot,102,160,-58
E01002709,Other method of travel to work,11,6,5
E01002709,Passenger in a car or van,2,8,-6
E01002709,Taxi,4,8,-4
E01002709,Train,27,59,-32
E01002709,"Underground, metro, light rail, tram",92,216,-124
E01002709,Work mainly at or from home,400,35,365
E01002710,Bicycle,42,46,-4
E01002710,"Bus, minibus or coach",69,165,-96
E01002710,Driving a car or van,73,74,-1
E01002710,"Motorcycle, scooter or moped",2,14,-12
E01002710,Not in employment or aged 15 years and under,860,523,337
E01002710,On foot,103,165,-62
E01002710,Other method of travel to work,10,7,3
E01002710,Passenger in a car or van,4,10,-6
E01002710,Taxi,12,4,8
E01002710,Train,17,33,-16
E01002710,"Underground, metro, light rail, tram",86,165,-79
E01002710,Work mainly at or from home,319,32,287
E01002711,Bicycle,39,103,-64
E01002711,"Bus, minibus or coach",71,220,-149
E01002711,Driving a car or van,44,75,-31
E01002711,"Motorcycle, scooter or moped",4,11,-7
E01002711,Not in employment or aged 15 years and under,1029,530,499
E01002711,On foot,102,220,-118
E01002711,Other method of travel to work,9,9,0
E01002711,Passenger in a car or van,2,4,-2
E01002711,Taxi,5,5,0
E01002711,Train,29,91,-62
E01002711,"Underground, metro, light rail, tram",103,341,-238
E01002711,Work mainly at or from home,595,89,506
E01002712,Bicycle,47,65,-18
E01002712,"Bus, minibus or coach",58,124,-66
E01002712,Driving a car or van,46,73,-27
E01002712,"Motorcycle, scooter or moped",5,12,-7
E01002712,Not in employment or aged 15 years and under,603,832,-229
E01002712,On foot,74,137,-63
E01002712,Other method of travel to work,15,8,7
E01002712,Passenger in a car or van,3,10,-7
E01002712,Taxi,5,2,3
E01002712,Train,22,42,-20
E01002712,"Underground, metro, light rail, tram",65,214,-149
E01002712,Work mainly at or from home,432,43,389
E01002713,Bicycle,51,39,12
E01002713,"Bus, minibus or coach",109,140,-31
E01002713,Driving a car or van,93,63,30
E01002713,"Motorcycle, scooter or moped",10,3,7
E01002713,Not in employment or aged 15 years and under,1724,546,1178
E01002713,On foot,93,139,-46
E01002713,Other method of travel to work,17,3,14
E01002713,Passenger in a car or van,13,5,8
E01002713,Taxi,8,4,4
E01002713,Train,73,31,42
E01002713,"Underground, metro, light rail, tram",128,172,-44
E01002713,Work mainly at or from home,487,25,462
E01002714,Bicycle,44,141,-97
E01002714,"Bus, minibus or coach",47,215,-168
E01002714,Driving a car or van,32,87,-55
E01002714,"Motorcycle, scooter or moped",5,10,-5
E01002714,Not in employment or aged 15 years and under,592,350,242
E01002714,On foot,74,170,-96
E01002714,Other method of travel to work,8,10,-2
E01002714,Passenger in a car or van,3,9,-6
E01002714,Taxi,6,6,0
E01002714,Train,15,72,-57
E01002714,"Underground, metro, light rail, tram",63,259,-196
E01002714,Work mainly at or from home,649,93,556
E01002715,Bicycle,27,28,-1
E01002715,"Bus, minibus or coach",96,168,-72
E01002715,Driving a car or van,52,46,6
E01002715,"Motorcycle, scooter or moped",8,4,4
E01002715,Not in employment or aged 15 years and under,996,541,455
E01002715,On foot,99,115,-16
E01002715,Other method of travel to work,15,1,14
E01002715,Passenger in a car or van,7,3,4
E01002715,Taxi,8,9,-1
E01002715,Train,37,26,11
E01002715,"Underground, metro, light rail, tram",72,141,-69
E01002715,Work mainly at or from home,265,26,239
E01002716,Bicycle,54,95,-41
E01002716,"Bus, minibus or coach",140,408,-268
E01002716,Driving a car or van,90,94,-4
E01002716,"Motorcycle, scooter or moped",2,12,-10
E01002716,Not in employment or aged 15 years and under,1179,674,505
E01002716,On foot,87,143,-56
E01002716,Other method of travel to work,9,10,-1
E01002716,Passenger in a car or van,6,2,4
E01002716,Taxi,5,5,0
E01002716,Train,25,62,-37
E01002716,"Underground, metro, light rail, tram",81,192,-111
E01002716,Work mainly at or from home,576,39,537
E01002717,Bicycle,36,55,-19
E01002717,"Bus, minibus or coach",41,166,-125
E01002717,Driving a car or van,43,56,-13
E01002717,"Motorcycle, scooter or moped",3,9,-6
E01002717,Not in employment or aged 15 years and under,582,328,254
E01002717,On foot,36,86,-50
E01002717,Other method of travel to work,10,6,4
E01002717,Passenger in a car or van,1,8,-7
E01002717,Taxi,2,4,-2
E01002717,Train,11,55,-44
E01002717,"Underground, metro, light rail, tram",49,222,-173
E01002717,Work mainly at or from home,396,38,358
E01002718,Bicycle,69,130,-61
E01002718,"Bus, minibus or coach",53,371,-318
E01002718,Driving a car or van,43,90,-47
E01002718,"Motorcycle, scooter or moped",1,14,-13
E01002718,Not in employment or aged 15 years and under,591,320,271
E01002718,On foot,56,171,-115
E01002718,Other method of travel to work,3,9,-6
E01002718,Passenger in a car or van,8,9,-1
E01002718,Taxi,9,13,-4
E01002718,Train,9,37,-28
E01002718,"Underground, metro, light rail, tram",59,197,-138
E01002718,Work mainly at or from home,674,56,618
E01002719,Bicycle,37,59,-22
E01002719,"Bus, minibus or coach",28,205,-177
E01002719,Driving a car or van,45,82,-37
E01002719,"Motorcycle, scooter or moped",4,7,-3
E01002719,Not in employment or aged 15 years and under,668,321,347
E01002719,On foot,63,134,-71
E01002719,Other method of travel to work,4,6,-2
E01002719,Passenger in a car or van,3,9,-6
E01002719,Taxi,1,14,-13
E01002719,Train,15,54,-39
E01002719,"Underground, metro, light rail, tram",52,248,-196
E01002719,Work mainly at or from home,571,38,533
E01002720,Bicycle,63,60,3
E01002720,"Bus, minibus or coach",151,312,-161
E01002720,Driving a car or van,90,110,-20
E01002720,"Motorcycle, scooter or moped",6,13,-7
E01002720,Not in employment or aged 15 years and under,1187,737,450
E01002720,On foot,104,142,-38
E01002720,Other method of travel to work,14,5,9
E01002720,Passenger in a car or van,5,9,-4
E01002720,Taxi,5,8,-3
E01002720,Train,33,64,-31
E01002720,"Underground, metro, light rail, tram",62,182,-120
E01002720,Work mainly at or from home,402,29,373
E01002721,Bicycle,60,98,-38
E01002721,"Bus, minibus or coach",70,318,-248
E01002721,Driving a car or van,54,101,-47
E01002721,"Motorcycle, scooter or moped",5,16,-11
E01002721,Not in employment or aged 15 years and under,675,415,260
E01002721,On foot,59,162,-103
E01002721,Other method of travel to work,10,7,3
E01002721,Passenger in a car or van,7,5,2
E01002721,Taxi,9,11,-2
E01002721,Train,15,33,-18
E01002721,"Underground, metro, light rail, tram",51,135,-84
E01002721,Work mainly at or from home,620,45,575
E01002722,Bicycle,48,64,-16
E01002722,"Bus, minibus or coach",60,203,-143
E01002722,Driving a car or van,43,70,-27
E01002722,"Motorcycle, scooter or moped",6,6,0
E01002722,Not in employment or aged 15 years and under,691,410,281
E01002722,On foot,69,108,-39
E01002722,Other method of travel to work,3,3,0
E01002722,Passenger in a car or van,1,5,-4
E01002722,Taxi,7,5,2
E01002722,Train,16,29,-13
E01002722,"Underground, metro, light rail, tram",47,100,-53
E01002722,Work mainly at or from home,451,29,422
E01002723,Bicycle,36,42,-6
E01002723,"Bus, minibus or coach",74,152,-78
E01002723,Driving a car or van,40,53,-13
E01002723,"Motorcycle, scooter or moped",2,4,-2
E01002723,Not in employment or aged 15 years and under,913,501,412
E01002723,On foot,104,243,-139
E01002723,Other method of travel to work,5,2,3
E01002723,Passenger in a car or van,4,7,-3
E01002723,Taxi,2,6,-4
E01002723,Train,19,37,-18
E01002723,"Underground, metro, light rail, tram",50,111,-61
E01002723,Work mainly at or from home,395,51,344
E01002724,Bicycle,37,66,-29
E01002724,"Bus, minibus or coach",39,105,-66
E01002724,Driving a car or van,26,65,-39
E01002724,"Motorcycle, scooter or moped",3,17,-14
E01002724,Not in employment or aged 15 years and under,824,558,266
E01002724,On foot,138,554,-416
E01002724,Other method of travel to work,4,11,-7
E01002724,Passenger in a car or van,10,12,-2
E01002724,Taxi,7,23,-16
E01002724,Train,21,45,-24
E01002724,"Underground, metro, light rail, tram",57,251,-194
E01002724,Work mainly at or from home,762,88,674
E01002725,Bicycle,34,49,-15
E01002725,"Bus, minibus or coach",83,137,-54
E01002725,Driving a car or van,46,53,-7
E01002725,"Motorcycle, scooter or moped",2,5,-3
E01002725,Not in employment or aged 15 years and under,777,501,276
E01002725,On foot,92,212,-120
E01002725,Other method of travel to work,9,3,6
E01002725,Passenger in a car or van,5,5,0
E01002725,Taxi,5,10,-5
E01002725,Train,17,31,-14
E01002725,"Underground, metro, light rail, tram",36,107,-71
E01002725,Work mainly at or from home,251,24,227
E01002726,Bicycle,52,101,-49
E01002726,"Bus, minibus or coach",63,169,-106
E01002726,Driving a car or van,45,42,3
E01002726,"Motorcycle, scooter or moped",3,5,-2
E01002726,Not in employment or aged 15 years and under,883,457,426
E01002726,On foot,106,306,-200
E01002726,Other method of travel to work,7,6,1
E01002726,Passenger in a car or van,3,2,1
E01002726,Taxi,6,18,-12
E01002726,Train,16,46,-30
E01002726,"Underground, metro, light rail, tram",58,152,-94
E01002726,Work mainly at or from home,477,58,419
E01002727,Bicycle,45,87,-42
E01002727,"Bus, minibus or coach",64,189,-125
E01002727,Driving a car or van,40,61,-21
E01002727,"Motorcycle, scooter or moped",6,13,-7
E01002727,Not in employment or aged 15 years and under,589,414,175
E01002727,On foot,113,319,-206
E01002727,Other method of travel to work,4,8,-4
E01002727,Passenger in a car or van,5,6,-1
E01002727,Taxi,5,20,-15
E01002727,Train,14,37,-23
E01002727,"Underground, metro, light rail, tram",58,154,-96
E01002727,Work mainly at or from home,570,56,514
E01002728,Bicycle,29,40,-11
E01002728,"Bus, minibus or coach",35,122,-87
E01002728,Driving a car or van,33,49,-16
E01002728,"Motorcycle, scooter or moped",5,8,-3
E01002728,Not in employment or aged 15 years and under,846,881,-35
E01002728,On foot,64,133,-69
E01002728,Other method of travel to work,10,2,8
E01002728,Passenger in a car or van,1,7,-6
E01002728,Taxi,0,2,-2
E01002728,Train,13,29,-16
E01002728,"Underground, metro, light rail, tram",36,126,-90
E01002728,Work mainly at or from home,242,41,201
E01002729,Bicycle,39,103,-64
E01002729,"Bus, minibus or coach",57,130,-73
E01002729,Driving a car or van,56,77,-21
E01002729,"Motorcycle, scooter or moped",2,11,-9
E01002729,Not in employment or aged 15 years and under,731,441,290
E01002729,On foot,105,272,-167
E01002729,Other method of travel to work,10,2,8
E01002729,Passenger in a car or van,11,4,7
E01002729,Taxi,4,14,-10
E01002729,Train,13,42,-29
E01002729,"Underground, metro, light rail, tram",63,132,-69
E01002729,Work mainly at or from home,411,61,350
E01002730,Bicycle,61,91,-30
E01002730,"Bus, minibus or coach",82,234,-152
E01002730,Driving a car or van,75,66,9
E01002730,"Motorcycle, scooter or moped",9,6,3
E01002730,Not in employment or aged 15 years and under,726,529,197
E01002730,On foot,70,97,-27
E01002730,Other method of travel to work,12,4,8
E01002730,Passenger in a car or van,4,6,-2
E01002730,Taxi,1,3,-2
E01002730,Train,26,65,-39
E01002730,"Underground, metro, light rail, tram",125,373,-248
E01002730,Work mainly at or from home,556,35,521
E01002732,Bicycle,44,58,-14
E01002732,"Bus, minibus or coach",99,182,-83
E01002732,Driving a car or van,86,79,7
E01002732,"Motorcycle, scooter or moped",6,7,-1
E01002732,Not in employment or aged 15 years and under,1025,659,366
E01002732,On foot,57,88,-31
E01002732,Other method of travel to work,7,2,5
E01002732,Passenger in a car or van,6,7,-1
E01002732,Taxi,2,1,1
E01002732,Train,41,58,-17
E01002732,"Underground, metro, light rail, tram",126,280,-154
E01002732,Work mainly at or from home,303,25,278
E01002733,Bicycle,53,115,-62
E01002733,"Bus, minibus or coach",66,263,-197
E01002733,Driving a car or van,54,136,-82
E01002733,"Motorcycle, scooter or moped",1,16,-15
E01002733,Not in employment or aged 15 years and under,575,359,216
E01002733,On foot,56,87,-31
E01002733,Other method of travel to work,3,6,-3
E01002733,Passenger in a car or van,5,4,1
E01002733,Taxi,8,9,-1
E01002733,Train,15,61,-46
E01002733,"Underground, metro, light rail, tram",82,399,-317
E01002733,Work mainly at or from home,522,61,461
E01002734,Bicycle,32,27,5
E01002734,"Bus, minibus or coach",148,152,-4
E01002734,Driving a car or van,68,52,16
E01002734,"Motorcycle, scooter or moped",10,6,4
E01002734,Not in employment or aged 15 years and under,1301,551,750
E01002734,On foot,91,89,2
E01002734,Other method of travel to work,13,2,11
E01002734,Passenger in a car or van,2,3,-1
E01002734,Taxi,2,1,1
E01002734,Train,81,46,35
E01002734,"Underground, metro, light rail, tram",211,237,-26
E01002734,Work mainly at or from home,401,14,387
E01002735,Bicycle,83,92,-9
E01002735,"Bus, minibus or coach",128,117,11
E01002735,Driving a car or van,99,87,12
E01002735,"Motorcycle, scooter or moped",18,6,12
E01002735,Not in employment or aged 15 years and under,1305,415,890
E01002735,On foot,96,81,15
E01002735,Other method of travel to work,10,4,6
E01002735,Passenger in a car or van,7,4,3
E01002735,Taxi,18,1,17
E01002735,Train,79,82,-3
E01002735,"Underground, metro, light rail, tram",219,423,-204
E01002735,Work mainly at or from home,896,39,857
E01002736,Bicycle,24,26,-2
E01002736,"Bus, minibus or coach",66,113,-47
E01002736,Driving a car or van,56,82,-26
E01002736,"Motorcycle, scooter or moped",2,4,-2
E01002736,Not in employment or aged 15 years and under,956,508,448
E01002736,On foot,52,64,-12
E01002736,Other method of travel to work,4,5,-1
E01002736,Passenger in a car or van,2,6,-4
E01002736,Taxi,9,4,5
E01002736,Train,30,40,-10
E01002736,"Underground, metro, light rail, tram",92,159,-67
E01002736,Work mainly at or from home,186,12,174
E01002737,Bicycle,39,49,-10
E01002737,"Bus, minibus or coach",122,170,-48
E01002737,Driving a car or van,99,99,0
E01002737,"Motorcycle, scooter or moped",5,2,3
E01002737,Not in employment or aged 15 years and under,1108,640,468
E01002737,On foot,74,86,-12
E01002737,Other method of travel to work,11,10,1
E01002737,Passenger in a car or van,5,4,1
E01002737,Taxi,4,1,3
E01002737,Train,35,56,-21
E01002737,"Underground, metro, light rail, tram",96,216,-120
E01002737,Work mainly at or from home,349,36,313
E01002738,Bicycle,55,120,-65
E01002738,"Bus, minibus or coach",62,184,-122
E01002738,Driving a car or van,56,91,-35
E01002738,"Motorcycle, scooter or moped",5,9,-4
E01002738,Not in employment or aged 15 years and under,861,463,398
E01002738,On foot,53,93,-40
E01002738,Other method of travel to work,7,6,1
E01002738,Passenger in a car or van,5,4,1
E01002738,Taxi,10,7,3
E01002738,Train,21,72,-51
E01002738,"Underground, metro, light rail, tram",77,278,-201
E01002738,Work mainly at or from home,659,70,589
E01002739,Bicycle,66,128,-62
E01002739,"Bus, minibus or coach",36,110,-74
E01002739,Driving a car or van,52,72,-20
E01002739,"Motorcycle, scooter or moped",5,14,-9
E01002739,Not in employment or aged 15 years and under,789,365,424
E01002739,On foot,64,104,-40
E01002739,Other method of travel to work,7,7,0
E01002739,Passenger in a car or van,5,4,1
E01002739,Taxi,3,8,-5
E01002739,Train,14,109,-95
E01002739,"Underground, metro, light rail, tram",85,450,-365
E01002739,Work mainly at or from home,716,80,636
E01002740,Bicycle,61,132,-71
E01002740,"Bus, minibus or coach",39,132,-93
E01002740,Driving a car or van,45,92,-47
E01002740,"Motorcycle, scooter or moped",1,8,-7
E01002740,Not in employment or aged 15 years and under,866,316,550
E01002740,On foot,72,115,-43
E01002740,Other method of travel to work,5,9,-4
E01002740,Passenger in a car or van,0,6,-6
E01002740,Taxi,17,14,3
E01002740,Train,30,91,-61
E01002740,"Underground, metro, light rail, tram",135,460,-325
E01002740,Work mainly at or from home,987,86,901
E01002741,Bicycle,47,74,-27
E01002741,"Bus, minibus or coach",83,186,-103
E01002741,Driving a car or van,86,77,9
E01002741,"Motorcycle, scooter or moped",8,8,0
E01002741,Not in employment or aged 15 years and under,832,462,370
E01002741,On foot,49,56,-7
E01002741,Other method of travel to work,11,3,8
E01002741,Passenger in a car or van,7,5,2
E01002741,Taxi,4,9,-5
E01002741,Train,15,35,-20
E01002741,"Underground, metro, light rail, tram",64,168,-104
E01002741,Work mainly at or from home,326,21,305
E01002742,Bicycle,61,132,-71
E01002742,"Bus, minibus or coach",105,200,-95
E01002742,Driving a car or van,77,85,-8
E01002742,"Motorcycle, scooter or moped",4,12,-8
E01002742,Not in employment or aged 15 years and under,830,277,553
E01002742,On foot,47,72,-25
E01002742,Other method of travel to work,0,6,-6
E01002742,Passenger in a car or van,3,1,2
E01002742,Taxi,9,5,4
E01002742,Train,69,56,13
E01002742,"Underground, metro, light rail, tram",79,332,-253
E01002742,Work mainly at or from home,714,93,621
E01002743,Bicycle,70,132,-62
E01002743,"Bus, minibus or coach",57,195,-138
E01002743,Driving a car or van,54,81,-27
E01002743,"Motorcycle, scooter or moped",5,10,-5
E01002743,Not in employment or aged 15 years and under,663,403,260
E01002743,On foot,45,75,-30
E01002743,Other method of travel to work,5,5,0
E01002743,Passenger in a car or van,0,12,-12
E01002743,Taxi,7,9,-2
E01002743,Train,10,39,-29
E01002743,"Underground, metro, light rail, tram",78,219,-141
E01002743,Work mainly at or from home,531,59,472
E01002744,Bicycle,55,122,-67
E01002744,"Bus, minibus or coach",58,185,-127
E01002744,Driving a car or van,61,100,-39
E01002744,"Motorcycle, scooter or moped",5,10,-5
E01002744,Not in employment or aged 15 years and under,493,323,170
E01002744,On foot,42,83,-41
E01002744,Other method of travel to work,7,11,-4
E01002744,Passenger in a car or van,3,5,-2
E01002744,Taxi,4,4,0
E01002744,Train,16,51,-35
E01002744,"Underground, metro, light rail, tram",68,250,-182
E01002744,Work mainly at or from home,507,61,446
E01002745,Bicycle,40,108,-68
E01002745,"Bus, minibus or coach",40,107,-67
E01002745,Driving a car or van,54,81,-27
E01002745,"Motorcycle, scooter or moped",1,8,-7
E01002745,Not in employment or aged 15 years and under,542,319,223
E01002745,On foot,64,93,-29
E01002745,Other method of travel to work,16,5,11
E01002745,Passenger in a car or van,1,4,-3
E01002745,Taxi,2,10,-8
E01002745,Train,15,74,-59
E01002745,"Underground, metro, light rail, tram",69,336,-267
E01002745,Work mainly at or from home,568,61,507
E01002747,Bicycle,45,92,-47
E01002747,"Bus, minibus or coach",41,121,-80
E01002747,Driving a car or van,48,72,-24
E01002747,"Motorcycle, scooter or moped",6,14,-8
E01002747,Not in employment or aged 15 years and under,667,382,285
E01002747,On foot,40,67,-27
E01002747,Other method of travel to work,8,9,-1
E01002747,Passenger in a car or van,4,3,1
E01002747,Taxi,5,3,2
E01002747,Train,21,68,-47
E01002747,"Underground, metro, light rail, tram",72,450,-378
E01002747,Work mainly at or from home,595,52,543
E01002748,Bicycle,36,54,-18
E01002748,"Bus, minibus or coach",85,115,-30
E01002748,Driving a car or van,59,61,-2
E01002748,"Motorcycle, scooter or moped",6,6,0
E01002748,Not in employment or aged 15 years and under,822,447,375
E01002748,On foot,72,58,14
E01002748,Other method of travel to work,11,6,5
E01002748,Passenger in a car or van,1,2,-1
E01002748,Taxi,1,2,-1
E01002748,Train,32,52,-20
E01002748,"Underground, metro, light rail, tram",134,307,-173
E01002748,Work mainly at or from home,391,32,359
E01002749,Bicycle,40,68,-28
E01002749,"Bus, minibus or coach",56,95,-39
E01002749,Driving a car or van,68,68,0
E01002749,"Motorcycle, scooter or moped",5,7,-2
E01002749,Not in employment or aged 15 years and under,737,336,401
E01002749,On foot,60,74,-14
E01002749,Other method of travel to work,5,3,2
E01002749,Passenger in a car or van,8,3,5
E01002749,Taxi,5,1,4
E01002749,Train,16,46,-30
E01002749,"Underground, metro, light rail, tram",74,241,-167
E01002749,Work mainly at or from home,452,30,422
E01002751,Bicycle,50,65,-15
E01002751,"Bus, minibus or coach",110,197,-87
E01002751,Driving a car or van,74,86,-12
E01002751,"Motorcycle, scooter or moped",5,13,-8
E01002751,Not in employment or aged 15 years and under,993,563,430
E01002751,On foot,71,108,-37
E01002751,Other method of travel to work,10,8,2
E01002751,Passenger in a car or van,3,5,-2
E01002751,Taxi,4,5,-1
E01002751,Train,35,44,-9
E01002751,"Underground, metro, light rail, tram",118,262,-144
E01002751,Work mainly at or from home,361,34,327
E01002752,Bicycle,48,85,-37
E01002752,"Bus, minibus or coach",55,133,-78
E01002752,Driving a car or van,50,72,-22
E01002752,"Motorcycle, scooter or moped",3,3,0
E01002752,Not in employment or aged 15 years and under,694,383,311
E01002752,On foot,62,92,-30
E01002752,Other method of travel to work,15,6,9
E01002752,Passenger in a car or van,9,5,4
E01002752,Taxi,3,6,-3
E01002752,Train,18,61,-43
E01002752,"Underground, metro, light rail, tram",116,254,-138
E01002752,Work mainly at or from home,549,62,487
E01002753,Bicycle,30,54,-24
E01002753,"Bus, minibus or coach",92,170,-78
E01002753,Driving a car or van,81,103,-22
E01002753,"Motorcycle, scooter or moped",7,5,2
E01002753,Not in employment or aged 15 years and under,679,428,251
E01002753,On foot,66,78,-12
E01002753,Other method of travel to work,12,6,6
E01002753,Passenger in a car or van,5,7,-2
E01002753,Taxi,6,3,3
E01002753,Train,18,23,-5
E01002753,"Underground, metro, light rail, tram",86,245,-159
E01002753,Work mainly at or from home,366,32,334
E01002754,Bicycle,50,64,-14
E01002754,"Bus, minibus or coach",55,116,-61
E01002754,Driving a car or van,70,111,-41
E01002754,"Motorcycle, scooter or moped",3,9,-6
E01002754,Not in employment or aged 15 years and under,733,351,382
E01002754,On foot,53,72,-19
E01002754,Other method of travel to work,4,3,1
E01002754,Passenger in a car or van,1,8,-7
E01002754,Taxi,3,1,2
E01002754,Train,12,32,-20
E01002754,"Underground, metro, light rail, tram",106,331,-225
E01002754,Work mainly at or from home,457,78,379
E01002755,Bicycle,39,43,-4
E01002755,"Bus, minibus or coach",73,98,-25
E01002755,Driving a car or van,83,110,-27
E01002755,"Motorcycle, scooter or moped",4,7,-3
E01002755,Not in employment or aged 15 years and under,707,449,258
E01002755,On foot,68,64,4
E01002755,Other method of travel to work,9,9,0
E01002755,Passenger in a car or van,4,11,-7
E01002755,Taxi,2,1,1
E01002755,Train,15,27,-12
E01002755,"Underground, metro, light rail, tram",55,164,-109
E01002755,Work mainly at or from home,261,29,232
E01002756,Bicycle,35,89,-54
E01002756,"Bus, minibus or coach",56,109,-53
E01002756,Driving a car or van,61,91,-30
E01002756,"Motorcycle, scooter or moped",5,9,-4
E01002756,Not in employment or aged 15 years and under,572,342,230
E01002756,On foot,45,54,-9
E01002756,Other method of travel to work,10,8,2
E01002756,Passenger in a car or van,5,5,0
E01002756,Taxi,2,3,-1
E01002756,Train,22,41,-19
E01002756,"Underground, metro, light rail, tram",65,282,-217
E01002756,Work mainly at or from home,432,54,378
E01002757,Bicycle,15,44,-29
E01002757,"Bus, minibus or coach",69,130,-61
E01002757,Driving a car or van,80,120,-40
E01002757,"Motorcycle, scooter or moped",2,16,-14
E01002757,Not in employment or aged 15 years and under,760,410,350
E01002757,On foot,53,55,-2
E01002757,Other method of travel to work,7,5,2
E01002757,Passenger in a car or van,1,9,-8
E01002757,Taxi,5,1,4
E01002757,Train,14,27,-13
E01002757,"Underground, metro, light rail, tram",65,212,-147
E01002757,Work mainly at or from home,379,59,320
E01002758,Bicycle,29,31,-2
E01002758,"Bus, minibus or coach",116,133,-17
E01002758,Driving a car or van,98,81,17
E01002758,"Motorcycle, scooter or moped",6,5,1
E01002758,Not in employment or aged 15 years and under,985,504,481
E01002758,On foot,66,43,23
E01002758,Other method of travel to work,14,6,8
E01002758,Passenger in a car or van,7,6,1
E01002758,Taxi,5,3,2
E01002758,Train,22,30,-8
E01002758,"Underground, metro, light rail, tram",110,104,6
E01002758,Work mainly at or from home,280,14,266
E01002759,Bicycle,37,78,-41
E01002759,"Bus, minibus or coach",42,166,-124
E01002759,Driving a car or van,80,115,-35
E01002759,"Motorcycle, scooter or moped",3,15,-12
E01002759,Not in employment or aged 15 years and under,727,358,369
E01002759,On foot,47,57,-10
E01002759,Other method of travel to work,5,5,0
E01002759,Passenger in a car or van,11,6,5
E01002759,Taxi,3,3,0
E01002759,Train,12,42,-30
E01002759,"Underground, metro, light rail, tram",74,361,-287
E01002759,Work mainly at or from home,467,70,397
E01002760,Bicycle,26,34,-8
E01002760,"Bus, minibus or coach",99,153,-54
E01002760,Driving a car or van,80,75,5
E01002760,"Motorcycle, scooter or moped",6,7,-1
E01002760,Not in employment or aged 15 years and under,966,550,416
E01002760,On foot,74,63,11
E01002760,Other method of travel to work,11,3,8
E01002760,Passenger in a car or van,3,3,0
E01002760,Taxi,6,3,3
E01002760,Train,30,35,-5
E01002760,"Underground, metro, light rail, tram",74,181,-107
E01002760,Work mainly at or from home,359,28,331
E01002762,Bicycle,86,145,-59
E01002762,"Bus, minibus or coach",62,188,-126
E01002762,Driving a car or van,93,109,-16
E01002762,"Motorcycle, scooter or moped",5,17,-12
E01002762,Not in employment or aged 15 years and under,705,490,215
E01002762,On foot,65,104,-39
E01002762,Other method of travel to work,12,12,0
E01002762,Passenger in a car or van,3,5,-2
E01002762,Taxi,5,4,1
E01002762,Train,18,66,-48
E01002762,"Underground, metro, light rail, tram",143,491,-348
E01002762,Work mainly at or from home,670,62,608
E01002763,Bicycle,42,64,-22
E01002763,"Bus, minibus or coach",85,190,-105
E01002763,Driving a car or van,40,79,-39
E01002763,"Motorcycle, scooter or moped",5,2,3
E01002763,Not in employment or aged 15 years and under,622,504,118
E01002763,On foot,57,69,-12
E01002763,Other method of travel to work,4,6,-2
E01002763,Passenger in a car or van,7,9,-2
E01002763,Taxi,4,5,-1
E01002763,Train,16,27,-11
E01002763,"Underground, metro, light rail, tram",98,225,-127
E01002763,Work mainly at or from home,321,21,300
E01002764,Bicycle,52,74,-22
E01002764,"Bus, minibus or coach",115,236,-121
E01002764,Driving a car or van,76,96,-20
E01002764,"Motorcycle, scooter or moped",8,12,-4
E01002764,Not in employment or aged 15 years and under,948,479,469
E01002764,On foot,103,101,2
E01002764,Other method of travel to work,4,4,0
E01002764,Passenger in a car or van,1,6,-5
E01002764,Taxi,10,3,7
E01002764,Train,22,42,-20
E01002764,"Underground, metro, light rail, tram",111,251,-140
E01002764,Work mainly at or from home,367,55,312
E01002765,Bicycle,60,78,-18
E01002765,"Bus, minibus or coach",120,190,-70
E01002765,Driving a car or van,95,100,-5
E01002765,"Motorcycle, scooter or moped",13,7,6
E01002765,Not in employment or aged 15 years and under,1626,968,658
E01002765,On foot,115,143,-28
E01002765,Other method of travel to work,14,0,14
E01002765,Passenger in a car or van,3,4,-1
E01002765,Taxi,10,8,2
E01002765,Train,39,63,-24
E01002765,"Underground, metro, light rail, tram",176,369,-193
E01002765,Work mainly at or from home,588,28,560
E01002766,Bicycle,67,48,19
E01002766,"Bus, minibus or coach",150,178,-28
E01002766,Driving a car or van,119,96,23
E01002766,"Motorcycle, scooter or moped",8,9,-1
E01002766,Not in employment or aged 15 years and under,1132,697,435
E01002766,On foot,102,98,4
E01002766,Other method of travel to work,12,5,7
E01002766,Passenger in a car or van,10,11,-1
E01002766,Taxi,11,2,9
E01002766,Train,43,37,6
E01002766,"Underground, metro, light rail, tram",121,167,-46
E01002766,Work mainly at or from home,407,18,389
E01002767,Bicycle,58,89,-31
E01002767,"Bus, minibus or coach",116,198,-82
E01002767,Driving a car or van,79,107,-28
E01002767,"Motorcycle, scooter or moped",4,8,-4
E01002767,Not in employment or aged 15 years and under,1069,627,442
E01002767,On foot,96,122,-26
E01002767,Other method of travel to work,24,6,18
E01002767,Passenger in a car or van,6,13,-7
E01002767,Taxi,0,2,-2
E01002767,Train,27,72,-45
E01002767,"Underground, metro, light rail, tram",133,351,-218
E01002767,Work mainly at or from home,545,33,512
E01002768,Bicycle,34,64,-30
E01002768,"Bus, minibus or coach",57,163,-106
E01002768,Driving a car or van,87,100,-13
E01002768,"Motorcycle, scooter or moped",14,11,3
E01002768,Not in employment or aged 15 years and under,716,417,299
E01002768,On foot,68,89,-21
E01002768,Other method of travel to work,11,7,4
E01002768,Passenger in a car or van,3,7,-4
E01002768,Taxi,3,1,2
E01002768,Train,30,44,-14
E01002768,"Underground, metro, light rail, tram",103,333,-230
E01002768,Work mainly at or from home,478,53,425
E01002769,Bicycle,60,133,-73
E01002769,"Bus, minibus or coach",36,143,-107
E01002769,Driving a car or van,70,109,-39
E01002769,"Motorcycle, scooter or moped",3,16,-13
E01002769,Not in employment or aged 15 years and under,952,700,252
E01002769,On foot,64,102,-38
E01002769,Other method of travel to work,14,6,8
E01002769,Passenger in a car or van,7,4,3
E01002769,Taxi,8,8,0
E01002769,Train,10,49,-39
E01002769,"Underground, metro, light rail, tram",67,350,-283
E01002769,Work mainly at or from home,570,82,488
E01002770,Bicycle,56,69,-13
E01002770,"Bus, minibus or coach",55,153,-98
E01002770,Driving a car or van,60,84,-24
E01002770,"Motorcycle, scooter or moped",8,5,3
E01002770,Not in employment or aged 15 years and under,782,356,426
E01002770,On foot,81,95,-14
E01002770,Other method of travel to work,9,8,1
E01002770,Passenger in a car or van,7,12,-5
E01002770,Taxi,5,6,-1
E01002770,Train,20,36,-16
E01002770,"Underground, metro, light rail, tram",126,350,-224
E01002770,Work mainly at or from home,637,52,585
E01002771,Bicycle,53,87,-34
E01002771,"Bus, minibus or coach",79,205,-126
E01002771,Driving a car or van,77,105,-28
E01002771,"Motorcycle, scooter or moped",6,8,-2
E01002771,Not in employment or aged 15 years and under,691,472,219
E01002771,On foot,82,83,-1
E01002771,Other method of travel to work,8,2,6
E01002771,Passenger in a car or van,6,7,-1
E01002771,Taxi,3,2,1
E01002771,Train,21,43,-22
E01002771,"Underground, metro, light rail, tram",94,310,-216
E01002771,Work mainly at or from home,434,59,375
E01002772,Bicycle,44,99,-55
E01002772,"Bus, minibus or coach",73,181,-108
E01002772,Driving a car or van,69,95,-26
E01002772,"Motorcycle, scooter or moped",6,11,-5
E01002772,Not in employment or aged 15 years and under,784,468,316
E01002772,On foot,93,97,-4
E01002772,Other method of travel to work,17,7,10
E01002772,Passenger in a car or van,5,9,-4
E01002772,Taxi,1,3,-2
E01002772,Train,24,35,-11
E01002772,"Underground, metro, light rail, tram",138,423,-285
E01002772,Work mainly at or from home,629,53,576
E01002773,Bicycle,23,32,-9
E01002773,"Bus, minibus or coach",77,107,-30
E01002773,Driving a car or van,86,66,20
E01002773,"Motorcycle, scooter or moped",13,6,7
E01002773,Not in employment or aged 15 years and under,961,394,567
E01002773,On foot,84,48,36
E01002773,Other method of travel to work,7,4,3
E01002773,Passenger in a car or van,2,1,1
E01002773,Taxi,1,0,1
E01002773,Train,42,21,21
E01002773,"Underground, metro, light rail, tram",109,131,-22
E01002773,Work mainly at or from home,240,16,224
E01002774,Bicycle,78,102,-24
E01002774,"Bus, minibus or coach",110,261,-151
E01002774,Driving a car or van,103,133,-30
E01002774,"Motorcycle, scooter or moped",10,16,-6
E01002774,Not in employment or aged 15 years and under,869,566,303
E01002774,On foot,103,110,-7
E01002774,Other method of travel to work,11,4,7
E01002774,Passenger in a car or van,12,7,5
E01002774,Taxi,5,3,2
E01002774,Train,47,48,-1
E01002774,"Underground, metro, light rail, tram",146,391,-245
E01002774,Work mainly at or from home,652,63,589
E01002775,Bicycle,51,116,-65
E01002775,"Bus, minibus or coach",33,157,-124
E01002775,Driving a car or van,47,64,-17
E01002775,"Motorcycle, scooter or moped",0,10,-10
E01002775,Not in employment or aged 15 years and under,504,283,221
E01002775,On foot,66,99,-33
E01002775,Other method of travel to work,9,8,1
E01002775,Passenger in a car or van,1,2,-1
E01002775,Taxi,2,3,-1
E01002775,Train,14,76,-62
E01002775,"Underground, metro, light rail, tram",69,340,-271
E01002775,Work mainly at or from home,616,71,545
E01002776,Bicycle,67,81,-14
E01002776,"Bus, minibus or coach",103,276,-173
E01002776,Driving a car or van,54,82,-28
E01002776,"Motorcycle, scooter or moped",3,11,-8
E01002776,Not in employment or aged 15 years and under,840,393,447
E01002776,On foot,72,75,-3
E01002776,Other method of travel to work,12,6,6
E01002776,Passenger in a car or van,3,7,-4
E01002776,Taxi,3,8,-5
E01002776,Train,32,60,-28
E01002776,"Underground, metro, light rail, tram",77,202,-125
E01002776,Work mainly at or from home,604,53,551
E01002777,Bicycle,81,155,-74
E01002777,"Bus, minibus or coach",72,336,-264
E01002777,Driving a car or van,55,75,-20
E01002777,"Motorcycle, scooter or moped",1,10,-9
E01002777,Not in employment or aged 15 years and under,673,363,310
E01002777,On foot,80,86,-6
E01002777,Other method of travel to work,7,6,1
E01002777,Passenger in a car or van,10,6,4
E01002777,Taxi,4,2,2
E01002777,Train,33,63,-30
E01002777,"Underground, metro, light rail, tram",88,205,-117
E01002777,Work mainly at or from home,582,71,511
E01002778,Bicycle,50,87,-37
E01002778,"Bus, minibus or coach",132,224,-92
E01002778,Driving a car or van,73,65,8
E01002778,"Motorcycle, scooter or moped",3,6,-3
E01002778,Not in employment or aged 15 years and under,1121,577,544
E01002778,On foot,61,60,1
E01002778,Other method of travel to work,10,8,2
E01002778,Passenger in a car or van,4,5,-1
E01002778,Taxi,6,1,5
E01002778,Train,43,38,5
E01002778,"Underground, metro, light rail, tram",70,111,-41
E01002778,Work mainly at or from home,368,41,327
E01002779,Bicycle,77,155,-78
E01002779,"Bus, minibus or coach",60,345,-285
E01002779,Driving a car or van,60,84,-24
E01002779,"Motorcycle, scooter or moped",4,9,-5
E01002779,Not in employment or aged 15 years and under,733,514,219
E01002779,On foot,65,76,-11
E01002779,Other method of travel to work,12,7,5
E01002779,Passenger in a car or van,7,2,5
E01002779,Taxi,3,3,0
E01002779,Train,18,65,-47
E01002779,"Underground, metro, light rail, tram",65,231,-166
E01002779,Work mainly at or from home,650,72,578
E01002780,Bicycle,69,143,-74
E01002780,"Bus, minibus or coach",95,269,-174
E01002780,Driving a car or van,62,86,-24
E01002780,"Motorcycle, scooter or moped",2,14,-12
E01002780,Not in employment or aged 15 years and under,706,400,306
E01002780,On foot,82,80,2
E01002780,Other method of travel to work,11,4,7
E01002780,Passenger in a car or van,20,10,10
E01002780,Taxi,6,1,5
E01002780,Train,32,67,-35
E01002780,"Underground, metro, light rail, tram",91,210,-119
E01002780,Work mainly at or from home,516,43,473
E01002781,Bicycle,52,77,-25
E01002781,"Bus, minibus or coach",78,153,-75
E01002781,Driving a car or van,84,87,-3
E01002781,"Motorcycle, scooter or moped",5,7,-2
E01002781,Not in employment or aged 15 years and under,781,409,372
E01002781,On foot,49,68,-19
E01002781,Other method of travel to work,14,5,9
E01002781,Passenger in a car or van,0,4,-4
E01002781,Taxi,4,2,2
E01002781,Train,19,38,-19
E01002781,"Underground, metro, light rail, tram",117,171,-54
E01002781,Work mainly at or from home,536,25,511
E01002782,Bicycle,33,63,-30
E01002782,"Bus, minibus or coach",107,214,-107
E01002782,Driving a car or van,75,71,4
E01002782,"Motorcycle, scooter or moped",2,7,-5
E01002782,Not in employment or aged 15 years and under,811,484,327
E01002782,On foot,63,53,10
E01002782,Other method of travel to work,9,4,5
E01002782,Passenger in a car or van,7,6,1
E01002782,Taxi,5,2,3
E01002782,Train,27,42,-15
E01002782,"Underground, metro, light rail, tram",49,93,-44
E01002782,Work mainly at or from home,246,19,227
E01002783,Bicycle,57,69,-12
E01002783,"Bus, minibus or coach",88,203,-115
E01002783,Driving a car or van,57,62,-5
E01002783,"Motorcycle, scooter or moped",7,12,-5
E01002783,Not in employment or aged 15 years and under,941,485,456
E01002783,On foot,72,96,-24
E01002783,Other method of travel to work,14,4,10
E01002783,Passenger in a car or van,7,6,1
E01002783,Taxi,4,4,0
E01002783,Train,22,39,-17
E01002783,"Underground, metro, light rail, tram",61,176,-115
E01002783,Work mainly at or from home,371,29,342
E01002784,Bicycle,40,80,-40
E01002784,"Bus, minibus or coach",87,190,-103
E01002784,Driving a car or van,74,89,-15
E01002784,"Motorcycle, scooter or moped",7,15,-8
E01002784,Not in employment or aged 15 years and under,924,551,373
E01002784,On foot,95,103,-8
E01002784,Other method of travel to work,5,1,4
E01002784,Passenger in a car or van,6,5,1
E01002784,Taxi,5,7,-2
E01002784,Train,25,48,-23
E01002784,"Underground, metro, light rail, tram",98,233,-135
E01002784,Work mainly at or from home,392,31,361
E01002785,Bicycle,91,146,-55
E01002785,"Bus, minibus or coach",60,208,-148
E01002785,Driving a car or van,76,133,-57
E01002785,"Motorcycle, scooter or moped",10,17,-7
E01002785,Not in employment or aged 15 years and under,788,464,324
E01002785,On foot,61,85,-24
E01002785,Other method of travel to work,16,7,9
E01002785,Passenger in a car or van,3,7,-4
E01002785,Taxi,5,11,-6
E01002785,Train,21,43,-22
E01002785,"Underground, metro, light rail, tram",88,293,-205
E01002785,Work mainly at or from home,636,83,553
E01002786,Bicycle,52,71,-19
E01002786,"Bus, minibus or coach",120,249,-129
E01002786,Driving a car or van,79,85,-6
E01002786,"Motorcycle, scooter or moped",4,14,-10
E01002786,Not in employment or aged 15 years and under,957,508,449
E01002786,On foot,86,96,-10
E01002786,Other method of travel to work,13,4,9
E01002786,Passenger in a car or van,7,6,1
E01002786,Taxi,5,7,-2
E01002786,Train,28,44,-16
E01002786,"Underground, metro, light rail, tram",86,272,-186
E01002786,Work mainly at or from home,493,38,455
E01002787,Bicycle,57,70,-13
E01002787,"Bus, minibus or coach",98,198,-100
E01002787,Driving a car or van,61,73,-12
E01002787,"Motorcycle, scooter or moped",11,14,-3
E01002787,Not in employment or aged 15 years and under,697,635,62
E01002787,On foot,66,127,-61
E01002787,Other method of travel to work,10,11,-1
E01002787,Passenger in a car or van,9,2,7
E01002787,Taxi,2,1,1
E01002787,Train,21,35,-14
E01002787,"Underground, metro, light rail, tram",74,176,-102
E01002787,Work mainly at or from home,356,27,329
E01002788,Bicycle,78,142,-64
E01002788,"Bus, minibus or coach",60,163,-103
E01002788,Driving a car or van,80,117,-37
E01002788,"Motorcycle, scooter or moped",6,11,-5
E01002788,Not in employment or aged 15 years and under,711,432,279
E01002788,On foot,76,116,-40
E01002788,Other method of travel to work,10,6,4
E01002788,Passenger in a car or van,3,8,-5
E01002788,Taxi,5,6,-1
E01002788,Train,23,57,-34
E01002788,"Underground, metro, light rail, tram",108,430,-322
E01002788,Work mainly at or from home,659,87,572
E01002789,Bicycle,68,156,-88
E01002789,"Bus, minibus or coach",33,124,-91
E01002789,Driving a car or van,63,129,-66
E01002789,"Motorcycle, scooter or moped",3,23,-20
E01002789,Not in employment or aged 15 years and under,786,383,403
E01002789,On foot,60,96,-36
E01002789,Other method of travel to work,7,12,-5
E01002789,Passenger in a car or van,14,9,5
E01002789,Taxi,3,4,-1
E01002789,Train,16,57,-41
E01002789,"Underground, metro, light rail, tram",100,414,-314
E01002789,Work mainly at or from home,691,131,560
E01002790,Bicycle,31,43,-12
E01002790,"Bus, minibus or coach",55,167,-112
E01002790,Driving a car or van,55,62,-7
E01002790,"Motorcycle, scooter or moped",6,5,1
E01002790,Not in employment or aged 15 years and under,796,445,351
E01002790,On foot,58,119,-61
E01002790,Other method of travel to work,5,10,-5
E01002790,Passenger in a car or van,5,7,-2
E01002790,Taxi,2,6,-4
E01002790,Train,25,38,-13
E01002790,"Underground, metro, light rail, tram",71,187,-116
E01002790,Work mainly at or from home,308,29,279
E01002791,Bicycle,42,66,-24
E01002791,"Bus, minibus or coach",42,192,-150
E01002791,Driving a car or van,45,80,-35
E01002791,"Motorcycle, scooter or moped",3,17,-14
E01002791,Not in employment or aged 15 years and under,811,334,477
E01002791,On foot,56,139,-83
E01002791,Other method of travel to work,4,2,2
E01002791,Passenger in a car or van,1,5,-4
E01002791,Taxi,6,10,-4
E01002791,Train,10,48,-38
E01002791,"Underground, metro, light rail, tram",90,305,-215
E01002791,Work mainly at or from home,756,57,699
E01002792,Bicycle,62,115,-53
E01002792,"Bus, minibus or coach",61,258,-197
E01002792,Driving a car or van,46,81,-35
E01002792,"Motorcycle, scooter or moped",5,11,-6
E01002792,Not in employment or aged 15 years and under,714,388,326
E01002792,On foot,98,225,-127
E01002792,Other method of travel to work,4,12,-8
E01002792,Passenger in a car or van,5,7,-2
E01002792,Taxi,6,26,-20
E01002792,Train,18,55,-37
E01002792,"Underground, metro, light rail, tram",101,314,-213
E01002792,Work mainly at or from home,726,67,659
E01002793,Bicycle,42,98,-56
E01002793,"Bus, minibus or coach",104,280,-176
E01002793,Driving a car or van,49,71,-22
E01002793,"Motorcycle, scooter or moped",2,8,-6
E01002793,Not in employment or aged 15 years and under,853,535,318
E01002793,On foot,97,193,-96
E01002793,Other method of travel to work,7,2,5
E01002793,Passenger in a car or van,3,8,-5
E01002793,Taxi,1,7,-6
E01002793,Train,22,59,-37
E01002793,"Underground, metro, light rail, tram",80,271,-191
E01002793,Work mainly at or from home,579,30,549
E01002794,Bicycle,53,88,-35
E01002794,"Bus, minibus or coach",51,246,-195
E01002794,Driving a car or van,65,69,-4
E01002794,"Motorcycle, scooter or moped",4,13,-9
E01002794,Not in employment or aged 15 years and under,746,398,348
E01002794,On foot,92,221,-129
E01002794,Other method of travel to work,11,7,4
E01002794,Passenger in a car or van,5,3,2
E01002794,Taxi,14,15,-1
E01002794,Train,11,42,-31
E01002794,"Underground, metro, light rail, tram",67,295,-228
E01002794,Work mainly at or from home,919,80,839
E01002795,Bicycle,48,101,-53
E01002795,"Bus, minibus or coach",67,167,-100
E01002795,Driving a car or van,72,87,-15
E01002795,"Motorcycle, scooter or moped",6,15,-9
E01002795,Not in employment or aged 15 years and under,830,501,329
E01002795,On foot,77,151,-74
E01002795,Other method of travel to work,9,2,7
E01002795,Passenger in a car or van,3,10,-7
E01002795,Taxi,5,4,1
E01002795,Train,34,91,-57
E01002795,"Underground, metro, light rail, tram",107,443,-336
E01002795,Work mainly at or from home,677,71,606
E01002796,Bicycle,34,80,-46
E01002796,"Bus, minibus or coach",40,84,-44
E01002796,Driving a car or van,35,68,-33
E01002796,"Motorcycle, scooter or moped",6,7,-1
E01002796,Not in employment or aged 15 years and under,535,279,256
E01002796,On foot,44,94,-50
E01002796,Other method of travel to work,5,1,4
E01002796,Passenger in a car or van,6,2,4
E01002796,Taxi,6,7,-1
E01002796,Train,16,39,-23
E01002796,"Underground, metro, light rail, tram",49,191,-142
E01002796,Work mainly at or from home,337,37,300
E01002797,Bicycle,44,103,-59
E01002797,"Bus, minibus or coach",95,308,-213
E01002797,Driving a car or van,59,79,-20
E01002797,"Motorcycle, scooter or moped",4,13,-9
E01002797,Not in employment or aged 15 years and under,866,527,339
E01002797,On foot,91,196,-105
E01002797,Other method of travel to work,10,3,7
E01002797,Passenger in a car or van,4,4,0
E01002797,Taxi,4,10,-6
E01002797,Train,24,51,-27
E01002797,"Underground, metro, light rail, tram",70,215,-145
E01002797,Work mainly at or from home,550,30,520
E01002798,Bicycle,68,148,-80
E01002798,"Bus, minibus or coach",57,293,-236
E01002798,Driving a car or van,58,82,-24
E01002798,"Motorcycle, scooter or moped",2,16,-14
E01002798,Not in employment or aged 15 years and under,827,450,377
E01002798,On foot,91,263,-172
E01002798,Other method of travel to work,7,10,-3
E01002798,Passenger in a car or van,1,10,-9
E01002798,Taxi,10,23,-13
E01002798,Train,32,56,-24
E01002798,"Underground, metro, light rail, tram",63,204,-141
E01002798,Work mainly at or from home,771,85,686
E01002799,Bicycle,60,67,-7
E01002799,"Bus, minibus or coach",119,241,-122
E01002799,Driving a car or van,72,68,4
E01002799,"Motorcycle, scooter or moped",6,13,-7
E01002799,Not in employment or aged 15 years and under,1005,545,460
E01002799,On foot,100,173,-73
E01002799,Other method of travel to work,9,5,4
E01002799,Passenger in a car or van,0,2,-2
E01002799,Taxi,8,11,-3
E01002799,Train,20,40,-20
E01002799,"Underground, metro, light rail, tram",90,184,-94
E01002799,Work mainly at or from home,420,32,388
E01002800,Bicycle,61,13,48
E01002800,"Bus, minibus or coach",108,110,-2
E01002800,Driving a car or van,66,37,29
E01002800,"Motorcycle, scooter or moped",3,2,1
E01002800,Not in employment or aged 15 years and under,860,383,477
E01002800,On foot,94,107,-13
E01002800,Other method of travel to work,6,2,4
E01002800,Passenger in a car or van,2,1,1
E01002800,Taxi,4,7,-3
E01002800,Train,37,24,13
E01002800,"Underground, metro, light rail, tram",55,45,10
E01002800,Work mainly at or from home,475,11,464
E01002801,Bicycle,42,105,-63
E01002801,"Bus, minibus or coach",35,202,-167
E01002801,Driving a car or van,35,53,-18
E01002801,"Motorcycle, scooter or moped",0,10,-10
E01002801,Not in employment or aged 15 years and under,553,319,234
E01002801,On foot,84,257,-173
E01002801,Other method of travel to work,6,4,2
E01002801,Passenger in a car or van,2,7,-5
E01002801,Taxi,4,16,-12
E01002801,Train,10,28,-18
E01002801,"Underground, metro, light rail, tram",59,238,-179
E01002801,Work mainly at or from home,634,60,574
E01002802,Bicycle,61,106,-45
E01002802,"Bus, minibus or coach",68,182,-114
E01002802,Driving a car or van,64,64,0
E01002802,"Motorcycle, scooter or moped",3,13,-10
E01002802,Not in employment or aged 15 years and under,815,298,517
E01002802,On foot,97,220,-123
E01002802,Other method of travel to work,13,5,8
E01002802,Passenger in a car or van,2,7,-5
E01002802,Taxi,10,12,-2
E01002802,Train,6,37,-31
E01002802,"Underground, metro, light rail, tram",59,206,-147
E01002802,Work mainly at or from home,648,64,584
E01002804,Bicycle,37,78,-41
E01002804,"Bus, minibus or coach",106,210,-104
E01002804,Driving a car or van,71,109,-38
E01002804,"Motorcycle, scooter or moped",7,12,-5
E01002804,Not in employment or aged 15 years and under,787,598,189
E01002804,On foot,42,70,-28
E01002804,Other method of travel to work,16,10,6
E01002804,Passenger in a car or van,1,6,-5
E01002804,Taxi,5,3,2
E01002804,Train,20,81,-61
E01002804,"Underground, metro, light rail, tram",72,305,-233
E01002804,Work mainly at or from home,372,49,323
E01002805,Bicycle,49,97,-48
E01002805,"Bus, minibus or coach",52,114,-62
E01002805,Driving a car or van,51,78,-27
E01002805,"Motorcycle, scooter or moped",8,7,1
E01002805,Not in employment or aged 15 years and under,476,333,143
E01002805,On foot,57,69,-12
E01002805,Other method of travel to work,3,8,-5
E01002805,Passenger in a car or van,2,5,-3
E01002805,Taxi,7,0,7
E01002805,Train,25,80,-55
E01002805,"Underground, metro, light rail, tram",131,484,-353
E01002805,Work mainly at or from home,569,54,515
E01002806,Bicycle,63,100,-37
E01002806,"Bus, minibus or coach",52,106,-54
E01002806,Driving a car or van,75,99,-24
E01002806,"Motorcycle, scooter or moped",3,7,-4
E01002806,Not in employment or aged 15 years and under,711,381,330
E01002806,On foot,45,66,-21
E01002806,Other method of travel to work,6,4,2
E01002806,Passenger in a car or van,3,5,-2
E01002806,Taxi,4,5,-1
E01002806,Train,27,74,-47
E01002806,"Underground, metro, light rail, tram",99,354,-255
E01002806,Work mainly at or from home,554,73,481
E01002807,Bicycle,42,69,-27
E01002807,"Bus, minibus or coach",116,225,-109
E01002807,Driving a car or van,74,87,-13
E01002807,"Motorcycle, scooter or moped",8,7,1
E01002807,Not in employment or aged 15 years and under,877,505,372
E01002807,On foot,87,127,-40
E01002807,Other method of travel to work,3,2,1
E01002807,Passenger in a car or van,4,7,-3
E01002807,Taxi,4,3,1
E01002807,Train,19,33,-14
E01002807,"Underground, metro, light rail, tram",81,271,-190
E01002807,Work mainly at or from home,388,30,358
E01002808,Bicycle,80,115,-35
E01002808,"Bus, minibus or coach",71,190,-119
E01002808,Driving a car or van,79,126,-47
E01002808,"Motorcycle, scooter or moped",8,11,-3
E01002808,Not in employment or aged 15 years and under,839,501,338
E01002808,On foot,83,99,-16
E01002808,Other method of travel to work,9,3,6
E01002808,Passenger in a car or van,1,11,-10
E01002808,Taxi,7,8,-1
E01002808,Train,25,69,-44
E01002808,"Underground, metro, light rail, tram",118,357,-239
E01002808,Work mainly at or from home,591,66,525
E01002809,Bicycle,60,80,-20
E01002809,"Bus, minibus or coach",64,181,-117
E01002809,Driving a car or van,60,75,-15
E01002809,"Motorcycle, scooter or moped",4,6,-2
E01002809,Not in employment or aged 15 years and under,760,471,289
E01002809,On foot,95,91,4
E01002809,Other method of travel to work,6,9,-3
E01002809,Passenger in a car or van,3,6,-3
E01002809,Taxi,2,1,1
E01002809,Train,35,53,-18
E01002809,"Underground, metro, light rail, tram",115,286,-171
E01002809,Work mainly at or from home,491,41,450
E01002810,Bicycle,52,67,-15
E01002810,"Bus, minibus or coach",100,212,-112
E01002810,Driving a car or van,73,92,-19
E01002810,"Motorcycle, scooter or moped",7,12,-5
E01002810,Not in employment or aged 15 years and under,828,447,381
E01002810,On foot,77,70,7
E01002810,Other method of travel to work,15,7,8
E01002810,Passenger in a car or van,5,6,-1
E01002810,Taxi,1,8,-7
E01002810,Train,28,48,-20
E01002810,"Underground, metro, light rail, tram",108,245,-137
E01002810,Work mainly at or from home,459,33,426
E01002811,Bicycle,34,67,-33
E01002811,"Bus, minibus or coach",89,140,-51
E01002811,Driving a car or van,100,91,9
E01002811,"Motorcycle, scooter or moped",0,11,-11
E01002811,Not in employment or aged 15 years and under,894,443,451
E01002811,On foot,47,62,-15
E01002811,Other method of travel to work,12,1,11
E01002811,Passenger in a car or van,6,7,-1
E01002811,Taxi,11,2,9
E01002811,Train,32,49,-17
E01002811,"Underground, metro, light rail, tram",102,219,-117
E01002811,Work mainly at or from home,420,40,380
E01002812,Bicycle,18,36,-18
E01002812,"Bus, minibus or coach",17,59,-42
E01002812,Driving a car or van,37,108,-71
E01002812,"Motorcycle, scooter or moped",5,18,-13
E01002812,Not in employment or aged 15 years and under,754,601,153
E01002812,On foot,66,100,-34
E01002812,Other method of travel to work,11,22,-11
E01002812,Passenger in a car or van,13,5,8
E01002812,Taxi,10,12,-2
E01002812,Train,17,33,-16
E01002812,"Underground, metro, light rail, tram",64,453,-389
E01002812,Work mainly at or from home,493,104,389
E01002813,Bicycle,29,57,-28
E01002813,"Bus, minibus or coach",22,75,-53
E01002813,Driving a car or van,37,105,-68
E01002813,"Motorcycle, scooter or moped",11,30,-19
E01002813,Not in employment or aged 15 years and under,684,403,281
E01002813,On foot,56,96,-40
E01002813,Other method of travel to work,5,13,-8
E01002813,Passenger in a car or van,16,13,3
E01002813,Taxi,12,20,-8
E01002813,Train,2,14,-12
E01002813,"Underground, metro, light rail, tram",65,400,-335
E01002813,Work mainly at or from home,554,150,404
E01002814,Bicycle,19,42,-23
E01002814,"Bus, minibus or coach",76,160,-84
E01002814,Driving a car or van,94,116,-22
E01002814,"Motorcycle, scooter or moped",12,11,1
E01002814,Not in employment or aged 15 years and under,1300,638,662
E01002814,On foot,86,104,-18
E01002814,Other method of travel to work,12,14,-2
E01002814,Passenger in a car or van,9,10,-1
E01002814,Taxi,14,9,5
E01002814,Train,20,29,-9
E01002814,"Underground, metro, light rail, tram",92,338,-246
E01002814,Work mainly at or from home,495,77,418
E01002815,Bicycle,13,30,-17
E01002815,"Bus, minibus or coach",21,68,-47
E01002815,Driving a car or van,33,95,-62
E01002815,"Motorcycle, scooter or moped",2,12,-10
E01002815,Not in employment or aged 15 years and under,561,441,120
E01002815,On foot,53,77,-24
E01002815,Other method of travel to work,11,9,2
E01002815,Passenger in a car or van,1,11,-10
E01002815,Taxi,3,10,-7
E01002815,Train,8,32,-24
E01002815,"Underground, metro, light rail, tram",68,316,-248
E01002815,Work mainly at or from home,385,59,326
E01002816,Bicycle,17,41,-24
E01002816,"Bus, minibus or coach",23,83,-60
E01002816,Driving a car or van,15,72,-57
E01002816,"Motorcycle, scooter or moped",3,17,-14
E01002816,Not in employment or aged 15 years and under,515,359,156
E01002816,On foot,44,78,-34
E01002816,Other method of travel to work,5,11,-6
E01002816,Passenger in a car or van,1,6,-5
E01002816,Taxi,8,14,-6
E01002816,Train,5,23,-18
E01002816,"Underground, metro, light rail, tram",49,294,-245
E01002816,Work mainly at or from home,370,75,295
E01002817,Bicycle,20,32,-12
E01002817,"Bus, minibus or coach",13,82,-69
E01002817,Driving a car or van,38,109,-71
E01002817,"Motorcycle, scooter or moped",3,15,-12
E01002817,Not in employment or aged 15 years and under,704,439,265
E01002817,On foot,53,92,-39
E01002817,Other method of travel to work,12,18,-6
E01002817,Passenger in a car or van,4,10,-6
E01002817,Taxi,9,25,-16
E01002817,Train,30,19,11
E01002817,"Underground, metro, light rail, tram",49,259,-210
E01002817,Work mainly at or from home,416,115,301
E01002818,Bicycle,16,31,-15
E01002818,"Bus, minibus or coach",14,98,-84
E01002818,Driving a car or van,32,121,-89
E01002818,"Motorcycle, scooter or moped",1,17,-16
E01002818,Not in employment or aged 15 years and under,740,548,192
E01002818,On foot,81,229,-148
E01002818,Other method of travel to work,9,28,-19
E01002818,Passenger in a car or van,3,16,-13
E01002818,Taxi,19,66,-47
E01002818,Train,4,17,-13
E01002818,"Underground, metro, light rail, tram",47,348,-301
E01002818,Work mainly at or from home,409,166,243
E01002819,Bicycle,20,23,-3
E01002819,"Bus, minibus or coach",8,87,-79
E01002819,Driving a car or van,33,87,-54
E01002819,"Motorcycle, scooter or moped",11,22,-11
E01002819,Not in employment or aged 15 years and under,556,455,101
E01002819,On foot,52,117,-65
E01002819,Other method of travel to work,8,31,-23
E01002819,Passenger in a car or van,5,10,-5
E01002819,Taxi,15,44,-29
E01002819,Train,4,33,-29
E01002819,"Underground, metro, light rail, tram",50,283,-233
E01002819,Work mainly at or from home,324,117,207
E01002821,Bicycle,8,30,-22
E01002821,"Bus, minibus or coach",10,68,-58
E01002821,Driving a car or van,27,99,-72
E01002821,"Motorcycle, scooter or moped",2,4,-2
E01002821,Not in employment or aged 15 years and under,528,400,128
E01002821,On foot,61,94,-33
E01002821,Other method of travel to work,8,18,-10
E01002821,Passenger in a car or van,4,13,-9
E01002821,Taxi,17,15,2
E01002821,Train,5,19,-14
E01002821,"Underground, metro, light rail, tram",39,279,-240
E01002821,Work mainly at or from home,370,119,251
E01002823,Bicycle,11,21,-10
E01002823,"Bus, minibus or coach",46,90,-44
E01002823,Driving a car or van,47,85,-38
E01002823,"Motorcycle, scooter or moped",3,14,-11
E01002823,Not in employment or aged 15 years and under,718,424,294
E01002823,On foot,78,103,-25
E01002823,Other method of travel to work,5,10,-5
E01002823,Passenger in a car or van,2,3,-1
E01002823,Taxi,5,12,-7
E01002823,Train,10,17,-7
E01002823,"Underground, metro, light rail, tram",50,196,-146
E01002823,Work mainly at or from home,249,63,186
E01002824,Bicycle,13,48,-35
E01002824,"Bus, minibus or coach",32,93,-61
E01002824,Driving a car or van,48,78,-30
E01002824,"Motorcycle, scooter or moped",4,14,-10
E01002824,Not in employment or aged 15 years and under,586,355,231
E01002824,On foot,27,79,-52
E01002824,Other method of travel to work,4,13,-9
E01002824,Passenger in a car or van,5,10,-5
E01002824,Taxi,13,14,-1
E01002824,Train,4,27,-23
E01002824,"Underground, metro, light rail, tram",53,337,-284
E01002824,Work mainly at or from home,442,131,311
E01002825,Bicycle,21,37,-16
E01002825,"Bus, minibus or coach",17,90,-73
E01002825,Driving a car or van,49,108,-59
E01002825,"Motorcycle, scooter or moped",4,14,-10
E01002825,Not in employment or aged 15 years and under,1021,568,453
E01002825,On foot,59,104,-45
E01002825,Other method of travel to work,11,19,-8
E01002825,Passenger in a car or van,12,13,-1
E01002825,Taxi,18,30,-12
E01002825,Train,21,20,1
E01002825,"Underground, metro, light rail, tram",60,340,-280
E01002825,Work mainly at or from home,497,143,354
E01002826,Bicycle,21,52,-31
E01002826,"Bus, minibus or coach",18,99,-81
E01002826,Driving a car or van,34,87,-53
E01002826,"Motorcycle, scooter or moped",1,11,-10
E01002826,Not in employment or aged 15 years and under,606,372,234
E01002826,On foot,58,144,-86
E01002826,Other method of travel to work,8,7,1
E01002826,Passenger in a car or van,4,9,-5
E01002826,Taxi,8,10,-2
E01002826,Train,2,26,-24
E01002826,"Underground, metro, light rail, tram",36,340,-304
E01002826,Work mainly at or from home,453,106,347
E01002827,Bicycle,36,55,-19
E01002827,"Bus, minibus or coach",28,99,-71
E01002827,Driving a car or van,42,115,-73
E01002827,"Motorcycle, scooter or moped",5,14,-9
E01002827,Not in employment or aged 15 years and under,773,396,377
E01002827,On foot,58,115,-57
E01002827,Other method of travel to work,5,15,-10
E01002827,Passenger in a car or van,7,10,-3
E01002827,Taxi,20,24,-4
E01002827,Train,4,26,-22
E01002827,"Underground, metro, light rail, tram",88,457,-369
E01002827,Work mainly at or from home,647,136,511
E01002828,Bicycle,22,30,-8
E01002828,"Bus, minibus or coach",14,59,-45
E01002828,Driving a car or van,52,75,-23
E01002828,"Motorcycle, scooter or moped",1,11,-10
E01002828,Not in employment or aged 15 years and under,572,325,247
E01002828,On foot,37,56,-19
E01002828,Other method of travel to work,9,9,0
E01002828,Passenger in a car or van,4,10,-6
E01002828,Taxi,11,17,-6
E01002828,Train,7,17,-10
E01002828,"Underground, metro, light rail, tram",56,352,-296
E01002828,Work mainly at or from home,401,102,299
E01002829,Bicycle,18,62,-44
E01002829,"Bus, minibus or coach",56,161,-105
E01002829,Driving a car or van,78,111,-33
E01002829,"Motorcycle, scooter or moped",8,29,-21
E01002829,Not in employment or aged 15 years and under,656,501,155
E01002829,On foot,68,143,-75
E01002829,Other method of travel to work,9,12,-3
E01002829,Passenger in a car or van,1,6,-5
E01002829,Taxi,5,8,-3
E01002829,Train,28,42,-14
E01002829,"Underground, metro, light rail, tram",52,342,-290
E01002829,Work mainly at or from home,409,96,313
E01002830,Bicycle,38,87,-49
E01002830,"Bus, minibus or coach",106,154,-48
E01002830,Driving a car or van,72,114,-42
E01002830,"Motorcycle, scooter or moped",6,12,-6
E01002830,Not in employment or aged 15 years and under,848,522,326
E01002830,On foot,112,118,-6
E01002830,Other method of travel to work,21,7,14
E01002830,Passenger in a car or van,4,6,-2
E01002830,Taxi,5,5,0
E01002830,Train,34,36,-2
E01002830,"Underground, metro, light rail, tram",99,312,-213
E01002830,Work mainly at or from home,378,71,307
E01002831,Bicycle,35,80,-45
E01002831,"Bus, minibus or coach",86,170,-84
E01002831,Driving a car or van,80,116,-36
E01002831,"Motorcycle, scooter or moped",9,23,-14
E01002831,Not in employment or aged 15 years and under,858,559,299
E01002831,On foot,96,149,-53
E01002831,Other method of travel to work,19,9,10
E01002831,Passenger in a car or van,1,5,-4
E01002831,Taxi,10,10,0
E01002831,Train,25,51,-26
E01002831,"Underground, metro, light rail, tram",117,338,-221
E01002831,Work mainly at or from home,379,89,290
E01002832,Bicycle,32,51,-19
E01002832,"Bus, minibus or coach",58,106,-48
E01002832,Driving a car or van,75,99,-24
E01002832,"Motorcycle, scooter or moped",5,18,-13
E01002832,Not in employment or aged 15 years and under,760,371,389
E01002832,On foot,105,101,4
E01002832,Other method of travel to work,5,10,-5
E01002832,Passenger in a car or van,5,5,0
E01002832,Taxi,8,7,1
E01002832,Train,15,36,-21
E01002832,"Underground, metro, light rail, tram",82,257,-175
E01002832,Work mainly at or from home,484,52,432
E01002833,Bicycle,27,76,-49
E01002833,"Bus, minibus or coach",29,109,-80
E01002833,Driving a car or van,40,101,-61
E01002833,"Motorcycle, scooter or moped",8,22,-14
E01002833,Not in employment or aged 15 years and under,492,325,167
E01002833,On foot,42,86,-44
E01002833,Other method of travel to work,5,11,-6
E01002833,Passenger in a car or van,4,4,0
E01002833,Taxi,14,20,-6
E01002833,Train,5,24,-19
E01002833,"Underground, metro, light rail, tram",73,331,-258
E01002833,Work mainly at or from home,473,97,376
E01002834,Bicycle,22,23,-1
E01002834,"Bus, minibus or coach",13,19,-6
E01002834,Driving a car or van,38,98,-60
E01002834,"Motorcycle, scooter or moped",7,29,-22
E01002834,Not in employment or aged 15 years and under,616,388,228
E01002834,On foot,42,76,-34
E01002834,Other method of travel to work,7,9,-2
E01002834,Passenger in a car or van,3,9,-6
E01002834,Taxi,3,17,-14
E01002834,Train,9,32,-23
E01002834,"Underground, metro, light rail, tram",78,358,-280
E01002834,Work mainly at or from home,403,82,321
E01002835,Bicycle,23,36,-13
E01002835,"Bus, minibus or coach",12,45,-33
E01002835,Driving a car or van,30,76,-46
E01002835,"Motorcycle, scooter or moped",3,17,-14
E01002835,Not in employment or aged 15 years and under,686,430,256
E01002835,On foot,61,72,-11
E01002835,Other method of travel to work,13,12,1
E01002835,Passenger in a car or van,0,6,-6
E01002835,Taxi,8,13,-5
E01002835,Train,3,21,-18
E01002835,"Underground, metro, light rail, tram",91,443,-352
E01002835,Work mainly at or from home,477,90,387
E01002836,Bicycle,30,29,1
E01002836,"Bus, minibus or coach",13,41,-28
E01002836,Driving a car or van,33,86,-53
E01002836,"Motorcycle, scooter or moped",5,20,-15
E01002836,Not in employment or aged 15 years and under,584,362,222
E01002836,On foot,64,73,-9
E01002836,Other method of travel to work,8,9,-1
E01002836,Passenger in a car or van,10,1,9
E01002836,Taxi,10,18,-8
E01002836,Train,8,16,-8
E01002836,"Underground, metro, light rail, tram",66,442,-376
E01002836,Work mainly at or from home,476,86,390
E01002837,Bicycle,23,21,2
E01002837,"Bus, minibus or coach",7,48,-41
E01002837,Driving a car or van,31,86,-55
E01002837,"Motorcycle, scooter or moped",2,25,-23
E01002837,Not in employment or aged 15 years and under,477,310,167
E01002837,On foot,43,76,-33
E01002837,Other method of travel to work,6,11,-5
E01002837,Passenger in a car or van,5,4,1
E01002837,Taxi,9,21,-12
E01002837,Train,1,20,-19
E01002837,"Underground, metro, light rail, tram",63,378,-315
E01002837,Work mainly at or from home,378,92,286
E01002839,Bicycle,17,37,-20
E01002839,"Bus, minibus or coach",26,48,-22
E01002839,Driving a car or van,35,83,-48
E01002839,"Motorcycle, scooter or moped",1,27,-26
E01002839,Not in employment or aged 15 years and under,753,534,219
E01002839,On foot,79,92,-13
E01002839,Other method of travel to work,10,5,5
E01002839,Passenger in a car or van,1,9,-8
E01002839,Taxi,3,14,-11
E01002839,Train,15,36,-21
E01002839,"Underground, metro, light rail, tram",101,405,-304
E01002839,Work mainly at or from home,500,69,431
E01002840,Bicycle,12,24,-12
E01002840,"Bus, minibus or coach",41,145,-104
E01002840,Driving a car or van,44,65,-21
E01002840,"Motorcycle, scooter or moped",3,12,-9
E01002840,Not in employment or aged 15 years and under,638,445,193
E01002840,On foot,64,109,-45
E01002840,Other method of travel to work,7,8,-1
E01002840,Passenger in a car or van,2,5,-3
E01002840,Taxi,4,8,-4
E01002840,Train,11,17,-6
E01002840,"Underground, metro, light rail, tram",34,84,-50
E01002840,Work mainly at or from home,180,62,118
E01002841,Bicycle,36,42,-6
E01002841,"Bus, minibus or coach",39,148,-109
E01002841,Driving a car or van,57,129,-72
E01002841,"Motorcycle, scooter or moped",8,19,-11
E01002841,Not in employment or aged 15 years and under,577,368,209
E01002841,On foot,67,118,-51
E01002841,Other method of travel to work,8,10,-2
E01002841,Passenger in a car or van,3,6,-3
E01002841,Taxi,6,1,5
E01002841,Train,8,28,-20
E01002841,"Underground, metro, light rail, tram",41,194,-153
E01002841,Work mainly at or from home,367,67,300
E01002842,Bicycle,16,13,3
E01002842,"Bus, minibus or coach",81,164,-83
E01002842,Driving a car or van,43,60,-17
E01002842,"Motorcycle, scooter or moped",2,5,-3
E01002842,Not in employment or aged 15 years and under,679,499,180
E01002842,On foot,51,65,-14
E01002842,Other method of travel to work,8,8,0
E01002842,Passenger in a car or van,1,0,1
E01002842,Taxi,3,2,1
E01002842,Train,9,26,-17
E01002842,"Underground, metro, light rail, tram",25,53,-28
E01002842,Work mainly at or from home,99,22,77
E01002843,Bicycle,21,23,-2
E01002843,"Bus, minibus or coach",83,159,-76
E01002843,Driving a car or van,62,79,-17
E01002843,"Motorcycle, scooter or moped",5,7,-2
E01002843,Not in employment or aged 15 years and under,816,433,383
E01002843,On foot,70,79,-9
E01002843,Other method of travel to work,3,6,-3
E01002843,Passenger in a car or van,5,6,-1
E01002843,Taxi,10,3,7
E01002843,Train,14,22,-8
E01002843,"Underground, metro, light rail, tram",24,104,-80
E01002843,Work mainly at or from home,189,33,156
E01002844,Bicycle,18,33,-15
E01002844,"Bus, minibus or coach",20,125,-105
E01002844,Driving a car or van,32,107,-75
E01002844,"Motorcycle, scooter or moped",7,25,-18
E01002844,Not in employment or aged 15 years and under,584,382,202
E01002844,On foot,50,93,-43
E01002844,Other method of travel to work,4,16,-12
E01002844,Passenger in a car or van,3,13,-10
E01002844,Taxi,10,25,-15
E01002844,Train,5,24,-19
E01002844,"Underground, metro, light rail, tram",46,154,-108
E01002844,Work mainly at or from home,365,106,259
E01002845,Bicycle,17,25,-8
E01002845,"Bus, minibus or coach",23,157,-134
E01002845,Driving a car or van,44,87,-43
E01002845,"Motorcycle, scooter or moped",3,24,-21
E01002845,Not in employment or aged 15 years and under,633,410,223
E01002845,On foot,51,86,-35
E01002845,Other method of travel to work,3,8,-5
E01002845,Passenger in a car or van,1,9,-8
E01002845,Taxi,7,18,-11
E01002845,Train,5,33,-28
E01002845,"Underground, metro, light rail, tram",35,157,-122
E01002845,Work mainly at or from home,342,74,268
E01002846,Bicycle,21,33,-12
E01002846,"Bus, minibus or coach",24,54,-30
E01002846,Driving a car or van,34,85,-51
E01002846,"Motorcycle, scooter or moped",7,10,-3
E01002846,Not in employment or aged 15 years and under,635,347,288
E01002846,On foot,55,91,-36
E01002846,Other method of travel to work,10,11,-1
E01002846,Passenger in a car or van,0,1,-1
E01002846,Taxi,5,2,3
E01002846,Train,23,50,-27
E01002846,"Underground, metro, light rail, tram",96,410,-314
E01002846,Work mainly at or from home,383,61,322
E01002847,Bicycle,25,40,-15
E01002847,"Bus, minibus or coach",20,44,-24
E01002847,Driving a car or van,36,93,-57
E01002847,"Motorcycle, scooter or moped",5,17,-12
E01002847,Not in employment or aged 15 years and under,602,384,218
E01002847,On foot,46,129,-83
E01002847,Other method of travel to work,4,4,0
E01002847,Passenger in a car or van,0,1,-1
E01002847,Taxi,12,3,9
E01002847,Train,13,40,-27
E01002847,"Underground, metro, light rail, tram",125,559,-434
E01002847,Work mainly at or from home,506,78,428
E01002848,Bicycle,36,33,3
E01002848,"Bus, minibus or coach",32,67,-35
E01002848,Driving a car or van,30,86,-56
E01002848,"Motorcycle, scooter or moped",3,19,-16
E01002848,Not in employment or aged 15 years and under,537,449,88
E01002848,On foot,63,105,-42
E01002848,Other method of travel to work,7,6,1
E01002848,Passenger in a car or van,2,2,0
E01002848,Taxi,4,2,2
E01002848,Train,21,36,-15
E01002848,"Underground, metro, light rail, tram",87,493,-406
E01002848,Work mainly at or from home,433,50,383
E01002849,Bicycle,23,29,-6
E01002849,"Bus, minibus or coach",11,57,-46
E01002849,Driving a car or van,45,92,-47
E01002849,"Motorcycle, scooter or moped",16,23,-7
E01002849,Not in employment or aged 15 years and under,770,381,389
E01002849,On foot,68,89,-21
E01002849,Other method of travel to work,9,10,-1
E01002849,Passenger in a car or van,3,4,-1
E01002849,Taxi,13,5,8
E01002849,Train,10,30,-20
E01002849,"Underground, metro, light rail, tram",86,459,-373
E01002849,Work mainly at or from home,487,80,407
E01002850,Bicycle,13,20,-7
E01002850,"Bus, minibus or coach",27,53,-26
E01002850,Driving a car or van,42,82,-40
E01002850,"Motorcycle, scooter or moped",2,18,-16
E01002850,Not in employment or aged 15 years and under,675,512,163
E01002850,On foot,76,92,-16
E01002850,Other method of travel to work,9,13,-4
E01002850,Passenger in a car or van,3,7,-4
E01002850,Taxi,7,4,3
E01002850,Train,11,20,-9
E01002850,"Underground, metro, light rail, tram",120,341,-221
E01002850,Work mainly at or from home,415,76,339
E01002851,Bicycle,18,37,-19
E01002851,"Bus, minibus or coach",31,59,-28
E01002851,Driving a car or van,38,83,-45
E01002851,"Motorcycle, scooter or moped",2,9,-7
E01002851,Not in employment or aged 15 years and under,754,611,143
E01002851,On foot,70,114,-44
E01002851,Other method of travel to work,12,5,7
E01002851,Passenger in a car or van,1,6,-5
E01002851,Taxi,3,2,1
E01002851,Train,14,32,-18
E01002851,"Underground, metro, light rail, tram",100,375,-275
E01002851,Work mainly at or from home,294,62,232
E01002852,Bicycle,31,52,-21
E01002852,"Bus, minibus or coach",122,274,-152
E01002852,Driving a car or van,82,131,-49
E01002852,"Motorcycle, scooter or moped",18,6,12
E01002852,Not in employment or aged 15 years and under,1331,693,638
E01002852,On foot,114,162,-48
E01002852,Other method of travel to work,18,11,7
E01002852,Passenger in a car or van,7,5,2
E01002852,Taxi,9,4,5
E01002852,Train,18,32,-14
E01002852,"Underground, metro, light rail, tram",96,195,-99
E01002852,Work mainly at or from home,367,35,332
E01002853,Bicycle,58,17,41
E01002853,"Bus, minibus or coach",58,93,-35
E01002853,Driving a car or van,71,80,-9
E01002853,"Motorcycle, scooter or moped",7,4,3
E01002853,Not in employment or aged 15 years and under,772,417,355
E01002853,On foot,84,77,7
E01002853,Other method of travel to work,6,10,-4
E01002853,Passenger in a car or van,6,4,2
E01002853,Taxi,4,1,3
E01002853,Train,17,19,-2
E01002853,"Underground, metro, light rail, tram",74,95,-21
E01002853,Work mainly at or from home,270,20,250
E01002854,Bicycle,15,29,-14
E01002854,"Bus, minibus or coach",57,109,-52
E01002854,Driving a car or van,70,62,8
E01002854,"Motorcycle, scooter or moped",1,3,-2
E01002854,Not in employment or aged 15 years and under,621,392,229
E01002854,On foot,55,68,-13
E01002854,Other method of travel to work,14,1,13
E01002854,Passenger in a car or van,5,5,0
E01002854,Taxi,5,1,4
E01002854,Train,30,24,6
E01002854,"Underground, metro, light rail, tram",84,91,-7
E01002854,Work mainly at or from home,146,20,126
E01002855,Bicycle,34,54,-20
E01002855,"Bus, minibus or coach",91,162,-71
E01002855,Driving a car or van,74,129,-55
E01002855,"Motorcycle, scooter or moped",9,17,-8
E01002855,Not in employment or aged 15 years and under,919,686,233
E01002855,On foot,83,137,-54
E01002855,Other method of travel to work,22,14,8
E01002855,Passenger in a car or van,3,4,-1
E01002855,Taxi,7,8,-1
E01002855,Train,28,36,-8
E01002855,"Underground, metro, light rail, tram",55,258,-203
E01002855,Work mainly at or from home,270,52,218
E01002856,Bicycle,29,59,-30
E01002856,"Bus, minibus or coach",63,141,-78
E01002856,Driving a car or van,55,110,-55
E01002856,"Motorcycle, scooter or moped",1,20,-19
E01002856,Not in employment or aged 15 years and under,733,433,300
E01002856,On foot,83,96,-13
E01002856,Other method of travel to work,10,4,6
E01002856,Passenger in a car or van,5,2,3
E01002856,Taxi,7,8,-1
E01002856,Train,15,33,-18
E01002856,"Underground, metro, light rail, tram",96,298,-202
E01002856,Work mainly at or from home,339,73,266
E01002857,Bicycle,51,15,36
E01002857,"Bus, minibus or coach",124,127,-3
E01002857,Driving a car or van,122,77,45
E01002857,"Motorcycle, scooter or moped",3,2,1
E01002857,Not in employment or aged 15 years and under,722,417,305
E01002857,On foot,101,47,54
E01002857,Other method of travel to work,22,7,15
E01002857,Passenger in a car or van,1,2,-1
E01002857,Taxi,5,3,2
E01002857,Train,22,15,7
E01002857,"Underground, metro, light rail, tram",58,80,-22
E01002857,Work mainly at or from home,143,21,122
E01002858,Bicycle,16,18,-2
E01002858,"Bus, minibus or coach",81,63,18
E01002858,Driving a car or van,58,50,8
E01002858,"Motorcycle, scooter or moped",15,7,8
E01002858,Not in employment or aged 15 years and under,688,447,241
E01002858,On foot,81,122,-41
E01002858,Other method of travel to work,2,9,-7
E01002858,Passenger in a car or van,2,4,-2
E01002858,Taxi,14,10,4
E01002858,Train,6,24,-18
E01002858,"Underground, metro, light rail, tram",86,204,-118
E01002858,Work mainly at or from home,275,52,223
E01002859,Bicycle,16,31,-15
E01002859,"Bus, minibus or coach",21,92,-71
E01002859,Driving a car or van,33,101,-68
E01002859,"Motorcycle, scooter or moped",4,16,-12
E01002859,Not in employment or aged 15 years and under,572,392,180
E01002859,On foot,84,150,-66
E01002859,Other method of travel to work,10,29,-19
E01002859,Passenger in a car or van,6,19,-13
E01002859,Taxi,19,45,-26
E01002859,Train,10,33,-23
E01002859,"Underground, metro, light rail, tram",56,297,-241
E01002859,Work mainly at or from home,418,127,291
E01002860,Bicycle,12,32,-20
E01002860,"Bus, minibus or coach",7,60,-53
E01002860,Driving a car or van,28,100,-72
E01002860,"Motorcycle, scooter or moped",6,23,-17
E01002860,Not in employment or aged 15 years and under,583,382,201
E01002860,On foot,68,114,-46
E01002860,Other method of travel to work,5,16,-11
E01002860,Passenger in a car or van,2,12,-10
E01002860,Taxi,15,36,-21
E01002860,Train,7,18,-11
E01002860,"Underground, metro, light rail, tram",44,316,-272
E01002860,Work mainly at or from home,370,112,258
E01002861,Bicycle,11,22,-11
E01002861,"Bus, minibus or coach",15,81,-66
E01002861,Driving a car or van,26,84,-58
E01002861,"Motorcycle, scooter or moped",4,23,-19
E01002861,Not in employment or aged 15 years and under,666,383,283
E01002861,On foot,71,106,-35
E01002861,Other method of travel to work,10,8,2
E01002861,Passenger in a car or van,3,3,0
E01002861,Taxi,10,25,-15
E01002861,Train,5,21,-16
E01002861,"Underground, metro, light rail, tram",33,280,-247
E01002861,Work mainly at or from home,403,85,318
E01002862,Bicycle,16,13,3
E01002862,"Bus, minibus or coach",34,120,-86
E01002862,Driving a car or van,31,79,-48
E01002862,"Motorcycle, scooter or moped",1,16,-15
E01002862,Not in employment or aged 15 years and under,601,484,117
E01002862,On foot,76,151,-75
E01002862,Other method of travel to work,10,7,3
E01002862,Passenger in a car or van,3,2,1
E01002862,Taxi,3,11,-8
E01002862,Train,11,37,-26
E01002862,"Underground, metro, light rail, tram",51,295,-244
E01002862,Work mainly at or from home,252,45,207
E01002863,Bicycle,24,30,-6
E01002863,"Bus, minibus or coach",22,75,-53
E01002863,Driving a car or van,26,90,-64
E01002863,"Motorcycle, scooter or moped",4,19,-15
E01002863,Not in employment or aged 15 years and under,558,353,205
E01002863,On foot,62,150,-88
E01002863,Other method of travel to work,21,18,3
E01002863,Passenger in a car or van,6,13,-7
E01002863,Taxi,11,49,-38
E01002863,Train,6,24,-18
E01002863,"Underground, metro, light rail, tram",31,209,-178
E01002863,Work mainly at or from home,348,134,214
E01002864,Bicycle,8,20,-12
E01002864,"Bus, minibus or coach",17,65,-48
E01002864,Driving a car or van,55,105,-50
E01002864,"Motorcycle, scooter or moped",7,5,2
E01002864,Not in employment or aged 15 years and under,856,433,423
E01002864,On foot,61,35,26
E01002864,Other method of travel to work,9,13,-4
E01002864,Passenger in a car or van,5,23,-18
E01002864,Taxi,9,13,-4
E01002864,Train,7,26,-19
E01002864,"Underground, metro, light rail, tram",46,167,-121
E01002864,Work mainly at or from home,393,137,256
E01002865,Bicycle,18,18,0
E01002865,"Bus, minibus or coach",15,67,-52
E01002865,Driving a car or van,43,65,-22
E01002865,"Motorcycle, scooter or moped",5,14,-9
E01002865,Not in employment or aged 15 years and under,784,444,340
E01002865,On foot,33,47,-14
E01002865,Other method of travel to work,14,14,0
E01002865,Passenger in a car or van,8,12,-4
E01002865,Taxi,24,30,-6
E01002865,Train,4,18,-14
E01002865,"Underground, metro, light rail, tram",35,192,-157
E01002865,Work mainly at or from home,469,89,380
E01002866,Bicycle,35,58,-23
E01002866,"Bus, minibus or coach",64,134,-70
E01002866,Driving a car or van,63,142,-79
E01002866,"Motorcycle, scooter or moped",6,15,-9
E01002866,Not in employment or aged 15 years and under,914,441,473
E01002866,On foot,87,95,-8
E01002866,Other method of travel to work,15,8,7
E01002866,Passenger in a car or van,3,10,-7
E01002866,Taxi,10,6,4
E01002866,Train,18,37,-19
E01002866,"Underground, metro, light rail, tram",83,346,-263
E01002866,Work mainly at or from home,532,125,407
E01002867,Bicycle,24,42,-18
E01002867,"Bus, minibus or coach",51,172,-121
E01002867,Driving a car or van,73,151,-78
E01002867,"Motorcycle, scooter or moped",7,16,-9
E01002867,Not in employment or aged 15 years and under,809,557,252
E01002867,On foot,85,123,-38
E01002867,Other method of travel to work,10,22,-12
E01002867,Passenger in a car or van,2,10,-8
E01002867,Taxi,8,17,-9
E01002867,Train,16,49,-33
E01002867,"Underground, metro, light rail, tram",73,336,-263
E01002867,Work mainly at or from home,518,98,420
E01002868,Bicycle,19,42,-23
E01002868,"Bus, minibus or coach",9,72,-63
E01002868,Driving a car or van,44,141,-97
E01002868,"Motorcycle, scooter or moped",6,13,-7
E01002868,Not in employment or aged 15 years and under,735,445,290
E01002868,On foot,40,69,-29
E01002868,Other method of travel to work,8,19,-11
E01002868,Passenger in a car or van,3,11,-8
E01002868,Taxi,11,25,-14
E01002868,Train,3,18,-15
E01002868,"Underground, metro, light rail, tram",37,280,-243
E01002868,Work mainly at or from home,438,137,301
E01002869,Bicycle,19,38,-19
E01002869,"Bus, minibus or coach",45,93,-48
E01002869,Driving a car or van,67,100,-33
E01002869,"Motorcycle, scooter or moped",6,14,-8
E01002869,Not in employment or aged 15 years and under,928,415,513
E01002869,On foot,65,75,-10
E01002869,Other method of travel to work,4,17,-13
E01002869,Passenger in a car or van,4,6,-2
E01002869,Taxi,20,15,5
E01002869,Train,6,23,-17
E01002869,"Underground, metro, light rail, tram",82,324,-242
E01002869,Work mainly at or from home,492,97,395
E01002870,Bicycle,25,40,-15
E01002870,"Bus, minibus or coach",77,127,-50
E01002870,Driving a car or van,95,75,20
E01002870,"Motorcycle, scooter or moped",8,3,5
E01002870,Not in employment or aged 15 years and under,916,511,405
E01002870,On foot,86,81,5
E01002870,Other method of travel to work,8,2,6
E01002870,Passenger in a car or van,3,9,-6
E01002870,Taxi,4,2,2
E01002870,Train,13,20,-7
E01002870,"Underground, metro, light rail, tram",90,159,-69
E01002870,Work mainly at or from home,269,35,234
E01002871,Bicycle,35,44,-9
E01002871,"Bus, minibus or coach",10,39,-29
E01002871,Driving a car or van,46,103,-57
E01002871,"Motorcycle, scooter or moped",0,8,-8
E01002871,Not in employment or aged 15 years and under,710,404,306
E01002871,On foot,38,93,-55
E01002871,Other method of travel to work,11,14,-3
E01002871,Passenger in a car or van,5,7,-2
E01002871,Taxi,12,27,-15
E01002871,Train,3,27,-24
E01002871,"Underground, metro, light rail, tram",72,401,-329
E01002871,Work mainly at or from home,522,135,387
E01002872,Bicycle,30,43,-13
E01002872,"Bus, minibus or coach",60,71,-11
E01002872,Driving a car or van,53,106,-53
E01002872,"Motorcycle, scooter or moped",2,7,-5
E01002872,Not in employment or aged 15 years and under,811,455,356
E01002872,On foot,72,95,-23
E01002872,Other method of travel to work,10,6,4
E01002872,Passenger in a car or van,7,8,-1
E01002872,Taxi,3,1,2
E01002872,Train,19,21,-2
E01002872,"Underground, metro, light rail, tram",75,151,-76
E01002872,Work mainly at or from home,205,52,153
E01002873,Bicycle,25,33,-8
E01002873,"Bus, minibus or coach",51,80,-29
E01002873,Driving a car or van,51,97,-46
E01002873,"Motorcycle, scooter or moped",0,12,-12
E01002873,Not in employment or aged 15 years and under,662,350,312
E01002873,On foot,53,74,-21
E01002873,Other method of travel to work,5,15,-10
E01002873,Passenger in a car or van,2,11,-9
E01002873,Taxi,12,10,2
E01002873,Train,10,15,-5
E01002873,"Underground, metro, light rail, tram",70,245,-175
E01002873,Work mainly at or from home,418,103,315
E01002874,Bicycle,32,40,-8
E01002874,"Bus, minibus or coach",29,93,-64
E01002874,Driving a car or van,40,99,-59
E01002874,"Motorcycle, scooter or moped",7,18,-11
E01002874,Not in employment or aged 15 years and under,509,370,139
E01002874,On foot,65,70,-5
E01002874,Other method of travel to work,4,9,-5
E01002874,Passenger in a car or van,4,13,-9
E01002874,Taxi,6,14,-8
E01002874,Train,6,25,-19
E01002874,"Underground, metro, light rail, tram",53,302,-249
E01002874,Work mainly at or from home,379,82,297
E01002875,Bicycle,28,45,-17
E01002875,"Bus, minibus or coach",17,42,-25
E01002875,Driving a car or van,40,84,-44
E01002875,"Motorcycle, scooter or moped",5,14,-9
E01002875,Not in employment or aged 15 years and under,612,349,263
E01002875,On foot,48,77,-29
E01002875,Other method of travel to work,6,11,-5
E01002875,Passenger in a car or van,6,14,-8
E01002875,Taxi,16,20,-4
E01002875,Train,3,22,-19
E01002875,"Underground, metro, light rail, tram",51,281,-230
E01002875,Work mainly at or from home,426,116,310
E01002876,Bicycle,47,80,-33
E01002876,"Bus, minibus or coach",55,107,-52
E01002876,Driving a car or van,79,148,-69
E01002876,"Motorcycle, scooter or moped",5,32,-27
E01002876,Not in employment or aged 15 years and under,1029,455,574
E01002876,On foot,56,91,-35
E01002876,Other method of travel to work,7,10,-3
E01002876,Passenger in a car or van,8,7,1
E01002876,Taxi,9,4,5
E01002876,Train,22,19,3
E01002876,"Underground, metro, light rail, tram",76,254,-178
E01002876,Work mainly at or from home,442,98,344
E01002877,Bicycle,24,50,-26
E01002877,"Bus, minibus or coach",130,112,18
E01002877,Driving a car or van,135,129,6
E01002877,"Motorcycle, scooter or moped",7,8,-1
E01002877,Not in employment or aged 15 years and under,1255,565,690
E01002877,On foot,94,89,5
E01002877,Other method of travel to work,22,7,15
E01002877,Passenger in a car or van,9,7,2
E01002877,Taxi,6,3,3
E01002877,Train,34,29,5
E01002877,"Underground, metro, light rail, tram",112,189,-77
E01002877,Work mainly at or from home,357,34,323
E01002878,Bicycle,30,59,-29
E01002878,"Bus, minibus or coach",47,150,-103
E01002878,Driving a car or van,77,133,-56
E01002878,"Motorcycle, scooter or moped",5,18,-13
E01002878,Not in employment or aged 15 years and under,706,428,278
E01002878,On foot,75,107,-32
E01002878,Other method of travel to work,6,16,-10
E01002878,Passenger in a car or van,6,10,-4
E01002878,Taxi,4,9,-5
E01002878,Train,12,23,-11
E01002878,"Underground, metro, light rail, tram",77,299,-222
E01002878,Work mainly at or from home,404,69,335
E01002879,Bicycle,15,39,-24
E01002879,"Bus, minibus or coach",106,127,-21
E01002879,Driving a car or van,84,76,8
E01002879,"Motorcycle, scooter or moped",2,8,-6
E01002879,Not in employment or aged 15 years and under,1210,509,701
E01002879,On foot,134,87,47
E01002879,Other method of travel to work,15,9,6
E01002879,Passenger in a car or van,1,8,-7
E01002879,Taxi,2,7,-5
E01002879,Train,27,32,-5
E01002879,"Underground, metro, light rail, tram",68,229,-161
E01002879,Work mainly at or from home,274,24,250
E01002880,Bicycle,9,30,-21
E01002880,"Bus, minibus or coach",62,131,-69
E01002880,Driving a car or van,87,79,8
E01002880,"Motorcycle, scooter or moped",2,6,-4
E01002880,Not in employment or aged 15 years and under,730,583,147
E01002880,On foot,49,80,-31
E01002880,Other method of travel to work,11,4,7
E01002880,Passenger in a car or van,5,3,2
E01002880,Taxi,6,5,1
E01002880,Train,19,43,-24
E01002880,"Underground, metro, light rail, tram",53,167,-114
E01002880,Work mainly at or from home,116,11,105
E01002881,Bicycle,32,53,-21
E01002881,"Bus, minibus or coach",58,96,-38
E01002881,Driving a car or van,93,98,-5
E01002881,"Motorcycle, scooter or moped",10,5,5
E01002881,Not in employment or aged 15 years and under,791,469,322
E01002881,On foot,76,90,-14
E01002881,Other method of travel to work,7,8,-1
E01002881,Passenger in a car or van,5,3,2
E01002881,Taxi,6,1,5
E01002881,Train,22,28,-6
E01002881,"Underground, metro, light rail, tram",81,147,-66
E01002881,Work mainly at or from home,180,41,139
E01002882,Bicycle,20,42,-22
E01002882,"Bus, minibus or coach",25,69,-44
E01002882,Driving a car or van,34,82,-48
E01002882,"Motorcycle, scooter or moped",0,18,-18
E01002882,Not in employment or aged 15 years and under,538,309,229
E01002882,On foot,43,74,-31
E01002882,Other method of travel to work,6,13,-7
E01002882,Passenger in a car or van,3,9,-6
E01002882,Taxi,7,21,-14
E01002882,Train,7,19,-12
E01002882,"Underground, metro, light rail, tram",43,281,-238
E01002882,Work mainly at or from home,320,90,230
E01002883,Bicycle,42,40,2
E01002883,"Bus, minibus or coach",32,95,-63
E01002883,Driving a car or van,32,84,-52
E01002883,"Motorcycle, scooter or moped",2,25,-23
E01002883,Not in employment or aged 15 years and under,733,450,283
E01002883,On foot,58,111,-53
E01002883,Other method of travel to work,9,21,-12
E01002883,Passenger in a car or van,3,8,-5
E01002883,Taxi,9,18,-9
E01002883,Train,11,28,-17
E01002883,"Underground, metro, light rail, tram",77,401,-324
E01002883,Work mainly at or from home,467,114,353
E01002884,Bicycle,26,35,-9
E01002884,"Bus, minibus or coach",29,76,-47
E01002884,Driving a car or van,25,74,-49
E01002884,"Motorcycle, scooter or moped",12,19,-7
E01002884,Not in employment or aged 15 years and under,650,378,272
E01002884,On foot,57,94,-37
E01002884,Other method of travel to work,5,10,-5
E01002884,Passenger in a car or van,8,6,2
E01002884,Taxi,8,11,-3
E01002884,Train,10,26,-16
E01002884,"Underground, metro, light rail, tram",112,401,-289
E01002884,Work mainly at or from home,439,89,350
E01002885,Bicycle,30,36,-6
E01002885,"Bus, minibus or coach",44,171,-127
E01002885,Driving a car or van,37,64,-27
E01002885,"Motorcycle, scooter or moped",4,17,-13
E01002885,Not in employment or aged 15 years and under,473,310,163
E01002885,On foot,67,126,-59
E01002885,Other method of travel to work,13,8,5
E01002885,Passenger in a car or van,7,4,3
E01002885,Taxi,3,11,-8
E01002885,Train,8,30,-22
E01002885,"Underground, metro, light rail, tram",105,508,-403
E01002885,Work mainly at or from home,533,64,469
E01002886,Bicycle,19,61,-42
E01002886,"Bus, minibus or coach",30,93,-63
E01002886,Driving a car or van,34,109,-75
E01002886,"Motorcycle, scooter or moped",5,25,-20
E01002886,Not in employment or aged 15 years and under,628,336,292
E01002886,On foot,47,73,-26
E01002886,Other method of travel to work,10,12,-2
E01002886,Passenger in a car or van,7,9,-2
E01002886,Taxi,15,36,-21
E01002886,Train,5,30,-25
E01002886,"Underground, metro, light rail, tram",61,369,-308
E01002886,Work mainly at or from home,456,77,379
E01002887,Bicycle,12,41,-29
E01002887,"Bus, minibus or coach",18,44,-26
E01002887,Driving a car or van,26,124,-98
E01002887,"Motorcycle, scooter or moped",2,24,-22
E01002887,Not in employment or aged 15 years and under,462,449,13
E01002887,On foot,41,117,-76
E01002887,Other method of travel to work,5,9,-4
E01002887,Passenger in a car or van,3,6,-3
E01002887,Taxi,16,15,1
E01002887,Train,5,38,-33
E01002887,"Underground, metro, light rail, tram",65,439,-374
E01002887,Work mainly at or from home,393,108,285
E01002888,Bicycle,27,39,-12
E01002888,"Bus, minibus or coach",17,65,-48
E01002888,Driving a car or van,37,101,-64
E01002888,"Motorcycle, scooter or moped",5,24,-19
E01002888,Not in employment or aged 15 years and under,809,684,125
E01002888,On foot,64,105,-41
E01002888,Other method of travel to work,14,27,-13
E01002888,Passenger in a car or van,4,7,-3
E01002888,Taxi,13,17,-4
E01002888,Train,6,32,-26
E01002888,"Underground, metro, light rail, tram",80,605,-525
E01002888,Work mainly at or from home,481,109,372
E01002889,Bicycle,15,17,-2
E01002889,"Bus, minibus or coach",18,69,-51
E01002889,Driving a car or van,55,63,-8
E01002889,"Motorcycle, scooter or moped",18,14,4
E01002889,Not in employment or aged 15 years and under,887,382,505
E01002889,On foot,46,106,-60
E01002889,Other method of travel to work,6,12,-6
E01002889,Passenger in a car or van,10,3,7
E01002889,Taxi,6,18,-12
E01002889,Train,14,30,-16
E01002889,"Underground, metro, light rail, tram",40,235,-195
E01002889,Work mainly at or from home,439,87,352
E01002890,Bicycle,19,44,-25
E01002890,"Bus, minibus or coach",17,65,-48
E01002890,Driving a car or van,37,106,-69
E01002890,"Motorcycle, scooter or moped",8,20,-12
E01002890,Not in employment or aged 15 years and under,818,490,328
E01002890,On foot,45,76,-31
E01002890,Other method of travel to work,5,26,-21
E01002890,Passenger in a car or van,3,19,-16
E01002890,Taxi,16,33,-17
E01002890,Train,4,15,-11
E01002890,"Underground, metro, light rail, tram",45,265,-220
E01002890,Work mainly at or from home,384,118,266
E01002891,Bicycle,19,41,-22
E01002891,"Bus, minibus or coach",15,71,-56
E01002891,Driving a car or van,42,92,-50
E01002891,"Motorcycle, scooter or moped",2,17,-15
E01002891,Not in employment or aged 15 years and under,596,421,175
E01002891,On foot,58,100,-42
E01002891,Other method of travel to work,7,16,-9
E01002891,Passenger in a car or van,6,14,-8
E01002891,Taxi,15,31,-16
E01002891,Train,5,16,-11
E01002891,"Underground, metro, light rail, tram",46,239,-193
E01002891,Work mainly at or from home,366,114,252
E01002892,Bicycle,19,29,-10
E01002892,"Bus, minibus or coach",15,62,-47
E01002892,Driving a car or van,32,117,-85
E01002892,"Motorcycle, scooter or moped",3,22,-19
E01002892,Not in employment or aged 15 years and under,661,456,205
E01002892,On foot,63,148,-85
E01002892,Other method of travel to work,9,16,-7
E01002892,Passenger in a car or van,4,8,-4
E01002892,Taxi,11,21,-10
E01002892,Train,3,15,-12
E01002892,"Underground, metro, light rail, tram",57,333,-276
E01002892,Work mainly at or from home,417,95,322
E01002893,Bicycle,28,65,-37
E01002893,"Bus, minibus or coach",38,82,-44
E01002893,Driving a car or van,37,143,-106
E01002893,"Motorcycle, scooter or moped",7,21,-14
E01002893,Not in employment or aged 15 years and under,706,469,237
E01002893,On foot,116,112,4
E01002893,Other method of travel to work,15,8,7
E01002893,Passenger in a car or van,5,6,-1
E01002893,Taxi,8,8,0
E01002893,Train,10,33,-23
E01002893,"Underground, metro, light rail, tram",94,475,-381
E01002893,Work mainly at or from home,516,82,434
E01002894,Bicycle,22,41,-19
E01002894,"Bus, minibus or coach",18,45,-27
E01002894,Driving a car or van,26,93,-67
E01002894,"Motorcycle, scooter or moped",4,27,-23
E01002894,Not in employment or aged 15 years and under,624,310,314
E01002894,On foot,44,90,-46
E01002894,Other method of travel to work,9,5,4
E01002894,Passenger in a car or van,7,9,-2
E01002894,Taxi,5,8,-3
E01002894,Train,13,26,-13
E01002894,"Underground, metro, light rail, tram",77,472,-395
E01002894,Work mainly at or from home,475,71,404
E01002896,Bicycle,43,46,-3
E01002896,"Bus, minibus or coach",25,137,-112
E01002896,Driving a car or van,43,161,-118
E01002896,"Motorcycle, scooter or moped",10,36,-26
E01002896,Not in employment or aged 15 years and under,693,367,326
E01002896,On foot,62,91,-29
E01002896,Other method of travel to work,8,19,-11
E01002896,Passenger in a car or van,2,10,-8
E01002896,Taxi,10,18,-8
E01002896,Train,11,31,-20
E01002896,"Underground, metro, light rail, tram",74,415,-341
E01002896,Work mainly at or from home,605,114,491
E01002897,Bicycle,26,47,-21
E01002897,"Bus, minibus or coach",35,117,-82
E01002897,Driving a car or van,60,119,-59
E01002897,"Motorcycle, scooter or moped",7,28,-21
E01002897,Not in employment or aged 15 years and under,630,317,313
E01002897,On foot,77,108,-31
E01002897,Other method of travel to work,18,9,9
E01002897,Passenger in a car or van,11,3,8
E01002897,Taxi,7,17,-10
E01002897,Train,11,15,-4
E01002897,"Underground, metro, light rail, tram",69,261,-192
E01002897,Work mainly at or from home,541,82,459
E01002898,Bicycle,22,28,-6
E01002898,"Bus, minibus or coach",13,47,-34
E01002898,Driving a car or van,48,94,-46
E01002898,"Motorcycle, scooter or moped",18,28,-10
E01002898,Not in employment or aged 15 years and under,936,366,570
E01002898,On foot,45,68,-23
E01002898,Other method of travel to work,12,18,-6
E01002898,Passenger in a car or van,3,15,-12
E01002898,Taxi,12,22,-10
E01002898,Train,17,21,-4
E01002898,"Underground, metro, light rail, tram",51,347,-296
E01002898,Work mainly at or from home,495,124,371
E01002899,Bicycle,21,40,-19
E01002899,"Bus, minibus or coach",38,111,-73
E01002899,Driving a car or van,37,100,-63
E01002899,"Motorcycle, scooter or moped",0,15,-15
E01002899,Not in employment or aged 15 years and under,697,342,355
E01002899,On foot,70,100,-30
E01002899,Other method of travel to work,12,22,-10
E01002899,Passenger in a car or van,6,2,4
E01002899,Taxi,6,22,-16
E01002899,Train,8,16,-8
E01002899,"Underground, metro, light rail, tram",36,221,-185
E01002899,Work mainly at or from home,319,83,236
E01002900,Bicycle,54,34,20
E01002900,"Bus, minibus or coach",63,83,-20
E01002900,Driving a car or van,83,130,-47
E01002900,"Motorcycle, scooter or moped",3,8,-5
E01002900,Not in employment or aged 15 years and under,665,350,315
E01002900,On foot,87,107,-20
E01002900,Other method of travel to work,7,14,-7
E01002900,Passenger in a car or van,4,14,-10
E01002900,Taxi,25,28,-3
E01002900,Train,1,20,-19
E01002900,"Underground, metro, light rail, tram",55,197,-142
E01002900,Work mainly at or from home,642,165,477
E01002901,Bicycle,13,21,-8
E01002901,"Bus, minibus or coach",8,49,-41
E01002901,Driving a car or van,28,71,-43
E01002901,"Motorcycle, scooter or moped",3,8,-5
E01002901,Not in employment or aged 15 years and under,625,287,338
E01002901,On foot,42,101,-59
E01002901,Other method of travel to work,18,5,13
E01002901,Passenger in a car or van,3,5,-2
E01002901,Taxi,5,17,-12
E01002901,Train,3,20,-17
E01002901,"Underground, metro, light rail, tram",32,112,-80
E01002901,Work mainly at or from home,269,80,189
E01002902,Bicycle,15,32,-17
E01002902,"Bus, minibus or coach",21,108,-87
E01002902,Driving a car or van,42,103,-61
E01002902,"Motorcycle, scooter or moped",4,21,-17
E01002902,Not in employment or aged 15 years and under,587,430,157
E01002902,On foot,77,117,-40
E01002902,Other method of travel to work,7,9,-2
E01002902,Passenger in a car or van,9,15,-6
E01002902,Taxi,16,55,-39
E01002902,Train,6,28,-22
E01002902,"Underground, metro, light rail, tram",66,377,-311
E01002902,Work mainly at or from home,380,118,262
E01002903,Bicycle,16,42,-26
E01002903,"Bus, minibus or coach",23,81,-58
E01002903,Driving a car or van,40,119,-79
E01002903,"Motorcycle, scooter or moped",2,13,-11
E01002903,Not in employment or aged 15 years and under,646,354,292
E01002903,On foot,38,98,-60
E01002903,Other method of travel to work,7,14,-7
E01002903,Passenger in a car or van,3,18,-15
E01002903,Taxi,15,39,-24
E01002903,Train,9,18,-9
E01002903,"Underground, metro, light rail, tram",36,250,-214
E01002903,Work mainly at or from home,440,131,309
E01002904,Bicycle,22,24,-2
E01002904,"Bus, minibus or coach",76,137,-61
E01002904,Driving a car or van,94,87,7
E01002904,"Motorcycle, scooter or moped",6,3,3
E01002904,Not in employment or aged 15 years and under,832,444,388
E01002904,On foot,69,68,1
E01002904,Other method of travel to work,6,1,5
E01002904,Passenger in a car or van,11,7,4
E01002904,Taxi,5,2,3
E01002904,Train,17,8,9
E01002904,"Underground, metro, light rail, tram",36,79,-43
E01002904,Work mainly at or from home,123,19,104
E01002905,Bicycle,18,32,-14
E01002905,"Bus, minibus or coach",78,149,-71
E01002905,Driving a car or van,123,114,9
E01002905,"Motorcycle, scooter or moped",9,16,-7
E01002905,Not in employment or aged 15 years and under,1023,524,499
E01002905,On foot,62,100,-38
E01002905,Other method of travel to work,11,8,3
E01002905,Passenger in a car or van,13,3,10
E01002905,Taxi,14,5,9
E01002905,Train,15,28,-13
E01002905,"Underground, metro, light rail, tram",76,168,-92
E01002905,Work mainly at or from home,233,41,192
E01002906,Bicycle,38,49,-11
E01002906,"Bus, minibus or coach",109,153,-44
E01002906,Driving a car or van,100,136,-36
E01002906,"Motorcycle, scooter or moped",7,7,0
E01002906,Not in employment or aged 15 years and under,974,517,457
E01002906,On foot,102,97,5
E01002906,Other method of travel to work,13,1,12
E01002906,Passenger in a car or van,7,9,-2
E01002906,Taxi,7,6,1
E01002906,Train,15,22,-7
E01002906,"Underground, metro, light rail, tram",62,214,-152
E01002906,Work mainly at or from home,320,40,280
E01002907,Bicycle,11,25,-14
E01002907,"Bus, minibus or coach",82,121,-39
E01002907,Driving a car or van,83,80,3
E01002907,"Motorcycle, scooter or moped",4,8,-4
E01002907,Not in employment or aged 15 years and under,873,502,371
E01002907,On foot,55,63,-8
E01002907,Other method of travel to work,4,2,2
E01002907,Passenger in a car or van,10,6,4
E01002907,Taxi,6,4,2
E01002907,Train,12,27,-15
E01002907,"Underground, metro, light rail, tram",30,67,-37
E01002907,Work mainly at or from home,114,17,97
E01002908,Bicycle,28,59,-31
E01002908,"Bus, minibus or coach",61,113,-52
E01002908,Driving a car or van,89,137,-48
E01002908,"Motorcycle, scooter or moped",12,14,-2
E01002908,Not in employment or aged 15 years and under,700,327,373
E01002908,On foot,58,91,-33
E01002908,Other method of travel to work,5,9,-4
E01002908,Passenger in a car or van,11,8,3
E01002908,Taxi,3,5,-2
E01002908,Train,15,18,-3
E01002908,"Underground, metro, light rail, tram",80,215,-135
E01002908,Work mainly at or from home,337,70,267
E01002909,Bicycle,40,98,-58
E01002909,"Bus, minibus or coach",85,159,-74
E01002909,Driving a car or van,121,195,-74
E01002909,"Motorcycle, scooter or moped",7,26,-19
E01002909,Not in employment or aged 15 years and under,948,552,396
E01002909,On foot,123,128,-5
E01002909,Other method of travel to work,22,11,11
E01002909,Passenger in a car or van,17,10,7
E01002909,Taxi,16,14,2
E01002909,Train,33,38,-5
E01002909,"Underground, metro, light rail, tram",110,446,-336
E01002909,Work mainly at or from home,615,118,497
E01002910,Bicycle,26,31,-5
E01002910,"Bus, minibus or coach",21,89,-68
E01002910,Driving a car or van,33,102,-69
E01002910,"Motorcycle, scooter or moped",6,7,-1
E01002910,Not in employment or aged 15 years and under,733,367,366
E01002910,On foot,57,130,-73
E01002910,Other method of travel to work,12,9,3
E01002910,Passenger in a car or van,4,20,-16
E01002910,Taxi,10,21,-11
E01002910,Train,6,10,-4
E01002910,"Underground, metro, light rail, tram",46,216,-170
E01002910,Work mainly at or from home,414,84,330
E01002911,Bicycle,14,42,-28
E01002911,"Bus, minibus or coach",17,135,-118
E01002911,Driving a car or van,47,166,-119
E01002911,"Motorcycle, scooter or moped",7,23,-16
E01002911,Not in employment or aged 15 years and under,604,380,224
E01002911,On foot,65,93,-28
E01002911,Other method of travel to work,10,18,-8
E01002911,Passenger in a car or van,12,7,5
E01002911,Taxi,15,47,-32
E01002911,Train,7,20,-13
E01002911,"Underground, metro, light rail, tram",50,263,-213
E01002911,Work mainly at or from home,441,115,326
E01002912,Bicycle,17,36,-19
E01002912,"Bus, minibus or coach",55,166,-111
E01002912,Driving a car or van,42,123,-81
E01002912,"Motorcycle, scooter or moped",11,29,-18
E01002912,Not in employment or aged 15 years and under,672,388,284
E01002912,On foot,169,214,-45
E01002912,Other method of travel to work,8,7,1
E01002912,Passenger in a car or van,2,5,-3
E01002912,Taxi,9,22,-13
E01002912,Train,9,18,-9
E01002912,"Underground, metro, light rail, tram",56,238,-182
E01002912,Work mainly at or from home,436,89,347
E01002913,Bicycle,17,44,-27
E01002913,"Bus, minibus or coach",57,200,-143
E01002913,Driving a car or van,65,162,-97
E01002913,"Motorcycle, scooter or moped",12,31,-19
E01002913,Not in employment or aged 15 years and under,888,509,379
E01002913,On foot,83,126,-43
E01002913,Other method of travel to work,7,23,-16
E01002913,Passenger in a car or van,5,15,-10
E01002913,Taxi,6,20,-14
E01002913,Train,11,21,-10
E01002913,"Underground, metro, light rail, tram",61,260,-199
E01002913,Work mainly at or from home,544,114,430
E01002914,Bicycle,6,25,-19
E01002914,"Bus, minibus or coach",24,86,-62
E01002914,Driving a car or van,41,92,-51
E01002914,"Motorcycle, scooter or moped",5,14,-9
E01002914,Not in employment or aged 15 years and under,647,362,285
E01002914,On foot,54,162,-108
E01002914,Other method of travel to work,12,15,-3
E01002914,Passenger in a car or van,9,8,1
E01002914,Taxi,18,27,-9
E01002914,Train,4,20,-16
E01002914,"Underground, metro, light rail, tram",31,267,-236
E01002914,Work mainly at or from home,349,113,236
E01002915,Bicycle,11,24,-13
E01002915,"Bus, minibus or coach",31,61,-30
E01002915,Driving a car or van,260,413,-153
E01002915,"Motorcycle, scooter or moped",8,8,0
E01002915,Not in employment or aged 15 years and under,764,278,486
E01002915,On foot,24,39,-15
E01002915,Other method of travel to work,9,4,5
E01002915,Passenger in a car or van,13,24,-11
E01002915,Taxi,2,6,-4
E01002915,Train,33,73,-40
E01002915,"Underground, metro, light rail, tram",9,20,-11
E01002915,Work mainly at or from home,231,41,190
E01002916,Bicycle,19,28,-9
E01002916,"Bus, minibus or coach",30,62,-32
E01002916,Driving a car or van,200,349,-149
E01002916,"Motorcycle, scooter or moped",9,10,-1
E01002916,Not in employment or aged 15 years and under,802,358,444
E01002916,On foot,26,51,-25
E01002916,Other method of travel to work,6,4,2
E01002916,Passenger in a car or van,11,16,-5
E01002916,Taxi,1,4,-3
E01002916,Train,41,127,-86
E01002916,"Underground, metro, light rail, tram",18,22,-4
E01002916,Work mainly at or from home,314,46,268
E01002917,Bicycle,28,34,-6
E01002917,"Bus, minibus or coach",30,69,-39
E01002917,Driving a car or van,235,333,-98
E01002917,"Motorcycle, scooter or moped",5,8,-3
E01002917,Not in employment or aged 15 years and under,736,331,405
E01002917,On foot,28,56,-28
E01002917,Other method of travel to work,5,2,3
E01002917,Passenger in a car or van,13,19,-6
E01002917,Taxi,2,2,0
E01002917,Train,24,108,-84
E01002917,"Underground, metro, light rail, tram",10,14,-4
E01002917,Work mainly at or from home,315,43,272
E01002918,Bicycle,22,23,-1
E01002918,"Bus, minibus or coach",86,121,-35
E01002918,Driving a car or van,404,438,-34
E01002918,"Motorcycle, scooter or moped",8,6,2
E01002918,Not in employment or aged 15 years and under,844,367,477
E01002918,On foot,58,69,-11
E01002918,Other method of travel to work,11,4,7
E01002918,Passenger in a car or van,26,29,-3
E01002918,Taxi,4,4,0
E01002918,Train,66,105,-39
E01002918,"Underground, metro, light rail, tram",14,30,-16
E01002918,Work mainly at or from home,248,27,221
E01002919,Bicycle,18,24,-6
E01002919,"Bus, minibus or coach",160,174,-14
E01002919,Driving a car or van,331,370,-39
E01002919,"Motorcycle, scooter or moped",10,3,7
E01002919,Not in employment or aged 15 years and under,1011,417,594
E01002919,On foot,63,79,-16
E01002919,Other method of travel to work,14,6,8
E01002919,Passenger in a car or van,36,27,9
E01002919,Taxi,4,3,1
E01002919,Train,60,100,-40
E01002919,"Underground, metro, light rail, tram",17,23,-6
E01002919,Work mainly at or from home,267,30,237
E01002920,Bicycle,32,45,-13
E01002920,"Bus, minibus or coach",27,54,-27
E01002920,Driving a car or van,210,365,-155
E01002920,"Motorcycle, scooter or moped",6,17,-11
E01002920,Not in employment or aged 15 years and under,804,321,483
E01002920,On foot,30,29,1
E01002920,Other method of travel to work,8,3,5
E01002920,Passenger in a car or van,15,21,-6
E01002920,Taxi,3,6,-3
E01002920,Train,33,162,-129
E01002920,"Underground, metro, light rail, tram",9,25,-16
E01002920,Work mainly at or from home,421,60,361
E01002921,Bicycle,39,35,4
E01002921,"Bus, minibus or coach",93,105,-12
E01002921,Driving a car or van,182,265,-83
E01002921,"Motorcycle, scooter or moped",8,9,-1
E01002921,Not in employment or aged 15 years and under,656,351,305
E01002921,On foot,72,88,-16
E01002921,Other method of travel to work,18,6,12
E01002921,Passenger in a car or van,16,9,7
E01002921,Taxi,1,0,1
E01002921,Train,109,342,-233
E01002921,"Underground, metro, light rail, tram",33,35,-2
E01002921,Work mainly at or from home,503,57,446
E01002922,Bicycle,27,45,-18
E01002922,"Bus, minibus or coach",34,95,-61
E01002922,Driving a car or van,166,348,-182
E01002922,"Motorcycle, scooter or moped",2,12,-10
E01002922,Not in employment or aged 15 years and under,809,403,406
E01002922,On foot,34,74,-40
E01002922,Other method of travel to work,8,3,5
E01002922,Passenger in a car or van,9,16,-7
E01002922,Taxi,2,2,0
E01002922,Train,36,307,-271
E01002922,"Underground, metro, light rail, tram",6,25,-19
E01002922,Work mainly at or from home,506,76,430
E01002923,Bicycle,19,30,-11
E01002923,"Bus, minibus or coach",91,104,-13
E01002923,Driving a car or van,173,174,-1
E01002923,"Motorcycle, scooter or moped",7,14,-7
E01002923,Not in employment or aged 15 years and under,895,570,325
E01002923,On foot,95,95,0
E01002923,Other method of travel to work,11,3,8
E01002923,Passenger in a car or van,15,12,3
E01002923,Taxi,4,1,3
E01002923,Train,67,132,-65
E01002923,"Underground, metro, light rail, tram",16,24,-8
E01002923,Work mainly at or from home,277,32,245
E01002924,Bicycle,21,35,-14
E01002924,"Bus, minibus or coach",18,41,-23
E01002924,Driving a car or van,132,307,-175
E01002924,"Motorcycle, scooter or moped",4,9,-5
E01002924,Not in employment or aged 15 years and under,826,334,492
E01002924,On foot,42,49,-7
E01002924,Other method of travel to work,5,4,1
E01002924,Passenger in a car or van,11,15,-4
E01002924,Taxi,0,4,-4
E01002924,Train,26,185,-159
E01002924,"Underground, metro, light rail, tram",9,15,-6
E01002924,Work mainly at or from home,451,62,389
E01002925,Bicycle,35,47,-12
E01002925,"Bus, minibus or coach",51,77,-26
E01002925,Driving a car or van,204,273,-69
E01002925,"Motorcycle, scooter or moped",6,9,-3
E01002925,Not in employment or aged 15 years and under,569,205,364
E01002925,On foot,76,75,1
E01002925,Other method of travel to work,5,7,-2
E01002925,Passenger in a car or van,15,11,4
E01002925,Taxi,3,0,3
E01002925,Train,68,269,-201
E01002925,"Underground, metro, light rail, tram",9,35,-26
E01002925,Work mainly at or from home,532,58,474
E01002926,Bicycle,29,36,-7
E01002926,"Bus, minibus or coach",45,62,-17
E01002926,Driving a car or van,185,304,-119
E01002926,"Motorcycle, scooter or moped",6,16,-10
E01002926,Not in employment or aged 15 years and under,781,314,467
E01002926,On foot,34,67,-33
E01002926,Other method of travel to work,6,6,0
E01002926,Passenger in a car or van,15,16,-1
E01002926,Taxi,0,0,0
E01002926,Train,56,202,-146
E01002926,"Underground, metro, light rail, tram",3,17,-14
E01002926,Work mainly at or from home,437,41,396
E01002927,Bicycle,29,39,-10
E01002927,"Bus, minibus or coach",58,87,-29
E01002927,Driving a car or van,219,322,-103
E01002927,"Motorcycle, scooter or moped",11,12,-1
E01002927,Not in employment or aged 15 years and under,881,388,493
E01002927,On foot,42,52,-10
E01002927,Other method of travel to work,4,4,0
E01002927,Passenger in a car or van,16,28,-12
E01002927,Taxi,1,2,-1
E01002927,Train,33,136,-103
E01002927,"Underground, metro, light rail, tram",21,26,-5
E01002927,Work mainly at or from home,376,41,335
E01002928,Bicycle,23,36,-13
E01002928,"Bus, minibus or coach",96,91,5
E01002928,Driving a car or van,209,233,-24
E01002928,"Motorcycle, scooter or moped",10,5,5
E01002928,Not in employment or aged 15 years and under,1025,374,651
E01002928,On foot,92,83,9
E01002928,Other method of travel to work,14,7,7
E01002928,Passenger in a car or van,13,15,-2
E01002928,Taxi,0,6,-6
E01002928,Train,60,203,-143
E01002928,"Underground, metro, light rail, tram",26,41,-15
E01002928,Work mainly at or from home,379,62,317
E01002929,Bicycle,26,40,-14
E01002929,"Bus, minibus or coach",19,36,-17
E01002929,Driving a car or van,135,266,-131
E01002929,"Motorcycle, scooter or moped",5,14,-9
E01002929,Not in employment or aged 15 years and under,891,382,509
E01002929,On foot,44,67,-23
E01002929,Other method of travel to work,9,8,1
E01002929,Passenger in a car or van,8,8,0
E01002929,Taxi,3,3,0
E01002929,Train,53,285,-232
E01002929,"Underground, metro, light rail, tram",23,41,-18
E01002929,Work mainly at or from home,478,61,417
E01002930,Bicycle,34,37,-3
E01002930,"Bus, minibus or coach",88,102,-14
E01002930,Driving a car or van,200,253,-53
E01002930,"Motorcycle, scooter or moped",14,10,4
E01002930,Not in employment or aged 15 years and under,918,372,546
E01002930,On foot,69,102,-33
E01002930,Other method of travel to work,16,3,13
E01002930,Passenger in a car or van,14,23,-9
E01002930,Taxi,3,1,2
E01002930,Train,98,260,-162
E01002930,"Underground, metro, light rail, tram",33,53,-20
E01002930,Work mainly at or from home,481,50,431
E01002931,Bicycle,16,34,-18
E01002931,"Bus, minibus or coach",54,64,-10
E01002931,Driving a car or van,189,296,-107
E01002931,"Motorcycle, scooter or moped",1,13,-12
E01002931,Not in employment or aged 15 years and under,1035,392,643
E01002931,On foot,64,81,-17
E01002931,Other method of travel to work,7,8,-1
E01002931,Passenger in a car or van,9,14,-5
E01002931,Taxi,0,1,-1
E01002931,Train,68,293,-225
E01002931,"Underground, metro, light rail, tram",23,48,-25
E01002931,Work mainly at or from home,542,72,470
E01002932,Bicycle,31,30,1
E01002932,"Bus, minibus or coach",113,143,-30
E01002932,Driving a car or van,278,292,-14
E01002932,"Motorcycle, scooter or moped",9,9,0
E01002932,Not in employment or aged 15 years and under,1208,483,725
E01002932,On foot,71,93,-22
E01002932,Other method of travel to work,10,6,4
E01002932,Passenger in a car or van,24,33,-9
E01002932,Taxi,9,3,6
E01002932,Train,32,112,-80
E01002932,"Underground, metro, light rail, tram",18,21,-3
E01002932,Work mainly at or from home,244,31,213
E01002933,Bicycle,37,73,-36
E01002933,"Bus, minibus or coach",65,100,-35
E01002933,Driving a car or van,172,275,-103
E01002933,"Motorcycle, scooter or moped",3,12,-9
E01002933,Not in employment or aged 15 years and under,1073,443,630
E01002933,On foot,94,140,-46
E01002933,Other method of travel to work,7,5,2
E01002933,Passenger in a car or van,15,8,7
E01002933,Taxi,1,1,0
E01002933,Train,53,226,-173
E01002933,"Underground, metro, light rail, tram",14,21,-7
E01002933,Work mainly at or from home,509,73,436
E01002934,Bicycle,58,84,-26
E01002934,"Bus, minibus or coach",19,50,-31
E01002934,Driving a car or van,155,292,-137
E01002934,"Motorcycle, scooter or moped",7,23,-16
E01002934,Not in employment or aged 15 years and under,946,328,618
E01002934,On foot,73,113,-40
E01002934,Other method of travel to work,5,6,-1
E01002934,Passenger in a car or van,6,11,-5
E01002934,Taxi,0,2,-2
E01002934,Train,63,284,-221
E01002934,"Underground, metro, light rail, tram",13,34,-21
E01002934,Work mainly at or from home,554,80,474
E01002935,Bicycle,49,49,0
E01002935,"Bus, minibus or coach",75,129,-54
E01002935,Driving a car or van,162,239,-77
E01002935,"Motorcycle, scooter or moped",12,15,-3
E01002935,Not in employment or aged 15 years and under,850,384,466
E01002935,On foot,146,168,-22
E01002935,Other method of travel to work,15,20,-5
E01002935,Passenger in a car or van,11,12,-1
E01002935,Taxi,1,1,0
E01002935,Train,71,310,-239
E01002935,"Underground, metro, light rail, tram",15,44,-29
E01002935,Work mainly at or from home,493,79,414
E01002937,Bicycle,32,59,-27
E01002937,"Bus, minibus or coach",32,59,-27
E01002937,Driving a car or van,120,265,-145
E01002937,"Motorcycle, scooter or moped",9,28,-19
E01002937,Not in employment or aged 15 years and under,875,287,588
E01002937,On foot,75,113,-38
E01002937,Other method of travel to work,12,5,7
E01002937,Passenger in a car or van,9,6,3
E01002937,Taxi,1,2,-1
E01002937,Train,48,287,-239
E01002937,"Underground, metro, light rail, tram",10,36,-26
E01002937,Work mainly at or from home,605,76,529
E01002938,Bicycle,39,60,-21
E01002938,"Bus, minibus or coach",42,83,-41
E01002938,Driving a car or van,164,297,-133
E01002938,"Motorcycle, scooter or moped",7,19,-12
E01002938,Not in employment or aged 15 years and under,1000,366,634
E01002938,On foot,68,74,-6
E01002938,Other method of travel to work,5,6,-1
E01002938,Passenger in a car or van,13,23,-10
E01002938,Taxi,0,2,-2
E01002938,Train,42,301,-259
E01002938,"Underground, metro, light rail, tram",14,37,-23
E01002938,Work mainly at or from home,605,89,516
E01002939,Bicycle,20,19,1
E01002939,"Bus, minibus or coach",72,114,-42
E01002939,Driving a car or van,321,408,-87
E01002939,"Motorcycle, scooter or moped",18,12,6
E01002939,Not in employment or aged 15 years and under,811,328,483
E01002939,On foot,78,79,-1
E01002939,Other method of travel to work,9,3,6
E01002939,Passenger in a car or van,15,35,-20
E01002939,Taxi,1,6,-5
E01002939,Train,40,100,-60
E01002939,"Underground, metro, light rail, tram",7,9,-2
E01002939,Work mainly at or from home,255,27,228
E01002940,Bicycle,15,18,-3
E01002940,"Bus, minibus or coach",68,107,-39
E01002940,Driving a car or van,331,424,-93
E01002940,"Motorcycle, scooter or moped",7,9,-2
E01002940,Not in employment or aged 15 years and under,868,330,538
E01002940,On foot,48,57,-9
E01002940,Other method of travel to work,10,2,8
E01002940,Passenger in a car or van,32,25,7
E01002940,Taxi,2,2,0
E01002940,Train,44,95,-51
E01002940,"Underground, metro, light rail, tram",9,14,-5
E01002940,Work mainly at or from home,236,21,215
E01002941,Bicycle,15,21,-6
E01002941,"Bus, minibus or coach",44,83,-39
E01002941,Driving a car or van,340,420,-80
E01002941,"Motorcycle, scooter or moped",12,17,-5
E01002941,Not in employment or aged 15 years and under,810,343,467
E01002941,On foot,51,52,-1
E01002941,Other method of travel to work,8,1,7
E01002941,Passenger in a car or van,27,24,3
E01002941,Taxi,4,1,3
E01002941,Train,43,88,-45
E01002941,"Underground, metro, light rail, tram",9,14,-5
E01002941,Work mainly at or from home,288,26,262
E01002942,Bicycle,15,23,-8
E01002942,"Bus, minibus or coach",39,64,-25
E01002942,Driving a car or van,283,403,-120
E01002942,"Motorcycle, scooter or moped",9,10,-1
E01002942,Not in employment or aged 15 years and under,715,279,436
E01002942,On foot,51,47,4
E01002942,Other method of travel to work,6,1,5
E01002942,Passenger in a car or van,11,18,-7
E01002942,Taxi,1,2,-1
E01002942,Train,31,109,-78
E01002942,"Underground, metro, light rail, tram",7,9,-2
E01002942,Work mainly at or from home,232,31,201
E01002943,Bicycle,14,17,-3
E01002943,"Bus, minibus or coach",54,73,-19
E01002943,Driving a car or van,329,397,-68
E01002943,"Motorcycle, scooter or moped",7,9,-2
E01002943,Not in employment or aged 15 years and under,718,350,368
E01002943,On foot,56,49,7
E01002943,Other method of travel to work,9,3,6
E01002943,Passenger in a car or van,40,26,14
E01002943,Taxi,3,5,-2
E01002943,Train,20,70,-50
E01002943,"Underground, metro, light rail, tram",7,6,1
E01002943,Work mainly at or from home,218,31,187
E01002944,Bicycle,17,15,2
E01002944,"Bus, minibus or coach",51,82,-31
E01002944,Driving a car or van,283,407,-124
E01002944,"Motorcycle, scooter or moped",8,10,-2
E01002944,Not in employment or aged 15 years and under,639,264,375
E01002944,On foot,42,49,-7
E01002944,Other method of travel to work,2,2,0
E01002944,Passenger in a car or van,23,28,-5
E01002944,Taxi,5,4,1
E01002944,Train,34,85,-51
E01002944,"Underground, metro, light rail, tram",9,7,2
E01002944,Work mainly at or from home,223,26,197
E01002945,Bicycle,19,13,6
E01002945,"Bus, minibus or coach",61,73,-12
E01002945,Driving a car or van,374,572,-198
E01002945,"Motorcycle, scooter or moped",12,25,-13
E01002945,Not in employment or aged 15 years and under,676,252,424
E01002945,On foot,42,47,-5
E01002945,Other method of travel to work,9,2,7
E01002945,Passenger in a car or van,17,39,-22
E01002945,Taxi,1,4,-3
E01002945,Train,56,91,-35
E01002945,"Underground, metro, light rail, tram",7,7,0
E01002945,Work mainly at or from home,299,29,270
E01002946,Bicycle,14,20,-6
E01002946,"Bus, minibus or coach",41,74,-33
E01002946,Driving a car or van,341,511,-170
E01002946,"Motorcycle, scooter or moped",5,16,-11
E01002946,Not in employment or aged 15 years and under,689,319,370
E01002946,On foot,35,31,4
E01002946,Other method of travel to work,7,0,7
E01002946,Passenger in a car or van,16,36,-20
E01002946,Taxi,0,2,-2
E01002946,Train,40,101,-61
E01002946,"Underground, metro, light rail, tram",16,12,4
E01002946,Work mainly at or from home,306,22,284
E01002947,Bicycle,13,16,-3
E01002947,"Bus, minibus or coach",42,97,-55
E01002947,Driving a car or van,403,497,-94
E01002947,"Motorcycle, scooter or moped",10,18,-8
E01002947,Not in employment or aged 15 years and under,761,296,465
E01002947,On foot,57,62,-5
E01002947,Other method of travel to work,5,2,3
E01002947,Passenger in a car or van,24,31,-7
E01002947,Taxi,0,2,-2
E01002947,Train,38,113,-75
E01002947,"Underground, metro, light rail, tram",6,15,-9
E01002947,Work mainly at or from home,284,39,245
E01002948,Bicycle,23,23,0
E01002948,"Bus, minibus or coach",75,86,-11
E01002948,Driving a car or van,488,599,-111
E01002948,"Motorcycle, scooter or moped",13,23,-10
E01002948,Not in employment or aged 15 years and under,1070,438,632
E01002948,On foot,67,65,2
E01002948,Other method of travel to work,15,2,13
E01002948,Passenger in a car or van,35,35,0
E01002948,Taxi,2,5,-3
E01002948,Train,45,141,-96
E01002948,"Underground, metro, light rail, tram",7,16,-9
E01002948,Work mainly at or from home,375,59,316
E01002949,Bicycle,20,24,-4
E01002949,"Bus, minibus or coach",57,102,-45
E01002949,Driving a car or van,408,554,-146
E01002949,"Motorcycle, scooter or moped",8,16,-8
E01002949,Not in employment or aged 15 years and under,893,390,503
E01002949,On foot,44,49,-5
E01002949,Other method of travel to work,9,3,6
E01002949,Passenger in a car or van,30,23,7
E01002949,Taxi,7,7,0
E01002949,Train,43,123,-80
E01002949,"Underground, metro, light rail, tram",14,16,-2
E01002949,Work mainly at or from home,318,34,284
E01002950,Bicycle,18,27,-9
E01002950,"Bus, minibus or coach",50,96,-46
E01002950,Driving a car or van,361,427,-66
E01002950,"Motorcycle, scooter or moped",5,16,-11
E01002950,Not in employment or aged 15 years and under,828,345,483
E01002950,On foot,63,56,7
E01002950,Other method of travel to work,10,4,6
E01002950,Passenger in a car or van,24,25,-1
E01002950,Taxi,2,0,2
E01002950,Train,41,114,-73
E01002950,"Underground, metro, light rail, tram",4,8,-4
E01002950,Work mainly at or from home,256,30,226
E01002951,Bicycle,23,36,-13
E01002951,"Bus, minibus or coach",35,66,-31
E01002951,Driving a car or van,116,247,-131
E01002951,"Motorcycle, scooter or moped",8,21,-13
E01002951,Not in employment or aged 15 years and under,761,364,397
E01002951,On foot,81,81,0
E01002951,Other method of travel to work,9,6,3
E01002951,Passenger in a car or van,5,10,-5
E01002951,Taxi,2,0,2
E01002951,Train,22,187,-165
E01002951,"Underground, metro, light rail, tram",11,32,-21
E01002951,Work mainly at or from home,428,87,341
E01002952,Bicycle,5,23,-18
E01002952,"Bus, minibus or coach",10,32,-22
E01002952,Driving a car or van,109,249,-140
E01002952,"Motorcycle, scooter or moped",5,11,-6
E01002952,Not in employment or aged 15 years and under,831,449,382
E01002952,On foot,17,36,-19
E01002952,Other method of travel to work,5,10,-5
E01002952,Passenger in a car or van,4,14,-10
E01002952,Taxi,0,3,-3
E01002952,Train,17,133,-116
E01002952,"Underground, metro, light rail, tram",16,38,-22
E01002952,Work mainly at or from home,373,96,277
E01002953,Bicycle,14,18,-4
E01002953,"Bus, minibus or coach",29,61,-32
E01002953,Driving a car or van,135,242,-107
E01002953,"Motorcycle, scooter or moped",9,6,3
E01002953,Not in employment or aged 15 years and under,738,324,414
E01002953,On foot,22,35,-13
E01002953,Other method of travel to work,1,7,-6
E01002953,Passenger in a car or van,6,10,-4
E01002953,Taxi,0,1,-1
E01002953,Train,35,122,-87
E01002953,"Underground, metro, light rail, tram",18,52,-34
E01002953,Work mainly at or from home,324,69,255
E01002954,Bicycle,14,11,3
E01002954,"Bus, minibus or coach",66,93,-27
E01002954,Driving a car or van,114,152,-38
E01002954,"Motorcycle, scooter or moped",7,10,-3
E01002954,Not in employment or aged 15 years and under,713,280,433
E01002954,On foot,180,155,25
E01002954,Other method of travel to work,9,3,6
E01002954,Passenger in a car or van,5,10,-5
E01002954,Taxi,0,2,-2
E01002954,Train,40,149,-109
E01002954,"Underground, metro, light rail, tram",15,26,-11
E01002954,Work mainly at or from home,210,39,171
E01002955,Bicycle,22,21,1
E01002955,"Bus, minibus or coach",85,139,-54
E01002955,Driving a car or van,187,277,-90
E01002955,"Motorcycle, scooter or moped",10,10,0
E01002955,Not in employment or aged 15 years and under,785,374,411
E01002955,On foot,13,33,-20
E01002955,Other method of travel to work,10,4,6
E01002955,Passenger in a car or van,12,17,-5
E01002955,Taxi,1,1,0
E01002955,Train,11,59,-48
E01002955,"Underground, metro, light rail, tram",33,56,-23
E01002955,Work mainly at or from home,330,65,265
E01002956,Bicycle,11,14,-3
E01002956,"Bus, minibus or coach",47,73,-26
E01002956,Driving a car or van,151,245,-94
E01002956,"Motorcycle, scooter or moped",6,10,-4
E01002956,Not in employment or aged 15 years and under,865,632,233
E01002956,On foot,21,37,-16
E01002956,Other method of travel to work,8,7,1
E01002956,Passenger in a car or van,10,17,-7
E01002956,Taxi,2,5,-3
E01002956,Train,18,68,-50
E01002956,"Underground, metro, light rail, tram",9,39,-30
E01002956,Work mainly at or from home,244,72,172
E01002957,Bicycle,30,27,3
E01002957,"Bus, minibus or coach",102,202,-100
E01002957,Driving a car or van,182,200,-18
E01002957,"Motorcycle, scooter or moped",17,5,12
E01002957,Not in employment or aged 15 years and under,827,549,278
E01002957,On foot,112,85,27
E01002957,Other method of travel to work,4,6,-2
E01002957,Passenger in a car or van,17,19,-2
E01002957,Taxi,2,2,0
E01002957,Train,33,78,-45
E01002957,"Underground, metro, light rail, tram",24,39,-15
E01002957,Work mainly at or from home,235,46,189
E01002958,Bicycle,26,51,-25
E01002958,"Bus, minibus or coach",31,63,-32
E01002958,Driving a car or van,174,308,-134
E01002958,"Motorcycle, scooter or moped",5,8,-3
E01002958,Not in employment or aged 15 years and under,821,308,513
E01002958,On foot,32,74,-42
E01002958,Other method of travel to work,5,2,3
E01002958,Passenger in a car or van,18,16,2
E01002958,Taxi,0,4,-4
E01002958,Train,84,295,-211
E01002958,"Underground, metro, light rail, tram",27,46,-19
E01002958,Work mainly at or from home,517,66,451
E01002959,Bicycle,15,20,-5
E01002959,"Bus, minibus or coach",8,34,-26
E01002959,Driving a car or van,134,258,-124
E01002959,"Motorcycle, scooter or moped",3,10,-7
E01002959,Not in employment or aged 15 years and under,774,406,368
E01002959,On foot,20,31,-11
E01002959,Other method of travel to work,2,2,0
E01002959,Passenger in a car or van,4,13,-9
E01002959,Taxi,0,1,-1
E01002959,Train,31,138,-107
E01002959,"Underground, metro, light rail, tram",11,33,-22
E01002959,Work mainly at or from home,380,66,314
E01002960,Bicycle,25,27,-2
E01002960,"Bus, minibus or coach",39,63,-24
E01002960,Driving a car or van,206,273,-67
E01002960,"Motorcycle, scooter or moped",4,10,-6
E01002960,Not in employment or aged 15 years and under,789,400,389
E01002960,On foot,84,78,6
E01002960,Other method of travel to work,6,5,1
E01002960,Passenger in a car or van,12,18,-6
E01002960,Taxi,0,1,-1
E01002960,Train,35,184,-149
E01002960,"Underground, metro, light rail, tram",10,39,-29
E01002960,Work mainly at or from home,383,61,322
E01002961,Bicycle,22,44,-22
E01002961,"Bus, minibus or coach",35,60,-25
E01002961,Driving a car or van,171,303,-132
E01002961,"Motorcycle, scooter or moped",3,7,-4
E01002961,Not in employment or aged 15 years and under,913,408,505
E01002961,On foot,44,74,-30
E01002961,Other method of travel to work,6,5,1
E01002961,Passenger in a car or van,6,13,-7
E01002961,Taxi,1,5,-4
E01002961,Train,34,231,-197
E01002961,"Underground, metro, light rail, tram",22,36,-14
E01002961,Work mainly at or from home,489,74,415
E01002962,Bicycle,28,25,3
E01002962,"Bus, minibus or coach",71,102,-31
E01002962,Driving a car or van,242,299,-57
E01002962,"Motorcycle, scooter or moped",4,9,-5
E01002962,Not in employment or aged 15 years and under,845,377,468
E01002962,On foot,79,100,-21
E01002962,Other method of travel to work,10,1,9
E01002962,Passenger in a car or van,14,23,-9
E01002962,Taxi,1,4,-3
E01002962,Train,36,113,-77
E01002962,"Underground, metro, light rail, tram",19,23,-4
E01002962,Work mainly at or from home,258,27,231
E01002963,Bicycle,25,37,-12
E01002963,"Bus, minibus or coach",67,70,-3
E01002963,Driving a car or van,180,246,-66
E01002963,"Motorcycle, scooter or moped",10,8,2
E01002963,Not in employment or aged 15 years and under,886,403,483
E01002963,On foot,81,97,-16
E01002963,Other method of travel to work,2,8,-6
E01002963,Passenger in a car or van,9,12,-3
E01002963,Taxi,2,0,2
E01002963,Train,117,300,-183
E01002963,"Underground, metro, light rail, tram",27,63,-36
E01002963,Work mainly at or from home,436,37,399
E01002964,Bicycle,43,53,-10
E01002964,"Bus, minibus or coach",116,121,-5
E01002964,Driving a car or van,185,283,-98
E01002964,"Motorcycle, scooter or moped",12,10,2
E01002964,Not in employment or aged 15 years and under,1389,743,646
E01002964,On foot,187,236,-49
E01002964,Other method of travel to work,6,4,2
E01002964,Passenger in a car or van,7,13,-6
E01002964,Taxi,0,1,-1
E01002964,Train,62,237,-175
E01002964,"Underground, metro, light rail, tram",17,39,-22
E01002964,Work mainly at or from home,482,54,428
E01002965,Bicycle,22,52,-30
E01002965,"Bus, minibus or coach",91,135,-44
E01002965,Driving a car or van,181,292,-111
E01002965,"Motorcycle, scooter or moped",5,15,-10
E01002965,Not in employment or aged 15 years and under,1314,704,610
E01002965,On foot,153,261,-108
E01002965,Other method of travel to work,12,7,5
E01002965,Passenger in a car or van,11,20,-9
E01002965,Taxi,5,4,1
E01002965,Train,83,312,-229
E01002965,"Underground, metro, light rail, tram",25,53,-28
E01002965,Work mainly at or from home,614,72,542
E01002966,Bicycle,42,70,-28
E01002966,"Bus, minibus or coach",31,69,-38
E01002966,Driving a car or van,191,314,-123
E01002966,"Motorcycle, scooter or moped",7,22,-15
E01002966,Not in employment or aged 15 years and under,926,430,496
E01002966,On foot,98,179,-81
E01002966,Other method of travel to work,9,5,4
E01002966,Passenger in a car or van,4,10,-6
E01002966,Taxi,1,2,-1
E01002966,Train,46,268,-222
E01002966,"Underground, metro, light rail, tram",18,27,-9
E01002966,Work mainly at or from home,608,65,543
E01002967,Bicycle,21,47,-26
E01002967,"Bus, minibus or coach",44,77,-33
E01002967,Driving a car or van,140,299,-159
E01002967,"Motorcycle, scooter or moped",8,9,-1
E01002967,Not in employment or aged 15 years and under,756,356,400
E01002967,On foot,84,145,-61
E01002967,Other method of travel to work,6,5,1
E01002967,Passenger in a car or van,5,8,-3
E01002967,Taxi,0,1,-1
E01002967,Train,81,462,-381
E01002967,"Underground, metro, light rail, tram",17,46,-29
E01002967,Work mainly at or from home,700,79,621
E01002968,Bicycle,44,49,-5
E01002968,"Bus, minibus or coach",147,122,25
E01002968,Driving a car or van,202,336,-134
E01002968,"Motorcycle, scooter or moped",10,16,-6
E01002968,Not in employment or aged 15 years and under,1412,976,436
E01002968,On foot,217,256,-39
E01002968,Other method of travel to work,16,11,5
E01002968,Passenger in a car or van,10,24,-14
E01002968,Taxi,9,2,7
E01002968,Train,105,327,-222
E01002968,"Underground, metro, light rail, tram",31,64,-33
E01002968,Work mainly at or from home,702,93,609
E01002969,Bicycle,17,40,-23
E01002969,"Bus, minibus or coach",115,159,-44
E01002969,Driving a car or van,203,203,0
E01002969,"Motorcycle, scooter or moped",9,6,3
E01002969,Not in employment or aged 15 years and under,1248,595,653
E01002969,On foot,100,155,-55
E01002969,Other method of travel to work,10,5,5
E01002969,Passenger in a car or van,4,16,-12
E01002969,Taxi,7,1,6
E01002969,Train,40,79,-39
E01002969,"Underground, metro, light rail, tram",9,17,-8
E01002969,Work mainly at or from home,122,11,111
E01002970,Bicycle,39,47,-8
E01002970,"Bus, minibus or coach",112,139,-27
E01002970,Driving a car or van,232,276,-44
E01002970,"Motorcycle, scooter or moped",11,10,1
E01002970,Not in employment or aged 15 years and under,913,412,501
E01002970,On foot,140,133,7
E01002970,Other method of travel to work,7,2,5
E01002970,Passenger in a car or van,19,25,-6
E01002970,Taxi,1,1,0
E01002970,Train,46,99,-53
E01002970,"Underground, metro, light rail, tram",12,21,-9
E01002970,Work mainly at or from home,277,31,246
E01002971,Bicycle,40,46,-6
E01002971,"Bus, minibus or coach",70,95,-25
E01002971,Driving a car or van,163,287,-124
E01002971,"Motorcycle, scooter or moped",2,17,-15
E01002971,Not in employment or aged 15 years and under,836,355,481
E01002971,On foot,98,195,-97
E01002971,Other method of travel to work,6,8,-2
E01002971,Passenger in a car or van,13,12,1
E01002971,Taxi,3,3,0
E01002971,Train,44,227,-183
E01002971,"Underground, metro, light rail, tram",19,35,-16
E01002971,Work mainly at or from home,510,54,456
E01002972,Bicycle,30,44,-14
E01002972,"Bus, minibus or coach",106,143,-37
E01002972,Driving a car or van,161,244,-83
E01002972,"Motorcycle, scooter or moped",9,10,-1
E01002972,Not in employment or aged 15 years and under,1016,477,539
E01002972,On foot,174,209,-35
E01002972,Other method of travel to work,7,6,1
E01002972,Passenger in a car or van,9,5,4
E01002972,Taxi,4,1,3
E01002972,Train,72,231,-159
E01002972,"Underground, metro, light rail, tram",21,61,-40
E01002972,Work mainly at or from home,442,57,385
E01002973,Bicycle,36,33,3
E01002973,"Bus, minibus or coach",95,109,-14
E01002973,Driving a car or van,241,249,-8
E01002973,"Motorcycle, scooter or moped",11,12,-1
E01002973,Not in employment or aged 15 years and under,885,381,504
E01002973,On foot,78,99,-21
E01002973,Other method of travel to work,8,8,0
E01002973,Passenger in a car or van,19,20,-1
E01002973,Taxi,6,0,6
E01002973,Train,33,68,-35
E01002973,"Underground, metro, light rail, tram",11,27,-16
E01002973,Work mainly at or from home,154,20,134
E01002974,Bicycle,28,65,-37
E01002974,"Bus, minibus or coach",85,95,-10
E01002974,Driving a car or van,165,272,-107
E01002974,"Motorcycle, scooter or moped",7,15,-8
E01002974,Not in employment or aged 15 years and under,1098,476,622
E01002974,On foot,96,143,-47
E01002974,Other method of travel to work,9,9,0
E01002974,Passenger in a car or van,9,13,-4
E01002974,Taxi,5,2,3
E01002974,Train,52,231,-179
E01002974,"Underground, metro, light rail, tram",17,34,-17
E01002974,Work mainly at or from home,489,82,407
E01002975,Bicycle,8,12,-4
E01002975,"Bus, minibus or coach",45,53,-8
E01002975,Driving a car or van,237,349,-112
E01002975,"Motorcycle, scooter or moped",3,3,0
E01002975,Not in employment or aged 15 years and under,817,342,475
E01002975,On foot,28,41,-13
E01002975,Other method of travel to work,10,3,7
E01002975,Passenger in a car or van,28,4,24
E01002975,Taxi,0,4,-4
E01002975,Train,41,125,-84
E01002975,"Underground, metro, light rail, tram",12,25,-13
E01002975,Work mainly at or from home,260,30,230
E01002976,Bicycle,15,22,-7
E01002976,"Bus, minibus or coach",32,41,-9
E01002976,Driving a car or van,286,416,-130
E01002976,"Motorcycle, scooter or moped",4,14,-10
E01002976,Not in employment or aged 15 years and under,823,326,497
E01002976,On foot,35,49,-14
E01002976,Other method of travel to work,13,4,9
E01002976,Passenger in a car or van,26,18,8
E01002976,Taxi,3,6,-3
E01002976,Train,70,228,-158
E01002976,"Underground, metro, light rail, tram",15,30,-15
E01002976,Work mainly at or from home,386,31,355
E01002977,Bicycle,20,15,5
E01002977,"Bus, minibus or coach",49,84,-35
E01002977,Driving a car or van,275,325,-50
E01002977,"Motorcycle, scooter or moped",3,11,-8
E01002977,Not in employment or aged 15 years and under,948,445,503
E01002977,On foot,47,56,-9
E01002977,Other method of travel to work,13,8,5
E01002977,Passenger in a car or van,16,14,2
E01002977,Taxi,3,1,2
E01002977,Train,55,130,-75
E01002977,"Underground, metro, light rail, tram",16,26,-10
E01002977,Work mainly at or from home,252,53,199
E01002978,Bicycle,17,19,-2
E01002978,"Bus, minibus or coach",33,61,-28
E01002978,Driving a car or van,264,402,-138
E01002978,"Motorcycle, scooter or moped",5,9,-4
E01002978,Not in employment or aged 15 years and under,952,408,544
E01002978,On foot,34,52,-18
E01002978,Other method of travel to work,11,9,2
E01002978,Passenger in a car or van,13,28,-15
E01002978,Taxi,5,6,-1
E01002978,Train,79,251,-172
E01002978,"Underground, metro, light rail, tram",26,33,-7
E01002978,Work mainly at or from home,420,59,361
E01002979,Bicycle,16,24,-8
E01002979,"Bus, minibus or coach",26,51,-25
E01002979,Driving a car or van,202,375,-173
E01002979,"Motorcycle, scooter or moped",3,9,-6
E01002979,Not in employment or aged 15 years and under,804,337,467
E01002979,On foot,19,38,-19
E01002979,Other method of travel to work,10,3,7
E01002979,Passenger in a car or van,18,19,-1
E01002979,Taxi,3,3,0
E01002979,Train,60,227,-167
E01002979,"Underground, metro, light rail, tram",13,41,-28
E01002979,Work mainly at or from home,355,41,314
E01002980,Bicycle,6,15,-9
E01002980,"Bus, minibus or coach",37,67,-30
E01002980,Driving a car or van,240,387,-147
E01002980,"Motorcycle, scooter or moped",3,5,-2
E01002980,Not in employment or aged 15 years and under,747,354,393
E01002980,On foot,28,30,-2
E01002980,Other method of travel to work,9,1,8
E01002980,Passenger in a car or van,11,24,-13
E01002980,Taxi,3,3,0
E01002980,Train,40,106,-66
E01002980,"Underground, metro, light rail, tram",10,12,-2
E01002980,Work mainly at or from home,270,45,225
E01002981,Bicycle,15,19,-4
E01002981,"Bus, minibus or coach",45,58,-13
E01002981,Driving a car or van,253,373,-120
E01002981,"Motorcycle, scooter or moped",4,7,-3
E01002981,Not in employment or aged 15 years and under,845,401,444
E01002981,On foot,32,42,-10
E01002981,Other method of travel to work,14,2,12
E01002981,Passenger in a car or van,17,26,-9
E01002981,Taxi,3,5,-2
E01002981,Train,30,123,-93
E01002981,"Underground, metro, light rail, tram",16,21,-5
E01002981,Work mainly at or from home,329,41,288
E01002982,Bicycle,11,14,-3
E01002982,"Bus, minibus or coach",41,66,-25
E01002982,Driving a car or van,253,301,-48
E01002982,"Motorcycle, scooter or moped",4,9,-5
E01002982,Not in employment or aged 15 years and under,790,348,442
E01002982,On foot,35,38,-3
E01002982,Other method of travel to work,8,1,7
E01002982,Passenger in a car or van,16,19,-3
E01002982,Taxi,2,4,-2
E01002982,Train,39,131,-92
E01002982,"Underground, metro, light rail, tram",21,28,-7
E01002982,Work mainly at or from home,263,48,215
E01002983,Bicycle,12,18,-6
E01002983,"Bus, minibus or coach",23,41,-18
E01002983,Driving a car or van,255,384,-129
E01002983,"Motorcycle, scooter or moped",7,8,-1
E01002983,Not in employment or aged 15 years and under,855,387,468
E01002983,On foot,32,37,-5
E01002983,Other method of travel to work,10,1,9
E01002983,Passenger in a car or van,17,18,-1
E01002983,Taxi,2,10,-8
E01002983,Train,51,198,-147
E01002983,"Underground, metro, light rail, tram",17,35,-18
E01002983,Work mainly at or from home,395,73,322
E01002984,Bicycle,12,22,-10
E01002984,"Bus, minibus or coach",51,60,-9
E01002984,Driving a car or van,155,231,-76
E01002984,"Motorcycle, scooter or moped",5,6,-1
E01002984,Not in employment or aged 15 years and under,822,353,469
E01002984,On foot,39,48,-9
E01002984,Other method of travel to work,9,7,2
E01002984,Passenger in a car or van,10,15,-5
E01002984,Taxi,2,1,1
E01002984,Train,47,142,-95
E01002984,"Underground, metro, light rail, tram",9,27,-18
E01002984,Work mainly at or from home,271,53,218
E01002985,Bicycle,23,25,-2
E01002985,"Bus, minibus or coach",80,120,-40
E01002985,Driving a car or van,255,300,-45
E01002985,"Motorcycle, scooter or moped",9,8,1
E01002985,Not in employment or aged 15 years and under,864,380,484
E01002985,On foot,78,90,-12
E01002985,Other method of travel to work,6,2,4
E01002985,Passenger in a car or van,19,15,4
E01002985,Taxi,5,2,3
E01002985,Train,65,157,-92
E01002985,"Underground, metro, light rail, tram",29,46,-17
E01002985,Work mainly at or from home,286,38,248
E01002986,Bicycle,15,27,-12
E01002986,"Bus, minibus or coach",30,53,-23
E01002986,Driving a car or van,188,288,-100
E01002986,"Motorcycle, scooter or moped",2,9,-7
E01002986,Not in employment or aged 15 years and under,792,322,470
E01002986,On foot,23,34,-11
E01002986,Other method of travel to work,6,0,6
E01002986,Passenger in a car or van,4,18,-14
E01002986,Taxi,0,0,0
E01002986,Train,23,97,-74
E01002986,"Underground, metro, light rail, tram",6,23,-17
E01002986,Work mainly at or from home,278,51,227
E01002987,Bicycle,37,40,-3
E01002987,"Bus, minibus or coach",79,110,-31
E01002987,Driving a car or van,169,213,-44
E01002987,"Motorcycle, scooter or moped",16,8,8
E01002987,Not in employment or aged 15 years and under,711,433,278
E01002987,On foot,96,116,-20
E01002987,Other method of travel to work,15,14,1
E01002987,Passenger in a car or van,10,13,-3
E01002987,Taxi,1,3,-2
E01002987,Train,108,383,-275
E01002987,"Underground, metro, light rail, tram",21,32,-11
E01002987,Work mainly at or from home,629,46,583
E01002988,Bicycle,19,39,-20
E01002988,"Bus, minibus or coach",39,88,-49
E01002988,Driving a car or van,113,225,-112
E01002988,"Motorcycle, scooter or moped",6,6,0
E01002988,Not in employment or aged 15 years and under,858,767,91
E01002988,On foot,56,104,-48
E01002988,Other method of travel to work,3,6,-3
E01002988,Passenger in a car or van,7,8,-1
E01002988,Taxi,1,1,0
E01002988,Train,56,320,-264
E01002988,"Underground, metro, light rail, tram",7,26,-19
E01002988,Work mainly at or from home,512,62,450
E01002989,Bicycle,38,36,2
E01002989,"Bus, minibus or coach",32,75,-43
E01002989,Driving a car or van,144,313,-169
E01002989,"Motorcycle, scooter or moped",12,9,3
E01002989,Not in employment or aged 15 years and under,661,261,400
E01002989,On foot,63,94,-31
E01002989,Other method of travel to work,9,12,-3
E01002989,Passenger in a car or van,8,11,-3
E01002989,Taxi,2,2,0
E01002989,Train,109,564,-455
E01002989,"Underground, metro, light rail, tram",18,67,-49
E01002989,Work mainly at or from home,809,91,718
E01002990,Bicycle,25,36,-11
E01002990,"Bus, minibus or coach",70,103,-33
E01002990,Driving a car or van,197,276,-79
E01002990,"Motorcycle, scooter or moped",3,9,-6
E01002990,Not in employment or aged 15 years and under,581,305,276
E01002990,On foot,90,111,-21
E01002990,Other method of travel to work,2,3,-1
E01002990,Passenger in a car or van,10,10,0
E01002990,Taxi,0,2,-2
E01002990,Train,90,475,-385
E01002990,"Underground, metro, light rail, tram",16,52,-36
E01002990,Work mainly at or from home,625,55,570
E01002991,Bicycle,22,47,-25
E01002991,"Bus, minibus or coach",40,75,-35
E01002991,Driving a car or van,132,268,-136
E01002991,"Motorcycle, scooter or moped",7,14,-7
E01002991,Not in employment or aged 15 years and under,651,372,279
E01002991,On foot,83,120,-37
E01002991,Other method of travel to work,7,5,2
E01002991,Passenger in a car or van,13,15,-2
E01002991,Taxi,1,4,-3
E01002991,Train,75,293,-218
E01002991,"Underground, metro, light rail, tram",7,32,-25
E01002991,Work mainly at or from home,530,72,458
E01002992,Bicycle,15,51,-36
E01002992,"Bus, minibus or coach",49,80,-31
E01002992,Driving a car or van,125,209,-84
E01002992,"Motorcycle, scooter or moped",3,10,-7
E01002992,Not in employment or aged 15 years and under,916,798,118
E01002992,On foot,58,132,-74
E01002992,Other method of travel to work,11,2,9
E01002992,Passenger in a car or van,15,27,-12
E01002992,Taxi,2,0,2
E01002992,Train,47,171,-124
E01002992,"Underground, metro, light rail, tram",9,33,-24
E01002992,Work mainly at or from home,325,35,290
E01002993,Bicycle,36,57,-21
E01002993,"Bus, minibus or coach",66,99,-33
E01002993,Driving a car or van,174,269,-95
E01002993,"Motorcycle, scooter or moped",10,10,0
E01002993,Not in employment or aged 15 years and under,638,273,365
E01002993,On foot,45,82,-37
E01002993,Other method of travel to work,5,9,-4
E01002993,Passenger in a car or van,14,12,2
E01002993,Taxi,1,3,-2
E01002993,Train,70,372,-302
E01002993,"Underground, metro, light rail, tram",12,22,-10
E01002993,Work mainly at or from home,504,54,450
E01002994,Bicycle,9,20,-11
E01002994,"Bus, minibus or coach",42,87,-45
E01002994,Driving a car or van,151,307,-156
E01002994,"Motorcycle, scooter or moped",3,16,-13
E01002994,Not in employment or aged 15 years and under,794,296,498
E01002994,On foot,37,35,2
E01002994,Other method of travel to work,8,3,5
E01002994,Passenger in a car or van,7,13,-6
E01002994,Taxi,4,2,2
E01002994,Train,27,218,-191
E01002994,"Underground, metro, light rail, tram",11,24,-13
E01002994,Work mainly at or from home,412,58,354
E01002995,Bicycle,17,17,0
E01002995,"Bus, minibus or coach",21,49,-28
E01002995,Driving a car or van,132,226,-94
E01002995,"Motorcycle, scooter or moped",2,4,-2
E01002995,Not in employment or aged 15 years and under,778,291,487
E01002995,On foot,30,53,-23
E01002995,Other method of travel to work,4,4,0
E01002995,Passenger in a car or van,7,16,-9
E01002995,Taxi,0,3,-3
E01002995,Train,64,288,-224
E01002995,"Underground, metro, light rail, tram",5,27,-22
E01002995,Work mainly at or from home,542,82,460
E01002996,Bicycle,24,38,-14
E01002996,"Bus, minibus or coach",52,88,-36
E01002996,Driving a car or van,185,324,-139
E01002996,"Motorcycle, scooter or moped",11,11,0
E01002996,Not in employment or aged 15 years and under,737,251,486
E01002996,On foot,51,71,-20
E01002996,Other method of travel to work,5,7,-2
E01002996,Passenger in a car or van,9,19,-10
E01002996,Taxi,1,3,-2
E01002996,Train,45,220,-175
E01002996,"Underground, metro, light rail, tram",7,25,-18
E01002996,Work mainly at or from home,420,49,371
E01002997,Bicycle,28,36,-8
E01002997,"Bus, minibus or coach",30,69,-39
E01002997,Driving a car or van,143,293,-150
E01002997,"Motorcycle, scooter or moped",8,8,0
E01002997,Not in employment or aged 15 years and under,680,288,392
E01002997,On foot,38,62,-24
E01002997,Other method of travel to work,7,7,0
E01002997,Passenger in a car or van,9,13,-4
E01002997,Taxi,2,1,1
E01002997,Train,48,231,-183
E01002997,"Underground, metro, light rail, tram",6,24,-18
E01002997,Work mainly at or from home,526,82,444
E01002998,Bicycle,22,27,-5
E01002998,"Bus, minibus or coach",67,118,-51
E01002998,Driving a car or van,198,287,-89
E01002998,"Motorcycle, scooter or moped",13,22,-9
E01002998,Not in employment or aged 15 years and under,822,345,477
E01002998,On foot,59,77,-18
E01002998,Other method of travel to work,5,1,4
E01002998,Passenger in a car or van,16,12,4
E01002998,Taxi,4,2,2
E01002998,Train,48,164,-116
E01002998,"Underground, metro, light rail, tram",11,24,-13
E01002998,Work mainly at or from home,352,34,318
E01002999,Bicycle,23,21,2
E01002999,"Bus, minibus or coach",75,97,-22
E01002999,Driving a car or van,171,223,-52
E01002999,"Motorcycle, scooter or moped",7,7,0
E01002999,Not in employment or aged 15 years and under,618,343,275
E01002999,On foot,64,86,-22
E01002999,Other method of travel to work,8,3,5
E01002999,Passenger in a car or van,9,8,1
E01002999,Taxi,5,1,4
E01002999,Train,73,327,-254
E01002999,"Underground, metro, light rail, tram",16,22,-6
E01002999,Work mainly at or from home,469,53,416
E01003000,Bicycle,11,21,-10
E01003000,"Bus, minibus or coach",60,125,-65
E01003000,Driving a car or van,313,379,-66
E01003000,"Motorcycle, scooter or moped",7,10,-3
E01003000,Not in employment or aged 15 years and under,950,379,571
E01003000,On foot,64,75,-11
E01003000,Other method of travel to work,11,0,11
E01003000,Passenger in a car or van,22,26,-4
E01003000,Taxi,4,5,-1
E01003000,Train,49,97,-48
E01003000,"Underground, metro, light rail, tram",18,8,10
E01003000,Work mainly at or from home,362,28,334
E01003001,Bicycle,17,33,-16
E01003001,"Bus, minibus or coach",85,148,-63
E01003001,Driving a car or van,371,487,-116
E01003001,"Motorcycle, scooter or moped",7,15,-8
E01003001,Not in employment or aged 15 years and under,927,377,550
E01003001,On foot,73,95,-22
E01003001,Other method of travel to work,8,3,5
E01003001,Passenger in a car or van,26,30,-4
E01003001,Taxi,2,1,1
E01003001,Train,62,106,-44
E01003001,"Underground, metro, light rail, tram",12,19,-7
E01003001,Work mainly at or from home,330,26,304
E01003002,Bicycle,29,34,-5
E01003002,"Bus, minibus or coach",90,148,-58
E01003002,Driving a car or van,298,375,-77
E01003002,"Motorcycle, scooter or moped",5,17,-12
E01003002,Not in employment or aged 15 years and under,936,392,544
E01003002,On foot,70,72,-2
E01003002,Other method of travel to work,7,4,3
E01003002,Passenger in a car or van,20,26,-6
E01003002,Taxi,1,1,0
E01003002,Train,43,194,-151
E01003002,"Underground, metro, light rail, tram",18,14,4
E01003002,Work mainly at or from home,386,43,343
E01003003,Bicycle,28,27,1
E01003003,"Bus, minibus or coach",94,145,-51
E01003003,Driving a car or van,256,351,-95
E01003003,"Motorcycle, scooter or moped",15,11,4
E01003003,Not in employment or aged 15 years and under,863,338,525
E01003003,On foot,71,109,-38
E01003003,Other method of travel to work,9,3,6
E01003003,Passenger in a car or van,20,23,-3
E01003003,Taxi,0,2,-2
E01003003,Train,58,128,-70
E01003003,"Underground, metro, light rail, tram",16,16,0
E01003003,Work mainly at or from home,300,23,277
E01003004,Bicycle,21,23,-2
E01003004,"Bus, minibus or coach",52,99,-47
E01003004,Driving a car or van,311,430,-119
E01003004,"Motorcycle, scooter or moped",13,8,5
E01003004,Not in employment or aged 15 years and under,773,309,464
E01003004,On foot,70,61,9
E01003004,Other method of travel to work,8,5,3
E01003004,Passenger in a car or van,27,40,-13
E01003004,Taxi,4,3,1
E01003004,Train,38,105,-67
E01003004,"Underground, metro, light rail, tram",8,17,-9
E01003004,Work mainly at or from home,308,37,271
E01003005,Bicycle,18,12,6
E01003005,"Bus, minibus or coach",45,74,-29
E01003005,Driving a car or van,378,472,-94
E01003005,"Motorcycle, scooter or moped",13,17,-4
E01003005,Not in employment or aged 15 years and under,726,286,440
E01003005,On foot,43,68,-25
E01003005,Other method of travel to work,6,4,2
E01003005,Passenger in a car or van,22,29,-7
E01003005,Taxi,2,5,-3
E01003005,Train,28,87,-59
E01003005,"Underground, metro, light rail, tram",10,9,1
E01003005,Work mainly at or from home,255,27,228
E01003006,Bicycle,34,38,-4
E01003006,"Bus, minibus or coach",24,78,-54
E01003006,Driving a car or van,144,313,-169
E01003006,"Motorcycle, scooter or moped",2,11,-9
E01003006,Not in employment or aged 15 years and under,816,299,517
E01003006,On foot,32,48,-16
E01003006,Other method of travel to work,11,1,10
E01003006,Passenger in a car or van,10,14,-4
E01003006,Taxi,1,5,-4
E01003006,Train,15,109,-94
E01003006,"Underground, metro, light rail, tram",16,60,-44
E01003006,Work mainly at or from home,423,56,367
E01003007,Bicycle,29,45,-16
E01003007,"Bus, minibus or coach",33,56,-23
E01003007,Driving a car or van,154,302,-148
E01003007,"Motorcycle, scooter or moped",6,20,-14
E01003007,Not in employment or aged 15 years and under,884,296,588
E01003007,On foot,37,54,-17
E01003007,Other method of travel to work,6,6,0
E01003007,Passenger in a car or van,8,18,-10
E01003007,Taxi,2,4,-2
E01003007,Train,20,97,-77
E01003007,"Underground, metro, light rail, tram",14,59,-45
E01003007,Work mainly at or from home,432,72,360
E01003008,Bicycle,24,60,-36
E01003008,"Bus, minibus or coach",18,60,-42
E01003008,Driving a car or van,118,271,-153
E01003008,"Motorcycle, scooter or moped",7,22,-15
E01003008,Not in employment or aged 15 years and under,765,264,501
E01003008,On foot,32,63,-31
E01003008,Other method of travel to work,10,3,7
E01003008,Passenger in a car or van,10,5,5
E01003008,Taxi,1,2,-1
E01003008,Train,30,123,-93
E01003008,"Underground, metro, light rail, tram",12,42,-30
E01003008,Work mainly at or from home,417,61,356
E01003009,Bicycle,59,83,-24
E01003009,"Bus, minibus or coach",46,94,-48
E01003009,Driving a car or van,217,380,-163
E01003009,"Motorcycle, scooter or moped",14,20,-6
E01003009,Not in employment or aged 15 years and under,1092,379,713
E01003009,On foot,67,75,-8
E01003009,Other method of travel to work,5,4,1
E01003009,Passenger in a car or van,12,21,-9
E01003009,Taxi,2,2,0
E01003009,Train,22,159,-137
E01003009,"Underground, metro, light rail, tram",13,43,-30
E01003009,Work mainly at or from home,508,73,435
E01003010,Bicycle,42,50,-8
E01003010,"Bus, minibus or coach",23,41,-18
E01003010,Driving a car or van,104,263,-159
E01003010,"Motorcycle, scooter or moped",5,22,-17
E01003010,Not in employment or aged 15 years and under,704,301,403
E01003010,On foot,56,88,-32
E01003010,Other method of travel to work,7,9,-2
E01003010,Passenger in a car or van,4,11,-7
E01003010,Taxi,1,0,1
E01003010,Train,29,180,-151
E01003010,"Underground, metro, light rail, tram",12,27,-15
E01003010,Work mainly at or from home,452,90,362
E01003011,Bicycle,30,61,-31
E01003011,"Bus, minibus or coach",24,50,-26
E01003011,Driving a car or van,103,241,-138
E01003011,"Motorcycle, scooter or moped",4,18,-14
E01003011,Not in employment or aged 15 years and under,897,362,535
E01003011,On foot,71,117,-46
E01003011,Other method of travel to work,5,10,-5
E01003011,Passenger in a car or van,9,11,-2
E01003011,Taxi,3,1,2
E01003011,Train,32,270,-238
E01003011,"Underground, metro, light rail, tram",11,52,-41
E01003011,Work mainly at or from home,503,83,420
E01003013,Bicycle,39,55,-16
E01003013,"Bus, minibus or coach",62,154,-92
E01003013,Driving a car or van,26,45,-19
E01003013,"Motorcycle, scooter or moped",5,3,2
E01003013,Not in employment or aged 15 years and under,1014,391,623
E01003013,On foot,118,419,-301
E01003013,Other method of travel to work,9,10,-1
E01003013,Passenger in a car or van,3,1,2
E01003013,Taxi,9,4,5
E01003013,Train,32,93,-61
E01003013,"Underground, metro, light rail, tram",83,262,-179
E01003013,Work mainly at or from home,551,41,510
E01003014,Bicycle,33,64,-31
E01003014,"Bus, minibus or coach",100,186,-86
E01003014,Driving a car or van,57,73,-16
E01003014,"Motorcycle, scooter or moped",9,9,0
E01003014,Not in employment or aged 15 years and under,786,612,174
E01003014,On foot,82,275,-193
E01003014,Other method of travel to work,11,5,6
E01003014,Passenger in a car or van,2,4,-2
E01003014,Taxi,2,0,2
E01003014,Train,26,67,-41
E01003014,"Underground, metro, light rail, tram",76,215,-139
E01003014,Work mainly at or from home,316,47,269
E01003015,Bicycle,49,49,0
E01003015,"Bus, minibus or coach",151,160,-9
E01003015,Driving a car or van,67,57,10
E01003015,"Motorcycle, scooter or moped",7,6,1
E01003015,Not in employment or aged 15 years and under,834,372,462
E01003015,On foot,108,133,-25
E01003015,Other method of travel to work,14,6,8
E01003015,Passenger in a car or van,1,5,-4
E01003015,Taxi,7,2,5
E01003015,Train,24,35,-11
E01003015,"Underground, metro, light rail, tram",70,99,-29
E01003015,Work mainly at or from home,388,44,344
E01003016,Bicycle,25,21,4
E01003016,"Bus, minibus or coach",34,100,-66
E01003016,Driving a car or van,30,63,-33
E01003016,"Motorcycle, scooter or moped",2,3,-1
E01003016,Not in employment or aged 15 years and under,677,679,-2
E01003016,On foot,74,153,-79
E01003016,Other method of travel to work,9,4,5
E01003016,Passenger in a car or van,7,5,2
E01003016,Taxi,5,5,0
E01003016,Train,19,51,-32
E01003016,"Underground, metro, light rail, tram",50,132,-82
E01003016,Work mainly at or from home,271,35,236
E01003017,Bicycle,65,64,1
E01003017,"Bus, minibus or coach",66,180,-114
E01003017,Driving a car or van,58,81,-23
E01003017,"Motorcycle, scooter or moped",2,11,-9
E01003017,Not in employment or aged 15 years and under,788,431,357
E01003017,On foot,113,256,-143
E01003017,Other method of travel to work,15,6,9
E01003017,Passenger in a car or van,8,6,2
E01003017,Taxi,4,13,-9
E01003017,Train,37,90,-53
E01003017,"Underground, metro, light rail, tram",82,196,-114
E01003017,Work mainly at or from home,396,55,341
E01003018,Bicycle,88,203,-115
E01003018,"Bus, minibus or coach",109,221,-112
E01003018,Driving a car or van,81,110,-29
E01003018,"Motorcycle, scooter or moped",5,18,-13
E01003018,Not in employment or aged 15 years and under,566,354,212
E01003018,On foot,58,74,-16
E01003018,Other method of travel to work,6,9,-3
E01003018,Passenger in a car or van,2,7,-5
E01003018,Taxi,4,2,2
E01003018,Train,22,63,-41
E01003018,"Underground, metro, light rail, tram",145,659,-514
E01003018,Work mainly at or from home,934,73,861
E01003019,Bicycle,86,155,-69
E01003019,"Bus, minibus or coach",76,187,-111
E01003019,Driving a car or van,62,115,-53
E01003019,"Motorcycle, scooter or moped",4,25,-21
E01003019,Not in employment or aged 15 years and under,570,346,224
E01003019,On foot,66,68,-2
E01003019,Other method of travel to work,18,8,10
E01003019,Passenger in a car or van,3,9,-6
E01003019,Taxi,5,5,0
E01003019,Train,36,78,-42
E01003019,"Underground, metro, light rail, tram",149,736,-587
E01003019,Work mainly at or from home,964,64,900
E01003020,Bicycle,78,127,-49
E01003020,"Bus, minibus or coach",86,197,-111
E01003020,Driving a car or van,63,71,-8
E01003020,"Motorcycle, scooter or moped",4,12,-8
E01003020,Not in employment or aged 15 years and under,704,365,339
E01003020,On foot,58,74,-16
E01003020,Other method of travel to work,10,5,5
E01003020,Passenger in a car or van,4,6,-2
E01003020,Taxi,1,3,-2
E01003020,Train,22,71,-49
E01003020,"Underground, metro, light rail, tram",111,466,-355
E01003020,Work mainly at or from home,687,47,640
E01003021,Bicycle,45,58,-13
E01003021,"Bus, minibus or coach",116,180,-64
E01003021,Driving a car or van,133,92,41
E01003021,"Motorcycle, scooter or moped",3,4,-1
E01003021,Not in employment or aged 15 years and under,1331,734,597
E01003021,On foot,51,81,-30
E01003021,Other method of travel to work,12,11,1
E01003021,Passenger in a car or van,6,5,1
E01003021,Taxi,5,2,3
E01003021,Train,36,53,-17
E01003021,"Underground, metro, light rail, tram",75,244,-169
E01003021,Work mainly at or from home,343,28,315
E01003022,Bicycle,63,115,-52
E01003022,"Bus, minibus or coach",84,185,-101
E01003022,Driving a car or van,89,119,-30
E01003022,"Motorcycle, scooter or moped",12,10,2
E01003022,Not in employment or aged 15 years and under,572,358,214
E01003022,On foot,51,58,-7
E01003022,Other method of travel to work,8,5,3
E01003022,Passenger in a car or van,7,4,3
E01003022,Taxi,8,2,6
E01003022,Train,18,62,-44
E01003022,"Underground, metro, light rail, tram",85,457,-372
E01003022,Work mainly at or from home,630,53,577
E01003023,Bicycle,97,142,-45
E01003023,"Bus, minibus or coach",210,370,-160
E01003023,Driving a car or van,126,152,-26
E01003023,"Motorcycle, scooter or moped",20,25,-5
E01003023,Not in employment or aged 15 years and under,932,439,493
E01003023,On foot,91,64,27
E01003023,Other method of travel to work,26,4,22
E01003023,Passenger in a car or van,5,11,-6
E01003023,Taxi,6,4,2
E01003023,Train,50,100,-50
E01003023,"Underground, metro, light rail, tram",217,601,-384
E01003023,Work mainly at or from home,815,58,757
E01003024,Bicycle,60,51,9
E01003024,"Bus, minibus or coach",232,293,-61
E01003024,Driving a car or van,123,121,2
E01003024,"Motorcycle, scooter or moped",4,5,-1
E01003024,Not in employment or aged 15 years and under,820,437,383
E01003024,On foot,50,66,-16
E01003024,Other method of travel to work,7,5,2
E01003024,Passenger in a car or van,8,9,-1
E01003024,Taxi,2,0,2
E01003024,Train,41,67,-26
E01003024,"Underground, metro, light rail, tram",123,254,-131
E01003024,Work mainly at or from home,371,14,357
E01003025,Bicycle,78,88,-10
E01003025,"Bus, minibus or coach",179,329,-150
E01003025,Driving a car or van,144,169,-25
E01003025,"Motorcycle, scooter or moped",18,16,2
E01003025,Not in employment or aged 15 years and under,853,470,383
E01003025,On foot,59,64,-5
E01003025,Other method of travel to work,9,5,4
E01003025,Passenger in a car or van,8,5,3
E01003025,Taxi,7,0,7
E01003025,Train,30,57,-27
E01003025,"Underground, metro, light rail, tram",128,298,-170
E01003025,Work mainly at or from home,531,61,470
E01003026,Bicycle,53,99,-46
E01003026,"Bus, minibus or coach",22,61,-39
E01003026,Driving a car or van,70,89,-19
E01003026,"Motorcycle, scooter or moped",6,28,-22
E01003026,Not in employment or aged 15 years and under,456,198,258
E01003026,On foot,40,55,-15
E01003026,Other method of travel to work,16,13,3
E01003026,Passenger in a car or van,2,6,-4
E01003026,Taxi,1,2,-1
E01003026,Train,15,56,-41
E01003026,"Underground, metro, light rail, tram",111,597,-486
E01003026,Work mainly at or from home,708,58,650
E01003027,Bicycle,44,83,-39
E01003027,"Bus, minibus or coach",10,36,-26
E01003027,Driving a car or van,49,99,-50
E01003027,"Motorcycle, scooter or moped",2,25,-23
E01003027,Not in employment or aged 15 years and under,526,222,304
E01003027,On foot,26,30,-4
E01003027,Other method of travel to work,4,1,3
E01003027,Passenger in a car or van,4,8,-4
E01003027,Taxi,2,5,-3
E01003027,Train,14,33,-19
E01003027,"Underground, metro, light rail, tram",102,424,-322
E01003027,Work mainly at or from home,606,74,532
E01003028,Bicycle,40,78,-38
E01003028,"Bus, minibus or coach",54,68,-14
E01003028,Driving a car or van,67,103,-36
E01003028,"Motorcycle, scooter or moped",6,25,-19
E01003028,Not in employment or aged 15 years and under,571,305,266
E01003028,On foot,32,40,-8
E01003028,Other method of travel to work,10,2,8
E01003028,Passenger in a car or van,4,4,0
E01003028,Taxi,6,5,1
E01003028,Train,16,43,-27
E01003028,"Underground, metro, light rail, tram",89,407,-318
E01003028,Work mainly at or from home,588,64,524
E01003029,Bicycle,52,101,-49
E01003029,"Bus, minibus or coach",76,127,-51
E01003029,Driving a car or van,77,102,-25
E01003029,"Motorcycle, scooter or moped",8,27,-19
E01003029,Not in employment or aged 15 years and under,578,321,257
E01003029,On foot,68,48,20
E01003029,Other method of travel to work,10,7,3
E01003029,Passenger in a car or van,3,11,-8
E01003029,Taxi,9,2,7
E01003029,Train,20,64,-44
E01003029,"Underground, metro, light rail, tram",160,651,-491
E01003029,Work mainly at or from home,764,42,722
E01003030,Bicycle,48,110,-62
E01003030,"Bus, minibus or coach",14,54,-40
E01003030,Driving a car or van,60,102,-42
E01003030,"Motorcycle, scooter or moped",3,25,-22
E01003030,Not in employment or aged 15 years and under,458,226,232
E01003030,On foot,43,51,-8
E01003030,Other method of travel to work,8,9,-1
E01003030,Passenger in a car or van,0,4,-4
E01003030,Taxi,5,1,4
E01003030,Train,22,59,-37
E01003030,"Underground, metro, light rail, tram",182,803,-621
E01003030,Work mainly at or from home,877,71,806
E01003031,Bicycle,56,81,-25
E01003031,"Bus, minibus or coach",76,127,-51
E01003031,Driving a car or van,69,107,-38
E01003031,"Motorcycle, scooter or moped",4,12,-8
E01003031,Not in employment or aged 15 years and under,600,325,275
E01003031,On foot,38,53,-15
E01003031,Other method of travel to work,5,4,1
E01003031,Passenger in a car or van,18,5,13
E01003031,Taxi,2,2,0
E01003031,Train,20,54,-34
E01003031,"Underground, metro, light rail, tram",132,588,-456
E01003031,Work mainly at or from home,552,33,519
E01003032,Bicycle,28,67,-39
E01003032,"Bus, minibus or coach",94,144,-50
E01003032,Driving a car or van,77,97,-20
E01003032,"Motorcycle, scooter or moped",2,11,-9
E01003032,Not in employment or aged 15 years and under,714,446,268
E01003032,On foot,53,45,8
E01003032,Other method of travel to work,10,7,3
E01003032,Passenger in a car or van,3,5,-2
E01003032,Taxi,5,2,3
E01003032,Train,30,60,-30
E01003032,"Underground, metro, light rail, tram",144,473,-329
E01003032,Work mainly at or from home,561,60,501
E01003033,Bicycle,44,98,-54
E01003033,"Bus, minibus or coach",42,84,-42
E01003033,Driving a car or van,68,98,-30
E01003033,"Motorcycle, scooter or moped",7,16,-9
E01003033,Not in employment or aged 15 years and under,684,266,418
E01003033,On foot,42,48,-6
E01003033,Other method of travel to work,5,3,2
E01003033,Passenger in a car or van,3,8,-5
E01003033,Taxi,9,4,5
E01003033,Train,18,47,-29
E01003033,"Underground, metro, light rail, tram",92,424,-332
E01003033,Work mainly at or from home,602,79,523
E01003034,Bicycle,66,96,-30
E01003034,"Bus, minibus or coach",83,186,-103
E01003034,Driving a car or van,95,107,-12
E01003034,"Motorcycle, scooter or moped",9,17,-8
E01003034,Not in employment or aged 15 years and under,665,336,329
E01003034,On foot,61,71,-10
E01003034,Other method of travel to work,6,4,2
E01003034,Passenger in a car or van,0,6,-6
E01003034,Taxi,1,1,0
E01003034,Train,40,165,-125
E01003034,"Underground, metro, light rail, tram",103,342,-239
E01003034,Work mainly at or from home,515,53,462
E01003035,Bicycle,61,72,-11
E01003035,"Bus, minibus or coach",72,79,-7
E01003035,Driving a car or van,38,98,-60
E01003035,"Motorcycle, scooter or moped",6,14,-8
E01003035,Not in employment or aged 15 years and under,526,252,274
E01003035,On foot,44,75,-31
E01003035,Other method of travel to work,10,5,5
E01003035,Passenger in a car or van,1,2,-1
E01003035,Taxi,7,1,6
E01003035,Train,34,121,-87
E01003035,"Underground, metro, light rail, tram",174,632,-458
E01003035,Work mainly at or from home,706,39,667
E01003036,Bicycle,64,93,-29
E01003036,"Bus, minibus or coach",88,116,-28
E01003036,Driving a car or van,88,84,4
E01003036,"Motorcycle, scooter or moped",2,18,-16
E01003036,Not in employment or aged 15 years and under,597,334,263
E01003036,On foot,59,65,-6
E01003036,Other method of travel to work,8,8,0
E01003036,Passenger in a car or van,3,5,-2
E01003036,Taxi,12,1,11
E01003036,Train,32,104,-72
E01003036,"Underground, metro, light rail, tram",154,425,-271
E01003036,Work mainly at or from home,650,58,592
E01003037,Bicycle,38,68,-30
E01003037,"Bus, minibus or coach",134,208,-74
E01003037,Driving a car or van,68,74,-6
E01003037,"Motorcycle, scooter or moped",11,8,3
E01003037,Not in employment or aged 15 years and under,667,356,311
E01003037,On foot,49,41,8
E01003037,Other method of travel to work,13,0,13
E01003037,Passenger in a car or van,3,12,-9
E01003037,Taxi,1,2,-1
E01003037,Train,41,99,-58
E01003037,"Underground, metro, light rail, tram",54,200,-146
E01003037,Work mainly at or from home,368,32,336
E01003038,Bicycle,59,97,-38
E01003038,"Bus, minibus or coach",52,153,-101
E01003038,Driving a car or van,65,72,-7
E01003038,"Motorcycle, scooter or moped",12,9,3
E01003038,Not in employment or aged 15 years and under,541,181,360
E01003038,On foot,57,46,11
E01003038,Other method of travel to work,9,7,2
E01003038,Passenger in a car or van,6,6,0
E01003038,Taxi,6,3,3
E01003038,Train,17,92,-75
E01003038,"Underground, metro, light rail, tram",140,333,-193
E01003038,Work mainly at or from home,738,62,676
E01003039,Bicycle,56,139,-83
E01003039,"Bus, minibus or coach",41,117,-76
E01003039,Driving a car or van,67,123,-56
E01003039,"Motorcycle, scooter or moped",9,39,-30
E01003039,Not in employment or aged 15 years and under,635,323,312
E01003039,On foot,42,76,-34
E01003039,Other method of travel to work,11,8,3
E01003039,Passenger in a car or van,3,11,-8
E01003039,Taxi,4,7,-3
E01003039,Train,22,102,-80
E01003039,"Underground, metro, light rail, tram",169,872,-703
E01003039,Work mainly at or from home,985,118,867
E01003040,Bicycle,32,69,-37
E01003040,"Bus, minibus or coach",43,147,-104
E01003040,Driving a car or van,48,91,-43
E01003040,"Motorcycle, scooter or moped",6,16,-10
E01003040,Not in employment or aged 15 years and under,449,231,218
E01003040,On foot,41,52,-11
E01003040,Other method of travel to work,3,3,0
E01003040,Passenger in a car or van,3,5,-2
E01003040,Taxi,2,4,-2
E01003040,Train,19,76,-57
E01003040,"Underground, metro, light rail, tram",63,294,-231
E01003040,Work mainly at or from home,533,56,477
E01003041,Bicycle,36,63,-27
E01003041,"Bus, minibus or coach",111,167,-56
E01003041,Driving a car or van,63,69,-6
E01003041,"Motorcycle, scooter or moped",4,11,-7
E01003041,Not in employment or aged 15 years and under,689,358,331
E01003041,On foot,45,62,-17
E01003041,Other method of travel to work,3,5,-2
E01003041,Passenger in a car or van,2,3,-1
E01003041,Taxi,3,3,0
E01003041,Train,36,66,-30
E01003041,"Underground, metro, light rail, tram",162,413,-251
E01003041,Work mainly at or from home,368,19,349
E01003042,Bicycle,57,55,2
E01003042,"Bus, minibus or coach",81,142,-61
E01003042,Driving a car or van,46,49,-3
E01003042,"Motorcycle, scooter or moped",8,13,-5
E01003042,Not in employment or aged 15 years and under,415,224,191
E01003042,On foot,34,41,-7
E01003042,Other method of travel to work,6,2,4
E01003042,Passenger in a car or van,4,5,-1
E01003042,Taxi,2,1,1
E01003042,Train,17,52,-35
E01003042,"Underground, metro, light rail, tram",70,267,-197
E01003042,Work mainly at or from home,371,26,345
E01003043,Bicycle,56,149,-93
E01003043,"Bus, minibus or coach",53,131,-78
E01003043,Driving a car or van,88,77,11
E01003043,"Motorcycle, scooter or moped",2,12,-10
E01003043,Not in employment or aged 15 years and under,597,325,272
E01003043,On foot,39,56,-17
E01003043,Other method of travel to work,8,2,6
E01003043,Passenger in a car or van,2,7,-5
E01003043,Taxi,2,1,1
E01003043,Train,19,96,-77
E01003043,"Underground, metro, light rail, tram",118,445,-327
E01003043,Work mainly at or from home,631,44,587
E01003044,Bicycle,26,39,-13
E01003044,"Bus, minibus or coach",105,205,-100
E01003044,Driving a car or van,74,66,8
E01003044,"Motorcycle, scooter or moped",3,11,-8
E01003044,Not in employment or aged 15 years and under,764,386,378
E01003044,On foot,57,45,12
E01003044,Other method of travel to work,6,1,5
E01003044,Passenger in a car or van,4,1,3
E01003044,Taxi,5,2,3
E01003044,Train,30,58,-28
E01003044,"Underground, metro, light rail, tram",77,135,-58
E01003044,Work mainly at or from home,264,12,252
E01003045,Bicycle,36,34,2
E01003045,"Bus, minibus or coach",189,288,-99
E01003045,Driving a car or van,99,89,10
E01003045,"Motorcycle, scooter or moped",5,9,-4
E01003045,Not in employment or aged 15 years and under,1162,629,533
E01003045,On foot,80,77,3
E01003045,Other method of travel to work,57,8,49
E01003045,Passenger in a car or van,3,4,-1
E01003045,Taxi,6,2,4
E01003045,Train,33,52,-19
E01003045,"Underground, metro, light rail, tram",83,187,-104
E01003045,Work mainly at or from home,235,31,204
E01003046,Bicycle,50,60,-10
E01003046,"Bus, minibus or coach",198,253,-55
E01003046,Driving a car or van,103,90,13
E01003046,"Motorcycle, scooter or moped",6,10,-4
E01003046,Not in employment or aged 15 years and under,837,487,350
E01003046,On foot,81,70,11
E01003046,Other method of travel to work,11,13,-2
E01003046,Passenger in a car or van,6,9,-3
E01003046,Taxi,8,2,6
E01003046,Train,39,64,-25
E01003046,"Underground, metro, light rail, tram",80,157,-77
E01003046,Work mainly at or from home,262,18,244
E01003047,Bicycle,67,74,-7
E01003047,"Bus, minibus or coach",156,196,-40
E01003047,Driving a car or van,62,64,-2
E01003047,"Motorcycle, scooter or moped",6,6,0
E01003047,Not in employment or aged 15 years and under,727,469,258
E01003047,On foot,56,73,-17
E01003047,Other method of travel to work,18,2,16
E01003047,Passenger in a car or van,7,0,7
E01003047,Taxi,5,1,4
E01003047,Train,28,50,-22
E01003047,"Underground, metro, light rail, tram",168,335,-167
E01003047,Work mainly at or from home,489,40,449
E01003048,Bicycle,38,29,9
E01003048,"Bus, minibus or coach",226,253,-27
E01003048,Driving a car or van,119,74,45
E01003048,"Motorcycle, scooter or moped",7,4,3
E01003048,Not in employment or aged 15 years and under,1074,564,510
E01003048,On foot,75,74,1
E01003048,Other method of travel to work,27,11,16
E01003048,Passenger in a car or van,8,2,6
E01003048,Taxi,6,1,5
E01003048,Train,52,52,0
E01003048,"Underground, metro, light rail, tram",94,141,-47
E01003048,Work mainly at or from home,184,27,157
E01003049,Bicycle,65,47,18
E01003049,"Bus, minibus or coach",169,191,-22
E01003049,Driving a car or van,80,75,5
E01003049,"Motorcycle, scooter or moped",9,13,-4
E01003049,Not in employment or aged 15 years and under,821,477,344
E01003049,On foot,64,82,-18
E01003049,Other method of travel to work,9,6,3
E01003049,Passenger in a car or van,2,1,1
E01003049,Taxi,0,0,0
E01003049,Train,28,63,-35
E01003049,"Underground, metro, light rail, tram",137,238,-101
E01003049,Work mainly at or from home,384,27,357
E01003050,Bicycle,53,117,-64
E01003050,"Bus, minibus or coach",71,128,-57
E01003050,Driving a car or van,53,67,-14
E01003050,"Motorcycle, scooter or moped",6,11,-5
E01003050,Not in employment or aged 15 years and under,498,358,140
E01003050,On foot,49,61,-12
E01003050,Other method of travel to work,9,4,5
E01003050,Passenger in a car or van,2,4,-2
E01003050,Taxi,4,2,2
E01003050,Train,18,74,-56
E01003050,"Underground, metro, light rail, tram",157,538,-381
E01003050,Work mainly at or from home,660,53,607
E01003051,Bicycle,68,56,12
E01003051,"Bus, minibus or coach",141,211,-70
E01003051,Driving a car or van,80,92,-12
E01003051,"Motorcycle, scooter or moped",4,3,1
E01003051,Not in employment or aged 15 years and under,787,511,276
E01003051,On foot,59,51,8
E01003051,Other method of travel to work,14,2,12
E01003051,Passenger in a car or van,5,6,-1
E01003051,Taxi,7,1,6
E01003051,Train,71,67,4
E01003051,"Underground, metro, light rail, tram",214,229,-15
E01003051,Work mainly at or from home,646,43,603
E01003052,Bicycle,46,31,15
E01003052,"Bus, minibus or coach",221,220,1
E01003052,Driving a car or van,143,96,47
E01003052,"Motorcycle, scooter or moped",20,13,7
E01003052,Not in employment or aged 15 years and under,1175,580,595
E01003052,On foot,76,87,-11
E01003052,Other method of travel to work,28,5,23
E01003052,Passenger in a car or van,4,7,-3
E01003052,Taxi,6,2,4
E01003052,Train,38,40,-2
E01003052,"Underground, metro, light rail, tram",157,226,-69
E01003052,Work mainly at or from home,309,27,282
E01003053,Bicycle,85,152,-67
E01003053,"Bus, minibus or coach",109,135,-26
E01003053,Driving a car or van,61,81,-20
E01003053,"Motorcycle, scooter or moped",9,13,-4
E01003053,Not in employment or aged 15 years and under,385,302,83
E01003053,On foot,52,58,-6
E01003053,Other method of travel to work,15,5,10
E01003053,Passenger in a car or van,5,2,3
E01003053,Taxi,1,3,-2
E01003053,Train,41,83,-42
E01003053,"Underground, metro, light rail, tram",172,657,-485
E01003053,Work mainly at or from home,739,41,698
E01003054,Bicycle,63,118,-55
E01003054,"Bus, minibus or coach",59,106,-47
E01003054,Driving a car or van,62,107,-45
E01003054,"Motorcycle, scooter or moped",4,23,-19
E01003054,Not in employment or aged 15 years and under,465,223,242
E01003054,On foot,52,55,-3
E01003054,Other method of travel to work,6,6,0
E01003054,Passenger in a car or van,4,4,0
E01003054,Taxi,8,2,6
E01003054,Train,38,137,-99
E01003054,"Underground, metro, light rail, tram",252,853,-601
E01003054,Work mainly at or from home,1178,48,1130
E01003055,Bicycle,63,102,-39
E01003055,"Bus, minibus or coach",88,129,-41
E01003055,Driving a car or van,57,72,-15
E01003055,"Motorcycle, scooter or moped",4,11,-7
E01003055,Not in employment or aged 15 years and under,589,387,202
E01003055,On foot,37,48,-11
E01003055,Other method of travel to work,4,7,-3
E01003055,Passenger in a car or van,3,0,3
E01003055,Taxi,5,0,5
E01003055,Train,29,53,-24
E01003055,"Underground, metro, light rail, tram",130,468,-338
E01003055,Work mainly at or from home,591,53,538
E01003056,Bicycle,54,112,-58
E01003056,"Bus, minibus or coach",76,153,-77
E01003056,Driving a car or van,73,108,-35
E01003056,"Motorcycle, scooter or moped",10,16,-6
E01003056,Not in employment or aged 15 years and under,478,370,108
E01003056,On foot,37,61,-24
E01003056,Other method of travel to work,7,7,0
E01003056,Passenger in a car or van,6,1,5
E01003056,Taxi,6,3,3
E01003056,Train,40,91,-51
E01003056,"Underground, metro, light rail, tram",175,736,-561
E01003056,Work mainly at or from home,744,24,720
E01003057,Bicycle,61,51,10
E01003057,"Bus, minibus or coach",85,144,-59
E01003057,Driving a car or van,82,92,-10
E01003057,"Motorcycle, scooter or moped",3,7,-4
E01003057,Not in employment or aged 15 years and under,756,411,345
E01003057,On foot,65,75,-10
E01003057,Other method of travel to work,8,3,5
E01003057,Passenger in a car or van,2,7,-5
E01003057,Taxi,3,0,3
E01003057,Train,25,104,-79
E01003057,"Underground, metro, light rail, tram",147,436,-289
E01003057,Work mainly at or from home,466,27,439
E01003058,Bicycle,76,133,-57
E01003058,"Bus, minibus or coach",87,154,-67
E01003058,Driving a car or van,88,112,-24
E01003058,"Motorcycle, scooter or moped",2,9,-7
E01003058,Not in employment or aged 15 years and under,563,300,263
E01003058,On foot,43,66,-23
E01003058,Other method of travel to work,11,6,5
E01003058,Passenger in a car or van,7,5,2
E01003058,Taxi,5,1,4
E01003058,Train,23,105,-82
E01003058,"Underground, metro, light rail, tram",210,776,-566
E01003058,Work mainly at or from home,859,38,821
E01003059,Bicycle,93,48,45
E01003059,"Bus, minibus or coach",250,266,-16
E01003059,Driving a car or van,118,97,21
E01003059,"Motorcycle, scooter or moped",19,3,16
E01003059,Not in employment or aged 15 years and under,953,466,487
E01003059,On foot,86,55,31
E01003059,Other method of travel to work,5,6,-1
E01003059,Passenger in a car or van,11,13,-2
E01003059,Taxi,4,4,0
E01003059,Train,60,60,0
E01003059,"Underground, metro, light rail, tram",156,213,-57
E01003059,Work mainly at or from home,457,14,443
E01003060,Bicycle,44,20,24
E01003060,"Bus, minibus or coach",181,258,-77
E01003060,Driving a car or van,78,68,10
E01003060,"Motorcycle, scooter or moped",11,3,8
E01003060,Not in employment or aged 15 years and under,745,491,254
E01003060,On foot,64,48,16
E01003060,Other method of travel to work,16,5,11
E01003060,Passenger in a car or van,3,7,-4
E01003060,Taxi,7,0,7
E01003060,Train,36,60,-24
E01003060,"Underground, metro, light rail, tram",147,207,-60
E01003060,Work mainly at or from home,365,9,356
E01003061,Bicycle,58,44,14
E01003061,"Bus, minibus or coach",142,219,-77
E01003061,Driving a car or van,44,54,-10
E01003061,"Motorcycle, scooter or moped",6,7,-1
E01003061,Not in employment or aged 15 years and under,484,299,185
E01003061,On foot,37,38,-1
E01003061,Other method of travel to work,14,4,10
E01003061,Passenger in a car or van,3,2,1
E01003061,Taxi,3,1,2
E01003061,Train,31,52,-21
E01003061,"Underground, metro, light rail, tram",119,285,-166
E01003061,Work mainly at or from home,391,26,365
E01003062,Bicycle,49,42,7
E01003062,"Bus, minibus or coach",95,141,-46
E01003062,Driving a car or van,124,150,-26
E01003062,"Motorcycle, scooter or moped",9,17,-8
E01003062,Not in employment or aged 15 years and under,669,324,345
E01003062,On foot,58,40,18
E01003062,Other method of travel to work,11,6,5
E01003062,Passenger in a car or van,9,6,3
E01003062,Taxi,3,2,1
E01003062,Train,97,467,-370
E01003062,"Underground, metro, light rail, tram",49,94,-45
E01003062,Work mainly at or from home,655,51,604
E01003063,Bicycle,25,26,-1
E01003063,"Bus, minibus or coach",113,142,-29
E01003063,Driving a car or van,107,128,-21
E01003063,"Motorcycle, scooter or moped",9,4,5
E01003063,Not in employment or aged 15 years and under,693,414,279
E01003063,On foot,34,35,-1
E01003063,Other method of travel to work,5,2,3
E01003063,Passenger in a car or van,4,9,-5
E01003063,Taxi,9,1,8
E01003063,Train,64,221,-157
E01003063,"Underground, metro, light rail, tram",30,53,-23
E01003063,Work mainly at or from home,265,26,239
E01003064,Bicycle,42,96,-54
E01003064,"Bus, minibus or coach",49,89,-40
E01003064,Driving a car or van,90,148,-58
E01003064,"Motorcycle, scooter or moped",6,14,-8
E01003064,Not in employment or aged 15 years and under,614,263,351
E01003064,On foot,42,39,3
E01003064,Other method of travel to work,5,8,-3
E01003064,Passenger in a car or van,4,7,-3
E01003064,Taxi,3,1,2
E01003064,Train,40,312,-272
E01003064,"Underground, metro, light rail, tram",58,146,-88
E01003064,Work mainly at or from home,506,67,439
E01003065,Bicycle,21,36,-15
E01003065,"Bus, minibus or coach",98,162,-64
E01003065,Driving a car or van,172,135,37
E01003065,"Motorcycle, scooter or moped",9,7,2
E01003065,Not in employment or aged 15 years and under,952,432,520
E01003065,On foot,48,31,17
E01003065,Other method of travel to work,10,2,8
E01003065,Passenger in a car or van,8,16,-8
E01003065,Taxi,5,2,3
E01003065,Train,44,120,-76
E01003065,"Underground, metro, light rail, tram",47,68,-21
E01003065,Work mainly at or from home,255,23,232
E01003066,Bicycle,55,45,10
E01003066,"Bus, minibus or coach",117,166,-49
E01003066,Driving a car or van,120,172,-52
E01003066,"Motorcycle, scooter or moped",9,10,-1
E01003066,Not in employment or aged 15 years and under,990,452,538
E01003066,On foot,58,52,6
E01003066,Other method of travel to work,14,6,8
E01003066,Passenger in a car or van,11,17,-6
E01003066,Taxi,4,2,2
E01003066,Train,84,216,-132
E01003066,"Underground, metro, light rail, tram",43,84,-41
E01003066,Work mainly at or from home,372,32,340
E01003067,Bicycle,38,73,-35
E01003067,"Bus, minibus or coach",64,102,-38
E01003067,Driving a car or van,94,145,-51
E01003067,"Motorcycle, scooter or moped",8,8,0
E01003067,Not in employment or aged 15 years and under,744,324,420
E01003067,On foot,43,60,-17
E01003067,Other method of travel to work,8,8,0
E01003067,Passenger in a car or van,8,6,2
E01003067,Taxi,3,2,1
E01003067,Train,50,235,-185
E01003067,"Underground, metro, light rail, tram",40,99,-59
E01003067,Work mainly at or from home,454,55,399
E01003068,Bicycle,34,48,-14
E01003068,"Bus, minibus or coach",72,154,-82
E01003068,Driving a car or van,121,157,-36
E01003068,"Motorcycle, scooter or moped",12,16,-4
E01003068,Not in employment or aged 15 years and under,797,361,436
E01003068,On foot,41,46,-5
E01003068,Other method of travel to work,9,3,6
E01003068,Passenger in a car or van,8,7,1
E01003068,Taxi,3,2,1
E01003068,Train,66,188,-122
E01003068,"Underground, metro, light rail, tram",31,79,-48
E01003068,Work mainly at or from home,378,27,351
E01003069,Bicycle,24,35,-11
E01003069,"Bus, minibus or coach",64,119,-55
E01003069,Driving a car or van,121,145,-24
E01003069,"Motorcycle, scooter or moped",12,10,2
E01003069,Not in employment or aged 15 years and under,724,355,369
E01003069,On foot,26,36,-10
E01003069,Other method of travel to work,11,4,7
E01003069,Passenger in a car or van,6,5,1
E01003069,Taxi,1,2,-1
E01003069,Train,57,165,-108
E01003069,"Underground, metro, light rail, tram",24,49,-25
E01003069,Work mainly at or from home,302,22,280
E01003070,Bicycle,23,19,4
E01003070,"Bus, minibus or coach",77,100,-23
E01003070,Driving a car or van,123,123,0
E01003070,"Motorcycle, scooter or moped",4,10,-6
E01003070,Not in employment or aged 15 years and under,833,461,372
E01003070,On foot,25,43,-18
E01003070,Other method of travel to work,8,5,3
E01003070,Passenger in a car or van,11,10,1
E01003070,Taxi,2,2,0
E01003070,Train,127,254,-127
E01003070,"Underground, metro, light rail, tram",36,53,-17
E01003070,Work mainly at or from home,284,23,261
E01003071,Bicycle,115,219,-104
E01003071,"Bus, minibus or coach",75,152,-77
E01003071,Driving a car or van,96,156,-60
E01003071,"Motorcycle, scooter or moped",2,18,-16
E01003071,Not in employment or aged 15 years and under,805,381,424
E01003071,On foot,66,73,-7
E01003071,Other method of travel to work,13,8,5
E01003071,Passenger in a car or van,3,6,-3
E01003071,Taxi,18,6,12
E01003071,Train,67,300,-233
E01003071,"Underground, metro, light rail, tram",112,490,-378
E01003071,Work mainly at or from home,954,103,851
E01003072,Bicycle,74,133,-59
E01003072,"Bus, minibus or coach",64,147,-83
E01003072,Driving a car or van,78,127,-49
E01003072,"Motorcycle, scooter or moped",4,16,-12
E01003072,Not in employment or aged 15 years and under,766,368,398
E01003072,On foot,60,58,2
E01003072,Other method of travel to work,3,5,-2
E01003072,Passenger in a car or van,2,6,-4
E01003072,Taxi,15,1,14
E01003072,Train,51,272,-221
E01003072,"Underground, metro, light rail, tram",48,110,-62
E01003072,Work mainly at or from home,580,93,487
E01003073,Bicycle,54,108,-54
E01003073,"Bus, minibus or coach",95,173,-78
E01003073,Driving a car or van,74,155,-81
E01003073,"Motorcycle, scooter or moped",5,7,-2
E01003073,Not in employment or aged 15 years and under,779,495,284
E01003073,On foot,58,98,-40
E01003073,Other method of travel to work,5,5,0
E01003073,Passenger in a car or van,5,9,-4
E01003073,Taxi,9,2,7
E01003073,Train,58,208,-150
E01003073,"Underground, metro, light rail, tram",46,196,-150
E01003073,Work mainly at or from home,412,47,365
E01003074,Bicycle,104,185,-81
E01003074,"Bus, minibus or coach",116,181,-65
E01003074,Driving a car or van,110,138,-28
E01003074,"Motorcycle, scooter or moped",10,23,-13
E01003074,Not in employment or aged 15 years and under,790,480,310
E01003074,On foot,88,89,-1
E01003074,Other method of travel to work,44,5,39
E01003074,Passenger in a car or van,8,11,-3
E01003074,Taxi,7,0,7
E01003074,Train,84,326,-242
E01003074,"Underground, metro, light rail, tram",119,378,-259
E01003074,Work mainly at or from home,878,81,797
E01003075,Bicycle,37,37,0
E01003075,"Bus, minibus or coach",217,287,-70
E01003075,Driving a car or van,88,88,0
E01003075,"Motorcycle, scooter or moped",3,3,0
E01003075,Not in employment or aged 15 years and under,899,520,379
E01003075,On foot,102,58,44
E01003075,Other method of travel to work,3,5,-2
E01003075,Passenger in a car or van,5,7,-2
E01003075,Taxi,6,0,6
E01003075,Train,57,62,-5
E01003075,"Underground, metro, light rail, tram",62,87,-25
E01003075,Work mainly at or from home,237,26,211
E01003076,Bicycle,99,151,-52
E01003076,"Bus, minibus or coach",266,327,-61
E01003076,Driving a car or van,147,87,60
E01003076,"Motorcycle, scooter or moped",11,26,-15
E01003076,Not in employment or aged 15 years and under,1076,402,674
E01003076,On foot,190,181,9
E01003076,Other method of travel to work,13,13,0
E01003076,Passenger in a car or van,5,6,-1
E01003076,Taxi,6,3,3
E01003076,Train,74,161,-87
E01003076,"Underground, metro, light rail, tram",137,181,-44
E01003076,Work mainly at or from home,681,43,638
E01003077,Bicycle,101,133,-32
E01003077,"Bus, minibus or coach",149,227,-78
E01003077,Driving a car or van,65,96,-31
E01003077,"Motorcycle, scooter or moped",8,15,-7
E01003077,Not in employment or aged 15 years and under,649,394,255
E01003077,On foot,133,108,25
E01003077,Other method of travel to work,6,10,-4
E01003077,Passenger in a car or van,7,7,0
E01003077,Taxi,4,5,-1
E01003077,Train,66,185,-119
E01003077,"Underground, metro, light rail, tram",84,241,-157
E01003077,Work mainly at or from home,589,45,544
E01003078,Bicycle,64,109,-45
E01003078,"Bus, minibus or coach",58,122,-64
E01003078,Driving a car or van,76,109,-33
E01003078,"Motorcycle, scooter or moped",1,14,-13
E01003078,Not in employment or aged 15 years and under,692,249,443
E01003078,On foot,58,64,-6
E01003078,Other method of travel to work,7,4,3
E01003078,Passenger in a car or van,7,5,2
E01003078,Taxi,7,4,3
E01003078,Train,37,144,-107
E01003078,"Underground, metro, light rail, tram",50,127,-77
E01003078,Work mainly at or from home,575,54,521
E01003079,Bicycle,33,58,-25
E01003079,"Bus, minibus or coach",140,186,-46
E01003079,Driving a car or van,127,146,-19
E01003079,"Motorcycle, scooter or moped",17,11,6
E01003079,Not in employment or aged 15 years and under,763,437,326
E01003079,On foot,52,31,21
E01003079,Other method of travel to work,10,8,2
E01003079,Passenger in a car or van,15,9,6
E01003079,Taxi,6,5,1
E01003079,Train,59,175,-116
E01003079,"Underground, metro, light rail, tram",77,156,-79
E01003079,Work mainly at or from home,385,40,345
E01003080,Bicycle,40,56,-16
E01003080,"Bus, minibus or coach",98,142,-44
E01003080,Driving a car or van,134,208,-74
E01003080,"Motorcycle, scooter or moped",2,18,-16
E01003080,Not in employment or aged 15 years and under,757,343,414
E01003080,On foot,32,46,-14
E01003080,Other method of travel to work,6,4,2
E01003080,Passenger in a car or van,6,12,-6
E01003080,Taxi,4,0,4
E01003080,Train,60,247,-187
E01003080,"Underground, metro, light rail, tram",54,136,-82
E01003080,Work mainly at or from home,488,35,453
E01003081,Bicycle,39,32,7
E01003081,"Bus, minibus or coach",122,180,-58
E01003081,Driving a car or van,110,147,-37
E01003081,"Motorcycle, scooter or moped",12,13,-1
E01003081,Not in employment or aged 15 years and under,861,445,416
E01003081,On foot,49,64,-15
E01003081,Other method of travel to work,10,6,4
E01003081,Passenger in a car or van,5,8,-3
E01003081,Taxi,5,0,5
E01003081,Train,96,306,-210
E01003081,"Underground, metro, light rail, tram",80,121,-41
E01003081,Work mainly at or from home,473,41,432
E01003082,Bicycle,21,23,-2
E01003082,"Bus, minibus or coach",92,142,-50
E01003082,Driving a car or van,112,138,-26
E01003082,"Motorcycle, scooter or moped",6,18,-12
E01003082,Not in employment or aged 15 years and under,690,388,302
E01003082,On foot,28,31,-3
E01003082,Other method of travel to work,7,3,4
E01003082,Passenger in a car or van,4,7,-3
E01003082,Taxi,2,2,0
E01003082,Train,69,172,-103
E01003082,"Underground, metro, light rail, tram",40,71,-31
E01003082,Work mainly at or from home,306,37,269
E01003083,Bicycle,47,49,-2
E01003083,"Bus, minibus or coach",65,119,-54
E01003083,Driving a car or van,141,173,-32
E01003083,"Motorcycle, scooter or moped",17,16,1
E01003083,Not in employment or aged 15 years and under,759,368,391
E01003083,On foot,39,43,-4
E01003083,Other method of travel to work,6,8,-2
E01003083,Passenger in a car or van,17,8,9
E01003083,Taxi,3,4,-1
E01003083,Train,45,180,-135
E01003083,"Underground, metro, light rail, tram",41,104,-63
E01003083,Work mainly at or from home,369,55,314
E01003084,Bicycle,49,50,-1
E01003084,"Bus, minibus or coach",87,151,-64
E01003084,Driving a car or van,88,190,-102
E01003084,"Motorcycle, scooter or moped",1,26,-25
E01003084,Not in employment or aged 15 years and under,640,319,321
E01003084,On foot,38,34,4
E01003084,Other method of travel to work,4,5,-1
E01003084,Passenger in a car or van,4,10,-6
E01003084,Taxi,3,3,0
E01003084,Train,64,272,-208
E01003084,"Underground, metro, light rail, tram",33,113,-80
E01003084,Work mainly at or from home,493,58,435
E01003085,Bicycle,37,40,-3
E01003085,"Bus, minibus or coach",80,199,-119
E01003085,Driving a car or van,150,237,-87
E01003085,"Motorcycle, scooter or moped",7,19,-12
E01003085,Not in employment or aged 15 years and under,927,586,341
E01003085,On foot,40,55,-15
E01003085,Other method of travel to work,10,7,3
E01003085,Passenger in a car or van,5,13,-8
E01003085,Taxi,4,2,2
E01003085,Train,35,230,-195
E01003085,"Underground, metro, light rail, tram",35,104,-69
E01003085,Work mainly at or from home,464,58,406
E01003086,Bicycle,30,26,4
E01003086,"Bus, minibus or coach",150,197,-47
E01003086,Driving a car or van,165,152,13
E01003086,"Motorcycle, scooter or moped",9,7,2
E01003086,Not in employment or aged 15 years and under,782,472,310
E01003086,On foot,50,33,17
E01003086,Other method of travel to work,8,7,1
E01003086,Passenger in a car or van,9,9,0
E01003086,Taxi,3,2,1
E01003086,Train,33,122,-89
E01003086,"Underground, metro, light rail, tram",48,68,-20
E01003086,Work mainly at or from home,276,13,263
E01003087,Bicycle,21,11,10
E01003087,"Bus, minibus or coach",174,150,24
E01003087,Driving a car or van,135,85,50
E01003087,"Motorcycle, scooter or moped",12,5,7
E01003087,Not in employment or aged 15 years and under,943,332,611
E01003087,On foot,34,16,18
E01003087,Other method of travel to work,14,2,12
E01003087,Passenger in a car or van,13,8,5
E01003087,Taxi,4,0,4
E01003087,Train,71,95,-24
E01003087,"Underground, metro, light rail, tram",33,60,-27
E01003087,Work mainly at or from home,195,14,181
E01003088,Bicycle,55,78,-23
E01003088,"Bus, minibus or coach",96,146,-50
E01003088,Driving a car or van,74,83,-9
E01003088,"Motorcycle, scooter or moped",8,13,-5
E01003088,Not in employment or aged 15 years and under,616,407,209
E01003088,On foot,42,77,-35
E01003088,Other method of travel to work,11,12,-1
E01003088,Passenger in a car or van,8,5,3
E01003088,Taxi,3,2,1
E01003088,Train,37,94,-57
E01003088,"Underground, metro, light rail, tram",143,525,-382
E01003088,Work mainly at or from home,492,31,461
E01003089,Bicycle,63,51,12
E01003089,"Bus, minibus or coach",185,349,-164
E01003089,Driving a car or van,95,92,3
E01003089,"Motorcycle, scooter or moped",15,9,6
E01003089,Not in employment or aged 15 years and under,857,557,300
E01003089,On foot,96,88,8
E01003089,Other method of travel to work,12,6,6
E01003089,Passenger in a car or van,5,5,0
E01003089,Taxi,9,0,9
E01003089,Train,53,82,-29
E01003089,"Underground, metro, light rail, tram",157,180,-23
E01003089,Work mainly at or from home,389,20,369
E01003090,Bicycle,79,120,-41
E01003090,"Bus, minibus or coach",102,140,-38
E01003090,Driving a car or van,88,118,-30
E01003090,"Motorcycle, scooter or moped",11,17,-6
E01003090,Not in employment or aged 15 years and under,696,359,337
E01003090,On foot,74,77,-3
E01003090,Other method of travel to work,19,5,14
E01003090,Passenger in a car or van,5,4,1
E01003090,Taxi,7,1,6
E01003090,Train,44,86,-42
E01003090,"Underground, metro, light rail, tram",254,798,-544
E01003090,Work mainly at or from home,1009,40,969
E01003091,Bicycle,78,75,3
E01003091,"Bus, minibus or coach",144,171,-27
E01003091,Driving a car or van,87,97,-10
E01003091,"Motorcycle, scooter or moped",10,16,-6
E01003091,Not in employment or aged 15 years and under,664,403,261
E01003091,On foot,86,72,14
E01003091,Other method of travel to work,3,3,0
E01003091,Passenger in a car or van,10,6,4
E01003091,Taxi,1,1,0
E01003091,Train,51,114,-63
E01003091,"Underground, metro, light rail, tram",130,284,-154
E01003091,Work mainly at or from home,440,38,402
E01003092,Bicycle,67,56,11
E01003092,"Bus, minibus or coach",187,233,-46
E01003092,Driving a car or van,119,91,28
E01003092,"Motorcycle, scooter or moped",14,16,-2
E01003092,Not in employment or aged 15 years and under,1085,520,565
E01003092,On foot,86,70,16
E01003092,Other method of travel to work,11,4,7
E01003092,Passenger in a car or van,15,9,6
E01003092,Taxi,3,3,0
E01003092,Train,61,57,4
E01003092,"Underground, metro, light rail, tram",172,252,-80
E01003092,Work mainly at or from home,531,15,516
E01003093,Bicycle,50,61,-11
E01003093,"Bus, minibus or coach",188,238,-50
E01003093,Driving a car or van,101,126,-25
E01003093,"Motorcycle, scooter or moped",8,8,0
E01003093,Not in employment or aged 15 years and under,1191,644,547
E01003093,On foot,89,104,-15
E01003093,Other method of travel to work,16,1,15
E01003093,Passenger in a car or van,8,3,5
E01003093,Taxi,3,0,3
E01003093,Train,31,78,-47
E01003093,"Underground, metro, light rail, tram",230,396,-166
E01003093,Work mainly at or from home,383,14,369
E01003094,Bicycle,59,84,-25
E01003094,"Bus, minibus or coach",71,146,-75
E01003094,Driving a car or van,58,90,-32
E01003094,"Motorcycle, scooter or moped",10,18,-8
E01003094,Not in employment or aged 15 years and under,544,410,134
E01003094,On foot,40,66,-26
E01003094,Other method of travel to work,8,2,6
E01003094,Passenger in a car or van,2,6,-4
E01003094,Taxi,4,3,1
E01003094,Train,22,62,-40
E01003094,"Underground, metro, light rail, tram",108,625,-517
E01003094,Work mainly at or from home,557,41,516
E01003095,Bicycle,58,108,-50
E01003095,"Bus, minibus or coach",44,127,-83
E01003095,Driving a car or van,63,99,-36
E01003095,"Motorcycle, scooter or moped",9,16,-7
E01003095,Not in employment or aged 15 years and under,568,354,214
E01003095,On foot,35,59,-24
E01003095,Other method of travel to work,12,2,10
E01003095,Passenger in a car or van,5,8,-3
E01003095,Taxi,1,3,-2
E01003095,Train,32,93,-61
E01003095,"Underground, metro, light rail, tram",121,554,-433
E01003095,Work mainly at or from home,694,64,630
E01003096,Bicycle,66,164,-98
E01003096,"Bus, minibus or coach",90,147,-57
E01003096,Driving a car or van,68,74,-6
E01003096,"Motorcycle, scooter or moped",7,20,-13
E01003096,Not in employment or aged 15 years and under,631,356,275
E01003096,On foot,54,71,-17
E01003096,Other method of travel to work,12,8,4
E01003096,Passenger in a car or van,4,7,-3
E01003096,Taxi,2,4,-2
E01003096,Train,44,90,-46
E01003096,"Underground, metro, light rail, tram",217,875,-658
E01003096,Work mainly at or from home,898,59,839
E01003097,Bicycle,49,69,-20
E01003097,"Bus, minibus or coach",132,228,-96
E01003097,Driving a car or van,76,101,-25
E01003097,"Motorcycle, scooter or moped",13,6,7
E01003097,Not in employment or aged 15 years and under,763,511,252
E01003097,On foot,84,99,-15
E01003097,Other method of travel to work,6,6,0
E01003097,Passenger in a car or van,7,5,2
E01003097,Taxi,2,2,0
E01003097,Train,24,78,-54
E01003097,"Underground, metro, light rail, tram",87,199,-112
E01003097,Work mainly at or from home,321,15,306
E01003098,Bicycle,59,91,-32
E01003098,"Bus, minibus or coach",72,142,-70
E01003098,Driving a car or van,62,75,-13
E01003098,"Motorcycle, scooter or moped",3,13,-10
E01003098,Not in employment or aged 15 years and under,629,386,243
E01003098,On foot,72,103,-31
E01003098,Other method of travel to work,8,5,3
E01003098,Passenger in a car or van,1,3,-2
E01003098,Taxi,0,2,-2
E01003098,Train,36,80,-44
E01003098,"Underground, metro, light rail, tram",93,276,-183
E01003098,Work mainly at or from home,447,43,404
E01003099,Bicycle,70,85,-15
E01003099,"Bus, minibus or coach",130,218,-88
E01003099,Driving a car or van,50,60,-10
E01003099,"Motorcycle, scooter or moped",1,15,-14
E01003099,Not in employment or aged 15 years and under,699,349,350
E01003099,On foot,50,120,-70
E01003099,Other method of travel to work,13,4,9
E01003099,Passenger in a car or van,6,4,2
E01003099,Taxi,2,0,2
E01003099,Train,43,77,-34
E01003099,"Underground, metro, light rail, tram",119,282,-163
E01003099,Work mainly at or from home,514,57,457
E01003100,Bicycle,106,165,-59
E01003100,"Bus, minibus or coach",81,255,-174
E01003100,Driving a car or van,54,64,-10
E01003100,"Motorcycle, scooter or moped",2,9,-7
E01003100,Not in employment or aged 15 years and under,465,276,189
E01003100,On foot,113,147,-34
E01003100,Other method of travel to work,7,0,7
E01003100,Passenger in a car or van,3,4,-1
E01003100,Taxi,8,2,6
E01003100,Train,48,127,-79
E01003100,"Underground, metro, light rail, tram",151,665,-514
E01003100,Work mainly at or from home,969,56,913
E01003101,Bicycle,37,80,-43
E01003101,"Bus, minibus or coach",120,236,-116
E01003101,Driving a car or van,62,57,5
E01003101,"Motorcycle, scooter or moped",6,6,0
E01003101,Not in employment or aged 15 years and under,600,340,260
E01003101,On foot,84,134,-50
E01003101,Other method of travel to work,10,5,5
E01003101,Passenger in a car or van,5,2,3
E01003101,Taxi,1,1,0
E01003101,Train,30,77,-47
E01003101,"Underground, metro, light rail, tram",80,262,-182
E01003101,Work mainly at or from home,397,45,352
E01003102,Bicycle,55,100,-45
E01003102,"Bus, minibus or coach",69,197,-128
E01003102,Driving a car or van,51,62,-11
E01003102,"Motorcycle, scooter or moped",9,13,-4
E01003102,Not in employment or aged 15 years and under,690,359,331
E01003102,On foot,77,132,-55
E01003102,Other method of travel to work,13,13,0
E01003102,Passenger in a car or van,2,3,-1
E01003102,Taxi,7,2,5
E01003102,Train,40,135,-95
E01003102,"Underground, metro, light rail, tram",131,401,-270
E01003102,Work mainly at or from home,560,50,510
E01003104,Bicycle,59,111,-52
E01003104,"Bus, minibus or coach",129,255,-126
E01003104,Driving a car or van,52,71,-19
E01003104,"Motorcycle, scooter or moped",11,9,2
E01003104,Not in employment or aged 15 years and under,683,343,340
E01003104,On foot,73,129,-56
E01003104,Other method of travel to work,14,2,12
E01003104,Passenger in a car or van,1,1,0
E01003104,Taxi,3,4,-1
E01003104,Train,35,99,-64
E01003104,"Underground, metro, light rail, tram",130,308,-178
E01003104,Work mainly at or from home,539,38,501
E01003105,Bicycle,45,63,-18
E01003105,"Bus, minibus or coach",124,243,-119
E01003105,Driving a car or van,71,69,2
E01003105,"Motorcycle, scooter or moped",7,9,-2
E01003105,Not in employment or aged 15 years and under,818,440,378
E01003105,On foot,108,160,-52
E01003105,Other method of travel to work,18,6,12
E01003105,Passenger in a car or van,5,4,1
E01003105,Taxi,5,4,1
E01003105,Train,43,65,-22
E01003105,"Underground, metro, light rail, tram",92,182,-90
E01003105,Work mainly at or from home,371,22,349
E01003106,Bicycle,68,110,-42
E01003106,"Bus, minibus or coach",130,193,-63
E01003106,Driving a car or van,87,68,19
E01003106,"Motorcycle, scooter or moped",11,11,0
E01003106,Not in employment or aged 15 years and under,958,327,631
E01003106,On foot,121,154,-33
E01003106,Other method of travel to work,16,8,8
E01003106,Passenger in a car or van,2,9,-7
E01003106,Taxi,7,5,2
E01003106,Train,35,65,-30
E01003106,"Underground, metro, light rail, tram",116,272,-156
E01003106,Work mainly at or from home,586,57,529
E01003107,Bicycle,86,157,-71
E01003107,"Bus, minibus or coach",83,280,-197
E01003107,Driving a car or van,50,99,-49
E01003107,"Motorcycle, scooter or moped",4,17,-13
E01003107,Not in employment or aged 15 years and under,624,435,189
E01003107,On foot,95,235,-140
E01003107,Other method of travel to work,9,11,-2
E01003107,Passenger in a car or van,5,4,1
E01003107,Taxi,9,9,0
E01003107,Train,23,101,-78
E01003107,"Underground, metro, light rail, tram",131,409,-278
E01003107,Work mainly at or from home,731,102,629
E01003108,Bicycle,49,50,-1
E01003108,"Bus, minibus or coach",121,192,-71
E01003108,Driving a car or van,65,73,-8
E01003108,"Motorcycle, scooter or moped",7,5,2
E01003108,Not in employment or aged 15 years and under,784,432,352
E01003108,On foot,77,139,-62
E01003108,Other method of travel to work,8,4,4
E01003108,Passenger in a car or van,1,3,-2
E01003108,Taxi,3,3,0
E01003108,Train,32,35,-3
E01003108,"Underground, metro, light rail, tram",95,203,-108
E01003108,Work mainly at or from home,312,35,277
E01003110,Bicycle,82,118,-36
E01003110,"Bus, minibus or coach",96,206,-110
E01003110,Driving a car or van,57,88,-31
E01003110,"Motorcycle, scooter or moped",4,15,-11
E01003110,Not in employment or aged 15 years and under,806,410,396
E01003110,On foot,123,260,-137
E01003110,Other method of travel to work,10,10,0
E01003110,Passenger in a car or van,3,7,-4
E01003110,Taxi,7,3,4
E01003110,Train,35,75,-40
E01003110,"Underground, metro, light rail, tram",90,282,-192
E01003110,Work mainly at or from home,738,74,664
E01003111,Bicycle,50,32,18
E01003111,"Bus, minibus or coach",185,261,-76
E01003111,Driving a car or van,89,78,11
E01003111,"Motorcycle, scooter or moped",16,3,13
E01003111,Not in employment or aged 15 years and under,1145,499,646
E01003111,On foot,74,80,-6
E01003111,Other method of travel to work,7,3,4
E01003111,Passenger in a car or van,8,2,6
E01003111,Taxi,6,0,6
E01003111,Train,50,31,19
E01003111,"Underground, metro, light rail, tram",88,120,-32
E01003111,Work mainly at or from home,259,16,243
E01003112,Bicycle,54,52,2
E01003112,"Bus, minibus or coach",129,234,-105
E01003112,Driving a car or van,69,67,2
E01003112,"Motorcycle, scooter or moped",4,6,-2
E01003112,Not in employment or aged 15 years and under,903,489,414
E01003112,On foot,105,147,-42
E01003112,Other method of travel to work,13,5,8
E01003112,Passenger in a car or van,5,0,5
E01003112,Taxi,6,9,-3
E01003112,Train,35,52,-17
E01003112,"Underground, metro, light rail, tram",87,131,-44
E01003112,Work mainly at or from home,384,28,356
E01003113,Bicycle,42,61,-19
E01003113,"Bus, minibus or coach",141,206,-65
E01003113,Driving a car or van,123,156,-33
E01003113,"Motorcycle, scooter or moped",15,22,-7
E01003113,Not in employment or aged 15 years and under,771,441,330
E01003113,On foot,53,48,5
E01003113,Other method of travel to work,7,5,2
E01003113,Passenger in a car or van,5,8,-3
E01003113,Taxi,4,1,3
E01003113,Train,72,357,-285
E01003113,"Underground, metro, light rail, tram",98,226,-128
E01003113,Work mainly at or from home,465,57,408
E01003114,Bicycle,94,66,28
E01003114,"Bus, minibus or coach",142,161,-19
E01003114,Driving a car or van,129,159,-30
E01003114,"Motorcycle, scooter or moped",16,20,-4
E01003114,Not in employment or aged 15 years and under,844,380,464
E01003114,On foot,53,54,-1
E01003114,Other method of travel to work,17,7,10
E01003114,Passenger in a car or van,8,12,-4
E01003114,Taxi,4,2,2
E01003114,Train,170,403,-233
E01003114,"Underground, metro, light rail, tram",122,156,-34
E01003114,Work mainly at or from home,828,45,783
E01003115,Bicycle,44,38,6
E01003115,"Bus, minibus or coach",117,116,1
E01003115,Driving a car or van,118,146,-28
E01003115,"Motorcycle, scooter or moped",7,16,-9
E01003115,Not in employment or aged 15 years and under,691,339,352
E01003115,On foot,46,37,9
E01003115,Other method of travel to work,4,3,1
E01003115,Passenger in a car or van,5,8,-3
E01003115,Taxi,3,1,2
E01003115,Train,111,372,-261
E01003115,"Underground, metro, light rail, tram",59,144,-85
E01003115,Work mainly at or from home,418,35,383
E01003116,Bicycle,52,54,-2
E01003116,"Bus, minibus or coach",83,129,-46
E01003116,Driving a car or van,137,181,-44
E01003116,"Motorcycle, scooter or moped",10,16,-6
E01003116,Not in employment or aged 15 years and under,883,380,503
E01003116,On foot,33,31,2
E01003116,Other method of travel to work,11,8,3
E01003116,Passenger in a car or van,8,12,-4
E01003116,Taxi,0,0,0
E01003116,Train,35,136,-101
E01003116,"Underground, metro, light rail, tram",73,211,-138
E01003116,Work mainly at or from home,458,59,399
E01003117,Bicycle,60,72,-12
E01003117,"Bus, minibus or coach",174,222,-48
E01003117,Driving a car or van,100,173,-73
E01003117,"Motorcycle, scooter or moped",5,18,-13
E01003117,Not in employment or aged 15 years and under,715,400,315
E01003117,On foot,56,55,1
E01003117,Other method of travel to work,13,7,6
E01003117,Passenger in a car or van,8,7,1
E01003117,Taxi,3,3,0
E01003117,Train,54,271,-217
E01003117,"Underground, metro, light rail, tram",112,267,-155
E01003117,Work mainly at or from home,553,63,490
E01003118,Bicycle,35,61,-26
E01003118,"Bus, minibus or coach",122,138,-16
E01003118,Driving a car or van,116,197,-81
E01003118,"Motorcycle, scooter or moped",8,28,-20
E01003118,Not in employment or aged 15 years and under,910,394,516
E01003118,On foot,56,48,8
E01003118,Other method of travel to work,8,6,2
E01003118,Passenger in a car or van,4,11,-7
E01003118,Taxi,1,2,-1
E01003118,Train,34,190,-156
E01003118,"Underground, metro, light rail, tram",77,254,-177
E01003118,Work mainly at or from home,494,46,448
E01003119,Bicycle,63,86,-23
E01003119,"Bus, minibus or coach",183,213,-30
E01003119,Driving a car or van,116,154,-38
E01003119,"Motorcycle, scooter or moped",6,22,-16
E01003119,Not in employment or aged 15 years and under,853,378,475
E01003119,On foot,66,46,20
E01003119,Other method of travel to work,20,7,13
E01003119,Passenger in a car or van,6,10,-4
E01003119,Taxi,2,1,1
E01003119,Train,70,250,-180
E01003119,"Underground, metro, light rail, tram",118,299,-181
E01003119,Work mainly at or from home,563,50,513
E01003120,Bicycle,66,67,-1
E01003120,"Bus, minibus or coach",275,284,-9
E01003120,Driving a car or van,136,165,-29
E01003120,"Motorcycle, scooter or moped",24,12,12
E01003120,Not in employment or aged 15 years and under,950,455,495
E01003120,On foot,82,51,31
E01003120,Other method of travel to work,16,1,15
E01003120,Passenger in a car or van,16,6,10
E01003120,Taxi,2,1,1
E01003120,Train,102,282,-180
E01003120,"Underground, metro, light rail, tram",179,241,-62
E01003120,Work mainly at or from home,564,48,516
E01003121,Bicycle,36,57,-21
E01003121,"Bus, minibus or coach",184,267,-83
E01003121,Driving a car or van,106,81,25
E01003121,"Motorcycle, scooter or moped",8,2,6
E01003121,Not in employment or aged 15 years and under,804,463,341
E01003121,On foot,80,64,16
E01003121,Other method of travel to work,12,5,7
E01003121,Passenger in a car or van,1,4,-3
E01003121,Taxi,2,1,1
E01003121,Train,41,56,-15
E01003121,"Underground, metro, light rail, tram",107,163,-56
E01003121,Work mainly at or from home,187,20,167
E01003122,Bicycle,56,105,-49
E01003122,"Bus, minibus or coach",129,240,-111
E01003122,Driving a car or van,80,89,-9
E01003122,"Motorcycle, scooter or moped",9,14,-5
E01003122,Not in employment or aged 15 years and under,701,405,296
E01003122,On foot,71,104,-33
E01003122,Other method of travel to work,12,8,4
E01003122,Passenger in a car or van,2,6,-4
E01003122,Taxi,13,3,10
E01003122,Train,44,114,-70
E01003122,"Underground, metro, light rail, tram",118,370,-252
E01003122,Work mainly at or from home,675,49,626
E01003123,Bicycle,79,116,-37
E01003123,"Bus, minibus or coach",79,135,-56
E01003123,Driving a car or van,67,101,-34
E01003123,"Motorcycle, scooter or moped",8,16,-8
E01003123,Not in employment or aged 15 years and under,539,275,264
E01003123,On foot,62,76,-14
E01003123,Other method of travel to work,29,8,21
E01003123,Passenger in a car or van,8,6,2
E01003123,Taxi,5,3,2
E01003123,Train,22,69,-47
E01003123,"Underground, metro, light rail, tram",132,383,-251
E01003123,Work mainly at or from home,564,62,502
E01003124,Bicycle,42,67,-25
E01003124,"Bus, minibus or coach",114,170,-56
E01003124,Driving a car or van,73,82,-9
E01003124,"Motorcycle, scooter or moped",8,9,-1
E01003124,Not in employment or aged 15 years and under,596,361,235
E01003124,On foot,64,68,-4
E01003124,Other method of travel to work,6,5,1
E01003124,Passenger in a car or van,6,5,1
E01003124,Taxi,4,0,4
E01003124,Train,27,54,-27
E01003124,"Underground, metro, light rail, tram",128,311,-183
E01003124,Work mainly at or from home,284,23,261
E01003125,Bicycle,36,31,5
E01003125,"Bus, minibus or coach",195,255,-60
E01003125,Driving a car or van,115,92,23
E01003125,"Motorcycle, scooter or moped",11,2,9
E01003125,Not in employment or aged 15 years and under,903,507,396
E01003125,On foot,98,76,22
E01003125,Other method of travel to work,9,4,5
E01003125,Passenger in a car or van,3,4,-1
E01003125,Taxi,1,3,-2
E01003125,Train,55,64,-9
E01003125,"Underground, metro, light rail, tram",138,173,-35
E01003125,Work mainly at or from home,221,11,210
E01003126,Bicycle,58,61,-3
E01003126,"Bus, minibus or coach",127,162,-35
E01003126,Driving a car or van,74,78,-4
E01003126,"Motorcycle, scooter or moped",11,8,3
E01003126,Not in employment or aged 15 years and under,700,387,313
E01003126,On foot,81,61,20
E01003126,Other method of travel to work,13,4,9
E01003126,Passenger in a car or van,2,6,-4
E01003126,Taxi,0,1,-1
E01003126,Train,54,57,-3
E01003126,"Underground, metro, light rail, tram",188,321,-133
E01003126,Work mainly at or from home,357,25,332
E01003127,Bicycle,60,91,-31
E01003127,"Bus, minibus or coach",160,193,-33
E01003127,Driving a car or van,84,87,-3
E01003127,"Motorcycle, scooter or moped",7,14,-7
E01003127,Not in employment or aged 15 years and under,794,415,379
E01003127,On foot,67,52,15
E01003127,Other method of travel to work,19,12,7
E01003127,Passenger in a car or van,26,5,21
E01003127,Taxi,8,4,4
E01003127,Train,58,61,-3
E01003127,"Underground, metro, light rail, tram",200,428,-228
E01003127,Work mainly at or from home,607,60,547
E01003128,Bicycle,60,36,24
E01003128,"Bus, minibus or coach",132,162,-30
E01003128,Driving a car or van,73,70,3
E01003128,"Motorcycle, scooter or moped",8,4,4
E01003128,Not in employment or aged 15 years and under,794,403,391
E01003128,On foot,41,65,-24
E01003128,Other method of travel to work,10,4,6
E01003128,Passenger in a car or van,2,1,1
E01003128,Taxi,2,0,2
E01003128,Train,40,61,-21
E01003128,"Underground, metro, light rail, tram",148,324,-176
E01003128,Work mainly at or from home,330,13,317
E01003129,Bicycle,78,132,-54
E01003129,"Bus, minibus or coach",170,263,-93
E01003129,Driving a car or van,78,107,-29
E01003129,"Motorcycle, scooter or moped",6,20,-14
E01003129,Not in employment or aged 15 years and under,645,389,256
E01003129,On foot,86,123,-37
E01003129,Other method of travel to work,11,4,7
E01003129,Passenger in a car or van,6,6,0
E01003129,Taxi,6,1,5
E01003129,Train,41,86,-45
E01003129,"Underground, metro, light rail, tram",135,354,-219
E01003129,Work mainly at or from home,540,52,488
E01003130,Bicycle,50,72,-22
E01003130,"Bus, minibus or coach",164,236,-72
E01003130,Driving a car or van,96,154,-58
E01003130,"Motorcycle, scooter or moped",13,14,-1
E01003130,Not in employment or aged 15 years and under,793,341,452
E01003130,On foot,44,35,9
E01003130,Other method of travel to work,5,5,0
E01003130,Passenger in a car or van,3,10,-7
E01003130,Taxi,4,0,4
E01003130,Train,45,139,-94
E01003130,"Underground, metro, light rail, tram",96,325,-229
E01003130,Work mainly at or from home,560,53,507
E01003131,Bicycle,75,68,7
E01003131,"Bus, minibus or coach",134,159,-25
E01003131,Driving a car or van,112,143,-31
E01003131,"Motorcycle, scooter or moped",11,25,-14
E01003131,Not in employment or aged 15 years and under,751,295,456
E01003131,On foot,42,26,16
E01003131,Other method of travel to work,10,3,7
E01003131,Passenger in a car or van,9,10,-1
E01003131,Taxi,4,2,2
E01003131,Train,47,130,-83
E01003131,"Underground, metro, light rail, tram",133,233,-100
E01003131,Work mainly at or from home,830,47,783
E01003132,Bicycle,31,38,-7
E01003132,"Bus, minibus or coach",108,200,-92
E01003132,Driving a car or van,93,115,-22
E01003132,"Motorcycle, scooter or moped",8,5,3
E01003132,Not in employment or aged 15 years and under,781,442,339
E01003132,On foot,39,40,-1
E01003132,Other method of travel to work,10,3,7
E01003132,Passenger in a car or van,3,5,-2
E01003132,Taxi,4,5,-1
E01003132,Train,37,78,-41
E01003132,"Underground, metro, light rail, tram",66,82,-16
E01003132,Work mainly at or from home,270,20,250
E01003133,Bicycle,77,90,-13
E01003133,"Bus, minibus or coach",96,146,-50
E01003133,Driving a car or van,100,133,-33
E01003133,"Motorcycle, scooter or moped",10,24,-14
E01003133,Not in employment or aged 15 years and under,663,370,293
E01003133,On foot,36,44,-8
E01003133,Other method of travel to work,3,5,-2
E01003133,Passenger in a car or van,1,10,-9
E01003133,Taxi,2,3,-1
E01003133,Train,62,266,-204
E01003133,"Underground, metro, light rail, tram",89,198,-109
E01003133,Work mainly at or from home,517,62,455
E01003134,Bicycle,41,60,-19
E01003134,"Bus, minibus or coach",87,163,-76
E01003134,Driving a car or van,113,151,-38
E01003134,"Motorcycle, scooter or moped",12,15,-3
E01003134,Not in employment or aged 15 years and under,716,357,359
E01003134,On foot,40,27,13
E01003134,Other method of travel to work,7,3,4
E01003134,Passenger in a car or van,5,6,-1
E01003134,Taxi,4,0,4
E01003134,Train,44,170,-126
E01003134,"Underground, metro, light rail, tram",74,179,-105
E01003134,Work mainly at or from home,458,53,405
E01003135,Bicycle,61,48,13
E01003135,"Bus, minibus or coach",148,179,-31
E01003135,Driving a car or van,147,152,-5
E01003135,"Motorcycle, scooter or moped",9,20,-11
E01003135,Not in employment or aged 15 years and under,837,401,436
E01003135,On foot,49,32,17
E01003135,Other method of travel to work,7,2,5
E01003135,Passenger in a car or van,7,9,-2
E01003135,Taxi,4,2,2
E01003135,Train,65,196,-131
E01003135,"Underground, metro, light rail, tram",81,245,-164
E01003135,Work mainly at or from home,514,50,464
E01003136,Bicycle,69,84,-15
E01003136,"Bus, minibus or coach",157,240,-83
E01003136,Driving a car or van,103,112,-9
E01003136,"Motorcycle, scooter or moped",11,18,-7
E01003136,Not in employment or aged 15 years and under,671,349,322
E01003136,On foot,44,29,15
E01003136,Other method of travel to work,4,5,-1
E01003136,Passenger in a car or van,6,6,0
E01003136,Taxi,5,0,5
E01003136,Train,29,74,-45
E01003136,"Underground, metro, light rail, tram",108,296,-188
E01003136,Work mainly at or from home,454,42,412
E01003137,Bicycle,51,39,12
E01003137,"Bus, minibus or coach",212,246,-34
E01003137,Driving a car or van,90,86,4
E01003137,"Motorcycle, scooter or moped",8,7,1
E01003137,Not in employment or aged 15 years and under,746,413,333
E01003137,On foot,35,44,-9
E01003137,Other method of travel to work,6,3,3
E01003137,Passenger in a car or van,15,5,10
E01003137,Taxi,1,1,0
E01003137,Train,19,82,-63
E01003137,"Underground, metro, light rail, tram",91,186,-95
E01003137,Work mainly at or from home,303,13,290
E01003138,Bicycle,59,99,-40
E01003138,"Bus, minibus or coach",30,120,-90
E01003138,Driving a car or van,67,155,-88
E01003138,"Motorcycle, scooter or moped",6,25,-19
E01003138,Not in employment or aged 15 years and under,470,194,276
E01003138,On foot,32,38,-6
E01003138,Other method of travel to work,6,3,3
E01003138,Passenger in a car or van,3,9,-6
E01003138,Taxi,2,3,-1
E01003138,Train,34,177,-143
E01003138,"Underground, metro, light rail, tram",58,365,-307
E01003138,Work mainly at or from home,706,78,628
E01003139,Bicycle,16,13,3
E01003139,"Bus, minibus or coach",75,91,-16
E01003139,Driving a car or van,165,144,21
E01003139,"Motorcycle, scooter or moped",14,4,10
E01003139,Not in employment or aged 15 years and under,702,300,402
E01003139,On foot,39,30,9
E01003139,Other method of travel to work,10,2,8
E01003139,Passenger in a car or van,13,11,2
E01003139,Taxi,2,2,0
E01003139,Train,105,218,-113
E01003139,"Underground, metro, light rail, tram",83,87,-4
E01003139,Work mainly at or from home,305,12,293
E01003140,Bicycle,20,26,-6
E01003140,"Bus, minibus or coach",82,155,-73
E01003140,Driving a car or van,166,237,-71
E01003140,"Motorcycle, scooter or moped",10,14,-4
E01003140,Not in employment or aged 15 years and under,763,385,378
E01003140,On foot,27,40,-13
E01003140,Other method of travel to work,18,3,15
E01003140,Passenger in a car or van,6,11,-5
E01003140,Taxi,4,2,2
E01003140,Train,105,297,-192
E01003140,"Underground, metro, light rail, tram",49,98,-49
E01003140,Work mainly at or from home,255,34,221
E01003141,Bicycle,40,36,4
E01003141,"Bus, minibus or coach",122,158,-36
E01003141,Driving a car or van,149,171,-22
E01003141,"Motorcycle, scooter or moped",18,20,-2
E01003141,Not in employment or aged 15 years and under,928,455,473
E01003141,On foot,46,28,18
E01003141,Other method of travel to work,14,6,8
E01003141,Passenger in a car or van,8,3,5
E01003141,Taxi,4,1,3
E01003141,Train,130,272,-142
E01003141,"Underground, metro, light rail, tram",61,82,-21
E01003141,Work mainly at or from home,325,30,295
E01003142,Bicycle,23,7,16
E01003142,"Bus, minibus or coach",64,87,-23
E01003142,Driving a car or van,149,177,-28
E01003142,"Motorcycle, scooter or moped",13,6,7
E01003142,Not in employment or aged 15 years and under,664,381,283
E01003142,On foot,29,28,1
E01003142,Other method of travel to work,13,3,10
E01003142,Passenger in a car or van,11,11,0
E01003142,Taxi,2,1,1
E01003142,Train,83,185,-102
E01003142,"Underground, metro, light rail, tram",62,56,6
E01003142,Work mainly at or from home,255,19,236
E01003143,Bicycle,22,18,4
E01003143,"Bus, minibus or coach",117,95,22
E01003143,Driving a car or van,148,158,-10
E01003143,"Motorcycle, scooter or moped",11,6,5
E01003143,Not in employment or aged 15 years and under,793,401,392
E01003143,On foot,38,35,3
E01003143,Other method of travel to work,5,2,3
E01003143,Passenger in a car or van,7,8,-1
E01003143,Taxi,2,2,0
E01003143,Train,68,194,-126
E01003143,"Underground, metro, light rail, tram",66,80,-14
E01003143,Work mainly at or from home,223,19,204
E01003144,Bicycle,31,48,-17
E01003144,"Bus, minibus or coach",53,82,-29
E01003144,Driving a car or van,133,223,-90
E01003144,"Motorcycle, scooter or moped",5,17,-12
E01003144,Not in employment or aged 15 years and under,710,376,334
E01003144,On foot,28,28,0
E01003144,Other method of travel to work,10,6,4
E01003144,Passenger in a car or van,7,8,-1
E01003144,Taxi,5,3,2
E01003144,Train,75,223,-148
E01003144,"Underground, metro, light rail, tram",56,73,-17
E01003144,Work mainly at or from home,440,62,378
E01003145,Bicycle,55,49,6
E01003145,"Bus, minibus or coach",120,129,-9
E01003145,Driving a car or van,108,148,-40
E01003145,"Motorcycle, scooter or moped",14,14,0
E01003145,Not in employment or aged 15 years and under,688,390,298
E01003145,On foot,60,40,20
E01003145,Other method of travel to work,22,8,14
E01003145,Passenger in a car or van,2,11,-9
E01003145,Taxi,4,3,1
E01003145,Train,131,373,-242
E01003145,"Underground, metro, light rail, tram",49,158,-109
E01003145,Work mainly at or from home,402,34,368
E01003146,Bicycle,35,27,8
E01003146,"Bus, minibus or coach",127,122,5
E01003146,Driving a car or van,149,170,-21
E01003146,"Motorcycle, scooter or moped",9,6,3
E01003146,Not in employment or aged 15 years and under,748,390,358
E01003146,On foot,34,33,1
E01003146,Other method of travel to work,18,4,14
E01003146,Passenger in a car or van,5,10,-5
E01003146,Taxi,3,1,2
E01003146,Train,116,254,-138
E01003146,"Underground, metro, light rail, tram",72,79,-7
E01003146,Work mainly at or from home,331,22,309
E01003147,Bicycle,53,62,-9
E01003147,"Bus, minibus or coach",135,169,-34
E01003147,Driving a car or van,167,200,-33
E01003147,"Motorcycle, scooter or moped",16,14,2
E01003147,Not in employment or aged 15 years and under,917,490,427
E01003147,On foot,67,40,27
E01003147,Other method of travel to work,21,10,11
E01003147,Passenger in a car or van,8,10,-2
E01003147,Taxi,4,4,0
E01003147,Train,140,349,-209
E01003147,"Underground, metro, light rail, tram",86,127,-41
E01003147,Work mainly at or from home,460,59,401
E01003148,Bicycle,33,71,-38
E01003148,"Bus, minibus or coach",111,188,-77
E01003148,Driving a car or van,141,184,-43
E01003148,"Motorcycle, scooter or moped",19,26,-7
E01003148,Not in employment or aged 15 years and under,747,359,388
E01003148,On foot,44,35,9
E01003148,Other method of travel to work,15,5,10
E01003148,Passenger in a car or van,3,10,-7
E01003148,Taxi,3,1,2
E01003148,Train,75,249,-174
E01003148,"Underground, metro, light rail, tram",62,180,-118
E01003148,Work mainly at or from home,581,52,529
E01003149,Bicycle,41,35,6
E01003149,"Bus, minibus or coach",89,155,-66
E01003149,Driving a car or van,152,249,-97
E01003149,"Motorcycle, scooter or moped",9,27,-18
E01003149,Not in employment or aged 15 years and under,768,375,393
E01003149,On foot,30,40,-10
E01003149,Other method of travel to work,16,10,6
E01003149,Passenger in a car or van,6,11,-5
E01003149,Taxi,4,2,2
E01003149,Train,41,220,-179
E01003149,"Underground, metro, light rail, tram",76,147,-71
E01003149,Work mainly at or from home,519,56,463
E01003150,Bicycle,42,42,0
E01003150,"Bus, minibus or coach",171,195,-24
E01003150,Driving a car or van,163,138,25
E01003150,"Motorcycle, scooter or moped",9,12,-3
E01003150,Not in employment or aged 15 years and under,874,417,457
E01003150,On foot,56,46,10
E01003150,Other method of travel to work,16,2,14
E01003150,Passenger in a car or van,4,11,-7
E01003150,Taxi,2,0,2
E01003150,Train,101,253,-152
E01003150,"Underground, metro, light rail, tram",98,120,-22
E01003150,Work mainly at or from home,401,39,362
E01003151,Bicycle,49,37,12
E01003151,"Bus, minibus or coach",193,262,-69
E01003151,Driving a car or van,118,101,17
E01003151,"Motorcycle, scooter or moped",13,13,0
E01003151,Not in employment or aged 15 years and under,968,513,455
E01003151,On foot,73,41,32
E01003151,Other method of travel to work,7,4,3
E01003151,Passenger in a car or van,3,7,-4
E01003151,Taxi,1,0,1
E01003151,Train,50,192,-142
E01003151,"Underground, metro, light rail, tram",82,123,-41
E01003151,Work mainly at or from home,393,21,372
E01003152,Bicycle,58,75,-17
E01003152,"Bus, minibus or coach",115,223,-108
E01003152,Driving a car or van,137,199,-62
E01003152,"Motorcycle, scooter or moped",13,24,-11
E01003152,Not in employment or aged 15 years and under,746,391,355
E01003152,On foot,48,59,-11
E01003152,Other method of travel to work,11,6,5
E01003152,Passenger in a car or van,5,8,-3
E01003152,Taxi,5,4,1
E01003152,Train,56,234,-178
E01003152,"Underground, metro, light rail, tram",87,222,-135
E01003152,Work mainly at or from home,622,57,565
E01003153,Bicycle,75,76,-1
E01003153,"Bus, minibus or coach",200,314,-114
E01003153,Driving a car or van,143,172,-29
E01003153,"Motorcycle, scooter or moped",18,31,-13
E01003153,Not in employment or aged 15 years and under,617,330,287
E01003153,On foot,57,47,10
E01003153,Other method of travel to work,14,3,11
E01003153,Passenger in a car or van,22,16,6
E01003153,Taxi,5,1,4
E01003153,Train,81,337,-256
E01003153,"Underground, metro, light rail, tram",155,402,-247
E01003153,Work mainly at or from home,785,57,728
E01003154,Bicycle,42,48,-6
E01003154,"Bus, minibus or coach",162,209,-47
E01003154,Driving a car or van,169,179,-10
E01003154,"Motorcycle, scooter or moped",9,23,-14
E01003154,Not in employment or aged 15 years and under,1013,506,507
E01003154,On foot,64,56,8
E01003154,Other method of travel to work,9,5,4
E01003154,Passenger in a car or van,9,16,-7
E01003154,Taxi,3,2,1
E01003154,Train,49,201,-152
E01003154,"Underground, metro, light rail, tram",68,109,-41
E01003154,Work mainly at or from home,396,34,362
E01003155,Bicycle,51,66,-15
E01003155,"Bus, minibus or coach",138,218,-80
E01003155,Driving a car or van,129,202,-73
E01003155,"Motorcycle, scooter or moped",21,22,-1
E01003155,Not in employment or aged 15 years and under,777,394,383
E01003155,On foot,63,53,10
E01003155,Other method of travel to work,16,5,11
E01003155,Passenger in a car or van,7,13,-6
E01003155,Taxi,6,0,6
E01003155,Train,57,201,-144
E01003155,"Underground, metro, light rail, tram",68,228,-160
E01003155,Work mainly at or from home,504,40,464
E01003156,Bicycle,38,88,-50
E01003156,"Bus, minibus or coach",54,64,-10
E01003156,Driving a car or van,103,127,-24
E01003156,"Motorcycle, scooter or moped",4,14,-10
E01003156,Not in employment or aged 15 years and under,609,320,289
E01003156,On foot,54,60,-6
E01003156,Other method of travel to work,4,4,0
E01003156,Passenger in a car or van,8,6,2
E01003156,Taxi,8,1,7
E01003156,Train,23,112,-89
E01003156,"Underground, metro, light rail, tram",110,366,-256
E01003156,Work mainly at or from home,585,44,541
E01003157,Bicycle,43,93,-50
E01003157,"Bus, minibus or coach",21,32,-11
E01003157,Driving a car or van,48,99,-51
E01003157,"Motorcycle, scooter or moped",2,15,-13
E01003157,Not in employment or aged 15 years and under,661,268,393
E01003157,On foot,38,51,-13
E01003157,Other method of travel to work,4,4,0
E01003157,Passenger in a car or van,3,4,-1
E01003157,Taxi,0,1,-1
E01003157,Train,27,129,-102
E01003157,"Underground, metro, light rail, tram",77,437,-360
E01003157,Work mainly at or from home,657,38,619
E01003158,Bicycle,50,129,-79
E01003158,"Bus, minibus or coach",18,34,-16
E01003158,Driving a car or van,71,147,-76
E01003158,"Motorcycle, scooter or moped",4,19,-15
E01003158,Not in employment or aged 15 years and under,486,185,301
E01003158,On foot,42,35,7
E01003158,Other method of travel to work,9,3,6
E01003158,Passenger in a car or van,4,6,-2
E01003158,Taxi,1,2,-1
E01003158,Train,20,159,-139
E01003158,"Underground, metro, light rail, tram",101,546,-445
E01003158,Work mainly at or from home,812,54,758
E01003159,Bicycle,56,47,9
E01003159,"Bus, minibus or coach",150,180,-30
E01003159,Driving a car or van,119,113,6
E01003159,"Motorcycle, scooter or moped",9,8,1
E01003159,Not in employment or aged 15 years and under,690,368,322
E01003159,On foot,55,57,-2
E01003159,Other method of travel to work,8,4,4
E01003159,Passenger in a car or van,8,4,4
E01003159,Taxi,5,3,2
E01003159,Train,29,46,-17
E01003159,"Underground, metro, light rail, tram",120,277,-157
E01003159,Work mainly at or from home,518,28,490
E01003160,Bicycle,42,37,5
E01003160,"Bus, minibus or coach",182,212,-30
E01003160,Driving a car or van,109,88,21
E01003160,"Motorcycle, scooter or moped",2,8,-6
E01003160,Not in employment or aged 15 years and under,615,404,211
E01003160,On foot,42,53,-11
E01003160,Other method of travel to work,5,1,4
E01003160,Passenger in a car or van,4,8,-4
E01003160,Taxi,3,2,1
E01003160,Train,26,49,-23
E01003160,"Underground, metro, light rail, tram",136,188,-52
E01003160,Work mainly at or from home,283,15,268
E01003161,Bicycle,35,57,-22
E01003161,"Bus, minibus or coach",29,70,-41
E01003161,Driving a car or van,66,80,-14
E01003161,"Motorcycle, scooter or moped",1,12,-11
E01003161,Not in employment or aged 15 years and under,501,241,260
E01003161,On foot,24,30,-6
E01003161,Other method of travel to work,6,3,3
E01003161,Passenger in a car or van,3,0,3
E01003161,Taxi,1,1,0
E01003161,Train,15,54,-39
E01003161,"Underground, metro, light rail, tram",97,356,-259
E01003161,Work mainly at or from home,537,27,510
E01003162,Bicycle,38,30,8
E01003162,"Bus, minibus or coach",283,364,-81
E01003162,Driving a car or van,137,129,8
E01003162,"Motorcycle, scooter or moped",13,13,0
E01003162,Not in employment or aged 15 years and under,889,605,284
E01003162,On foot,66,56,10
E01003162,Other method of travel to work,13,2,11
E01003162,Passenger in a car or van,6,7,-1
E01003162,Taxi,6,0,6
E01003162,Train,34,56,-22
E01003162,"Underground, metro, light rail, tram",121,210,-89
E01003162,Work mainly at or from home,252,24,228
E01003163,Bicycle,31,55,-24
E01003163,"Bus, minibus or coach",69,110,-41
E01003163,Driving a car or van,105,158,-53
E01003163,"Motorcycle, scooter or moped",6,10,-4
E01003163,Not in employment or aged 15 years and under,714,340,374
E01003163,On foot,47,44,3
E01003163,Other method of travel to work,9,4,5
E01003163,Passenger in a car or van,9,7,2
E01003163,Taxi,3,1,2
E01003163,Train,14,62,-48
E01003163,"Underground, metro, light rail, tram",70,332,-262
E01003163,Work mainly at or from home,524,31,493
E01003164,Bicycle,54,86,-32
E01003164,"Bus, minibus or coach",193,252,-59
E01003164,Driving a car or van,136,139,-3
E01003164,"Motorcycle, scooter or moped",16,17,-1
E01003164,Not in employment or aged 15 years and under,930,500,430
E01003164,On foot,46,44,2
E01003164,Other method of travel to work,8,11,-3
E01003164,Passenger in a car or van,6,5,1
E01003164,Taxi,6,2,4
E01003164,Train,110,336,-226
E01003164,"Underground, metro, light rail, tram",102,205,-103
E01003164,Work mainly at or from home,635,48,587
E01003165,Bicycle,36,54,-18
E01003165,"Bus, minibus or coach",61,100,-39
E01003165,Driving a car or van,103,161,-58
E01003165,"Motorcycle, scooter or moped",4,9,-5
E01003165,Not in employment or aged 15 years and under,793,368,425
E01003165,On foot,41,47,-6
E01003165,Other method of travel to work,2,4,-2
E01003165,Passenger in a car or van,5,13,-8
E01003165,Taxi,2,1,1
E01003165,Train,46,254,-208
E01003165,"Underground, metro, light rail, tram",38,89,-51
E01003165,Work mainly at or from home,502,72,430
E01003166,Bicycle,79,90,-11
E01003166,"Bus, minibus or coach",206,261,-55
E01003166,Driving a car or van,146,193,-47
E01003166,"Motorcycle, scooter or moped",14,25,-11
E01003166,Not in employment or aged 15 years and under,1081,461,620
E01003166,On foot,71,63,8
E01003166,Other method of travel to work,8,6,2
E01003166,Passenger in a car or van,5,4,1
E01003166,Taxi,10,4,6
E01003166,Train,116,415,-299
E01003166,"Underground, metro, light rail, tram",116,190,-74
E01003166,Work mainly at or from home,707,59,648
E01003167,Bicycle,63,78,-15
E01003167,"Bus, minibus or coach",32,102,-70
E01003167,Driving a car or van,80,166,-86
E01003167,"Motorcycle, scooter or moped",6,13,-7
E01003167,Not in employment or aged 15 years and under,818,323,495
E01003167,On foot,43,71,-28
E01003167,Other method of travel to work,10,5,5
E01003167,Passenger in a car or van,5,13,-8
E01003167,Taxi,2,2,0
E01003167,Train,86,317,-231
E01003167,"Underground, metro, light rail, tram",37,91,-54
E01003167,Work mainly at or from home,580,77,503
E01003168,Bicycle,30,30,0
E01003168,"Bus, minibus or coach",139,164,-25
E01003168,Driving a car or van,136,138,-2
E01003168,"Motorcycle, scooter or moped",2,10,-8
E01003168,Not in employment or aged 15 years and under,890,481,409
E01003168,On foot,49,68,-19
E01003168,Other method of travel to work,8,4,4
E01003168,Passenger in a car or van,6,10,-4
E01003168,Taxi,1,6,-5
E01003168,Train,83,147,-64
E01003168,"Underground, metro, light rail, tram",30,74,-44
E01003168,Work mainly at or from home,279,27,252
E01003169,Bicycle,97,136,-39
E01003169,"Bus, minibus or coach",119,271,-152
E01003169,Driving a car or van,132,150,-18
E01003169,"Motorcycle, scooter or moped",16,21,-5
E01003169,Not in employment or aged 15 years and under,942,555,387
E01003169,On foot,56,60,-4
E01003169,Other method of travel to work,14,6,8
E01003169,Passenger in a car or van,12,10,2
E01003169,Taxi,8,0,8
E01003169,Train,74,344,-270
E01003169,"Underground, metro, light rail, tram",81,275,-194
E01003169,Work mainly at or from home,799,66,733
E01003170,Bicycle,57,124,-67
E01003170,"Bus, minibus or coach",40,121,-81
E01003170,Driving a car or van,74,177,-103
E01003170,"Motorcycle, scooter or moped",5,12,-7
E01003170,Not in employment or aged 15 years and under,909,328,581
E01003170,On foot,46,52,-6
E01003170,Other method of travel to work,10,9,1
E01003170,Passenger in a car or van,3,14,-11
E01003170,Taxi,2,6,-4
E01003170,Train,66,281,-215
E01003170,"Underground, metro, light rail, tram",48,138,-90
E01003170,Work mainly at or from home,641,73,568
E01003171,Bicycle,75,129,-54
E01003171,"Bus, minibus or coach",105,213,-108
E01003171,Driving a car or van,85,122,-37
E01003171,"Motorcycle, scooter or moped",6,13,-7
E01003171,Not in employment or aged 15 years and under,554,359,195
E01003171,On foot,37,51,-14
E01003171,Other method of travel to work,14,9,5
E01003171,Passenger in a car or van,3,0,3
E01003171,Taxi,2,1,1
E01003171,Train,30,74,-44
E01003171,"Underground, metro, light rail, tram",89,397,-308
E01003171,Work mainly at or from home,649,39,610
E01003172,Bicycle,54,64,-10
E01003172,"Bus, minibus or coach",134,254,-120
E01003172,Driving a car or van,122,137,-15
E01003172,"Motorcycle, scooter or moped",5,10,-5
E01003172,Not in employment or aged 15 years and under,978,508,470
E01003172,On foot,47,47,0
E01003172,Other method of travel to work,17,5,12
E01003172,Passenger in a car or van,8,10,-2
E01003172,Taxi,6,5,1
E01003172,Train,38,94,-56
E01003172,"Underground, metro, light rail, tram",95,304,-209
E01003172,Work mainly at or from home,448,22,426
E01003173,Bicycle,82,132,-50
E01003173,"Bus, minibus or coach",81,187,-106
E01003173,Driving a car or van,65,128,-63
E01003173,"Motorcycle, scooter or moped",5,19,-14
E01003173,Not in employment or aged 15 years and under,624,300,324
E01003173,On foot,38,42,-4
E01003173,Other method of travel to work,7,3,4
E01003173,Passenger in a car or van,3,9,-6
E01003173,Taxi,3,1,2
E01003173,Train,27,88,-61
E01003173,"Underground, metro, light rail, tram",110,361,-251
E01003173,Work mainly at or from home,584,42,542
E01003174,Bicycle,42,46,-4
E01003174,"Bus, minibus or coach",252,360,-108
E01003174,Driving a car or van,139,127,12
E01003174,"Motorcycle, scooter or moped",11,11,0
E01003174,Not in employment or aged 15 years and under,1060,531,529
E01003174,On foot,61,47,14
E01003174,Other method of travel to work,11,6,5
E01003174,Passenger in a car or van,9,6,3
E01003174,Taxi,1,1,0
E01003174,Train,54,112,-58
E01003174,"Underground, metro, light rail, tram",97,172,-75
E01003174,Work mainly at or from home,297,23,274
E01003175,Bicycle,38,43,-5
E01003175,"Bus, minibus or coach",166,221,-55
E01003175,Driving a car or van,111,120,-9
E01003175,"Motorcycle, scooter or moped",11,10,1
E01003175,Not in employment or aged 15 years and under,813,464,349
E01003175,On foot,42,66,-24
E01003175,Other method of travel to work,9,6,3
E01003175,Passenger in a car or van,3,2,1
E01003175,Taxi,14,2,12
E01003175,Train,28,73,-45
E01003175,"Underground, metro, light rail, tram",80,122,-42
E01003175,Work mainly at or from home,266,14,252
E01003176,Bicycle,51,70,-19
E01003176,"Bus, minibus or coach",197,237,-40
E01003176,Driving a car or van,86,71,15
E01003176,"Motorcycle, scooter or moped",6,14,-8
E01003176,Not in employment or aged 15 years and under,941,475,466
E01003176,On foot,68,73,-5
E01003176,Other method of travel to work,8,4,4
E01003176,Passenger in a car or van,7,10,-3
E01003176,Taxi,3,2,1
E01003176,Train,57,50,7
E01003176,"Underground, metro, light rail, tram",152,269,-117
E01003176,Work mainly at or from home,360,30,330
E01003177,Bicycle,80,112,-32
E01003177,"Bus, minibus or coach",102,170,-68
E01003177,Driving a car or van,54,87,-33
E01003177,"Motorcycle, scooter or moped",8,14,-6
E01003177,Not in employment or aged 15 years and under,569,361,208
E01003177,On foot,36,50,-14
E01003177,Other method of travel to work,7,5,2
E01003177,Passenger in a car or van,4,3,1
E01003177,Taxi,4,2,2
E01003177,Train,29,90,-61
E01003177,"Underground, metro, light rail, tram",130,396,-266
E01003177,Work mainly at or from home,579,43,536
E01003178,Bicycle,58,142,-84
E01003178,"Bus, minibus or coach",69,162,-93
E01003178,Driving a car or van,72,81,-9
E01003178,"Motorcycle, scooter or moped",6,20,-14
E01003178,Not in employment or aged 15 years and under,459,300,159
E01003178,On foot,44,47,-3
E01003178,Other method of travel to work,5,9,-4
E01003178,Passenger in a car or van,1,3,-2
E01003178,Taxi,2,0,2
E01003178,Train,20,64,-44
E01003178,"Underground, metro, light rail, tram",97,474,-377
E01003178,Work mainly at or from home,672,52,620
E01003179,Bicycle,36,41,-5
E01003179,"Bus, minibus or coach",194,254,-60
E01003179,Driving a car or van,99,84,15
E01003179,"Motorcycle, scooter or moped",9,5,4
E01003179,Not in employment or aged 15 years and under,844,513,331
E01003179,On foot,36,40,-4
E01003179,Other method of travel to work,8,5,3
E01003179,Passenger in a car or van,8,4,4
E01003179,Taxi,2,4,-2
E01003179,Train,40,74,-34
E01003179,"Underground, metro, light rail, tram",138,165,-27
E01003179,Work mainly at or from home,209,16,193
E01003180,Bicycle,67,91,-24
E01003180,"Bus, minibus or coach",122,237,-115
E01003180,Driving a car or van,74,97,-23
E01003180,"Motorcycle, scooter or moped",6,7,-1
E01003180,Not in employment or aged 15 years and under,703,387,316
E01003180,On foot,60,66,-6
E01003180,Other method of travel to work,9,7,2
E01003180,Passenger in a car or van,4,9,-5
E01003180,Taxi,7,4,3
E01003180,Train,26,49,-23
E01003180,"Underground, metro, light rail, tram",82,223,-141
E01003180,Work mainly at or from home,434,35,399
E01003181,Bicycle,46,48,-2
E01003181,"Bus, minibus or coach",127,247,-120
E01003181,Driving a car or van,81,75,6
E01003181,"Motorcycle, scooter or moped",7,8,-1
E01003181,Not in employment or aged 15 years and under,689,418,271
E01003181,On foot,66,65,1
E01003181,Other method of travel to work,13,7,6
E01003181,Passenger in a car or van,3,4,-1
E01003181,Taxi,7,0,7
E01003181,Train,24,59,-35
E01003181,"Underground, metro, light rail, tram",97,222,-125
E01003181,Work mainly at or from home,375,18,357
E01003182,Bicycle,73,125,-52
E01003182,"Bus, minibus or coach",144,300,-156
E01003182,Driving a car or van,117,89,28
E01003182,"Motorcycle, scooter or moped",5,17,-12
E01003182,Not in employment or aged 15 years and under,775,512,263
E01003182,On foot,73,79,-6
E01003182,Other method of travel to work,17,7,10
E01003182,Passenger in a car or van,4,4,0
E01003182,Taxi,3,5,-2
E01003182,Train,40,64,-24
E01003182,"Underground, metro, light rail, tram",71,176,-105
E01003182,Work mainly at or from home,469,42,427
E01003183,Bicycle,37,73,-36
E01003183,"Bus, minibus or coach",162,236,-74
E01003183,Driving a car or van,101,97,4
E01003183,"Motorcycle, scooter or moped",8,6,2
E01003183,Not in employment or aged 15 years and under,806,450,356
E01003183,On foot,47,49,-2
E01003183,Other method of travel to work,8,5,3
E01003183,Passenger in a car or van,4,2,2
E01003183,Taxi,2,2,0
E01003183,Train,31,58,-27
E01003183,"Underground, metro, light rail, tram",74,190,-116
E01003183,Work mainly at or from home,322,20,302
E01003184,Bicycle,53,28,25
E01003184,"Bus, minibus or coach",163,238,-75
E01003184,Driving a car or van,85,67,18
E01003184,"Motorcycle, scooter or moped",8,2,6
E01003184,Not in employment or aged 15 years and under,707,429,278
E01003184,On foot,43,52,-9
E01003184,Other method of travel to work,10,3,7
E01003184,Passenger in a car or van,7,1,6
E01003184,Taxi,6,2,4
E01003184,Train,26,42,-16
E01003184,"Underground, metro, light rail, tram",86,108,-22
E01003184,Work mainly at or from home,226,7,219
E01003185,Bicycle,65,109,-44
E01003185,"Bus, minibus or coach",191,273,-82
E01003185,Driving a car or van,54,59,-5
E01003185,"Motorcycle, scooter or moped",3,13,-10
E01003185,Not in employment or aged 15 years and under,743,385,358
E01003185,On foot,83,81,2
E01003185,Other method of travel to work,12,5,7
E01003185,Passenger in a car or van,1,3,-2
E01003185,Taxi,4,3,1
E01003185,Train,33,56,-23
E01003185,"Underground, metro, light rail, tram",141,322,-181
E01003185,Work mainly at or from home,605,34,571
E01003186,Bicycle,118,126,-8
E01003186,"Bus, minibus or coach",125,271,-146
E01003186,Driving a car or van,105,104,1
E01003186,"Motorcycle, scooter or moped",6,27,-21
E01003186,Not in employment or aged 15 years and under,847,419,428
E01003186,On foot,85,74,11
E01003186,Other method of travel to work,4,11,-7
E01003186,Passenger in a car or van,9,7,2
E01003186,Taxi,6,5,1
E01003186,Train,35,73,-38
E01003186,"Underground, metro, light rail, tram",144,431,-287
E01003186,Work mainly at or from home,959,74,885
E01003187,Bicycle,82,46,36
E01003187,"Bus, minibus or coach",153,252,-99
E01003187,Driving a car or van,127,101,26
E01003187,"Motorcycle, scooter or moped",6,3,3
E01003187,Not in employment or aged 15 years and under,961,496,465
E01003187,On foot,81,54,27
E01003187,Other method of travel to work,6,7,-1
E01003187,Passenger in a car or van,4,8,-4
E01003187,Taxi,6,1,5
E01003187,Train,41,64,-23
E01003187,"Underground, metro, light rail, tram",120,152,-32
E01003187,Work mainly at or from home,732,16,716
E01003188,Bicycle,39,57,-18
E01003188,"Bus, minibus or coach",131,221,-90
E01003188,Driving a car or van,78,73,5
E01003188,"Motorcycle, scooter or moped",8,5,3
E01003188,Not in employment or aged 15 years and under,606,432,174
E01003188,On foot,52,59,-7
E01003188,Other method of travel to work,11,6,5
E01003188,Passenger in a car or van,1,6,-5
E01003188,Taxi,5,2,3
E01003188,Train,27,34,-7
E01003188,"Underground, metro, light rail, tram",67,116,-49
E01003188,Work mainly at or from home,235,18,217
E01003189,Bicycle,17,13,4
E01003189,"Bus, minibus or coach",103,126,-23
E01003189,Driving a car or van,248,195,53
E01003189,"Motorcycle, scooter or moped",11,7,4
E01003189,Not in employment or aged 15 years and under,1016,488,528
E01003189,On foot,59,60,-1
E01003189,Other method of travel to work,5,3,2
E01003189,Passenger in a car or van,26,11,15
E01003189,Taxi,2,1,1
E01003189,Train,61,149,-88
E01003189,"Underground, metro, light rail, tram",24,35,-11
E01003189,Work mainly at or from home,191,13,178
E01003190,Bicycle,14,10,4
E01003190,"Bus, minibus or coach",164,137,27
E01003190,Driving a car or van,225,192,33
E01003190,"Motorcycle, scooter or moped",7,9,-2
E01003190,Not in employment or aged 15 years and under,1325,493,832
E01003190,On foot,73,83,-10
E01003190,Other method of travel to work,11,2,9
E01003190,Passenger in a car or van,12,14,-2
E01003190,Taxi,2,0,2
E01003190,Train,129,243,-114
E01003190,"Underground, metro, light rail, tram",57,61,-4
E01003190,Work mainly at or from home,301,40,261
E01003191,Bicycle,19,12,7
E01003191,"Bus, minibus or coach",102,117,-15
E01003191,Driving a car or van,197,220,-23
E01003191,"Motorcycle, scooter or moped",13,5,8
E01003191,Not in employment or aged 15 years and under,852,382,470
E01003191,On foot,62,40,22
E01003191,Other method of travel to work,14,5,9
E01003191,Passenger in a car or van,14,15,-1
E01003191,Taxi,7,1,6
E01003191,Train,108,192,-84
E01003191,"Underground, metro, light rail, tram",23,39,-16
E01003191,Work mainly at or from home,251,16,235
E01003192,Bicycle,12,7,5
E01003192,"Bus, minibus or coach",143,153,-10
E01003192,Driving a car or van,166,193,-27
E01003192,"Motorcycle, scooter or moped",3,6,-3
E01003192,Not in employment or aged 15 years and under,1001,508,493
E01003192,On foot,45,47,-2
E01003192,Other method of travel to work,8,3,5
E01003192,Passenger in a car or van,3,12,-9
E01003192,Taxi,4,6,-2
E01003192,Train,126,169,-43
E01003192,"Underground, metro, light rail, tram",48,46,2
E01003192,Work mainly at or from home,224,14,210
E01003193,Bicycle,15,14,1
E01003193,"Bus, minibus or coach",87,117,-30
E01003193,Driving a car or van,181,239,-58
E01003193,"Motorcycle, scooter or moped",6,6,0
E01003193,Not in employment or aged 15 years and under,984,432,552
E01003193,On foot,46,50,-4
E01003193,Other method of travel to work,7,2,5
E01003193,Passenger in a car or van,14,11,3
E01003193,Taxi,2,7,-5
E01003193,Train,106,168,-62
E01003193,"Underground, metro, light rail, tram",29,74,-45
E01003193,Work mainly at or from home,321,18,303
E01003194,Bicycle,19,18,1
E01003194,"Bus, minibus or coach",124,174,-50
E01003194,Driving a car or van,195,215,-20
E01003194,"Motorcycle, scooter or moped",6,7,-1
E01003194,Not in employment or aged 15 years and under,957,439,518
E01003194,On foot,47,66,-19
E01003194,Other method of travel to work,22,5,17
E01003194,Passenger in a car or van,10,19,-9
E01003194,Taxi,4,6,-2
E01003194,Train,101,199,-98
E01003194,"Underground, metro, light rail, tram",34,46,-12
E01003194,Work mainly at or from home,249,24,225
E01003195,Bicycle,20,23,-3
E01003195,"Bus, minibus or coach",82,106,-24
E01003195,Driving a car or van,204,289,-85
E01003195,"Motorcycle, scooter or moped",7,9,-2
E01003195,Not in employment or aged 15 years and under,668,345,323
E01003195,On foot,33,40,-7
E01003195,Other method of travel to work,7,4,3
E01003195,Passenger in a car or van,6,12,-6
E01003195,Taxi,6,2,4
E01003195,Train,81,189,-108
E01003195,"Underground, metro, light rail, tram",27,60,-33
E01003195,Work mainly at or from home,350,20,330
E01003196,Bicycle,15,14,1
E01003196,"Bus, minibus or coach",89,130,-41
E01003196,Driving a car or van,274,229,45
E01003196,"Motorcycle, scooter or moped",4,11,-7
E01003196,Not in employment or aged 15 years and under,977,447,530
E01003196,On foot,59,55,4
E01003196,Other method of travel to work,10,3,7
E01003196,Passenger in a car or van,12,13,-1
E01003196,Taxi,3,3,0
E01003196,Train,97,155,-58
E01003196,"Underground, metro, light rail, tram",35,56,-21
E01003196,Work mainly at or from home,190,14,176
E01003197,Bicycle,16,10,6
E01003197,"Bus, minibus or coach",99,148,-49
E01003197,Driving a car or van,212,203,9
E01003197,"Motorcycle, scooter or moped",6,5,1
E01003197,Not in employment or aged 15 years and under,953,500,453
E01003197,On foot,48,61,-13
E01003197,Other method of travel to work,13,6,7
E01003197,Passenger in a car or van,12,13,-1
E01003197,Taxi,2,5,-3
E01003197,Train,83,156,-73
E01003197,"Underground, metro, light rail, tram",20,34,-14
E01003197,Work mainly at or from home,190,15,175
E01003198,Bicycle,27,30,-3
E01003198,"Bus, minibus or coach",51,70,-19
E01003198,Driving a car or van,100,116,-16
E01003198,"Motorcycle, scooter or moped",3,12,-9
E01003198,Not in employment or aged 15 years and under,687,310,377
E01003198,On foot,38,42,-4
E01003198,Other method of travel to work,11,1,10
E01003198,Passenger in a car or van,6,3,3
E01003198,Taxi,1,1,0
E01003198,Train,77,343,-266
E01003198,"Underground, metro, light rail, tram",40,87,-47
E01003198,Work mainly at or from home,453,36,417
E01003199,Bicycle,36,37,-1
E01003199,"Bus, minibus or coach",56,82,-26
E01003199,Driving a car or van,98,166,-68
E01003199,"Motorcycle, scooter or moped",4,11,-7
E01003199,Not in employment or aged 15 years and under,824,309,515
E01003199,On foot,42,57,-15
E01003199,Other method of travel to work,3,6,-3
E01003199,Passenger in a car or van,9,6,3
E01003199,Taxi,3,1,2
E01003199,Train,125,447,-322
E01003199,"Underground, metro, light rail, tram",62,165,-103
E01003199,Work mainly at or from home,707,71,636
E01003200,Bicycle,35,42,-7
E01003200,"Bus, minibus or coach",37,58,-21
E01003200,Driving a car or van,86,134,-48
E01003200,"Motorcycle, scooter or moped",3,5,-2
E01003200,Not in employment or aged 15 years and under,602,292,310
E01003200,On foot,41,49,-8
E01003200,Other method of travel to work,2,7,-5
E01003200,Passenger in a car or van,3,8,-5
E01003200,Taxi,2,3,-1
E01003200,Train,93,474,-381
E01003200,"Underground, metro, light rail, tram",30,106,-76
E01003200,Work mainly at or from home,539,73,466
E01003201,Bicycle,29,30,-1
E01003201,"Bus, minibus or coach",85,121,-36
E01003201,Driving a car or van,112,109,3
E01003201,"Motorcycle, scooter or moped",4,9,-5
E01003201,Not in employment or aged 15 years and under,802,426,376
E01003201,On foot,54,55,-1
E01003201,Other method of travel to work,10,4,6
E01003201,Passenger in a car or van,7,5,2
E01003201,Taxi,3,5,-2
E01003201,Train,90,287,-197
E01003201,"Underground, metro, light rail, tram",52,119,-67
E01003201,Work mainly at or from home,433,54,379
E01003202,Bicycle,31,30,1
E01003202,"Bus, minibus or coach",23,78,-55
E01003202,Driving a car or van,105,140,-35
E01003202,"Motorcycle, scooter or moped",8,7,1
E01003202,Not in employment or aged 15 years and under,678,274,404
E01003202,On foot,47,36,11
E01003202,Other method of travel to work,7,6,1
E01003202,Passenger in a car or van,3,8,-5
E01003202,Taxi,0,2,-2
E01003202,Train,111,416,-305
E01003202,"Underground, metro, light rail, tram",32,133,-101
E01003202,Work mainly at or from home,507,64,443
E01003203,Bicycle,29,35,-6
E01003203,"Bus, minibus or coach",137,146,-9
E01003203,Driving a car or van,146,144,2
E01003203,"Motorcycle, scooter or moped",6,7,-1
E01003203,Not in employment or aged 15 years and under,957,403,554
E01003203,On foot,62,62,0
E01003203,Other method of travel to work,15,6,9
E01003203,Passenger in a car or van,16,6,10
E01003203,Taxi,0,1,-1
E01003203,Train,113,400,-287
E01003203,"Underground, metro, light rail, tram",52,161,-109
E01003203,Work mainly at or from home,432,53,379
E01003204,Bicycle,21,42,-21
E01003204,"Bus, minibus or coach",63,59,4
E01003204,Driving a car or van,102,128,-26
E01003204,"Motorcycle, scooter or moped",3,4,-1
E01003204,Not in employment or aged 15 years and under,752,328,424
E01003204,On foot,37,49,-12
E01003204,Other method of travel to work,8,3,5
E01003204,Passenger in a car or van,4,7,-3
E01003204,Taxi,2,1,1
E01003204,Train,55,265,-210
E01003204,"Underground, metro, light rail, tram",62,124,-62
E01003204,Work mainly at or from home,501,45,456
E01003205,Bicycle,17,12,5
E01003205,"Bus, minibus or coach",88,148,-60
E01003205,Driving a car or van,66,71,-5
E01003205,"Motorcycle, scooter or moped",1,2,-1
E01003205,Not in employment or aged 15 years and under,696,477,219
E01003205,On foot,42,49,-7
E01003205,Other method of travel to work,10,5,5
E01003205,Passenger in a car or van,4,17,-13
E01003205,Taxi,2,2,0
E01003205,Train,62,95,-33
E01003205,"Underground, metro, light rail, tram",45,48,-3
E01003205,Work mainly at or from home,358,11,347
E01003206,Bicycle,31,39,-8
E01003206,"Bus, minibus or coach",32,59,-27
E01003206,Driving a car or van,70,125,-55
E01003206,"Motorcycle, scooter or moped",3,6,-3
E01003206,Not in employment or aged 15 years and under,603,328,275
E01003206,On foot,34,45,-11
E01003206,Other method of travel to work,6,5,1
E01003206,Passenger in a car or van,5,5,0
E01003206,Taxi,3,0,3
E01003206,Train,72,390,-318
E01003206,"Underground, metro, light rail, tram",44,138,-94
E01003206,Work mainly at or from home,507,69,438
E01003207,Bicycle,51,13,38
E01003207,"Bus, minibus or coach",146,162,-16
E01003207,Driving a car or van,106,97,9
E01003207,"Motorcycle, scooter or moped",8,7,1
E01003207,Not in employment or aged 15 years and under,1186,423,763
E01003207,On foot,58,90,-32
E01003207,Other method of travel to work,6,5,1
E01003207,Passenger in a car or van,10,6,4
E01003207,Taxi,2,4,-2
E01003207,Train,123,119,4
E01003207,"Underground, metro, light rail, tram",151,130,21
E01003207,Work mainly at or from home,488,13,475
E01003209,Bicycle,34,32,2
E01003209,"Bus, minibus or coach",142,232,-90
E01003209,Driving a car or van,87,123,-36
E01003209,"Motorcycle, scooter or moped",7,5,2
E01003209,Not in employment or aged 15 years and under,966,568,398
E01003209,On foot,51,102,-51
E01003209,Other method of travel to work,11,7,4
E01003209,Passenger in a car or van,8,5,3
E01003209,Taxi,5,2,3
E01003209,Train,71,249,-178
E01003209,"Underground, metro, light rail, tram",75,244,-169
E01003209,Work mainly at or from home,440,37,403
E01003210,Bicycle,56,94,-38
E01003210,"Bus, minibus or coach",90,179,-89
E01003210,Driving a car or van,92,115,-23
E01003210,"Motorcycle, scooter or moped",7,10,-3
E01003210,Not in employment or aged 15 years and under,710,396,314
E01003210,On foot,44,75,-31
E01003210,Other method of travel to work,12,10,2
E01003210,Passenger in a car or van,3,15,-12
E01003210,Taxi,5,0,5
E01003210,Train,70,270,-200
E01003210,"Underground, metro, light rail, tram",95,242,-147
E01003210,Work mainly at or from home,590,54,536
E01003211,Bicycle,43,71,-28
E01003211,"Bus, minibus or coach",75,118,-43
E01003211,Driving a car or van,74,121,-47
E01003211,"Motorcycle, scooter or moped",6,8,-2
E01003211,Not in employment or aged 15 years and under,577,313,264
E01003211,On foot,45,68,-23
E01003211,Other method of travel to work,6,9,-3
E01003211,Passenger in a car or van,6,4,2
E01003211,Taxi,2,3,-1
E01003211,Train,72,321,-249
E01003211,"Underground, metro, light rail, tram",64,196,-132
E01003211,Work mainly at or from home,591,60,531
E01003212,Bicycle,71,65,6
E01003212,"Bus, minibus or coach",90,193,-103
E01003212,Driving a car or van,115,155,-40
E01003212,"Motorcycle, scooter or moped",4,14,-10
E01003212,Not in employment or aged 15 years and under,880,488,392
E01003212,On foot,70,82,-12
E01003212,Other method of travel to work,14,6,8
E01003212,Passenger in a car or van,10,14,-4
E01003212,Taxi,7,2,5
E01003212,Train,67,311,-244
E01003212,"Underground, metro, light rail, tram",128,249,-121
E01003212,Work mainly at or from home,553,40,513
E01003213,Bicycle,64,81,-17
E01003213,"Bus, minibus or coach",73,112,-39
E01003213,Driving a car or van,118,140,-22
E01003213,"Motorcycle, scooter or moped",6,21,-15
E01003213,Not in employment or aged 15 years and under,805,477,328
E01003213,On foot,44,50,-6
E01003213,Other method of travel to work,11,13,-2
E01003213,Passenger in a car or van,8,11,-3
E01003213,Taxi,1,3,-2
E01003213,Train,82,334,-252
E01003213,"Underground, metro, light rail, tram",101,276,-175
E01003213,Work mainly at or from home,654,86,568
E01003214,Bicycle,29,57,-28
E01003214,"Bus, minibus or coach",88,158,-70
E01003214,Driving a car or van,132,150,-18
E01003214,"Motorcycle, scooter or moped",2,8,-6
E01003214,Not in employment or aged 15 years and under,770,455,315
E01003214,On foot,54,63,-9
E01003214,Other method of travel to work,20,5,15
E01003214,Passenger in a car or van,4,7,-3
E01003214,Taxi,0,1,-1
E01003214,Train,73,227,-154
E01003214,"Underground, metro, light rail, tram",112,193,-81
E01003214,Work mainly at or from home,493,52,441
E01003215,Bicycle,45,46,-1
E01003215,"Bus, minibus or coach",130,148,-18
E01003215,Driving a car or van,48,97,-49
E01003215,"Motorcycle, scooter or moped",9,7,2
E01003215,Not in employment or aged 15 years and under,1022,676,346
E01003215,On foot,61,81,-20
E01003215,Other method of travel to work,21,4,17
E01003215,Passenger in a car or van,8,7,1
E01003215,Taxi,9,0,9
E01003215,Train,75,260,-185
E01003215,"Underground, metro, light rail, tram",89,288,-199
E01003215,Work mainly at or from home,373,48,325
E01003216,Bicycle,32,24,8
E01003216,"Bus, minibus or coach",100,164,-64
E01003216,Driving a car or van,137,239,-102
E01003216,"Motorcycle, scooter or moped",8,16,-8
E01003216,Not in employment or aged 15 years and under,788,485,303
E01003216,On foot,43,75,-32
E01003216,Other method of travel to work,13,3,10
E01003216,Passenger in a car or van,9,13,-4
E01003216,Taxi,5,2,3
E01003216,Train,73,257,-184
E01003216,"Underground, metro, light rail, tram",50,76,-26
E01003216,Work mainly at or from home,414,36,378
E01003217,Bicycle,47,20,27
E01003217,"Bus, minibus or coach",102,152,-50
E01003217,Driving a car or van,189,219,-30
E01003217,"Motorcycle, scooter or moped",7,5,2
E01003217,Not in employment or aged 15 years and under,971,370,601
E01003217,On foot,45,65,-20
E01003217,Other method of travel to work,7,3,4
E01003217,Passenger in a car or van,12,11,1
E01003217,Taxi,4,4,0
E01003217,Train,106,245,-139
E01003217,"Underground, metro, light rail, tram",44,46,-2
E01003217,Work mainly at or from home,402,29,373
E01003218,Bicycle,10,15,-5
E01003218,"Bus, minibus or coach",53,96,-43
E01003218,Driving a car or van,176,274,-98
E01003218,"Motorcycle, scooter or moped",4,5,-1
E01003218,Not in employment or aged 15 years and under,800,344,456
E01003218,On foot,59,63,-4
E01003218,Other method of travel to work,12,2,10
E01003218,Passenger in a car or van,17,4,13
E01003218,Taxi,2,1,1
E01003218,Train,57,208,-151
E01003218,"Underground, metro, light rail, tram",27,47,-20
E01003218,Work mainly at or from home,338,33,305
E01003219,Bicycle,13,32,-19
E01003219,"Bus, minibus or coach",75,121,-46
E01003219,Driving a car or van,194,280,-86
E01003219,"Motorcycle, scooter or moped",6,9,-3
E01003219,Not in employment or aged 15 years and under,861,399,462
E01003219,On foot,41,66,-25
E01003219,Other method of travel to work,19,6,13
E01003219,Passenger in a car or van,11,13,-2
E01003219,Taxi,5,3,2
E01003219,Train,74,196,-122
E01003219,"Underground, metro, light rail, tram",33,52,-19
E01003219,Work mainly at or from home,388,39,349
E01003220,Bicycle,28,24,4
E01003220,"Bus, minibus or coach",89,136,-47
E01003220,Driving a car or van,140,197,-57
E01003220,"Motorcycle, scooter or moped",2,3,-1
E01003220,Not in employment or aged 15 years and under,864,386,478
E01003220,On foot,45,40,5
E01003220,Other method of travel to work,12,7,5
E01003220,Passenger in a car or van,17,10,7
E01003220,Taxi,5,1,4
E01003220,Train,92,253,-161
E01003220,"Underground, metro, light rail, tram",19,72,-53
E01003220,Work mainly at or from home,355,30,325
E01003221,Bicycle,20,29,-9
E01003221,"Bus, minibus or coach",122,177,-55
E01003221,Driving a car or van,209,216,-7
E01003221,"Motorcycle, scooter or moped",10,12,-2
E01003221,Not in employment or aged 15 years and under,1143,546,597
E01003221,On foot,66,62,4
E01003221,Other method of travel to work,15,2,13
E01003221,Passenger in a car or van,10,12,-2
E01003221,Taxi,4,1,3
E01003221,Train,98,254,-156
E01003221,"Underground, metro, light rail, tram",52,81,-29
E01003221,Work mainly at or from home,408,36,372
E01003222,Bicycle,19,19,0
E01003222,"Bus, minibus or coach",79,126,-47
E01003222,Driving a car or van,195,274,-79
E01003222,"Motorcycle, scooter or moped",8,3,5
E01003222,Not in employment or aged 15 years and under,735,426,309
E01003222,On foot,35,44,-9
E01003222,Other method of travel to work,9,3,6
E01003222,Passenger in a car or van,6,15,-9
E01003222,Taxi,2,1,1
E01003222,Train,89,179,-90
E01003222,"Underground, metro, light rail, tram",36,68,-32
E01003222,Work mainly at or from home,363,23,340
E01003223,Bicycle,18,11,7
E01003223,"Bus, minibus or coach",81,125,-44
E01003223,Driving a car or van,202,314,-112
E01003223,"Motorcycle, scooter or moped",5,8,-3
E01003223,Not in employment or aged 15 years and under,830,426,404
E01003223,On foot,48,54,-6
E01003223,Other method of travel to work,12,0,12
E01003223,Passenger in a car or van,12,9,3
E01003223,Taxi,2,2,0
E01003223,Train,81,211,-130
E01003223,"Underground, metro, light rail, tram",28,58,-30
E01003223,Work mainly at or from home,334,31,303
E01003224,Bicycle,29,21,8
E01003224,"Bus, minibus or coach",109,155,-46
E01003224,Driving a car or van,174,251,-77
E01003224,"Motorcycle, scooter or moped",8,6,2
E01003224,Not in employment or aged 15 years and under,878,424,454
E01003224,On foot,49,68,-19
E01003224,Other method of travel to work,10,5,5
E01003224,Passenger in a car or van,6,15,-9
E01003224,Taxi,5,3,2
E01003224,Train,85,198,-113
E01003224,"Underground, metro, light rail, tram",29,69,-40
E01003224,Work mainly at or from home,357,34,323
E01003225,Bicycle,53,52,1
E01003225,"Bus, minibus or coach",25,86,-61
E01003225,Driving a car or van,108,210,-102
E01003225,"Motorcycle, scooter or moped",6,8,-2
E01003225,Not in employment or aged 15 years and under,708,323,385
E01003225,On foot,38,52,-14
E01003225,Other method of travel to work,9,5,4
E01003225,Passenger in a car or van,7,13,-6
E01003225,Taxi,2,2,0
E01003225,Train,80,252,-172
E01003225,"Underground, metro, light rail, tram",41,107,-66
E01003225,Work mainly at or from home,523,52,471
E01003226,Bicycle,58,58,0
E01003226,"Bus, minibus or coach",61,128,-67
E01003226,Driving a car or van,131,184,-53
E01003226,"Motorcycle, scooter or moped",3,11,-8
E01003226,Not in employment or aged 15 years and under,798,346,452
E01003226,On foot,45,57,-12
E01003226,Other method of travel to work,10,6,4
E01003226,Passenger in a car or van,4,11,-7
E01003226,Taxi,4,2,2
E01003226,Train,76,314,-238
E01003226,"Underground, metro, light rail, tram",87,191,-104
E01003226,Work mainly at or from home,568,57,511
E01003227,Bicycle,49,51,-2
E01003227,"Bus, minibus or coach",50,93,-43
E01003227,Driving a car or van,129,194,-65
E01003227,"Motorcycle, scooter or moped",5,9,-4
E01003227,Not in employment or aged 15 years and under,684,346,338
E01003227,On foot,40,41,-1
E01003227,Other method of travel to work,3,4,-1
E01003227,Passenger in a car or van,8,8,0
E01003227,Taxi,7,3,4
E01003227,Train,63,327,-264
E01003227,"Underground, metro, light rail, tram",60,141,-81
E01003227,Work mainly at or from home,548,60,488
E01003228,Bicycle,48,61,-13
E01003228,"Bus, minibus or coach",32,73,-41
E01003228,Driving a car or van,77,131,-54
E01003228,"Motorcycle, scooter or moped",1,7,-6
E01003228,Not in employment or aged 15 years and under,632,280,352
E01003228,On foot,28,32,-4
E01003228,Other method of travel to work,11,9,2
E01003228,Passenger in a car or van,3,8,-5
E01003228,Taxi,1,1,0
E01003228,Train,75,350,-275
E01003228,"Underground, metro, light rail, tram",47,175,-128
E01003228,Work mainly at or from home,626,41,585
E01003229,Bicycle,34,31,3
E01003229,"Bus, minibus or coach",115,117,-2
E01003229,Driving a car or van,108,139,-31
E01003229,"Motorcycle, scooter or moped",5,9,-4
E01003229,Not in employment or aged 15 years and under,828,453,375
E01003229,On foot,43,55,-12
E01003229,Other method of travel to work,9,6,3
E01003229,Passenger in a car or van,4,14,-10
E01003229,Taxi,8,3,5
E01003229,Train,70,201,-131
E01003229,"Underground, metro, light rail, tram",54,98,-44
E01003229,Work mainly at or from home,407,30,377
E01003230,Bicycle,44,55,-11
E01003230,"Bus, minibus or coach",95,168,-73
E01003230,Driving a car or van,159,206,-47
E01003230,"Motorcycle, scooter or moped",11,14,-3
E01003230,Not in employment or aged 15 years and under,914,462,452
E01003230,On foot,67,45,22
E01003230,Other method of travel to work,13,3,10
E01003230,Passenger in a car or van,5,18,-13
E01003230,Taxi,2,2,0
E01003230,Train,102,314,-212
E01003230,"Underground, metro, light rail, tram",63,126,-63
E01003230,Work mainly at or from home,517,45,472
E01003231,Bicycle,57,35,22
E01003231,"Bus, minibus or coach",62,121,-59
E01003231,Driving a car or van,100,148,-48
E01003231,"Motorcycle, scooter or moped",3,28,-25
E01003231,Not in employment or aged 15 years and under,642,380,262
E01003231,On foot,56,56,0
E01003231,Other method of travel to work,6,6,0
E01003231,Passenger in a car or van,5,9,-4
E01003231,Taxi,0,6,-6
E01003231,Train,68,257,-189
E01003231,"Underground, metro, light rail, tram",56,143,-87
E01003231,Work mainly at or from home,490,45,445
E01003232,Bicycle,48,61,-13
E01003232,"Bus, minibus or coach",56,108,-52
E01003232,Driving a car or van,119,221,-102
E01003232,"Motorcycle, scooter or moped",2,11,-9
E01003232,Not in employment or aged 15 years and under,781,396,385
E01003232,On foot,50,48,2
E01003232,Other method of travel to work,6,7,-1
E01003232,Passenger in a car or van,4,12,-8
E01003232,Taxi,2,0,2
E01003232,Train,65,276,-211
E01003232,"Underground, metro, light rail, tram",58,107,-49
E01003232,Work mainly at or from home,515,36,479
E01003233,Bicycle,54,59,-5
E01003233,"Bus, minibus or coach",62,91,-29
E01003233,Driving a car or van,122,215,-93
E01003233,"Motorcycle, scooter or moped",3,10,-7
E01003233,Not in employment or aged 15 years and under,889,401,488
E01003233,On foot,40,54,-14
E01003233,Other method of travel to work,12,5,7
E01003233,Passenger in a car or van,10,13,-3
E01003233,Taxi,4,3,1
E01003233,Train,79,292,-213
E01003233,"Underground, metro, light rail, tram",38,104,-66
E01003233,Work mainly at or from home,521,50,471
E01003235,Bicycle,13,10,3
E01003235,"Bus, minibus or coach",67,103,-36
E01003235,Driving a car or van,218,241,-23
E01003235,"Motorcycle, scooter or moped",11,8,3
E01003235,Not in employment or aged 15 years and under,740,357,383
E01003235,On foot,31,27,4
E01003235,Other method of travel to work,4,5,-1
E01003235,Passenger in a car or van,13,13,0
E01003235,Taxi,12,3,9
E01003235,Train,59,116,-57
E01003235,"Underground, metro, light rail, tram",17,30,-13
E01003235,Work mainly at or from home,235,17,218
E01003236,Bicycle,13,11,2
E01003236,"Bus, minibus or coach",128,109,19
E01003236,Driving a car or van,198,183,15
E01003236,"Motorcycle, scooter or moped",8,3,5
E01003236,Not in employment or aged 15 years and under,900,472,428
E01003236,On foot,41,35,6
E01003236,Other method of travel to work,11,4,7
E01003236,Passenger in a car or van,15,19,-4
E01003236,Taxi,4,1,3
E01003236,Train,102,171,-69
E01003236,"Underground, metro, light rail, tram",38,40,-2
E01003236,Work mainly at or from home,237,13,224
E01003237,Bicycle,9,14,-5
E01003237,"Bus, minibus or coach",99,138,-39
E01003237,Driving a car or van,235,199,36
E01003237,"Motorcycle, scooter or moped",5,8,-3
E01003237,Not in employment or aged 15 years and under,946,413,533
E01003237,On foot,41,48,-7
E01003237,Other method of travel to work,4,5,-1
E01003237,Passenger in a car or van,17,11,6
E01003237,Taxi,4,3,1
E01003237,Train,85,122,-37
E01003237,"Underground, metro, light rail, tram",32,26,6
E01003237,Work mainly at or from home,212,15,197
E01003238,Bicycle,13,10,3
E01003238,"Bus, minibus or coach",84,115,-31
E01003238,Driving a car or van,209,223,-14
E01003238,"Motorcycle, scooter or moped",2,9,-7
E01003238,Not in employment or aged 15 years and under,847,372,475
E01003238,On foot,31,48,-17
E01003238,Other method of travel to work,6,5,1
E01003238,Passenger in a car or van,14,10,4
E01003238,Taxi,5,4,1
E01003238,Train,64,124,-60
E01003238,"Underground, metro, light rail, tram",25,29,-4
E01003238,Work mainly at or from home,176,10,166
E01003239,Bicycle,7,6,1
E01003239,"Bus, minibus or coach",108,125,-17
E01003239,Driving a car or van,258,237,21
E01003239,"Motorcycle, scooter or moped",8,10,-2
E01003239,Not in employment or aged 15 years and under,914,368,546
E01003239,On foot,34,40,-6
E01003239,Other method of travel to work,10,4,6
E01003239,Passenger in a car or van,12,16,-4
E01003239,Taxi,1,6,-5
E01003239,Train,62,107,-45
E01003239,"Underground, metro, light rail, tram",29,34,-5
E01003239,Work mainly at or from home,166,11,155
E01003240,Bicycle,12,16,-4
E01003240,"Bus, minibus or coach",117,175,-58
E01003240,Driving a car or van,281,277,4
E01003240,"Motorcycle, scooter or moped",8,8,0
E01003240,Not in employment or aged 15 years and under,1158,480,678
E01003240,On foot,68,47,21
E01003240,Other method of travel to work,19,2,17
E01003240,Passenger in a car or van,13,19,-6
E01003240,Taxi,7,3,4
E01003240,Train,84,151,-67
E01003240,"Underground, metro, light rail, tram",38,36,2
E01003240,Work mainly at or from home,193,16,177
E01003241,Bicycle,11,12,-1
E01003241,"Bus, minibus or coach",95,143,-48
E01003241,Driving a car or van,214,211,3
E01003241,"Motorcycle, scooter or moped",1,6,-5
E01003241,Not in employment or aged 15 years and under,856,484,372
E01003241,On foot,36,24,12
E01003241,Other method of travel to work,11,4,7
E01003241,Passenger in a car or van,9,16,-7
E01003241,Taxi,1,6,-5
E01003241,Train,93,140,-47
E01003241,"Underground, metro, light rail, tram",25,41,-16
E01003241,Work mainly at or from home,234,29,205
E01003243,Bicycle,16,7,9
E01003243,"Bus, minibus or coach",119,129,-10
E01003243,Driving a car or van,221,198,23
E01003243,"Motorcycle, scooter or moped",8,4,4
E01003243,Not in employment or aged 15 years and under,798,389,409
E01003243,On foot,46,28,18
E01003243,Other method of travel to work,15,9,6
E01003243,Passenger in a car or van,10,7,3
E01003243,Taxi,4,3,1
E01003243,Train,73,106,-33
E01003243,"Underground, metro, light rail, tram",32,41,-9
E01003243,Work mainly at or from home,171,15,156
E01003244,Bicycle,38,19,19
E01003244,"Bus, minibus or coach",155,181,-26
E01003244,Driving a car or van,139,92,47
E01003244,"Motorcycle, scooter or moped",1,5,-4
E01003244,Not in employment or aged 15 years and under,979,454,525
E01003244,On foot,74,49,25
E01003244,Other method of travel to work,11,2,9
E01003244,Passenger in a car or van,7,8,-1
E01003244,Taxi,1,0,1
E01003244,Train,66,80,-14
E01003244,"Underground, metro, light rail, tram",154,169,-15
E01003244,Work mainly at or from home,274,16,258
E01003245,Bicycle,34,20,14
E01003245,"Bus, minibus or coach",100,149,-49
E01003245,Driving a car or van,126,96,30
E01003245,"Motorcycle, scooter or moped",9,6,3
E01003245,Not in employment or aged 15 years and under,1204,449,755
E01003245,On foot,40,46,-6
E01003245,Other method of travel to work,17,6,11
E01003245,Passenger in a car or van,3,7,-4
E01003245,Taxi,15,0,15
E01003245,Train,84,69,15
E01003245,"Underground, metro, light rail, tram",91,186,-95
E01003245,Work mainly at or from home,267,10,257
E01003246,Bicycle,84,28,56
E01003246,"Bus, minibus or coach",139,179,-40
E01003246,Driving a car or van,154,95,59
E01003246,"Motorcycle, scooter or moped",14,3,11
E01003246,Not in employment or aged 15 years and under,1026,441,585
E01003246,On foot,74,44,30
E01003246,Other method of travel to work,15,7,8
E01003246,Passenger in a car or van,2,11,-9
E01003246,Taxi,3,3,0
E01003246,Train,89,89,0
E01003246,"Underground, metro, light rail, tram",104,166,-62
E01003246,Work mainly at or from home,713,22,691
E01003247,Bicycle,85,69,16
E01003247,"Bus, minibus or coach",111,179,-68
E01003247,Driving a car or van,117,149,-32
E01003247,"Motorcycle, scooter or moped",19,14,5
E01003247,Not in employment or aged 15 years and under,780,399,381
E01003247,On foot,66,55,11
E01003247,Other method of travel to work,16,8,8
E01003247,Passenger in a car or van,8,17,-9
E01003247,Taxi,9,3,6
E01003247,Train,69,60,9
E01003247,"Underground, metro, light rail, tram",234,497,-263
E01003247,Work mainly at or from home,586,26,560
E01003248,Bicycle,28,38,-10
E01003248,"Bus, minibus or coach",129,194,-65
E01003248,Driving a car or van,111,113,-2
E01003248,"Motorcycle, scooter or moped",4,5,-1
E01003248,Not in employment or aged 15 years and under,870,444,426
E01003248,On foot,46,50,-4
E01003248,Other method of travel to work,18,10,8
E01003248,Passenger in a car or van,1,9,-8
E01003248,Taxi,2,3,-1
E01003248,Train,52,64,-12
E01003248,"Underground, metro, light rail, tram",119,228,-109
E01003248,Work mainly at or from home,268,21,247
E01003249,Bicycle,76,47,29
E01003249,"Bus, minibus or coach",135,168,-33
E01003249,Driving a car or van,160,139,21
E01003249,"Motorcycle, scooter or moped",8,24,-16
E01003249,Not in employment or aged 15 years and under,909,528,381
E01003249,On foot,49,47,2
E01003249,Other method of travel to work,16,71,-55
E01003249,Passenger in a car or van,1,8,-7
E01003249,Taxi,6,5,1
E01003249,Train,57,79,-22
E01003249,"Underground, metro, light rail, tram",206,406,-200
E01003249,Work mainly at or from home,434,29,405
E01003251,Bicycle,47,24,23
E01003251,"Bus, minibus or coach",136,228,-92
E01003251,Driving a car or van,149,128,21
E01003251,"Motorcycle, scooter or moped",4,13,-9
E01003251,Not in employment or aged 15 years and under,964,635,329
E01003251,On foot,56,60,-4
E01003251,Other method of travel to work,10,6,4
E01003251,Passenger in a car or van,7,10,-3
E01003251,Taxi,3,1,2
E01003251,Train,74,135,-61
E01003251,"Underground, metro, light rail, tram",92,138,-46
E01003251,Work mainly at or from home,194,11,183
E01003252,Bicycle,21,6,15
E01003252,"Bus, minibus or coach",150,150,0
E01003252,Driving a car or van,108,109,-1
E01003252,"Motorcycle, scooter or moped",1,4,-3
E01003252,Not in employment or aged 15 years and under,961,515,446
E01003252,On foot,58,58,0
E01003252,Other method of travel to work,10,3,7
E01003252,Passenger in a car or van,6,6,0
E01003252,Taxi,5,3,2
E01003252,Train,68,79,-11
E01003252,"Underground, metro, light rail, tram",51,91,-40
E01003252,Work mainly at or from home,142,14,128
E01003253,Bicycle,39,38,1
E01003253,"Bus, minibus or coach",111,148,-37
E01003253,Driving a car or van,82,79,3
E01003253,"Motorcycle, scooter or moped",0,7,-7
E01003253,Not in employment or aged 15 years and under,684,429,255
E01003253,On foot,65,76,-11
E01003253,Other method of travel to work,11,5,6
E01003253,Passenger in a car or van,6,6,0
E01003253,Taxi,2,1,1
E01003253,Train,69,169,-100
E01003253,"Underground, metro, light rail, tram",61,123,-62
E01003253,Work mainly at or from home,298,28,270
E01003254,Bicycle,25,52,-27
E01003254,"Bus, minibus or coach",54,115,-61
E01003254,Driving a car or van,114,159,-45
E01003254,"Motorcycle, scooter or moped",4,21,-17
E01003254,Not in employment or aged 15 years and under,683,282,401
E01003254,On foot,19,33,-14
E01003254,Other method of travel to work,5,8,-3
E01003254,Passenger in a car or van,5,9,-4
E01003254,Taxi,6,3,3
E01003254,Train,36,228,-192
E01003254,"Underground, metro, light rail, tram",50,128,-78
E01003254,Work mainly at or from home,438,52,386
E01003255,Bicycle,54,45,9
E01003255,"Bus, minibus or coach",115,144,-29
E01003255,Driving a car or van,127,151,-24
E01003255,"Motorcycle, scooter or moped",7,12,-5
E01003255,Not in employment or aged 15 years and under,689,364,325
E01003255,On foot,51,69,-18
E01003255,Other method of travel to work,14,7,7
E01003255,Passenger in a car or van,7,10,-3
E01003255,Taxi,3,0,3
E01003255,Train,81,420,-339
E01003255,"Underground, metro, light rail, tram",129,271,-142
E01003255,Work mainly at or from home,720,76,644
E01003256,Bicycle,41,35,6
E01003256,"Bus, minibus or coach",123,168,-45
E01003256,Driving a car or van,157,183,-26
E01003256,"Motorcycle, scooter or moped",13,8,5
E01003256,Not in employment or aged 15 years and under,1066,564,502
E01003256,On foot,50,43,7
E01003256,Other method of travel to work,11,7,4
E01003256,Passenger in a car or van,11,6,5
E01003256,Taxi,4,7,-3
E01003256,Train,84,305,-221
E01003256,"Underground, metro, light rail, tram",85,181,-96
E01003256,Work mainly at or from home,493,48,445
E01003257,Bicycle,51,42,9
E01003257,"Bus, minibus or coach",88,137,-49
E01003257,Driving a car or van,107,154,-47
E01003257,"Motorcycle, scooter or moped",2,10,-8
E01003257,Not in employment or aged 15 years and under,785,374,411
E01003257,On foot,40,35,5
E01003257,Other method of travel to work,7,7,0
E01003257,Passenger in a car or van,9,5,4
E01003257,Taxi,8,2,6
E01003257,Train,60,216,-156
E01003257,"Underground, metro, light rail, tram",60,110,-50
E01003257,Work mainly at or from home,390,60,330
E01003258,Bicycle,28,8,20
E01003258,"Bus, minibus or coach",133,163,-30
E01003258,Driving a car or van,149,154,-5
E01003258,"Motorcycle, scooter or moped",6,8,-2
E01003258,Not in employment or aged 15 years and under,860,419,441
E01003258,On foot,36,34,2
E01003258,Other method of travel to work,9,1,8
E01003258,Passenger in a car or van,17,3,14
E01003258,Taxi,1,0,1
E01003258,Train,71,143,-72
E01003258,"Underground, metro, light rail, tram",39,47,-8
E01003258,Work mainly at or from home,200,21,179
E01003259,Bicycle,33,36,-3
E01003259,"Bus, minibus or coach",107,129,-22
E01003259,Driving a car or van,105,189,-84
E01003259,"Motorcycle, scooter or moped",14,9,5
E01003259,Not in employment or aged 15 years and under,788,364,424
E01003259,On foot,51,65,-14
E01003259,Other method of travel to work,4,12,-8
E01003259,Passenger in a car or van,10,6,4
E01003259,Taxi,5,1,4
E01003259,Train,70,254,-184
E01003259,"Underground, metro, light rail, tram",50,143,-93
E01003259,Work mainly at or from home,522,49,473
E01003260,Bicycle,65,59,6
E01003260,"Bus, minibus or coach",77,208,-131
E01003260,Driving a car or van,145,220,-75
E01003260,"Motorcycle, scooter or moped",9,13,-4
E01003260,Not in employment or aged 15 years and under,793,340,453
E01003260,On foot,27,49,-22
E01003260,Other method of travel to work,9,3,6
E01003260,Passenger in a car or van,6,12,-6
E01003260,Taxi,2,3,-1
E01003260,Train,65,177,-112
E01003260,"Underground, metro, light rail, tram",59,99,-40
E01003260,Work mainly at or from home,405,63,342
E01003261,Bicycle,38,36,2
E01003261,"Bus, minibus or coach",65,90,-25
E01003261,Driving a car or van,98,198,-100
E01003261,"Motorcycle, scooter or moped",5,16,-11
E01003261,Not in employment or aged 15 years and under,644,321,323
E01003261,On foot,32,36,-4
E01003261,Other method of travel to work,3,2,1
E01003261,Passenger in a car or van,6,9,-3
E01003261,Taxi,7,4,3
E01003261,Train,63,208,-145
E01003261,"Underground, metro, light rail, tram",61,135,-74
E01003261,Work mainly at or from home,504,60,444
E01003262,Bicycle,33,43,-10
E01003262,"Bus, minibus or coach",52,96,-44
E01003262,Driving a car or van,133,125,8
E01003262,"Motorcycle, scooter or moped",4,10,-6
E01003262,Not in employment or aged 15 years and under,641,264,377
E01003262,On foot,39,45,-6
E01003262,Other method of travel to work,8,2,6
E01003262,Passenger in a car or van,8,5,3
E01003262,Taxi,6,1,5
E01003262,Train,40,224,-184
E01003262,"Underground, metro, light rail, tram",61,131,-70
E01003262,Work mainly at or from home,495,59,436
E01003263,Bicycle,16,11,5
E01003263,"Bus, minibus or coach",87,88,-1
E01003263,Driving a car or van,229,246,-17
E01003263,"Motorcycle, scooter or moped",9,8,1
E01003263,Not in employment or aged 15 years and under,954,419,535
E01003263,On foot,30,42,-12
E01003263,Other method of travel to work,16,5,11
E01003263,Passenger in a car or van,9,20,-11
E01003263,Taxi,4,3,1
E01003263,Train,119,219,-100
E01003263,"Underground, metro, light rail, tram",38,55,-17
E01003263,Work mainly at or from home,294,22,272
E01003264,Bicycle,12,13,-1
E01003264,"Bus, minibus or coach",91,112,-21
E01003264,Driving a car or van,200,213,-13
E01003264,"Motorcycle, scooter or moped",5,9,-4
E01003264,Not in employment or aged 15 years and under,825,391,434
E01003264,On foot,27,37,-10
E01003264,Other method of travel to work,9,8,1
E01003264,Passenger in a car or van,11,13,-2
E01003264,Taxi,4,3,1
E01003264,Train,110,259,-149
E01003264,"Underground, metro, light rail, tram",36,42,-6
E01003264,Work mainly at or from home,312,40,272
E01003265,Bicycle,12,13,-1
E01003265,"Bus, minibus or coach",144,140,4
E01003265,Driving a car or van,192,166,26
E01003265,"Motorcycle, scooter or moped",6,3,3
E01003265,Not in employment or aged 15 years and under,807,443,364
E01003265,On foot,32,25,7
E01003265,Other method of travel to work,8,4,4
E01003265,Passenger in a car or van,10,11,-1
E01003265,Taxi,4,1,3
E01003265,Train,121,244,-123
E01003265,"Underground, metro, light rail, tram",34,45,-11
E01003265,Work mainly at or from home,270,23,247
E01003266,Bicycle,9,9,0
E01003266,"Bus, minibus or coach",127,175,-48
E01003266,Driving a car or van,227,269,-42
E01003266,"Motorcycle, scooter or moped",3,4,-1
E01003266,Not in employment or aged 15 years and under,965,620,345
E01003266,On foot,26,45,-19
E01003266,Other method of travel to work,18,6,12
E01003266,Passenger in a car or van,15,16,-1
E01003266,Taxi,4,2,2
E01003266,Train,86,187,-101
E01003266,"Underground, metro, light rail, tram",27,47,-20
E01003266,Work mainly at or from home,210,26,184
E01003267,Bicycle,8,6,2
E01003267,"Bus, minibus or coach",117,101,16
E01003267,Driving a car or van,278,214,64
E01003267,"Motorcycle, scooter or moped",5,4,1
E01003267,Not in employment or aged 15 years and under,952,380,572
E01003267,On foot,29,15,14
E01003267,Other method of travel to work,8,2,6
E01003267,Passenger in a car or van,34,12,22
E01003267,Taxi,2,2,0
E01003267,Train,88,132,-44
E01003267,"Underground, metro, light rail, tram",24,21,3
E01003267,Work mainly at or from home,207,11,196
E01003268,Bicycle,23,38,-15
E01003268,"Bus, minibus or coach",89,126,-37
E01003268,Driving a car or van,197,256,-59
E01003268,"Motorcycle, scooter or moped",9,11,-2
E01003268,Not in employment or aged 15 years and under,928,370,558
E01003268,On foot,31,39,-8
E01003268,Other method of travel to work,5,5,0
E01003268,Passenger in a car or van,9,15,-6
E01003268,Taxi,1,5,-4
E01003268,Train,115,309,-194
E01003268,"Underground, metro, light rail, tram",37,68,-31
E01003268,Work mainly at or from home,403,29,374
E01003269,Bicycle,19,19,0
E01003269,"Bus, minibus or coach",88,104,-16
E01003269,Driving a car or van,170,247,-77
E01003269,"Motorcycle, scooter or moped",7,7,0
E01003269,Not in employment or aged 15 years and under,810,414,396
E01003269,On foot,48,46,2
E01003269,Other method of travel to work,10,11,-1
E01003269,Passenger in a car or van,17,13,4
E01003269,Taxi,3,5,-2
E01003269,Train,82,212,-130
E01003269,"Underground, metro, light rail, tram",21,61,-40
E01003269,Work mainly at or from home,328,29,299
E01003270,Bicycle,14,19,-5
E01003270,"Bus, minibus or coach",76,102,-26
E01003270,Driving a car or van,219,335,-116
E01003270,"Motorcycle, scooter or moped",6,6,0
E01003270,Not in employment or aged 15 years and under,717,351,366
E01003270,On foot,29,52,-23
E01003270,Other method of travel to work,13,11,2
E01003270,Passenger in a car or van,18,13,5
E01003270,Taxi,6,5,1
E01003270,Train,118,292,-174
E01003270,"Underground, metro, light rail, tram",41,55,-14
E01003270,Work mainly at or from home,387,23,364
E01003271,Bicycle,19,26,-7
E01003271,"Bus, minibus or coach",39,66,-27
E01003271,Driving a car or van,218,397,-179
E01003271,"Motorcycle, scooter or moped",11,11,0
E01003271,Not in employment or aged 15 years and under,833,364,469
E01003271,On foot,37,46,-9
E01003271,Other method of travel to work,6,6,0
E01003271,Passenger in a car or van,7,28,-21
E01003271,Taxi,1,6,-5
E01003271,Train,66,229,-163
E01003271,"Underground, metro, light rail, tram",23,40,-17
E01003271,Work mainly at or from home,359,46,313
E01003272,Bicycle,58,66,-8
E01003272,"Bus, minibus or coach",59,153,-94
E01003272,Driving a car or van,102,171,-69
E01003272,"Motorcycle, scooter or moped",8,18,-10
E01003272,Not in employment or aged 15 years and under,848,525,323
E01003272,On foot,63,70,-7
E01003272,Other method of travel to work,9,4,5
E01003272,Passenger in a car or van,13,11,2
E01003272,Taxi,4,4,0
E01003272,Train,80,307,-227
E01003272,"Underground, metro, light rail, tram",109,213,-104
E01003272,Work mainly at or from home,644,50,594
E01003273,Bicycle,25,45,-20
E01003273,"Bus, minibus or coach",58,164,-106
E01003273,Driving a car or van,124,172,-48
E01003273,"Motorcycle, scooter or moped",4,5,-1
E01003273,Not in employment or aged 15 years and under,687,754,-67
E01003273,On foot,53,62,-9
E01003273,Other method of travel to work,8,11,-3
E01003273,Passenger in a car or van,3,11,-8
E01003273,Taxi,1,4,-3
E01003273,Train,87,245,-158
E01003273,"Underground, metro, light rail, tram",51,126,-75
E01003273,Work mainly at or from home,406,35,371
E01003274,Bicycle,34,57,-23
E01003274,"Bus, minibus or coach",91,115,-24
E01003274,Driving a car or van,103,149,-46
E01003274,"Motorcycle, scooter or moped",5,20,-15
E01003274,Not in employment or aged 15 years and under,683,360,323
E01003274,On foot,60,74,-14
E01003274,Other method of travel to work,10,4,6
E01003274,Passenger in a car or van,6,4,2
E01003274,Taxi,4,0,4
E01003274,Train,65,359,-294
E01003274,"Underground, metro, light rail, tram",34,144,-110
E01003274,Work mainly at or from home,495,47,448
E01003275,Bicycle,25,27,-2
E01003275,"Bus, minibus or coach",80,113,-33
E01003275,Driving a car or van,155,192,-37
E01003275,"Motorcycle, scooter or moped",5,4,1
E01003275,Not in employment or aged 15 years and under,907,482,425
E01003275,On foot,65,54,11
E01003275,Other method of travel to work,6,4,2
E01003275,Passenger in a car or van,8,17,-9
E01003275,Taxi,4,4,0
E01003275,Train,96,208,-112
E01003275,"Underground, metro, light rail, tram",52,58,-6
E01003275,Work mainly at or from home,303,33,270
E01003276,Bicycle,50,59,-9
E01003276,"Bus, minibus or coach",78,100,-22
E01003276,Driving a car or van,143,253,-110
E01003276,"Motorcycle, scooter or moped",3,8,-5
E01003276,Not in employment or aged 15 years and under,931,421,510
E01003276,On foot,53,81,-28
E01003276,Other method of travel to work,8,8,0
E01003276,Passenger in a car or van,10,9,1
E01003276,Taxi,3,6,-3
E01003276,Train,83,287,-204
E01003276,"Underground, metro, light rail, tram",39,104,-65
E01003276,Work mainly at or from home,501,39,462
E01003277,Bicycle,49,49,0
E01003277,"Bus, minibus or coach",68,127,-59
E01003277,Driving a car or van,98,142,-44
E01003277,"Motorcycle, scooter or moped",4,13,-9
E01003277,Not in employment or aged 15 years and under,635,384,251
E01003277,On foot,49,80,-31
E01003277,Other method of travel to work,18,10,8
E01003277,Passenger in a car or van,5,6,-1
E01003277,Taxi,3,1,2
E01003277,Train,83,305,-222
E01003277,"Underground, metro, light rail, tram",64,196,-132
E01003277,Work mainly at or from home,604,63,541
E01003278,Bicycle,44,60,-16
E01003278,"Bus, minibus or coach",129,173,-44
E01003278,Driving a car or van,138,153,-15
E01003278,"Motorcycle, scooter or moped",6,9,-3
E01003278,Not in employment or aged 15 years and under,984,433,551
E01003278,On foot,53,63,-10
E01003278,Other method of travel to work,16,12,4
E01003278,Passenger in a car or van,12,6,6
E01003278,Taxi,7,1,6
E01003278,Train,79,348,-269
E01003278,"Underground, metro, light rail, tram",66,220,-154
E01003278,Work mainly at or from home,550,48,502
E01003279,Bicycle,37,73,-36
E01003279,"Bus, minibus or coach",58,83,-25
E01003279,Driving a car or van,77,150,-73
E01003279,"Motorcycle, scooter or moped",2,7,-5
E01003279,Not in employment or aged 15 years and under,716,354,362
E01003279,On foot,43,61,-18
E01003279,Other method of travel to work,6,5,1
E01003279,Passenger in a car or van,2,7,-5
E01003279,Taxi,5,8,-3
E01003279,Train,92,326,-234
E01003279,"Underground, metro, light rail, tram",47,125,-78
E01003279,Work mainly at or from home,449,58,391
E01003280,Bicycle,16,16,0
E01003280,"Bus, minibus or coach",82,122,-40
E01003280,Driving a car or van,151,206,-55
E01003280,"Motorcycle, scooter or moped",6,7,-1
E01003280,Not in employment or aged 15 years and under,916,412,504
E01003280,On foot,31,44,-13
E01003280,Other method of travel to work,10,9,1
E01003280,Passenger in a car or van,13,20,-7
E01003280,Taxi,2,3,-1
E01003280,Train,91,225,-134
E01003280,"Underground, metro, light rail, tram",29,55,-26
E01003280,Work mainly at or from home,301,31,270
E01003281,Bicycle,24,27,-3
E01003281,"Bus, minibus or coach",34,75,-41
E01003281,Driving a car or van,111,188,-77
E01003281,"Motorcycle, scooter or moped",3,7,-4
E01003281,Not in employment or aged 15 years and under,768,352,416
E01003281,On foot,41,48,-7
E01003281,Other method of travel to work,2,6,-4
E01003281,Passenger in a car or van,9,8,1
E01003281,Taxi,4,1,3
E01003281,Train,71,300,-229
E01003281,"Underground, metro, light rail, tram",24,61,-37
E01003281,Work mainly at or from home,405,42,363
E01003282,Bicycle,51,54,-3
E01003282,"Bus, minibus or coach",132,149,-17
E01003282,Driving a car or van,148,215,-67
E01003282,"Motorcycle, scooter or moped",3,11,-8
E01003282,Not in employment or aged 15 years and under,1027,498,529
E01003282,On foot,88,131,-43
E01003282,Other method of travel to work,14,5,9
E01003282,Passenger in a car or van,17,17,0
E01003282,Taxi,5,3,2
E01003282,Train,215,555,-340
E01003282,"Underground, metro, light rail, tram",101,296,-195
E01003282,Work mainly at or from home,613,47,566
E01003283,Bicycle,41,77,-36
E01003283,"Bus, minibus or coach",63,93,-30
E01003283,Driving a car or van,124,215,-91
E01003283,"Motorcycle, scooter or moped",5,4,1
E01003283,Not in employment or aged 15 years and under,977,373,604
E01003283,On foot,55,79,-24
E01003283,Other method of travel to work,12,4,8
E01003283,Passenger in a car or van,4,15,-11
E01003283,Taxi,0,4,-4
E01003283,Train,91,485,-394
E01003283,"Underground, metro, light rail, tram",49,146,-97
E01003283,Work mainly at or from home,708,66,642
E01003284,Bicycle,39,23,16
E01003284,"Bus, minibus or coach",64,92,-28
E01003284,Driving a car or van,111,190,-79
E01003284,"Motorcycle, scooter or moped",3,8,-5
E01003284,Not in employment or aged 15 years and under,858,394,464
E01003284,On foot,66,57,9
E01003284,Other method of travel to work,6,9,-3
E01003284,Passenger in a car or van,9,9,0
E01003284,Taxi,1,1,0
E01003284,Train,104,434,-330
E01003284,"Underground, metro, light rail, tram",36,90,-54
E01003284,Work mainly at or from home,587,43,544
E01003285,Bicycle,26,32,-6
E01003285,"Bus, minibus or coach",82,123,-41
E01003285,Driving a car or van,131,199,-68
E01003285,"Motorcycle, scooter or moped",3,5,-2
E01003285,Not in employment or aged 15 years and under,815,344,471
E01003285,On foot,44,67,-23
E01003285,Other method of travel to work,7,4,3
E01003285,Passenger in a car or van,9,13,-4
E01003285,Taxi,3,0,3
E01003285,Train,110,359,-249
E01003285,"Underground, metro, light rail, tram",61,61,0
E01003285,Work mainly at or from home,464,42,422
E01003286,Bicycle,21,22,-1
E01003286,"Bus, minibus or coach",124,134,-10
E01003286,Driving a car or van,136,167,-31
E01003286,"Motorcycle, scooter or moped",4,8,-4
E01003286,Not in employment or aged 15 years and under,975,446,529
E01003286,On foot,41,49,-8
E01003286,Other method of travel to work,9,7,2
E01003286,Passenger in a car or van,6,19,-13
E01003286,Taxi,2,3,-1
E01003286,Train,101,211,-110
E01003286,"Underground, metro, light rail, tram",49,51,-2
E01003286,Work mainly at or from home,273,17,256
E01003287,Bicycle,36,47,-11
E01003287,"Bus, minibus or coach",32,70,-38
E01003287,Driving a car or van,110,214,-104
E01003287,"Motorcycle, scooter or moped",2,17,-15
E01003287,Not in employment or aged 15 years and under,953,372,581
E01003287,On foot,43,78,-35
E01003287,Other method of travel to work,8,5,3
E01003287,Passenger in a car or van,7,18,-11
E01003287,Taxi,4,2,2
E01003287,Train,96,484,-388
E01003287,"Underground, metro, light rail, tram",40,75,-35
E01003287,Work mainly at or from home,634,77,557
E01003288,Bicycle,28,20,8
E01003288,"Bus, minibus or coach",169,167,2
E01003288,Driving a car or van,139,127,12
E01003288,"Motorcycle, scooter or moped",9,1,8
E01003288,Not in employment or aged 15 years and under,1083,540,543
E01003288,On foot,71,89,-18
E01003288,Other method of travel to work,16,6,10
E01003288,Passenger in a car or van,9,6,3
E01003288,Taxi,3,3,0
E01003288,Train,118,231,-113
E01003288,"Underground, metro, light rail, tram",105,115,-10
E01003288,Work mainly at or from home,411,26,385
E01003290,Bicycle,41,38,3
E01003290,"Bus, minibus or coach",114,144,-30
E01003290,Driving a car or van,127,165,-38
E01003290,"Motorcycle, scooter or moped",5,7,-2
E01003290,Not in employment or aged 15 years and under,868,464,404
E01003290,On foot,71,53,18
E01003290,Other method of travel to work,16,4,12
E01003290,Passenger in a car or van,8,6,2
E01003290,Taxi,2,4,-2
E01003290,Train,155,360,-205
E01003290,"Underground, metro, light rail, tram",79,98,-19
E01003290,Work mainly at or from home,431,43,388
E01003291,Bicycle,36,25,11
E01003291,"Bus, minibus or coach",108,141,-33
E01003291,Driving a car or van,135,113,22
E01003291,"Motorcycle, scooter or moped",16,2,14
E01003291,Not in employment or aged 15 years and under,840,474,366
E01003291,On foot,38,48,-10
E01003291,Other method of travel to work,10,0,10
E01003291,Passenger in a car or van,6,6,0
E01003291,Taxi,7,4,3
E01003291,Train,97,161,-64
E01003291,"Underground, metro, light rail, tram",56,68,-12
E01003291,Work mainly at or from home,198,27,171
E01003292,Bicycle,35,39,-4
E01003292,"Bus, minibus or coach",82,122,-40
E01003292,Driving a car or van,123,177,-54
E01003292,"Motorcycle, scooter or moped",8,12,-4
E01003292,Not in employment or aged 15 years and under,808,431,377
E01003292,On foot,38,77,-39
E01003292,Other method of travel to work,10,6,4
E01003292,Passenger in a car or van,9,12,-3
E01003292,Taxi,3,3,0
E01003292,Train,117,432,-315
E01003292,"Underground, metro, light rail, tram",61,149,-88
E01003292,Work mainly at or from home,491,39,452
E01003293,Bicycle,32,30,2
E01003293,"Bus, minibus or coach",97,139,-42
E01003293,Driving a car or van,97,115,-18
E01003293,"Motorcycle, scooter or moped",9,11,-2
E01003293,Not in employment or aged 15 years and under,741,395,346
E01003293,On foot,74,73,1
E01003293,Other method of travel to work,12,6,6
E01003293,Passenger in a car or van,11,10,1
E01003293,Taxi,0,2,-2
E01003293,Train,86,281,-195
E01003293,"Underground, metro, light rail, tram",48,83,-35
E01003293,Work mainly at or from home,361,22,339
E01003295,Bicycle,16,10,6
E01003295,"Bus, minibus or coach",71,85,-14
E01003295,Driving a car or van,122,149,-27
E01003295,"Motorcycle, scooter or moped",4,5,-1
E01003295,Not in employment or aged 15 years and under,876,393,483
E01003295,On foot,54,55,-1
E01003295,Other method of travel to work,20,4,16
E01003295,Passenger in a car or van,2,16,-14
E01003295,Taxi,3,0,3
E01003295,Train,85,230,-145
E01003295,"Underground, metro, light rail, tram",53,53,0
E01003295,Work mainly at or from home,478,26,452
E01003297,Bicycle,60,39,21
E01003297,"Bus, minibus or coach",172,320,-148
E01003297,Driving a car or van,134,98,36
E01003297,"Motorcycle, scooter or moped",9,13,-4
E01003297,Not in employment or aged 15 years and under,752,325,427
E01003297,On foot,58,45,13
E01003297,Other method of travel to work,9,7,2
E01003297,Passenger in a car or van,8,4,4
E01003297,Taxi,0,1,-1
E01003297,Train,74,123,-49
E01003297,"Underground, metro, light rail, tram",114,179,-65
E01003297,Work mainly at or from home,315,16,299
E01003298,Bicycle,33,19,14
E01003298,"Bus, minibus or coach",97,168,-71
E01003298,Driving a car or van,92,95,-3
E01003298,"Motorcycle, scooter or moped",4,1,3
E01003298,Not in employment or aged 15 years and under,664,392,272
E01003298,On foot,42,51,-9
E01003298,Other method of travel to work,12,2,10
E01003298,Passenger in a car or van,8,8,0
E01003298,Taxi,1,1,0
E01003298,Train,57,92,-35
E01003298,"Underground, metro, light rail, tram",58,107,-49
E01003298,Work mainly at or from home,212,14,198
E01003299,Bicycle,73,48,25
E01003299,"Bus, minibus or coach",176,211,-35
E01003299,Driving a car or van,95,86,9
E01003299,"Motorcycle, scooter or moped",6,9,-3
E01003299,Not in employment or aged 15 years and under,810,497,313
E01003299,On foot,60,46,14
E01003299,Other method of travel to work,11,4,7
E01003299,Passenger in a car or van,6,6,0
E01003299,Taxi,2,1,1
E01003299,Train,72,128,-56
E01003299,"Underground, metro, light rail, tram",61,167,-106
E01003299,Work mainly at or from home,416,35,381
E01003300,Bicycle,28,15,13
E01003300,"Bus, minibus or coach",122,172,-50
E01003300,Driving a car or van,116,112,4
E01003300,"Motorcycle, scooter or moped",1,8,-7
E01003300,Not in employment or aged 15 years and under,785,434,351
E01003300,On foot,45,49,-4
E01003300,Other method of travel to work,9,4,5
E01003300,Passenger in a car or van,11,5,6
E01003300,Taxi,9,1,8
E01003300,Train,48,100,-52
E01003300,"Underground, metro, light rail, tram",80,99,-19
E01003300,Work mainly at or from home,228,13,215
E01003301,Bicycle,60,77,-17
E01003301,"Bus, minibus or coach",224,310,-86
E01003301,Driving a car or van,148,175,-27
E01003301,"Motorcycle, scooter or moped",10,8,2
E01003301,Not in employment or aged 15 years and under,1224,604,620
E01003301,On foot,58,57,1
E01003301,Other method of travel to work,17,8,9
E01003301,Passenger in a car or van,10,6,4
E01003301,Taxi,4,4,0
E01003301,Train,109,192,-83
E01003301,"Underground, metro, light rail, tram",168,296,-128
E01003301,Work mainly at or from home,606,30,576
E01003302,Bicycle,50,32,18
E01003302,"Bus, minibus or coach",224,299,-75
E01003302,Driving a car or van,137,117,20
E01003302,"Motorcycle, scooter or moped",10,8,2
E01003302,Not in employment or aged 15 years and under,929,431,498
E01003302,On foot,50,42,8
E01003302,Other method of travel to work,9,11,-2
E01003302,Passenger in a car or van,7,3,4
E01003302,Taxi,1,1,0
E01003302,Train,49,78,-29
E01003302,"Underground, metro, light rail, tram",79,105,-26
E01003302,Work mainly at or from home,314,24,290
E01003303,Bicycle,42,28,14
E01003303,"Bus, minibus or coach",158,142,16
E01003303,Driving a car or van,81,107,-26
E01003303,"Motorcycle, scooter or moped",4,2,2
E01003303,Not in employment or aged 15 years and under,831,545,286
E01003303,On foot,46,49,-3
E01003303,Other method of travel to work,14,2,12
E01003303,Passenger in a car or van,7,2,5
E01003303,Taxi,3,1,2
E01003303,Train,82,182,-100
E01003303,"Underground, metro, light rail, tram",127,148,-21
E01003303,Work mainly at or from home,323,19,304
E01003304,Bicycle,52,38,14
E01003304,"Bus, minibus or coach",111,200,-89
E01003304,Driving a car or van,124,102,22
E01003304,"Motorcycle, scooter or moped",5,3,2
E01003304,Not in employment or aged 15 years and under,922,549,373
E01003304,On foot,92,98,-6
E01003304,Other method of travel to work,16,6,10
E01003304,Passenger in a car or van,7,4,3
E01003304,Taxi,9,2,7
E01003304,Train,124,263,-139
E01003304,"Underground, metro, light rail, tram",160,230,-70
E01003304,Work mainly at or from home,628,39,589
E01003305,Bicycle,67,36,31
E01003305,"Bus, minibus or coach",219,195,24
E01003305,Driving a car or van,157,108,49
E01003305,"Motorcycle, scooter or moped",8,9,-1
E01003305,Not in employment or aged 15 years and under,1208,390,818
E01003305,On foot,64,53,11
E01003305,Other method of travel to work,19,5,14
E01003305,Passenger in a car or van,12,10,2
E01003305,Taxi,4,3,1
E01003305,Train,56,78,-22
E01003305,"Underground, metro, light rail, tram",69,88,-19
E01003305,Work mainly at or from home,411,14,397
E01003307,Bicycle,32,40,-8
E01003307,"Bus, minibus or coach",96,112,-16
E01003307,Driving a car or van,135,190,-55
E01003307,"Motorcycle, scooter or moped",3,5,-2
E01003307,Not in employment or aged 15 years and under,730,349,381
E01003307,On foot,32,50,-18
E01003307,Other method of travel to work,8,3,5
E01003307,Passenger in a car or van,8,11,-3
E01003307,Taxi,3,2,1
E01003307,Train,35,222,-187
E01003307,"Underground, metro, light rail, tram",64,101,-37
E01003307,Work mainly at or from home,450,40,410
E01003308,Bicycle,44,55,-11
E01003308,"Bus, minibus or coach",84,163,-79
E01003308,Driving a car or van,161,229,-68
E01003308,"Motorcycle, scooter or moped",5,10,-5
E01003308,Not in employment or aged 15 years and under,840,428,412
E01003308,On foot,38,44,-6
E01003308,Other method of travel to work,13,4,9
E01003308,Passenger in a car or van,14,9,5
E01003308,Taxi,6,2,4
E01003308,Train,74,270,-196
E01003308,"Underground, metro, light rail, tram",30,102,-72
E01003308,Work mainly at or from home,477,43,434
E01003309,Bicycle,31,16,15
E01003309,"Bus, minibus or coach",89,119,-30
E01003309,Driving a car or van,133,156,-23
E01003309,"Motorcycle, scooter or moped",10,7,3
E01003309,Not in employment or aged 15 years and under,867,439,428
E01003309,On foot,38,37,1
E01003309,Other method of travel to work,13,4,9
E01003309,Passenger in a car or van,10,11,-1
E01003309,Taxi,4,0,4
E01003309,Train,46,149,-103
E01003309,"Underground, metro, light rail, tram",81,87,-6
E01003309,Work mainly at or from home,301,34,267
E01003310,Bicycle,26,34,-8
E01003310,"Bus, minibus or coach",85,134,-49
E01003310,Driving a car or van,123,132,-9
E01003310,"Motorcycle, scooter or moped",3,6,-3
E01003310,Not in employment or aged 15 years and under,672,390,282
E01003310,On foot,39,53,-14
E01003310,Other method of travel to work,10,4,6
E01003310,Passenger in a car or van,2,9,-7
E01003310,Taxi,1,0,1
E01003310,Train,61,290,-229
E01003310,"Underground, metro, light rail, tram",91,139,-48
E01003310,Work mainly at or from home,480,39,441
E01003311,Bicycle,28,29,-1
E01003311,"Bus, minibus or coach",44,81,-37
E01003311,Driving a car or van,151,257,-106
E01003311,"Motorcycle, scooter or moped",6,18,-12
E01003311,Not in employment or aged 15 years and under,812,349,463
E01003311,On foot,34,51,-17
E01003311,Other method of travel to work,11,2,9
E01003311,Passenger in a car or van,4,12,-8
E01003311,Taxi,1,2,-1
E01003311,Train,50,216,-166
E01003311,"Underground, metro, light rail, tram",32,80,-48
E01003311,Work mainly at or from home,423,53,370
E01003312,Bicycle,17,33,-16
E01003312,"Bus, minibus or coach",76,103,-27
E01003312,Driving a car or van,158,259,-101
E01003312,"Motorcycle, scooter or moped",7,13,-6
E01003312,Not in employment or aged 15 years and under,840,386,454
E01003312,On foot,42,30,12
E01003312,Other method of travel to work,8,8,0
E01003312,Passenger in a car or van,5,12,-7
E01003312,Taxi,7,0,7
E01003312,Train,52,350,-298
E01003312,"Underground, metro, light rail, tram",54,115,-61
E01003312,Work mainly at or from home,488,35,453
E01003313,Bicycle,18,17,1
E01003313,"Bus, minibus or coach",128,130,-2
E01003313,Driving a car or van,116,169,-53
E01003313,"Motorcycle, scooter or moped",5,10,-5
E01003313,Not in employment or aged 15 years and under,823,357,466
E01003313,On foot,45,40,5
E01003313,Other method of travel to work,7,4,3
E01003313,Passenger in a car or van,5,7,-2
E01003313,Taxi,4,2,2
E01003313,Train,61,206,-145
E01003313,"Underground, metro, light rail, tram",60,96,-36
E01003313,Work mainly at or from home,295,30,265
E01003314,Bicycle,21,43,-22
E01003314,"Bus, minibus or coach",91,125,-34
E01003314,Driving a car or van,124,243,-119
E01003314,"Motorcycle, scooter or moped",7,23,-16
E01003314,Not in employment or aged 15 years and under,730,296,434
E01003314,On foot,42,45,-3
E01003314,Other method of travel to work,5,6,-1
E01003314,Passenger in a car or van,9,22,-13
E01003314,Taxi,2,1,1
E01003314,Train,63,263,-200
E01003314,"Underground, metro, light rail, tram",39,118,-79
E01003314,Work mainly at or from home,509,39,470
E01003315,Bicycle,20,31,-11
E01003315,"Bus, minibus or coach",54,79,-25
E01003315,Driving a car or van,92,133,-41
E01003315,"Motorcycle, scooter or moped",3,10,-7
E01003315,Not in employment or aged 15 years and under,539,287,252
E01003315,On foot,34,47,-13
E01003315,Other method of travel to work,8,3,5
E01003315,Passenger in a car or van,9,3,6
E01003315,Taxi,1,3,-2
E01003315,Train,56,224,-168
E01003315,"Underground, metro, light rail, tram",59,159,-100
E01003315,Work mainly at or from home,433,25,408
E01003316,Bicycle,42,37,5
E01003316,"Bus, minibus or coach",70,93,-23
E01003316,Driving a car or van,110,208,-98
E01003316,"Motorcycle, scooter or moped",6,17,-11
E01003316,Not in employment or aged 15 years and under,614,304,310
E01003316,On foot,44,51,-7
E01003316,Other method of travel to work,12,3,9
E01003316,Passenger in a car or van,9,19,-10
E01003316,Taxi,8,0,8
E01003316,Train,69,203,-134
E01003316,"Underground, metro, light rail, tram",44,132,-88
E01003316,Work mainly at or from home,456,42,414
E01003318,Bicycle,24,10,14
E01003318,"Bus, minibus or coach",163,185,-22
E01003318,Driving a car or van,188,141,47
E01003318,"Motorcycle, scooter or moped",8,5,3
E01003318,Not in employment or aged 15 years and under,1130,491,639
E01003318,On foot,63,60,3
E01003318,Other method of travel to work,11,7,4
E01003318,Passenger in a car or van,3,11,-8
E01003318,Taxi,3,2,1
E01003318,Train,129,232,-103
E01003318,"Underground, metro, light rail, tram",48,77,-29
E01003318,Work mainly at or from home,310,42,268
E01003319,Bicycle,33,14,19
E01003319,"Bus, minibus or coach",162,182,-20
E01003319,Driving a car or van,128,219,-91
E01003319,"Motorcycle, scooter or moped",5,4,1
E01003319,Not in employment or aged 15 years and under,930,478,452
E01003319,On foot,62,61,1
E01003319,Other method of travel to work,6,12,-6
E01003319,Passenger in a car or van,8,13,-5
E01003319,Taxi,0,2,-2
E01003319,Train,102,202,-100
E01003319,"Underground, metro, light rail, tram",62,70,-8
E01003319,Work mainly at or from home,295,28,267
E01003320,Bicycle,28,20,8
E01003320,"Bus, minibus or coach",126,141,-15
E01003320,Driving a car or van,152,179,-27
E01003320,"Motorcycle, scooter or moped",20,3,17
E01003320,Not in employment or aged 15 years and under,751,423,328
E01003320,On foot,38,58,-20
E01003320,Other method of travel to work,20,8,12
E01003320,Passenger in a car or van,16,10,6
E01003320,Taxi,1,0,1
E01003320,Train,102,168,-66
E01003320,"Underground, metro, light rail, tram",57,62,-5
E01003320,Work mainly at or from home,275,16,259
E01003321,Bicycle,30,32,-2
E01003321,"Bus, minibus or coach",108,209,-101
E01003321,Driving a car or van,136,209,-73
E01003321,"Motorcycle, scooter or moped",2,7,-5
E01003321,Not in employment or aged 15 years and under,814,483,331
E01003321,On foot,36,63,-27
E01003321,Other method of travel to work,12,4,8
E01003321,Passenger in a car or van,10,19,-9
E01003321,Taxi,5,3,2
E01003321,Train,115,304,-189
E01003321,"Underground, metro, light rail, tram",67,91,-24
E01003321,Work mainly at or from home,405,31,374
E01003322,Bicycle,26,20,6
E01003322,"Bus, minibus or coach",139,142,-3
E01003322,Driving a car or van,156,161,-5
E01003322,"Motorcycle, scooter or moped",9,7,2
E01003322,Not in employment or aged 15 years and under,732,379,353
E01003322,On foot,65,48,17
E01003322,Other method of travel to work,4,3,1
E01003322,Passenger in a car or van,18,19,-1
E01003322,Taxi,3,2,1
E01003322,Train,89,198,-109
E01003322,"Underground, metro, light rail, tram",47,71,-24
E01003322,Work mainly at or from home,346,28,318
E01003323,Bicycle,30,30,0
E01003323,"Bus, minibus or coach",93,130,-37
E01003323,Driving a car or van,124,152,-28
E01003323,"Motorcycle, scooter or moped",7,6,1
E01003323,Not in employment or aged 15 years and under,712,414,298
E01003323,On foot,51,60,-9
E01003323,Other method of travel to work,5,5,0
E01003323,Passenger in a car or van,2,2,0
E01003323,Taxi,1,0,1
E01003323,Train,92,229,-137
E01003323,"Underground, metro, light rail, tram",49,76,-27
E01003323,Work mainly at or from home,341,27,314
E01003324,Bicycle,28,18,10
E01003324,"Bus, minibus or coach",121,173,-52
E01003324,Driving a car or van,118,127,-9
E01003324,"Motorcycle, scooter or moped",19,4,15
E01003324,Not in employment or aged 15 years and under,915,430,485
E01003324,On foot,60,67,-7
E01003324,Other method of travel to work,8,4,4
E01003324,Passenger in a car or van,12,6,6
E01003324,Taxi,5,0,5
E01003324,Train,115,181,-66
E01003324,"Underground, metro, light rail, tram",63,60,3
E01003324,Work mainly at or from home,228,26,202
E01003325,Bicycle,26,24,2
E01003325,"Bus, minibus or coach",125,169,-44
E01003325,Driving a car or van,126,168,-42
E01003325,"Motorcycle, scooter or moped",4,5,-1
E01003325,Not in employment or aged 15 years and under,904,459,445
E01003325,On foot,67,73,-6
E01003325,Other method of travel to work,16,5,11
E01003325,Passenger in a car or van,3,4,-1
E01003325,Taxi,3,0,3
E01003325,Train,103,206,-103
E01003325,"Underground, metro, light rail, tram",87,87,0
E01003325,Work mainly at or from home,351,25,326
E01003326,Bicycle,26,13,13
E01003326,"Bus, minibus or coach",80,100,-20
E01003326,Driving a car or van,157,180,-23
E01003326,"Motorcycle, scooter or moped",3,6,-3
E01003326,Not in employment or aged 15 years and under,950,357,593
E01003326,On foot,30,44,-14
E01003326,Other method of travel to work,10,5,5
E01003326,Passenger in a car or van,13,15,-2
E01003326,Taxi,1,1,0
E01003326,Train,82,211,-129
E01003326,"Underground, metro, light rail, tram",63,91,-28
E01003326,Work mainly at or from home,401,32,369
E01003327,Bicycle,26,28,-2
E01003327,"Bus, minibus or coach",59,86,-27
E01003327,Driving a car or van,131,169,-38
E01003327,"Motorcycle, scooter or moped",5,8,-3
E01003327,Not in employment or aged 15 years and under,742,527,215
E01003327,On foot,32,55,-23
E01003327,Other method of travel to work,17,4,13
E01003327,Passenger in a car or van,9,14,-5
E01003327,Taxi,1,3,-2
E01003327,Train,80,320,-240
E01003327,"Underground, metro, light rail, tram",50,138,-88
E01003327,Work mainly at or from home,475,56,419
E01003328,Bicycle,30,27,3
E01003328,"Bus, minibus or coach",85,101,-16
E01003328,Driving a car or van,131,187,-56
E01003328,"Motorcycle, scooter or moped",2,14,-12
E01003328,Not in employment or aged 15 years and under,781,438,343
E01003328,On foot,33,37,-4
E01003328,Other method of travel to work,11,8,3
E01003328,Passenger in a car or van,10,13,-3
E01003328,Taxi,2,3,-1
E01003328,Train,84,322,-238
E01003328,"Underground, metro, light rail, tram",56,124,-68
E01003328,Work mainly at or from home,540,37,503
E01003329,Bicycle,23,22,1
E01003329,"Bus, minibus or coach",89,114,-25
E01003329,Driving a car or van,118,216,-98
E01003329,"Motorcycle, scooter or moped",8,19,-11
E01003329,Not in employment or aged 15 years and under,760,366,394
E01003329,On foot,44,41,3
E01003329,Other method of travel to work,10,8,2
E01003329,Passenger in a car or van,9,12,-3
E01003329,Taxi,1,6,-5
E01003329,Train,65,242,-177
E01003329,"Underground, metro, light rail, tram",34,124,-90
E01003329,Work mainly at or from home,476,31,445
E01003330,Bicycle,13,23,-10
E01003330,"Bus, minibus or coach",89,134,-45
E01003330,Driving a car or van,157,176,-19
E01003330,"Motorcycle, scooter or moped",3,9,-6
E01003330,Not in employment or aged 15 years and under,876,420,456
E01003330,On foot,33,32,1
E01003330,Other method of travel to work,7,0,7
E01003330,Passenger in a car or van,6,11,-5
E01003330,Taxi,4,5,-1
E01003330,Train,68,142,-74
E01003330,"Underground, metro, light rail, tram",38,41,-3
E01003330,Work mainly at or from home,292,28,264
E01003331,Bicycle,20,20,0
E01003331,"Bus, minibus or coach",74,99,-25
E01003331,Driving a car or van,135,157,-22
E01003331,"Motorcycle, scooter or moped",10,10,0
E01003331,Not in employment or aged 15 years and under,851,380,471
E01003331,On foot,36,32,4
E01003331,Other method of travel to work,14,4,10
E01003331,Passenger in a car or van,7,8,-1
E01003331,Taxi,1,1,0
E01003331,Train,66,175,-109
E01003331,"Underground, metro, light rail, tram",30,76,-46
E01003331,Work mainly at or from home,275,35,240
E01003332,Bicycle,19,23,-4
E01003332,"Bus, minibus or coach",91,112,-21
E01003332,Driving a car or van,122,197,-75
E01003332,"Motorcycle, scooter or moped",0,8,-8
E01003332,Not in employment or aged 15 years and under,789,364,425
E01003332,On foot,58,31,27
E01003332,Other method of travel to work,10,1,9
E01003332,Passenger in a car or van,9,13,-4
E01003332,Taxi,3,1,2
E01003332,Train,62,239,-177
E01003332,"Underground, metro, light rail, tram",54,98,-44
E01003332,Work mainly at or from home,372,28,344
E01003333,Bicycle,21,25,-4
E01003333,"Bus, minibus or coach",76,94,-18
E01003333,Driving a car or van,125,202,-77
E01003333,"Motorcycle, scooter or moped",4,8,-4
E01003333,Not in employment or aged 15 years and under,750,426,324
E01003333,On foot,34,53,-19
E01003333,Other method of travel to work,12,0,12
E01003333,Passenger in a car or van,12,12,0
E01003333,Taxi,3,4,-1
E01003333,Train,64,249,-185
E01003333,"Underground, metro, light rail, tram",46,70,-24
E01003333,Work mainly at or from home,386,30,356
E01003334,Bicycle,25,20,5
E01003334,"Bus, minibus or coach",99,131,-32
E01003334,Driving a car or van,112,180,-68
E01003334,"Motorcycle, scooter or moped",5,5,0
E01003334,Not in employment or aged 15 years and under,798,412,386
E01003334,On foot,48,44,4
E01003334,Other method of travel to work,11,1,10
E01003334,Passenger in a car or van,8,6,2
E01003334,Taxi,2,3,-1
E01003334,Train,130,315,-185
E01003334,"Underground, metro, light rail, tram",102,106,-4
E01003334,Work mainly at or from home,444,31,413
E01003335,Bicycle,11,8,3
E01003335,"Bus, minibus or coach",101,119,-18
E01003335,Driving a car or van,154,159,-5
E01003335,"Motorcycle, scooter or moped",5,3,2
E01003335,Not in employment or aged 15 years and under,814,382,432
E01003335,On foot,38,51,-13
E01003335,Other method of travel to work,7,3,4
E01003335,Passenger in a car or van,6,10,-4
E01003335,Taxi,0,3,-3
E01003335,Train,84,185,-101
E01003335,"Underground, metro, light rail, tram",43,57,-14
E01003335,Work mainly at or from home,258,32,226
E01003336,Bicycle,26,18,8
E01003336,"Bus, minibus or coach",184,141,43
E01003336,Driving a car or van,128,120,8
E01003336,"Motorcycle, scooter or moped",6,3,3
E01003336,Not in employment or aged 15 years and under,822,408,414
E01003336,On foot,38,40,-2
E01003336,Other method of travel to work,7,4,3
E01003336,Passenger in a car or van,5,11,-6
E01003336,Taxi,4,1,3
E01003336,Train,68,114,-46
E01003336,"Underground, metro, light rail, tram",52,86,-34
E01003336,Work mainly at or from home,190,18,172
E01003337,Bicycle,20,8,12
E01003337,"Bus, minibus or coach",153,207,-54
E01003337,Driving a car or van,119,160,-41
E01003337,"Motorcycle, scooter or moped",3,16,-13
E01003337,Not in employment or aged 15 years and under,818,400,418
E01003337,On foot,27,42,-15
E01003337,Other method of travel to work,10,3,7
E01003337,Passenger in a car or van,5,9,-4
E01003337,Taxi,7,2,5
E01003337,Train,50,136,-86
E01003337,"Underground, metro, light rail, tram",45,71,-26
E01003337,Work mainly at or from home,178,27,151
E01003338,Bicycle,37,23,14
E01003338,"Bus, minibus or coach",251,305,-54
E01003338,Driving a car or van,118,114,4
E01003338,"Motorcycle, scooter or moped",10,2,8
E01003338,Not in employment or aged 15 years and under,1063,591,472
E01003338,On foot,53,45,8
E01003338,Other method of travel to work,12,1,11
E01003338,Passenger in a car or van,7,5,2
E01003338,Taxi,5,1,4
E01003338,Train,52,94,-42
E01003338,"Underground, metro, light rail, tram",66,119,-53
E01003338,Work mainly at or from home,358,28,330
E01003339,Bicycle,54,58,-4
E01003339,"Bus, minibus or coach",142,232,-90
E01003339,Driving a car or van,111,129,-18
E01003339,"Motorcycle, scooter or moped",4,11,-7
E01003339,Not in employment or aged 15 years and under,762,425,337
E01003339,On foot,34,56,-22
E01003339,Other method of travel to work,16,5,11
E01003339,Passenger in a car or van,7,11,-4
E01003339,Taxi,4,5,-1
E01003339,Train,59,153,-94
E01003339,"Underground, metro, light rail, tram",85,223,-138
E01003339,Work mainly at or from home,406,62,344
E01003340,Bicycle,78,86,-8
E01003340,"Bus, minibus or coach",144,212,-68
E01003340,Driving a car or van,90,93,-3
E01003340,"Motorcycle, scooter or moped",6,19,-13
E01003340,Not in employment or aged 15 years and under,750,479,271
E01003340,On foot,72,76,-4
E01003340,Other method of travel to work,9,10,-1
E01003340,Passenger in a car or van,7,7,0
E01003340,Taxi,6,3,3
E01003340,Train,91,229,-138
E01003340,"Underground, metro, light rail, tram",133,337,-204
E01003340,Work mainly at or from home,678,68,610
E01003341,Bicycle,54,77,-23
E01003341,"Bus, minibus or coach",75,135,-60
E01003341,Driving a car or van,74,146,-72
E01003341,"Motorcycle, scooter or moped",6,7,-1
E01003341,Not in employment or aged 15 years and under,577,326,251
E01003341,On foot,35,61,-26
E01003341,Other method of travel to work,6,9,-3
E01003341,Passenger in a car or van,1,10,-9
E01003341,Taxi,2,0,2
E01003341,Train,45,171,-126
E01003341,"Underground, metro, light rail, tram",45,154,-109
E01003341,Work mainly at or from home,465,81,384
E01003342,Bicycle,54,80,-26
E01003342,"Bus, minibus or coach",64,122,-58
E01003342,Driving a car or van,93,155,-62
E01003342,"Motorcycle, scooter or moped",5,15,-10
E01003342,Not in employment or aged 15 years and under,685,340,345
E01003342,On foot,47,53,-6
E01003342,Other method of travel to work,10,1,9
E01003342,Passenger in a car or van,12,4,8
E01003342,Taxi,7,3,4
E01003342,Train,56,249,-193
E01003342,"Underground, metro, light rail, tram",62,222,-160
E01003342,Work mainly at or from home,606,63,543
E01003343,Bicycle,54,66,-12
E01003343,"Bus, minibus or coach",69,120,-51
E01003343,Driving a car or van,96,132,-36
E01003343,"Motorcycle, scooter or moped",2,8,-6
E01003343,Not in employment or aged 15 years and under,650,334,316
E01003343,On foot,39,53,-14
E01003343,Other method of travel to work,8,5,3
E01003343,Passenger in a car or van,4,7,-3
E01003343,Taxi,7,1,6
E01003343,Train,68,198,-130
E01003343,"Underground, metro, light rail, tram",44,90,-46
E01003343,Work mainly at or from home,408,46,362
E01003344,Bicycle,60,75,-15
E01003344,"Bus, minibus or coach",82,142,-60
E01003344,Driving a car or van,108,151,-43
E01003344,"Motorcycle, scooter or moped",3,4,-1
E01003344,Not in employment or aged 15 years and under,737,375,362
E01003344,On foot,39,49,-10
E01003344,Other method of travel to work,15,7,8
E01003344,Passenger in a car or van,9,7,2
E01003344,Taxi,4,4,0
E01003344,Train,60,258,-198
E01003344,"Underground, metro, light rail, tram",88,249,-161
E01003344,Work mainly at or from home,475,83,392
E01003345,Bicycle,48,72,-24
E01003345,"Bus, minibus or coach",71,119,-48
E01003345,Driving a car or van,157,179,-22
E01003345,"Motorcycle, scooter or moped",8,7,1
E01003345,Not in employment or aged 15 years and under,823,413,410
E01003345,On foot,63,65,-2
E01003345,Other method of travel to work,10,8,2
E01003345,Passenger in a car or van,6,14,-8
E01003345,Taxi,6,6,0
E01003345,Train,88,266,-178
E01003345,"Underground, metro, light rail, tram",87,237,-150
E01003345,Work mainly at or from home,592,40,552
E01003346,Bicycle,17,8,9
E01003346,"Bus, minibus or coach",115,150,-35
E01003346,Driving a car or van,241,243,-2
E01003346,"Motorcycle, scooter or moped",2,6,-4
E01003346,Not in employment or aged 15 years and under,905,414,491
E01003346,On foot,29,34,-5
E01003346,Other method of travel to work,15,3,12
E01003346,Passenger in a car or van,11,18,-7
E01003346,Taxi,4,2,2
E01003346,Train,75,140,-65
E01003346,"Underground, metro, light rail, tram",19,31,-12
E01003346,Work mainly at or from home,235,12,223
E01003347,Bicycle,9,13,-4
E01003347,"Bus, minibus or coach",163,180,-17
E01003347,Driving a car or van,163,190,-27
E01003347,"Motorcycle, scooter or moped",0,2,-2
E01003347,Not in employment or aged 15 years and under,1138,516,622
E01003347,On foot,32,42,-10
E01003347,Other method of travel to work,7,3,4
E01003347,Passenger in a car or van,14,14,0
E01003347,Taxi,5,3,2
E01003347,Train,61,99,-38
E01003347,"Underground, metro, light rail, tram",33,34,-1
E01003347,Work mainly at or from home,130,16,114
E01003348,Bicycle,12,8,4
E01003348,"Bus, minibus or coach",145,143,2
E01003348,Driving a car or van,256,239,17
E01003348,"Motorcycle, scooter or moped",9,7,2
E01003348,Not in employment or aged 15 years and under,969,397,572
E01003348,On foot,32,34,-2
E01003348,Other method of travel to work,12,3,9
E01003348,Passenger in a car or van,16,15,1
E01003348,Taxi,4,5,-1
E01003348,Train,60,127,-67
E01003348,"Underground, metro, light rail, tram",43,33,10
E01003348,Work mainly at or from home,228,16,212
E01003349,Bicycle,8,9,-1
E01003349,"Bus, minibus or coach",87,94,-7
E01003349,Driving a car or van,207,205,2
E01003349,"Motorcycle, scooter or moped",9,5,4
E01003349,Not in employment or aged 15 years and under,878,379,499
E01003349,On foot,35,34,1
E01003349,Other method of travel to work,5,2,3
E01003349,Passenger in a car or van,17,11,6
E01003349,Taxi,5,0,5
E01003349,Train,96,133,-37
E01003349,"Underground, metro, light rail, tram",35,37,-2
E01003349,Work mainly at or from home,168,12,156
E01003350,Bicycle,13,9,4
E01003350,"Bus, minibus or coach",99,111,-12
E01003350,Driving a car or van,185,209,-24
E01003350,"Motorcycle, scooter or moped",2,2,0
E01003350,Not in employment or aged 15 years and under,741,407,334
E01003350,On foot,40,38,2
E01003350,Other method of travel to work,5,3,2
E01003350,Passenger in a car or van,11,20,-9
E01003350,Taxi,3,3,0
E01003350,Train,57,90,-33
E01003350,"Underground, metro, light rail, tram",28,36,-8
E01003350,Work mainly at or from home,139,14,125
E01003351,Bicycle,11,6,5
E01003351,"Bus, minibus or coach",109,124,-15
E01003351,Driving a car or van,252,213,39
E01003351,"Motorcycle, scooter or moped",5,4,1
E01003351,Not in employment or aged 15 years and under,981,367,614
E01003351,On foot,35,34,1
E01003351,Other method of travel to work,10,6,4
E01003351,Passenger in a car or van,17,22,-5
E01003351,Taxi,5,4,1
E01003351,Train,75,119,-44
E01003351,"Underground, metro, light rail, tram",28,33,-5
E01003351,Work mainly at or from home,157,13,144
E01003352,Bicycle,32,13,19
E01003352,"Bus, minibus or coach",146,175,-29
E01003352,Driving a car or van,237,212,25
E01003352,"Motorcycle, scooter or moped",4,5,-1
E01003352,Not in employment or aged 15 years and under,1351,514,837
E01003352,On foot,53,48,5
E01003352,Other method of travel to work,15,7,8
E01003352,Passenger in a car or van,10,10,0
E01003352,Taxi,3,4,-1
E01003352,Train,129,172,-43
E01003352,"Underground, metro, light rail, tram",50,66,-16
E01003352,Work mainly at or from home,263,23,240
E01003353,Bicycle,11,19,-8
E01003353,"Bus, minibus or coach",102,126,-24
E01003353,Driving a car or van,286,336,-50
E01003353,"Motorcycle, scooter or moped",9,10,-1
E01003353,Not in employment or aged 15 years and under,895,421,474
E01003353,On foot,38,50,-12
E01003353,Other method of travel to work,19,6,13
E01003353,Passenger in a car or van,27,18,9
E01003353,Taxi,2,4,-2
E01003353,Train,89,166,-77
E01003353,"Underground, metro, light rail, tram",34,66,-32
E01003353,Work mainly at or from home,277,23,254
E01003354,Bicycle,22,15,7
E01003354,"Bus, minibus or coach",106,143,-37
E01003354,Driving a car or van,267,286,-19
E01003354,"Motorcycle, scooter or moped",10,5,5
E01003354,Not in employment or aged 15 years and under,1066,378,688
E01003354,On foot,35,55,-20
E01003354,Other method of travel to work,16,4,12
E01003354,Passenger in a car or van,19,9,10
E01003354,Taxi,11,3,8
E01003354,Train,99,207,-108
E01003354,"Underground, metro, light rail, tram",60,71,-11
E01003354,Work mainly at or from home,345,26,319
E01003355,Bicycle,36,36,0
E01003355,"Bus, minibus or coach",39,46,-7
E01003355,Driving a car or van,109,165,-56
E01003355,"Motorcycle, scooter or moped",4,11,-7
E01003355,Not in employment or aged 15 years and under,564,225,339
E01003355,On foot,73,81,-8
E01003355,Other method of travel to work,11,6,5
E01003355,Passenger in a car or van,7,9,-2
E01003355,Taxi,4,1,3
E01003355,Train,29,143,-114
E01003355,"Underground, metro, light rail, tram",169,538,-369
E01003355,Work mainly at or from home,723,41,682
E01003356,Bicycle,34,47,-13
E01003356,"Bus, minibus or coach",39,48,-9
E01003356,Driving a car or van,119,176,-57
E01003356,"Motorcycle, scooter or moped",14,7,7
E01003356,Not in employment or aged 15 years and under,771,307,464
E01003356,On foot,68,85,-17
E01003356,Other method of travel to work,12,2,10
E01003356,Passenger in a car or van,6,7,-1
E01003356,Taxi,2,0,2
E01003356,Train,25,153,-128
E01003356,"Underground, metro, light rail, tram",125,458,-333
E01003356,Work mainly at or from home,620,64,556
E01003357,Bicycle,17,33,-16
E01003357,"Bus, minibus or coach",96,143,-47
E01003357,Driving a car or van,156,186,-30
E01003357,"Motorcycle, scooter or moped",8,13,-5
E01003357,Not in employment or aged 15 years and under,1034,458,576
E01003357,On foot,102,97,5
E01003357,Other method of travel to work,5,2,3
E01003357,Passenger in a car or van,4,11,-7
E01003357,Taxi,0,0,0
E01003357,Train,29,75,-46
E01003357,"Underground, metro, light rail, tram",130,316,-186
E01003357,Work mainly at or from home,284,24,260
E01003358,Bicycle,32,30,2
E01003358,"Bus, minibus or coach",46,47,-1
E01003358,Driving a car or van,111,149,-38
E01003358,"Motorcycle, scooter or moped",13,6,7
E01003358,Not in employment or aged 15 years and under,656,312,344
E01003358,On foot,57,85,-28
E01003358,Other method of travel to work,7,9,-2
E01003358,Passenger in a car or van,10,6,4
E01003358,Taxi,0,2,-2
E01003358,Train,53,307,-254
E01003358,"Underground, metro, light rail, tram",119,510,-391
E01003358,Work mainly at or from home,696,58,638
E01003359,Bicycle,30,52,-22
E01003359,"Bus, minibus or coach",51,59,-8
E01003359,Driving a car or van,119,180,-61
E01003359,"Motorcycle, scooter or moped",11,11,0
E01003359,Not in employment or aged 15 years and under,735,352,383
E01003359,On foot,82,97,-15
E01003359,Other method of travel to work,8,5,3
E01003359,Passenger in a car or van,7,6,1
E01003359,Taxi,2,2,0
E01003359,Train,22,84,-62
E01003359,"Underground, metro, light rail, tram",165,461,-296
E01003359,Work mainly at or from home,513,47,466
E01003360,Bicycle,31,50,-19
E01003360,"Bus, minibus or coach",44,41,3
E01003360,Driving a car or van,89,156,-67
E01003360,"Motorcycle, scooter or moped",5,9,-4
E01003360,Not in employment or aged 15 years and under,621,221,400
E01003360,On foot,75,86,-11
E01003360,Other method of travel to work,4,3,1
E01003360,Passenger in a car or van,7,8,-1
E01003360,Taxi,3,1,2
E01003360,Train,17,138,-121
E01003360,"Underground, metro, light rail, tram",162,582,-420
E01003360,Work mainly at or from home,728,64,664
E01003361,Bicycle,27,33,-6
E01003361,"Bus, minibus or coach",60,73,-13
E01003361,Driving a car or van,193,285,-92
E01003361,"Motorcycle, scooter or moped",8,16,-8
E01003361,Not in employment or aged 15 years and under,801,382,419
E01003361,On foot,53,71,-18
E01003361,Other method of travel to work,10,11,-1
E01003361,Passenger in a car or van,8,19,-11
E01003361,Taxi,7,5,2
E01003361,Train,41,100,-59
E01003361,"Underground, metro, light rail, tram",111,207,-96
E01003361,Work mainly at or from home,352,50,302
E01003362,Bicycle,13,24,-11
E01003362,"Bus, minibus or coach",26,52,-26
E01003362,Driving a car or van,157,269,-112
E01003362,"Motorcycle, scooter or moped",5,10,-5
E01003362,Not in employment or aged 15 years and under,692,326,366
E01003362,On foot,45,44,1
E01003362,Other method of travel to work,10,3,7
E01003362,Passenger in a car or van,18,22,-4
E01003362,Taxi,6,5,1
E01003362,Train,24,57,-33
E01003362,"Underground, metro, light rail, tram",49,143,-94
E01003362,Work mainly at or from home,337,42,295
E01003363,Bicycle,21,21,0
E01003363,"Bus, minibus or coach",34,63,-29
E01003363,Driving a car or van,243,373,-130
E01003363,"Motorcycle, scooter or moped",8,15,-7
E01003363,Not in employment or aged 15 years and under,856,329,527
E01003363,On foot,32,49,-17
E01003363,Other method of travel to work,18,1,17
E01003363,Passenger in a car or van,19,19,0
E01003363,Taxi,5,6,-1
E01003363,Train,29,49,-20
E01003363,"Underground, metro, light rail, tram",73,204,-131
E01003363,Work mainly at or from home,362,41,321
E01003364,Bicycle,18,24,-6
E01003364,"Bus, minibus or coach",39,52,-13
E01003364,Driving a car or van,264,406,-142
E01003364,"Motorcycle, scooter or moped",4,16,-12
E01003364,Not in employment or aged 15 years and under,942,396,546
E01003364,On foot,35,46,-11
E01003364,Other method of travel to work,7,3,4
E01003364,Passenger in a car or van,19,24,-5
E01003364,Taxi,1,6,-5
E01003364,Train,27,94,-67
E01003364,"Underground, metro, light rail, tram",83,157,-74
E01003364,Work mainly at or from home,378,48,330
E01003365,Bicycle,20,29,-9
E01003365,"Bus, minibus or coach",24,38,-14
E01003365,Driving a car or van,159,255,-96
E01003365,"Motorcycle, scooter or moped",7,8,-1
E01003365,Not in employment or aged 15 years and under,790,349,441
E01003365,On foot,34,57,-23
E01003365,Other method of travel to work,2,5,-3
E01003365,Passenger in a car or van,15,15,0
E01003365,Taxi,4,3,1
E01003365,Train,23,60,-37
E01003365,"Underground, metro, light rail, tram",89,193,-104
E01003365,Work mainly at or from home,323,33,290
E01003366,Bicycle,25,29,-4
E01003366,"Bus, minibus or coach",50,83,-33
E01003366,Driving a car or van,185,256,-71
E01003366,"Motorcycle, scooter or moped",11,8,3
E01003366,Not in employment or aged 15 years and under,792,331,461
E01003366,On foot,59,75,-16
E01003366,Other method of travel to work,12,3,9
E01003366,Passenger in a car or van,15,24,-9
E01003366,Taxi,1,2,-1
E01003366,Train,45,201,-156
E01003366,"Underground, metro, light rail, tram",117,124,-7
E01003366,Work mainly at or from home,419,42,377
E01003368,Bicycle,45,29,16
E01003368,"Bus, minibus or coach",84,143,-59
E01003368,Driving a car or van,195,228,-33
E01003368,"Motorcycle, scooter or moped",11,18,-7
E01003368,Not in employment or aged 15 years and under,740,406,334
E01003368,On foot,56,61,-5
E01003368,Other method of travel to work,15,6,9
E01003368,Passenger in a car or van,19,16,3
E01003368,Taxi,3,2,1
E01003368,Train,29,82,-53
E01003368,"Underground, metro, light rail, tram",118,246,-128
E01003368,Work mainly at or from home,354,17,337
E01003369,Bicycle,48,63,-15
E01003369,"Bus, minibus or coach",72,111,-39
E01003369,Driving a car or van,116,157,-41
E01003369,"Motorcycle, scooter or moped",9,18,-9
E01003369,Not in employment or aged 15 years and under,561,306,255
E01003369,On foot,111,119,-8
E01003369,Other method of travel to work,0,3,-3
E01003369,Passenger in a car or van,11,11,0
E01003369,Taxi,3,2,1
E01003369,Train,28,61,-33
E01003369,"Underground, metro, light rail, tram",186,524,-338
E01003369,Work mainly at or from home,497,35,462
E01003370,Bicycle,43,68,-25
E01003370,"Bus, minibus or coach",95,126,-31
E01003370,Driving a car or van,158,201,-43
E01003370,"Motorcycle, scooter or moped",9,19,-10
E01003370,Not in employment or aged 15 years and under,748,354,394
E01003370,On foot,101,125,-24
E01003370,Other method of travel to work,8,9,-1
E01003370,Passenger in a car or van,15,11,4
E01003370,Taxi,4,4,0
E01003370,Train,28,87,-59
E01003370,"Underground, metro, light rail, tram",256,631,-375
E01003370,Work mainly at or from home,537,33,504
E01003371,Bicycle,35,53,-18
E01003371,"Bus, minibus or coach",55,94,-39
E01003371,Driving a car or van,110,184,-74
E01003371,"Motorcycle, scooter or moped",8,12,-4
E01003371,Not in employment or aged 15 years and under,623,312,311
E01003371,On foot,70,74,-4
E01003371,Other method of travel to work,8,7,1
E01003371,Passenger in a car or van,2,7,-5
E01003371,Taxi,1,1,0
E01003371,Train,22,53,-31
E01003371,"Underground, metro, light rail, tram",147,442,-295
E01003371,Work mainly at or from home,466,35,431
E01003372,Bicycle,40,34,6
E01003372,"Bus, minibus or coach",103,126,-23
E01003372,Driving a car or van,168,174,-6
E01003372,"Motorcycle, scooter or moped",10,14,-4
E01003372,Not in employment or aged 15 years and under,785,397,388
E01003372,On foot,76,81,-5
E01003372,Other method of travel to work,12,6,6
E01003372,Passenger in a car or van,16,6,10
E01003372,Taxi,7,0,7
E01003372,Train,49,86,-37
E01003372,"Underground, metro, light rail, tram",131,235,-104
E01003372,Work mainly at or from home,310,16,294
E01003373,Bicycle,23,11,12
E01003373,"Bus, minibus or coach",89,77,12
E01003373,Driving a car or van,189,175,14
E01003373,"Motorcycle, scooter or moped",5,6,-1
E01003373,Not in employment or aged 15 years and under,890,445,445
E01003373,On foot,61,61,0
E01003373,Other method of travel to work,15,5,10
E01003373,Passenger in a car or van,17,16,1
E01003373,Taxi,2,1,1
E01003373,Train,32,30,2
E01003373,"Underground, metro, light rail, tram",104,173,-69
E01003373,Work mainly at or from home,133,16,117
E01003374,Bicycle,17,12,5
E01003374,"Bus, minibus or coach",130,111,19
E01003374,Driving a car or van,192,191,1
E01003374,"Motorcycle, scooter or moped",6,6,0
E01003374,Not in employment or aged 15 years and under,983,408,575
E01003374,On foot,61,36,25
E01003374,Other method of travel to work,11,8,3
E01003374,Passenger in a car or van,16,17,-1
E01003374,Taxi,2,1,1
E01003374,Train,39,56,-17
E01003374,"Underground, metro, light rail, tram",140,140,0
E01003374,Work mainly at or from home,215,14,201
E01003375,Bicycle,15,11,4
E01003375,"Bus, minibus or coach",75,109,-34
E01003375,Driving a car or van,256,293,-37
E01003375,"Motorcycle, scooter or moped",16,18,-2
E01003375,Not in employment or aged 15 years and under,963,390,573
E01003375,On foot,41,59,-18
E01003375,Other method of travel to work,11,4,7
E01003375,Passenger in a car or van,16,12,4
E01003375,Taxi,2,1,1
E01003375,Train,56,120,-64
E01003375,"Underground, metro, light rail, tram",99,138,-39
E01003375,Work mainly at or from home,232,24,208
E01003376,Bicycle,23,18,5
E01003376,"Bus, minibus or coach",57,97,-40
E01003376,Driving a car or van,235,201,34
E01003376,"Motorcycle, scooter or moped",7,8,-1
E01003376,Not in employment or aged 15 years and under,802,443,359
E01003376,On foot,64,90,-26
E01003376,Other method of travel to work,8,6,2
E01003376,Passenger in a car or van,16,13,3
E01003376,Taxi,3,0,3
E01003376,Train,30,57,-27
E01003376,"Underground, metro, light rail, tram",149,236,-87
E01003376,Work mainly at or from home,171,19,152
E01003377,Bicycle,13,21,-8
E01003377,"Bus, minibus or coach",121,111,10
E01003377,Driving a car or van,186,182,4
E01003377,"Motorcycle, scooter or moped",5,9,-4
E01003377,Not in employment or aged 15 years and under,934,483,451
E01003377,On foot,62,65,-3
E01003377,Other method of travel to work,8,6,2
E01003377,Passenger in a car or van,22,13,9
E01003377,Taxi,8,1,7
E01003377,Train,22,48,-26
E01003377,"Underground, metro, light rail, tram",133,157,-24
E01003377,Work mainly at or from home,132,13,119
E01003378,Bicycle,28,27,1
E01003378,"Bus, minibus or coach",119,154,-35
E01003378,Driving a car or van,305,294,11
E01003378,"Motorcycle, scooter or moped",14,13,1
E01003378,Not in employment or aged 15 years and under,1108,458,650
E01003378,On foot,100,97,3
E01003378,Other method of travel to work,15,9,6
E01003378,Passenger in a car or van,27,22,5
E01003378,Taxi,6,1,5
E01003378,Train,38,79,-41
E01003378,"Underground, metro, light rail, tram",186,256,-70
E01003378,Work mainly at or from home,289,32,257
E01003379,Bicycle,25,20,5
E01003379,"Bus, minibus or coach",209,198,11
E01003379,Driving a car or van,200,209,-9
E01003379,"Motorcycle, scooter or moped",17,7,10
E01003379,Not in employment or aged 15 years and under,1141,478,663
E01003379,On foot,77,70,7
E01003379,Other method of travel to work,11,3,8
E01003379,Passenger in a car or van,15,22,-7
E01003379,Taxi,5,2,3
E01003379,Train,26,49,-23
E01003379,"Underground, metro, light rail, tram",129,154,-25
E01003379,Work mainly at or from home,166,9,157
E01003380,Bicycle,21,48,-27
E01003380,"Bus, minibus or coach",28,46,-18
E01003380,Driving a car or van,117,218,-101
E01003380,"Motorcycle, scooter or moped",3,8,-5
E01003380,Not in employment or aged 15 years and under,810,258,552
E01003380,On foot,45,88,-43
E01003380,Other method of travel to work,10,9,1
E01003380,Passenger in a car or van,10,12,-2
E01003380,Taxi,1,1,0
E01003380,Train,39,314,-275
E01003380,"Underground, metro, light rail, tram",74,202,-128
E01003380,Work mainly at or from home,584,60,524
E01003381,Bicycle,34,37,-3
E01003381,"Bus, minibus or coach",33,39,-6
E01003381,Driving a car or van,129,172,-43
E01003381,"Motorcycle, scooter or moped",4,15,-11
E01003381,Not in employment or aged 15 years and under,587,181,406
E01003381,On foot,39,42,-3
E01003381,Other method of travel to work,8,3,5
E01003381,Passenger in a car or van,11,8,3
E01003381,Taxi,6,1,5
E01003381,Train,74,353,-279
E01003381,"Underground, metro, light rail, tram",57,115,-58
E01003381,Work mainly at or from home,588,53,535
E01003382,Bicycle,39,33,6
E01003382,"Bus, minibus or coach",39,47,-8
E01003382,Driving a car or van,124,255,-131
E01003382,"Motorcycle, scooter or moped",5,7,-2
E01003382,Not in employment or aged 15 years and under,740,287,453
E01003382,On foot,45,57,-12
E01003382,Other method of travel to work,9,2,7
E01003382,Passenger in a car or van,9,18,-9
E01003382,Taxi,0,3,-3
E01003382,Train,49,416,-367
E01003382,"Underground, metro, light rail, tram",85,166,-81
E01003382,Work mainly at or from home,633,64,569
E01003383,Bicycle,18,20,-2
E01003383,"Bus, minibus or coach",22,25,-3
E01003383,Driving a car or van,89,132,-43
E01003383,"Motorcycle, scooter or moped",11,9,2
E01003383,Not in employment or aged 15 years and under,627,246,381
E01003383,On foot,68,72,-4
E01003383,Other method of travel to work,6,6,0
E01003383,Passenger in a car or van,5,7,-2
E01003383,Taxi,3,0,3
E01003383,Train,57,426,-369
E01003383,"Underground, metro, light rail, tram",99,263,-164
E01003383,Work mainly at or from home,644,68,576
E01003384,Bicycle,28,37,-9
E01003384,"Bus, minibus or coach",23,24,-1
E01003384,Driving a car or van,73,141,-68
E01003384,"Motorcycle, scooter or moped",9,15,-6
E01003384,Not in employment or aged 15 years and under,687,259,428
E01003384,On foot,40,63,-23
E01003384,Other method of travel to work,8,2,6
E01003384,Passenger in a car or van,7,7,0
E01003384,Taxi,0,1,-1
E01003384,Train,54,347,-293
E01003384,"Underground, metro, light rail, tram",105,252,-147
E01003384,Work mainly at or from home,653,58,595
E01003385,Bicycle,24,45,-21
E01003385,"Bus, minibus or coach",10,24,-14
E01003385,Driving a car or van,70,155,-85
E01003385,"Motorcycle, scooter or moped",3,9,-6
E01003385,Not in employment or aged 15 years and under,810,289,521
E01003385,On foot,39,68,-29
E01003385,Other method of travel to work,2,6,-4
E01003385,Passenger in a car or van,3,3,0
E01003385,Taxi,0,0,0
E01003385,Train,30,323,-293
E01003385,"Underground, metro, light rail, tram",62,201,-139
E01003385,Work mainly at or from home,585,70,515
E01003386,Bicycle,43,25,18
E01003386,"Bus, minibus or coach",184,204,-20
E01003386,Driving a car or van,321,330,-9
E01003386,"Motorcycle, scooter or moped",20,11,9
E01003386,Not in employment or aged 15 years and under,1115,545,570
E01003386,On foot,80,69,11
E01003386,Other method of travel to work,16,5,11
E01003386,Passenger in a car or van,20,18,2
E01003386,Taxi,3,3,0
E01003386,Train,113,181,-68
E01003386,"Underground, metro, light rail, tram",99,139,-40
E01003386,Work mainly at or from home,257,21,236
E01003387,Bicycle,44,20,24
E01003387,"Bus, minibus or coach",154,145,9
E01003387,Driving a car or van,273,246,27
E01003387,"Motorcycle, scooter or moped",11,11,0
E01003387,Not in employment or aged 15 years and under,1070,443,627
E01003387,On foot,50,51,-1
E01003387,Other method of travel to work,23,7,16
E01003387,Passenger in a car or van,17,15,2
E01003387,Taxi,9,7,2
E01003387,Train,109,155,-46
E01003387,"Underground, metro, light rail, tram",54,53,1
E01003387,Work mainly at or from home,270,9,261
E01003388,Bicycle,22,15,7
E01003388,"Bus, minibus or coach",159,147,12
E01003388,Driving a car or van,200,186,14
E01003388,"Motorcycle, scooter or moped",15,11,4
E01003388,Not in employment or aged 15 years and under,887,424,463
E01003388,On foot,70,56,14
E01003388,Other method of travel to work,8,7,1
E01003388,Passenger in a car or van,8,10,-2
E01003388,Taxi,3,4,-1
E01003388,Train,66,106,-40
E01003388,"Underground, metro, light rail, tram",101,78,23
E01003388,Work mainly at or from home,183,18,165
E01003389,Bicycle,19,28,-9
E01003389,"Bus, minibus or coach",166,192,-26
E01003389,Driving a car or van,254,270,-16
E01003389,"Motorcycle, scooter or moped",12,11,1
E01003389,Not in employment or aged 15 years and under,892,437,455
E01003389,On foot,63,71,-8
E01003389,Other method of travel to work,10,7,3
E01003389,Passenger in a car or van,15,14,1
E01003389,Taxi,4,3,1
E01003389,Train,53,89,-36
E01003389,"Underground, metro, light rail, tram",103,139,-36
E01003389,Work mainly at or from home,209,27,182
E01003390,Bicycle,24,20,4
E01003390,"Bus, minibus or coach",243,265,-22
E01003390,Driving a car or van,187,154,33
E01003390,"Motorcycle, scooter or moped",7,3,4
E01003390,Not in employment or aged 15 years and under,984,455,529
E01003390,On foot,49,55,-6
E01003390,Other method of travel to work,9,8,1
E01003390,Passenger in a car or van,15,9,6
E01003390,Taxi,0,0,0
E01003390,Train,36,60,-24
E01003390,"Underground, metro, light rail, tram",77,112,-35
E01003390,Work mainly at or from home,149,10,139
E01003391,Bicycle,11,15,-4
E01003391,"Bus, minibus or coach",96,120,-24
E01003391,Driving a car or van,147,198,-51
E01003391,"Motorcycle, scooter or moped",8,2,6
E01003391,Not in employment or aged 15 years and under,816,405,411
E01003391,On foot,35,41,-6
E01003391,Other method of travel to work,7,4,3
E01003391,Passenger in a car or van,7,11,-4
E01003391,Taxi,2,0,2
E01003391,Train,51,84,-33
E01003391,"Underground, metro, light rail, tram",39,55,-16
E01003391,Work mainly at or from home,91,8,83
E01003392,Bicycle,30,19,11
E01003392,"Bus, minibus or coach",99,132,-33
E01003392,Driving a car or van,173,213,-40
E01003392,"Motorcycle, scooter or moped",9,9,0
E01003392,Not in employment or aged 15 years and under,683,313,370
E01003392,On foot,53,46,7
E01003392,Other method of travel to work,13,4,9
E01003392,Passenger in a car or van,17,12,5
E01003392,Taxi,0,0,0
E01003392,Train,46,125,-79
E01003392,"Underground, metro, light rail, tram",59,119,-60
E01003392,Work mainly at or from home,233,17,216
E01003393,Bicycle,45,41,4
E01003393,"Bus, minibus or coach",118,162,-44
E01003393,Driving a car or van,126,137,-11
E01003393,"Motorcycle, scooter or moped",12,13,-1
E01003393,Not in employment or aged 15 years and under,656,360,296
E01003393,On foot,77,50,27
E01003393,Other method of travel to work,8,6,2
E01003393,Passenger in a car or van,11,9,2
E01003393,Taxi,7,1,6
E01003393,Train,46,134,-88
E01003393,"Underground, metro, light rail, tram",166,287,-121
E01003393,Work mainly at or from home,348,34,314
E01003394,Bicycle,29,29,0
E01003394,"Bus, minibus or coach",195,191,4
E01003394,Driving a car or van,235,310,-75
E01003394,"Motorcycle, scooter or moped",15,14,1
E01003394,Not in employment or aged 15 years and under,958,478,480
E01003394,On foot,85,56,29
E01003394,Other method of travel to work,12,8,4
E01003394,Passenger in a car or van,25,25,0
E01003394,Taxi,6,3,3
E01003394,Train,43,121,-78
E01003394,"Underground, metro, light rail, tram",133,232,-99
E01003394,Work mainly at or from home,329,27,302
E01003395,Bicycle,30,18,12
E01003395,"Bus, minibus or coach",92,120,-28
E01003395,Driving a car or van,242,276,-34
E01003395,"Motorcycle, scooter or moped",9,13,-4
E01003395,Not in employment or aged 15 years and under,825,388,437
E01003395,On foot,56,50,6
E01003395,Other method of travel to work,10,5,5
E01003395,Passenger in a car or van,12,14,-2
E01003395,Taxi,1,2,-1
E01003395,Train,47,87,-40
E01003395,"Underground, metro, light rail, tram",88,118,-30
E01003395,Work mainly at or from home,228,22,206
E01003396,Bicycle,22,32,-10
E01003396,"Bus, minibus or coach",92,155,-63
E01003396,Driving a car or van,133,181,-48
E01003396,"Motorcycle, scooter or moped",3,9,-6
E01003396,Not in employment or aged 15 years and under,674,398,276
E01003396,On foot,47,51,-4
E01003396,Other method of travel to work,7,6,1
E01003396,Passenger in a car or van,15,4,11
E01003396,Taxi,1,0,1
E01003396,Train,35,140,-105
E01003396,"Underground, metro, light rail, tram",100,244,-144
E01003396,Work mainly at or from home,373,29,344
E01003397,Bicycle,24,17,7
E01003397,"Bus, minibus or coach",85,154,-69
E01003397,Driving a car or van,160,215,-55
E01003397,"Motorcycle, scooter or moped",8,12,-4
E01003397,Not in employment or aged 15 years and under,710,405,305
E01003397,On foot,63,50,13
E01003397,Other method of travel to work,9,0,9
E01003397,Passenger in a car or van,13,15,-2
E01003397,Taxi,0,2,-2
E01003397,Train,34,107,-73
E01003397,"Underground, metro, light rail, tram",120,195,-75
E01003397,Work mainly at or from home,300,17,283
E01003398,Bicycle,41,20,21
E01003398,"Bus, minibus or coach",153,172,-19
E01003398,Driving a car or van,196,281,-85
E01003398,"Motorcycle, scooter or moped",12,12,0
E01003398,Not in employment or aged 15 years and under,914,447,467
E01003398,On foot,53,58,-5
E01003398,Other method of travel to work,13,3,10
E01003398,Passenger in a car or van,12,20,-8
E01003398,Taxi,4,1,3
E01003398,Train,47,77,-30
E01003398,"Underground, metro, light rail, tram",131,178,-47
E01003398,Work mainly at or from home,339,22,317
E01003399,Bicycle,15,40,-25
E01003399,"Bus, minibus or coach",32,63,-31
E01003399,Driving a car or van,100,178,-78
E01003399,"Motorcycle, scooter or moped",8,14,-6
E01003399,Not in employment or aged 15 years and under,545,298,247
E01003399,On foot,46,67,-21
E01003399,Other method of travel to work,7,6,1
E01003399,Passenger in a car or van,11,8,3
E01003399,Taxi,2,0,2
E01003399,Train,41,380,-339
E01003399,"Underground, metro, light rail, tram",80,211,-131
E01003399,Work mainly at or from home,526,64,462
E01003400,Bicycle,15,29,-14
E01003400,"Bus, minibus or coach",38,39,-1
E01003400,Driving a car or van,77,155,-78
E01003400,"Motorcycle, scooter or moped",9,16,-7
E01003400,Not in employment or aged 15 years and under,565,239,326
E01003400,On foot,44,79,-35
E01003400,Other method of travel to work,3,10,-7
E01003400,Passenger in a car or van,5,4,1
E01003400,Taxi,2,1,1
E01003400,Train,52,350,-298
E01003400,"Underground, metro, light rail, tram",81,242,-161
E01003400,Work mainly at or from home,568,64,504
E01003401,Bicycle,13,15,-2
E01003401,"Bus, minibus or coach",26,29,-3
E01003401,Driving a car or van,63,108,-45
E01003401,"Motorcycle, scooter or moped",3,9,-6
E01003401,Not in employment or aged 15 years and under,619,275,344
E01003401,On foot,35,54,-19
E01003401,Other method of travel to work,11,9,2
E01003401,Passenger in a car or van,1,5,-4
E01003401,Taxi,1,0,1
E01003401,Train,54,307,-253
E01003401,"Underground, metro, light rail, tram",67,157,-90
E01003401,Work mainly at or from home,515,59,456
E01003402,Bicycle,15,26,-11
E01003402,"Bus, minibus or coach",20,27,-7
E01003402,Driving a car or van,68,120,-52
E01003402,"Motorcycle, scooter or moped",2,8,-6
E01003402,Not in employment or aged 15 years and under,725,333,392
E01003402,On foot,27,51,-24
E01003402,Other method of travel to work,4,4,0
E01003402,Passenger in a car or van,3,10,-7
E01003402,Taxi,4,3,1
E01003402,Train,54,320,-266
E01003402,"Underground, metro, light rail, tram",68,219,-151
E01003402,Work mainly at or from home,491,62,429
E01003403,Bicycle,25,21,4
E01003403,"Bus, minibus or coach",18,28,-10
E01003403,Driving a car or van,74,135,-61
E01003403,"Motorcycle, scooter or moped",2,11,-9
E01003403,Not in employment or aged 15 years and under,694,304,390
E01003403,On foot,33,72,-39
E01003403,Other method of travel to work,5,15,-10
E01003403,Passenger in a car or van,1,5,-4
E01003403,Taxi,4,2,2
E01003403,Train,42,302,-260
E01003403,"Underground, metro, light rail, tram",63,187,-124
E01003403,Work mainly at or from home,526,77,449
E01003404,Bicycle,23,19,4
E01003404,"Bus, minibus or coach",31,36,-5
E01003404,Driving a car or van,124,131,-7
E01003404,"Motorcycle, scooter or moped",7,8,-1
E01003404,Not in employment or aged 15 years and under,789,270,519
E01003404,On foot,41,56,-15
E01003404,Other method of travel to work,11,3,8
E01003404,Passenger in a car or van,3,8,-5
E01003404,Taxi,0,1,-1
E01003404,Train,50,333,-283
E01003404,"Underground, metro, light rail, tram",88,213,-125
E01003404,Work mainly at or from home,667,59,608
E01003405,Bicycle,42,34,8
E01003405,"Bus, minibus or coach",180,148,32
E01003405,Driving a car or van,326,249,77
E01003405,"Motorcycle, scooter or moped",25,7,18
E01003405,Not in employment or aged 15 years and under,1234,463,771
E01003405,On foot,98,83,15
E01003405,Other method of travel to work,13,2,11
E01003405,Passenger in a car or van,24,10,14
E01003405,Taxi,9,0,9
E01003405,Train,35,64,-29
E01003405,"Underground, metro, light rail, tram",157,176,-19
E01003405,Work mainly at or from home,294,18,276
E01003406,Bicycle,40,22,18
E01003406,"Bus, minibus or coach",90,123,-33
E01003406,Driving a car or van,211,248,-37
E01003406,"Motorcycle, scooter or moped",18,12,6
E01003406,Not in employment or aged 15 years and under,744,415,329
E01003406,On foot,88,70,18
E01003406,Other method of travel to work,10,7,3
E01003406,Passenger in a car or van,24,21,3
E01003406,Taxi,8,0,8
E01003406,Train,27,59,-32
E01003406,"Underground, metro, light rail, tram",130,204,-74
E01003406,Work mainly at or from home,298,19,279
E01003407,Bicycle,41,40,1
E01003407,"Bus, minibus or coach",87,106,-19
E01003407,Driving a car or van,222,256,-34
E01003407,"Motorcycle, scooter or moped",17,17,0
E01003407,Not in employment or aged 15 years and under,805,348,457
E01003407,On foot,98,72,26
E01003407,Other method of travel to work,12,4,8
E01003407,Passenger in a car or van,25,15,10
E01003407,Taxi,3,4,-1
E01003407,Train,31,53,-22
E01003407,"Underground, metro, light rail, tram",203,503,-300
E01003407,Work mainly at or from home,401,31,370
E01003408,Bicycle,44,38,6
E01003408,"Bus, minibus or coach",76,99,-23
E01003408,Driving a car or van,209,236,-27
E01003408,"Motorcycle, scooter or moped",22,26,-4
E01003408,Not in employment or aged 15 years and under,743,378,365
E01003408,On foot,96,104,-8
E01003408,Other method of travel to work,14,2,12
E01003408,Passenger in a car or van,9,8,1
E01003408,Taxi,5,1,4
E01003408,Train,28,69,-41
E01003408,"Underground, metro, light rail, tram",219,517,-298
E01003408,Work mainly at or from home,485,49,436
E01003409,Bicycle,36,28,8
E01003409,"Bus, minibus or coach",132,173,-41
E01003409,Driving a car or van,260,268,-8
E01003409,"Motorcycle, scooter or moped",17,7,10
E01003409,Not in employment or aged 15 years and under,906,458,448
E01003409,On foot,69,52,17
E01003409,Other method of travel to work,14,6,8
E01003409,Passenger in a car or van,18,14,4
E01003409,Taxi,0,2,-2
E01003409,Train,23,57,-34
E01003409,"Underground, metro, light rail, tram",97,133,-36
E01003409,Work mainly at or from home,226,23,203
E01003410,Bicycle,26,23,3
E01003410,"Bus, minibus or coach",74,111,-37
E01003410,Driving a car or van,194,232,-38
E01003410,"Motorcycle, scooter or moped",17,11,6
E01003410,Not in employment or aged 15 years and under,825,358,467
E01003410,On foot,61,88,-27
E01003410,Other method of travel to work,14,2,12
E01003410,Passenger in a car or van,17,13,4
E01003410,Taxi,6,5,1
E01003410,Train,17,55,-38
E01003410,"Underground, metro, light rail, tram",148,312,-164
E01003410,Work mainly at or from home,231,20,211
E01003411,Bicycle,36,35,1
E01003411,"Bus, minibus or coach",134,157,-23
E01003411,Driving a car or van,217,243,-26
E01003411,"Motorcycle, scooter or moped",22,15,7
E01003411,Not in employment or aged 15 years and under,1059,404,655
E01003411,On foot,41,38,3
E01003411,Other method of travel to work,13,2,11
E01003411,Passenger in a car or van,10,14,-4
E01003411,Taxi,2,3,-1
E01003411,Train,97,246,-149
E01003411,"Underground, metro, light rail, tram",68,89,-21
E01003411,Work mainly at or from home,338,15,323
E01003412,Bicycle,32,14,18
E01003412,"Bus, minibus or coach",98,135,-37
E01003412,Driving a car or van,253,292,-39
E01003412,"Motorcycle, scooter or moped",11,10,1
E01003412,Not in employment or aged 15 years and under,894,419,475
E01003412,On foot,43,51,-8
E01003412,Other method of travel to work,10,3,7
E01003412,Passenger in a car or van,22,22,0
E01003412,Taxi,5,4,1
E01003412,Train,112,165,-53
E01003412,"Underground, metro, light rail, tram",54,73,-19
E01003412,Work mainly at or from home,222,10,212
E01003413,Bicycle,36,17,19
E01003413,"Bus, minibus or coach",147,153,-6
E01003413,Driving a car or van,273,325,-52
E01003413,"Motorcycle, scooter or moped",14,10,4
E01003413,Not in employment or aged 15 years and under,995,435,560
E01003413,On foot,37,39,-2
E01003413,Other method of travel to work,20,8,12
E01003413,Passenger in a car or van,23,26,-3
E01003413,Taxi,2,3,-1
E01003413,Train,112,235,-123
E01003413,"Underground, metro, light rail, tram",87,108,-21
E01003413,Work mainly at or from home,332,29,303
E01003414,Bicycle,20,14,6
E01003414,"Bus, minibus or coach",99,129,-30
E01003414,Driving a car or van,239,277,-38
E01003414,"Motorcycle, scooter or moped",12,13,-1
E01003414,Not in employment or aged 15 years and under,919,443,476
E01003414,On foot,30,27,3
E01003414,Other method of travel to work,6,8,-2
E01003414,Passenger in a car or van,18,17,1
E01003414,Taxi,2,6,-4
E01003414,Train,58,154,-96
E01003414,"Underground, metro, light rail, tram",55,73,-18
E01003414,Work mainly at or from home,266,24,242
E01003415,Bicycle,31,6,25
E01003415,"Bus, minibus or coach",200,163,37
E01003415,Driving a car or van,304,286,18
E01003415,"Motorcycle, scooter or moped",20,15,5
E01003415,Not in employment or aged 15 years and under,1173,420,753
E01003415,On foot,39,34,5
E01003415,Other method of travel to work,14,3,11
E01003415,Passenger in a car or van,25,21,4
E01003415,Taxi,5,3,2
E01003415,Train,99,159,-60
E01003415,"Underground, metro, light rail, tram",105,60,45
E01003415,Work mainly at or from home,375,13,362
E01003416,Bicycle,32,15,17
E01003416,"Bus, minibus or coach",109,135,-26
E01003416,Driving a car or van,255,311,-56
E01003416,"Motorcycle, scooter or moped",18,7,11
E01003416,Not in employment or aged 15 years and under,721,414,307
E01003416,On foot,28,43,-15
E01003416,Other method of travel to work,21,3,18
E01003416,Passenger in a car or van,21,17,4
E01003416,Taxi,4,1,3
E01003416,Train,77,113,-36
E01003416,"Underground, metro, light rail, tram",61,64,-3
E01003416,Work mainly at or from home,237,22,215
E01003417,Bicycle,20,21,-1
E01003417,"Bus, minibus or coach",51,90,-39
E01003417,Driving a car or van,301,394,-93
E01003417,"Motorcycle, scooter or moped",7,11,-4
E01003417,Not in employment or aged 15 years and under,780,315,465
E01003417,On foot,51,45,6
E01003417,Other method of travel to work,12,5,7
E01003417,Passenger in a car or van,20,32,-12
E01003417,Taxi,4,1,3
E01003417,Train,21,43,-22
E01003417,"Underground, metro, light rail, tram",74,153,-79
E01003417,Work mainly at or from home,256,35,221
E01003418,Bicycle,14,14,0
E01003418,"Bus, minibus or coach",56,90,-34
E01003418,Driving a car or van,306,418,-112
E01003418,"Motorcycle, scooter or moped",4,18,-14
E01003418,Not in employment or aged 15 years and under,682,288,394
E01003418,On foot,47,41,6
E01003418,Other method of travel to work,9,1,8
E01003418,Passenger in a car or van,20,27,-7
E01003418,Taxi,4,9,-5
E01003418,Train,16,37,-21
E01003418,"Underground, metro, light rail, tram",39,113,-74
E01003418,Work mainly at or from home,238,27,211
E01003419,Bicycle,22,24,-2
E01003419,"Bus, minibus or coach",68,96,-28
E01003419,Driving a car or van,331,414,-83
E01003419,"Motorcycle, scooter or moped",7,29,-22
E01003419,Not in employment or aged 15 years and under,909,343,566
E01003419,On foot,38,43,-5
E01003419,Other method of travel to work,11,4,7
E01003419,Passenger in a car or van,24,25,-1
E01003419,Taxi,6,2,4
E01003419,Train,22,81,-59
E01003419,"Underground, metro, light rail, tram",86,168,-82
E01003419,Work mainly at or from home,295,31,264
E01003420,Bicycle,15,15,0
E01003420,"Bus, minibus or coach",45,84,-39
E01003420,Driving a car or van,322,375,-53
E01003420,"Motorcycle, scooter or moped",4,15,-11
E01003420,Not in employment or aged 15 years and under,711,266,445
E01003420,On foot,34,39,-5
E01003420,Other method of travel to work,18,3,15
E01003420,Passenger in a car or van,19,21,-2
E01003420,Taxi,6,2,4
E01003420,Train,12,46,-34
E01003420,"Underground, metro, light rail, tram",55,94,-39
E01003420,Work mainly at or from home,242,19,223
E01003421,Bicycle,29,24,5
E01003421,"Bus, minibus or coach",55,98,-43
E01003421,Driving a car or van,202,339,-137
E01003421,"Motorcycle, scooter or moped",1,10,-9
E01003421,Not in employment or aged 15 years and under,781,338,443
E01003421,On foot,62,59,3
E01003421,Other method of travel to work,12,4,8
E01003421,Passenger in a car or van,25,26,-1
E01003421,Taxi,3,5,-2
E01003421,Train,41,110,-69
E01003421,"Underground, metro, light rail, tram",60,149,-89
E01003421,Work mainly at or from home,328,44,284
E01003422,Bicycle,13,16,-3
E01003422,"Bus, minibus or coach",37,75,-38
E01003422,Driving a car or van,247,344,-97
E01003422,"Motorcycle, scooter or moped",4,6,-2
E01003422,Not in employment or aged 15 years and under,761,294,467
E01003422,On foot,39,49,-10
E01003422,Other method of travel to work,8,7,1
E01003422,Passenger in a car or van,14,21,-7
E01003422,Taxi,2,8,-6
E01003422,Train,16,48,-32
E01003422,"Underground, metro, light rail, tram",60,115,-55
E01003422,Work mainly at or from home,259,25,234
E01003423,Bicycle,20,42,-22
E01003423,"Bus, minibus or coach",33,49,-16
E01003423,Driving a car or van,99,189,-90
E01003423,"Motorcycle, scooter or moped",8,14,-6
E01003423,Not in employment or aged 15 years and under,813,303,510
E01003423,On foot,53,47,6
E01003423,Other method of travel to work,6,3,3
E01003423,Passenger in a car or van,9,11,-2
E01003423,Taxi,0,1,-1
E01003423,Train,42,260,-218
E01003423,"Underground, metro, light rail, tram",67,189,-122
E01003423,Work mainly at or from home,497,59,438
E01003424,Bicycle,31,38,-7
E01003424,"Bus, minibus or coach",11,24,-13
E01003424,Driving a car or van,105,214,-109
E01003424,"Motorcycle, scooter or moped",5,4,1
E01003424,Not in employment or aged 15 years and under,814,337,477
E01003424,On foot,35,64,-29
E01003424,Other method of travel to work,6,6,0
E01003424,Passenger in a car or van,5,13,-8
E01003424,Taxi,2,0,2
E01003424,Train,22,78,-56
E01003424,"Underground, metro, light rail, tram",60,236,-176
E01003424,Work mainly at or from home,441,54,387
E01003425,Bicycle,24,41,-17
E01003425,"Bus, minibus or coach",20,33,-13
E01003425,Driving a car or van,122,235,-113
E01003425,"Motorcycle, scooter or moped",4,12,-8
E01003425,Not in employment or aged 15 years and under,755,322,433
E01003425,On foot,43,62,-19
E01003425,Other method of travel to work,7,5,2
E01003425,Passenger in a car or van,7,10,-3
E01003425,Taxi,1,4,-3
E01003425,Train,24,95,-71
E01003425,"Underground, metro, light rail, tram",60,167,-107
E01003425,Work mainly at or from home,425,58,367
E01003426,Bicycle,23,28,-5
E01003426,"Bus, minibus or coach",52,67,-15
E01003426,Driving a car or van,145,231,-86
E01003426,"Motorcycle, scooter or moped",11,5,6
E01003426,Not in employment or aged 15 years and under,849,409,440
E01003426,On foot,32,56,-24
E01003426,Other method of travel to work,4,7,-3
E01003426,Passenger in a car or van,13,14,-1
E01003426,Taxi,1,1,0
E01003426,Train,25,74,-49
E01003426,"Underground, metro, light rail, tram",149,305,-156
E01003426,Work mainly at or from home,452,56,396
E01003427,Bicycle,20,22,-2
E01003427,"Bus, minibus or coach",117,132,-15
E01003427,Driving a car or van,212,210,2
E01003427,"Motorcycle, scooter or moped",11,10,1
E01003427,Not in employment or aged 15 years and under,963,456,507
E01003427,On foot,68,88,-20
E01003427,Other method of travel to work,9,8,1
E01003427,Passenger in a car or van,18,8,10
E01003427,Taxi,0,2,-2
E01003427,Train,34,87,-53
E01003427,"Underground, metro, light rail, tram",212,299,-87
E01003427,Work mainly at or from home,309,35,274
E01003428,Bicycle,22,39,-17
E01003428,"Bus, minibus or coach",29,26,3
E01003428,Driving a car or van,89,165,-76
E01003428,"Motorcycle, scooter or moped",1,9,-8
E01003428,Not in employment or aged 15 years and under,785,292,493
E01003428,On foot,47,41,6
E01003428,Other method of travel to work,3,3,0
E01003428,Passenger in a car or van,2,9,-7
E01003428,Taxi,1,2,-1
E01003428,Train,32,185,-153
E01003428,"Underground, metro, light rail, tram",65,259,-194
E01003428,Work mainly at or from home,436,54,382
E01003429,Bicycle,35,26,9
E01003429,"Bus, minibus or coach",109,128,-19
E01003429,Driving a car or van,314,318,-4
E01003429,"Motorcycle, scooter or moped",14,10,4
E01003429,Not in employment or aged 15 years and under,783,338,445
E01003429,On foot,38,27,11
E01003429,Other method of travel to work,7,3,4
E01003429,Passenger in a car or van,24,19,5
E01003429,Taxi,7,7,0
E01003429,Train,39,87,-48
E01003429,"Underground, metro, light rail, tram",39,68,-29
E01003429,Work mainly at or from home,221,21,200
E01003430,Bicycle,20,15,5
E01003430,"Bus, minibus or coach",201,212,-11
E01003430,Driving a car or van,212,196,16
E01003430,"Motorcycle, scooter or moped",14,11,3
E01003430,Not in employment or aged 15 years and under,924,385,539
E01003430,On foot,34,27,7
E01003430,Other method of travel to work,5,1,4
E01003430,Passenger in a car or van,16,6,10
E01003430,Taxi,6,1,5
E01003430,Train,54,79,-25
E01003430,"Underground, metro, light rail, tram",40,62,-22
E01003430,Work mainly at or from home,144,15,129
E01003431,Bicycle,13,14,-1
E01003431,"Bus, minibus or coach",179,177,2
E01003431,Driving a car or van,266,232,34
E01003431,"Motorcycle, scooter or moped",9,7,2
E01003431,Not in employment or aged 15 years and under,943,431,512
E01003431,On foot,26,30,-4
E01003431,Other method of travel to work,16,0,16
E01003431,Passenger in a car or van,18,16,2
E01003431,Taxi,2,3,-1
E01003431,Train,47,88,-41
E01003431,"Underground, metro, light rail, tram",22,47,-25
E01003431,Work mainly at or from home,160,21,139
E01003432,Bicycle,23,9,14
E01003432,"Bus, minibus or coach",114,154,-40
E01003432,Driving a car or van,265,250,15
E01003432,"Motorcycle, scooter or moped",9,7,2
E01003432,Not in employment or aged 15 years and under,973,415,558
E01003432,On foot,37,41,-4
E01003432,Other method of travel to work,14,2,12
E01003432,Passenger in a car or van,21,20,1
E01003432,Taxi,4,2,2
E01003432,Train,29,67,-38
E01003432,"Underground, metro, light rail, tram",32,54,-22
E01003432,Work mainly at or from home,183,14,169
E01003433,Bicycle,18,13,5
E01003433,"Bus, minibus or coach",154,171,-17
E01003433,Driving a car or van,238,268,-30
E01003433,"Motorcycle, scooter or moped",9,3,6
E01003433,Not in employment or aged 15 years and under,838,413,425
E01003433,On foot,29,29,0
E01003433,Other method of travel to work,13,2,11
E01003433,Passenger in a car or van,5,10,-5
E01003433,Taxi,4,5,-1
E01003433,Train,57,87,-30
E01003433,"Underground, metro, light rail, tram",52,80,-28
E01003433,Work mainly at or from home,177,21,156
E01003434,Bicycle,20,16,4
E01003434,"Bus, minibus or coach",107,164,-57
E01003434,Driving a car or van,246,289,-43
E01003434,"Motorcycle, scooter or moped",6,9,-3
E01003434,Not in employment or aged 15 years and under,789,335,454
E01003434,On foot,26,33,-7
E01003434,Other method of travel to work,9,2,7
E01003434,Passenger in a car or van,25,18,7
E01003434,Taxi,5,7,-2
E01003434,Train,49,108,-59
E01003434,"Underground, metro, light rail, tram",43,83,-40
E01003434,Work mainly at or from home,221,31,190
E01003435,Bicycle,27,25,2
E01003435,"Bus, minibus or coach",117,105,12
E01003435,Driving a car or van,331,253,78
E01003435,"Motorcycle, scooter or moped",19,9,10
E01003435,Not in employment or aged 15 years and under,1121,325,796
E01003435,On foot,30,28,2
E01003435,Other method of travel to work,13,3,10
E01003435,Passenger in a car or van,18,15,3
E01003435,Taxi,2,3,-1
E01003435,Train,75,105,-30
E01003435,"Underground, metro, light rail, tram",64,75,-11
E01003435,Work mainly at or from home,307,22,285
E01003436,Bicycle,15,13,2
E01003436,"Bus, minibus or coach",94,103,-9
E01003436,Driving a car or van,241,281,-40
E01003436,"Motorcycle, scooter or moped",13,8,5
E01003436,Not in employment or aged 15 years and under,908,373,535
E01003436,On foot,34,52,-18
E01003436,Other method of travel to work,9,6,3
E01003436,Passenger in a car or van,24,21,3
E01003436,Taxi,3,1,2
E01003436,Train,31,36,-5
E01003436,"Underground, metro, light rail, tram",113,169,-56
E01003436,Work mainly at or from home,251,29,222
E01003437,Bicycle,22,24,-2
E01003437,"Bus, minibus or coach",106,89,17
E01003437,Driving a car or van,333,341,-8
E01003437,"Motorcycle, scooter or moped",14,15,-1
E01003437,Not in employment or aged 15 years and under,999,504,495
E01003437,On foot,59,50,9
E01003437,Other method of travel to work,11,7,4
E01003437,Passenger in a car or van,26,17,9
E01003437,Taxi,6,5,1
E01003437,Train,28,58,-30
E01003437,"Underground, metro, light rail, tram",125,217,-92
E01003437,Work mainly at or from home,306,43,263
E01003438,Bicycle,15,17,-2
E01003438,"Bus, minibus or coach",117,133,-16
E01003438,Driving a car or van,293,278,15
E01003438,"Motorcycle, scooter or moped",12,8,4
E01003438,Not in employment or aged 15 years and under,946,438,508
E01003438,On foot,64,63,1
E01003438,Other method of travel to work,10,1,9
E01003438,Passenger in a car or van,13,25,-12
E01003438,Taxi,2,3,-1
E01003438,Train,18,49,-31
E01003438,"Underground, metro, light rail, tram",128,156,-28
E01003438,Work mainly at or from home,211,25,186
E01003439,Bicycle,23,12,11
E01003439,"Bus, minibus or coach",92,118,-26
E01003439,Driving a car or van,194,219,-25
E01003439,"Motorcycle, scooter or moped",6,4,2
E01003439,Not in employment or aged 15 years and under,766,369,397
E01003439,On foot,52,64,-12
E01003439,Other method of travel to work,11,1,10
E01003439,Passenger in a car or van,19,14,5
E01003439,Taxi,5,2,3
E01003439,Train,27,32,-5
E01003439,"Underground, metro, light rail, tram",155,212,-57
E01003439,Work mainly at or from home,233,29,204
E01003440,Bicycle,25,15,10
E01003440,"Bus, minibus or coach",63,70,-7
E01003440,Driving a car or van,230,262,-32
E01003440,"Motorcycle, scooter or moped",9,8,1
E01003440,Not in employment or aged 15 years and under,892,412,480
E01003440,On foot,43,42,1
E01003440,Other method of travel to work,6,7,-1
E01003440,Passenger in a car or van,20,16,4
E01003440,Taxi,7,2,5
E01003440,Train,22,53,-31
E01003440,"Underground, metro, light rail, tram",140,227,-87
E01003440,Work mainly at or from home,212,28,184
E01003441,Bicycle,23,25,-2
E01003441,"Bus, minibus or coach",87,142,-55
E01003441,Driving a car or van,267,281,-14
E01003441,"Motorcycle, scooter or moped",18,13,5
E01003441,Not in employment or aged 15 years and under,1009,464,545
E01003441,On foot,50,42,8
E01003441,Other method of travel to work,14,2,12
E01003441,Passenger in a car or van,27,17,10
E01003441,Taxi,2,3,-1
E01003441,Train,40,87,-47
E01003441,"Underground, metro, light rail, tram",136,199,-63
E01003441,Work mainly at or from home,226,15,211
E01003442,Bicycle,15,32,-17
E01003442,"Bus, minibus or coach",18,24,-6
E01003442,Driving a car or van,101,210,-109
E01003442,"Motorcycle, scooter or moped",2,13,-11
E01003442,Not in employment or aged 15 years and under,909,345,564
E01003442,On foot,35,63,-28
E01003442,Other method of travel to work,5,5,0
E01003442,Passenger in a car or van,5,8,-3
E01003442,Taxi,1,0,1
E01003442,Train,39,257,-218
E01003442,"Underground, metro, light rail, tram",43,145,-102
E01003442,Work mainly at or from home,509,88,421
E01003443,Bicycle,18,30,-12
E01003443,"Bus, minibus or coach",13,39,-26
E01003443,Driving a car or van,82,176,-94
E01003443,"Motorcycle, scooter or moped",6,12,-6
E01003443,Not in employment or aged 15 years and under,862,318,544
E01003443,On foot,33,34,-1
E01003443,Other method of travel to work,8,7,1
E01003443,Passenger in a car or van,3,5,-2
E01003443,Taxi,1,0,1
E01003443,Train,36,340,-304
E01003443,"Underground, metro, light rail, tram",24,85,-61
E01003443,Work mainly at or from home,546,72,474
E01003444,Bicycle,22,31,-9
E01003444,"Bus, minibus or coach",33,38,-5
E01003444,Driving a car or van,106,208,-102
E01003444,"Motorcycle, scooter or moped",3,8,-5
E01003444,Not in employment or aged 15 years and under,781,295,486
E01003444,On foot,40,31,9
E01003444,Other method of travel to work,8,6,2
E01003444,Passenger in a car or van,8,13,-5
E01003444,Taxi,3,0,3
E01003444,Train,58,340,-282
E01003444,"Underground, metro, light rail, tram",36,86,-50
E01003444,Work mainly at or from home,517,69,448
E01003445,Bicycle,23,34,-11
E01003445,"Bus, minibus or coach",38,71,-33
E01003445,Driving a car or van,162,295,-133
E01003445,"Motorcycle, scooter or moped",5,13,-8
E01003445,Not in employment or aged 15 years and under,897,352,545
E01003445,On foot,42,44,-2
E01003445,Other method of travel to work,9,8,1
E01003445,Passenger in a car or van,10,24,-14
E01003445,Taxi,2,3,-1
E01003445,Train,61,258,-197
E01003445,"Underground, metro, light rail, tram",38,77,-39
E01003445,Work mainly at or from home,522,62,460
E01003446,Bicycle,35,25,10
E01003446,"Bus, minibus or coach",64,76,-12
E01003446,Driving a car or van,150,234,-84
E01003446,"Motorcycle, scooter or moped",6,6,0
E01003446,Not in employment or aged 15 years and under,847,306,541
E01003446,On foot,78,82,-4
E01003446,Other method of travel to work,13,7,6
E01003446,Passenger in a car or van,9,7,2
E01003446,Taxi,3,1,2
E01003446,Train,98,443,-345
E01003446,"Underground, metro, light rail, tram",70,143,-73
E01003446,Work mainly at or from home,591,35,556
E01003447,Bicycle,26,40,-14
E01003447,"Bus, minibus or coach",102,81,21
E01003447,Driving a car or van,185,263,-78
E01003447,"Motorcycle, scooter or moped",10,5,5
E01003447,Not in employment or aged 15 years and under,787,342,445
E01003447,On foot,48,44,4
E01003447,Other method of travel to work,8,3,5
E01003447,Passenger in a car or van,12,18,-6
E01003447,Taxi,4,3,1
E01003447,Train,69,247,-178
E01003447,"Underground, metro, light rail, tram",57,82,-25
E01003447,Work mainly at or from home,303,24,279
E01003448,Bicycle,21,27,-6
E01003448,"Bus, minibus or coach",106,105,1
E01003448,Driving a car or van,340,260,80
E01003448,"Motorcycle, scooter or moped",13,5,8
E01003448,Not in employment or aged 15 years and under,1060,452,608
E01003448,On foot,59,62,-3
E01003448,Other method of travel to work,11,8,3
E01003448,Passenger in a car or van,20,17,3
E01003448,Taxi,8,4,4
E01003448,Train,37,47,-10
E01003448,"Underground, metro, light rail, tram",206,208,-2
E01003448,Work mainly at or from home,417,18,399
E01003449,Bicycle,28,23,5
E01003449,"Bus, minibus or coach",80,95,-15
E01003449,Driving a car or van,254,299,-45
E01003449,"Motorcycle, scooter or moped",14,12,2
E01003449,Not in employment or aged 15 years and under,947,468,479
E01003449,On foot,65,58,7
E01003449,Other method of travel to work,14,7,7
E01003449,Passenger in a car or van,22,16,6
E01003449,Taxi,8,2,6
E01003449,Train,28,58,-30
E01003449,"Underground, metro, light rail, tram",125,202,-77
E01003449,Work mainly at or from home,285,22,263
E01003450,Bicycle,20,21,-1
E01003450,"Bus, minibus or coach",90,105,-15
E01003450,Driving a car or van,271,303,-32
E01003450,"Motorcycle, scooter or moped",5,13,-8
E01003450,Not in employment or aged 15 years and under,973,378,595
E01003450,On foot,68,50,18
E01003450,Other method of travel to work,6,4,2
E01003450,Passenger in a car or van,22,20,2
E01003450,Taxi,4,1,3
E01003450,Train,28,57,-29
E01003450,"Underground, metro, light rail, tram",99,138,-39
E01003450,Work mainly at or from home,215,17,198
E01003451,Bicycle,22,22,0
E01003451,"Bus, minibus or coach",99,100,-1
E01003451,Driving a car or van,267,386,-119
E01003451,"Motorcycle, scooter or moped",13,13,0
E01003451,Not in employment or aged 15 years and under,1011,384,627
E01003451,On foot,53,58,-5
E01003451,Other method of travel to work,16,5,11
E01003451,Passenger in a car or van,17,23,-6
E01003451,Taxi,3,5,-2
E01003451,Train,31,55,-24
E01003451,"Underground, metro, light rail, tram",101,160,-59
E01003451,Work mainly at or from home,308,28,280
E01003452,Bicycle,32,18,14
E01003452,"Bus, minibus or coach",118,126,-8
E01003452,Driving a car or van,302,331,-29
E01003452,"Motorcycle, scooter or moped",21,19,2
E01003452,Not in employment or aged 15 years and under,1205,502,703
E01003452,On foot,82,71,11
E01003452,Other method of travel to work,23,2,21
E01003452,Passenger in a car or van,15,25,-10
E01003452,Taxi,2,1,1
E01003452,Train,62,93,-31
E01003452,"Underground, metro, light rail, tram",130,187,-57
E01003452,Work mainly at or from home,232,30,202
E01003453,Bicycle,22,16,6
E01003453,"Bus, minibus or coach",91,104,-13
E01003453,Driving a car or van,256,252,4
E01003453,"Motorcycle, scooter or moped",9,9,0
E01003453,Not in employment or aged 15 years and under,921,435,486
E01003453,On foot,62,74,-12
E01003453,Other method of travel to work,16,3,13
E01003453,Passenger in a car or van,27,20,7
E01003453,Taxi,3,0,3
E01003453,Train,3,39,-36
E01003453,"Underground, metro, light rail, tram",166,216,-50
E01003453,Work mainly at or from home,264,26,238
E01003454,Bicycle,27,39,-12
E01003454,"Bus, minibus or coach",20,26,-6
E01003454,Driving a car or van,85,130,-45
E01003454,"Motorcycle, scooter or moped",4,14,-10
E01003454,Not in employment or aged 15 years and under,581,219,362
E01003454,On foot,41,65,-24
E01003454,Other method of travel to work,2,5,-3
E01003454,Passenger in a car or van,3,7,-4
E01003454,Taxi,1,0,1
E01003454,Train,40,295,-255
E01003454,"Underground, metro, light rail, tram",77,176,-99
E01003454,Work mainly at or from home,480,57,423
E01003455,Bicycle,39,50,-11
E01003455,"Bus, minibus or coach",43,48,-5
E01003455,Driving a car or van,153,213,-60
E01003455,"Motorcycle, scooter or moped",21,20,1
E01003455,Not in employment or aged 15 years and under,572,240,332
E01003455,On foot,96,102,-6
E01003455,Other method of travel to work,11,3,8
E01003455,Passenger in a car or van,2,7,-5
E01003455,Taxi,3,1,2
E01003455,Train,38,168,-130
E01003455,"Underground, metro, light rail, tram",156,418,-262
E01003455,Work mainly at or from home,531,31,500
E01003456,Bicycle,17,29,-12
E01003456,"Bus, minibus or coach",38,41,-3
E01003456,Driving a car or van,77,106,-29
E01003456,"Motorcycle, scooter or moped",6,4,2
E01003456,Not in employment or aged 15 years and under,638,321,317
E01003456,On foot,61,90,-29
E01003456,Other method of travel to work,2,10,-8
E01003456,Passenger in a car or van,6,3,3
E01003456,Taxi,2,2,0
E01003456,Train,59,350,-291
E01003456,"Underground, metro, light rail, tram",104,261,-157
E01003456,Work mainly at or from home,593,59,534
E01003457,Bicycle,22,44,-22
E01003457,"Bus, minibus or coach",16,29,-13
E01003457,Driving a car or van,92,151,-59
E01003457,"Motorcycle, scooter or moped",4,6,-2
E01003457,Not in employment or aged 15 years and under,750,261,489
E01003457,On foot,35,52,-17
E01003457,Other method of travel to work,6,4,2
E01003457,Passenger in a car or van,12,8,4
E01003457,Taxi,1,1,0
E01003457,Train,34,291,-257
E01003457,"Underground, metro, light rail, tram",68,289,-221
E01003457,Work mainly at or from home,589,55,534
E01003458,Bicycle,21,37,-16
E01003458,"Bus, minibus or coach",35,36,-1
E01003458,Driving a car or van,101,169,-68
E01003458,"Motorcycle, scooter or moped",1,11,-10
E01003458,Not in employment or aged 15 years and under,678,254,424
E01003458,On foot,69,86,-17
E01003458,Other method of travel to work,9,7,2
E01003458,Passenger in a car or van,8,8,0
E01003458,Taxi,3,0,3
E01003458,Train,52,269,-217
E01003458,"Underground, metro, light rail, tram",118,352,-234
E01003458,Work mainly at or from home,663,52,611
E01003459,Bicycle,49,45,4
E01003459,"Bus, minibus or coach",63,88,-25
E01003459,Driving a car or van,160,221,-61
E01003459,"Motorcycle, scooter or moped",9,9,0
E01003459,Not in employment or aged 15 years and under,912,400,512
E01003459,On foot,98,132,-34
E01003459,Other method of travel to work,11,8,3
E01003459,Passenger in a car or van,13,11,2
E01003459,Taxi,4,2,2
E01003459,Train,43,192,-149
E01003459,"Underground, metro, light rail, tram",161,490,-329
E01003459,Work mainly at or from home,656,41,615
E01003460,Bicycle,14,38,-24
E01003460,"Bus, minibus or coach",17,24,-7
E01003460,Driving a car or van,81,165,-84
E01003460,"Motorcycle, scooter or moped",8,14,-6
E01003460,Not in employment or aged 15 years and under,781,385,396
E01003460,On foot,41,51,-10
E01003460,Other method of travel to work,8,2,6
E01003460,Passenger in a car or van,5,11,-6
E01003460,Taxi,1,2,-1
E01003460,Train,38,196,-158
E01003460,"Underground, metro, light rail, tram",28,108,-80
E01003460,Work mainly at or from home,386,101,285
E01003461,Bicycle,22,34,-12
E01003461,"Bus, minibus or coach",17,24,-7
E01003461,Driving a car or van,83,165,-82
E01003461,"Motorcycle, scooter or moped",1,10,-9
E01003461,Not in employment or aged 15 years and under,622,309,313
E01003461,On foot,47,65,-18
E01003461,Other method of travel to work,5,9,-4
E01003461,Passenger in a car or van,3,5,-2
E01003461,Taxi,2,1,1
E01003461,Train,30,333,-303
E01003461,"Underground, metro, light rail, tram",57,180,-123
E01003461,Work mainly at or from home,557,88,469
E01003462,Bicycle,28,16,12
E01003462,"Bus, minibus or coach",11,19,-8
E01003462,Driving a car or van,87,182,-95
E01003462,"Motorcycle, scooter or moped",2,9,-7
E01003462,Not in employment or aged 15 years and under,820,378,442
E01003462,On foot,19,42,-23
E01003462,Other method of travel to work,4,8,-4
E01003462,Passenger in a car or van,6,10,-4
E01003462,Taxi,1,2,-1
E01003462,Train,23,171,-148
E01003462,"Underground, metro, light rail, tram",29,99,-70
E01003462,Work mainly at or from home,388,85,303
E01003463,Bicycle,13,25,-12
E01003463,"Bus, minibus or coach",22,28,-6
E01003463,Driving a car or van,121,194,-73
E01003463,"Motorcycle, scooter or moped",0,12,-12
E01003463,Not in employment or aged 15 years and under,830,318,512
E01003463,On foot,25,33,-8
E01003463,Other method of travel to work,10,4,6
E01003463,Passenger in a car or van,9,6,3
E01003463,Taxi,3,1,2
E01003463,Train,23,146,-123
E01003463,"Underground, metro, light rail, tram",29,71,-42
E01003463,Work mainly at or from home,419,66,353
E01003464,Bicycle,12,29,-17
E01003464,"Bus, minibus or coach",14,16,-2
E01003464,Driving a car or van,70,164,-94
E01003464,"Motorcycle, scooter or moped",7,17,-10
E01003464,Not in employment or aged 15 years and under,825,372,453
E01003464,On foot,15,30,-15
E01003464,Other method of travel to work,6,7,-1
E01003464,Passenger in a car or van,9,10,-1
E01003464,Taxi,4,3,1
E01003464,Train,16,91,-75
E01003464,"Underground, metro, light rail, tram",42,94,-52
E01003464,Work mainly at or from home,372,97,275
E01003465,Bicycle,11,19,-8
E01003465,"Bus, minibus or coach",9,13,-4
E01003465,Driving a car or van,51,129,-78
E01003465,"Motorcycle, scooter or moped",4,17,-13
E01003465,Not in employment or aged 15 years and under,776,333,443
E01003465,On foot,19,32,-13
E01003465,Other method of travel to work,4,6,-2
E01003465,Passenger in a car or van,6,11,-5
E01003465,Taxi,2,2,0
E01003465,Train,23,158,-135
E01003465,"Underground, metro, light rail, tram",28,85,-57
E01003465,Work mainly at or from home,378,88,290
E01003466,Bicycle,16,27,-11
E01003466,"Bus, minibus or coach",33,63,-30
E01003466,Driving a car or van,168,256,-88
E01003466,"Motorcycle, scooter or moped",5,14,-9
E01003466,Not in employment or aged 15 years and under,806,351,455
E01003466,On foot,42,39,3
E01003466,Other method of travel to work,14,2,12
E01003466,Passenger in a car or van,10,12,-2
E01003466,Taxi,3,6,-3
E01003466,Train,55,265,-210
E01003466,"Underground, metro, light rail, tram",71,70,1
E01003466,Work mainly at or from home,483,62,421
E01003467,Bicycle,22,29,-7
E01003467,"Bus, minibus or coach",27,52,-25
E01003467,Driving a car or van,167,289,-122
E01003467,"Motorcycle, scooter or moped",7,9,-2
E01003467,Not in employment or aged 15 years and under,896,335,561
E01003467,On foot,31,40,-9
E01003467,Other method of travel to work,5,5,0
E01003467,Passenger in a car or van,12,13,-1
E01003467,Taxi,5,8,-3
E01003467,Train,44,245,-201
E01003467,"Underground, metro, light rail, tram",45,112,-67
E01003467,Work mainly at or from home,499,44,455
E01003468,Bicycle,20,35,-15
E01003468,"Bus, minibus or coach",22,45,-23
E01003468,Driving a car or van,182,320,-138
E01003468,"Motorcycle, scooter or moped",4,15,-11
E01003468,Not in employment or aged 15 years and under,864,315,549
E01003468,On foot,49,41,8
E01003468,Other method of travel to work,17,6,11
E01003468,Passenger in a car or van,12,20,-8
E01003468,Taxi,6,2,4
E01003468,Train,85,296,-211
E01003468,"Underground, metro, light rail, tram",30,69,-39
E01003468,Work mainly at or from home,472,64,408
E01003469,Bicycle,23,26,-3
E01003469,"Bus, minibus or coach",81,102,-21
E01003469,Driving a car or van,278,304,-26
E01003469,"Motorcycle, scooter or moped",5,9,-4
E01003469,Not in employment or aged 15 years and under,759,345,414
E01003469,On foot,58,74,-16
E01003469,Other method of travel to work,13,6,7
E01003469,Passenger in a car or van,17,21,-4
E01003469,Taxi,4,1,3
E01003469,Train,45,203,-158
E01003469,"Underground, metro, light rail, tram",49,55,-6
E01003469,Work mainly at or from home,312,42,270
E01003470,Bicycle,36,31,5
E01003470,"Bus, minibus or coach",75,81,-6
E01003470,Driving a car or van,251,330,-79
E01003470,"Motorcycle, scooter or moped",8,10,-2
E01003470,Not in employment or aged 15 years and under,944,399,545
E01003470,On foot,68,65,3
E01003470,Other method of travel to work,24,7,17
E01003470,Passenger in a car or van,19,12,7
E01003470,Taxi,3,3,0
E01003470,Train,86,261,-175
E01003470,"Underground, metro, light rail, tram",47,69,-22
E01003470,Work mainly at or from home,435,34,401
E01003471,Bicycle,31,31,0
E01003471,"Bus, minibus or coach",63,52,11
E01003471,Driving a car or van,160,206,-46
E01003471,"Motorcycle, scooter or moped",10,15,-5
E01003471,Not in employment or aged 15 years and under,827,324,503
E01003471,On foot,44,46,-2
E01003471,Other method of travel to work,7,9,-2
E01003471,Passenger in a car or van,11,19,-8
E01003471,Taxi,1,4,-3
E01003471,Train,57,274,-217
E01003471,"Underground, metro, light rail, tram",67,100,-33
E01003471,Work mainly at or from home,448,42,406
E01003472,Bicycle,30,44,-14
E01003472,"Bus, minibus or coach",9,16,-7
E01003472,Driving a car or van,54,123,-69
E01003472,"Motorcycle, scooter or moped",5,11,-6
E01003472,Not in employment or aged 15 years and under,661,243,418
E01003472,On foot,24,36,-12
E01003472,Other method of travel to work,2,10,-8
E01003472,Passenger in a car or van,6,11,-5
E01003472,Taxi,3,3,0
E01003472,Train,5,123,-118
E01003472,"Underground, metro, light rail, tram",74,280,-206
E01003472,Work mainly at or from home,476,57,419
E01003473,Bicycle,28,32,-4
E01003473,"Bus, minibus or coach",12,29,-17
E01003473,Driving a car or van,86,143,-57
E01003473,"Motorcycle, scooter or moped",12,13,-1
E01003473,Not in employment or aged 15 years and under,633,248,385
E01003473,On foot,52,44,8
E01003473,Other method of travel to work,7,6,1
E01003473,Passenger in a car or van,4,4,0
E01003473,Taxi,3,3,0
E01003473,Train,29,118,-89
E01003473,"Underground, metro, light rail, tram",103,334,-231
E01003473,Work mainly at or from home,500,66,434
E01003474,Bicycle,21,30,-9
E01003474,"Bus, minibus or coach",8,23,-15
E01003474,Driving a car or van,68,130,-62
E01003474,"Motorcycle, scooter or moped",7,12,-5
E01003474,Not in employment or aged 15 years and under,700,329,371
E01003474,On foot,21,30,-9
E01003474,Other method of travel to work,3,4,-1
E01003474,Passenger in a car or van,3,5,-2
E01003474,Taxi,3,0,3
E01003474,Train,14,85,-71
E01003474,"Underground, metro, light rail, tram",61,265,-204
E01003474,Work mainly at or from home,444,94,350
E01003476,Bicycle,27,32,-5
E01003476,"Bus, minibus or coach",51,46,5
E01003476,Driving a car or van,75,127,-52
E01003476,"Motorcycle, scooter or moped",6,14,-8
E01003476,Not in employment or aged 15 years and under,640,293,347
E01003476,On foot,48,73,-25
E01003476,Other method of travel to work,5,2,3
E01003476,Passenger in a car or van,4,12,-8
E01003476,Taxi,4,1,3
E01003476,Train,34,196,-162
E01003476,"Underground, metro, light rail, tram",63,203,-140
E01003476,Work mainly at or from home,376,46,330
E01003477,Bicycle,33,54,-21
E01003477,"Bus, minibus or coach",44,39,5
E01003477,Driving a car or van,93,212,-119
E01003477,"Motorcycle, scooter or moped",4,18,-14
E01003477,Not in employment or aged 15 years and under,702,315,387
E01003477,On foot,42,74,-32
E01003477,Other method of travel to work,10,6,4
E01003477,Passenger in a car or van,2,8,-6
E01003477,Taxi,2,2,0
E01003477,Train,51,350,-299
E01003477,"Underground, metro, light rail, tram",66,217,-151
E01003477,Work mainly at or from home,539,67,472
E01003478,Bicycle,50,70,-20
E01003478,"Bus, minibus or coach",36,47,-11
E01003478,Driving a car or van,101,137,-36
E01003478,"Motorcycle, scooter or moped",11,21,-10
E01003478,Not in employment or aged 15 years and under,875,235,640
E01003478,On foot,68,58,10
E01003478,Other method of travel to work,8,6,2
E01003478,Passenger in a car or van,7,17,-10
E01003478,Taxi,3,4,-1
E01003478,Train,47,274,-227
E01003478,"Underground, metro, light rail, tram",88,261,-173
E01003478,Work mainly at or from home,626,52,574
E01003479,Bicycle,16,10,6
E01003479,"Bus, minibus or coach",64,81,-17
E01003479,Driving a car or van,190,198,-8
E01003479,"Motorcycle, scooter or moped",8,5,3
E01003479,Not in employment or aged 15 years and under,790,367,423
E01003479,On foot,29,51,-22
E01003479,Other method of travel to work,18,4,14
E01003479,Passenger in a car or van,9,17,-8
E01003479,Taxi,1,0,1
E01003479,Train,65,45,20
E01003479,"Underground, metro, light rail, tram",189,319,-130
E01003479,Work mainly at or from home,174,21,153
E01003480,Bicycle,8,12,-4
E01003480,"Bus, minibus or coach",53,61,-8
E01003480,Driving a car or van,195,211,-16
E01003480,"Motorcycle, scooter or moped",5,9,-4
E01003480,Not in employment or aged 15 years and under,1152,873,279
E01003480,On foot,45,55,-10
E01003480,Other method of travel to work,17,11,6
E01003480,Passenger in a car or van,15,18,-3
E01003480,Taxi,4,1,3
E01003480,Train,52,93,-41
E01003480,"Underground, metro, light rail, tram",260,383,-123
E01003480,Work mainly at or from home,201,35,166
E01003481,Bicycle,8,10,-2
E01003481,"Bus, minibus or coach",45,52,-7
E01003481,Driving a car or van,139,150,-11
E01003481,"Motorcycle, scooter or moped",4,3,1
E01003481,Not in employment or aged 15 years and under,822,636,186
E01003481,On foot,25,39,-14
E01003481,Other method of travel to work,6,4,2
E01003481,Passenger in a car or van,14,13,1
E01003481,Taxi,4,4,0
E01003481,Train,55,54,1
E01003481,"Underground, metro, light rail, tram",203,237,-34
E01003481,Work mainly at or from home,151,16,135
E01003483,Bicycle,17,11,6
E01003483,"Bus, minibus or coach",70,81,-11
E01003483,Driving a car or van,197,200,-3
E01003483,"Motorcycle, scooter or moped",4,2,2
E01003483,Not in employment or aged 15 years and under,865,477,388
E01003483,On foot,33,43,-10
E01003483,Other method of travel to work,7,3,4
E01003483,Passenger in a car or van,14,9,5
E01003483,Taxi,5,3,2
E01003483,Train,74,60,14
E01003483,"Underground, metro, light rail, tram",160,196,-36
E01003483,Work mainly at or from home,202,18,184
E01003484,Bicycle,19,30,-11
E01003484,"Bus, minibus or coach",84,98,-14
E01003484,Driving a car or van,191,216,-25
E01003484,"Motorcycle, scooter or moped",7,6,1
E01003484,Not in employment or aged 15 years and under,882,366,516
E01003484,On foot,89,50,39
E01003484,Other method of travel to work,6,5,1
E01003484,Passenger in a car or van,24,20,4
E01003484,Taxi,3,1,2
E01003484,Train,62,70,-8
E01003484,"Underground, metro, light rail, tram",250,334,-84
E01003484,Work mainly at or from home,184,25,159
E01003485,Bicycle,23,19,4
E01003485,"Bus, minibus or coach",86,84,2
E01003485,Driving a car or van,168,196,-28
E01003485,"Motorcycle, scooter or moped",15,9,6
E01003485,Not in employment or aged 15 years and under,825,387,438
E01003485,On foot,51,33,18
E01003485,Other method of travel to work,20,3,17
E01003485,Passenger in a car or van,17,16,1
E01003485,Taxi,5,4,1
E01003485,Train,55,56,-1
E01003485,"Underground, metro, light rail, tram",229,315,-86
E01003485,Work mainly at or from home,194,26,168
E01003486,Bicycle,2,5,-3
E01003486,"Bus, minibus or coach",55,59,-4
E01003486,Driving a car or van,99,104,-5
E01003486,"Motorcycle, scooter or moped",1,1,0
E01003486,Not in employment or aged 15 years and under,750,466,284
E01003486,On foot,30,26,4
E01003486,Other method of travel to work,14,1,13
E01003486,Passenger in a car or van,8,4,4
E01003486,Taxi,4,1,3
E01003486,Train,43,70,-27
E01003486,"Underground, metro, light rail, tram",83,131,-48
E01003486,Work mainly at or from home,115,9,106
E01003487,Bicycle,13,6,7
E01003487,"Bus, minibus or coach",44,62,-18
E01003487,Driving a car or van,127,153,-26
E01003487,"Motorcycle, scooter or moped",4,2,2
E01003487,Not in employment or aged 15 years and under,820,488,332
E01003487,On foot,39,42,-3
E01003487,Other method of travel to work,4,3,1
E01003487,Passenger in a car or van,9,3,6
E01003487,Taxi,3,4,-1
E01003487,Train,51,54,-3
E01003487,"Underground, metro, light rail, tram",96,157,-61
E01003487,Work mainly at or from home,139,14,125
E01003488,Bicycle,10,11,-1
E01003488,"Bus, minibus or coach",95,114,-19
E01003488,Driving a car or van,165,175,-10
E01003488,"Motorcycle, scooter or moped",3,4,-1
E01003488,Not in employment or aged 15 years and under,1262,768,494
E01003488,On foot,55,87,-32
E01003488,Other method of travel to work,10,8,2
E01003488,Passenger in a car or van,8,6,2
E01003488,Taxi,2,7,-5
E01003488,Train,60,86,-26
E01003488,"Underground, metro, light rail, tram",173,233,-60
E01003488,Work mainly at or from home,137,17,120
E01003489,Bicycle,24,8,16
E01003489,"Bus, minibus or coach",103,74,29
E01003489,Driving a car or van,209,122,87
E01003489,"Motorcycle, scooter or moped",1,2,-1
E01003489,Not in employment or aged 15 years and under,1735,620,1115
E01003489,On foot,71,42,29
E01003489,Other method of travel to work,14,4,10
E01003489,Passenger in a car or van,23,18,5
E01003489,Taxi,3,0,3
E01003489,Train,83,78,5
E01003489,"Underground, metro, light rail, tram",311,255,56
E01003489,Work mainly at or from home,417,16,401
E01003490,Bicycle,20,6,14
E01003490,"Bus, minibus or coach",91,67,24
E01003490,Driving a car or van,156,135,21
E01003490,"Motorcycle, scooter or moped",12,2,10
E01003490,Not in employment or aged 15 years and under,1215,537,678
E01003490,On foot,68,57,11
E01003490,Other method of travel to work,9,4,5
E01003490,Passenger in a car or van,15,11,4
E01003490,Taxi,4,2,2
E01003490,Train,86,54,32
E01003490,"Underground, metro, light rail, tram",160,251,-91
E01003490,Work mainly at or from home,155,13,142
E01003491,Bicycle,13,5,8
E01003491,"Bus, minibus or coach",82,106,-24
E01003491,Driving a car or van,123,102,21
E01003491,"Motorcycle, scooter or moped",6,0,6
E01003491,Not in employment or aged 15 years and under,1209,755,454
E01003491,On foot,58,63,-5
E01003491,Other method of travel to work,10,3,7
E01003491,Passenger in a car or van,6,9,-3
E01003491,Taxi,2,1,1
E01003491,Train,85,110,-25
E01003491,"Underground, metro, light rail, tram",245,356,-111
E01003491,Work mainly at or from home,139,28,111
E01003492,Bicycle,18,9,9
E01003492,"Bus, minibus or coach",102,123,-21
E01003492,Driving a car or van,185,182,3
E01003492,"Motorcycle, scooter or moped",10,6,4
E01003492,Not in employment or aged 15 years and under,1147,634,513
E01003492,On foot,58,57,1
E01003492,Other method of travel to work,10,4,6
E01003492,Passenger in a car or van,22,11,11
E01003492,Taxi,1,1,0
E01003492,Train,88,77,11
E01003492,"Underground, metro, light rail, tram",213,314,-101
E01003492,Work mainly at or from home,181,15,166
E01003494,Bicycle,31,17,14
E01003494,"Bus, minibus or coach",102,119,-17
E01003494,Driving a car or van,199,234,-35
E01003494,"Motorcycle, scooter or moped",8,2,6
E01003494,Not in employment or aged 15 years and under,1150,538,612
E01003494,On foot,66,66,0
E01003494,Other method of travel to work,9,5,4
E01003494,Passenger in a car or van,17,10,7
E01003494,Taxi,6,3,3
E01003494,Train,82,81,1
E01003494,"Underground, metro, light rail, tram",205,328,-123
E01003494,Work mainly at or from home,243,16,227
E01003495,Bicycle,22,19,3
E01003495,"Bus, minibus or coach",63,133,-70
E01003495,Driving a car or van,227,291,-64
E01003495,"Motorcycle, scooter or moped",8,12,-4
E01003495,Not in employment or aged 15 years and under,1155,532,623
E01003495,On foot,68,82,-14
E01003495,Other method of travel to work,13,2,11
E01003495,Passenger in a car or van,21,20,1
E01003495,Taxi,8,1,7
E01003495,Train,52,78,-26
E01003495,"Underground, metro, light rail, tram",150,327,-177
E01003495,Work mainly at or from home,288,16,272
E01003496,Bicycle,10,7,3
E01003496,"Bus, minibus or coach",32,36,-4
E01003496,Driving a car or van,93,115,-22
E01003496,"Motorcycle, scooter or moped",5,4,1
E01003496,Not in employment or aged 15 years and under,666,422,244
E01003496,On foot,14,30,-16
E01003496,Other method of travel to work,10,4,6
E01003496,Passenger in a car or van,14,7,7
E01003496,Taxi,4,2,2
E01003496,Train,73,130,-57
E01003496,"Underground, metro, light rail, tram",215,380,-165
E01003496,Work mainly at or from home,206,9,197
E01003497,Bicycle,17,21,-4
E01003497,"Bus, minibus or coach",54,96,-42
E01003497,Driving a car or van,126,125,1
E01003497,"Motorcycle, scooter or moped",7,8,-1
E01003497,Not in employment or aged 15 years and under,940,548,392
E01003497,On foot,60,56,4
E01003497,Other method of travel to work,11,3,8
E01003497,Passenger in a car or van,19,8,11
E01003497,Taxi,6,4,2
E01003497,Train,72,75,-3
E01003497,"Underground, metro, light rail, tram",185,311,-126
E01003497,Work mainly at or from home,156,20,136
E01003498,Bicycle,27,11,16
E01003498,"Bus, minibus or coach",86,122,-36
E01003498,Driving a car or van,152,127,25
E01003498,"Motorcycle, scooter or moped",9,5,4
E01003498,Not in employment or aged 15 years and under,1004,534,470
E01003498,On foot,48,46,2
E01003498,Other method of travel to work,11,10,1
E01003498,Passenger in a car or van,8,13,-5
E01003498,Taxi,2,4,-2
E01003498,Train,73,77,-4
E01003498,"Underground, metro, light rail, tram",252,324,-72
E01003498,Work mainly at or from home,197,14,183
E01003499,Bicycle,16,11,5
E01003499,"Bus, minibus or coach",159,168,-9
E01003499,Driving a car or van,179,189,-10
E01003499,"Motorcycle, scooter or moped",13,4,9
E01003499,Not in employment or aged 15 years and under,1440,729,711
E01003499,On foot,64,55,9
E01003499,Other method of travel to work,16,4,12
E01003499,Passenger in a car or van,11,12,-1
E01003499,Taxi,8,3,5
E01003499,Train,78,100,-22
E01003499,"Underground, metro, light rail, tram",206,257,-51
E01003499,Work mainly at or from home,179,15,164
E01003500,Bicycle,20,10,10
E01003500,"Bus, minibus or coach",63,82,-19
E01003500,Driving a car or van,160,164,-4
E01003500,"Motorcycle, scooter or moped",6,5,1
E01003500,Not in employment or aged 15 years and under,1052,624,428
E01003500,On foot,64,58,6
E01003500,Other method of travel to work,14,4,10
E01003500,Passenger in a car or van,18,14,4
E01003500,Taxi,6,4,2
E01003500,Train,91,101,-10
E01003500,"Underground, metro, light rail, tram",298,400,-102
E01003500,Work mainly at or from home,254,26,228
E01003501,Bicycle,19,12,7
E01003501,"Bus, minibus or coach",128,123,5
E01003501,Driving a car or van,210,193,17
E01003501,"Motorcycle, scooter or moped",8,10,-2
E01003501,Not in employment or aged 15 years and under,1284,646,638
E01003501,On foot,61,64,-3
E01003501,Other method of travel to work,26,3,23
E01003501,Passenger in a car or van,18,8,10
E01003501,Taxi,3,1,2
E01003501,Train,78,101,-23
E01003501,"Underground, metro, light rail, tram",298,337,-39
E01003501,Work mainly at or from home,214,14,200
E01003502,Bicycle,29,7,22
E01003502,"Bus, minibus or coach",116,150,-34
E01003502,Driving a car or van,209,133,76
E01003502,"Motorcycle, scooter or moped",13,3,10
E01003502,Not in employment or aged 15 years and under,1520,605,915
E01003502,On foot,54,54,0
E01003502,Other method of travel to work,15,4,11
E01003502,Passenger in a car or van,23,3,20
E01003502,Taxi,2,1,1
E01003502,Train,118,90,28
E01003502,"Underground, metro, light rail, tram",338,333,5
E01003502,Work mainly at or from home,230,17,213
E01003503,Bicycle,36,7,29
E01003503,"Bus, minibus or coach",95,117,-22
E01003503,Driving a car or van,166,111,55
E01003503,"Motorcycle, scooter or moped",16,8,8
E01003503,Not in employment or aged 15 years and under,1232,606,626
E01003503,On foot,61,41,20
E01003503,Other method of travel to work,25,1,24
E01003503,Passenger in a car or van,13,7,6
E01003503,Taxi,2,1,1
E01003503,Train,82,88,-6
E01003503,"Underground, metro, light rail, tram",462,239,223
E01003503,Work mainly at or from home,692,15,677
E01003506,Bicycle,21,6,15
E01003506,"Bus, minibus or coach",51,86,-35
E01003506,Driving a car or van,122,142,-20
E01003506,"Motorcycle, scooter or moped",3,1,2
E01003506,Not in employment or aged 15 years and under,788,504,284
E01003506,On foot,38,38,0
E01003506,Other method of travel to work,8,3,5
E01003506,Passenger in a car or van,4,5,-1
E01003506,Taxi,0,1,-1
E01003506,Train,73,72,1
E01003506,"Underground, metro, light rail, tram",182,203,-21
E01003506,Work mainly at or from home,130,12,118
E01003507,Bicycle,34,25,9
E01003507,"Bus, minibus or coach",136,143,-7
E01003507,Driving a car or van,190,213,-23
E01003507,"Motorcycle, scooter or moped",7,7,0
E01003507,Not in employment or aged 15 years and under,1256,632,624
E01003507,On foot,74,50,24
E01003507,Other method of travel to work,11,4,7
E01003507,Passenger in a car or van,11,20,-9
E01003507,Taxi,5,1,4
E01003507,Train,74,88,-14
E01003507,"Underground, metro, light rail, tram",253,324,-71
E01003507,Work mainly at or from home,214,35,179
E01003508,Bicycle,32,19,13
E01003508,"Bus, minibus or coach",139,98,41
E01003508,Driving a car or van,224,133,91
E01003508,"Motorcycle, scooter or moped",7,5,2
E01003508,Not in employment or aged 15 years and under,1204,514,690
E01003508,On foot,67,47,20
E01003508,Other method of travel to work,15,6,9
E01003508,Passenger in a car or van,26,11,15
E01003508,Taxi,5,4,1
E01003508,Train,98,60,38
E01003508,"Underground, metro, light rail, tram",318,223,95
E01003508,Work mainly at or from home,423,10,413
E01003509,Bicycle,33,23,10
E01003509,"Bus, minibus or coach",82,137,-55
E01003509,Driving a car or van,177,164,13
E01003509,"Motorcycle, scooter or moped",8,8,0
E01003509,Not in employment or aged 15 years and under,1145,600,545
E01003509,On foot,78,56,22
E01003509,Other method of travel to work,13,2,11
E01003509,Passenger in a car or van,24,11,13
E01003509,Taxi,3,1,2
E01003509,Train,66,85,-19
E01003509,"Underground, metro, light rail, tram",248,346,-98
E01003509,Work mainly at or from home,182,10,172
E01003511,Bicycle,14,7,7
E01003511,"Bus, minibus or coach",67,86,-19
E01003511,Driving a car or van,175,114,61
E01003511,"Motorcycle, scooter or moped",10,3,7
E01003511,Not in employment or aged 15 years and under,970,446,524
E01003511,On foot,62,42,20
E01003511,Other method of travel to work,9,3,6
E01003511,Passenger in a car or van,9,3,6
E01003511,Taxi,8,0,8
E01003511,Train,86,48,38
E01003511,"Underground, metro, light rail, tram",218,132,86
E01003511,Work mainly at or from home,289,9,280
E01003512,Bicycle,28,14,14
E01003512,"Bus, minibus or coach",106,108,-2
E01003512,Driving a car or van,184,175,9
E01003512,"Motorcycle, scooter or moped",4,9,-5
E01003512,Not in employment or aged 15 years and under,999,577,422
E01003512,On foot,60,47,13
E01003512,Other method of travel to work,19,3,16
E01003512,Passenger in a car or van,15,23,-8
E01003512,Taxi,5,3,2
E01003512,Train,110,80,30
E01003512,"Underground, metro, light rail, tram",281,277,4
E01003512,Work mainly at or from home,173,13,160
E01003513,Bicycle,18,15,3
E01003513,"Bus, minibus or coach",51,54,-3
E01003513,Driving a car or van,168,213,-45
E01003513,"Motorcycle, scooter or moped",11,17,-6
E01003513,Not in employment or aged 15 years and under,751,387,364
E01003513,On foot,42,34,8
E01003513,Other method of travel to work,11,4,7
E01003513,Passenger in a car or van,6,16,-10
E01003513,Taxi,3,7,-4
E01003513,Train,55,59,-4
E01003513,"Underground, metro, light rail, tram",236,342,-106
E01003513,Work mainly at or from home,206,23,183
E01003514,Bicycle,19,13,6
E01003514,"Bus, minibus or coach",71,76,-5
E01003514,Driving a car or van,185,158,27
E01003514,"Motorcycle, scooter or moped",1,4,-3
E01003514,Not in employment or aged 15 years and under,929,451,478
E01003514,On foot,37,53,-16
E01003514,Other method of travel to work,14,2,12
E01003514,Passenger in a car or van,15,16,-1
E01003514,Taxi,11,5,6
E01003514,Train,84,68,16
E01003514,"Underground, metro, light rail, tram",167,233,-66
E01003514,Work mainly at or from home,125,7,118
E01003515,Bicycle,28,11,17
E01003515,"Bus, minibus or coach",92,90,2
E01003515,Driving a car or van,165,158,7
E01003515,"Motorcycle, scooter or moped",2,9,-7
E01003515,Not in employment or aged 15 years and under,1214,553,661
E01003515,On foot,41,54,-13
E01003515,Other method of travel to work,6,7,-1
E01003515,Passenger in a car or van,5,13,-8
E01003515,Taxi,2,5,-3
E01003515,Train,81,72,9
E01003515,"Underground, metro, light rail, tram",259,278,-19
E01003515,Work mainly at or from home,214,21,193
E01003516,Bicycle,40,13,27
E01003516,"Bus, minibus or coach",122,116,6
E01003516,Driving a car or van,212,176,36
E01003516,"Motorcycle, scooter or moped",4,7,-3
E01003516,Not in employment or aged 15 years and under,1075,622,453
E01003516,On foot,45,42,3
E01003516,Other method of travel to work,10,8,2
E01003516,Passenger in a car or van,10,14,-4
E01003516,Taxi,3,3,0
E01003516,Train,68,70,-2
E01003516,"Underground, metro, light rail, tram",156,240,-84
E01003516,Work mainly at or from home,144,16,128
E01003517,Bicycle,12,8,4
E01003517,"Bus, minibus or coach",76,110,-34
E01003517,Driving a car or van,158,166,-8
E01003517,"Motorcycle, scooter or moped",3,4,-1
E01003517,Not in employment or aged 15 years and under,1107,509,598
E01003517,On foot,50,42,8
E01003517,Other method of travel to work,14,5,9
E01003517,Passenger in a car or van,7,12,-5
E01003517,Taxi,3,4,-1
E01003517,Train,95,85,10
E01003517,"Underground, metro, light rail, tram",199,269,-70
E01003517,Work mainly at or from home,159,17,142
E01003518,Bicycle,28,19,9
E01003518,"Bus, minibus or coach",65,89,-24
E01003518,Driving a car or van,188,227,-39
E01003518,"Motorcycle, scooter or moped",10,12,-2
E01003518,Not in employment or aged 15 years and under,828,378,450
E01003518,On foot,28,38,-10
E01003518,Other method of travel to work,8,2,6
E01003518,Passenger in a car or van,19,18,1
E01003518,Taxi,8,6,2
E01003518,Train,52,60,-8
E01003518,"Underground, metro, light rail, tram",210,339,-129
E01003518,Work mainly at or from home,197,21,176
E01003519,Bicycle,21,10,11
E01003519,"Bus, minibus or coach",82,122,-40
E01003519,Driving a car or van,184,181,3
E01003519,"Motorcycle, scooter or moped",3,3,0
E01003519,Not in employment or aged 15 years and under,782,442,340
E01003519,On foot,34,36,-2
E01003519,Other method of travel to work,16,3,13
E01003519,Passenger in a car or van,36,21,15
E01003519,Taxi,8,3,5
E01003519,Train,82,73,9
E01003519,"Underground, metro, light rail, tram",266,293,-27
E01003519,Work mainly at or from home,111,17,94
E01003520,Bicycle,7,6,1
E01003520,"Bus, minibus or coach",75,109,-34
E01003520,Driving a car or van,135,129,6
E01003520,"Motorcycle, scooter or moped",4,1,3
E01003520,Not in employment or aged 15 years and under,1189,710,479
E01003520,On foot,64,71,-7
E01003520,Other method of travel to work,9,0,9
E01003520,Passenger in a car or van,14,10,4
E01003520,Taxi,4,3,1
E01003520,Train,93,111,-18
E01003520,"Underground, metro, light rail, tram",251,359,-108
E01003520,Work mainly at or from home,139,21,118
E01003521,Bicycle,10,8,2
E01003521,"Bus, minibus or coach",92,178,-86
E01003521,Driving a car or van,147,168,-21
E01003521,"Motorcycle, scooter or moped",13,1,12
E01003521,Not in employment or aged 15 years and under,1233,700,533
E01003521,On foot,80,83,-3
E01003521,Other method of travel to work,11,4,7
E01003521,Passenger in a car or van,12,29,-17
E01003521,Taxi,8,1,7
E01003521,Train,104,167,-63
E01003521,"Underground, metro, light rail, tram",257,450,-193
E01003521,Work mainly at or from home,209,15,194
E01003522,Bicycle,15,7,8
E01003522,"Bus, minibus or coach",82,127,-45
E01003522,Driving a car or van,139,137,2
E01003522,"Motorcycle, scooter or moped",4,1,3
E01003522,Not in employment or aged 15 years and under,1139,633,506
E01003522,On foot,57,59,-2
E01003522,Other method of travel to work,11,5,6
E01003522,Passenger in a car or van,10,9,1
E01003522,Taxi,4,2,2
E01003522,Train,74,91,-17
E01003522,"Underground, metro, light rail, tram",199,269,-70
E01003522,Work mainly at or from home,121,29,92
E01003523,Bicycle,14,13,1
E01003523,"Bus, minibus or coach",129,132,-3
E01003523,Driving a car or van,227,178,49
E01003523,"Motorcycle, scooter or moped",5,4,1
E01003523,Not in employment or aged 15 years and under,1418,670,748
E01003523,On foot,97,63,34
E01003523,Other method of travel to work,12,4,8
E01003523,Passenger in a car or van,18,10,8
E01003523,Taxi,8,2,6
E01003523,Train,96,77,19
E01003523,"Underground, metro, light rail, tram",276,294,-18
E01003523,Work mainly at or from home,163,18,145
E01003524,Bicycle,5,4,1
E01003524,"Bus, minibus or coach",120,136,-16
E01003524,Driving a car or van,141,165,-24
E01003524,"Motorcycle, scooter or moped",6,0,6
E01003524,Not in employment or aged 15 years and under,1152,726,426
E01003524,On foot,69,68,1
E01003524,Other method of travel to work,15,2,13
E01003524,Passenger in a car or van,25,10,15
E01003524,Taxi,4,1,3
E01003524,Train,73,80,-7
E01003524,"Underground, metro, light rail, tram",177,311,-134
E01003524,Work mainly at or from home,138,17,121
E01003525,Bicycle,11,8,3
E01003525,"Bus, minibus or coach",108,114,-6
E01003525,Driving a car or van,162,166,-4
E01003525,"Motorcycle, scooter or moped",5,0,5
E01003525,Not in employment or aged 15 years and under,1267,633,634
E01003525,On foot,70,79,-9
E01003525,Other method of travel to work,12,7,5
E01003525,Passenger in a car or van,20,14,6
E01003525,Taxi,5,1,4
E01003525,Train,67,109,-42
E01003525,"Underground, metro, light rail, tram",183,323,-140
E01003525,Work mainly at or from home,160,31,129
E01003526,Bicycle,9,8,1
E01003526,"Bus, minibus or coach",95,127,-32
E01003526,Driving a car or van,165,168,-3
E01003526,"Motorcycle, scooter or moped",2,3,-1
E01003526,Not in employment or aged 15 years and under,1142,672,470
E01003526,On foot,60,85,-25
E01003526,Other method of travel to work,6,4,2
E01003526,Passenger in a car or van,13,8,5
E01003526,Taxi,4,2,2
E01003526,Train,49,75,-26
E01003526,"Underground, metro, light rail, tram",150,224,-74
E01003526,Work mainly at or from home,171,15,156
E01003527,Bicycle,24,28,-4
E01003527,"Bus, minibus or coach",76,100,-24
E01003527,Driving a car or van,190,211,-21
E01003527,"Motorcycle, scooter or moped",11,4,7
E01003527,Not in employment or aged 15 years and under,1032,481,551
E01003527,On foot,71,57,14
E01003527,Other method of travel to work,10,3,7
E01003527,Passenger in a car or van,15,18,-3
E01003527,Taxi,8,6,2
E01003527,Train,55,64,-9
E01003527,"Underground, metro, light rail, tram",132,253,-121
E01003527,Work mainly at or from home,212,14,198
E01003528,Bicycle,7,11,-4
E01003528,"Bus, minibus or coach",66,69,-3
E01003528,Driving a car or van,136,113,23
E01003528,"Motorcycle, scooter or moped",4,0,4
E01003528,Not in employment or aged 15 years and under,873,467,406
E01003528,On foot,33,42,-9
E01003528,Other method of travel to work,6,4,2
E01003528,Passenger in a car or van,9,8,1
E01003528,Taxi,5,2,3
E01003528,Train,56,49,7
E01003528,"Underground, metro, light rail, tram",100,149,-49
E01003528,Work mainly at or from home,67,19,48
E01003529,Bicycle,13,5,8
E01003529,"Bus, minibus or coach",118,105,13
E01003529,Driving a car or van,198,220,-22
E01003529,"Motorcycle, scooter or moped",1,3,-2
E01003529,Not in employment or aged 15 years and under,1374,842,532
E01003529,On foot,87,118,-31
E01003529,Other method of travel to work,11,6,5
E01003529,Passenger in a car or van,15,21,-6
E01003529,Taxi,2,2,0
E01003529,Train,126,154,-28
E01003529,"Underground, metro, light rail, tram",236,350,-114
E01003529,Work mainly at or from home,234,24,210
E01003530,Bicycle,7,5,2
E01003530,"Bus, minibus or coach",69,81,-12
E01003530,Driving a car or van,162,143,19
E01003530,"Motorcycle, scooter or moped",5,3,2
E01003530,Not in employment or aged 15 years and under,1045,641,404
E01003530,On foot,64,89,-25
E01003530,Other method of travel to work,10,2,8
E01003530,Passenger in a car or van,16,13,3
E01003530,Taxi,2,5,-3
E01003530,Train,87,119,-32
E01003530,"Underground, metro, light rail, tram",239,275,-36
E01003530,Work mainly at or from home,195,9,186
E01003531,Bicycle,21,3,18
E01003531,"Bus, minibus or coach",88,87,1
E01003531,Driving a car or van,168,177,-9
E01003531,"Motorcycle, scooter or moped",4,2,2
E01003531,Not in employment or aged 15 years and under,1388,697,691
E01003531,On foot,88,93,-5
E01003531,Other method of travel to work,15,4,11
E01003531,Passenger in a car or van,28,21,7
E01003531,Taxi,1,4,-3
E01003531,Train,93,123,-30
E01003531,"Underground, metro, light rail, tram",183,290,-107
E01003531,Work mainly at or from home,178,25,153
E01003532,Bicycle,8,7,1
E01003532,"Bus, minibus or coach",84,80,4
E01003532,Driving a car or van,210,158,52
E01003532,"Motorcycle, scooter or moped",11,0,11
E01003532,Not in employment or aged 15 years and under,1228,712,516
E01003532,On foot,85,89,-4
E01003532,Other method of travel to work,18,9,9
E01003532,Passenger in a car or van,16,16,0
E01003532,Taxi,6,1,5
E01003532,Train,121,108,13
E01003532,"Underground, metro, light rail, tram",321,333,-12
E01003532,Work mainly at or from home,197,21,176
E01003533,Bicycle,19,9,10
E01003533,"Bus, minibus or coach",113,103,10
E01003533,Driving a car or van,161,166,-5
E01003533,"Motorcycle, scooter or moped",9,4,5
E01003533,Not in employment or aged 15 years and under,1466,610,856
E01003533,On foot,82,80,2
E01003533,Other method of travel to work,11,8,3
E01003533,Passenger in a car or van,12,18,-6
E01003533,Taxi,3,1,2
E01003533,Train,67,92,-25
E01003533,"Underground, metro, light rail, tram",186,263,-77
E01003533,Work mainly at or from home,183,20,163
E01003534,Bicycle,12,7,5
E01003534,"Bus, minibus or coach",99,116,-17
E01003534,Driving a car or van,173,205,-32
E01003534,"Motorcycle, scooter or moped",4,2,2
E01003534,Not in employment or aged 15 years and under,1417,823,594
E01003534,On foot,86,72,14
E01003534,Other method of travel to work,19,6,13
E01003534,Passenger in a car or van,13,26,-13
E01003534,Taxi,5,2,3
E01003534,Train,113,125,-12
E01003534,"Underground, metro, light rail, tram",197,317,-120
E01003534,Work mainly at or from home,187,25,162
E01003535,Bicycle,8,4,4
E01003535,"Bus, minibus or coach",81,114,-33
E01003535,Driving a car or van,166,179,-13
E01003535,"Motorcycle, scooter or moped",4,2,2
E01003535,Not in employment or aged 15 years and under,1213,585,628
E01003535,On foot,46,53,-7
E01003535,Other method of travel to work,22,0,22
E01003535,Passenger in a car or van,15,14,1
E01003535,Taxi,4,1,3
E01003535,Train,62,56,6
E01003535,"Underground, metro, light rail, tram",96,144,-48
E01003535,Work mainly at or from home,138,16,122
E01003536,Bicycle,22,8,14
E01003536,"Bus, minibus or coach",102,111,-9
E01003536,Driving a car or van,211,197,14
E01003536,"Motorcycle, scooter or moped",8,8,0
E01003536,Not in employment or aged 15 years and under,1244,528,716
E01003536,On foot,62,60,2
E01003536,Other method of travel to work,14,8,6
E01003536,Passenger in a car or van,22,9,13
E01003536,Taxi,14,4,10
E01003536,Train,68,76,-8
E01003536,"Underground, metro, light rail, tram",167,252,-85
E01003536,Work mainly at or from home,182,14,168
E01003537,Bicycle,22,15,7
E01003537,"Bus, minibus or coach",113,148,-35
E01003537,Driving a car or van,229,227,2
E01003537,"Motorcycle, scooter or moped",9,6,3
E01003537,Not in employment or aged 15 years and under,1221,574,647
E01003537,On foot,44,71,-27
E01003537,Other method of travel to work,17,4,13
E01003537,Passenger in a car or van,16,13,3
E01003537,Taxi,4,3,1
E01003537,Train,64,71,-7
E01003537,"Underground, metro, light rail, tram",216,318,-102
E01003537,Work mainly at or from home,203,22,181
E01003538,Bicycle,13,19,-6
E01003538,"Bus, minibus or coach",131,126,5
E01003538,Driving a car or van,188,210,-22
E01003538,"Motorcycle, scooter or moped",6,5,1
E01003538,Not in employment or aged 15 years and under,1247,622,625
E01003538,On foot,50,49,1
E01003538,Other method of travel to work,18,6,12
E01003538,Passenger in a car or van,15,18,-3
E01003538,Taxi,8,3,5
E01003538,Train,77,106,-29
E01003538,"Underground, metro, light rail, tram",201,226,-25
E01003538,Work mainly at or from home,183,14,169
E01003539,Bicycle,25,14,11
E01003539,"Bus, minibus or coach",125,132,-7
E01003539,Driving a car or van,252,251,1
E01003539,"Motorcycle, scooter or moped",17,6,11
E01003539,Not in employment or aged 15 years and under,1407,588,819
E01003539,On foot,53,72,-19
E01003539,Other method of travel to work,16,4,12
E01003539,Passenger in a car or van,23,21,2
E01003539,Taxi,8,2,6
E01003539,Train,135,88,47
E01003539,"Underground, metro, light rail, tram",259,313,-54
E01003539,Work mainly at or from home,189,21,168
E01003540,Bicycle,28,18,10
E01003540,"Bus, minibus or coach",89,112,-23
E01003540,Driving a car or van,219,191,28
E01003540,"Motorcycle, scooter or moped",2,2,0
E01003540,Not in employment or aged 15 years and under,1200,582,618
E01003540,On foot,40,46,-6
E01003540,Other method of travel to work,12,7,5
E01003540,Passenger in a car or van,28,17,11
E01003540,Taxi,2,6,-4
E01003540,Train,53,60,-7
E01003540,"Underground, metro, light rail, tram",188,201,-13
E01003540,Work mainly at or from home,169,12,157
E01003541,Bicycle,18,3,15
E01003541,"Bus, minibus or coach",72,83,-11
E01003541,Driving a car or van,261,252,9
E01003541,"Motorcycle, scooter or moped",11,4,7
E01003541,Not in employment or aged 15 years and under,1154,527,627
E01003541,On foot,51,52,-1
E01003541,Other method of travel to work,8,4,4
E01003541,Passenger in a car or van,17,16,1
E01003541,Taxi,8,5,3
E01003541,Train,79,74,5
E01003541,"Underground, metro, light rail, tram",166,225,-59
E01003541,Work mainly at or from home,174,14,160
E01003542,Bicycle,13,11,2
E01003542,"Bus, minibus or coach",135,133,2
E01003542,Driving a car or van,227,182,45
E01003542,"Motorcycle, scooter or moped",3,4,-1
E01003542,Not in employment or aged 15 years and under,1371,610,761
E01003542,On foot,60,73,-13
E01003542,Other method of travel to work,11,7,4
E01003542,Passenger in a car or van,15,15,0
E01003542,Taxi,3,4,-1
E01003542,Train,79,64,15
E01003542,"Underground, metro, light rail, tram",143,180,-37
E01003542,Work mainly at or from home,168,9,159
E01003543,Bicycle,46,33,13
E01003543,"Bus, minibus or coach",65,192,-127
E01003543,Driving a car or van,174,214,-40
E01003543,"Motorcycle, scooter or moped",3,8,-5
E01003543,Not in employment or aged 15 years and under,1174,629,545
E01003543,On foot,58,66,-8
E01003543,Other method of travel to work,19,3,16
E01003543,Passenger in a car or van,17,15,2
E01003543,Taxi,5,6,-1
E01003543,Train,122,252,-130
E01003543,"Underground, metro, light rail, tram",232,415,-183
E01003543,Work mainly at or from home,417,35,382
E01003544,Bicycle,27,21,6
E01003544,"Bus, minibus or coach",72,106,-34
E01003544,Driving a car or van,144,189,-45
E01003544,"Motorcycle, scooter or moped",6,5,1
E01003544,Not in employment or aged 15 years and under,935,536,399
E01003544,On foot,52,56,-4
E01003544,Other method of travel to work,8,4,4
E01003544,Passenger in a car or van,11,23,-12
E01003544,Taxi,4,1,3
E01003544,Train,87,176,-89
E01003544,"Underground, metro, light rail, tram",176,322,-146
E01003544,Work mainly at or from home,282,18,264
E01003545,Bicycle,34,18,16
E01003545,"Bus, minibus or coach",95,98,-3
E01003545,Driving a car or van,177,163,14
E01003545,"Motorcycle, scooter or moped",9,11,-2
E01003545,Not in employment or aged 15 years and under,836,507,329
E01003545,On foot,55,58,-3
E01003545,Other method of travel to work,14,5,9
E01003545,Passenger in a car or van,14,12,2
E01003545,Taxi,1,1,0
E01003545,Train,92,123,-31
E01003545,"Underground, metro, light rail, tram",222,252,-30
E01003545,Work mainly at or from home,206,27,179
E01003546,Bicycle,21,14,7
E01003546,"Bus, minibus or coach",93,123,-30
E01003546,Driving a car or van,145,167,-22
E01003546,"Motorcycle, scooter or moped",7,3,4
E01003546,Not in employment or aged 15 years and under,939,572,367
E01003546,On foot,41,71,-30
E01003546,Other method of travel to work,18,4,14
E01003546,Passenger in a car or van,10,12,-2
E01003546,Taxi,6,0,6
E01003546,Train,147,158,-11
E01003546,"Underground, metro, light rail, tram",152,236,-84
E01003546,Work mainly at or from home,206,5,201
E01003547,Bicycle,52,56,-4
E01003547,"Bus, minibus or coach",50,77,-27
E01003547,Driving a car or van,168,257,-89
E01003547,"Motorcycle, scooter or moped",2,12,-10
E01003547,Not in employment or aged 15 years and under,979,544,435
E01003547,On foot,57,73,-16
E01003547,Other method of travel to work,19,3,16
E01003547,Passenger in a car or van,11,12,-1
E01003547,Taxi,0,3,-3
E01003547,Train,79,176,-97
E01003547,"Underground, metro, light rail, tram",168,235,-67
E01003547,Work mainly at or from home,369,36,333
E01003548,Bicycle,51,30,21
E01003548,"Bus, minibus or coach",82,101,-19
E01003548,Driving a car or van,162,167,-5
E01003548,"Motorcycle, scooter or moped",13,7,6
E01003548,Not in employment or aged 15 years and under,1053,683,370
E01003548,On foot,90,90,0
E01003548,Other method of travel to work,18,5,13
E01003548,Passenger in a car or van,11,15,-4
E01003548,Taxi,5,0,5
E01003548,Train,132,165,-33
E01003548,"Underground, metro, light rail, tram",338,532,-194
E01003548,Work mainly at or from home,291,42,249
E01003549,Bicycle,38,24,14
E01003549,"Bus, minibus or coach",89,92,-3
E01003549,Driving a car or van,154,154,0
E01003549,"Motorcycle, scooter or moped",6,9,-3
E01003549,Not in employment or aged 15 years and under,1052,644,408
E01003549,On foot,74,54,20
E01003549,Other method of travel to work,11,1,10
E01003549,Passenger in a car or van,14,15,-1
E01003549,Taxi,4,3,1
E01003549,Train,101,178,-77
E01003549,"Underground, metro, light rail, tram",272,478,-206
E01003549,Work mainly at or from home,298,32,266
E01003550,Bicycle,29,22,7
E01003550,"Bus, minibus or coach",77,94,-17
E01003550,Driving a car or van,128,159,-31
E01003550,"Motorcycle, scooter or moped",8,4,4
E01003550,Not in employment or aged 15 years and under,949,525,424
E01003550,On foot,42,41,1
E01003550,Other method of travel to work,5,4,1
E01003550,Passenger in a car or van,7,13,-6
E01003550,Taxi,4,2,2
E01003550,Train,70,138,-68
E01003550,"Underground, metro, light rail, tram",206,285,-79
E01003550,Work mainly at or from home,248,29,219
E01003551,Bicycle,24,19,5
E01003551,"Bus, minibus or coach",100,119,-19
E01003551,Driving a car or van,120,136,-16
E01003551,"Motorcycle, scooter or moped",8,10,-2
E01003551,Not in employment or aged 15 years and under,926,570,356
E01003551,On foot,69,45,24
E01003551,Other method of travel to work,6,1,5
E01003551,Passenger in a car or van,10,8,2
E01003551,Taxi,7,0,7
E01003551,Train,83,113,-30
E01003551,"Underground, metro, light rail, tram",252,342,-90
E01003551,Work mainly at or from home,221,19,202
E01003552,Bicycle,14,11,3
E01003552,"Bus, minibus or coach",71,108,-37
E01003552,Driving a car or van,147,152,-5
E01003552,"Motorcycle, scooter or moped",3,4,-1
E01003552,Not in employment or aged 15 years and under,878,559,319
E01003552,On foot,54,55,-1
E01003552,Other method of travel to work,17,6,11
E01003552,Passenger in a car or van,16,7,9
E01003552,Taxi,3,1,2
E01003552,Train,59,71,-12
E01003552,"Underground, metro, light rail, tram",146,280,-134
E01003552,Work mainly at or from home,190,18,172
E01003553,Bicycle,19,21,-2
E01003553,"Bus, minibus or coach",125,121,4
E01003553,Driving a car or van,139,131,8
E01003553,"Motorcycle, scooter or moped",8,8,0
E01003553,Not in employment or aged 15 years and under,1122,610,512
E01003553,On foot,58,69,-11
E01003553,Other method of travel to work,20,7,13
E01003553,Passenger in a car or van,8,4,4
E01003553,Taxi,8,0,8
E01003553,Train,66,122,-56
E01003553,"Underground, metro, light rail, tram",242,365,-123
E01003553,Work mainly at or from home,213,14,199
E01003554,Bicycle,42,24,18
E01003554,"Bus, minibus or coach",76,116,-40
E01003554,Driving a car or van,138,151,-13
E01003554,"Motorcycle, scooter or moped",10,9,1
E01003554,Not in employment or aged 15 years and under,873,521,352
E01003554,On foot,74,61,13
E01003554,Other method of travel to work,9,5,4
E01003554,Passenger in a car or van,11,23,-12
E01003554,Taxi,3,3,0
E01003554,Train,70,116,-46
E01003554,"Underground, metro, light rail, tram",266,490,-224
E01003554,Work mainly at or from home,320,19,301
E01003555,Bicycle,23,24,-1
E01003555,"Bus, minibus or coach",47,89,-42
E01003555,Driving a car or van,201,214,-13
E01003555,"Motorcycle, scooter or moped",6,4,2
E01003555,Not in employment or aged 15 years and under,1060,612,448
E01003555,On foot,42,48,-6
E01003555,Other method of travel to work,27,2,25
E01003555,Passenger in a car or van,29,31,-2
E01003555,Taxi,4,0,4
E01003555,Train,64,147,-83
E01003555,"Underground, metro, light rail, tram",121,219,-98
E01003555,Work mainly at or from home,261,29,232
E01003556,Bicycle,13,15,-2
E01003556,"Bus, minibus or coach",92,127,-35
E01003556,Driving a car or van,149,145,4
E01003556,"Motorcycle, scooter or moped",7,4,3
E01003556,Not in employment or aged 15 years and under,1235,732,503
E01003556,On foot,45,57,-12
E01003556,Other method of travel to work,18,2,16
E01003556,Passenger in a car or van,13,10,3
E01003556,Taxi,7,1,6
E01003556,Train,94,139,-45
E01003556,"Underground, metro, light rail, tram",155,246,-91
E01003556,Work mainly at or from home,145,24,121
E01003557,Bicycle,28,15,13
E01003557,"Bus, minibus or coach",116,139,-23
E01003557,Driving a car or van,172,208,-36
E01003557,"Motorcycle, scooter or moped",7,8,-1
E01003557,Not in employment or aged 15 years and under,1058,633,425
E01003557,On foot,63,65,-2
E01003557,Other method of travel to work,15,6,9
E01003557,Passenger in a car or van,15,15,0
E01003557,Taxi,3,0,3
E01003557,Train,87,138,-51
E01003557,"Underground, metro, light rail, tram",187,337,-150
E01003557,Work mainly at or from home,208,19,189
E01003558,Bicycle,22,17,5
E01003558,"Bus, minibus or coach",101,105,-4
E01003558,Driving a car or van,124,113,11
E01003558,"Motorcycle, scooter or moped",8,0,8
E01003558,Not in employment or aged 15 years and under,1004,566,438
E01003558,On foot,64,50,14
E01003558,Other method of travel to work,12,1,11
E01003558,Passenger in a car or van,9,11,-2
E01003558,Taxi,2,1,1
E01003558,Train,73,107,-34
E01003558,"Underground, metro, light rail, tram",179,208,-29
E01003558,Work mainly at or from home,123,12,111
E01003559,Bicycle,67,32,35
E01003559,"Bus, minibus or coach",97,128,-31
E01003559,Driving a car or van,132,181,-49
E01003559,"Motorcycle, scooter or moped",15,9,6
E01003559,Not in employment or aged 15 years and under,1012,615,397
E01003559,On foot,104,75,29
E01003559,Other method of travel to work,34,8,26
E01003559,Passenger in a car or van,12,16,-4
E01003559,Taxi,8,6,2
E01003559,Train,107,205,-98
E01003559,"Underground, metro, light rail, tram",353,806,-453
E01003559,Work mainly at or from home,451,43,408
E01003560,Bicycle,15,6,9
E01003560,"Bus, minibus or coach",102,124,-22
E01003560,Driving a car or van,156,169,-13
E01003560,"Motorcycle, scooter or moped",3,0,3
E01003560,Not in employment or aged 15 years and under,994,635,359
E01003560,On foot,38,61,-23
E01003560,Other method of travel to work,7,1,6
E01003560,Passenger in a car or van,16,9,7
E01003560,Taxi,6,0,6
E01003560,Train,59,90,-31
E01003560,"Underground, metro, light rail, tram",128,240,-112
E01003560,Work mainly at or from home,147,13,134
E01003561,Bicycle,13,13,0
E01003561,"Bus, minibus or coach",91,132,-41
E01003561,Driving a car or van,146,170,-24
E01003561,"Motorcycle, scooter or moped",5,1,4
E01003561,Not in employment or aged 15 years and under,1010,655,355
E01003561,On foot,71,83,-12
E01003561,Other method of travel to work,9,4,5
E01003561,Passenger in a car or van,18,16,2
E01003561,Taxi,5,0,5
E01003561,Train,64,92,-28
E01003561,"Underground, metro, light rail, tram",129,260,-131
E01003561,Work mainly at or from home,154,8,146
E01003562,Bicycle,6,10,-4
E01003562,"Bus, minibus or coach",110,145,-35
E01003562,Driving a car or van,189,155,34
E01003562,"Motorcycle, scooter or moped",5,5,0
E01003562,Not in employment or aged 15 years and under,1204,797,407
E01003562,On foot,86,121,-35
E01003562,Other method of travel to work,14,4,10
E01003562,Passenger in a car or van,17,14,3
E01003562,Taxi,4,1,3
E01003562,Train,83,121,-38
E01003562,"Underground, metro, light rail, tram",209,323,-114
E01003562,Work mainly at or from home,173,36,137
E01003563,Bicycle,12,4,8
E01003563,"Bus, minibus or coach",118,98,20
E01003563,Driving a car or van,227,162,65
E01003563,"Motorcycle, scooter or moped",1,3,-2
E01003563,Not in employment or aged 15 years and under,1677,757,920
E01003563,On foot,86,67,19
E01003563,Other method of travel to work,19,6,13
E01003563,Passenger in a car or van,24,15,9
E01003563,Taxi,10,2,8
E01003563,Train,68,81,-13
E01003563,"Underground, metro, light rail, tram",184,290,-106
E01003563,Work mainly at or from home,192,22,170
E01003564,Bicycle,14,9,5
E01003564,"Bus, minibus or coach",106,140,-34
E01003564,Driving a car or van,179,201,-22
E01003564,"Motorcycle, scooter or moped",6,4,2
E01003564,Not in employment or aged 15 years and under,1390,801,589
E01003564,On foot,95,86,9
E01003564,Other method of travel to work,13,4,9
E01003564,Passenger in a car or van,15,18,-3
E01003564,Taxi,5,4,1
E01003564,Train,126,148,-22
E01003564,"Underground, metro, light rail, tram",234,401,-167
E01003564,Work mainly at or from home,183,31,152
E01003565,Bicycle,16,9,7
E01003565,"Bus, minibus or coach",68,92,-24
E01003565,Driving a car or van,166,121,45
E01003565,"Motorcycle, scooter or moped",9,4,5
E01003565,Not in employment or aged 15 years and under,1284,668,616
E01003565,On foot,88,69,19
E01003565,Other method of travel to work,15,3,12
E01003565,Passenger in a car or van,8,6,2
E01003565,Taxi,2,1,1
E01003565,Train,75,85,-10
E01003565,"Underground, metro, light rail, tram",196,321,-125
E01003565,Work mainly at or from home,166,21,145
E01003566,Bicycle,10,8,2
E01003566,"Bus, minibus or coach",66,98,-32
E01003566,Driving a car or van,120,118,2
E01003566,"Motorcycle, scooter or moped",3,2,1
E01003566,Not in employment or aged 15 years and under,1299,617,682
E01003566,On foot,72,96,-24
E01003566,Other method of travel to work,19,6,13
E01003566,Passenger in a car or van,11,7,4
E01003566,Taxi,2,1,1
E01003566,Train,83,92,-9
E01003566,"Underground, metro, light rail, tram",172,261,-89
E01003566,Work mainly at or from home,106,19,87
E01003567,Bicycle,12,7,5
E01003567,"Bus, minibus or coach",113,141,-28
E01003567,Driving a car or van,148,122,26
E01003567,"Motorcycle, scooter or moped",8,2,6
E01003567,Not in employment or aged 15 years and under,1132,648,484
E01003567,On foot,64,70,-6
E01003567,Other method of travel to work,11,3,8
E01003567,Passenger in a car or van,16,11,5
E01003567,Taxi,2,0,2
E01003567,Train,79,109,-30
E01003567,"Underground, metro, light rail, tram",196,249,-53
E01003567,Work mainly at or from home,151,12,139
E01003568,Bicycle,11,7,4
E01003568,"Bus, minibus or coach",79,118,-39
E01003568,Driving a car or van,210,180,30
E01003568,"Motorcycle, scooter or moped",4,2,2
E01003568,Not in employment or aged 15 years and under,1536,825,711
E01003568,On foot,94,87,7
E01003568,Other method of travel to work,14,3,11
E01003568,Passenger in a car or van,14,18,-4
E01003568,Taxi,5,1,4
E01003568,Train,110,136,-26
E01003568,"Underground, metro, light rail, tram",295,363,-68
E01003568,Work mainly at or from home,208,22,186
E01003569,Bicycle,10,5,5
E01003569,"Bus, minibus or coach",121,105,16
E01003569,Driving a car or van,203,124,79
E01003569,"Motorcycle, scooter or moped",7,5,2
E01003569,Not in employment or aged 15 years and under,1331,746,585
E01003569,On foot,71,82,-11
E01003569,Other method of travel to work,22,7,15
E01003569,Passenger in a car or van,5,20,-15
E01003569,Taxi,4,2,2
E01003569,Train,113,79,34
E01003569,"Underground, metro, light rail, tram",414,330,84
E01003569,Work mainly at or from home,163,15,148
E01003570,Bicycle,12,6,6
E01003570,"Bus, minibus or coach",92,139,-47
E01003570,Driving a car or van,162,159,3
E01003570,"Motorcycle, scooter or moped",10,4,6
E01003570,Not in employment or aged 15 years and under,1109,748,361
E01003570,On foot,62,83,-21
E01003570,Other method of travel to work,19,6,13
E01003570,Passenger in a car or van,15,7,8
E01003570,Taxi,5,2,3
E01003570,Train,87,105,-18
E01003570,"Underground, metro, light rail, tram",180,305,-125
E01003570,Work mainly at or from home,162,7,155
E01003571,Bicycle,21,11,10
E01003571,"Bus, minibus or coach",104,134,-30
E01003571,Driving a car or van,177,198,-21
E01003571,"Motorcycle, scooter or moped",4,3,1
E01003571,Not in employment or aged 15 years and under,1440,871,569
E01003571,On foot,73,92,-19
E01003571,Other method of travel to work,11,6,5
E01003571,Passenger in a car or van,18,10,8
E01003571,Taxi,8,2,6
E01003571,Train,102,122,-20
E01003571,"Underground, metro, light rail, tram",158,243,-85
E01003571,Work mainly at or from home,157,14,143
E01003572,Bicycle,21,7,14
E01003572,"Bus, minibus or coach",69,98,-29
E01003572,Driving a car or van,146,178,-32
E01003572,"Motorcycle, scooter or moped",4,2,2
E01003572,Not in employment or aged 15 years and under,973,647,326
E01003572,On foot,80,82,-2
E01003572,Other method of travel to work,16,4,12
E01003572,Passenger in a car or van,15,11,4
E01003572,Taxi,3,2,1
E01003572,Train,67,88,-21
E01003572,"Underground, metro, light rail, tram",129,165,-36
E01003572,Work mainly at or from home,151,15,136
E01003573,Bicycle,24,9,15
E01003573,"Bus, minibus or coach",80,135,-55
E01003573,Driving a car or van,184,166,18
E01003573,"Motorcycle, scooter or moped",6,3,3
E01003573,Not in employment or aged 15 years and under,1435,771,664
E01003573,On foot,86,81,5
E01003573,Other method of travel to work,9,4,5
E01003573,Passenger in a car or van,20,10,10
E01003573,Taxi,5,2,3
E01003573,Train,100,123,-23
E01003573,"Underground, metro, light rail, tram",194,289,-95
E01003573,Work mainly at or from home,185,26,159
E01003574,Bicycle,22,13,9
E01003574,"Bus, minibus or coach",104,135,-31
E01003574,Driving a car or van,243,214,29
E01003574,"Motorcycle, scooter or moped",6,5,1
E01003574,Not in employment or aged 15 years and under,1533,947,586
E01003574,On foot,78,107,-29
E01003574,Other method of travel to work,17,5,12
E01003574,Passenger in a car or van,18,13,5
E01003574,Taxi,3,1,2
E01003574,Train,76,136,-60
E01003574,"Underground, metro, light rail, tram",223,416,-193
E01003574,Work mainly at or from home,226,25,201
E01003575,Bicycle,18,11,7
E01003575,"Bus, minibus or coach",54,95,-41
E01003575,Driving a car or van,163,165,-2
E01003575,"Motorcycle, scooter or moped",3,3,0
E01003575,Not in employment or aged 15 years and under,1008,568,440
E01003575,On foot,57,55,2
E01003575,Other method of travel to work,17,8,9
E01003575,Passenger in a car or van,14,12,2
E01003575,Taxi,0,2,-2
E01003575,Train,55,64,-9
E01003575,"Underground, metro, light rail, tram",121,177,-56
E01003575,Work mainly at or from home,146,17,129
E01003576,Bicycle,17,4,13
E01003576,"Bus, minibus or coach",135,196,-61
E01003576,Driving a car or van,137,145,-8
E01003576,"Motorcycle, scooter or moped",6,1,5
E01003576,Not in employment or aged 15 years and under,1118,636,482
E01003576,On foot,67,36,31
E01003576,Other method of travel to work,14,5,9
E01003576,Passenger in a car or van,9,7,2
E01003576,Taxi,6,0,6
E01003576,Train,68,111,-43
E01003576,"Underground, metro, light rail, tram",110,157,-47
E01003576,Work mainly at or from home,112,11,101
E01003577,Bicycle,12,5,7
E01003577,"Bus, minibus or coach",176,141,35
E01003577,Driving a car or van,214,160,54
E01003577,"Motorcycle, scooter or moped",9,1,8
E01003577,Not in employment or aged 15 years and under,1492,671,821
E01003577,On foot,58,32,26
E01003577,Other method of travel to work,15,4,11
E01003577,Passenger in a car or van,16,8,8
E01003577,Taxi,6,2,4
E01003577,Train,92,86,6
E01003577,"Underground, metro, light rail, tram",139,109,30
E01003577,Work mainly at or from home,159,17,142
E01003578,Bicycle,8,11,-3
E01003578,"Bus, minibus or coach",139,170,-31
E01003578,Driving a car or van,165,162,3
E01003578,"Motorcycle, scooter or moped",8,3,5
E01003578,Not in employment or aged 15 years and under,1235,637,598
E01003578,On foot,45,49,-4
E01003578,Other method of travel to work,14,5,9
E01003578,Passenger in a car or van,15,12,3
E01003578,Taxi,5,1,4
E01003578,Train,77,145,-68
E01003578,"Underground, metro, light rail, tram",141,188,-47
E01003578,Work mainly at or from home,137,12,125
E01003579,Bicycle,12,4,8
E01003579,"Bus, minibus or coach",97,129,-32
E01003579,Driving a car or van,204,175,29
E01003579,"Motorcycle, scooter or moped",4,3,1
E01003579,Not in employment or aged 15 years and under,1264,656,608
E01003579,On foot,57,68,-11
E01003579,Other method of travel to work,8,3,5
E01003579,Passenger in a car or van,22,12,10
E01003579,Taxi,1,0,1
E01003579,Train,69,102,-33
E01003579,"Underground, metro, light rail, tram",108,162,-54
E01003579,Work mainly at or from home,141,13,128
E01003580,Bicycle,15,6,9
E01003580,"Bus, minibus or coach",100,100,0
E01003580,Driving a car or van,205,192,13
E01003580,"Motorcycle, scooter or moped",4,3,1
E01003580,Not in employment or aged 15 years and under,1258,604,654
E01003580,On foot,59,46,13
E01003580,Other method of travel to work,12,3,9
E01003580,Passenger in a car or van,17,15,2
E01003580,Taxi,5,3,2
E01003580,Train,75,67,8
E01003580,"Underground, metro, light rail, tram",140,177,-37
E01003580,Work mainly at or from home,116,10,106
E01003581,Bicycle,9,8,1
E01003581,"Bus, minibus or coach",100,131,-31
E01003581,Driving a car or van,169,170,-1
E01003581,"Motorcycle, scooter or moped",4,3,1
E01003581,Not in employment or aged 15 years and under,1123,679,444
E01003581,On foot,46,40,6
E01003581,Other method of travel to work,15,4,11
E01003581,Passenger in a car or van,10,14,-4
E01003581,Taxi,1,1,0
E01003581,Train,84,105,-21
E01003581,"Underground, metro, light rail, tram",97,184,-87
E01003581,Work mainly at or from home,147,13,134
E01003582,Bicycle,10,8,2
E01003582,"Bus, minibus or coach",88,82,6
E01003582,Driving a car or van,152,140,12
E01003582,"Motorcycle, scooter or moped",7,6,1
E01003582,Not in employment or aged 15 years and under,1013,590,423
E01003582,On foot,51,43,8
E01003582,Other method of travel to work,10,4,6
E01003582,Passenger in a car or van,17,17,0
E01003582,Taxi,1,2,-1
E01003582,Train,43,100,-57
E01003582,"Underground, metro, light rail, tram",105,127,-22
E01003582,Work mainly at or from home,102,13,89
E01003583,Bicycle,11,7,4
E01003583,"Bus, minibus or coach",101,134,-33
E01003583,Driving a car or van,182,186,-4
E01003583,"Motorcycle, scooter or moped",2,3,-1
E01003583,Not in employment or aged 15 years and under,1339,640,699
E01003583,On foot,36,63,-27
E01003583,Other method of travel to work,12,6,6
E01003583,Passenger in a car or van,9,11,-2
E01003583,Taxi,4,3,1
E01003583,Train,50,92,-42
E01003583,"Underground, metro, light rail, tram",185,181,4
E01003583,Work mainly at or from home,158,26,132
E01003584,Bicycle,25,28,-3
E01003584,"Bus, minibus or coach",74,121,-47
E01003584,Driving a car or van,173,225,-52
E01003584,"Motorcycle, scooter or moped",6,6,0
E01003584,Not in employment or aged 15 years and under,1066,691,375
E01003584,On foot,51,41,10
E01003584,Other method of travel to work,11,8,3
E01003584,Passenger in a car or van,23,21,2
E01003584,Taxi,5,2,3
E01003584,Train,70,154,-84
E01003584,"Underground, metro, light rail, tram",123,207,-84
E01003584,Work mainly at or from home,293,29,264
E01003585,Bicycle,6,9,-3
E01003585,"Bus, minibus or coach",75,105,-30
E01003585,Driving a car or van,169,147,22
E01003585,"Motorcycle, scooter or moped",5,1,4
E01003585,Not in employment or aged 15 years and under,961,595,366
E01003585,On foot,52,44,8
E01003585,Other method of travel to work,9,2,7
E01003585,Passenger in a car or van,16,9,7
E01003585,Taxi,8,2,6
E01003585,Train,69,107,-38
E01003585,"Underground, metro, light rail, tram",124,158,-34
E01003585,Work mainly at or from home,143,8,135
E01003586,Bicycle,18,15,3
E01003586,"Bus, minibus or coach",120,143,-23
E01003586,Driving a car or van,168,168,0
E01003586,"Motorcycle, scooter or moped",4,0,4
E01003586,Not in employment or aged 15 years and under,1070,641,429
E01003586,On foot,54,41,13
E01003586,Other method of travel to work,11,4,7
E01003586,Passenger in a car or van,11,15,-4
E01003586,Taxi,2,3,-1
E01003586,Train,74,104,-30
E01003586,"Underground, metro, light rail, tram",143,221,-78
E01003586,Work mainly at or from home,167,19,148
E01003587,Bicycle,24,13,11
E01003587,"Bus, minibus or coach",128,159,-31
E01003587,Driving a car or van,193,193,0
E01003587,"Motorcycle, scooter or moped",3,3,0
E01003587,Not in employment or aged 15 years and under,1507,751,756
E01003587,On foot,55,48,7
E01003587,Other method of travel to work,8,6,2
E01003587,Passenger in a car or van,11,24,-13
E01003587,Taxi,2,1,1
E01003587,Train,122,206,-84
E01003587,"Underground, metro, light rail, tram",198,372,-174
E01003587,Work mainly at or from home,234,24,210
E01003588,Bicycle,11,3,8
E01003588,"Bus, minibus or coach",90,110,-20
E01003588,Driving a car or van,135,153,-18
E01003588,"Motorcycle, scooter or moped",4,0,4
E01003588,Not in employment or aged 15 years and under,941,644,297
E01003588,On foot,44,60,-16
E01003588,Other method of travel to work,13,0,13
E01003588,Passenger in a car or van,15,8,7
E01003588,Taxi,3,0,3
E01003588,Train,59,100,-41
E01003588,"Underground, metro, light rail, tram",129,221,-92
E01003588,Work mainly at or from home,115,14,101
E01003589,Bicycle,16,12,4
E01003589,"Bus, minibus or coach",70,84,-14
E01003589,Driving a car or van,168,167,1
E01003589,"Motorcycle, scooter or moped",6,6,0
E01003589,Not in employment or aged 15 years and under,1089,647,442
E01003589,On foot,54,70,-16
E01003589,Other method of travel to work,12,4,8
E01003589,Passenger in a car or van,19,11,8
E01003589,Taxi,4,0,4
E01003589,Train,96,103,-7
E01003589,"Underground, metro, light rail, tram",162,232,-70
E01003589,Work mainly at or from home,163,24,139
E01003590,Bicycle,20,7,13
E01003590,"Bus, minibus or coach",71,108,-37
E01003590,Driving a car or van,121,147,-26
E01003590,"Motorcycle, scooter or moped",4,2,2
E01003590,Not in employment or aged 15 years and under,941,467,474
E01003590,On foot,38,29,9
E01003590,Other method of travel to work,14,2,12
E01003590,Passenger in a car or van,9,11,-2
E01003590,Taxi,4,2,2
E01003590,Train,97,139,-42
E01003590,"Underground, metro, light rail, tram",128,136,-8
E01003590,Work mainly at or from home,162,18,144
E01003591,Bicycle,20,7,13
E01003591,"Bus, minibus or coach",171,165,6
E01003591,Driving a car or van,157,160,-3
E01003591,"Motorcycle, scooter or moped",1,2,-1
E01003591,Not in employment or aged 15 years and under,1369,766,603
E01003591,On foot,53,48,5
E01003591,Other method of travel to work,15,2,13
E01003591,Passenger in a car or van,22,14,8
E01003591,Taxi,5,1,4
E01003591,Train,124,137,-13
E01003591,"Underground, metro, light rail, tram",163,255,-92
E01003591,Work mainly at or from home,153,23,130
E01003592,Bicycle,23,15,8
E01003592,"Bus, minibus or coach",63,92,-29
E01003592,Driving a car or van,156,137,19
E01003592,"Motorcycle, scooter or moped",2,8,-6
E01003592,Not in employment or aged 15 years and under,1051,556,495
E01003592,On foot,41,35,6
E01003592,Other method of travel to work,12,6,6
E01003592,Passenger in a car or van,15,7,8
E01003592,Taxi,3,1,2
E01003592,Train,66,128,-62
E01003592,"Underground, metro, light rail, tram",243,366,-123
E01003592,Work mainly at or from home,212,13,199
E01003593,Bicycle,15,10,5
E01003593,"Bus, minibus or coach",59,66,-7
E01003593,Driving a car or van,118,119,-1
E01003593,"Motorcycle, scooter or moped",1,3,-2
E01003593,Not in employment or aged 15 years and under,809,545,264
E01003593,On foot,41,30,11
E01003593,Other method of travel to work,7,5,2
E01003593,Passenger in a car or van,7,3,4
E01003593,Taxi,0,3,-3
E01003593,Train,68,111,-43
E01003593,"Underground, metro, light rail, tram",211,251,-40
E01003593,Work mainly at or from home,165,6,159
E01003594,Bicycle,25,14,11
E01003594,"Bus, minibus or coach",78,79,-1
E01003594,Driving a car or van,146,140,6
E01003594,"Motorcycle, scooter or moped",9,6,3
E01003594,Not in employment or aged 15 years and under,990,564,426
E01003594,On foot,36,31,5
E01003594,Other method of travel to work,13,11,2
E01003594,Passenger in a car or van,10,10,0
E01003594,Taxi,6,0,6
E01003594,Train,72,74,-2
E01003594,"Underground, metro, light rail, tram",234,356,-122
E01003594,Work mainly at or from home,213,15,198
E01003595,Bicycle,19,9,10
E01003595,"Bus, minibus or coach",80,81,-1
E01003595,Driving a car or van,137,111,26
E01003595,"Motorcycle, scooter or moped",6,3,3
E01003595,Not in employment or aged 15 years and under,1008,487,521
E01003595,On foot,49,42,7
E01003595,Other method of travel to work,5,3,2
E01003595,Passenger in a car or van,14,9,5
E01003595,Taxi,7,0,7
E01003595,Train,86,71,15
E01003595,"Underground, metro, light rail, tram",248,313,-65
E01003595,Work mainly at or from home,151,9,142
E01003596,Bicycle,12,19,-7
E01003596,"Bus, minibus or coach",92,96,-4
E01003596,Driving a car or van,143,163,-20
E01003596,"Motorcycle, scooter or moped",3,5,-2
E01003596,Not in employment or aged 15 years and under,982,502,480
E01003596,On foot,42,48,-6
E01003596,Other method of travel to work,10,6,4
E01003596,Passenger in a car or van,7,12,-5
E01003596,Taxi,3,1,2
E01003596,Train,60,79,-19
E01003596,"Underground, metro, light rail, tram",178,337,-159
E01003596,Work mainly at or from home,185,23,162
E01003597,Bicycle,14,8,6
E01003597,"Bus, minibus or coach",67,88,-21
E01003597,Driving a car or van,222,173,49
E01003597,"Motorcycle, scooter or moped",2,3,-1
E01003597,Not in employment or aged 15 years and under,1332,535,797
E01003597,On foot,54,69,-15
E01003597,Other method of travel to work,19,6,13
E01003597,Passenger in a car or van,11,17,-6
E01003597,Taxi,4,0,4
E01003597,Train,102,85,17
E01003597,"Underground, metro, light rail, tram",171,226,-55
E01003597,Work mainly at or from home,196,11,185
E01003598,Bicycle,21,18,3
E01003598,"Bus, minibus or coach",101,100,1
E01003598,Driving a car or van,162,146,16
E01003598,"Motorcycle, scooter or moped",3,6,-3
E01003598,Not in employment or aged 15 years and under,1116,653,463
E01003598,On foot,40,37,3
E01003598,Other method of travel to work,7,4,3
E01003598,Passenger in a car or van,8,5,3
E01003598,Taxi,5,0,5
E01003598,Train,102,75,27
E01003598,"Underground, metro, light rail, tram",174,279,-105
E01003598,Work mainly at or from home,162,11,151
E01003599,Bicycle,12,10,2
E01003599,"Bus, minibus or coach",55,93,-38
E01003599,Driving a car or van,148,129,19
E01003599,"Motorcycle, scooter or moped",5,2,3
E01003599,Not in employment or aged 15 years and under,993,543,450
E01003599,On foot,52,52,0
E01003599,Other method of travel to work,14,3,11
E01003599,Passenger in a car or van,13,8,5
E01003599,Taxi,4,0,4
E01003599,Train,76,72,4
E01003599,"Underground, metro, light rail, tram",143,251,-108
E01003599,Work mainly at or from home,135,10,125
E01003600,Bicycle,9,9,0
E01003600,"Bus, minibus or coach",94,108,-14
E01003600,Driving a car or van,139,144,-5
E01003600,"Motorcycle, scooter or moped",4,3,1
E01003600,Not in employment or aged 15 years and under,881,606,275
E01003600,On foot,43,40,3
E01003600,Other method of travel to work,14,4,10
E01003600,Passenger in a car or van,9,11,-2
E01003600,Taxi,0,1,-1
E01003600,Train,78,88,-10
E01003600,"Underground, metro, light rail, tram",189,312,-123
E01003600,Work mainly at or from home,165,10,155
E01003601,Bicycle,24,10,14
E01003601,"Bus, minibus or coach",128,155,-27
E01003601,Driving a car or van,204,186,18
E01003601,"Motorcycle, scooter or moped",7,3,4
E01003601,Not in employment or aged 15 years and under,1286,678,608
E01003601,On foot,62,80,-18
E01003601,Other method of travel to work,16,5,11
E01003601,Passenger in a car or van,24,20,4
E01003601,Taxi,5,4,1
E01003601,Train,72,80,-8
E01003601,"Underground, metro, light rail, tram",198,267,-69
E01003601,Work mainly at or from home,181,15,166
E01003602,Bicycle,21,17,4
E01003602,"Bus, minibus or coach",154,183,-29
E01003602,Driving a car or van,191,190,1
E01003602,"Motorcycle, scooter or moped",6,7,-1
E01003602,Not in employment or aged 15 years and under,1155,538,617
E01003602,On foot,47,64,-17
E01003602,Other method of travel to work,14,9,5
E01003602,Passenger in a car or van,12,13,-1
E01003602,Taxi,6,4,2
E01003602,Train,79,96,-17
E01003602,"Underground, metro, light rail, tram",289,369,-80
E01003602,Work mainly at or from home,202,13,189
E01003603,Bicycle,28,17,11
E01003603,"Bus, minibus or coach",78,119,-41
E01003603,Driving a car or van,185,198,-13
E01003603,"Motorcycle, scooter or moped",4,6,-2
E01003603,Not in employment or aged 15 years and under,1067,543,524
E01003603,On foot,78,74,4
E01003603,Other method of travel to work,17,7,10
E01003603,Passenger in a car or van,7,5,2
E01003603,Taxi,4,1,3
E01003603,Train,49,79,-30
E01003603,"Underground, metro, light rail, tram",238,319,-81
E01003603,Work mainly at or from home,189,18,171
E01003604,Bicycle,26,20,6
E01003604,"Bus, minibus or coach",137,179,-42
E01003604,Driving a car or van,220,229,-9
E01003604,"Motorcycle, scooter or moped",7,12,-5
E01003604,Not in employment or aged 15 years and under,1281,678,603
E01003604,On foot,90,92,-2
E01003604,Other method of travel to work,13,2,11
E01003604,Passenger in a car or van,9,20,-11
E01003604,Taxi,10,1,9
E01003604,Train,73,85,-12
E01003604,"Underground, metro, light rail, tram",248,315,-67
E01003604,Work mainly at or from home,173,14,159
E01003605,Bicycle,18,15,3
E01003605,"Bus, minibus or coach",130,146,-16
E01003605,Driving a car or van,166,183,-17
E01003605,"Motorcycle, scooter or moped",4,6,-2
E01003605,Not in employment or aged 15 years and under,1213,686,527
E01003605,On foot,55,56,-1
E01003605,Other method of travel to work,18,11,7
E01003605,Passenger in a car or van,15,16,-1
E01003605,Taxi,5,6,-1
E01003605,Train,90,107,-17
E01003605,"Underground, metro, light rail, tram",185,268,-83
E01003605,Work mainly at or from home,166,16,150
E01003607,Bicycle,24,17,7
E01003607,"Bus, minibus or coach",83,101,-18
E01003607,Driving a car or van,157,132,25
E01003607,"Motorcycle, scooter or moped",7,2,5
E01003607,Not in employment or aged 15 years and under,999,476,523
E01003607,On foot,40,55,-15
E01003607,Other method of travel to work,7,5,2
E01003607,Passenger in a car or van,7,6,1
E01003607,Taxi,3,1,2
E01003607,Train,86,92,-6
E01003607,"Underground, metro, light rail, tram",275,326,-51
E01003607,Work mainly at or from home,203,3,200
E01003608,Bicycle,38,21,17
E01003608,"Bus, minibus or coach",103,152,-49
E01003608,Driving a car or van,160,193,-33
E01003608,"Motorcycle, scooter or moped",7,8,-1
E01003608,Not in employment or aged 15 years and under,1034,547,487
E01003608,On foot,61,59,2
E01003608,Other method of travel to work,18,4,14
E01003608,Passenger in a car or van,15,16,-1
E01003608,Taxi,5,3,2
E01003608,Train,70,95,-25
E01003608,"Underground, metro, light rail, tram",251,375,-124
E01003608,Work mainly at or from home,276,26,250
E01003611,Bicycle,15,12,3
E01003611,"Bus, minibus or coach",84,84,0
E01003611,Driving a car or van,161,141,20
E01003611,"Motorcycle, scooter or moped",6,1,5
E01003611,Not in employment or aged 15 years and under,1149,530,619
E01003611,On foot,36,20,16
E01003611,Other method of travel to work,14,7,7
E01003611,Passenger in a car or van,8,11,-3
E01003611,Taxi,3,3,0
E01003611,Train,122,110,12
E01003611,"Underground, metro, light rail, tram",195,282,-87
E01003611,Work mainly at or from home,167,14,153
E01003615,Bicycle,22,14,8
E01003615,"Bus, minibus or coach",81,92,-11
E01003615,Driving a car or van,120,148,-28
E01003615,"Motorcycle, scooter or moped",5,6,-1
E01003615,Not in employment or aged 15 years and under,859,519,340
E01003615,On foot,60,59,1
E01003615,Other method of travel to work,11,4,7
E01003615,Passenger in a car or van,10,9,1
E01003615,Taxi,5,5,0
E01003615,Train,86,132,-46
E01003615,"Underground, metro, light rail, tram",231,422,-191
E01003615,Work mainly at or from home,217,22,195
E01003616,Bicycle,20,13,7
E01003616,"Bus, minibus or coach",73,91,-18
E01003616,Driving a car or van,159,104,55
E01003616,"Motorcycle, scooter or moped",6,8,-2
E01003616,Not in employment or aged 15 years and under,859,488,371
E01003616,On foot,97,68,29
E01003616,Other method of travel to work,11,1,10
E01003616,Passenger in a car or van,7,3,4
E01003616,Taxi,5,4,1
E01003616,Train,87,113,-26
E01003616,"Underground, metro, light rail, tram",261,447,-186
E01003616,Work mainly at or from home,260,28,232
E01003618,Bicycle,33,32,1
E01003618,"Bus, minibus or coach",96,137,-41
E01003618,Driving a car or van,131,125,6
E01003618,"Motorcycle, scooter or moped",5,10,-5
E01003618,Not in employment or aged 15 years and under,1006,560,446
E01003618,On foot,77,84,-7
E01003618,Other method of travel to work,14,1,13
E01003618,Passenger in a car or van,9,8,1
E01003618,Taxi,3,3,0
E01003618,Train,85,125,-40
E01003618,"Underground, metro, light rail, tram",345,711,-366
E01003618,Work mainly at or from home,462,32,430
E01003619,Bicycle,35,34,1
E01003619,"Bus, minibus or coach",115,120,-5
E01003619,Driving a car or van,118,115,3
E01003619,"Motorcycle, scooter or moped",5,8,-3
E01003619,Not in employment or aged 15 years and under,1291,726,565
E01003619,On foot,73,55,18
E01003619,Other method of travel to work,7,5,2
E01003619,Passenger in a car or van,6,3,3
E01003619,Taxi,4,5,-1
E01003619,Train,96,165,-69
E01003619,"Underground, metro, light rail, tram",280,620,-340
E01003619,Work mainly at or from home,451,29,422
E01003621,Bicycle,10,9,1
E01003621,"Bus, minibus or coach",96,99,-3
E01003621,Driving a car or van,158,151,7
E01003621,"Motorcycle, scooter or moped",8,1,7
E01003621,Not in employment or aged 15 years and under,959,540,419
E01003621,On foot,40,54,-14
E01003621,Other method of travel to work,10,2,8
E01003621,Passenger in a car or van,14,16,-2
E01003621,Taxi,3,2,1
E01003621,Train,61,74,-13
E01003621,"Underground, metro, light rail, tram",171,214,-43
E01003621,Work mainly at or from home,118,15,103
E01003622,Bicycle,16,4,12
E01003622,"Bus, minibus or coach",83,90,-7
E01003622,Driving a car or van,162,150,12
E01003622,"Motorcycle, scooter or moped",1,2,-1
E01003622,Not in employment or aged 15 years and under,1117,521,596
E01003622,On foot,59,49,10
E01003622,Other method of travel to work,13,3,10
E01003622,Passenger in a car or van,8,9,-1
E01003622,Taxi,4,4,0
E01003622,Train,74,58,16
E01003622,"Underground, metro, light rail, tram",153,223,-70
E01003622,Work mainly at or from home,134,7,127
E01003623,Bicycle,7,7,0
E01003623,"Bus, minibus or coach",104,101,3
E01003623,Driving a car or van,200,173,27
E01003623,"Motorcycle, scooter or moped",4,3,1
E01003623,Not in employment or aged 15 years and under,1024,577,447
E01003623,On foot,41,48,-7
E01003623,Other method of travel to work,13,1,12
E01003623,Passenger in a car or van,21,13,8
E01003623,Taxi,6,3,3
E01003623,Train,57,77,-20
E01003623,"Underground, metro, light rail, tram",144,168,-24
E01003623,Work mainly at or from home,134,11,123
E01003624,Bicycle,14,4,10
E01003624,"Bus, minibus or coach",82,103,-21
E01003624,Driving a car or van,155,165,-10
E01003624,"Motorcycle, scooter or moped",4,5,-1
E01003624,Not in employment or aged 15 years and under,998,490,508
E01003624,On foot,52,55,-3
E01003624,Other method of travel to work,11,1,10
E01003624,Passenger in a car or van,19,12,7
E01003624,Taxi,3,2,1
E01003624,Train,71,55,16
E01003624,"Underground, metro, light rail, tram",136,207,-71
E01003624,Work mainly at or from home,144,11,133
E01003625,Bicycle,9,5,4
E01003625,"Bus, minibus or coach",64,76,-12
E01003625,Driving a car or van,169,155,14
E01003625,"Motorcycle, scooter or moped",5,3,2
E01003625,Not in employment or aged 15 years and under,946,575,371
E01003625,On foot,47,52,-5
E01003625,Other method of travel to work,16,4,12
E01003625,Passenger in a car or van,14,13,1
E01003625,Taxi,11,0,11
E01003625,Train,89,73,16
E01003625,"Underground, metro, light rail, tram",180,268,-88
E01003625,Work mainly at or from home,136,15,121
E01003626,Bicycle,7,5,2
E01003626,"Bus, minibus or coach",52,66,-14
E01003626,Driving a car or van,193,165,28
E01003626,"Motorcycle, scooter or moped",1,1,0
E01003626,Not in employment or aged 15 years and under,923,502,421
E01003626,On foot,64,64,0
E01003626,Other method of travel to work,9,5,4
E01003626,Passenger in a car or van,23,22,1
E01003626,Taxi,1,0,1
E01003626,Train,80,81,-1
E01003626,"Underground, metro, light rail, tram",201,281,-80
E01003626,Work mainly at or from home,127,12,115
E01003627,Bicycle,7,8,-1
E01003627,"Bus, minibus or coach",65,64,1
E01003627,Driving a car or van,149,144,5
E01003627,"Motorcycle, scooter or moped",3,3,0
E01003627,Not in employment or aged 15 years and under,848,565,283
E01003627,On foot,39,45,-6
E01003627,Other method of travel to work,13,2,11
E01003627,Passenger in a car or van,10,5,5
E01003627,Taxi,0,2,-2
E01003627,Train,76,72,4
E01003627,"Underground, metro, light rail, tram",175,300,-125
E01003627,Work mainly at or from home,139,22,117
E01003628,Bicycle,10,7,3
E01003628,"Bus, minibus or coach",69,89,-20
E01003628,Driving a car or van,191,149,42
E01003628,"Motorcycle, scooter or moped",4,1,3
E01003628,Not in employment or aged 15 years and under,921,535,386
E01003628,On foot,59,35,24
E01003628,Other method of travel to work,11,2,9
E01003628,Passenger in a car or van,25,18,7
E01003628,Taxi,1,4,-3
E01003628,Train,58,73,-15
E01003628,"Underground, metro, light rail, tram",205,295,-90
E01003628,Work mainly at or from home,140,22,118
E01003629,Bicycle,3,6,-3
E01003629,"Bus, minibus or coach",70,74,-4
E01003629,Driving a car or van,168,123,45
E01003629,"Motorcycle, scooter or moped",3,2,1
E01003629,Not in employment or aged 15 years and under,1104,529,575
E01003629,On foot,42,58,-16
E01003629,Other method of travel to work,15,4,11
E01003629,Passenger in a car or van,25,9,16
E01003629,Taxi,3,0,3
E01003629,Train,75,103,-28
E01003629,"Underground, metro, light rail, tram",308,271,37
E01003629,Work mainly at or from home,135,12,123
E01003630,Bicycle,28,14,14
E01003630,"Bus, minibus or coach",94,107,-13
E01003630,Driving a car or van,129,137,-8
E01003630,"Motorcycle, scooter or moped",10,2,8
E01003630,Not in employment or aged 15 years and under,1003,598,405
E01003630,On foot,34,49,-15
E01003630,Other method of travel to work,10,6,4
E01003630,Passenger in a car or van,7,7,0
E01003630,Taxi,2,3,-1
E01003630,Train,104,129,-25
E01003630,"Underground, metro, light rail, tram",243,419,-176
E01003630,Work mainly at or from home,227,22,205
E01003631,Bicycle,31,23,8
E01003631,"Bus, minibus or coach",34,72,-38
E01003631,Driving a car or van,127,151,-24
E01003631,"Motorcycle, scooter or moped",6,2,4
E01003631,Not in employment or aged 15 years and under,926,524,402
E01003631,On foot,33,42,-9
E01003631,Other method of travel to work,14,4,10
E01003631,Passenger in a car or van,15,11,4
E01003631,Taxi,5,2,3
E01003631,Train,82,124,-42
E01003631,"Underground, metro, light rail, tram",297,454,-157
E01003631,Work mainly at or from home,296,22,274
E01003632,Bicycle,40,24,16
E01003632,"Bus, minibus or coach",110,118,-8
E01003632,Driving a car or van,170,171,-1
E01003632,"Motorcycle, scooter or moped",6,10,-4
E01003632,Not in employment or aged 15 years and under,1129,620,509
E01003632,On foot,62,42,20
E01003632,Other method of travel to work,27,3,24
E01003632,Passenger in a car or van,22,6,16
E01003632,Taxi,4,5,-1
E01003632,Train,110,166,-56
E01003632,"Underground, metro, light rail, tram",423,531,-108
E01003632,Work mainly at or from home,321,22,299
E01003633,Bicycle,18,13,5
E01003633,"Bus, minibus or coach",84,135,-51
E01003633,Driving a car or van,127,135,-8
E01003633,"Motorcycle, scooter or moped",3,2,1
E01003633,Not in employment or aged 15 years and under,1051,618,433
E01003633,On foot,55,28,27
E01003633,Other method of travel to work,8,2,6
E01003633,Passenger in a car or van,10,13,-3
E01003633,Taxi,2,1,1
E01003633,Train,96,99,-3
E01003633,"Underground, metro, light rail, tram",209,265,-56
E01003633,Work mainly at or from home,194,16,178
E01003634,Bicycle,19,19,0
E01003634,"Bus, minibus or coach",58,81,-23
E01003634,Driving a car or van,131,129,2
E01003634,"Motorcycle, scooter or moped",4,1,3
E01003634,Not in employment or aged 15 years and under,971,596,375
E01003634,On foot,56,40,16
E01003634,Other method of travel to work,9,2,7
E01003634,Passenger in a car or van,9,9,0
E01003634,Taxi,2,3,-1
E01003634,Train,72,112,-40
E01003634,"Underground, metro, light rail, tram",202,345,-143
E01003634,Work mainly at or from home,221,16,205
E01003635,Bicycle,32,20,12
E01003635,"Bus, minibus or coach",70,110,-40
E01003635,Driving a car or van,135,190,-55
E01003635,"Motorcycle, scooter or moped",7,8,-1
E01003635,Not in employment or aged 15 years and under,831,560,271
E01003635,On foot,73,72,1
E01003635,Other method of travel to work,36,10,26
E01003635,Passenger in a car or van,7,10,-3
E01003635,Taxi,3,1,2
E01003635,Train,81,97,-16
E01003635,"Underground, metro, light rail, tram",291,473,-182
E01003635,Work mainly at or from home,256,27,229
E01003636,Bicycle,20,10,10
E01003636,"Bus, minibus or coach",73,114,-41
E01003636,Driving a car or van,200,142,58
E01003636,"Motorcycle, scooter or moped",5,4,1
E01003636,Not in employment or aged 15 years and under,1191,630,561
E01003636,On foot,78,58,20
E01003636,Other method of travel to work,7,10,-3
E01003636,Passenger in a car or van,10,4,6
E01003636,Taxi,3,2,1
E01003636,Train,119,104,15
E01003636,"Underground, metro, light rail, tram",233,329,-96
E01003636,Work mainly at or from home,253,19,234
E01003637,Bicycle,33,24,9
E01003637,"Bus, minibus or coach",66,82,-16
E01003637,Driving a car or van,186,153,33
E01003637,"Motorcycle, scooter or moped",3,7,-4
E01003637,Not in employment or aged 15 years and under,834,508,326
E01003637,On foot,74,51,23
E01003637,Other method of travel to work,17,7,10
E01003637,Passenger in a car or van,18,10,8
E01003637,Taxi,4,2,2
E01003637,Train,92,100,-8
E01003637,"Underground, metro, light rail, tram",331,447,-116
E01003637,Work mainly at or from home,234,27,207
E01003638,Bicycle,3,4,-1
E01003638,"Bus, minibus or coach",25,51,-26
E01003638,Driving a car or van,233,280,-47
E01003638,"Motorcycle, scooter or moped",3,4,-1
E01003638,Not in employment or aged 15 years and under,1030,489,541
E01003638,On foot,32,42,-10
E01003638,Other method of travel to work,16,10,6
E01003638,Passenger in a car or van,18,14,4
E01003638,Taxi,9,12,-3
E01003638,Train,52,46,6
E01003638,"Underground, metro, light rail, tram",126,191,-65
E01003638,Work mainly at or from home,362,33,329
E01003639,Bicycle,9,1,8
E01003639,"Bus, minibus or coach",48,58,-10
E01003639,Driving a car or van,268,300,-32
E01003639,"Motorcycle, scooter or moped",3,5,-2
E01003639,Not in employment or aged 15 years and under,1238,472,766
E01003639,On foot,50,36,14
E01003639,Other method of travel to work,10,6,4
E01003639,Passenger in a car or van,25,21,4
E01003639,Taxi,3,5,-2
E01003639,Train,61,56,5
E01003639,"Underground, metro, light rail, tram",200,251,-51
E01003639,Work mainly at or from home,338,38,300
E01003640,Bicycle,4,8,-4
E01003640,"Bus, minibus or coach",48,54,-6
E01003640,Driving a car or van,307,334,-27
E01003640,"Motorcycle, scooter or moped",1,8,-7
E01003640,Not in employment or aged 15 years and under,1035,423,612
E01003640,On foot,28,32,-4
E01003640,Other method of travel to work,12,7,5
E01003640,Passenger in a car or van,25,23,2
E01003640,Taxi,7,18,-11
E01003640,Train,51,66,-15
E01003640,"Underground, metro, light rail, tram",131,252,-121
E01003640,Work mainly at or from home,312,34,278
E01003641,Bicycle,9,4,5
E01003641,"Bus, minibus or coach",62,56,6
E01003641,Driving a car or van,294,327,-33
E01003641,"Motorcycle, scooter or moped",1,5,-4
E01003641,Not in employment or aged 15 years and under,994,416,578
E01003641,On foot,56,40,16
E01003641,Other method of travel to work,29,9,20
E01003641,Passenger in a car or van,36,17,19
E01003641,Taxi,5,4,1
E01003641,Train,66,53,13
E01003641,"Underground, metro, light rail, tram",169,254,-85
E01003641,Work mainly at or from home,315,38,277
E01003642,Bicycle,3,7,-4
E01003642,"Bus, minibus or coach",32,49,-17
E01003642,Driving a car or van,234,251,-17
E01003642,"Motorcycle, scooter or moped",3,2,1
E01003642,Not in employment or aged 15 years and under,907,471,436
E01003642,On foot,34,33,1
E01003642,Other method of travel to work,9,5,4
E01003642,Passenger in a car or van,25,15,10
E01003642,Taxi,7,1,6
E01003642,Train,53,53,0
E01003642,"Underground, metro, light rail, tram",179,258,-79
E01003642,Work mainly at or from home,280,27,253
E01003643,Bicycle,9,3,6
E01003643,"Bus, minibus or coach",51,58,-7
E01003643,Driving a car or van,309,328,-19
E01003643,"Motorcycle, scooter or moped",9,3,6
E01003643,Not in employment or aged 15 years and under,1224,461,763
E01003643,On foot,57,55,2
E01003643,Other method of travel to work,10,4,6
E01003643,Passenger in a car or van,24,17,7
E01003643,Taxi,4,9,-5
E01003643,Train,37,47,-10
E01003643,"Underground, metro, light rail, tram",211,224,-13
E01003643,Work mainly at or from home,335,30,305
E01003644,Bicycle,4,4,0
E01003644,"Bus, minibus or coach",32,36,-4
E01003644,Driving a car or van,233,263,-30
E01003644,"Motorcycle, scooter or moped",1,1,0
E01003644,Not in employment or aged 15 years and under,894,455,439
E01003644,On foot,38,47,-9
E01003644,Other method of travel to work,6,3,3
E01003644,Passenger in a car or van,18,12,6
E01003644,Taxi,6,5,1
E01003644,Train,58,47,11
E01003644,"Underground, metro, light rail, tram",138,231,-93
E01003644,Work mainly at or from home,227,21,206
E01003645,Bicycle,5,11,-6
E01003645,"Bus, minibus or coach",68,82,-14
E01003645,Driving a car or van,295,382,-87
E01003645,"Motorcycle, scooter or moped",9,3,6
E01003645,Not in employment or aged 15 years and under,1492,580,912
E01003645,On foot,64,65,-1
E01003645,Other method of travel to work,13,12,1
E01003645,Passenger in a car or van,28,20,8
E01003645,Taxi,12,15,-3
E01003645,Train,70,96,-26
E01003645,"Underground, metro, light rail, tram",256,530,-274
E01003645,Work mainly at or from home,478,42,436
E01003646,Bicycle,3,5,-2
E01003646,"Bus, minibus or coach",61,65,-4
E01003646,Driving a car or van,280,269,11
E01003646,"Motorcycle, scooter or moped",1,2,-1
E01003646,Not in employment or aged 15 years and under,1028,503,525
E01003646,On foot,35,47,-12
E01003646,Other method of travel to work,17,4,13
E01003646,Passenger in a car or van,16,17,-1
E01003646,Taxi,2,5,-3
E01003646,Train,40,57,-17
E01003646,"Underground, metro, light rail, tram",171,260,-89
E01003646,Work mainly at or from home,267,27,240
E01003647,Bicycle,8,4,4
E01003647,"Bus, minibus or coach",54,40,14
E01003647,Driving a car or van,250,264,-14
E01003647,"Motorcycle, scooter or moped",2,3,-1
E01003647,Not in employment or aged 15 years and under,1012,485,527
E01003647,On foot,43,38,5
E01003647,Other method of travel to work,9,3,6
E01003647,Passenger in a car or van,20,12,8
E01003647,Taxi,4,7,-3
E01003647,Train,45,59,-14
E01003647,"Underground, metro, light rail, tram",190,361,-171
E01003647,Work mainly at or from home,334,26,308
E01003648,Bicycle,7,10,-3
E01003648,"Bus, minibus or coach",18,23,-5
E01003648,Driving a car or van,214,281,-67
E01003648,"Motorcycle, scooter or moped",2,3,-1
E01003648,Not in employment or aged 15 years and under,790,385,405
E01003648,On foot,25,23,2
E01003648,Other method of travel to work,8,4,4
E01003648,Passenger in a car or van,9,13,-4
E01003648,Taxi,10,23,-13
E01003648,Train,30,33,-3
E01003648,"Underground, metro, light rail, tram",91,208,-117
E01003648,Work mainly at or from home,307,34,273
E01003649,Bicycle,4,1,3
E01003649,"Bus, minibus or coach",24,37,-13
E01003649,Driving a car or van,254,323,-69
E01003649,"Motorcycle, scooter or moped",3,8,-5
E01003649,Not in employment or aged 15 years and under,919,445,474
E01003649,On foot,22,27,-5
E01003649,Other method of travel to work,10,3,7
E01003649,Passenger in a car or van,22,21,1
E01003649,Taxi,5,16,-11
E01003649,Train,24,43,-19
E01003649,"Underground, metro, light rail, tram",104,243,-139
E01003649,Work mainly at or from home,285,32,253
E01003650,Bicycle,4,3,1
E01003650,"Bus, minibus or coach",60,51,9
E01003650,Driving a car or van,205,243,-38
E01003650,"Motorcycle, scooter or moped",0,7,-7
E01003650,Not in employment or aged 15 years and under,1014,407,607
E01003650,On foot,24,36,-12
E01003650,Other method of travel to work,17,4,13
E01003650,Passenger in a car or van,16,14,2
E01003650,Taxi,11,7,4
E01003650,Train,35,32,3
E01003650,"Underground, metro, light rail, tram",124,194,-70
E01003650,Work mainly at or from home,280,33,247
E01003651,Bicycle,2,5,-3
E01003651,"Bus, minibus or coach",21,46,-25
E01003651,Driving a car or van,244,285,-41
E01003651,"Motorcycle, scooter or moped",2,2,0
E01003651,Not in employment or aged 15 years and under,778,376,402
E01003651,On foot,16,31,-15
E01003651,Other method of travel to work,10,4,6
E01003651,Passenger in a car or van,19,23,-4
E01003651,Taxi,2,7,-5
E01003651,Train,29,47,-18
E01003651,"Underground, metro, light rail, tram",114,222,-108
E01003651,Work mainly at or from home,279,29,250
E01003652,Bicycle,9,8,1
E01003652,"Bus, minibus or coach",35,30,5
E01003652,Driving a car or van,188,290,-102
E01003652,"Motorcycle, scooter or moped",5,4,1
E01003652,Not in employment or aged 15 years and under,843,389,454
E01003652,On foot,30,32,-2
E01003652,Other method of travel to work,18,1,17
E01003652,Passenger in a car or van,14,15,-1
E01003652,Taxi,4,6,-2
E01003652,Train,28,35,-7
E01003652,"Underground, metro, light rail, tram",122,257,-135
E01003652,Work mainly at or from home,316,40,276
E01003653,Bicycle,11,6,5
E01003653,"Bus, minibus or coach",47,69,-22
E01003653,Driving a car or van,220,189,31
E01003653,"Motorcycle, scooter or moped",2,1,1
E01003653,Not in employment or aged 15 years and under,1204,391,813
E01003653,On foot,64,50,14
E01003653,Other method of travel to work,30,1,29
E01003653,Passenger in a car or van,10,18,-8
E01003653,Taxi,8,9,-1
E01003653,Train,82,35,47
E01003653,"Underground, metro, light rail, tram",197,264,-67
E01003653,Work mainly at or from home,289,20,269
E01003654,Bicycle,6,5,1
E01003654,"Bus, minibus or coach",19,38,-19
E01003654,Driving a car or van,239,267,-28
E01003654,"Motorcycle, scooter or moped",3,9,-6
E01003654,Not in employment or aged 15 years and under,842,378,464
E01003654,On foot,27,36,-9
E01003654,Other method of travel to work,10,3,7
E01003654,Passenger in a car or van,14,20,-6
E01003654,Taxi,3,9,-6
E01003654,Train,50,36,14
E01003654,"Underground, metro, light rail, tram",133,300,-167
E01003654,Work mainly at or from home,355,29,326
E01003655,Bicycle,11,11,0
E01003655,"Bus, minibus or coach",14,21,-7
E01003655,Driving a car or van,180,265,-85
E01003655,"Motorcycle, scooter or moped",1,7,-6
E01003655,Not in employment or aged 15 years and under,668,347,321
E01003655,On foot,27,37,-10
E01003655,Other method of travel to work,9,5,4
E01003655,Passenger in a car or van,9,10,-1
E01003655,Taxi,4,8,-4
E01003655,Train,29,36,-7
E01003655,"Underground, metro, light rail, tram",180,373,-193
E01003655,Work mainly at or from home,439,35,404
E01003656,Bicycle,9,7,2
E01003656,"Bus, minibus or coach",39,43,-4
E01003656,Driving a car or van,268,324,-56
E01003656,"Motorcycle, scooter or moped",3,8,-5
E01003656,Not in employment or aged 15 years and under,810,389,421
E01003656,On foot,22,42,-20
E01003656,Other method of travel to work,7,4,3
E01003656,Passenger in a car or van,11,19,-8
E01003656,Taxi,4,10,-6
E01003656,Train,15,28,-13
E01003656,"Underground, metro, light rail, tram",111,177,-66
E01003656,Work mainly at or from home,256,27,229
E01003657,Bicycle,14,11,3
E01003657,"Bus, minibus or coach",30,57,-27
E01003657,Driving a car or van,381,500,-119
E01003657,"Motorcycle, scooter or moped",5,10,-5
E01003657,Not in employment or aged 15 years and under,1048,521,527
E01003657,On foot,45,49,-4
E01003657,Other method of travel to work,17,2,15
E01003657,Passenger in a car or van,21,30,-9
E01003657,Taxi,11,20,-9
E01003657,Train,45,34,11
E01003657,"Underground, metro, light rail, tram",134,291,-157
E01003657,Work mainly at or from home,424,43,381
E01003658,Bicycle,10,11,-1
E01003658,"Bus, minibus or coach",28,28,0
E01003658,Driving a car or van,218,278,-60
E01003658,"Motorcycle, scooter or moped",2,2,0
E01003658,Not in employment or aged 15 years and under,916,442,474
E01003658,On foot,34,38,-4
E01003658,Other method of travel to work,12,5,7
E01003658,Passenger in a car or van,25,19,6
E01003658,Taxi,6,9,-3
E01003658,Train,36,45,-9
E01003658,"Underground, metro, light rail, tram",155,277,-122
E01003658,Work mainly at or from home,276,30,246
E01003659,Bicycle,10,5,5
E01003659,"Bus, minibus or coach",27,34,-7
E01003659,Driving a car or van,295,375,-80
E01003659,"Motorcycle, scooter or moped",11,9,2
E01003659,Not in employment or aged 15 years and under,810,355,455
E01003659,On foot,31,27,4
E01003659,Other method of travel to work,11,5,6
E01003659,Passenger in a car or van,14,18,-4
E01003659,Taxi,8,16,-8
E01003659,Train,29,45,-16
E01003659,"Underground, metro, light rail, tram",158,278,-120
E01003659,Work mainly at or from home,349,33,316
E01003660,Bicycle,9,13,-4
E01003660,"Bus, minibus or coach",8,16,-8
E01003660,Driving a car or van,274,409,-135
E01003660,"Motorcycle, scooter or moped",2,10,-8
E01003660,Not in employment or aged 15 years and under,847,340,507
E01003660,On foot,20,35,-15
E01003660,Other method of travel to work,7,7,0
E01003660,Passenger in a car or van,17,25,-8
E01003660,Taxi,8,14,-6
E01003660,Train,33,35,-2
E01003660,"Underground, metro, light rail, tram",137,346,-209
E01003660,Work mainly at or from home,411,42,369
E01003661,Bicycle,4,12,-8
E01003661,"Bus, minibus or coach",83,80,3
E01003661,Driving a car or van,315,343,-28
E01003661,"Motorcycle, scooter or moped",3,3,0
E01003661,Not in employment or aged 15 years and under,1244,508,736
E01003661,On foot,58,52,6
E01003661,Other method of travel to work,8,7,1
E01003661,Passenger in a car or van,26,21,5
E01003661,Taxi,3,4,-1
E01003661,Train,91,202,-111
E01003661,"Underground, metro, light rail, tram",90,115,-25
E01003661,Work mainly at or from home,298,38,260
E01003662,Bicycle,7,5,2
E01003662,"Bus, minibus or coach",96,94,2
E01003662,Driving a car or van,254,289,-35
E01003662,"Motorcycle, scooter or moped",2,7,-5
E01003662,Not in employment or aged 15 years and under,1146,459,687
E01003662,On foot,54,54,0
E01003662,Other method of travel to work,17,3,14
E01003662,Passenger in a car or van,16,12,4
E01003662,Taxi,4,5,-1
E01003662,Train,118,216,-98
E01003662,"Underground, metro, light rail, tram",141,151,-10
E01003662,Work mainly at or from home,284,30,254
E01003663,Bicycle,9,9,0
E01003663,"Bus, minibus or coach",65,54,11
E01003663,Driving a car or van,265,303,-38
E01003663,"Motorcycle, scooter or moped",6,5,1
E01003663,Not in employment or aged 15 years and under,1181,445,736
E01003663,On foot,29,53,-24
E01003663,Other method of travel to work,7,6,1
E01003663,Passenger in a car or van,7,22,-15
E01003663,Taxi,2,6,-4
E01003663,Train,53,80,-27
E01003663,"Underground, metro, light rail, tram",59,124,-65
E01003663,Work mainly at or from home,271,21,250
E01003664,Bicycle,6,8,-2
E01003664,"Bus, minibus or coach",29,49,-20
E01003664,Driving a car or van,327,360,-33
E01003664,"Motorcycle, scooter or moped",6,7,-1
E01003664,Not in employment or aged 15 years and under,1074,417,657
E01003664,On foot,41,43,-2
E01003664,Other method of travel to work,16,4,12
E01003664,Passenger in a car or van,12,38,-26
E01003664,Taxi,0,11,-11
E01003664,Train,39,128,-89
E01003664,"Underground, metro, light rail, tram",92,130,-38
E01003664,Work mainly at or from home,270,23,247
E01003665,Bicycle,2,12,-10
E01003665,"Bus, minibus or coach",41,55,-14
E01003665,Driving a car or van,274,322,-48
E01003665,"Motorcycle, scooter or moped",4,1,3
E01003665,Not in employment or aged 15 years and under,920,384,536
E01003665,On foot,38,56,-18
E01003665,Other method of travel to work,12,3,9
E01003665,Passenger in a car or van,21,20,1
E01003665,Taxi,4,7,-3
E01003665,Train,70,153,-83
E01003665,"Underground, metro, light rail, tram",74,92,-18
E01003665,Work mainly at or from home,248,26,222
E01003666,Bicycle,12,4,8
E01003666,"Bus, minibus or coach",110,111,-1
E01003666,Driving a car or van,388,368,20
E01003666,"Motorcycle, scooter or moped",12,11,1
E01003666,Not in employment or aged 15 years and under,1646,500,1146
E01003666,On foot,58,72,-14
E01003666,Other method of travel to work,18,4,14
E01003666,Passenger in a car or van,27,23,4
E01003666,Taxi,4,11,-7
E01003666,Train,117,204,-87
E01003666,"Underground, metro, light rail, tram",175,198,-23
E01003666,Work mainly at or from home,339,29,310
E01003668,Bicycle,26,21,5
E01003668,"Bus, minibus or coach",32,24,8
E01003668,Driving a car or van,169,278,-109
E01003668,"Motorcycle, scooter or moped",2,7,-5
E01003668,Not in employment or aged 15 years and under,736,296,440
E01003668,On foot,34,29,5
E01003668,Other method of travel to work,8,5,3
E01003668,Passenger in a car or van,14,15,-1
E01003668,Taxi,4,5,-1
E01003668,Train,20,30,-10
E01003668,"Underground, metro, light rail, tram",205,468,-263
E01003668,Work mainly at or from home,460,48,412
E01003669,Bicycle,11,25,-14
E01003669,"Bus, minibus or coach",20,17,3
E01003669,Driving a car or van,191,312,-121
E01003669,"Motorcycle, scooter or moped",2,13,-11
E01003669,Not in employment or aged 15 years and under,706,291,415
E01003669,On foot,41,50,-9
E01003669,Other method of travel to work,11,1,10
E01003669,Passenger in a car or van,8,18,-10
E01003669,Taxi,9,9,0
E01003669,Train,22,32,-10
E01003669,"Underground, metro, light rail, tram",96,347,-251
E01003669,Work mainly at or from home,431,47,384
E01003670,Bicycle,12,17,-5
E01003670,"Bus, minibus or coach",18,36,-18
E01003670,Driving a car or van,177,282,-105
E01003670,"Motorcycle, scooter or moped",4,13,-9
E01003670,Not in employment or aged 15 years and under,803,314,489
E01003670,On foot,41,66,-25
E01003670,Other method of travel to work,13,3,10
E01003670,Passenger in a car or van,10,14,-4
E01003670,Taxi,8,7,1
E01003670,Train,18,23,-5
E01003670,"Underground, metro, light rail, tram",81,262,-181
E01003670,Work mainly at or from home,345,42,303
E01003671,Bicycle,7,14,-7
E01003671,"Bus, minibus or coach",6,18,-12
E01003671,Driving a car or van,197,317,-120
E01003671,"Motorcycle, scooter or moped",4,9,-5
E01003671,Not in employment or aged 15 years and under,759,290,469
E01003671,On foot,37,51,-14
E01003671,Other method of travel to work,12,6,6
E01003671,Passenger in a car or van,10,14,-4
E01003671,Taxi,11,17,-6
E01003671,Train,16,26,-10
E01003671,"Underground, metro, light rail, tram",63,310,-247
E01003671,Work mainly at or from home,443,54,389
E01003672,Bicycle,16,13,3
E01003672,"Bus, minibus or coach",26,31,-5
E01003672,Driving a car or van,162,213,-51
E01003672,"Motorcycle, scooter or moped",6,3,3
E01003672,Not in employment or aged 15 years and under,843,298,545
E01003672,On foot,43,37,6
E01003672,Other method of travel to work,13,2,11
E01003672,Passenger in a car or van,11,15,-4
E01003672,Taxi,2,6,-4
E01003672,Train,37,41,-4
E01003672,"Underground, metro, light rail, tram",148,325,-177
E01003672,Work mainly at or from home,391,24,367
E01003673,Bicycle,18,21,-3
E01003673,"Bus, minibus or coach",37,61,-24
E01003673,Driving a car or van,260,348,-88
E01003673,"Motorcycle, scooter or moped",6,6,0
E01003673,Not in employment or aged 15 years and under,843,309,534
E01003673,On foot,55,53,2
E01003673,Other method of travel to work,4,6,-2
E01003673,Passenger in a car or van,13,21,-8
E01003673,Taxi,3,8,-5
E01003673,Train,20,33,-13
E01003673,"Underground, metro, light rail, tram",146,483,-337
E01003673,Work mainly at or from home,517,54,463
E01003674,Bicycle,26,15,11
E01003674,"Bus, minibus or coach",41,47,-6
E01003674,Driving a car or van,237,372,-135
E01003674,"Motorcycle, scooter or moped",5,11,-6
E01003674,Not in employment or aged 15 years and under,1066,380,686
E01003674,On foot,59,73,-14
E01003674,Other method of travel to work,18,8,10
E01003674,Passenger in a car or van,16,28,-12
E01003674,Taxi,5,8,-3
E01003674,Train,42,52,-10
E01003674,"Underground, metro, light rail, tram",203,644,-441
E01003674,Work mainly at or from home,701,55,646
E01003675,Bicycle,4,4,0
E01003675,"Bus, minibus or coach",47,48,-1
E01003675,Driving a car or van,210,252,-42
E01003675,"Motorcycle, scooter or moped",1,1,0
E01003675,Not in employment or aged 15 years and under,926,409,517
E01003675,On foot,23,37,-14
E01003675,Other method of travel to work,12,7,5
E01003675,Passenger in a car or van,25,11,14
E01003675,Taxi,2,4,-2
E01003675,Train,42,38,4
E01003675,"Underground, metro, light rail, tram",158,276,-118
E01003675,Work mainly at or from home,265,42,223
E01003676,Bicycle,6,5,1
E01003676,"Bus, minibus or coach",40,48,-8
E01003676,Driving a car or van,293,279,14
E01003676,"Motorcycle, scooter or moped",2,4,-2
E01003676,Not in employment or aged 15 years and under,1018,460,558
E01003676,On foot,37,34,3
E01003676,Other method of travel to work,16,1,15
E01003676,Passenger in a car or van,21,18,3
E01003676,Taxi,11,7,4
E01003676,Train,57,55,2
E01003676,"Underground, metro, light rail, tram",156,264,-108
E01003676,Work mainly at or from home,286,28,258
E01003677,Bicycle,6,3,3
E01003677,"Bus, minibus or coach",25,43,-18
E01003677,Driving a car or van,271,294,-23
E01003677,"Motorcycle, scooter or moped",4,3,1
E01003677,Not in employment or aged 15 years and under,974,439,535
E01003677,On foot,25,20,5
E01003677,Other method of travel to work,12,7,5
E01003677,Passenger in a car or van,15,15,0
E01003677,Taxi,3,13,-10
E01003677,Train,29,31,-2
E01003677,"Underground, metro, light rail, tram",135,191,-56
E01003677,Work mainly at or from home,311,37,274
E01003678,Bicycle,7,3,4
E01003678,"Bus, minibus or coach",28,30,-2
E01003678,Driving a car or van,292,351,-59
E01003678,"Motorcycle, scooter or moped",0,3,-3
E01003678,Not in employment or aged 15 years and under,862,408,454
E01003678,On foot,21,27,-6
E01003678,Other method of travel to work,2,5,-3
E01003678,Passenger in a car or van,23,14,9
E01003678,Taxi,3,11,-8
E01003678,Train,20,44,-24
E01003678,"Underground, metro, light rail, tram",104,201,-97
E01003678,Work mainly at or from home,276,54,222
E01003679,Bicycle,3,8,-5
E01003679,"Bus, minibus or coach",23,40,-17
E01003679,Driving a car or van,353,404,-51
E01003679,"Motorcycle, scooter or moped",1,2,-1
E01003679,Not in employment or aged 15 years and under,938,428,510
E01003679,On foot,26,29,-3
E01003679,Other method of travel to work,11,3,8
E01003679,Passenger in a car or van,17,22,-5
E01003679,Taxi,2,12,-10
E01003679,Train,24,44,-20
E01003679,"Underground, metro, light rail, tram",73,159,-86
E01003679,Work mainly at or from home,283,44,239
E01003680,Bicycle,5,6,-1
E01003680,"Bus, minibus or coach",24,43,-19
E01003680,Driving a car or van,312,373,-61
E01003680,"Motorcycle, scooter or moped",1,3,-2
E01003680,Not in employment or aged 15 years and under,875,396,479
E01003680,On foot,34,44,-10
E01003680,Other method of travel to work,9,6,3
E01003680,Passenger in a car or van,24,26,-2
E01003680,Taxi,4,16,-12
E01003680,Train,20,46,-26
E01003680,"Underground, metro, light rail, tram",90,160,-70
E01003680,Work mainly at or from home,276,40,236
E01003681,Bicycle,4,1,3
E01003681,"Bus, minibus or coach",45,53,-8
E01003681,Driving a car or van,295,338,-43
E01003681,"Motorcycle, scooter or moped",2,2,0
E01003681,Not in employment or aged 15 years and under,1122,504,618
E01003681,On foot,41,42,-1
E01003681,Other method of travel to work,4,3,1
E01003681,Passenger in a car or van,27,25,2
E01003681,Taxi,3,10,-7
E01003681,Train,25,44,-19
E01003681,"Underground, metro, light rail, tram",134,221,-87
E01003681,Work mainly at or from home,325,35,290
E01003682,Bicycle,7,7,0
E01003682,"Bus, minibus or coach",31,41,-10
E01003682,Driving a car or van,284,374,-90
E01003682,"Motorcycle, scooter or moped",0,1,-1
E01003682,Not in employment or aged 15 years and under,1016,425,591
E01003682,On foot,34,33,1
E01003682,Other method of travel to work,5,2,3
E01003682,Passenger in a car or van,20,29,-9
E01003682,Taxi,5,8,-3
E01003682,Train,29,39,-10
E01003682,"Underground, metro, light rail, tram",109,211,-102
E01003682,Work mainly at or from home,315,36,279
E01003683,Bicycle,8,4,4
E01003683,"Bus, minibus or coach",105,88,17
E01003683,Driving a car or van,303,268,35
E01003683,"Motorcycle, scooter or moped",5,0,5
E01003683,Not in employment or aged 15 years and under,1285,689,596
E01003683,On foot,60,82,-22
E01003683,Other method of travel to work,28,6,22
E01003683,Passenger in a car or van,19,22,-3
E01003683,Taxi,0,4,-4
E01003683,Train,82,120,-38
E01003683,"Underground, metro, light rail, tram",96,115,-19
E01003683,Work mainly at or from home,190,22,168
E01003684,Bicycle,1,3,-2
E01003684,"Bus, minibus or coach",86,71,15
E01003684,Driving a car or van,250,262,-12
E01003684,"Motorcycle, scooter or moped",7,5,2
E01003684,Not in employment or aged 15 years and under,1112,534,578
E01003684,On foot,48,45,3
E01003684,Other method of travel to work,14,4,10
E01003684,Passenger in a car or van,13,23,-10
E01003684,Taxi,6,2,4
E01003684,Train,63,86,-23
E01003684,"Underground, metro, light rail, tram",93,123,-30
E01003684,Work mainly at or from home,178,22,156
E01003685,Bicycle,9,2,7
E01003685,"Bus, minibus or coach",101,99,2
E01003685,Driving a car or van,218,236,-18
E01003685,"Motorcycle, scooter or moped",4,4,0
E01003685,Not in employment or aged 15 years and under,1114,613,501
E01003685,On foot,63,77,-14
E01003685,Other method of travel to work,15,4,11
E01003685,Passenger in a car or van,24,13,11
E01003685,Taxi,3,3,0
E01003685,Train,97,103,-6
E01003685,"Underground, metro, light rail, tram",86,131,-45
E01003685,Work mainly at or from home,197,16,181
E01003686,Bicycle,8,10,-2
E01003686,"Bus, minibus or coach",67,101,-34
E01003686,Driving a car or van,272,271,1
E01003686,"Motorcycle, scooter or moped",3,1,2
E01003686,Not in employment or aged 15 years and under,1243,604,639
E01003686,On foot,57,83,-26
E01003686,Other method of travel to work,18,5,13
E01003686,Passenger in a car or van,25,25,0
E01003686,Taxi,8,1,7
E01003686,Train,82,113,-31
E01003686,"Underground, metro, light rail, tram",69,105,-36
E01003686,Work mainly at or from home,167,24,143
E01003688,Bicycle,9,3,6
E01003688,"Bus, minibus or coach",49,102,-53
E01003688,Driving a car or van,186,236,-50
E01003688,"Motorcycle, scooter or moped",3,3,0
E01003688,Not in employment or aged 15 years and under,1177,634,543
E01003688,On foot,64,60,4
E01003688,Other method of travel to work,8,5,3
E01003688,Passenger in a car or van,23,15,8
E01003688,Taxi,3,6,-3
E01003688,Train,73,105,-32
E01003688,"Underground, metro, light rail, tram",60,117,-57
E01003688,Work mainly at or from home,182,30,152
E01003689,Bicycle,5,5,0
E01003689,"Bus, minibus or coach",85,63,22
E01003689,Driving a car or van,183,154,29
E01003689,"Motorcycle, scooter or moped",3,0,3
E01003689,Not in employment or aged 15 years and under,1304,545,759
E01003689,On foot,65,58,7
E01003689,Other method of travel to work,10,4,6
E01003689,Passenger in a car or van,8,11,-3
E01003689,Taxi,1,3,-2
E01003689,Train,95,99,-4
E01003689,"Underground, metro, light rail, tram",119,112,7
E01003689,Work mainly at or from home,353,25,328
E01003690,Bicycle,9,5,4
E01003690,"Bus, minibus or coach",54,63,-9
E01003690,Driving a car or van,221,206,15
E01003690,"Motorcycle, scooter or moped",6,0,6
E01003690,Not in employment or aged 15 years and under,1125,478,647
E01003690,On foot,46,48,-2
E01003690,Other method of travel to work,9,9,0
E01003690,Passenger in a car or van,12,20,-8
E01003690,Taxi,4,8,-4
E01003690,Train,65,59,6
E01003690,"Underground, metro, light rail, tram",216,284,-68
E01003690,Work mainly at or from home,385,31,354
E01003691,Bicycle,12,9,3
E01003691,"Bus, minibus or coach",52,53,-1
E01003691,Driving a car or van,217,237,-20
E01003691,"Motorcycle, scooter or moped",2,2,0
E01003691,Not in employment or aged 15 years and under,890,452,438
E01003691,On foot,54,34,20
E01003691,Other method of travel to work,5,1,4
E01003691,Passenger in a car or van,13,10,3
E01003691,Taxi,1,3,-2
E01003691,Train,70,77,-7
E01003691,"Underground, metro, light rail, tram",86,128,-42
E01003691,Work mainly at or from home,204,26,178
E01003692,Bicycle,9,3,6
E01003692,"Bus, minibus or coach",42,42,0
E01003692,Driving a car or van,218,230,-12
E01003692,"Motorcycle, scooter or moped",3,2,1
E01003692,Not in employment or aged 15 years and under,878,471,407
E01003692,On foot,41,39,2
E01003692,Other method of travel to work,17,8,9
E01003692,Passenger in a car or van,17,16,1
E01003692,Taxi,4,5,-1
E01003692,Train,34,71,-37
E01003692,"Underground, metro, light rail, tram",117,225,-108
E01003692,Work mainly at or from home,268,21,247
E01003693,Bicycle,13,12,1
E01003693,"Bus, minibus or coach",30,40,-10
E01003693,Driving a car or van,263,285,-22
E01003693,"Motorcycle, scooter or moped",5,4,1
E01003693,Not in employment or aged 15 years and under,941,487,454
E01003693,On foot,24,40,-16
E01003693,Other method of travel to work,9,4,5
E01003693,Passenger in a car or van,8,20,-12
E01003693,Taxi,2,8,-6
E01003693,Train,26,36,-10
E01003693,"Underground, metro, light rail, tram",122,194,-72
E01003693,Work mainly at or from home,253,42,211
E01003694,Bicycle,4,2,2
E01003694,"Bus, minibus or coach",37,44,-7
E01003694,Driving a car or van,184,286,-102
E01003694,"Motorcycle, scooter or moped",4,2,2
E01003694,Not in employment or aged 15 years and under,833,466,367
E01003694,On foot,33,30,3
E01003694,Other method of travel to work,9,2,7
E01003694,Passenger in a car or van,15,18,-3
E01003694,Taxi,5,4,1
E01003694,Train,36,49,-13
E01003694,"Underground, metro, light rail, tram",79,156,-77
E01003694,Work mainly at or from home,221,26,195
E01003695,Bicycle,7,4,3
E01003695,"Bus, minibus or coach",51,60,-9
E01003695,Driving a car or van,200,230,-30
E01003695,"Motorcycle, scooter or moped",4,1,3
E01003695,Not in employment or aged 15 years and under,873,515,358
E01003695,On foot,29,42,-13
E01003695,Other method of travel to work,8,0,8
E01003695,Passenger in a car or van,13,14,-1
E01003695,Taxi,3,1,2
E01003695,Train,46,110,-64
E01003695,"Underground, metro, light rail, tram",101,161,-60
E01003695,Work mainly at or from home,184,27,157
E01003696,Bicycle,10,5,5
E01003696,"Bus, minibus or coach",60,51,9
E01003696,Driving a car or van,255,347,-92
E01003696,"Motorcycle, scooter or moped",1,3,-2
E01003696,Not in employment or aged 15 years and under,922,570,352
E01003696,On foot,26,50,-24
E01003696,Other method of travel to work,14,5,9
E01003696,Passenger in a car or van,15,18,-3
E01003696,Taxi,5,11,-6
E01003696,Train,57,26,31
E01003696,"Underground, metro, light rail, tram",144,263,-119
E01003696,Work mainly at or from home,275,28,247
E01003697,Bicycle,3,7,-4
E01003697,"Bus, minibus or coach",35,40,-5
E01003697,Driving a car or van,262,322,-60
E01003697,"Motorcycle, scooter or moped",4,0,4
E01003697,Not in employment or aged 15 years and under,913,418,495
E01003697,On foot,26,36,-10
E01003697,Other method of travel to work,7,3,4
E01003697,Passenger in a car or van,14,15,-1
E01003697,Taxi,6,3,3
E01003697,Train,36,54,-18
E01003697,"Underground, metro, light rail, tram",142,244,-102
E01003697,Work mainly at or from home,284,39,245
E01003698,Bicycle,5,3,2
E01003698,"Bus, minibus or coach",36,52,-16
E01003698,Driving a car or van,256,323,-67
E01003698,"Motorcycle, scooter or moped",5,6,-1
E01003698,Not in employment or aged 15 years and under,752,327,425
E01003698,On foot,37,38,-1
E01003698,Other method of travel to work,5,3,2
E01003698,Passenger in a car or van,22,23,-1
E01003698,Taxi,4,9,-5
E01003698,Train,26,22,4
E01003698,"Underground, metro, light rail, tram",112,177,-65
E01003698,Work mainly at or from home,264,45,219
E01003699,Bicycle,4,5,-1
E01003699,"Bus, minibus or coach",35,40,-5
E01003699,Driving a car or van,253,319,-66
E01003699,"Motorcycle, scooter or moped",7,6,1
E01003699,Not in employment or aged 15 years and under,751,296,455
E01003699,On foot,19,31,-12
E01003699,Other method of travel to work,7,5,2
E01003699,Passenger in a car or van,14,22,-8
E01003699,Taxi,4,9,-5
E01003699,Train,37,25,12
E01003699,"Underground, metro, light rail, tram",159,260,-101
E01003699,Work mainly at or from home,270,24,246
E01003700,Bicycle,10,11,-1
E01003700,"Bus, minibus or coach",58,77,-19
E01003700,Driving a car or van,400,477,-77
E01003700,"Motorcycle, scooter or moped",5,8,-3
E01003700,Not in employment or aged 15 years and under,1321,582,739
E01003700,On foot,64,57,7
E01003700,Other method of travel to work,15,6,9
E01003700,Passenger in a car or van,22,32,-10
E01003700,Taxi,5,15,-10
E01003700,Train,54,46,8
E01003700,"Underground, metro, light rail, tram",186,279,-93
E01003700,Work mainly at or from home,389,51,338
E01003701,Bicycle,7,5,2
E01003701,"Bus, minibus or coach",55,61,-6
E01003701,Driving a car or van,250,307,-57
E01003701,"Motorcycle, scooter or moped",3,3,0
E01003701,Not in employment or aged 15 years and under,1083,459,624
E01003701,On foot,42,46,-4
E01003701,Other method of travel to work,16,3,13
E01003701,Passenger in a car or van,38,25,13
E01003701,Taxi,7,4,3
E01003701,Train,48,44,4
E01003701,"Underground, metro, light rail, tram",177,274,-97
E01003701,Work mainly at or from home,325,31,294
E01003702,Bicycle,5,7,-2
E01003702,"Bus, minibus or coach",60,43,17
E01003702,Driving a car or van,332,341,-9
E01003702,"Motorcycle, scooter or moped",5,8,-3
E01003702,Not in employment or aged 15 years and under,1031,399,632
E01003702,On foot,22,18,4
E01003702,Other method of travel to work,10,4,6
E01003702,Passenger in a car or van,20,19,1
E01003702,Taxi,6,13,-7
E01003702,Train,57,43,14
E01003702,"Underground, metro, light rail, tram",300,302,-2
E01003702,Work mainly at or from home,405,29,376
E01003703,Bicycle,4,4,0
E01003703,"Bus, minibus or coach",39,60,-21
E01003703,Driving a car or van,412,610,-198
E01003703,"Motorcycle, scooter or moped",8,10,-2
E01003703,Not in employment or aged 15 years and under,1442,634,808
E01003703,On foot,36,31,5
E01003703,Other method of travel to work,19,11,8
E01003703,Passenger in a car or van,23,26,-3
E01003703,Taxi,7,23,-16
E01003703,Train,52,52,0
E01003703,"Underground, metro, light rail, tram",149,315,-166
E01003703,Work mainly at or from home,457,77,380
E01003704,Bicycle,20,4,16
E01003704,"Bus, minibus or coach",58,69,-11
E01003704,Driving a car or van,270,326,-56
E01003704,"Motorcycle, scooter or moped",5,4,1
E01003704,Not in employment or aged 15 years and under,1134,481,653
E01003704,On foot,26,34,-8
E01003704,Other method of travel to work,18,3,15
E01003704,Passenger in a car or van,22,11,11
E01003704,Taxi,6,11,-5
E01003704,Train,43,39,4
E01003704,"Underground, metro, light rail, tram",218,208,10
E01003704,Work mainly at or from home,219,28,191
E01003705,Bicycle,6,7,-1
E01003705,"Bus, minibus or coach",68,71,-3
E01003705,Driving a car or van,353,420,-67
E01003705,"Motorcycle, scooter or moped",12,8,4
E01003705,Not in employment or aged 15 years and under,1218,542,676
E01003705,On foot,65,65,0
E01003705,Other method of travel to work,12,10,2
E01003705,Passenger in a car or van,24,26,-2
E01003705,Taxi,3,14,-11
E01003705,Train,45,43,2
E01003705,"Underground, metro, light rail, tram",205,317,-112
E01003705,Work mainly at or from home,410,53,357
E01003706,Bicycle,6,3,3
E01003706,"Bus, minibus or coach",45,46,-1
E01003706,Driving a car or van,250,307,-57
E01003706,"Motorcycle, scooter or moped",4,6,-2
E01003706,Not in employment or aged 15 years and under,941,405,536
E01003706,On foot,28,24,4
E01003706,Other method of travel to work,13,9,4
E01003706,Passenger in a car or van,21,6,15
E01003706,Taxi,12,8,4
E01003706,Train,26,35,-9
E01003706,"Underground, metro, light rail, tram",120,176,-56
E01003706,Work mainly at or from home,237,34,203
E01003707,Bicycle,6,2,4
E01003707,"Bus, minibus or coach",22,45,-23
E01003707,Driving a car or van,286,313,-27
E01003707,"Motorcycle, scooter or moped",10,6,4
E01003707,Not in employment or aged 15 years and under,833,377,456
E01003707,On foot,22,25,-3
E01003707,Other method of travel to work,9,3,6
E01003707,Passenger in a car or van,14,13,1
E01003707,Taxi,5,11,-6
E01003707,Train,22,24,-2
E01003707,"Underground, metro, light rail, tram",70,137,-67
E01003707,Work mainly at or from home,228,25,203
E01003708,Bicycle,11,9,2
E01003708,"Bus, minibus or coach",74,73,1
E01003708,Driving a car or van,296,236,60
E01003708,"Motorcycle, scooter or moped",3,7,-4
E01003708,Not in employment or aged 15 years and under,1163,469,694
E01003708,On foot,37,23,14
E01003708,Other method of travel to work,8,5,3
E01003708,Passenger in a car or van,18,15,3
E01003708,Taxi,12,9,3
E01003708,Train,40,24,16
E01003708,"Underground, metro, light rail, tram",133,120,13
E01003708,Work mainly at or from home,273,22,251
E01003709,Bicycle,4,5,-1
E01003709,"Bus, minibus or coach",43,63,-20
E01003709,Driving a car or van,318,381,-63
E01003709,"Motorcycle, scooter or moped",5,5,0
E01003709,Not in employment or aged 15 years and under,974,431,543
E01003709,On foot,27,23,4
E01003709,Other method of travel to work,5,6,-1
E01003709,Passenger in a car or van,13,13,0
E01003709,Taxi,6,15,-9
E01003709,Train,26,34,-8
E01003709,"Underground, metro, light rail, tram",88,149,-61
E01003709,Work mainly at or from home,265,25,240
E01003710,Bicycle,7,4,3
E01003710,"Bus, minibus or coach",27,40,-13
E01003710,Driving a car or van,263,372,-109
E01003710,"Motorcycle, scooter or moped",1,5,-4
E01003710,Not in employment or aged 15 years and under,846,396,450
E01003710,On foot,27,35,-8
E01003710,Other method of travel to work,15,1,14
E01003710,Passenger in a car or van,20,29,-9
E01003710,Taxi,9,14,-5
E01003710,Train,13,40,-27
E01003710,"Underground, metro, light rail, tram",60,134,-74
E01003710,Work mainly at or from home,234,44,190
E01003711,Bicycle,7,7,0
E01003711,"Bus, minibus or coach",42,65,-23
E01003711,Driving a car or van,264,356,-92
E01003711,"Motorcycle, scooter or moped",5,4,1
E01003711,Not in employment or aged 15 years and under,1066,434,632
E01003711,On foot,40,51,-11
E01003711,Other method of travel to work,7,7,0
E01003711,Passenger in a car or van,20,27,-7
E01003711,Taxi,7,19,-12
E01003711,Train,42,35,7
E01003711,"Underground, metro, light rail, tram",139,196,-57
E01003711,Work mainly at or from home,278,49,229
E01003712,Bicycle,7,8,-1
E01003712,"Bus, minibus or coach",41,57,-16
E01003712,Driving a car or van,203,211,-8
E01003712,"Motorcycle, scooter or moped",2,2,0
E01003712,Not in employment or aged 15 years and under,939,430,509
E01003712,On foot,22,25,-3
E01003712,Other method of travel to work,9,2,7
E01003712,Passenger in a car or van,12,14,-2
E01003712,Taxi,3,4,-1
E01003712,Train,35,39,-4
E01003712,"Underground, metro, light rail, tram",76,125,-49
E01003712,Work mainly at or from home,143,20,123
E01003713,Bicycle,6,5,1
E01003713,"Bus, minibus or coach",59,67,-8
E01003713,Driving a car or van,252,264,-12
E01003713,"Motorcycle, scooter or moped",2,1,1
E01003713,Not in employment or aged 15 years and under,1103,560,543
E01003713,On foot,51,50,1
E01003713,Other method of travel to work,5,4,1
E01003713,Passenger in a car or van,27,10,17
E01003713,Taxi,3,1,2
E01003713,Train,81,152,-71
E01003713,"Underground, metro, light rail, tram",97,112,-15
E01003713,Work mainly at or from home,197,24,173
E01003714,Bicycle,12,4,8
E01003714,"Bus, minibus or coach",91,133,-42
E01003714,Driving a car or van,321,287,34
E01003714,"Motorcycle, scooter or moped",6,1,5
E01003714,Not in employment or aged 15 years and under,1327,629,698
E01003714,On foot,68,69,-1
E01003714,Other method of travel to work,21,6,15
E01003714,Passenger in a car or van,34,25,9
E01003714,Taxi,13,1,12
E01003714,Train,144,159,-15
E01003714,"Underground, metro, light rail, tram",147,165,-18
E01003714,Work mainly at or from home,243,26,217
E01003715,Bicycle,9,6,3
E01003715,"Bus, minibus or coach",64,101,-37
E01003715,Driving a car or van,268,271,-3
E01003715,"Motorcycle, scooter or moped",4,3,1
E01003715,Not in employment or aged 15 years and under,1232,669,563
E01003715,On foot,64,56,8
E01003715,Other method of travel to work,18,5,13
E01003715,Passenger in a car or van,33,26,7
E01003715,Taxi,10,2,8
E01003715,Train,105,155,-50
E01003715,"Underground, metro, light rail, tram",142,149,-7
E01003715,Work mainly at or from home,264,15,249
E01003716,Bicycle,8,10,-2
E01003716,"Bus, minibus or coach",45,68,-23
E01003716,Driving a car or van,226,283,-57
E01003716,"Motorcycle, scooter or moped",2,2,0
E01003716,Not in employment or aged 15 years and under,1010,498,512
E01003716,On foot,33,48,-15
E01003716,Other method of travel to work,5,4,1
E01003716,Passenger in a car or van,29,27,2
E01003716,Taxi,2,4,-2
E01003716,Train,76,148,-72
E01003716,"Underground, metro, light rail, tram",102,117,-15
E01003716,Work mainly at or from home,281,35,246
E01003718,Bicycle,11,6,5
E01003718,"Bus, minibus or coach",69,54,15
E01003718,Driving a car or van,199,231,-32
E01003718,"Motorcycle, scooter or moped",7,4,3
E01003718,Not in employment or aged 15 years and under,1115,523,592
E01003718,On foot,53,53,0
E01003718,Other method of travel to work,8,5,3
E01003718,Passenger in a car or van,12,18,-6
E01003718,Taxi,3,3,0
E01003718,Train,123,235,-112
E01003718,"Underground, metro, light rail, tram",110,177,-67
E01003718,Work mainly at or from home,295,23,272
E01003719,Bicycle,7,4,3
E01003719,"Bus, minibus or coach",87,61,26
E01003719,Driving a car or van,297,304,-7
E01003719,"Motorcycle, scooter or moped",4,6,-2
E01003719,Not in employment or aged 15 years and under,1434,627,807
E01003719,On foot,62,71,-9
E01003719,Other method of travel to work,5,5,0
E01003719,Passenger in a car or van,13,27,-14
E01003719,Taxi,7,3,4
E01003719,Train,115,190,-75
E01003719,"Underground, metro, light rail, tram",94,131,-37
E01003719,Work mainly at or from home,274,39,235
E01003720,Bicycle,7,9,-2
E01003720,"Bus, minibus or coach",70,63,7
E01003720,Driving a car or van,255,287,-32
E01003720,"Motorcycle, scooter or moped",1,10,-9
E01003720,Not in employment or aged 15 years and under,1064,546,518
E01003720,On foot,33,53,-20
E01003720,Other method of travel to work,20,3,17
E01003720,Passenger in a car or van,31,24,7
E01003720,Taxi,10,7,3
E01003720,Train,42,33,9
E01003720,"Underground, metro, light rail, tram",163,201,-38
E01003720,Work mainly at or from home,223,24,199
E01003721,Bicycle,8,5,3
E01003721,"Bus, minibus or coach",61,44,17
E01003721,Driving a car or van,242,249,-7
E01003721,"Motorcycle, scooter or moped",2,3,-1
E01003721,Not in employment or aged 15 years and under,1032,449,583
E01003721,On foot,31,39,-8
E01003721,Other method of travel to work,15,2,13
E01003721,Passenger in a car or van,25,15,10
E01003721,Taxi,7,7,0
E01003721,Train,63,37,26
E01003721,"Underground, metro, light rail, tram",175,258,-83
E01003721,Work mainly at or from home,240,21,219
E01003722,Bicycle,14,10,4
E01003722,"Bus, minibus or coach",65,68,-3
E01003722,Driving a car or van,407,350,57
E01003722,"Motorcycle, scooter or moped",6,5,1
E01003722,Not in employment or aged 15 years and under,1296,498,798
E01003722,On foot,33,33,0
E01003722,Other method of travel to work,32,6,26
E01003722,Passenger in a car or van,24,22,2
E01003722,Taxi,4,12,-8
E01003722,Train,41,40,1
E01003722,"Underground, metro, light rail, tram",186,194,-8
E01003722,Work mainly at or from home,310,18,292
E01003723,Bicycle,8,4,4
E01003723,"Bus, minibus or coach",61,71,-10
E01003723,Driving a car or van,346,333,13
E01003723,"Motorcycle, scooter or moped",8,11,-3
E01003723,Not in employment or aged 15 years and under,995,455,540
E01003723,On foot,45,39,6
E01003723,Other method of travel to work,12,4,8
E01003723,Passenger in a car or van,29,13,16
E01003723,Taxi,2,7,-5
E01003723,Train,37,38,-1
E01003723,"Underground, metro, light rail, tram",136,195,-59
E01003723,Work mainly at or from home,239,18,221
E01003724,Bicycle,5,2,3
E01003724,"Bus, minibus or coach",19,24,-5
E01003724,Driving a car or van,274,299,-25
E01003724,"Motorcycle, scooter or moped",3,7,-4
E01003724,Not in employment or aged 15 years and under,731,323,408
E01003724,On foot,16,23,-7
E01003724,Other method of travel to work,15,4,11
E01003724,Passenger in a car or van,23,15,8
E01003724,Taxi,4,11,-7
E01003724,Train,24,30,-6
E01003724,"Underground, metro, light rail, tram",126,195,-69
E01003724,Work mainly at or from home,238,31,207
E01003725,Bicycle,6,5,1
E01003725,"Bus, minibus or coach",28,35,-7
E01003725,Driving a car or van,297,297,0
E01003725,"Motorcycle, scooter or moped",5,6,-1
E01003725,Not in employment or aged 15 years and under,942,379,563
E01003725,On foot,33,31,2
E01003725,Other method of travel to work,4,4,0
E01003725,Passenger in a car or van,14,12,2
E01003725,Taxi,4,9,-5
E01003725,Train,48,25,23
E01003725,"Underground, metro, light rail, tram",142,231,-89
E01003725,Work mainly at or from home,239,23,216
E01003726,Bicycle,10,8,2
E01003726,"Bus, minibus or coach",58,57,1
E01003726,Driving a car or van,485,284,201
E01003726,"Motorcycle, scooter or moped",9,2,7
E01003726,Not in employment or aged 15 years and under,1186,439,747
E01003726,On foot,42,25,17
E01003726,Other method of travel to work,12,4,8
E01003726,Passenger in a car or van,26,20,6
E01003726,Taxi,10,7,3
E01003726,Train,44,30,14
E01003726,"Underground, metro, light rail, tram",182,143,39
E01003726,Work mainly at or from home,464,29,435
E01003727,Bicycle,12,10,2
E01003727,"Bus, minibus or coach",45,58,-13
E01003727,Driving a car or van,304,302,2
E01003727,"Motorcycle, scooter or moped",3,6,-3
E01003727,Not in employment or aged 15 years and under,969,465,504
E01003727,On foot,42,31,11
E01003727,Other method of travel to work,7,3,4
E01003727,Passenger in a car or van,25,20,5
E01003727,Taxi,7,2,5
E01003727,Train,44,31,13
E01003727,"Underground, metro, light rail, tram",141,169,-28
E01003727,Work mainly at or from home,177,12,165
E01003729,Bicycle,6,2,4
E01003729,"Bus, minibus or coach",99,102,-3
E01003729,Driving a car or van,193,178,15
E01003729,"Motorcycle, scooter or moped",3,1,2
E01003729,Not in employment or aged 15 years and under,1083,607,476
E01003729,On foot,59,67,-8
E01003729,Other method of travel to work,9,7,2
E01003729,Passenger in a car or van,16,13,3
E01003729,Taxi,0,1,-1
E01003729,Train,82,80,2
E01003729,"Underground, metro, light rail, tram",65,117,-52
E01003729,Work mainly at or from home,157,15,142
E01003730,Bicycle,4,1,3
E01003730,"Bus, minibus or coach",85,100,-15
E01003730,Driving a car or van,237,167,70
E01003730,"Motorcycle, scooter or moped",2,1,1
E01003730,Not in employment or aged 15 years and under,1122,577,545
E01003730,On foot,38,47,-9
E01003730,Other method of travel to work,13,6,7
E01003730,Passenger in a car or van,24,4,20
E01003730,Taxi,1,1,0
E01003730,Train,69,98,-29
E01003730,"Underground, metro, light rail, tram",76,110,-34
E01003730,Work mainly at or from home,166,17,149
E01003731,Bicycle,6,5,1
E01003731,"Bus, minibus or coach",52,63,-11
E01003731,Driving a car or van,179,161,18
E01003731,"Motorcycle, scooter or moped",0,7,-7
E01003731,Not in employment or aged 15 years and under,830,489,341
E01003731,On foot,28,55,-27
E01003731,Other method of travel to work,9,4,5
E01003731,Passenger in a car or van,8,15,-7
E01003731,Taxi,3,0,3
E01003731,Train,77,78,-1
E01003731,"Underground, metro, light rail, tram",90,137,-47
E01003731,Work mainly at or from home,131,11,120
E01003732,Bicycle,3,6,-3
E01003732,"Bus, minibus or coach",97,77,20
E01003732,Driving a car or van,178,138,40
E01003732,"Motorcycle, scooter or moped",11,0,11
E01003732,Not in employment or aged 15 years and under,1203,506,697
E01003732,On foot,41,24,17
E01003732,Other method of travel to work,9,7,2
E01003732,Passenger in a car or van,11,16,-5
E01003732,Taxi,5,0,5
E01003732,Train,66,90,-24
E01003732,"Underground, metro, light rail, tram",92,111,-19
E01003732,Work mainly at or from home,117,15,102
E01003733,Bicycle,9,9,0
E01003733,"Bus, minibus or coach",82,90,-8
E01003733,Driving a car or van,194,221,-27
E01003733,"Motorcycle, scooter or moped",3,4,-1
E01003733,Not in employment or aged 15 years and under,1114,591,523
E01003733,On foot,50,82,-32
E01003733,Other method of travel to work,12,4,8
E01003733,Passenger in a car or van,13,13,0
E01003733,Taxi,2,0,2
E01003733,Train,67,88,-21
E01003733,"Underground, metro, light rail, tram",112,136,-24
E01003733,Work mainly at or from home,179,16,163
E01003734,Bicycle,6,4,2
E01003734,"Bus, minibus or coach",89,95,-6
E01003734,Driving a car or van,208,220,-12
E01003734,"Motorcycle, scooter or moped",2,1,1
E01003734,Not in employment or aged 15 years and under,1121,556,565
E01003734,On foot,51,52,-1
E01003734,Other method of travel to work,16,0,16
E01003734,Passenger in a car or van,23,5,18
E01003734,Taxi,5,3,2
E01003734,Train,79,80,-1
E01003734,"Underground, metro, light rail, tram",116,151,-35
E01003734,Work mainly at or from home,118,23,95
E01003735,Bicycle,12,3,9
E01003735,"Bus, minibus or coach",92,92,0
E01003735,Driving a car or van,210,231,-21
E01003735,"Motorcycle, scooter or moped",6,3,3
E01003735,Not in employment or aged 15 years and under,1367,806,561
E01003735,On foot,47,45,2
E01003735,Other method of travel to work,4,5,-1
E01003735,Passenger in a car or van,15,8,7
E01003735,Taxi,7,2,5
E01003735,Train,75,93,-18
E01003735,"Underground, metro, light rail, tram",114,134,-20
E01003735,Work mainly at or from home,161,25,136
E01003736,Bicycle,5,5,0
E01003736,"Bus, minibus or coach",77,78,-1
E01003736,Driving a car or van,228,208,20
E01003736,"Motorcycle, scooter or moped",14,2,12
E01003736,Not in employment or aged 15 years and under,1240,488,752
E01003736,On foot,46,45,1
E01003736,Other method of travel to work,16,6,10
E01003736,Passenger in a car or van,17,19,-2
E01003736,Taxi,5,4,1
E01003736,Train,86,100,-14
E01003736,"Underground, metro, light rail, tram",162,128,34
E01003736,Work mainly at or from home,143,20,123
E01003737,Bicycle,4,5,-1
E01003737,"Bus, minibus or coach",47,46,1
E01003737,Driving a car or van,494,386,108
E01003737,"Motorcycle, scooter or moped",5,5,0
E01003737,Not in employment or aged 15 years and under,1719,492,1227
E01003737,On foot,43,37,6
E01003737,Other method of travel to work,20,6,14
E01003737,Passenger in a car or van,69,26,43
E01003737,Taxi,17,4,13
E01003737,Train,86,113,-27
E01003737,"Underground, metro, light rail, tram",99,95,4
E01003737,Work mainly at or from home,371,36,335
E01003738,Bicycle,7,10,-3
E01003738,"Bus, minibus or coach",85,96,-11
E01003738,Driving a car or van,377,386,-9
E01003738,"Motorcycle, scooter or moped",5,4,1
E01003738,Not in employment or aged 15 years and under,1316,583,733
E01003738,On foot,33,27,6
E01003738,Other method of travel to work,18,3,15
E01003738,Passenger in a car or van,30,37,-7
E01003738,Taxi,10,12,-2
E01003738,Train,71,126,-55
E01003738,"Underground, metro, light rail, tram",113,176,-63
E01003738,Work mainly at or from home,311,37,274
E01003739,Bicycle,13,9,4
E01003739,"Bus, minibus or coach",92,82,10
E01003739,Driving a car or van,348,358,-10
E01003739,"Motorcycle, scooter or moped",7,7,0
E01003739,Not in employment or aged 15 years and under,1390,591,799
E01003739,On foot,41,43,-2
E01003739,Other method of travel to work,12,5,7
E01003739,Passenger in a car or van,22,22,0
E01003739,Taxi,10,5,5
E01003739,Train,67,153,-86
E01003739,"Underground, metro, light rail, tram",110,208,-98
E01003739,Work mainly at or from home,280,29,251
E01003740,Bicycle,12,8,4
E01003740,"Bus, minibus or coach",68,62,6
E01003740,Driving a car or van,309,380,-71
E01003740,"Motorcycle, scooter or moped",5,2,3
E01003740,Not in employment or aged 15 years and under,1249,601,648
E01003740,On foot,52,51,1
E01003740,Other method of travel to work,18,10,8
E01003740,Passenger in a car or van,33,37,-4
E01003740,Taxi,3,4,-1
E01003740,Train,67,138,-71
E01003740,"Underground, metro, light rail, tram",110,114,-4
E01003740,Work mainly at or from home,299,44,255
E01003741,Bicycle,11,11,0
E01003741,"Bus, minibus or coach",51,66,-15
E01003741,Driving a car or van,300,321,-21
E01003741,"Motorcycle, scooter or moped",3,0,3
E01003741,Not in employment or aged 15 years and under,1203,491,712
E01003741,On foot,29,22,7
E01003741,Other method of travel to work,14,5,9
E01003741,Passenger in a car or van,20,21,-1
E01003741,Taxi,6,5,1
E01003741,Train,64,107,-43
E01003741,"Underground, metro, light rail, tram",110,133,-23
E01003741,Work mainly at or from home,238,25,213
E01003742,Bicycle,8,5,3
E01003742,"Bus, minibus or coach",82,102,-20
E01003742,Driving a car or van,317,336,-19
E01003742,"Motorcycle, scooter or moped",2,1,1
E01003742,Not in employment or aged 15 years and under,1366,560,806
E01003742,On foot,65,47,18
E01003742,Other method of travel to work,22,3,19
E01003742,Passenger in a car or van,32,25,7
E01003742,Taxi,10,3,7
E01003742,Train,117,161,-44
E01003742,"Underground, metro, light rail, tram",107,164,-57
E01003742,Work mainly at or from home,243,27,216
E01003743,Bicycle,8,2,6
E01003743,"Bus, minibus or coach",78,88,-10
E01003743,Driving a car or van,260,261,-1
E01003743,"Motorcycle, scooter or moped",6,4,2
E01003743,Not in employment or aged 15 years and under,1119,546,573
E01003743,On foot,48,39,9
E01003743,Other method of travel to work,10,5,5
E01003743,Passenger in a car or van,29,17,12
E01003743,Taxi,5,6,-1
E01003743,Train,66,109,-43
E01003743,"Underground, metro, light rail, tram",85,114,-29
E01003743,Work mainly at or from home,191,21,170
E01003744,Bicycle,8,8,0
E01003744,"Bus, minibus or coach",10,18,-8
E01003744,Driving a car or van,226,314,-88
E01003744,"Motorcycle, scooter or moped",3,8,-5
E01003744,Not in employment or aged 15 years and under,785,304,481
E01003744,On foot,30,28,2
E01003744,Other method of travel to work,10,3,7
E01003744,Passenger in a car or van,8,16,-8
E01003744,Taxi,4,8,-4
E01003744,Train,14,38,-24
E01003744,"Underground, metro, light rail, tram",49,201,-152
E01003744,Work mainly at or from home,311,51,260
E01003745,Bicycle,7,13,-6
E01003745,"Bus, minibus or coach",9,8,1
E01003745,Driving a car or van,204,332,-128
E01003745,"Motorcycle, scooter or moped",0,3,-3
E01003745,Not in employment or aged 15 years and under,746,318,428
E01003745,On foot,31,34,-3
E01003745,Other method of travel to work,6,8,-2
E01003745,Passenger in a car or van,9,14,-5
E01003745,Taxi,1,6,-5
E01003745,Train,11,23,-12
E01003745,"Underground, metro, light rail, tram",61,221,-160
E01003745,Work mainly at or from home,332,63,269
E01003746,Bicycle,10,19,-9
E01003746,"Bus, minibus or coach",13,14,-1
E01003746,Driving a car or van,203,309,-106
E01003746,"Motorcycle, scooter or moped",0,5,-5
E01003746,Not in employment or aged 15 years and under,894,310,584
E01003746,On foot,41,51,-10
E01003746,Other method of travel to work,5,3,2
E01003746,Passenger in a car or van,6,9,-3
E01003746,Taxi,5,10,-5
E01003746,Train,15,25,-10
E01003746,"Underground, metro, light rail, tram",72,232,-160
E01003746,Work mainly at or from home,357,55,302
E01003747,Bicycle,3,8,-5
E01003747,"Bus, minibus or coach",1,5,-4
E01003747,Driving a car or van,139,272,-133
E01003747,"Motorcycle, scooter or moped",1,0,1
E01003747,Not in employment or aged 15 years and under,771,301,470
E01003747,On foot,13,22,-9
E01003747,Other method of travel to work,6,2,4
E01003747,Passenger in a car or van,7,14,-7
E01003747,Taxi,4,8,-4
E01003747,Train,10,15,-5
E01003747,"Underground, metro, light rail, tram",62,216,-154
E01003747,Work mainly at or from home,343,59,284
E01003748,Bicycle,10,10,0
E01003748,"Bus, minibus or coach",5,11,-6
E01003748,Driving a car or van,157,242,-85
E01003748,"Motorcycle, scooter or moped",4,5,-1
E01003748,Not in employment or aged 15 years and under,891,373,518
E01003748,On foot,30,47,-17
E01003748,Other method of travel to work,7,5,2
E01003748,Passenger in a car or van,7,7,0
E01003748,Taxi,1,5,-4
E01003748,Train,17,18,-1
E01003748,"Underground, metro, light rail, tram",102,287,-185
E01003748,Work mainly at or from home,403,75,328
E01003749,Bicycle,11,10,1
E01003749,"Bus, minibus or coach",10,16,-6
E01003749,Driving a car or van,187,253,-66
E01003749,"Motorcycle, scooter or moped",0,3,-3
E01003749,Not in employment or aged 15 years and under,906,355,551
E01003749,On foot,33,46,-13
E01003749,Other method of travel to work,7,6,1
E01003749,Passenger in a car or van,17,14,3
E01003749,Taxi,1,6,-5
E01003749,Train,33,19,14
E01003749,"Underground, metro, light rail, tram",164,430,-266
E01003749,Work mainly at or from home,396,57,339
E01003750,Bicycle,35,10,25
E01003750,"Bus, minibus or coach",35,25,10
E01003750,Driving a car or van,232,302,-70
E01003750,"Motorcycle, scooter or moped",5,12,-7
E01003750,Not in employment or aged 15 years and under,989,335,654
E01003750,On foot,51,67,-16
E01003750,Other method of travel to work,9,12,-3
E01003750,Passenger in a car or van,10,10,0
E01003750,Taxi,4,10,-6
E01003750,Train,26,25,1
E01003750,"Underground, metro, light rail, tram",131,347,-216
E01003750,Work mainly at or from home,388,49,339
E01003751,Bicycle,11,3,8
E01003751,"Bus, minibus or coach",73,46,27
E01003751,Driving a car or van,272,326,-54
E01003751,"Motorcycle, scooter or moped",7,4,3
E01003751,Not in employment or aged 15 years and under,1219,544,675
E01003751,On foot,52,49,3
E01003751,Other method of travel to work,16,8,8
E01003751,Passenger in a car or van,22,20,2
E01003751,Taxi,4,7,-3
E01003751,Train,65,62,3
E01003751,"Underground, metro, light rail, tram",231,260,-29
E01003751,Work mainly at or from home,310,24,286
E01003752,Bicycle,6,11,-5
E01003752,"Bus, minibus or coach",58,89,-31
E01003752,Driving a car or van,345,437,-92
E01003752,"Motorcycle, scooter or moped",3,3,0
E01003752,Not in employment or aged 15 years and under,1480,663,817
E01003752,On foot,49,59,-10
E01003752,Other method of travel to work,14,8,6
E01003752,Passenger in a car or van,30,25,5
E01003752,Taxi,7,6,1
E01003752,Train,54,95,-41
E01003752,"Underground, metro, light rail, tram",229,470,-241
E01003752,Work mainly at or from home,498,39,459
E01003753,Bicycle,9,6,3
E01003753,"Bus, minibus or coach",54,90,-36
E01003753,Driving a car or van,289,282,7
E01003753,"Motorcycle, scooter or moped",1,4,-3
E01003753,Not in employment or aged 15 years and under,1086,548,538
E01003753,On foot,42,54,-12
E01003753,Other method of travel to work,20,9,11
E01003753,Passenger in a car or van,20,21,-1
E01003753,Taxi,8,2,6
E01003753,Train,45,58,-13
E01003753,"Underground, metro, light rail, tram",152,302,-150
E01003753,Work mainly at or from home,263,24,239
E01003754,Bicycle,7,7,0
E01003754,"Bus, minibus or coach",36,42,-6
E01003754,Driving a car or van,220,261,-41
E01003754,"Motorcycle, scooter or moped",3,2,1
E01003754,Not in employment or aged 15 years and under,933,466,467
E01003754,On foot,47,44,3
E01003754,Other method of travel to work,12,7,5
E01003754,Passenger in a car or van,19,16,3
E01003754,Taxi,8,4,4
E01003754,Train,38,53,-15
E01003754,"Underground, metro, light rail, tram",144,217,-73
E01003754,Work mainly at or from home,263,24,239
E01003755,Bicycle,10,5,5
E01003755,"Bus, minibus or coach",81,82,-1
E01003755,Driving a car or van,338,313,25
E01003755,"Motorcycle, scooter or moped",4,1,3
E01003755,Not in employment or aged 15 years and under,1352,563,789
E01003755,On foot,75,65,10
E01003755,Other method of travel to work,18,7,11
E01003755,Passenger in a car or van,33,19,14
E01003755,Taxi,5,2,3
E01003755,Train,45,47,-2
E01003755,"Underground, metro, light rail, tram",121,249,-128
E01003755,Work mainly at or from home,332,25,307
E01003756,Bicycle,10,9,1
E01003756,"Bus, minibus or coach",70,73,-3
E01003756,Driving a car or van,328,356,-28
E01003756,"Motorcycle, scooter or moped",5,2,3
E01003756,Not in employment or aged 15 years and under,1418,627,791
E01003756,On foot,89,76,13
E01003756,Other method of travel to work,24,2,22
E01003756,Passenger in a car or van,29,21,8
E01003756,Taxi,4,7,-3
E01003756,Train,65,85,-20
E01003756,"Underground, metro, light rail, tram",151,210,-59
E01003756,Work mainly at or from home,302,32,270
E01003757,Bicycle,10,6,4
E01003757,"Bus, minibus or coach",56,83,-27
E01003757,Driving a car or van,281,211,70
E01003757,"Motorcycle, scooter or moped",4,1,3
E01003757,Not in employment or aged 15 years and under,1228,437,791
E01003757,On foot,47,47,0
E01003757,Other method of travel to work,17,1,16
E01003757,Passenger in a car or van,19,21,-2
E01003757,Taxi,8,1,7
E01003757,Train,89,103,-14
E01003757,"Underground, metro, light rail, tram",147,136,11
E01003757,Work mainly at or from home,235,19,216
E01003759,Bicycle,23,15,8
E01003759,"Bus, minibus or coach",7,18,-11
E01003759,Driving a car or van,173,241,-68
E01003759,"Motorcycle, scooter or moped",1,8,-7
E01003759,Not in employment or aged 15 years and under,831,373,458
E01003759,On foot,40,67,-27
E01003759,Other method of travel to work,4,2,2
E01003759,Passenger in a car or van,13,7,6
E01003759,Taxi,6,12,-6
E01003759,Train,16,34,-18
E01003759,"Underground, metro, light rail, tram",97,276,-179
E01003759,Work mainly at or from home,376,34,342
E01003760,Bicycle,12,14,-2
E01003760,"Bus, minibus or coach",32,36,-4
E01003760,Driving a car or van,259,355,-96
E01003760,"Motorcycle, scooter or moped",5,9,-4
E01003760,Not in employment or aged 15 years and under,889,420,469
E01003760,On foot,55,45,10
E01003760,Other method of travel to work,10,5,5
E01003760,Passenger in a car or van,13,25,-12
E01003760,Taxi,7,4,3
E01003760,Train,48,37,11
E01003760,"Underground, metro, light rail, tram",185,318,-133
E01003760,Work mainly at or from home,382,40,342
E01003761,Bicycle,5,14,-9
E01003761,"Bus, minibus or coach",70,75,-5
E01003761,Driving a car or van,232,221,11
E01003761,"Motorcycle, scooter or moped",3,5,-2
E01003761,Not in employment or aged 15 years and under,1138,533,605
E01003761,On foot,46,50,-4
E01003761,Other method of travel to work,11,2,9
E01003761,Passenger in a car or van,9,12,-3
E01003761,Taxi,3,1,2
E01003761,Train,39,57,-18
E01003761,"Underground, metro, light rail, tram",113,163,-50
E01003761,Work mainly at or from home,151,21,130
E01003762,Bicycle,17,22,-5
E01003762,"Bus, minibus or coach",25,40,-15
E01003762,Driving a car or van,227,314,-87
E01003762,"Motorcycle, scooter or moped",6,7,-1
E01003762,Not in employment or aged 15 years and under,811,329,482
E01003762,On foot,42,61,-19
E01003762,Other method of travel to work,7,5,2
E01003762,Passenger in a car or van,16,17,-1
E01003762,Taxi,6,4,2
E01003762,Train,29,25,4
E01003762,"Underground, metro, light rail, tram",134,367,-233
E01003762,Work mainly at or from home,411,40,371
E01003763,Bicycle,11,7,4
E01003763,"Bus, minibus or coach",29,45,-16
E01003763,Driving a car or van,327,447,-120
E01003763,"Motorcycle, scooter or moped",7,7,0
E01003763,Not in employment or aged 15 years and under,1032,395,637
E01003763,On foot,32,31,1
E01003763,Other method of travel to work,13,6,7
E01003763,Passenger in a car or van,23,30,-7
E01003763,Taxi,12,22,-10
E01003763,Train,33,46,-13
E01003763,"Underground, metro, light rail, tram",122,230,-108
E01003763,Work mainly at or from home,364,51,313
E01003764,Bicycle,22,18,4
E01003764,"Bus, minibus or coach",38,49,-11
E01003764,Driving a car or van,221,338,-117
E01003764,"Motorcycle, scooter or moped",10,13,-3
E01003764,Not in employment or aged 15 years and under,966,391,575
E01003764,On foot,35,47,-12
E01003764,Other method of travel to work,8,6,2
E01003764,Passenger in a car or van,14,22,-8
E01003764,Taxi,6,4,2
E01003764,Train,35,42,-7
E01003764,"Underground, metro, light rail, tram",223,505,-282
E01003764,Work mainly at or from home,531,60,471
E01003765,Bicycle,21,7,14
E01003765,"Bus, minibus or coach",25,32,-7
E01003765,Driving a car or van,204,281,-77
E01003765,"Motorcycle, scooter or moped",2,5,-3
E01003765,Not in employment or aged 15 years and under,862,251,611
E01003765,On foot,56,53,3
E01003765,Other method of travel to work,10,7,3
E01003765,Passenger in a car or van,19,15,4
E01003765,Taxi,11,6,5
E01003765,Train,29,44,-15
E01003765,"Underground, metro, light rail, tram",201,452,-251
E01003765,Work mainly at or from home,500,33,467
E01003766,Bicycle,8,4,4
E01003766,"Bus, minibus or coach",50,71,-21
E01003766,Driving a car or van,320,296,24
E01003766,"Motorcycle, scooter or moped",3,2,1
E01003766,Not in employment or aged 15 years and under,1250,629,621
E01003766,On foot,57,39,18
E01003766,Other method of travel to work,12,2,10
E01003766,Passenger in a car or van,23,32,-9
E01003766,Taxi,5,2,3
E01003766,Train,87,130,-43
E01003766,"Underground, metro, light rail, tram",114,141,-27
E01003766,Work mainly at or from home,243,28,215
E01003767,Bicycle,12,9,3
E01003767,"Bus, minibus or coach",99,85,14
E01003767,Driving a car or van,234,242,-8
E01003767,"Motorcycle, scooter or moped",2,5,-3
E01003767,Not in employment or aged 15 years and under,1264,574,690
E01003767,On foot,58,63,-5
E01003767,Other method of travel to work,10,12,-2
E01003767,Passenger in a car or van,26,13,13
E01003767,Taxi,3,5,-2
E01003767,Train,132,166,-34
E01003767,"Underground, metro, light rail, tram",150,156,-6
E01003767,Work mainly at or from home,203,18,185
E01003768,Bicycle,8,4,4
E01003768,"Bus, minibus or coach",50,61,-11
E01003768,Driving a car or van,202,227,-25
E01003768,"Motorcycle, scooter or moped",3,0,3
E01003768,Not in employment or aged 15 years and under,1140,624,516
E01003768,On foot,44,41,3
E01003768,Other method of travel to work,11,10,1
E01003768,Passenger in a car or van,25,24,1
E01003768,Taxi,0,1,-1
E01003768,Train,104,150,-46
E01003768,"Underground, metro, light rail, tram",115,155,-40
E01003768,Work mainly at or from home,225,23,202
E01003769,Bicycle,6,7,-1
E01003769,"Bus, minibus or coach",90,61,29
E01003769,Driving a car or van,213,221,-8
E01003769,"Motorcycle, scooter or moped",8,3,5
E01003769,Not in employment or aged 15 years and under,1125,574,551
E01003769,On foot,40,37,3
E01003769,Other method of travel to work,13,10,3
E01003769,Passenger in a car or van,15,17,-2
E01003769,Taxi,4,2,2
E01003769,Train,94,132,-38
E01003769,"Underground, metro, light rail, tram",96,142,-46
E01003769,Work mainly at or from home,176,26,150
E01003770,Bicycle,9,7,2
E01003770,"Bus, minibus or coach",96,96,0
E01003770,Driving a car or van,385,400,-15
E01003770,"Motorcycle, scooter or moped",7,10,-3
E01003770,Not in employment or aged 15 years and under,1621,734,887
E01003770,On foot,127,116,11
E01003770,Other method of travel to work,13,9,4
E01003770,Passenger in a car or van,28,24,4
E01003770,Taxi,7,12,-5
E01003770,Train,103,201,-98
E01003770,"Underground, metro, light rail, tram",149,191,-42
E01003770,Work mainly at or from home,348,31,317
E01003771,Bicycle,8,4,4
E01003771,"Bus, minibus or coach",80,78,2
E01003771,Driving a car or van,184,251,-67
E01003771,"Motorcycle, scooter or moped",2,7,-5
E01003771,Not in employment or aged 15 years and under,1063,580,483
E01003771,On foot,34,62,-28
E01003771,Other method of travel to work,11,6,5
E01003771,Passenger in a car or van,23,16,7
E01003771,Taxi,2,1,1
E01003771,Train,65,146,-81
E01003771,"Underground, metro, light rail, tram",90,155,-65
E01003771,Work mainly at or from home,231,26,205
E01003772,Bicycle,9,10,-1
E01003772,"Bus, minibus or coach",46,61,-15
E01003772,Driving a car or van,241,296,-55
E01003772,"Motorcycle, scooter or moped",7,5,2
E01003772,Not in employment or aged 15 years and under,1032,507,525
E01003772,On foot,45,43,2
E01003772,Other method of travel to work,12,6,6
E01003772,Passenger in a car or van,15,18,-3
E01003772,Taxi,2,2,0
E01003772,Train,58,97,-39
E01003772,"Underground, metro, light rail, tram",119,162,-43
E01003772,Work mainly at or from home,232,18,214
E01003773,Bicycle,8,7,1
E01003773,"Bus, minibus or coach",42,67,-25
E01003773,Driving a car or van,226,279,-53
E01003773,"Motorcycle, scooter or moped",2,1,1
E01003773,Not in employment or aged 15 years and under,1035,455,580
E01003773,On foot,47,53,-6
E01003773,Other method of travel to work,9,4,5
E01003773,Passenger in a car or van,17,12,5
E01003773,Taxi,5,4,1
E01003773,Train,79,164,-85
E01003773,"Underground, metro, light rail, tram",87,116,-29
E01003773,Work mainly at or from home,270,18,252
E01003774,Bicycle,17,10,7
E01003774,"Bus, minibus or coach",24,25,-1
E01003774,Driving a car or van,163,279,-116
E01003774,"Motorcycle, scooter or moped",4,6,-2
E01003774,Not in employment or aged 15 years and under,917,331,586
E01003774,On foot,36,48,-12
E01003774,Other method of travel to work,11,4,7
E01003774,Passenger in a car or van,8,11,-3
E01003774,Taxi,6,8,-2
E01003774,Train,21,34,-13
E01003774,"Underground, metro, light rail, tram",131,558,-427
E01003774,Work mainly at or from home,598,51,547
E01003775,Bicycle,16,23,-7
E01003775,"Bus, minibus or coach",15,22,-7
E01003775,Driving a car or van,192,326,-134
E01003775,"Motorcycle, scooter or moped",0,6,-6
E01003775,Not in employment or aged 15 years and under,863,360,503
E01003775,On foot,21,23,-2
E01003775,Other method of travel to work,9,7,2
E01003775,Passenger in a car or van,13,15,-2
E01003775,Taxi,2,8,-6
E01003775,Train,15,37,-22
E01003775,"Underground, metro, light rail, tram",102,378,-276
E01003775,Work mainly at or from home,405,54,351
E01003776,Bicycle,16,13,3
E01003776,"Bus, minibus or coach",40,36,4
E01003776,Driving a car or van,182,226,-44
E01003776,"Motorcycle, scooter or moped",6,11,-5
E01003776,Not in employment or aged 15 years and under,866,376,490
E01003776,On foot,46,28,18
E01003776,Other method of travel to work,6,3,3
E01003776,Passenger in a car or van,10,10,0
E01003776,Taxi,6,7,-1
E01003776,Train,26,28,-2
E01003776,"Underground, metro, light rail, tram",159,388,-229
E01003776,Work mainly at or from home,369,27,342
E01003777,Bicycle,21,24,-3
E01003777,"Bus, minibus or coach",21,24,-3
E01003777,Driving a car or van,190,305,-115
E01003777,"Motorcycle, scooter or moped",1,10,-9
E01003777,Not in employment or aged 15 years and under,733,313,420
E01003777,On foot,31,41,-10
E01003777,Other method of travel to work,8,5,3
E01003777,Passenger in a car or van,11,16,-5
E01003777,Taxi,14,0,14
E01003777,Train,20,31,-11
E01003777,"Underground, metro, light rail, tram",153,578,-425
E01003777,Work mainly at or from home,621,52,569
E01003778,Bicycle,25,42,-17
E01003778,"Bus, minibus or coach",23,38,-15
E01003778,Driving a car or van,230,279,-49
E01003778,"Motorcycle, scooter or moped",6,8,-2
E01003778,Not in employment or aged 15 years and under,790,322,468
E01003778,On foot,45,45,0
E01003778,Other method of travel to work,11,10,1
E01003778,Passenger in a car or van,13,20,-7
E01003778,Taxi,7,3,4
E01003778,Train,19,47,-28
E01003778,"Underground, metro, light rail, tram",226,567,-341
E01003778,Work mainly at or from home,548,51,497
E01003779,Bicycle,13,26,-13
E01003779,"Bus, minibus or coach",28,36,-8
E01003779,Driving a car or van,125,204,-79
E01003779,"Motorcycle, scooter or moped",2,4,-2
E01003779,Not in employment or aged 15 years and under,923,358,565
E01003779,On foot,21,38,-17
E01003779,Other method of travel to work,7,6,1
E01003779,Passenger in a car or van,9,18,-9
E01003779,Taxi,6,6,0
E01003779,Train,19,19,0
E01003779,"Underground, metro, light rail, tram",93,365,-272
E01003779,Work mainly at or from home,397,40,357
E01003780,Bicycle,5,13,-8
E01003780,"Bus, minibus or coach",11,18,-7
E01003780,Driving a car or van,213,319,-106
E01003780,"Motorcycle, scooter or moped",4,4,0
E01003780,Not in employment or aged 15 years and under,804,368,436
E01003780,On foot,26,35,-9
E01003780,Other method of travel to work,8,4,4
E01003780,Passenger in a car or van,2,14,-12
E01003780,Taxi,4,3,1
E01003780,Train,14,32,-18
E01003780,"Underground, metro, light rail, tram",70,242,-172
E01003780,Work mainly at or from home,403,56,347
E01003781,Bicycle,11,6,5
E01003781,"Bus, minibus or coach",100,65,35
E01003781,Driving a car or van,188,208,-20
E01003781,"Motorcycle, scooter or moped",6,5,1
E01003781,Not in employment or aged 15 years and under,1104,498,606
E01003781,On foot,57,58,-1
E01003781,Other method of travel to work,15,2,13
E01003781,Passenger in a car or van,16,16,0
E01003781,Taxi,4,2,2
E01003781,Train,75,150,-75
E01003781,"Underground, metro, light rail, tram",132,191,-59
E01003781,Work mainly at or from home,319,22,297
E01003782,Bicycle,9,7,2
E01003782,"Bus, minibus or coach",64,92,-28
E01003782,Driving a car or van,190,226,-36
E01003782,"Motorcycle, scooter or moped",1,0,1
E01003782,Not in employment or aged 15 years and under,1026,531,495
E01003782,On foot,73,81,-8
E01003782,Other method of travel to work,7,1,6
E01003782,Passenger in a car or van,15,10,5
E01003782,Taxi,2,1,1
E01003782,Train,70,133,-63
E01003782,"Underground, metro, light rail, tram",82,135,-53
E01003782,Work mainly at or from home,188,23,165
E01003783,Bicycle,11,9,2
E01003783,"Bus, minibus or coach",125,107,18
E01003783,Driving a car or van,223,191,32
E01003783,"Motorcycle, scooter or moped",6,3,3
E01003783,Not in employment or aged 15 years and under,1497,789,708
E01003783,On foot,81,88,-7
E01003783,Other method of travel to work,6,13,-7
E01003783,Passenger in a car or van,20,12,8
E01003783,Taxi,6,1,5
E01003783,Train,102,181,-79
E01003783,"Underground, metro, light rail, tram",170,215,-45
E01003783,Work mainly at or from home,285,24,261
E01003784,Bicycle,9,1,8
E01003784,"Bus, minibus or coach",50,78,-28
E01003784,Driving a car or van,252,275,-23
E01003784,"Motorcycle, scooter or moped",5,4,1
E01003784,Not in employment or aged 15 years and under,1112,521,591
E01003784,On foot,47,60,-13
E01003784,Other method of travel to work,18,5,13
E01003784,Passenger in a car or van,21,18,3
E01003784,Taxi,4,2,2
E01003784,Train,66,123,-57
E01003784,"Underground, metro, light rail, tram",164,159,5
E01003784,Work mainly at or from home,256,20,236
E01003785,Bicycle,4,7,-3
E01003785,"Bus, minibus or coach",70,102,-32
E01003785,Driving a car or van,189,209,-20
E01003785,"Motorcycle, scooter or moped",5,5,0
E01003785,Not in employment or aged 15 years and under,1209,550,659
E01003785,On foot,61,59,2
E01003785,Other method of travel to work,10,3,7
E01003785,Passenger in a car or van,19,17,2
E01003785,Taxi,6,1,5
E01003785,Train,92,178,-86
E01003785,"Underground, metro, light rail, tram",125,205,-80
E01003785,Work mainly at or from home,257,25,232
E01003786,Bicycle,8,14,-6
E01003786,"Bus, minibus or coach",35,36,-1
E01003786,Driving a car or van,221,248,-27
E01003786,"Motorcycle, scooter or moped",3,4,-1
E01003786,Not in employment or aged 15 years and under,905,419,486
E01003786,On foot,43,37,6
E01003786,Other method of travel to work,8,5,3
E01003786,Passenger in a car or van,26,4,22
E01003786,Taxi,2,3,-1
E01003786,Train,35,79,-44
E01003786,"Underground, metro, light rail, tram",75,158,-83
E01003786,Work mainly at or from home,280,27,253
E01003787,Bicycle,12,8,4
E01003787,"Bus, minibus or coach",41,46,-5
E01003787,Driving a car or van,211,221,-10
E01003787,"Motorcycle, scooter or moped",7,0,7
E01003787,Not in employment or aged 15 years and under,917,471,446
E01003787,On foot,64,82,-18
E01003787,Other method of travel to work,6,2,4
E01003787,Passenger in a car or van,22,8,14
E01003787,Taxi,3,0,3
E01003787,Train,40,113,-73
E01003787,"Underground, metro, light rail, tram",96,107,-11
E01003787,Work mainly at or from home,223,38,185
E01003788,Bicycle,7,12,-5
E01003788,"Bus, minibus or coach",71,78,-7
E01003788,Driving a car or van,192,220,-28
E01003788,"Motorcycle, scooter or moped",3,7,-4
E01003788,Not in employment or aged 15 years and under,1087,543,544
E01003788,On foot,48,56,-8
E01003788,Other method of travel to work,4,10,-6
E01003788,Passenger in a car or van,10,15,-5
E01003788,Taxi,1,1,0
E01003788,Train,67,150,-83
E01003788,"Underground, metro, light rail, tram",122,201,-79
E01003788,Work mainly at or from home,223,38,185
E01003789,Bicycle,25,20,5
E01003789,"Bus, minibus or coach",18,34,-16
E01003789,Driving a car or van,164,276,-112
E01003789,"Motorcycle, scooter or moped",3,11,-8
E01003789,Not in employment or aged 15 years and under,653,292,361
E01003789,On foot,33,39,-6
E01003789,Other method of travel to work,11,3,8
E01003789,Passenger in a car or van,9,15,-6
E01003789,Taxi,9,3,6
E01003789,Train,7,34,-27
E01003789,"Underground, metro, light rail, tram",109,327,-218
E01003789,Work mainly at or from home,380,48,332
E01003790,Bicycle,33,29,4
E01003790,"Bus, minibus or coach",14,32,-18
E01003790,Driving a car or van,156,279,-123
E01003790,"Motorcycle, scooter or moped",8,8,0
E01003790,Not in employment or aged 15 years and under,821,339,482
E01003790,On foot,21,19,2
E01003790,Other method of travel to work,6,4,2
E01003790,Passenger in a car or van,12,17,-5
E01003790,Taxi,3,2,1
E01003790,Train,29,85,-56
E01003790,"Underground, metro, light rail, tram",79,174,-95
E01003790,Work mainly at or from home,319,42,277
E01003791,Bicycle,25,25,0
E01003791,"Bus, minibus or coach",12,41,-29
E01003791,Driving a car or van,134,299,-165
E01003791,"Motorcycle, scooter or moped",3,7,-4
E01003791,Not in employment or aged 15 years and under,807,342,465
E01003791,On foot,20,26,-6
E01003791,Other method of travel to work,2,4,-2
E01003791,Passenger in a car or van,15,27,-12
E01003791,Taxi,5,6,-1
E01003791,Train,11,39,-28
E01003791,"Underground, metro, light rail, tram",68,258,-190
E01003791,Work mainly at or from home,400,50,350
E01003792,Bicycle,30,39,-9
E01003792,"Bus, minibus or coach",20,40,-20
E01003792,Driving a car or van,161,258,-97
E01003792,"Motorcycle, scooter or moped",2,5,-3
E01003792,Not in employment or aged 15 years and under,728,313,415
E01003792,On foot,27,29,-2
E01003792,Other method of travel to work,6,2,4
E01003792,Passenger in a car or van,11,20,-9
E01003792,Taxi,2,8,-6
E01003792,Train,18,85,-67
E01003792,"Underground, metro, light rail, tram",66,200,-134
E01003792,Work mainly at or from home,347,43,304
E01003793,Bicycle,26,24,2
E01003793,"Bus, minibus or coach",45,69,-24
E01003793,Driving a car or van,180,250,-70
E01003793,"Motorcycle, scooter or moped",7,14,-7
E01003793,Not in employment or aged 15 years and under,804,389,415
E01003793,On foot,28,23,5
E01003793,Other method of travel to work,12,5,7
E01003793,Passenger in a car or van,14,16,-2
E01003793,Taxi,5,12,-7
E01003793,Train,37,57,-20
E01003793,"Underground, metro, light rail, tram",115,237,-122
E01003793,Work mainly at or from home,306,34,272
E01003794,Bicycle,14,17,-3
E01003794,"Bus, minibus or coach",17,23,-6
E01003794,Driving a car or van,166,260,-94
E01003794,"Motorcycle, scooter or moped",3,4,-1
E01003794,Not in employment or aged 15 years and under,834,331,503
E01003794,On foot,22,37,-15
E01003794,Other method of travel to work,8,4,4
E01003794,Passenger in a car or van,9,8,1
E01003794,Taxi,4,12,-8
E01003794,Train,10,18,-8
E01003794,"Underground, metro, light rail, tram",73,291,-218
E01003794,Work mainly at or from home,390,27,363
E01003795,Bicycle,11,16,-5
E01003795,"Bus, minibus or coach",6,13,-7
E01003795,Driving a car or van,101,235,-134
E01003795,"Motorcycle, scooter or moped",2,5,-3
E01003795,Not in employment or aged 15 years and under,661,232,429
E01003795,On foot,16,29,-13
E01003795,Other method of travel to work,3,5,-2
E01003795,Passenger in a car or van,4,17,-13
E01003795,Taxi,5,2,3
E01003795,Train,11,20,-9
E01003795,"Underground, metro, light rail, tram",84,238,-154
E01003795,Work mainly at or from home,330,36,294
E01003796,Bicycle,11,20,-9
E01003796,"Bus, minibus or coach",34,33,1
E01003796,Driving a car or van,150,250,-100
E01003796,"Motorcycle, scooter or moped",0,7,-7
E01003796,Not in employment or aged 15 years and under,776,366,410
E01003796,On foot,32,35,-3
E01003796,Other method of travel to work,6,5,1
E01003796,Passenger in a car or van,12,14,-2
E01003796,Taxi,3,9,-6
E01003796,Train,24,31,-7
E01003796,"Underground, metro, light rail, tram",118,346,-228
E01003796,Work mainly at or from home,411,48,363
E01003797,Bicycle,27,49,-22
E01003797,"Bus, minibus or coach",3,35,-32
E01003797,Driving a car or van,63,117,-54
E01003797,"Motorcycle, scooter or moped",5,19,-14
E01003797,Not in employment or aged 15 years and under,845,359,486
E01003797,On foot,25,31,-6
E01003797,Other method of travel to work,3,5,-2
E01003797,Passenger in a car or van,5,6,-1
E01003797,Taxi,5,2,3
E01003797,Train,14,29,-15
E01003797,"Underground, metro, light rail, tram",26,201,-175
E01003797,Work mainly at or from home,409,105,304
E01003798,Bicycle,31,73,-42
E01003798,"Bus, minibus or coach",13,55,-42
E01003798,Driving a car or van,64,125,-61
E01003798,"Motorcycle, scooter or moped",4,17,-13
E01003798,Not in employment or aged 15 years and under,783,347,436
E01003798,On foot,36,52,-16
E01003798,Other method of travel to work,7,4,3
E01003798,Passenger in a car or van,2,4,-2
E01003798,Taxi,1,2,-1
E01003798,Train,32,136,-104
E01003798,"Underground, metro, light rail, tram",25,176,-151
E01003798,Work mainly at or from home,408,114,294
E01003799,Bicycle,41,69,-28
E01003799,"Bus, minibus or coach",25,70,-45
E01003799,Driving a car or van,71,132,-61
E01003799,"Motorcycle, scooter or moped",9,30,-21
E01003799,Not in employment or aged 15 years and under,757,328,429
E01003799,On foot,38,44,-6
E01003799,Other method of travel to work,4,12,-8
E01003799,Passenger in a car or van,4,4,0
E01003799,Taxi,2,3,-1
E01003799,Train,47,123,-76
E01003799,"Underground, metro, light rail, tram",39,254,-215
E01003799,Work mainly at or from home,533,109,424
E01003800,Bicycle,34,61,-27
E01003800,"Bus, minibus or coach",29,97,-68
E01003800,Driving a car or van,109,182,-73
E01003800,"Motorcycle, scooter or moped",5,7,-2
E01003800,Not in employment or aged 15 years and under,821,377,444
E01003800,On foot,30,65,-35
E01003800,Other method of travel to work,5,3,2
E01003800,Passenger in a car or van,9,5,4
E01003800,Taxi,3,4,-1
E01003800,Train,25,39,-14
E01003800,"Underground, metro, light rail, tram",35,199,-164
E01003800,Work mainly at or from home,402,80,322
E01003801,Bicycle,32,45,-13
E01003801,"Bus, minibus or coach",14,47,-33
E01003801,Driving a car or van,56,132,-76
E01003801,"Motorcycle, scooter or moped",2,11,-9
E01003801,Not in employment or aged 15 years and under,602,251,351
E01003801,On foot,35,119,-84
E01003801,Other method of travel to work,6,7,-1
E01003801,Passenger in a car or van,3,8,-5
E01003801,Taxi,0,1,-1
E01003801,Train,23,25,-2
E01003801,"Underground, metro, light rail, tram",21,274,-253
E01003801,Work mainly at or from home,486,90,396
E01003802,Bicycle,24,43,-19
E01003802,"Bus, minibus or coach",16,44,-28
E01003802,Driving a car or van,78,173,-95
E01003802,"Motorcycle, scooter or moped",6,15,-9
E01003802,Not in employment or aged 15 years and under,744,310,434
E01003802,On foot,17,63,-46
E01003802,Other method of travel to work,6,9,-3
E01003802,Passenger in a car or van,6,9,-3
E01003802,Taxi,5,7,-2
E01003802,Train,14,41,-27
E01003802,"Underground, metro, light rail, tram",36,260,-224
E01003802,Work mainly at or from home,431,59,372
E01003803,Bicycle,30,47,-17
E01003803,"Bus, minibus or coach",74,104,-30
E01003803,Driving a car or van,153,172,-19
E01003803,"Motorcycle, scooter or moped",2,11,-9
E01003803,Not in employment or aged 15 years and under,861,411,450
E01003803,On foot,41,87,-46
E01003803,Other method of travel to work,9,6,3
E01003803,Passenger in a car or van,7,8,-1
E01003803,Taxi,2,5,-3
E01003803,Train,33,32,1
E01003803,"Underground, metro, light rail, tram",28,144,-116
E01003803,Work mainly at or from home,311,56,255
E01003804,Bicycle,43,61,-18
E01003804,"Bus, minibus or coach",36,82,-46
E01003804,Driving a car or van,133,228,-95
E01003804,"Motorcycle, scooter or moped",8,24,-16
E01003804,Not in employment or aged 15 years and under,950,312,638
E01003804,On foot,64,85,-21
E01003804,Other method of travel to work,8,8,0
E01003804,Passenger in a car or van,3,9,-6
E01003804,Taxi,4,1,3
E01003804,Train,34,253,-219
E01003804,"Underground, metro, light rail, tram",23,79,-56
E01003804,Work mainly at or from home,589,114,475
E01003805,Bicycle,34,59,-25
E01003805,"Bus, minibus or coach",5,32,-27
E01003805,Driving a car or van,83,186,-103
E01003805,"Motorcycle, scooter or moped",3,26,-23
E01003805,Not in employment or aged 15 years and under,975,362,613
E01003805,On foot,26,45,-19
E01003805,Other method of travel to work,6,9,-3
E01003805,Passenger in a car or van,2,3,-1
E01003805,Taxi,4,3,1
E01003805,Train,29,206,-177
E01003805,"Underground, metro, light rail, tram",18,41,-23
E01003805,Work mainly at or from home,535,127,408
E01003806,Bicycle,37,48,-11
E01003806,"Bus, minibus or coach",19,35,-16
E01003806,Driving a car or van,60,193,-133
E01003806,"Motorcycle, scooter or moped",7,25,-18
E01003806,Not in employment or aged 15 years and under,811,344,467
E01003806,On foot,36,51,-15
E01003806,Other method of travel to work,5,7,-2
E01003806,Passenger in a car or van,6,10,-4
E01003806,Taxi,1,5,-4
E01003806,Train,20,151,-131
E01003806,"Underground, metro, light rail, tram",17,57,-40
E01003806,Work mainly at or from home,454,110,344
E01003807,Bicycle,59,89,-30
E01003807,"Bus, minibus or coach",50,91,-41
E01003807,Driving a car or van,113,243,-130
E01003807,"Motorcycle, scooter or moped",12,28,-16
E01003807,Not in employment or aged 15 years and under,903,288,615
E01003807,On foot,103,114,-11
E01003807,Other method of travel to work,8,8,0
E01003807,Passenger in a car or van,6,10,-4
E01003807,Taxi,5,1,4
E01003807,Train,70,330,-260
E01003807,"Underground, metro, light rail, tram",38,84,-46
E01003807,Work mainly at or from home,598,80,518
E01003808,Bicycle,53,104,-51
E01003808,"Bus, minibus or coach",23,78,-55
E01003808,Driving a car or van,114,218,-104
E01003808,"Motorcycle, scooter or moped",4,11,-7
E01003808,Not in employment or aged 15 years and under,888,305,583
E01003808,On foot,61,73,-12
E01003808,Other method of travel to work,10,5,5
E01003808,Passenger in a car or van,3,7,-4
E01003808,Taxi,1,1,0
E01003808,Train,45,313,-268
E01003808,"Underground, metro, light rail, tram",28,109,-81
E01003808,Work mainly at or from home,660,103,557
E01003809,Bicycle,37,55,-18
E01003809,"Bus, minibus or coach",29,68,-39
E01003809,Driving a car or van,84,236,-152
E01003809,"Motorcycle, scooter or moped",6,27,-21
E01003809,Not in employment or aged 15 years and under,919,338,581
E01003809,On foot,51,85,-34
E01003809,Other method of travel to work,7,7,0
E01003809,Passenger in a car or van,4,12,-8
E01003809,Taxi,1,3,-2
E01003809,Train,24,210,-186
E01003809,"Underground, metro, light rail, tram",24,70,-46
E01003809,Work mainly at or from home,526,97,429
E01003810,Bicycle,44,60,-16
E01003810,"Bus, minibus or coach",38,60,-22
E01003810,Driving a car or van,150,334,-184
E01003810,"Motorcycle, scooter or moped",7,12,-5
E01003810,Not in employment or aged 15 years and under,789,294,495
E01003810,On foot,38,72,-34
E01003810,Other method of travel to work,7,6,1
E01003810,Passenger in a car or van,11,12,-1
E01003810,Taxi,1,1,0
E01003810,Train,26,214,-188
E01003810,"Underground, metro, light rail, tram",10,22,-12
E01003810,Work mainly at or from home,513,82,431
E01003811,Bicycle,38,70,-32
E01003811,"Bus, minibus or coach",29,64,-35
E01003811,Driving a car or van,188,287,-99
E01003811,"Motorcycle, scooter or moped",6,11,-5
E01003811,Not in employment or aged 15 years and under,852,230,622
E01003811,On foot,52,78,-26
E01003811,Other method of travel to work,7,1,6
E01003811,Passenger in a car or van,6,16,-10
E01003811,Taxi,6,1,5
E01003811,Train,37,247,-210
E01003811,"Underground, metro, light rail, tram",16,38,-22
E01003811,Work mainly at or from home,598,84,514
E01003812,Bicycle,45,86,-41
E01003812,"Bus, minibus or coach",49,90,-41
E01003812,Driving a car or van,188,357,-169
E01003812,"Motorcycle, scooter or moped",8,20,-12
E01003812,Not in employment or aged 15 years and under,872,346,526
E01003812,On foot,71,140,-69
E01003812,Other method of travel to work,7,7,0
E01003812,Passenger in a car or van,9,15,-6
E01003812,Taxi,2,1,1
E01003812,Train,38,221,-183
E01003812,"Underground, metro, light rail, tram",20,32,-12
E01003812,Work mainly at or from home,554,62,492
E01003813,Bicycle,31,49,-18
E01003813,"Bus, minibus or coach",20,47,-27
E01003813,Driving a car or van,173,377,-204
E01003813,"Motorcycle, scooter or moped",5,14,-9
E01003813,Not in employment or aged 15 years and under,882,336,546
E01003813,On foot,31,50,-19
E01003813,Other method of travel to work,7,5,2
E01003813,Passenger in a car or van,7,13,-6
E01003813,Taxi,2,3,-1
E01003813,Train,17,144,-127
E01003813,"Underground, metro, light rail, tram",6,23,-17
E01003813,Work mainly at or from home,433,89,344
E01003814,Bicycle,40,46,-6
E01003814,"Bus, minibus or coach",57,88,-31
E01003814,Driving a car or van,192,334,-142
E01003814,"Motorcycle, scooter or moped",3,11,-8
E01003814,Not in employment or aged 15 years and under,815,325,490
E01003814,On foot,74,79,-5
E01003814,Other method of travel to work,8,5,3
E01003814,Passenger in a car or van,5,20,-15
E01003814,Taxi,5,2,3
E01003814,Train,38,187,-149
E01003814,"Underground, metro, light rail, tram",10,29,-19
E01003814,Work mainly at or from home,539,73,466
E01003815,Bicycle,45,72,-27
E01003815,"Bus, minibus or coach",78,97,-19
E01003815,Driving a car or van,237,402,-165
E01003815,"Motorcycle, scooter or moped",9,24,-15
E01003815,Not in employment or aged 15 years and under,941,332,609
E01003815,On foot,55,106,-51
E01003815,Other method of travel to work,8,4,4
E01003815,Passenger in a car or van,10,21,-11
E01003815,Taxi,3,0,3
E01003815,Train,40,159,-119
E01003815,"Underground, metro, light rail, tram",18,51,-33
E01003815,Work mainly at or from home,543,60,483
E01003816,Bicycle,27,54,-27
E01003816,"Bus, minibus or coach",27,50,-23
E01003816,Driving a car or van,117,223,-106
E01003816,"Motorcycle, scooter or moped",3,30,-27
E01003816,Not in employment or aged 15 years and under,972,422,550
E01003816,On foot,38,43,-5
E01003816,Other method of travel to work,3,12,-9
E01003816,Passenger in a car or van,17,13,4
E01003816,Taxi,4,0,4
E01003816,Train,16,110,-94
E01003816,"Underground, metro, light rail, tram",13,71,-58
E01003816,Work mainly at or from home,498,90,408
E01003817,Bicycle,44,70,-26
E01003817,"Bus, minibus or coach",47,89,-42
E01003817,Driving a car or van,171,325,-154
E01003817,"Motorcycle, scooter or moped",23,24,-1
E01003817,Not in employment or aged 15 years and under,1106,500,606
E01003817,On foot,52,75,-23
E01003817,Other method of travel to work,14,19,-5
E01003817,Passenger in a car or van,18,12,6
E01003817,Taxi,2,2,0
E01003817,Train,20,148,-128
E01003817,"Underground, metro, light rail, tram",29,61,-32
E01003817,Work mainly at or from home,462,93,369
E01003818,Bicycle,46,71,-25
E01003818,"Bus, minibus or coach",22,88,-66
E01003818,Driving a car or van,175,290,-115
E01003818,"Motorcycle, scooter or moped",6,23,-17
E01003818,Not in employment or aged 15 years and under,845,342,503
E01003818,On foot,33,49,-16
E01003818,Other method of travel to work,4,13,-9
E01003818,Passenger in a car or van,8,16,-8
E01003818,Taxi,3,1,2
E01003818,Train,22,88,-66
E01003818,"Underground, metro, light rail, tram",20,68,-48
E01003818,Work mainly at or from home,431,67,364
E01003819,Bicycle,57,78,-21
E01003819,"Bus, minibus or coach",77,130,-53
E01003819,Driving a car or van,178,289,-111
E01003819,"Motorcycle, scooter or moped",17,12,5
E01003819,Not in employment or aged 15 years and under,997,443,554
E01003819,On foot,55,58,-3
E01003819,Other method of travel to work,10,10,0
E01003819,Passenger in a car or van,12,8,4
E01003819,Taxi,5,7,-2
E01003819,Train,22,64,-42
E01003819,"Underground, metro, light rail, tram",17,59,-42
E01003819,Work mainly at or from home,324,61,263
E01003820,Bicycle,61,89,-28
E01003820,"Bus, minibus or coach",61,147,-86
E01003820,Driving a car or van,216,329,-113
E01003820,"Motorcycle, scooter or moped",9,25,-16
E01003820,Not in employment or aged 15 years and under,1135,407,728
E01003820,On foot,61,67,-6
E01003820,Other method of travel to work,10,12,-2
E01003820,Passenger in a car or van,13,14,-1
E01003820,Taxi,2,1,1
E01003820,Train,20,119,-99
E01003820,"Underground, metro, light rail, tram",29,95,-66
E01003820,Work mainly at or from home,413,72,341
E01003821,Bicycle,17,36,-19
E01003821,"Bus, minibus or coach",24,30,-6
E01003821,Driving a car or van,100,174,-74
E01003821,"Motorcycle, scooter or moped",3,17,-14
E01003821,Not in employment or aged 15 years and under,798,277,521
E01003821,On foot,32,90,-58
E01003821,Other method of travel to work,9,16,-7
E01003821,Passenger in a car or van,1,7,-6
E01003821,Taxi,11,8,3
E01003821,Train,38,267,-229
E01003821,"Underground, metro, light rail, tram",36,179,-143
E01003821,Work mainly at or from home,620,95,525
E01003822,Bicycle,18,36,-18
E01003822,"Bus, minibus or coach",10,34,-24
E01003822,Driving a car or van,161,313,-152
E01003822,"Motorcycle, scooter or moped",3,8,-5
E01003822,Not in employment or aged 15 years and under,805,347,458
E01003822,On foot,23,45,-22
E01003822,Other method of travel to work,4,5,-1
E01003822,Passenger in a car or van,8,8,0
E01003822,Taxi,1,2,-1
E01003822,Train,24,125,-101
E01003822,"Underground, metro, light rail, tram",8,15,-7
E01003822,Work mainly at or from home,408,84,324
E01003823,Bicycle,32,43,-11
E01003823,"Bus, minibus or coach",23,63,-40
E01003823,Driving a car or van,174,392,-218
E01003823,"Motorcycle, scooter or moped",4,13,-9
E01003823,Not in employment or aged 15 years and under,849,333,516
E01003823,On foot,45,86,-41
E01003823,Other method of travel to work,6,4,2
E01003823,Passenger in a car or van,6,14,-8
E01003823,Taxi,2,7,-5
E01003823,Train,33,183,-150
E01003823,"Underground, metro, light rail, tram",16,29,-13
E01003823,Work mainly at or from home,514,111,403
E01003824,Bicycle,22,55,-33
E01003824,"Bus, minibus or coach",21,40,-19
E01003824,Driving a car or van,158,333,-175
E01003824,"Motorcycle, scooter or moped",1,10,-9
E01003824,Not in employment or aged 15 years and under,842,343,499
E01003824,On foot,32,57,-25
E01003824,Other method of travel to work,7,3,4
E01003824,Passenger in a car or van,10,14,-4
E01003824,Taxi,0,1,-1
E01003824,Train,39,191,-152
E01003824,"Underground, metro, light rail, tram",9,15,-6
E01003824,Work mainly at or from home,490,91,399
E01003825,Bicycle,24,62,-38
E01003825,"Bus, minibus or coach",28,68,-40
E01003825,Driving a car or van,217,451,-234
E01003825,"Motorcycle, scooter or moped",2,22,-20
E01003825,Not in employment or aged 15 years and under,899,334,565
E01003825,On foot,39,54,-15
E01003825,Other method of travel to work,7,5,2
E01003825,Passenger in a car or van,11,17,-6
E01003825,Taxi,0,3,-3
E01003825,Train,38,161,-123
E01003825,"Underground, metro, light rail, tram",12,12,0
E01003825,Work mainly at or from home,493,77,416
E01003826,Bicycle,42,57,-15
E01003826,"Bus, minibus or coach",49,71,-22
E01003826,Driving a car or van,221,339,-118
E01003826,"Motorcycle, scooter or moped",4,8,-4
E01003826,Not in employment or aged 15 years and under,987,426,561
E01003826,On foot,44,61,-17
E01003826,Other method of travel to work,16,5,11
E01003826,Passenger in a car or van,11,12,-1
E01003826,Taxi,2,4,-2
E01003826,Train,44,197,-153
E01003826,"Underground, metro, light rail, tram",8,13,-5
E01003826,Work mainly at or from home,361,42,319
E01003827,Bicycle,55,58,-3
E01003827,"Bus, minibus or coach",65,86,-21
E01003827,Driving a car or van,266,414,-148
E01003827,"Motorcycle, scooter or moped",4,21,-17
E01003827,Not in employment or aged 15 years and under,884,300,584
E01003827,On foot,67,73,-6
E01003827,Other method of travel to work,5,7,-2
E01003827,Passenger in a car or van,4,9,-5
E01003827,Taxi,6,0,6
E01003827,Train,42,264,-222
E01003827,"Underground, metro, light rail, tram",12,14,-2
E01003827,Work mainly at or from home,521,70,451
E01003828,Bicycle,20,35,-15
E01003828,"Bus, minibus or coach",29,67,-38
E01003828,Driving a car or van,171,387,-216
E01003828,"Motorcycle, scooter or moped",1,11,-10
E01003828,Not in employment or aged 15 years and under,865,338,527
E01003828,On foot,24,41,-17
E01003828,Other method of travel to work,8,3,5
E01003828,Passenger in a car or van,3,15,-12
E01003828,Taxi,0,3,-3
E01003828,Train,22,117,-95
E01003828,"Underground, metro, light rail, tram",11,18,-7
E01003828,Work mainly at or from home,368,70,298
E01003829,Bicycle,26,41,-15
E01003829,"Bus, minibus or coach",65,109,-44
E01003829,Driving a car or van,279,409,-130
E01003829,"Motorcycle, scooter or moped",10,13,-3
E01003829,Not in employment or aged 15 years and under,946,442,504
E01003829,On foot,43,53,-10
E01003829,Other method of travel to work,6,1,5
E01003829,Passenger in a car or van,20,24,-4
E01003829,Taxi,4,2,2
E01003829,Train,16,65,-49
E01003829,"Underground, metro, light rail, tram",7,30,-23
E01003829,Work mainly at or from home,265,31,234
E01003830,Bicycle,20,53,-33
E01003830,"Bus, minibus or coach",43,77,-34
E01003830,Driving a car or van,257,424,-167
E01003830,"Motorcycle, scooter or moped",5,9,-4
E01003830,Not in employment or aged 15 years and under,936,397,539
E01003830,On foot,49,80,-31
E01003830,Other method of travel to work,5,6,-1
E01003830,Passenger in a car or van,18,26,-8
E01003830,Taxi,0,2,-2
E01003830,Train,31,107,-76
E01003830,"Underground, metro, light rail, tram",14,31,-17
E01003830,Work mainly at or from home,474,61,413
E01003831,Bicycle,43,43,0
E01003831,"Bus, minibus or coach",52,78,-26
E01003831,Driving a car or van,263,492,-229
E01003831,"Motorcycle, scooter or moped",10,12,-2
E01003831,Not in employment or aged 15 years and under,851,330,521
E01003831,On foot,28,31,-3
E01003831,Other method of travel to work,9,3,6
E01003831,Passenger in a car or van,10,13,-3
E01003831,Taxi,5,3,2
E01003831,Train,14,78,-64
E01003831,"Underground, metro, light rail, tram",16,25,-9
E01003831,Work mainly at or from home,379,46,333
E01003832,Bicycle,31,45,-14
E01003832,"Bus, minibus or coach",50,98,-48
E01003832,Driving a car or van,217,346,-129
E01003832,"Motorcycle, scooter or moped",12,16,-4
E01003832,Not in employment or aged 15 years and under,854,406,448
E01003832,On foot,35,36,-1
E01003832,Other method of travel to work,7,1,6
E01003832,Passenger in a car or van,9,15,-6
E01003832,Taxi,4,3,1
E01003832,Train,28,45,-17
E01003832,"Underground, metro, light rail, tram",15,28,-13
E01003832,Work mainly at or from home,225,26,199
E01003833,Bicycle,29,39,-10
E01003833,"Bus, minibus or coach",68,93,-25
E01003833,Driving a car or van,239,403,-164
E01003833,"Motorcycle, scooter or moped",9,15,-6
E01003833,Not in employment or aged 15 years and under,781,283,498
E01003833,On foot,33,30,3
E01003833,Other method of travel to work,10,1,9
E01003833,Passenger in a car or van,11,24,-13
E01003833,Taxi,4,3,1
E01003833,Train,19,83,-64
E01003833,"Underground, metro, light rail, tram",8,21,-13
E01003833,Work mainly at or from home,261,34,227
E01003834,Bicycle,36,38,-2
E01003834,"Bus, minibus or coach",51,57,-6
E01003834,Driving a car or van,142,246,-104
E01003834,"Motorcycle, scooter or moped",2,10,-8
E01003834,Not in employment or aged 15 years and under,720,484,236
E01003834,On foot,65,134,-69
E01003834,Other method of travel to work,5,4,1
E01003834,Passenger in a car or van,5,10,-5
E01003834,Taxi,0,0,0
E01003834,Train,65,269,-204
E01003834,"Underground, metro, light rail, tram",9,32,-23
E01003834,Work mainly at or from home,497,68,429
E01003835,Bicycle,22,51,-29
E01003835,"Bus, minibus or coach",21,42,-21
E01003835,Driving a car or van,99,298,-199
E01003835,"Motorcycle, scooter or moped",5,9,-4
E01003835,Not in employment or aged 15 years and under,848,280,568
E01003835,On foot,29,65,-36
E01003835,Other method of travel to work,4,6,-2
E01003835,Passenger in a car or van,5,12,-7
E01003835,Taxi,2,3,-1
E01003835,Train,37,192,-155
E01003835,"Underground, metro, light rail, tram",10,24,-14
E01003835,Work mainly at or from home,564,80,484
E01003836,Bicycle,27,38,-11
E01003836,"Bus, minibus or coach",37,64,-27
E01003836,Driving a car or van,101,213,-112
E01003836,"Motorcycle, scooter or moped",1,13,-12
E01003836,Not in employment or aged 15 years and under,789,399,390
E01003836,On foot,55,60,-5
E01003836,Other method of travel to work,6,12,-6
E01003836,Passenger in a car or van,6,4,2
E01003836,Taxi,2,2,0
E01003836,Train,29,152,-123
E01003836,"Underground, metro, light rail, tram",12,20,-8
E01003836,Work mainly at or from home,317,57,260
E01003837,Bicycle,44,65,-21
E01003837,"Bus, minibus or coach",30,32,-2
E01003837,Driving a car or van,146,294,-148
E01003837,"Motorcycle, scooter or moped",10,19,-9
E01003837,Not in employment or aged 15 years and under,1101,428,673
E01003837,On foot,45,60,-15
E01003837,Other method of travel to work,5,7,-2
E01003837,Passenger in a car or van,9,11,-2
E01003837,Taxi,1,2,-1
E01003837,Train,45,240,-195
E01003837,"Underground, metro, light rail, tram",12,20,-8
E01003837,Work mainly at or from home,612,95,517
E01003838,Bicycle,41,72,-31
E01003838,"Bus, minibus or coach",41,54,-13
E01003838,Driving a car or van,140,362,-222
E01003838,"Motorcycle, scooter or moped",4,11,-7
E01003838,Not in employment or aged 15 years and under,847,338,509
E01003838,On foot,62,96,-34
E01003838,Other method of travel to work,6,2,4
E01003838,Passenger in a car or van,7,14,-7
E01003838,Taxi,1,1,0
E01003838,Train,36,254,-218
E01003838,"Underground, metro, light rail, tram",14,28,-14
E01003838,Work mainly at or from home,590,86,504
E01003839,Bicycle,62,73,-11
E01003839,"Bus, minibus or coach",50,70,-20
E01003839,Driving a car or van,192,308,-116
E01003839,"Motorcycle, scooter or moped",6,12,-6
E01003839,Not in employment or aged 15 years and under,1123,411,712
E01003839,On foot,89,98,-9
E01003839,Other method of travel to work,11,4,7
E01003839,Passenger in a car or van,15,12,3
E01003839,Taxi,7,2,5
E01003839,Train,69,297,-228
E01003839,"Underground, metro, light rail, tram",15,29,-14
E01003839,Work mainly at or from home,653,74,579
E01003840,Bicycle,23,22,1
E01003840,"Bus, minibus or coach",67,97,-30
E01003840,Driving a car or van,314,410,-96
E01003840,"Motorcycle, scooter or moped",5,9,-4
E01003840,Not in employment or aged 15 years and under,928,378,550
E01003840,On foot,35,46,-11
E01003840,Other method of travel to work,19,5,14
E01003840,Passenger in a car or van,36,15,21
E01003840,Taxi,4,1,3
E01003840,Train,31,101,-70
E01003840,"Underground, metro, light rail, tram",35,52,-17
E01003840,Work mainly at or from home,330,38,292
E01003841,Bicycle,30,28,2
E01003841,"Bus, minibus or coach",133,178,-45
E01003841,Driving a car or van,380,403,-23
E01003841,"Motorcycle, scooter or moped",12,6,6
E01003841,Not in employment or aged 15 years and under,1213,540,673
E01003841,On foot,53,43,10
E01003841,Other method of travel to work,12,10,2
E01003841,Passenger in a car or van,22,26,-4
E01003841,Taxi,2,4,-2
E01003841,Train,33,58,-25
E01003841,"Underground, metro, light rail, tram",33,67,-34
E01003841,Work mainly at or from home,242,26,216
E01003842,Bicycle,28,38,-10
E01003842,"Bus, minibus or coach",38,79,-41
E01003842,Driving a car or van,248,386,-138
E01003842,"Motorcycle, scooter or moped",4,15,-11
E01003842,Not in employment or aged 15 years and under,952,417,535
E01003842,On foot,51,64,-13
E01003842,Other method of travel to work,7,3,4
E01003842,Passenger in a car or van,19,23,-4
E01003842,Taxi,2,1,1
E01003842,Train,23,130,-107
E01003842,"Underground, metro, light rail, tram",8,37,-29
E01003842,Work mainly at or from home,334,22,312
E01003843,Bicycle,31,38,-7
E01003843,"Bus, minibus or coach",80,129,-49
E01003843,Driving a car or van,412,501,-89
E01003843,"Motorcycle, scooter or moped",9,15,-6
E01003843,Not in employment or aged 15 years and under,1242,515,727
E01003843,On foot,44,37,7
E01003843,Other method of travel to work,19,3,16
E01003843,Passenger in a car or van,24,30,-6
E01003843,Taxi,4,6,-2
E01003843,Train,37,91,-54
E01003843,"Underground, metro, light rail, tram",24,54,-30
E01003843,Work mainly at or from home,294,38,256
E01003844,Bicycle,25,27,-2
E01003844,"Bus, minibus or coach",29,29,0
E01003844,Driving a car or van,175,348,-173
E01003844,"Motorcycle, scooter or moped",3,9,-6
E01003844,Not in employment or aged 15 years and under,812,350,462
E01003844,On foot,39,45,-6
E01003844,Other method of travel to work,8,5,3
E01003844,Passenger in a car or van,8,15,-7
E01003844,Taxi,1,3,-2
E01003844,Train,36,157,-121
E01003844,"Underground, metro, light rail, tram",12,39,-27
E01003844,Work mainly at or from home,319,43,276
E01003845,Bicycle,24,24,0
E01003845,"Bus, minibus or coach",24,65,-41
E01003845,Driving a car or van,287,450,-163
E01003845,"Motorcycle, scooter or moped",1,15,-14
E01003845,Not in employment or aged 15 years and under,889,407,482
E01003845,On foot,35,33,2
E01003845,Other method of travel to work,5,2,3
E01003845,Passenger in a car or van,17,15,2
E01003845,Taxi,0,1,-1
E01003845,Train,33,100,-67
E01003845,"Underground, metro, light rail, tram",15,30,-15
E01003845,Work mainly at or from home,367,48,319
E01003846,Bicycle,28,59,-31
E01003846,"Bus, minibus or coach",5,17,-12
E01003846,Driving a car or van,90,212,-122
E01003846,"Motorcycle, scooter or moped",4,16,-12
E01003846,Not in employment or aged 15 years and under,877,362,515
E01003846,On foot,33,55,-22
E01003846,Other method of travel to work,6,8,-2
E01003846,Passenger in a car or van,3,6,-3
E01003846,Taxi,2,2,0
E01003846,Train,12,50,-38
E01003846,"Underground, metro, light rail, tram",52,300,-248
E01003846,Work mainly at or from home,597,126,471
E01003847,Bicycle,25,30,-5
E01003847,"Bus, minibus or coach",20,45,-25
E01003847,Driving a car or van,127,198,-71
E01003847,"Motorcycle, scooter or moped",5,13,-8
E01003847,Not in employment or aged 15 years and under,734,312,422
E01003847,On foot,68,97,-29
E01003847,Other method of travel to work,8,11,-3
E01003847,Passenger in a car or van,8,9,-1
E01003847,Taxi,1,1,0
E01003847,Train,24,74,-50
E01003847,"Underground, metro, light rail, tram",81,384,-303
E01003847,Work mainly at or from home,589,64,525
E01003848,Bicycle,31,72,-41
E01003848,"Bus, minibus or coach",37,75,-38
E01003848,Driving a car or van,145,277,-132
E01003848,"Motorcycle, scooter or moped",7,24,-17
E01003848,Not in employment or aged 15 years and under,841,311,530
E01003848,On foot,54,81,-27
E01003848,Other method of travel to work,4,8,-4
E01003848,Passenger in a car or van,6,10,-4
E01003848,Taxi,4,4,0
E01003848,Train,48,160,-112
E01003848,"Underground, metro, light rail, tram",67,283,-216
E01003848,Work mainly at or from home,666,81,585
E01003849,Bicycle,27,46,-19
E01003849,"Bus, minibus or coach",12,26,-14
E01003849,Driving a car or van,73,176,-103
E01003849,"Motorcycle, scooter or moped",6,7,-1
E01003849,Not in employment or aged 15 years and under,769,338,431
E01003849,On foot,34,60,-26
E01003849,Other method of travel to work,7,12,-5
E01003849,Passenger in a car or van,5,12,-7
E01003849,Taxi,4,1,3
E01003849,Train,9,70,-61
E01003849,"Underground, metro, light rail, tram",46,298,-252
E01003849,Work mainly at or from home,540,76,464
E01003851,Bicycle,17,55,-38
E01003851,"Bus, minibus or coach",13,34,-21
E01003851,Driving a car or van,85,194,-109
E01003851,"Motorcycle, scooter or moped",6,8,-2
E01003851,Not in employment or aged 15 years and under,831,337,494
E01003851,On foot,39,67,-28
E01003851,Other method of travel to work,2,5,-3
E01003851,Passenger in a car or van,2,4,-2
E01003851,Taxi,1,5,-4
E01003851,Train,11,77,-66
E01003851,"Underground, metro, light rail, tram",37,261,-224
E01003851,Work mainly at or from home,554,124,430
E01003852,Bicycle,41,61,-20
E01003852,"Bus, minibus or coach",33,94,-61
E01003852,Driving a car or van,82,129,-47
E01003852,"Motorcycle, scooter or moped",14,17,-3
E01003852,Not in employment or aged 15 years and under,617,286,331
E01003852,On foot,45,30,15
E01003852,Other method of travel to work,10,7,3
E01003852,Passenger in a car or van,3,7,-4
E01003852,Taxi,1,2,-1
E01003852,Train,58,214,-156
E01003852,"Underground, metro, light rail, tram",36,98,-62
E01003852,Work mainly at or from home,417,66,351
E01003853,Bicycle,38,59,-21
E01003853,"Bus, minibus or coach",20,57,-37
E01003853,Driving a car or van,69,160,-91
E01003853,"Motorcycle, scooter or moped",4,13,-9
E01003853,Not in employment or aged 15 years and under,790,397,393
E01003853,On foot,43,47,-4
E01003853,Other method of travel to work,0,3,-3
E01003853,Passenger in a car or van,2,2,0
E01003853,Taxi,2,5,-3
E01003853,Train,34,154,-120
E01003853,"Underground, metro, light rail, tram",23,109,-86
E01003853,Work mainly at or from home,408,91,317
E01003854,Bicycle,28,63,-35
E01003854,"Bus, minibus or coach",18,61,-43
E01003854,Driving a car or van,73,134,-61
E01003854,"Motorcycle, scooter or moped",7,14,-7
E01003854,Not in employment or aged 15 years and under,700,285,415
E01003854,On foot,46,62,-16
E01003854,Other method of travel to work,4,6,-2
E01003854,Passenger in a car or van,4,7,-3
E01003854,Taxi,5,2,3
E01003854,Train,38,211,-173
E01003854,"Underground, metro, light rail, tram",12,118,-106
E01003854,Work mainly at or from home,480,95,385
E01003855,Bicycle,39,69,-30
E01003855,"Bus, minibus or coach",43,94,-51
E01003855,Driving a car or van,139,229,-90
E01003855,"Motorcycle, scooter or moped",11,15,-4
E01003855,Not in employment or aged 15 years and under,951,377,574
E01003855,On foot,86,71,15
E01003855,Other method of travel to work,10,4,6
E01003855,Passenger in a car or van,12,11,1
E01003855,Taxi,2,2,0
E01003855,Train,62,274,-212
E01003855,"Underground, metro, light rail, tram",50,102,-52
E01003855,Work mainly at or from home,526,61,465
E01003856,Bicycle,53,95,-42
E01003856,"Bus, minibus or coach",31,106,-75
E01003856,Driving a car or van,100,209,-109
E01003856,"Motorcycle, scooter or moped",10,16,-6
E01003856,Not in employment or aged 15 years and under,719,218,501
E01003856,On foot,64,77,-13
E01003856,Other method of travel to work,4,2,2
E01003856,Passenger in a car or van,5,10,-5
E01003856,Taxi,3,4,-1
E01003856,Train,48,255,-207
E01003856,"Underground, metro, light rail, tram",31,156,-125
E01003856,Work mainly at or from home,618,89,529
E01003857,Bicycle,51,103,-52
E01003857,"Bus, minibus or coach",28,86,-58
E01003857,Driving a car or van,86,207,-121
E01003857,"Motorcycle, scooter or moped",7,24,-17
E01003857,Not in employment or aged 15 years and under,845,299,546
E01003857,On foot,57,72,-15
E01003857,Other method of travel to work,9,5,4
E01003857,Passenger in a car or van,6,2,4
E01003857,Taxi,5,4,1
E01003857,Train,52,252,-200
E01003857,"Underground, metro, light rail, tram",33,138,-105
E01003857,Work mainly at or from home,710,98,612
E01003858,Bicycle,44,68,-24
E01003858,"Bus, minibus or coach",16,80,-64
E01003858,Driving a car or van,74,176,-102
E01003858,"Motorcycle, scooter or moped",2,19,-17
E01003858,Not in employment or aged 15 years and under,763,313,450
E01003858,On foot,43,75,-32
E01003858,Other method of travel to work,2,2,0
E01003858,Passenger in a car or van,3,6,-3
E01003858,Taxi,4,3,1
E01003858,Train,39,257,-218
E01003858,"Underground, metro, light rail, tram",30,118,-88
E01003858,Work mainly at or from home,636,88,548
E01003859,Bicycle,35,70,-35
E01003859,"Bus, minibus or coach",26,69,-43
E01003859,Driving a car or van,99,221,-122
E01003859,"Motorcycle, scooter or moped",5,22,-17
E01003859,Not in employment or aged 15 years and under,843,305,538
E01003859,On foot,40,65,-25
E01003859,Other method of travel to work,7,3,4
E01003859,Passenger in a car or van,6,8,-2
E01003859,Taxi,4,0,4
E01003859,Train,23,201,-178
E01003859,"Underground, metro, light rail, tram",10,69,-59
E01003859,Work mainly at or from home,519,83,436
E01003860,Bicycle,20,56,-36
E01003860,"Bus, minibus or coach",18,50,-32
E01003860,Driving a car or van,104,228,-124
E01003860,"Motorcycle, scooter or moped",8,15,-7
E01003860,Not in employment or aged 15 years and under,710,308,402
E01003860,On foot,50,67,-17
E01003860,Other method of travel to work,10,18,-8
E01003860,Passenger in a car or van,5,7,-2
E01003860,Taxi,3,0,3
E01003860,Train,36,309,-273
E01003860,"Underground, metro, light rail, tram",64,221,-157
E01003860,Work mainly at or from home,686,110,576
E01003861,Bicycle,32,53,-21
E01003861,"Bus, minibus or coach",38,58,-20
E01003861,Driving a car or van,118,241,-123
E01003861,"Motorcycle, scooter or moped",4,9,-5
E01003861,Not in employment or aged 15 years and under,773,284,489
E01003861,On foot,52,101,-49
E01003861,Other method of travel to work,9,5,4
E01003861,Passenger in a car or van,10,12,-2
E01003861,Taxi,2,1,1
E01003861,Train,53,339,-286
E01003861,"Underground, metro, light rail, tram",73,228,-155
E01003861,Work mainly at or from home,795,74,721
E01003862,Bicycle,38,45,-7
E01003862,"Bus, minibus or coach",52,86,-34
E01003862,Driving a car or van,148,206,-58
E01003862,"Motorcycle, scooter or moped",6,9,-3
E01003862,Not in employment or aged 15 years and under,1007,299,708
E01003862,On foot,64,67,-3
E01003862,Other method of travel to work,14,8,6
E01003862,Passenger in a car or van,8,10,-2
E01003862,Taxi,1,1,0
E01003862,Train,52,154,-102
E01003862,"Underground, metro, light rail, tram",39,75,-36
E01003862,Work mainly at or from home,501,74,427
E01003863,Bicycle,23,40,-17
E01003863,"Bus, minibus or coach",23,62,-39
E01003863,Driving a car or van,71,170,-99
E01003863,"Motorcycle, scooter or moped",3,6,-3
E01003863,Not in employment or aged 15 years and under,808,305,503
E01003863,On foot,55,81,-26
E01003863,Other method of travel to work,7,3,4
E01003863,Passenger in a car or van,2,8,-6
E01003863,Taxi,2,1,1
E01003863,Train,28,155,-127
E01003863,"Underground, metro, light rail, tram",20,97,-77
E01003863,Work mainly at or from home,408,62,346
E01003864,Bicycle,22,45,-23
E01003864,"Bus, minibus or coach",29,48,-19
E01003864,Driving a car or van,90,205,-115
E01003864,"Motorcycle, scooter or moped",2,14,-12
E01003864,Not in employment or aged 15 years and under,750,327,423
E01003864,On foot,34,55,-21
E01003864,Other method of travel to work,5,5,0
E01003864,Passenger in a car or van,4,4,0
E01003864,Taxi,4,2,2
E01003864,Train,31,148,-117
E01003864,"Underground, metro, light rail, tram",33,185,-152
E01003864,Work mainly at or from home,462,83,379
E01003865,Bicycle,35,55,-20
E01003865,"Bus, minibus or coach",36,78,-42
E01003865,Driving a car or van,130,194,-64
E01003865,"Motorcycle, scooter or moped",6,18,-12
E01003865,Not in employment or aged 15 years and under,711,267,444
E01003865,On foot,33,66,-33
E01003865,Other method of travel to work,5,4,1
E01003865,Passenger in a car or van,14,9,5
E01003865,Taxi,6,1,5
E01003865,Train,34,133,-99
E01003865,"Underground, metro, light rail, tram",21,69,-48
E01003865,Work mainly at or from home,411,46,365
E01003866,Bicycle,25,59,-34
E01003866,"Bus, minibus or coach",10,13,-3
E01003866,Driving a car or van,90,231,-141
E01003866,"Motorcycle, scooter or moped",2,17,-15
E01003866,Not in employment or aged 15 years and under,790,263,527
E01003866,On foot,36,61,-25
E01003866,Other method of travel to work,4,4,0
E01003866,Passenger in a car or van,4,10,-6
E01003866,Taxi,0,1,-1
E01003866,Train,40,314,-274
E01003866,"Underground, metro, light rail, tram",23,69,-46
E01003866,Work mainly at or from home,667,79,588
E01003867,Bicycle,34,44,-10
E01003867,"Bus, minibus or coach",49,48,1
E01003867,Driving a car or van,159,291,-132
E01003867,"Motorcycle, scooter or moped",3,8,-5
E01003867,Not in employment or aged 15 years and under,791,297,494
E01003867,On foot,58,93,-35
E01003867,Other method of travel to work,4,2,2
E01003867,Passenger in a car or van,14,8,6
E01003867,Taxi,2,1,1
E01003867,Train,54,201,-147
E01003867,"Underground, metro, light rail, tram",21,56,-35
E01003867,Work mainly at or from home,403,57,346
E01003868,Bicycle,36,48,-12
E01003868,"Bus, minibus or coach",17,25,-8
E01003868,Driving a car or van,91,219,-128
E01003868,"Motorcycle, scooter or moped",4,10,-6
E01003868,Not in employment or aged 15 years and under,662,242,420
E01003868,On foot,42,69,-27
E01003868,Other method of travel to work,7,2,5
E01003868,Passenger in a car or van,4,6,-2
E01003868,Taxi,2,0,2
E01003868,Train,49,342,-293
E01003868,"Underground, metro, light rail, tram",21,74,-53
E01003868,Work mainly at or from home,628,98,530
E01003869,Bicycle,46,61,-15
E01003869,"Bus, minibus or coach",22,43,-21
E01003869,Driving a car or van,133,305,-172
E01003869,"Motorcycle, scooter or moped",10,13,-3
E01003869,Not in employment or aged 15 years and under,739,296,443
E01003869,On foot,38,83,-45
E01003869,Other method of travel to work,7,3,4
E01003869,Passenger in a car or van,7,13,-6
E01003869,Taxi,2,0,2
E01003869,Train,48,306,-258
E01003869,"Underground, metro, light rail, tram",25,60,-35
E01003869,Work mainly at or from home,578,82,496
E01003870,Bicycle,42,58,-16
E01003870,"Bus, minibus or coach",25,34,-9
E01003870,Driving a car or van,162,316,-154
E01003870,"Motorcycle, scooter or moped",2,15,-13
E01003870,Not in employment or aged 15 years and under,919,309,610
E01003870,On foot,49,89,-40
E01003870,Other method of travel to work,6,4,2
E01003870,Passenger in a car or van,3,10,-7
E01003870,Taxi,2,3,-1
E01003870,Train,81,366,-285
E01003870,"Underground, metro, light rail, tram",36,62,-26
E01003870,Work mainly at or from home,766,87,679
E01003871,Bicycle,33,66,-33
E01003871,"Bus, minibus or coach",25,36,-11
E01003871,Driving a car or van,142,296,-154
E01003871,"Motorcycle, scooter or moped",2,14,-12
E01003871,Not in employment or aged 15 years and under,859,242,617
E01003871,On foot,45,54,-9
E01003871,Other method of travel to work,4,9,-5
E01003871,Passenger in a car or van,5,12,-7
E01003871,Taxi,2,3,-1
E01003871,Train,45,260,-215
E01003871,"Underground, metro, light rail, tram",32,84,-52
E01003871,Work mainly at or from home,555,95,460
E01003872,Bicycle,29,49,-20
E01003872,"Bus, minibus or coach",28,25,3
E01003872,Driving a car or van,120,237,-117
E01003872,"Motorcycle, scooter or moped",3,10,-7
E01003872,Not in employment or aged 15 years and under,682,248,434
E01003872,On foot,31,68,-37
E01003872,Other method of travel to work,5,3,2
E01003872,Passenger in a car or van,8,7,1
E01003872,Taxi,5,1,4
E01003872,Train,45,287,-242
E01003872,"Underground, metro, light rail, tram",28,93,-65
E01003872,Work mainly at or from home,589,74,515
E01003873,Bicycle,24,35,-11
E01003873,"Bus, minibus or coach",22,40,-18
E01003873,Driving a car or van,100,177,-77
E01003873,"Motorcycle, scooter or moped",1,13,-12
E01003873,Not in employment or aged 15 years and under,727,278,449
E01003873,On foot,41,61,-20
E01003873,Other method of travel to work,6,6,0
E01003873,Passenger in a car or van,2,8,-6
E01003873,Taxi,2,2,0
E01003873,Train,38,288,-250
E01003873,"Underground, metro, light rail, tram",47,226,-179
E01003873,Work mainly at or from home,623,115,508
E01003874,Bicycle,25,40,-15
E01003874,"Bus, minibus or coach",26,34,-8
E01003874,Driving a car or van,78,171,-93
E01003874,"Motorcycle, scooter or moped",2,10,-8
E01003874,Not in employment or aged 15 years and under,590,260,330
E01003874,On foot,35,72,-37
E01003874,Other method of travel to work,9,6,3
E01003874,Passenger in a car or van,2,8,-6
E01003874,Taxi,2,2,0
E01003874,Train,43,324,-281
E01003874,"Underground, metro, light rail, tram",50,218,-168
E01003874,Work mainly at or from home,667,90,577
E01003875,Bicycle,30,30,0
E01003875,"Bus, minibus or coach",22,46,-24
E01003875,Driving a car or van,72,214,-142
E01003875,"Motorcycle, scooter or moped",6,15,-9
E01003875,Not in employment or aged 15 years and under,937,372,565
E01003875,On foot,31,38,-7
E01003875,Other method of travel to work,3,8,-5
E01003875,Passenger in a car or van,6,7,-1
E01003875,Taxi,7,1,6
E01003875,Train,32,197,-165
E01003875,"Underground, metro, light rail, tram",29,112,-83
E01003875,Work mainly at or from home,505,83,422
E01003876,Bicycle,32,30,2
E01003876,"Bus, minibus or coach",36,33,3
E01003876,Driving a car or van,87,162,-75
E01003876,"Motorcycle, scooter or moped",3,12,-9
E01003876,Not in employment or aged 15 years and under,801,325,476
E01003876,On foot,62,96,-34
E01003876,Other method of travel to work,14,8,6
E01003876,Passenger in a car or van,5,12,-7
E01003876,Taxi,1,3,-2
E01003876,Train,58,282,-224
E01003876,"Underground, metro, light rail, tram",75,214,-139
E01003876,Work mainly at or from home,698,126,572
E01003877,Bicycle,23,32,-9
E01003877,"Bus, minibus or coach",17,27,-10
E01003877,Driving a car or van,65,153,-88
E01003877,"Motorcycle, scooter or moped",3,10,-7
E01003877,Not in employment or aged 15 years and under,741,302,439
E01003877,On foot,28,66,-38
E01003877,Other method of travel to work,2,8,-6
E01003877,Passenger in a car or van,6,7,-1
E01003877,Taxi,1,1,0
E01003877,Train,29,226,-197
E01003877,"Underground, metro, light rail, tram",39,157,-118
E01003877,Work mainly at or from home,548,93,455
E01003878,Bicycle,19,25,-6
E01003878,"Bus, minibus or coach",30,65,-35
E01003878,Driving a car or van,115,202,-87
E01003878,"Motorcycle, scooter or moped",4,8,-4
E01003878,Not in employment or aged 15 years and under,848,358,490
E01003878,On foot,42,77,-35
E01003878,Other method of travel to work,6,6,0
E01003878,Passenger in a car or van,5,8,-3
E01003878,Taxi,5,0,5
E01003878,Train,23,122,-99
E01003878,"Underground, metro, light rail, tram",29,90,-61
E01003878,Work mainly at or from home,340,71,269
E01003879,Bicycle,14,33,-19
E01003879,"Bus, minibus or coach",11,22,-11
E01003879,Driving a car or van,69,160,-91
E01003879,"Motorcycle, scooter or moped",2,8,-6
E01003879,Not in employment or aged 15 years and under,710,436,274
E01003879,On foot,30,84,-54
E01003879,Other method of travel to work,1,7,-6
E01003879,Passenger in a car or van,5,6,-1
E01003879,Taxi,1,2,-1
E01003879,Train,26,227,-201
E01003879,"Underground, metro, light rail, tram",43,159,-116
E01003879,Work mainly at or from home,508,101,407
E01003880,Bicycle,32,50,-18
E01003880,"Bus, minibus or coach",12,36,-24
E01003880,Driving a car or van,119,292,-173
E01003880,"Motorcycle, scooter or moped",3,9,-6
E01003880,Not in employment or aged 15 years and under,795,264,531
E01003880,On foot,20,53,-33
E01003880,Other method of travel to work,10,5,5
E01003880,Passenger in a car or van,5,10,-5
E01003880,Taxi,1,0,1
E01003880,Train,28,230,-202
E01003880,"Underground, metro, light rail, tram",13,37,-24
E01003880,Work mainly at or from home,522,91,431
E01003881,Bicycle,25,46,-21
E01003881,"Bus, minibus or coach",28,66,-38
E01003881,Driving a car or van,115,258,-143
E01003881,"Motorcycle, scooter or moped",5,8,-3
E01003881,Not in employment or aged 15 years and under,1126,684,442
E01003881,On foot,51,146,-95
E01003881,Other method of travel to work,10,6,4
E01003881,Passenger in a car or van,9,29,-20
E01003881,Taxi,1,1,0
E01003881,Train,39,187,-148
E01003881,"Underground, metro, light rail, tram",9,45,-36
E01003881,Work mainly at or from home,349,83,266
E01003882,Bicycle,45,56,-11
E01003882,"Bus, minibus or coach",31,73,-42
E01003882,Driving a car or van,159,328,-169
E01003882,"Motorcycle, scooter or moped",7,14,-7
E01003882,Not in employment or aged 15 years and under,920,288,632
E01003882,On foot,62,74,-12
E01003882,Other method of travel to work,5,8,-3
E01003882,Passenger in a car or van,8,15,-7
E01003882,Taxi,4,3,1
E01003882,Train,46,329,-283
E01003882,"Underground, metro, light rail, tram",20,57,-37
E01003882,Work mainly at or from home,687,93,594
E01003883,Bicycle,37,77,-40
E01003883,"Bus, minibus or coach",30,82,-52
E01003883,Driving a car or van,173,366,-193
E01003883,"Motorcycle, scooter or moped",9,13,-4
E01003883,Not in employment or aged 15 years and under,904,239,665
E01003883,On foot,58,84,-26
E01003883,Other method of travel to work,14,5,9
E01003883,Passenger in a car or van,6,7,-1
E01003883,Taxi,1,2,-1
E01003883,Train,49,384,-335
E01003883,"Underground, metro, light rail, tram",24,76,-52
E01003883,Work mainly at or from home,719,74,645
E01003884,Bicycle,31,46,-15
E01003884,"Bus, minibus or coach",34,47,-13
E01003884,Driving a car or van,130,313,-183
E01003884,"Motorcycle, scooter or moped",4,9,-5
E01003884,Not in employment or aged 15 years and under,912,346,566
E01003884,On foot,53,91,-38
E01003884,Other method of travel to work,2,6,-4
E01003884,Passenger in a car or van,8,5,3
E01003884,Taxi,0,0,0
E01003884,Train,54,221,-167
E01003884,"Underground, metro, light rail, tram",16,57,-41
E01003884,Work mainly at or from home,490,68,422
E01003885,Bicycle,34,55,-21
E01003885,"Bus, minibus or coach",39,49,-10
E01003885,Driving a car or van,126,300,-174
E01003885,"Motorcycle, scooter or moped",6,14,-8
E01003885,Not in employment or aged 15 years and under,726,259,467
E01003885,On foot,67,71,-4
E01003885,Other method of travel to work,11,7,4
E01003885,Passenger in a car or van,7,6,1
E01003885,Taxi,3,2,1
E01003885,Train,43,223,-180
E01003885,"Underground, metro, light rail, tram",13,53,-40
E01003885,Work mainly at or from home,463,59,404
E01003886,Bicycle,43,49,-6
E01003886,"Bus, minibus or coach",24,87,-63
E01003886,Driving a car or van,115,305,-190
E01003886,"Motorcycle, scooter or moped",2,10,-8
E01003886,Not in employment or aged 15 years and under,804,270,534
E01003886,On foot,55,91,-36
E01003886,Other method of travel to work,8,7,1
E01003886,Passenger in a car or van,5,12,-7
E01003886,Taxi,0,1,-1
E01003886,Train,59,273,-214
E01003886,"Underground, metro, light rail, tram",13,45,-32
E01003886,Work mainly at or from home,516,84,432
E01003887,Bicycle,36,52,-16
E01003887,"Bus, minibus or coach",32,79,-47
E01003887,Driving a car or van,150,309,-159
E01003887,"Motorcycle, scooter or moped",2,13,-11
E01003887,Not in employment or aged 15 years and under,812,288,524
E01003887,On foot,71,111,-40
E01003887,Other method of travel to work,5,8,-3
E01003887,Passenger in a car or van,3,14,-11
E01003887,Taxi,0,0,0
E01003887,Train,63,329,-266
E01003887,"Underground, metro, light rail, tram",31,24,7
E01003887,Work mainly at or from home,591,67,524
E01003888,Bicycle,36,43,-7
E01003888,"Bus, minibus or coach",78,130,-52
E01003888,Driving a car or van,186,306,-120
E01003888,"Motorcycle, scooter or moped",8,12,-4
E01003888,Not in employment or aged 15 years and under,1077,413,664
E01003888,On foot,87,103,-16
E01003888,Other method of travel to work,11,5,6
E01003888,Passenger in a car or van,7,14,-7
E01003888,Taxi,0,2,-2
E01003888,Train,52,253,-201
E01003888,"Underground, metro, light rail, tram",14,40,-26
E01003888,Work mainly at or from home,493,70,423
E01003889,Bicycle,28,54,-26
E01003889,"Bus, minibus or coach",16,32,-16
E01003889,Driving a car or van,131,351,-220
E01003889,"Motorcycle, scooter or moped",13,11,2
E01003889,Not in employment or aged 15 years and under,818,339,479
E01003889,On foot,36,100,-64
E01003889,Other method of travel to work,10,5,5
E01003889,Passenger in a car or van,7,12,-5
E01003889,Taxi,1,3,-2
E01003889,Train,35,262,-227
E01003889,"Underground, metro, light rail, tram",9,30,-21
E01003889,Work mainly at or from home,552,95,457
E01003890,Bicycle,33,57,-24
E01003890,"Bus, minibus or coach",30,57,-27
E01003890,Driving a car or van,131,299,-168
E01003890,"Motorcycle, scooter or moped",3,11,-8
E01003890,Not in employment or aged 15 years and under,818,302,516
E01003890,On foot,54,88,-34
E01003890,Other method of travel to work,9,4,5
E01003890,Passenger in a car or van,6,13,-7
E01003890,Taxi,2,2,0
E01003890,Train,32,200,-168
E01003890,"Underground, metro, light rail, tram",13,35,-22
E01003890,Work mainly at or from home,537,78,459
E01003891,Bicycle,32,60,-28
E01003891,"Bus, minibus or coach",25,56,-31
E01003891,Driving a car or van,141,341,-200
E01003891,"Motorcycle, scooter or moped",7,18,-11
E01003891,Not in employment or aged 15 years and under,905,363,542
E01003891,On foot,46,78,-32
E01003891,Other method of travel to work,1,4,-3
E01003891,Passenger in a car or van,12,11,1
E01003891,Taxi,4,1,3
E01003891,Train,30,245,-215
E01003891,"Underground, metro, light rail, tram",14,39,-25
E01003891,Work mainly at or from home,528,106,422
E01003892,Bicycle,30,44,-14
E01003892,"Bus, minibus or coach",15,41,-26
E01003892,Driving a car or van,92,292,-200
E01003892,"Motorcycle, scooter or moped",6,20,-14
E01003892,Not in employment or aged 15 years and under,1119,393,726
E01003892,On foot,34,66,-32
E01003892,Other method of travel to work,8,28,-20
E01003892,Passenger in a car or van,2,16,-14
E01003892,Taxi,1,4,-3
E01003892,Train,46,267,-221
E01003892,"Underground, metro, light rail, tram",40,156,-116
E01003892,Work mainly at or from home,703,143,560
E01003893,Bicycle,32,39,-7
E01003893,"Bus, minibus or coach",24,43,-19
E01003893,Driving a car or van,101,242,-141
E01003893,"Motorcycle, scooter or moped",4,16,-12
E01003893,Not in employment or aged 15 years and under,744,302,442
E01003893,On foot,59,81,-22
E01003893,Other method of travel to work,8,6,2
E01003893,Passenger in a car or van,12,10,2
E01003893,Taxi,1,2,-1
E01003893,Train,37,237,-200
E01003893,"Underground, metro, light rail, tram",30,135,-105
E01003893,Work mainly at or from home,577,99,478
E01003894,Bicycle,34,47,-13
E01003894,"Bus, minibus or coach",23,39,-16
E01003894,Driving a car or van,100,272,-172
E01003894,"Motorcycle, scooter or moped",2,9,-7
E01003894,Not in employment or aged 15 years and under,726,277,449
E01003894,On foot,46,70,-24
E01003894,Other method of travel to work,7,8,-1
E01003894,Passenger in a car or van,6,8,-2
E01003894,Taxi,1,0,1
E01003894,Train,38,300,-262
E01003894,"Underground, metro, light rail, tram",33,130,-97
E01003894,Work mainly at or from home,647,105,542
E01003895,Bicycle,39,44,-5
E01003895,"Bus, minibus or coach",22,50,-28
E01003895,Driving a car or van,133,278,-145
E01003895,"Motorcycle, scooter or moped",5,14,-9
E01003895,Not in employment or aged 15 years and under,884,300,584
E01003895,On foot,45,81,-36
E01003895,Other method of travel to work,5,8,-3
E01003895,Passenger in a car or van,9,23,-14
E01003895,Taxi,3,1,2
E01003895,Train,41,283,-242
E01003895,"Underground, metro, light rail, tram",17,92,-75
E01003895,Work mainly at or from home,577,94,483
E01003896,Bicycle,51,58,-7
E01003896,"Bus, minibus or coach",46,96,-50
E01003896,Driving a car or van,139,243,-104
E01003896,"Motorcycle, scooter or moped",5,15,-10
E01003896,Not in employment or aged 15 years and under,803,289,514
E01003896,On foot,65,139,-74
E01003896,Other method of travel to work,14,7,7
E01003896,Passenger in a car or van,5,10,-5
E01003896,Taxi,6,0,6
E01003896,Train,62,314,-252
E01003896,"Underground, metro, light rail, tram",43,77,-34
E01003896,Work mainly at or from home,646,94,552
E01003897,Bicycle,38,63,-25
E01003897,"Bus, minibus or coach",48,87,-39
E01003897,Driving a car or van,128,274,-146
E01003897,"Motorcycle, scooter or moped",10,12,-2
E01003897,Not in employment or aged 15 years and under,863,300,563
E01003897,On foot,75,122,-47
E01003897,Other method of travel to work,8,8,0
E01003897,Passenger in a car or van,4,12,-8
E01003897,Taxi,0,0,0
E01003897,Train,84,400,-316
E01003897,"Underground, metro, light rail, tram",43,77,-34
E01003897,Work mainly at or from home,660,71,589
E01003898,Bicycle,30,60,-30
E01003898,"Bus, minibus or coach",31,67,-36
E01003898,Driving a car or van,165,311,-146
E01003898,"Motorcycle, scooter or moped",6,18,-12
E01003898,Not in employment or aged 15 years and under,776,191,585
E01003898,On foot,57,68,-11
E01003898,Other method of travel to work,6,10,-4
E01003898,Passenger in a car or van,8,7,1
E01003898,Taxi,4,2,2
E01003898,Train,48,246,-198
E01003898,"Underground, metro, light rail, tram",24,55,-31
E01003898,Work mainly at or from home,542,93,449
E01003899,Bicycle,43,50,-7
E01003899,"Bus, minibus or coach",35,89,-54
E01003899,Driving a car or van,132,339,-207
E01003899,"Motorcycle, scooter or moped",8,18,-10
E01003899,Not in employment or aged 15 years and under,712,222,490
E01003899,On foot,47,49,-2
E01003899,Other method of travel to work,2,5,-3
E01003899,Passenger in a car or van,7,12,-5
E01003899,Taxi,2,1,1
E01003899,Train,43,162,-119
E01003899,"Underground, metro, light rail, tram",21,41,-20
E01003899,Work mainly at or from home,437,44,393
E01003900,Bicycle,36,45,-9
E01003900,"Bus, minibus or coach",66,114,-48
E01003900,Driving a car or van,193,288,-95
E01003900,"Motorcycle, scooter or moped",2,15,-13
E01003900,Not in employment or aged 15 years and under,897,382,515
E01003900,On foot,57,73,-16
E01003900,Other method of travel to work,9,7,2
E01003900,Passenger in a car or van,14,12,2
E01003900,Taxi,0,1,-1
E01003900,Train,37,93,-56
E01003900,"Underground, metro, light rail, tram",17,27,-10
E01003900,Work mainly at or from home,356,62,294
E01003901,Bicycle,40,59,-19
E01003901,"Bus, minibus or coach",15,61,-46
E01003901,Driving a car or van,237,396,-159
E01003901,"Motorcycle, scooter or moped",6,18,-12
E01003901,Not in employment or aged 15 years and under,874,254,620
E01003901,On foot,50,61,-11
E01003901,Other method of travel to work,16,2,14
E01003901,Passenger in a car or van,16,19,-3
E01003901,Taxi,2,2,0
E01003901,Train,44,161,-117
E01003901,"Underground, metro, light rail, tram",13,48,-35
E01003901,Work mainly at or from home,475,68,407
E01003902,Bicycle,30,55,-25
E01003902,"Bus, minibus or coach",36,82,-46
E01003902,Driving a car or van,157,291,-134
E01003902,"Motorcycle, scooter or moped",6,15,-9
E01003902,Not in employment or aged 15 years and under,683,241,442
E01003902,On foot,40,39,1
E01003902,Other method of travel to work,12,3,9
E01003902,Passenger in a car or van,7,16,-9
E01003902,Taxi,1,1,0
E01003902,Train,38,104,-66
E01003902,"Underground, metro, light rail, tram",15,39,-24
E01003902,Work mainly at or from home,350,42,308
E01003903,Bicycle,29,36,-7
E01003903,"Bus, minibus or coach",59,115,-56
E01003903,Driving a car or van,239,392,-153
E01003903,"Motorcycle, scooter or moped",8,22,-14
E01003903,Not in employment or aged 15 years and under,888,356,532
E01003903,On foot,36,59,-23
E01003903,Other method of travel to work,7,6,1
E01003903,Passenger in a car or van,19,17,2
E01003903,Taxi,2,2,0
E01003903,Train,19,92,-73
E01003903,"Underground, metro, light rail, tram",11,26,-15
E01003903,Work mainly at or from home,339,49,290
E01003904,Bicycle,33,51,-18
E01003904,"Bus, minibus or coach",26,74,-48
E01003904,Driving a car or van,136,323,-187
E01003904,"Motorcycle, scooter or moped",3,10,-7
E01003904,Not in employment or aged 15 years and under,809,282,527
E01003904,On foot,58,62,-4
E01003904,Other method of travel to work,8,3,5
E01003904,Passenger in a car or van,3,9,-6
E01003904,Taxi,2,1,1
E01003904,Train,35,200,-165
E01003904,"Underground, metro, light rail, tram",19,48,-29
E01003904,Work mainly at or from home,490,56,434
E01003905,Bicycle,26,47,-21
E01003905,"Bus, minibus or coach",45,68,-23
E01003905,Driving a car or van,170,320,-150
E01003905,"Motorcycle, scooter or moped",5,9,-4
E01003905,Not in employment or aged 15 years and under,598,263,335
E01003905,On foot,41,82,-41
E01003905,Other method of travel to work,8,14,-6
E01003905,Passenger in a car or van,8,16,-8
E01003905,Taxi,3,2,1
E01003905,Train,35,142,-107
E01003905,"Underground, metro, light rail, tram",9,40,-31
E01003905,Work mainly at or from home,333,53,280
E01003906,Bicycle,31,49,-18
E01003906,"Bus, minibus or coach",44,83,-39
E01003906,Driving a car or van,209,376,-167
E01003906,"Motorcycle, scooter or moped",9,11,-2
E01003906,Not in employment or aged 15 years and under,830,336,494
E01003906,On foot,57,66,-9
E01003906,Other method of travel to work,9,4,5
E01003906,Passenger in a car or van,12,14,-2
E01003906,Taxi,1,4,-3
E01003906,Train,55,135,-80
E01003906,"Underground, metro, light rail, tram",35,46,-11
E01003906,Work mainly at or from home,410,49,361
E01003907,Bicycle,28,37,-9
E01003907,"Bus, minibus or coach",60,82,-22
E01003907,Driving a car or van,236,363,-127
E01003907,"Motorcycle, scooter or moped",8,11,-3
E01003907,Not in employment or aged 15 years and under,916,458,458
E01003907,On foot,29,50,-21
E01003907,Other method of travel to work,14,5,9
E01003907,Passenger in a car or van,10,20,-10
E01003907,Taxi,1,4,-3
E01003907,Train,44,120,-76
E01003907,"Underground, metro, light rail, tram",9,44,-35
E01003907,Work mainly at or from home,313,27,286
E01003908,Bicycle,39,46,-7
E01003908,"Bus, minibus or coach",35,59,-24
E01003908,Driving a car or van,273,444,-171
E01003908,"Motorcycle, scooter or moped",9,12,-3
E01003908,Not in employment or aged 15 years and under,909,380,529
E01003908,On foot,40,79,-39
E01003908,Other method of travel to work,2,3,-1
E01003908,Passenger in a car or van,22,23,-1
E01003908,Taxi,2,0,2
E01003908,Train,57,157,-100
E01003908,"Underground, metro, light rail, tram",17,43,-26
E01003908,Work mainly at or from home,409,78,331
E01003909,Bicycle,25,47,-22
E01003909,"Bus, minibus or coach",37,52,-15
E01003909,Driving a car or van,199,375,-176
E01003909,"Motorcycle, scooter or moped",7,5,2
E01003909,Not in employment or aged 15 years and under,859,402,457
E01003909,On foot,52,73,-21
E01003909,Other method of travel to work,6,9,-3
E01003909,Passenger in a car or van,8,14,-6
E01003909,Taxi,0,2,-2
E01003909,Train,54,213,-159
E01003909,"Underground, metro, light rail, tram",22,53,-31
E01003909,Work mainly at or from home,361,59,302
E01003910,Bicycle,36,39,-3
E01003910,"Bus, minibus or coach",24,40,-16
E01003910,Driving a car or van,220,314,-94
E01003910,"Motorcycle, scooter or moped",6,14,-8
E01003910,Not in employment or aged 15 years and under,841,265,576
E01003910,On foot,43,62,-19
E01003910,Other method of travel to work,8,2,6
E01003910,Passenger in a car or van,9,10,-1
E01003910,Taxi,1,2,-1
E01003910,Train,38,151,-113
E01003910,"Underground, metro, light rail, tram",12,29,-17
E01003910,Work mainly at or from home,418,51,367
E01003911,Bicycle,63,89,-26
E01003911,"Bus, minibus or coach",280,425,-145
E01003911,Driving a car or van,106,107,-1
E01003911,"Motorcycle, scooter or moped",6,11,-5
E01003911,Not in employment or aged 15 years and under,1065,498,567
E01003911,On foot,104,109,-5
E01003911,Other method of travel to work,21,5,16
E01003911,Passenger in a car or van,14,13,1
E01003911,Taxi,0,1,-1
E01003911,Train,39,62,-23
E01003911,"Underground, metro, light rail, tram",58,104,-46
E01003911,Work mainly at or from home,338,27,311
E01003912,Bicycle,44,16,28
E01003912,"Bus, minibus or coach",237,288,-51
E01003912,Driving a car or van,98,74,24
E01003912,"Motorcycle, scooter or moped",5,4,1
E01003912,Not in employment or aged 15 years and under,1255,530,725
E01003912,On foot,66,62,4
E01003912,Other method of travel to work,6,3,3
E01003912,Passenger in a car or van,8,3,5
E01003912,Taxi,1,1,0
E01003912,Train,35,40,-5
E01003912,"Underground, metro, light rail, tram",59,66,-7
E01003912,Work mainly at or from home,138,8,130
E01003913,Bicycle,92,104,-12
E01003913,"Bus, minibus or coach",164,314,-150
E01003913,Driving a car or van,60,94,-34
E01003913,"Motorcycle, scooter or moped",9,11,-2
E01003913,Not in employment or aged 15 years and under,810,475,335
E01003913,On foot,144,148,-4
E01003913,Other method of travel to work,16,6,10
E01003913,Passenger in a car or van,1,9,-8
E01003913,Taxi,18,3,15
E01003913,Train,42,112,-70
E01003913,"Underground, metro, light rail, tram",55,152,-97
E01003913,Work mainly at or from home,632,66,566
E01003914,Bicycle,96,139,-43
E01003914,"Bus, minibus or coach",101,318,-217
E01003914,Driving a car or van,78,124,-46
E01003914,"Motorcycle, scooter or moped",6,23,-17
E01003914,Not in employment or aged 15 years and under,732,458,274
E01003914,On foot,73,83,-10
E01003914,Other method of travel to work,6,4,2
E01003914,Passenger in a car or van,7,12,-5
E01003914,Taxi,6,2,4
E01003914,Train,43,134,-91
E01003914,"Underground, metro, light rail, tram",56,114,-58
E01003914,Work mainly at or from home,648,53,595
E01003915,Bicycle,71,87,-16
E01003915,"Bus, minibus or coach",186,358,-172
E01003915,Driving a car or van,125,110,15
E01003915,"Motorcycle, scooter or moped",15,10,5
E01003915,Not in employment or aged 15 years and under,767,547,220
E01003915,On foot,80,81,-1
E01003915,Other method of travel to work,12,13,-1
E01003915,Passenger in a car or van,5,7,-2
E01003915,Taxi,4,2,2
E01003915,Train,54,127,-73
E01003915,"Underground, metro, light rail, tram",93,124,-31
E01003915,Work mainly at or from home,435,45,390
E01003916,Bicycle,129,134,-5
E01003916,"Bus, minibus or coach",288,453,-165
E01003916,Driving a car or van,116,136,-20
E01003916,"Motorcycle, scooter or moped",9,15,-6
E01003916,Not in employment or aged 15 years and under,1049,645,404
E01003916,On foot,102,93,9
E01003916,Other method of travel to work,11,4,7
E01003916,Passenger in a car or van,12,8,4
E01003916,Taxi,4,1,3
E01003916,Train,41,62,-21
E01003916,"Underground, metro, light rail, tram",91,179,-88
E01003916,Work mainly at or from home,560,32,528
E01003917,Bicycle,83,105,-22
E01003917,"Bus, minibus or coach",191,371,-180
E01003917,Driving a car or van,90,115,-25
E01003917,"Motorcycle, scooter or moped",9,14,-5
E01003917,Not in employment or aged 15 years and under,834,496,338
E01003917,On foot,95,81,14
E01003917,Other method of travel to work,3,6,-3
E01003917,Passenger in a car or van,1,7,-6
E01003917,Taxi,4,0,4
E01003917,Train,31,54,-23
E01003917,"Underground, metro, light rail, tram",40,128,-88
E01003917,Work mainly at or from home,508,36,472
E01003918,Bicycle,48,36,12
E01003918,"Bus, minibus or coach",147,324,-177
E01003918,Driving a car or van,50,72,-22
E01003918,"Motorcycle, scooter or moped",4,2,2
E01003918,Not in employment or aged 15 years and under,720,523,197
E01003918,On foot,56,64,-8
E01003918,Other method of travel to work,6,4,2
E01003918,Passenger in a car or van,5,4,1
E01003918,Taxi,3,3,0
E01003918,Train,39,59,-20
E01003918,"Underground, metro, light rail, tram",84,65,19
E01003918,Work mainly at or from home,302,17,285
E01003919,Bicycle,55,92,-37
E01003919,"Bus, minibus or coach",134,321,-187
E01003919,Driving a car or van,62,104,-42
E01003919,"Motorcycle, scooter or moped",2,16,-14
E01003919,Not in employment or aged 15 years and under,675,489,186
E01003919,On foot,70,94,-24
E01003919,Other method of travel to work,4,9,-5
E01003919,Passenger in a car or van,2,10,-8
E01003919,Taxi,3,11,-8
E01003919,Train,27,56,-29
E01003919,"Underground, metro, light rail, tram",61,184,-123
E01003919,Work mainly at or from home,469,40,429
E01003920,Bicycle,59,39,20
E01003920,"Bus, minibus or coach",308,398,-90
E01003920,Driving a car or van,95,68,27
E01003920,"Motorcycle, scooter or moped",5,7,-2
E01003920,Not in employment or aged 15 years and under,1042,528,514
E01003920,On foot,109,100,9
E01003920,Other method of travel to work,11,5,6
E01003920,Passenger in a car or van,3,5,-2
E01003920,Taxi,5,0,5
E01003920,Train,39,46,-7
E01003920,"Underground, metro, light rail, tram",82,96,-14
E01003920,Work mainly at or from home,349,26,323
E01003921,Bicycle,79,52,27
E01003921,"Bus, minibus or coach",274,309,-35
E01003921,Driving a car or van,76,65,11
E01003921,"Motorcycle, scooter or moped",10,6,4
E01003921,Not in employment or aged 15 years and under,723,474,249
E01003921,On foot,88,80,8
E01003921,Other method of travel to work,12,5,7
E01003921,Passenger in a car or van,0,3,-3
E01003921,Taxi,5,1,4
E01003921,Train,28,61,-33
E01003921,"Underground, metro, light rail, tram",63,92,-29
E01003921,Work mainly at or from home,554,16,538
E01003922,Bicycle,61,49,12
E01003922,"Bus, minibus or coach",273,415,-142
E01003922,Driving a car or van,91,101,-10
E01003922,"Motorcycle, scooter or moped",8,7,1
E01003922,Not in employment or aged 15 years and under,1068,534,534
E01003922,On foot,144,110,34
E01003922,Other method of travel to work,13,5,8
E01003922,Passenger in a car or van,10,4,6
E01003922,Taxi,9,0,9
E01003922,Train,61,79,-18
E01003922,"Underground, metro, light rail, tram",75,115,-40
E01003922,Work mainly at or from home,425,34,391
E01003923,Bicycle,65,115,-50
E01003923,"Bus, minibus or coach",185,380,-195
E01003923,Driving a car or van,78,81,-3
E01003923,"Motorcycle, scooter or moped",6,4,2
E01003923,Not in employment or aged 15 years and under,689,431,258
E01003923,On foot,68,90,-22
E01003923,Other method of travel to work,6,8,-2
E01003923,Passenger in a car or van,7,11,-4
E01003923,Taxi,0,4,-4
E01003923,Train,35,67,-32
E01003923,"Underground, metro, light rail, tram",65,172,-107
E01003923,Work mainly at or from home,429,39,390
E01003924,Bicycle,63,41,22
E01003924,"Bus, minibus or coach",346,471,-125
E01003924,Driving a car or van,122,86,36
E01003924,"Motorcycle, scooter or moped",16,6,10
E01003924,Not in employment or aged 15 years and under,1111,558,553
E01003924,On foot,58,54,4
E01003924,Other method of travel to work,15,9,6
E01003924,Passenger in a car or van,4,6,-2
E01003924,Taxi,7,0,7
E01003924,Train,35,68,-33
E01003924,"Underground, metro, light rail, tram",85,109,-24
E01003924,Work mainly at or from home,225,25,200
E01003925,Bicycle,70,46,24
E01003925,"Bus, minibus or coach",262,250,12
E01003925,Driving a car or van,90,81,9
E01003925,"Motorcycle, scooter or moped",11,3,8
E01003925,Not in employment or aged 15 years and under,948,382,566
E01003925,On foot,78,58,20
E01003925,Other method of travel to work,14,4,10
E01003925,Passenger in a car or van,7,2,5
E01003925,Taxi,3,5,-2
E01003925,Train,39,39,0
E01003925,"Underground, metro, light rail, tram",61,62,-1
E01003925,Work mainly at or from home,446,21,425
E01003926,Bicycle,38,56,-18
E01003926,"Bus, minibus or coach",181,245,-64
E01003926,Driving a car or van,64,73,-9
E01003926,"Motorcycle, scooter or moped",8,1,7
E01003926,Not in employment or aged 15 years and under,707,431,276
E01003926,On foot,44,64,-20
E01003926,Other method of travel to work,1,1,0
E01003926,Passenger in a car or van,3,6,-3
E01003926,Taxi,3,2,1
E01003926,Train,23,46,-23
E01003926,"Underground, metro, light rail, tram",66,109,-43
E01003926,Work mainly at or from home,252,17,235
E01003929,Bicycle,47,82,-35
E01003929,"Bus, minibus or coach",61,178,-117
E01003929,Driving a car or van,45,66,-21
E01003929,"Motorcycle, scooter or moped",2,9,-7
E01003929,Not in employment or aged 15 years and under,729,443,286
E01003929,On foot,141,487,-346
E01003929,Other method of travel to work,6,25,-19
E01003929,Passenger in a car or van,3,5,-2
E01003929,Taxi,6,10,-4
E01003929,Train,32,118,-86
E01003929,"Underground, metro, light rail, tram",106,399,-293
E01003929,Work mainly at or from home,819,61,758
E01003930,Bicycle,36,47,-11
E01003930,"Bus, minibus or coach",74,133,-59
E01003930,Driving a car or van,59,51,8
E01003930,"Motorcycle, scooter or moped",3,5,-2
E01003930,Not in employment or aged 15 years and under,1073,687,386
E01003930,On foot,93,163,-70
E01003930,Other method of travel to work,11,10,1
E01003930,Passenger in a car or van,8,4,4
E01003930,Taxi,8,4,4
E01003930,Train,24,35,-11
E01003930,"Underground, metro, light rail, tram",67,137,-70
E01003930,Work mainly at or from home,514,32,482
E01003932,Bicycle,49,51,-2
E01003932,"Bus, minibus or coach",115,211,-96
E01003932,Driving a car or van,55,58,-3
E01003932,"Motorcycle, scooter or moped",6,11,-5
E01003932,Not in employment or aged 15 years and under,762,579,183
E01003932,On foot,78,126,-48
E01003932,Other method of travel to work,8,10,-2
E01003932,Passenger in a car or van,3,1,2
E01003932,Taxi,4,4,0
E01003932,Train,29,61,-32
E01003932,"Underground, metro, light rail, tram",85,176,-91
E01003932,Work mainly at or from home,354,21,333
E01003933,Bicycle,60,63,-3
E01003933,"Bus, minibus or coach",96,183,-87
E01003933,Driving a car or van,64,61,3
E01003933,"Motorcycle, scooter or moped",3,5,-2
E01003933,Not in employment or aged 15 years and under,1057,728,329
E01003933,On foot,115,183,-68
E01003933,Other method of travel to work,7,7,0
E01003933,Passenger in a car or van,11,3,8
E01003933,Taxi,13,6,7
E01003933,Train,33,70,-37
E01003933,"Underground, metro, light rail, tram",108,173,-65
E01003933,Work mainly at or from home,804,33,771
E01003934,Bicycle,39,56,-17
E01003934,"Bus, minibus or coach",39,82,-43
E01003934,Driving a car or van,46,61,-15
E01003934,"Motorcycle, scooter or moped",1,6,-5
E01003934,Not in employment or aged 15 years and under,791,382,409
E01003934,On foot,144,274,-130
E01003934,Other method of travel to work,10,14,-4
E01003934,Passenger in a car or van,3,11,-8
E01003934,Taxi,5,11,-6
E01003934,Train,29,46,-17
E01003934,"Underground, metro, light rail, tram",65,171,-106
E01003934,Work mainly at or from home,777,51,726
E01003935,Bicycle,31,45,-14
E01003935,"Bus, minibus or coach",26,68,-42
E01003935,Driving a car or van,41,44,-3
E01003935,"Motorcycle, scooter or moped",7,5,2
E01003935,Not in employment or aged 15 years and under,785,589,196
E01003935,On foot,69,209,-140
E01003935,Other method of travel to work,11,5,6
E01003935,Passenger in a car or van,1,2,-1
E01003935,Taxi,2,11,-9
E01003935,Train,25,40,-15
E01003935,"Underground, metro, light rail, tram",43,120,-77
E01003935,Work mainly at or from home,241,30,211
E01003936,Bicycle,39,75,-36
E01003936,"Bus, minibus or coach",41,94,-53
E01003936,Driving a car or van,23,63,-40
E01003936,"Motorcycle, scooter or moped",0,6,-6
E01003936,Not in employment or aged 15 years and under,714,731,-17
E01003936,On foot,91,349,-258
E01003936,Other method of travel to work,9,7,2
E01003936,Passenger in a car or van,7,9,-2
E01003936,Taxi,4,2,2
E01003936,Train,15,62,-47
E01003936,"Underground, metro, light rail, tram",54,276,-222
E01003936,Work mainly at or from home,659,57,602
E01003937,Bicycle,46,84,-38
E01003937,"Bus, minibus or coach",104,227,-123
E01003937,Driving a car or van,44,67,-23
E01003937,"Motorcycle, scooter or moped",6,7,-1
E01003937,Not in employment or aged 15 years and under,552,349,203
E01003937,On foot,95,239,-144
E01003937,Other method of travel to work,8,7,1
E01003937,Passenger in a car or van,1,0,1
E01003937,Taxi,2,1,1
E01003937,Train,28,74,-46
E01003937,"Underground, metro, light rail, tram",104,293,-189
E01003937,Work mainly at or from home,546,34,512
E01003938,Bicycle,37,58,-21
E01003938,"Bus, minibus or coach",96,194,-98
E01003938,Driving a car or van,82,88,-6
E01003938,"Motorcycle, scooter or moped",3,5,-2
E01003938,Not in employment or aged 15 years and under,948,494,454
E01003938,On foot,131,228,-97
E01003938,Other method of travel to work,10,7,3
E01003938,Passenger in a car or van,7,2,5
E01003938,Taxi,5,2,3
E01003938,Train,36,78,-42
E01003938,"Underground, metro, light rail, tram",111,266,-155
E01003938,Work mainly at or from home,370,24,346
E01003939,Bicycle,45,69,-24
E01003939,"Bus, minibus or coach",70,187,-117
E01003939,Driving a car or van,51,56,-5
E01003939,"Motorcycle, scooter or moped",7,2,5
E01003939,Not in employment or aged 15 years and under,847,411,436
E01003939,On foot,158,379,-221
E01003939,Other method of travel to work,9,11,-2
E01003939,Passenger in a car or van,3,5,-2
E01003939,Taxi,15,6,9
E01003939,Train,37,98,-61
E01003939,"Underground, metro, light rail, tram",106,321,-215
E01003939,Work mainly at or from home,628,48,580
E01003940,Bicycle,36,47,-11
E01003940,"Bus, minibus or coach",130,175,-45
E01003940,Driving a car or van,84,55,29
E01003940,"Motorcycle, scooter or moped",7,7,0
E01003940,Not in employment or aged 15 years and under,822,451,371
E01003940,On foot,96,124,-28
E01003940,Other method of travel to work,9,4,5
E01003940,Passenger in a car or van,4,7,-3
E01003940,Taxi,6,5,1
E01003940,Train,38,61,-23
E01003940,"Underground, metro, light rail, tram",105,163,-58
E01003940,Work mainly at or from home,258,8,250
E01003941,Bicycle,60,126,-66
E01003941,"Bus, minibus or coach",129,246,-117
E01003941,Driving a car or van,58,78,-20
E01003941,"Motorcycle, scooter or moped",4,19,-15
E01003941,Not in employment or aged 15 years and under,697,437,260
E01003941,On foot,132,306,-174
E01003941,Other method of travel to work,17,6,11
E01003941,Passenger in a car or van,4,7,-3
E01003941,Taxi,5,4,1
E01003941,Train,21,82,-61
E01003941,"Underground, metro, light rail, tram",83,271,-188
E01003941,Work mainly at or from home,773,63,710
E01003942,Bicycle,42,46,-4
E01003942,"Bus, minibus or coach",125,219,-94
E01003942,Driving a car or van,72,59,13
E01003942,"Motorcycle, scooter or moped",2,3,-1
E01003942,Not in employment or aged 15 years and under,1128,619,509
E01003942,On foot,109,127,-18
E01003942,Other method of travel to work,5,5,0
E01003942,Passenger in a car or van,6,4,2
E01003942,Taxi,4,6,-2
E01003942,Train,33,42,-9
E01003942,"Underground, metro, light rail, tram",56,122,-66
E01003942,Work mainly at or from home,296,23,273
E01003943,Bicycle,35,24,11
E01003943,"Bus, minibus or coach",180,233,-53
E01003943,Driving a car or van,53,51,2
E01003943,"Motorcycle, scooter or moped",7,5,2
E01003943,Not in employment or aged 15 years and under,716,399,317
E01003943,On foot,88,112,-24
E01003943,Other method of travel to work,11,6,5
E01003943,Passenger in a car or van,3,6,-3
E01003943,Taxi,5,3,2
E01003943,Train,55,47,8
E01003943,"Underground, metro, light rail, tram",66,121,-55
E01003943,Work mainly at or from home,269,10,259
E01003945,Bicycle,37,53,-16
E01003945,"Bus, minibus or coach",81,154,-73
E01003945,Driving a car or van,131,180,-49
E01003945,"Motorcycle, scooter or moped",5,16,-11
E01003945,Not in employment or aged 15 years and under,806,322,484
E01003945,On foot,29,37,-8
E01003945,Other method of travel to work,7,12,-5
E01003945,Passenger in a car or van,6,7,-1
E01003945,Taxi,0,4,-4
E01003945,Train,46,259,-213
E01003945,"Underground, metro, light rail, tram",50,125,-75
E01003945,Work mainly at or from home,537,78,459
E01003946,Bicycle,25,30,-5
E01003946,"Bus, minibus or coach",83,86,-3
E01003946,Driving a car or van,136,198,-62
E01003946,"Motorcycle, scooter or moped",4,13,-9
E01003946,Not in employment or aged 15 years and under,990,422,568
E01003946,On foot,41,43,-2
E01003946,Other method of travel to work,8,11,-3
E01003946,Passenger in a car or van,5,14,-9
E01003946,Taxi,18,3,15
E01003946,Train,103,275,-172
E01003946,"Underground, metro, light rail, tram",27,69,-42
E01003946,Work mainly at or from home,457,66,391
E01003947,Bicycle,21,13,8
E01003947,"Bus, minibus or coach",98,132,-34
E01003947,Driving a car or van,137,125,12
E01003947,"Motorcycle, scooter or moped",9,8,1
E01003947,Not in employment or aged 15 years and under,972,450,522
E01003947,On foot,40,56,-16
E01003947,Other method of travel to work,8,6,2
E01003947,Passenger in a car or van,8,10,-2
E01003947,Taxi,4,2,2
E01003947,Train,91,132,-41
E01003947,"Underground, metro, light rail, tram",31,65,-34
E01003947,Work mainly at or from home,187,28,159
E01003948,Bicycle,48,40,8
E01003948,"Bus, minibus or coach",67,91,-24
E01003948,Driving a car or van,105,191,-86
E01003948,"Motorcycle, scooter or moped",9,13,-4
E01003948,Not in employment or aged 15 years and under,747,336,411
E01003948,On foot,40,27,13
E01003948,Other method of travel to work,11,4,7
E01003948,Passenger in a car or van,7,4,3
E01003948,Taxi,3,0,3
E01003948,Train,67,350,-283
E01003948,"Underground, metro, light rail, tram",57,111,-54
E01003948,Work mainly at or from home,590,52,538
E01003949,Bicycle,57,91,-34
E01003949,"Bus, minibus or coach",142,254,-112
E01003949,Driving a car or van,114,204,-90
E01003949,"Motorcycle, scooter or moped",15,27,-12
E01003949,Not in employment or aged 15 years and under,817,343,474
E01003949,On foot,40,49,-9
E01003949,Other method of travel to work,17,9,8
E01003949,Passenger in a car or van,1,12,-11
E01003949,Taxi,4,3,1
E01003949,Train,36,248,-212
E01003949,"Underground, metro, light rail, tram",44,143,-99
E01003949,Work mainly at or from home,596,90,506
E01003950,Bicycle,51,48,3
E01003950,"Bus, minibus or coach",192,299,-107
E01003950,Driving a car or van,142,182,-40
E01003950,"Motorcycle, scooter or moped",9,20,-11
E01003950,Not in employment or aged 15 years and under,1039,556,483
E01003950,On foot,55,66,-11
E01003950,Other method of travel to work,13,3,10
E01003950,Passenger in a car or van,4,11,-7
E01003950,Taxi,3,2,1
E01003950,Train,48,120,-72
E01003950,"Underground, metro, light rail, tram",74,72,2
E01003950,Work mainly at or from home,364,42,322
E01003951,Bicycle,30,43,-13
E01003951,"Bus, minibus or coach",17,52,-35
E01003951,Driving a car or van,72,175,-103
E01003951,"Motorcycle, scooter or moped",7,12,-5
E01003951,Not in employment or aged 15 years and under,836,421,415
E01003951,On foot,40,50,-10
E01003951,Other method of travel to work,7,2,5
E01003951,Passenger in a car or van,4,6,-2
E01003951,Taxi,0,3,-3
E01003951,Train,45,202,-157
E01003951,"Underground, metro, light rail, tram",48,91,-43
E01003951,Work mainly at or from home,385,61,324
E01003952,Bicycle,52,79,-27
E01003952,"Bus, minibus or coach",59,206,-147
E01003952,Driving a car or van,83,133,-50
E01003952,"Motorcycle, scooter or moped",6,20,-14
E01003952,Not in employment or aged 15 years and under,654,314,340
E01003952,On foot,65,67,-2
E01003952,Other method of travel to work,11,5,6
E01003952,Passenger in a car or van,7,8,-1
E01003952,Taxi,2,1,1
E01003952,Train,45,290,-245
E01003952,"Underground, metro, light rail, tram",44,100,-56
E01003952,Work mainly at or from home,625,72,553
E01003953,Bicycle,87,114,-27
E01003953,"Bus, minibus or coach",118,276,-158
E01003953,Driving a car or van,91,152,-61
E01003953,"Motorcycle, scooter or moped",5,22,-17
E01003953,Not in employment or aged 15 years and under,699,401,298
E01003953,On foot,73,117,-44
E01003953,Other method of travel to work,5,5,0
E01003953,Passenger in a car or van,6,7,-1
E01003953,Taxi,6,4,2
E01003953,Train,60,404,-344
E01003953,"Underground, metro, light rail, tram",41,158,-117
E01003953,Work mainly at or from home,822,74,748
E01003954,Bicycle,63,74,-11
E01003954,"Bus, minibus or coach",56,229,-173
E01003954,Driving a car or van,69,149,-80
E01003954,"Motorcycle, scooter or moped",1,24,-23
E01003954,Not in employment or aged 15 years and under,661,299,362
E01003954,On foot,50,61,-11
E01003954,Other method of travel to work,5,3,2
E01003954,Passenger in a car or van,4,3,1
E01003954,Taxi,1,1,0
E01003954,Train,40,246,-206
E01003954,"Underground, metro, light rail, tram",39,83,-44
E01003954,Work mainly at or from home,605,58,547
E01003955,Bicycle,77,111,-34
E01003955,"Bus, minibus or coach",85,252,-167
E01003955,Driving a car or van,82,148,-66
E01003955,"Motorcycle, scooter or moped",8,20,-12
E01003955,Not in employment or aged 15 years and under,807,380,427
E01003955,On foot,54,78,-24
E01003955,Other method of travel to work,14,4,10
E01003955,Passenger in a car or van,4,10,-6
E01003955,Taxi,1,3,-2
E01003955,Train,47,283,-236
E01003955,"Underground, metro, light rail, tram",44,101,-57
E01003955,Work mainly at or from home,661,64,597
E01003956,Bicycle,69,87,-18
E01003956,"Bus, minibus or coach",79,245,-166
E01003956,Driving a car or van,106,168,-62
E01003956,"Motorcycle, scooter or moped",2,22,-20
E01003956,Not in employment or aged 15 years and under,779,288,491
E01003956,On foot,57,58,-1
E01003956,Other method of travel to work,6,1,5
E01003956,Passenger in a car or van,6,6,0
E01003956,Taxi,2,4,-2
E01003956,Train,52,267,-215
E01003956,"Underground, metro, light rail, tram",33,104,-71
E01003956,Work mainly at or from home,656,68,588
E01003957,Bicycle,54,104,-50
E01003957,"Bus, minibus or coach",73,252,-179
E01003957,Driving a car or van,99,185,-86
E01003957,"Motorcycle, scooter or moped",9,15,-6
E01003957,Not in employment or aged 15 years and under,745,356,389
E01003957,On foot,66,63,3
E01003957,Other method of travel to work,13,3,10
E01003957,Passenger in a car or van,5,6,-1
E01003957,Taxi,5,1,4
E01003957,Train,35,211,-176
E01003957,"Underground, metro, light rail, tram",34,84,-50
E01003957,Work mainly at or from home,654,66,588
E01003958,Bicycle,54,79,-25
E01003958,"Bus, minibus or coach",117,258,-141
E01003958,Driving a car or van,107,193,-86
E01003958,"Motorcycle, scooter or moped",5,15,-10
E01003958,Not in employment or aged 15 years and under,922,325,597
E01003958,On foot,54,54,0
E01003958,Other method of travel to work,7,6,1
E01003958,Passenger in a car or van,7,11,-4
E01003958,Taxi,2,6,-4
E01003958,Train,36,176,-140
E01003958,"Underground, metro, light rail, tram",41,81,-40
E01003958,Work mainly at or from home,581,62,519
E01003960,Bicycle,58,86,-28
E01003960,"Bus, minibus or coach",152,284,-132
E01003960,Driving a car or van,49,97,-48
E01003960,"Motorcycle, scooter or moped",6,15,-9
E01003960,Not in employment or aged 15 years and under,757,534,223
E01003960,On foot,111,147,-36
E01003960,Other method of travel to work,9,4,5
E01003960,Passenger in a car or van,5,9,-4
E01003960,Taxi,3,5,-2
E01003960,Train,24,70,-46
E01003960,"Underground, metro, light rail, tram",92,206,-114
E01003960,Work mainly at or from home,516,28,488
E01003961,Bicycle,57,44,13
E01003961,"Bus, minibus or coach",270,363,-93
E01003961,Driving a car or van,80,107,-27
E01003961,"Motorcycle, scooter or moped",11,6,5
E01003961,Not in employment or aged 15 years and under,1172,694,478
E01003961,On foot,92,98,-6
E01003961,Other method of travel to work,7,4,3
E01003961,Passenger in a car or van,10,4,6
E01003961,Taxi,6,1,5
E01003961,Train,45,59,-14
E01003961,"Underground, metro, light rail, tram",87,124,-37
E01003961,Work mainly at or from home,235,30,205
E01003963,Bicycle,58,41,17
E01003963,"Bus, minibus or coach",214,280,-66
E01003963,Driving a car or van,62,67,-5
E01003963,"Motorcycle, scooter or moped",8,3,5
E01003963,Not in employment or aged 15 years and under,928,539,389
E01003963,On foot,93,94,-1
E01003963,Other method of travel to work,8,6,2
E01003963,Passenger in a car or van,5,4,1
E01003963,Taxi,4,1,3
E01003963,Train,34,60,-26
E01003963,"Underground, metro, light rail, tram",99,100,-1
E01003963,Work mainly at or from home,205,25,180
E01003966,Bicycle,66,42,24
E01003966,"Bus, minibus or coach",372,361,11
E01003966,Driving a car or van,104,114,-10
E01003966,"Motorcycle, scooter or moped",5,5,0
E01003966,Not in employment or aged 15 years and under,1038,650,388
E01003966,On foot,100,90,10
E01003966,Other method of travel to work,14,6,8
E01003966,Passenger in a car or van,3,6,-3
E01003966,Taxi,6,0,6
E01003966,Train,41,46,-5
E01003966,"Underground, metro, light rail, tram",89,158,-69
E01003966,Work mainly at or from home,297,21,276
E01003969,Bicycle,99,107,-8
E01003969,"Bus, minibus or coach",345,424,-79
E01003969,Driving a car or van,101,98,3
E01003969,"Motorcycle, scooter or moped",24,20,4
E01003969,Not in employment or aged 15 years and under,958,488,470
E01003969,On foot,97,98,-1
E01003969,Other method of travel to work,23,10,13
E01003969,Passenger in a car or van,6,6,0
E01003969,Taxi,5,3,2
E01003969,Train,23,52,-29
E01003969,"Underground, metro, light rail, tram",114,159,-45
E01003969,Work mainly at or from home,662,51,611
E01003971,Bicycle,22,25,-3
E01003971,"Bus, minibus or coach",152,285,-133
E01003971,Driving a car or van,70,108,-38
E01003971,"Motorcycle, scooter or moped",3,3,0
E01003971,Not in employment or aged 15 years and under,848,571,277
E01003971,On foot,42,54,-12
E01003971,Other method of travel to work,6,4,2
E01003971,Passenger in a car or van,2,7,-5
E01003971,Taxi,4,3,1
E01003971,Train,42,40,2
E01003971,"Underground, metro, light rail, tram",33,78,-45
E01003971,Work mainly at or from home,208,15,193
E01003972,Bicycle,56,65,-9
E01003972,"Bus, minibus or coach",156,352,-196
E01003972,Driving a car or van,77,109,-32
E01003972,"Motorcycle, scooter or moped",8,6,2
E01003972,Not in employment or aged 15 years and under,707,427,280
E01003972,On foot,75,107,-32
E01003972,Other method of travel to work,9,9,0
E01003972,Passenger in a car or van,2,5,-3
E01003972,Taxi,0,2,-2
E01003972,Train,18,48,-30
E01003972,"Underground, metro, light rail, tram",66,104,-38
E01003972,Work mainly at or from home,296,17,279
E01003973,Bicycle,42,63,-21
E01003973,"Bus, minibus or coach",240,356,-116
E01003973,Driving a car or van,73,72,1
E01003973,"Motorcycle, scooter or moped",11,8,3
E01003973,Not in employment or aged 15 years and under,750,429,321
E01003973,On foot,94,88,6
E01003973,Other method of travel to work,15,6,9
E01003973,Passenger in a car or van,5,10,-5
E01003973,Taxi,2,4,-2
E01003973,Train,30,42,-12
E01003973,"Underground, metro, light rail, tram",76,123,-47
E01003973,Work mainly at or from home,313,20,293
E01003975,Bicycle,31,43,-12
E01003975,"Bus, minibus or coach",99,190,-91
E01003975,Driving a car or van,95,72,23
E01003975,"Motorcycle, scooter or moped",7,4,3
E01003975,Not in employment or aged 15 years and under,899,469,430
E01003975,On foot,114,140,-26
E01003975,Other method of travel to work,6,4,2
E01003975,Passenger in a car or van,8,7,1
E01003975,Taxi,4,0,4
E01003975,Train,37,37,0
E01003975,"Underground, metro, light rail, tram",120,192,-72
E01003975,Work mainly at or from home,362,17,345
E01003976,Bicycle,80,70,10
E01003976,"Bus, minibus or coach",110,259,-149
E01003976,Driving a car or van,78,90,-12
E01003976,"Motorcycle, scooter or moped",8,11,-3
E01003976,Not in employment or aged 15 years and under,983,484,499
E01003976,On foot,150,277,-127
E01003976,Other method of travel to work,18,12,6
E01003976,Passenger in a car or van,5,9,-4
E01003976,Taxi,7,4,3
E01003976,Train,50,75,-25
E01003976,"Underground, metro, light rail, tram",106,243,-137
E01003976,Work mainly at or from home,801,42,759
E01003977,Bicycle,67,39,28
E01003977,"Bus, minibus or coach",108,206,-98
E01003977,Driving a car or van,109,94,15
E01003977,"Motorcycle, scooter or moped",6,10,-4
E01003977,Not in employment or aged 15 years and under,906,536,370
E01003977,On foot,87,126,-39
E01003977,Other method of travel to work,10,7,3
E01003977,Passenger in a car or van,6,7,-1
E01003977,Taxi,2,4,-2
E01003977,Train,27,68,-41
E01003977,"Underground, metro, light rail, tram",130,196,-66
E01003977,Work mainly at or from home,409,28,381
E01003979,Bicycle,64,73,-9
E01003979,"Bus, minibus or coach",140,315,-175
E01003979,Driving a car or van,68,70,-2
E01003979,"Motorcycle, scooter or moped",8,9,-1
E01003979,Not in employment or aged 15 years and under,905,498,407
E01003979,On foot,96,205,-109
E01003979,Other method of travel to work,7,14,-7
E01003979,Passenger in a car or van,4,3,1
E01003979,Taxi,2,5,-3
E01003979,Train,21,59,-38
E01003979,"Underground, metro, light rail, tram",95,156,-61
E01003979,Work mainly at or from home,576,35,541
E01003980,Bicycle,55,61,-6
E01003980,"Bus, minibus or coach",234,344,-110
E01003980,Driving a car or van,86,77,9
E01003980,"Motorcycle, scooter or moped",11,5,6
E01003980,Not in employment or aged 15 years and under,1022,709,313
E01003980,On foot,102,167,-65
E01003980,Other method of travel to work,11,4,7
E01003980,Passenger in a car or van,6,6,0
E01003980,Taxi,5,5,0
E01003980,Train,35,58,-23
E01003980,"Underground, metro, light rail, tram",76,144,-68
E01003980,Work mainly at or from home,354,28,326
E01003981,Bicycle,38,53,-15
E01003981,"Bus, minibus or coach",51,166,-115
E01003981,Driving a car or van,46,72,-26
E01003981,"Motorcycle, scooter or moped",0,1,-1
E01003981,Not in employment or aged 15 years and under,772,567,205
E01003981,On foot,114,256,-142
E01003981,Other method of travel to work,10,9,1
E01003981,Passenger in a car or van,2,6,-4
E01003981,Taxi,1,5,-4
E01003981,Train,19,71,-52
E01003981,"Underground, metro, light rail, tram",77,207,-130
E01003981,Work mainly at or from home,379,42,337
E01003983,Bicycle,34,33,1
E01003983,"Bus, minibus or coach",274,372,-98
E01003983,Driving a car or van,107,108,-1
E01003983,"Motorcycle, scooter or moped",21,4,17
E01003983,Not in employment or aged 15 years and under,1088,636,452
E01003983,On foot,69,82,-13
E01003983,Other method of travel to work,18,5,13
E01003983,Passenger in a car or van,10,8,2
E01003983,Taxi,0,2,-2
E01003983,Train,39,58,-19
E01003983,"Underground, metro, light rail, tram",34,77,-43
E01003983,Work mainly at or from home,180,13,167
E01003984,Bicycle,86,62,24
E01003984,"Bus, minibus or coach",230,379,-149
E01003984,Driving a car or van,142,127,15
E01003984,"Motorcycle, scooter or moped",8,21,-13
E01003984,Not in employment or aged 15 years and under,977,628,349
E01003984,On foot,66,57,9
E01003984,Other method of travel to work,11,3,8
E01003984,Passenger in a car or van,8,4,4
E01003984,Taxi,3,3,0
E01003984,Train,81,132,-51
E01003984,"Underground, metro, light rail, tram",97,142,-45
E01003984,Work mainly at or from home,576,46,530
E01003986,Bicycle,41,21,20
E01003986,"Bus, minibus or coach",105,145,-40
E01003986,Driving a car or van,76,75,1
E01003986,"Motorcycle, scooter or moped",6,1,5
E01003986,Not in employment or aged 15 years and under,873,398,475
E01003986,On foot,43,61,-18
E01003986,Other method of travel to work,16,1,15
E01003986,Passenger in a car or van,9,6,3
E01003986,Taxi,4,2,2
E01003986,Train,44,59,-15
E01003986,"Underground, metro, light rail, tram",117,104,13
E01003986,Work mainly at or from home,245,10,235
E01003987,Bicycle,72,36,36
E01003987,"Bus, minibus or coach",127,188,-61
E01003987,Driving a car or van,136,135,1
E01003987,"Motorcycle, scooter or moped",3,8,-5
E01003987,Not in employment or aged 15 years and under,966,557,409
E01003987,On foot,62,87,-25
E01003987,Other method of travel to work,24,7,17
E01003987,Passenger in a car or van,10,18,-8
E01003987,Taxi,6,3,3
E01003987,Train,49,99,-50
E01003987,"Underground, metro, light rail, tram",79,133,-54
E01003987,Work mainly at or from home,301,25,276
E01003988,Bicycle,57,52,5
E01003988,"Bus, minibus or coach",310,435,-125
E01003988,Driving a car or van,112,126,-14
E01003988,"Motorcycle, scooter or moped",11,4,7
E01003988,Not in employment or aged 15 years and under,1080,676,404
E01003988,On foot,54,66,-12
E01003988,Other method of travel to work,11,5,6
E01003988,Passenger in a car or van,11,16,-5
E01003988,Taxi,5,3,2
E01003988,Train,52,74,-22
E01003988,"Underground, metro, light rail, tram",69,134,-65
E01003988,Work mainly at or from home,251,37,214
E01003989,Bicycle,79,36,43
E01003989,"Bus, minibus or coach",336,386,-50
E01003989,Driving a car or van,129,112,17
E01003989,"Motorcycle, scooter or moped",7,4,3
E01003989,Not in employment or aged 15 years and under,1097,585,512
E01003989,On foot,69,63,6
E01003989,Other method of travel to work,17,5,12
E01003989,Passenger in a car or van,2,5,-3
E01003989,Taxi,2,0,2
E01003989,Train,58,57,1
E01003989,"Underground, metro, light rail, tram",80,88,-8
E01003989,Work mainly at or from home,385,23,362
E01003990,Bicycle,67,40,27
E01003990,"Bus, minibus or coach",314,378,-64
E01003990,Driving a car or van,197,153,44
E01003990,"Motorcycle, scooter or moped",6,3,3
E01003990,Not in employment or aged 15 years and under,1200,655,545
E01003990,On foot,69,79,-10
E01003990,Other method of travel to work,12,6,6
E01003990,Passenger in a car or van,15,8,7
E01003990,Taxi,8,2,6
E01003990,Train,37,66,-29
E01003990,"Underground, metro, light rail, tram",88,104,-16
E01003990,Work mainly at or from home,295,33,262
E01003991,Bicycle,38,28,10
E01003991,"Bus, minibus or coach",127,216,-89
E01003991,Driving a car or van,50,67,-17
E01003991,"Motorcycle, scooter or moped",3,5,-2
E01003991,Not in employment or aged 15 years and under,725,388,337
E01003991,On foot,42,59,-17
E01003991,Other method of travel to work,6,2,4
E01003991,Passenger in a car or van,3,6,-3
E01003991,Taxi,3,1,2
E01003991,Train,25,39,-14
E01003991,"Underground, metro, light rail, tram",69,103,-34
E01003991,Work mainly at or from home,186,11,175
E01003992,Bicycle,30,52,-22
E01003992,"Bus, minibus or coach",147,191,-44
E01003992,Driving a car or van,65,67,-2
E01003992,"Motorcycle, scooter or moped",7,0,7
E01003992,Not in employment or aged 15 years and under,902,458,444
E01003992,On foot,61,68,-7
E01003992,Other method of travel to work,5,1,4
E01003992,Passenger in a car or van,2,1,1
E01003992,Taxi,6,2,4
E01003992,Train,30,50,-20
E01003992,"Underground, metro, light rail, tram",96,166,-70
E01003992,Work mainly at or from home,231,13,218
E01003993,Bicycle,51,29,22
E01003993,"Bus, minibus or coach",276,317,-41
E01003993,Driving a car or van,113,90,23
E01003993,"Motorcycle, scooter or moped",9,5,4
E01003993,Not in employment or aged 15 years and under,1058,492,566
E01003993,On foot,62,66,-4
E01003993,Other method of travel to work,16,6,10
E01003993,Passenger in a car or van,3,8,-5
E01003993,Taxi,2,0,2
E01003993,Train,38,42,-4
E01003993,"Underground, metro, light rail, tram",127,162,-35
E01003993,Work mainly at or from home,260,13,247
E01003994,Bicycle,59,71,-12
E01003994,"Bus, minibus or coach",161,235,-74
E01003994,Driving a car or van,66,72,-6
E01003994,"Motorcycle, scooter or moped",4,4,0
E01003994,Not in employment or aged 15 years and under,757,469,288
E01003994,On foot,98,88,10
E01003994,Other method of travel to work,13,3,10
E01003994,Passenger in a car or van,5,8,-3
E01003994,Taxi,5,4,1
E01003994,Train,32,32,0
E01003994,"Underground, metro, light rail, tram",96,195,-99
E01003994,Work mainly at or from home,535,34,501
E01003995,Bicycle,43,67,-24
E01003995,"Bus, minibus or coach",98,193,-95
E01003995,Driving a car or van,69,52,17
E01003995,"Motorcycle, scooter or moped",7,8,-1
E01003995,Not in employment or aged 15 years and under,690,354,336
E01003995,On foot,56,111,-55
E01003995,Other method of travel to work,11,7,4
E01003995,Passenger in a car or van,4,3,1
E01003995,Taxi,5,2,3
E01003995,Train,27,58,-31
E01003995,"Underground, metro, light rail, tram",68,198,-130
E01003995,Work mainly at or from home,293,22,271
E01003997,Bicycle,46,73,-27
E01003997,"Bus, minibus or coach",79,187,-108
E01003997,Driving a car or van,52,57,-5
E01003997,"Motorcycle, scooter or moped",5,3,2
E01003997,Not in employment or aged 15 years and under,616,344,272
E01003997,On foot,55,85,-30
E01003997,Other method of travel to work,9,5,4
E01003997,Passenger in a car or van,5,4,1
E01003997,Taxi,3,0,3
E01003997,Train,19,32,-13
E01003997,"Underground, metro, light rail, tram",68,145,-77
E01003997,Work mainly at or from home,340,28,312
E01003998,Bicycle,45,100,-55
E01003998,"Bus, minibus or coach",62,126,-64
E01003998,Driving a car or van,49,55,-6
E01003998,"Motorcycle, scooter or moped",5,7,-2
E01003998,Not in employment or aged 15 years and under,612,330,282
E01003998,On foot,58,101,-43
E01003998,Other method of travel to work,10,2,8
E01003998,Passenger in a car or van,2,8,-6
E01003998,Taxi,3,3,0
E01003998,Train,18,56,-38
E01003998,"Underground, metro, light rail, tram",111,294,-183
E01003998,Work mainly at or from home,454,32,422
E01003999,Bicycle,41,61,-20
E01003999,"Bus, minibus or coach",142,178,-36
E01003999,Driving a car or van,52,74,-22
E01003999,"Motorcycle, scooter or moped",6,3,3
E01003999,Not in employment or aged 15 years and under,718,335,383
E01003999,On foot,73,76,-3
E01003999,Other method of travel to work,8,4,4
E01003999,Passenger in a car or van,3,11,-8
E01003999,Taxi,3,2,1
E01003999,Train,15,68,-53
E01003999,"Underground, metro, light rail, tram",102,283,-181
E01003999,Work mainly at or from home,330,23,307
E01004000,Bicycle,67,74,-7
E01004000,"Bus, minibus or coach",152,240,-88
E01004000,Driving a car or van,88,151,-63
E01004000,"Motorcycle, scooter or moped",4,17,-13
E01004000,Not in employment or aged 15 years and under,902,533,369
E01004000,On foot,52,70,-18
E01004000,Other method of travel to work,11,2,9
E01004000,Passenger in a car or van,6,5,1
E01004000,Taxi,6,5,1
E01004000,Train,85,238,-153
E01004000,"Underground, metro, light rail, tram",63,101,-38
E01004000,Work mainly at or from home,517,33,484
E01004001,Bicycle,36,49,-13
E01004001,"Bus, minibus or coach",114,176,-62
E01004001,Driving a car or van,119,149,-30
E01004001,"Motorcycle, scooter or moped",7,6,1
E01004001,Not in employment or aged 15 years and under,1021,556,465
E01004001,On foot,51,58,-7
E01004001,Other method of travel to work,3,5,-2
E01004001,Passenger in a car or van,8,2,6
E01004001,Taxi,4,3,1
E01004001,Train,61,139,-78
E01004001,"Underground, metro, light rail, tram",27,64,-37
E01004001,Work mainly at or from home,309,32,277
E01004002,Bicycle,78,91,-13
E01004002,"Bus, minibus or coach",55,121,-66
E01004002,Driving a car or van,97,211,-114
E01004002,"Motorcycle, scooter or moped",2,15,-13
E01004002,Not in employment or aged 15 years and under,800,393,407
E01004002,On foot,28,40,-12
E01004002,Other method of travel to work,2,7,-5
E01004002,Passenger in a car or van,9,15,-6
E01004002,Taxi,6,5,1
E01004002,Train,57,212,-155
E01004002,"Underground, metro, light rail, tram",42,93,-51
E01004002,Work mainly at or from home,536,49,487
E01004003,Bicycle,56,27,29
E01004003,"Bus, minibus or coach",208,263,-55
E01004003,Driving a car or van,119,125,-6
E01004003,"Motorcycle, scooter or moped",7,11,-4
E01004003,Not in employment or aged 15 years and under,925,562,363
E01004003,On foot,65,49,16
E01004003,Other method of travel to work,9,6,3
E01004003,Passenger in a car or van,9,16,-7
E01004003,Taxi,7,6,1
E01004003,Train,65,121,-56
E01004003,"Underground, metro, light rail, tram",66,94,-28
E01004003,Work mainly at or from home,286,32,254
E01004004,Bicycle,86,106,-20
E01004004,"Bus, minibus or coach",193,299,-106
E01004004,Driving a car or van,159,181,-22
E01004004,"Motorcycle, scooter or moped",5,22,-17
E01004004,Not in employment or aged 15 years and under,1174,650,524
E01004004,On foot,92,106,-14
E01004004,Other method of travel to work,12,6,6
E01004004,Passenger in a car or van,13,10,3
E01004004,Taxi,5,11,-6
E01004004,Train,108,301,-193
E01004004,"Underground, metro, light rail, tram",79,225,-146
E01004004,Work mainly at or from home,708,50,658
E01004005,Bicycle,64,38,26
E01004005,"Bus, minibus or coach",206,330,-124
E01004005,Driving a car or van,119,110,9
E01004005,"Motorcycle, scooter or moped",5,9,-4
E01004005,Not in employment or aged 15 years and under,1156,676,480
E01004005,On foot,71,62,9
E01004005,Other method of travel to work,8,8,0
E01004005,Passenger in a car or van,3,12,-9
E01004005,Taxi,11,2,9
E01004005,Train,85,184,-99
E01004005,"Underground, metro, light rail, tram",80,106,-26
E01004005,Work mainly at or from home,517,41,476
E01004006,Bicycle,76,87,-11
E01004006,"Bus, minibus or coach",101,256,-155
E01004006,Driving a car or van,99,159,-60
E01004006,"Motorcycle, scooter or moped",2,18,-16
E01004006,Not in employment or aged 15 years and under,864,601,263
E01004006,On foot,67,64,3
E01004006,Other method of travel to work,7,5,2
E01004006,Passenger in a car or van,6,8,-2
E01004006,Taxi,6,2,4
E01004006,Train,67,210,-143
E01004006,"Underground, metro, light rail, tram",54,133,-79
E01004006,Work mainly at or from home,508,20,488
E01004007,Bicycle,36,17,19
E01004007,"Bus, minibus or coach",192,214,-22
E01004007,Driving a car or van,116,81,35
E01004007,"Motorcycle, scooter or moped",7,5,2
E01004007,Not in employment or aged 15 years and under,772,395,377
E01004007,On foot,57,56,1
E01004007,Other method of travel to work,6,3,3
E01004007,Passenger in a car or van,3,5,-2
E01004007,Taxi,8,0,8
E01004007,Train,28,35,-7
E01004007,"Underground, metro, light rail, tram",39,57,-18
E01004007,Work mainly at or from home,180,14,166
E01004008,Bicycle,58,40,18
E01004008,"Bus, minibus or coach",282,353,-71
E01004008,Driving a car or van,125,128,-3
E01004008,"Motorcycle, scooter or moped",10,12,-2
E01004008,Not in employment or aged 15 years and under,1072,719,353
E01004008,On foot,65,82,-17
E01004008,Other method of travel to work,13,6,7
E01004008,Passenger in a car or van,7,6,1
E01004008,Taxi,5,1,4
E01004008,Train,77,118,-41
E01004008,"Underground, metro, light rail, tram",61,111,-50
E01004008,Work mainly at or from home,309,22,287
E01004010,Bicycle,55,40,15
E01004010,"Bus, minibus or coach",207,299,-92
E01004010,Driving a car or van,88,101,-13
E01004010,"Motorcycle, scooter or moped",5,6,-1
E01004010,Not in employment or aged 15 years and under,707,436,271
E01004010,On foot,48,56,-8
E01004010,Other method of travel to work,11,3,8
E01004010,Passenger in a car or van,2,9,-7
E01004010,Taxi,5,1,4
E01004010,Train,35,72,-37
E01004010,"Underground, metro, light rail, tram",67,91,-24
E01004010,Work mainly at or from home,282,25,257
E01004011,Bicycle,48,36,12
E01004011,"Bus, minibus or coach",282,406,-124
E01004011,Driving a car or van,154,125,29
E01004011,"Motorcycle, scooter or moped",1,8,-7
E01004011,Not in employment or aged 15 years and under,1097,617,480
E01004011,On foot,85,75,10
E01004011,Other method of travel to work,24,6,18
E01004011,Passenger in a car or van,8,3,5
E01004011,Taxi,5,0,5
E01004011,Train,48,82,-34
E01004011,"Underground, metro, light rail, tram",63,96,-33
E01004011,Work mainly at or from home,304,20,284
E01004012,Bicycle,101,71,30
E01004012,"Bus, minibus or coach",264,516,-252
E01004012,Driving a car or van,139,165,-26
E01004012,"Motorcycle, scooter or moped",16,18,-2
E01004012,Not in employment or aged 15 years and under,1110,652,458
E01004012,On foot,103,86,17
E01004012,Other method of travel to work,9,5,4
E01004012,Passenger in a car or van,9,10,-1
E01004012,Taxi,6,0,6
E01004012,Train,41,68,-27
E01004012,"Underground, metro, light rail, tram",99,221,-122
E01004012,Work mainly at or from home,446,25,421
E01004013,Bicycle,46,20,26
E01004013,"Bus, minibus or coach",205,347,-142
E01004013,Driving a car or van,118,105,13
E01004013,"Motorcycle, scooter or moped",4,9,-5
E01004013,Not in employment or aged 15 years and under,785,527,258
E01004013,On foot,71,56,15
E01004013,Other method of travel to work,21,5,16
E01004013,Passenger in a car or van,5,9,-4
E01004013,Taxi,5,1,4
E01004013,Train,33,57,-24
E01004013,"Underground, metro, light rail, tram",71,73,-2
E01004013,Work mainly at or from home,322,9,313
E01004014,Bicycle,62,35,27
E01004014,"Bus, minibus or coach",302,340,-38
E01004014,Driving a car or van,147,96,51
E01004014,"Motorcycle, scooter or moped",7,13,-6
E01004014,Not in employment or aged 15 years and under,1177,565,612
E01004014,On foot,75,46,29
E01004014,Other method of travel to work,18,7,11
E01004014,Passenger in a car or van,1,8,-7
E01004014,Taxi,2,0,2
E01004014,Train,46,52,-6
E01004014,"Underground, metro, light rail, tram",68,101,-33
E01004014,Work mainly at or from home,227,20,207
E01004015,Bicycle,61,83,-22
E01004015,"Bus, minibus or coach",74,229,-155
E01004015,Driving a car or van,64,169,-105
E01004015,"Motorcycle, scooter or moped",3,17,-14
E01004015,Not in employment or aged 15 years and under,893,281,612
E01004015,On foot,77,57,20
E01004015,Other method of travel to work,7,4,3
E01004015,Passenger in a car or van,1,5,-4
E01004015,Taxi,4,2,2
E01004015,Train,36,182,-146
E01004015,"Underground, metro, light rail, tram",45,92,-47
E01004015,Work mainly at or from home,539,59,480
E01004016,Bicycle,115,109,6
E01004016,"Bus, minibus or coach",95,234,-139
E01004016,Driving a car or van,172,228,-56
E01004016,"Motorcycle, scooter or moped",14,26,-12
E01004016,Not in employment or aged 15 years and under,1165,473,692
E01004016,On foot,62,46,16
E01004016,Other method of travel to work,8,1,7
E01004016,Passenger in a car or van,12,11,1
E01004016,Taxi,9,4,5
E01004016,Train,51,207,-156
E01004016,"Underground, metro, light rail, tram",62,110,-48
E01004016,Work mainly at or from home,827,55,772
E01004017,Bicycle,57,84,-27
E01004017,"Bus, minibus or coach",59,168,-109
E01004017,Driving a car or van,123,189,-66
E01004017,"Motorcycle, scooter or moped",10,14,-4
E01004017,Not in employment or aged 15 years and under,717,322,395
E01004017,On foot,49,37,12
E01004017,Other method of travel to work,11,7,4
E01004017,Passenger in a car or van,9,11,-2
E01004017,Taxi,4,4,0
E01004017,Train,35,165,-130
E01004017,"Underground, metro, light rail, tram",40,116,-76
E01004017,Work mainly at or from home,529,58,471
E01004018,Bicycle,69,115,-46
E01004018,"Bus, minibus or coach",82,286,-204
E01004018,Driving a car or van,111,218,-107
E01004018,"Motorcycle, scooter or moped",6,37,-31
E01004018,Not in employment or aged 15 years and under,766,339,427
E01004018,On foot,60,66,-6
E01004018,Other method of travel to work,9,4,5
E01004018,Passenger in a car or van,9,11,-2
E01004018,Taxi,3,3,0
E01004018,Train,38,199,-161
E01004018,"Underground, metro, light rail, tram",42,114,-72
E01004018,Work mainly at or from home,706,67,639
E01004019,Bicycle,73,92,-19
E01004019,"Bus, minibus or coach",150,339,-189
E01004019,Driving a car or van,165,254,-89
E01004019,"Motorcycle, scooter or moped",5,29,-24
E01004019,Not in employment or aged 15 years and under,967,571,396
E01004019,On foot,64,74,-10
E01004019,Other method of travel to work,10,12,-2
E01004019,Passenger in a car or van,5,16,-11
E01004019,Taxi,8,1,7
E01004019,Train,62,243,-181
E01004019,"Underground, metro, light rail, tram",29,80,-51
E01004019,Work mainly at or from home,587,41,546
E01004020,Bicycle,63,69,-6
E01004020,"Bus, minibus or coach",167,302,-135
E01004020,Driving a car or van,124,179,-55
E01004020,"Motorcycle, scooter or moped",11,13,-2
E01004020,Not in employment or aged 15 years and under,890,536,354
E01004020,On foot,45,57,-12
E01004020,Other method of travel to work,10,5,5
E01004020,Passenger in a car or van,3,11,-8
E01004020,Taxi,5,3,2
E01004020,Train,59,127,-68
E01004020,"Underground, metro, light rail, tram",38,99,-61
E01004020,Work mainly at or from home,335,33,302
E01004021,Bicycle,85,124,-39
E01004021,"Bus, minibus or coach",98,315,-217
E01004021,Driving a car or van,114,208,-94
E01004021,"Motorcycle, scooter or moped",11,23,-12
E01004021,Not in employment or aged 15 years and under,699,371,328
E01004021,On foot,70,95,-25
E01004021,Other method of travel to work,11,9,2
E01004021,Passenger in a car or van,5,9,-4
E01004021,Taxi,7,1,6
E01004021,Train,49,382,-333
E01004021,"Underground, metro, light rail, tram",48,163,-115
E01004021,Work mainly at or from home,913,67,846
E01004023,Bicycle,38,47,-9
E01004023,"Bus, minibus or coach",93,96,-3
E01004023,Driving a car or van,79,96,-17
E01004023,"Motorcycle, scooter or moped",6,6,0
E01004023,Not in employment or aged 15 years and under,745,442,303
E01004023,On foot,101,113,-12
E01004023,Other method of travel to work,5,10,-5
E01004023,Passenger in a car or van,5,10,-5
E01004023,Taxi,9,2,7
E01004023,Train,28,46,-18
E01004023,"Underground, metro, light rail, tram",165,277,-112
E01004023,Work mainly at or from home,373,27,346
E01004024,Bicycle,46,48,-2
E01004024,"Bus, minibus or coach",140,175,-35
E01004024,Driving a car or van,102,94,8
E01004024,"Motorcycle, scooter or moped",11,6,5
E01004024,Not in employment or aged 15 years and under,1021,583,438
E01004024,On foot,74,93,-19
E01004024,Other method of travel to work,6,4,2
E01004024,Passenger in a car or van,9,8,1
E01004024,Taxi,6,5,1
E01004024,Train,46,60,-14
E01004024,"Underground, metro, light rail, tram",166,315,-149
E01004024,Work mainly at or from home,342,27,315
E01004028,Bicycle,73,47,26
E01004028,"Bus, minibus or coach",129,149,-20
E01004028,Driving a car or van,96,78,18
E01004028,"Motorcycle, scooter or moped",6,11,-5
E01004028,Not in employment or aged 15 years and under,1075,452,623
E01004028,On foot,140,190,-50
E01004028,Other method of travel to work,17,3,14
E01004028,Passenger in a car or van,10,10,0
E01004028,Taxi,3,2,1
E01004028,Train,54,46,8
E01004028,"Underground, metro, light rail, tram",176,275,-99
E01004028,Work mainly at or from home,642,24,618
E01004029,Bicycle,56,77,-21
E01004029,"Bus, minibus or coach",37,121,-84
E01004029,Driving a car or van,72,113,-41
E01004029,"Motorcycle, scooter or moped",3,17,-14
E01004029,Not in employment or aged 15 years and under,641,359,282
E01004029,On foot,53,74,-21
E01004029,Other method of travel to work,11,6,5
E01004029,Passenger in a car or van,2,8,-6
E01004029,Taxi,7,4,3
E01004029,Train,44,83,-39
E01004029,"Underground, metro, light rail, tram",258,691,-433
E01004029,Work mainly at or from home,812,34,778
E01004030,Bicycle,56,59,-3
E01004030,"Bus, minibus or coach",57,107,-50
E01004030,Driving a car or van,91,98,-7
E01004030,"Motorcycle, scooter or moped",10,13,-3
E01004030,Not in employment or aged 15 years and under,612,362,250
E01004030,On foot,68,84,-16
E01004030,Other method of travel to work,13,12,1
E01004030,Passenger in a car or van,4,9,-5
E01004030,Taxi,3,6,-3
E01004030,Train,38,58,-20
E01004030,"Underground, metro, light rail, tram",129,385,-256
E01004030,Work mainly at or from home,411,44,367
E01004031,Bicycle,49,38,11
E01004031,"Bus, minibus or coach",84,132,-48
E01004031,Driving a car or van,84,86,-2
E01004031,"Motorcycle, scooter or moped",14,8,6
E01004031,Not in employment or aged 15 years and under,991,469,522
E01004031,On foot,77,71,6
E01004031,Other method of travel to work,13,7,6
E01004031,Passenger in a car or van,7,5,2
E01004031,Taxi,14,1,13
E01004031,Train,52,60,-8
E01004031,"Underground, metro, light rail, tram",284,506,-222
E01004031,Work mainly at or from home,934,31,903
E01004032,Bicycle,39,65,-26
E01004032,"Bus, minibus or coach",33,87,-54
E01004032,Driving a car or van,58,113,-55
E01004032,"Motorcycle, scooter or moped",4,8,-4
E01004032,Not in employment or aged 15 years and under,445,365,80
E01004032,On foot,40,54,-14
E01004032,Other method of travel to work,6,7,-1
E01004032,Passenger in a car or van,2,4,-2
E01004032,Taxi,12,13,-1
E01004032,Train,27,65,-38
E01004032,"Underground, metro, light rail, tram",172,686,-514
E01004032,Work mainly at or from home,657,43,614
E01004033,Bicycle,47,30,17
E01004033,"Bus, minibus or coach",104,134,-30
E01004033,Driving a car or van,92,83,9
E01004033,"Motorcycle, scooter or moped",12,9,3
E01004033,Not in employment or aged 15 years and under,1052,427,625
E01004033,On foot,72,65,7
E01004033,Other method of travel to work,15,6,9
E01004033,Passenger in a car or van,5,5,0
E01004033,Taxi,8,3,5
E01004033,Train,54,51,3
E01004033,"Underground, metro, light rail, tram",219,319,-100
E01004033,Work mainly at or from home,734,24,710
E01004034,Bicycle,46,37,9
E01004034,"Bus, minibus or coach",92,125,-33
E01004034,Driving a car or van,87,113,-26
E01004034,"Motorcycle, scooter or moped",11,4,7
E01004034,Not in employment or aged 15 years and under,789,422,367
E01004034,On foot,62,81,-19
E01004034,Other method of travel to work,8,4,4
E01004034,Passenger in a car or van,6,8,-2
E01004034,Taxi,6,2,4
E01004034,Train,38,49,-11
E01004034,"Underground, metro, light rail, tram",146,244,-98
E01004034,Work mainly at or from home,308,26,282
E01004035,Bicycle,53,48,5
E01004035,"Bus, minibus or coach",89,196,-107
E01004035,Driving a car or van,67,88,-21
E01004035,"Motorcycle, scooter or moped",9,9,0
E01004035,Not in employment or aged 15 years and under,740,478,262
E01004035,On foot,61,63,-2
E01004035,Other method of travel to work,13,10,3
E01004035,Passenger in a car or van,2,10,-8
E01004035,Taxi,1,4,-3
E01004035,Train,35,50,-15
E01004035,"Underground, metro, light rail, tram",125,204,-79
E01004035,Work mainly at or from home,232,12,220
E01004036,Bicycle,43,41,2
E01004036,"Bus, minibus or coach",135,224,-89
E01004036,Driving a car or van,94,117,-23
E01004036,"Motorcycle, scooter or moped",13,5,8
E01004036,Not in employment or aged 15 years and under,1097,690,407
E01004036,On foot,57,85,-28
E01004036,Other method of travel to work,14,9,5
E01004036,Passenger in a car or van,5,6,-1
E01004036,Taxi,4,2,2
E01004036,Train,75,92,-17
E01004036,"Underground, metro, light rail, tram",218,321,-103
E01004036,Work mainly at or from home,355,39,316
E01004037,Bicycle,56,56,0
E01004037,"Bus, minibus or coach",157,272,-115
E01004037,Driving a car or van,120,128,-8
E01004037,"Motorcycle, scooter or moped",20,9,11
E01004037,Not in employment or aged 15 years and under,952,515,437
E01004037,On foot,88,101,-13
E01004037,Other method of travel to work,13,10,3
E01004037,Passenger in a car or van,7,7,0
E01004037,Taxi,4,6,-2
E01004037,Train,59,143,-84
E01004037,"Underground, metro, light rail, tram",148,254,-106
E01004037,Work mainly at or from home,404,27,377
E01004038,Bicycle,93,79,14
E01004038,"Bus, minibus or coach",202,348,-146
E01004038,Driving a car or van,130,175,-45
E01004038,"Motorcycle, scooter or moped",22,24,-2
E01004038,Not in employment or aged 15 years and under,1075,569,506
E01004038,On foot,108,124,-16
E01004038,Other method of travel to work,15,7,8
E01004038,Passenger in a car or van,14,13,1
E01004038,Taxi,6,8,-2
E01004038,Train,44,102,-58
E01004038,"Underground, metro, light rail, tram",135,265,-130
E01004038,Work mainly at or from home,553,32,521
E01004039,Bicycle,73,81,-8
E01004039,"Bus, minibus or coach",178,432,-254
E01004039,Driving a car or van,81,138,-57
E01004039,"Motorcycle, scooter or moped",10,6,4
E01004039,Not in employment or aged 15 years and under,683,580,103
E01004039,On foot,58,86,-28
E01004039,Other method of travel to work,6,7,-1
E01004039,Passenger in a car or van,5,10,-5
E01004039,Taxi,3,9,-6
E01004039,Train,25,53,-28
E01004039,"Underground, metro, light rail, tram",69,177,-108
E01004039,Work mainly at or from home,349,22,327
E01004040,Bicycle,39,22,17
E01004040,"Bus, minibus or coach",247,235,12
E01004040,Driving a car or van,90,86,4
E01004040,"Motorcycle, scooter or moped",3,5,-2
E01004040,Not in employment or aged 15 years and under,1128,376,752
E01004040,On foot,62,39,23
E01004040,Other method of travel to work,8,3,5
E01004040,Passenger in a car or van,1,4,-3
E01004040,Taxi,2,1,1
E01004040,Train,32,45,-13
E01004040,"Underground, metro, light rail, tram",63,91,-28
E01004040,Work mainly at or from home,210,11,199
E01004041,Bicycle,51,45,6
E01004041,"Bus, minibus or coach",234,332,-98
E01004041,Driving a car or van,83,103,-20
E01004041,"Motorcycle, scooter or moped",13,8,5
E01004041,Not in employment or aged 15 years and under,834,494,340
E01004041,On foot,80,67,13
E01004041,Other method of travel to work,11,10,1
E01004041,Passenger in a car or van,3,3,0
E01004041,Taxi,3,3,0
E01004041,Train,22,38,-16
E01004041,"Underground, metro, light rail, tram",73,126,-53
E01004041,Work mainly at or from home,227,19,208
E01004042,Bicycle,44,32,12
E01004042,"Bus, minibus or coach",117,170,-53
E01004042,Driving a car or van,99,121,-22
E01004042,"Motorcycle, scooter or moped",9,13,-4
E01004042,Not in employment or aged 15 years and under,1025,593,432
E01004042,On foot,127,116,11
E01004042,Other method of travel to work,13,4,9
E01004042,Passenger in a car or van,3,6,-3
E01004042,Taxi,5,5,0
E01004042,Train,41,39,2
E01004042,"Underground, metro, light rail, tram",144,192,-48
E01004042,Work mainly at or from home,330,23,307
E01004043,Bicycle,39,67,-28
E01004043,"Bus, minibus or coach",64,160,-96
E01004043,Driving a car or van,79,106,-27
E01004043,"Motorcycle, scooter or moped",6,12,-6
E01004043,Not in employment or aged 15 years and under,627,396,231
E01004043,On foot,71,103,-32
E01004043,Other method of travel to work,7,6,1
E01004043,Passenger in a car or van,9,7,2
E01004043,Taxi,6,12,-6
E01004043,Train,17,36,-19
E01004043,"Underground, metro, light rail, tram",55,151,-96
E01004043,Work mainly at or from home,370,36,334
E01004044,Bicycle,51,30,21
E01004044,"Bus, minibus or coach",154,219,-65
E01004044,Driving a car or van,89,95,-6
E01004044,"Motorcycle, scooter or moped",7,7,0
E01004044,Not in employment or aged 15 years and under,771,427,344
E01004044,On foot,67,75,-8
E01004044,Other method of travel to work,8,4,4
E01004044,Passenger in a car or van,8,6,2
E01004044,Taxi,0,4,-4
E01004044,Train,23,39,-16
E01004044,"Underground, metro, light rail, tram",56,85,-29
E01004044,Work mainly at or from home,203,25,178
E01004045,Bicycle,33,26,7
E01004045,"Bus, minibus or coach",154,282,-128
E01004045,Driving a car or van,117,112,5
E01004045,"Motorcycle, scooter or moped",2,6,-4
E01004045,Not in employment or aged 15 years and under,866,393,473
E01004045,On foot,73,58,15
E01004045,Other method of travel to work,10,7,3
E01004045,Passenger in a car or van,4,5,-1
E01004045,Taxi,3,3,0
E01004045,Train,51,107,-56
E01004045,"Underground, metro, light rail, tram",45,56,-11
E01004045,Work mainly at or from home,227,23,204
E01004046,Bicycle,59,82,-23
E01004046,"Bus, minibus or coach",47,159,-112
E01004046,Driving a car or van,82,132,-50
E01004046,"Motorcycle, scooter or moped",1,9,-8
E01004046,Not in employment or aged 15 years and under,671,351,320
E01004046,On foot,52,66,-14
E01004046,Other method of travel to work,9,6,3
E01004046,Passenger in a car or van,4,11,-7
E01004046,Taxi,4,2,2
E01004046,Train,53,319,-266
E01004046,"Underground, metro, light rail, tram",28,86,-58
E01004046,Work mainly at or from home,550,57,493
E01004047,Bicycle,53,27,26
E01004047,"Bus, minibus or coach",216,260,-44
E01004047,Driving a car or van,83,103,-20
E01004047,"Motorcycle, scooter or moped",8,7,1
E01004047,Not in employment or aged 15 years and under,753,490,263
E01004047,On foot,107,75,32
E01004047,Other method of travel to work,10,3,7
E01004047,Passenger in a car or van,5,4,1
E01004047,Taxi,1,1,0
E01004047,Train,78,73,5
E01004047,"Underground, metro, light rail, tram",79,67,12
E01004047,Work mainly at or from home,251,18,233
E01004048,Bicycle,50,65,-15
E01004048,"Bus, minibus or coach",127,191,-64
E01004048,Driving a car or van,91,132,-41
E01004048,"Motorcycle, scooter or moped",4,17,-13
E01004048,Not in employment or aged 15 years and under,711,329,382
E01004048,On foot,125,116,9
E01004048,Other method of travel to work,4,5,-1
E01004048,Passenger in a car or van,5,5,0
E01004048,Taxi,1,1,0
E01004048,Train,54,230,-176
E01004048,"Underground, metro, light rail, tram",34,76,-42
E01004048,Work mainly at or from home,409,47,362
E01004049,Bicycle,37,33,4
E01004049,"Bus, minibus or coach",120,250,-130
E01004049,Driving a car or van,74,83,-9
E01004049,"Motorcycle, scooter or moped",7,8,-1
E01004049,Not in employment or aged 15 years and under,677,583,94
E01004049,On foot,82,92,-10
E01004049,Other method of travel to work,7,4,3
E01004049,Passenger in a car or van,3,6,-3
E01004049,Taxi,1,1,0
E01004049,Train,75,136,-61
E01004049,"Underground, metro, light rail, tram",27,68,-41
E01004049,Work mainly at or from home,240,29,211
E01004050,Bicycle,58,132,-74
E01004050,"Bus, minibus or coach",45,128,-83
E01004050,Driving a car or van,48,110,-62
E01004050,"Motorcycle, scooter or moped",7,22,-15
E01004050,Not in employment or aged 15 years and under,488,291,197
E01004050,On foot,57,72,-15
E01004050,Other method of travel to work,8,11,-3
E01004050,Passenger in a car or van,2,3,-1
E01004050,Taxi,2,0,2
E01004050,Train,42,267,-225
E01004050,"Underground, metro, light rail, tram",52,117,-65
E01004050,Work mainly at or from home,580,71,509
E01004051,Bicycle,55,104,-49
E01004051,"Bus, minibus or coach",52,124,-72
E01004051,Driving a car or van,52,79,-27
E01004051,"Motorcycle, scooter or moped",4,9,-5
E01004051,Not in employment or aged 15 years and under,503,292,211
E01004051,On foot,87,68,19
E01004051,Other method of travel to work,6,5,1
E01004051,Passenger in a car or van,1,4,-3
E01004051,Taxi,3,4,-1
E01004051,Train,43,240,-197
E01004051,"Underground, metro, light rail, tram",36,120,-84
E01004051,Work mainly at or from home,453,46,407
E01004052,Bicycle,73,115,-42
E01004052,"Bus, minibus or coach",79,197,-118
E01004052,Driving a car or van,96,136,-40
E01004052,"Motorcycle, scooter or moped",10,10,0
E01004052,Not in employment or aged 15 years and under,636,348,288
E01004052,On foot,68,70,-2
E01004052,Other method of travel to work,8,13,-5
E01004052,Passenger in a car or van,5,1,4
E01004052,Taxi,1,16,-15
E01004052,Train,63,324,-261
E01004052,"Underground, metro, light rail, tram",39,122,-83
E01004052,Work mainly at or from home,673,59,614
E01004053,Bicycle,63,73,-10
E01004053,"Bus, minibus or coach",42,158,-116
E01004053,Driving a car or van,93,160,-67
E01004053,"Motorcycle, scooter or moped",3,22,-19
E01004053,Not in employment or aged 15 years and under,571,314,257
E01004053,On foot,40,75,-35
E01004053,Other method of travel to work,10,42,-32
E01004053,Passenger in a car or van,7,10,-3
E01004053,Taxi,8,9,-1
E01004053,Train,19,74,-55
E01004053,"Underground, metro, light rail, tram",172,627,-455
E01004053,Work mainly at or from home,842,50,792
E01004054,Bicycle,56,87,-31
E01004054,"Bus, minibus or coach",76,220,-144
E01004054,Driving a car or van,72,131,-59
E01004054,"Motorcycle, scooter or moped",4,20,-16
E01004054,Not in employment or aged 15 years and under,454,263,191
E01004054,On foot,41,58,-17
E01004054,Other method of travel to work,8,69,-61
E01004054,Passenger in a car or van,4,6,-2
E01004054,Taxi,3,3,0
E01004054,Train,25,51,-26
E01004054,"Underground, metro, light rail, tram",175,505,-330
E01004054,Work mainly at or from home,608,47,561
E01004055,Bicycle,27,26,1
E01004055,"Bus, minibus or coach",76,117,-41
E01004055,Driving a car or van,106,139,-33
E01004055,"Motorcycle, scooter or moped",4,3,1
E01004055,Not in employment or aged 15 years and under,724,422,302
E01004055,On foot,51,55,-4
E01004055,Other method of travel to work,8,8,0
E01004055,Passenger in a car or van,8,13,-5
E01004055,Taxi,2,9,-7
E01004055,Train,22,30,-8
E01004055,"Underground, metro, light rail, tram",85,136,-51
E01004055,Work mainly at or from home,218,20,198
E01004056,Bicycle,66,82,-16
E01004056,"Bus, minibus or coach",100,229,-129
E01004056,Driving a car or van,163,134,29
E01004056,"Motorcycle, scooter or moped",9,24,-15
E01004056,Not in employment or aged 15 years and under,905,485,420
E01004056,On foot,35,82,-47
E01004056,Other method of travel to work,17,71,-54
E01004056,Passenger in a car or van,10,8,2
E01004056,Taxi,9,5,4
E01004056,Train,31,53,-22
E01004056,"Underground, metro, light rail, tram",204,532,-328
E01004056,Work mainly at or from home,766,47,719
E01004057,Bicycle,40,68,-28
E01004057,"Bus, minibus or coach",80,152,-72
E01004057,Driving a car or van,136,129,7
E01004057,"Motorcycle, scooter or moped",5,16,-11
E01004057,Not in employment or aged 15 years and under,942,351,591
E01004057,On foot,53,62,-9
E01004057,Other method of travel to work,17,18,-1
E01004057,Passenger in a car or van,9,7,2
E01004057,Taxi,9,7,2
E01004057,Train,31,44,-13
E01004057,"Underground, metro, light rail, tram",180,370,-190
E01004057,Work mainly at or from home,737,29,708
E01004058,Bicycle,92,98,-6
E01004058,"Bus, minibus or coach",50,124,-74
E01004058,Driving a car or van,60,122,-62
E01004058,"Motorcycle, scooter or moped",7,17,-10
E01004058,Not in employment or aged 15 years and under,398,247,151
E01004058,On foot,48,55,-7
E01004058,Other method of travel to work,20,183,-163
E01004058,Passenger in a car or van,5,4,1
E01004058,Taxi,0,6,-6
E01004058,Train,21,54,-33
E01004058,"Underground, metro, light rail, tram",169,590,-421
E01004058,Work mainly at or from home,821,70,751
E01004059,Bicycle,67,64,3
E01004059,"Bus, minibus or coach",53,112,-59
E01004059,Driving a car or van,79,89,-10
E01004059,"Motorcycle, scooter or moped",7,12,-5
E01004059,Not in employment or aged 15 years and under,625,289,336
E01004059,On foot,51,43,8
E01004059,Other method of travel to work,9,36,-27
E01004059,Passenger in a car or van,1,4,-3
E01004059,Taxi,5,4,1
E01004059,Train,35,67,-32
E01004059,"Underground, metro, light rail, tram",214,632,-418
E01004059,Work mainly at or from home,930,51,879
E01004060,Bicycle,58,48,10
E01004060,"Bus, minibus or coach",74,157,-83
E01004060,Driving a car or van,96,119,-23
E01004060,"Motorcycle, scooter or moped",13,5,8
E01004060,Not in employment or aged 15 years and under,869,446,423
E01004060,On foot,65,62,3
E01004060,Other method of travel to work,11,27,-16
E01004060,Passenger in a car or van,5,13,-8
E01004060,Taxi,4,1,3
E01004060,Train,77,76,1
E01004060,"Underground, metro, light rail, tram",190,443,-253
E01004060,Work mainly at or from home,510,37,473
E01004061,Bicycle,74,138,-64
E01004061,"Bus, minibus or coach",63,163,-100
E01004061,Driving a car or van,86,136,-50
E01004061,"Motorcycle, scooter or moped",6,8,-2
E01004061,Not in employment or aged 15 years and under,601,389,212
E01004061,On foot,63,62,1
E01004061,Other method of travel to work,10,8,2
E01004061,Passenger in a car or van,8,9,-1
E01004061,Taxi,5,4,1
E01004061,Train,66,325,-259
E01004061,"Underground, metro, light rail, tram",48,119,-71
E01004061,Work mainly at or from home,626,67,559
E01004062,Bicycle,91,80,11
E01004062,"Bus, minibus or coach",156,289,-133
E01004062,Driving a car or van,92,131,-39
E01004062,"Motorcycle, scooter or moped",9,9,0
E01004062,Not in employment or aged 15 years and under,914,500,414
E01004062,On foot,98,68,30
E01004062,Other method of travel to work,16,9,7
E01004062,Passenger in a car or van,7,6,1
E01004062,Taxi,7,4,3
E01004062,Train,79,228,-149
E01004062,"Underground, metro, light rail, tram",86,98,-12
E01004062,Work mainly at or from home,660,32,628
E01004063,Bicycle,101,131,-30
E01004063,"Bus, minibus or coach",82,182,-100
E01004063,Driving a car or van,76,111,-35
E01004063,"Motorcycle, scooter or moped",2,15,-13
E01004063,Not in employment or aged 15 years and under,713,479,234
E01004063,On foot,74,88,-14
E01004063,Other method of travel to work,7,4,3
E01004063,Passenger in a car or van,6,8,-2
E01004063,Taxi,0,3,-3
E01004063,Train,67,360,-293
E01004063,"Underground, metro, light rail, tram",48,131,-83
E01004063,Work mainly at or from home,701,58,643
E01004064,Bicycle,71,78,-7
E01004064,"Bus, minibus or coach",171,262,-91
E01004064,Driving a car or van,108,137,-29
E01004064,"Motorcycle, scooter or moped",6,8,-2
E01004064,Not in employment or aged 15 years and under,860,557,303
E01004064,On foot,72,85,-13
E01004064,Other method of travel to work,6,10,-4
E01004064,Passenger in a car or van,9,9,0
E01004064,Taxi,6,3,3
E01004064,Train,67,169,-102
E01004064,"Underground, metro, light rail, tram",63,75,-12
E01004064,Work mainly at or from home,500,43,457
E01004065,Bicycle,67,125,-58
E01004065,"Bus, minibus or coach",61,141,-80
E01004065,Driving a car or van,68,107,-39
E01004065,"Motorcycle, scooter or moped",3,19,-16
E01004065,Not in employment or aged 15 years and under,562,306,256
E01004065,On foot,65,65,0
E01004065,Other method of travel to work,4,3,1
E01004065,Passenger in a car or van,6,3,3
E01004065,Taxi,3,3,0
E01004065,Train,51,287,-236
E01004065,"Underground, metro, light rail, tram",34,89,-55
E01004065,Work mainly at or from home,581,50,531
E01004066,Bicycle,73,112,-39
E01004066,"Bus, minibus or coach",190,366,-176
E01004066,Driving a car or van,111,111,0
E01004066,"Motorcycle, scooter or moped",3,13,-10
E01004066,Not in employment or aged 15 years and under,999,579,420
E01004066,On foot,72,59,13
E01004066,Other method of travel to work,15,6,9
E01004066,Passenger in a car or van,4,11,-7
E01004066,Taxi,2,2,0
E01004066,Train,45,158,-113
E01004066,"Underground, metro, light rail, tram",55,122,-67
E01004066,Work mainly at or from home,515,77,438
E01004067,Bicycle,70,46,24
E01004067,"Bus, minibus or coach",316,452,-136
E01004067,Driving a car or van,127,116,11
E01004067,"Motorcycle, scooter or moped",12,9,3
E01004067,Not in employment or aged 15 years and under,1041,624,417
E01004067,On foot,114,87,27
E01004067,Other method of travel to work,13,4,9
E01004067,Passenger in a car or van,7,4,3
E01004067,Taxi,6,2,4
E01004067,Train,75,146,-71
E01004067,"Underground, metro, light rail, tram",83,121,-38
E01004067,Work mainly at or from home,350,30,320
E01004068,Bicycle,54,57,-3
E01004068,"Bus, minibus or coach",137,264,-127
E01004068,Driving a car or van,112,128,-16
E01004068,"Motorcycle, scooter or moped",5,10,-5
E01004068,Not in employment or aged 15 years and under,966,623,343
E01004068,On foot,70,64,6
E01004068,Other method of travel to work,13,9,4
E01004068,Passenger in a car or van,11,6,5
E01004068,Taxi,3,3,0
E01004068,Train,72,177,-105
E01004068,"Underground, metro, light rail, tram",46,85,-39
E01004068,Work mainly at or from home,414,26,388
E01004069,Bicycle,30,53,-23
E01004069,"Bus, minibus or coach",10,45,-35
E01004069,Driving a car or van,62,154,-92
E01004069,"Motorcycle, scooter or moped",5,12,-7
E01004069,Not in employment or aged 15 years and under,691,279,412
E01004069,On foot,39,57,-18
E01004069,Other method of travel to work,8,3,5
E01004069,Passenger in a car or van,4,7,-3
E01004069,Taxi,0,3,-3
E01004069,Train,31,218,-187
E01004069,"Underground, metro, light rail, tram",18,88,-70
E01004069,Work mainly at or from home,401,70,331
E01004070,Bicycle,59,90,-31
E01004070,"Bus, minibus or coach",46,117,-71
E01004070,Driving a car or van,89,134,-45
E01004070,"Motorcycle, scooter or moped",4,21,-17
E01004070,Not in employment or aged 15 years and under,968,377,591
E01004070,On foot,43,75,-32
E01004070,Other method of travel to work,4,4,0
E01004070,Passenger in a car or van,3,14,-11
E01004070,Taxi,2,4,-2
E01004070,Train,54,367,-313
E01004070,"Underground, metro, light rail, tram",39,128,-89
E01004070,Work mainly at or from home,637,107,530
E01004071,Bicycle,58,86,-28
E01004071,"Bus, minibus or coach",83,128,-45
E01004071,Driving a car or van,88,134,-46
E01004071,"Motorcycle, scooter or moped",6,9,-3
E01004071,Not in employment or aged 15 years and under,674,366,308
E01004071,On foot,57,73,-16
E01004071,Other method of travel to work,9,5,4
E01004071,Passenger in a car or van,3,9,-6
E01004071,Taxi,4,3,1
E01004071,Train,39,239,-200
E01004071,"Underground, metro, light rail, tram",37,99,-62
E01004071,Work mainly at or from home,467,47,420
E01004072,Bicycle,59,82,-23
E01004072,"Bus, minibus or coach",56,133,-77
E01004072,Driving a car or van,74,123,-49
E01004072,"Motorcycle, scooter or moped",4,16,-12
E01004072,Not in employment or aged 15 years and under,760,258,502
E01004072,On foot,60,69,-9
E01004072,Other method of travel to work,8,3,5
E01004072,Passenger in a car or van,6,7,-1
E01004072,Taxi,5,7,-2
E01004072,Train,31,191,-160
E01004072,"Underground, metro, light rail, tram",26,74,-48
E01004072,Work mainly at or from home,591,67,524
E01004073,Bicycle,60,143,-83
E01004073,"Bus, minibus or coach",44,131,-87
E01004073,Driving a car or van,72,143,-71
E01004073,"Motorcycle, scooter or moped",3,13,-10
E01004073,Not in employment or aged 15 years and under,882,315,567
E01004073,On foot,60,64,-4
E01004073,Other method of travel to work,5,7,-2
E01004073,Passenger in a car or van,5,5,0
E01004073,Taxi,2,2,0
E01004073,Train,63,364,-301
E01004073,"Underground, metro, light rail, tram",38,120,-82
E01004073,Work mainly at or from home,665,77,588
E01004074,Bicycle,69,93,-24
E01004074,"Bus, minibus or coach",23,121,-98
E01004074,Driving a car or van,51,132,-81
E01004074,"Motorcycle, scooter or moped",0,20,-20
E01004074,Not in employment or aged 15 years and under,865,358,507
E01004074,On foot,43,49,-6
E01004074,Other method of travel to work,5,9,-4
E01004074,Passenger in a car or van,2,5,-3
E01004074,Taxi,2,4,-2
E01004074,Train,60,304,-244
E01004074,"Underground, metro, light rail, tram",26,100,-74
E01004074,Work mainly at or from home,559,96,463
E01004075,Bicycle,57,111,-54
E01004075,"Bus, minibus or coach",24,88,-64
E01004075,Driving a car or van,50,223,-173
E01004075,"Motorcycle, scooter or moped",5,19,-14
E01004075,Not in employment or aged 15 years and under,863,406,457
E01004075,On foot,43,86,-43
E01004075,Other method of travel to work,4,9,-5
E01004075,Passenger in a car or van,1,17,-16
E01004075,Taxi,3,5,-2
E01004075,Train,39,328,-289
E01004075,"Underground, metro, light rail, tram",28,81,-53
E01004075,Work mainly at or from home,591,113,478
E01004076,Bicycle,18,23,-5
E01004076,"Bus, minibus or coach",66,60,6
E01004076,Driving a car or van,301,404,-103
E01004076,"Motorcycle, scooter or moped",11,12,-1
E01004076,Not in employment or aged 15 years and under,832,315,517
E01004076,On foot,46,53,-7
E01004076,Other method of travel to work,4,5,-1
E01004076,Passenger in a car or van,18,16,2
E01004076,Taxi,3,5,-2
E01004076,Train,48,105,-57
E01004076,"Underground, metro, light rail, tram",35,53,-18
E01004076,Work mainly at or from home,244,17,227
E01004077,Bicycle,12,18,-6
E01004077,"Bus, minibus or coach",56,91,-35
E01004077,Driving a car or van,334,419,-85
E01004077,"Motorcycle, scooter or moped",5,16,-11
E01004077,Not in employment or aged 15 years and under,835,359,476
E01004077,On foot,32,51,-19
E01004077,Other method of travel to work,15,4,11
E01004077,Passenger in a car or van,22,20,2
E01004077,Taxi,2,2,0
E01004077,Train,42,96,-54
E01004077,"Underground, metro, light rail, tram",20,31,-11
E01004077,Work mainly at or from home,255,29,226
E01004078,Bicycle,14,22,-8
E01004078,"Bus, minibus or coach",56,96,-40
E01004078,Driving a car or van,400,432,-32
E01004078,"Motorcycle, scooter or moped",9,25,-16
E01004078,Not in employment or aged 15 years and under,866,332,534
E01004078,On foot,59,77,-18
E01004078,Other method of travel to work,6,3,3
E01004078,Passenger in a car or van,23,22,1
E01004078,Taxi,2,1,1
E01004078,Train,39,102,-63
E01004078,"Underground, metro, light rail, tram",30,46,-16
E01004078,Work mainly at or from home,256,24,232
E01004079,Bicycle,7,20,-13
E01004079,"Bus, minibus or coach",22,58,-36
E01004079,Driving a car or van,271,415,-144
E01004079,"Motorcycle, scooter or moped",11,10,1
E01004079,Not in employment or aged 15 years and under,646,289,357
E01004079,On foot,39,37,2
E01004079,Other method of travel to work,8,9,-1
E01004079,Passenger in a car or van,12,19,-7
E01004079,Taxi,0,0,0
E01004079,Train,46,133,-87
E01004079,"Underground, metro, light rail, tram",18,22,-4
E01004079,Work mainly at or from home,312,33,279
E01004080,Bicycle,8,13,-5
E01004080,"Bus, minibus or coach",43,71,-28
E01004080,Driving a car or van,262,363,-101
E01004080,"Motorcycle, scooter or moped",6,6,0
E01004080,Not in employment or aged 15 years and under,703,281,422
E01004080,On foot,36,47,-11
E01004080,Other method of travel to work,3,4,-1
E01004080,Passenger in a car or van,21,16,5
E01004080,Taxi,5,7,-2
E01004080,Train,37,120,-83
E01004080,"Underground, metro, light rail, tram",15,20,-5
E01004080,Work mainly at or from home,251,34,217
E01004081,Bicycle,10,10,0
E01004081,"Bus, minibus or coach",48,81,-33
E01004081,Driving a car or van,311,403,-92
E01004081,"Motorcycle, scooter or moped",4,21,-17
E01004081,Not in employment or aged 15 years and under,796,273,523
E01004081,On foot,43,62,-19
E01004081,Other method of travel to work,6,5,1
E01004081,Passenger in a car or van,21,27,-6
E01004081,Taxi,6,3,3
E01004081,Train,58,130,-72
E01004081,"Underground, metro, light rail, tram",16,34,-18
E01004081,Work mainly at or from home,324,21,303
E01004082,Bicycle,11,11,0
E01004082,"Bus, minibus or coach",42,78,-36
E01004082,Driving a car or van,266,382,-116
E01004082,"Motorcycle, scooter or moped",2,9,-7
E01004082,Not in employment or aged 15 years and under,677,290,387
E01004082,On foot,38,74,-36
E01004082,Other method of travel to work,16,1,15
E01004082,Passenger in a car or van,12,24,-12
E01004082,Taxi,3,0,3
E01004082,Train,42,133,-91
E01004082,"Underground, metro, light rail, tram",16,22,-6
E01004082,Work mainly at or from home,266,21,245
E01004083,Bicycle,11,11,0
E01004083,"Bus, minibus or coach",68,112,-44
E01004083,Driving a car or van,275,287,-12
E01004083,"Motorcycle, scooter or moped",7,8,-1
E01004083,Not in employment or aged 15 years and under,886,439,447
E01004083,On foot,34,48,-14
E01004083,Other method of travel to work,9,2,7
E01004083,Passenger in a car or van,20,18,2
E01004083,Taxi,6,4,2
E01004083,Train,39,57,-18
E01004083,"Underground, metro, light rail, tram",16,19,-3
E01004083,Work mainly at or from home,132,17,115
E01004084,Bicycle,1,11,-10
E01004084,"Bus, minibus or coach",13,25,-12
E01004084,Driving a car or van,248,407,-159
E01004084,"Motorcycle, scooter or moped",2,7,-5
E01004084,Not in employment or aged 15 years and under,784,366,418
E01004084,On foot,14,22,-8
E01004084,Other method of travel to work,4,6,-2
E01004084,Passenger in a car or van,23,29,-6
E01004084,Taxi,2,2,0
E01004084,Train,38,146,-108
E01004084,"Underground, metro, light rail, tram",16,17,-1
E01004084,Work mainly at or from home,308,53,255
E01004085,Bicycle,4,11,-7
E01004085,"Bus, minibus or coach",24,55,-31
E01004085,Driving a car or van,297,436,-139
E01004085,"Motorcycle, scooter or moped",6,11,-5
E01004085,Not in employment or aged 15 years and under,830,370,460
E01004085,On foot,16,27,-11
E01004085,Other method of travel to work,6,4,2
E01004085,Passenger in a car or van,11,25,-14
E01004085,Taxi,5,4,1
E01004085,Train,45,155,-110
E01004085,"Underground, metro, light rail, tram",21,19,2
E01004085,Work mainly at or from home,349,67,282
E01004086,Bicycle,10,12,-2
E01004086,"Bus, minibus or coach",64,107,-43
E01004086,Driving a car or van,374,407,-33
E01004086,"Motorcycle, scooter or moped",11,11,0
E01004086,Not in employment or aged 15 years and under,1039,374,665
E01004086,On foot,74,58,16
E01004086,Other method of travel to work,15,1,14
E01004086,Passenger in a car or van,17,30,-13
E01004086,Taxi,3,3,0
E01004086,Train,49,121,-72
E01004086,"Underground, metro, light rail, tram",30,29,1
E01004086,Work mainly at or from home,330,33,297
E01004087,Bicycle,8,5,3
E01004087,"Bus, minibus or coach",22,57,-35
E01004087,Driving a car or van,286,425,-139
E01004087,"Motorcycle, scooter or moped",3,2,1
E01004087,Not in employment or aged 15 years and under,824,372,452
E01004087,On foot,16,36,-20
E01004087,Other method of travel to work,13,4,9
E01004087,Passenger in a car or van,10,27,-17
E01004087,Taxi,3,8,-5
E01004087,Train,47,108,-61
E01004087,"Underground, metro, light rail, tram",11,13,-2
E01004087,Work mainly at or from home,317,49,268
E01004088,Bicycle,8,15,-7
E01004088,"Bus, minibus or coach",149,170,-21
E01004088,Driving a car or van,325,328,-3
E01004088,"Motorcycle, scooter or moped",10,7,3
E01004088,Not in employment or aged 15 years and under,1174,556,618
E01004088,On foot,54,58,-4
E01004088,Other method of travel to work,3,6,-3
E01004088,Passenger in a car or van,21,22,-1
E01004088,Taxi,4,2,2
E01004088,Train,52,59,-7
E01004088,"Underground, metro, light rail, tram",8,13,-5
E01004088,Work mainly at or from home,134,14,120
E01004089,Bicycle,4,11,-7
E01004089,"Bus, minibus or coach",71,100,-29
E01004089,Driving a car or van,248,254,-6
E01004089,"Motorcycle, scooter or moped",7,6,1
E01004089,Not in employment or aged 15 years and under,801,346,455
E01004089,On foot,34,24,10
E01004089,Other method of travel to work,6,3,3
E01004089,Passenger in a car or van,15,38,-23
E01004089,Taxi,3,4,-1
E01004089,Train,25,58,-33
E01004089,"Underground, metro, light rail, tram",15,17,-2
E01004089,Work mainly at or from home,118,19,99
E01004090,Bicycle,13,8,5
E01004090,"Bus, minibus or coach",86,81,5
E01004090,Driving a car or van,216,189,27
E01004090,"Motorcycle, scooter or moped",6,3,3
E01004090,Not in employment or aged 15 years and under,791,354,437
E01004090,On foot,50,49,1
E01004090,Other method of travel to work,7,4,3
E01004090,Passenger in a car or van,14,13,1
E01004090,Taxi,3,4,-1
E01004090,Train,49,91,-42
E01004090,"Underground, metro, light rail, tram",17,13,4
E01004090,Work mainly at or from home,97,22,75
E01004091,Bicycle,4,8,-4
E01004091,"Bus, minibus or coach",11,26,-15
E01004091,Driving a car or van,185,340,-155
E01004091,"Motorcycle, scooter or moped",1,9,-8
E01004091,Not in employment or aged 15 years and under,688,312,376
E01004091,On foot,24,40,-16
E01004091,Other method of travel to work,5,4,1
E01004091,Passenger in a car or van,14,24,-10
E01004091,Taxi,1,2,-1
E01004091,Train,33,143,-110
E01004091,"Underground, metro, light rail, tram",6,6,0
E01004091,Work mainly at or from home,309,57,252
E01004092,Bicycle,7,8,-1
E01004092,"Bus, minibus or coach",22,36,-14
E01004092,Driving a car or van,212,337,-125
E01004092,"Motorcycle, scooter or moped",2,4,-2
E01004092,Not in employment or aged 15 years and under,796,359,437
E01004092,On foot,39,56,-17
E01004092,Other method of travel to work,13,8,5
E01004092,Passenger in a car or van,13,22,-9
E01004092,Taxi,2,2,0
E01004092,Train,42,200,-158
E01004092,"Underground, metro, light rail, tram",14,15,-1
E01004092,Work mainly at or from home,344,51,293
E01004093,Bicycle,7,12,-5
E01004093,"Bus, minibus or coach",25,28,-3
E01004093,Driving a car or van,230,373,-143
E01004093,"Motorcycle, scooter or moped",3,8,-5
E01004093,Not in employment or aged 15 years and under,951,312,639
E01004093,On foot,28,56,-28
E01004093,Other method of travel to work,6,3,3
E01004093,Passenger in a car or van,9,16,-7
E01004093,Taxi,7,6,1
E01004093,Train,50,214,-164
E01004093,"Underground, metro, light rail, tram",13,20,-7
E01004093,Work mainly at or from home,387,57,330
E01004094,Bicycle,16,18,-2
E01004094,"Bus, minibus or coach",43,70,-27
E01004094,Driving a car or van,309,426,-117
E01004094,"Motorcycle, scooter or moped",3,8,-5
E01004094,Not in employment or aged 15 years and under,900,265,635
E01004094,On foot,74,86,-12
E01004094,Other method of travel to work,7,4,3
E01004094,Passenger in a car or van,15,14,1
E01004094,Taxi,3,7,-4
E01004094,Train,61,231,-170
E01004094,"Underground, metro, light rail, tram",22,16,6
E01004094,Work mainly at or from home,412,54,358
E01004095,Bicycle,7,19,-12
E01004095,"Bus, minibus or coach",21,35,-14
E01004095,Driving a car or van,211,364,-153
E01004095,"Motorcycle, scooter or moped",7,8,-1
E01004095,Not in employment or aged 15 years and under,801,339,462
E01004095,On foot,26,63,-37
E01004095,Other method of travel to work,9,2,7
E01004095,Passenger in a car or van,20,15,5
E01004095,Taxi,2,3,-1
E01004095,Train,49,234,-185
E01004095,"Underground, metro, light rail, tram",9,13,-4
E01004095,Work mainly at or from home,404,64,340
E01004096,Bicycle,9,13,-4
E01004096,"Bus, minibus or coach",74,56,18
E01004096,Driving a car or van,249,368,-119
E01004096,"Motorcycle, scooter or moped",7,6,1
E01004096,Not in employment or aged 15 years and under,685,290,395
E01004096,On foot,77,61,16
E01004096,Other method of travel to work,9,2,7
E01004096,Passenger in a car or van,15,21,-6
E01004096,Taxi,6,3,3
E01004096,Train,91,221,-130
E01004096,"Underground, metro, light rail, tram",27,35,-8
E01004096,Work mainly at or from home,309,26,283
E01004097,Bicycle,13,24,-11
E01004097,"Bus, minibus or coach",32,62,-30
E01004097,Driving a car or van,286,443,-157
E01004097,"Motorcycle, scooter or moped",7,13,-6
E01004097,Not in employment or aged 15 years and under,790,301,489
E01004097,On foot,47,60,-13
E01004097,Other method of travel to work,8,7,1
E01004097,Passenger in a car or van,19,29,-10
E01004097,Taxi,3,2,1
E01004097,Train,50,214,-164
E01004097,"Underground, metro, light rail, tram",18,24,-6
E01004097,Work mainly at or from home,380,58,322
E01004098,Bicycle,11,19,-8
E01004098,"Bus, minibus or coach",19,36,-17
E01004098,Driving a car or van,205,266,-61
E01004098,"Motorcycle, scooter or moped",1,12,-11
E01004098,Not in employment or aged 15 years and under,631,251,380
E01004098,On foot,38,40,-2
E01004098,Other method of travel to work,5,7,-2
E01004098,Passenger in a car or van,9,16,-7
E01004098,Taxi,4,1,3
E01004098,Train,52,186,-134
E01004098,"Underground, metro, light rail, tram",10,15,-5
E01004098,Work mainly at or from home,319,48,271
E01004099,Bicycle,16,29,-13
E01004099,"Bus, minibus or coach",48,66,-18
E01004099,Driving a car or van,239,306,-67
E01004099,"Motorcycle, scooter or moped",10,18,-8
E01004099,Not in employment or aged 15 years and under,757,266,491
E01004099,On foot,56,53,3
E01004099,Other method of travel to work,4,6,-2
E01004099,Passenger in a car or van,14,17,-3
E01004099,Taxi,4,2,2
E01004099,Train,82,249,-167
E01004099,"Underground, metro, light rail, tram",17,37,-20
E01004099,Work mainly at or from home,369,35,334
E01004100,Bicycle,15,26,-11
E01004100,"Bus, minibus or coach",40,46,-6
E01004100,Driving a car or van,223,315,-92
E01004100,"Motorcycle, scooter or moped",5,9,-4
E01004100,Not in employment or aged 15 years and under,775,288,487
E01004100,On foot,51,77,-26
E01004100,Other method of travel to work,2,1,1
E01004100,Passenger in a car or van,13,23,-10
E01004100,Taxi,5,2,3
E01004100,Train,53,147,-94
E01004100,"Underground, metro, light rail, tram",20,17,3
E01004100,Work mainly at or from home,326,39,287
E01004101,Bicycle,10,17,-7
E01004101,"Bus, minibus or coach",35,39,-4
E01004101,Driving a car or van,256,341,-85
E01004101,"Motorcycle, scooter or moped",5,13,-8
E01004101,Not in employment or aged 15 years and under,705,308,397
E01004101,On foot,38,65,-27
E01004101,Other method of travel to work,5,2,3
E01004101,Passenger in a car or van,15,20,-5
E01004101,Taxi,3,5,-2
E01004101,Train,29,120,-91
E01004101,"Underground, metro, light rail, tram",11,23,-12
E01004101,Work mainly at or from home,293,40,253
E01004102,Bicycle,9,22,-13
E01004102,"Bus, minibus or coach",29,49,-20
E01004102,Driving a car or van,222,295,-73
E01004102,"Motorcycle, scooter or moped",6,12,-6
E01004102,Not in employment or aged 15 years and under,732,279,453
E01004102,On foot,49,70,-21
E01004102,Other method of travel to work,4,7,-3
E01004102,Passenger in a car or van,14,19,-5
E01004102,Taxi,0,4,-4
E01004102,Train,57,184,-127
E01004102,"Underground, metro, light rail, tram",18,16,2
E01004102,Work mainly at or from home,377,43,334
E01004103,Bicycle,13,21,-8
E01004103,"Bus, minibus or coach",72,82,-10
E01004103,Driving a car or van,299,404,-105
E01004103,"Motorcycle, scooter or moped",9,13,-4
E01004103,Not in employment or aged 15 years and under,798,289,509
E01004103,On foot,67,107,-40
E01004103,Other method of travel to work,3,6,-3
E01004103,Passenger in a car or van,23,26,-3
E01004103,Taxi,1,1,0
E01004103,Train,66,206,-140
E01004103,"Underground, metro, light rail, tram",30,46,-16
E01004103,Work mainly at or from home,397,37,360
E01004104,Bicycle,11,15,-4
E01004104,"Bus, minibus or coach",17,33,-16
E01004104,Driving a car or van,215,374,-159
E01004104,"Motorcycle, scooter or moped",5,6,-1
E01004104,Not in employment or aged 15 years and under,842,335,507
E01004104,On foot,53,54,-1
E01004104,Other method of travel to work,7,2,5
E01004104,Passenger in a car or van,15,11,4
E01004104,Taxi,2,4,-2
E01004104,Train,43,194,-151
E01004104,"Underground, metro, light rail, tram",8,12,-4
E01004104,Work mainly at or from home,348,44,304
E01004105,Bicycle,9,22,-13
E01004105,"Bus, minibus or coach",22,33,-11
E01004105,Driving a car or van,289,491,-202
E01004105,"Motorcycle, scooter or moped",4,12,-8
E01004105,Not in employment or aged 15 years and under,960,361,599
E01004105,On foot,47,63,-16
E01004105,Other method of travel to work,6,4,2
E01004105,Passenger in a car or van,22,23,-1
E01004105,Taxi,1,6,-5
E01004105,Train,61,241,-180
E01004105,"Underground, metro, light rail, tram",8,17,-9
E01004105,Work mainly at or from home,438,59,379
E01004106,Bicycle,12,16,-4
E01004106,"Bus, minibus or coach",8,20,-12
E01004106,Driving a car or van,222,391,-169
E01004106,"Motorcycle, scooter or moped",7,11,-4
E01004106,Not in employment or aged 15 years and under,866,364,502
E01004106,On foot,30,45,-15
E01004106,Other method of travel to work,4,10,-6
E01004106,Passenger in a car or van,15,22,-7
E01004106,Taxi,2,4,-2
E01004106,Train,43,165,-122
E01004106,"Underground, metro, light rail, tram",8,18,-10
E01004106,Work mainly at or from home,407,89,318
E01004107,Bicycle,12,14,-2
E01004107,"Bus, minibus or coach",50,72,-22
E01004107,Driving a car or van,297,398,-101
E01004107,"Motorcycle, scooter or moped",9,13,-4
E01004107,Not in employment or aged 15 years and under,834,326,508
E01004107,On foot,45,40,5
E01004107,Other method of travel to work,8,2,6
E01004107,Passenger in a car or van,18,30,-12
E01004107,Taxi,2,3,-1
E01004107,Train,46,148,-102
E01004107,"Underground, metro, light rail, tram",18,17,1
E01004107,Work mainly at or from home,283,40,243
E01004108,Bicycle,9,9,0
E01004108,"Bus, minibus or coach",15,48,-33
E01004108,Driving a car or van,379,467,-88
E01004108,"Motorcycle, scooter or moped",5,16,-11
E01004108,Not in employment or aged 15 years and under,957,317,640
E01004108,On foot,35,45,-10
E01004108,Other method of travel to work,17,8,9
E01004108,Passenger in a car or van,26,16,10
E01004108,Taxi,2,3,-1
E01004108,Train,51,142,-91
E01004108,"Underground, metro, light rail, tram",15,18,-3
E01004108,Work mainly at or from home,456,71,385
E01004109,Bicycle,4,8,-4
E01004109,"Bus, minibus or coach",50,55,-5
E01004109,Driving a car or van,338,457,-119
E01004109,"Motorcycle, scooter or moped",10,12,-2
E01004109,Not in employment or aged 15 years and under,895,383,512
E01004109,On foot,22,37,-15
E01004109,Other method of travel to work,11,1,10
E01004109,Passenger in a car or van,25,30,-5
E01004109,Taxi,4,5,-1
E01004109,Train,54,134,-80
E01004109,"Underground, metro, light rail, tram",8,12,-4
E01004109,Work mainly at or from home,294,36,258
E01004110,Bicycle,11,24,-13
E01004110,"Bus, minibus or coach",67,87,-20
E01004110,Driving a car or van,318,423,-105
E01004110,"Motorcycle, scooter or moped",5,8,-3
E01004110,Not in employment or aged 15 years and under,1032,378,654
E01004110,On foot,65,88,-23
E01004110,Other method of travel to work,12,3,9
E01004110,Passenger in a car or van,18,14,4
E01004110,Taxi,8,5,3
E01004110,Train,78,221,-143
E01004110,"Underground, metro, light rail, tram",26,32,-6
E01004110,Work mainly at or from home,400,60,340
E01004111,Bicycle,11,20,-9
E01004111,"Bus, minibus or coach",36,81,-45
E01004111,Driving a car or van,301,347,-46
E01004111,"Motorcycle, scooter or moped",8,14,-6
E01004111,Not in employment or aged 15 years and under,862,289,573
E01004111,On foot,52,54,-2
E01004111,Other method of travel to work,10,3,7
E01004111,Passenger in a car or van,20,31,-11
E01004111,Taxi,3,4,-1
E01004111,Train,46,118,-72
E01004111,"Underground, metro, light rail, tram",19,32,-13
E01004111,Work mainly at or from home,320,34,286
E01004112,Bicycle,12,13,-1
E01004112,"Bus, minibus or coach",16,33,-17
E01004112,Driving a car or van,211,382,-171
E01004112,"Motorcycle, scooter or moped",3,11,-8
E01004112,Not in employment or aged 15 years and under,887,331,556
E01004112,On foot,43,54,-11
E01004112,Other method of travel to work,8,4,4
E01004112,Passenger in a car or van,9,15,-6
E01004112,Taxi,0,3,-3
E01004112,Train,71,219,-148
E01004112,"Underground, metro, light rail, tram",11,19,-8
E01004112,Work mainly at or from home,391,57,334
E01004114,Bicycle,7,3,4
E01004114,"Bus, minibus or coach",10,11,-1
E01004114,Driving a car or van,287,454,-167
E01004114,"Motorcycle, scooter or moped",2,4,-2
E01004114,Not in employment or aged 15 years and under,1005,440,565
E01004114,On foot,14,28,-14
E01004114,Other method of travel to work,4,5,-1
E01004114,Passenger in a car or van,14,27,-13
E01004114,Taxi,2,2,0
E01004114,Train,41,127,-86
E01004114,"Underground, metro, light rail, tram",14,14,0
E01004114,Work mainly at or from home,382,97,285
E01004115,Bicycle,17,14,3
E01004115,"Bus, minibus or coach",36,74,-38
E01004115,Driving a car or van,378,497,-119
E01004115,"Motorcycle, scooter or moped",10,16,-6
E01004115,Not in employment or aged 15 years and under,900,331,569
E01004115,On foot,61,60,1
E01004115,Other method of travel to work,10,4,6
E01004115,Passenger in a car or van,30,27,3
E01004115,Taxi,5,8,-3
E01004115,Train,52,98,-46
E01004115,"Underground, metro, light rail, tram",35,76,-41
E01004115,Work mainly at or from home,306,34,272
E01004116,Bicycle,8,16,-8
E01004116,"Bus, minibus or coach",24,37,-13
E01004116,Driving a car or van,276,394,-118
E01004116,"Motorcycle, scooter or moped",3,13,-10
E01004116,Not in employment or aged 15 years and under,855,345,510
E01004116,On foot,21,34,-13
E01004116,Other method of travel to work,12,4,8
E01004116,Passenger in a car or van,12,28,-16
E01004116,Taxi,2,5,-3
E01004116,Train,25,115,-90
E01004116,"Underground, metro, light rail, tram",28,49,-21
E01004116,Work mainly at or from home,315,37,278
E01004117,Bicycle,9,24,-15
E01004117,"Bus, minibus or coach",29,34,-5
E01004117,Driving a car or van,286,424,-138
E01004117,"Motorcycle, scooter or moped",10,18,-8
E01004117,Not in employment or aged 15 years and under,635,260,375
E01004117,On foot,39,46,-7
E01004117,Other method of travel to work,1,3,-2
E01004117,Passenger in a car or van,16,28,-12
E01004117,Taxi,2,10,-8
E01004117,Train,53,167,-114
E01004117,"Underground, metro, light rail, tram",15,18,-3
E01004117,Work mainly at or from home,333,37,296
E01004118,Bicycle,13,19,-6
E01004118,"Bus, minibus or coach",75,109,-34
E01004118,Driving a car or van,343,431,-88
E01004118,"Motorcycle, scooter or moped",3,18,-15
E01004118,Not in employment or aged 15 years and under,925,363,562
E01004118,On foot,55,69,-14
E01004118,Other method of travel to work,8,2,6
E01004118,Passenger in a car or van,23,30,-7
E01004118,Taxi,7,4,3
E01004118,Train,28,84,-56
E01004118,"Underground, metro, light rail, tram",48,60,-12
E01004118,Work mainly at or from home,285,37,248
E01004119,Bicycle,15,18,-3
E01004119,"Bus, minibus or coach",46,70,-24
E01004119,Driving a car or van,302,440,-138
E01004119,"Motorcycle, scooter or moped",13,7,6
E01004119,Not in employment or aged 15 years and under,699,259,440
E01004119,On foot,45,52,-7
E01004119,Other method of travel to work,7,10,-3
E01004119,Passenger in a car or van,20,28,-8
E01004119,Taxi,7,11,-4
E01004119,Train,11,60,-49
E01004119,"Underground, metro, light rail, tram",35,74,-39
E01004119,Work mainly at or from home,245,31,214
E01004120,Bicycle,9,23,-14
E01004120,"Bus, minibus or coach",27,64,-37
E01004120,Driving a car or van,300,458,-158
E01004120,"Motorcycle, scooter or moped",7,9,-2
E01004120,Not in employment or aged 15 years and under,757,317,440
E01004120,On foot,41,56,-15
E01004120,Other method of travel to work,6,4,2
E01004120,Passenger in a car or van,26,32,-6
E01004120,Taxi,1,4,-3
E01004120,Train,25,80,-55
E01004120,"Underground, metro, light rail, tram",23,44,-21
E01004120,Work mainly at or from home,287,42,245
E01004121,Bicycle,15,17,-2
E01004121,"Bus, minibus or coach",41,75,-34
E01004121,Driving a car or van,221,316,-95
E01004121,"Motorcycle, scooter or moped",7,11,-4
E01004121,Not in employment or aged 15 years and under,793,315,478
E01004121,On foot,45,73,-28
E01004121,Other method of travel to work,10,6,4
E01004121,Passenger in a car or van,16,26,-10
E01004121,Taxi,0,3,-3
E01004121,Train,61,240,-179
E01004121,"Underground, metro, light rail, tram",17,35,-18
E01004121,Work mainly at or from home,363,36,327
E01004122,Bicycle,9,13,-4
E01004122,"Bus, minibus or coach",25,51,-26
E01004122,Driving a car or van,215,345,-130
E01004122,"Motorcycle, scooter or moped",2,9,-7
E01004122,Not in employment or aged 15 years and under,708,280,428
E01004122,On foot,29,39,-10
E01004122,Other method of travel to work,11,1,10
E01004122,Passenger in a car or van,16,22,-6
E01004122,Taxi,2,5,-3
E01004122,Train,37,149,-112
E01004122,"Underground, metro, light rail, tram",12,41,-29
E01004122,Work mainly at or from home,327,48,279
E01004123,Bicycle,15,17,-2
E01004123,"Bus, minibus or coach",164,183,-19
E01004123,Driving a car or van,390,434,-44
E01004123,"Motorcycle, scooter or moped",13,15,-2
E01004123,Not in employment or aged 15 years and under,1175,523,652
E01004123,On foot,117,128,-11
E01004123,Other method of travel to work,10,11,-1
E01004123,Passenger in a car or van,30,42,-12
E01004123,Taxi,5,5,0
E01004123,Train,32,60,-28
E01004123,"Underground, metro, light rail, tram",91,109,-18
E01004123,Work mainly at or from home,230,23,207
E01004124,Bicycle,21,26,-5
E01004124,"Bus, minibus or coach",108,131,-23
E01004124,Driving a car or van,384,395,-11
E01004124,"Motorcycle, scooter or moped",15,13,2
E01004124,Not in employment or aged 15 years and under,1028,436,592
E01004124,On foot,79,66,13
E01004124,Other method of travel to work,13,7,6
E01004124,Passenger in a car or van,35,36,-1
E01004124,Taxi,6,5,1
E01004124,Train,41,67,-26
E01004124,"Underground, metro, light rail, tram",75,97,-22
E01004124,Work mainly at or from home,204,15,189
E01004125,Bicycle,17,11,6
E01004125,"Bus, minibus or coach",91,111,-20
E01004125,Driving a car or van,298,341,-43
E01004125,"Motorcycle, scooter or moped",3,12,-9
E01004125,Not in employment or aged 15 years and under,881,384,497
E01004125,On foot,61,72,-11
E01004125,Other method of travel to work,11,3,8
E01004125,Passenger in a car or van,26,25,1
E01004125,Taxi,6,3,3
E01004125,Train,9,34,-25
E01004125,"Underground, metro, light rail, tram",52,84,-32
E01004125,Work mainly at or from home,152,8,144
E01004126,Bicycle,13,7,6
E01004126,"Bus, minibus or coach",83,106,-23
E01004126,Driving a car or van,307,321,-14
E01004126,"Motorcycle, scooter or moped",13,8,5
E01004126,Not in employment or aged 15 years and under,828,369,459
E01004126,On foot,72,74,-2
E01004126,Other method of travel to work,3,1,2
E01004126,Passenger in a car or van,23,36,-13
E01004126,Taxi,2,3,-1
E01004126,Train,28,25,3
E01004126,"Underground, metro, light rail, tram",53,60,-7
E01004126,Work mainly at or from home,144,14,130
E01004127,Bicycle,8,13,-5
E01004127,"Bus, minibus or coach",75,116,-41
E01004127,Driving a car or van,404,414,-10
E01004127,"Motorcycle, scooter or moped",12,10,2
E01004127,Not in employment or aged 15 years and under,936,364,572
E01004127,On foot,44,64,-20
E01004127,Other method of travel to work,9,2,7
E01004127,Passenger in a car or van,31,22,9
E01004127,Taxi,4,5,-1
E01004127,Train,35,55,-20
E01004127,"Underground, metro, light rail, tram",61,80,-19
E01004127,Work mainly at or from home,222,12,210
E01004128,Bicycle,17,12,5
E01004128,"Bus, minibus or coach",79,113,-34
E01004128,Driving a car or van,307,345,-38
E01004128,"Motorcycle, scooter or moped",14,15,-1
E01004128,Not in employment or aged 15 years and under,714,346,368
E01004128,On foot,87,129,-42
E01004128,Other method of travel to work,17,13,4
E01004128,Passenger in a car or van,23,19,4
E01004128,Taxi,4,2,2
E01004128,Train,23,29,-6
E01004128,"Underground, metro, light rail, tram",34,54,-20
E01004128,Work mainly at or from home,130,11,119
E01004129,Bicycle,19,16,3
E01004129,"Bus, minibus or coach",119,129,-10
E01004129,Driving a car or van,299,336,-37
E01004129,"Motorcycle, scooter or moped",13,15,-2
E01004129,Not in employment or aged 15 years and under,1046,486,560
E01004129,On foot,83,72,11
E01004129,Other method of travel to work,9,2,7
E01004129,Passenger in a car or van,33,28,5
E01004129,Taxi,2,1,1
E01004129,Train,26,37,-11
E01004129,"Underground, metro, light rail, tram",68,104,-36
E01004129,Work mainly at or from home,168,17,151
E01004130,Bicycle,15,16,-1
E01004130,"Bus, minibus or coach",49,71,-22
E01004130,Driving a car or van,377,443,-66
E01004130,"Motorcycle, scooter or moped",9,9,0
E01004130,Not in employment or aged 15 years and under,868,340,528
E01004130,On foot,54,76,-22
E01004130,Other method of travel to work,11,10,1
E01004130,Passenger in a car or van,26,26,0
E01004130,Taxi,8,5,3
E01004130,Train,24,60,-36
E01004130,"Underground, metro, light rail, tram",50,88,-38
E01004130,Work mainly at or from home,279,26,253
E01004131,Bicycle,9,15,-6
E01004131,"Bus, minibus or coach",65,99,-34
E01004131,Driving a car or van,369,431,-62
E01004131,"Motorcycle, scooter or moped",14,16,-2
E01004131,Not in employment or aged 15 years and under,925,341,584
E01004131,On foot,64,73,-9
E01004131,Other method of travel to work,17,8,9
E01004131,Passenger in a car or van,35,23,12
E01004131,Taxi,1,8,-7
E01004131,Train,30,44,-14
E01004131,"Underground, metro, light rail, tram",67,90,-23
E01004131,Work mainly at or from home,289,16,273
E01004132,Bicycle,12,20,-8
E01004132,"Bus, minibus or coach",30,79,-49
E01004132,Driving a car or van,369,448,-79
E01004132,"Motorcycle, scooter or moped",8,15,-7
E01004132,Not in employment or aged 15 years and under,653,266,387
E01004132,On foot,50,74,-24
E01004132,Other method of travel to work,6,3,3
E01004132,Passenger in a car or van,23,29,-6
E01004132,Taxi,2,7,-5
E01004132,Train,11,36,-25
E01004132,"Underground, metro, light rail, tram",37,71,-34
E01004132,Work mainly at or from home,281,25,256
E01004133,Bicycle,8,10,-2
E01004133,"Bus, minibus or coach",46,50,-4
E01004133,Driving a car or van,365,473,-108
E01004133,"Motorcycle, scooter or moped",7,12,-5
E01004133,Not in employment or aged 15 years and under,751,275,476
E01004133,On foot,55,58,-3
E01004133,Other method of travel to work,8,3,5
E01004133,Passenger in a car or van,21,36,-15
E01004133,Taxi,3,10,-7
E01004133,Train,22,47,-25
E01004133,"Underground, metro, light rail, tram",33,50,-17
E01004133,Work mainly at or from home,254,30,224
E01004134,Bicycle,5,14,-9
E01004134,"Bus, minibus or coach",63,79,-16
E01004134,Driving a car or van,288,392,-104
E01004134,"Motorcycle, scooter or moped",10,13,-3
E01004134,Not in employment or aged 15 years and under,834,293,541
E01004134,On foot,45,62,-17
E01004134,Other method of travel to work,9,3,6
E01004134,Passenger in a car or van,23,23,0
E01004134,Taxi,6,6,0
E01004134,Train,20,31,-11
E01004134,"Underground, metro, light rail, tram",59,128,-69
E01004134,Work mainly at or from home,247,25,222
E01004135,Bicycle,10,14,-4
E01004135,"Bus, minibus or coach",40,75,-35
E01004135,Driving a car or van,282,424,-142
E01004135,"Motorcycle, scooter or moped",9,17,-8
E01004135,Not in employment or aged 15 years and under,764,321,443
E01004135,On foot,43,51,-8
E01004135,Other method of travel to work,12,3,9
E01004135,Passenger in a car or van,17,33,-16
E01004135,Taxi,2,6,-4
E01004135,Train,11,26,-15
E01004135,"Underground, metro, light rail, tram",39,88,-49
E01004135,Work mainly at or from home,223,23,200
E01004136,Bicycle,14,19,-5
E01004136,"Bus, minibus or coach",43,91,-48
E01004136,Driving a car or van,371,452,-81
E01004136,"Motorcycle, scooter or moped",6,16,-10
E01004136,Not in employment or aged 15 years and under,748,352,396
E01004136,On foot,50,45,5
E01004136,Other method of travel to work,3,4,-1
E01004136,Passenger in a car or van,19,24,-5
E01004136,Taxi,4,4,0
E01004136,Train,14,29,-15
E01004136,"Underground, metro, light rail, tram",55,101,-46
E01004136,Work mainly at or from home,239,35,204
E01004137,Bicycle,22,13,9
E01004137,"Bus, minibus or coach",123,77,46
E01004137,Driving a car or van,348,324,24
E01004137,"Motorcycle, scooter or moped",12,15,-3
E01004137,Not in employment or aged 15 years and under,1047,265,782
E01004137,On foot,105,96,9
E01004137,Other method of travel to work,25,1,24
E01004137,Passenger in a car or van,16,18,-2
E01004137,Taxi,6,3,3
E01004137,Train,152,269,-117
E01004137,"Underground, metro, light rail, tram",55,39,16
E01004137,Work mainly at or from home,649,36,613
E01004138,Bicycle,14,20,-6
E01004138,"Bus, minibus or coach",71,79,-8
E01004138,Driving a car or van,282,370,-88
E01004138,"Motorcycle, scooter or moped",10,20,-10
E01004138,Not in employment or aged 15 years and under,861,318,543
E01004138,On foot,78,89,-11
E01004138,Other method of travel to work,5,6,-1
E01004138,Passenger in a car or van,32,15,17
E01004138,Taxi,9,5,4
E01004138,Train,56,190,-134
E01004138,"Underground, metro, light rail, tram",35,59,-24
E01004138,Work mainly at or from home,354,24,330
E01004139,Bicycle,17,19,-2
E01004139,"Bus, minibus or coach",54,51,3
E01004139,Driving a car or van,212,340,-128
E01004139,"Motorcycle, scooter or moped",6,9,-3
E01004139,Not in employment or aged 15 years and under,725,268,457
E01004139,On foot,99,83,16
E01004139,Other method of travel to work,11,2,9
E01004139,Passenger in a car or van,11,19,-8
E01004139,Taxi,1,2,-1
E01004139,Train,63,178,-115
E01004139,"Underground, metro, light rail, tram",31,33,-2
E01004139,Work mainly at or from home,313,34,279
E01004140,Bicycle,15,11,4
E01004140,"Bus, minibus or coach",141,144,-3
E01004140,Driving a car or van,272,280,-8
E01004140,"Motorcycle, scooter or moped",10,13,-3
E01004140,Not in employment or aged 15 years and under,1005,397,608
E01004140,On foot,103,103,0
E01004140,Other method of travel to work,14,4,10
E01004140,Passenger in a car or van,34,27,7
E01004140,Taxi,5,2,3
E01004140,Train,40,84,-44
E01004140,"Underground, metro, light rail, tram",46,51,-5
E01004140,Work mainly at or from home,191,14,177
E01004141,Bicycle,9,24,-15
E01004141,"Bus, minibus or coach",105,86,19
E01004141,Driving a car or van,284,325,-41
E01004141,"Motorcycle, scooter or moped",9,7,2
E01004141,Not in employment or aged 15 years and under,995,363,632
E01004141,On foot,95,94,1
E01004141,Other method of travel to work,8,7,1
E01004141,Passenger in a car or van,24,29,-5
E01004141,Taxi,6,5,1
E01004141,Train,62,115,-53
E01004141,"Underground, metro, light rail, tram",30,61,-31
E01004141,Work mainly at or from home,197,21,176
E01004143,Bicycle,21,18,3
E01004143,"Bus, minibus or coach",70,75,-5
E01004143,Driving a car or van,254,316,-62
E01004143,"Motorcycle, scooter or moped",7,9,-2
E01004143,Not in employment or aged 15 years and under,700,288,412
E01004143,On foot,62,104,-42
E01004143,Other method of travel to work,5,2,3
E01004143,Passenger in a car or van,23,16,7
E01004143,Taxi,3,9,-6
E01004143,Train,50,156,-106
E01004143,"Underground, metro, light rail, tram",48,52,-4
E01004143,Work mainly at or from home,297,29,268
E01004144,Bicycle,11,24,-13
E01004144,"Bus, minibus or coach",50,80,-30
E01004144,Driving a car or van,316,415,-99
E01004144,"Motorcycle, scooter or moped",7,5,2
E01004144,Not in employment or aged 15 years and under,870,349,521
E01004144,On foot,60,73,-13
E01004144,Other method of travel to work,12,4,8
E01004144,Passenger in a car or van,13,24,-11
E01004144,Taxi,3,11,-8
E01004144,Train,36,82,-46
E01004144,"Underground, metro, light rail, tram",52,87,-35
E01004144,Work mainly at or from home,331,42,289
E01004145,Bicycle,19,21,-2
E01004145,"Bus, minibus or coach",59,100,-41
E01004145,Driving a car or van,432,564,-132
E01004145,"Motorcycle, scooter or moped",12,10,2
E01004145,Not in employment or aged 15 years and under,1153,439,714
E01004145,On foot,54,91,-37
E01004145,Other method of travel to work,13,6,7
E01004145,Passenger in a car or van,27,29,-2
E01004145,Taxi,6,3,3
E01004145,Train,58,122,-64
E01004145,"Underground, metro, light rail, tram",62,119,-57
E01004145,Work mainly at or from home,383,39,344
E01004146,Bicycle,18,17,1
E01004146,"Bus, minibus or coach",95,85,10
E01004146,Driving a car or van,294,391,-97
E01004146,"Motorcycle, scooter or moped",13,8,5
E01004146,Not in employment or aged 15 years and under,936,350,586
E01004146,On foot,75,87,-12
E01004146,Other method of travel to work,7,4,3
E01004146,Passenger in a car or van,19,21,-2
E01004146,Taxi,3,3,0
E01004146,Train,55,111,-56
E01004146,"Underground, metro, light rail, tram",71,67,4
E01004146,Work mainly at or from home,388,40,348
E01004147,Bicycle,8,16,-8
E01004147,"Bus, minibus or coach",30,60,-30
E01004147,Driving a car or van,311,373,-62
E01004147,"Motorcycle, scooter or moped",7,9,-2
E01004147,Not in employment or aged 15 years and under,826,377,449
E01004147,On foot,68,89,-21
E01004147,Other method of travel to work,7,6,1
E01004147,Passenger in a car or van,12,29,-17
E01004147,Taxi,6,3,3
E01004147,Train,35,78,-43
E01004147,"Underground, metro, light rail, tram",24,48,-24
E01004147,Work mainly at or from home,243,39,204
E01004148,Bicycle,12,13,-1
E01004148,"Bus, minibus or coach",64,91,-27
E01004148,Driving a car or van,272,358,-86
E01004148,"Motorcycle, scooter or moped",7,15,-8
E01004148,Not in employment or aged 15 years and under,1077,362,715
E01004148,On foot,70,74,-4
E01004148,Other method of travel to work,10,6,4
E01004148,Passenger in a car or van,21,14,7
E01004148,Taxi,2,1,1
E01004148,Train,33,77,-44
E01004148,"Underground, metro, light rail, tram",49,54,-5
E01004148,Work mainly at or from home,201,35,166
E01004149,Bicycle,11,14,-3
E01004149,"Bus, minibus or coach",66,83,-17
E01004149,Driving a car or van,332,366,-34
E01004149,"Motorcycle, scooter or moped",7,9,-2
E01004149,Not in employment or aged 15 years and under,947,415,532
E01004149,On foot,64,88,-24
E01004149,Other method of travel to work,9,0,9
E01004149,Passenger in a car or van,25,31,-6
E01004149,Taxi,2,3,-1
E01004149,Train,51,131,-80
E01004149,"Underground, metro, light rail, tram",59,68,-9
E01004149,Work mainly at or from home,283,33,250
E01004150,Bicycle,7,16,-9
E01004150,"Bus, minibus or coach",97,69,28
E01004150,Driving a car or van,256,274,-18
E01004150,"Motorcycle, scooter or moped",16,12,4
E01004150,Not in employment or aged 15 years and under,960,320,640
E01004150,On foot,90,94,-4
E01004150,Other method of travel to work,10,2,8
E01004150,Passenger in a car or van,19,18,1
E01004150,Taxi,6,1,5
E01004150,Train,102,252,-150
E01004150,"Underground, metro, light rail, tram",42,30,12
E01004150,Work mainly at or from home,381,49,332
E01004151,Bicycle,15,16,-1
E01004151,"Bus, minibus or coach",64,67,-3
E01004151,Driving a car or van,266,361,-95
E01004151,"Motorcycle, scooter or moped",8,10,-2
E01004151,Not in employment or aged 15 years and under,958,327,631
E01004151,On foot,67,100,-33
E01004151,Other method of travel to work,20,3,17
E01004151,Passenger in a car or van,14,27,-13
E01004151,Taxi,3,4,-1
E01004151,Train,90,324,-234
E01004151,"Underground, metro, light rail, tram",16,23,-7
E01004151,Work mainly at or from home,442,51,391
E01004152,Bicycle,8,11,-3
E01004152,"Bus, minibus or coach",70,76,-6
E01004152,Driving a car or van,231,268,-37
E01004152,"Motorcycle, scooter or moped",10,8,2
E01004152,Not in employment or aged 15 years and under,921,323,598
E01004152,On foot,75,87,-12
E01004152,Other method of travel to work,9,3,6
E01004152,Passenger in a car or van,23,18,5
E01004152,Taxi,2,1,1
E01004152,Train,89,287,-198
E01004152,"Underground, metro, light rail, tram",17,22,-5
E01004152,Work mainly at or from home,321,33,288
E01004153,Bicycle,20,16,4
E01004153,"Bus, minibus or coach",78,73,5
E01004153,Driving a car or van,265,317,-52
E01004153,"Motorcycle, scooter or moped",11,17,-6
E01004153,Not in employment or aged 15 years and under,940,381,559
E01004153,On foot,53,82,-29
E01004153,Other method of travel to work,9,5,4
E01004153,Passenger in a car or van,10,23,-13
E01004153,Taxi,0,1,-1
E01004153,Train,86,309,-223
E01004153,"Underground, metro, light rail, tram",24,33,-9
E01004153,Work mainly at or from home,431,40,391
E01004154,Bicycle,8,15,-7
E01004154,"Bus, minibus or coach",14,23,-9
E01004154,Driving a car or van,178,310,-132
E01004154,"Motorcycle, scooter or moped",3,11,-8
E01004154,Not in employment or aged 15 years and under,825,341,484
E01004154,On foot,41,52,-11
E01004154,Other method of travel to work,5,7,-2
E01004154,Passenger in a car or van,13,21,-8
E01004154,Taxi,2,0,2
E01004154,Train,37,193,-156
E01004154,"Underground, metro, light rail, tram",16,28,-12
E01004154,Work mainly at or from home,345,55,290
E01004155,Bicycle,10,16,-6
E01004155,"Bus, minibus or coach",53,62,-9
E01004155,Driving a car or van,289,365,-76
E01004155,"Motorcycle, scooter or moped",13,7,6
E01004155,Not in employment or aged 15 years and under,907,272,635
E01004155,On foot,81,89,-8
E01004155,Other method of travel to work,9,4,5
E01004155,Passenger in a car or van,13,20,-7
E01004155,Taxi,8,4,4
E01004155,Train,94,306,-212
E01004155,"Underground, metro, light rail, tram",24,35,-11
E01004155,Work mainly at or from home,402,32,370
E01004156,Bicycle,8,18,-10
E01004156,"Bus, minibus or coach",96,101,-5
E01004156,Driving a car or van,252,283,-31
E01004156,"Motorcycle, scooter or moped",8,11,-3
E01004156,Not in employment or aged 15 years and under,926,335,591
E01004156,On foot,65,98,-33
E01004156,Other method of travel to work,12,7,5
E01004156,Passenger in a car or van,23,17,6
E01004156,Taxi,7,2,5
E01004156,Train,134,332,-198
E01004156,"Underground, metro, light rail, tram",39,45,-6
E01004156,Work mainly at or from home,451,46,405
E01004157,Bicycle,8,9,-1
E01004157,"Bus, minibus or coach",15,22,-7
E01004157,Driving a car or van,184,300,-116
E01004157,"Motorcycle, scooter or moped",5,9,-4
E01004157,Not in employment or aged 15 years and under,680,270,410
E01004157,On foot,29,64,-35
E01004157,Other method of travel to work,6,3,3
E01004157,Passenger in a car or van,3,16,-13
E01004157,Taxi,0,5,-5
E01004157,Train,36,163,-127
E01004157,"Underground, metro, light rail, tram",10,12,-2
E01004157,Work mainly at or from home,321,54,267
E01004158,Bicycle,19,18,1
E01004158,"Bus, minibus or coach",43,50,-7
E01004158,Driving a car or van,232,349,-117
E01004158,"Motorcycle, scooter or moped",8,9,-1
E01004158,Not in employment or aged 15 years and under,778,283,495
E01004158,On foot,47,64,-17
E01004158,Other method of travel to work,4,7,-3
E01004158,Passenger in a car or van,13,15,-2
E01004158,Taxi,4,2,2
E01004158,Train,76,241,-165
E01004158,"Underground, metro, light rail, tram",21,36,-15
E01004158,Work mainly at or from home,363,50,313
E01004159,Bicycle,10,18,-8
E01004159,"Bus, minibus or coach",35,51,-16
E01004159,Driving a car or van,322,419,-97
E01004159,"Motorcycle, scooter or moped",10,12,-2
E01004159,Not in employment or aged 15 years and under,806,312,494
E01004159,On foot,54,64,-10
E01004159,Other method of travel to work,14,3,11
E01004159,Passenger in a car or van,31,32,-1
E01004159,Taxi,1,6,-5
E01004159,Train,54,135,-81
E01004159,"Underground, metro, light rail, tram",31,38,-7
E01004159,Work mainly at or from home,286,31,255
E01004160,Bicycle,13,14,-1
E01004160,"Bus, minibus or coach",41,53,-12
E01004160,Driving a car or van,308,374,-66
E01004160,"Motorcycle, scooter or moped",8,14,-6
E01004160,Not in employment or aged 15 years and under,735,284,451
E01004160,On foot,60,93,-33
E01004160,Other method of travel to work,8,4,4
E01004160,Passenger in a car or van,23,18,5
E01004160,Taxi,2,3,-1
E01004160,Train,68,235,-167
E01004160,"Underground, metro, light rail, tram",29,50,-21
E01004160,Work mainly at or from home,359,46,313
E01004161,Bicycle,10,25,-15
E01004161,"Bus, minibus or coach",30,48,-18
E01004161,Driving a car or van,293,416,-123
E01004161,"Motorcycle, scooter or moped",3,11,-8
E01004161,Not in employment or aged 15 years and under,715,233,482
E01004161,On foot,44,69,-25
E01004161,Other method of travel to work,5,5,0
E01004161,Passenger in a car or van,15,26,-11
E01004161,Taxi,6,7,-1
E01004161,Train,52,149,-97
E01004161,"Underground, metro, light rail, tram",21,51,-30
E01004161,Work mainly at or from home,317,36,281
E01004162,Bicycle,18,25,-7
E01004162,"Bus, minibus or coach",79,70,9
E01004162,Driving a car or van,246,266,-20
E01004162,"Motorcycle, scooter or moped",6,14,-8
E01004162,Not in employment or aged 15 years and under,772,330,442
E01004162,On foot,94,102,-8
E01004162,Other method of travel to work,16,7,9
E01004162,Passenger in a car or van,19,18,1
E01004162,Taxi,3,4,-1
E01004162,Train,88,249,-161
E01004162,"Underground, metro, light rail, tram",30,45,-15
E01004162,Work mainly at or from home,327,27,300
E01004163,Bicycle,17,25,-8
E01004163,"Bus, minibus or coach",58,90,-32
E01004163,Driving a car or van,416,430,-14
E01004163,"Motorcycle, scooter or moped",7,10,-3
E01004163,Not in employment or aged 15 years and under,816,337,479
E01004163,On foot,46,46,0
E01004163,Other method of travel to work,2,3,-1
E01004163,Passenger in a car or van,30,28,2
E01004163,Taxi,2,5,-3
E01004163,Train,37,80,-43
E01004163,"Underground, metro, light rail, tram",42,70,-28
E01004163,Work mainly at or from home,263,23,240
E01004164,Bicycle,14,26,-12
E01004164,"Bus, minibus or coach",46,76,-30
E01004164,Driving a car or van,277,410,-133
E01004164,"Motorcycle, scooter or moped",8,14,-6
E01004164,Not in employment or aged 15 years and under,652,298,354
E01004164,On foot,51,67,-16
E01004164,Other method of travel to work,6,7,-1
E01004164,Passenger in a car or van,22,19,3
E01004164,Taxi,3,6,-3
E01004164,Train,58,145,-87
E01004164,"Underground, metro, light rail, tram",21,42,-21
E01004164,Work mainly at or from home,284,26,258
E01004165,Bicycle,16,9,7
E01004165,"Bus, minibus or coach",74,116,-42
E01004165,Driving a car or van,332,408,-76
E01004165,"Motorcycle, scooter or moped",10,13,-3
E01004165,Not in employment or aged 15 years and under,831,334,497
E01004165,On foot,69,93,-24
E01004165,Other method of travel to work,5,3,2
E01004165,Passenger in a car or van,24,35,-11
E01004165,Taxi,0,8,-8
E01004165,Train,75,150,-75
E01004165,"Underground, metro, light rail, tram",40,55,-15
E01004165,Work mainly at or from home,302,32,270
E01004166,Bicycle,18,14,4
E01004166,"Bus, minibus or coach",41,65,-24
E01004166,Driving a car or van,266,366,-100
E01004166,"Motorcycle, scooter or moped",8,7,1
E01004166,Not in employment or aged 15 years and under,752,259,493
E01004166,On foot,37,63,-26
E01004166,Other method of travel to work,7,4,3
E01004166,Passenger in a car or van,12,28,-16
E01004166,Taxi,3,8,-5
E01004166,Train,65,213,-148
E01004166,"Underground, metro, light rail, tram",18,29,-11
E01004166,Work mainly at or from home,335,25,310
E01004167,Bicycle,17,11,6
E01004167,"Bus, minibus or coach",82,77,5
E01004167,Driving a car or van,262,296,-34
E01004167,"Motorcycle, scooter or moped",7,6,1
E01004167,Not in employment or aged 15 years and under,927,348,579
E01004167,On foot,70,54,16
E01004167,Other method of travel to work,10,2,8
E01004167,Passenger in a car or van,28,25,3
E01004167,Taxi,6,5,1
E01004167,Train,23,61,-38
E01004167,"Underground, metro, light rail, tram",28,48,-20
E01004167,Work mainly at or from home,171,14,157
E01004168,Bicycle,14,21,-7
E01004168,"Bus, minibus or coach",26,79,-53
E01004168,Driving a car or van,341,438,-97
E01004168,"Motorcycle, scooter or moped",14,13,1
E01004168,Not in employment or aged 15 years and under,774,308,466
E01004168,On foot,59,101,-42
E01004168,Other method of travel to work,16,4,12
E01004168,Passenger in a car or van,27,30,-3
E01004168,Taxi,3,2,1
E01004168,Train,30,92,-62
E01004168,"Underground, metro, light rail, tram",33,44,-11
E01004168,Work mainly at or from home,272,35,237
E01004169,Bicycle,18,16,2
E01004169,"Bus, minibus or coach",67,73,-6
E01004169,Driving a car or van,325,260,65
E01004169,"Motorcycle, scooter or moped",11,9,2
E01004169,Not in employment or aged 15 years and under,890,253,637
E01004169,On foot,45,27,18
E01004169,Other method of travel to work,11,2,9
E01004169,Passenger in a car or van,18,9,9
E01004169,Taxi,3,1,2
E01004169,Train,52,104,-52
E01004169,"Underground, metro, light rail, tram",58,55,3
E01004169,Work mainly at or from home,306,11,295
E01004170,Bicycle,22,22,0
E01004170,"Bus, minibus or coach",76,89,-13
E01004170,Driving a car or van,381,449,-68
E01004170,"Motorcycle, scooter or moped",7,9,-2
E01004170,Not in employment or aged 15 years and under,1051,348,703
E01004170,On foot,71,67,4
E01004170,Other method of travel to work,9,7,2
E01004170,Passenger in a car or van,20,23,-3
E01004170,Taxi,9,1,8
E01004170,Train,101,254,-153
E01004170,"Underground, metro, light rail, tram",30,26,4
E01004170,Work mainly at or from home,426,41,385
E01004171,Bicycle,14,14,0
E01004171,"Bus, minibus or coach",42,81,-39
E01004171,Driving a car or van,270,383,-113
E01004171,"Motorcycle, scooter or moped",12,13,-1
E01004171,Not in employment or aged 15 years and under,842,305,537
E01004171,On foot,43,48,-5
E01004171,Other method of travel to work,12,7,5
E01004171,Passenger in a car or van,13,18,-5
E01004171,Taxi,0,4,-4
E01004171,Train,56,134,-78
E01004171,"Underground, metro, light rail, tram",16,20,-4
E01004171,Work mainly at or from home,286,37,249
E01004172,Bicycle,14,15,-1
E01004172,"Bus, minibus or coach",112,103,9
E01004172,Driving a car or van,332,346,-14
E01004172,"Motorcycle, scooter or moped",17,19,-2
E01004172,Not in employment or aged 15 years and under,1010,399,611
E01004172,On foot,76,48,28
E01004172,Other method of travel to work,9,5,4
E01004172,Passenger in a car or van,17,12,5
E01004172,Taxi,4,5,-1
E01004172,Train,63,159,-96
E01004172,"Underground, metro, light rail, tram",16,29,-13
E01004172,Work mainly at or from home,277,32,245
E01004173,Bicycle,7,13,-6
E01004173,"Bus, minibus or coach",28,57,-29
E01004173,Driving a car or van,248,367,-119
E01004173,"Motorcycle, scooter or moped",6,13,-7
E01004173,Not in employment or aged 15 years and under,702,303,399
E01004173,On foot,30,64,-34
E01004173,Other method of travel to work,7,4,3
E01004173,Passenger in a car or van,26,24,2
E01004173,Taxi,2,4,-2
E01004173,Train,39,130,-91
E01004173,"Underground, metro, light rail, tram",9,13,-4
E01004173,Work mainly at or from home,261,23,238
E01004174,Bicycle,10,18,-8
E01004174,"Bus, minibus or coach",42,59,-17
E01004174,Driving a car or van,271,385,-114
E01004174,"Motorcycle, scooter or moped",5,18,-13
E01004174,Not in employment or aged 15 years and under,761,288,473
E01004174,On foot,46,55,-9
E01004174,Other method of travel to work,12,3,9
E01004174,Passenger in a car or van,15,18,-3
E01004174,Taxi,4,1,3
E01004174,Train,68,170,-102
E01004174,"Underground, metro, light rail, tram",16,15,1
E01004174,Work mainly at or from home,319,30,289
E01004175,Bicycle,15,20,-5
E01004175,"Bus, minibus or coach",38,86,-48
E01004175,Driving a car or van,361,423,-62
E01004175,"Motorcycle, scooter or moped",11,11,0
E01004175,Not in employment or aged 15 years and under,782,336,446
E01004175,On foot,43,43,0
E01004175,Other method of travel to work,16,9,7
E01004175,Passenger in a car or van,19,24,-5
E01004175,Taxi,6,6,0
E01004175,Train,81,173,-92
E01004175,"Underground, metro, light rail, tram",21,32,-11
E01004175,Work mainly at or from home,344,29,315
E01004176,Bicycle,23,14,9
E01004176,"Bus, minibus or coach",64,78,-14
E01004176,Driving a car or van,254,346,-92
E01004176,"Motorcycle, scooter or moped",7,16,-9
E01004176,Not in employment or aged 15 years and under,700,270,430
E01004176,On foot,49,58,-9
E01004176,Other method of travel to work,5,1,4
E01004176,Passenger in a car or van,21,18,3
E01004176,Taxi,1,3,-2
E01004176,Train,50,212,-162
E01004176,"Underground, metro, light rail, tram",20,27,-7
E01004176,Work mainly at or from home,331,30,301
E01004177,Bicycle,9,12,-3
E01004177,"Bus, minibus or coach",61,81,-20
E01004177,Driving a car or van,267,343,-76
E01004177,"Motorcycle, scooter or moped",9,16,-7
E01004177,Not in employment or aged 15 years and under,1086,393,693
E01004177,On foot,33,49,-16
E01004177,Other method of travel to work,8,2,6
E01004177,Passenger in a car or van,16,12,4
E01004177,Taxi,2,6,-4
E01004177,Train,75,169,-94
E01004177,"Underground, metro, light rail, tram",22,17,5
E01004177,Work mainly at or from home,211,23,188
E01004178,Bicycle,12,20,-8
E01004178,"Bus, minibus or coach",89,124,-35
E01004178,Driving a car or van,366,451,-85
E01004178,"Motorcycle, scooter or moped",10,10,0
E01004178,Not in employment or aged 15 years and under,1227,421,806
E01004178,On foot,99,106,-7
E01004178,Other method of travel to work,13,5,8
E01004178,Passenger in a car or van,19,24,-5
E01004178,Taxi,7,6,1
E01004178,Train,101,267,-166
E01004178,"Underground, metro, light rail, tram",21,29,-8
E01004178,Work mainly at or from home,404,34,370
E01004179,Bicycle,10,15,-5
E01004179,"Bus, minibus or coach",32,67,-35
E01004179,Driving a car or van,294,429,-135
E01004179,"Motorcycle, scooter or moped",4,12,-8
E01004179,Not in employment or aged 15 years and under,776,322,454
E01004179,On foot,33,40,-7
E01004179,Other method of travel to work,9,0,9
E01004179,Passenger in a car or van,14,19,-5
E01004179,Taxi,2,9,-7
E01004179,Train,54,193,-139
E01004179,"Underground, metro, light rail, tram",17,17,0
E01004179,Work mainly at or from home,364,41,323
E01004180,Bicycle,8,22,-14
E01004180,"Bus, minibus or coach",29,51,-22
E01004180,Driving a car or van,264,399,-135
E01004180,"Motorcycle, scooter or moped",2,7,-5
E01004180,Not in employment or aged 15 years and under,924,404,520
E01004180,On foot,37,35,2
E01004180,Other method of travel to work,17,5,12
E01004180,Passenger in a car or van,15,23,-8
E01004180,Taxi,5,5,0
E01004180,Train,43,197,-154
E01004180,"Underground, metro, light rail, tram",10,24,-14
E01004180,Work mainly at or from home,408,76,332
E01004181,Bicycle,14,13,1
E01004181,"Bus, minibus or coach",55,88,-33
E01004181,Driving a car or van,293,423,-130
E01004181,"Motorcycle, scooter or moped",5,13,-8
E01004181,Not in employment or aged 15 years and under,940,379,561
E01004181,On foot,48,41,7
E01004181,Other method of travel to work,5,4,1
E01004181,Passenger in a car or van,22,26,-4
E01004181,Taxi,2,4,-2
E01004181,Train,56,178,-122
E01004181,"Underground, metro, light rail, tram",17,30,-13
E01004181,Work mainly at or from home,273,35,238
E01004182,Bicycle,18,10,8
E01004182,"Bus, minibus or coach",65,96,-31
E01004182,Driving a car or van,276,332,-56
E01004182,"Motorcycle, scooter or moped",8,11,-3
E01004182,Not in employment or aged 15 years and under,997,378,619
E01004182,On foot,52,62,-10
E01004182,Other method of travel to work,7,3,4
E01004182,Passenger in a car or van,15,22,-7
E01004182,Taxi,3,4,-1
E01004182,Train,58,122,-64
E01004182,"Underground, metro, light rail, tram",7,12,-5
E01004182,Work mainly at or from home,258,25,233
E01004183,Bicycle,13,15,-2
E01004183,"Bus, minibus or coach",102,160,-58
E01004183,Driving a car or van,373,384,-11
E01004183,"Motorcycle, scooter or moped",13,12,1
E01004183,Not in employment or aged 15 years and under,882,402,480
E01004183,On foot,72,56,16
E01004183,Other method of travel to work,9,7,2
E01004183,Passenger in a car or van,34,28,6
E01004183,Taxi,3,0,3
E01004183,Train,22,50,-28
E01004183,"Underground, metro, light rail, tram",84,91,-7
E01004183,Work mainly at or from home,171,18,153
E01004184,Bicycle,14,14,0
E01004184,"Bus, minibus or coach",74,103,-29
E01004184,Driving a car or van,342,333,9
E01004184,"Motorcycle, scooter or moped",9,14,-5
E01004184,Not in employment or aged 15 years and under,956,402,554
E01004184,On foot,31,43,-12
E01004184,Other method of travel to work,11,1,10
E01004184,Passenger in a car or van,28,25,3
E01004184,Taxi,1,4,-3
E01004184,Train,28,45,-17
E01004184,"Underground, metro, light rail, tram",57,73,-16
E01004184,Work mainly at or from home,159,14,145
E01004185,Bicycle,16,20,-4
E01004185,"Bus, minibus or coach",82,98,-16
E01004185,Driving a car or van,358,263,95
E01004185,"Motorcycle, scooter or moped",4,12,-8
E01004185,Not in employment or aged 15 years and under,1121,408,713
E01004185,On foot,31,48,-17
E01004185,Other method of travel to work,13,2,11
E01004185,Passenger in a car or van,15,19,-4
E01004185,Taxi,2,5,-3
E01004185,Train,88,79,9
E01004185,"Underground, metro, light rail, tram",71,70,1
E01004185,Work mainly at or from home,313,23,290
E01004186,Bicycle,16,44,-28
E01004186,"Bus, minibus or coach",59,82,-23
E01004186,Driving a car or van,351,439,-88
E01004186,"Motorcycle, scooter or moped",13,26,-13
E01004186,Not in employment or aged 15 years and under,748,275,473
E01004186,On foot,44,60,-16
E01004186,Other method of travel to work,6,3,3
E01004186,Passenger in a car or van,19,28,-9
E01004186,Taxi,3,4,-1
E01004186,Train,62,236,-174
E01004186,"Underground, metro, light rail, tram",66,106,-40
E01004186,Work mainly at or from home,332,22,310
E01004187,Bicycle,12,11,1
E01004187,"Bus, minibus or coach",62,85,-23
E01004187,Driving a car or van,372,412,-40
E01004187,"Motorcycle, scooter or moped",22,20,2
E01004187,Not in employment or aged 15 years and under,868,344,524
E01004187,On foot,47,47,0
E01004187,Other method of travel to work,9,4,5
E01004187,Passenger in a car or van,15,34,-19
E01004187,Taxi,6,4,2
E01004187,Train,23,67,-44
E01004187,"Underground, metro, light rail, tram",47,68,-21
E01004187,Work mainly at or from home,188,28,160
E01004189,Bicycle,18,27,-9
E01004189,"Bus, minibus or coach",89,133,-44
E01004189,Driving a car or van,407,401,6
E01004189,"Motorcycle, scooter or moped",16,15,1
E01004189,Not in employment or aged 15 years and under,1155,436,719
E01004189,On foot,69,47,22
E01004189,Other method of travel to work,7,9,-2
E01004189,Passenger in a car or van,38,36,2
E01004189,Taxi,4,3,1
E01004189,Train,24,61,-37
E01004189,"Underground, metro, light rail, tram",100,122,-22
E01004189,Work mainly at or from home,187,23,164
E01004190,Bicycle,8,15,-7
E01004190,"Bus, minibus or coach",30,54,-24
E01004190,Driving a car or van,216,337,-121
E01004190,"Motorcycle, scooter or moped",13,13,0
E01004190,Not in employment or aged 15 years and under,691,309,382
E01004190,On foot,28,50,-22
E01004190,Other method of travel to work,7,6,1
E01004190,Passenger in a car or van,11,22,-11
E01004190,Taxi,2,8,-6
E01004190,Train,43,131,-88
E01004190,"Underground, metro, light rail, tram",23,45,-22
E01004190,Work mainly at or from home,311,48,263
E01004191,Bicycle,18,17,1
E01004191,"Bus, minibus or coach",68,82,-14
E01004191,Driving a car or van,373,419,-46
E01004191,"Motorcycle, scooter or moped",5,16,-11
E01004191,Not in employment or aged 15 years and under,952,355,597
E01004191,On foot,51,61,-10
E01004191,Other method of travel to work,7,4,3
E01004191,Passenger in a car or van,30,27,3
E01004191,Taxi,9,8,1
E01004191,Train,30,100,-70
E01004191,"Underground, metro, light rail, tram",52,64,-12
E01004191,Work mainly at or from home,303,29,274
E01004192,Bicycle,21,33,-12
E01004192,"Bus, minibus or coach",44,78,-34
E01004192,Driving a car or van,282,429,-147
E01004192,"Motorcycle, scooter or moped",9,16,-7
E01004192,Not in employment or aged 15 years and under,883,355,528
E01004192,On foot,49,43,6
E01004192,Other method of travel to work,15,3,12
E01004192,Passenger in a car or van,20,25,-5
E01004192,Taxi,3,5,-2
E01004192,Train,65,368,-303
E01004192,"Underground, metro, light rail, tram",24,39,-15
E01004192,Work mainly at or from home,448,47,401
E01004193,Bicycle,29,31,-2
E01004193,"Bus, minibus or coach",59,63,-4
E01004193,Driving a car or van,475,582,-107
E01004193,"Motorcycle, scooter or moped",15,20,-5
E01004193,Not in employment or aged 15 years and under,1405,395,1010
E01004193,On foot,68,52,16
E01004193,Other method of travel to work,18,7,11
E01004193,Passenger in a car or van,35,32,3
E01004193,Taxi,8,10,-2
E01004193,Train,75,298,-223
E01004193,"Underground, metro, light rail, tram",49,80,-31
E01004193,Work mainly at or from home,619,55,564
E01004194,Bicycle,12,23,-11
E01004194,"Bus, minibus or coach",45,64,-19
E01004194,Driving a car or van,317,418,-101
E01004194,"Motorcycle, scooter or moped",11,18,-7
E01004194,Not in employment or aged 15 years and under,783,240,543
E01004194,On foot,42,53,-11
E01004194,Other method of travel to work,6,2,4
E01004194,Passenger in a car or van,28,21,7
E01004194,Taxi,9,3,6
E01004194,Train,36,76,-40
E01004194,"Underground, metro, light rail, tram",48,54,-6
E01004194,Work mainly at or from home,264,23,241
E01004195,Bicycle,18,38,-20
E01004195,"Bus, minibus or coach",43,71,-28
E01004195,Driving a car or van,266,309,-43
E01004195,"Motorcycle, scooter or moped",7,13,-6
E01004195,Not in employment or aged 15 years and under,820,338,482
E01004195,On foot,43,74,-31
E01004195,Other method of travel to work,6,4,2
E01004195,Passenger in a car or van,20,20,0
E01004195,Taxi,7,11,-4
E01004195,Train,108,247,-139
E01004195,"Underground, metro, light rail, tram",23,44,-21
E01004195,Work mainly at or from home,334,23,311
E01004196,Bicycle,13,10,3
E01004196,"Bus, minibus or coach",50,70,-20
E01004196,Driving a car or van,293,407,-114
E01004196,"Motorcycle, scooter or moped",8,14,-6
E01004196,Not in employment or aged 15 years and under,788,341,447
E01004196,On foot,36,44,-8
E01004196,Other method of travel to work,10,5,5
E01004196,Passenger in a car or van,13,19,-6
E01004196,Taxi,3,5,-2
E01004196,Train,19,71,-52
E01004196,"Underground, metro, light rail, tram",41,64,-23
E01004196,Work mainly at or from home,299,26,273
E01004198,Bicycle,45,50,-5
E01004198,"Bus, minibus or coach",62,122,-60
E01004198,Driving a car or van,70,80,-10
E01004198,"Motorcycle, scooter or moped",2,2,0
E01004198,Not in employment or aged 15 years and under,856,518,338
E01004198,On foot,80,70,10
E01004198,Other method of travel to work,6,6,0
E01004198,Passenger in a car or van,6,2,4
E01004198,Taxi,6,6,0
E01004198,Train,29,63,-34
E01004198,"Underground, metro, light rail, tram",98,216,-118
E01004198,Work mainly at or from home,227,24,203
E01004199,Bicycle,39,45,-6
E01004199,"Bus, minibus or coach",75,121,-46
E01004199,Driving a car or van,90,78,12
E01004199,"Motorcycle, scooter or moped",3,2,1
E01004199,Not in employment or aged 15 years and under,1000,554,446
E01004199,On foot,85,79,6
E01004199,Other method of travel to work,10,6,4
E01004199,Passenger in a car or van,2,6,-4
E01004199,Taxi,6,0,6
E01004199,Train,50,47,3
E01004199,"Underground, metro, light rail, tram",100,149,-49
E01004199,Work mainly at or from home,235,20,215
E01004200,Bicycle,77,152,-75
E01004200,"Bus, minibus or coach",38,150,-112
E01004200,Driving a car or van,43,47,-4
E01004200,"Motorcycle, scooter or moped",5,5,0
E01004200,Not in employment or aged 15 years and under,622,455,167
E01004200,On foot,71,152,-81
E01004200,Other method of travel to work,7,9,-2
E01004200,Passenger in a car or van,5,9,-4
E01004200,Taxi,4,3,1
E01004200,Train,24,52,-28
E01004200,"Underground, metro, light rail, tram",74,304,-230
E01004200,Work mainly at or from home,529,42,487
E01004201,Bicycle,91,96,-5
E01004201,"Bus, minibus or coach",68,115,-47
E01004201,Driving a car or van,108,86,22
E01004201,"Motorcycle, scooter or moped",7,9,-2
E01004201,Not in employment or aged 15 years and under,784,441,343
E01004201,On foot,81,108,-27
E01004201,Other method of travel to work,5,5,0
E01004201,Passenger in a car or van,3,9,-6
E01004201,Taxi,2,5,-3
E01004201,Train,29,38,-9
E01004201,"Underground, metro, light rail, tram",86,235,-149
E01004201,Work mainly at or from home,424,37,387
E01004202,Bicycle,61,186,-125
E01004202,"Bus, minibus or coach",81,194,-113
E01004202,Driving a car or van,81,78,3
E01004202,"Motorcycle, scooter or moped",20,9,11
E01004202,Not in employment or aged 15 years and under,870,402,468
E01004202,On foot,92,158,-66
E01004202,Other method of travel to work,9,6,3
E01004202,Passenger in a car or van,6,4,2
E01004202,Taxi,11,1,10
E01004202,Train,27,42,-15
E01004202,"Underground, metro, light rail, tram",81,274,-193
E01004202,Work mainly at or from home,682,52,630
E01004203,Bicycle,85,121,-36
E01004203,"Bus, minibus or coach",42,118,-76
E01004203,Driving a car or van,74,79,-5
E01004203,"Motorcycle, scooter or moped",3,3,0
E01004203,Not in employment or aged 15 years and under,834,451,383
E01004203,On foot,116,162,-46
E01004203,Other method of travel to work,11,3,8
E01004203,Passenger in a car or van,4,7,-3
E01004203,Taxi,5,5,0
E01004203,Train,42,44,-2
E01004203,"Underground, metro, light rail, tram",145,378,-233
E01004203,Work mainly at or from home,452,53,399
E01004204,Bicycle,78,70,8
E01004204,"Bus, minibus or coach",77,87,-10
E01004204,Driving a car or van,95,79,16
E01004204,"Motorcycle, scooter or moped",1,5,-4
E01004204,Not in employment or aged 15 years and under,977,551,426
E01004204,On foot,112,116,-4
E01004204,Other method of travel to work,15,1,14
E01004204,Passenger in a car or van,8,6,2
E01004204,Taxi,8,1,7
E01004204,Train,50,35,15
E01004204,"Underground, metro, light rail, tram",89,159,-70
E01004204,Work mainly at or from home,361,35,326
E01004205,Bicycle,47,53,-6
E01004205,"Bus, minibus or coach",57,111,-54
E01004205,Driving a car or van,104,85,19
E01004205,"Motorcycle, scooter or moped",2,4,-2
E01004205,Not in employment or aged 15 years and under,1323,800,523
E01004205,On foot,161,149,12
E01004205,Other method of travel to work,14,6,8
E01004205,Passenger in a car or van,8,6,2
E01004205,Taxi,7,3,4
E01004205,Train,64,84,-20
E01004205,"Underground, metro, light rail, tram",118,216,-98
E01004205,Work mainly at or from home,303,24,279
E01004206,Bicycle,24,28,-4
E01004206,"Bus, minibus or coach",52,87,-35
E01004206,Driving a car or van,82,59,23
E01004206,"Motorcycle, scooter or moped",6,5,1
E01004206,Not in employment or aged 15 years and under,890,598,292
E01004206,On foot,74,92,-18
E01004206,Other method of travel to work,12,5,7
E01004206,Passenger in a car or van,5,4,1
E01004206,Taxi,4,3,1
E01004206,Train,50,43,7
E01004206,"Underground, metro, light rail, tram",111,195,-84
E01004206,Work mainly at or from home,154,12,142
E01004207,Bicycle,35,28,7
E01004207,"Bus, minibus or coach",50,69,-19
E01004207,Driving a car or van,78,76,2
E01004207,"Motorcycle, scooter or moped",2,5,-3
E01004207,Not in employment or aged 15 years and under,774,538,236
E01004207,On foot,76,84,-8
E01004207,Other method of travel to work,6,2,4
E01004207,Passenger in a car or van,2,7,-5
E01004207,Taxi,3,8,-5
E01004207,Train,35,38,-3
E01004207,"Underground, metro, light rail, tram",95,226,-131
E01004207,Work mainly at or from home,273,19,254
E01004208,Bicycle,84,89,-5
E01004208,"Bus, minibus or coach",42,93,-51
E01004208,Driving a car or van,67,68,-1
E01004208,"Motorcycle, scooter or moped",6,8,-2
E01004208,Not in employment or aged 15 years and under,854,636,218
E01004208,On foot,109,191,-82
E01004208,Other method of travel to work,22,8,14
E01004208,Passenger in a car or van,8,4,4
E01004208,Taxi,9,0,9
E01004208,Train,43,57,-14
E01004208,"Underground, metro, light rail, tram",169,520,-351
E01004208,Work mainly at or from home,567,47,520
E01004209,Bicycle,20,18,2
E01004209,"Bus, minibus or coach",51,62,-11
E01004209,Driving a car or van,63,66,-3
E01004209,"Motorcycle, scooter or moped",4,3,1
E01004209,Not in employment or aged 15 years and under,870,473,397
E01004209,On foot,88,70,18
E01004209,Other method of travel to work,9,6,3
E01004209,Passenger in a car or van,4,4,0
E01004209,Taxi,6,2,4
E01004209,Train,34,45,-11
E01004209,"Underground, metro, light rail, tram",87,187,-100
E01004209,Work mainly at or from home,153,15,138
E01004211,Bicycle,55,115,-60
E01004211,"Bus, minibus or coach",28,88,-60
E01004211,Driving a car or van,50,63,-13
E01004211,"Motorcycle, scooter or moped",2,4,-2
E01004211,Not in employment or aged 15 years and under,669,404,265
E01004211,On foot,89,155,-66
E01004211,Other method of travel to work,8,5,3
E01004211,Passenger in a car or van,2,2,0
E01004211,Taxi,2,2,0
E01004211,Train,27,48,-21
E01004211,"Underground, metro, light rail, tram",119,375,-256
E01004211,Work mainly at or from home,578,46,532
E01004212,Bicycle,64,71,-7
E01004212,"Bus, minibus or coach",45,70,-25
E01004212,Driving a car or van,67,75,-8
E01004212,"Motorcycle, scooter or moped",7,5,2
E01004212,Not in employment or aged 15 years and under,1201,734,467
E01004212,On foot,112,110,2
E01004212,Other method of travel to work,10,7,3
E01004212,Passenger in a car or van,6,6,0
E01004212,Taxi,5,4,1
E01004212,Train,41,38,3
E01004212,"Underground, metro, light rail, tram",125,296,-171
E01004212,Work mainly at or from home,547,35,512
E01004214,Bicycle,11,21,-10
E01004214,"Bus, minibus or coach",61,82,-21
E01004214,Driving a car or van,109,127,-18
E01004214,"Motorcycle, scooter or moped",2,1,1
E01004214,Not in employment or aged 15 years and under,973,581,392
E01004214,On foot,61,64,-3
E01004214,Other method of travel to work,8,2,6
E01004214,Passenger in a car or van,7,8,-1
E01004214,Taxi,3,6,-3
E01004214,Train,65,42,23
E01004214,"Underground, metro, light rail, tram",95,206,-111
E01004214,Work mainly at or from home,222,23,199
E01004216,Bicycle,26,35,-9
E01004216,"Bus, minibus or coach",33,93,-60
E01004216,Driving a car or van,106,119,-13
E01004216,"Motorcycle, scooter or moped",4,15,-11
E01004216,Not in employment or aged 15 years and under,819,357,462
E01004216,On foot,64,142,-78
E01004216,Other method of travel to work,15,9,6
E01004216,Passenger in a car or van,9,5,4
E01004216,Taxi,4,3,1
E01004216,Train,45,52,-7
E01004216,"Underground, metro, light rail, tram",136,457,-321
E01004216,Work mainly at or from home,536,22,514
E01004217,Bicycle,25,34,-9
E01004217,"Bus, minibus or coach",42,82,-40
E01004217,Driving a car or van,122,162,-40
E01004217,"Motorcycle, scooter or moped",2,9,-7
E01004217,Not in employment or aged 15 years and under,1053,454,599
E01004217,On foot,51,97,-46
E01004217,Other method of travel to work,11,10,1
E01004217,Passenger in a car or van,10,6,4
E01004217,Taxi,5,5,0
E01004217,Train,40,44,-4
E01004217,"Underground, metro, light rail, tram",174,417,-243
E01004217,Work mainly at or from home,545,27,518
E01004218,Bicycle,29,56,-27
E01004218,"Bus, minibus or coach",48,92,-44
E01004218,Driving a car or van,104,145,-41
E01004218,"Motorcycle, scooter or moped",10,8,2
E01004218,Not in employment or aged 15 years and under,861,435,426
E01004218,On foot,85,73,12
E01004218,Other method of travel to work,10,11,-1
E01004218,Passenger in a car or van,5,11,-6
E01004218,Taxi,3,8,-5
E01004218,Train,46,48,-2
E01004218,"Underground, metro, light rail, tram",143,503,-360
E01004218,Work mainly at or from home,579,34,545
E01004219,Bicycle,32,27,5
E01004219,"Bus, minibus or coach",113,120,-7
E01004219,Driving a car or van,106,102,4
E01004219,"Motorcycle, scooter or moped",3,2,1
E01004219,Not in employment or aged 15 years and under,1376,713,663
E01004219,On foot,81,139,-58
E01004219,Other method of travel to work,13,9,4
E01004219,Passenger in a car or van,10,9,1
E01004219,Taxi,6,7,-1
E01004219,Train,67,93,-26
E01004219,"Underground, metro, light rail, tram",197,470,-273
E01004219,Work mainly at or from home,715,31,684
E01004221,Bicycle,27,35,-8
E01004221,"Bus, minibus or coach",49,64,-15
E01004221,Driving a car or van,111,137,-26
E01004221,"Motorcycle, scooter or moped",1,4,-3
E01004221,Not in employment or aged 15 years and under,885,429,456
E01004221,On foot,76,212,-136
E01004221,Other method of travel to work,7,8,-1
E01004221,Passenger in a car or van,5,6,-1
E01004221,Taxi,3,7,-4
E01004221,Train,49,51,-2
E01004221,"Underground, metro, light rail, tram",179,534,-355
E01004221,Work mainly at or from home,584,50,534
E01004222,Bicycle,85,89,-4
E01004222,"Bus, minibus or coach",123,205,-82
E01004222,Driving a car or van,140,133,7
E01004222,"Motorcycle, scooter or moped",10,10,0
E01004222,Not in employment or aged 15 years and under,1565,866,699
E01004222,On foot,123,103,20
E01004222,Other method of travel to work,10,5,5
E01004222,Passenger in a car or van,13,10,3
E01004222,Taxi,14,5,9
E01004222,Train,66,56,10
E01004222,"Underground, metro, light rail, tram",139,276,-137
E01004222,Work mainly at or from home,445,39,406
E01004223,Bicycle,70,102,-32
E01004223,"Bus, minibus or coach",111,193,-82
E01004223,Driving a car or van,170,149,21
E01004223,"Motorcycle, scooter or moped",0,12,-12
E01004223,Not in employment or aged 15 years and under,1255,601,654
E01004223,On foot,60,121,-61
E01004223,Other method of travel to work,14,4,10
E01004223,Passenger in a car or van,8,14,-6
E01004223,Taxi,15,4,11
E01004223,Train,26,47,-21
E01004223,"Underground, metro, light rail, tram",89,251,-162
E01004223,Work mainly at or from home,390,39,351
E01004226,Bicycle,84,78,6
E01004226,"Bus, minibus or coach",114,123,-9
E01004226,Driving a car or van,129,110,19
E01004226,"Motorcycle, scooter or moped",5,5,0
E01004226,Not in employment or aged 15 years and under,1231,489,742
E01004226,On foot,92,78,14
E01004226,Other method of travel to work,11,2,9
E01004226,Passenger in a car or van,9,6,3
E01004226,Taxi,7,2,5
E01004226,Train,44,42,2
E01004226,"Underground, metro, light rail, tram",158,311,-153
E01004226,Work mainly at or from home,525,18,507
E01004228,Bicycle,88,133,-45
E01004228,"Bus, minibus or coach",72,149,-77
E01004228,Driving a car or van,71,129,-58
E01004228,"Motorcycle, scooter or moped",2,10,-8
E01004228,Not in employment or aged 15 years and under,808,469,339
E01004228,On foot,83,84,-1
E01004228,Other method of travel to work,15,9,6
E01004228,Passenger in a car or van,5,14,-9
E01004228,Taxi,8,2,6
E01004228,Train,27,35,-8
E01004228,"Underground, metro, light rail, tram",129,414,-285
E01004228,Work mainly at or from home,641,45,596
E01004229,Bicycle,50,31,19
E01004229,"Bus, minibus or coach",40,81,-41
E01004229,Driving a car or van,82,94,-12
E01004229,"Motorcycle, scooter or moped",4,3,1
E01004229,Not in employment or aged 15 years and under,703,454,249
E01004229,On foot,42,67,-25
E01004229,Other method of travel to work,7,3,4
E01004229,Passenger in a car or van,5,9,-4
E01004229,Taxi,4,3,1
E01004229,Train,34,45,-11
E01004229,"Underground, metro, light rail, tram",126,335,-209
E01004229,Work mainly at or from home,324,26,298
E01004230,Bicycle,71,108,-37
E01004230,"Bus, minibus or coach",77,148,-71
E01004230,Driving a car or van,124,110,14
E01004230,"Motorcycle, scooter or moped",6,10,-4
E01004230,Not in employment or aged 15 years and under,1046,621,425
E01004230,On foot,75,92,-17
E01004230,Other method of travel to work,8,6,2
E01004230,Passenger in a car or van,9,13,-4
E01004230,Taxi,8,4,4
E01004230,Train,34,46,-12
E01004230,"Underground, metro, light rail, tram",131,405,-274
E01004230,Work mainly at or from home,553,37,516
E01004231,Bicycle,49,28,21
E01004231,"Bus, minibus or coach",60,81,-21
E01004231,Driving a car or van,99,100,-1
E01004231,"Motorcycle, scooter or moped",4,2,2
E01004231,Not in employment or aged 15 years and under,906,564,342
E01004231,On foot,53,67,-14
E01004231,Other method of travel to work,8,1,7
E01004231,Passenger in a car or van,6,4,2
E01004231,Taxi,3,3,0
E01004231,Train,48,56,-8
E01004231,"Underground, metro, light rail, tram",163,327,-164
E01004231,Work mainly at or from home,249,16,233
E01004232,Bicycle,85,94,-9
E01004232,"Bus, minibus or coach",34,90,-56
E01004232,Driving a car or van,76,109,-33
E01004232,"Motorcycle, scooter or moped",4,8,-4
E01004232,Not in employment or aged 15 years and under,767,440,327
E01004232,On foot,54,76,-22
E01004232,Other method of travel to work,5,6,-1
E01004232,Passenger in a car or van,7,2,5
E01004232,Taxi,4,7,-3
E01004232,Train,23,34,-11
E01004232,"Underground, metro, light rail, tram",146,497,-351
E01004232,Work mainly at or from home,581,56,525
E01004233,Bicycle,75,83,-8
E01004233,"Bus, minibus or coach",99,175,-76
E01004233,Driving a car or van,115,116,-1
E01004233,"Motorcycle, scooter or moped",7,6,1
E01004233,Not in employment or aged 15 years and under,1203,580,623
E01004233,On foot,85,61,24
E01004233,Other method of travel to work,12,2,10
E01004233,Passenger in a car or van,9,7,2
E01004233,Taxi,10,9,1
E01004233,Train,30,47,-17
E01004233,"Underground, metro, light rail, tram",100,196,-96
E01004233,Work mainly at or from home,471,17,454
E01004234,Bicycle,141,221,-80
E01004234,"Bus, minibus or coach",96,193,-97
E01004234,Driving a car or van,139,159,-20
E01004234,"Motorcycle, scooter or moped",5,8,-3
E01004234,Not in employment or aged 15 years and under,1028,499,529
E01004234,On foot,117,125,-8
E01004234,Other method of travel to work,46,5,41
E01004234,Passenger in a car or van,14,16,-2
E01004234,Taxi,6,8,-2
E01004234,Train,59,42,17
E01004234,"Underground, metro, light rail, tram",134,435,-301
E01004234,Work mainly at or from home,779,69,710
E01004235,Bicycle,11,20,-9
E01004235,"Bus, minibus or coach",75,93,-18
E01004235,Driving a car or van,84,78,6
E01004235,"Motorcycle, scooter or moped",1,5,-4
E01004235,Not in employment or aged 15 years and under,799,434,365
E01004235,On foot,43,51,-8
E01004235,Other method of travel to work,11,3,8
E01004235,Passenger in a car or van,5,7,-2
E01004235,Taxi,3,1,2
E01004235,Train,46,63,-17
E01004235,"Underground, metro, light rail, tram",106,166,-60
E01004235,Work mainly at or from home,128,14,114
E01004236,Bicycle,23,19,4
E01004236,"Bus, minibus or coach",58,78,-20
E01004236,Driving a car or van,102,103,-1
E01004236,"Motorcycle, scooter or moped",4,3,1
E01004236,Not in employment or aged 15 years and under,984,619,365
E01004236,On foot,68,62,6
E01004236,Other method of travel to work,11,10,1
E01004236,Passenger in a car or van,3,6,-3
E01004236,Taxi,1,1,0
E01004236,Train,60,70,-10
E01004236,"Underground, metro, light rail, tram",94,160,-66
E01004236,Work mainly at or from home,149,16,133
E01004237,Bicycle,43,31,12
E01004237,"Bus, minibus or coach",61,81,-20
E01004237,Driving a car or van,89,52,37
E01004237,"Motorcycle, scooter or moped",6,3,3
E01004237,Not in employment or aged 15 years and under,817,335,482
E01004237,On foot,44,38,6
E01004237,Other method of travel to work,9,6,3
E01004237,Passenger in a car or van,4,7,-3
E01004237,Taxi,10,1,9
E01004237,Train,39,33,6
E01004237,"Underground, metro, light rail, tram",132,254,-122
E01004237,Work mainly at or from home,277,15,262
E01004239,Bicycle,36,26,10
E01004239,"Bus, minibus or coach",63,82,-19
E01004239,Driving a car or van,119,114,5
E01004239,"Motorcycle, scooter or moped",5,6,-1
E01004239,Not in employment or aged 15 years and under,1103,557,546
E01004239,On foot,49,58,-9
E01004239,Other method of travel to work,9,4,5
E01004239,Passenger in a car or van,4,7,-3
E01004239,Taxi,8,0,8
E01004239,Train,80,71,9
E01004239,"Underground, metro, light rail, tram",122,202,-80
E01004239,Work mainly at or from home,174,25,149
E01004240,Bicycle,30,42,-12
E01004240,"Bus, minibus or coach",49,67,-18
E01004240,Driving a car or van,126,140,-14
E01004240,"Motorcycle, scooter or moped",3,6,-3
E01004240,Not in employment or aged 15 years and under,1024,596,428
E01004240,On foot,51,49,2
E01004240,Other method of travel to work,11,4,7
E01004240,Passenger in a car or van,8,8,0
E01004240,Taxi,4,6,-2
E01004240,Train,58,47,11
E01004240,"Underground, metro, light rail, tram",118,244,-126
E01004240,Work mainly at or from home,202,17,185
E01004241,Bicycle,32,19,13
E01004241,"Bus, minibus or coach",59,75,-16
E01004241,Driving a car or van,115,98,17
E01004241,"Motorcycle, scooter or moped",0,8,-8
E01004241,Not in employment or aged 15 years and under,1061,591,470
E01004241,On foot,60,62,-2
E01004241,Other method of travel to work,6,2,4
E01004241,Passenger in a car or van,3,8,-5
E01004241,Taxi,3,3,0
E01004241,Train,45,57,-12
E01004241,"Underground, metro, light rail, tram",119,181,-62
E01004241,Work mainly at or from home,165,20,145
E01004243,Bicycle,22,25,-3
E01004243,"Bus, minibus or coach",56,124,-68
E01004243,Driving a car or van,79,115,-36
E01004243,"Motorcycle, scooter or moped",9,1,8
E01004243,Not in employment or aged 15 years and under,982,605,377
E01004243,On foot,30,66,-36
E01004243,Other method of travel to work,12,3,9
E01004243,Passenger in a car or van,9,10,-1
E01004243,Taxi,3,3,0
E01004243,Train,52,54,-2
E01004243,"Underground, metro, light rail, tram",94,180,-86
E01004243,Work mainly at or from home,207,26,181
E01004244,Bicycle,56,18,38
E01004244,"Bus, minibus or coach",88,134,-46
E01004244,Driving a car or van,81,107,-26
E01004244,"Motorcycle, scooter or moped",3,1,2
E01004244,Not in employment or aged 15 years and under,1223,671,552
E01004244,On foot,79,75,4
E01004244,Other method of travel to work,5,7,-2
E01004244,Passenger in a car or van,8,9,-1
E01004244,Taxi,5,2,3
E01004244,Train,68,38,30
E01004244,"Underground, metro, light rail, tram",151,183,-32
E01004244,Work mainly at or from home,287,19,268
E01004245,Bicycle,62,15,47
E01004245,"Bus, minibus or coach",97,82,15
E01004245,Driving a car or van,137,114,23
E01004245,"Motorcycle, scooter or moped",8,1,7
E01004245,Not in employment or aged 15 years and under,1522,571,951
E01004245,On foot,80,48,32
E01004245,Other method of travel to work,16,1,15
E01004245,Passenger in a car or van,13,8,5
E01004245,Taxi,6,3,3
E01004245,Train,67,32,35
E01004245,"Underground, metro, light rail, tram",227,104,123
E01004245,Work mainly at or from home,729,9,720
E01004247,Bicycle,37,7,30
E01004247,"Bus, minibus or coach",127,140,-13
E01004247,Driving a car or van,125,96,29
E01004247,"Motorcycle, scooter or moped",8,0,8
E01004247,Not in employment or aged 15 years and under,1544,683,861
E01004247,On foot,83,106,-23
E01004247,Other method of travel to work,13,4,9
E01004247,Passenger in a car or van,15,12,3
E01004247,Taxi,6,3,3
E01004247,Train,71,57,14
E01004247,"Underground, metro, light rail, tram",257,257,0
E01004247,Work mainly at or from home,357,18,339
E01004248,Bicycle,25,12,13
E01004248,"Bus, minibus or coach",45,48,-3
E01004248,Driving a car or van,106,95,11
E01004248,"Motorcycle, scooter or moped",0,0,0
E01004248,Not in employment or aged 15 years and under,1188,453,735
E01004248,On foot,76,46,30
E01004248,Other method of travel to work,4,0,4
E01004248,Passenger in a car or van,9,6,3
E01004248,Taxi,2,3,-1
E01004248,Train,55,54,1
E01004248,"Underground, metro, light rail, tram",123,110,13
E01004248,Work mainly at or from home,252,12,240
E01004249,Bicycle,22,27,-5
E01004249,"Bus, minibus or coach",112,103,9
E01004249,Driving a car or van,169,135,34
E01004249,"Motorcycle, scooter or moped",7,5,2
E01004249,Not in employment or aged 15 years and under,1545,702,843
E01004249,On foot,80,76,4
E01004249,Other method of travel to work,10,2,8
E01004249,Passenger in a car or van,10,11,-1
E01004249,Taxi,8,6,2
E01004249,Train,71,63,8
E01004249,"Underground, metro, light rail, tram",176,282,-106
E01004249,Work mainly at or from home,232,17,215
E01004251,Bicycle,52,42,10
E01004251,"Bus, minibus or coach",111,164,-53
E01004251,Driving a car or van,140,159,-19
E01004251,"Motorcycle, scooter or moped",2,11,-9
E01004251,Not in employment or aged 15 years and under,1439,663,776
E01004251,On foot,109,86,23
E01004251,Other method of travel to work,20,11,9
E01004251,Passenger in a car or van,7,8,-1
E01004251,Taxi,5,6,-1
E01004251,Train,67,60,7
E01004251,"Underground, metro, light rail, tram",159,253,-94
E01004251,Work mainly at or from home,470,8,462
E01004255,Bicycle,21,26,-5
E01004255,"Bus, minibus or coach",62,81,-19
E01004255,Driving a car or van,76,79,-3
E01004255,"Motorcycle, scooter or moped",2,3,-1
E01004255,Not in employment or aged 15 years and under,844,532,312
E01004255,On foot,70,121,-51
E01004255,Other method of travel to work,14,9,5
E01004255,Passenger in a car or van,6,12,-6
E01004255,Taxi,4,5,-1
E01004255,Train,42,69,-27
E01004255,"Underground, metro, light rail, tram",150,266,-116
E01004255,Work mainly at or from home,295,21,274
E01004256,Bicycle,23,16,7
E01004256,"Bus, minibus or coach",60,100,-40
E01004256,Driving a car or van,92,105,-13
E01004256,"Motorcycle, scooter or moped",5,3,2
E01004256,Not in employment or aged 15 years and under,1048,559,489
E01004256,On foot,69,107,-38
E01004256,Other method of travel to work,9,3,6
E01004256,Passenger in a car or van,10,7,3
E01004256,Taxi,3,1,2
E01004256,Train,45,61,-16
E01004256,"Underground, metro, light rail, tram",128,254,-126
E01004256,Work mainly at or from home,201,8,193
E01004257,Bicycle,35,13,22
E01004257,"Bus, minibus or coach",107,95,12
E01004257,Driving a car or van,139,105,34
E01004257,"Motorcycle, scooter or moped",2,5,-3
E01004257,Not in employment or aged 15 years and under,1376,595,781
E01004257,On foot,89,96,-7
E01004257,Other method of travel to work,13,4,9
E01004257,Passenger in a car or van,11,13,-2
E01004257,Taxi,5,3,2
E01004257,Train,67,93,-26
E01004257,"Underground, metro, light rail, tram",146,226,-80
E01004257,Work mainly at or from home,247,10,237
E01004258,Bicycle,38,57,-19
E01004258,"Bus, minibus or coach",29,63,-34
E01004258,Driving a car or van,40,82,-42
E01004258,"Motorcycle, scooter or moped",2,4,-2
E01004258,Not in employment or aged 15 years and under,622,347,275
E01004258,On foot,81,216,-135
E01004258,Other method of travel to work,7,17,-10
E01004258,Passenger in a car or van,1,7,-6
E01004258,Taxi,2,8,-6
E01004258,Train,24,43,-19
E01004258,"Underground, metro, light rail, tram",92,348,-256
E01004258,Work mainly at or from home,529,39,490
E01004259,Bicycle,63,122,-59
E01004259,"Bus, minibus or coach",46,89,-43
E01004259,Driving a car or van,63,74,-11
E01004259,"Motorcycle, scooter or moped",5,5,0
E01004259,Not in employment or aged 15 years and under,725,410,315
E01004259,On foot,100,138,-38
E01004259,Other method of travel to work,19,6,13
E01004259,Passenger in a car or van,6,5,1
E01004259,Taxi,3,2,1
E01004259,Train,28,56,-28
E01004259,"Underground, metro, light rail, tram",144,470,-326
E01004259,Work mainly at or from home,553,47,506
E01004260,Bicycle,47,56,-9
E01004260,"Bus, minibus or coach",71,122,-51
E01004260,Driving a car or van,88,91,-3
E01004260,"Motorcycle, scooter or moped",1,4,-3
E01004260,Not in employment or aged 15 years and under,1048,539,509
E01004260,On foot,70,94,-24
E01004260,Other method of travel to work,7,5,2
E01004260,Passenger in a car or van,9,6,3
E01004260,Taxi,3,3,0
E01004260,Train,33,38,-5
E01004260,"Underground, metro, light rail, tram",91,303,-212
E01004260,Work mainly at or from home,317,21,296
E01004263,Bicycle,35,38,-3
E01004263,"Bus, minibus or coach",47,77,-30
E01004263,Driving a car or van,73,86,-13
E01004263,"Motorcycle, scooter or moped",6,8,-2
E01004263,Not in employment or aged 15 years and under,800,461,339
E01004263,On foot,84,68,16
E01004263,Other method of travel to work,8,10,-2
E01004263,Passenger in a car or van,11,6,5
E01004263,Taxi,1,4,-3
E01004263,Train,35,37,-2
E01004263,"Underground, metro, light rail, tram",91,195,-104
E01004263,Work mainly at or from home,190,14,176
E01004264,Bicycle,19,21,-2
E01004264,"Bus, minibus or coach",59,104,-45
E01004264,Driving a car or van,82,82,0
E01004264,"Motorcycle, scooter or moped",6,4,2
E01004264,Not in employment or aged 15 years and under,918,574,344
E01004264,On foot,60,59,1
E01004264,Other method of travel to work,9,3,6
E01004264,Passenger in a car or van,5,6,-1
E01004264,Taxi,3,1,2
E01004264,Train,52,44,8
E01004264,"Underground, metro, light rail, tram",111,166,-55
E01004264,Work mainly at or from home,120,5,115
E01004266,Bicycle,44,81,-37
E01004266,"Bus, minibus or coach",48,101,-53
E01004266,Driving a car or van,84,87,-3
E01004266,"Motorcycle, scooter or moped",5,5,0
E01004266,Not in employment or aged 15 years and under,712,421,291
E01004266,On foot,88,103,-15
E01004266,Other method of travel to work,8,6,2
E01004266,Passenger in a car or van,2,12,-10
E01004266,Taxi,5,9,-4
E01004266,Train,23,36,-13
E01004266,"Underground, metro, light rail, tram",86,306,-220
E01004266,Work mainly at or from home,342,26,316
E01004267,Bicycle,63,48,15
E01004267,"Bus, minibus or coach",68,66,2
E01004267,Driving a car or van,99,84,15
E01004267,"Motorcycle, scooter or moped",10,2,8
E01004267,Not in employment or aged 15 years and under,1054,519,535
E01004267,On foot,59,72,-13
E01004267,Other method of travel to work,12,3,9
E01004267,Passenger in a car or van,7,8,-1
E01004267,Taxi,6,3,3
E01004267,Train,74,67,7
E01004267,"Underground, metro, light rail, tram",231,535,-304
E01004267,Work mainly at or from home,511,24,487
E01004268,Bicycle,30,41,-11
E01004268,"Bus, minibus or coach",74,77,-3
E01004268,Driving a car or van,104,100,4
E01004268,"Motorcycle, scooter or moped",5,1,4
E01004268,Not in employment or aged 15 years and under,1006,634,372
E01004268,On foot,63,67,-4
E01004268,Other method of travel to work,10,6,4
E01004268,Passenger in a car or van,15,8,7
E01004268,Taxi,1,2,-1
E01004268,Train,54,51,3
E01004268,"Underground, metro, light rail, tram",161,294,-133
E01004268,Work mainly at or from home,247,9,238
E01004270,Bicycle,84,112,-28
E01004270,"Bus, minibus or coach",68,114,-46
E01004270,Driving a car or van,126,103,23
E01004270,"Motorcycle, scooter or moped",3,5,-2
E01004270,Not in employment or aged 15 years and under,1109,707,402
E01004270,On foot,92,101,-9
E01004270,Other method of travel to work,15,2,13
E01004270,Passenger in a car or van,7,6,1
E01004270,Taxi,3,2,1
E01004270,Train,58,66,-8
E01004270,"Underground, metro, light rail, tram",225,595,-370
E01004270,Work mainly at or from home,632,43,589
E01004271,Bicycle,60,38,22
E01004271,"Bus, minibus or coach",96,96,0
E01004271,Driving a car or van,124,88,36
E01004271,"Motorcycle, scooter or moped",4,4,0
E01004271,Not in employment or aged 15 years and under,1287,514,773
E01004271,On foot,83,54,29
E01004271,Other method of travel to work,8,3,5
E01004271,Passenger in a car or van,3,2,1
E01004271,Taxi,9,2,7
E01004271,Train,64,46,18
E01004271,"Underground, metro, light rail, tram",177,190,-13
E01004271,Work mainly at or from home,548,19,529
E01004272,Bicycle,85,19,66
E01004272,"Bus, minibus or coach",123,149,-26
E01004272,Driving a car or van,161,138,23
E01004272,"Motorcycle, scooter or moped",27,4,23
E01004272,Not in employment or aged 15 years and under,1485,745,740
E01004272,On foot,77,76,1
E01004272,Other method of travel to work,19,5,14
E01004272,Passenger in a car or van,8,12,-4
E01004272,Taxi,5,1,4
E01004272,Train,59,55,4
E01004272,"Underground, metro, light rail, tram",212,194,18
E01004272,Work mainly at or from home,411,4,407
E01004274,Bicycle,22,34,-12
E01004274,"Bus, minibus or coach",48,149,-101
E01004274,Driving a car or van,130,137,-7
E01004274,"Motorcycle, scooter or moped",13,9,4
E01004274,Not in employment or aged 15 years and under,1069,653,416
E01004274,On foot,50,86,-36
E01004274,Other method of travel to work,11,20,-9
E01004274,Passenger in a car or van,8,10,-2
E01004274,Taxi,2,5,-3
E01004274,Train,71,49,22
E01004274,"Underground, metro, light rail, tram",132,322,-190
E01004274,Work mainly at or from home,399,23,376
E01004275,Bicycle,33,46,-13
E01004275,"Bus, minibus or coach",58,103,-45
E01004275,Driving a car or van,137,141,-4
E01004275,"Motorcycle, scooter or moped",7,13,-6
E01004275,Not in employment or aged 15 years and under,1367,417,950
E01004275,On foot,69,90,-21
E01004275,Other method of travel to work,16,30,-14
E01004275,Passenger in a car or van,10,18,-8
E01004275,Taxi,6,9,-3
E01004275,Train,64,67,-3
E01004275,"Underground, metro, light rail, tram",179,485,-306
E01004275,Work mainly at or from home,569,55,514
E01004276,Bicycle,28,58,-30
E01004276,"Bus, minibus or coach",23,185,-162
E01004276,Driving a car or van,80,139,-59
E01004276,"Motorcycle, scooter or moped",3,12,-9
E01004276,Not in employment or aged 15 years and under,661,292,369
E01004276,On foot,55,86,-31
E01004276,Other method of travel to work,10,55,-45
E01004276,Passenger in a car or van,0,8,-8
E01004276,Taxi,9,5,4
E01004276,Train,27,51,-24
E01004276,"Underground, metro, light rail, tram",186,865,-679
E01004276,Work mainly at or from home,972,85,887
E01004277,Bicycle,33,15,18
E01004277,"Bus, minibus or coach",10,32,-22
E01004277,Driving a car or van,34,58,-24
E01004277,"Motorcycle, scooter or moped",3,7,-4
E01004277,Not in employment or aged 15 years and under,485,285,200
E01004277,On foot,79,392,-313
E01004277,Other method of travel to work,5,28,-23
E01004277,Passenger in a car or van,1,7,-6
E01004277,Taxi,4,11,-7
E01004277,Train,11,29,-18
E01004277,"Underground, metro, light rail, tram",151,546,-395
E01004277,Work mainly at or from home,788,64,724
E01004280,Bicycle,25,21,4
E01004280,"Bus, minibus or coach",63,120,-57
E01004280,Driving a car or van,109,112,-3
E01004280,"Motorcycle, scooter or moped",13,5,8
E01004280,Not in employment or aged 15 years and under,1017,494,523
E01004280,On foot,109,168,-59
E01004280,Other method of travel to work,13,8,5
E01004280,Passenger in a car or van,6,6,0
E01004280,Taxi,1,5,-4
E01004280,Train,42,39,3
E01004280,"Underground, metro, light rail, tram",132,323,-191
E01004280,Work mainly at or from home,423,22,401
E01004281,Bicycle,53,42,11
E01004281,"Bus, minibus or coach",47,99,-52
E01004281,Driving a car or van,122,108,14
E01004281,"Motorcycle, scooter or moped",1,11,-10
E01004281,Not in employment or aged 15 years and under,780,358,422
E01004281,On foot,43,132,-89
E01004281,Other method of travel to work,14,10,4
E01004281,Passenger in a car or van,11,4,7
E01004281,Taxi,7,3,4
E01004281,Train,36,59,-23
E01004281,"Underground, metro, light rail, tram",183,653,-470
E01004281,Work mainly at or from home,697,45,652
E01004283,Bicycle,55,68,-13
E01004283,"Bus, minibus or coach",67,136,-69
E01004283,Driving a car or van,119,120,-1
E01004283,"Motorcycle, scooter or moped",2,1,1
E01004283,Not in employment or aged 15 years and under,1225,845,380
E01004283,On foot,131,137,-6
E01004283,Other method of travel to work,11,7,4
E01004283,Passenger in a car or van,9,8,1
E01004283,Taxi,8,4,4
E01004283,Train,79,67,12
E01004283,"Underground, metro, light rail, tram",131,276,-145
E01004283,Work mainly at or from home,342,26,316
E01004286,Bicycle,47,56,-9
E01004286,"Bus, minibus or coach",58,100,-42
E01004286,Driving a car or van,147,136,11
E01004286,"Motorcycle, scooter or moped",12,6,6
E01004286,Not in employment or aged 15 years and under,1426,810,616
E01004286,On foot,106,103,3
E01004286,Other method of travel to work,14,7,7
E01004286,Passenger in a car or van,5,9,-4
E01004286,Taxi,7,14,-7
E01004286,Train,72,66,6
E01004286,"Underground, metro, light rail, tram",172,336,-164
E01004286,Work mainly at or from home,407,27,380
E01004287,Bicycle,53,58,-5
E01004287,"Bus, minibus or coach",91,124,-33
E01004287,Driving a car or van,102,112,-10
E01004287,"Motorcycle, scooter or moped",5,5,0
E01004287,Not in employment or aged 15 years and under,1383,715,668
E01004287,On foot,129,159,-30
E01004287,Other method of travel to work,14,8,6
E01004287,Passenger in a car or van,8,9,-1
E01004287,Taxi,3,5,-2
E01004287,Train,43,67,-24
E01004287,"Underground, metro, light rail, tram",113,265,-152
E01004287,Work mainly at or from home,304,17,287
E01004288,Bicycle,26,26,0
E01004288,"Bus, minibus or coach",63,89,-26
E01004288,Driving a car or van,129,93,36
E01004288,"Motorcycle, scooter or moped",8,1,7
E01004288,Not in employment or aged 15 years and under,1162,538,624
E01004288,On foot,70,76,-6
E01004288,Other method of travel to work,6,3,3
E01004288,Passenger in a car or van,9,12,-3
E01004288,Taxi,8,4,4
E01004288,Train,49,40,9
E01004288,"Underground, metro, light rail, tram",126,180,-54
E01004288,Work mainly at or from home,196,9,187
E01004289,Bicycle,52,47,5
E01004289,"Bus, minibus or coach",84,126,-42
E01004289,Driving a car or van,108,113,-5
E01004289,"Motorcycle, scooter or moped",14,4,10
E01004289,Not in employment or aged 15 years and under,1090,668,422
E01004289,On foot,106,122,-16
E01004289,Other method of travel to work,7,5,2
E01004289,Passenger in a car or van,6,12,-6
E01004289,Taxi,6,4,2
E01004289,Train,46,50,-4
E01004289,"Underground, metro, light rail, tram",116,214,-98
E01004289,Work mainly at or from home,302,21,281
E01004290,Bicycle,69,48,21
E01004290,"Bus, minibus or coach",54,65,-11
E01004290,Driving a car or van,68,62,6
E01004290,"Motorcycle, scooter or moped",9,6,3
E01004290,Not in employment or aged 15 years and under,1002,372,630
E01004290,On foot,111,97,14
E01004290,Other method of travel to work,8,6,2
E01004290,Passenger in a car or van,7,3,4
E01004290,Taxi,9,2,7
E01004290,Train,43,21,22
E01004290,"Underground, metro, light rail, tram",164,321,-157
E01004290,Work mainly at or from home,431,31,400
E01004291,Bicycle,38,88,-50
E01004291,"Bus, minibus or coach",36,192,-156
E01004291,Driving a car or van,66,102,-36
E01004291,"Motorcycle, scooter or moped",4,12,-8
E01004291,Not in employment or aged 15 years and under,677,320,357
E01004291,On foot,90,307,-217
E01004291,Other method of travel to work,11,6,5
E01004291,Passenger in a car or van,3,8,-5
E01004291,Taxi,12,32,-20
E01004291,Train,24,45,-21
E01004291,"Underground, metro, light rail, tram",105,411,-306
E01004291,Work mainly at or from home,839,78,761
E01004292,Bicycle,52,121,-69
E01004292,"Bus, minibus or coach",32,123,-91
E01004292,Driving a car or van,42,92,-50
E01004292,"Motorcycle, scooter or moped",3,21,-18
E01004292,Not in employment or aged 15 years and under,512,261,251
E01004292,On foot,99,429,-330
E01004292,Other method of travel to work,10,6,4
E01004292,Passenger in a car or van,1,6,-5
E01004292,Taxi,3,18,-15
E01004292,Train,13,43,-30
E01004292,"Underground, metro, light rail, tram",99,371,-272
E01004292,Work mainly at or from home,808,55,753
E01004293,Bicycle,38,90,-52
E01004293,"Bus, minibus or coach",14,123,-109
E01004293,Driving a car or van,65,120,-55
E01004293,"Motorcycle, scooter or moped",4,15,-11
E01004293,Not in employment or aged 15 years and under,644,396,248
E01004293,On foot,153,541,-388
E01004293,Other method of travel to work,6,7,-1
E01004293,Passenger in a car or van,3,8,-5
E01004293,Taxi,8,29,-21
E01004293,Train,24,50,-26
E01004293,"Underground, metro, light rail, tram",100,409,-309
E01004293,Work mainly at or from home,923,76,847
E01004295,Bicycle,35,32,3
E01004295,"Bus, minibus or coach",51,72,-21
E01004295,Driving a car or van,100,80,20
E01004295,"Motorcycle, scooter or moped",5,1,4
E01004295,Not in employment or aged 15 years and under,1168,515,653
E01004295,On foot,135,132,3
E01004295,Other method of travel to work,20,5,15
E01004295,Passenger in a car or van,3,6,-3
E01004295,Taxi,7,3,4
E01004295,Train,59,44,15
E01004295,"Underground, metro, light rail, tram",130,129,1
E01004295,Work mainly at or from home,295,11,284
E01004296,Bicycle,56,45,11
E01004296,"Bus, minibus or coach",44,81,-37
E01004296,Driving a car or van,113,94,19
E01004296,"Motorcycle, scooter or moped",6,7,-1
E01004296,Not in employment or aged 15 years and under,1079,448,631
E01004296,On foot,136,209,-73
E01004296,Other method of travel to work,10,6,4
E01004296,Passenger in a car or van,3,7,-4
E01004296,Taxi,8,5,3
E01004296,Train,32,53,-21
E01004296,"Underground, metro, light rail, tram",161,266,-105
E01004296,Work mainly at or from home,780,30,750
E01004297,Bicycle,45,84,-39
E01004297,"Bus, minibus or coach",17,193,-176
E01004297,Driving a car or van,91,124,-33
E01004297,"Motorcycle, scooter or moped",2,19,-17
E01004297,Not in employment or aged 15 years and under,649,297,352
E01004297,On foot,69,258,-189
E01004297,Other method of travel to work,6,9,-3
E01004297,Passenger in a car or van,24,10,14
E01004297,Taxi,7,27,-20
E01004297,Train,30,53,-23
E01004297,"Underground, metro, light rail, tram",119,458,-339
E01004297,Work mainly at or from home,849,45,804
E01004298,Bicycle,30,42,-12
E01004298,"Bus, minibus or coach",39,62,-23
E01004298,Driving a car or van,68,63,5
E01004298,"Motorcycle, scooter or moped",4,3,1
E01004298,Not in employment or aged 15 years and under,952,589,363
E01004298,On foot,103,139,-36
E01004298,Other method of travel to work,13,1,12
E01004298,Passenger in a car or van,3,3,0
E01004298,Taxi,1,0,1
E01004298,Train,51,78,-27
E01004298,"Underground, metro, light rail, tram",101,248,-147
E01004298,Work mainly at or from home,244,17,227
E01004300,Bicycle,29,27,2
E01004300,"Bus, minibus or coach",38,60,-22
E01004300,Driving a car or van,84,70,14
E01004300,"Motorcycle, scooter or moped",5,4,1
E01004300,Not in employment or aged 15 years and under,867,469,398
E01004300,On foot,92,98,-6
E01004300,Other method of travel to work,11,6,5
E01004300,Passenger in a car or van,6,6,0
E01004300,Taxi,5,4,1
E01004300,Train,44,49,-5
E01004300,"Underground, metro, light rail, tram",98,157,-59
E01004300,Work mainly at or from home,179,16,163
E01004301,Bicycle,41,25,16
E01004301,"Bus, minibus or coach",22,37,-15
E01004301,Driving a car or van,76,66,10
E01004301,"Motorcycle, scooter or moped",1,4,-3
E01004301,Not in employment or aged 15 years and under,786,435,351
E01004301,On foot,72,105,-33
E01004301,Other method of travel to work,8,1,7
E01004301,Passenger in a car or van,2,2,0
E01004301,Taxi,2,4,-2
E01004301,Train,48,49,-1
E01004301,"Underground, metro, light rail, tram",106,185,-79
E01004301,Work mainly at or from home,252,19,233
E01004302,Bicycle,29,32,-3
E01004302,"Bus, minibus or coach",36,62,-26
E01004302,Driving a car or van,87,98,-11
E01004302,"Motorcycle, scooter or moped",4,6,-2
E01004302,Not in employment or aged 15 years and under,973,634,339
E01004302,On foot,104,137,-33
E01004302,Other method of travel to work,10,6,4
E01004302,Passenger in a car or van,3,7,-4
E01004302,Taxi,2,2,0
E01004302,Train,72,81,-9
E01004302,"Underground, metro, light rail, tram",122,280,-158
E01004302,Work mainly at or from home,225,19,206
E01004303,Bicycle,91,69,22
E01004303,"Bus, minibus or coach",58,103,-45
E01004303,Driving a car or van,174,142,32
E01004303,"Motorcycle, scooter or moped",6,14,-8
E01004303,Not in employment or aged 15 years and under,1638,711,927
E01004303,On foot,122,204,-82
E01004303,Other method of travel to work,19,13,6
E01004303,Passenger in a car or van,8,15,-7
E01004303,Taxi,5,11,-6
E01004303,Train,63,80,-17
E01004303,"Underground, metro, light rail, tram",162,372,-210
E01004303,Work mainly at or from home,533,45,488
E01004304,Bicycle,44,44,0
E01004304,"Bus, minibus or coach",71,87,-16
E01004304,Driving a car or van,85,76,9
E01004304,"Motorcycle, scooter or moped",7,3,4
E01004304,Not in employment or aged 15 years and under,1309,746,563
E01004304,On foot,138,148,-10
E01004304,Other method of travel to work,16,8,8
E01004304,Passenger in a car or van,3,3,0
E01004304,Taxi,4,3,1
E01004304,Train,66,66,0
E01004304,"Underground, metro, light rail, tram",126,212,-86
E01004304,Work mainly at or from home,261,22,239
E01004305,Bicycle,39,34,5
E01004305,"Bus, minibus or coach",71,161,-90
E01004305,Driving a car or van,71,121,-50
E01004305,"Motorcycle, scooter or moped",9,7,2
E01004305,Not in employment or aged 15 years and under,1097,664,433
E01004305,On foot,91,103,-12
E01004305,Other method of travel to work,8,3,5
E01004305,Passenger in a car or van,4,7,-3
E01004305,Taxi,7,5,2
E01004305,Train,56,50,6
E01004305,"Underground, metro, light rail, tram",116,206,-90
E01004305,Work mainly at or from home,297,18,279
E01004306,Bicycle,50,93,-43
E01004306,"Bus, minibus or coach",45,96,-51
E01004306,Driving a car or van,76,60,16
E01004306,"Motorcycle, scooter or moped",8,7,1
E01004306,Not in employment or aged 15 years and under,918,519,399
E01004306,On foot,132,286,-154
E01004306,Other method of travel to work,11,5,6
E01004306,Passenger in a car or van,4,5,-1
E01004306,Taxi,3,6,-3
E01004306,Train,41,57,-16
E01004306,"Underground, metro, light rail, tram",81,302,-221
E01004306,Work mainly at or from home,472,50,422
E01004307,Bicycle,45,96,-51
E01004307,"Bus, minibus or coach",33,144,-111
E01004307,Driving a car or van,34,44,-10
E01004307,"Motorcycle, scooter or moped",6,9,-3
E01004307,Not in employment or aged 15 years and under,1032,664,368
E01004307,On foot,136,557,-421
E01004307,Other method of travel to work,7,10,-3
E01004307,Passenger in a car or van,8,5,3
E01004307,Taxi,5,11,-6
E01004307,Train,41,53,-12
E01004307,"Underground, metro, light rail, tram",86,350,-264
E01004307,Work mainly at or from home,902,88,814
E01004308,Bicycle,41,65,-24
E01004308,"Bus, minibus or coach",35,69,-34
E01004308,Driving a car or van,50,46,4
E01004308,"Motorcycle, scooter or moped",1,3,-2
E01004308,Not in employment or aged 15 years and under,746,483,263
E01004308,On foot,101,215,-114
E01004308,Other method of travel to work,23,5,18
E01004308,Passenger in a car or van,1,7,-6
E01004308,Taxi,2,1,1
E01004308,Train,27,36,-9
E01004308,"Underground, metro, light rail, tram",88,204,-116
E01004308,Work mainly at or from home,329,27,302
E01004309,Bicycle,71,77,-6
E01004309,"Bus, minibus or coach",81,143,-62
E01004309,Driving a car or van,98,73,25
E01004309,"Motorcycle, scooter or moped",8,1,7
E01004309,Not in employment or aged 15 years and under,1571,1183,388
E01004309,On foot,216,318,-102
E01004309,Other method of travel to work,10,10,0
E01004309,Passenger in a car or van,3,5,-2
E01004309,Taxi,3,4,-1
E01004309,Train,46,67,-21
E01004309,"Underground, metro, light rail, tram",180,387,-207
E01004309,Work mainly at or from home,506,52,454
E01004310,Bicycle,34,49,-15
E01004310,"Bus, minibus or coach",57,116,-59
E01004310,Driving a car or van,62,46,16
E01004310,"Motorcycle, scooter or moped",4,2,2
E01004310,Not in employment or aged 15 years and under,1022,698,324
E01004310,On foot,139,328,-189
E01004310,Other method of travel to work,14,6,8
E01004310,Passenger in a car or van,3,6,-3
E01004310,Taxi,10,2,8
E01004310,Train,62,73,-11
E01004310,"Underground, metro, light rail, tram",112,276,-164
E01004310,Work mainly at or from home,504,45,459
E01004311,Bicycle,52,65,-13
E01004311,"Bus, minibus or coach",55,121,-66
E01004311,Driving a car or van,86,47,39
E01004311,"Motorcycle, scooter or moped",5,5,0
E01004311,Not in employment or aged 15 years and under,971,487,484
E01004311,On foot,117,174,-57
E01004311,Other method of travel to work,17,9,8
E01004311,Passenger in a car or van,2,5,-3
E01004311,Taxi,3,2,1
E01004311,Train,31,30,1
E01004311,"Underground, metro, light rail, tram",72,162,-90
E01004311,Work mainly at or from home,440,31,409
E01004312,Bicycle,34,53,-19
E01004312,"Bus, minibus or coach",65,172,-107
E01004312,Driving a car or van,66,65,1
E01004312,"Motorcycle, scooter or moped",3,4,-1
E01004312,Not in employment or aged 15 years and under,913,519,394
E01004312,On foot,89,144,-55
E01004312,Other method of travel to work,5,3,2
E01004312,Passenger in a car or van,3,2,1
E01004312,Taxi,7,4,3
E01004312,Train,27,42,-15
E01004312,"Underground, metro, light rail, tram",86,169,-83
E01004312,Work mainly at or from home,224,22,202
E01004313,Bicycle,44,100,-56
E01004313,"Bus, minibus or coach",77,143,-66
E01004313,Driving a car or van,92,62,30
E01004313,"Motorcycle, scooter or moped",6,9,-3
E01004313,Not in employment or aged 15 years and under,1102,571,531
E01004313,On foot,123,222,-99
E01004313,Other method of travel to work,16,6,10
E01004313,Passenger in a car or van,3,7,-4
E01004313,Taxi,10,10,0
E01004313,Train,49,52,-3
E01004313,"Underground, metro, light rail, tram",105,279,-174
E01004313,Work mainly at or from home,497,43,454
E01004315,Bicycle,48,103,-55
E01004315,"Bus, minibus or coach",45,132,-87
E01004315,Driving a car or van,53,67,-14
E01004315,"Motorcycle, scooter or moped",2,14,-12
E01004315,Not in employment or aged 15 years and under,785,480,305
E01004315,On foot,91,245,-154
E01004315,Other method of travel to work,7,4,3
E01004315,Passenger in a car or van,6,1,5
E01004315,Taxi,2,13,-11
E01004315,Train,29,48,-19
E01004315,"Underground, metro, light rail, tram",71,219,-148
E01004315,Work mainly at or from home,432,41,391
E01004316,Bicycle,28,70,-42
E01004316,"Bus, minibus or coach",28,82,-54
E01004316,Driving a car or van,40,36,4
E01004316,"Motorcycle, scooter or moped",2,3,-1
E01004316,Not in employment or aged 15 years and under,475,354,121
E01004316,On foot,81,160,-79
E01004316,Other method of travel to work,1,5,-4
E01004316,Passenger in a car or van,2,3,-1
E01004316,Taxi,2,3,-1
E01004316,Train,23,46,-23
E01004316,"Underground, metro, light rail, tram",63,121,-58
E01004316,Work mainly at or from home,298,36,262
E01004319,Bicycle,43,44,-1
E01004319,"Bus, minibus or coach",83,90,-7
E01004319,Driving a car or van,111,86,25
E01004319,"Motorcycle, scooter or moped",7,4,3
E01004319,Not in employment or aged 15 years and under,1414,691,723
E01004319,On foot,167,185,-18
E01004319,Other method of travel to work,17,9,8
E01004319,Passenger in a car or van,11,7,4
E01004319,Taxi,3,0,3
E01004319,Train,84,61,23
E01004319,"Underground, metro, light rail, tram",115,214,-99
E01004319,Work mainly at or from home,453,20,433
E01004321,Bicycle,44,65,-21
E01004321,"Bus, minibus or coach",83,90,-7
E01004321,Driving a car or van,83,82,1
E01004321,"Motorcycle, scooter or moped",3,4,-1
E01004321,Not in employment or aged 15 years and under,1117,661,456
E01004321,On foot,200,226,-26
E01004321,Other method of travel to work,11,11,0
E01004321,Passenger in a car or van,5,6,-1
E01004321,Taxi,5,3,2
E01004321,Train,49,52,-3
E01004321,"Underground, metro, light rail, tram",129,229,-100
E01004321,Work mainly at or from home,421,16,405
E01004322,Bicycle,49,35,14
E01004322,"Bus, minibus or coach",39,76,-37
E01004322,Driving a car or van,57,47,10
E01004322,"Motorcycle, scooter or moped",4,5,-1
E01004322,Not in employment or aged 15 years and under,752,495,257
E01004322,On foot,111,123,-12
E01004322,Other method of travel to work,9,3,6
E01004322,Passenger in a car or van,2,3,-1
E01004322,Taxi,4,3,1
E01004322,Train,36,35,1
E01004322,"Underground, metro, light rail, tram",92,156,-64
E01004322,Work mainly at or from home,245,16,229
E01004323,Bicycle,40,60,-20
E01004323,"Bus, minibus or coach",47,85,-38
E01004323,Driving a car or van,95,66,29
E01004323,"Motorcycle, scooter or moped",5,3,2
E01004323,Not in employment or aged 15 years and under,902,458,444
E01004323,On foot,93,144,-51
E01004323,Other method of travel to work,5,10,-5
E01004323,Passenger in a car or van,4,7,-3
E01004323,Taxi,9,3,6
E01004323,Train,37,42,-5
E01004323,"Underground, metro, light rail, tram",93,243,-150
E01004323,Work mainly at or from home,295,22,273
E01004324,Bicycle,33,36,-3
E01004324,"Bus, minibus or coach",67,90,-23
E01004324,Driving a car or van,83,96,-13
E01004324,"Motorcycle, scooter or moped",0,5,-5
E01004324,Not in employment or aged 15 years and under,940,537,403
E01004324,On foot,111,124,-13
E01004324,Other method of travel to work,10,9,1
E01004324,Passenger in a car or van,4,6,-2
E01004324,Taxi,4,5,-1
E01004324,Train,39,50,-11
E01004324,"Underground, metro, light rail, tram",93,166,-73
E01004324,Work mainly at or from home,215,13,202
E01004326,Bicycle,41,73,-32
E01004326,"Bus, minibus or coach",80,102,-22
E01004326,Driving a car or van,75,55,20
E01004326,"Motorcycle, scooter or moped",2,3,-1
E01004326,Not in employment or aged 15 years and under,943,430,513
E01004326,On foot,143,130,13
E01004326,Other method of travel to work,15,2,13
E01004326,Passenger in a car or van,4,4,0
E01004326,Taxi,6,2,4
E01004326,Train,53,43,10
E01004326,"Underground, metro, light rail, tram",134,255,-121
E01004326,Work mainly at or from home,391,25,366
E01004327,Bicycle,26,17,9
E01004327,"Bus, minibus or coach",55,77,-22
E01004327,Driving a car or van,145,126,19
E01004327,"Motorcycle, scooter or moped",8,9,-1
E01004327,Not in employment or aged 15 years and under,819,372,447
E01004327,On foot,27,41,-14
E01004327,Other method of travel to work,10,7,3
E01004327,Passenger in a car or van,13,11,2
E01004327,Taxi,7,3,4
E01004327,Train,47,49,-2
E01004327,"Underground, metro, light rail, tram",135,188,-53
E01004327,Work mainly at or from home,216,19,197
E01004328,Bicycle,45,30,15
E01004328,"Bus, minibus or coach",89,104,-15
E01004328,Driving a car or van,151,194,-43
E01004328,"Motorcycle, scooter or moped",7,6,1
E01004328,Not in employment or aged 15 years and under,891,494,397
E01004328,On foot,44,43,1
E01004328,Other method of travel to work,16,3,13
E01004328,Passenger in a car or van,13,17,-4
E01004328,Taxi,6,1,5
E01004328,Train,53,90,-37
E01004328,"Underground, metro, light rail, tram",227,429,-202
E01004328,Work mainly at or from home,331,28,303
E01004329,Bicycle,49,25,24
E01004329,"Bus, minibus or coach",80,124,-44
E01004329,Driving a car or van,159,214,-55
E01004329,"Motorcycle, scooter or moped",6,7,-1
E01004329,Not in employment or aged 15 years and under,823,584,239
E01004329,On foot,54,42,12
E01004329,Other method of travel to work,7,2,5
E01004329,Passenger in a car or van,14,11,3
E01004329,Taxi,4,6,-2
E01004329,Train,69,97,-28
E01004329,"Underground, metro, light rail, tram",219,340,-121
E01004329,Work mainly at or from home,323,34,289
E01004330,Bicycle,40,34,6
E01004330,"Bus, minibus or coach",69,94,-25
E01004330,Driving a car or van,148,206,-58
E01004330,"Motorcycle, scooter or moped",4,5,-1
E01004330,Not in employment or aged 15 years and under,753,510,243
E01004330,On foot,38,47,-9
E01004330,Other method of travel to work,8,3,5
E01004330,Passenger in a car or van,18,13,5
E01004330,Taxi,10,4,6
E01004330,Train,59,66,-7
E01004330,"Underground, metro, light rail, tram",188,413,-225
E01004330,Work mainly at or from home,337,39,298
E01004331,Bicycle,48,26,22
E01004331,"Bus, minibus or coach",63,101,-38
E01004331,Driving a car or van,125,200,-75
E01004331,"Motorcycle, scooter or moped",1,10,-9
E01004331,Not in employment or aged 15 years and under,801,537,264
E01004331,On foot,36,49,-13
E01004331,Other method of travel to work,9,5,4
E01004331,Passenger in a car or van,10,15,-5
E01004331,Taxi,11,2,9
E01004331,Train,57,117,-60
E01004331,"Underground, metro, light rail, tram",179,300,-121
E01004331,Work mainly at or from home,306,26,280
E01004332,Bicycle,51,27,24
E01004332,"Bus, minibus or coach",92,116,-24
E01004332,Driving a car or van,148,193,-45
E01004332,"Motorcycle, scooter or moped",14,10,4
E01004332,Not in employment or aged 15 years and under,946,489,457
E01004332,On foot,81,68,13
E01004332,Other method of travel to work,14,3,11
E01004332,Passenger in a car or van,14,5,9
E01004332,Taxi,6,4,2
E01004332,Train,57,95,-38
E01004332,"Underground, metro, light rail, tram",271,344,-73
E01004332,Work mainly at or from home,252,25,227
E01004333,Bicycle,21,23,-2
E01004333,"Bus, minibus or coach",49,69,-20
E01004333,Driving a car or van,128,172,-44
E01004333,"Motorcycle, scooter or moped",4,7,-3
E01004333,Not in employment or aged 15 years and under,903,504,399
E01004333,On foot,64,44,20
E01004333,Other method of travel to work,8,6,2
E01004333,Passenger in a car or van,7,13,-6
E01004333,Taxi,3,1,2
E01004333,Train,80,74,6
E01004333,"Underground, metro, light rail, tram",155,345,-190
E01004333,Work mainly at or from home,278,24,254
E01004334,Bicycle,26,10,16
E01004334,"Bus, minibus or coach",75,68,7
E01004334,Driving a car or van,105,152,-47
E01004334,"Motorcycle, scooter or moped",5,1,4
E01004334,Not in employment or aged 15 years and under,1014,545,469
E01004334,On foot,48,42,6
E01004334,Other method of travel to work,9,4,5
E01004334,Passenger in a car or van,16,12,4
E01004334,Taxi,4,1,3
E01004334,Train,116,57,59
E01004334,"Underground, metro, light rail, tram",318,153,165
E01004334,Work mainly at or from home,161,11,150
E01004335,Bicycle,23,13,10
E01004335,"Bus, minibus or coach",106,117,-11
E01004335,Driving a car or van,158,133,25
E01004335,"Motorcycle, scooter or moped",2,3,-1
E01004335,Not in employment or aged 15 years and under,965,639,326
E01004335,On foot,65,43,22
E01004335,Other method of travel to work,31,2,29
E01004335,Passenger in a car or van,10,7,3
E01004335,Taxi,2,3,-1
E01004335,Train,69,65,4
E01004335,"Underground, metro, light rail, tram",117,203,-86
E01004335,Work mainly at or from home,192,10,182
E01004336,Bicycle,28,21,7
E01004336,"Bus, minibus or coach",56,101,-45
E01004336,Driving a car or van,100,154,-54
E01004336,"Motorcycle, scooter or moped",5,7,-2
E01004336,Not in employment or aged 15 years and under,713,488,225
E01004336,On foot,54,45,9
E01004336,Other method of travel to work,6,4,2
E01004336,Passenger in a car or van,14,18,-4
E01004336,Taxi,4,3,1
E01004336,Train,65,68,-3
E01004336,"Underground, metro, light rail, tram",285,514,-229
E01004336,Work mainly at or from home,226,15,211
E01004337,Bicycle,40,31,9
E01004337,"Bus, minibus or coach",71,91,-20
E01004337,Driving a car or van,128,166,-38
E01004337,"Motorcycle, scooter or moped",7,6,1
E01004337,Not in employment or aged 15 years and under,887,568,319
E01004337,On foot,54,38,16
E01004337,Other method of travel to work,10,4,6
E01004337,Passenger in a car or van,9,10,-1
E01004337,Taxi,6,5,1
E01004337,Train,59,70,-11
E01004337,"Underground, metro, light rail, tram",208,431,-223
E01004337,Work mainly at or from home,267,16,251
E01004338,Bicycle,29,23,6
E01004338,"Bus, minibus or coach",46,78,-32
E01004338,Driving a car or van,125,146,-21
E01004338,"Motorcycle, scooter or moped",7,7,0
E01004338,Not in employment or aged 15 years and under,806,482,324
E01004338,On foot,55,44,11
E01004338,Other method of travel to work,26,7,19
E01004338,Passenger in a car or van,12,12,0
E01004338,Taxi,12,3,9
E01004338,Train,84,89,-5
E01004338,"Underground, metro, light rail, tram",501,532,-31
E01004338,Work mainly at or from home,316,28,288
E01004339,Bicycle,43,33,10
E01004339,"Bus, minibus or coach",74,72,2
E01004339,Driving a car or van,169,204,-35
E01004339,"Motorcycle, scooter or moped",9,9,0
E01004339,Not in employment or aged 15 years and under,807,453,354
E01004339,On foot,32,45,-13
E01004339,Other method of travel to work,16,6,10
E01004339,Passenger in a car or van,10,13,-3
E01004339,Taxi,1,2,-1
E01004339,Train,50,80,-30
E01004339,"Underground, metro, light rail, tram",260,428,-168
E01004339,Work mainly at or from home,408,19,389
E01004340,Bicycle,33,19,14
E01004340,"Bus, minibus or coach",76,109,-33
E01004340,Driving a car or van,158,171,-13
E01004340,"Motorcycle, scooter or moped",3,4,-1
E01004340,Not in employment or aged 15 years and under,986,621,365
E01004340,On foot,75,38,37
E01004340,Other method of travel to work,16,4,12
E01004340,Passenger in a car or van,7,7,0
E01004340,Taxi,3,2,1
E01004340,Train,58,69,-11
E01004340,"Underground, metro, light rail, tram",217,340,-123
E01004340,Work mainly at or from home,242,22,220
E01004341,Bicycle,32,12,20
E01004341,"Bus, minibus or coach",94,93,1
E01004341,Driving a car or van,190,148,42
E01004341,"Motorcycle, scooter or moped",7,3,4
E01004341,Not in employment or aged 15 years and under,1010,586,424
E01004341,On foot,68,64,4
E01004341,Other method of travel to work,14,3,11
E01004341,Passenger in a car or van,13,12,1
E01004341,Taxi,4,2,2
E01004341,Train,86,59,27
E01004341,"Underground, metro, light rail, tram",201,293,-92
E01004341,Work mainly at or from home,220,20,200
E01004342,Bicycle,45,29,16
E01004342,"Bus, minibus or coach",77,101,-24
E01004342,Driving a car or van,187,264,-77
E01004342,"Motorcycle, scooter or moped",2,4,-2
E01004342,Not in employment or aged 15 years and under,1029,662,367
E01004342,On foot,70,77,-7
E01004342,Other method of travel to work,22,5,17
E01004342,Passenger in a car or van,10,25,-15
E01004342,Taxi,11,6,5
E01004342,Train,41,87,-46
E01004342,"Underground, metro, light rail, tram",189,273,-84
E01004342,Work mainly at or from home,408,26,382
E01004343,Bicycle,23,32,-9
E01004343,"Bus, minibus or coach",43,82,-39
E01004343,Driving a car or van,218,365,-147
E01004343,"Motorcycle, scooter or moped",5,9,-4
E01004343,Not in employment or aged 15 years and under,909,384,525
E01004343,On foot,44,68,-24
E01004343,Other method of travel to work,8,2,6
E01004343,Passenger in a car or van,17,31,-14
E01004343,Taxi,5,8,-3
E01004343,Train,30,119,-89
E01004343,"Underground, metro, light rail, tram",139,174,-35
E01004343,Work mainly at or from home,427,36,391
E01004344,Bicycle,21,9,12
E01004344,"Bus, minibus or coach",101,113,-12
E01004344,Driving a car or van,249,287,-38
E01004344,"Motorcycle, scooter or moped",4,8,-4
E01004344,Not in employment or aged 15 years and under,1029,477,552
E01004344,On foot,48,66,-18
E01004344,Other method of travel to work,7,9,-2
E01004344,Passenger in a car or van,10,19,-9
E01004344,Taxi,3,2,1
E01004344,Train,39,66,-27
E01004344,"Underground, metro, light rail, tram",139,193,-54
E01004344,Work mainly at or from home,254,28,226
E01004345,Bicycle,33,29,4
E01004345,"Bus, minibus or coach",98,111,-13
E01004345,Driving a car or van,190,293,-103
E01004345,"Motorcycle, scooter or moped",11,10,1
E01004345,Not in employment or aged 15 years and under,836,483,353
E01004345,On foot,55,65,-10
E01004345,Other method of travel to work,10,3,7
E01004345,Passenger in a car or van,16,20,-4
E01004345,Taxi,5,3,2
E01004345,Train,44,71,-27
E01004345,"Underground, metro, light rail, tram",161,259,-98
E01004345,Work mainly at or from home,334,25,309
E01004346,Bicycle,31,15,16
E01004346,"Bus, minibus or coach",58,95,-37
E01004346,Driving a car or van,197,277,-80
E01004346,"Motorcycle, scooter or moped",2,8,-6
E01004346,Not in employment or aged 15 years and under,889,390,499
E01004346,On foot,47,52,-5
E01004346,Other method of travel to work,6,1,5
E01004346,Passenger in a car or van,19,27,-8
E01004346,Taxi,7,7,0
E01004346,Train,35,76,-41
E01004346,"Underground, metro, light rail, tram",142,179,-37
E01004346,Work mainly at or from home,361,38,323
E01004347,Bicycle,62,53,9
E01004347,"Bus, minibus or coach",76,95,-19
E01004347,Driving a car or van,156,243,-87
E01004347,"Motorcycle, scooter or moped",10,9,1
E01004347,Not in employment or aged 15 years and under,1003,416,587
E01004347,On foot,58,72,-14
E01004347,Other method of travel to work,16,5,11
E01004347,Passenger in a car or van,12,19,-7
E01004347,Taxi,4,4,0
E01004347,Train,43,126,-83
E01004347,"Underground, metro, light rail, tram",182,395,-213
E01004347,Work mainly at or from home,563,41,522
E01004348,Bicycle,67,35,32
E01004348,"Bus, minibus or coach",118,196,-78
E01004348,Driving a car or van,296,368,-72
E01004348,"Motorcycle, scooter or moped",8,17,-9
E01004348,Not in employment or aged 15 years and under,1324,650,674
E01004348,On foot,90,98,-8
E01004348,Other method of travel to work,12,6,6
E01004348,Passenger in a car or van,16,25,-9
E01004348,Taxi,11,8,3
E01004348,Train,56,121,-65
E01004348,"Underground, metro, light rail, tram",260,415,-155
E01004348,Work mainly at or from home,695,42,653
E01004349,Bicycle,6,4,2
E01004349,"Bus, minibus or coach",47,83,-36
E01004349,Driving a car or van,290,306,-16
E01004349,"Motorcycle, scooter or moped",9,5,4
E01004349,Not in employment or aged 15 years and under,848,418,430
E01004349,On foot,23,25,-2
E01004349,Other method of travel to work,7,2,5
E01004349,Passenger in a car or van,17,19,-2
E01004349,Taxi,4,7,-3
E01004349,Train,23,62,-39
E01004349,"Underground, metro, light rail, tram",54,72,-18
E01004349,Work mainly at or from home,218,15,203
E01004350,Bicycle,14,8,6
E01004350,"Bus, minibus or coach",46,60,-14
E01004350,Driving a car or van,265,328,-63
E01004350,"Motorcycle, scooter or moped",6,4,2
E01004350,Not in employment or aged 15 years and under,1180,463,717
E01004350,On foot,30,29,1
E01004350,Other method of travel to work,10,5,5
E01004350,Passenger in a car or van,16,20,-4
E01004350,Taxi,7,12,-5
E01004350,Train,39,63,-24
E01004350,"Underground, metro, light rail, tram",49,78,-29
E01004350,Work mainly at or from home,237,28,209
E01004351,Bicycle,13,7,6
E01004351,"Bus, minibus or coach",35,35,0
E01004351,Driving a car or van,275,395,-120
E01004351,"Motorcycle, scooter or moped",3,5,-2
E01004351,Not in employment or aged 15 years and under,845,370,475
E01004351,On foot,31,36,-5
E01004351,Other method of travel to work,15,5,10
E01004351,Passenger in a car or van,16,24,-8
E01004351,Taxi,13,20,-7
E01004351,Train,39,121,-82
E01004351,"Underground, metro, light rail, tram",46,70,-24
E01004351,Work mainly at or from home,318,42,276
E01004352,Bicycle,10,13,-3
E01004352,"Bus, minibus or coach",40,31,9
E01004352,Driving a car or van,260,397,-137
E01004352,"Motorcycle, scooter or moped",4,7,-3
E01004352,Not in employment or aged 15 years and under,948,404,544
E01004352,On foot,35,52,-17
E01004352,Other method of travel to work,6,7,-1
E01004352,Passenger in a car or van,16,21,-5
E01004352,Taxi,6,12,-6
E01004352,Train,50,224,-174
E01004352,"Underground, metro, light rail, tram",53,141,-88
E01004352,Work mainly at or from home,455,71,384
E01004353,Bicycle,18,8,10
E01004353,"Bus, minibus or coach",36,40,-4
E01004353,Driving a car or van,234,375,-141
E01004353,"Motorcycle, scooter or moped",3,14,-11
E01004353,Not in employment or aged 15 years and under,921,463,458
E01004353,On foot,46,41,5
E01004353,Other method of travel to work,9,7,2
E01004353,Passenger in a car or van,14,20,-6
E01004353,Taxi,5,18,-13
E01004353,Train,61,178,-117
E01004353,"Underground, metro, light rail, tram",72,115,-43
E01004353,Work mainly at or from home,399,57,342
E01004354,Bicycle,18,14,4
E01004354,"Bus, minibus or coach",46,58,-12
E01004354,Driving a car or van,274,339,-65
E01004354,"Motorcycle, scooter or moped",3,10,-7
E01004354,Not in employment or aged 15 years and under,961,392,569
E01004354,On foot,53,63,-10
E01004354,Other method of travel to work,14,8,6
E01004354,Passenger in a car or van,31,25,6
E01004354,Taxi,9,10,-1
E01004354,Train,64,196,-132
E01004354,"Underground, metro, light rail, tram",53,131,-78
E01004354,Work mainly at or from home,444,47,397
E01004355,Bicycle,15,10,5
E01004355,"Bus, minibus or coach",54,71,-17
E01004355,Driving a car or van,278,371,-93
E01004355,"Motorcycle, scooter or moped",4,8,-4
E01004355,Not in employment or aged 15 years and under,935,420,515
E01004355,On foot,31,30,1
E01004355,Other method of travel to work,12,5,7
E01004355,Passenger in a car or van,14,19,-5
E01004355,Taxi,7,7,0
E01004355,Train,27,105,-78
E01004355,"Underground, metro, light rail, tram",48,88,-40
E01004355,Work mainly at or from home,266,30,236
E01004356,Bicycle,10,11,-1
E01004356,"Bus, minibus or coach",52,54,-2
E01004356,Driving a car or van,342,386,-44
E01004356,"Motorcycle, scooter or moped",9,2,7
E01004356,Not in employment or aged 15 years and under,894,474,420
E01004356,On foot,42,32,10
E01004356,Other method of travel to work,9,4,5
E01004356,Passenger in a car or van,26,27,-1
E01004356,Taxi,5,10,-5
E01004356,Train,31,51,-20
E01004356,"Underground, metro, light rail, tram",57,90,-33
E01004356,Work mainly at or from home,219,34,185
E01004357,Bicycle,13,9,4
E01004357,"Bus, minibus or coach",50,44,6
E01004357,Driving a car or van,282,350,-68
E01004357,"Motorcycle, scooter or moped",6,11,-5
E01004357,Not in employment or aged 15 years and under,846,419,427
E01004357,On foot,26,25,1
E01004357,Other method of travel to work,11,5,6
E01004357,Passenger in a car or van,15,22,-7
E01004357,Taxi,4,8,-4
E01004357,Train,24,85,-61
E01004357,"Underground, metro, light rail, tram",39,84,-45
E01004357,Work mainly at or from home,270,43,227
E01004358,Bicycle,11,5,6
E01004358,"Bus, minibus or coach",47,55,-8
E01004358,Driving a car or van,309,345,-36
E01004358,"Motorcycle, scooter or moped",5,7,-2
E01004358,Not in employment or aged 15 years and under,980,419,561
E01004358,On foot,52,43,9
E01004358,Other method of travel to work,14,5,9
E01004358,Passenger in a car or van,21,24,-3
E01004358,Taxi,1,5,-4
E01004358,Train,47,144,-97
E01004358,"Underground, metro, light rail, tram",77,113,-36
E01004358,Work mainly at or from home,392,35,357
E01004359,Bicycle,15,16,-1
E01004359,"Bus, minibus or coach",29,54,-25
E01004359,Driving a car or van,266,383,-117
E01004359,"Motorcycle, scooter or moped",3,7,-4
E01004359,Not in employment or aged 15 years and under,863,423,440
E01004359,On foot,46,44,2
E01004359,Other method of travel to work,6,5,1
E01004359,Passenger in a car or van,13,24,-11
E01004359,Taxi,6,11,-5
E01004359,Train,35,129,-94
E01004359,"Underground, metro, light rail, tram",70,120,-50
E01004359,Work mainly at or from home,356,30,326
E01004360,Bicycle,12,5,7
E01004360,"Bus, minibus or coach",27,37,-10
E01004360,Driving a car or van,237,319,-82
E01004360,"Motorcycle, scooter or moped",5,11,-6
E01004360,Not in employment or aged 15 years and under,703,349,354
E01004360,On foot,30,40,-10
E01004360,Other method of travel to work,10,3,7
E01004360,Passenger in a car or van,13,26,-13
E01004360,Taxi,6,8,-2
E01004360,Train,32,61,-29
E01004360,"Underground, metro, light rail, tram",47,84,-37
E01004360,Work mainly at or from home,218,37,181
E01004361,Bicycle,15,4,11
E01004361,"Bus, minibus or coach",24,38,-14
E01004361,Driving a car or van,306,373,-67
E01004361,"Motorcycle, scooter or moped",4,5,-1
E01004361,Not in employment or aged 15 years and under,689,314,375
E01004361,On foot,19,24,-5
E01004361,Other method of travel to work,7,7,0
E01004361,Passenger in a car or van,18,31,-13
E01004361,Taxi,4,16,-12
E01004361,Train,14,82,-68
E01004361,"Underground, metro, light rail, tram",31,82,-51
E01004361,Work mainly at or from home,250,23,227
E01004362,Bicycle,34,26,8
E01004362,"Bus, minibus or coach",37,46,-9
E01004362,Driving a car or van,121,210,-89
E01004362,"Motorcycle, scooter or moped",4,9,-5
E01004362,Not in employment or aged 15 years and under,718,437,281
E01004362,On foot,50,61,-11
E01004362,Other method of travel to work,18,6,12
E01004362,Passenger in a car or van,11,8,3
E01004362,Taxi,4,1,3
E01004362,Train,33,50,-17
E01004362,"Underground, metro, light rail, tram",151,403,-252
E01004362,Work mainly at or from home,434,28,406
E01004363,Bicycle,26,20,6
E01004363,"Bus, minibus or coach",56,112,-56
E01004363,Driving a car or van,163,228,-65
E01004363,"Motorcycle, scooter or moped",3,9,-6
E01004363,Not in employment or aged 15 years and under,840,389,451
E01004363,On foot,81,101,-20
E01004363,Other method of travel to work,3,4,-1
E01004363,Passenger in a car or van,10,11,-1
E01004363,Taxi,4,2,2
E01004363,Train,37,33,4
E01004363,"Underground, metro, light rail, tram",167,248,-81
E01004363,Work mainly at or from home,272,27,245
E01004364,Bicycle,31,17,14
E01004364,"Bus, minibus or coach",91,105,-14
E01004364,Driving a car or van,192,202,-10
E01004364,"Motorcycle, scooter or moped",4,8,-4
E01004364,Not in employment or aged 15 years and under,1118,551,567
E01004364,On foot,83,78,5
E01004364,Other method of travel to work,4,3,1
E01004364,Passenger in a car or van,9,9,0
E01004364,Taxi,3,0,3
E01004364,Train,53,46,7
E01004364,"Underground, metro, light rail, tram",132,212,-80
E01004364,Work mainly at or from home,261,13,248
E01004365,Bicycle,34,68,-34
E01004365,"Bus, minibus or coach",146,175,-29
E01004365,Driving a car or van,227,204,23
E01004365,"Motorcycle, scooter or moped",7,7,0
E01004365,Not in employment or aged 15 years and under,1398,710,688
E01004365,On foot,105,82,23
E01004365,Other method of travel to work,14,5,9
E01004365,Passenger in a car or van,15,12,3
E01004365,Taxi,1,1,0
E01004365,Train,85,111,-26
E01004365,"Underground, metro, light rail, tram",240,408,-168
E01004365,Work mainly at or from home,272,22,250
E01004366,Bicycle,39,27,12
E01004366,"Bus, minibus or coach",46,70,-24
E01004366,Driving a car or van,174,209,-35
E01004366,"Motorcycle, scooter or moped",6,12,-6
E01004366,Not in employment or aged 15 years and under,943,607,336
E01004366,On foot,74,78,-4
E01004366,Other method of travel to work,18,2,16
E01004366,Passenger in a car or van,14,13,1
E01004366,Taxi,3,1,2
E01004366,Train,28,47,-19
E01004366,"Underground, metro, light rail, tram",207,329,-122
E01004366,Work mainly at or from home,377,45,332
E01004367,Bicycle,25,19,6
E01004367,"Bus, minibus or coach",81,88,-7
E01004367,Driving a car or van,133,158,-25
E01004367,"Motorcycle, scooter or moped",4,2,2
E01004367,Not in employment or aged 15 years and under,836,506,330
E01004367,On foot,60,72,-12
E01004367,Other method of travel to work,8,4,4
E01004367,Passenger in a car or van,15,11,4
E01004367,Taxi,4,3,1
E01004367,Train,24,53,-29
E01004367,"Underground, metro, light rail, tram",162,278,-116
E01004367,Work mainly at or from home,262,25,237
E01004368,Bicycle,35,29,6
E01004368,"Bus, minibus or coach",50,70,-20
E01004368,Driving a car or van,233,252,-19
E01004368,"Motorcycle, scooter or moped",11,9,2
E01004368,Not in employment or aged 15 years and under,1337,531,806
E01004368,On foot,84,96,-12
E01004368,Other method of travel to work,22,8,14
E01004368,Passenger in a car or van,19,9,10
E01004368,Taxi,3,6,-3
E01004368,Train,57,56,1
E01004368,"Underground, metro, light rail, tram",218,403,-185
E01004368,Work mainly at or from home,384,36,348
E01004369,Bicycle,50,23,27
E01004369,"Bus, minibus or coach",74,105,-31
E01004369,Driving a car or van,134,183,-49
E01004369,"Motorcycle, scooter or moped",6,11,-5
E01004369,Not in employment or aged 15 years and under,740,413,327
E01004369,On foot,49,50,-1
E01004369,Other method of travel to work,9,7,2
E01004369,Passenger in a car or van,12,6,6
E01004369,Taxi,4,1,3
E01004369,Train,56,56,0
E01004369,"Underground, metro, light rail, tram",223,453,-230
E01004369,Work mainly at or from home,398,20,378
E01004370,Bicycle,49,32,17
E01004370,"Bus, minibus or coach",60,102,-42
E01004370,Driving a car or van,163,193,-30
E01004370,"Motorcycle, scooter or moped",9,6,3
E01004370,Not in employment or aged 15 years and under,864,399,465
E01004370,On foot,50,55,-5
E01004370,Other method of travel to work,20,8,12
E01004370,Passenger in a car or van,18,12,6
E01004370,Taxi,3,1,2
E01004370,Train,55,64,-9
E01004370,"Underground, metro, light rail, tram",285,449,-164
E01004370,Work mainly at or from home,532,26,506
E01004371,Bicycle,53,33,20
E01004371,"Bus, minibus or coach",40,69,-29
E01004371,Driving a car or van,120,164,-44
E01004371,"Motorcycle, scooter or moped",4,5,-1
E01004371,Not in employment or aged 15 years and under,765,489,276
E01004371,On foot,45,42,3
E01004371,Other method of travel to work,11,4,7
E01004371,Passenger in a car or van,5,13,-8
E01004371,Taxi,3,1,2
E01004371,Train,32,57,-25
E01004371,"Underground, metro, light rail, tram",210,465,-255
E01004371,Work mainly at or from home,361,35,326
E01004372,Bicycle,56,40,16
E01004372,"Bus, minibus or coach",22,68,-46
E01004372,Driving a car or van,110,186,-76
E01004372,"Motorcycle, scooter or moped",1,7,-6
E01004372,Not in employment or aged 15 years and under,601,380,221
E01004372,On foot,37,91,-54
E01004372,Other method of travel to work,9,4,5
E01004372,Passenger in a car or van,9,18,-9
E01004372,Taxi,4,2,2
E01004372,Train,43,55,-12
E01004372,"Underground, metro, light rail, tram",264,514,-250
E01004372,Work mainly at or from home,491,33,458
E01004373,Bicycle,37,23,14
E01004373,"Bus, minibus or coach",84,106,-22
E01004373,Driving a car or van,121,163,-42
E01004373,"Motorcycle, scooter or moped",4,9,-5
E01004373,Not in employment or aged 15 years and under,869,504,365
E01004373,On foot,54,46,8
E01004373,Other method of travel to work,22,8,14
E01004373,Passenger in a car or van,7,14,-7
E01004373,Taxi,4,1,3
E01004373,Train,54,61,-7
E01004373,"Underground, metro, light rail, tram",212,425,-213
E01004373,Work mainly at or from home,333,16,317
E01004374,Bicycle,56,30,26
E01004374,"Bus, minibus or coach",66,66,0
E01004374,Driving a car or van,152,212,-60
E01004374,"Motorcycle, scooter or moped",15,7,8
E01004374,Not in employment or aged 15 years and under,846,451,395
E01004374,On foot,53,72,-19
E01004374,Other method of travel to work,10,14,-4
E01004374,Passenger in a car or van,12,8,4
E01004374,Taxi,2,5,-3
E01004374,Train,76,82,-6
E01004374,"Underground, metro, light rail, tram",284,501,-217
E01004374,Work mainly at or from home,399,22,377
E01004375,Bicycle,47,33,14
E01004375,"Bus, minibus or coach",78,81,-3
E01004375,Driving a car or van,151,202,-51
E01004375,"Motorcycle, scooter or moped",19,10,9
E01004375,Not in employment or aged 15 years and under,847,515,332
E01004375,On foot,62,46,16
E01004375,Other method of travel to work,16,4,12
E01004375,Passenger in a car or van,9,6,3
E01004375,Taxi,4,1,3
E01004375,Train,41,79,-38
E01004375,"Underground, metro, light rail, tram",299,441,-142
E01004375,Work mainly at or from home,359,29,330
E01004376,Bicycle,33,24,9
E01004376,"Bus, minibus or coach",76,89,-13
E01004376,Driving a car or van,131,220,-89
E01004376,"Motorcycle, scooter or moped",5,5,0
E01004376,Not in employment or aged 15 years and under,828,545,283
E01004376,On foot,71,58,13
E01004376,Other method of travel to work,5,8,-3
E01004376,Passenger in a car or van,3,12,-9
E01004376,Taxi,1,4,-3
E01004376,Train,44,96,-52
E01004376,"Underground, metro, light rail, tram",364,549,-185
E01004376,Work mainly at or from home,321,27,294
E01004377,Bicycle,19,14,5
E01004377,"Bus, minibus or coach",44,63,-19
E01004377,Driving a car or van,241,365,-124
E01004377,"Motorcycle, scooter or moped",3,8,-5
E01004377,Not in employment or aged 15 years and under,946,418,528
E01004377,On foot,50,57,-7
E01004377,Other method of travel to work,12,7,5
E01004377,Passenger in a car or van,9,20,-11
E01004377,Taxi,13,12,1
E01004377,Train,21,79,-58
E01004377,"Underground, metro, light rail, tram",146,188,-42
E01004377,Work mainly at or from home,331,38,293
E01004378,Bicycle,36,20,16
E01004378,"Bus, minibus or coach",72,78,-6
E01004378,Driving a car or van,201,304,-103
E01004378,"Motorcycle, scooter or moped",8,12,-4
E01004378,Not in employment or aged 15 years and under,938,497,441
E01004378,On foot,54,59,-5
E01004378,Other method of travel to work,7,7,0
E01004378,Passenger in a car or van,10,20,-10
E01004378,Taxi,3,9,-6
E01004378,Train,30,105,-75
E01004378,"Underground, metro, light rail, tram",137,212,-75
E01004378,Work mainly at or from home,356,31,325
E01004379,Bicycle,29,19,10
E01004379,"Bus, minibus or coach",27,44,-17
E01004379,Driving a car or van,231,288,-57
E01004379,"Motorcycle, scooter or moped",3,9,-6
E01004379,Not in employment or aged 15 years and under,852,297,555
E01004379,On foot,53,45,8
E01004379,Other method of travel to work,13,4,9
E01004379,Passenger in a car or van,9,16,-7
E01004379,Taxi,5,8,-3
E01004379,Train,63,162,-99
E01004379,"Underground, metro, light rail, tram",119,140,-21
E01004379,Work mainly at or from home,526,28,498
E01004380,Bicycle,12,14,-2
E01004380,"Bus, minibus or coach",43,31,12
E01004380,Driving a car or van,265,361,-96
E01004380,"Motorcycle, scooter or moped",4,7,-3
E01004380,Not in employment or aged 15 years and under,970,347,623
E01004380,On foot,40,46,-6
E01004380,Other method of travel to work,11,1,10
E01004380,Passenger in a car or van,17,13,4
E01004380,Taxi,4,8,-4
E01004380,Train,33,102,-69
E01004380,"Underground, metro, light rail, tram",77,127,-50
E01004380,Work mainly at or from home,319,37,282
E01004381,Bicycle,46,26,20
E01004381,"Bus, minibus or coach",37,54,-17
E01004381,Driving a car or van,231,364,-133
E01004381,"Motorcycle, scooter or moped",4,9,-5
E01004381,Not in employment or aged 15 years and under,911,369,542
E01004381,On foot,54,77,-23
E01004381,Other method of travel to work,14,7,7
E01004381,Passenger in a car or van,15,20,-5
E01004381,Taxi,7,10,-3
E01004381,Train,58,189,-131
E01004381,"Underground, metro, light rail, tram",118,152,-34
E01004381,Work mainly at or from home,487,49,438
E01004382,Bicycle,22,14,8
E01004382,"Bus, minibus or coach",74,65,9
E01004382,Driving a car or van,174,231,-57
E01004382,"Motorcycle, scooter or moped",8,3,5
E01004382,Not in employment or aged 15 years and under,972,461,511
E01004382,On foot,41,53,-12
E01004382,Other method of travel to work,8,5,3
E01004382,Passenger in a car or van,18,10,8
E01004382,Taxi,5,8,-3
E01004382,Train,61,117,-56
E01004382,"Underground, metro, light rail, tram",97,112,-15
E01004382,Work mainly at or from home,279,11,268
E01004383,Bicycle,18,22,-4
E01004383,"Bus, minibus or coach",31,39,-8
E01004383,Driving a car or van,231,355,-124
E01004383,"Motorcycle, scooter or moped",2,10,-8
E01004383,Not in employment or aged 15 years and under,845,376,469
E01004383,On foot,37,50,-13
E01004383,Other method of travel to work,15,3,12
E01004383,Passenger in a car or van,11,23,-12
E01004383,Taxi,5,15,-10
E01004383,Train,41,108,-67
E01004383,"Underground, metro, light rail, tram",86,123,-37
E01004383,Work mainly at or from home,366,32,334
E01004384,Bicycle,17,17,0
E01004384,"Bus, minibus or coach",55,85,-30
E01004384,Driving a car or van,339,333,6
E01004384,"Motorcycle, scooter or moped",7,9,-2
E01004384,Not in employment or aged 15 years and under,1118,513,605
E01004384,On foot,48,45,3
E01004384,Other method of travel to work,13,9,4
E01004384,Passenger in a car or van,16,34,-18
E01004384,Taxi,6,7,-1
E01004384,Train,49,67,-18
E01004384,"Underground, metro, light rail, tram",63,107,-44
E01004384,Work mainly at or from home,269,22,247
E01004385,Bicycle,16,12,4
E01004385,"Bus, minibus or coach",54,42,12
E01004385,Driving a car or van,188,226,-38
E01004385,"Motorcycle, scooter or moped",4,2,2
E01004385,Not in employment or aged 15 years and under,811,372,439
E01004385,On foot,37,31,6
E01004385,Other method of travel to work,5,2,3
E01004385,Passenger in a car or van,8,15,-7
E01004385,Taxi,1,3,-2
E01004385,Train,20,41,-21
E01004385,"Underground, metro, light rail, tram",89,189,-100
E01004385,Work mainly at or from home,299,28,271
E01004386,Bicycle,19,11,8
E01004386,"Bus, minibus or coach",29,44,-15
E01004386,Driving a car or van,267,401,-134
E01004386,"Motorcycle, scooter or moped",4,13,-9
E01004386,Not in employment or aged 15 years and under,826,374,452
E01004386,On foot,26,33,-7
E01004386,Other method of travel to work,8,8,0
E01004386,Passenger in a car or van,20,27,-7
E01004386,Taxi,15,24,-9
E01004386,Train,23,118,-95
E01004386,"Underground, metro, light rail, tram",69,127,-58
E01004386,Work mainly at or from home,385,44,341
E01004387,Bicycle,10,14,-4
E01004387,"Bus, minibus or coach",18,25,-7
E01004387,Driving a car or van,173,340,-167
E01004387,"Motorcycle, scooter or moped",2,16,-14
E01004387,Not in employment or aged 15 years and under,701,318,383
E01004387,On foot,40,65,-25
E01004387,Other method of travel to work,6,5,1
E01004387,Passenger in a car or van,8,21,-13
E01004387,Taxi,11,12,-1
E01004387,Train,45,164,-119
E01004387,"Underground, metro, light rail, tram",62,114,-52
E01004387,Work mainly at or from home,363,28,335
E01004388,Bicycle,28,15,13
E01004388,"Bus, minibus or coach",33,42,-9
E01004388,Driving a car or van,188,289,-101
E01004388,"Motorcycle, scooter or moped",5,6,-1
E01004388,Not in employment or aged 15 years and under,871,367,504
E01004388,On foot,46,41,5
E01004388,Other method of travel to work,7,2,5
E01004388,Passenger in a car or van,10,16,-6
E01004388,Taxi,2,7,-5
E01004388,Train,59,147,-88
E01004388,"Underground, metro, light rail, tram",76,130,-54
E01004388,Work mainly at or from home,339,48,291
E01004389,Bicycle,13,8,5
E01004389,"Bus, minibus or coach",49,64,-15
E01004389,Driving a car or van,301,327,-26
E01004389,"Motorcycle, scooter or moped",7,9,-2
E01004389,Not in employment or aged 15 years and under,940,462,478
E01004389,On foot,42,35,7
E01004389,Other method of travel to work,15,7,8
E01004389,Passenger in a car or van,23,32,-9
E01004389,Taxi,8,13,-5
E01004389,Train,37,71,-34
E01004389,"Underground, metro, light rail, tram",71,100,-29
E01004389,Work mainly at or from home,230,20,210
E01004390,Bicycle,11,14,-3
E01004390,"Bus, minibus or coach",48,75,-27
E01004390,Driving a car or van,278,317,-39
E01004390,"Motorcycle, scooter or moped",1,11,-10
E01004390,Not in employment or aged 15 years and under,889,429,460
E01004390,On foot,36,42,-6
E01004390,Other method of travel to work,7,8,-1
E01004390,Passenger in a car or van,14,27,-13
E01004390,Taxi,3,11,-8
E01004390,Train,23,73,-50
E01004390,"Underground, metro, light rail, tram",66,93,-27
E01004390,Work mainly at or from home,224,12,212
E01004391,Bicycle,68,45,23
E01004391,"Bus, minibus or coach",55,76,-21
E01004391,Driving a car or van,152,198,-46
E01004391,"Motorcycle, scooter or moped",4,13,-9
E01004391,Not in employment or aged 15 years and under,990,443,547
E01004391,On foot,71,46,25
E01004391,Other method of travel to work,14,6,8
E01004391,Passenger in a car or van,7,9,-2
E01004391,Taxi,7,6,1
E01004391,Train,53,113,-60
E01004391,"Underground, metro, light rail, tram",275,433,-158
E01004391,Work mainly at or from home,624,41,583
E01004392,Bicycle,52,36,16
E01004392,"Bus, minibus or coach",87,114,-27
E01004392,Driving a car or van,163,226,-63
E01004392,"Motorcycle, scooter or moped",3,8,-5
E01004392,Not in employment or aged 15 years and under,1164,613,551
E01004392,On foot,92,95,-3
E01004392,Other method of travel to work,17,7,10
E01004392,Passenger in a car or van,15,12,3
E01004392,Taxi,16,3,13
E01004392,Train,65,163,-98
E01004392,"Underground, metro, light rail, tram",319,483,-164
E01004392,Work mainly at or from home,571,33,538
E01004393,Bicycle,37,51,-14
E01004393,"Bus, minibus or coach",47,134,-87
E01004393,Driving a car or van,100,226,-126
E01004393,"Motorcycle, scooter or moped",1,5,-4
E01004393,Not in employment or aged 15 years and under,827,664,163
E01004393,On foot,49,51,-2
E01004393,Other method of travel to work,16,6,10
E01004393,Passenger in a car or van,8,8,0
E01004393,Taxi,1,0,1
E01004393,Train,45,105,-60
E01004393,"Underground, metro, light rail, tram",204,644,-440
E01004393,Work mainly at or from home,367,28,339
E01004394,Bicycle,40,40,0
E01004394,"Bus, minibus or coach",71,85,-14
E01004394,Driving a car or van,153,139,14
E01004394,"Motorcycle, scooter or moped",3,6,-3
E01004394,Not in employment or aged 15 years and under,986,553,433
E01004394,On foot,59,61,-2
E01004394,Other method of travel to work,11,3,8
E01004394,Passenger in a car or van,5,7,-2
E01004394,Taxi,1,2,-1
E01004394,Train,62,116,-54
E01004394,"Underground, metro, light rail, tram",177,311,-134
E01004394,Work mainly at or from home,436,27,409
E01004395,Bicycle,62,51,11
E01004395,"Bus, minibus or coach",38,71,-33
E01004395,Driving a car or van,117,181,-64
E01004395,"Motorcycle, scooter or moped",7,7,0
E01004395,Not in employment or aged 15 years and under,771,341,430
E01004395,On foot,40,54,-14
E01004395,Other method of travel to work,5,8,-3
E01004395,Passenger in a car or van,3,10,-7
E01004395,Taxi,3,1,2
E01004395,Train,43,95,-52
E01004395,"Underground, metro, light rail, tram",163,299,-136
E01004395,Work mainly at or from home,447,42,405
E01004396,Bicycle,41,35,6
E01004396,"Bus, minibus or coach",63,74,-11
E01004396,Driving a car or van,140,161,-21
E01004396,"Motorcycle, scooter or moped",11,8,3
E01004396,Not in employment or aged 15 years and under,935,456,479
E01004396,On foot,63,51,12
E01004396,Other method of travel to work,9,5,4
E01004396,Passenger in a car or van,12,11,1
E01004396,Taxi,6,6,0
E01004396,Train,49,117,-68
E01004396,"Underground, metro, light rail, tram",256,390,-134
E01004396,Work mainly at or from home,416,26,390
E01004397,Bicycle,64,36,28
E01004397,"Bus, minibus or coach",84,130,-46
E01004397,Driving a car or van,176,211,-35
E01004397,"Motorcycle, scooter or moped",12,4,8
E01004397,Not in employment or aged 15 years and under,1251,573,678
E01004397,On foot,105,114,-9
E01004397,Other method of travel to work,14,3,11
E01004397,Passenger in a car or van,18,14,4
E01004397,Taxi,8,2,6
E01004397,Train,91,163,-72
E01004397,"Underground, metro, light rail, tram",375,584,-209
E01004397,Work mainly at or from home,707,36,671
E01004398,Bicycle,16,12,4
E01004398,"Bus, minibus or coach",93,121,-28
E01004398,Driving a car or van,248,225,23
E01004398,"Motorcycle, scooter or moped",9,8,1
E01004398,Not in employment or aged 15 years and under,1152,672,480
E01004398,On foot,48,53,-5
E01004398,Other method of travel to work,14,5,9
E01004398,Passenger in a car or van,23,22,1
E01004398,Taxi,2,3,-1
E01004398,Train,43,73,-30
E01004398,"Underground, metro, light rail, tram",155,200,-45
E01004398,Work mainly at or from home,227,18,209
E01004399,Bicycle,20,13,7
E01004399,"Bus, minibus or coach",89,105,-16
E01004399,Driving a car or van,219,211,8
E01004399,"Motorcycle, scooter or moped",3,3,0
E01004399,Not in employment or aged 15 years and under,1133,598,535
E01004399,On foot,41,38,3
E01004399,Other method of travel to work,10,2,8
E01004399,Passenger in a car or van,15,23,-8
E01004399,Taxi,3,2,1
E01004399,Train,36,40,-4
E01004399,"Underground, metro, light rail, tram",141,159,-18
E01004399,Work mainly at or from home,171,15,156
E01004400,Bicycle,39,12,27
E01004400,"Bus, minibus or coach",97,105,-8
E01004400,Driving a car or van,194,231,-37
E01004400,"Motorcycle, scooter or moped",3,10,-7
E01004400,Not in employment or aged 15 years and under,941,485,456
E01004400,On foot,48,48,0
E01004400,Other method of travel to work,11,0,11
E01004400,Passenger in a car or van,10,11,-1
E01004400,Taxi,5,3,2
E01004400,Train,46,66,-20
E01004400,"Underground, metro, light rail, tram",176,274,-98
E01004400,Work mainly at or from home,330,22,308
E01004401,Bicycle,53,24,29
E01004401,"Bus, minibus or coach",65,114,-49
E01004401,Driving a car or van,185,240,-55
E01004401,"Motorcycle, scooter or moped",9,10,-1
E01004401,Not in employment or aged 15 years and under,1085,510,575
E01004401,On foot,55,58,-3
E01004401,Other method of travel to work,8,9,-1
E01004401,Passenger in a car or van,10,19,-9
E01004401,Taxi,4,3,1
E01004401,Train,65,94,-29
E01004401,"Underground, metro, light rail, tram",310,470,-160
E01004401,Work mainly at or from home,524,26,498
E01004402,Bicycle,24,19,5
E01004402,"Bus, minibus or coach",63,87,-24
E01004402,Driving a car or van,167,209,-42
E01004402,"Motorcycle, scooter or moped",12,8,4
E01004402,Not in employment or aged 15 years and under,1023,546,477
E01004402,On foot,49,49,0
E01004402,Other method of travel to work,16,4,12
E01004402,Passenger in a car or van,13,9,4
E01004402,Taxi,8,3,5
E01004402,Train,41,68,-27
E01004402,"Underground, metro, light rail, tram",141,241,-100
E01004402,Work mainly at or from home,323,24,299
E01004403,Bicycle,61,24,37
E01004403,"Bus, minibus or coach",89,116,-27
E01004403,Driving a car or van,276,233,43
E01004403,"Motorcycle, scooter or moped",12,13,-1
E01004403,Not in employment or aged 15 years and under,1310,536,774
E01004403,On foot,50,47,3
E01004403,Other method of travel to work,16,9,7
E01004403,Passenger in a car or van,19,14,5
E01004403,Taxi,5,7,-2
E01004403,Train,55,56,-1
E01004403,"Underground, metro, light rail, tram",188,192,-4
E01004403,Work mainly at or from home,503,20,483
E01004404,Bicycle,42,29,13
E01004404,"Bus, minibus or coach",120,120,0
E01004404,Driving a car or van,238,239,-1
E01004404,"Motorcycle, scooter or moped",14,7,7
E01004404,Not in employment or aged 15 years and under,1495,501,994
E01004404,On foot,64,50,14
E01004404,Other method of travel to work,13,8,5
E01004404,Passenger in a car or van,20,18,2
E01004404,Taxi,4,2,2
E01004404,Train,71,93,-22
E01004404,"Underground, metro, light rail, tram",302,412,-110
E01004404,Work mainly at or from home,473,32,441
E01004405,Bicycle,31,31,0
E01004405,"Bus, minibus or coach",71,111,-40
E01004405,Driving a car or van,124,135,-11
E01004405,"Motorcycle, scooter or moped",2,1,1
E01004405,Not in employment or aged 15 years and under,895,457,438
E01004405,On foot,44,65,-21
E01004405,Other method of travel to work,7,4,3
E01004405,Passenger in a car or van,11,12,-1
E01004405,Taxi,2,3,-1
E01004405,Train,29,77,-48
E01004405,"Underground, metro, light rail, tram",128,294,-166
E01004405,Work mainly at or from home,373,26,347
E01004406,Bicycle,37,17,20
E01004406,"Bus, minibus or coach",88,134,-46
E01004406,Driving a car or van,121,174,-53
E01004406,"Motorcycle, scooter or moped",5,4,1
E01004406,Not in employment or aged 15 years and under,850,468,382
E01004406,On foot,81,69,12
E01004406,Other method of travel to work,11,5,6
E01004406,Passenger in a car or van,5,15,-10
E01004406,Taxi,1,1,0
E01004406,Train,51,92,-41
E01004406,"Underground, metro, light rail, tram",211,421,-210
E01004406,Work mainly at or from home,385,24,361
E01004407,Bicycle,19,11,8
E01004407,"Bus, minibus or coach",79,118,-39
E01004407,Driving a car or van,138,77,61
E01004407,"Motorcycle, scooter or moped",3,5,-2
E01004407,Not in employment or aged 15 years and under,997,623,374
E01004407,On foot,46,43,3
E01004407,Other method of travel to work,10,1,9
E01004407,Passenger in a car or van,11,9,2
E01004407,Taxi,4,3,1
E01004407,Train,37,46,-9
E01004407,"Underground, metro, light rail, tram",127,150,-23
E01004407,Work mainly at or from home,162,16,146
E01004408,Bicycle,41,33,8
E01004408,"Bus, minibus or coach",51,98,-47
E01004408,Driving a car or van,103,140,-37
E01004408,"Motorcycle, scooter or moped",4,8,-4
E01004408,Not in employment or aged 15 years and under,796,429,367
E01004408,On foot,61,65,-4
E01004408,Other method of travel to work,9,3,6
E01004408,Passenger in a car or van,15,11,4
E01004408,Taxi,4,6,-2
E01004408,Train,21,107,-86
E01004408,"Underground, metro, light rail, tram",182,346,-164
E01004408,Work mainly at or from home,449,43,406
E01004409,Bicycle,24,27,-3
E01004409,"Bus, minibus or coach",55,65,-10
E01004409,Driving a car or van,112,118,-6
E01004409,"Motorcycle, scooter or moped",1,7,-6
E01004409,Not in employment or aged 15 years and under,862,461,401
E01004409,On foot,49,63,-14
E01004409,Other method of travel to work,7,3,4
E01004409,Passenger in a car or van,9,11,-2
E01004409,Taxi,2,4,-2
E01004409,Train,35,85,-50
E01004409,"Underground, metro, light rail, tram",180,382,-202
E01004409,Work mainly at or from home,436,47,389
E01004410,Bicycle,32,27,5
E01004410,"Bus, minibus or coach",44,76,-32
E01004410,Driving a car or van,133,145,-12
E01004410,"Motorcycle, scooter or moped",5,5,0
E01004410,Not in employment or aged 15 years and under,1000,531,469
E01004410,On foot,34,85,-51
E01004410,Other method of travel to work,9,9,0
E01004410,Passenger in a car or van,17,14,3
E01004410,Taxi,1,6,-5
E01004410,Train,37,97,-60
E01004410,"Underground, metro, light rail, tram",139,301,-162
E01004410,Work mainly at or from home,387,49,338
E01004411,Bicycle,33,25,8
E01004411,"Bus, minibus or coach",83,76,7
E01004411,Driving a car or van,128,143,-15
E01004411,"Motorcycle, scooter or moped",4,6,-2
E01004411,Not in employment or aged 15 years and under,779,465,314
E01004411,On foot,65,77,-12
E01004411,Other method of travel to work,15,8,7
E01004411,Passenger in a car or van,16,10,6
E01004411,Taxi,9,2,7
E01004411,Train,67,122,-55
E01004411,"Underground, metro, light rail, tram",240,426,-186
E01004411,Work mainly at or from home,546,42,504
E01004412,Bicycle,46,35,11
E01004412,"Bus, minibus or coach",25,67,-42
E01004412,Driving a car or van,105,173,-68
E01004412,"Motorcycle, scooter or moped",0,11,-11
E01004412,Not in employment or aged 15 years and under,755,393,362
E01004412,On foot,41,61,-20
E01004412,Other method of travel to work,3,3,0
E01004412,Passenger in a car or van,21,10,11
E01004412,Taxi,1,0,1
E01004412,Train,26,123,-97
E01004412,"Underground, metro, light rail, tram",168,399,-231
E01004412,Work mainly at or from home,599,47,552
E01004413,Bicycle,12,7,5
E01004413,"Bus, minibus or coach",67,95,-28
E01004413,Driving a car or van,247,309,-62
E01004413,"Motorcycle, scooter or moped",8,6,2
E01004413,Not in employment or aged 15 years and under,865,434,431
E01004413,On foot,31,24,7
E01004413,Other method of travel to work,11,1,10
E01004413,Passenger in a car or van,22,30,-8
E01004413,Taxi,4,6,-2
E01004413,Train,33,75,-42
E01004413,"Underground, metro, light rail, tram",45,83,-38
E01004413,Work mainly at or from home,199,18,181
E01004414,Bicycle,14,9,5
E01004414,"Bus, minibus or coach",81,75,6
E01004414,Driving a car or van,294,331,-37
E01004414,"Motorcycle, scooter or moped",10,6,4
E01004414,Not in employment or aged 15 years and under,947,404,543
E01004414,On foot,47,61,-14
E01004414,Other method of travel to work,12,3,9
E01004414,Passenger in a car or van,26,22,4
E01004414,Taxi,6,11,-5
E01004414,Train,35,75,-40
E01004414,"Underground, metro, light rail, tram",80,112,-32
E01004414,Work mainly at or from home,267,31,236
E01004415,Bicycle,8,11,-3
E01004415,"Bus, minibus or coach",51,76,-25
E01004415,Driving a car or van,262,344,-82
E01004415,"Motorcycle, scooter or moped",8,9,-1
E01004415,Not in employment or aged 15 years and under,919,447,472
E01004415,On foot,33,40,-7
E01004415,Other method of travel to work,9,3,6
E01004415,Passenger in a car or van,18,30,-12
E01004415,Taxi,4,12,-8
E01004415,Train,34,61,-27
E01004415,"Underground, metro, light rail, tram",53,74,-21
E01004415,Work mainly at or from home,218,31,187
E01004416,Bicycle,24,14,10
E01004416,"Bus, minibus or coach",39,48,-9
E01004416,Driving a car or van,270,395,-125
E01004416,"Motorcycle, scooter or moped",10,8,2
E01004416,Not in employment or aged 15 years and under,887,412,475
E01004416,On foot,33,47,-14
E01004416,Other method of travel to work,7,7,0
E01004416,Passenger in a car or van,18,27,-9
E01004416,Taxi,13,8,5
E01004416,Train,59,123,-64
E01004416,"Underground, metro, light rail, tram",86,123,-37
E01004416,Work mainly at or from home,381,31,350
E01004417,Bicycle,28,8,20
E01004417,"Bus, minibus or coach",73,78,-5
E01004417,Driving a car or van,267,387,-120
E01004417,"Motorcycle, scooter or moped",8,11,-3
E01004417,Not in employment or aged 15 years and under,1032,401,631
E01004417,On foot,49,42,7
E01004417,Other method of travel to work,12,9,3
E01004417,Passenger in a car or van,20,26,-6
E01004417,Taxi,4,12,-8
E01004417,Train,39,67,-28
E01004417,"Underground, metro, light rail, tram",107,118,-11
E01004417,Work mainly at or from home,255,20,235
E01004418,Bicycle,14,18,-4
E01004418,"Bus, minibus or coach",56,76,-20
E01004418,Driving a car or van,281,360,-79
E01004418,"Motorcycle, scooter or moped",4,9,-5
E01004418,Not in employment or aged 15 years and under,935,429,506
E01004418,On foot,52,42,10
E01004418,Other method of travel to work,11,3,8
E01004418,Passenger in a car or van,15,18,-3
E01004418,Taxi,4,7,-3
E01004418,Train,30,82,-52
E01004418,"Underground, metro, light rail, tram",105,123,-18
E01004418,Work mainly at or from home,277,27,250
E01004419,Bicycle,23,13,10
E01004419,"Bus, minibus or coach",111,73,38
E01004419,Driving a car or van,397,262,135
E01004419,"Motorcycle, scooter or moped",10,6,4
E01004419,Not in employment or aged 15 years and under,1360,356,1004
E01004419,On foot,71,40,31
E01004419,Other method of travel to work,18,4,14
E01004419,Passenger in a car or van,20,16,4
E01004419,Taxi,4,8,-4
E01004419,Train,51,79,-28
E01004419,"Underground, metro, light rail, tram",157,116,41
E01004419,Work mainly at or from home,429,20,409
E01004420,Bicycle,39,25,14
E01004420,"Bus, minibus or coach",164,184,-20
E01004420,Driving a car or van,206,222,-16
E01004420,"Motorcycle, scooter or moped",8,7,1
E01004420,Not in employment or aged 15 years and under,1156,733,423
E01004420,On foot,67,82,-15
E01004420,Other method of travel to work,23,7,16
E01004420,Passenger in a car or van,9,15,-6
E01004420,Taxi,5,2,3
E01004420,Train,54,72,-18
E01004420,"Underground, metro, light rail, tram",248,282,-34
E01004420,Work mainly at or from home,282,24,258
E01004421,Bicycle,34,21,13
E01004421,"Bus, minibus or coach",119,163,-44
E01004421,Driving a car or van,205,248,-43
E01004421,"Motorcycle, scooter or moped",9,2,7
E01004421,Not in employment or aged 15 years and under,1163,684,479
E01004421,On foot,68,64,4
E01004421,Other method of travel to work,22,1,21
E01004421,Passenger in a car or van,17,22,-5
E01004421,Taxi,4,3,1
E01004421,Train,52,49,3
E01004421,"Underground, metro, light rail, tram",174,217,-43
E01004421,Work mainly at or from home,267,19,248
E01004422,Bicycle,83,24,59
E01004422,"Bus, minibus or coach",148,192,-44
E01004422,Driving a car or van,215,217,-2
E01004422,"Motorcycle, scooter or moped",14,5,9
E01004422,Not in employment or aged 15 years and under,1265,472,793
E01004422,On foot,67,65,2
E01004422,Other method of travel to work,13,3,10
E01004422,Passenger in a car or van,19,11,8
E01004422,Taxi,5,9,-4
E01004422,Train,64,43,21
E01004422,"Underground, metro, light rail, tram",199,130,69
E01004422,Work mainly at or from home,554,15,539
E01004423,Bicycle,47,17,30
E01004423,"Bus, minibus or coach",126,144,-18
E01004423,Driving a car or van,157,120,37
E01004423,"Motorcycle, scooter or moped",8,6,2
E01004423,Not in employment or aged 15 years and under,1189,518,671
E01004423,On foot,73,49,24
E01004423,Other method of travel to work,9,4,5
E01004423,Passenger in a car or van,19,17,2
E01004423,Taxi,4,1,3
E01004423,Train,27,52,-25
E01004423,"Underground, metro, light rail, tram",187,191,-4
E01004423,Work mainly at or from home,255,18,237
E01004424,Bicycle,32,20,12
E01004424,"Bus, minibus or coach",160,174,-14
E01004424,Driving a car or van,178,186,-8
E01004424,"Motorcycle, scooter or moped",7,5,2
E01004424,Not in employment or aged 15 years and under,1103,571,532
E01004424,On foot,59,55,4
E01004424,Other method of travel to work,14,6,8
E01004424,Passenger in a car or van,32,10,22
E01004424,Taxi,6,10,-4
E01004424,Train,42,48,-6
E01004424,"Underground, metro, light rail, tram",169,209,-40
E01004424,Work mainly at or from home,312,18,294
E01004425,Bicycle,69,60,9
E01004425,"Bus, minibus or coach",133,240,-107
E01004425,Driving a car or van,148,225,-77
E01004425,"Motorcycle, scooter or moped",11,9,2
E01004425,Not in employment or aged 15 years and under,892,482,410
E01004425,On foot,47,50,-3
E01004425,Other method of travel to work,12,3,9
E01004425,Passenger in a car or van,7,9,-2
E01004425,Taxi,10,3,7
E01004425,Train,45,82,-37
E01004425,"Underground, metro, light rail, tram",158,316,-158
E01004425,Work mainly at or from home,462,20,442
E01004426,Bicycle,80,29,51
E01004426,"Bus, minibus or coach",122,222,-100
E01004426,Driving a car or van,161,234,-73
E01004426,"Motorcycle, scooter or moped",7,11,-4
E01004426,Not in employment or aged 15 years and under,940,616,324
E01004426,On foot,60,63,-3
E01004426,Other method of travel to work,12,7,5
E01004426,Passenger in a car or van,15,14,1
E01004426,Taxi,3,2,1
E01004426,Train,35,49,-14
E01004426,"Underground, metro, light rail, tram",128,254,-126
E01004426,Work mainly at or from home,266,21,245
E01004427,Bicycle,102,71,31
E01004427,"Bus, minibus or coach",157,333,-176
E01004427,Driving a car or van,167,196,-29
E01004427,"Motorcycle, scooter or moped",8,9,-1
E01004427,Not in employment or aged 15 years and under,864,474,390
E01004427,On foot,52,86,-34
E01004427,Other method of travel to work,21,8,13
E01004427,Passenger in a car or van,7,13,-6
E01004427,Taxi,12,0,12
E01004427,Train,54,65,-11
E01004427,"Underground, metro, light rail, tram",167,236,-69
E01004427,Work mainly at or from home,375,36,339
E01004428,Bicycle,28,6,22
E01004428,"Bus, minibus or coach",110,128,-18
E01004428,Driving a car or van,179,181,-2
E01004428,"Motorcycle, scooter or moped",5,2,3
E01004428,Not in employment or aged 15 years and under,1259,608,651
E01004428,On foot,66,49,17
E01004428,Other method of travel to work,7,3,4
E01004428,Passenger in a car or van,13,2,11
E01004428,Taxi,7,4,3
E01004428,Train,62,54,8
E01004428,"Underground, metro, light rail, tram",156,163,-7
E01004428,Work mainly at or from home,200,8,192
E01004429,Bicycle,33,31,2
E01004429,"Bus, minibus or coach",95,100,-5
E01004429,Driving a car or van,154,169,-15
E01004429,"Motorcycle, scooter or moped",10,12,-2
E01004429,Not in employment or aged 15 years and under,915,533,382
E01004429,On foot,36,44,-8
E01004429,Other method of travel to work,15,4,11
E01004429,Passenger in a car or van,12,14,-2
E01004429,Taxi,2,2,0
E01004429,Train,52,43,9
E01004429,"Underground, metro, light rail, tram",223,381,-158
E01004429,Work mainly at or from home,279,20,259
E01004430,Bicycle,71,31,40
E01004430,"Bus, minibus or coach",89,108,-19
E01004430,Driving a car or van,168,196,-28
E01004430,"Motorcycle, scooter or moped",4,8,-4
E01004430,Not in employment or aged 15 years and under,1047,597,450
E01004430,On foot,81,84,-3
E01004430,Other method of travel to work,16,3,13
E01004430,Passenger in a car or van,12,13,-1
E01004430,Taxi,15,1,14
E01004430,Train,83,83,0
E01004430,"Underground, metro, light rail, tram",421,669,-248
E01004430,Work mainly at or from home,664,24,640
E01004432,Bicycle,45,30,15
E01004432,"Bus, minibus or coach",91,114,-23
E01004432,Driving a car or van,161,179,-18
E01004432,"Motorcycle, scooter or moped",4,3,1
E01004432,Not in employment or aged 15 years and under,955,479,476
E01004432,On foot,60,45,15
E01004432,Other method of travel to work,16,1,15
E01004432,Passenger in a car or van,13,11,2
E01004432,Taxi,8,6,2
E01004432,Train,63,79,-16
E01004432,"Underground, metro, light rail, tram",194,295,-101
E01004432,Work mainly at or from home,325,21,304
E01004434,Bicycle,52,25,27
E01004434,"Bus, minibus or coach",136,144,-8
E01004434,Driving a car or van,181,229,-48
E01004434,"Motorcycle, scooter or moped",9,6,3
E01004434,Not in employment or aged 15 years and under,1198,631,567
E01004434,On foot,56,48,8
E01004434,Other method of travel to work,8,6,2
E01004434,Passenger in a car or van,11,16,-5
E01004434,Taxi,10,6,4
E01004434,Train,60,57,3
E01004434,"Underground, metro, light rail, tram",154,280,-126
E01004434,Work mainly at or from home,272,34,238
E01004435,Bicycle,48,25,23
E01004435,"Bus, minibus or coach",98,117,-19
E01004435,Driving a car or van,157,210,-53
E01004435,"Motorcycle, scooter or moped",7,8,-1
E01004435,Not in employment or aged 15 years and under,1157,536,621
E01004435,On foot,53,47,6
E01004435,Other method of travel to work,18,11,7
E01004435,Passenger in a car or van,17,14,3
E01004435,Taxi,3,2,1
E01004435,Train,53,48,5
E01004435,"Underground, metro, light rail, tram",227,391,-164
E01004435,Work mainly at or from home,317,20,297
E01004436,Bicycle,23,25,-2
E01004436,"Bus, minibus or coach",38,47,-9
E01004436,Driving a car or van,139,228,-89
E01004436,"Motorcycle, scooter or moped",2,7,-5
E01004436,Not in employment or aged 15 years and under,709,507,202
E01004436,On foot,43,38,5
E01004436,Other method of travel to work,10,8,2
E01004436,Passenger in a car or van,10,12,-2
E01004436,Taxi,5,3,2
E01004436,Train,36,46,-10
E01004436,"Underground, metro, light rail, tram",167,395,-228
E01004436,Work mainly at or from home,349,27,322
E01004437,Bicycle,43,19,24
E01004437,"Bus, minibus or coach",33,65,-32
E01004437,Driving a car or van,134,196,-62
E01004437,"Motorcycle, scooter or moped",3,6,-3
E01004437,Not in employment or aged 15 years and under,836,546,290
E01004437,On foot,54,43,11
E01004437,Other method of travel to work,18,8,10
E01004437,Passenger in a car or van,10,8,2
E01004437,Taxi,2,3,-1
E01004437,Train,47,61,-14
E01004437,"Underground, metro, light rail, tram",243,503,-260
E01004437,Work mainly at or from home,374,32,342
E01004438,Bicycle,35,36,-1
E01004438,"Bus, minibus or coach",60,77,-17
E01004438,Driving a car or van,152,214,-62
E01004438,"Motorcycle, scooter or moped",7,9,-2
E01004438,Not in employment or aged 15 years and under,895,480,415
E01004438,On foot,63,82,-19
E01004438,Other method of travel to work,18,6,12
E01004438,Passenger in a car or van,13,16,-3
E01004438,Taxi,6,4,2
E01004438,Train,57,72,-15
E01004438,"Underground, metro, light rail, tram",276,663,-387
E01004438,Work mainly at or from home,558,47,511
E01004439,Bicycle,33,19,14
E01004439,"Bus, minibus or coach",45,44,1
E01004439,Driving a car or van,125,156,-31
E01004439,"Motorcycle, scooter or moped",3,10,-7
E01004439,Not in employment or aged 15 years and under,736,431,305
E01004439,On foot,46,39,7
E01004439,Other method of travel to work,15,3,12
E01004439,Passenger in a car or van,3,14,-11
E01004439,Taxi,6,5,1
E01004439,Train,35,61,-26
E01004439,"Underground, metro, light rail, tram",215,457,-242
E01004439,Work mainly at or from home,374,36,338
E01004440,Bicycle,52,25,27
E01004440,"Bus, minibus or coach",49,85,-36
E01004440,Driving a car or van,137,208,-71
E01004440,"Motorcycle, scooter or moped",6,5,1
E01004440,Not in employment or aged 15 years and under,873,520,353
E01004440,On foot,65,84,-19
E01004440,Other method of travel to work,16,1,15
E01004440,Passenger in a car or van,5,10,-5
E01004440,Taxi,1,3,-2
E01004440,Train,53,80,-27
E01004440,"Underground, metro, light rail, tram",322,651,-329
E01004440,Work mainly at or from home,485,61,424
E01004441,Bicycle,36,38,-2
E01004441,"Bus, minibus or coach",33,37,-4
E01004441,Driving a car or van,109,235,-126
E01004441,"Motorcycle, scooter or moped",9,8,1
E01004441,Not in employment or aged 15 years and under,690,390,300
E01004441,On foot,33,44,-11
E01004441,Other method of travel to work,8,4,4
E01004441,Passenger in a car or van,10,11,-1
E01004441,Taxi,4,7,-3
E01004441,Train,20,45,-25
E01004441,"Underground, metro, light rail, tram",167,459,-292
E01004441,Work mainly at or from home,405,43,362
E01004442,Bicycle,41,42,-1
E01004442,"Bus, minibus or coach",35,47,-12
E01004442,Driving a car or van,110,216,-106
E01004442,"Motorcycle, scooter or moped",5,9,-4
E01004442,Not in employment or aged 15 years and under,645,436,209
E01004442,On foot,40,53,-13
E01004442,Other method of travel to work,11,8,3
E01004442,Passenger in a car or van,9,10,-1
E01004442,Taxi,3,0,3
E01004442,Train,35,48,-13
E01004442,"Underground, metro, light rail, tram",193,518,-325
E01004442,Work mainly at or from home,420,34,386
E01004443,Bicycle,51,18,33
E01004443,"Bus, minibus or coach",72,97,-25
E01004443,Driving a car or van,140,222,-82
E01004443,"Motorcycle, scooter or moped",0,3,-3
E01004443,Not in employment or aged 15 years and under,1025,647,378
E01004443,On foot,91,76,15
E01004443,Other method of travel to work,17,5,12
E01004443,Passenger in a car or van,7,21,-14
E01004443,Taxi,7,0,7
E01004443,Train,52,138,-86
E01004443,"Underground, metro, light rail, tram",253,377,-124
E01004443,Work mainly at or from home,519,27,492
E01004444,Bicycle,55,44,11
E01004444,"Bus, minibus or coach",116,173,-57
E01004444,Driving a car or van,178,263,-85
E01004444,"Motorcycle, scooter or moped",8,6,2
E01004444,Not in employment or aged 15 years and under,1268,813,455
E01004444,On foot,103,84,19
E01004444,Other method of travel to work,14,5,9
E01004444,Passenger in a car or van,15,17,-2
E01004444,Taxi,5,6,-1
E01004444,Train,94,185,-91
E01004444,"Underground, metro, light rail, tram",290,441,-151
E01004444,Work mainly at or from home,672,23,649
E01004445,Bicycle,40,18,22
E01004445,"Bus, minibus or coach",58,70,-12
E01004445,Driving a car or van,147,108,39
E01004445,"Motorcycle, scooter or moped",14,4,10
E01004445,Not in employment or aged 15 years and under,1000,275,725
E01004445,On foot,53,57,-4
E01004445,Other method of travel to work,5,5,0
E01004445,Passenger in a car or van,10,8,2
E01004445,Taxi,4,4,0
E01004445,Train,41,81,-40
E01004445,"Underground, metro, light rail, tram",305,181,124
E01004445,Work mainly at or from home,407,17,390
E01004446,Bicycle,55,33,22
E01004446,"Bus, minibus or coach",107,90,17
E01004446,Driving a car or van,157,194,-37
E01004446,"Motorcycle, scooter or moped",8,9,-1
E01004446,Not in employment or aged 15 years and under,1247,552,695
E01004446,On foot,65,49,16
E01004446,Other method of travel to work,7,2,5
E01004446,Passenger in a car or van,8,12,-4
E01004446,Taxi,10,1,9
E01004446,Train,101,154,-53
E01004446,"Underground, metro, light rail, tram",402,305,97
E01004446,Work mainly at or from home,503,32,471
E01004447,Bicycle,37,32,5
E01004447,"Bus, minibus or coach",53,112,-59
E01004447,Driving a car or van,108,213,-105
E01004447,"Motorcycle, scooter or moped",4,5,-1
E01004447,Not in employment or aged 15 years and under,853,493,360
E01004447,On foot,60,74,-14
E01004447,Other method of travel to work,11,14,-3
E01004447,Passenger in a car or van,17,8,9
E01004447,Taxi,1,5,-4
E01004447,Train,41,116,-75
E01004447,"Underground, metro, light rail, tram",222,345,-123
E01004447,Work mainly at or from home,449,30,419
E01004448,Bicycle,50,42,8
E01004448,"Bus, minibus or coach",57,117,-60
E01004448,Driving a car or van,142,244,-102
E01004448,"Motorcycle, scooter or moped",11,18,-7
E01004448,Not in employment or aged 15 years and under,898,463,435
E01004448,On foot,57,43,14
E01004448,Other method of travel to work,12,4,8
E01004448,Passenger in a car or van,9,10,-1
E01004448,Taxi,5,1,4
E01004448,Train,59,108,-49
E01004448,"Underground, metro, light rail, tram",152,285,-133
E01004448,Work mainly at or from home,486,24,462
E01004449,Bicycle,27,17,10
E01004449,"Bus, minibus or coach",109,129,-20
E01004449,Driving a car or van,165,157,8
E01004449,"Motorcycle, scooter or moped",8,9,-1
E01004449,Not in employment or aged 15 years and under,1141,658,483
E01004449,On foot,53,58,-5
E01004449,Other method of travel to work,9,3,6
E01004449,Passenger in a car or van,9,16,-7
E01004449,Taxi,8,5,3
E01004449,Train,61,53,8
E01004449,"Underground, metro, light rail, tram",115,147,-32
E01004449,Work mainly at or from home,187,9,178
E01004450,Bicycle,17,19,-2
E01004450,"Bus, minibus or coach",42,68,-26
E01004450,Driving a car or van,363,426,-63
E01004450,"Motorcycle, scooter or moped",9,11,-2
E01004450,Not in employment or aged 15 years and under,867,340,527
E01004450,On foot,49,49,0
E01004450,Other method of travel to work,7,5,2
E01004450,Passenger in a car or van,20,22,-2
E01004450,Taxi,4,6,-2
E01004450,Train,28,61,-33
E01004450,"Underground, metro, light rail, tram",73,123,-50
E01004450,Work mainly at or from home,229,30,199
E01004451,Bicycle,13,14,-1
E01004451,"Bus, minibus or coach",69,75,-6
E01004451,Driving a car or van,326,438,-112
E01004451,"Motorcycle, scooter or moped",4,15,-11
E01004451,Not in employment or aged 15 years and under,981,418,563
E01004451,On foot,47,33,14
E01004451,Other method of travel to work,8,8,0
E01004451,Passenger in a car or van,17,27,-10
E01004451,Taxi,17,10,7
E01004451,Train,28,78,-50
E01004451,"Underground, metro, light rail, tram",101,151,-50
E01004451,Work mainly at or from home,233,17,216
E01004452,Bicycle,21,8,13
E01004452,"Bus, minibus or coach",93,99,-6
E01004452,Driving a car or van,335,343,-8
E01004452,"Motorcycle, scooter or moped",6,9,-3
E01004452,Not in employment or aged 15 years and under,987,413,574
E01004452,On foot,68,65,3
E01004452,Other method of travel to work,16,11,5
E01004452,Passenger in a car or van,27,18,9
E01004452,Taxi,7,10,-3
E01004452,Train,26,52,-26
E01004452,"Underground, metro, light rail, tram",113,115,-2
E01004452,Work mainly at or from home,197,22,175
E01004453,Bicycle,9,14,-5
E01004453,"Bus, minibus or coach",56,77,-21
E01004453,Driving a car or van,337,384,-47
E01004453,"Motorcycle, scooter or moped",8,20,-12
E01004453,Not in employment or aged 15 years and under,971,409,562
E01004453,On foot,51,50,1
E01004453,Other method of travel to work,12,6,6
E01004453,Passenger in a car or van,24,29,-5
E01004453,Taxi,7,5,2
E01004453,Train,32,63,-31
E01004453,"Underground, metro, light rail, tram",91,128,-37
E01004453,Work mainly at or from home,222,18,204
E01004454,Bicycle,20,15,5
E01004454,"Bus, minibus or coach",94,83,11
E01004454,Driving a car or van,311,346,-35
E01004454,"Motorcycle, scooter or moped",7,10,-3
E01004454,Not in employment or aged 15 years and under,1066,457,609
E01004454,On foot,58,55,3
E01004454,Other method of travel to work,15,5,10
E01004454,Passenger in a car or van,31,21,10
E01004454,Taxi,6,11,-5
E01004454,Train,28,62,-34
E01004454,"Underground, metro, light rail, tram",99,115,-16
E01004454,Work mainly at or from home,238,20,218
E01004455,Bicycle,18,9,9
E01004455,"Bus, minibus or coach",99,108,-9
E01004455,Driving a car or van,242,263,-21
E01004455,"Motorcycle, scooter or moped",6,9,-3
E01004455,Not in employment or aged 15 years and under,977,471,506
E01004455,On foot,57,57,0
E01004455,Other method of travel to work,11,2,9
E01004455,Passenger in a car or van,23,17,6
E01004455,Taxi,4,2,2
E01004455,Train,26,43,-17
E01004455,"Underground, metro, light rail, tram",119,127,-8
E01004455,Work mainly at or from home,213,16,197
E01004456,Bicycle,11,15,-4
E01004456,"Bus, minibus or coach",120,126,-6
E01004456,Driving a car or van,226,213,13
E01004456,"Motorcycle, scooter or moped",3,5,-2
E01004456,Not in employment or aged 15 years and under,997,548,449
E01004456,On foot,49,69,-20
E01004456,Other method of travel to work,7,5,2
E01004456,Passenger in a car or van,19,15,4
E01004456,Taxi,4,4,0
E01004456,Train,28,35,-7
E01004456,"Underground, metro, light rail, tram",81,80,1
E01004456,Work mainly at or from home,142,19,123
E01004457,Bicycle,43,42,1
E01004457,"Bus, minibus or coach",53,89,-36
E01004457,Driving a car or van,127,191,-64
E01004457,"Motorcycle, scooter or moped",5,7,-2
E01004457,Not in employment or aged 15 years and under,817,471,346
E01004457,On foot,62,73,-11
E01004457,Other method of travel to work,6,4,2
E01004457,Passenger in a car or van,11,16,-5
E01004457,Taxi,1,1,0
E01004457,Train,32,128,-96
E01004457,"Underground, metro, light rail, tram",183,374,-191
E01004457,Work mainly at or from home,571,34,537
E01004458,Bicycle,42,36,6
E01004458,"Bus, minibus or coach",68,103,-35
E01004458,Driving a car or van,164,185,-21
E01004458,"Motorcycle, scooter or moped",6,11,-5
E01004458,Not in employment or aged 15 years and under,999,494,505
E01004458,On foot,61,58,3
E01004458,Other method of travel to work,6,9,-3
E01004458,Passenger in a car or van,10,18,-8
E01004458,Taxi,4,3,1
E01004458,Train,48,88,-40
E01004458,"Underground, metro, light rail, tram",231,366,-135
E01004458,Work mainly at or from home,399,29,370
E01004459,Bicycle,18,13,5
E01004459,"Bus, minibus or coach",90,81,9
E01004459,Driving a car or van,150,144,6
E01004459,"Motorcycle, scooter or moped",2,4,-2
E01004459,Not in employment or aged 15 years and under,1043,552,491
E01004459,On foot,50,51,-1
E01004459,Other method of travel to work,9,1,8
E01004459,Passenger in a car or van,10,4,6
E01004459,Taxi,4,1,3
E01004459,Train,37,41,-4
E01004459,"Underground, metro, light rail, tram",94,117,-23
E01004459,Work mainly at or from home,156,19,137
E01004460,Bicycle,35,30,5
E01004460,"Bus, minibus or coach",69,83,-14
E01004460,Driving a car or van,187,206,-19
E01004460,"Motorcycle, scooter or moped",6,11,-5
E01004460,Not in employment or aged 15 years and under,976,549,427
E01004460,On foot,53,68,-15
E01004460,Other method of travel to work,9,2,7
E01004460,Passenger in a car or van,16,19,-3
E01004460,Taxi,2,2,0
E01004460,Train,43,108,-65
E01004460,"Underground, metro, light rail, tram",220,310,-90
E01004460,Work mainly at or from home,423,26,397
E01004462,Bicycle,37,20,17
E01004462,"Bus, minibus or coach",74,86,-12
E01004462,Driving a car or van,164,181,-17
E01004462,"Motorcycle, scooter or moped",3,11,-8
E01004462,Not in employment or aged 15 years and under,1141,473,668
E01004462,On foot,57,98,-41
E01004462,Other method of travel to work,14,3,11
E01004462,Passenger in a car or van,11,14,-3
E01004462,Taxi,6,2,4
E01004462,Train,38,96,-58
E01004462,"Underground, metro, light rail, tram",297,347,-50
E01004462,Work mainly at or from home,517,31,486
E01004463,Bicycle,61,61,0
E01004463,"Bus, minibus or coach",38,101,-63
E01004463,Driving a car or van,150,233,-83
E01004463,"Motorcycle, scooter or moped",9,15,-6
E01004463,Not in employment or aged 15 years and under,822,392,430
E01004463,On foot,56,71,-15
E01004463,Other method of travel to work,13,5,8
E01004463,Passenger in a car or van,8,17,-9
E01004463,Taxi,6,3,3
E01004463,Train,27,131,-104
E01004463,"Underground, metro, light rail, tram",174,469,-295
E01004463,Work mainly at or from home,679,27,652
E01004464,Bicycle,31,9,22
E01004464,"Bus, minibus or coach",51,77,-26
E01004464,Driving a car or van,115,121,-6
E01004464,"Motorcycle, scooter or moped",3,3,0
E01004464,Not in employment or aged 15 years and under,934,501,433
E01004464,On foot,53,73,-20
E01004464,Other method of travel to work,15,7,8
E01004464,Passenger in a car or van,8,13,-5
E01004464,Taxi,7,2,5
E01004464,Train,58,87,-29
E01004464,"Underground, metro, light rail, tram",132,197,-65
E01004464,Work mainly at or from home,319,15,304
E01004465,Bicycle,27,44,-17
E01004465,"Bus, minibus or coach",38,81,-43
E01004465,Driving a car or van,118,188,-70
E01004465,"Motorcycle, scooter or moped",2,11,-9
E01004465,Not in employment or aged 15 years and under,766,352,414
E01004465,On foot,50,58,-8
E01004465,Other method of travel to work,7,6,1
E01004465,Passenger in a car or van,16,10,6
E01004465,Taxi,3,5,-2
E01004465,Train,32,97,-65
E01004465,"Underground, metro, light rail, tram",122,212,-90
E01004465,Work mainly at or from home,426,32,394
E01004466,Bicycle,48,59,-11
E01004466,"Bus, minibus or coach",31,76,-45
E01004466,Driving a car or van,111,170,-59
E01004466,"Motorcycle, scooter or moped",7,7,0
E01004466,Not in employment or aged 15 years and under,746,339,407
E01004466,On foot,55,82,-27
E01004466,Other method of travel to work,4,8,-4
E01004466,Passenger in a car or van,7,11,-4
E01004466,Taxi,4,5,-1
E01004466,Train,16,83,-67
E01004466,"Underground, metro, light rail, tram",133,361,-228
E01004466,Work mainly at or from home,561,45,516
E01004467,Bicycle,47,23,24
E01004467,"Bus, minibus or coach",123,166,-43
E01004467,Driving a car or van,201,241,-40
E01004467,"Motorcycle, scooter or moped",3,11,-8
E01004467,Not in employment or aged 15 years and under,1253,545,708
E01004467,On foot,78,95,-17
E01004467,Other method of travel to work,22,8,14
E01004467,Passenger in a car or van,10,8,2
E01004467,Taxi,5,8,-3
E01004467,Train,61,99,-38
E01004467,"Underground, metro, light rail, tram",183,305,-122
E01004467,Work mainly at or from home,370,21,349
E01004468,Bicycle,45,32,13
E01004468,"Bus, minibus or coach",39,39,0
E01004468,Driving a car or van,154,274,-120
E01004468,"Motorcycle, scooter or moped",5,6,-1
E01004468,Not in employment or aged 15 years and under,825,359,466
E01004468,On foot,51,67,-16
E01004468,Other method of travel to work,8,10,-2
E01004468,Passenger in a car or van,8,21,-13
E01004468,Taxi,4,9,-5
E01004468,Train,34,100,-66
E01004468,"Underground, metro, light rail, tram",150,246,-96
E01004468,Work mainly at or from home,452,43,409
E01004469,Bicycle,19,18,1
E01004469,"Bus, minibus or coach",72,82,-10
E01004469,Driving a car or van,213,184,29
E01004469,"Motorcycle, scooter or moped",1,1,0
E01004469,Not in employment or aged 15 years and under,1120,539,581
E01004469,On foot,54,35,19
E01004469,Other method of travel to work,13,1,12
E01004469,Passenger in a car or van,20,16,4
E01004469,Taxi,2,4,-2
E01004469,Train,52,84,-32
E01004469,"Underground, metro, light rail, tram",121,154,-33
E01004469,Work mainly at or from home,241,22,219
E01004470,Bicycle,26,13,13
E01004470,"Bus, minibus or coach",49,116,-67
E01004470,Driving a car or van,145,141,4
E01004470,"Motorcycle, scooter or moped",2,9,-7
E01004470,Not in employment or aged 15 years and under,854,424,430
E01004470,On foot,44,64,-20
E01004470,Other method of travel to work,3,8,-5
E01004470,Passenger in a car or van,1,7,-6
E01004470,Taxi,2,1,1
E01004470,Train,59,83,-24
E01004470,"Underground, metro, light rail, tram",137,214,-77
E01004470,Work mainly at or from home,343,32,311
E01004471,Bicycle,20,27,-7
E01004471,"Bus, minibus or coach",45,68,-23
E01004471,Driving a car or van,157,195,-38
E01004471,"Motorcycle, scooter or moped",3,1,2
E01004471,Not in employment or aged 15 years and under,950,525,425
E01004471,On foot,58,46,12
E01004471,Other method of travel to work,4,6,-2
E01004471,Passenger in a car or van,11,15,-4
E01004471,Taxi,4,6,-2
E01004471,Train,47,109,-62
E01004471,"Underground, metro, light rail, tram",143,198,-55
E01004471,Work mainly at or from home,331,22,309
E01004472,Bicycle,50,110,-60
E01004472,"Bus, minibus or coach",24,40,-16
E01004472,Driving a car or van,51,123,-72
E01004472,"Motorcycle, scooter or moped",4,27,-23
E01004472,Not in employment or aged 15 years and under,614,344,270
E01004472,On foot,52,70,-18
E01004472,Other method of travel to work,0,5,-5
E01004472,Passenger in a car or van,6,6,0
E01004472,Taxi,2,2,0
E01004472,Train,22,126,-104
E01004472,"Underground, metro, light rail, tram",127,709,-582
E01004472,Work mainly at or from home,835,87,748
E01004473,Bicycle,43,82,-39
E01004473,"Bus, minibus or coach",31,41,-10
E01004473,Driving a car or van,53,116,-63
E01004473,"Motorcycle, scooter or moped",9,15,-6
E01004473,Not in employment or aged 15 years and under,610,282,328
E01004473,On foot,42,59,-17
E01004473,Other method of travel to work,5,2,3
E01004473,Passenger in a car or van,3,3,0
E01004473,Taxi,4,1,3
E01004473,Train,28,138,-110
E01004473,"Underground, metro, light rail, tram",143,634,-491
E01004473,Work mainly at or from home,804,49,755
E01004474,Bicycle,48,82,-34
E01004474,"Bus, minibus or coach",55,62,-7
E01004474,Driving a car or van,52,96,-44
E01004474,"Motorcycle, scooter or moped",6,14,-8
E01004474,Not in employment or aged 15 years and under,531,262,269
E01004474,On foot,75,62,13
E01004474,Other method of travel to work,5,11,-6
E01004474,Passenger in a car or van,1,3,-2
E01004474,Taxi,13,3,10
E01004474,Train,49,233,-184
E01004474,"Underground, metro, light rail, tram",199,785,-586
E01004474,Work mainly at or from home,986,43,943
E01004475,Bicycle,27,74,-47
E01004475,"Bus, minibus or coach",23,20,3
E01004475,Driving a car or van,68,124,-56
E01004475,"Motorcycle, scooter or moped",2,12,-10
E01004475,Not in employment or aged 15 years and under,574,231,343
E01004475,On foot,32,50,-18
E01004475,Other method of travel to work,3,3,0
E01004475,Passenger in a car or van,3,3,0
E01004475,Taxi,1,2,-1
E01004475,Train,38,149,-111
E01004475,"Underground, metro, light rail, tram",108,460,-352
E01004475,Work mainly at or from home,637,50,587
E01004476,Bicycle,46,79,-33
E01004476,"Bus, minibus or coach",39,36,3
E01004476,Driving a car or van,58,72,-14
E01004476,"Motorcycle, scooter or moped",7,13,-6
E01004476,Not in employment or aged 15 years and under,566,244,322
E01004476,On foot,47,44,3
E01004476,Other method of travel to work,6,4,2
E01004476,Passenger in a car or van,4,3,1
E01004476,Taxi,10,2,8
E01004476,Train,26,75,-49
E01004476,"Underground, metro, light rail, tram",167,590,-423
E01004476,Work mainly at or from home,835,38,797
E01004477,Bicycle,36,81,-45
E01004477,"Bus, minibus or coach",9,24,-15
E01004477,Driving a car or van,66,98,-32
E01004477,"Motorcycle, scooter or moped",6,35,-29
E01004477,Not in employment or aged 15 years and under,793,294,499
E01004477,On foot,24,37,-13
E01004477,Other method of travel to work,7,5,2
E01004477,Passenger in a car or van,3,4,-1
E01004477,Taxi,2,4,-2
E01004477,Train,15,55,-40
E01004477,"Underground, metro, light rail, tram",84,472,-388
E01004477,Work mainly at or from home,614,85,529
E01004478,Bicycle,40,87,-47
E01004478,"Bus, minibus or coach",10,34,-24
E01004478,Driving a car or van,54,117,-63
E01004478,"Motorcycle, scooter or moped",10,28,-18
E01004478,Not in employment or aged 15 years and under,765,264,501
E01004478,On foot,39,44,-5
E01004478,Other method of travel to work,3,3,0
E01004478,Passenger in a car or van,1,8,-7
E01004478,Taxi,6,5,1
E01004478,Train,10,78,-68
E01004478,"Underground, metro, light rail, tram",76,344,-268
E01004478,Work mainly at or from home,557,65,492
E01004479,Bicycle,39,70,-31
E01004479,"Bus, minibus or coach",25,29,-4
E01004479,Driving a car or van,63,123,-60
E01004479,"Motorcycle, scooter or moped",6,26,-20
E01004479,Not in employment or aged 15 years and under,642,297,345
E01004479,On foot,48,44,4
E01004479,Other method of travel to work,3,6,-3
E01004479,Passenger in a car or van,3,8,-5
E01004479,Taxi,3,5,-2
E01004479,Train,24,124,-100
E01004479,"Underground, metro, light rail, tram",70,351,-281
E01004479,Work mainly at or from home,588,84,504
E01004480,Bicycle,41,89,-48
E01004480,"Bus, minibus or coach",22,31,-9
E01004480,Driving a car or van,70,102,-32
E01004480,"Motorcycle, scooter or moped",1,12,-11
E01004480,Not in employment or aged 15 years and under,496,217,279
E01004480,On foot,40,35,5
E01004480,Other method of travel to work,2,4,-2
E01004480,Passenger in a car or van,4,6,-2
E01004480,Taxi,2,0,2
E01004480,Train,20,103,-83
E01004480,"Underground, metro, light rail, tram",158,782,-624
E01004480,Work mainly at or from home,867,37,830
E01004481,Bicycle,58,67,-9
E01004481,"Bus, minibus or coach",46,62,-16
E01004481,Driving a car or van,88,119,-31
E01004481,"Motorcycle, scooter or moped",3,10,-7
E01004481,Not in employment or aged 15 years and under,480,299,181
E01004481,On foot,56,73,-17
E01004481,Other method of travel to work,3,3,0
E01004481,Passenger in a car or van,4,3,1
E01004481,Taxi,6,0,6
E01004481,Train,23,103,-80
E01004481,"Underground, metro, light rail, tram",171,683,-512
E01004481,Work mainly at or from home,704,38,666
E01004482,Bicycle,50,58,-8
E01004482,"Bus, minibus or coach",48,68,-20
E01004482,Driving a car or van,64,130,-66
E01004482,"Motorcycle, scooter or moped",9,25,-16
E01004482,Not in employment or aged 15 years and under,564,324,240
E01004482,On foot,55,55,0
E01004482,Other method of travel to work,4,6,-2
E01004482,Passenger in a car or van,6,7,-1
E01004482,Taxi,2,1,1
E01004482,Train,21,74,-53
E01004482,"Underground, metro, light rail, tram",130,463,-333
E01004482,Work mainly at or from home,603,39,564
E01004483,Bicycle,52,76,-24
E01004483,"Bus, minibus or coach",56,85,-29
E01004483,Driving a car or van,138,213,-75
E01004483,"Motorcycle, scooter or moped",12,24,-12
E01004483,Not in employment or aged 15 years and under,685,285,400
E01004483,On foot,81,66,15
E01004483,Other method of travel to work,8,8,0
E01004483,Passenger in a car or van,4,4,0
E01004483,Taxi,3,0,3
E01004483,Train,22,117,-95
E01004483,"Underground, metro, light rail, tram",194,818,-624
E01004483,Work mainly at or from home,849,50,799
E01004484,Bicycle,38,82,-44
E01004484,"Bus, minibus or coach",20,32,-12
E01004484,Driving a car or van,66,105,-39
E01004484,"Motorcycle, scooter or moped",4,11,-7
E01004484,Not in employment or aged 15 years and under,491,258,233
E01004484,On foot,40,54,-14
E01004484,Other method of travel to work,6,1,5
E01004484,Passenger in a car or van,4,8,-4
E01004484,Taxi,2,1,1
E01004484,Train,36,155,-119
E01004484,"Underground, metro, light rail, tram",127,531,-404
E01004484,Work mainly at or from home,662,46,616
E01004485,Bicycle,35,77,-42
E01004485,"Bus, minibus or coach",42,33,9
E01004485,Driving a car or van,70,103,-33
E01004485,"Motorcycle, scooter or moped",9,14,-5
E01004485,Not in employment or aged 15 years and under,618,313,305
E01004485,On foot,57,49,8
E01004485,Other method of travel to work,11,8,3
E01004485,Passenger in a car or van,4,5,-1
E01004485,Taxi,2,2,0
E01004485,Train,40,154,-114
E01004485,"Underground, metro, light rail, tram",130,523,-393
E01004485,Work mainly at or from home,721,50,671
E01004486,Bicycle,43,83,-40
E01004486,"Bus, minibus or coach",19,31,-12
E01004486,Driving a car or van,80,104,-24
E01004486,"Motorcycle, scooter or moped",6,15,-9
E01004486,Not in employment or aged 15 years and under,434,266,168
E01004486,On foot,43,39,4
E01004486,Other method of travel to work,9,3,6
E01004486,Passenger in a car or van,1,4,-3
E01004486,Taxi,4,1,3
E01004486,Train,22,174,-152
E01004486,"Underground, metro, light rail, tram",119,487,-368
E01004486,Work mainly at or from home,649,54,595
E01004487,Bicycle,44,81,-37
E01004487,"Bus, minibus or coach",32,47,-15
E01004487,Driving a car or van,77,123,-46
E01004487,"Motorcycle, scooter or moped",14,18,-4
E01004487,Not in employment or aged 15 years and under,542,347,195
E01004487,On foot,42,35,7
E01004487,Other method of travel to work,5,5,0
E01004487,Passenger in a car or van,8,5,3
E01004487,Taxi,4,2,2
E01004487,Train,29,155,-126
E01004487,"Underground, metro, light rail, tram",120,421,-301
E01004487,Work mainly at or from home,580,42,538
E01004488,Bicycle,30,72,-42
E01004488,"Bus, minibus or coach",20,52,-32
E01004488,Driving a car or van,54,108,-54
E01004488,"Motorcycle, scooter or moped",8,19,-11
E01004488,Not in employment or aged 15 years and under,578,367,211
E01004488,On foot,36,49,-13
E01004488,Other method of travel to work,5,2,3
E01004488,Passenger in a car or van,5,4,1
E01004488,Taxi,6,1,5
E01004488,Train,29,90,-61
E01004488,"Underground, metro, light rail, tram",65,376,-311
E01004488,Work mainly at or from home,495,57,438
E01004489,Bicycle,33,56,-23
E01004489,"Bus, minibus or coach",31,53,-22
E01004489,Driving a car or van,62,109,-47
E01004489,"Motorcycle, scooter or moped",6,24,-18
E01004489,Not in employment or aged 15 years and under,621,286,335
E01004489,On foot,31,44,-13
E01004489,Other method of travel to work,3,5,-2
E01004489,Passenger in a car or van,4,8,-4
E01004489,Taxi,2,2,0
E01004489,Train,18,71,-53
E01004489,"Underground, metro, light rail, tram",88,416,-328
E01004489,Work mainly at or from home,465,42,423
E01004490,Bicycle,38,62,-24
E01004490,"Bus, minibus or coach",29,51,-22
E01004490,Driving a car or van,66,162,-96
E01004490,"Motorcycle, scooter or moped",7,22,-15
E01004490,Not in employment or aged 15 years and under,589,213,376
E01004490,On foot,51,49,2
E01004490,Other method of travel to work,8,4,4
E01004490,Passenger in a car or van,3,1,2
E01004490,Taxi,2,1,1
E01004490,Train,60,383,-323
E01004490,"Underground, metro, light rail, tram",53,194,-141
E01004490,Work mainly at or from home,660,48,612
E01004491,Bicycle,77,67,10
E01004491,"Bus, minibus or coach",169,205,-36
E01004491,Driving a car or van,175,174,1
E01004491,"Motorcycle, scooter or moped",20,14,6
E01004491,Not in employment or aged 15 years and under,1046,619,427
E01004491,On foot,352,300,52
E01004491,Other method of travel to work,11,7,4
E01004491,Passenger in a car or van,15,9,6
E01004491,Taxi,11,3,8
E01004491,Train,44,178,-134
E01004491,"Underground, metro, light rail, tram",88,170,-82
E01004491,Work mainly at or from home,498,24,474
E01004492,Bicycle,40,68,-28
E01004492,"Bus, minibus or coach",80,103,-23
E01004492,Driving a car or van,119,161,-42
E01004492,"Motorcycle, scooter or moped",6,19,-13
E01004492,Not in employment or aged 15 years and under,702,347,355
E01004492,On foot,63,85,-22
E01004492,Other method of travel to work,6,4,2
E01004492,Passenger in a car or van,0,12,-12
E01004492,Taxi,3,3,0
E01004492,Train,46,349,-303
E01004492,"Underground, metro, light rail, tram",80,220,-140
E01004492,Work mainly at or from home,594,52,542
E01004493,Bicycle,65,87,-22
E01004493,"Bus, minibus or coach",64,90,-26
E01004493,Driving a car or van,108,209,-101
E01004493,"Motorcycle, scooter or moped",9,30,-21
E01004493,Not in employment or aged 15 years and under,718,295,423
E01004493,On foot,86,88,-2
E01004493,Other method of travel to work,14,9,5
E01004493,Passenger in a car or van,4,11,-7
E01004493,Taxi,8,2,6
E01004493,Train,65,404,-339
E01004493,"Underground, metro, light rail, tram",75,181,-106
E01004493,Work mainly at or from home,720,63,657
E01004494,Bicycle,61,96,-35
E01004494,"Bus, minibus or coach",97,132,-35
E01004494,Driving a car or van,114,160,-46
E01004494,"Motorcycle, scooter or moped",12,19,-7
E01004494,Not in employment or aged 15 years and under,670,333,337
E01004494,On foot,81,81,0
E01004494,Other method of travel to work,10,5,5
E01004494,Passenger in a car or van,7,5,2
E01004494,Taxi,2,2,0
E01004494,Train,55,351,-296
E01004494,"Underground, metro, light rail, tram",62,142,-80
E01004494,Work mainly at or from home,616,51,565
E01004495,Bicycle,34,56,-22
E01004495,"Bus, minibus or coach",85,106,-21
E01004495,Driving a car or van,121,121,0
E01004495,"Motorcycle, scooter or moped",8,12,-4
E01004495,Not in employment or aged 15 years and under,768,404,364
E01004495,On foot,61,68,-7
E01004495,Other method of travel to work,7,3,4
E01004495,Passenger in a car or van,8,3,5
E01004495,Taxi,4,1,3
E01004495,Train,82,266,-184
E01004495,"Underground, metro, light rail, tram",45,114,-69
E01004495,Work mainly at or from home,361,30,331
E01004496,Bicycle,48,66,-18
E01004496,"Bus, minibus or coach",42,102,-60
E01004496,Driving a car or van,105,193,-88
E01004496,"Motorcycle, scooter or moped",6,24,-18
E01004496,Not in employment or aged 15 years and under,556,275,281
E01004496,On foot,41,73,-32
E01004496,Other method of travel to work,4,6,-2
E01004496,Passenger in a car or van,2,3,-1
E01004496,Taxi,5,6,-1
E01004496,Train,122,677,-555
E01004496,"Underground, metro, light rail, tram",84,272,-188
E01004496,Work mainly at or from home,915,46,869
E01004497,Bicycle,27,40,-13
E01004497,"Bus, minibus or coach",22,53,-31
E01004497,Driving a car or van,98,141,-43
E01004497,"Motorcycle, scooter or moped",1,11,-10
E01004497,Not in employment or aged 15 years and under,727,286,441
E01004497,On foot,37,56,-19
E01004497,Other method of travel to work,2,4,-2
E01004497,Passenger in a car or van,7,8,-1
E01004497,Taxi,6,1,5
E01004497,Train,61,297,-236
E01004497,"Underground, metro, light rail, tram",26,117,-91
E01004497,Work mainly at or from home,481,48,433
E01004498,Bicycle,41,87,-46
E01004498,"Bus, minibus or coach",33,62,-29
E01004498,Driving a car or van,88,144,-56
E01004498,"Motorcycle, scooter or moped",8,13,-5
E01004498,Not in employment or aged 15 years and under,542,215,327
E01004498,On foot,35,48,-13
E01004498,Other method of travel to work,3,5,-2
E01004498,Passenger in a car or van,3,2,1
E01004498,Taxi,0,4,-4
E01004498,Train,71,560,-489
E01004498,"Underground, metro, light rail, tram",57,235,-178
E01004498,Work mainly at or from home,802,58,744
E01004499,Bicycle,53,82,-29
E01004499,"Bus, minibus or coach",32,52,-20
E01004499,Driving a car or van,85,133,-48
E01004499,"Motorcycle, scooter or moped",6,18,-12
E01004499,Not in employment or aged 15 years and under,573,271,302
E01004499,On foot,54,65,-11
E01004499,Other method of travel to work,9,3,6
E01004499,Passenger in a car or van,3,4,-1
E01004499,Taxi,4,2,2
E01004499,Train,25,158,-133
E01004499,"Underground, metro, light rail, tram",110,485,-375
E01004499,Work mainly at or from home,656,48,608
E01004500,Bicycle,55,65,-10
E01004500,"Bus, minibus or coach",99,94,5
E01004500,Driving a car or van,84,113,-29
E01004500,"Motorcycle, scooter or moped",20,15,5
E01004500,Not in employment or aged 15 years and under,628,295,333
E01004500,On foot,86,72,14
E01004500,Other method of travel to work,9,5,4
E01004500,Passenger in a car or van,1,4,-3
E01004500,Taxi,3,1,2
E01004500,Train,58,351,-293
E01004500,"Underground, metro, light rail, tram",126,296,-170
E01004500,Work mainly at or from home,757,49,708
E01004501,Bicycle,44,72,-28
E01004501,"Bus, minibus or coach",81,117,-36
E01004501,Driving a car or van,89,111,-22
E01004501,"Motorcycle, scooter or moped",8,12,-4
E01004501,Not in employment or aged 15 years and under,709,340,369
E01004501,On foot,58,67,-9
E01004501,Other method of travel to work,8,6,2
E01004501,Passenger in a car or van,5,5,0
E01004501,Taxi,6,5,1
E01004501,Train,48,270,-222
E01004501,"Underground, metro, light rail, tram",74,214,-140
E01004501,Work mainly at or from home,403,48,355
E01004502,Bicycle,44,73,-29
E01004502,"Bus, minibus or coach",32,89,-57
E01004502,Driving a car or van,78,168,-90
E01004502,"Motorcycle, scooter or moped",5,33,-28
E01004502,Not in employment or aged 15 years and under,647,267,380
E01004502,On foot,54,62,-8
E01004502,Other method of travel to work,8,9,-1
E01004502,Passenger in a car or van,4,6,-2
E01004502,Taxi,3,0,3
E01004502,Train,29,178,-149
E01004502,"Underground, metro, light rail, tram",75,304,-229
E01004502,Work mainly at or from home,661,90,571
E01004503,Bicycle,58,84,-26
E01004503,"Bus, minibus or coach",52,68,-16
E01004503,Driving a car or van,93,134,-41
E01004503,"Motorcycle, scooter or moped",8,19,-11
E01004503,Not in employment or aged 15 years and under,674,348,326
E01004503,On foot,67,71,-4
E01004503,Other method of travel to work,2,6,-4
E01004503,Passenger in a car or van,4,4,0
E01004503,Taxi,8,2,6
E01004503,Train,30,129,-99
E01004503,"Underground, metro, light rail, tram",94,437,-343
E01004503,Work mainly at or from home,613,46,567
E01004504,Bicycle,65,79,-14
E01004504,"Bus, minibus or coach",34,52,-18
E01004504,Driving a car or van,105,181,-76
E01004504,"Motorcycle, scooter or moped",9,19,-10
E01004504,Not in employment or aged 15 years and under,696,291,405
E01004504,On foot,47,67,-20
E01004504,Other method of travel to work,14,8,6
E01004504,Passenger in a car or van,8,8,0
E01004504,Taxi,4,1,3
E01004504,Train,18,85,-67
E01004504,"Underground, metro, light rail, tram",69,272,-203
E01004504,Work mainly at or from home,462,71,391
E01004505,Bicycle,46,73,-27
E01004505,"Bus, minibus or coach",75,124,-49
E01004505,Driving a car or van,73,135,-62
E01004505,"Motorcycle, scooter or moped",8,15,-7
E01004505,Not in employment or aged 15 years and under,660,294,366
E01004505,On foot,57,59,-2
E01004505,Other method of travel to work,7,6,1
E01004505,Passenger in a car or van,3,3,0
E01004505,Taxi,4,2,2
E01004505,Train,33,298,-265
E01004505,"Underground, metro, light rail, tram",72,247,-175
E01004505,Work mainly at or from home,576,73,503
E01004506,Bicycle,56,79,-23
E01004506,"Bus, minibus or coach",54,92,-38
E01004506,Driving a car or van,87,136,-49
E01004506,"Motorcycle, scooter or moped",5,16,-11
E01004506,Not in employment or aged 15 years and under,719,315,404
E01004506,On foot,77,69,8
E01004506,Other method of travel to work,10,8,2
E01004506,Passenger in a car or van,1,5,-4
E01004506,Taxi,2,3,-1
E01004506,Train,66,440,-374
E01004506,"Underground, metro, light rail, tram",143,367,-224
E01004506,Work mainly at or from home,997,75,922
E01004507,Bicycle,80,66,14
E01004507,"Bus, minibus or coach",59,70,-11
E01004507,Driving a car or van,95,149,-54
E01004507,"Motorcycle, scooter or moped",14,19,-5
E01004507,Not in employment or aged 15 years and under,849,282,567
E01004507,On foot,102,80,22
E01004507,Other method of travel to work,8,5,3
E01004507,Passenger in a car or van,4,7,-3
E01004507,Taxi,2,2,0
E01004507,Train,54,222,-168
E01004507,"Underground, metro, light rail, tram",207,597,-390
E01004507,Work mainly at or from home,1110,65,1045
E01004508,Bicycle,66,91,-25
E01004508,"Bus, minibus or coach",63,120,-57
E01004508,Driving a car or van,77,130,-53
E01004508,"Motorcycle, scooter or moped",8,41,-33
E01004508,Not in employment or aged 15 years and under,557,322,235
E01004508,On foot,63,82,-19
E01004508,Other method of travel to work,6,4,2
E01004508,Passenger in a car or van,4,6,-2
E01004508,Taxi,6,3,3
E01004508,Train,118,626,-508
E01004508,"Underground, metro, light rail, tram",86,267,-181
E01004508,Work mainly at or from home,953,62,891
E01004510,Bicycle,60,93,-33
E01004510,"Bus, minibus or coach",75,140,-65
E01004510,Driving a car or van,91,150,-59
E01004510,"Motorcycle, scooter or moped",3,33,-30
E01004510,Not in employment or aged 15 years and under,615,260,355
E01004510,On foot,65,96,-31
E01004510,Other method of travel to work,10,8,2
E01004510,Passenger in a car or van,9,9,0
E01004510,Taxi,3,1,2
E01004510,Train,69,583,-514
E01004510,"Underground, metro, light rail, tram",81,245,-164
E01004510,Work mainly at or from home,758,68,690
E01004511,Bicycle,56,105,-49
E01004511,"Bus, minibus or coach",39,98,-59
E01004511,Driving a car or van,89,143,-54
E01004511,"Motorcycle, scooter or moped",4,25,-21
E01004511,Not in employment or aged 15 years and under,516,221,295
E01004511,On foot,58,78,-20
E01004511,Other method of travel to work,7,7,0
E01004511,Passenger in a car or van,3,10,-7
E01004511,Taxi,1,1,0
E01004511,Train,36,241,-205
E01004511,"Underground, metro, light rail, tram",106,450,-344
E01004511,Work mainly at or from home,681,64,617
E01004512,Bicycle,44,80,-36
E01004512,"Bus, minibus or coach",38,100,-62
E01004512,Driving a car or van,66,138,-72
E01004512,"Motorcycle, scooter or moped",17,44,-27
E01004512,Not in employment or aged 15 years and under,611,280,331
E01004512,On foot,48,57,-9
E01004512,Other method of travel to work,10,3,7
E01004512,Passenger in a car or van,5,5,0
E01004512,Taxi,3,2,1
E01004512,Train,29,254,-225
E01004512,"Underground, metro, light rail, tram",27,100,-73
E01004512,Work mainly at or from home,555,77,478
E01004513,Bicycle,68,71,-3
E01004513,"Bus, minibus or coach",140,234,-94
E01004513,Driving a car or van,118,138,-20
E01004513,"Motorcycle, scooter or moped",9,35,-26
E01004513,Not in employment or aged 15 years and under,751,359,392
E01004513,On foot,91,118,-27
E01004513,Other method of travel to work,9,4,5
E01004513,Passenger in a car or van,5,5,0
E01004513,Taxi,8,1,7
E01004513,Train,53,300,-247
E01004513,"Underground, metro, light rail, tram",84,156,-72
E01004513,Work mainly at or from home,596,45,551
E01004514,Bicycle,50,104,-54
E01004514,"Bus, minibus or coach",52,130,-78
E01004514,Driving a car or van,88,134,-46
E01004514,"Motorcycle, scooter or moped",8,33,-25
E01004514,Not in employment or aged 15 years and under,651,250,401
E01004514,On foot,65,87,-22
E01004514,Other method of travel to work,15,9,6
E01004514,Passenger in a car or van,5,9,-4
E01004514,Taxi,3,6,-3
E01004514,Train,75,428,-353
E01004514,"Underground, metro, light rail, tram",81,180,-99
E01004514,Work mainly at or from home,732,65,667
E01004515,Bicycle,67,94,-27
E01004515,"Bus, minibus or coach",71,153,-82
E01004515,Driving a car or van,92,144,-52
E01004515,"Motorcycle, scooter or moped",8,17,-9
E01004515,Not in employment or aged 15 years and under,530,301,229
E01004515,On foot,86,73,13
E01004515,Other method of travel to work,6,1,5
E01004515,Passenger in a car or van,3,6,-3
E01004515,Taxi,5,6,-1
E01004515,Train,99,410,-311
E01004515,"Underground, metro, light rail, tram",75,191,-116
E01004515,Work mainly at or from home,637,42,595
E01004516,Bicycle,54,89,-35
E01004516,"Bus, minibus or coach",46,92,-46
E01004516,Driving a car or van,130,211,-81
E01004516,"Motorcycle, scooter or moped",7,14,-7
E01004516,Not in employment or aged 15 years and under,970,488,482
E01004516,On foot,46,83,-37
E01004516,Other method of travel to work,12,6,6
E01004516,Passenger in a car or van,8,13,-5
E01004516,Taxi,2,2,0
E01004516,Train,17,47,-30
E01004516,"Underground, metro, light rail, tram",60,222,-162
E01004516,Work mainly at or from home,400,57,343
E01004517,Bicycle,57,70,-13
E01004517,"Bus, minibus or coach",156,196,-40
E01004517,Driving a car or van,161,202,-41
E01004517,"Motorcycle, scooter or moped",28,12,16
E01004517,Not in employment or aged 15 years and under,930,448,482
E01004517,On foot,62,56,6
E01004517,Other method of travel to work,24,10,14
E01004517,Passenger in a car or van,12,14,-2
E01004517,Taxi,6,3,3
E01004517,Train,78,202,-124
E01004517,"Underground, metro, light rail, tram",148,245,-97
E01004517,Work mainly at or from home,596,50,546
E01004518,Bicycle,52,72,-20
E01004518,"Bus, minibus or coach",78,116,-38
E01004518,Driving a car or van,117,235,-118
E01004518,"Motorcycle, scooter or moped",12,24,-12
E01004518,Not in employment or aged 15 years and under,819,389,430
E01004518,On foot,47,56,-9
E01004518,Other method of travel to work,7,3,4
E01004518,Passenger in a car or van,7,17,-10
E01004518,Taxi,8,2,6
E01004518,Train,22,101,-79
E01004518,"Underground, metro, light rail, tram",63,203,-140
E01004518,Work mainly at or from home,492,66,426
E01004519,Bicycle,46,52,-6
E01004519,"Bus, minibus or coach",85,136,-51
E01004519,Driving a car or van,127,190,-63
E01004519,"Motorcycle, scooter or moped",11,10,1
E01004519,Not in employment or aged 15 years and under,863,419,444
E01004519,On foot,82,86,-4
E01004519,Other method of travel to work,11,4,7
E01004519,Passenger in a car or van,9,6,3
E01004519,Taxi,4,1,3
E01004519,Train,24,74,-50
E01004519,"Underground, metro, light rail, tram",98,253,-155
E01004519,Work mainly at or from home,397,40,357
E01004520,Bicycle,29,45,-16
E01004520,"Bus, minibus or coach",55,120,-65
E01004520,Driving a car or van,105,141,-36
E01004520,"Motorcycle, scooter or moped",9,4,5
E01004520,Not in employment or aged 15 years and under,729,350,379
E01004520,On foot,58,65,-7
E01004520,Other method of travel to work,9,4,5
E01004520,Passenger in a car or van,12,6,6
E01004520,Taxi,2,2,0
E01004520,Train,19,46,-27
E01004520,"Underground, metro, light rail, tram",68,159,-91
E01004520,Work mainly at or from home,305,23,282
E01004521,Bicycle,50,74,-24
E01004521,"Bus, minibus or coach",98,136,-38
E01004521,Driving a car or van,159,230,-71
E01004521,"Motorcycle, scooter or moped",13,11,2
E01004521,Not in employment or aged 15 years and under,949,460,489
E01004521,On foot,57,60,-3
E01004521,Other method of travel to work,18,3,15
E01004521,Passenger in a car or van,9,13,-4
E01004521,Taxi,2,2,0
E01004521,Train,59,225,-166
E01004521,"Underground, metro, light rail, tram",101,192,-91
E01004521,Work mainly at or from home,521,46,475
E01004522,Bicycle,41,45,-4
E01004522,"Bus, minibus or coach",103,141,-38
E01004522,Driving a car or van,159,198,-39
E01004522,"Motorcycle, scooter or moped",18,19,-1
E01004522,Not in employment or aged 15 years and under,787,366,421
E01004522,On foot,60,55,5
E01004522,Other method of travel to work,7,3,4
E01004522,Passenger in a car or van,31,8,23
E01004522,Taxi,1,3,-2
E01004522,Train,26,105,-79
E01004522,"Underground, metro, light rail, tram",98,226,-128
E01004522,Work mainly at or from home,395,30,365
E01004523,Bicycle,59,67,-8
E01004523,"Bus, minibus or coach",66,87,-21
E01004523,Driving a car or van,114,208,-94
E01004523,"Motorcycle, scooter or moped",9,17,-8
E01004523,Not in employment or aged 15 years and under,811,364,447
E01004523,On foot,43,49,-6
E01004523,Other method of travel to work,2,10,-8
E01004523,Passenger in a car or van,14,15,-1
E01004523,Taxi,4,1,3
E01004523,Train,17,67,-50
E01004523,"Underground, metro, light rail, tram",70,244,-174
E01004523,Work mainly at or from home,432,43,389
E01004524,Bicycle,31,32,-1
E01004524,"Bus, minibus or coach",152,167,-15
E01004524,Driving a car or van,130,140,-10
E01004524,"Motorcycle, scooter or moped",12,8,4
E01004524,Not in employment or aged 15 years and under,1040,508,532
E01004524,On foot,56,35,21
E01004524,Other method of travel to work,21,5,16
E01004524,Passenger in a car or van,9,7,2
E01004524,Taxi,3,0,3
E01004524,Train,42,101,-59
E01004524,"Underground, metro, light rail, tram",94,170,-76
E01004524,Work mainly at or from home,253,24,229
E01004525,Bicycle,47,43,4
E01004525,"Bus, minibus or coach",110,137,-27
E01004525,Driving a car or van,100,124,-24
E01004525,"Motorcycle, scooter or moped",26,10,16
E01004525,Not in employment or aged 15 years and under,792,492,300
E01004525,On foot,96,108,-12
E01004525,Other method of travel to work,7,10,-3
E01004525,Passenger in a car or van,11,5,6
E01004525,Taxi,11,2,9
E01004525,Train,24,59,-35
E01004525,"Underground, metro, light rail, tram",160,477,-317
E01004525,Work mainly at or from home,542,30,512
E01004526,Bicycle,48,46,2
E01004526,"Bus, minibus or coach",80,104,-24
E01004526,Driving a car or van,88,105,-17
E01004526,"Motorcycle, scooter or moped",24,8,16
E01004526,Not in employment or aged 15 years and under,727,368,359
E01004526,On foot,83,113,-30
E01004526,Other method of travel to work,8,6,2
E01004526,Passenger in a car or van,7,8,-1
E01004526,Taxi,5,2,3
E01004526,Train,22,61,-39
E01004526,"Underground, metro, light rail, tram",130,457,-327
E01004526,Work mainly at or from home,548,20,528
E01004527,Bicycle,39,52,-13
E01004527,"Bus, minibus or coach",51,101,-50
E01004527,Driving a car or van,90,135,-45
E01004527,"Motorcycle, scooter or moped",8,10,-2
E01004527,Not in employment or aged 15 years and under,733,406,327
E01004527,On foot,79,88,-9
E01004527,Other method of travel to work,10,3,7
E01004527,Passenger in a car or van,9,9,0
E01004527,Taxi,5,1,4
E01004527,Train,17,48,-31
E01004527,"Underground, metro, light rail, tram",131,377,-246
E01004527,Work mainly at or from home,484,30,454
E01004528,Bicycle,31,47,-16
E01004528,"Bus, minibus or coach",89,103,-14
E01004528,Driving a car or van,119,128,-9
E01004528,"Motorcycle, scooter or moped",7,15,-8
E01004528,Not in employment or aged 15 years and under,845,416,429
E01004528,On foot,79,91,-12
E01004528,Other method of travel to work,6,5,1
E01004528,Passenger in a car or van,6,9,-3
E01004528,Taxi,6,1,5
E01004528,Train,35,49,-14
E01004528,"Underground, metro, light rail, tram",87,248,-161
E01004528,Work mainly at or from home,346,35,311
E01004529,Bicycle,45,57,-12
E01004529,"Bus, minibus or coach",91,156,-65
E01004529,Driving a car or van,145,199,-54
E01004529,"Motorcycle, scooter or moped",13,16,-3
E01004529,Not in employment or aged 15 years and under,760,394,366
E01004529,On foot,106,103,3
E01004529,Other method of travel to work,11,5,6
E01004529,Passenger in a car or van,18,15,3
E01004529,Taxi,6,3,3
E01004529,Train,49,149,-100
E01004529,"Underground, metro, light rail, tram",163,522,-359
E01004529,Work mainly at or from home,705,47,658
E01004530,Bicycle,36,46,-10
E01004530,"Bus, minibus or coach",52,101,-49
E01004530,Driving a car or van,104,178,-74
E01004530,"Motorcycle, scooter or moped",9,15,-6
E01004530,Not in employment or aged 15 years and under,676,449,227
E01004530,On foot,76,111,-35
E01004530,Other method of travel to work,14,5,9
E01004530,Passenger in a car or van,8,7,1
E01004530,Taxi,3,4,-1
E01004530,Train,33,98,-65
E01004530,"Underground, metro, light rail, tram",153,451,-298
E01004530,Work mainly at or from home,581,46,535
E01004531,Bicycle,30,50,-20
E01004531,"Bus, minibus or coach",61,120,-59
E01004531,Driving a car or van,97,131,-34
E01004531,"Motorcycle, scooter or moped",15,10,5
E01004531,Not in employment or aged 15 years and under,835,441,394
E01004531,On foot,82,93,-11
E01004531,Other method of travel to work,6,4,2
E01004531,Passenger in a car or van,4,3,1
E01004531,Taxi,2,2,0
E01004531,Train,20,52,-32
E01004531,"Underground, metro, light rail, tram",89,326,-237
E01004531,Work mainly at or from home,511,36,475
E01004532,Bicycle,36,57,-21
E01004532,"Bus, minibus or coach",33,86,-53
E01004532,Driving a car or van,93,148,-55
E01004532,"Motorcycle, scooter or moped",2,19,-17
E01004532,Not in employment or aged 15 years and under,600,322,278
E01004532,On foot,54,54,0
E01004532,Other method of travel to work,5,3,2
E01004532,Passenger in a car or van,6,8,-2
E01004532,Taxi,0,1,-1
E01004532,Train,12,56,-44
E01004532,"Underground, metro, light rail, tram",79,377,-298
E01004532,Work mainly at or from home,519,35,484
E01004533,Bicycle,30,56,-26
E01004533,"Bus, minibus or coach",54,79,-25
E01004533,Driving a car or van,102,136,-34
E01004533,"Motorcycle, scooter or moped",6,8,-2
E01004533,Not in employment or aged 15 years and under,634,363,271
E01004533,On foot,85,79,6
E01004533,Other method of travel to work,8,1,7
E01004533,Passenger in a car or van,11,5,6
E01004533,Taxi,2,0,2
E01004533,Train,17,43,-26
E01004533,"Underground, metro, light rail, tram",67,263,-196
E01004533,Work mainly at or from home,435,24,411
E01004534,Bicycle,75,127,-52
E01004534,"Bus, minibus or coach",64,188,-124
E01004534,Driving a car or van,101,172,-71
E01004534,"Motorcycle, scooter or moped",9,41,-32
E01004534,Not in employment or aged 15 years and under,646,269,377
E01004534,On foot,73,107,-34
E01004534,Other method of travel to work,7,4,3
E01004534,Passenger in a car or van,6,6,0
E01004534,Taxi,7,4,3
E01004534,Train,54,382,-328
E01004534,"Underground, metro, light rail, tram",61,203,-142
E01004534,Work mainly at or from home,816,75,741
E01004535,Bicycle,22,23,-1
E01004535,"Bus, minibus or coach",181,185,-4
E01004535,Driving a car or van,111,103,8
E01004535,"Motorcycle, scooter or moped",8,13,-5
E01004535,Not in employment or aged 15 years and under,1161,534,627
E01004535,On foot,75,78,-3
E01004535,Other method of travel to work,15,3,12
E01004535,Passenger in a car or van,4,4,0
E01004535,Taxi,4,1,3
E01004535,Train,101,173,-72
E01004535,"Underground, metro, light rail, tram",30,94,-64
E01004535,Work mainly at or from home,147,19,128
E01004536,Bicycle,50,72,-22
E01004536,"Bus, minibus or coach",164,180,-16
E01004536,Driving a car or van,103,98,5
E01004536,"Motorcycle, scooter or moped",9,20,-11
E01004536,Not in employment or aged 15 years and under,1133,448,685
E01004536,On foot,100,101,-1
E01004536,Other method of travel to work,14,10,4
E01004536,Passenger in a car or van,4,6,-2
E01004536,Taxi,7,1,6
E01004536,Train,139,510,-371
E01004536,"Underground, metro, light rail, tram",92,205,-113
E01004536,Work mainly at or from home,532,37,495
E01004537,Bicycle,60,56,4
E01004537,"Bus, minibus or coach",183,219,-36
E01004537,Driving a car or van,110,112,-2
E01004537,"Motorcycle, scooter or moped",11,11,0
E01004537,Not in employment or aged 15 years and under,949,551,398
E01004537,On foot,89,102,-13
E01004537,Other method of travel to work,17,2,15
E01004537,Passenger in a car or van,6,1,5
E01004537,Taxi,7,1,6
E01004537,Train,101,254,-153
E01004537,"Underground, metro, light rail, tram",74,103,-29
E01004537,Work mainly at or from home,467,29,438
E01004538,Bicycle,69,64,5
E01004538,"Bus, minibus or coach",154,246,-92
E01004538,Driving a car or van,163,125,38
E01004538,"Motorcycle, scooter or moped",10,27,-17
E01004538,Not in employment or aged 15 years and under,1096,476,620
E01004538,On foot,115,107,8
E01004538,Other method of travel to work,10,5,5
E01004538,Passenger in a car or van,5,3,2
E01004538,Taxi,1,5,-4
E01004538,Train,92,303,-211
E01004538,"Underground, metro, light rail, tram",98,157,-59
E01004538,Work mainly at or from home,661,28,633
E01004539,Bicycle,50,69,-19
E01004539,"Bus, minibus or coach",233,358,-125
E01004539,Driving a car or van,137,122,15
E01004539,"Motorcycle, scooter or moped",16,23,-7
E01004539,Not in employment or aged 15 years and under,1121,581,540
E01004539,On foot,102,78,24
E01004539,Other method of travel to work,10,7,3
E01004539,Passenger in a car or van,10,6,4
E01004539,Taxi,6,2,4
E01004539,Train,49,104,-55
E01004539,"Underground, metro, light rail, tram",79,86,-7
E01004539,Work mainly at or from home,286,34,252
E01004540,Bicycle,71,118,-47
E01004540,"Bus, minibus or coach",161,339,-178
E01004540,Driving a car or van,115,153,-38
E01004540,"Motorcycle, scooter or moped",18,34,-16
E01004540,Not in employment or aged 15 years and under,905,478,427
E01004540,On foot,98,129,-31
E01004540,Other method of travel to work,14,6,8
E01004540,Passenger in a car or van,6,11,-5
E01004540,Taxi,6,10,-4
E01004540,Train,46,152,-106
E01004540,"Underground, metro, light rail, tram",102,160,-58
E01004540,Work mainly at or from home,686,67,619
E01004541,Bicycle,34,28,6
E01004541,"Bus, minibus or coach",140,225,-85
E01004541,Driving a car or van,75,87,-12
E01004541,"Motorcycle, scooter or moped",5,7,-2
E01004541,Not in employment or aged 15 years and under,914,537,377
E01004541,On foot,62,68,-6
E01004541,Other method of travel to work,10,3,7
E01004541,Passenger in a car or van,2,4,-2
E01004541,Taxi,6,1,5
E01004541,Train,66,196,-130
E01004541,"Underground, metro, light rail, tram",55,82,-27
E01004541,Work mainly at or from home,328,29,299
E01004542,Bicycle,42,96,-54
E01004542,"Bus, minibus or coach",17,33,-16
E01004542,Driving a car or van,66,119,-53
E01004542,"Motorcycle, scooter or moped",4,24,-20
E01004542,Not in employment or aged 15 years and under,634,257,377
E01004542,On foot,41,47,-6
E01004542,Other method of travel to work,5,10,-5
E01004542,Passenger in a car or van,3,6,-3
E01004542,Taxi,3,0,3
E01004542,Train,25,210,-185
E01004542,"Underground, metro, light rail, tram",83,349,-266
E01004542,Work mainly at or from home,648,83,565
E01004543,Bicycle,52,101,-49
E01004543,"Bus, minibus or coach",29,41,-12
E01004543,Driving a car or van,62,151,-89
E01004543,"Motorcycle, scooter or moped",6,27,-21
E01004543,Not in employment or aged 15 years and under,655,275,380
E01004543,On foot,46,57,-11
E01004543,Other method of travel to work,7,9,-2
E01004543,Passenger in a car or van,3,5,-2
E01004543,Taxi,6,4,2
E01004543,Train,51,270,-219
E01004543,"Underground, metro, light rail, tram",105,350,-245
E01004543,Work mainly at or from home,730,74,656
E01004544,Bicycle,37,87,-50
E01004544,"Bus, minibus or coach",16,28,-12
E01004544,Driving a car or van,44,88,-44
E01004544,"Motorcycle, scooter or moped",4,15,-11
E01004544,Not in employment or aged 15 years and under,652,263,389
E01004544,On foot,52,57,-5
E01004544,Other method of travel to work,5,3,2
E01004544,Passenger in a car or van,1,6,-5
E01004544,Taxi,1,1,0
E01004544,Train,33,131,-98
E01004544,"Underground, metro, light rail, tram",97,420,-323
E01004544,Work mainly at or from home,604,66,538
E01004545,Bicycle,61,78,-17
E01004545,"Bus, minibus or coach",23,24,-1
E01004545,Driving a car or van,58,80,-22
E01004545,"Motorcycle, scooter or moped",12,14,-2
E01004545,Not in employment or aged 15 years and under,407,194,213
E01004545,On foot,45,66,-21
E01004545,Other method of travel to work,22,4,18
E01004545,Passenger in a car or van,7,4,3
E01004545,Taxi,2,3,-1
E01004545,Train,60,261,-201
E01004545,"Underground, metro, light rail, tram",209,631,-422
E01004545,Work mainly at or from home,1034,55,979
E01004546,Bicycle,26,81,-55
E01004546,"Bus, minibus or coach",22,17,5
E01004546,Driving a car or van,50,128,-78
E01004546,"Motorcycle, scooter or moped",5,9,-4
E01004546,Not in employment or aged 15 years and under,521,211,310
E01004546,On foot,36,44,-8
E01004546,Other method of travel to work,3,3,0
E01004546,Passenger in a car or van,2,5,-3
E01004546,Taxi,1,1,0
E01004546,Train,24,183,-159
E01004546,"Underground, metro, light rail, tram",114,496,-382
E01004546,Work mainly at or from home,692,63,629
E01004547,Bicycle,48,68,-20
E01004547,"Bus, minibus or coach",30,56,-26
E01004547,Driving a car or van,70,138,-68
E01004547,"Motorcycle, scooter or moped",14,16,-2
E01004547,Not in employment or aged 15 years and under,634,333,301
E01004547,On foot,32,39,-7
E01004547,Other method of travel to work,8,6,2
E01004547,Passenger in a car or van,1,11,-10
E01004547,Taxi,3,0,3
E01004547,Train,35,123,-88
E01004547,"Underground, metro, light rail, tram",88,243,-155
E01004547,Work mainly at or from home,462,39,423
E01004548,Bicycle,68,97,-29
E01004548,"Bus, minibus or coach",69,79,-10
E01004548,Driving a car or van,78,132,-54
E01004548,"Motorcycle, scooter or moped",7,23,-16
E01004548,Not in employment or aged 15 years and under,714,413,301
E01004548,On foot,75,71,4
E01004548,Other method of travel to work,8,2,6
E01004548,Passenger in a car or van,6,2,4
E01004548,Taxi,8,1,7
E01004548,Train,42,195,-153
E01004548,"Underground, metro, light rail, tram",170,673,-503
E01004548,Work mainly at or from home,786,72,714
E01004549,Bicycle,56,77,-21
E01004549,"Bus, minibus or coach",31,79,-48
E01004549,Driving a car or van,71,152,-81
E01004549,"Motorcycle, scooter or moped",8,16,-8
E01004549,Not in employment or aged 15 years and under,720,372,348
E01004549,On foot,44,61,-17
E01004549,Other method of travel to work,9,8,1
E01004549,Passenger in a car or van,5,12,-7
E01004549,Taxi,1,6,-5
E01004549,Train,19,89,-70
E01004549,"Underground, metro, light rail, tram",92,398,-306
E01004549,Work mainly at or from home,612,41,571
E01004550,Bicycle,29,74,-45
E01004550,"Bus, minibus or coach",24,45,-21
E01004550,Driving a car or van,50,88,-38
E01004550,"Motorcycle, scooter or moped",2,16,-14
E01004550,Not in employment or aged 15 years and under,689,259,430
E01004550,On foot,33,45,-12
E01004550,Other method of travel to work,6,11,-5
E01004550,Passenger in a car or van,3,2,1
E01004550,Taxi,2,4,-2
E01004550,Train,18,97,-79
E01004550,"Underground, metro, light rail, tram",62,308,-246
E01004550,Work mainly at or from home,445,65,380
E01004551,Bicycle,46,80,-34
E01004551,"Bus, minibus or coach",71,166,-95
E01004551,Driving a car or van,56,102,-46
E01004551,"Motorcycle, scooter or moped",9,15,-6
E01004551,Not in employment or aged 15 years and under,456,308,148
E01004551,On foot,46,59,-13
E01004551,Other method of travel to work,7,2,5
E01004551,Passenger in a car or van,4,4,0
E01004551,Taxi,6,3,3
E01004551,Train,105,536,-431
E01004551,"Underground, metro, light rail, tram",84,228,-144
E01004551,Work mainly at or from home,677,49,628
E01004552,Bicycle,60,102,-42
E01004552,"Bus, minibus or coach",65,110,-45
E01004552,Driving a car or van,81,113,-32
E01004552,"Motorcycle, scooter or moped",8,28,-20
E01004552,Not in employment or aged 15 years and under,448,216,232
E01004552,On foot,65,75,-10
E01004552,Other method of travel to work,5,6,-1
E01004552,Passenger in a car or van,2,2,0
E01004552,Taxi,4,4,0
E01004552,Train,97,704,-607
E01004552,"Underground, metro, light rail, tram",125,381,-256
E01004552,Work mainly at or from home,1009,58,951
E01004553,Bicycle,57,96,-39
E01004553,"Bus, minibus or coach",50,88,-38
E01004553,Driving a car or van,74,114,-40
E01004553,"Motorcycle, scooter or moped",6,23,-17
E01004553,Not in employment or aged 15 years and under,570,239,331
E01004553,On foot,56,65,-9
E01004553,Other method of travel to work,11,6,5
E01004553,Passenger in a car or van,2,6,-4
E01004553,Taxi,6,1,5
E01004553,Train,86,465,-379
E01004553,"Underground, metro, light rail, tram",88,201,-113
E01004553,Work mainly at or from home,759,69,690
E01004554,Bicycle,62,96,-34
E01004554,"Bus, minibus or coach",17,67,-50
E01004554,Driving a car or van,43,93,-50
E01004554,"Motorcycle, scooter or moped",8,40,-32
E01004554,Not in employment or aged 15 years and under,622,181,441
E01004554,On foot,43,43,0
E01004554,Other method of travel to work,11,5,6
E01004554,Passenger in a car or van,2,6,-4
E01004554,Taxi,5,5,0
E01004554,Train,46,372,-326
E01004554,"Underground, metro, light rail, tram",66,261,-195
E01004554,Work mainly at or from home,725,71,654
E01004555,Bicycle,51,106,-55
E01004555,"Bus, minibus or coach",14,42,-28
E01004555,Driving a car or van,52,120,-68
E01004555,"Motorcycle, scooter or moped",4,28,-24
E01004555,Not in employment or aged 15 years and under,805,292,513
E01004555,On foot,45,30,15
E01004555,Other method of travel to work,6,7,-1
E01004555,Passenger in a car or van,3,8,-5
E01004555,Taxi,7,2,5
E01004555,Train,22,129,-107
E01004555,"Underground, metro, light rail, tram",67,329,-262
E01004555,Work mainly at or from home,647,85,562
E01004556,Bicycle,34,83,-49
E01004556,"Bus, minibus or coach",13,52,-39
E01004556,Driving a car or van,50,116,-66
E01004556,"Motorcycle, scooter or moped",11,39,-28
E01004556,Not in employment or aged 15 years and under,771,222,549
E01004556,On foot,28,62,-34
E01004556,Other method of travel to work,4,9,-5
E01004556,Passenger in a car or van,5,8,-3
E01004556,Taxi,1,3,-2
E01004556,Train,36,270,-234
E01004556,"Underground, metro, light rail, tram",49,218,-169
E01004556,Work mainly at or from home,644,66,578
E01004557,Bicycle,42,72,-30
E01004557,"Bus, minibus or coach",44,59,-15
E01004557,Driving a car or van,56,107,-51
E01004557,"Motorcycle, scooter or moped",10,23,-13
E01004557,Not in employment or aged 15 years and under,793,222,571
E01004557,On foot,40,61,-21
E01004557,Other method of travel to work,7,3,4
E01004557,Passenger in a car or van,7,1,6
E01004557,Taxi,3,4,-1
E01004557,Train,47,363,-316
E01004557,"Underground, metro, light rail, tram",60,173,-113
E01004557,Work mainly at or from home,620,68,552
E01004558,Bicycle,59,114,-55
E01004558,"Bus, minibus or coach",23,56,-33
E01004558,Driving a car or van,79,141,-62
E01004558,"Motorcycle, scooter or moped",3,27,-24
E01004558,Not in employment or aged 15 years and under,820,239,581
E01004558,On foot,49,71,-22
E01004558,Other method of travel to work,10,6,4
E01004558,Passenger in a car or van,3,6,-3
E01004558,Taxi,2,3,-1
E01004558,Train,32,270,-238
E01004558,"Underground, metro, light rail, tram",47,243,-196
E01004558,Work mainly at or from home,708,75,633
E01004559,Bicycle,32,88,-56
E01004559,"Bus, minibus or coach",26,40,-14
E01004559,Driving a car or van,61,100,-39
E01004559,"Motorcycle, scooter or moped",6,24,-18
E01004559,Not in employment or aged 15 years and under,715,244,471
E01004559,On foot,37,42,-5
E01004559,Other method of travel to work,7,7,0
E01004559,Passenger in a car or van,4,7,-3
E01004559,Taxi,8,3,5
E01004559,Train,41,145,-104
E01004559,"Underground, metro, light rail, tram",55,208,-153
E01004559,Work mainly at or from home,480,77,403
E01004560,Bicycle,71,153,-82
E01004560,"Bus, minibus or coach",121,348,-227
E01004560,Driving a car or van,87,132,-45
E01004560,"Motorcycle, scooter or moped",13,56,-43
E01004560,Not in employment or aged 15 years and under,752,364,388
E01004560,On foot,100,144,-44
E01004560,Other method of travel to work,16,9,7
E01004560,Passenger in a car or van,3,7,-4
E01004560,Taxi,10,16,-6
E01004560,Train,33,151,-118
E01004560,"Underground, metro, light rail, tram",62,194,-132
E01004560,Work mainly at or from home,669,87,582
E01004563,Bicycle,74,86,-12
E01004563,"Bus, minibus or coach",261,357,-96
E01004563,Driving a car or van,99,109,-10
E01004563,"Motorcycle, scooter or moped",12,30,-18
E01004563,Not in employment or aged 15 years and under,1049,531,518
E01004563,On foot,108,91,17
E01004563,Other method of travel to work,13,7,6
E01004563,Passenger in a car or van,4,3,1
E01004563,Taxi,5,1,4
E01004563,Train,60,124,-64
E01004563,"Underground, metro, light rail, tram",86,176,-90
E01004563,Work mainly at or from home,406,36,370
E01004564,Bicycle,78,141,-63
E01004564,"Bus, minibus or coach",94,301,-207
E01004564,Driving a car or van,86,160,-74
E01004564,"Motorcycle, scooter or moped",7,30,-23
E01004564,Not in employment or aged 15 years and under,640,373,267
E01004564,On foot,88,110,-22
E01004564,Other method of travel to work,11,9,2
E01004564,Passenger in a car or van,10,10,0
E01004564,Taxi,5,6,-1
E01004564,Train,62,300,-238
E01004564,"Underground, metro, light rail, tram",87,301,-214
E01004564,Work mainly at or from home,708,51,657
E01004565,Bicycle,80,102,-22
E01004565,"Bus, minibus or coach",65,243,-178
E01004565,Driving a car or van,73,78,-5
E01004565,"Motorcycle, scooter or moped",11,19,-8
E01004565,Not in employment or aged 15 years and under,567,231,336
E01004565,On foot,72,70,2
E01004565,Other method of travel to work,8,3,5
E01004565,Passenger in a car or van,4,4,0
E01004565,Taxi,4,1,3
E01004565,Train,33,188,-155
E01004565,"Underground, metro, light rail, tram",71,210,-139
E01004565,Work mainly at or from home,681,36,645
E01004566,Bicycle,62,119,-57
E01004566,"Bus, minibus or coach",67,177,-110
E01004566,Driving a car or van,56,98,-42
E01004566,"Motorcycle, scooter or moped",7,31,-24
E01004566,Not in employment or aged 15 years and under,584,261,323
E01004566,On foot,77,104,-27
E01004566,Other method of travel to work,21,10,11
E01004566,Passenger in a car or van,4,6,-2
E01004566,Taxi,4,13,-9
E01004566,Train,60,182,-122
E01004566,"Underground, metro, light rail, tram",52,207,-155
E01004566,Work mainly at or from home,689,91,598
E01004567,Bicycle,72,65,7
E01004567,"Bus, minibus or coach",251,356,-105
E01004567,Driving a car or van,123,146,-23
E01004567,"Motorcycle, scooter or moped",10,15,-5
E01004567,Not in employment or aged 15 years and under,1212,631,581
E01004567,On foot,119,123,-4
E01004567,Other method of travel to work,14,4,10
E01004567,Passenger in a car or van,3,1,2
E01004567,Taxi,6,3,3
E01004567,Train,43,152,-109
E01004567,"Underground, metro, light rail, tram",109,228,-119
E01004567,Work mainly at or from home,404,21,383
E01004568,Bicycle,22,21,1
E01004568,"Bus, minibus or coach",147,219,-72
E01004568,Driving a car or van,119,112,7
E01004568,"Motorcycle, scooter or moped",4,9,-5
E01004568,Not in employment or aged 15 years and under,1242,743,499
E01004568,On foot,41,83,-42
E01004568,Other method of travel to work,8,6,2
E01004568,Passenger in a car or van,12,13,-1
E01004568,Taxi,5,1,4
E01004568,Train,38,62,-24
E01004568,"Underground, metro, light rail, tram",26,55,-29
E01004568,Work mainly at or from home,93,19,74
E01004569,Bicycle,40,61,-21
E01004569,"Bus, minibus or coach",208,351,-143
E01004569,Driving a car or van,174,221,-47
E01004569,"Motorcycle, scooter or moped",11,17,-6
E01004569,Not in employment or aged 15 years and under,1446,900,546
E01004569,On foot,52,59,-7
E01004569,Other method of travel to work,14,2,12
E01004569,Passenger in a car or van,14,13,1
E01004569,Taxi,2,4,-2
E01004569,Train,37,121,-84
E01004569,"Underground, metro, light rail, tram",60,128,-68
E01004569,Work mainly at or from home,325,65,260
E01004570,Bicycle,44,26,18
E01004570,"Bus, minibus or coach",212,343,-131
E01004570,Driving a car or van,174,137,37
E01004570,"Motorcycle, scooter or moped",14,14,0
E01004570,Not in employment or aged 15 years and under,1102,628,474
E01004570,On foot,63,49,14
E01004570,Other method of travel to work,10,5,5
E01004570,Passenger in a car or van,10,10,0
E01004570,Taxi,4,3,1
E01004570,Train,44,88,-44
E01004570,"Underground, metro, light rail, tram",80,96,-16
E01004570,Work mainly at or from home,175,24,151
E01004571,Bicycle,39,40,-1
E01004571,"Bus, minibus or coach",220,344,-124
E01004571,Driving a car or van,161,179,-18
E01004571,"Motorcycle, scooter or moped",14,10,4
E01004571,Not in employment or aged 15 years and under,963,627,336
E01004571,On foot,76,89,-13
E01004571,Other method of travel to work,18,3,15
E01004571,Passenger in a car or van,8,20,-12
E01004571,Taxi,6,5,1
E01004571,Train,34,77,-43
E01004571,"Underground, metro, light rail, tram",76,138,-62
E01004571,Work mainly at or from home,231,30,201
E01004572,Bicycle,34,41,-7
E01004572,"Bus, minibus or coach",157,165,-8
E01004572,Driving a car or van,150,163,-13
E01004572,"Motorcycle, scooter or moped",8,22,-14
E01004572,Not in employment or aged 15 years and under,874,293,581
E01004572,On foot,35,43,-8
E01004572,Other method of travel to work,6,4,2
E01004572,Passenger in a car or van,7,11,-4
E01004572,Taxi,7,3,4
E01004572,Train,46,83,-37
E01004572,"Underground, metro, light rail, tram",65,92,-27
E01004572,Work mainly at or from home,299,58,241
E01004573,Bicycle,46,38,8
E01004573,"Bus, minibus or coach",173,250,-77
E01004573,Driving a car or van,219,218,1
E01004573,"Motorcycle, scooter or moped",13,15,-2
E01004573,Not in employment or aged 15 years and under,807,442,365
E01004573,On foot,42,56,-14
E01004573,Other method of travel to work,10,5,5
E01004573,Passenger in a car or van,21,18,3
E01004573,Taxi,3,3,0
E01004573,Train,23,70,-47
E01004573,"Underground, metro, light rail, tram",63,102,-39
E01004573,Work mainly at or from home,264,31,233
E01004574,Bicycle,31,32,-1
E01004574,"Bus, minibus or coach",271,260,11
E01004574,Driving a car or van,165,134,31
E01004574,"Motorcycle, scooter or moped",7,6,1
E01004574,Not in employment or aged 15 years and under,1301,580,721
E01004574,On foot,74,75,-1
E01004574,Other method of travel to work,12,5,7
E01004574,Passenger in a car or van,8,11,-3
E01004574,Taxi,1,3,-2
E01004574,Train,32,60,-28
E01004574,"Underground, metro, light rail, tram",62,72,-10
E01004574,Work mainly at or from home,149,8,141
E01004575,Bicycle,30,41,-11
E01004575,"Bus, minibus or coach",126,235,-109
E01004575,Driving a car or van,137,155,-18
E01004575,"Motorcycle, scooter or moped",6,13,-7
E01004575,Not in employment or aged 15 years and under,1173,569,604
E01004575,On foot,73,83,-10
E01004575,Other method of travel to work,12,6,6
E01004575,Passenger in a car or van,8,8,0
E01004575,Taxi,3,2,1
E01004575,Train,44,107,-63
E01004575,"Underground, metro, light rail, tram",60,108,-48
E01004575,Work mainly at or from home,214,28,186
E01004576,Bicycle,33,38,-5
E01004576,"Bus, minibus or coach",130,183,-53
E01004576,Driving a car or van,145,163,-18
E01004576,"Motorcycle, scooter or moped",9,11,-2
E01004576,Not in employment or aged 15 years and under,925,449,476
E01004576,On foot,47,60,-13
E01004576,Other method of travel to work,7,4,3
E01004576,Passenger in a car or van,6,13,-7
E01004576,Taxi,4,3,1
E01004576,Train,25,88,-63
E01004576,"Underground, metro, light rail, tram",55,86,-31
E01004576,Work mainly at or from home,218,46,172
E01004577,Bicycle,70,142,-72
E01004577,"Bus, minibus or coach",93,338,-245
E01004577,Driving a car or van,83,132,-49
E01004577,"Motorcycle, scooter or moped",3,49,-46
E01004577,Not in employment or aged 15 years and under,776,380,396
E01004577,On foot,84,136,-52
E01004577,Other method of travel to work,11,14,-3
E01004577,Passenger in a car or van,7,7,0
E01004577,Taxi,7,4,3
E01004577,Train,29,104,-75
E01004577,"Underground, metro, light rail, tram",51,175,-124
E01004577,Work mainly at or from home,633,78,555
E01004579,Bicycle,57,113,-56
E01004579,"Bus, minibus or coach",74,235,-161
E01004579,Driving a car or van,92,160,-68
E01004579,"Motorcycle, scooter or moped",6,32,-26
E01004579,Not in employment or aged 15 years and under,796,336,460
E01004579,On foot,94,82,12
E01004579,Other method of travel to work,14,8,6
E01004579,Passenger in a car or van,3,7,-4
E01004579,Taxi,6,3,3
E01004579,Train,35,119,-84
E01004579,"Underground, metro, light rail, tram",65,114,-49
E01004579,Work mainly at or from home,630,70,560
E01004580,Bicycle,111,131,-20
E01004580,"Bus, minibus or coach",126,339,-213
E01004580,Driving a car or van,97,149,-52
E01004580,"Motorcycle, scooter or moped",14,41,-27
E01004580,Not in employment or aged 15 years and under,821,391,430
E01004580,On foot,116,144,-28
E01004580,Other method of travel to work,10,8,2
E01004580,Passenger in a car or van,5,8,-3
E01004580,Taxi,8,2,6
E01004580,Train,69,291,-222
E01004580,"Underground, metro, light rail, tram",66,148,-82
E01004580,Work mainly at or from home,671,49,622
E01004581,Bicycle,72,102,-30
E01004581,"Bus, minibus or coach",125,324,-199
E01004581,Driving a car or van,75,131,-56
E01004581,"Motorcycle, scooter or moped",9,38,-29
E01004581,Not in employment or aged 15 years and under,702,400,302
E01004581,On foot,123,150,-27
E01004581,Other method of travel to work,12,12,0
E01004581,Passenger in a car or van,4,8,-4
E01004581,Taxi,4,4,0
E01004581,Train,46,125,-79
E01004581,"Underground, metro, light rail, tram",71,192,-121
E01004581,Work mainly at or from home,534,65,469
E01004582,Bicycle,82,123,-41
E01004582,"Bus, minibus or coach",152,291,-139
E01004582,Driving a car or van,91,169,-78
E01004582,"Motorcycle, scooter or moped",28,50,-22
E01004582,Not in employment or aged 15 years and under,1019,462,557
E01004582,On foot,131,206,-75
E01004582,Other method of travel to work,11,22,-11
E01004582,Passenger in a car or van,8,10,-2
E01004582,Taxi,13,16,-3
E01004582,Train,18,76,-58
E01004582,"Underground, metro, light rail, tram",81,198,-117
E01004582,Work mainly at or from home,564,118,446
E01004583,Bicycle,50,94,-44
E01004583,"Bus, minibus or coach",75,222,-147
E01004583,Driving a car or van,75,120,-45
E01004583,"Motorcycle, scooter or moped",10,55,-45
E01004583,Not in employment or aged 15 years and under,815,375,440
E01004583,On foot,96,129,-33
E01004583,Other method of travel to work,13,5,8
E01004583,Passenger in a car or van,8,12,-4
E01004583,Taxi,7,3,4
E01004583,Train,19,77,-58
E01004583,"Underground, metro, light rail, tram",43,215,-172
E01004583,Work mainly at or from home,504,86,418
E01004584,Bicycle,31,49,-18
E01004584,"Bus, minibus or coach",191,253,-62
E01004584,Driving a car or van,102,92,10
E01004584,"Motorcycle, scooter or moped",9,6,3
E01004584,Not in employment or aged 15 years and under,925,554,371
E01004584,On foot,108,103,5
E01004584,Other method of travel to work,12,9,3
E01004584,Passenger in a car or van,4,10,-6
E01004584,Taxi,3,2,1
E01004584,Train,36,71,-35
E01004584,"Underground, metro, light rail, tram",58,78,-20
E01004584,Work mainly at or from home,247,10,237
E01004585,Bicycle,63,111,-48
E01004585,"Bus, minibus or coach",55,151,-96
E01004585,Driving a car or van,73,115,-42
E01004585,"Motorcycle, scooter or moped",5,14,-9
E01004585,Not in employment or aged 15 years and under,579,294,285
E01004585,On foot,62,104,-42
E01004585,Other method of travel to work,9,5,4
E01004585,Passenger in a car or van,1,5,-4
E01004585,Taxi,5,2,3
E01004585,Train,95,445,-350
E01004585,"Underground, metro, light rail, tram",69,294,-225
E01004585,Work mainly at or from home,806,55,751
E01004586,Bicycle,72,100,-28
E01004586,"Bus, minibus or coach",68,170,-102
E01004586,Driving a car or van,74,99,-25
E01004586,"Motorcycle, scooter or moped",4,31,-27
E01004586,Not in employment or aged 15 years and under,525,222,303
E01004586,On foot,66,60,6
E01004586,Other method of travel to work,6,8,-2
E01004586,Passenger in a car or van,0,5,-5
E01004586,Taxi,4,0,4
E01004586,Train,67,459,-392
E01004586,"Underground, metro, light rail, tram",88,378,-290
E01004586,Work mainly at or from home,924,65,859
E01004587,Bicycle,55,139,-84
E01004587,"Bus, minibus or coach",51,182,-131
E01004587,Driving a car or van,60,114,-54
E01004587,"Motorcycle, scooter or moped",9,29,-20
E01004587,Not in employment or aged 15 years and under,664,239,425
E01004587,On foot,53,53,0
E01004587,Other method of travel to work,4,3,1
E01004587,Passenger in a car or van,2,8,-6
E01004587,Taxi,5,2,3
E01004587,Train,20,149,-129
E01004587,"Underground, metro, light rail, tram",96,448,-352
E01004587,Work mainly at or from home,804,73,731
E01004588,Bicycle,67,115,-48
E01004588,"Bus, minibus or coach",61,106,-45
E01004588,Driving a car or van,104,101,3
E01004588,"Motorcycle, scooter or moped",10,31,-21
E01004588,Not in employment or aged 15 years and under,511,249,262
E01004588,On foot,48,60,-12
E01004588,Other method of travel to work,8,4,4
E01004588,Passenger in a car or van,6,2,4
E01004588,Taxi,1,3,-2
E01004588,Train,108,594,-486
E01004588,"Underground, metro, light rail, tram",90,327,-237
E01004588,Work mainly at or from home,996,65,931
E01004589,Bicycle,69,117,-48
E01004589,"Bus, minibus or coach",35,157,-122
E01004589,Driving a car or van,62,106,-44
E01004589,"Motorcycle, scooter or moped",9,28,-19
E01004589,Not in employment or aged 15 years and under,606,222,384
E01004589,On foot,61,69,-8
E01004589,Other method of travel to work,4,4,0
E01004589,Passenger in a car or van,6,2,4
E01004589,Taxi,1,2,-1
E01004589,Train,55,303,-248
E01004589,"Underground, metro, light rail, tram",79,316,-237
E01004589,Work mainly at or from home,807,77,730
E01004590,Bicycle,52,77,-25
E01004590,"Bus, minibus or coach",132,217,-85
E01004590,Driving a car or van,99,135,-36
E01004590,"Motorcycle, scooter or moped",9,20,-11
E01004590,Not in employment or aged 15 years and under,858,454,404
E01004590,On foot,75,93,-18
E01004590,Other method of travel to work,16,6,10
E01004590,Passenger in a car or van,4,11,-7
E01004590,Taxi,6,5,1
E01004590,Train,50,133,-83
E01004590,"Underground, metro, light rail, tram",73,182,-109
E01004590,Work mainly at or from home,474,46,428
E01004591,Bicycle,64,109,-45
E01004591,"Bus, minibus or coach",103,280,-177
E01004591,Driving a car or van,68,137,-69
E01004591,"Motorcycle, scooter or moped",5,20,-15
E01004591,Not in employment or aged 15 years and under,739,339,400
E01004591,On foot,69,83,-14
E01004591,Other method of travel to work,10,2,8
E01004591,Passenger in a car or van,7,4,3
E01004591,Taxi,7,2,5
E01004591,Train,48,202,-154
E01004591,"Underground, metro, light rail, tram",71,286,-215
E01004591,Work mainly at or from home,710,39,671
E01004592,Bicycle,58,103,-45
E01004592,"Bus, minibus or coach",87,193,-106
E01004592,Driving a car or van,101,141,-40
E01004592,"Motorcycle, scooter or moped",6,31,-25
E01004592,Not in employment or aged 15 years and under,746,379,367
E01004592,On foot,96,89,7
E01004592,Other method of travel to work,1,2,-1
E01004592,Passenger in a car or van,4,5,-1
E01004592,Taxi,3,3,0
E01004592,Train,40,175,-135
E01004592,"Underground, metro, light rail, tram",50,144,-94
E01004592,Work mainly at or from home,495,43,452
E01004593,Bicycle,68,111,-43
E01004593,"Bus, minibus or coach",45,119,-74
E01004593,Driving a car or van,103,200,-97
E01004593,"Motorcycle, scooter or moped",11,36,-25
E01004593,Not in employment or aged 15 years and under,766,296,470
E01004593,On foot,95,79,16
E01004593,Other method of travel to work,9,9,0
E01004593,Passenger in a car or van,7,10,-3
E01004593,Taxi,4,2,2
E01004593,Train,30,162,-132
E01004593,"Underground, metro, light rail, tram",126,426,-300
E01004593,Work mainly at or from home,666,62,604
E01004594,Bicycle,31,53,-22
E01004594,"Bus, minibus or coach",23,47,-24
E01004594,Driving a car or van,99,177,-78
E01004594,"Motorcycle, scooter or moped",8,21,-13
E01004594,Not in employment or aged 15 years and under,724,321,403
E01004594,On foot,57,49,8
E01004594,Other method of travel to work,10,8,2
E01004594,Passenger in a car or van,6,9,-3
E01004594,Taxi,3,4,-1
E01004594,Train,17,65,-48
E01004594,"Underground, metro, light rail, tram",123,432,-309
E01004594,Work mainly at or from home,601,64,537
E01004595,Bicycle,38,89,-51
E01004595,"Bus, minibus or coach",38,56,-18
E01004595,Driving a car or van,105,200,-95
E01004595,"Motorcycle, scooter or moped",10,28,-18
E01004595,Not in employment or aged 15 years and under,650,292,358
E01004595,On foot,51,72,-21
E01004595,Other method of travel to work,8,8,0
E01004595,Passenger in a car or van,7,9,-2
E01004595,Taxi,2,1,1
E01004595,Train,28,131,-103
E01004595,"Underground, metro, light rail, tram",131,496,-365
E01004595,Work mainly at or from home,739,60,679
E01004596,Bicycle,36,59,-23
E01004596,"Bus, minibus or coach",18,38,-20
E01004596,Driving a car or van,92,182,-90
E01004596,"Motorcycle, scooter or moped",5,18,-13
E01004596,Not in employment or aged 15 years and under,693,257,436
E01004596,On foot,57,58,-1
E01004596,Other method of travel to work,3,2,1
E01004596,Passenger in a car or van,2,14,-12
E01004596,Taxi,2,0,2
E01004596,Train,24,82,-58
E01004596,"Underground, metro, light rail, tram",92,438,-346
E01004596,Work mainly at or from home,598,76,522
E01004597,Bicycle,46,71,-25
E01004597,"Bus, minibus or coach",56,61,-5
E01004597,Driving a car or van,99,182,-83
E01004597,"Motorcycle, scooter or moped",8,28,-20
E01004597,Not in employment or aged 15 years and under,845,283,562
E01004597,On foot,70,58,12
E01004597,Other method of travel to work,7,8,-1
E01004597,Passenger in a car or van,7,1,6
E01004597,Taxi,4,3,1
E01004597,Train,33,281,-248
E01004597,"Underground, metro, light rail, tram",71,318,-247
E01004597,Work mainly at or from home,644,70,574
E01004598,Bicycle,56,95,-39
E01004598,"Bus, minibus or coach",40,62,-22
E01004598,Driving a car or van,94,165,-71
E01004598,"Motorcycle, scooter or moped",6,16,-10
E01004598,Not in employment or aged 15 years and under,687,191,496
E01004598,On foot,59,67,-8
E01004598,Other method of travel to work,11,5,6
E01004598,Passenger in a car or van,2,4,-2
E01004598,Taxi,2,3,-1
E01004598,Train,99,554,-455
E01004598,"Underground, metro, light rail, tram",86,289,-203
E01004598,Work mainly at or from home,1001,61,940
E01004599,Bicycle,30,62,-32
E01004599,"Bus, minibus or coach",9,31,-22
E01004599,Driving a car or van,62,146,-84
E01004599,"Motorcycle, scooter or moped",6,23,-17
E01004599,Not in employment or aged 15 years and under,728,232,496
E01004599,On foot,37,47,-10
E01004599,Other method of travel to work,6,4,2
E01004599,Passenger in a car or van,3,2,1
E01004599,Taxi,0,0,0
E01004599,Train,21,130,-109
E01004599,"Underground, metro, light rail, tram",69,330,-261
E01004599,Work mainly at or from home,595,79,516
E01004601,Bicycle,74,118,-44
E01004601,"Bus, minibus or coach",93,181,-88
E01004601,Driving a car or van,166,221,-55
E01004601,"Motorcycle, scooter or moped",11,19,-8
E01004601,Not in employment or aged 15 years and under,972,437,535
E01004601,On foot,125,106,19
E01004601,Other method of travel to work,25,6,19
E01004601,Passenger in a car or van,10,10,0
E01004601,Taxi,1,7,-6
E01004601,Train,54,287,-233
E01004601,"Underground, metro, light rail, tram",114,301,-187
E01004601,Work mainly at or from home,816,61,755
E01004602,Bicycle,53,101,-48
E01004602,"Bus, minibus or coach",34,99,-65
E01004602,Driving a car or van,62,109,-47
E01004602,"Motorcycle, scooter or moped",7,24,-17
E01004602,Not in employment or aged 15 years and under,603,237,366
E01004602,On foot,54,71,-17
E01004602,Other method of travel to work,7,5,2
E01004602,Passenger in a car or van,2,5,-3
E01004602,Taxi,5,1,4
E01004602,Train,37,295,-258
E01004602,"Underground, metro, light rail, tram",87,348,-261
E01004602,Work mainly at or from home,692,81,611
E01004604,Bicycle,42,106,-64
E01004604,"Bus, minibus or coach",19,89,-70
E01004604,Driving a car or van,47,146,-99
E01004604,"Motorcycle, scooter or moped",4,31,-27
E01004604,Not in employment or aged 15 years and under,758,314,444
E01004604,On foot,39,59,-20
E01004604,Other method of travel to work,5,5,0
E01004604,Passenger in a car or van,3,8,-5
E01004604,Taxi,0,7,-7
E01004604,Train,25,192,-167
E01004604,"Underground, metro, light rail, tram",45,140,-95
E01004604,Work mainly at or from home,578,103,475
E01004605,Bicycle,74,89,-15
E01004605,"Bus, minibus or coach",64,150,-86
E01004605,Driving a car or van,87,180,-93
E01004605,"Motorcycle, scooter or moped",17,30,-13
E01004605,Not in employment or aged 15 years and under,885,368,517
E01004605,On foot,46,92,-46
E01004605,Other method of travel to work,10,8,2
E01004605,Passenger in a car or van,4,8,-4
E01004605,Taxi,3,2,1
E01004605,Train,46,100,-54
E01004605,"Underground, metro, light rail, tram",68,244,-176
E01004605,Work mainly at or from home,529,68,461
E01004606,Bicycle,61,120,-59
E01004606,"Bus, minibus or coach",35,143,-108
E01004606,Driving a car or van,83,170,-87
E01004606,"Motorcycle, scooter or moped",5,32,-27
E01004606,Not in employment or aged 15 years and under,520,217,303
E01004606,On foot,60,87,-27
E01004606,Other method of travel to work,9,10,-1
E01004606,Passenger in a car or van,5,7,-2
E01004606,Taxi,2,2,0
E01004606,Train,45,243,-198
E01004606,"Underground, metro, light rail, tram",74,295,-221
E01004606,Work mainly at or from home,773,72,701
E01004607,Bicycle,45,96,-51
E01004607,"Bus, minibus or coach",18,86,-68
E01004607,Driving a car or van,64,121,-57
E01004607,"Motorcycle, scooter or moped",5,37,-32
E01004607,Not in employment or aged 15 years and under,704,315,389
E01004607,On foot,48,85,-37
E01004607,Other method of travel to work,7,5,2
E01004607,Passenger in a car or van,2,6,-4
E01004607,Taxi,6,9,-3
E01004607,Train,40,285,-245
E01004607,"Underground, metro, light rail, tram",38,183,-145
E01004607,Work mainly at or from home,653,102,551
E01004608,Bicycle,54,79,-25
E01004608,"Bus, minibus or coach",51,148,-97
E01004608,Driving a car or van,62,127,-65
E01004608,"Motorcycle, scooter or moped",5,20,-15
E01004608,Not in employment or aged 15 years and under,626,313,313
E01004608,On foot,73,86,-13
E01004608,Other method of travel to work,9,10,-1
E01004608,Passenger in a car or van,5,2,3
E01004608,Taxi,5,5,0
E01004608,Train,50,237,-187
E01004608,"Underground, metro, light rail, tram",78,312,-234
E01004608,Work mainly at or from home,651,52,599
E01004609,Bicycle,78,96,-18
E01004609,"Bus, minibus or coach",52,138,-86
E01004609,Driving a car or van,70,133,-63
E01004609,"Motorcycle, scooter or moped",4,22,-18
E01004609,Not in employment or aged 15 years and under,645,311,334
E01004609,On foot,87,126,-39
E01004609,Other method of travel to work,9,16,-7
E01004609,Passenger in a car or van,2,10,-8
E01004609,Taxi,5,4,1
E01004609,Train,96,496,-400
E01004609,"Underground, metro, light rail, tram",136,403,-267
E01004609,Work mainly at or from home,947,99,848
E01004610,Bicycle,42,42,0
E01004610,"Bus, minibus or coach",82,119,-37
E01004610,Driving a car or van,136,174,-38
E01004610,"Motorcycle, scooter or moped",9,16,-7
E01004610,Not in employment or aged 15 years and under,781,595,186
E01004610,On foot,93,115,-22
E01004610,Other method of travel to work,13,6,7
E01004610,Passenger in a car or van,14,12,2
E01004610,Taxi,4,2,2
E01004610,Train,23,65,-42
E01004610,"Underground, metro, light rail, tram",178,357,-179
E01004610,Work mainly at or from home,607,41,566
E01004611,Bicycle,33,48,-15
E01004611,"Bus, minibus or coach",37,71,-34
E01004611,Driving a car or van,72,133,-61
E01004611,"Motorcycle, scooter or moped",9,14,-5
E01004611,Not in employment or aged 15 years and under,666,376,290
E01004611,On foot,63,67,-4
E01004611,Other method of travel to work,6,16,-10
E01004611,Passenger in a car or van,3,12,-9
E01004611,Taxi,6,2,4
E01004611,Train,23,75,-52
E01004611,"Underground, metro, light rail, tram",105,374,-269
E01004611,Work mainly at or from home,532,40,492
E01004612,Bicycle,44,27,17
E01004612,"Bus, minibus or coach",71,133,-62
E01004612,Driving a car or van,106,141,-35
E01004612,"Motorcycle, scooter or moped",12,9,3
E01004612,Not in employment or aged 15 years and under,748,480,268
E01004612,On foot,70,88,-18
E01004612,Other method of travel to work,9,9,0
E01004612,Passenger in a car or van,5,12,-7
E01004612,Taxi,1,3,-2
E01004612,Train,21,63,-42
E01004612,"Underground, metro, light rail, tram",140,344,-204
E01004612,Work mainly at or from home,379,39,340
E01004613,Bicycle,31,26,5
E01004613,"Bus, minibus or coach",71,131,-60
E01004613,Driving a car or van,103,96,7
E01004613,"Motorcycle, scooter or moped",5,4,1
E01004613,Not in employment or aged 15 years and under,859,510,349
E01004613,On foot,86,77,9
E01004613,Other method of travel to work,11,1,10
E01004613,Passenger in a car or van,2,8,-6
E01004613,Taxi,2,3,-1
E01004613,Train,23,73,-50
E01004613,"Underground, metro, light rail, tram",116,272,-156
E01004613,Work mainly at or from home,381,14,367
E01004614,Bicycle,54,35,19
E01004614,"Bus, minibus or coach",100,234,-134
E01004614,Driving a car or van,129,204,-75
E01004614,"Motorcycle, scooter or moped",6,14,-8
E01004614,Not in employment or aged 15 years and under,761,541,220
E01004614,On foot,137,130,7
E01004614,Other method of travel to work,11,8,3
E01004614,Passenger in a car or van,10,14,-4
E01004614,Taxi,7,2,5
E01004614,Train,40,98,-58
E01004614,"Underground, metro, light rail, tram",148,374,-226
E01004614,Work mainly at or from home,570,41,529
E01004615,Bicycle,33,33,0
E01004615,"Bus, minibus or coach",93,147,-54
E01004615,Driving a car or van,110,119,-9
E01004615,"Motorcycle, scooter or moped",5,11,-6
E01004615,Not in employment or aged 15 years and under,912,548,364
E01004615,On foot,78,97,-19
E01004615,Other method of travel to work,10,2,8
E01004615,Passenger in a car or van,4,13,-9
E01004615,Taxi,1,0,1
E01004615,Train,26,64,-38
E01004615,"Underground, metro, light rail, tram",92,229,-137
E01004615,Work mainly at or from home,278,21,257
E01004616,Bicycle,53,42,11
E01004616,"Bus, minibus or coach",88,162,-74
E01004616,Driving a car or van,99,125,-26
E01004616,"Motorcycle, scooter or moped",21,12,9
E01004616,Not in employment or aged 15 years and under,652,616,36
E01004616,On foot,112,162,-50
E01004616,Other method of travel to work,12,9,3
E01004616,Passenger in a car or van,12,6,6
E01004616,Taxi,7,3,4
E01004616,Train,31,62,-31
E01004616,"Underground, metro, light rail, tram",228,549,-321
E01004616,Work mainly at or from home,588,45,543
E01004617,Bicycle,39,42,-3
E01004617,"Bus, minibus or coach",88,131,-43
E01004617,Driving a car or van,84,108,-24
E01004617,"Motorcycle, scooter or moped",10,12,-2
E01004617,Not in employment or aged 15 years and under,871,515,356
E01004617,On foot,126,140,-14
E01004617,Other method of travel to work,8,5,3
E01004617,Passenger in a car or van,5,10,-5
E01004617,Taxi,4,2,2
E01004617,Train,37,54,-17
E01004617,"Underground, metro, light rail, tram",154,327,-173
E01004617,Work mainly at or from home,485,23,462
E01004618,Bicycle,42,58,-16
E01004618,"Bus, minibus or coach",27,65,-38
E01004618,Driving a car or van,82,150,-68
E01004618,"Motorcycle, scooter or moped",6,17,-11
E01004618,Not in employment or aged 15 years and under,616,333,283
E01004618,On foot,36,70,-34
E01004618,Other method of travel to work,8,8,0
E01004618,Passenger in a car or van,7,9,-2
E01004618,Taxi,5,2,3
E01004618,Train,12,68,-56
E01004618,"Underground, metro, light rail, tram",84,377,-293
E01004618,Work mainly at or from home,588,57,531
E01004619,Bicycle,41,81,-40
E01004619,"Bus, minibus or coach",14,39,-25
E01004619,Driving a car or van,73,148,-75
E01004619,"Motorcycle, scooter or moped",6,21,-15
E01004619,Not in employment or aged 15 years and under,626,273,353
E01004619,On foot,36,38,-2
E01004619,Other method of travel to work,7,7,0
E01004619,Passenger in a car or van,4,2,2
E01004619,Taxi,2,4,-2
E01004619,Train,33,183,-150
E01004619,"Underground, metro, light rail, tram",42,158,-116
E01004619,Work mainly at or from home,469,74,395
E01004620,Bicycle,87,95,-8
E01004620,"Bus, minibus or coach",43,95,-52
E01004620,Driving a car or van,130,170,-40
E01004620,"Motorcycle, scooter or moped",9,35,-26
E01004620,Not in employment or aged 15 years and under,646,319,327
E01004620,On foot,59,86,-27
E01004620,Other method of travel to work,8,8,0
E01004620,Passenger in a car or van,4,13,-9
E01004620,Taxi,2,3,-1
E01004620,Train,48,284,-236
E01004620,"Underground, metro, light rail, tram",71,119,-48
E01004620,Work mainly at or from home,586,50,536
E01004621,Bicycle,45,86,-41
E01004621,"Bus, minibus or coach",41,99,-58
E01004621,Driving a car or van,107,184,-77
E01004621,"Motorcycle, scooter or moped",13,21,-8
E01004621,Not in employment or aged 15 years and under,724,321,403
E01004621,On foot,66,81,-15
E01004621,Other method of travel to work,8,6,2
E01004621,Passenger in a car or van,6,14,-8
E01004621,Taxi,4,5,-1
E01004621,Train,40,287,-247
E01004621,"Underground, metro, light rail, tram",44,141,-97
E01004621,Work mainly at or from home,621,74,547
E01004622,Bicycle,30,59,-29
E01004622,"Bus, minibus or coach",45,85,-40
E01004622,Driving a car or van,92,160,-68
E01004622,"Motorcycle, scooter or moped",16,14,2
E01004622,Not in employment or aged 15 years and under,1101,1245,-144
E01004622,On foot,120,71,49
E01004622,Other method of travel to work,6,11,-5
E01004622,Passenger in a car or van,2,3,-1
E01004622,Taxi,1,3,-2
E01004622,Train,46,207,-161
E01004622,"Underground, metro, light rail, tram",46,143,-97
E01004622,Work mainly at or from home,342,40,302
E01004623,Bicycle,46,106,-60
E01004623,"Bus, minibus or coach",50,74,-24
E01004623,Driving a car or van,107,179,-72
E01004623,"Motorcycle, scooter or moped",16,34,-18
E01004623,Not in employment or aged 15 years and under,680,287,393
E01004623,On foot,63,62,1
E01004623,Other method of travel to work,8,5,3
E01004623,Passenger in a car or van,4,6,-2
E01004623,Taxi,7,3,4
E01004623,Train,61,381,-320
E01004623,"Underground, metro, light rail, tram",73,124,-51
E01004623,Work mainly at or from home,658,55,603
E01004624,Bicycle,55,91,-36
E01004624,"Bus, minibus or coach",42,60,-18
E01004624,Driving a car or van,91,178,-87
E01004624,"Motorcycle, scooter or moped",9,20,-11
E01004624,Not in employment or aged 15 years and under,654,311,343
E01004624,On foot,76,76,0
E01004624,Other method of travel to work,3,7,-4
E01004624,Passenger in a car or van,6,8,-2
E01004624,Taxi,6,2,4
E01004624,Train,48,344,-296
E01004624,"Underground, metro, light rail, tram",52,115,-63
E01004624,Work mainly at or from home,534,43,491
E01004625,Bicycle,23,68,-45
E01004625,"Bus, minibus or coach",13,24,-11
E01004625,Driving a car or van,68,129,-61
E01004625,"Motorcycle, scooter or moped",7,27,-20
E01004625,Not in employment or aged 15 years and under,692,302,390
E01004625,On foot,40,37,3
E01004625,Other method of travel to work,6,7,-1
E01004625,Passenger in a car or van,8,6,2
E01004625,Taxi,3,4,-1
E01004625,Train,26,163,-137
E01004625,"Underground, metro, light rail, tram",16,106,-90
E01004625,Work mainly at or from home,418,89,329
E01004626,Bicycle,43,82,-39
E01004626,"Bus, minibus or coach",20,42,-22
E01004626,Driving a car or van,94,153,-59
E01004626,"Motorcycle, scooter or moped",14,23,-9
E01004626,Not in employment or aged 15 years and under,766,396,370
E01004626,On foot,78,90,-12
E01004626,Other method of travel to work,9,6,3
E01004626,Passenger in a car or van,3,8,-5
E01004626,Taxi,4,2,2
E01004626,Train,22,206,-184
E01004626,"Underground, metro, light rail, tram",105,346,-241
E01004626,Work mainly at or from home,687,87,600
E01004627,Bicycle,56,83,-27
E01004627,"Bus, minibus or coach",51,103,-52
E01004627,Driving a car or van,67,126,-59
E01004627,"Motorcycle, scooter or moped",7,39,-32
E01004627,Not in employment or aged 15 years and under,710,321,389
E01004627,On foot,45,74,-29
E01004627,Other method of travel to work,5,9,-4
E01004627,Passenger in a car or van,3,2,1
E01004627,Taxi,2,3,-1
E01004627,Train,42,269,-227
E01004627,"Underground, metro, light rail, tram",38,125,-87
E01004627,Work mainly at or from home,560,68,492
E01004628,Bicycle,38,75,-37
E01004628,"Bus, minibus or coach",86,158,-72
E01004628,Driving a car or van,165,256,-91
E01004628,"Motorcycle, scooter or moped",13,28,-15
E01004628,Not in employment or aged 15 years and under,1154,624,530
E01004628,On foot,115,102,13
E01004628,Other method of travel to work,18,6,12
E01004628,Passenger in a car or van,8,5,3
E01004628,Taxi,7,4,3
E01004628,Train,36,162,-126
E01004628,"Underground, metro, light rail, tram",129,406,-277
E01004628,Work mainly at or from home,570,54,516
E01004629,Bicycle,48,50,-2
E01004629,"Bus, minibus or coach",21,60,-39
E01004629,Driving a car or van,89,160,-71
E01004629,"Motorcycle, scooter or moped",9,14,-5
E01004629,Not in employment or aged 15 years and under,779,362,417
E01004629,On foot,40,60,-20
E01004629,Other method of travel to work,9,4,5
E01004629,Passenger in a car or van,4,4,0
E01004629,Taxi,0,3,-3
E01004629,Train,18,69,-51
E01004629,"Underground, metro, light rail, tram",80,343,-263
E01004629,Work mainly at or from home,498,63,435
E01004630,Bicycle,21,29,-8
E01004630,"Bus, minibus or coach",135,173,-38
E01004630,Driving a car or van,189,177,12
E01004630,"Motorcycle, scooter or moped",18,4,14
E01004630,Not in employment or aged 15 years and under,975,479,496
E01004630,On foot,80,72,8
E01004630,Other method of travel to work,16,2,14
E01004630,Passenger in a car or van,12,7,5
E01004630,Taxi,2,2,0
E01004630,Train,37,73,-36
E01004630,"Underground, metro, light rail, tram",92,220,-128
E01004630,Work mainly at or from home,185,25,160
E01004631,Bicycle,45,33,12
E01004631,"Bus, minibus or coach",119,131,-12
E01004631,Driving a car or van,171,150,21
E01004631,"Motorcycle, scooter or moped",16,19,-3
E01004631,Not in employment or aged 15 years and under,888,323,565
E01004631,On foot,66,70,-4
E01004631,Other method of travel to work,5,3,2
E01004631,Passenger in a car or van,2,11,-9
E01004631,Taxi,5,1,4
E01004631,Train,53,108,-55
E01004631,"Underground, metro, light rail, tram",119,244,-125
E01004631,Work mainly at or from home,391,40,351
E01004632,Bicycle,48,54,-6
E01004632,"Bus, minibus or coach",49,61,-12
E01004632,Driving a car or van,107,169,-62
E01004632,"Motorcycle, scooter or moped",12,18,-6
E01004632,Not in employment or aged 15 years and under,673,283,390
E01004632,On foot,39,69,-30
E01004632,Other method of travel to work,4,1,3
E01004632,Passenger in a car or van,6,5,1
E01004632,Taxi,1,1,0
E01004632,Train,38,74,-36
E01004632,"Underground, metro, light rail, tram",173,330,-157
E01004632,Work mainly at or from home,362,77,285
E01004633,Bicycle,23,18,5
E01004633,"Bus, minibus or coach",100,149,-49
E01004633,Driving a car or van,138,161,-23
E01004633,"Motorcycle, scooter or moped",31,10,21
E01004633,Not in employment or aged 15 years and under,923,393,530
E01004633,On foot,73,82,-9
E01004633,Other method of travel to work,6,2,4
E01004633,Passenger in a car or van,9,11,-2
E01004633,Taxi,3,3,0
E01004633,Train,39,64,-25
E01004633,"Underground, metro, light rail, tram",123,279,-156
E01004633,Work mainly at or from home,192,23,169
E01004634,Bicycle,51,47,4
E01004634,"Bus, minibus or coach",69,118,-49
E01004634,Driving a car or van,109,193,-84
E01004634,"Motorcycle, scooter or moped",6,20,-14
E01004634,Not in employment or aged 15 years and under,692,302,390
E01004634,On foot,44,45,-1
E01004634,Other method of travel to work,8,6,2
E01004634,Passenger in a car or van,7,14,-7
E01004634,Taxi,0,3,-3
E01004634,Train,21,179,-158
E01004634,"Underground, metro, light rail, tram",69,223,-154
E01004634,Work mainly at or from home,407,57,350
E01004635,Bicycle,39,39,0
E01004635,"Bus, minibus or coach",61,107,-46
E01004635,Driving a car or van,138,182,-44
E01004635,"Motorcycle, scooter or moped",20,27,-7
E01004635,Not in employment or aged 15 years and under,787,367,420
E01004635,On foot,64,59,5
E01004635,Other method of travel to work,10,6,4
E01004635,Passenger in a car or van,9,14,-5
E01004635,Taxi,2,2,0
E01004635,Train,19,86,-67
E01004635,"Underground, metro, light rail, tram",110,358,-248
E01004635,Work mainly at or from home,398,47,351
E01004636,Bicycle,38,45,-7
E01004636,"Bus, minibus or coach",75,106,-31
E01004636,Driving a car or van,126,165,-39
E01004636,"Motorcycle, scooter or moped",13,14,-1
E01004636,Not in employment or aged 15 years and under,710,322,388
E01004636,On foot,30,40,-10
E01004636,Other method of travel to work,10,8,2
E01004636,Passenger in a car or van,5,9,-4
E01004636,Taxi,4,1,3
E01004636,Train,26,147,-121
E01004636,"Underground, metro, light rail, tram",56,216,-160
E01004636,Work mainly at or from home,366,61,305
E01004637,Bicycle,33,38,-5
E01004637,"Bus, minibus or coach",60,107,-47
E01004637,Driving a car or van,134,172,-38
E01004637,"Motorcycle, scooter or moped",19,17,2
E01004637,Not in employment or aged 15 years and under,675,359,316
E01004637,On foot,58,54,4
E01004637,Other method of travel to work,6,7,-1
E01004637,Passenger in a car or van,9,12,-3
E01004637,Taxi,2,4,-2
E01004637,Train,22,72,-50
E01004637,"Underground, metro, light rail, tram",113,257,-144
E01004637,Work mainly at or from home,323,34,289
E01004638,Bicycle,25,65,-40
E01004638,"Bus, minibus or coach",28,48,-20
E01004638,Driving a car or van,58,146,-88
E01004638,"Motorcycle, scooter or moped",9,27,-18
E01004638,Not in employment or aged 15 years and under,725,336,389
E01004638,On foot,35,38,-3
E01004638,Other method of travel to work,7,8,-1
E01004638,Passenger in a car or van,2,3,-1
E01004638,Taxi,3,2,1
E01004638,Train,18,179,-161
E01004638,"Underground, metro, light rail, tram",23,89,-66
E01004638,Work mainly at or from home,447,105,342
E01004639,Bicycle,63,80,-17
E01004639,"Bus, minibus or coach",61,124,-63
E01004639,Driving a car or van,97,200,-103
E01004639,"Motorcycle, scooter or moped",23,23,0
E01004639,Not in employment or aged 15 years and under,738,347,391
E01004639,On foot,59,68,-9
E01004639,Other method of travel to work,14,9,5
E01004639,Passenger in a car or van,1,12,-11
E01004639,Taxi,3,3,0
E01004639,Train,37,276,-239
E01004639,"Underground, metro, light rail, tram",72,182,-110
E01004639,Work mainly at or from home,529,60,469
E01004640,Bicycle,63,90,-27
E01004640,"Bus, minibus or coach",40,66,-26
E01004640,Driving a car or van,70,175,-105
E01004640,"Motorcycle, scooter or moped",11,36,-25
E01004640,Not in employment or aged 15 years and under,653,317,336
E01004640,On foot,42,67,-25
E01004640,Other method of travel to work,6,5,1
E01004640,Passenger in a car or van,2,5,-3
E01004640,Taxi,5,2,3
E01004640,Train,46,358,-312
E01004640,"Underground, metro, light rail, tram",60,202,-142
E01004640,Work mainly at or from home,695,92,603
E01004641,Bicycle,49,64,-15
E01004641,"Bus, minibus or coach",85,155,-70
E01004641,Driving a car or van,133,210,-77
E01004641,"Motorcycle, scooter or moped",6,18,-12
E01004641,Not in employment or aged 15 years and under,918,441,477
E01004641,On foot,63,63,0
E01004641,Other method of travel to work,12,9,3
E01004641,Passenger in a car or van,7,5,2
E01004641,Taxi,3,4,-1
E01004641,Train,52,257,-205
E01004641,"Underground, metro, light rail, tram",47,146,-99
E01004641,Work mainly at or from home,506,71,435
E01004642,Bicycle,86,64,22
E01004642,"Bus, minibus or coach",144,190,-46
E01004642,Driving a car or van,171,208,-37
E01004642,"Motorcycle, scooter or moped",11,18,-7
E01004642,Not in employment or aged 15 years and under,988,525,463
E01004642,On foot,55,71,-16
E01004642,Other method of travel to work,21,7,14
E01004642,Passenger in a car or van,13,12,1
E01004642,Taxi,6,2,4
E01004642,Train,57,167,-110
E01004642,"Underground, metro, light rail, tram",54,102,-48
E01004642,Work mainly at or from home,506,32,474
E01004643,Bicycle,42,48,-6
E01004643,"Bus, minibus or coach",128,209,-81
E01004643,Driving a car or van,146,152,-6
E01004643,"Motorcycle, scooter or moped",12,15,-3
E01004643,Not in employment or aged 15 years and under,1224,487,737
E01004643,On foot,82,100,-18
E01004643,Other method of travel to work,11,7,4
E01004643,Passenger in a car or van,5,6,-1
E01004643,Taxi,3,1,2
E01004643,Train,50,238,-188
E01004643,"Underground, metro, light rail, tram",82,179,-97
E01004643,Work mainly at or from home,559,57,502
E01004644,Bicycle,71,80,-9
E01004644,"Bus, minibus or coach",115,167,-52
E01004644,Driving a car or van,201,228,-27
E01004644,"Motorcycle, scooter or moped",29,18,11
E01004644,Not in employment or aged 15 years and under,1196,517,679
E01004644,On foot,84,58,26
E01004644,Other method of travel to work,8,6,2
E01004644,Passenger in a car or van,18,15,3
E01004644,Taxi,2,0,2
E01004644,Train,54,188,-134
E01004644,"Underground, metro, light rail, tram",77,125,-48
E01004644,Work mainly at or from home,652,47,605
E01004645,Bicycle,54,51,3
E01004645,"Bus, minibus or coach",178,240,-62
E01004645,Driving a car or van,158,174,-16
E01004645,"Motorcycle, scooter or moped",11,12,-1
E01004645,Not in employment or aged 15 years and under,1200,523,677
E01004645,On foot,93,72,21
E01004645,Other method of travel to work,12,7,5
E01004645,Passenger in a car or van,4,14,-10
E01004645,Taxi,2,5,-3
E01004645,Train,51,148,-97
E01004645,"Underground, metro, light rail, tram",76,147,-71
E01004645,Work mainly at or from home,274,30,244
E01004646,Bicycle,14,13,1
E01004646,"Bus, minibus or coach",54,97,-43
E01004646,Driving a car or van,57,129,-72
E01004646,"Motorcycle, scooter or moped",1,5,-4
E01004646,Not in employment or aged 15 years and under,1063,452,611
E01004646,On foot,51,40,11
E01004646,Other method of travel to work,10,10,0
E01004646,Passenger in a car or van,4,9,-5
E01004646,Taxi,5,16,-11
E01004646,Train,3,23,-20
E01004646,"Underground, metro, light rail, tram",68,231,-163
E01004646,Work mainly at or from home,390,91,299
E01004647,Bicycle,21,25,-4
E01004647,"Bus, minibus or coach",19,75,-56
E01004647,Driving a car or van,51,112,-61
E01004647,"Motorcycle, scooter or moped",1,11,-10
E01004647,Not in employment or aged 15 years and under,765,415,350
E01004647,On foot,55,64,-9
E01004647,Other method of travel to work,9,10,-1
E01004647,Passenger in a car or van,6,10,-4
E01004647,Taxi,11,17,-6
E01004647,Train,10,23,-13
E01004647,"Underground, metro, light rail, tram",49,233,-184
E01004647,Work mainly at or from home,390,86,304
E01004648,Bicycle,41,51,-10
E01004648,"Bus, minibus or coach",53,177,-124
E01004648,Driving a car or van,91,146,-55
E01004648,"Motorcycle, scooter or moped",9,17,-8
E01004648,Not in employment or aged 15 years and under,1081,612,469
E01004648,On foot,105,103,2
E01004648,Other method of travel to work,10,14,-4
E01004648,Passenger in a car or van,4,17,-13
E01004648,Taxi,13,28,-15
E01004648,Train,17,41,-24
E01004648,"Underground, metro, light rail, tram",117,513,-396
E01004648,Work mainly at or from home,790,121,669
E01004649,Bicycle,10,19,-9
E01004649,"Bus, minibus or coach",24,63,-39
E01004649,Driving a car or van,45,107,-62
E01004649,"Motorcycle, scooter or moped",1,2,-1
E01004649,Not in employment or aged 15 years and under,768,460,308
E01004649,On foot,51,134,-83
E01004649,Other method of travel to work,6,12,-6
E01004649,Passenger in a car or van,2,6,-4
E01004649,Taxi,14,9,5
E01004649,Train,6,26,-20
E01004649,"Underground, metro, light rail, tram",82,316,-234
E01004649,Work mainly at or from home,401,94,307
E01004650,Bicycle,28,35,-7
E01004650,"Bus, minibus or coach",31,120,-89
E01004650,Driving a car or van,53,153,-100
E01004650,"Motorcycle, scooter or moped",3,5,-2
E01004650,Not in employment or aged 15 years and under,839,473,366
E01004650,On foot,58,77,-19
E01004650,Other method of travel to work,10,24,-14
E01004650,Passenger in a car or van,8,8,0
E01004650,Taxi,14,23,-9
E01004650,Train,13,36,-23
E01004650,"Underground, metro, light rail, tram",82,453,-371
E01004650,Work mainly at or from home,678,129,549
E01004651,Bicycle,26,25,1
E01004651,"Bus, minibus or coach",31,133,-102
E01004651,Driving a car or van,48,89,-41
E01004651,"Motorcycle, scooter or moped",2,2,0
E01004651,Not in employment or aged 15 years and under,749,547,202
E01004651,On foot,59,82,-23
E01004651,Other method of travel to work,11,17,-6
E01004651,Passenger in a car or van,3,7,-4
E01004651,Taxi,10,10,0
E01004651,Train,11,22,-11
E01004651,"Underground, metro, light rail, tram",119,595,-476
E01004651,Work mainly at or from home,710,81,629
E01004652,Bicycle,46,60,-14
E01004652,"Bus, minibus or coach",56,199,-143
E01004652,Driving a car or van,34,84,-50
E01004652,"Motorcycle, scooter or moped",5,22,-17
E01004652,Not in employment or aged 15 years and under,720,544,176
E01004652,On foot,73,101,-28
E01004652,Other method of travel to work,8,5,3
E01004652,Passenger in a car or van,13,3,10
E01004652,Taxi,6,10,-4
E01004652,Train,13,48,-35
E01004652,"Underground, metro, light rail, tram",89,456,-367
E01004652,Work mainly at or from home,552,53,499
E01004653,Bicycle,50,67,-17
E01004653,"Bus, minibus or coach",33,170,-137
E01004653,Driving a car or van,64,109,-45
E01004653,"Motorcycle, scooter or moped",5,21,-16
E01004653,Not in employment or aged 15 years and under,860,402,458
E01004653,On foot,101,108,-7
E01004653,Other method of travel to work,33,10,23
E01004653,Passenger in a car or van,11,6,5
E01004653,Taxi,22,30,-8
E01004653,Train,27,31,-4
E01004653,"Underground, metro, light rail, tram",79,400,-321
E01004653,Work mainly at or from home,675,107,568
E01004654,Bicycle,47,80,-33
E01004654,"Bus, minibus or coach",91,199,-108
E01004654,Driving a car or van,42,142,-100
E01004654,"Motorcycle, scooter or moped",5,26,-21
E01004654,Not in employment or aged 15 years and under,917,484,433
E01004654,On foot,161,136,25
E01004654,Other method of travel to work,15,13,2
E01004654,Passenger in a car or van,4,12,-8
E01004654,Taxi,11,26,-15
E01004654,Train,18,76,-58
E01004654,"Underground, metro, light rail, tram",134,611,-477
E01004654,Work mainly at or from home,992,133,859
E01004656,Bicycle,33,66,-33
E01004656,"Bus, minibus or coach",55,213,-158
E01004656,Driving a car or van,66,92,-26
E01004656,"Motorcycle, scooter or moped",11,27,-16
E01004656,Not in employment or aged 15 years and under,917,597,320
E01004656,On foot,90,153,-63
E01004656,Other method of travel to work,13,14,-1
E01004656,Passenger in a car or van,2,4,-2
E01004656,Taxi,17,9,8
E01004656,Train,18,68,-50
E01004656,"Underground, metro, light rail, tram",115,443,-328
E01004656,Work mainly at or from home,636,87,549
E01004657,Bicycle,32,36,-4
E01004657,"Bus, minibus or coach",38,97,-59
E01004657,Driving a car or van,23,80,-57
E01004657,"Motorcycle, scooter or moped",2,6,-4
E01004657,Not in employment or aged 15 years and under,430,356,74
E01004657,On foot,112,229,-117
E01004657,Other method of travel to work,5,14,-9
E01004657,Passenger in a car or van,8,6,2
E01004657,Taxi,8,23,-15
E01004657,Train,3,31,-28
E01004657,"Underground, metro, light rail, tram",53,258,-205
E01004657,Work mainly at or from home,494,119,375
E01004658,Bicycle,17,23,-6
E01004658,"Bus, minibus or coach",57,100,-43
E01004658,Driving a car or van,32,67,-35
E01004658,"Motorcycle, scooter or moped",3,6,-3
E01004658,Not in employment or aged 15 years and under,721,616,105
E01004658,On foot,96,175,-79
E01004658,Other method of travel to work,10,13,-3
E01004658,Passenger in a car or van,2,8,-6
E01004658,Taxi,5,9,-4
E01004658,Train,12,27,-15
E01004658,"Underground, metro, light rail, tram",59,224,-165
E01004658,Work mainly at or from home,505,60,445
E01004659,Bicycle,25,57,-32
E01004659,"Bus, minibus or coach",30,115,-85
E01004659,Driving a car or van,32,69,-37
E01004659,"Motorcycle, scooter or moped",3,9,-6
E01004659,Not in employment or aged 15 years and under,756,505,251
E01004659,On foot,101,230,-129
E01004659,Other method of travel to work,7,3,4
E01004659,Passenger in a car or van,2,10,-8
E01004659,Taxi,3,11,-8
E01004659,Train,11,49,-38
E01004659,"Underground, metro, light rail, tram",65,408,-343
E01004659,Work mainly at or from home,603,94,509
E01004660,Bicycle,18,33,-15
E01004660,"Bus, minibus or coach",18,94,-76
E01004660,Driving a car or van,29,65,-36
E01004660,"Motorcycle, scooter or moped",1,2,-1
E01004660,Not in employment or aged 15 years and under,701,511,190
E01004660,On foot,59,198,-139
E01004660,Other method of travel to work,5,16,-11
E01004660,Passenger in a car or van,1,8,-7
E01004660,Taxi,8,9,-1
E01004660,Train,14,39,-25
E01004660,"Underground, metro, light rail, tram",75,383,-308
E01004660,Work mainly at or from home,504,90,414
E01004661,Bicycle,36,53,-17
E01004661,"Bus, minibus or coach",56,137,-81
E01004661,Driving a car or van,39,70,-31
E01004661,"Motorcycle, scooter or moped",3,9,-6
E01004661,Not in employment or aged 15 years and under,899,614,285
E01004661,On foot,165,252,-87
E01004661,Other method of travel to work,19,18,1
E01004661,Passenger in a car or van,3,2,1
E01004661,Taxi,14,12,2
E01004661,Train,22,30,-8
E01004661,"Underground, metro, light rail, tram",115,315,-200
E01004661,Work mainly at or from home,629,64,565
E01004662,Bicycle,20,62,-42
E01004662,"Bus, minibus or coach",34,124,-90
E01004662,Driving a car or van,18,81,-63
E01004662,"Motorcycle, scooter or moped",2,9,-7
E01004662,Not in employment or aged 15 years and under,575,534,41
E01004662,On foot,113,269,-156
E01004662,Other method of travel to work,5,9,-4
E01004662,Passenger in a car or van,5,4,1
E01004662,Taxi,6,11,-5
E01004662,Train,11,48,-37
E01004662,"Underground, metro, light rail, tram",71,413,-342
E01004662,Work mainly at or from home,452,81,371
E01004663,Bicycle,19,50,-31
E01004663,"Bus, minibus or coach",20,104,-84
E01004663,Driving a car or van,37,70,-33
E01004663,"Motorcycle, scooter or moped",4,14,-10
E01004663,Not in employment or aged 15 years and under,724,478,246
E01004663,On foot,85,171,-86
E01004663,Other method of travel to work,7,9,-2
E01004663,Passenger in a car or van,10,9,1
E01004663,Taxi,13,16,-3
E01004663,Train,14,51,-37
E01004663,"Underground, metro, light rail, tram",48,236,-188
E01004663,Work mainly at or from home,441,113,328
E01004665,Bicycle,28,32,-4
E01004665,"Bus, minibus or coach",59,128,-69
E01004665,Driving a car or van,75,52,23
E01004665,"Motorcycle, scooter or moped",4,1,3
E01004665,Not in employment or aged 15 years and under,903,510,393
E01004665,On foot,87,116,-29
E01004665,Other method of travel to work,6,3,3
E01004665,Passenger in a car or van,4,4,0
E01004665,Taxi,3,0,3
E01004665,Train,24,18,6
E01004665,"Underground, metro, light rail, tram",60,111,-51
E01004665,Work mainly at or from home,196,23,173
E01004668,Bicycle,27,55,-28
E01004668,"Bus, minibus or coach",70,125,-55
E01004668,Driving a car or van,73,89,-16
E01004668,"Motorcycle, scooter or moped",4,12,-8
E01004668,Not in employment or aged 15 years and under,729,352,377
E01004668,On foot,90,133,-43
E01004668,Other method of travel to work,9,7,2
E01004668,Passenger in a car or van,4,7,-3
E01004668,Taxi,2,12,-10
E01004668,Train,17,30,-13
E01004668,"Underground, metro, light rail, tram",87,164,-77
E01004668,Work mainly at or from home,316,37,279
E01004669,Bicycle,40,34,6
E01004669,"Bus, minibus or coach",62,137,-75
E01004669,Driving a car or van,40,51,-11
E01004669,"Motorcycle, scooter or moped",5,7,-2
E01004669,Not in employment or aged 15 years and under,952,518,434
E01004669,On foot,126,147,-21
E01004669,Other method of travel to work,12,9,3
E01004669,Passenger in a car or van,1,7,-6
E01004669,Taxi,6,5,1
E01004669,Train,16,39,-23
E01004669,"Underground, metro, light rail, tram",86,211,-125
E01004669,Work mainly at or from home,379,44,335
E01004670,Bicycle,30,20,10
E01004670,"Bus, minibus or coach",149,206,-57
E01004670,Driving a car or van,109,98,11
E01004670,"Motorcycle, scooter or moped",4,3,1
E01004670,Not in employment or aged 15 years and under,1932,1142,790
E01004670,On foot,141,144,-3
E01004670,Other method of travel to work,18,6,12
E01004670,Passenger in a car or van,5,3,2
E01004670,Taxi,2,2,0
E01004670,Train,27,29,-2
E01004670,"Underground, metro, light rail, tram",86,103,-17
E01004670,Work mainly at or from home,208,23,185
E01004674,Bicycle,36,56,-20
E01004674,"Bus, minibus or coach",141,232,-91
E01004674,Driving a car or van,100,100,0
E01004674,"Motorcycle, scooter or moped",11,8,3
E01004674,Not in employment or aged 15 years and under,1024,729,295
E01004674,On foot,84,102,-18
E01004674,Other method of travel to work,12,4,8
E01004674,Passenger in a car or van,5,7,-2
E01004674,Taxi,15,3,12
E01004674,Train,16,41,-25
E01004674,"Underground, metro, light rail, tram",72,202,-130
E01004674,Work mainly at or from home,388,35,353
E01004675,Bicycle,37,63,-26
E01004675,"Bus, minibus or coach",182,265,-83
E01004675,Driving a car or van,91,137,-46
E01004675,"Motorcycle, scooter or moped",12,9,3
E01004675,Not in employment or aged 15 years and under,1284,745,539
E01004675,On foot,116,113,3
E01004675,Other method of travel to work,12,8,4
E01004675,Passenger in a car or van,11,12,-1
E01004675,Taxi,4,4,0
E01004675,Train,21,51,-30
E01004675,"Underground, metro, light rail, tram",112,310,-198
E01004675,Work mainly at or from home,472,43,429
E01004676,Bicycle,47,72,-25
E01004676,"Bus, minibus or coach",82,222,-140
E01004676,Driving a car or van,67,98,-31
E01004676,"Motorcycle, scooter or moped",11,12,-1
E01004676,Not in employment or aged 15 years and under,634,429,205
E01004676,On foot,83,104,-21
E01004676,Other method of travel to work,11,11,0
E01004676,Passenger in a car or van,2,8,-6
E01004676,Taxi,3,6,-3
E01004676,Train,20,41,-21
E01004676,"Underground, metro, light rail, tram",66,279,-213
E01004676,Work mainly at or from home,469,67,402
E01004677,Bicycle,37,67,-30
E01004677,"Bus, minibus or coach",112,219,-107
E01004677,Driving a car or van,85,108,-23
E01004677,"Motorcycle, scooter or moped",8,25,-17
E01004677,Not in employment or aged 15 years and under,749,512,237
E01004677,On foot,68,85,-17
E01004677,Other method of travel to work,19,3,16
E01004677,Passenger in a car or van,5,6,-1
E01004677,Taxi,7,3,4
E01004677,Train,17,52,-35
E01004677,"Underground, metro, light rail, tram",101,368,-267
E01004677,Work mainly at or from home,508,64,444
E01004678,Bicycle,42,72,-30
E01004678,"Bus, minibus or coach",107,213,-106
E01004678,Driving a car or van,136,125,11
E01004678,"Motorcycle, scooter or moped",4,11,-7
E01004678,Not in employment or aged 15 years and under,1021,584,437
E01004678,On foot,84,98,-14
E01004678,Other method of travel to work,13,8,5
E01004678,Passenger in a car or van,3,3,0
E01004678,Taxi,4,2,2
E01004678,Train,19,53,-34
E01004678,"Underground, metro, light rail, tram",100,322,-222
E01004678,Work mainly at or from home,432,51,381
E01004679,Bicycle,45,42,3
E01004679,"Bus, minibus or coach",131,234,-103
E01004679,Driving a car or van,90,129,-39
E01004679,"Motorcycle, scooter or moped",10,17,-7
E01004679,Not in employment or aged 15 years and under,1029,648,381
E01004679,On foot,90,115,-25
E01004679,Other method of travel to work,23,12,11
E01004679,Passenger in a car or van,4,6,-2
E01004679,Taxi,11,3,8
E01004679,Train,31,59,-28
E01004679,"Underground, metro, light rail, tram",96,274,-178
E01004679,Work mainly at or from home,412,66,346
E01004680,Bicycle,20,42,-22
E01004680,"Bus, minibus or coach",31,67,-36
E01004680,Driving a car or van,26,71,-45
E01004680,"Motorcycle, scooter or moped",4,7,-3
E01004680,Not in employment or aged 15 years and under,605,425,180
E01004680,On foot,82,194,-112
E01004680,Other method of travel to work,5,11,-6
E01004680,Passenger in a car or van,4,8,-4
E01004680,Taxi,6,15,-9
E01004680,Train,8,31,-23
E01004680,"Underground, metro, light rail, tram",33,207,-174
E01004680,Work mainly at or from home,420,108,312
E01004681,Bicycle,40,77,-37
E01004681,"Bus, minibus or coach",65,158,-93
E01004681,Driving a car or van,78,84,-6
E01004681,"Motorcycle, scooter or moped",6,19,-13
E01004681,Not in employment or aged 15 years and under,723,519,204
E01004681,On foot,94,205,-111
E01004681,Other method of travel to work,13,15,-2
E01004681,Passenger in a car or van,4,6,-2
E01004681,Taxi,4,13,-9
E01004681,Train,24,93,-69
E01004681,"Underground, metro, light rail, tram",112,572,-460
E01004681,Work mainly at or from home,678,101,577
E01004682,Bicycle,22,47,-25
E01004682,"Bus, minibus or coach",34,98,-64
E01004682,Driving a car or van,25,56,-31
E01004682,"Motorcycle, scooter or moped",2,11,-9
E01004682,Not in employment or aged 15 years and under,616,519,97
E01004682,On foot,69,141,-72
E01004682,Other method of travel to work,9,14,-5
E01004682,Passenger in a car or van,0,6,-6
E01004682,Taxi,5,6,-1
E01004682,Train,9,79,-70
E01004682,"Underground, metro, light rail, tram",67,350,-283
E01004682,Work mainly at or from home,419,59,360
E01004683,Bicycle,28,37,-9
E01004683,"Bus, minibus or coach",32,72,-40
E01004683,Driving a car or van,35,112,-77
E01004683,"Motorcycle, scooter or moped",4,14,-10
E01004683,Not in employment or aged 15 years and under,641,394,247
E01004683,On foot,116,144,-28
E01004683,Other method of travel to work,19,17,2
E01004683,Passenger in a car or van,4,18,-14
E01004683,Taxi,10,24,-14
E01004683,Train,8,38,-30
E01004683,"Underground, metro, light rail, tram",43,347,-304
E01004683,Work mainly at or from home,555,124,431
E01004684,Bicycle,13,19,-6
E01004684,"Bus, minibus or coach",23,62,-39
E01004684,Driving a car or van,32,72,-40
E01004684,"Motorcycle, scooter or moped",3,7,-4
E01004684,Not in employment or aged 15 years and under,886,733,153
E01004684,On foot,53,98,-45
E01004684,Other method of travel to work,8,19,-11
E01004684,Passenger in a car or van,3,9,-6
E01004684,Taxi,9,11,-2
E01004684,Train,14,23,-9
E01004684,"Underground, metro, light rail, tram",47,135,-88
E01004684,Work mainly at or from home,250,86,164
E01004686,Bicycle,21,30,-9
E01004686,"Bus, minibus or coach",44,131,-87
E01004686,Driving a car or van,31,51,-20
E01004686,"Motorcycle, scooter or moped",2,1,1
E01004686,Not in employment or aged 15 years and under,760,584,176
E01004686,On foot,96,172,-76
E01004686,Other method of travel to work,4,9,-5
E01004686,Passenger in a car or van,2,11,-9
E01004686,Taxi,6,7,-1
E01004686,Train,15,23,-8
E01004686,"Underground, metro, light rail, tram",50,162,-112
E01004686,Work mainly at or from home,369,56,313
E01004687,Bicycle,22,21,1
E01004687,"Bus, minibus or coach",24,63,-39
E01004687,Driving a car or van,42,119,-77
E01004687,"Motorcycle, scooter or moped",5,10,-5
E01004687,Not in employment or aged 15 years and under,670,422,248
E01004687,On foot,53,161,-108
E01004687,Other method of travel to work,6,26,-20
E01004687,Passenger in a car or van,5,21,-16
E01004687,Taxi,12,75,-63
E01004687,Train,5,32,-27
E01004687,"Underground, metro, light rail, tram",42,192,-150
E01004687,Work mainly at or from home,429,174,255
E01004690,Bicycle,4,30,-26
E01004690,"Bus, minibus or coach",14,49,-35
E01004690,Driving a car or van,20,81,-61
E01004690,"Motorcycle, scooter or moped",4,11,-7
E01004690,Not in employment or aged 15 years and under,551,373,178
E01004690,On foot,81,145,-64
E01004690,Other method of travel to work,50,20,30
E01004690,Passenger in a car or van,6,28,-22
E01004690,Taxi,10,50,-40
E01004690,Train,1,8,-7
E01004690,"Underground, metro, light rail, tram",29,153,-124
E01004690,Work mainly at or from home,295,141,154
E01004691,Bicycle,23,21,2
E01004691,"Bus, minibus or coach",10,59,-49
E01004691,Driving a car or van,38,76,-38
E01004691,"Motorcycle, scooter or moped",2,8,-6
E01004691,Not in employment or aged 15 years and under,514,467,47
E01004691,On foot,58,191,-133
E01004691,Other method of travel to work,8,25,-17
E01004691,Passenger in a car or van,6,16,-10
E01004691,Taxi,4,56,-52
E01004691,Train,13,21,-8
E01004691,"Underground, metro, light rail, tram",47,164,-117
E01004691,Work mainly at or from home,433,152,281
E01004692,Bicycle,12,12,0
E01004692,"Bus, minibus or coach",13,74,-61
E01004692,Driving a car or van,36,72,-36
E01004692,"Motorcycle, scooter or moped",3,7,-4
E01004692,Not in employment or aged 15 years and under,582,598,-16
E01004692,On foot,63,145,-82
E01004692,Other method of travel to work,18,25,-7
E01004692,Passenger in a car or van,1,17,-16
E01004692,Taxi,8,29,-21
E01004692,Train,6,16,-10
E01004692,"Underground, metro, light rail, tram",29,152,-123
E01004692,Work mainly at or from home,254,119,135
E01004693,Bicycle,17,63,-46
E01004693,"Bus, minibus or coach",15,91,-76
E01004693,Driving a car or van,24,70,-46
E01004693,"Motorcycle, scooter or moped",2,16,-14
E01004693,Not in employment or aged 15 years and under,604,353,251
E01004693,On foot,45,70,-25
E01004693,Other method of travel to work,10,11,-1
E01004693,Passenger in a car or van,3,9,-6
E01004693,Taxi,11,12,-1
E01004693,Train,5,30,-25
E01004693,"Underground, metro, light rail, tram",61,343,-282
E01004693,Work mainly at or from home,412,72,340
E01004694,Bicycle,34,67,-33
E01004694,"Bus, minibus or coach",34,117,-83
E01004694,Driving a car or van,24,68,-44
E01004694,"Motorcycle, scooter or moped",3,18,-15
E01004694,Not in employment or aged 15 years and under,611,447,164
E01004694,On foot,81,194,-113
E01004694,Other method of travel to work,8,26,-18
E01004694,Passenger in a car or van,5,2,3
E01004694,Taxi,2,17,-15
E01004694,Train,15,45,-30
E01004694,"Underground, metro, light rail, tram",58,477,-419
E01004694,Work mainly at or from home,595,87,508
E01004695,Bicycle,20,34,-14
E01004695,"Bus, minibus or coach",15,99,-84
E01004695,Driving a car or van,20,51,-31
E01004695,"Motorcycle, scooter or moped",2,10,-8
E01004695,Not in employment or aged 15 years and under,510,355,155
E01004695,On foot,56,88,-32
E01004695,Other method of travel to work,6,13,-7
E01004695,Passenger in a car or van,3,8,-5
E01004695,Taxi,2,2,0
E01004695,Train,8,33,-25
E01004695,"Underground, metro, light rail, tram",65,368,-303
E01004695,Work mainly at or from home,364,71,293
E01004696,Bicycle,22,25,-3
E01004696,"Bus, minibus or coach",73,123,-50
E01004696,Driving a car or van,53,51,2
E01004696,"Motorcycle, scooter or moped",0,6,-6
E01004696,Not in employment or aged 15 years and under,793,554,239
E01004696,On foot,91,104,-13
E01004696,Other method of travel to work,9,6,3
E01004696,Passenger in a car or van,6,4,2
E01004696,Taxi,5,6,-1
E01004696,Train,18,45,-27
E01004696,"Underground, metro, light rail, tram",77,197,-120
E01004696,Work mainly at or from home,291,50,241
E01004697,Bicycle,41,50,-9
E01004697,"Bus, minibus or coach",59,107,-48
E01004697,Driving a car or van,28,55,-27
E01004697,"Motorcycle, scooter or moped",3,14,-11
E01004697,Not in employment or aged 15 years and under,529,368,161
E01004697,On foot,86,130,-44
E01004697,Other method of travel to work,14,15,-1
E01004697,Passenger in a car or van,1,2,-1
E01004697,Taxi,9,12,-3
E01004697,Train,25,54,-29
E01004697,"Underground, metro, light rail, tram",86,411,-325
E01004697,Work mainly at or from home,462,62,400
E01004698,Bicycle,26,65,-39
E01004698,"Bus, minibus or coach",42,139,-97
E01004698,Driving a car or van,35,66,-31
E01004698,"Motorcycle, scooter or moped",0,8,-8
E01004698,Not in employment or aged 15 years and under,566,377,189
E01004698,On foot,108,143,-35
E01004698,Other method of travel to work,9,10,-1
E01004698,Passenger in a car or van,6,7,-1
E01004698,Taxi,4,6,-2
E01004698,Train,9,45,-36
E01004698,"Underground, metro, light rail, tram",101,413,-312
E01004698,Work mainly at or from home,436,83,353
E01004699,Bicycle,42,79,-37
E01004699,"Bus, minibus or coach",41,161,-120
E01004699,Driving a car or van,37,102,-65
E01004699,"Motorcycle, scooter or moped",2,21,-19
E01004699,Not in employment or aged 15 years and under,680,618,62
E01004699,On foot,97,183,-86
E01004699,Other method of travel to work,15,18,-3
E01004699,Passenger in a car or van,5,13,-8
E01004699,Taxi,10,10,0
E01004699,Train,25,41,-16
E01004699,"Underground, metro, light rail, tram",107,633,-526
E01004699,Work mainly at or from home,695,118,577
E01004700,Bicycle,28,78,-50
E01004700,"Bus, minibus or coach",34,123,-89
E01004700,Driving a car or van,36,85,-49
E01004700,"Motorcycle, scooter or moped",2,19,-17
E01004700,Not in employment or aged 15 years and under,632,388,244
E01004700,On foot,67,164,-97
E01004700,Other method of travel to work,10,20,-10
E01004700,Passenger in a car or van,5,5,0
E01004700,Taxi,20,22,-2
E01004700,Train,12,60,-48
E01004700,"Underground, metro, light rail, tram",101,453,-352
E01004700,Work mainly at or from home,532,72,460
E01004701,Bicycle,24,40,-16
E01004701,"Bus, minibus or coach",25,118,-93
E01004701,Driving a car or van,36,93,-57
E01004701,"Motorcycle, scooter or moped",0,9,-9
E01004701,Not in employment or aged 15 years and under,668,368,300
E01004701,On foot,77,76,1
E01004701,Other method of travel to work,8,16,-8
E01004701,Passenger in a car or van,5,6,-1
E01004701,Taxi,13,16,-3
E01004701,Train,8,39,-31
E01004701,"Underground, metro, light rail, tram",77,438,-361
E01004701,Work mainly at or from home,594,77,517
E01004702,Bicycle,21,27,-6
E01004702,"Bus, minibus or coach",154,212,-58
E01004702,Driving a car or van,99,87,12
E01004702,"Motorcycle, scooter or moped",4,4,0
E01004702,Not in employment or aged 15 years and under,1745,968,777
E01004702,On foot,193,205,-12
E01004702,Other method of travel to work,13,11,2
E01004702,Passenger in a car or van,14,3,11
E01004702,Taxi,6,7,-1
E01004702,Train,44,54,-10
E01004702,"Underground, metro, light rail, tram",108,222,-114
E01004702,Work mainly at or from home,410,48,362
E01004703,Bicycle,29,40,-11
E01004703,"Bus, minibus or coach",23,117,-94
E01004703,Driving a car or van,66,157,-91
E01004703,"Motorcycle, scooter or moped",6,16,-10
E01004703,Not in employment or aged 15 years and under,1007,562,445
E01004703,On foot,71,142,-71
E01004703,Other method of travel to work,14,24,-10
E01004703,Passenger in a car or van,6,8,-2
E01004703,Taxi,12,18,-6
E01004703,Train,12,60,-48
E01004703,"Underground, metro, light rail, tram",72,472,-400
E01004703,Work mainly at or from home,676,134,542
E01004705,Bicycle,25,41,-16
E01004705,"Bus, minibus or coach",22,98,-76
E01004705,Driving a car or van,48,91,-43
E01004705,"Motorcycle, scooter or moped",3,14,-11
E01004705,Not in employment or aged 15 years and under,515,275,240
E01004705,On foot,40,91,-51
E01004705,Other method of travel to work,8,12,-4
E01004705,Passenger in a car or van,8,10,-2
E01004705,Taxi,10,20,-10
E01004705,Train,6,38,-32
E01004705,"Underground, metro, light rail, tram",71,376,-305
E01004705,Work mainly at or from home,484,99,385
E01004706,Bicycle,49,50,-1
E01004706,"Bus, minibus or coach",15,105,-90
E01004706,Driving a car or van,53,105,-52
E01004706,"Motorcycle, scooter or moped",1,8,-7
E01004706,Not in employment or aged 15 years and under,531,240,291
E01004706,On foot,55,88,-33
E01004706,Other method of travel to work,8,6,2
E01004706,Passenger in a car or van,3,5,-2
E01004706,Taxi,7,8,-1
E01004706,Train,8,50,-42
E01004706,"Underground, metro, light rail, tram",96,578,-482
E01004706,Work mainly at or from home,636,75,561
E01004707,Bicycle,47,85,-38
E01004707,"Bus, minibus or coach",26,91,-65
E01004707,Driving a car or van,53,134,-81
E01004707,"Motorcycle, scooter or moped",3,19,-16
E01004707,Not in employment or aged 15 years and under,666,400,266
E01004707,On foot,73,120,-47
E01004707,Other method of travel to work,8,8,0
E01004707,Passenger in a car or van,0,6,-6
E01004707,Taxi,15,12,3
E01004707,Train,7,76,-69
E01004707,"Underground, metro, light rail, tram",126,658,-532
E01004707,Work mainly at or from home,811,95,716
E01004708,Bicycle,34,50,-16
E01004708,"Bus, minibus or coach",85,179,-94
E01004708,Driving a car or van,46,103,-57
E01004708,"Motorcycle, scooter or moped",5,11,-6
E01004708,Not in employment or aged 15 years and under,659,397,262
E01004708,On foot,85,105,-20
E01004708,Other method of travel to work,16,11,5
E01004708,Passenger in a car or van,4,9,-5
E01004708,Taxi,10,5,5
E01004708,Train,11,50,-39
E01004708,"Underground, metro, light rail, tram",104,373,-269
E01004708,Work mainly at or from home,482,48,434
E01004709,Bicycle,29,38,-9
E01004709,"Bus, minibus or coach",61,108,-47
E01004709,Driving a car or van,63,86,-23
E01004709,"Motorcycle, scooter or moped",4,9,-5
E01004709,Not in employment or aged 15 years and under,906,414,492
E01004709,On foot,79,83,-4
E01004709,Other method of travel to work,11,4,7
E01004709,Passenger in a car or van,3,2,1
E01004709,Taxi,4,3,1
E01004709,Train,18,43,-25
E01004709,"Underground, metro, light rail, tram",85,303,-218
E01004709,Work mainly at or from home,424,53,371
E01004710,Bicycle,14,20,-6
E01004710,"Bus, minibus or coach",118,141,-23
E01004710,Driving a car or van,79,68,11
E01004710,"Motorcycle, scooter or moped",7,9,-2
E01004710,Not in employment or aged 15 years and under,1101,560,541
E01004710,On foot,72,61,11
E01004710,Other method of travel to work,18,5,13
E01004710,Passenger in a car or van,0,6,-6
E01004710,Taxi,4,6,-2
E01004710,Train,16,27,-11
E01004710,"Underground, metro, light rail, tram",113,198,-85
E01004710,Work mainly at or from home,403,32,371
E01004711,Bicycle,45,43,2
E01004711,"Bus, minibus or coach",87,129,-42
E01004711,Driving a car or van,91,98,-7
E01004711,"Motorcycle, scooter or moped",2,9,-7
E01004711,Not in employment or aged 15 years and under,1131,533,598
E01004711,On foot,97,75,22
E01004711,Other method of travel to work,7,4,3
E01004711,Passenger in a car or van,3,4,-1
E01004711,Taxi,13,6,7
E01004711,Train,39,31,8
E01004711,"Underground, metro, light rail, tram",130,319,-189
E01004711,Work mainly at or from home,361,39,322
E01004712,Bicycle,16,42,-26
E01004712,"Bus, minibus or coach",21,66,-45
E01004712,Driving a car or van,22,65,-43
E01004712,"Motorcycle, scooter or moped",0,13,-13
E01004712,Not in employment or aged 15 years and under,671,514,157
E01004712,On foot,89,263,-174
E01004712,Other method of travel to work,8,11,-3
E01004712,Passenger in a car or van,2,0,2
E01004712,Taxi,15,15,0
E01004712,Train,4,29,-25
E01004712,"Underground, metro, light rail, tram",61,384,-323
E01004712,Work mainly at or from home,541,66,475
E01004713,Bicycle,10,51,-41
E01004713,"Bus, minibus or coach",5,62,-57
E01004713,Driving a car or van,27,82,-55
E01004713,"Motorcycle, scooter or moped",2,15,-13
E01004713,Not in employment or aged 15 years and under,557,346,211
E01004713,On foot,118,421,-303
E01004713,Other method of travel to work,11,16,-5
E01004713,Passenger in a car or van,2,7,-5
E01004713,Taxi,17,27,-10
E01004713,Train,5,49,-44
E01004713,"Underground, metro, light rail, tram",58,346,-288
E01004713,Work mainly at or from home,504,132,372
E01004714,Bicycle,22,54,-32
E01004714,"Bus, minibus or coach",26,88,-62
E01004714,Driving a car or van,63,109,-46
E01004714,"Motorcycle, scooter or moped",3,17,-14
E01004714,Not in employment or aged 15 years and under,694,524,170
E01004714,On foot,126,416,-290
E01004714,Other method of travel to work,21,17,4
E01004714,Passenger in a car or van,4,9,-5
E01004714,Taxi,11,19,-8
E01004714,Train,9,50,-41
E01004714,"Underground, metro, light rail, tram",68,434,-366
E01004714,Work mainly at or from home,622,127,495
E01004715,Bicycle,30,29,1
E01004715,"Bus, minibus or coach",29,65,-36
E01004715,Driving a car or van,71,43,28
E01004715,"Motorcycle, scooter or moped",2,3,-1
E01004715,Not in employment or aged 15 years and under,985,395,590
E01004715,On foot,137,204,-67
E01004715,Other method of travel to work,6,10,-4
E01004715,Passenger in a car or van,2,3,-1
E01004715,Taxi,8,4,4
E01004715,Train,14,23,-9
E01004715,"Underground, metro, light rail, tram",83,155,-72
E01004715,Work mainly at or from home,436,59,377
E01004716,Bicycle,15,50,-35
E01004716,"Bus, minibus or coach",12,63,-51
E01004716,Driving a car or van,26,85,-59
E01004716,"Motorcycle, scooter or moped",1,11,-10
E01004716,Not in employment or aged 15 years and under,451,649,-198
E01004716,On foot,101,325,-224
E01004716,Other method of travel to work,9,27,-18
E01004716,Passenger in a car or van,1,10,-9
E01004716,Taxi,7,16,-9
E01004716,Train,2,36,-34
E01004716,"Underground, metro, light rail, tram",44,302,-258
E01004716,Work mainly at or from home,367,148,219
E01004717,Bicycle,19,45,-26
E01004717,"Bus, minibus or coach",24,44,-20
E01004717,Driving a car or van,31,70,-39
E01004717,"Motorcycle, scooter or moped",10,9,1
E01004717,Not in employment or aged 15 years and under,467,335,132
E01004717,On foot,116,296,-180
E01004717,Other method of travel to work,6,11,-5
E01004717,Passenger in a car or van,0,4,-4
E01004717,Taxi,6,23,-17
E01004717,Train,12,40,-28
E01004717,"Underground, metro, light rail, tram",64,347,-283
E01004717,Work mainly at or from home,505,102,403
E01004718,Bicycle,53,57,-4
E01004718,"Bus, minibus or coach",122,247,-125
E01004718,Driving a car or van,97,114,-17
E01004718,"Motorcycle, scooter or moped",4,9,-5
E01004718,Not in employment or aged 15 years and under,937,594,343
E01004718,On foot,95,99,-4
E01004718,Other method of travel to work,19,4,15
E01004718,Passenger in a car or van,5,6,-1
E01004718,Taxi,3,5,-2
E01004718,Train,20,52,-32
E01004718,"Underground, metro, light rail, tram",98,273,-175
E01004718,Work mainly at or from home,402,45,357
E01004719,Bicycle,36,65,-29
E01004719,"Bus, minibus or coach",119,216,-97
E01004719,Driving a car or van,100,121,-21
E01004719,"Motorcycle, scooter or moped",5,10,-5
E01004719,Not in employment or aged 15 years and under,957,556,401
E01004719,On foot,73,100,-27
E01004719,Other method of travel to work,7,2,5
E01004719,Passenger in a car or van,15,8,7
E01004719,Taxi,4,6,-2
E01004719,Train,19,41,-22
E01004719,"Underground, metro, light rail, tram",121,217,-96
E01004719,Work mainly at or from home,368,49,319
E01004720,Bicycle,41,37,4
E01004720,"Bus, minibus or coach",134,219,-85
E01004720,Driving a car or van,149,141,8
E01004720,"Motorcycle, scooter or moped",16,14,2
E01004720,Not in employment or aged 15 years and under,1294,627,667
E01004720,On foot,138,86,52
E01004720,Other method of travel to work,10,10,0
E01004720,Passenger in a car or van,8,5,3
E01004720,Taxi,5,5,0
E01004720,Train,30,42,-12
E01004720,"Underground, metro, light rail, tram",98,192,-94
E01004720,Work mainly at or from home,347,49,298
E01004721,Bicycle,34,46,-12
E01004721,"Bus, minibus or coach",143,264,-121
E01004721,Driving a car or van,101,128,-27
E01004721,"Motorcycle, scooter or moped",9,4,5
E01004721,Not in employment or aged 15 years and under,1149,696,453
E01004721,On foot,59,101,-42
E01004721,Other method of travel to work,21,7,14
E01004721,Passenger in a car or van,3,7,-4
E01004721,Taxi,3,4,-1
E01004721,Train,22,32,-10
E01004721,"Underground, metro, light rail, tram",73,178,-105
E01004721,Work mainly at or from home,262,30,232
E01004722,Bicycle,56,43,13
E01004722,"Bus, minibus or coach",182,257,-75
E01004722,Driving a car or van,149,126,23
E01004722,"Motorcycle, scooter or moped",12,3,9
E01004722,Not in employment or aged 15 years and under,1656,957,699
E01004722,On foot,126,92,34
E01004722,Other method of travel to work,14,5,9
E01004722,Passenger in a car or van,9,8,1
E01004722,Taxi,10,1,9
E01004722,Train,52,58,-6
E01004722,"Underground, metro, light rail, tram",117,192,-75
E01004722,Work mainly at or from home,308,27,281
E01004723,Bicycle,32,69,-37
E01004723,"Bus, minibus or coach",107,240,-133
E01004723,Driving a car or van,105,112,-7
E01004723,"Motorcycle, scooter or moped",4,9,-5
E01004723,Not in employment or aged 15 years and under,1175,706,469
E01004723,On foot,86,98,-12
E01004723,Other method of travel to work,19,2,17
E01004723,Passenger in a car or van,2,3,-1
E01004723,Taxi,5,5,0
E01004723,Train,34,51,-17
E01004723,"Underground, metro, light rail, tram",161,402,-241
E01004723,Work mainly at or from home,502,60,442
E01004724,Bicycle,35,42,-7
E01004724,"Bus, minibus or coach",30,100,-70
E01004724,Driving a car or van,60,94,-34
E01004724,"Motorcycle, scooter or moped",5,7,-2
E01004724,Not in employment or aged 15 years and under,919,475,444
E01004724,On foot,143,155,-12
E01004724,Other method of travel to work,13,14,-1
E01004724,Passenger in a car or van,3,4,-1
E01004724,Taxi,12,18,-6
E01004724,Train,11,22,-11
E01004724,"Underground, metro, light rail, tram",68,347,-279
E01004724,Work mainly at or from home,599,87,512
E01004725,Bicycle,9,9,0
E01004725,"Bus, minibus or coach",38,96,-58
E01004725,Driving a car or van,47,95,-48
E01004725,"Motorcycle, scooter or moped",6,4,2
E01004725,Not in employment or aged 15 years and under,785,638,147
E01004725,On foot,52,81,-29
E01004725,Other method of travel to work,4,8,-4
E01004725,Passenger in a car or van,6,4,2
E01004725,Taxi,10,5,5
E01004725,Train,11,28,-17
E01004725,"Underground, metro, light rail, tram",55,157,-102
E01004725,Work mainly at or from home,278,45,233
E01004726,Bicycle,19,26,-7
E01004726,"Bus, minibus or coach",50,104,-54
E01004726,Driving a car or van,51,134,-83
E01004726,"Motorcycle, scooter or moped",3,4,-1
E01004726,Not in employment or aged 15 years and under,874,493,381
E01004726,On foot,54,85,-31
E01004726,Other method of travel to work,10,19,-9
E01004726,Passenger in a car or van,6,12,-6
E01004726,Taxi,9,20,-11
E01004726,Train,6,34,-28
E01004726,"Underground, metro, light rail, tram",65,342,-277
E01004726,Work mainly at or from home,538,97,441
E01004727,Bicycle,9,25,-16
E01004727,"Bus, minibus or coach",13,95,-82
E01004727,Driving a car or van,29,87,-58
E01004727,"Motorcycle, scooter or moped",3,11,-8
E01004727,Not in employment or aged 15 years and under,731,674,57
E01004727,On foot,94,146,-52
E01004727,Other method of travel to work,15,9,6
E01004727,Passenger in a car or van,3,21,-18
E01004727,Taxi,5,22,-17
E01004727,Train,9,41,-32
E01004727,"Underground, metro, light rail, tram",78,446,-368
E01004727,Work mainly at or from home,556,107,449
E01004728,Bicycle,15,28,-13
E01004728,"Bus, minibus or coach",44,137,-93
E01004728,Driving a car or van,61,86,-25
E01004728,"Motorcycle, scooter or moped",3,6,-3
E01004728,Not in employment or aged 15 years and under,746,492,254
E01004728,On foot,75,106,-31
E01004728,Other method of travel to work,6,10,-4
E01004728,Passenger in a car or van,3,8,-5
E01004728,Taxi,6,6,0
E01004728,Train,12,35,-23
E01004728,"Underground, metro, light rail, tram",56,224,-168
E01004728,Work mainly at or from home,426,56,370
E01004729,Bicycle,26,30,-4
E01004729,"Bus, minibus or coach",53,129,-76
E01004729,Driving a car or van,41,73,-32
E01004729,"Motorcycle, scooter or moped",4,5,-1
E01004729,Not in employment or aged 15 years and under,884,575,309
E01004729,On foot,68,89,-21
E01004729,Other method of travel to work,11,6,5
E01004729,Passenger in a car or van,4,3,1
E01004729,Taxi,3,10,-7
E01004729,Train,18,25,-7
E01004729,"Underground, metro, light rail, tram",45,206,-161
E01004729,Work mainly at or from home,333,47,286
E01004730,Bicycle,15,31,-16
E01004730,"Bus, minibus or coach",18,86,-68
E01004730,Driving a car or van,49,108,-59
E01004730,"Motorcycle, scooter or moped",4,6,-2
E01004730,Not in employment or aged 15 years and under,761,454,307
E01004730,On foot,63,84,-21
E01004730,Other method of travel to work,10,19,-9
E01004730,Passenger in a car or van,1,17,-16
E01004730,Taxi,10,24,-14
E01004730,Train,7,29,-22
E01004730,"Underground, metro, light rail, tram",53,270,-217
E01004730,Work mainly at or from home,470,99,371
E01004731,Bicycle,22,41,-19
E01004731,"Bus, minibus or coach",30,101,-71
E01004731,Driving a car or van,37,43,-6
E01004731,"Motorcycle, scooter or moped",6,13,-7
E01004731,Not in employment or aged 15 years and under,765,385,380
E01004731,On foot,235,378,-143
E01004731,Other method of travel to work,15,22,-7
E01004731,Passenger in a car or van,4,1,3
E01004731,Taxi,11,19,-8
E01004731,Train,21,57,-36
E01004731,"Underground, metro, light rail, tram",98,407,-309
E01004731,Work mainly at or from home,761,108,653
E01004732,Bicycle,23,17,6
E01004732,"Bus, minibus or coach",54,118,-64
E01004732,Driving a car or van,31,40,-9
E01004732,"Motorcycle, scooter or moped",5,8,-3
E01004732,Not in employment or aged 15 years and under,795,585,210
E01004732,On foot,94,165,-71
E01004732,Other method of travel to work,9,4,5
E01004732,Passenger in a car or van,2,3,-1
E01004732,Taxi,4,2,2
E01004732,Train,14,35,-21
E01004732,"Underground, metro, light rail, tram",68,158,-90
E01004732,Work mainly at or from home,208,18,190
E01004733,Bicycle,38,41,-3
E01004733,"Bus, minibus or coach",36,93,-57
E01004733,Driving a car or van,48,69,-21
E01004733,"Motorcycle, scooter or moped",7,23,-16
E01004733,Not in employment or aged 15 years and under,969,547,422
E01004733,On foot,151,363,-212
E01004733,Other method of travel to work,13,14,-1
E01004733,Passenger in a car or van,2,15,-13
E01004733,Taxi,13,13,0
E01004733,Train,32,54,-22
E01004733,"Underground, metro, light rail, tram",80,332,-252
E01004733,Work mainly at or from home,718,100,618
E01004734,Bicycle,27,41,-14
E01004734,"Bus, minibus or coach",41,101,-60
E01004734,Driving a car or van,36,38,-2
E01004734,"Motorcycle, scooter or moped",5,4,1
E01004734,Not in employment or aged 15 years and under,800,626,174
E01004734,On foot,175,520,-345
E01004734,Other method of travel to work,6,21,-15
E01004734,Passenger in a car or van,1,2,-1
E01004734,Taxi,8,11,-3
E01004734,Train,27,50,-23
E01004734,"Underground, metro, light rail, tram",92,218,-126
E01004734,Work mainly at or from home,471,103,368
E01004735,Bicycle,42,51,-9
E01004735,"Bus, minibus or coach",52,104,-52
E01004735,Driving a car or van,23,53,-30
E01004735,"Motorcycle, scooter or moped",3,6,-3
E01004735,Not in employment or aged 15 years and under,1055,665,390
E01004735,On foot,150,388,-238
E01004735,Other method of travel to work,14,15,-1
E01004735,Passenger in a car or van,3,8,-5
E01004735,Taxi,9,24,-15
E01004735,Train,19,46,-27
E01004735,"Underground, metro, light rail, tram",84,188,-104
E01004735,Work mainly at or from home,584,92,492
E01004736,Bicycle,32,29,3
E01004736,"Bus, minibus or coach",16,52,-36
E01004736,Driving a car or van,41,82,-41
E01004736,"Motorcycle, scooter or moped",3,5,-2
E01004736,Not in employment or aged 15 years and under,590,434,156
E01004736,On foot,139,408,-269
E01004736,Other method of travel to work,21,69,-48
E01004736,Passenger in a car or van,19,17,2
E01004736,Taxi,11,15,-4
E01004736,Train,33,89,-56
E01004736,"Underground, metro, light rail, tram",61,195,-134
E01004736,Work mainly at or from home,501,194,307
E01004737,Bicycle,19,23,-4
E01004737,"Bus, minibus or coach",48,101,-53
E01004737,Driving a car or van,59,65,-6
E01004737,"Motorcycle, scooter or moped",2,15,-13
E01004737,Not in employment or aged 15 years and under,627,346,281
E01004737,On foot,82,129,-47
E01004737,Other method of travel to work,8,7,1
E01004737,Passenger in a car or van,5,6,-1
E01004737,Taxi,5,14,-9
E01004737,Train,18,29,-11
E01004737,"Underground, metro, light rail, tram",58,205,-147
E01004737,Work mainly at or from home,281,40,241
E01004740,Bicycle,11,45,-34
E01004740,"Bus, minibus or coach",64,117,-53
E01004740,Driving a car or van,34,59,-25
E01004740,"Motorcycle, scooter or moped",6,3,3
E01004740,Not in employment or aged 15 years and under,745,465,280
E01004740,On foot,85,154,-69
E01004740,Other method of travel to work,21,7,14
E01004740,Passenger in a car or van,3,6,-3
E01004740,Taxi,4,5,-1
E01004740,Train,14,35,-21
E01004740,"Underground, metro, light rail, tram",68,222,-154
E01004740,Work mainly at or from home,251,22,229
E01004741,Bicycle,22,40,-18
E01004741,"Bus, minibus or coach",26,104,-78
E01004741,Driving a car or van,55,55,0
E01004741,"Motorcycle, scooter or moped",1,13,-12
E01004741,Not in employment or aged 15 years and under,574,294,280
E01004741,On foot,87,165,-78
E01004741,Other method of travel to work,5,8,-3
E01004741,Passenger in a car or van,6,1,5
E01004741,Taxi,6,11,-5
E01004741,Train,12,54,-42
E01004741,"Underground, metro, light rail, tram",87,249,-162
E01004741,Work mainly at or from home,406,24,382
E01004742,Bicycle,23,80,-57
E01004742,"Bus, minibus or coach",35,91,-56
E01004742,Driving a car or van,71,50,21
E01004742,"Motorcycle, scooter or moped",4,18,-14
E01004742,Not in employment or aged 15 years and under,417,272,145
E01004742,On foot,81,229,-148
E01004742,Other method of travel to work,2,9,-7
E01004742,Passenger in a car or van,10,1,9
E01004742,Taxi,4,15,-11
E01004742,Train,12,51,-39
E01004742,"Underground, metro, light rail, tram",68,350,-282
E01004742,Work mainly at or from home,533,67,466
E01004743,Bicycle,19,27,-8
E01004743,"Bus, minibus or coach",67,132,-65
E01004743,Driving a car or van,49,74,-25
E01004743,"Motorcycle, scooter or moped",8,5,3
E01004743,Not in employment or aged 15 years and under,754,389,365
E01004743,On foot,119,181,-62
E01004743,Other method of travel to work,10,8,2
E01004743,Passenger in a car or van,4,9,-5
E01004743,Taxi,0,10,-10
E01004743,Train,20,31,-11
E01004743,"Underground, metro, light rail, tram",73,200,-127
E01004743,Work mainly at or from home,385,40,345
E01004744,Bicycle,25,26,-1
E01004744,"Bus, minibus or coach",47,93,-46
E01004744,Driving a car or van,37,62,-25
E01004744,"Motorcycle, scooter or moped",4,8,-4
E01004744,Not in employment or aged 15 years and under,805,354,451
E01004744,On foot,127,209,-82
E01004744,Other method of travel to work,12,3,9
E01004744,Passenger in a car or van,2,6,-4
E01004744,Taxi,7,4,3
E01004744,Train,15,57,-42
E01004744,"Underground, metro, light rail, tram",51,176,-125
E01004744,Work mainly at or from home,326,51,275
E01004746,Bicycle,28,30,-2
E01004746,"Bus, minibus or coach",63,123,-60
E01004746,Driving a car or van,38,69,-31
E01004746,"Motorcycle, scooter or moped",5,6,-1
E01004746,Not in employment or aged 15 years and under,676,416,260
E01004746,On foot,92,177,-85
E01004746,Other method of travel to work,1,3,-2
E01004746,Passenger in a car or van,2,4,-2
E01004746,Taxi,7,7,0
E01004746,Train,17,34,-17
E01004746,"Underground, metro, light rail, tram",68,184,-116
E01004746,Work mainly at or from home,245,23,222
E01004747,Bicycle,41,64,-23
E01004747,"Bus, minibus or coach",94,153,-59
E01004747,Driving a car or van,49,82,-33
E01004747,"Motorcycle, scooter or moped",17,13,4
E01004747,Not in employment or aged 15 years and under,1031,582,449
E01004747,On foot,152,358,-206
E01004747,Other method of travel to work,13,10,3
E01004747,Passenger in a car or van,15,5,10
E01004747,Taxi,8,13,-5
E01004747,Train,23,70,-47
E01004747,"Underground, metro, light rail, tram",110,407,-297
E01004747,Work mainly at or from home,632,62,570
E01004748,Bicycle,17,23,-6
E01004748,"Bus, minibus or coach",20,77,-57
E01004748,Driving a car or van,15,56,-41
E01004748,"Motorcycle, scooter or moped",2,4,-2
E01004748,Not in employment or aged 15 years and under,659,436,223
E01004748,On foot,66,190,-124
E01004748,Other method of travel to work,6,9,-3
E01004748,Passenger in a car or van,1,3,-2
E01004748,Taxi,5,16,-11
E01004748,Train,8,51,-43
E01004748,"Underground, metro, light rail, tram",51,216,-165
E01004748,Work mainly at or from home,367,102,265
E01004749,Bicycle,41,87,-46
E01004749,"Bus, minibus or coach",52,186,-134
E01004749,Driving a car or van,62,103,-41
E01004749,"Motorcycle, scooter or moped",7,33,-26
E01004749,Not in employment or aged 15 years and under,929,613,316
E01004749,On foot,155,339,-184
E01004749,Other method of travel to work,12,9,3
E01004749,Passenger in a car or van,1,6,-5
E01004749,Taxi,3,22,-19
E01004749,Train,29,86,-57
E01004749,"Underground, metro, light rail, tram",101,447,-346
E01004749,Work mainly at or from home,786,112,674
E01004750,Bicycle,19,29,-10
E01004750,"Bus, minibus or coach",39,154,-115
E01004750,Driving a car or van,62,89,-27
E01004750,"Motorcycle, scooter or moped",2,11,-9
E01004750,Not in employment or aged 15 years and under,864,517,347
E01004750,On foot,124,211,-87
E01004750,Other method of travel to work,7,7,0
E01004750,Passenger in a car or van,2,8,-6
E01004750,Taxi,6,11,-5
E01004750,Train,21,49,-28
E01004750,"Underground, metro, light rail, tram",80,271,-191
E01004750,Work mainly at or from home,358,68,290
E01004751,Bicycle,40,67,-27
E01004751,"Bus, minibus or coach",14,132,-118
E01004751,Driving a car or van,33,95,-62
E01004751,"Motorcycle, scooter or moped",2,22,-20
E01004751,Not in employment or aged 15 years and under,801,327,474
E01004751,On foot,99,262,-163
E01004751,Other method of travel to work,9,16,-7
E01004751,Passenger in a car or van,7,6,1
E01004751,Taxi,7,23,-16
E01004751,Train,13,58,-45
E01004751,"Underground, metro, light rail, tram",73,376,-303
E01004751,Work mainly at or from home,616,91,525
E01004752,Bicycle,26,68,-42
E01004752,"Bus, minibus or coach",42,138,-96
E01004752,Driving a car or van,56,50,6
E01004752,"Motorcycle, scooter or moped",3,15,-12
E01004752,Not in employment or aged 15 years and under,582,454,128
E01004752,On foot,68,233,-165
E01004752,Other method of travel to work,13,9,4
E01004752,Passenger in a car or van,8,3,5
E01004752,Taxi,9,8,1
E01004752,Train,28,57,-29
E01004752,"Underground, metro, light rail, tram",120,306,-186
E01004752,Work mainly at or from home,413,45,368
E01004753,Bicycle,50,77,-27
E01004753,"Bus, minibus or coach",55,169,-114
E01004753,Driving a car or van,62,80,-18
E01004753,"Motorcycle, scooter or moped",11,21,-10
E01004753,Not in employment or aged 15 years and under,719,425,294
E01004753,On foot,126,270,-144
E01004753,Other method of travel to work,17,9,8
E01004753,Passenger in a car or van,4,7,-3
E01004753,Taxi,13,8,5
E01004753,Train,12,67,-55
E01004753,"Underground, metro, light rail, tram",78,389,-311
E01004753,Work mainly at or from home,603,83,520
E01004754,Bicycle,30,20,10
E01004754,"Bus, minibus or coach",103,121,-18
E01004754,Driving a car or van,75,51,24
E01004754,"Motorcycle, scooter or moped",5,5,0
E01004754,Not in employment or aged 15 years and under,1218,547,671
E01004754,On foot,99,109,-10
E01004754,Other method of travel to work,4,8,-4
E01004754,Passenger in a car or van,0,3,-3
E01004754,Taxi,5,1,4
E01004754,Train,25,28,-3
E01004754,"Underground, metro, light rail, tram",66,151,-85
E01004754,Work mainly at or from home,248,23,225
E01004755,Bicycle,49,36,13
E01004755,"Bus, minibus or coach",215,259,-44
E01004755,Driving a car or van,98,102,-4
E01004755,"Motorcycle, scooter or moped",9,8,1
E01004755,Not in employment or aged 15 years and under,1288,557,731
E01004755,On foot,139,123,16
E01004755,Other method of travel to work,9,5,4
E01004755,Passenger in a car or van,10,7,3
E01004755,Taxi,9,2,7
E01004755,Train,33,42,-9
E01004755,"Underground, metro, light rail, tram",113,212,-99
E01004755,Work mainly at or from home,475,34,441
E01004756,Bicycle,50,52,-2
E01004756,"Bus, minibus or coach",84,229,-145
E01004756,Driving a car or van,74,126,-52
E01004756,"Motorcycle, scooter or moped",12,21,-9
E01004756,Not in employment or aged 15 years and under,659,616,43
E01004756,On foot,71,144,-73
E01004756,Other method of travel to work,12,14,-2
E01004756,Passenger in a car or van,2,6,-4
E01004756,Taxi,4,9,-5
E01004756,Train,16,49,-33
E01004756,"Underground, metro, light rail, tram",67,469,-402
E01004756,Work mainly at or from home,465,96,369
E01004757,Bicycle,24,39,-15
E01004757,"Bus, minibus or coach",66,116,-50
E01004757,Driving a car or van,77,60,17
E01004757,"Motorcycle, scooter or moped",8,12,-4
E01004757,Not in employment or aged 15 years and under,1002,583,419
E01004757,On foot,94,108,-14
E01004757,Other method of travel to work,11,6,5
E01004757,Passenger in a car or van,4,2,2
E01004757,Taxi,4,7,-3
E01004757,Train,18,33,-15
E01004757,"Underground, metro, light rail, tram",85,159,-74
E01004757,Work mainly at or from home,260,15,245
E01004760,Bicycle,59,56,3
E01004760,"Bus, minibus or coach",77,154,-77
E01004760,Driving a car or van,59,80,-21
E01004760,"Motorcycle, scooter or moped",3,12,-9
E01004760,Not in employment or aged 15 years and under,845,440,405
E01004760,On foot,105,104,1
E01004760,Other method of travel to work,14,4,10
E01004760,Passenger in a car or van,1,2,-1
E01004760,Taxi,5,9,-4
E01004760,Train,14,29,-15
E01004760,"Underground, metro, light rail, tram",85,302,-217
E01004760,Work mainly at or from home,420,78,342
E01004761,Bicycle,19,27,-8
E01004761,"Bus, minibus or coach",16,60,-44
E01004761,Driving a car or van,36,114,-78
E01004761,"Motorcycle, scooter or moped",4,12,-8
E01004761,Not in employment or aged 15 years and under,579,492,87
E01004761,On foot,99,377,-278
E01004761,Other method of travel to work,18,43,-25
E01004761,Passenger in a car or van,10,15,-5
E01004761,Taxi,9,30,-21
E01004761,Train,7,43,-36
E01004761,"Underground, metro, light rail, tram",54,291,-237
E01004761,Work mainly at or from home,359,174,185
E01004762,Bicycle,28,30,-2
E01004762,"Bus, minibus or coach",27,84,-57
E01004762,Driving a car or van,51,96,-45
E01004762,"Motorcycle, scooter or moped",2,8,-6
E01004762,Not in employment or aged 15 years and under,793,641,152
E01004762,On foot,122,344,-222
E01004762,Other method of travel to work,16,42,-26
E01004762,Passenger in a car or van,7,18,-11
E01004762,Taxi,4,32,-28
E01004762,Train,3,19,-16
E01004762,"Underground, metro, light rail, tram",36,227,-191
E01004762,Work mainly at or from home,455,188,267
E01004763,Bicycle,21,60,-39
E01004763,"Bus, minibus or coach",31,131,-100
E01004763,Driving a car or van,30,43,-13
E01004763,"Motorcycle, scooter or moped",0,6,-6
E01004763,Not in employment or aged 15 years and under,842,540,302
E01004763,On foot,252,673,-421
E01004763,Other method of travel to work,10,17,-7
E01004763,Passenger in a car or van,5,2,3
E01004763,Taxi,13,7,6
E01004763,Train,28,43,-15
E01004763,"Underground, metro, light rail, tram",82,350,-268
E01004763,Work mainly at or from home,697,151,546
E01004765,Bicycle,22,49,-27
E01004765,"Bus, minibus or coach",38,136,-98
E01004765,Driving a car or van,51,80,-29
E01004765,"Motorcycle, scooter or moped",2,4,-2
E01004765,Not in employment or aged 15 years and under,895,583,312
E01004765,On foot,173,384,-211
E01004765,Other method of travel to work,19,17,2
E01004765,Passenger in a car or van,6,4,2
E01004765,Taxi,20,13,7
E01004765,Train,10,32,-22
E01004765,"Underground, metro, light rail, tram",87,306,-219
E01004765,Work mainly at or from home,544,154,390
E01032512,Bicycle,40,43,-3
E01032512,"Bus, minibus or coach",155,253,-98
E01032512,Driving a car or van,104,110,-6
E01032512,"Motorcycle, scooter or moped",4,8,-4
E01032512,Not in employment or aged 15 years and under,1510,889,621
E01032512,On foot,125,145,-20
E01032512,Other method of travel to work,19,8,11
E01032512,Passenger in a car or van,1,8,-7
E01032512,Taxi,8,4,4
E01032512,Train,37,40,-3
E01032512,"Underground, metro, light rail, tram",100,204,-104
E01032512,Work mainly at or from home,284,34,250
E01032513,Bicycle,22,24,-2
E01032513,"Bus, minibus or coach",72,120,-48
E01032513,Driving a car or van,59,46,13
E01032513,"Motorcycle, scooter or moped",8,6,2
E01032513,Not in employment or aged 15 years and under,738,452,286
E01032513,On foot,65,77,-12
E01032513,Other method of travel to work,10,2,8
E01032513,Passenger in a car or van,3,5,-2
E01032513,Taxi,3,1,2
E01032513,Train,20,23,-3
E01032513,"Underground, metro, light rail, tram",64,144,-80
E01032513,Work mainly at or from home,168,27,141
E01032562,Bicycle,11,11,0
E01032562,"Bus, minibus or coach",105,105,0
E01032562,Driving a car or van,245,265,-20
E01032562,"Motorcycle, scooter or moped",6,6,0
E01032562,Not in employment or aged 15 years and under,907,402,505
E01032562,On foot,50,50,0
E01032562,Other method of travel to work,15,9,6
E01032562,Passenger in a car or van,23,14,9
E01032562,Taxi,4,1,3
E01032562,Train,69,115,-46
E01032562,"Underground, metro, light rail, tram",20,29,-9
E01032562,Work mainly at or from home,167,14,153
E01032563,Bicycle,9,5,4
E01032563,"Bus, minibus or coach",22,50,-28
E01032563,Driving a car or van,199,285,-86
E01032563,"Motorcycle, scooter or moped",1,11,-10
E01032563,Not in employment or aged 15 years and under,807,343,464
E01032563,On foot,24,29,-5
E01032563,Other method of travel to work,12,4,8
E01032563,Passenger in a car or van,17,14,3
E01032563,Taxi,2,3,-1
E01032563,Train,36,166,-130
E01032563,"Underground, metro, light rail, tram",8,29,-21
E01032563,Work mainly at or from home,315,63,252
E01032564,Bicycle,11,9,2
E01032564,"Bus, minibus or coach",111,114,-3
E01032564,Driving a car or van,181,195,-14
E01032564,"Motorcycle, scooter or moped",3,10,-7
E01032564,Not in employment or aged 15 years and under,710,347,363
E01032564,On foot,37,40,-3
E01032564,Other method of travel to work,7,4,3
E01032564,Passenger in a car or van,18,12,6
E01032564,Taxi,1,3,-2
E01032564,Train,56,103,-47
E01032564,"Underground, metro, light rail, tram",18,21,-3
E01032564,Work mainly at or from home,159,8,151
E01032565,Bicycle,15,7,8
E01032565,"Bus, minibus or coach",115,114,1
E01032565,Driving a car or van,218,203,15
E01032565,"Motorcycle, scooter or moped",3,8,-5
E01032565,Not in employment or aged 15 years and under,780,388,392
E01032565,On foot,40,38,2
E01032565,Other method of travel to work,3,1,2
E01032565,Passenger in a car or van,9,15,-6
E01032565,Taxi,6,1,5
E01032565,Train,62,115,-53
E01032565,"Underground, metro, light rail, tram",17,31,-14
E01032565,Work mainly at or from home,183,5,178
E01032566,Bicycle,8,10,-2
E01032566,"Bus, minibus or coach",83,95,-12
E01032566,Driving a car or van,294,308,-14
E01032566,"Motorcycle, scooter or moped",11,12,-1
E01032566,Not in employment or aged 15 years and under,994,462,532
E01032566,On foot,28,42,-14
E01032566,Other method of travel to work,6,4,2
E01032566,Passenger in a car or van,30,27,3
E01032566,Taxi,6,9,-3
E01032566,Train,112,204,-92
E01032566,"Underground, metro, light rail, tram",51,30,21
E01032566,Work mainly at or from home,264,9,255
E01032567,Bicycle,6,8,-2
E01032567,"Bus, minibus or coach",113,111,2
E01032567,Driving a car or van,266,349,-83
E01032567,"Motorcycle, scooter or moped",2,8,-6
E01032567,Not in employment or aged 15 years and under,786,477,309
E01032567,On foot,17,32,-15
E01032567,Other method of travel to work,15,0,15
E01032567,Passenger in a car or van,18,22,-4
E01032567,Taxi,2,2,0
E01032567,Train,48,117,-69
E01032567,"Underground, metro, light rail, tram",57,64,-7
E01032567,Work mainly at or from home,255,32,223
E01032568,Bicycle,6,15,-9
E01032568,"Bus, minibus or coach",62,73,-11
E01032568,Driving a car or van,230,278,-48
E01032568,"Motorcycle, scooter or moped",3,10,-7
E01032568,Not in employment or aged 15 years and under,784,342,442
E01032568,On foot,41,43,-2
E01032568,Other method of travel to work,10,7,3
E01032568,Passenger in a car or van,22,14,8
E01032568,Taxi,1,6,-5
E01032568,Train,69,198,-129
E01032568,"Underground, metro, light rail, tram",26,43,-17
E01032568,Work mainly at or from home,271,30,241
E01032569,Bicycle,8,8,0
E01032569,"Bus, minibus or coach",100,102,-2
E01032569,Driving a car or van,268,261,7
E01032569,"Motorcycle, scooter or moped",5,11,-6
E01032569,Not in employment or aged 15 years and under,1013,514,499
E01032569,On foot,49,47,2
E01032569,Other method of travel to work,8,8,0
E01032569,Passenger in a car or van,31,11,20
E01032569,Taxi,6,1,5
E01032569,Train,73,103,-30
E01032569,"Underground, metro, light rail, tram",54,101,-47
E01032569,Work mainly at or from home,180,13,167
E01032570,Bicycle,5,5,0
E01032570,"Bus, minibus or coach",13,31,-18
E01032570,Driving a car or van,352,436,-84
E01032570,"Motorcycle, scooter or moped",6,13,-7
E01032570,Not in employment or aged 15 years and under,997,375,622
E01032570,On foot,41,57,-16
E01032570,Other method of travel to work,10,1,9
E01032570,Passenger in a car or van,12,19,-7
E01032570,Taxi,5,4,1
E01032570,Train,33,101,-68
E01032570,"Underground, metro, light rail, tram",2,15,-13
E01032570,Work mainly at or from home,261,67,194
E01032572,Bicycle,36,46,-10
E01032572,"Bus, minibus or coach",42,102,-60
E01032572,Driving a car or van,90,203,-113
E01032572,"Motorcycle, scooter or moped",5,15,-10
E01032572,Not in employment or aged 15 years and under,663,298,365
E01032572,On foot,62,82,-20
E01032572,Other method of travel to work,11,5,6
E01032572,Passenger in a car or van,7,9,-2
E01032572,Taxi,0,2,-2
E01032572,Train,17,36,-19
E01032572,"Underground, metro, light rail, tram",108,429,-321
E01032572,Work mainly at or from home,566,73,493
E01032573,Bicycle,33,47,-14
E01032573,"Bus, minibus or coach",47,125,-78
E01032573,Driving a car or van,114,277,-163
E01032573,"Motorcycle, scooter or moped",12,8,4
E01032573,Not in employment or aged 15 years and under,760,358,402
E01032573,On foot,89,130,-41
E01032573,Other method of travel to work,8,15,-7
E01032573,Passenger in a car or van,8,10,-2
E01032573,Taxi,4,9,-5
E01032573,Train,14,58,-44
E01032573,"Underground, metro, light rail, tram",101,451,-350
E01032573,Work mainly at or from home,614,89,525
E01032574,Bicycle,14,6,8
E01032574,"Bus, minibus or coach",144,165,-21
E01032574,Driving a car or van,238,270,-32
E01032574,"Motorcycle, scooter or moped",5,2,3
E01032574,Not in employment or aged 15 years and under,1209,594,615
E01032574,On foot,123,101,22
E01032574,Other method of travel to work,9,6,3
E01032574,Passenger in a car or van,18,21,-3
E01032574,Taxi,5,2,3
E01032574,Train,58,81,-23
E01032574,"Underground, metro, light rail, tram",92,114,-22
E01032574,Work mainly at or from home,159,26,133
E01032575,Bicycle,19,17,2
E01032575,"Bus, minibus or coach",147,179,-32
E01032575,Driving a car or van,220,163,57
E01032575,"Motorcycle, scooter or moped",2,9,-7
E01032575,Not in employment or aged 15 years and under,1265,617,648
E01032575,On foot,51,50,1
E01032575,Other method of travel to work,14,2,12
E01032575,Passenger in a car or van,12,5,7
E01032575,Taxi,5,3,2
E01032575,Train,120,84,36
E01032575,"Underground, metro, light rail, tram",113,150,-37
E01032575,Work mainly at or from home,169,17,152
E01032576,Bicycle,3,3,0
E01032576,"Bus, minibus or coach",33,36,-3
E01032576,Driving a car or van,294,386,-92
E01032576,"Motorcycle, scooter or moped",5,2,3
E01032576,Not in employment or aged 15 years and under,824,400,424
E01032576,On foot,23,45,-22
E01032576,Other method of travel to work,9,4,5
E01032576,Passenger in a car or van,21,13,8
E01032576,Taxi,3,0,3
E01032576,Train,38,55,-17
E01032576,"Underground, metro, light rail, tram",121,249,-128
E01032576,Work mainly at or from home,308,29,279
E01032577,Bicycle,9,14,-5
E01032577,"Bus, minibus or coach",42,39,3
E01032577,Driving a car or van,370,484,-114
E01032577,"Motorcycle, scooter or moped",3,6,-3
E01032577,Not in employment or aged 15 years and under,895,386,509
E01032577,On foot,30,33,-3
E01032577,Other method of travel to work,8,3,5
E01032577,Passenger in a car or van,17,26,-9
E01032577,Taxi,3,4,-1
E01032577,Train,19,26,-7
E01032577,"Underground, metro, light rail, tram",76,175,-99
E01032577,Work mainly at or from home,315,29,286
E01032579,Bicycle,29,42,-13
E01032579,"Bus, minibus or coach",136,167,-31
E01032579,Driving a car or van,97,103,-6
E01032579,"Motorcycle, scooter or moped",0,4,-4
E01032579,Not in employment or aged 15 years and under,957,417,540
E01032579,On foot,86,76,10
E01032579,Other method of travel to work,19,5,14
E01032579,Passenger in a car or van,13,11,2
E01032579,Taxi,5,4,1
E01032579,Train,103,170,-67
E01032579,"Underground, metro, light rail, tram",111,131,-20
E01032579,Work mainly at or from home,598,12,586
E01032580,Bicycle,7,8,-1
E01032580,"Bus, minibus or coach",72,90,-18
E01032580,Driving a car or van,214,191,23
E01032580,"Motorcycle, scooter or moped",1,3,-2
E01032580,Not in employment or aged 15 years and under,912,436,476
E01032580,On foot,40,46,-6
E01032580,Other method of travel to work,8,6,2
E01032580,Passenger in a car or van,19,12,7
E01032580,Taxi,6,2,4
E01032580,Train,63,80,-17
E01032580,"Underground, metro, light rail, tram",68,71,-3
E01032580,Work mainly at or from home,140,16,124
E01032581,Bicycle,8,10,-2
E01032581,"Bus, minibus or coach",70,72,-2
E01032581,Driving a car or van,296,264,32
E01032581,"Motorcycle, scooter or moped",8,3,5
E01032581,Not in employment or aged 15 years and under,1041,480,561
E01032581,On foot,47,40,7
E01032581,Other method of travel to work,10,4,6
E01032581,Passenger in a car or van,17,18,-1
E01032581,Taxi,10,3,7
E01032581,Train,95,206,-111
E01032581,"Underground, metro, light rail, tram",108,110,-2
E01032581,Work mainly at or from home,219,18,201
E01032582,Bicycle,55,84,-29
E01032582,"Bus, minibus or coach",120,184,-64
E01032582,Driving a car or van,64,54,10
E01032582,"Motorcycle, scooter or moped",9,10,-1
E01032582,Not in employment or aged 15 years and under,1044,519,525
E01032582,On foot,171,299,-128
E01032582,Other method of travel to work,7,9,-2
E01032582,Passenger in a car or van,3,2,1
E01032582,Taxi,15,5,10
E01032582,Train,51,72,-21
E01032582,"Underground, metro, light rail, tram",117,293,-176
E01032582,Work mainly at or from home,628,56,572
E01032583,Bicycle,71,73,-2
E01032583,"Bus, minibus or coach",95,175,-80
E01032583,Driving a car or van,64,46,18
E01032583,"Motorcycle, scooter or moped",3,6,-3
E01032583,Not in employment or aged 15 years and under,944,504,440
E01032583,On foot,153,254,-101
E01032583,Other method of travel to work,8,7,1
E01032583,Passenger in a car or van,6,3,3
E01032583,Taxi,5,8,-3
E01032583,Train,50,57,-7
E01032583,"Underground, metro, light rail, tram",99,182,-83
E01032583,Work mainly at or from home,556,44,512
E01032584,Bicycle,31,46,-15
E01032584,"Bus, minibus or coach",95,162,-67
E01032584,Driving a car or van,39,52,-13
E01032584,"Motorcycle, scooter or moped",2,8,-6
E01032584,Not in employment or aged 15 years and under,666,364,302
E01032584,On foot,94,164,-70
E01032584,Other method of travel to work,8,8,0
E01032584,Passenger in a car or van,3,6,-3
E01032584,Taxi,2,2,0
E01032584,Train,28,56,-28
E01032584,"Underground, metro, light rail, tram",53,144,-91
E01032584,Work mainly at or from home,326,33,293
E01032623,Bicycle,6,14,-8
E01032623,"Bus, minibus or coach",13,23,-10
E01032623,Driving a car or van,258,406,-148
E01032623,"Motorcycle, scooter or moped",3,11,-8
E01032623,Not in employment or aged 15 years and under,1002,470,532
E01032623,On foot,23,35,-12
E01032623,Other method of travel to work,12,9,3
E01032623,Passenger in a car or van,10,16,-6
E01032623,Taxi,1,5,-4
E01032623,Train,36,155,-119
E01032623,"Underground, metro, light rail, tram",9,25,-16
E01032623,Work mainly at or from home,412,85,327
E01032637,Bicycle,26,43,-17
E01032637,"Bus, minibus or coach",22,91,-69
E01032637,Driving a car or van,21,45,-24
E01032637,"Motorcycle, scooter or moped",3,12,-9
E01032637,Not in employment or aged 15 years and under,270,236,34
E01032637,On foot,74,325,-251
E01032637,Other method of travel to work,0,6,-6
E01032637,Passenger in a car or van,1,3,-2
E01032637,Taxi,3,24,-21
E01032637,Train,7,59,-52
E01032637,"Underground, metro, light rail, tram",44,313,-269
E01032637,Work mainly at or from home,577,30,547
E01032638,Bicycle,33,59,-26
E01032638,"Bus, minibus or coach",21,64,-43
E01032638,Driving a car or van,15,58,-43
E01032638,"Motorcycle, scooter or moped",3,9,-6
E01032638,Not in employment or aged 15 years and under,244,145,99
E01032638,On foot,53,323,-270
E01032638,Other method of travel to work,6,9,-3
E01032638,Passenger in a car or van,0,6,-6
E01032638,Taxi,2,23,-21
E01032638,Train,10,37,-27
E01032638,"Underground, metro, light rail, tram",66,312,-246
E01032638,Work mainly at or from home,645,48,597
E01032639,Bicycle,89,81,8
E01032639,"Bus, minibus or coach",118,256,-138
E01032639,Driving a car or van,48,75,-27
E01032639,"Motorcycle, scooter or moped",5,10,-5
E01032639,Not in employment or aged 15 years and under,800,491,309
E01032639,On foot,86,126,-40
E01032639,Other method of travel to work,11,6,5
E01032639,Passenger in a car or van,2,4,-2
E01032639,Taxi,8,3,5
E01032639,Train,33,75,-42
E01032639,"Underground, metro, light rail, tram",100,277,-177
E01032639,Work mainly at or from home,615,30,585
E01032640,Bicycle,40,37,3
E01032640,"Bus, minibus or coach",14,90,-76
E01032640,Driving a car or van,20,58,-38
E01032640,"Motorcycle, scooter or moped",3,6,-3
E01032640,Not in employment or aged 15 years and under,205,151,54
E01032640,On foot,66,357,-291
E01032640,Other method of travel to work,4,9,-5
E01032640,Passenger in a car or van,0,2,-2
E01032640,Taxi,4,21,-17
E01032640,Train,19,74,-55
E01032640,"Underground, metro, light rail, tram",52,315,-263
E01032640,Work mainly at or from home,605,52,553
E01032646,Bicycle,51,100,-49
E01032646,"Bus, minibus or coach",48,133,-85
E01032646,Driving a car or van,29,54,-25
E01032646,"Motorcycle, scooter or moped",3,9,-6
E01032646,Not in employment or aged 15 years and under,463,253,210
E01032646,On foot,104,337,-233
E01032646,Other method of travel to work,3,13,-10
E01032646,Passenger in a car or van,5,6,-1
E01032646,Taxi,5,11,-6
E01032646,Train,40,83,-43
E01032646,"Underground, metro, light rail, tram",92,354,-262
E01032646,Work mainly at or from home,672,55,617
E01032719,Bicycle,41,50,-9
E01032719,"Bus, minibus or coach",131,182,-51
E01032719,Driving a car or van,48,42,6
E01032719,"Motorcycle, scooter or moped",4,12,-8
E01032719,Not in employment or aged 15 years and under,632,406,226
E01032719,On foot,53,63,-10
E01032719,Other method of travel to work,9,2,7
E01032719,Passenger in a car or van,4,3,1
E01032719,Taxi,0,3,-3
E01032719,Train,21,37,-16
E01032719,"Underground, metro, light rail, tram",101,165,-64
E01032719,Work mainly at or from home,398,16,382
E01032739,Bicycle,21,16,5
E01032739,"Bus, minibus or coach",25,37,-12
E01032739,Driving a car or van,16,12,4
E01032739,"Motorcycle, scooter or moped",1,2,-1
E01032739,Not in employment or aged 15 years and under,438,152,286
E01032739,On foot,182,453,-271
E01032739,Other method of travel to work,13,14,-1
E01032739,Passenger in a car or van,0,1,-1
E01032739,Taxi,5,9,-4
E01032739,Train,9,52,-43
E01032739,"Underground, metro, light rail, tram",88,140,-52
E01032739,Work mainly at or from home,817,83,734
E01032740,Bicycle,39,28,11
E01032740,"Bus, minibus or coach",11,30,-19
E01032740,Driving a car or van,11,21,-10
E01032740,"Motorcycle, scooter or moped",1,6,-5
E01032740,Not in employment or aged 15 years and under,464,192,272
E01032740,On foot,140,487,-347
E01032740,Other method of travel to work,7,14,-7
E01032740,Passenger in a car or van,1,3,-2
E01032740,Taxi,4,8,-4
E01032740,Train,13,59,-46
E01032740,"Underground, metro, light rail, tram",52,130,-78
E01032740,Work mainly at or from home,651,66,585
E01032741,Bicycle,9,7,2
E01032741,"Bus, minibus or coach",86,71,15
E01032741,Driving a car or van,162,170,-8
E01032741,"Motorcycle, scooter or moped",7,6,1
E01032741,Not in employment or aged 15 years and under,624,207,417
E01032741,On foot,85,98,-13
E01032741,Other method of travel to work,12,8,4
E01032741,Passenger in a car or van,19,19,0
E01032741,Taxi,6,0,6
E01032741,Train,98,230,-132
E01032741,"Underground, metro, light rail, tram",89,68,21
E01032741,Work mainly at or from home,268,9,259
E01032742,Bicycle,5,4,1
E01032742,"Bus, minibus or coach",57,50,7
E01032742,Driving a car or van,213,242,-29
E01032742,"Motorcycle, scooter or moped",4,3,1
E01032742,Not in employment or aged 15 years and under,842,288,554
E01032742,On foot,79,61,18
E01032742,Other method of travel to work,11,7,4
E01032742,Passenger in a car or van,27,19,8
E01032742,Taxi,1,1,0
E01032742,Train,81,214,-133
E01032742,"Underground, metro, light rail, tram",91,34,57
E01032742,Work mainly at or from home,361,25,336
E01032743,Bicycle,17,11,6
E01032743,"Bus, minibus or coach",155,185,-30
E01032743,Driving a car or van,411,427,-16
E01032743,"Motorcycle, scooter or moped",6,10,-4
E01032743,Not in employment or aged 15 years and under,1298,533,765
E01032743,On foot,34,28,6
E01032743,Other method of travel to work,12,6,6
E01032743,Passenger in a car or van,22,23,-1
E01032743,Taxi,11,3,8
E01032743,Train,19,44,-25
E01032743,"Underground, metro, light rail, tram",81,172,-91
E01032743,Work mainly at or from home,214,31,183
E01032744,Bicycle,12,5,7
E01032744,"Bus, minibus or coach",104,141,-37
E01032744,Driving a car or van,251,274,-23
E01032744,"Motorcycle, scooter or moped",1,3,-2
E01032744,Not in employment or aged 15 years and under,961,405,556
E01032744,On foot,34,37,-3
E01032744,Other method of travel to work,17,2,15
E01032744,Passenger in a car or van,17,17,0
E01032744,Taxi,6,0,6
E01032744,Train,22,22,0
E01032744,"Underground, metro, light rail, tram",44,91,-47
E01032744,Work mainly at or from home,145,16,129
E01032764,Bicycle,116,90,26
E01032764,"Bus, minibus or coach",56,82,-26
E01032764,Driving a car or van,80,94,-14
E01032764,"Motorcycle, scooter or moped",9,12,-3
E01032764,Not in employment or aged 15 years and under,931,282,649
E01032764,On foot,62,52,10
E01032764,Other method of travel to work,13,5,8
E01032764,Passenger in a car or van,6,2,4
E01032764,Taxi,6,3,3
E01032764,Train,34,37,-3
E01032764,"Underground, metro, light rail, tram",179,421,-242
E01032764,Work mainly at or from home,861,32,829
E01032765,Bicycle,47,41,6
E01032765,"Bus, minibus or coach",67,101,-34
E01032765,Driving a car or van,92,94,-2
E01032765,"Motorcycle, scooter or moped",2,6,-4
E01032765,Not in employment or aged 15 years and under,830,359,471
E01032765,On foot,59,44,15
E01032765,Other method of travel to work,13,1,12
E01032765,Passenger in a car or van,2,4,-2
E01032765,Taxi,6,3,3
E01032765,Train,36,39,-3
E01032765,"Underground, metro, light rail, tram",110,290,-180
E01032765,Work mainly at or from home,481,12,469
E01032767,Bicycle,26,69,-43
E01032767,"Bus, minibus or coach",30,58,-28
E01032767,Driving a car or van,29,30,-1
E01032767,"Motorcycle, scooter or moped",0,14,-14
E01032767,Not in employment or aged 15 years and under,420,289,131
E01032767,On foot,152,480,-328
E01032767,Other method of travel to work,2,17,-15
E01032767,Passenger in a car or van,0,6,-6
E01032767,Taxi,10,9,1
E01032767,Train,19,50,-31
E01032767,"Underground, metro, light rail, tram",97,450,-353
E01032767,Work mainly at or from home,782,37,745
E01032768,Bicycle,31,44,-13
E01032768,"Bus, minibus or coach",18,40,-22
E01032768,Driving a car or van,37,63,-26
E01032768,"Motorcycle, scooter or moped",4,9,-5
E01032768,Not in employment or aged 15 years and under,328,198,130
E01032768,On foot,42,155,-113
E01032768,Other method of travel to work,8,2,6
E01032768,Passenger in a car or van,6,4,2
E01032768,Taxi,1,5,-4
E01032768,Train,21,72,-51
E01032768,"Underground, metro, light rail, tram",106,553,-447
E01032768,Work mainly at or from home,726,27,699
E01032769,Bicycle,42,37,5
E01032769,"Bus, minibus or coach",29,56,-27
E01032769,Driving a car or van,63,69,-6
E01032769,"Motorcycle, scooter or moped",2,9,-7
E01032769,Not in employment or aged 15 years and under,487,250,237
E01032769,On foot,48,130,-82
E01032769,Other method of travel to work,10,5,5
E01032769,Passenger in a car or van,3,4,-1
E01032769,Taxi,3,11,-8
E01032769,Train,24,40,-16
E01032769,"Underground, metro, light rail, tram",109,388,-279
E01032769,Work mainly at or from home,520,43,477
E01032770,Bicycle,12,17,-5
E01032770,"Bus, minibus or coach",34,17,17
E01032770,Driving a car or van,62,44,18
E01032770,"Motorcycle, scooter or moped",2,1,1
E01032770,Not in employment or aged 15 years and under,664,281,383
E01032770,On foot,107,208,-101
E01032770,Other method of travel to work,17,3,14
E01032770,Passenger in a car or van,6,5,1
E01032770,Taxi,6,0,6
E01032770,Train,37,35,2
E01032770,"Underground, metro, light rail, tram",181,379,-198
E01032770,Work mainly at or from home,1001,14,987
E01032771,Bicycle,11,3,8
E01032771,"Bus, minibus or coach",20,18,2
E01032771,Driving a car or van,49,38,11
E01032771,"Motorcycle, scooter or moped",3,3,0
E01032771,Not in employment or aged 15 years and under,588,290,298
E01032771,On foot,75,189,-114
E01032771,Other method of travel to work,5,3,2
E01032771,Passenger in a car or van,1,4,-3
E01032771,Taxi,4,6,-2
E01032771,Train,36,28,8
E01032771,"Underground, metro, light rail, tram",131,305,-174
E01032771,Work mainly at or from home,622,27,595
E01032772,Bicycle,11,14,-3
E01032772,"Bus, minibus or coach",44,38,6
E01032772,Driving a car or van,107,65,42
E01032772,"Motorcycle, scooter or moped",4,4,0
E01032772,Not in employment or aged 15 years and under,1158,352,806
E01032772,On foot,99,151,-52
E01032772,Other method of travel to work,7,3,4
E01032772,Passenger in a car or van,3,3,0
E01032772,Taxi,8,1,7
E01032772,Train,48,26,22
E01032772,"Underground, metro, light rail, tram",141,257,-116
E01032772,Work mainly at or from home,776,29,747
E01032774,Bicycle,20,14,6
E01032774,"Bus, minibus or coach",28,37,-9
E01032774,Driving a car or van,73,67,6
E01032774,"Motorcycle, scooter or moped",9,3,6
E01032774,Not in employment or aged 15 years and under,871,348,523
E01032774,On foot,75,171,-96
E01032774,Other method of travel to work,8,7,1
E01032774,Passenger in a car or van,5,5,0
E01032774,Taxi,4,0,4
E01032774,Train,49,34,15
E01032774,"Underground, metro, light rail, tram",135,290,-155
E01032774,Work mainly at or from home,527,23,504
E01032775,Bicycle,19,22,-3
E01032775,"Bus, minibus or coach",32,97,-65
E01032775,Driving a car or van,42,73,-31
E01032775,"Motorcycle, scooter or moped",2,4,-2
E01032775,Not in employment or aged 15 years and under,387,151,236
E01032775,On foot,29,77,-48
E01032775,Other method of travel to work,7,18,-11
E01032775,Passenger in a car or van,4,3,1
E01032775,Taxi,2,1,1
E01032775,Train,13,15,-2
E01032775,"Underground, metro, light rail, tram",103,266,-163
E01032775,Work mainly at or from home,547,29,518
E01032776,Bicycle,13,13,0
E01032776,"Bus, minibus or coach",28,31,-3
E01032776,Driving a car or van,68,53,15
E01032776,"Motorcycle, scooter or moped",1,2,-1
E01032776,Not in employment or aged 15 years and under,701,210,491
E01032776,On foot,81,191,-110
E01032776,Other method of travel to work,7,6,1
E01032776,Passenger in a car or van,9,2,7
E01032776,Taxi,11,4,7
E01032776,Train,39,40,-1
E01032776,"Underground, metro, light rail, tram",172,394,-222
E01032776,Work mainly at or from home,933,27,906
E01032777,Bicycle,13,10,3
E01032777,"Bus, minibus or coach",25,29,-4
E01032777,Driving a car or van,55,63,-8
E01032777,"Motorcycle, scooter or moped",2,9,-7
E01032777,Not in employment or aged 15 years and under,522,250,272
E01032777,On foot,58,83,-25
E01032777,Other method of travel to work,4,4,0
E01032777,Passenger in a car or van,7,7,0
E01032777,Taxi,2,2,0
E01032777,Train,48,59,-11
E01032777,"Underground, metro, light rail, tram",126,405,-279
E01032777,Work mainly at or from home,411,20,391
E01032779,Bicycle,20,17,3
E01032779,"Bus, minibus or coach",18,39,-21
E01032779,Driving a car or van,59,60,-1
E01032779,"Motorcycle, scooter or moped",4,4,0
E01032779,Not in employment or aged 15 years and under,516,194,322
E01032779,On foot,62,168,-106
E01032779,Other method of travel to work,17,8,9
E01032779,Passenger in a car or van,2,6,-4
E01032779,Taxi,5,1,4
E01032779,Train,21,24,-3
E01032779,"Underground, metro, light rail, tram",112,347,-235
E01032779,Work mainly at or from home,571,24,547
E01032780,Bicycle,32,25,7
E01032780,"Bus, minibus or coach",16,26,-10
E01032780,Driving a car or van,66,69,-3
E01032780,"Motorcycle, scooter or moped",3,11,-8
E01032780,Not in employment or aged 15 years and under,709,224,485
E01032780,On foot,90,277,-187
E01032780,Other method of travel to work,5,5,0
E01032780,Passenger in a car or van,6,4,2
E01032780,Taxi,4,3,1
E01032780,Train,33,40,-7
E01032780,"Underground, metro, light rail, tram",199,476,-277
E01032780,Work mainly at or from home,894,49,845
E01032781,Bicycle,20,35,-15
E01032781,"Bus, minibus or coach",35,64,-29
E01032781,Driving a car or van,54,106,-52
E01032781,"Motorcycle, scooter or moped",4,0,4
E01032781,Not in employment or aged 15 years and under,670,261,409
E01032781,On foot,69,336,-267
E01032781,Other method of travel to work,12,20,-8
E01032781,Passenger in a car or van,2,6,-4
E01032781,Taxi,4,3,1
E01032781,Train,31,41,-10
E01032781,"Underground, metro, light rail, tram",122,547,-425
E01032781,Work mainly at or from home,664,55,609
E01032782,Bicycle,20,14,6
E01032782,"Bus, minibus or coach",57,48,9
E01032782,Driving a car or van,68,75,-7
E01032782,"Motorcycle, scooter or moped",4,3,1
E01032782,Not in employment or aged 15 years and under,847,448,399
E01032782,On foot,94,231,-137
E01032782,Other method of travel to work,19,13,6
E01032782,Passenger in a car or van,3,5,-2
E01032782,Taxi,8,6,2
E01032782,Train,34,47,-13
E01032782,"Underground, metro, light rail, tram",201,348,-147
E01032782,Work mainly at or from home,895,27,868
E01032783,Bicycle,27,41,-14
E01032783,"Bus, minibus or coach",52,186,-134
E01032783,Driving a car or van,70,117,-47
E01032783,"Motorcycle, scooter or moped",0,10,-10
E01032783,Not in employment or aged 15 years and under,586,364,222
E01032783,On foot,43,132,-89
E01032783,Other method of travel to work,11,17,-6
E01032783,Passenger in a car or van,6,8,-2
E01032783,Taxi,1,3,-2
E01032783,Train,26,43,-17
E01032783,"Underground, metro, light rail, tram",116,455,-339
E01032783,Work mainly at or from home,368,36,332
E01032784,Bicycle,66,72,-6
E01032784,"Bus, minibus or coach",49,77,-28
E01032784,Driving a car or van,68,95,-27
E01032784,"Motorcycle, scooter or moped",10,7,3
E01032784,Not in employment or aged 15 years and under,640,409,231
E01032784,On foot,83,59,24
E01032784,Other method of travel to work,7,3,4
E01032784,Passenger in a car or van,4,11,-7
E01032784,Taxi,3,3,0
E01032784,Train,28,58,-30
E01032784,"Underground, metro, light rail, tram",128,633,-505
E01032784,Work mainly at or from home,618,27,591
E01032785,Bicycle,89,120,-31
E01032785,"Bus, minibus or coach",74,126,-52
E01032785,Driving a car or van,106,52,54
E01032785,"Motorcycle, scooter or moped",8,13,-5
E01032785,Not in employment or aged 15 years and under,1062,257,805
E01032785,On foot,95,97,-2
E01032785,Other method of travel to work,8,7,1
E01032785,Passenger in a car or van,7,6,1
E01032785,Taxi,6,1,5
E01032785,Train,49,35,14
E01032785,"Underground, metro, light rail, tram",134,367,-233
E01032785,Work mainly at or from home,874,27,847
E01032786,Bicycle,65,67,-2
E01032786,"Bus, minibus or coach",64,108,-44
E01032786,Driving a car or van,83,93,-10
E01032786,"Motorcycle, scooter or moped",6,4,2
E01032786,Not in employment or aged 15 years and under,931,414,517
E01032786,On foot,69,105,-36
E01032786,Other method of travel to work,5,5,0
E01032786,Passenger in a car or van,6,7,-1
E01032786,Taxi,2,2,0
E01032786,Train,39,36,3
E01032786,"Underground, metro, light rail, tram",99,253,-154
E01032786,Work mainly at or from home,238,24,214
E01032787,Bicycle,60,65,-5
E01032787,"Bus, minibus or coach",99,139,-40
E01032787,Driving a car or van,128,123,5
E01032787,"Motorcycle, scooter or moped",10,3,7
E01032787,Not in employment or aged 15 years and under,1386,883,503
E01032787,On foot,144,147,-3
E01032787,Other method of travel to work,13,16,-3
E01032787,Passenger in a car or van,11,11,0
E01032787,Taxi,3,4,-1
E01032787,Train,60,77,-17
E01032787,"Underground, metro, light rail, tram",163,349,-186
E01032787,Work mainly at or from home,374,25,349
E01032788,Bicycle,55,65,-10
E01032788,"Bus, minibus or coach",59,103,-44
E01032788,Driving a car or van,80,82,-2
E01032788,"Motorcycle, scooter or moped",11,27,-16
E01032788,Not in employment or aged 15 years and under,635,263,372
E01032788,On foot,77,80,-3
E01032788,Other method of travel to work,13,6,7
E01032788,Passenger in a car or van,4,4,0
E01032788,Taxi,12,1,11
E01032788,Train,29,47,-18
E01032788,"Underground, metro, light rail, tram",91,175,-84
E01032788,Work mainly at or from home,521,23,498
E01032789,Bicycle,24,39,-15
E01032789,"Bus, minibus or coach",52,99,-47
E01032789,Driving a car or van,54,72,-18
E01032789,"Motorcycle, scooter or moped",10,14,-4
E01032789,Not in employment or aged 15 years and under,530,246,284
E01032789,On foot,53,80,-27
E01032789,Other method of travel to work,8,16,-8
E01032789,Passenger in a car or van,4,7,-3
E01032789,Taxi,12,11,1
E01032789,Train,27,78,-51
E01032789,"Underground, metro, light rail, tram",72,223,-151
E01032789,Work mainly at or from home,357,43,314
E01032790,Bicycle,28,24,4
E01032790,"Bus, minibus or coach",40,66,-26
E01032790,Driving a car or van,56,95,-39
E01032790,"Motorcycle, scooter or moped",7,18,-11
E01032790,Not in employment or aged 15 years and under,617,309,308
E01032790,On foot,47,52,-5
E01032790,Other method of travel to work,4,19,-15
E01032790,Passenger in a car or van,2,5,-3
E01032790,Taxi,3,14,-11
E01032790,Train,11,50,-39
E01032790,"Underground, metro, light rail, tram",40,126,-86
E01032790,Work mainly at or from home,270,48,222
E01032803,Bicycle,41,82,-41
E01032803,"Bus, minibus or coach",50,98,-48
E01032803,Driving a car or van,30,47,-17
E01032803,"Motorcycle, scooter or moped",6,9,-3
E01032803,Not in employment or aged 15 years and under,420,206,214
E01032803,On foot,115,324,-209
E01032803,Other method of travel to work,10,6,4
E01032803,Passenger in a car or van,2,3,-1
E01032803,Taxi,5,8,-3
E01032803,Train,32,58,-26
E01032803,"Underground, metro, light rail, tram",76,328,-252
E01032803,Work mainly at or from home,716,38,678
E01032834,Bicycle,29,39,-10
E01032834,"Bus, minibus or coach",17,80,-63
E01032834,Driving a car or van,28,48,-20
E01032834,"Motorcycle, scooter or moped",3,9,-6
E01032834,Not in employment or aged 15 years and under,228,147,81
E01032834,On foot,72,352,-280
E01032834,Other method of travel to work,3,13,-10
E01032834,Passenger in a car or van,0,7,-7
E01032834,Taxi,3,23,-20
E01032834,Train,17,35,-18
E01032834,"Underground, metro, light rail, tram",43,266,-223
E01032834,Work mainly at or from home,584,45,539
E01033000,Bicycle,21,25,-4
E01033000,"Bus, minibus or coach",128,176,-48
E01033000,Driving a car or van,258,284,-26
E01033000,"Motorcycle, scooter or moped",8,5,3
E01033000,Not in employment or aged 15 years and under,1019,468,551
E01033000,On foot,60,83,-23
E01033000,Other method of travel to work,15,2,13
E01033000,Passenger in a car or van,22,19,3
E01033000,Taxi,3,1,2
E01033000,Train,52,89,-37
E01033000,"Underground, metro, light rail, tram",24,37,-13
E01033000,Work mainly at or from home,140,19,121
E01033030,Bicycle,7,16,-9
E01033030,"Bus, minibus or coach",128,194,-66
E01033030,Driving a car or van,148,255,-107
E01033030,"Motorcycle, scooter or moped",6,7,-1
E01033030,Not in employment or aged 15 years and under,855,338,517
E01033030,On foot,58,58,0
E01033030,Other method of travel to work,8,4,4
E01033030,Passenger in a car or van,14,15,-1
E01033030,Taxi,2,2,0
E01033030,Train,94,314,-220
E01033030,"Underground, metro, light rail, tram",34,87,-53
E01033030,Work mainly at or from home,499,29,470
E01033081,Bicycle,37,23,14
E01033081,"Bus, minibus or coach",63,127,-64
E01033081,Driving a car or van,169,251,-82
E01033081,"Motorcycle, scooter or moped",4,13,-9
E01033081,Not in employment or aged 15 years and under,708,269,439
E01033081,On foot,48,74,-26
E01033081,Other method of travel to work,14,9,5
E01033081,Passenger in a car or van,7,8,-1
E01033081,Taxi,7,1,6
E01033081,Train,29,84,-55
E01033081,"Underground, metro, light rail, tram",46,117,-71
E01033081,Work mainly at or from home,461,44,417
E01033082,Bicycle,30,43,-13
E01033082,"Bus, minibus or coach",64,130,-66
E01033082,Driving a car or van,112,191,-79
E01033082,"Motorcycle, scooter or moped",8,14,-6
E01033082,Not in employment or aged 15 years and under,694,301,393
E01033082,On foot,39,67,-28
E01033082,Other method of travel to work,2,5,-3
E01033082,Passenger in a car or van,8,7,1
E01033082,Taxi,1,0,1
E01033082,Train,23,69,-46
E01033082,"Underground, metro, light rail, tram",29,84,-55
E01033082,Work mainly at or from home,248,43,205
E01033083,Bicycle,17,7,10
E01033083,"Bus, minibus or coach",204,216,-12
E01033083,Driving a car or van,105,122,-17
E01033083,"Motorcycle, scooter or moped",5,5,0
E01033083,Not in employment or aged 15 years and under,1068,310,758
E01033083,On foot,68,57,11
E01033083,Other method of travel to work,11,2,9
E01033083,Passenger in a car or van,10,4,6
E01033083,Taxi,1,0,1
E01033083,Train,66,110,-44
E01033083,"Underground, metro, light rail, tram",178,439,-261
E01033083,Work mainly at or from home,489,25,464
E01033084,Bicycle,23,8,15
E01033084,"Bus, minibus or coach",206,212,-6
E01033084,Driving a car or van,179,206,-27
E01033084,"Motorcycle, scooter or moped",7,6,1
E01033084,Not in employment or aged 15 years and under,1083,422,661
E01033084,On foot,84,70,14
E01033084,Other method of travel to work,8,3,5
E01033084,Passenger in a car or van,15,18,-3
E01033084,Taxi,3,3,0
E01033084,Train,46,92,-46
E01033084,"Underground, metro, light rail, tram",96,262,-166
E01033084,Work mainly at or from home,233,24,209
E01033086,Bicycle,18,11,7
E01033086,"Bus, minibus or coach",85,85,0
E01033086,Driving a car or van,98,95,3
E01033086,"Motorcycle, scooter or moped",3,5,-2
E01033086,Not in employment or aged 15 years and under,692,413,279
E01033086,On foot,35,27,8
E01033086,Other method of travel to work,9,1,8
E01033086,Passenger in a car or van,7,3,4
E01033086,Taxi,2,3,-1
E01033086,Train,20,37,-17
E01033086,"Underground, metro, light rail, tram",57,90,-33
E01033086,Work mainly at or from home,172,16,156
E01033098,Bicycle,33,34,-1
E01033098,"Bus, minibus or coach",38,110,-72
E01033098,Driving a car or van,63,66,-3
E01033098,"Motorcycle, scooter or moped",7,29,-22
E01033098,Not in employment or aged 15 years and under,554,284,270
E01033098,On foot,83,83,0
E01033098,Other method of travel to work,12,10,2
E01033098,Passenger in a car or van,2,4,-2
E01033098,Taxi,11,6,5
E01033098,Train,25,40,-15
E01033098,"Underground, metro, light rail, tram",80,214,-134
E01033098,Work mainly at or from home,806,46,760
E01033099,Bicycle,81,59,22
E01033099,"Bus, minibus or coach",131,168,-37
E01033099,Driving a car or van,85,82,3
E01033099,"Motorcycle, scooter or moped",10,14,-4
E01033099,Not in employment or aged 15 years and under,650,236,414
E01033099,On foot,62,55,7
E01033099,Other method of travel to work,13,4,9
E01033099,Passenger in a car or van,2,4,-2
E01033099,Taxi,4,3,1
E01033099,Train,62,113,-51
E01033099,"Underground, metro, light rail, tram",93,87,6
E01033099,Work mainly at or from home,689,38,651
E01033100,Bicycle,66,47,19
E01033100,"Bus, minibus or coach",141,223,-82
E01033100,Driving a car or van,75,77,-2
E01033100,"Motorcycle, scooter or moped",6,11,-5
E01033100,Not in employment or aged 15 years and under,706,271,435
E01033100,On foot,98,71,27
E01033100,Other method of travel to work,7,5,2
E01033100,Passenger in a car or van,2,2,0
E01033100,Taxi,4,2,2
E01033100,Train,67,145,-78
E01033100,"Underground, metro, light rail, tram",93,166,-73
E01033100,Work mainly at or from home,602,30,572
E01033132,Bicycle,75,46,29
E01033132,"Bus, minibus or coach",92,174,-82
E01033132,Driving a car or van,74,78,-4
E01033132,"Motorcycle, scooter or moped",8,19,-11
E01033132,Not in employment or aged 15 years and under,688,252,436
E01033132,On foot,83,62,21
E01033132,Other method of travel to work,5,7,-2
E01033132,Passenger in a car or van,7,1,6
E01033132,Taxi,19,3,16
E01033132,Train,31,49,-18
E01033132,"Underground, metro, light rail, tram",96,184,-88
E01033132,Work mainly at or from home,858,29,829
E01033133,Bicycle,40,70,-30
E01033133,"Bus, minibus or coach",53,172,-119
E01033133,Driving a car or van,62,128,-66
E01033133,"Motorcycle, scooter or moped",11,35,-24
E01033133,Not in employment or aged 15 years and under,364,186,178
E01033133,On foot,41,53,-12
E01033133,Other method of travel to work,9,9,0
E01033133,Passenger in a car or van,6,5,1
E01033133,Taxi,4,1,3
E01033133,Train,42,188,-146
E01033133,"Underground, metro, light rail, tram",43,143,-100
E01033133,Work mainly at or from home,516,53,463
E01033135,Bicycle,46,65,-19
E01033135,"Bus, minibus or coach",19,56,-37
E01033135,Driving a car or van,31,91,-60
E01033135,"Motorcycle, scooter or moped",5,15,-10
E01033135,Not in employment or aged 15 years and under,435,123,312
E01033135,On foot,24,45,-21
E01033135,Other method of travel to work,2,5,-3
E01033135,Passenger in a car or van,2,4,-2
E01033135,Taxi,2,2,0
E01033135,Train,34,173,-139
E01033135,"Underground, metro, light rail, tram",64,247,-183
E01033135,Work mainly at or from home,525,48,477
E01033146,Bicycle,11,11,0
E01033146,"Bus, minibus or coach",104,142,-38
E01033146,Driving a car or van,220,240,-20
E01033146,"Motorcycle, scooter or moped",3,2,1
E01033146,Not in employment or aged 15 years and under,934,521,413
E01033146,On foot,35,27,8
E01033146,Other method of travel to work,13,4,9
E01033146,Passenger in a car or van,17,11,6
E01033146,Taxi,6,3,3
E01033146,Train,35,42,-7
E01033146,"Underground, metro, light rail, tram",48,66,-18
E01033146,Work mainly at or from home,114,14,100
E01033148,Bicycle,5,10,-5
E01033148,"Bus, minibus or coach",92,107,-15
E01033148,Driving a car or van,341,330,11
E01033148,"Motorcycle, scooter or moped",4,3,1
E01033148,Not in employment or aged 15 years and under,1252,561,691
E01033148,On foot,60,30,30
E01033148,Other method of travel to work,13,9,4
E01033148,Passenger in a car or van,43,14,29
E01033148,Taxi,14,4,10
E01033148,Train,36,113,-77
E01033148,"Underground, metro, light rail, tram",104,87,17
E01033148,Work mainly at or from home,251,27,224
E01033150,Bicycle,10,3,7
E01033150,"Bus, minibus or coach",81,99,-18
E01033150,Driving a car or van,224,308,-84
E01033150,"Motorcycle, scooter or moped",4,6,-2
E01033150,Not in employment or aged 15 years and under,1012,412,600
E01033150,On foot,34,38,-4
E01033150,Other method of travel to work,14,5,9
E01033150,Passenger in a car or van,5,18,-13
E01033150,Taxi,2,1,1
E01033150,Train,67,140,-73
E01033150,"Underground, metro, light rail, tram",52,91,-39
E01033150,Work mainly at or from home,188,24,164
E01033151,Bicycle,5,2,3
E01033151,"Bus, minibus or coach",92,140,-48
E01033151,Driving a car or van,188,170,18
E01033151,"Motorcycle, scooter or moped",3,2,1
E01033151,Not in employment or aged 15 years and under,947,525,422
E01033151,On foot,32,31,1
E01033151,Other method of travel to work,9,2,7
E01033151,Passenger in a car or van,17,16,1
E01033151,Taxi,5,3,2
E01033151,Train,24,43,-19
E01033151,"Underground, metro, light rail, tram",43,51,-8
E01033151,Work mainly at or from home,90,12,78
E01033208,Bicycle,41,51,-10
E01033208,"Bus, minibus or coach",51,137,-86
E01033208,Driving a car or van,60,69,-9
E01033208,"Motorcycle, scooter or moped",8,6,2
E01033208,Not in employment or aged 15 years and under,640,454,186
E01033208,On foot,84,168,-84
E01033208,Other method of travel to work,13,5,8
E01033208,Passenger in a car or van,3,2,1
E01033208,Taxi,6,11,-5
E01033208,Train,31,100,-69
E01033208,"Underground, metro, light rail, tram",108,443,-335
E01033208,Work mainly at or from home,662,47,615
E01033320,Bicycle,28,24,4
E01033320,"Bus, minibus or coach",55,103,-48
E01033320,Driving a car or van,139,142,-3
E01033320,"Motorcycle, scooter or moped",6,7,-1
E01033320,Not in employment or aged 15 years and under,748,405,343
E01033320,On foot,41,53,-12
E01033320,Other method of travel to work,8,7,1
E01033320,Passenger in a car or van,8,16,-8
E01033320,Taxi,4,3,1
E01033320,Train,86,302,-216
E01033320,"Underground, metro, light rail, tram",45,76,-31
E01033320,Work mainly at or from home,399,29,370
E01033322,Bicycle,21,18,3
E01033322,"Bus, minibus or coach",40,79,-39
E01033322,Driving a car or van,84,102,-18
E01033322,"Motorcycle, scooter or moped",4,3,1
E01033322,Not in employment or aged 15 years and under,497,221,276
E01033322,On foot,45,44,1
E01033322,Other method of travel to work,9,3,6
E01033322,Passenger in a car or van,4,5,-1
E01033322,Taxi,4,6,-2
E01033322,Train,91,439,-348
E01033322,"Underground, metro, light rail, tram",51,104,-53
E01033322,Work mainly at or from home,401,26,375
E01033324,Bicycle,44,47,-3
E01033324,"Bus, minibus or coach",52,125,-73
E01033324,Driving a car or van,116,117,-1
E01033324,"Motorcycle, scooter or moped",1,5,-4
E01033324,Not in employment or aged 15 years and under,761,427,334
E01033324,On foot,51,70,-19
E01033324,Other method of travel to work,2,0,2
E01033324,Passenger in a car or van,6,4,2
E01033324,Taxi,5,3,2
E01033324,Train,64,241,-177
E01033324,"Underground, metro, light rail, tram",50,158,-108
E01033324,Work mainly at or from home,389,45,344
E01033325,Bicycle,37,29,8
E01033325,"Bus, minibus or coach",52,41,11
E01033325,Driving a car or van,57,53,4
E01033325,"Motorcycle, scooter or moped",5,10,-5
E01033325,Not in employment or aged 15 years and under,344,145,199
E01033325,On foot,34,25,9
E01033325,Other method of travel to work,6,2,4
E01033325,Passenger in a car or van,5,1,4
E01033325,Taxi,0,0,0
E01033325,Train,58,290,-232
E01033325,"Underground, metro, light rail, tram",131,510,-379
E01033325,Work mainly at or from home,639,28,611
E01033327,Bicycle,49,45,4
E01033327,"Bus, minibus or coach",116,124,-8
E01033327,Driving a car or van,102,109,-7
E01033327,"Motorcycle, scooter or moped",16,7,9
E01033327,Not in employment or aged 15 years and under,902,371,531
E01033327,On foot,102,44,58
E01033327,Other method of travel to work,9,7,2
E01033327,Passenger in a car or van,2,12,-10
E01033327,Taxi,6,0,6
E01033327,Train,134,318,-184
E01033327,"Underground, metro, light rail, tram",117,175,-58
E01033327,Work mainly at or from home,648,28,620
E01033341,Bicycle,18,27,-9
E01033341,"Bus, minibus or coach",73,107,-34
E01033341,Driving a car or van,81,97,-16
E01033341,"Motorcycle, scooter or moped",3,2,1
E01033341,Not in employment or aged 15 years and under,691,352,339
E01033341,On foot,56,61,-5
E01033341,Other method of travel to work,10,6,4
E01033341,Passenger in a car or van,8,5,3
E01033341,Taxi,4,0,4
E01033341,Train,57,166,-109
E01033341,"Underground, metro, light rail, tram",67,112,-45
E01033341,Work mainly at or from home,262,29,233
E01033455,Bicycle,12,20,-8
E01033455,"Bus, minibus or coach",118,162,-44
E01033455,Driving a car or van,64,83,-19
E01033455,"Motorcycle, scooter or moped",13,14,-1
E01033455,Not in employment or aged 15 years and under,624,359,265
E01033455,On foot,40,45,-5
E01033455,Other method of travel to work,5,1,4
E01033455,Passenger in a car or van,11,9,2
E01033455,Taxi,2,1,1
E01033455,Train,33,56,-23
E01033455,"Underground, metro, light rail, tram",113,135,-22
E01033455,Work mainly at or from home,108,17,91
E01033456,Bicycle,19,11,8
E01033456,"Bus, minibus or coach",204,205,-1
E01033456,Driving a car or van,264,243,21
E01033456,"Motorcycle, scooter or moped",13,4,9
E01033456,Not in employment or aged 15 years and under,1646,767,879
E01033456,On foot,63,64,-1
E01033456,Other method of travel to work,12,8,4
E01033456,Passenger in a car or van,11,10,1
E01033456,Taxi,14,0,14
E01033456,Train,66,67,-1
E01033456,"Underground, metro, light rail, tram",92,91,1
E01033456,Work mainly at or from home,216,21,195
E01033457,Bicycle,15,8,7
E01033457,"Bus, minibus or coach",205,137,68
E01033457,Driving a car or van,205,218,-13
E01033457,"Motorcycle, scooter or moped",38,9,29
E01033457,Not in employment or aged 15 years and under,930,384,546
E01033457,On foot,86,81,5
E01033457,Other method of travel to work,15,4,11
E01033457,Passenger in a car or van,21,22,-1
E01033457,Taxi,6,1,5
E01033457,Train,73,65,8
E01033457,"Underground, metro, light rail, tram",154,355,-201
E01033457,Work mainly at or from home,227,43,184
E01033463,Bicycle,13,7,6
E01033463,"Bus, minibus or coach",121,142,-21
E01033463,Driving a car or van,548,591,-43
E01033463,"Motorcycle, scooter or moped",7,10,-3
E01033463,Not in employment or aged 15 years and under,1543,834,709
E01033463,On foot,68,61,7
E01033463,Other method of travel to work,13,9,4
E01033463,Passenger in a car or van,71,44,27
E01033463,Taxi,3,6,-3
E01033463,Train,77,96,-19
E01033463,"Underground, metro, light rail, tram",229,309,-80
E01033463,Work mainly at or from home,467,59,408
E01033485,Bicycle,21,22,-1
E01033485,"Bus, minibus or coach",133,220,-87
E01033485,Driving a car or van,139,155,-16
E01033485,"Motorcycle, scooter or moped",17,11,6
E01033485,Not in employment or aged 15 years and under,856,649,207
E01033485,On foot,37,62,-25
E01033485,Other method of travel to work,3,10,-7
E01033485,Passenger in a car or van,8,10,-2
E01033485,Taxi,9,0,9
E01033485,Train,56,93,-37
E01033485,"Underground, metro, light rail, tram",118,225,-107
E01033485,Work mainly at or from home,242,24,218
E01033486,Bicycle,29,52,-23
E01033486,"Bus, minibus or coach",50,92,-42
E01033486,Driving a car or van,31,50,-19
E01033486,"Motorcycle, scooter or moped",0,9,-9
E01033486,Not in employment or aged 15 years and under,534,304,230
E01033486,On foot,60,62,-2
E01033486,Other method of travel to work,8,3,5
E01033486,Passenger in a car or van,4,3,1
E01033486,Taxi,7,5,2
E01033486,Train,16,30,-14
E01033486,"Underground, metro, light rail, tram",57,200,-143
E01033486,Work mainly at or from home,246,20,226
E01033487,Bicycle,38,54,-16
E01033487,"Bus, minibus or coach",29,120,-91
E01033487,Driving a car or van,39,56,-17
E01033487,"Motorcycle, scooter or moped",1,11,-10
E01033487,Not in employment or aged 15 years and under,305,206,99
E01033487,On foot,55,58,-3
E01033487,Other method of travel to work,1,0,1
E01033487,Passenger in a car or van,1,7,-6
E01033487,Taxi,3,3,0
E01033487,Train,16,36,-20
E01033487,"Underground, metro, light rail, tram",123,482,-359
E01033487,Work mainly at or from home,583,22,561
E01033488,Bicycle,52,47,5
E01033488,"Bus, minibus or coach",82,95,-13
E01033488,Driving a car or van,73,42,31
E01033488,"Motorcycle, scooter or moped",1,3,-2
E01033488,Not in employment or aged 15 years and under,806,363,443
E01033488,On foot,66,103,-37
E01033488,Other method of travel to work,6,2,4
E01033488,Passenger in a car or van,6,3,3
E01033488,Taxi,4,1,3
E01033488,Train,24,25,-1
E01033488,"Underground, metro, light rail, tram",127,261,-134
E01033488,Work mainly at or from home,393,27,366
E01033489,Bicycle,33,82,-49
E01033489,"Bus, minibus or coach",30,102,-72
E01033489,Driving a car or van,25,46,-21
E01033489,"Motorcycle, scooter or moped",6,8,-2
E01033489,Not in employment or aged 15 years and under,591,746,-155
E01033489,On foot,92,449,-357
E01033489,Other method of travel to work,10,13,-3
E01033489,Passenger in a car or van,1,7,-6
E01033489,Taxi,9,19,-10
E01033489,Train,16,52,-36
E01033489,"Underground, metro, light rail, tram",46,154,-108
E01033489,Work mainly at or from home,603,69,534
E01033490,Bicycle,22,51,-29
E01033490,"Bus, minibus or coach",42,103,-61
E01033490,Driving a car or van,37,39,-2
E01033490,"Motorcycle, scooter or moped",1,4,-3
E01033490,Not in employment or aged 15 years and under,740,743,-3
E01033490,On foot,84,328,-244
E01033490,Other method of travel to work,7,6,1
E01033490,Passenger in a car or van,1,2,-1
E01033490,Taxi,7,10,-3
E01033490,Train,18,20,-2
E01033490,"Underground, metro, light rail, tram",63,122,-59
E01033490,Work mainly at or from home,377,35,342
E01033491,Bicycle,75,106,-31
E01033491,"Bus, minibus or coach",88,157,-69
E01033491,Driving a car or van,41,64,-23
E01033491,"Motorcycle, scooter or moped",1,9,-8
E01033491,Not in employment or aged 15 years and under,736,429,307
E01033491,On foot,93,106,-13
E01033491,Other method of travel to work,13,5,8
E01033491,Passenger in a car or van,9,8,1
E01033491,Taxi,4,5,-1
E01033491,Train,26,57,-31
E01033491,"Underground, metro, light rail, tram",162,465,-303
E01033491,Work mainly at or from home,682,38,644
E01033493,Bicycle,47,105,-58
E01033493,"Bus, minibus or coach",21,64,-43
E01033493,Driving a car or van,31,64,-33
E01033493,"Motorcycle, scooter or moped",3,12,-9
E01033493,Not in employment or aged 15 years and under,286,137,149
E01033493,On foot,21,47,-26
E01033493,Other method of travel to work,5,6,-1
E01033493,Passenger in a car or van,0,5,-5
E01033493,Taxi,9,4,5
E01033493,Train,19,90,-71
E01033493,"Underground, metro, light rail, tram",103,658,-555
E01033493,Work mainly at or from home,769,37,732
E01033494,Bicycle,61,114,-53
E01033494,"Bus, minibus or coach",16,60,-44
E01033494,Driving a car or van,58,76,-18
E01033494,"Motorcycle, scooter or moped",2,16,-14
E01033494,Not in employment or aged 15 years and under,641,281,360
E01033494,On foot,44,68,-24
E01033494,Other method of travel to work,5,6,-1
E01033494,Passenger in a car or van,4,7,-3
E01033494,Taxi,4,4,0
E01033494,Train,19,81,-62
E01033494,"Underground, metro, light rail, tram",94,464,-370
E01033494,Work mainly at or from home,581,59,522
E01033569,Bicycle,21,55,-34
E01033569,"Bus, minibus or coach",56,105,-49
E01033569,Driving a car or van,121,218,-97
E01033569,"Motorcycle, scooter or moped",2,12,-10
E01033569,Not in employment or aged 15 years and under,849,400,449
E01033569,On foot,86,146,-60
E01033569,Other method of travel to work,8,7,1
E01033569,Passenger in a car or van,5,19,-14
E01033569,Taxi,3,1,2
E01033569,Train,60,273,-213
E01033569,"Underground, metro, light rail, tram",21,43,-22
E01033569,Work mainly at or from home,586,56,530
E01033570,Bicycle,16,29,-13
E01033570,"Bus, minibus or coach",22,33,-11
E01033570,Driving a car or van,147,280,-133
E01033570,"Motorcycle, scooter or moped",4,17,-13
E01033570,Not in employment or aged 15 years and under,899,322,577
E01033570,On foot,42,53,-11
E01033570,Other method of travel to work,6,9,-3
E01033570,Passenger in a car or van,10,13,-3
E01033570,Taxi,3,1,2
E01033570,Train,26,60,-34
E01033570,"Underground, metro, light rail, tram",61,305,-244
E01033570,Work mainly at or from home,669,60,609
E01033571,Bicycle,34,53,-19
E01033571,"Bus, minibus or coach",26,47,-21
E01033571,Driving a car or van,109,210,-101
E01033571,"Motorcycle, scooter or moped",5,14,-9
E01033571,Not in employment or aged 15 years and under,794,335,459
E01033571,On foot,37,57,-20
E01033571,Other method of travel to work,1,8,-7
E01033571,Passenger in a car or van,6,6,0
E01033571,Taxi,1,3,-2
E01033571,Train,20,53,-33
E01033571,"Underground, metro, light rail, tram",44,214,-170
E01033571,Work mainly at or from home,413,73,340
E01033579,Bicycle,57,27,30
E01033579,"Bus, minibus or coach",67,86,-19
E01033579,Driving a car or van,70,78,-8
E01033579,"Motorcycle, scooter or moped",10,3,7
E01033579,Not in employment or aged 15 years and under,571,308,263
E01033579,On foot,42,30,12
E01033579,Other method of travel to work,8,7,1
E01033579,Passenger in a car or van,1,4,-3
E01033579,Taxi,7,0,7
E01033579,Train,56,73,-17
E01033579,"Underground, metro, light rail, tram",261,497,-236
E01033579,Work mainly at or from home,741,27,714
E01033580,Bicycle,26,33,-7
E01033580,"Bus, minibus or coach",11,21,-10
E01033580,Driving a car or van,98,158,-60
E01033580,"Motorcycle, scooter or moped",2,17,-15
E01033580,Not in employment or aged 15 years and under,454,220,234
E01033580,On foot,42,32,10
E01033580,Other method of travel to work,6,3,3
E01033580,Passenger in a car or van,5,13,-8
E01033580,Taxi,3,1,2
E01033580,Train,53,69,-16
E01033580,"Underground, metro, light rail, tram",244,735,-491
E01033580,Work mainly at or from home,472,44,428
E01033581,Bicycle,16,13,3
E01033581,"Bus, minibus or coach",67,90,-23
E01033581,Driving a car or van,179,163,16
E01033581,"Motorcycle, scooter or moped",5,11,-6
E01033581,Not in employment or aged 15 years and under,1034,499,535
E01033581,On foot,28,35,-7
E01033581,Other method of travel to work,17,5,12
E01033581,Passenger in a car or van,17,19,-2
E01033581,Taxi,7,1,6
E01033581,Train,91,83,8
E01033581,"Underground, metro, light rail, tram",241,386,-145
E01033581,Work mainly at or from home,220,17,203
E01033582,Bicycle,30,13,17
E01033582,"Bus, minibus or coach",40,30,10
E01033582,Driving a car or van,133,186,-53
E01033582,"Motorcycle, scooter or moped",12,8,4
E01033582,Not in employment or aged 15 years and under,503,215,288
E01033582,On foot,27,18,9
E01033582,Other method of travel to work,22,5,17
E01033582,Passenger in a car or van,14,16,-2
E01033582,Taxi,4,2,2
E01033582,Train,57,68,-11
E01033582,"Underground, metro, light rail, tram",244,565,-321
E01033582,Work mainly at or from home,365,35,330
E01033584,Bicycle,12,12,0
E01033584,"Bus, minibus or coach",54,67,-13
E01033584,Driving a car or van,153,141,12
E01033584,"Motorcycle, scooter or moped",2,5,-3
E01033584,Not in employment or aged 15 years and under,986,454,532
E01033584,On foot,35,35,0
E01033584,Other method of travel to work,9,6,3
E01033584,Passenger in a car or van,7,6,1
E01033584,Taxi,6,1,5
E01033584,Train,70,91,-21
E01033584,"Underground, metro, light rail, tram",195,280,-85
E01033584,Work mainly at or from home,177,11,166
E01033586,Bicycle,37,30,7
E01033586,"Bus, minibus or coach",102,102,0
E01033586,Driving a car or van,139,137,2
E01033586,"Motorcycle, scooter or moped",4,6,-2
E01033586,Not in employment or aged 15 years and under,889,374,515
E01033586,On foot,63,35,28
E01033586,Other method of travel to work,22,1,21
E01033586,Passenger in a car or van,5,5,0
E01033586,Taxi,7,1,6
E01033586,Train,78,80,-2
E01033586,"Underground, metro, light rail, tram",250,320,-70
E01033586,Work mainly at or from home,503,12,491
E01033587,Bicycle,14,12,2
E01033587,"Bus, minibus or coach",93,86,7
E01033587,Driving a car or van,257,178,79
E01033587,"Motorcycle, scooter or moped",5,3,2
E01033587,Not in employment or aged 15 years and under,1210,436,774
E01033587,On foot,56,50,6
E01033587,Other method of travel to work,12,1,11
E01033587,Passenger in a car or van,19,12,7
E01033587,Taxi,3,1,2
E01033587,Train,157,110,47
E01033587,"Underground, metro, light rail, tram",248,229,19
E01033587,Work mainly at or from home,381,22,359
E01033589,Bicycle,3,1,2
E01033589,"Bus, minibus or coach",86,67,19
E01033589,Driving a car or van,86,78,8
E01033589,"Motorcycle, scooter or moped",1,1,0
E01033589,Not in employment or aged 15 years and under,1163,353,810
E01033589,On foot,43,51,-8
E01033589,Other method of travel to work,6,0,6
E01033589,Passenger in a car or van,6,5,1
E01033589,Taxi,1,0,1
E01033589,Train,77,238,-161
E01033589,"Underground, metro, light rail, tram",93,239,-146
E01033589,Work mainly at or from home,384,23,361
E01033590,Bicycle,3,2,1
E01033590,"Bus, minibus or coach",48,46,2
E01033590,Driving a car or van,156,195,-39
E01033590,"Motorcycle, scooter or moped",5,5,0
E01033590,Not in employment or aged 15 years and under,719,288,431
E01033590,On foot,23,31,-8
E01033590,Other method of travel to work,10,3,7
E01033590,Passenger in a car or van,10,14,-4
E01033590,Taxi,3,2,1
E01033590,Train,47,93,-46
E01033590,"Underground, metro, light rail, tram",60,108,-48
E01033590,Work mainly at or from home,164,10,154
E01033591,Bicycle,12,3,9
E01033591,"Bus, minibus or coach",147,142,5
E01033591,Driving a car or van,278,208,70
E01033591,"Motorcycle, scooter or moped",9,3,6
E01033591,Not in employment or aged 15 years and under,1712,760,952
E01033591,On foot,88,79,9
E01033591,Other method of travel to work,19,5,14
E01033591,Passenger in a car or van,33,22,11
E01033591,Taxi,3,3,0
E01033591,Train,161,144,17
E01033591,"Underground, metro, light rail, tram",180,182,-2
E01033591,Work mainly at or from home,338,22,316
E01033592,Bicycle,7,6,1
E01033592,"Bus, minibus or coach",54,76,-22
E01033592,Driving a car or van,309,400,-91
E01033592,"Motorcycle, scooter or moped",6,10,-4
E01033592,Not in employment or aged 15 years and under,1081,451,630
E01033592,On foot,46,58,-12
E01033592,Other method of travel to work,9,7,2
E01033592,Passenger in a car or van,24,24,0
E01033592,Taxi,5,7,-2
E01033592,Train,84,175,-91
E01033592,"Underground, metro, light rail, tram",88,150,-62
E01033592,Work mainly at or from home,270,18,252
E01033593,Bicycle,16,18,-2
E01033593,"Bus, minibus or coach",50,83,-33
E01033593,Driving a car or van,57,54,3
E01033593,"Motorcycle, scooter or moped",15,4,11
E01033593,Not in employment or aged 15 years and under,824,417,407
E01033593,On foot,104,90,14
E01033593,Other method of travel to work,8,6,2
E01033593,Passenger in a car or van,0,3,-3
E01033593,Taxi,18,11,7
E01033593,Train,15,42,-27
E01033593,"Underground, metro, light rail, tram",70,143,-73
E01033593,Work mainly at or from home,553,39,514
E01033594,Bicycle,24,20,4
E01033594,"Bus, minibus or coach",52,106,-54
E01033594,Driving a car or van,44,56,-12
E01033594,"Motorcycle, scooter or moped",4,6,-2
E01033594,Not in employment or aged 15 years and under,810,485,325
E01033594,On foot,91,176,-85
E01033594,Other method of travel to work,8,15,-7
E01033594,Passenger in a car or van,2,3,-1
E01033594,Taxi,3,7,-4
E01033594,Train,14,36,-22
E01033594,"Underground, metro, light rail, tram",71,200,-129
E01033594,Work mainly at or from home,379,66,313
E01033597,Bicycle,21,19,2
E01033597,"Bus, minibus or coach",50,71,-21
E01033597,Driving a car or van,44,34,10
E01033597,"Motorcycle, scooter or moped",4,10,-6
E01033597,Not in employment or aged 15 years and under,504,198,306
E01033597,On foot,66,61,5
E01033597,Other method of travel to work,14,3,11
E01033597,Passenger in a car or van,2,7,-5
E01033597,Taxi,5,9,-4
E01033597,Train,9,17,-8
E01033597,"Underground, metro, light rail, tram",46,141,-95
E01033597,Work mainly at or from home,243,31,212
E01033598,Bicycle,18,19,-1
E01033598,"Bus, minibus or coach",57,101,-44
E01033598,Driving a car or van,46,46,0
E01033598,"Motorcycle, scooter or moped",6,3,3
E01033598,Not in employment or aged 15 years and under,901,518,383
E01033598,On foot,94,75,19
E01033598,Other method of travel to work,8,5,3
E01033598,Passenger in a car or van,4,3,1
E01033598,Taxi,1,1,0
E01033598,Train,22,25,-3
E01033598,"Underground, metro, light rail, tram",43,78,-35
E01033598,Work mainly at or from home,166,13,153
E01033599,Bicycle,18,28,-10
E01033599,"Bus, minibus or coach",73,182,-109
E01033599,Driving a car or van,56,51,5
E01033599,"Motorcycle, scooter or moped",8,9,-1
E01033599,Not in employment or aged 15 years and under,733,474,259
E01033599,On foot,90,119,-29
E01033599,Other method of travel to work,4,3,1
E01033599,Passenger in a car or van,4,2,2
E01033599,Taxi,7,6,1
E01033599,Train,24,37,-13
E01033599,"Underground, metro, light rail, tram",69,129,-60
E01033599,Work mainly at or from home,212,22,190
E01033601,Bicycle,43,20,23
E01033601,"Bus, minibus or coach",118,162,-44
E01033601,Driving a car or van,84,66,18
E01033601,"Motorcycle, scooter or moped",0,8,-8
E01033601,Not in employment or aged 15 years and under,1245,533,712
E01033601,On foot,103,134,-31
E01033601,Other method of travel to work,18,8,10
E01033601,Passenger in a car or van,3,2,1
E01033601,Taxi,5,6,-1
E01033601,Train,32,27,5
E01033601,"Underground, metro, light rail, tram",79,101,-22
E01033601,Work mainly at or from home,253,28,225
E01033602,Bicycle,23,10,13
E01033602,"Bus, minibus or coach",70,148,-78
E01033602,Driving a car or van,42,53,-11
E01033602,"Motorcycle, scooter or moped",8,2,6
E01033602,Not in employment or aged 15 years and under,1011,629,382
E01033602,On foot,89,112,-23
E01033602,Other method of travel to work,7,3,4
E01033602,Passenger in a car or van,7,2,5
E01033602,Taxi,2,0,2
E01033602,Train,22,35,-13
E01033602,"Underground, metro, light rail, tram",64,108,-44
E01033602,Work mainly at or from home,181,14,167
E01033603,Bicycle,23,34,-11
E01033603,"Bus, minibus or coach",49,104,-55
E01033603,Driving a car or van,36,40,-4
E01033603,"Motorcycle, scooter or moped",0,7,-7
E01033603,Not in employment or aged 15 years and under,678,514,164
E01033603,On foot,75,126,-51
E01033603,Other method of travel to work,5,5,0
E01033603,Passenger in a car or van,1,4,-3
E01033603,Taxi,5,1,4
E01033603,Train,22,32,-10
E01033603,"Underground, metro, light rail, tram",51,212,-161
E01033603,Work mainly at or from home,319,29,290
E01033604,Bicycle,23,26,-3
E01033604,"Bus, minibus or coach",91,131,-40
E01033604,Driving a car or van,33,60,-27
E01033604,"Motorcycle, scooter or moped",7,4,3
E01033604,Not in employment or aged 15 years and under,666,461,205
E01033604,On foot,88,132,-44
E01033604,Other method of travel to work,11,9,2
E01033604,Passenger in a car or van,2,2,0
E01033604,Taxi,4,5,-1
E01033604,Train,12,25,-13
E01033604,"Underground, metro, light rail, tram",81,139,-58
E01033604,Work mainly at or from home,169,16,153
E01033605,Bicycle,21,26,-5
E01033605,"Bus, minibus or coach",87,189,-102
E01033605,Driving a car or van,59,71,-12
E01033605,"Motorcycle, scooter or moped",9,4,5
E01033605,Not in employment or aged 15 years and under,1038,805,233
E01033605,On foot,110,121,-11
E01033605,Other method of travel to work,6,2,4
E01033605,Passenger in a car or van,1,2,-1
E01033605,Taxi,6,6,0
E01033605,Train,17,33,-16
E01033605,"Underground, metro, light rail, tram",51,163,-112
E01033605,Work mainly at or from home,235,30,205
E01033699,Bicycle,79,142,-63
E01033699,"Bus, minibus or coach",64,204,-140
E01033699,Driving a car or van,37,51,-14
E01033699,"Motorcycle, scooter or moped",2,7,-5
E01033699,Not in employment or aged 15 years and under,409,281,128
E01033699,On foot,57,84,-27
E01033699,Other method of travel to work,11,9,2
E01033699,Passenger in a car or van,3,9,-6
E01033699,Taxi,11,5,6
E01033699,Train,36,50,-14
E01033699,"Underground, metro, light rail, tram",80,179,-99
E01033699,Work mainly at or from home,621,48,573
E01033700,Bicycle,96,181,-85
E01033700,"Bus, minibus or coach",99,291,-192
E01033700,Driving a car or van,51,46,5
E01033700,"Motorcycle, scooter or moped",6,14,-8
E01033700,Not in employment or aged 15 years and under,723,367,356
E01033700,On foot,107,83,24
E01033700,Other method of travel to work,13,6,7
E01033700,Passenger in a car or van,5,1,4
E01033700,Taxi,10,2,8
E01033700,Train,44,51,-7
E01033700,"Underground, metro, light rail, tram",140,265,-125
E01033700,Work mainly at or from home,1213,54,1159
E01033702,Bicycle,54,55,-1
E01033702,"Bus, minibus or coach",77,129,-52
E01033702,Driving a car or van,97,96,1
E01033702,"Motorcycle, scooter or moped",6,11,-5
E01033702,Not in employment or aged 15 years and under,793,325,468
E01033702,On foot,60,31,29
E01033702,Other method of travel to work,7,8,-1
E01033702,Passenger in a car or van,3,1,2
E01033702,Taxi,3,3,0
E01033702,Train,18,65,-47
E01033702,"Underground, metro, light rail, tram",44,75,-31
E01033702,Work mainly at or from home,284,40,244
E01033703,Bicycle,74,140,-66
E01033703,"Bus, minibus or coach",79,209,-130
E01033703,Driving a car or van,74,48,26
E01033703,"Motorcycle, scooter or moped",10,4,6
E01033703,Not in employment or aged 15 years and under,629,423,206
E01033703,On foot,41,53,-12
E01033703,Other method of travel to work,4,4,0
E01033703,Passenger in a car or van,2,4,-2
E01033703,Taxi,3,2,1
E01033703,Train,32,48,-16
E01033703,"Underground, metro, light rail, tram",50,131,-81
E01033703,Work mainly at or from home,411,48,363
E01033704,Bicycle,146,247,-101
E01033704,"Bus, minibus or coach",103,205,-102
E01033704,Driving a car or van,67,72,-5
E01033704,"Motorcycle, scooter or moped",4,14,-10
E01033704,Not in employment or aged 15 years and under,648,235,413
E01033704,On foot,142,108,34
E01033704,Other method of travel to work,8,7,1
E01033704,Passenger in a car or van,6,8,-2
E01033704,Taxi,7,2,5
E01033704,Train,47,89,-42
E01033704,"Underground, metro, light rail, tram",151,294,-143
E01033704,Work mainly at or from home,1020,95,925
E01033705,Bicycle,63,57,6
E01033705,"Bus, minibus or coach",97,190,-93
E01033705,Driving a car or van,61,84,-23
E01033705,"Motorcycle, scooter or moped",4,8,-4
E01033705,Not in employment or aged 15 years and under,762,412,350
E01033705,On foot,40,49,-9
E01033705,Other method of travel to work,15,5,10
E01033705,Passenger in a car or van,3,4,-1
E01033705,Taxi,7,5,2
E01033705,Train,45,71,-26
E01033705,"Underground, metro, light rail, tram",59,108,-49
E01033705,Work mainly at or from home,279,19,260
E01033706,Bicycle,43,107,-64
E01033706,"Bus, minibus or coach",45,159,-114
E01033706,Driving a car or van,21,41,-20
E01033706,"Motorcycle, scooter or moped",0,19,-19
E01033706,Not in employment or aged 15 years and under,408,307,101
E01033706,On foot,120,333,-213
E01033706,Other method of travel to work,5,9,-4
E01033706,Passenger in a car or van,1,2,-1
E01033706,Taxi,11,4,7
E01033706,Train,11,42,-31
E01033706,"Underground, metro, light rail, tram",59,296,-237
E01033706,Work mainly at or from home,724,83,641
E01033708,Bicycle,67,104,-37
E01033708,"Bus, minibus or coach",42,119,-77
E01033708,Driving a car or van,30,34,-4
E01033708,"Motorcycle, scooter or moped",4,10,-6
E01033708,Not in employment or aged 15 years and under,607,301,306
E01033708,On foot,133,448,-315
E01033708,Other method of travel to work,10,8,2
E01033708,Passenger in a car or van,2,6,-4
E01033708,Taxi,4,15,-11
E01033708,Train,34,53,-19
E01033708,"Underground, metro, light rail, tram",106,299,-193
E01033708,Work mainly at or from home,831,131,700
E01033709,Bicycle,62,108,-46
E01033709,"Bus, minibus or coach",132,201,-69
E01033709,Driving a car or van,62,54,8
E01033709,"Motorcycle, scooter or moped",6,2,4
E01033709,Not in employment or aged 15 years and under,731,399,332
E01033709,On foot,128,268,-140
E01033709,Other method of travel to work,10,5,5
E01033709,Passenger in a car or van,1,5,-4
E01033709,Taxi,9,4,5
E01033709,Train,23,48,-25
E01033709,"Underground, metro, light rail, tram",76,268,-192
E01033709,Work mainly at or from home,583,35,548
E01033710,Bicycle,96,83,13
E01033710,"Bus, minibus or coach",73,156,-83
E01033710,Driving a car or van,51,71,-20
E01033710,"Motorcycle, scooter or moped",5,13,-8
E01033710,Not in employment or aged 15 years and under,497,283,214
E01033710,On foot,28,27,1
E01033710,Other method of travel to work,2,3,-1
E01033710,Passenger in a car or van,3,3,0
E01033710,Taxi,6,2,4
E01033710,Train,36,89,-53
E01033710,"Underground, metro, light rail, tram",46,104,-58
E01033710,Work mainly at or from home,289,19,270
E01033711,Bicycle,47,77,-30
E01033711,"Bus, minibus or coach",47,87,-40
E01033711,Driving a car or van,22,29,-7
E01033711,"Motorcycle, scooter or moped",3,7,-4
E01033711,Not in employment or aged 15 years and under,762,341,421
E01033711,On foot,118,194,-76
E01033711,Other method of travel to work,9,7,2
E01033711,Passenger in a car or van,4,3,1
E01033711,Taxi,6,4,2
E01033711,Train,15,27,-12
E01033711,"Underground, metro, light rail, tram",79,188,-109
E01033711,Work mainly at or from home,799,52,747
E01033712,Bicycle,91,178,-87
E01033712,"Bus, minibus or coach",81,199,-118
E01033712,Driving a car or van,55,82,-27
E01033712,"Motorcycle, scooter or moped",0,17,-17
E01033712,Not in employment or aged 15 years and under,641,384,257
E01033712,On foot,60,96,-36
E01033712,Other method of travel to work,13,8,5
E01033712,Passenger in a car or van,8,4,4
E01033712,Taxi,5,3,2
E01033712,Train,25,54,-29
E01033712,"Underground, metro, light rail, tram",72,189,-117
E01033712,Work mainly at or from home,497,53,444
E01033713,Bicycle,79,160,-81
E01033713,"Bus, minibus or coach",56,186,-130
E01033713,Driving a car or van,61,69,-8
E01033713,"Motorcycle, scooter or moped",2,5,-3
E01033713,Not in employment or aged 15 years and under,479,375,104
E01033713,On foot,56,46,10
E01033713,Other method of travel to work,6,5,1
E01033713,Passenger in a car or van,4,2,2
E01033713,Taxi,6,2,4
E01033713,Train,30,65,-35
E01033713,"Underground, metro, light rail, tram",55,127,-72
E01033713,Work mainly at or from home,485,32,453
E01033727,Bicycle,59,43,16
E01033727,"Bus, minibus or coach",103,159,-56
E01033727,Driving a car or van,150,153,-3
E01033727,"Motorcycle, scooter or moped",4,5,-1
E01033727,Not in employment or aged 15 years and under,1390,1119,271
E01033727,On foot,65,102,-37
E01033727,Other method of travel to work,7,8,-1
E01033727,Passenger in a car or van,11,13,-2
E01033727,Taxi,6,6,0
E01033727,Train,85,190,-105
E01033727,"Underground, metro, light rail, tram",128,258,-130
E01033727,Work mainly at or from home,703,46,657
E01033728,Bicycle,23,46,-23
E01033728,"Bus, minibus or coach",51,47,4
E01033728,Driving a car or van,86,103,-17
E01033728,"Motorcycle, scooter or moped",5,7,-2
E01033728,Not in employment or aged 15 years and under,513,192,321
E01033728,On foot,48,36,12
E01033728,Other method of travel to work,10,11,-1
E01033728,Passenger in a car or van,5,5,0
E01033728,Taxi,2,4,-2
E01033728,Train,85,226,-141
E01033728,"Underground, metro, light rail, tram",110,352,-242
E01033728,Work mainly at or from home,823,40,783
E01033729,Bicycle,7,19,-12
E01033729,"Bus, minibus or coach",148,200,-52
E01033729,Driving a car or van,262,334,-72
E01033729,"Motorcycle, scooter or moped",8,7,1
E01033729,Not in employment or aged 15 years and under,1612,1451,161
E01033729,On foot,55,95,-40
E01033729,Other method of travel to work,10,5,5
E01033729,Passenger in a car or van,24,43,-19
E01033729,Taxi,17,8,9
E01033729,Train,71,163,-92
E01033729,"Underground, metro, light rail, tram",43,53,-10
E01033729,Work mainly at or from home,230,22,208
E01033732,Bicycle,13,19,-6
E01033732,"Bus, minibus or coach",33,49,-16
E01033732,Driving a car or van,43,60,-17
E01033732,"Motorcycle, scooter or moped",1,5,-4
E01033732,Not in employment or aged 15 years and under,394,212,182
E01033732,On foot,22,18,4
E01033732,Other method of travel to work,4,3,1
E01033732,Passenger in a car or van,2,2,0
E01033732,Taxi,0,0,0
E01033732,Train,16,42,-26
E01033732,"Underground, metro, light rail, tram",120,412,-292
E01033732,Work mainly at or from home,417,20,397
E01033734,Bicycle,24,18,6
E01033734,"Bus, minibus or coach",59,60,-1
E01033734,Driving a car or van,84,100,-16
E01033734,"Motorcycle, scooter or moped",6,5,1
E01033734,Not in employment or aged 15 years and under,530,243,287
E01033734,On foot,43,35,8
E01033734,Other method of travel to work,9,50,-41
E01033734,Passenger in a car or van,7,4,3
E01033734,Taxi,4,2,2
E01033734,Train,67,195,-128
E01033734,"Underground, metro, light rail, tram",120,284,-164
E01033734,Work mainly at or from home,517,23,494
E01033735,Bicycle,12,8,4
E01033735,"Bus, minibus or coach",98,95,3
E01033735,Driving a car or van,47,69,-22
E01033735,"Motorcycle, scooter or moped",3,6,-3
E01033735,Not in employment or aged 15 years and under,554,313,241
E01033735,On foot,24,48,-24
E01033735,Other method of travel to work,6,7,-1
E01033735,Passenger in a car or van,6,8,-2
E01033735,Taxi,4,0,4
E01033735,Train,106,114,-8
E01033735,"Underground, metro, light rail, tram",165,182,-17
E01033735,Work mainly at or from home,235,17,218
E01033736,Bicycle,29,17,12
E01033736,"Bus, minibus or coach",93,32,61
E01033736,Driving a car or van,86,88,-2
E01033736,"Motorcycle, scooter or moped",7,6,1
E01033736,Not in employment or aged 15 years and under,537,148,389
E01033736,On foot,36,38,-2
E01033736,Other method of travel to work,14,101,-87
E01033736,Passenger in a car or van,5,4,1
E01033736,Taxi,4,2,2
E01033736,Train,87,193,-106
E01033736,"Underground, metro, light rail, tram",225,336,-111
E01033736,Work mainly at or from home,1119,36,1083
E01033737,Bicycle,12,7,5
E01033737,"Bus, minibus or coach",147,171,-24
E01033737,Driving a car or van,154,129,25
E01033737,"Motorcycle, scooter or moped",0,5,-5
E01033737,Not in employment or aged 15 years and under,924,440,484
E01033737,On foot,65,50,15
E01033737,Other method of travel to work,9,2,7
E01033737,Passenger in a car or van,15,7,8
E01033737,Taxi,4,0,4
E01033737,Train,91,105,-14
E01033737,"Underground, metro, light rail, tram",128,113,15
E01033737,Work mainly at or from home,381,20,361
E01033738,Bicycle,28,26,2
E01033738,"Bus, minibus or coach",44,54,-10
E01033738,Driving a car or van,118,95,23
E01033738,"Motorcycle, scooter or moped",4,3,1
E01033738,Not in employment or aged 15 years and under,776,220,556
E01033738,On foot,68,42,26
E01033738,Other method of travel to work,13,1,12
E01033738,Passenger in a car or van,5,5,0
E01033738,Taxi,1,2,-1
E01033738,Train,76,165,-89
E01033738,"Underground, metro, light rail, tram",144,190,-46
E01033738,Work mainly at or from home,587,26,561
E01033739,Bicycle,22,6,16
E01033739,"Bus, minibus or coach",122,135,-13
E01033739,Driving a car or van,205,181,24
E01033739,"Motorcycle, scooter or moped",0,13,-13
E01033739,Not in employment or aged 15 years and under,892,343,549
E01033739,On foot,18,23,-5
E01033739,Other method of travel to work,11,10,1
E01033739,Passenger in a car or van,12,5,7
E01033739,Taxi,6,2,4
E01033739,Train,56,128,-72
E01033739,"Underground, metro, light rail, tram",128,183,-55
E01033739,Work mainly at or from home,248,18,230
E01033740,Bicycle,15,6,9
E01033740,"Bus, minibus or coach",98,125,-27
E01033740,Driving a car or van,200,212,-12
E01033740,"Motorcycle, scooter or moped",5,12,-7
E01033740,Not in employment or aged 15 years and under,857,332,525
E01033740,On foot,22,18,4
E01033740,Other method of travel to work,13,19,-6
E01033740,Passenger in a car or van,12,14,-2
E01033740,Taxi,4,3,1
E01033740,Train,71,139,-68
E01033740,"Underground, metro, light rail, tram",121,164,-43
E01033740,Work mainly at or from home,215,33,182
E01033741,Bicycle,33,17,16
E01033741,"Bus, minibus or coach",121,121,0
E01033741,Driving a car or van,232,230,2
E01033741,"Motorcycle, scooter or moped",19,12,7
E01033741,Not in employment or aged 15 years and under,1691,1026,665
E01033741,On foot,72,66,6
E01033741,Other method of travel to work,18,21,-3
E01033741,Passenger in a car or van,13,21,-8
E01033741,Taxi,4,4,0
E01033741,Train,61,159,-98
E01033741,"Underground, metro, light rail, tram",132,190,-58
E01033741,Work mainly at or from home,305,34,271
E01033742,Bicycle,15,18,-3
E01033742,"Bus, minibus or coach",69,73,-4
E01033742,Driving a car or van,128,151,-23
E01033742,"Motorcycle, scooter or moped",5,11,-6
E01033742,Not in employment or aged 15 years and under,519,326,193
E01033742,On foot,21,39,-18
E01033742,Other method of travel to work,11,32,-21
E01033742,Passenger in a car or van,10,6,4
E01033742,Taxi,7,2,5
E01033742,Train,82,179,-97
E01033742,"Underground, metro, light rail, tram",144,225,-81
E01033742,Work mainly at or from home,327,27,300
E01033743,Bicycle,8,7,1
E01033743,"Bus, minibus or coach",123,188,-65
E01033743,Driving a car or van,276,244,32
E01033743,"Motorcycle, scooter or moped",3,10,-7
E01033743,Not in employment or aged 15 years and under,1078,445,633
E01033743,On foot,22,18,4
E01033743,Other method of travel to work,21,4,17
E01033743,Passenger in a car or van,21,15,6
E01033743,Taxi,3,6,-3
E01033743,Train,82,124,-42
E01033743,"Underground, metro, light rail, tram",106,171,-65
E01033743,Work mainly at or from home,206,30,176
E01033744,Bicycle,15,15,0
E01033744,"Bus, minibus or coach",119,136,-17
E01033744,Driving a car or van,181,199,-18
E01033744,"Motorcycle, scooter or moped",4,5,-1
E01033744,Not in employment or aged 15 years and under,961,501,460
E01033744,On foot,55,62,-7
E01033744,Other method of travel to work,15,11,4
E01033744,Passenger in a car or van,16,18,-2
E01033744,Taxi,5,2,3
E01033744,Train,83,156,-73
E01033744,"Underground, metro, light rail, tram",93,157,-64
E01033744,Work mainly at or from home,247,15,232
E01033745,Bicycle,6,8,-2
E01033745,"Bus, minibus or coach",99,152,-53
E01033745,Driving a car or van,236,272,-36
E01033745,"Motorcycle, scooter or moped",7,6,1
E01033745,Not in employment or aged 15 years and under,947,416,531
E01033745,On foot,30,33,-3
E01033745,Other method of travel to work,13,6,7
E01033745,Passenger in a car or van,27,20,7
E01033745,Taxi,1,2,-1
E01033745,Train,58,117,-59
E01033745,"Underground, metro, light rail, tram",114,148,-34
E01033745,Work mainly at or from home,244,24,220
E01033746,Bicycle,20,32,-12
E01033746,"Bus, minibus or coach",37,47,-10
E01033746,Driving a car or van,72,97,-25
E01033746,"Motorcycle, scooter or moped",1,6,-5
E01033746,Not in employment or aged 15 years and under,706,341,365
E01033746,On foot,31,52,-21
E01033746,Other method of travel to work,3,13,-10
E01033746,Passenger in a car or van,4,7,-3
E01033746,Taxi,0,2,-2
E01033746,Train,45,284,-239
E01033746,"Underground, metro, light rail, tram",60,203,-143
E01033746,Work mainly at or from home,494,45,449
E01033784,Bicycle,5,11,-6
E01033784,"Bus, minibus or coach",23,39,-16
E01033784,Driving a car or van,290,353,-63
E01033784,"Motorcycle, scooter or moped",4,6,-2
E01033784,Not in employment or aged 15 years and under,721,267,454
E01033784,On foot,45,30,15
E01033784,Other method of travel to work,5,3,2
E01033784,Passenger in a car or van,17,25,-8
E01033784,Taxi,4,8,-4
E01033784,Train,74,201,-127
E01033784,"Underground, metro, light rail, tram",45,40,5
E01033784,Work mainly at or from home,325,22,303
E01033785,Bicycle,2,0,2
E01033785,"Bus, minibus or coach",20,6,14
E01033785,Driving a car or van,183,49,134
E01033785,"Motorcycle, scooter or moped",0,0,0
E01033785,Not in employment or aged 15 years and under,509,77,432
E01033785,On foot,25,12,13
E01033785,Other method of travel to work,9,1,8
E01033785,Passenger in a car or van,17,2,15
E01033785,Taxi,0,0,0
E01033785,Train,114,53,61
E01033785,"Underground, metro, light rail, tram",66,11,55
E01033785,Work mainly at or from home,438,5,433
E01033786,Bicycle,6,2,4
E01033786,"Bus, minibus or coach",57,20,37
E01033786,Driving a car or van,114,39,75
E01033786,"Motorcycle, scooter or moped",2,0,2
E01033786,Not in employment or aged 15 years and under,571,32,539
E01033786,On foot,159,40,119
E01033786,Other method of travel to work,3,1,2
E01033786,Passenger in a car or van,7,2,5
E01033786,Taxi,1,0,1
E01033786,Train,74,25,49
E01033786,"Underground, metro, light rail, tram",77,12,65
E01033786,Work mainly at or from home,235,2,233
E01033787,Bicycle,8,5,3
E01033787,"Bus, minibus or coach",75,29,46
E01033787,Driving a car or van,144,63,81
E01033787,"Motorcycle, scooter or moped",4,2,2
E01033787,Not in employment or aged 15 years and under,630,91,539
E01033787,On foot,214,113,101
E01033787,Other method of travel to work,10,1,9
E01033787,Passenger in a car or van,14,5,9
E01033787,Taxi,4,0,4
E01033787,Train,67,32,35
E01033787,"Underground, metro, light rail, tram",82,14,68
E01033787,Work mainly at or from home,210,3,207
E01033788,Bicycle,4,6,-2
E01033788,"Bus, minibus or coach",56,66,-10
E01033788,Driving a car or van,237,259,-22
E01033788,"Motorcycle, scooter or moped",6,7,-1
E01033788,Not in employment or aged 15 years and under,834,272,562
E01033788,On foot,69,83,-14
E01033788,Other method of travel to work,6,5,1
E01033788,Passenger in a car or van,28,25,3
E01033788,Taxi,2,5,-3
E01033788,Train,51,95,-44
E01033788,"Underground, metro, light rail, tram",60,55,5
E01033788,Work mainly at or from home,206,8,198
E01033789,Bicycle,5,3,2
E01033789,"Bus, minibus or coach",46,15,31
E01033789,Driving a car or van,263,73,190
E01033789,"Motorcycle, scooter or moped",1,1,0
E01033789,Not in employment or aged 15 years and under,873,73,800
E01033789,On foot,17,9,8
E01033789,Other method of travel to work,10,0,10
E01033789,Passenger in a car or van,16,4,12
E01033789,Taxi,5,0,5
E01033789,Train,144,35,109
E01033789,"Underground, metro, light rail, tram",30,3,27
E01033789,Work mainly at or from home,361,8,353
E01033790,Bicycle,7,7,0
E01033790,"Bus, minibus or coach",73,57,16
E01033790,Driving a car or van,247,233,14
E01033790,"Motorcycle, scooter or moped",4,5,-1
E01033790,Not in employment or aged 15 years and under,740,383,357
E01033790,On foot,25,41,-16
E01033790,Other method of travel to work,4,2,2
E01033790,Passenger in a car or van,16,14,2
E01033790,Taxi,3,1,2
E01033790,Train,84,121,-37
E01033790,"Underground, metro, light rail, tram",8,11,-3
E01033790,Work mainly at or from home,125,7,118
E01033791,Bicycle,5,4,1
E01033791,"Bus, minibus or coach",59,36,23
E01033791,Driving a car or van,224,170,54
E01033791,"Motorcycle, scooter or moped",4,7,-3
E01033791,Not in employment or aged 15 years and under,707,196,511
E01033791,On foot,63,57,6
E01033791,Other method of travel to work,19,1,18
E01033791,Passenger in a car or van,16,14,2
E01033791,Taxi,1,1,0
E01033791,Train,87,77,10
E01033791,"Underground, metro, light rail, tram",5,7,-2
E01033791,Work mainly at or from home,187,10,177
E01033792,Bicycle,2,5,-3
E01033792,"Bus, minibus or coach",31,36,-5
E01033792,Driving a car or van,260,308,-48
E01033792,"Motorcycle, scooter or moped",1,7,-6
E01033792,Not in employment or aged 15 years and under,652,244,408
E01033792,On foot,18,39,-21
E01033792,Other method of travel to work,6,4,2
E01033792,Passenger in a car or van,15,18,-3
E01033792,Taxi,2,2,0
E01033792,Train,83,252,-169
E01033792,"Underground, metro, light rail, tram",15,11,4
E01033792,Work mainly at or from home,299,29,270
E01033862,Bicycle,39,52,-13
E01033862,"Bus, minibus or coach",35,82,-47
E01033862,Driving a car or van,42,35,7
E01033862,"Motorcycle, scooter or moped",3,9,-6
E01033862,Not in employment or aged 15 years and under,561,168,393
E01033862,On foot,84,102,-18
E01033862,Other method of travel to work,10,5,5
E01033862,Passenger in a car or van,2,4,-2
E01033862,Taxi,8,9,-1
E01033862,Train,32,35,-3
E01033862,"Underground, metro, light rail, tram",63,126,-63
E01033862,Work mainly at or from home,518,22,496
E01033863,Bicycle,43,50,-7
E01033863,"Bus, minibus or coach",94,174,-80
E01033863,Driving a car or van,46,81,-35
E01033863,"Motorcycle, scooter or moped",2,3,-1
E01033863,Not in employment or aged 15 years and under,698,431,267
E01033863,On foot,77,121,-44
E01033863,Other method of travel to work,8,2,6
E01033863,Passenger in a car or van,3,2,1
E01033863,Taxi,4,3,1
E01033863,Train,42,69,-27
E01033863,"Underground, metro, light rail, tram",86,178,-92
E01033863,Work mainly at or from home,221,29,192
E01033864,Bicycle,22,31,-9
E01033864,"Bus, minibus or coach",81,118,-37
E01033864,Driving a car or van,47,51,-4
E01033864,"Motorcycle, scooter or moped",4,5,-1
E01033864,Not in employment or aged 15 years and under,538,321,217
E01033864,On foot,36,49,-13
E01033864,Other method of travel to work,5,1,4
E01033864,Passenger in a car or van,0,3,-3
E01033864,Taxi,0,2,-2
E01033864,Train,30,32,-2
E01033864,"Underground, metro, light rail, tram",86,146,-60
E01033864,Work mainly at or from home,175,20,155
E01033865,Bicycle,40,39,1
E01033865,"Bus, minibus or coach",51,59,-8
E01033865,Driving a car or van,27,25,2
E01033865,"Motorcycle, scooter or moped",6,1,5
E01033865,Not in employment or aged 15 years and under,727,172,555
E01033865,On foot,46,61,-15
E01033865,Other method of travel to work,10,4,6
E01033865,Passenger in a car or van,4,2,2
E01033865,Taxi,5,0,5
E01033865,Train,27,32,-5
E01033865,"Underground, metro, light rail, tram",80,141,-61
E01033865,Work mainly at or from home,500,18,482
E01033866,Bicycle,32,0,32
E01033866,"Bus, minibus or coach",38,0,38
E01033866,Driving a car or van,9,0,9
E01033866,"Motorcycle, scooter or moped",1,0,1
E01033866,Not in employment or aged 15 years and under,384,0,384
E01033866,On foot,32,0,32
E01033866,Other method of travel to work,6,0,6
E01033866,Passenger in a car or van,4,0,4
E01033866,Taxi,3,0,3
E01033866,Train,25,0,25
E01033866,"Underground, metro, light rail, tram",69,0,69
E01033866,Work mainly at or from home,517,0,517
E01033867,Bicycle,26,65,-39
E01033867,"Bus, minibus or coach",58,106,-48
E01033867,Driving a car or van,40,60,-20
E01033867,"Motorcycle, scooter or moped",3,8,-5
E01033867,Not in employment or aged 15 years and under,789,580,209
E01033867,On foot,99,232,-133
E01033867,Other method of travel to work,9,4,5
E01033867,Passenger in a car or van,5,12,-7
E01033867,Taxi,2,1,1
E01033867,Train,27,37,-10
E01033867,"Underground, metro, light rail, tram",71,186,-115
E01033867,Work mainly at or from home,422,28,394
E01033868,Bicycle,29,59,-30
E01033868,"Bus, minibus or coach",29,75,-46
E01033868,Driving a car or van,21,25,-4
E01033868,"Motorcycle, scooter or moped",3,5,-2
E01033868,Not in employment or aged 15 years and under,670,137,533
E01033868,On foot,69,216,-147
E01033868,Other method of travel to work,9,10,-1
E01033868,Passenger in a car or van,1,1,0
E01033868,Taxi,3,5,-2
E01033868,Train,14,41,-27
E01033868,"Underground, metro, light rail, tram",59,161,-102
E01033868,Work mainly at or from home,504,30,474
E01033869,Bicycle,46,36,10
E01033869,"Bus, minibus or coach",60,102,-42
E01033869,Driving a car or van,78,54,24
E01033869,"Motorcycle, scooter or moped",11,4,7
E01033869,Not in employment or aged 15 years and under,739,246,493
E01033869,On foot,74,92,-18
E01033869,Other method of travel to work,10,2,8
E01033869,Passenger in a car or van,3,8,-5
E01033869,Taxi,5,0,5
E01033869,Train,26,35,-9
E01033869,"Underground, metro, light rail, tram",110,224,-114
E01033869,Work mainly at or from home,319,21,298
E01033870,Bicycle,49,30,19
E01033870,"Bus, minibus or coach",94,102,-8
E01033870,Driving a car or van,55,25,30
E01033870,"Motorcycle, scooter or moped",2,5,-3
E01033870,Not in employment or aged 15 years and under,536,176,360
E01033870,On foot,103,97,6
E01033870,Other method of travel to work,6,5,1
E01033870,Passenger in a car or van,3,1,2
E01033870,Taxi,6,2,4
E01033870,Train,20,18,2
E01033870,"Underground, metro, light rail, tram",132,97,35
E01033870,Work mainly at or from home,767,14,753
E01033871,Bicycle,43,55,-12
E01033871,"Bus, minibus or coach",54,139,-85
E01033871,Driving a car or van,64,59,5
E01033871,"Motorcycle, scooter or moped",6,9,-3
E01033871,Not in employment or aged 15 years and under,704,381,323
E01033871,On foot,59,131,-72
E01033871,Other method of travel to work,9,8,1
E01033871,Passenger in a car or van,3,5,-2
E01033871,Taxi,5,12,-7
E01033871,Train,22,34,-12
E01033871,"Underground, metro, light rail, tram",139,323,-184
E01033871,Work mainly at or from home,403,25,378
E01033872,Bicycle,30,54,-24
E01033872,"Bus, minibus or coach",82,180,-98
E01033872,Driving a car or van,87,64,23
E01033872,"Motorcycle, scooter or moped",8,7,1
E01033872,Not in employment or aged 15 years and under,508,283,225
E01033872,On foot,63,125,-62
E01033872,Other method of travel to work,9,1,8
E01033872,Passenger in a car or van,1,5,-4
E01033872,Taxi,1,0,1
E01033872,Train,19,26,-7
E01033872,"Underground, metro, light rail, tram",72,171,-99
E01033872,Work mainly at or from home,418,21,397
E01033873,Bicycle,50,39,11
E01033873,"Bus, minibus or coach",174,299,-125
E01033873,Driving a car or van,69,49,20
E01033873,"Motorcycle, scooter or moped",4,5,-1
E01033873,Not in employment or aged 15 years and under,944,536,408
E01033873,On foot,82,152,-70
E01033873,Other method of travel to work,8,2,6
E01033873,Passenger in a car or van,4,1,3
E01033873,Taxi,4,1,3
E01033873,Train,51,61,-10
E01033873,"Underground, metro, light rail, tram",88,215,-127
E01033873,Work mainly at or from home,301,30,271
E01033874,Bicycle,24,0,24
E01033874,"Bus, minibus or coach",38,0,38
E01033874,Driving a car or van,16,0,16
E01033874,"Motorcycle, scooter or moped",0,0,0
E01033874,Not in employment or aged 15 years and under,463,0,463
E01033874,On foot,51,0,51
E01033874,Other method of travel to work,0,0,0
E01033874,Passenger in a car or van,0,0,0
E01033874,Taxi,3,0,3
E01033874,Train,8,0,8
E01033874,"Underground, metro, light rail, tram",62,0,62
E01033874,Work mainly at or from home,484,0,484
E01033875,Bicycle,37,13,24
E01033875,"Bus, minibus or coach",90,96,-6
E01033875,Driving a car or van,35,27,8
E01033875,"Motorcycle, scooter or moped",1,2,-1
E01033875,Not in employment or aged 15 years and under,593,226,367
E01033875,On foot,69,45,24
E01033875,Other method of travel to work,1,1,0
E01033875,Passenger in a car or van,6,1,5
E01033875,Taxi,1,0,1
E01033875,Train,23,22,1
E01033875,"Underground, metro, light rail, tram",55,54,1
E01033875,Work mainly at or from home,408,17,391
E01033876,Bicycle,50,31,19
E01033876,"Bus, minibus or coach",65,107,-42
E01033876,Driving a car or van,37,16,21
E01033876,"Motorcycle, scooter or moped",2,5,-3
E01033876,Not in employment or aged 15 years and under,392,126,266
E01033876,On foot,72,45,27
E01033876,Other method of travel to work,8,1,7
E01033876,Passenger in a car or van,1,3,-2
E01033876,Taxi,3,1,2
E01033876,Train,17,14,3
E01033876,"Underground, metro, light rail, tram",70,67,3
E01033876,Work mainly at or from home,534,8,526
E01033877,Bicycle,57,34,23
E01033877,"Bus, minibus or coach",142,188,-46
E01033877,Driving a car or van,75,47,28
E01033877,"Motorcycle, scooter or moped",1,6,-5
E01033877,Not in employment or aged 15 years and under,657,285,372
E01033877,On foot,81,66,15
E01033877,Other method of travel to work,5,0,5
E01033877,Passenger in a car or van,5,1,4
E01033877,Taxi,5,2,3
E01033877,Train,20,29,-9
E01033877,"Underground, metro, light rail, tram",58,132,-74
E01033877,Work mainly at or from home,440,19,421
E01033878,Bicycle,34,35,-1
E01033878,"Bus, minibus or coach",143,199,-56
E01033878,Driving a car or van,50,57,-7
E01033878,"Motorcycle, scooter or moped",6,1,5
E01033878,Not in employment or aged 15 years and under,594,309,285
E01033878,On foot,44,55,-11
E01033878,Other method of travel to work,3,1,2
E01033878,Passenger in a car or van,0,4,-4
E01033878,Taxi,3,1,2
E01033878,Train,23,36,-13
E01033878,"Underground, metro, light rail, tram",33,58,-25
E01033878,Work mainly at or from home,177,18,159
E01033879,Bicycle,37,47,-10
E01033879,"Bus, minibus or coach",303,487,-184
E01033879,Driving a car or van,134,164,-30
E01033879,"Motorcycle, scooter or moped",12,4,8
E01033879,Not in employment or aged 15 years and under,1559,877,682
E01033879,On foot,70,90,-20
E01033879,Other method of travel to work,11,7,4
E01033879,Passenger in a car or van,14,15,-1
E01033879,Taxi,10,6,4
E01033879,Train,40,86,-46
E01033879,"Underground, metro, light rail, tram",101,131,-30
E01033879,Work mainly at or from home,257,35,222
E01033880,Bicycle,72,52,20
E01033880,"Bus, minibus or coach",431,211,220
E01033880,Driving a car or van,102,57,45
E01033880,"Motorcycle, scooter or moped",18,4,14
E01033880,Not in employment or aged 15 years and under,846,257,589
E01033880,On foot,93,39,54
E01033880,Other method of travel to work,31,3,28
E01033880,Passenger in a car or van,11,11,0
E01033880,Taxi,14,0,14
E01033880,Train,54,35,19
E01033880,"Underground, metro, light rail, tram",104,61,43
E01033880,Work mainly at or from home,355,18,337
E01033881,Bicycle,44,85,-41
E01033881,"Bus, minibus or coach",236,577,-341
E01033881,Driving a car or van,98,143,-45
E01033881,"Motorcycle, scooter or moped",5,9,-4
E01033881,Not in employment or aged 15 years and under,1054,1011,43
E01033881,On foot,75,129,-54
E01033881,Other method of travel to work,17,11,6
E01033881,Passenger in a car or van,6,9,-3
E01033881,Taxi,3,5,-2
E01033881,Train,29,102,-73
E01033881,"Underground, metro, light rail, tram",62,215,-153
E01033881,Work mainly at or from home,250,32,218
E01033882,Bicycle,57,42,15
E01033882,"Bus, minibus or coach",143,267,-124
E01033882,Driving a car or van,72,88,-16
E01033882,"Motorcycle, scooter or moped",5,7,-2
E01033882,Not in employment or aged 15 years and under,657,447,210
E01033882,On foot,68,64,4
E01033882,Other method of travel to work,8,2,6
E01033882,Passenger in a car or van,6,3,3
E01033882,Taxi,6,1,5
E01033882,Train,29,65,-36
E01033882,"Underground, metro, light rail, tram",43,89,-46
E01033882,Work mainly at or from home,311,27,284
E01033883,Bicycle,53,16,37
E01033883,"Bus, minibus or coach",158,171,-13
E01033883,Driving a car or van,93,72,21
E01033883,"Motorcycle, scooter or moped",5,4,1
E01033883,Not in employment or aged 15 years and under,745,356,389
E01033883,On foot,58,47,11
E01033883,Other method of travel to work,16,2,14
E01033883,Passenger in a car or van,5,3,2
E01033883,Taxi,2,2,0
E01033883,Train,53,38,15
E01033883,"Underground, metro, light rail, tram",57,52,5
E01033883,Work mainly at or from home,351,15,336
E01033884,Bicycle,24,15,9
E01033884,"Bus, minibus or coach",41,56,-15
E01033884,Driving a car or van,30,29,1
E01033884,"Motorcycle, scooter or moped",0,2,-2
E01033884,Not in employment or aged 15 years and under,389,140,249
E01033884,On foot,68,136,-68
E01033884,Other method of travel to work,9,3,6
E01033884,Passenger in a car or van,2,0,2
E01033884,Taxi,5,5,0
E01033884,Train,19,42,-23
E01033884,"Underground, metro, light rail, tram",65,156,-91
E01033884,Work mainly at or from home,456,22,434
E01033885,Bicycle,39,57,-18
E01033885,"Bus, minibus or coach",89,144,-55
E01033885,Driving a car or van,47,63,-16
E01033885,"Motorcycle, scooter or moped",5,5,0
E01033885,Not in employment or aged 15 years and under,585,392,193
E01033885,On foot,82,186,-104
E01033885,Other method of travel to work,8,3,5
E01033885,Passenger in a car or van,4,5,-1
E01033885,Taxi,4,5,-1
E01033885,Train,18,71,-53
E01033885,"Underground, metro, light rail, tram",69,201,-132
E01033885,Work mainly at or from home,374,27,347
E01033911,Bicycle,9,10,-1
E01033911,"Bus, minibus or coach",25,54,-29
E01033911,Driving a car or van,253,308,-55
E01033911,"Motorcycle, scooter or moped",5,6,-1
E01033911,Not in employment or aged 15 years and under,971,399,572
E01033911,On foot,18,96,-78
E01033911,Other method of travel to work,9,3,6
E01033911,Passenger in a car or van,8,13,-5
E01033911,Taxi,0,3,-3
E01033911,Train,10,26,-16
E01033911,"Underground, metro, light rail, tram",88,144,-56
E01033911,Work mainly at or from home,486,86,400
E01033912,Bicycle,3,3,0
E01033912,"Bus, minibus or coach",35,22,13
E01033912,Driving a car or van,184,100,84
E01033912,"Motorcycle, scooter or moped",2,1,1
E01033912,Not in employment or aged 15 years and under,841,166,675
E01033912,On foot,16,9,7
E01033912,Other method of travel to work,22,2,20
E01033912,Passenger in a car or van,8,2,6
E01033912,Taxi,2,1,1
E01033912,Train,24,11,13
E01033912,"Underground, metro, light rail, tram",82,84,-2
E01033912,Work mainly at or from home,478,12,466
E01033913,Bicycle,1,7,-6
E01033913,"Bus, minibus or coach",89,91,-2
E01033913,Driving a car or van,186,193,-7
E01033913,"Motorcycle, scooter or moped",6,2,4
E01033913,Not in employment or aged 15 years and under,949,377,572
E01033913,On foot,27,32,-5
E01033913,Other method of travel to work,10,8,2
E01033913,Passenger in a car or van,20,12,8
E01033913,Taxi,2,0,2
E01033913,Train,24,34,-10
E01033913,"Underground, metro, light rail, tram",78,184,-106
E01033913,Work mainly at or from home,137,19,118
E01033914,Bicycle,5,2,3
E01033914,"Bus, minibus or coach",103,128,-25
E01033914,Driving a car or van,255,200,55
E01033914,"Motorcycle, scooter or moped",5,3,2
E01033914,Not in employment or aged 15 years and under,1039,410,629
E01033914,On foot,52,42,10
E01033914,Other method of travel to work,8,0,8
E01033914,Passenger in a car or van,23,9,14
E01033914,Taxi,7,2,5
E01033914,Train,27,39,-12
E01033914,"Underground, metro, light rail, tram",165,148,17
E01033914,Work mainly at or from home,125,15,110
E01033915,Bicycle,3,0,3
E01033915,"Bus, minibus or coach",56,0,56
E01033915,Driving a car or van,126,0,126
E01033915,"Motorcycle, scooter or moped",1,0,1
E01033915,Not in employment or aged 15 years and under,937,0,937
E01033915,On foot,28,0,28
E01033915,Other method of travel to work,6,0,6
E01033915,Passenger in a car or van,8,0,8
E01033915,Taxi,6,0,6
E01033915,Train,13,0,13
E01033915,"Underground, metro, light rail, tram",68,0,68
E01033915,Work mainly at or from home,230,0,230
E01033916,Bicycle,10,14,-4
E01033916,"Bus, minibus or coach",94,113,-19
E01033916,Driving a car or van,182,231,-49
E01033916,"Motorcycle, scooter or moped",5,14,-9
E01033916,Not in employment or aged 15 years and under,956,357,599
E01033916,On foot,41,55,-14
E01033916,Other method of travel to work,18,3,15
E01033916,Passenger in a car or van,22,18,4
E01033916,Taxi,4,6,-2
E01033916,Train,36,40,-4
E01033916,"Underground, metro, light rail, tram",187,353,-166
E01033916,Work mainly at or from home,227,26,201
E01033917,Bicycle,9,4,5
E01033917,"Bus, minibus or coach",75,31,44
E01033917,Driving a car or van,160,99,61
E01033917,"Motorcycle, scooter or moped",6,4,2
E01033917,Not in employment or aged 15 years and under,647,196,451
E01033917,On foot,46,27,19
E01033917,Other method of travel to work,10,1,9
E01033917,Passenger in a car or van,8,2,6
E01033917,Taxi,7,0,7
E01033917,Train,11,21,-10
E01033917,"Underground, metro, light rail, tram",149,174,-25
E01033917,Work mainly at or from home,383,17,366
E01033918,Bicycle,6,4,2
E01033918,"Bus, minibus or coach",71,28,43
E01033918,Driving a car or van,117,84,33
E01033918,"Motorcycle, scooter or moped",3,1,2
E01033918,Not in employment or aged 15 years and under,735,506,229
E01033918,On foot,30,21,9
E01033918,Other method of travel to work,7,1,6
E01033918,Passenger in a car or van,5,10,-5
E01033918,Taxi,3,1,2
E01033918,Train,18,24,-6
E01033918,"Underground, metro, light rail, tram",141,137,4
E01033918,Work mainly at or from home,413,8,405
E01033919,Bicycle,2,0,2
E01033919,"Bus, minibus or coach",42,5,37
E01033919,Driving a car or van,118,22,96
E01033919,"Motorcycle, scooter or moped",4,0,4
E01033919,Not in employment or aged 15 years and under,505,54,451
E01033919,On foot,21,4,17
E01033919,Other method of travel to work,6,1,5
E01033919,Passenger in a car or van,7,4,3
E01033919,Taxi,4,0,4
E01033919,Train,18,2,16
E01033919,"Underground, metro, light rail, tram",160,37,123
E01033919,Work mainly at or from home,423,3,420
E01033920,Bicycle,7,1,6
E01033920,"Bus, minibus or coach",53,18,35
E01033920,Driving a car or van,139,64,75
E01033920,"Motorcycle, scooter or moped",2,3,-1
E01033920,Not in employment or aged 15 years and under,619,105,514
E01033920,On foot,22,14,8
E01033920,Other method of travel to work,22,1,21
E01033920,Passenger in a car or van,8,3,5
E01033920,Taxi,6,2,4
E01033920,Train,17,5,12
E01033920,"Underground, metro, light rail, tram",180,75,105
E01033920,Work mainly at or from home,444,5,439
E01033921,Bicycle,10,0,10
E01033921,"Bus, minibus or coach",60,0,60
E01033921,Driving a car or van,161,0,161
E01033921,"Motorcycle, scooter or moped",1,0,1
E01033921,Not in employment or aged 15 years and under,730,0,730
E01033921,On foot,35,0,35
E01033921,Other method of travel to work,9,0,9
E01033921,Passenger in a car or van,8,0,8
E01033921,Taxi,4,0,4
E01033921,Train,20,0,20
E01033921,"Underground, metro, light rail, tram",205,0,205
E01033921,Work mainly at or from home,408,0,408
E01033922,Bicycle,6,3,3
E01033922,"Bus, minibus or coach",59,27,32
E01033922,Driving a car or van,177,32,145
E01033922,"Motorcycle, scooter or moped",8,1,7
E01033922,Not in employment or aged 15 years and under,710,77,633
E01033922,On foot,40,21,19
E01033922,Other method of travel to work,12,0,12
E01033922,Passenger in a car or van,10,1,9
E01033922,Taxi,6,0,6
E01033922,Train,27,5,22
E01033922,"Underground, metro, light rail, tram",218,54,164
E01033922,Work mainly at or from home,429,1,428
E01033923,Bicycle,10,3,7
E01033923,"Bus, minibus or coach",71,32,39
E01033923,Driving a car or van,174,75,99
E01033923,"Motorcycle, scooter or moped",8,5,3
E01033923,Not in employment or aged 15 years and under,841,188,653
E01033923,On foot,37,18,19
E01033923,Other method of travel to work,13,1,12
E01033923,Passenger in a car or van,13,2,11
E01033923,Taxi,0,2,-2
E01033923,Train,20,14,6
E01033923,"Underground, metro, light rail, tram",135,100,35
E01033923,Work mainly at or from home,245,11,234
E01033924,Bicycle,5,5,0
E01033924,"Bus, minibus or coach",103,115,-12
E01033924,Driving a car or van,173,165,8
E01033924,"Motorcycle, scooter or moped",5,7,-2
E01033924,Not in employment or aged 15 years and under,892,430,462
E01033924,On foot,36,38,-2
E01033924,Other method of travel to work,8,5,3
E01033924,Passenger in a car or van,12,15,-3
E01033924,Taxi,6,1,5
E01033924,Train,27,33,-6
E01033924,"Underground, metro, light rail, tram",91,143,-52
E01033924,Work mainly at or from home,188,13,175
E01033925,Bicycle,11,6,5
E01033925,"Bus, minibus or coach",109,89,20
E01033925,Driving a car or van,197,197,0
E01033925,"Motorcycle, scooter or moped",7,4,3
E01033925,Not in employment or aged 15 years and under,859,283,576
E01033925,On foot,50,37,13
E01033925,Other method of travel to work,13,6,7
E01033925,Passenger in a car or van,18,19,-1
E01033925,Taxi,7,4,3
E01033925,Train,25,26,-1
E01033925,"Underground, metro, light rail, tram",142,119,23
E01033925,Work mainly at or from home,295,17,278
E01033926,Bicycle,17,18,-1
E01033926,"Bus, minibus or coach",149,231,-82
E01033926,Driving a car or van,325,421,-96
E01033926,"Motorcycle, scooter or moped",8,1,7
E01033926,Not in employment or aged 15 years and under,1631,1018,613
E01033926,On foot,73,106,-33
E01033926,Other method of travel to work,26,9,17
E01033926,Passenger in a car or van,11,15,-4
E01033926,Taxi,5,3,2
E01033926,Train,92,137,-45
E01033926,"Underground, metro, light rail, tram",67,92,-25
E01033926,Work mainly at or from home,236,22,214
E01033927,Bicycle,6,6,0
E01033927,"Bus, minibus or coach",83,81,2
E01033927,Driving a car or van,171,166,5
E01033927,"Motorcycle, scooter or moped",4,4,0
E01033927,Not in employment or aged 15 years and under,841,328,513
E01033927,On foot,63,46,17
E01033927,Other method of travel to work,14,8,6
E01033927,Passenger in a car or van,9,14,-5
E01033927,Taxi,1,1,0
E01033927,Train,30,28,2
E01033927,"Underground, metro, light rail, tram",160,328,-168
E01033927,Work mainly at or from home,269,29,240
E01033928,Bicycle,1,6,-5
E01033928,"Bus, minibus or coach",52,68,-16
E01033928,Driving a car or van,153,170,-17
E01033928,"Motorcycle, scooter or moped",3,7,-4
E01033928,Not in employment or aged 15 years and under,614,247,367
E01033928,On foot,33,23,10
E01033928,Other method of travel to work,11,5,6
E01033928,Passenger in a car or van,10,3,7
E01033928,Taxi,4,1,3
E01033928,Train,28,20,8
E01033928,"Underground, metro, light rail, tram",122,324,-202
E01033928,Work mainly at or from home,267,28,239
E01033929,Bicycle,6,0,6
E01033929,"Bus, minibus or coach",46,24,22
E01033929,Driving a car or van,131,66,65
E01033929,"Motorcycle, scooter or moped",3,2,1
E01033929,Not in employment or aged 15 years and under,609,100,509
E01033929,On foot,23,16,7
E01033929,Other method of travel to work,10,1,9
E01033929,Passenger in a car or van,8,2,6
E01033929,Taxi,3,0,3
E01033929,Train,15,7,8
E01033929,"Underground, metro, light rail, tram",139,42,97
E01033929,Work mainly at or from home,350,10,340
E01033930,Bicycle,6,5,1
E01033930,"Bus, minibus or coach",99,141,-42
E01033930,Driving a car or van,295,314,-19
E01033930,"Motorcycle, scooter or moped",5,3,2
E01033930,Not in employment or aged 15 years and under,975,517,458
E01033930,On foot,66,62,4
E01033930,Other method of travel to work,12,3,9
E01033930,Passenger in a car or van,26,29,-3
E01033930,Taxi,1,2,-1
E01033930,Train,27,28,-1
E01033930,"Underground, metro, light rail, tram",116,174,-58
E01033930,Work mainly at or from home,222,20,202
E01033931,Bicycle,7,3,4
E01033931,"Bus, minibus or coach",83,78,5
E01033931,Driving a car or van,113,111,2
E01033931,"Motorcycle, scooter or moped",8,6,2
E01033931,Not in employment or aged 15 years and under,785,355,430
E01033931,On foot,50,40,10
E01033931,Other method of travel to work,6,3,3
E01033931,Passenger in a car or van,9,6,3
E01033931,Taxi,1,1,0
E01033931,Train,34,50,-16
E01033931,"Underground, metro, light rail, tram",121,219,-98
E01033931,Work mainly at or from home,144,14,130
E01033932,Bicycle,9,1,8
E01033932,"Bus, minibus or coach",83,124,-41
E01033932,Driving a car or van,190,180,10
E01033932,"Motorcycle, scooter or moped",7,5,2
E01033932,Not in employment or aged 15 years and under,956,528,428
E01033932,On foot,59,47,12
E01033932,Other method of travel to work,19,9,10
E01033932,Passenger in a car or van,19,12,7
E01033932,Taxi,4,2,2
E01033932,Train,56,49,7
E01033932,"Underground, metro, light rail, tram",109,164,-55
E01033932,Work mainly at or from home,152,23,129
E01033933,Bicycle,8,10,-2
E01033933,"Bus, minibus or coach",82,163,-81
E01033933,Driving a car or van,164,262,-98
E01033933,"Motorcycle, scooter or moped",11,5,6
E01033933,Not in employment or aged 15 years and under,994,520,474
E01033933,On foot,32,67,-35
E01033933,Other method of travel to work,8,6,2
E01033933,Passenger in a car or van,14,33,-19
E01033933,Taxi,6,2,4
E01033933,Train,27,44,-17
E01033933,"Underground, metro, light rail, tram",47,122,-75
E01033933,Work mainly at or from home,86,18,68
E01033934,Bicycle,11,2,9
E01033934,"Bus, minibus or coach",97,89,8
E01033934,Driving a car or van,204,160,44
E01033934,"Motorcycle, scooter or moped",10,11,-1
E01033934,Not in employment or aged 15 years and under,1031,363,668
E01033934,On foot,32,30,2
E01033934,Other method of travel to work,12,0,12
E01033934,Passenger in a car or van,17,19,-2
E01033934,Taxi,5,0,5
E01033934,Train,23,22,1
E01033934,"Underground, metro, light rail, tram",63,85,-22
E01033934,Work mainly at or from home,130,12,118
E01033935,Bicycle,34,6,28
E01033935,"Bus, minibus or coach",224,211,13
E01033935,Driving a car or van,177,164,13
E01033935,"Motorcycle, scooter or moped",18,1,17
E01033935,Not in employment or aged 15 years and under,945,486,459
E01033935,On foot,122,92,30
E01033935,Other method of travel to work,19,4,15
E01033935,Passenger in a car or van,18,12,6
E01033935,Taxi,6,1,5
E01033935,Train,97,71,26
E01033935,"Underground, metro, light rail, tram",206,218,-12
E01033935,Work mainly at or from home,146,14,132
E01033936,Bicycle,29,9,20
E01033936,"Bus, minibus or coach",192,79,113
E01033936,Driving a car or van,95,66,29
E01033936,"Motorcycle, scooter or moped",3,3,0
E01033936,Not in employment or aged 15 years and under,762,218,544
E01033936,On foot,85,41,44
E01033936,Other method of travel to work,4,3,1
E01033936,Passenger in a car or van,8,9,-1
E01033936,Taxi,0,0,0
E01033936,Train,49,38,11
E01033936,"Underground, metro, light rail, tram",157,126,31
E01033936,Work mainly at or from home,257,7,250
E01033937,Bicycle,15,6,9
E01033937,"Bus, minibus or coach",83,95,-12
E01033937,Driving a car or van,119,91,28
E01033937,"Motorcycle, scooter or moped",9,3,6
E01033937,Not in employment or aged 15 years and under,651,390,261
E01033937,On foot,46,34,12
E01033937,Other method of travel to work,10,2,8
E01033937,Passenger in a car or van,10,8,2
E01033937,Taxi,5,0,5
E01033937,Train,21,25,-4
E01033937,"Underground, metro, light rail, tram",65,69,-4
E01033937,Work mainly at or from home,131,11,120
E01033938,Bicycle,14,4,10
E01033938,"Bus, minibus or coach",62,58,4
E01033938,Driving a car or van,128,69,59
E01033938,"Motorcycle, scooter or moped",2,2,0
E01033938,Not in employment or aged 15 years and under,744,230,514
E01033938,On foot,46,15,31
E01033938,Other method of travel to work,9,9,0
E01033938,Passenger in a car or van,5,2,3
E01033938,Taxi,2,1,1
E01033938,Train,24,24,0
E01033938,"Underground, metro, light rail, tram",75,40,35
E01033938,Work mainly at or from home,117,3,114
E01033939,Bicycle,30,5,25
E01033939,"Bus, minibus or coach",51,13,38
E01033939,Driving a car or van,209,59,150
E01033939,"Motorcycle, scooter or moped",13,2,11
E01033939,Not in employment or aged 15 years and under,934,76,858
E01033939,On foot,73,5,68
E01033939,Other method of travel to work,11,2,9
E01033939,Passenger in a car or van,16,1,15
E01033939,Taxi,4,0,4
E01033939,Train,23,8,15
E01033939,"Underground, metro, light rail, tram",144,61,83
E01033939,Work mainly at or from home,426,6,420
E01033940,Bicycle,8,0,8
E01033940,"Bus, minibus or coach",64,0,64
E01033940,Driving a car or van,67,0,67
E01033940,"Motorcycle, scooter or moped",3,0,3
E01033940,Not in employment or aged 15 years and under,1268,0,1268
E01033940,On foot,47,0,47
E01033940,Other method of travel to work,10,0,10
E01033940,Passenger in a car or van,3,0,3
E01033940,Taxi,5,0,5
E01033940,Train,42,0,42
E01033940,"Underground, metro, light rail, tram",205,0,205
E01033940,Work mainly at or from home,624,0,624
E01033941,Bicycle,17,10,7
E01033941,"Bus, minibus or coach",65,97,-32
E01033941,Driving a car or van,81,128,-47
E01033941,"Motorcycle, scooter or moped",3,6,-3
E01033941,Not in employment or aged 15 years and under,746,536,210
E01033941,On foot,29,43,-14
E01033941,Other method of travel to work,2,4,-2
E01033941,Passenger in a car or van,10,5,5
E01033941,Taxi,2,2,0
E01033941,Train,34,68,-34
E01033941,"Underground, metro, light rail, tram",157,293,-136
E01033941,Work mainly at or from home,406,15,391
E01033942,Bicycle,2,0,2
E01033942,"Bus, minibus or coach",37,0,37
E01033942,Driving a car or van,64,0,64
E01033942,"Motorcycle, scooter or moped",5,0,5
E01033942,Not in employment or aged 15 years and under,722,0,722
E01033942,On foot,29,0,29
E01033942,Other method of travel to work,6,0,6
E01033942,Passenger in a car or van,7,0,7
E01033942,Taxi,5,0,5
E01033942,Train,40,0,40
E01033942,"Underground, metro, light rail, tram",171,0,171
E01033942,Work mainly at or from home,518,0,518
E01033943,Bicycle,34,10,24
E01033943,"Bus, minibus or coach",129,145,-16
E01033943,Driving a car or van,143,97,46
E01033943,"Motorcycle, scooter or moped",16,4,12
E01033943,Not in employment or aged 15 years and under,1112,375,737
E01033943,On foot,57,25,32
E01033943,Other method of travel to work,7,1,6
E01033943,Passenger in a car or van,17,10,7
E01033943,Taxi,6,1,5
E01033943,Train,119,67,52
E01033943,"Underground, metro, light rail, tram",348,188,160
E01033943,Work mainly at or from home,524,15,509
E01033944,Bicycle,25,3,22
E01033944,"Bus, minibus or coach",126,15,111
E01033944,Driving a car or van,134,32,102
E01033944,"Motorcycle, scooter or moped",4,2,2
E01033944,Not in employment or aged 15 years and under,1514,160,1354
E01033944,On foot,50,8,42
E01033944,Other method of travel to work,10,2,8
E01033944,Passenger in a car or van,8,0,8
E01033944,Taxi,2,0,2
E01033944,Train,90,19,71
E01033944,"Underground, metro, light rail, tram",240,74,166
E01033944,Work mainly at or from home,331,3,328
E01033945,Bicycle,20,41,-21
E01033945,"Bus, minibus or coach",61,79,-18
E01033945,Driving a car or van,75,129,-54
E01033945,"Motorcycle, scooter or moped",8,15,-7
E01033945,Not in employment or aged 15 years and under,536,315,221
E01033945,On foot,48,37,11
E01033945,Other method of travel to work,6,4,2
E01033945,Passenger in a car or van,5,3,2
E01033945,Taxi,2,0,2
E01033945,Train,38,154,-116
E01033945,"Underground, metro, light rail, tram",99,313,-214
E01033945,Work mainly at or from home,473,29,444
E01033946,Bicycle,32,15,17
E01033946,"Bus, minibus or coach",51,30,21
E01033946,Driving a car or van,79,35,44
E01033946,"Motorcycle, scooter or moped",3,5,-2
E01033946,Not in employment or aged 15 years and under,417,67,350
E01033946,On foot,47,8,39
E01033946,Other method of travel to work,8,2,6
E01033946,Passenger in a car or van,2,1,1
E01033946,Taxi,3,0,3
E01033946,Train,33,59,-26
E01033946,"Underground, metro, light rail, tram",94,126,-32
E01033946,Work mainly at or from home,593,6,587
E01034026,Bicycle,20,6,14
E01034026,"Bus, minibus or coach",46,42,4
E01034026,Driving a car or van,51,63,-12
E01034026,"Motorcycle, scooter or moped",2,4,-2
E01034026,Not in employment or aged 15 years and under,1603,277,1326
E01034026,On foot,46,29,17
E01034026,Other method of travel to work,7,3,4
E01034026,Passenger in a car or van,10,7,3
E01034026,Taxi,2,0,2
E01034026,Train,37,36,1
E01034026,"Underground, metro, light rail, tram",285,325,-40
E01034026,Work mainly at or from home,399,13,386
E01034027,Bicycle,69,41,28
E01034027,"Bus, minibus or coach",113,124,-11
E01034027,Driving a car or van,153,231,-78
E01034027,"Motorcycle, scooter or moped",21,14,7
E01034027,Not in employment or aged 15 years and under,1472,487,985
E01034027,On foot,51,120,-69
E01034027,Other method of travel to work,27,7,20
E01034027,Passenger in a car or van,13,14,-1
E01034027,Taxi,3,1,2
E01034027,Train,41,82,-41
E01034027,"Underground, metro, light rail, tram",212,445,-233
E01034027,Work mainly at or from home,357,14,343
E01034028,Bicycle,29,25,4
E01034028,"Bus, minibus or coach",44,65,-21
E01034028,Driving a car or van,124,169,-45
E01034028,"Motorcycle, scooter or moped",14,10,4
E01034028,Not in employment or aged 15 years and under,501,266,235
E01034028,On foot,47,58,-11
E01034028,Other method of travel to work,7,3,4
E01034028,Passenger in a car or van,6,11,-5
E01034028,Taxi,1,2,-1
E01034028,Train,31,102,-71
E01034028,"Underground, metro, light rail, tram",117,250,-133
E01034028,Work mainly at or from home,304,29,275
E01034029,Bicycle,32,19,13
E01034029,"Bus, minibus or coach",48,58,-10
E01034029,Driving a car or van,93,154,-61
E01034029,"Motorcycle, scooter or moped",2,6,-4
E01034029,Not in employment or aged 15 years and under,667,243,424
E01034029,On foot,54,56,-2
E01034029,Other method of travel to work,8,3,5
E01034029,Passenger in a car or van,6,10,-4
E01034029,Taxi,4,0,4
E01034029,Train,22,82,-60
E01034029,"Underground, metro, light rail, tram",102,290,-188
E01034029,Work mainly at or from home,490,40,450
E01034030,Bicycle,31,32,-1
E01034030,"Bus, minibus or coach",81,114,-33
E01034030,Driving a car or van,101,223,-122
E01034030,"Motorcycle, scooter or moped",7,10,-3
E01034030,Not in employment or aged 15 years and under,776,347,429
E01034030,On foot,66,114,-48
E01034030,Other method of travel to work,12,7,5
E01034030,Passenger in a car or van,5,17,-12
E01034030,Taxi,4,1,3
E01034030,Train,36,133,-97
E01034030,"Underground, metro, light rail, tram",170,561,-391
E01034030,Work mainly at or from home,564,66,498
E01034031,Bicycle,15,0,15
E01034031,"Bus, minibus or coach",39,0,39
E01034031,Driving a car or van,62,0,62
E01034031,"Motorcycle, scooter or moped",1,0,1
E01034031,Not in employment or aged 15 years and under,598,0,598
E01034031,On foot,23,0,23
E01034031,Other method of travel to work,2,0,2
E01034031,Passenger in a car or van,9,0,9
E01034031,Taxi,3,0,3
E01034031,Train,14,0,14
E01034031,"Underground, metro, light rail, tram",86,0,86
E01034031,Work mainly at or from home,458,0,458
E01034032,Bicycle,32,38,-6
E01034032,"Bus, minibus or coach",88,108,-20
E01034032,Driving a car or van,226,209,17
E01034032,"Motorcycle, scooter or moped",7,11,-4
E01034032,Not in employment or aged 15 years and under,906,347,559
E01034032,On foot,60,76,-16
E01034032,Other method of travel to work,12,2,10
E01034032,Passenger in a car or van,17,8,9
E01034032,Taxi,4,4,0
E01034032,Train,42,95,-53
E01034032,"Underground, metro, light rail, tram",61,94,-33
E01034032,Work mainly at or from home,359,45,314
E01034033,Bicycle,43,29,14
E01034033,"Bus, minibus or coach",88,99,-11
E01034033,Driving a car or van,203,219,-16
E01034033,"Motorcycle, scooter or moped",10,14,-4
E01034033,Not in employment or aged 15 years and under,601,202,399
E01034033,On foot,64,59,5
E01034033,Other method of travel to work,14,12,2
E01034033,Passenger in a car or van,12,7,5
E01034033,Taxi,7,0,7
E01034033,Train,35,88,-53
E01034033,"Underground, metro, light rail, tram",82,83,-1
E01034033,Work mainly at or from home,596,35,561
E01034034,Bicycle,12,18,-6
E01034034,"Bus, minibus or coach",79,84,-5
E01034034,Driving a car or van,188,190,-2
E01034034,"Motorcycle, scooter or moped",5,9,-4
E01034034,Not in employment or aged 15 years and under,788,221,567
E01034034,On foot,62,39,23
E01034034,Other method of travel to work,20,3,17
E01034034,Passenger in a car or van,12,12,0
E01034034,Taxi,3,1,2
E01034034,Train,45,134,-89
E01034034,"Underground, metro, light rail, tram",41,50,-9
E01034034,Work mainly at or from home,420,25,395
E01034035,Bicycle,47,42,5
E01034035,"Bus, minibus or coach",50,93,-43
E01034035,Driving a car or van,174,322,-148
E01034035,"Motorcycle, scooter or moped",6,13,-7
E01034035,Not in employment or aged 15 years and under,704,269,435
E01034035,On foot,61,71,-10
E01034035,Other method of travel to work,8,5,3
E01034035,Passenger in a car or van,12,18,-6
E01034035,Taxi,1,2,-1
E01034035,Train,41,159,-118
E01034035,"Underground, metro, light rail, tram",39,71,-32
E01034035,Work mainly at or from home,438,45,393
E01034036,Bicycle,12,4,8
E01034036,"Bus, minibus or coach",189,152,37
E01034036,Driving a car or van,114,106,8
E01034036,"Motorcycle, scooter or moped",6,1,5
E01034036,Not in employment or aged 15 years and under,1009,312,697
E01034036,On foot,65,48,17
E01034036,Other method of travel to work,7,8,-1
E01034036,Passenger in a car or van,10,5,5
E01034036,Taxi,2,1,1
E01034036,Train,49,54,-5
E01034036,"Underground, metro, light rail, tram",156,210,-54
E01034036,Work mainly at or from home,233,27,206
E01034037,Bicycle,13,5,8
E01034037,"Bus, minibus or coach",141,80,61
E01034037,Driving a car or van,176,122,54
E01034037,"Motorcycle, scooter or moped",4,3,1
E01034037,Not in employment or aged 15 years and under,956,194,762
E01034037,On foot,58,30,28
E01034037,Other method of travel to work,6,4,2
E01034037,Passenger in a car or van,6,6,0
E01034037,Taxi,5,0,5
E01034037,Train,46,32,14
E01034037,"Underground, metro, light rail, tram",146,109,37
E01034037,Work mainly at or from home,295,19,276
E01034038,Bicycle,21,3,18
E01034038,"Bus, minibus or coach",177,64,113
E01034038,Driving a car or van,172,50,122
E01034038,"Motorcycle, scooter or moped",7,0,7
E01034038,Not in employment or aged 15 years and under,989,117,872
E01034038,On foot,63,21,42
E01034038,Other method of travel to work,3,2,1
E01034038,Passenger in a car or van,15,3,12
E01034038,Taxi,2,0,2
E01034038,Train,42,17,25
E01034038,"Underground, metro, light rail, tram",92,55,37
E01034038,Work mainly at or from home,214,14,200
E01034039,Bicycle,26,6,20
E01034039,"Bus, minibus or coach",162,124,38
E01034039,Driving a car or van,178,137,41
E01034039,"Motorcycle, scooter or moped",4,3,1
E01034039,Not in employment or aged 15 years and under,1036,215,821
E01034039,On foot,55,35,20
E01034039,Other method of travel to work,6,3,3
E01034039,Passenger in a car or van,11,7,4
E01034039,Taxi,3,1,2
E01034039,Train,37,27,10
E01034039,"Underground, metro, light rail, tram",65,93,-28
E01034039,Work mainly at or from home,151,26,125
E01034040,Bicycle,22,11,11
E01034040,"Bus, minibus or coach",201,180,21
E01034040,Driving a car or van,145,169,-24
E01034040,"Motorcycle, scooter or moped",3,3,0
E01034040,Not in employment or aged 15 years and under,868,344,524
E01034040,On foot,48,67,-19
E01034040,Other method of travel to work,3,1,2
E01034040,Passenger in a car or van,11,13,-2
E01034040,Taxi,5,2,3
E01034040,Train,47,56,-9
E01034040,"Underground, metro, light rail, tram",107,178,-71
E01034040,Work mainly at or from home,190,17,173
E01034041,Bicycle,19,21,-2
E01034041,"Bus, minibus or coach",162,137,25
E01034041,Driving a car or van,193,213,-20
E01034041,"Motorcycle, scooter or moped",7,5,2
E01034041,Not in employment or aged 15 years and under,745,330,415
E01034041,On foot,57,58,-1
E01034041,Other method of travel to work,12,3,9
E01034041,Passenger in a car or van,18,14,4
E01034041,Taxi,3,1,2
E01034041,Train,37,55,-18
E01034041,"Underground, metro, light rail, tram",63,121,-58
E01034041,Work mainly at or from home,164,30,134
E01034042,Bicycle,22,10,12
E01034042,"Bus, minibus or coach",66,54,12
E01034042,Driving a car or van,121,90,31
E01034042,"Motorcycle, scooter or moped",8,8,0
E01034042,Not in employment or aged 15 years and under,657,205,452
E01034042,On foot,45,34,11
E01034042,Other method of travel to work,6,3,3
E01034042,Passenger in a car or van,7,3,4
E01034042,Taxi,5,1,4
E01034042,Train,28,36,-8
E01034042,"Underground, metro, light rail, tram",42,38,4
E01034042,Work mainly at or from home,256,12,244
E01034043,Bicycle,23,15,8
E01034043,"Bus, minibus or coach",77,78,-1
E01034043,Driving a car or van,129,124,5
E01034043,"Motorcycle, scooter or moped",7,6,1
E01034043,Not in employment or aged 15 years and under,713,298,415
E01034043,On foot,44,38,6
E01034043,Other method of travel to work,13,0,13
E01034043,Passenger in a car or van,12,5,7
E01034043,Taxi,4,3,1
E01034043,Train,36,46,-10
E01034043,"Underground, metro, light rail, tram",41,57,-16
E01034043,Work mainly at or from home,341,22,319
E01034044,Bicycle,28,13,15
E01034044,"Bus, minibus or coach",44,41,3
E01034044,Driving a car or van,136,89,47
E01034044,"Motorcycle, scooter or moped",5,0,5
E01034044,Not in employment or aged 15 years and under,546,122,424
E01034044,On foot,35,23,12
E01034044,Other method of travel to work,12,0,12
E01034044,Passenger in a car or van,9,7,2
E01034044,Taxi,0,0,0
E01034044,Train,39,51,-12
E01034044,"Underground, metro, light rail, tram",23,60,-37
E01034044,Work mainly at or from home,360,26,334
E01034045,Bicycle,24,29,-5
E01034045,"Bus, minibus or coach",137,83,54
E01034045,Driving a car or van,199,143,56
E01034045,"Motorcycle, scooter or moped",23,11,12
E01034045,Not in employment or aged 15 years and under,641,165,476
E01034045,On foot,77,30,47
E01034045,Other method of travel to work,6,2,4
E01034045,Passenger in a car or van,15,5,10
E01034045,Taxi,7,1,6
E01034045,Train,45,54,-9
E01034045,"Underground, metro, light rail, tram",114,139,-25
E01034045,Work mainly at or from home,509,24,485
E01034046,Bicycle,36,24,12
E01034046,"Bus, minibus or coach",160,194,-34
E01034046,Driving a car or van,211,223,-12
E01034046,"Motorcycle, scooter or moped",3,6,-3
E01034046,Not in employment or aged 15 years and under,1181,597,584
E01034046,On foot,68,90,-22
E01034046,Other method of travel to work,5,4,1
E01034046,Passenger in a car or van,8,19,-11
E01034046,Taxi,5,0,5
E01034046,Train,31,52,-21
E01034046,"Underground, metro, light rail, tram",55,110,-55
E01034046,Work mainly at or from home,183,24,159
E01034139,Bicycle,13,6,7
E01034139,"Bus, minibus or coach",149,117,32
E01034139,Driving a car or van,216,141,75
E01034139,"Motorcycle, scooter or moped",9,0,9
E01034139,Not in employment or aged 15 years and under,965,419,546
E01034139,On foot,109,89,20
E01034139,Other method of travel to work,13,2,11
E01034139,Passenger in a car or van,17,8,9
E01034139,Taxi,9,1,8
E01034139,Train,72,90,-18
E01034139,"Underground, metro, light rail, tram",45,33,12
E01034139,Work mainly at or from home,194,16,178
E01034140,Bicycle,9,14,-5
E01034140,"Bus, minibus or coach",104,156,-52
E01034140,Driving a car or van,127,197,-70
E01034140,"Motorcycle, scooter or moped",3,11,-8
E01034140,Not in employment or aged 15 years and under,605,314,291
E01034140,On foot,85,120,-35
E01034140,Other method of travel to work,11,4,7
E01034140,Passenger in a car or van,6,10,-4
E01034140,Taxi,2,0,2
E01034140,Train,68,197,-129
E01034140,"Underground, metro, light rail, tram",34,62,-28
E01034140,Work mainly at or from home,190,21,169
E01034141,Bicycle,16,2,14
E01034141,"Bus, minibus or coach",99,46,53
E01034141,Driving a car or van,91,41,50
E01034141,"Motorcycle, scooter or moped",11,0,11
E01034141,Not in employment or aged 15 years and under,627,111,516
E01034141,On foot,65,46,19
E01034141,Other method of travel to work,13,0,13
E01034141,Passenger in a car or van,4,3,1
E01034141,Taxi,1,0,1
E01034141,Train,88,109,-21
E01034141,"Underground, metro, light rail, tram",42,21,21
E01034141,Work mainly at or from home,366,10,356
E01034142,Bicycle,7,4,3
E01034142,"Bus, minibus or coach",63,76,-13
E01034142,Driving a car or van,107,85,22
E01034142,"Motorcycle, scooter or moped",7,5,2
E01034142,Not in employment or aged 15 years and under,779,259,520
E01034142,On foot,71,98,-27
E01034142,Other method of travel to work,17,8,9
E01034142,Passenger in a car or van,11,7,4
E01034142,Taxi,1,0,1
E01034142,Train,95,259,-164
E01034142,"Underground, metro, light rail, tram",40,42,-2
E01034142,Work mainly at or from home,279,23,256
E01034143,Bicycle,8,0,8
E01034143,"Bus, minibus or coach",97,30,67
E01034143,Driving a car or van,84,26,58
E01034143,"Motorcycle, scooter or moped",7,0,7
E01034143,Not in employment or aged 15 years and under,466,67,399
E01034143,On foot,56,22,34
E01034143,Other method of travel to work,8,0,8
E01034143,Passenger in a car or van,14,1,13
E01034143,Taxi,1,2,-1
E01034143,Train,128,48,80
E01034143,"Underground, metro, light rail, tram",66,10,56
E01034143,Work mainly at or from home,370,10,360
E01034144,Bicycle,10,5,5
E01034144,"Bus, minibus or coach",71,42,29
E01034144,Driving a car or van,150,99,51
E01034144,"Motorcycle, scooter or moped",3,0,3
E01034144,Not in employment or aged 15 years and under,581,159,422
E01034144,On foot,56,61,-5
E01034144,Other method of travel to work,16,0,16
E01034144,Passenger in a car or van,2,8,-6
E01034144,Taxi,2,0,2
E01034144,Train,72,76,-4
E01034144,"Underground, metro, light rail, tram",76,26,50
E01034144,Work mainly at or from home,309,7,302
E01034145,Bicycle,8,8,0
E01034145,"Bus, minibus or coach",105,95,10
E01034145,Driving a car or van,100,108,-8
E01034145,"Motorcycle, scooter or moped",0,4,-4
E01034145,Not in employment or aged 15 years and under,720,333,387
E01034145,On foot,63,98,-35
E01034145,Other method of travel to work,9,3,6
E01034145,Passenger in a car or van,7,12,-5
E01034145,Taxi,3,0,3
E01034145,Train,75,140,-65
E01034145,"Underground, metro, light rail, tram",76,76,0
E01034145,Work mainly at or from home,161,20,141
E01034146,Bicycle,12,8,4
E01034146,"Bus, minibus or coach",64,39,25
E01034146,Driving a car or van,149,108,41
E01034146,"Motorcycle, scooter or moped",8,7,1
E01034146,Not in employment or aged 15 years and under,661,119,542
E01034146,On foot,43,34,9
E01034146,Other method of travel to work,2,4,-2
E01034146,Passenger in a car or van,10,9,1
E01034146,Taxi,3,0,3
E01034146,Train,85,121,-36
E01034146,"Underground, metro, light rail, tram",106,121,-15
E01034146,Work mainly at or from home,303,2,301
E01034147,Bicycle,6,0,6
E01034147,"Bus, minibus or coach",56,0,56
E01034147,Driving a car or van,35,0,35
E01034147,"Motorcycle, scooter or moped",4,0,4
E01034147,Not in employment or aged 15 years and under,270,0,270
E01034147,On foot,43,0,43
E01034147,Other method of travel to work,6,0,6
E01034147,Passenger in a car or van,2,0,2
E01034147,Taxi,5,0,5
E01034147,Train,124,0,124
E01034147,"Underground, metro, light rail, tram",31,0,31
E01034147,Work mainly at or from home,539,0,539
E01034148,Bicycle,7,0,7
E01034148,"Bus, minibus or coach",78,0,78
E01034148,Driving a car or van,86,0,86
E01034148,"Motorcycle, scooter or moped",5,0,5
E01034148,Not in employment or aged 15 years and under,552,0,552
E01034148,On foot,37,0,37
E01034148,Other method of travel to work,10,0,10
E01034148,Passenger in a car or van,5,0,5
E01034148,Taxi,2,0,2
E01034148,Train,187,0,187
E01034148,"Underground, metro, light rail, tram",51,0,51
E01034148,Work mainly at or from home,610,0,610
E01034149,Bicycle,13,11,2
E01034149,"Bus, minibus or coach",100,73,27
E01034149,Driving a car or van,167,179,-12
E01034149,"Motorcycle, scooter or moped",5,4,1
E01034149,Not in employment or aged 15 years and under,901,444,457
E01034149,On foot,95,201,-106
E01034149,Other method of travel to work,21,4,17
E01034149,Passenger in a car or van,8,9,-1
E01034149,Taxi,3,1,2
E01034149,Train,181,411,-230
E01034149,"Underground, metro, light rail, tram",50,85,-35
E01034149,Work mainly at or from home,571,35,536
E01034150,Bicycle,13,5,8
E01034150,"Bus, minibus or coach",88,48,40
E01034150,Driving a car or van,116,88,28
E01034150,"Motorcycle, scooter or moped",6,4,2
E01034150,Not in employment or aged 15 years and under,538,126,412
E01034150,On foot,58,82,-24
E01034150,Other method of travel to work,10,5,5
E01034150,Passenger in a car or van,9,6,3
E01034150,Taxi,1,0,1
E01034150,Train,129,153,-24
E01034150,"Underground, metro, light rail, tram",34,34,0
E01034150,Work mainly at or from home,345,19,326
E01034151,Bicycle,10,2,8
E01034151,"Bus, minibus or coach",59,44,15
E01034151,Driving a car or van,89,63,26
E01034151,"Motorcycle, scooter or moped",1,4,-3
E01034151,Not in employment or aged 15 years and under,391,115,276
E01034151,On foot,51,58,-7
E01034151,Other method of travel to work,5,2,3
E01034151,Passenger in a car or van,6,1,5
E01034151,Taxi,0,0,0
E01034151,Train,118,138,-20
E01034151,"Underground, metro, light rail, tram",45,27,18
E01034151,Work mainly at or from home,388,8,380
E01034152,Bicycle,11,11,0
E01034152,"Bus, minibus or coach",154,105,49
E01034152,Driving a car or van,141,171,-30
E01034152,"Motorcycle, scooter or moped",3,2,1
E01034152,Not in employment or aged 15 years and under,813,327,486
E01034152,On foot,86,115,-29
E01034152,Other method of travel to work,6,6,0
E01034152,Passenger in a car or van,13,10,3
E01034152,Taxi,0,3,-3
E01034152,Train,86,202,-116
E01034152,"Underground, metro, light rail, tram",45,45,0
E01034152,Work mainly at or from home,268,23,245
E01034153,Bicycle,16,31,-15
E01034153,"Bus, minibus or coach",64,50,14
E01034153,Driving a car or van,237,307,-70
E01034153,"Motorcycle, scooter or moped",5,10,-5
E01034153,Not in employment or aged 15 years and under,641,257,384
E01034153,On foot,44,39,5
E01034153,Other method of travel to work,7,5,2
E01034153,Passenger in a car or van,16,21,-5
E01034153,Taxi,0,4,-4
E01034153,Train,79,196,-117
E01034153,"Underground, metro, light rail, tram",28,62,-34
E01034153,Work mainly at or from home,259,16,243
E01034154,Bicycle,16,7,9
E01034154,"Bus, minibus or coach",54,17,37
E01034154,Driving a car or van,213,53,160
E01034154,"Motorcycle, scooter or moped",13,0,13
E01034154,Not in employment or aged 15 years and under,544,102,442
E01034154,On foot,20,5,15
E01034154,Other method of travel to work,8,0,8
E01034154,Passenger in a car or van,6,2,4
E01034154,Taxi,1,1,0
E01034154,Train,119,21,98
E01034154,"Underground, metro, light rail, tram",46,10,36
E01034154,Work mainly at or from home,489,7,482
E01034155,Bicycle,22,20,2
E01034155,"Bus, minibus or coach",145,86,59
E01034155,Driving a car or van,250,205,45
E01034155,"Motorcycle, scooter or moped",5,4,1
E01034155,Not in employment or aged 15 years and under,1031,314,717
E01034155,On foot,112,98,14
E01034155,Other method of travel to work,10,4,6
E01034155,Passenger in a car or van,16,11,5
E01034155,Taxi,3,0,3
E01034155,Train,55,81,-26
E01034155,"Underground, metro, light rail, tram",59,55,4
E01034155,Work mainly at or from home,343,19,324
E01034156,Bicycle,14,4,10
E01034156,"Bus, minibus or coach",83,80,3
E01034156,Driving a car or van,123,133,-10
E01034156,"Motorcycle, scooter or moped",2,2,0
E01034156,Not in employment or aged 15 years and under,584,159,425
E01034156,On foot,62,64,-2
E01034156,Other method of travel to work,16,5,11
E01034156,Passenger in a car or van,13,9,4
E01034156,Taxi,3,0,3
E01034156,Train,110,152,-42
E01034156,"Underground, metro, light rail, tram",30,27,3
E01034156,Work mainly at or from home,361,14,347
E01034173,Bicycle,9,14,-5
E01034173,"Bus, minibus or coach",139,294,-155
E01034173,Driving a car or van,172,249,-77
E01034173,"Motorcycle, scooter or moped",7,7,0
E01034173,Not in employment or aged 15 years and under,1114,1058,56
E01034173,On foot,57,84,-27
E01034173,Other method of travel to work,16,14,2
E01034173,Passenger in a car or van,15,20,-5
E01034173,Taxi,3,2,1
E01034173,Train,70,181,-111
E01034173,"Underground, metro, light rail, tram",77,160,-83
E01034173,Work mainly at or from home,180,32,148
E01034174,Bicycle,15,3,12
E01034174,"Bus, minibus or coach",21,25,-4
E01034174,Driving a car or van,73,51,22
E01034174,"Motorcycle, scooter or moped",4,2,2
E01034174,Not in employment or aged 15 years and under,610,116,494
E01034174,On foot,13,9,4
E01034174,Other method of travel to work,3,1,2
E01034174,Passenger in a car or van,3,4,-1
E01034174,Taxi,1,0,1
E01034174,Train,58,46,12
E01034174,"Underground, metro, light rail, tram",19,12,7
E01034174,Work mainly at or from home,430,3,427
E01034175,Bicycle,16,0,16
E01034175,"Bus, minibus or coach",20,31,-11
E01034175,Driving a car or van,78,41,37
E01034175,"Motorcycle, scooter or moped",3,3,0
E01034175,Not in employment or aged 15 years and under,352,148,204
E01034175,On foot,13,6,7
E01034175,Other method of travel to work,10,1,9
E01034175,Passenger in a car or van,1,3,-2
E01034175,Taxi,1,0,1
E01034175,Train,120,44,76
E01034175,"Underground, metro, light rail, tram",42,6,36
E01034175,Work mainly at or from home,647,5,642
E01034176,Bicycle,16,10,6
E01034176,"Bus, minibus or coach",95,117,-22
E01034176,Driving a car or van,276,227,49
E01034176,"Motorcycle, scooter or moped",12,14,-2
E01034176,Not in employment or aged 15 years and under,1114,490,624
E01034176,On foot,60,42,18
E01034176,Other method of travel to work,8,2,6
E01034176,Passenger in a car or van,22,14,8
E01034176,Taxi,3,1,2
E01034176,Train,99,149,-50
E01034176,"Underground, metro, light rail, tram",59,51,8
E01034176,Work mainly at or from home,255,21,234
E01034177,Bicycle,8,0,8
E01034177,"Bus, minibus or coach",74,0,74
E01034177,Driving a car or van,131,0,131
E01034177,"Motorcycle, scooter or moped",2,0,2
E01034177,Not in employment or aged 15 years and under,769,0,769
E01034177,On foot,33,0,33
E01034177,Other method of travel to work,7,0,7
E01034177,Passenger in a car or van,5,0,5
E01034177,Taxi,2,0,2
E01034177,Train,114,0,114
E01034177,"Underground, metro, light rail, tram",48,0,48
E01034177,Work mainly at or from home,413,0,413
E01034178,Bicycle,24,0,24
E01034178,"Bus, minibus or coach",42,0,42
E01034178,Driving a car or van,60,0,60
E01034178,"Motorcycle, scooter or moped",2,0,2
E01034178,Not in employment or aged 15 years and under,640,0,640
E01034178,On foot,30,0,30
E01034178,Other method of travel to work,8,0,8
E01034178,Passenger in a car or van,2,0,2
E01034178,Taxi,6,0,6
E01034178,Train,63,0,63
E01034178,"Underground, metro, light rail, tram",92,0,92
E01034178,Work mainly at or from home,727,0,727
E01034179,Bicycle,11,11,0
E01034179,"Bus, minibus or coach",66,76,-10
E01034179,Driving a car or van,66,52,14
E01034179,"Motorcycle, scooter or moped",2,5,-3
E01034179,Not in employment or aged 15 years and under,682,414,268
E01034179,On foot,36,46,-10
E01034179,Other method of travel to work,8,7,1
E01034179,Passenger in a car or van,8,4,4
E01034179,Taxi,4,2,2
E01034179,Train,40,61,-21
E01034179,"Underground, metro, light rail, tram",96,136,-40
E01034179,Work mainly at or from home,407,17,390
E01034180,Bicycle,7,20,-13
E01034180,"Bus, minibus or coach",78,89,-11
E01034180,Driving a car or van,83,70,13
E01034180,"Motorcycle, scooter or moped",3,5,-2
E01034180,Not in employment or aged 15 years and under,720,400,320
E01034180,On foot,51,74,-23
E01034180,Other method of travel to work,3,5,-2
E01034180,Passenger in a car or van,6,4,2
E01034180,Taxi,0,1,-1
E01034180,Train,44,122,-78
E01034180,"Underground, metro, light rail, tram",82,168,-86
E01034180,Work mainly at or from home,221,19,202
E01034181,Bicycle,16,10,6
E01034181,"Bus, minibus or coach",26,30,-4
E01034181,Driving a car or van,40,34,6
E01034181,"Motorcycle, scooter or moped",2,2,0
E01034181,Not in employment or aged 15 years and under,696,96,600
E01034181,On foot,35,32,3
E01034181,Other method of travel to work,11,1,10
E01034181,Passenger in a car or van,5,5,0
E01034181,Taxi,2,0,2
E01034181,Train,67,146,-79
E01034181,"Underground, metro, light rail, tram",122,153,-31
E01034181,Work mainly at or from home,783,10,773
E01034182,Bicycle,24,17,7
E01034182,"Bus, minibus or coach",35,21,14
E01034182,Driving a car or van,53,26,27
E01034182,"Motorcycle, scooter or moped",1,0,1
E01034182,Not in employment or aged 15 years and under,479,154,325
E01034182,On foot,34,24,10
E01034182,Other method of travel to work,7,3,4
E01034182,Passenger in a car or van,1,1,0
E01034182,Taxi,2,0,2
E01034182,Train,57,117,-60
E01034182,"Underground, metro, light rail, tram",95,119,-24
E01034182,Work mainly at or from home,610,12,598
E01034183,Bicycle,24,25,-1
E01034183,"Bus, minibus or coach",52,18,34
E01034183,Driving a car or van,72,55,17
E01034183,"Motorcycle, scooter or moped",1,2,-1
E01034183,Not in employment or aged 15 years and under,595,125,470
E01034183,On foot,22,33,-11
E01034183,Other method of travel to work,5,2,3
E01034183,Passenger in a car or van,2,3,-1
E01034183,Taxi,2,2,0
E01034183,Train,39,50,-11
E01034183,"Underground, metro, light rail, tram",122,115,7
E01034183,Work mainly at or from home,584,25,559
E01034184,Bicycle,10,13,-3
E01034184,"Bus, minibus or coach",33,10,23
E01034184,Driving a car or van,68,25,43
E01034184,"Motorcycle, scooter or moped",2,2,0
E01034184,Not in employment or aged 15 years and under,521,39,482
E01034184,On foot,7,6,1
E01034184,Other method of travel to work,10,0,10
E01034184,Passenger in a car or van,3,0,3
E01034184,Taxi,3,0,3
E01034184,Train,34,58,-24
E01034184,"Underground, metro, light rail, tram",62,77,-15
E01034184,Work mainly at or from home,536,11,525
E01034185,Bicycle,29,22,7
E01034185,"Bus, minibus or coach",29,36,-7
E01034185,Driving a car or van,55,74,-19
E01034185,"Motorcycle, scooter or moped",4,8,-4
E01034185,Not in employment or aged 15 years and under,431,147,284
E01034185,On foot,33,28,5
E01034185,Other method of travel to work,10,8,2
E01034185,Passenger in a car or van,7,8,-1
E01034185,Taxi,1,0,1
E01034185,Train,43,152,-109
E01034185,"Underground, metro, light rail, tram",67,127,-60
E01034185,Work mainly at or from home,498,28,470
E01034186,Bicycle,9,1,8
E01034186,"Bus, minibus or coach",43,6,37
E01034186,Driving a car or van,44,15,29
E01034186,"Motorcycle, scooter or moped",2,3,-1
E01034186,Not in employment or aged 15 years and under,322,25,297
E01034186,On foot,22,9,13
E01034186,Other method of travel to work,6,23,-17
E01034186,Passenger in a car or van,4,1,3
E01034186,Taxi,4,0,4
E01034186,Train,56,51,5
E01034186,"Underground, metro, light rail, tram",138,78,60
E01034186,Work mainly at or from home,709,11,698
E01034187,Bicycle,13,9,4
E01034187,"Bus, minibus or coach",48,75,-27
E01034187,Driving a car or van,65,64,1
E01034187,"Motorcycle, scooter or moped",2,5,-3
E01034187,Not in employment or aged 15 years and under,506,119,387
E01034187,On foot,22,40,-18
E01034187,Other method of travel to work,6,13,-7
E01034187,Passenger in a car or van,5,1,4
E01034187,Taxi,3,0,3
E01034187,Train,70,132,-62
E01034187,"Underground, metro, light rail, tram",114,176,-62
E01034187,Work mainly at or from home,406,19,387
E01034188,Bicycle,19,0,19
E01034188,"Bus, minibus or coach",48,0,48
E01034188,Driving a car or van,46,0,46
E01034188,"Motorcycle, scooter or moped",3,0,3
E01034188,Not in employment or aged 15 years and under,494,0,494
E01034188,On foot,22,0,22
E01034188,Other method of travel to work,4,0,4
E01034188,Passenger in a car or van,4,0,4
E01034188,Taxi,4,0,4
E01034188,Train,22,0,22
E01034188,"Underground, metro, light rail, tram",156,0,156
E01034188,Work mainly at or from home,575,0,575
E01034189,Bicycle,15,0,15
E01034189,"Bus, minibus or coach",25,0,25
E01034189,Driving a car or van,39,0,39
E01034189,"Motorcycle, scooter or moped",2,0,2
E01034189,Not in employment or aged 15 years and under,428,0,428
E01034189,On foot,15,0,15
E01034189,Other method of travel to work,3,0,3
E01034189,Passenger in a car or van,0,0,0
E01034189,Taxi,1,0,1
E01034189,Train,27,0,27
E01034189,"Underground, metro, light rail, tram",118,0,118
E01034189,Work mainly at or from home,603,0,603
E01034190,Bicycle,18,19,-1
E01034190,"Bus, minibus or coach",104,133,-29
E01034190,Driving a car or van,133,104,29
E01034190,"Motorcycle, scooter or moped",3,6,-3
E01034190,Not in employment or aged 15 years and under,861,502,359
E01034190,On foot,55,60,-5
E01034190,Other method of travel to work,9,7,2
E01034190,Passenger in a car or van,6,9,-3
E01034190,Taxi,8,1,7
E01034190,Train,36,76,-40
E01034190,"Underground, metro, light rail, tram",133,220,-87
E01034190,Work mainly at or from home,324,26,298
E01034191,Bicycle,22,3,19
E01034191,"Bus, minibus or coach",48,27,21
E01034191,Driving a car or van,63,41,22
E01034191,"Motorcycle, scooter or moped",1,1,0
E01034191,Not in employment or aged 15 years and under,608,103,505
E01034191,On foot,29,9,20
E01034191,Other method of travel to work,8,1,7
E01034191,Passenger in a car or van,1,3,-2
E01034191,Taxi,3,0,3
E01034191,Train,37,18,19
E01034191,"Underground, metro, light rail, tram",92,22,70
E01034191,Work mainly at or from home,731,7,724
E01034192,Bicycle,28,48,-20
E01034192,"Bus, minibus or coach",75,109,-34
E01034192,Driving a car or van,134,155,-21
E01034192,"Motorcycle, scooter or moped",2,10,-8
E01034192,Not in employment or aged 15 years and under,964,471,493
E01034192,On foot,88,96,-8
E01034192,Other method of travel to work,10,27,-17
E01034192,Passenger in a car or van,12,6,6
E01034192,Taxi,6,5,1
E01034192,Train,70,207,-137
E01034192,"Underground, metro, light rail, tram",97,258,-161
E01034192,Work mainly at or from home,760,48,712
E01034193,Bicycle,7,0,7
E01034193,"Bus, minibus or coach",49,0,49
E01034193,Driving a car or van,59,0,59
E01034193,"Motorcycle, scooter or moped",3,0,3
E01034193,Not in employment or aged 15 years and under,564,0,564
E01034193,On foot,25,0,25
E01034193,Other method of travel to work,5,0,5
E01034193,Passenger in a car or van,4,0,4
E01034193,Taxi,6,0,6
E01034193,Train,21,0,21
E01034193,"Underground, metro, light rail, tram",136,0,136
E01034193,Work mainly at or from home,599,0,599
E01034194,Bicycle,12,9,3
E01034194,"Bus, minibus or coach",20,9,11
E01034194,Driving a car or van,40,25,15
E01034194,"Motorcycle, scooter or moped",3,3,0
E01034194,Not in employment or aged 15 years and under,415,54,361
E01034194,On foot,20,6,14
E01034194,Other method of travel to work,5,5,0
E01034194,Passenger in a car or van,1,2,-1
E01034194,Taxi,3,0,3
E01034194,Train,29,11,18
E01034194,"Underground, metro, light rail, tram",149,173,-24
E01034194,Work mainly at or from home,604,15,589
E01034195,Bicycle,6,0,6
E01034195,"Bus, minibus or coach",43,0,43
E01034195,Driving a car or van,51,0,51
E01034195,"Motorcycle, scooter or moped",0,0,0
E01034195,Not in employment or aged 15 years and under,635,0,635
E01034195,On foot,33,0,33
E01034195,Other method of travel to work,10,0,10
E01034195,Passenger in a car or van,2,0,2
E01034195,Taxi,1,0,1
E01034195,Train,24,0,24
E01034195,"Underground, metro, light rail, tram",125,0,125
E01034195,Work mainly at or from home,359,0,359
E01034196,Bicycle,12,13,-1
E01034196,"Bus, minibus or coach",36,18,18
E01034196,Driving a car or van,48,44,4
E01034196,"Motorcycle, scooter or moped",4,6,-2
E01034196,Not in employment or aged 15 years and under,424,112,312
E01034196,On foot,28,8,20
E01034196,Other method of travel to work,3,3,0
E01034196,Passenger in a car or van,2,2,0
E01034196,Taxi,0,0,0
E01034196,Train,18,27,-9
E01034196,"Underground, metro, light rail, tram",145,393,-248
E01034196,Work mainly at or from home,560,27,533
E01034198,Bicycle,25,18,7
E01034198,"Bus, minibus or coach",173,278,-105
E01034198,Driving a car or van,209,307,-98
E01034198,"Motorcycle, scooter or moped",11,9,2
E01034198,Not in employment or aged 15 years and under,1118,708,410
E01034198,On foot,70,85,-15
E01034198,Other method of travel to work,11,17,-6
E01034198,Passenger in a car or van,20,15,5
E01034198,Taxi,3,2,1
E01034198,Train,90,195,-105
E01034198,"Underground, metro, light rail, tram",213,300,-87
E01034198,Work mainly at or from home,392,46,346
E01034199,Bicycle,21,19,2
E01034199,"Bus, minibus or coach",89,75,14
E01034199,Driving a car or van,93,101,-8
E01034199,"Motorcycle, scooter or moped",2,3,-1
E01034199,Not in employment or aged 15 years and under,925,454,471
E01034199,On foot,59,64,-5
E01034199,Other method of travel to work,9,4,5
E01034199,Passenger in a car or van,8,5,3
E01034199,Taxi,4,1,3
E01034199,Train,104,140,-36
E01034199,"Underground, metro, light rail, tram",242,506,-264
E01034199,Work mainly at or from home,262,21,241
E01034200,Bicycle,16,14,2
E01034200,"Bus, minibus or coach",39,52,-13
E01034200,Driving a car or van,59,47,12
E01034200,"Motorcycle, scooter or moped",5,5,0
E01034200,Not in employment or aged 15 years and under,609,234,375
E01034200,On foot,33,39,-6
E01034200,Other method of travel to work,5,5,0
E01034200,Passenger in a car or van,4,11,-7
E01034200,Taxi,3,0,3
E01034200,Train,49,103,-54
E01034200,"Underground, metro, light rail, tram",225,328,-103
E01034200,Work mainly at or from home,524,11,513
E01034201,Bicycle,15,6,9
E01034201,"Bus, minibus or coach",77,51,26
E01034201,Driving a car or van,117,64,53
E01034201,"Motorcycle, scooter or moped",4,2,2
E01034201,Not in employment or aged 15 years and under,796,292,504
E01034201,On foot,35,31,4
E01034201,Other method of travel to work,8,2,6
E01034201,Passenger in a car or van,8,4,4
E01034201,Taxi,5,0,5
E01034201,Train,44,39,5
E01034201,"Underground, metro, light rail, tram",189,120,69
E01034201,Work mainly at or from home,155,8,147
E01034202,Bicycle,12,6,6
E01034202,"Bus, minibus or coach",87,93,-6
E01034202,Driving a car or van,119,92,27
E01034202,"Motorcycle, scooter or moped",4,5,-1
E01034202,Not in employment or aged 15 years and under,842,381,461
E01034202,On foot,44,32,12
E01034202,Other method of travel to work,18,14,4
E01034202,Passenger in a car or van,19,3,16
E01034202,Taxi,3,2,1
E01034202,Train,88,90,-2
E01034202,"Underground, metro, light rail, tram",232,195,37
E01034202,Work mainly at or from home,182,15,167
E01034203,Bicycle,16,0,16
E01034203,"Bus, minibus or coach",49,28,21
E01034203,Driving a car or van,97,31,66
E01034203,"Motorcycle, scooter or moped",5,0,5
E01034203,Not in employment or aged 15 years and under,568,154,414
E01034203,On foot,24,13,11
E01034203,Other method of travel to work,18,2,16
E01034203,Passenger in a car or van,4,1,3
E01034203,Taxi,13,0,13
E01034203,Train,43,19,24
E01034203,"Underground, metro, light rail, tram",283,67,216
E01034203,Work mainly at or from home,243,4,239
E01034204,Bicycle,21,9,12
E01034204,"Bus, minibus or coach",86,112,-26
E01034204,Driving a car or van,190,175,15
E01034204,"Motorcycle, scooter or moped",7,2,5
E01034204,Not in employment or aged 15 years and under,1164,609,555
E01034204,On foot,59,73,-14
E01034204,Other method of travel to work,16,1,15
E01034204,Passenger in a car or van,17,12,5
E01034204,Taxi,5,1,4
E01034204,Train,89,85,4
E01034204,"Underground, metro, light rail, tram",197,294,-97
E01034204,Work mainly at or from home,138,16,122
E01034205,Bicycle,18,18,0
E01034205,"Bus, minibus or coach",60,77,-17
E01034205,Driving a car or van,180,168,12
E01034205,"Motorcycle, scooter or moped",6,9,-3
E01034205,Not in employment or aged 15 years and under,760,377,383
E01034205,On foot,27,36,-9
E01034205,Other method of travel to work,19,9,10
E01034205,Passenger in a car or van,16,11,5
E01034205,Taxi,4,2,2
E01034205,Train,52,72,-20
E01034205,"Underground, metro, light rail, tram",172,314,-142
E01034205,Work mainly at or from home,246,32,214
E01034206,Bicycle,17,0,17
E01034206,"Bus, minibus or coach",66,20,46
E01034206,Driving a car or van,156,30,126
E01034206,"Motorcycle, scooter or moped",8,2,6
E01034206,Not in employment or aged 15 years and under,854,150,704
E01034206,On foot,23,13,10
E01034206,Other method of travel to work,8,1,7
E01034206,Passenger in a car or van,9,1,8
E01034206,Taxi,8,0,8
E01034206,Train,73,9,64
E01034206,"Underground, metro, light rail, tram",174,30,144
E01034206,Work mainly at or from home,372,4,368
E01034207,Bicycle,23,6,17
E01034207,"Bus, minibus or coach",30,18,12
E01034207,Driving a car or van,109,92,17
E01034207,"Motorcycle, scooter or moped",7,9,-2
E01034207,Not in employment or aged 15 years and under,483,158,325
E01034207,On foot,18,8,10
E01034207,Other method of travel to work,10,7,3
E01034207,Passenger in a car or van,5,8,-3
E01034207,Taxi,3,0,3
E01034207,Train,45,46,-1
E01034207,"Underground, metro, light rail, tram",270,277,-7
E01034207,Work mainly at or from home,538,24,514
E01034208,Bicycle,17,12,5
E01034208,"Bus, minibus or coach",77,85,-8
E01034208,Driving a car or van,122,158,-36
E01034208,"Motorcycle, scooter or moped",4,2,2
E01034208,Not in employment or aged 15 years and under,1186,662,524
E01034208,On foot,44,58,-14
E01034208,Other method of travel to work,14,8,6
E01034208,Passenger in a car or van,10,13,-3
E01034208,Taxi,6,2,4
E01034208,Train,88,84,4
E01034208,"Underground, metro, light rail, tram",217,323,-106
E01034208,Work mainly at or from home,166,14,152
E01034209,Bicycle,16,3,13
E01034209,"Bus, minibus or coach",21,23,-2
E01034209,Driving a car or van,51,21,30
E01034209,"Motorcycle, scooter or moped",2,2,0
E01034209,Not in employment or aged 15 years and under,433,122,311
E01034209,On foot,19,10,9
E01034209,Other method of travel to work,8,10,-2
E01034209,Passenger in a car or van,5,1,4
E01034209,Taxi,3,1,2
E01034209,Train,37,31,6
E01034209,"Underground, metro, light rail, tram",242,214,28
E01034209,Work mainly at or from home,649,9,640
E01034210,Bicycle,17,9,8
E01034210,"Bus, minibus or coach",28,35,-7
E01034210,Driving a car or van,77,60,17
E01034210,"Motorcycle, scooter or moped",5,4,1
E01034210,Not in employment or aged 15 years and under,524,265,259
E01034210,On foot,25,19,6
E01034210,Other method of travel to work,8,4,4
E01034210,Passenger in a car or van,3,5,-2
E01034210,Taxi,0,0,0
E01034210,Train,45,40,5
E01034210,"Underground, metro, light rail, tram",258,379,-121
E01034210,Work mainly at or from home,547,16,531
E01034211,Bicycle,14,3,11
E01034211,"Bus, minibus or coach",17,9,8
E01034211,Driving a car or van,73,17,56
E01034211,"Motorcycle, scooter or moped",0,2,-2
E01034211,Not in employment or aged 15 years and under,283,68,215
E01034211,On foot,13,5,8
E01034211,Other method of travel to work,11,1,10
E01034211,Passenger in a car or van,4,2,2
E01034211,Taxi,3,0,3
E01034211,Train,16,12,4
E01034211,"Underground, metro, light rail, tram",217,141,76
E01034211,Work mainly at or from home,783,2,781
E01034212,Bicycle,29,34,-5
E01034212,"Bus, minibus or coach",26,27,-1
E01034212,Driving a car or van,56,139,-83
E01034212,"Motorcycle, scooter or moped",6,7,-1
E01034212,Not in employment or aged 15 years and under,568,392,176
E01034212,On foot,26,30,-4
E01034212,Other method of travel to work,9,12,-3
E01034212,Passenger in a car or van,14,13,1
E01034212,Taxi,2,3,-1
E01034212,Train,47,157,-110
E01034212,"Underground, metro, light rail, tram",278,1105,-827
E01034212,Work mainly at or from home,866,59,807
E01034213,Bicycle,45,0,45
E01034213,"Bus, minibus or coach",34,0,34
E01034213,Driving a car or van,76,0,76
E01034213,"Motorcycle, scooter or moped",1,0,1
E01034213,Not in employment or aged 15 years and under,749,0,749
E01034213,On foot,35,0,35
E01034213,Other method of travel to work,7,0,7
E01034213,Passenger in a car or van,8,0,8
E01034213,Taxi,3,0,3
E01034213,Train,56,0,56
E01034213,"Underground, metro, light rail, tram",151,0,151
E01034213,Work mainly at or from home,624,0,624
E01034214,Bicycle,33,0,33
E01034214,"Bus, minibus or coach",11,0,11
E01034214,Driving a car or van,63,0,63
E01034214,"Motorcycle, scooter or moped",4,0,4
E01034214,Not in employment or aged 15 years and under,471,0,471
E01034214,On foot,39,0,39
E01034214,Other method of travel to work,4,0,4
E01034214,Passenger in a car or van,1,0,1
E01034214,Taxi,0,0,0
E01034214,Train,48,0,48
E01034214,"Underground, metro, light rail, tram",150,0,150
E01034214,Work mainly at or from home,732,0,732
E01034215,Bicycle,30,0,30
E01034215,"Bus, minibus or coach",24,0,24
E01034215,Driving a car or van,51,0,51
E01034215,"Motorcycle, scooter or moped",0,0,0
E01034215,Not in employment or aged 15 years and under,549,0,549
E01034215,On foot,48,0,48
E01034215,Other method of travel to work,12,0,12
E01034215,Passenger in a car or van,1,0,1
E01034215,Taxi,4,0,4
E01034215,Train,38,0,38
E01034215,"Underground, metro, light rail, tram",118,0,118
E01034215,Work mainly at or from home,660,0,660
E01034216,Bicycle,32,0,32
E01034216,"Bus, minibus or coach",30,0,30
E01034216,Driving a car or van,63,0,63
E01034216,"Motorcycle, scooter or moped",5,0,5
E01034216,Not in employment or aged 15 years and under,550,0,550
E01034216,On foot,42,0,42
E01034216,Other method of travel to work,8,0,8
E01034216,Passenger in a car or van,4,0,4
E01034216,Taxi,3,0,3
E01034216,Train,47,0,47
E01034216,"Underground, metro, light rail, tram",212,0,212
E01034216,Work mainly at or from home,708,0,708
E01034217,Bicycle,60,0,60
E01034217,"Bus, minibus or coach",18,0,18
E01034217,Driving a car or van,54,0,54
E01034217,"Motorcycle, scooter or moped",2,0,2
E01034217,Not in employment or aged 15 years and under,877,0,877
E01034217,On foot,46,0,46
E01034217,Other method of travel to work,11,0,11
E01034217,Passenger in a car or van,10,0,10
E01034217,Taxi,3,0,3
E01034217,Train,49,0,49
E01034217,"Underground, metro, light rail, tram",167,0,167
E01034217,Work mainly at or from home,746,0,746
E01034218,Bicycle,32,17,15
E01034218,"Bus, minibus or coach",59,62,-3
E01034218,Driving a car or van,113,90,23
E01034218,"Motorcycle, scooter or moped",5,2,3
E01034218,Not in employment or aged 15 years and under,855,309,546
E01034218,On foot,61,36,25
E01034218,Other method of travel to work,15,2,13
E01034218,Passenger in a car or van,10,6,4
E01034218,Taxi,3,2,1
E01034218,Train,70,65,5
E01034218,"Underground, metro, light rail, tram",212,249,-37
E01034218,Work mainly at or from home,384,12,372
E01034219,Bicycle,27,0,27
E01034219,"Bus, minibus or coach",24,0,24
E01034219,Driving a car or van,64,0,64
E01034219,"Motorcycle, scooter or moped",0,0,0
E01034219,Not in employment or aged 15 years and under,784,0,784
E01034219,On foot,23,0,23
E01034219,Other method of travel to work,8,0,8
E01034219,Passenger in a car or van,6,0,6
E01034219,Taxi,6,0,6
E01034219,Train,33,0,33
E01034219,"Underground, metro, light rail, tram",168,0,168
E01034219,Work mainly at or from home,744,0,744
E01034220,Bicycle,13,1,12
E01034220,"Bus, minibus or coach",9,5,4
E01034220,Driving a car or van,19,9,10
E01034220,"Motorcycle, scooter or moped",1,1,0
E01034220,Not in employment or aged 15 years and under,364,21,343
E01034220,On foot,17,2,15
E01034220,Other method of travel to work,8,1,7
E01034220,Passenger in a car or van,1,0,1
E01034220,Taxi,4,0,4
E01034220,Train,35,20,15
E01034220,"Underground, metro, light rail, tram",144,57,87
E01034220,Work mainly at or from home,618,1,617
E01034221,Bicycle,26,17,9
E01034221,"Bus, minibus or coach",51,110,-59
E01034221,Driving a car or van,89,115,-26
E01034221,"Motorcycle, scooter or moped",3,4,-1
E01034221,Not in employment or aged 15 years and under,851,505,346
E01034221,On foot,41,52,-11
E01034221,Other method of travel to work,7,4,3
E01034221,Passenger in a car or van,7,7,0
E01034221,Taxi,4,1,3
E01034221,Train,68,151,-83
E01034221,"Underground, metro, light rail, tram",207,539,-332
E01034221,Work mainly at or from home,426,35,391
E01034222,Bicycle,30,11,19
E01034222,"Bus, minibus or coach",46,29,17
E01034222,Driving a car or van,66,25,41
E01034222,"Motorcycle, scooter or moped",5,4,1
E01034222,Not in employment or aged 15 years and under,567,119,448
E01034222,On foot,49,23,26
E01034222,Other method of travel to work,8,2,6
E01034222,Passenger in a car or van,3,2,1
E01034222,Taxi,9,1,8
E01034222,Train,52,45,7
E01034222,"Underground, metro, light rail, tram",169,253,-84
E01034222,Work mainly at or from home,525,6,519
E01034223,Bicycle,33,8,25
E01034223,"Bus, minibus or coach",52,31,21
E01034223,Driving a car or van,52,31,21
E01034223,"Motorcycle, scooter or moped",3,1,2
E01034223,Not in employment or aged 15 years and under,427,224,203
E01034223,On foot,27,16,11
E01034223,Other method of travel to work,13,4,9
E01034223,Passenger in a car or van,3,4,-1
E01034223,Taxi,6,0,6
E01034223,Train,41,48,-7
E01034223,"Underground, metro, light rail, tram",202,186,16
E01034223,Work mainly at or from home,520,6,514
E01034224,Bicycle,8,12,-4
E01034224,"Bus, minibus or coach",53,45,8
E01034224,Driving a car or van,134,135,-1
E01034224,"Motorcycle, scooter or moped",9,5,4
E01034224,Not in employment or aged 15 years and under,914,377,537
E01034224,On foot,42,37,5
E01034224,Other method of travel to work,15,4,11
E01034224,Passenger in a car or van,11,16,-5
E01034224,Taxi,6,3,3
E01034224,Train,94,47,47
E01034224,"Underground, metro, light rail, tram",213,294,-81
E01034224,Work mainly at or from home,254,19,235
E01034225,Bicycle,11,8,3
E01034225,"Bus, minibus or coach",37,37,0
E01034225,Driving a car or van,118,96,22
E01034225,"Motorcycle, scooter or moped",4,2,2
E01034225,Not in employment or aged 15 years and under,702,290,412
E01034225,On foot,23,21,2
E01034225,Other method of travel to work,13,2,11
E01034225,Passenger in a car or van,6,13,-7
E01034225,Taxi,5,5,0
E01034225,Train,79,52,27
E01034225,"Underground, metro, light rail, tram",162,244,-82
E01034225,Work mainly at or from home,342,15,327
E01034226,Bicycle,17,1,16
E01034226,"Bus, minibus or coach",22,3,19
E01034226,Driving a car or van,86,24,62
E01034226,"Motorcycle, scooter or moped",11,0,11
E01034226,Not in employment or aged 15 years and under,524,33,491
E01034226,On foot,13,5,8
E01034226,Other method of travel to work,8,2,6
E01034226,Passenger in a car or van,7,4,3
E01034226,Taxi,3,0,3
E01034226,Train,46,16,30
E01034226,"Underground, metro, light rail, tram",214,154,60
E01034226,Work mainly at or from home,457,0,457
E01034227,Bicycle,17,0,17
E01034227,"Bus, minibus or coach",39,0,39
E01034227,Driving a car or van,115,0,115
E01034227,"Motorcycle, scooter or moped",5,0,5
E01034227,Not in employment or aged 15 years and under,795,0,795
E01034227,On foot,23,0,23
E01034227,Other method of travel to work,3,0,3
E01034227,Passenger in a car or van,3,0,3
E01034227,Taxi,1,0,1
E01034227,Train,74,0,74
E01034227,"Underground, metro, light rail, tram",154,0,154
E01034227,Work mainly at or from home,349,0,349
E01034228,Bicycle,14,5,9
E01034228,"Bus, minibus or coach",8,5,3
E01034228,Driving a car or van,55,50,5
E01034228,"Motorcycle, scooter or moped",3,4,-1
E01034228,Not in employment or aged 15 years and under,370,74,296
E01034228,On foot,18,6,12
E01034228,Other method of travel to work,8,2,6
E01034228,Passenger in a car or van,3,2,1
E01034228,Taxi,4,2,2
E01034228,Train,24,21,3
E01034228,"Underground, metro, light rail, tram",173,180,-7
E01034228,Work mainly at or from home,673,7,666
E01034229,Bicycle,16,9,7
E01034229,"Bus, minibus or coach",29,25,4
E01034229,Driving a car or van,116,94,22
E01034229,"Motorcycle, scooter or moped",6,7,-1
E01034229,Not in employment or aged 15 years and under,477,213,264
E01034229,On foot,29,27,2
E01034229,Other method of travel to work,7,2,5
E01034229,Passenger in a car or van,9,4,5
E01034229,Taxi,6,1,5
E01034229,Train,63,44,19
E01034229,"Underground, metro, light rail, tram",183,252,-69
E01034229,Work mainly at or from home,466,17,449
E01034230,Bicycle,6,0,6
E01034230,"Bus, minibus or coach",17,0,17
E01034230,Driving a car or van,41,0,41
E01034230,"Motorcycle, scooter or moped",3,0,3
E01034230,Not in employment or aged 15 years and under,240,0,240
E01034230,On foot,11,0,11
E01034230,Other method of travel to work,8,0,8
E01034230,Passenger in a car or van,5,0,5
E01034230,Taxi,6,0,6
E01034230,Train,19,0,19
E01034230,"Underground, metro, light rail, tram",164,0,164
E01034230,Work mainly at or from home,720,0,720
E01034231,Bicycle,12,1,11
E01034231,"Bus, minibus or coach",7,4,3
E01034231,Driving a car or van,41,15,26
E01034231,"Motorcycle, scooter or moped",8,3,5
E01034231,Not in employment or aged 15 years and under,364,23,341
E01034231,On foot,14,2,12
E01034231,Other method of travel to work,5,0,5
E01034231,Passenger in a car or van,5,1,4
E01034231,Taxi,6,0,6
E01034231,Train,21,8,13
E01034231,"Underground, metro, light rail, tram",159,81,78
E01034231,Work mainly at or from home,700,2,698
E01034383,Bicycle,16,16,0
E01034383,"Bus, minibus or coach",96,117,-21
E01034383,Driving a car or van,106,130,-24
E01034383,"Motorcycle, scooter or moped",7,4,3
E01034383,Not in employment or aged 15 years and under,550,264,286
E01034383,On foot,32,44,-12
E01034383,Other method of travel to work,5,4,1
E01034383,Passenger in a car or van,3,6,-3
E01034383,Taxi,3,1,2
E01034383,Train,96,221,-125
E01034383,"Underground, metro, light rail, tram",52,60,-8
E01034383,Work mainly at or from home,340,29,311
E01034384,Bicycle,16,6,10
E01034384,"Bus, minibus or coach",47,70,-23
E01034384,Driving a car or van,128,65,63
E01034384,"Motorcycle, scooter or moped",5,5,0
E01034384,Not in employment or aged 15 years and under,537,109,428
E01034384,On foot,21,19,2
E01034384,Other method of travel to work,8,5,3
E01034384,Passenger in a car or van,13,4,9
E01034384,Taxi,2,2,0
E01034384,Train,83,101,-18
E01034384,"Underground, metro, light rail, tram",53,43,10
E01034384,Work mainly at or from home,417,14,403
E01034385,Bicycle,3,17,-14
E01034385,"Bus, minibus or coach",32,31,1
E01034385,Driving a car or van,157,200,-43
E01034385,"Motorcycle, scooter or moped",6,3,3
E01034385,Not in employment or aged 15 years and under,707,219,488
E01034385,On foot,34,75,-41
E01034385,Other method of travel to work,8,7,1
E01034385,Passenger in a car or van,9,6,3
E01034385,Taxi,3,1,2
E01034385,Train,85,222,-137
E01034385,"Underground, metro, light rail, tram",18,23,-5
E01034385,Work mainly at or from home,387,47,340
E01034386,Bicycle,5,5,0
E01034386,"Bus, minibus or coach",104,26,78
E01034386,Driving a car or van,82,64,18
E01034386,"Motorcycle, scooter or moped",3,1,2
E01034386,Not in employment or aged 15 years and under,426,112,314
E01034386,On foot,35,41,-6
E01034386,Other method of travel to work,3,3,0
E01034386,Passenger in a car or van,6,4,2
E01034386,Taxi,2,1,1
E01034386,Train,137,94,43
E01034386,"Underground, metro, light rail, tram",31,9,22
E01034386,Work mainly at or from home,414,15,399
E01034387,Bicycle,46,19,27
E01034387,"Bus, minibus or coach",39,33,6
E01034387,Driving a car or van,38,35,3
E01034387,"Motorcycle, scooter or moped",8,2,6
E01034387,Not in employment or aged 15 years and under,387,88,299
E01034387,On foot,29,7,22
E01034387,Other method of travel to work,12,8,4
E01034387,Passenger in a car or van,0,0,0
E01034387,Taxi,2,0,2
E01034387,Train,30,23,7
E01034387,"Underground, metro, light rail, tram",155,203,-48
E01034387,Work mainly at or from home,853,1,852
E01034388,Bicycle,38,8,30
E01034388,"Bus, minibus or coach",36,23,13
E01034388,Driving a car or van,59,29,30
E01034388,"Motorcycle, scooter or moped",1,2,-1
E01034388,Not in employment or aged 15 years and under,406,85,321
E01034388,On foot,13,8,5
E01034388,Other method of travel to work,10,3,7
E01034388,Passenger in a car or van,2,0,2
E01034388,Taxi,1,0,1
E01034388,Train,42,8,34
E01034388,"Underground, metro, light rail, tram",103,68,35
E01034388,Work mainly at or from home,567,4,563
E01034389,Bicycle,31,9,22
E01034389,"Bus, minibus or coach",98,101,-3
E01034389,Driving a car or van,90,76,14
E01034389,"Motorcycle, scooter or moped",7,14,-7
E01034389,Not in employment or aged 15 years and under,786,300,486
E01034389,On foot,40,29,11
E01034389,Other method of travel to work,15,3,12
E01034389,Passenger in a car or van,6,7,-1
E01034389,Taxi,3,1,2
E01034389,Train,66,26,40
E01034389,"Underground, metro, light rail, tram",128,149,-21
E01034389,Work mainly at or from home,401,6,395
E01034390,Bicycle,25,10,15
E01034390,"Bus, minibus or coach",64,24,40
E01034390,Driving a car or van,72,18,54
E01034390,"Motorcycle, scooter or moped",2,1,1
E01034390,Not in employment or aged 15 years and under,583,90,493
E01034390,On foot,49,12,37
E01034390,Other method of travel to work,12,0,12
E01034390,Passenger in a car or van,4,1,3
E01034390,Taxi,1,0,1
E01034390,Train,119,40,79
E01034390,"Underground, metro, light rail, tram",48,13,35
E01034390,Work mainly at or from home,515,3,512
E01034391,Bicycle,28,24,4
E01034391,"Bus, minibus or coach",60,88,-28
E01034391,Driving a car or van,119,212,-93
E01034391,"Motorcycle, scooter or moped",7,13,-6
E01034391,Not in employment or aged 15 years and under,758,379,379
E01034391,On foot,35,37,-2
E01034391,Other method of travel to work,6,10,-4
E01034391,Passenger in a car or van,0,10,-10
E01034391,Taxi,1,4,-3
E01034391,Train,118,254,-136
E01034391,"Underground, metro, light rail, tram",34,75,-41
E01034391,Work mainly at or from home,452,30,422
E01034392,Bicycle,24,18,6
E01034392,"Bus, minibus or coach",108,96,12
E01034392,Driving a car or van,70,55,15
E01034392,"Motorcycle, scooter or moped",4,4,0
E01034392,Not in employment or aged 15 years and under,888,252,636
E01034392,On foot,49,39,10
E01034392,Other method of travel to work,12,1,11
E01034392,Passenger in a car or van,8,5,3
E01034392,Taxi,1,1,0
E01034392,Train,81,174,-93
E01034392,"Underground, metro, light rail, tram",106,182,-76
E01034392,Work mainly at or from home,375,20,355
E01034393,Bicycle,24,8,16
E01034393,"Bus, minibus or coach",27,16,11
E01034393,Driving a car or van,24,7,17
E01034393,"Motorcycle, scooter or moped",4,0,4
E01034393,Not in employment or aged 15 years and under,190,58,132
E01034393,On foot,12,5,7
E01034393,Other method of travel to work,2,0,2
E01034393,Passenger in a car or van,5,0,5
E01034393,Taxi,2,0,2
E01034393,Train,99,101,-2
E01034393,"Underground, metro, light rail, tram",92,136,-44
E01034393,Work mainly at or from home,611,11,600
E01034394,Bicycle,16,3,13
E01034394,"Bus, minibus or coach",34,20,14
E01034394,Driving a car or van,41,7,34
E01034394,"Motorcycle, scooter or moped",0,2,-2
E01034394,Not in employment or aged 15 years and under,279,25,254
E01034394,On foot,25,4,21
E01034394,Other method of travel to work,14,0,14
E01034394,Passenger in a car or van,4,0,4
E01034394,Taxi,0,0,0
E01034394,Train,107,42,65
E01034394,"Underground, metro, light rail, tram",90,28,62
E01034394,Work mainly at or from home,640,5,635
E01034395,Bicycle,21,5,16
E01034395,"Bus, minibus or coach",120,47,73
E01034395,Driving a car or van,95,29,66
E01034395,"Motorcycle, scooter or moped",4,3,1
E01034395,Not in employment or aged 15 years and under,839,139,700
E01034395,On foot,69,22,47
E01034395,Other method of travel to work,9,1,8
E01034395,Passenger in a car or van,6,1,5
E01034395,Taxi,2,0,2
E01034395,Train,100,56,44
E01034395,"Underground, metro, light rail, tram",85,17,68
E01034395,Work mainly at or from home,346,4,342
E01034469,Bicycle,6,2,4
E01034469,"Bus, minibus or coach",53,22,31
E01034469,Driving a car or van,241,43,198
E01034469,"Motorcycle, scooter or moped",4,2,2
E01034469,Not in employment or aged 15 years and under,949,82,867
E01034469,On foot,17,11,6
E01034469,Other method of travel to work,23,1,22
E01034469,Passenger in a car or van,15,6,9
E01034469,Taxi,2,0,2
E01034469,Train,62,20,42
E01034469,"Underground, metro, light rail, tram",102,19,83
E01034469,Work mainly at or from home,265,4,261
E01034470,Bicycle,6,9,-3
E01034470,"Bus, minibus or coach",81,89,-8
E01034470,Driving a car or van,253,271,-18
E01034470,"Motorcycle, scooter or moped",5,3,2
E01034470,Not in employment or aged 15 years and under,819,368,451
E01034470,On foot,35,31,4
E01034470,Other method of travel to work,6,4,2
E01034470,Passenger in a car or van,22,22,0
E01034470,Taxi,2,4,-2
E01034470,Train,47,93,-46
E01034470,"Underground, metro, light rail, tram",70,73,-3
E01034470,Work mainly at or from home,152,11,141
E01034471,Bicycle,14,3,11
E01034471,"Bus, minibus or coach",151,53,98
E01034471,Driving a car or van,350,145,205
E01034471,"Motorcycle, scooter or moped",5,2,3
E01034471,Not in employment or aged 15 years and under,1568,262,1306
E01034471,On foot,24,38,-14
E01034471,Other method of travel to work,7,4,3
E01034471,Passenger in a car or van,21,9,12
E01034471,Taxi,5,3,2
E01034471,Train,108,42,66
E01034471,"Underground, metro, light rail, tram",204,68,136
E01034471,Work mainly at or from home,222,6,216
E01034472,Bicycle,5,4,1
E01034472,"Bus, minibus or coach",108,14,94
E01034472,Driving a car or van,208,51,157
E01034472,"Motorcycle, scooter or moped",3,1,2
E01034472,Not in employment or aged 15 years and under,1075,42,1033
E01034472,On foot,16,2,14
E01034472,Other method of travel to work,17,0,17
E01034472,Passenger in a car or van,7,1,6
E01034472,Taxi,1,0,1
E01034472,Train,84,24,60
E01034472,"Underground, metro, light rail, tram",164,50,114
E01034472,Work mainly at or from home,200,1,199
E01034473,Bicycle,3,4,-1
E01034473,"Bus, minibus or coach",48,51,-3
E01034473,Driving a car or van,79,68,11
E01034473,"Motorcycle, scooter or moped",1,2,-1
E01034473,Not in employment or aged 15 years and under,722,229,493
E01034473,On foot,38,20,18
E01034473,Other method of travel to work,5,1,4
E01034473,Passenger in a car or van,9,7,2
E01034473,Taxi,0,0,0
E01034473,Train,59,99,-40
E01034473,"Underground, metro, light rail, tram",163,169,-6
E01034473,Work mainly at or from home,140,9,131
E01034474,Bicycle,13,12,1
E01034474,"Bus, minibus or coach",100,91,9
E01034474,Driving a car or van,116,89,27
E01034474,"Motorcycle, scooter or moped",3,3,0
E01034474,Not in employment or aged 15 years and under,1183,603,580
E01034474,On foot,46,47,-1
E01034474,Other method of travel to work,11,3,8
E01034474,Passenger in a car or van,10,8,2
E01034474,Taxi,4,2,2
E01034474,Train,112,192,-80
E01034474,"Underground, metro, light rail, tram",267,419,-152
E01034474,Work mainly at or from home,385,31,354
E01034475,Bicycle,19,4,15
E01034475,"Bus, minibus or coach",79,78,1
E01034475,Driving a car or van,243,222,21
E01034475,"Motorcycle, scooter or moped",5,3,2
E01034475,Not in employment or aged 15 years and under,1068,467,601
E01034475,On foot,35,33,2
E01034475,Other method of travel to work,16,6,10
E01034475,Passenger in a car or van,24,9,15
E01034475,Taxi,4,1,3
E01034475,Train,82,66,16
E01034475,"Underground, metro, light rail, tram",119,131,-12
E01034475,Work mainly at or from home,135,20,115
E01034476,Bicycle,15,17,-2
E01034476,"Bus, minibus or coach",63,21,42
E01034476,Driving a car or van,226,88,138
E01034476,"Motorcycle, scooter or moped",8,0,8
E01034476,Not in employment or aged 15 years and under,1038,159,879
E01034476,On foot,33,9,24
E01034476,Other method of travel to work,8,3,5
E01034476,Passenger in a car or van,25,4,21
E01034476,Taxi,7,2,5
E01034476,Train,63,49,14
E01034476,"Underground, metro, light rail, tram",124,46,78
E01034476,Work mainly at or from home,206,9,197
E01034477,Bicycle,8,5,3
E01034477,"Bus, minibus or coach",72,22,50
E01034477,Driving a car or van,240,85,155
E01034477,"Motorcycle, scooter or moped",2,0,2
E01034477,Not in employment or aged 15 years and under,805,91,714
E01034477,On foot,17,8,9
E01034477,Other method of travel to work,17,2,15
E01034477,Passenger in a car or van,12,5,7
E01034477,Taxi,4,0,4
E01034477,Train,71,27,44
E01034477,"Underground, metro, light rail, tram",125,72,53
E01034477,Work mainly at or from home,215,9,206
E01034478,Bicycle,13,0,13
E01034478,"Bus, minibus or coach",31,0,31
E01034478,Driving a car or van,166,0,166
E01034478,"Motorcycle, scooter or moped",5,0,5
E01034478,Not in employment or aged 15 years and under,491,0,491
E01034478,On foot,16,0,16
E01034478,Other method of travel to work,8,0,8
E01034478,Passenger in a car or van,7,0,7
E01034478,Taxi,3,0,3
E01034478,Train,56,0,56
E01034478,"Underground, metro, light rail, tram",144,0,144
E01034478,Work mainly at or from home,256,0,256
E01034479,Bicycle,17,15,2
E01034479,"Bus, minibus or coach",89,166,-77
E01034479,Driving a car or van,210,291,-81
E01034479,"Motorcycle, scooter or moped",6,4,2
E01034479,Not in employment or aged 15 years and under,1347,1009,338
E01034479,On foot,68,80,-12
E01034479,Other method of travel to work,19,6,13
E01034479,Passenger in a car or van,15,25,-10
E01034479,Taxi,1,1,0
E01034479,Train,126,173,-47
E01034479,"Underground, metro, light rail, tram",148,363,-215
E01034479,Work mainly at or from home,159,24,135
E01034480,Bicycle,4,6,-2
E01034480,"Bus, minibus or coach",40,52,-12
E01034480,Driving a car or van,140,231,-91
E01034480,"Motorcycle, scooter or moped",2,5,-3
E01034480,Not in employment or aged 15 years and under,818,452,366
E01034480,On foot,34,48,-14
E01034480,Other method of travel to work,11,1,10
E01034480,Passenger in a car or van,13,14,-1
E01034480,Taxi,3,3,0
E01034480,Train,50,120,-70
E01034480,"Underground, metro, light rail, tram",76,163,-87
E01034480,Work mainly at or from home,152,25,127
E01034481,Bicycle,12,6,6
E01034481,"Bus, minibus or coach",55,57,-2
E01034481,Driving a car or van,190,179,11
E01034481,"Motorcycle, scooter or moped",1,0,1
E01034481,Not in employment or aged 15 years and under,1114,451,663
E01034481,On foot,45,45,0
E01034481,Other method of travel to work,7,1,6
E01034481,Passenger in a car or van,16,16,0
E01034481,Taxi,1,3,-2
E01034481,Train,51,73,-22
E01034481,"Underground, metro, light rail, tram",59,100,-41
E01034481,Work mainly at or from home,154,19,135
E01034482,Bicycle,8,2,6
E01034482,"Bus, minibus or coach",39,3,36
E01034482,Driving a car or van,39,15,24
E01034482,"Motorcycle, scooter or moped",3,0,3
E01034482,Not in employment or aged 15 years and under,521,108,413
E01034482,On foot,13,11,2
E01034482,Other method of travel to work,1,2,-1
E01034482,Passenger in a car or van,1,2,-1
E01034482,Taxi,0,0,0
E01034482,Train,67,69,-2
E01034482,"Underground, metro, light rail, tram",81,87,-6
E01034482,Work mainly at or from home,308,6,302
E01034483,Bicycle,4,3,1
E01034483,"Bus, minibus or coach",69,51,18
E01034483,Driving a car or van,87,43,44
E01034483,"Motorcycle, scooter or moped",3,0,3
E01034483,Not in employment or aged 15 years and under,841,115,726
E01034483,On foot,30,7,23
E01034483,Other method of travel to work,3,1,2
E01034483,Passenger in a car or van,4,2,2
E01034483,Taxi,2,3,-1
E01034483,Train,58,40,18
E01034483,"Underground, metro, light rail, tram",81,47,34
E01034483,Work mainly at or from home,236,8,228
E01034484,Bicycle,8,2,6
E01034484,"Bus, minibus or coach",101,108,-7
E01034484,Driving a car or van,170,185,-15
E01034484,"Motorcycle, scooter or moped",2,2,0
E01034484,Not in employment or aged 15 years and under,1019,565,454
E01034484,On foot,49,44,5
E01034484,Other method of travel to work,10,4,6
E01034484,Passenger in a car or van,9,13,-4
E01034484,Taxi,1,0,1
E01034484,Train,78,111,-33
E01034484,"Underground, metro, light rail, tram",99,103,-4
E01034484,Work mainly at or from home,165,11,154
E01034485,Bicycle,50,37,13
E01034485,"Bus, minibus or coach",56,121,-65
E01034485,Driving a car or van,138,235,-97
E01034485,"Motorcycle, scooter or moped",11,10,1
E01034485,Not in employment or aged 15 years and under,847,454,393
E01034485,On foot,45,57,-12
E01034485,Other method of travel to work,9,2,7
E01034485,Passenger in a car or van,9,15,-6
E01034485,Taxi,4,2,2
E01034485,Train,44,117,-73
E01034485,"Underground, metro, light rail, tram",283,530,-247
E01034485,Work mainly at or from home,518,29,489
E01034486,Bicycle,50,0,50
E01034486,"Bus, minibus or coach",23,0,23
E01034486,Driving a car or van,62,0,62
E01034486,"Motorcycle, scooter or moped",4,0,4
E01034486,Not in employment or aged 15 years and under,445,0,445
E01034486,On foot,25,0,25
E01034486,Other method of travel to work,7,0,7
E01034486,Passenger in a car or van,2,0,2
E01034486,Taxi,4,0,4
E01034486,Train,24,0,24
E01034486,"Underground, metro, light rail, tram",217,0,217
E01034486,Work mainly at or from home,792,0,792
E01034487,Bicycle,22,4,18
E01034487,"Bus, minibus or coach",85,59,26
E01034487,Driving a car or van,104,67,37
E01034487,"Motorcycle, scooter or moped",0,2,-2
E01034487,Not in employment or aged 15 years and under,702,319,383
E01034487,On foot,34,48,-14
E01034487,Other method of travel to work,14,0,14
E01034487,Passenger in a car or van,6,3,3
E01034487,Taxi,1,3,-2
E01034487,Train,28,40,-12
E01034487,"Underground, metro, light rail, tram",104,68,36
E01034487,Work mainly at or from home,148,8,140
E01034488,Bicycle,18,8,10
E01034488,"Bus, minibus or coach",103,147,-44
E01034488,Driving a car or van,163,140,23
E01034488,"Motorcycle, scooter or moped",4,3,1
E01034488,Not in employment or aged 15 years and under,1233,578,655
E01034488,On foot,58,54,4
E01034488,Other method of travel to work,15,8,7
E01034488,Passenger in a car or van,16,13,3
E01034488,Taxi,1,3,-2
E01034488,Train,47,37,10
E01034488,"Underground, metro, light rail, tram",109,137,-28
E01034488,Work mainly at or from home,158,10,148
E01034576,Bicycle,11,19,-8
E01034576,"Bus, minibus or coach",24,18,6
E01034576,Driving a car or van,85,103,-18
E01034576,"Motorcycle, scooter or moped",1,4,-3
E01034576,Not in employment or aged 15 years and under,592,144,448
E01034576,On foot,54,33,21
E01034576,Other method of travel to work,4,4,0
E01034576,Passenger in a car or van,5,5,0
E01034576,Taxi,1,0,1
E01034576,Train,35,141,-106
E01034576,"Underground, metro, light rail, tram",16,16,0
E01034576,Work mainly at or from home,431,39,392
E01034577,Bicycle,25,10,15
E01034577,"Bus, minibus or coach",49,44,5
E01034577,Driving a car or van,109,121,-12
E01034577,"Motorcycle, scooter or moped",2,6,-4
E01034577,Not in employment or aged 15 years and under,643,203,440
E01034577,On foot,75,69,6
E01034577,Other method of travel to work,12,3,9
E01034577,Passenger in a car or van,3,6,-3
E01034577,Taxi,4,3,1
E01034577,Train,59,130,-71
E01034577,"Underground, metro, light rail, tram",22,19,3
E01034577,Work mainly at or from home,378,21,357
E01034578,Bicycle,18,18,0
E01034578,"Bus, minibus or coach",39,52,-13
E01034578,Driving a car or van,72,108,-36
E01034578,"Motorcycle, scooter or moped",7,8,-1
E01034578,Not in employment or aged 15 years and under,558,189,369
E01034578,On foot,29,47,-18
E01034578,Other method of travel to work,6,3,3
E01034578,Passenger in a car or van,6,7,-1
E01034578,Taxi,2,2,0
E01034578,Train,32,101,-69
E01034578,"Underground, metro, light rail, tram",71,166,-95
E01034578,Work mainly at or from home,246,29,217
E01034579,Bicycle,21,26,-5
E01034579,"Bus, minibus or coach",59,64,-5
E01034579,Driving a car or van,167,168,-1
E01034579,"Motorcycle, scooter or moped",12,13,-1
E01034579,Not in employment or aged 15 years and under,707,215,492
E01034579,On foot,77,56,21
E01034579,Other method of travel to work,8,7,1
E01034579,Passenger in a car or van,7,8,-1
E01034579,Taxi,1,2,-1
E01034579,Train,62,223,-161
E01034579,"Underground, metro, light rail, tram",150,259,-109
E01034579,Work mainly at or from home,605,33,572
E01034580,Bicycle,34,8,26
E01034580,"Bus, minibus or coach",36,67,-31
E01034580,Driving a car or van,81,107,-26
E01034580,"Motorcycle, scooter or moped",10,2,8
E01034580,Not in employment or aged 15 years and under,624,390,234
E01034580,On foot,70,50,20
E01034580,Other method of travel to work,11,2,9
E01034580,Passenger in a car or van,6,8,-2
E01034580,Taxi,5,0,5
E01034580,Train,24,40,-16
E01034580,"Underground, metro, light rail, tram",189,266,-77
E01034580,Work mainly at or from home,387,19,368
E01034581,Bicycle,24,29,-5
E01034581,"Bus, minibus or coach",41,48,-7
E01034581,Driving a car or van,105,153,-48
E01034581,"Motorcycle, scooter or moped",2,10,-8
E01034581,Not in employment or aged 15 years and under,505,158,347
E01034581,On foot,71,60,11
E01034581,Other method of travel to work,10,6,4
E01034581,Passenger in a car or van,5,5,0
E01034581,Taxi,2,1,1
E01034581,Train,24,55,-31
E01034581,"Underground, metro, light rail, tram",177,495,-318
E01034581,Work mainly at or from home,555,35,520
E01034589,Bicycle,4,4,0
E01034589,"Bus, minibus or coach",54,65,-11
E01034589,Driving a car or van,270,436,-166
E01034589,"Motorcycle, scooter or moped",3,2,1
E01034589,Not in employment or aged 15 years and under,1030,491,539
E01034589,On foot,52,52,0
E01034589,Other method of travel to work,15,4,11
E01034589,Passenger in a car or van,23,26,-3
E01034589,Taxi,1,6,-5
E01034589,Train,36,49,-13
E01034589,"Underground, metro, light rail, tram",101,272,-171
E01034589,Work mainly at or from home,415,71,344
E01034590,Bicycle,7,0,7
E01034590,"Bus, minibus or coach",26,0,26
E01034590,Driving a car or van,174,0,174
E01034590,"Motorcycle, scooter or moped",0,0,0
E01034590,Not in employment or aged 15 years and under,590,0,590
E01034590,On foot,18,0,18
E01034590,Other method of travel to work,7,0,7
E01034590,Passenger in a car or van,12,0,12
E01034590,Taxi,2,0,2
E01034590,Train,12,0,12
E01034590,"Underground, metro, light rail, tram",116,0,116
E01034590,Work mainly at or from home,389,0,389
E01034591,Bicycle,7,13,-6
E01034591,"Bus, minibus or coach",92,69,23
E01034591,Driving a car or van,222,121,101
E01034591,"Motorcycle, scooter or moped",10,2,8
E01034591,Not in employment or aged 15 years and under,901,281,620
E01034591,On foot,77,51,26
E01034591,Other method of travel to work,31,2,29
E01034591,Passenger in a car or van,55,9,46
E01034591,Taxi,5,3,2
E01034591,Train,62,64,-2
E01034591,"Underground, metro, light rail, tram",134,89,45
E01034591,Work mainly at or from home,206,8,198
E01034592,Bicycle,14,15,-1
E01034592,"Bus, minibus or coach",37,68,-31
E01034592,Driving a car or van,125,123,2
E01034592,"Motorcycle, scooter or moped",2,4,-2
E01034592,Not in employment or aged 15 years and under,773,326,447
E01034592,On foot,58,65,-7
E01034592,Other method of travel to work,7,1,6
E01034592,Passenger in a car or van,9,9,0
E01034592,Taxi,5,1,4
E01034592,Train,36,105,-69
E01034592,"Underground, metro, light rail, tram",64,92,-28
E01034592,Work mainly at or from home,116,12,104
E01034593,Bicycle,5,8,-3
E01034593,"Bus, minibus or coach",39,40,-1
E01034593,Driving a car or van,226,312,-86
E01034593,"Motorcycle, scooter or moped",5,5,0
E01034593,Not in employment or aged 15 years and under,778,288,490
E01034593,On foot,25,33,-8
E01034593,Other method of travel to work,10,2,8
E01034593,Passenger in a car or van,25,8,17
E01034593,Taxi,0,2,-2
E01034593,Train,34,56,-22
E01034593,"Underground, metro, light rail, tram",54,127,-73
E01034593,Work mainly at or from home,281,49,232
E01034594,Bicycle,7,3,4
E01034594,"Bus, minibus or coach",30,24,6
E01034594,Driving a car or van,246,182,64
E01034594,"Motorcycle, scooter or moped",3,2,1
E01034594,Not in employment or aged 15 years and under,726,191,535
E01034594,On foot,21,23,-2
E01034594,Other method of travel to work,6,4,2
E01034594,Passenger in a car or van,16,12,4
E01034594,Taxi,5,0,5
E01034594,Train,23,30,-7
E01034594,"Underground, metro, light rail, tram",88,73,15
E01034594,Work mainly at or from home,387,18,369
E01034595,Bicycle,4,5,-1
E01034595,"Bus, minibus or coach",53,63,-10
E01034595,Driving a car or van,138,166,-28
E01034595,"Motorcycle, scooter or moped",2,0,2
E01034595,Not in employment or aged 15 years and under,722,279,443
E01034595,On foot,93,76,17
E01034595,Other method of travel to work,11,0,11
E01034595,Passenger in a car or van,19,13,6
E01034595,Taxi,3,1,2
E01034595,Train,24,54,-30
E01034595,"Underground, metro, light rail, tram",112,259,-147
E01034595,Work mainly at or from home,225,35,190
E01034596,Bicycle,4,0,4
E01034596,"Bus, minibus or coach",63,27,36
E01034596,Driving a car or van,86,57,29
E01034596,"Motorcycle, scooter or moped",2,2,0
E01034596,Not in employment or aged 15 years and under,512,133,379
E01034596,On foot,54,35,19
E01034596,Other method of travel to work,5,0,5
E01034596,Passenger in a car or van,4,2,2
E01034596,Taxi,5,1,4
E01034596,Train,13,26,-13
E01034596,"Underground, metro, light rail, tram",130,198,-68
E01034596,Work mainly at or from home,401,12,389
E01034597,Bicycle,3,0,3
E01034597,"Bus, minibus or coach",46,32,14
E01034597,Driving a car or van,96,88,8
E01034597,"Motorcycle, scooter or moped",2,3,-1
E01034597,Not in employment or aged 15 years and under,768,299,469
E01034597,On foot,63,61,2
E01034597,Other method of travel to work,10,4,6
E01034597,Passenger in a car or van,7,4,3
E01034597,Taxi,3,1,2
E01034597,Train,36,34,2
E01034597,"Underground, metro, light rail, tram",101,166,-65
E01034597,Work mainly at or from home,299,29,270
E01034598,Bicycle,7,0,7
E01034598,"Bus, minibus or coach",80,0,80
E01034598,Driving a car or van,97,0,97
E01034598,"Motorcycle, scooter or moped",1,0,1
E01034598,Not in employment or aged 15 years and under,426,0,426
E01034598,On foot,40,0,40
E01034598,Other method of travel to work,2,0,2
E01034598,Passenger in a car or van,5,0,5
E01034598,Taxi,4,0,4
E01034598,Train,33,0,33
E01034598,"Underground, metro, light rail, tram",136,0,136
E01034598,Work mainly at or from home,434,0,434
E01034599,Bicycle,10,5,5
E01034599,"Bus, minibus or coach",82,98,-16
E01034599,Driving a car or van,273,310,-37
E01034599,"Motorcycle, scooter or moped",6,3,3
E01034599,Not in employment or aged 15 years and under,899,467,432
E01034599,On foot,36,62,-26
E01034599,Other method of travel to work,1,8,-7
E01034599,Passenger in a car or van,27,19,8
E01034599,Taxi,6,1,5
E01034599,Train,37,55,-18
E01034599,"Underground, metro, light rail, tram",114,204,-90
E01034599,Work mainly at or from home,185,41,144
E01034600,Bicycle,4,2,2
E01034600,"Bus, minibus or coach",108,99,9
E01034600,Driving a car or van,213,170,43
E01034600,"Motorcycle, scooter or moped",4,3,1
E01034600,Not in employment or aged 15 years and under,1009,227,782
E01034600,On foot,45,33,12
E01034600,Other method of travel to work,7,3,4
E01034600,Passenger in a car or van,13,10,3
E01034600,Taxi,3,0,3
E01034600,Train,43,33,10
E01034600,"Underground, metro, light rail, tram",184,220,-36
E01034600,Work mainly at or from home,335,12,323
E01034601,Bicycle,4,12,-8
E01034601,"Bus, minibus or coach",36,31,5
E01034601,Driving a car or van,237,304,-67
E01034601,"Motorcycle, scooter or moped",3,7,-4
E01034601,Not in employment or aged 15 years and under,755,215,540
E01034601,On foot,58,70,-12
E01034601,Other method of travel to work,10,0,10
E01034601,Passenger in a car or van,12,19,-7
E01034601,Taxi,4,2,2
E01034601,Train,9,13,-4
E01034601,"Underground, metro, light rail, tram",43,66,-23
E01034601,Work mainly at or from home,274,19,255
E01034602,Bicycle,5,4,1
E01034602,"Bus, minibus or coach",65,29,36
E01034602,Driving a car or van,184,125,59
E01034602,"Motorcycle, scooter or moped",5,4,1
E01034602,Not in employment or aged 15 years and under,649,149,500
E01034602,On foot,53,52,1
E01034602,Other method of travel to work,8,8,0
E01034602,Passenger in a car or van,18,8,10
E01034602,Taxi,2,0,2
E01034602,Train,18,8,10
E01034602,"Underground, metro, light rail, tram",83,48,35
E01034602,Work mainly at or from home,310,8,302
E01034603,Bicycle,12,6,6
E01034603,"Bus, minibus or coach",19,2,17
E01034603,Driving a car or van,244,66,178
E01034603,"Motorcycle, scooter or moped",1,2,-1
E01034603,Not in employment or aged 15 years and under,579,65,514
E01034603,On foot,38,5,33
E01034603,Other method of travel to work,6,2,4
E01034603,Passenger in a car or van,13,6,7
E01034603,Taxi,1,0,1
E01034603,Train,10,5,5
E01034603,"Underground, metro, light rail, tram",67,19,48
E01034603,Work mainly at or from home,397,6,391
E01034604,Bicycle,7,10,-3
E01034604,"Bus, minibus or coach",73,74,-1
E01034604,Driving a car or van,191,318,-127
E01034604,"Motorcycle, scooter or moped",7,6,1
E01034604,Not in employment or aged 15 years and under,771,451,320
E01034604,On foot,70,100,-30
E01034604,Other method of travel to work,5,4,1
E01034604,Passenger in a car or van,21,13,8
E01034604,Taxi,5,0,5
E01034604,Train,15,19,-4
E01034604,"Underground, metro, light rail, tram",48,100,-52
E01034604,Work mainly at or from home,215,17,198
E01034605,Bicycle,7,6,1
E01034605,"Bus, minibus or coach",70,32,38
E01034605,Driving a car or van,314,192,122
E01034605,"Motorcycle, scooter or moped",7,3,4
E01034605,Not in employment or aged 15 years and under,812,228,584
E01034605,On foot,49,38,11
E01034605,Other method of travel to work,6,3,3
E01034605,Passenger in a car or van,17,11,6
E01034605,Taxi,2,0,2
E01034605,Train,11,8,3
E01034605,"Underground, metro, light rail, tram",57,42,15
E01034605,Work mainly at or from home,294,9,285
E01034606,Bicycle,22,21,1
E01034606,"Bus, minibus or coach",79,101,-22
E01034606,Driving a car or van,223,342,-119
E01034606,"Motorcycle, scooter or moped",3,3,0
E01034606,Not in employment or aged 15 years and under,1830,1102,728
E01034606,On foot,76,170,-94
E01034606,Other method of travel to work,12,6,6
E01034606,Passenger in a car or van,14,34,-20
E01034606,Taxi,7,2,5
E01034606,Train,20,36,-16
E01034606,"Underground, metro, light rail, tram",56,143,-87
E01034606,Work mainly at or from home,267,26,241
E01034607,Bicycle,22,19,3
E01034607,"Bus, minibus or coach",91,143,-52
E01034607,Driving a car or van,268,380,-112
E01034607,"Motorcycle, scooter or moped",3,6,-3
E01034607,Not in employment or aged 15 years and under,1497,1435,62
E01034607,On foot,74,183,-109
E01034607,Other method of travel to work,11,6,5
E01034607,Passenger in a car or van,14,21,-7
E01034607,Taxi,7,3,4
E01034607,Train,22,38,-16
E01034607,"Underground, metro, light rail, tram",53,104,-51
E01034607,Work mainly at or from home,235,38,197
E01034608,Bicycle,24,9,15
E01034608,"Bus, minibus or coach",122,115,7
E01034608,Driving a car or van,399,372,27
E01034608,"Motorcycle, scooter or moped",4,6,-2
E01034608,Not in employment or aged 15 years and under,1183,367,816
E01034608,On foot,61,57,4
E01034608,Other method of travel to work,19,3,16
E01034608,Passenger in a car or van,26,20,6
E01034608,Taxi,2,2,0
E01034608,Train,77,97,-20
E01034608,"Underground, metro, light rail, tram",75,71,4
E01034608,Work mainly at or from home,419,20,399
E01034609,Bicycle,14,14,0
E01034609,"Bus, minibus or coach",161,116,45
E01034609,Driving a car or van,245,216,29
E01034609,"Motorcycle, scooter or moped",4,6,-2
E01034609,Not in employment or aged 15 years and under,1021,275,746
E01034609,On foot,57,65,-8
E01034609,Other method of travel to work,14,3,11
E01034609,Passenger in a car or van,30,16,14
E01034609,Taxi,3,1,2
E01034609,Train,63,54,9
E01034609,"Underground, metro, light rail, tram",75,38,37
E01034609,Work mainly at or from home,288,12,276
E01034610,Bicycle,10,14,-4
E01034610,"Bus, minibus or coach",81,125,-44
E01034610,Driving a car or van,339,341,-2
E01034610,"Motorcycle, scooter or moped",5,6,-1
E01034610,Not in employment or aged 15 years and under,1051,372,679
E01034610,On foot,28,42,-14
E01034610,Other method of travel to work,16,5,11
E01034610,Passenger in a car or van,13,26,-13
E01034610,Taxi,4,4,0
E01034610,Train,22,21,1
E01034610,"Underground, metro, light rail, tram",27,46,-19
E01034610,Work mainly at or from home,175,17,158
E01034611,Bicycle,8,4,4
E01034611,"Bus, minibus or coach",67,51,16
E01034611,Driving a car or van,240,142,98
E01034611,"Motorcycle, scooter or moped",3,0,3
E01034611,Not in employment or aged 15 years and under,740,166,574
E01034611,On foot,25,16,9
E01034611,Other method of travel to work,3,2,1
E01034611,Passenger in a car or van,8,11,-3
E01034611,Taxi,4,0,4
E01034611,Train,17,17,0
E01034611,"Underground, metro, light rail, tram",24,26,-2
E01034611,Work mainly at or from home,137,12,125
E01034612,Bicycle,10,7,3
E01034612,"Bus, minibus or coach",155,170,-15
E01034612,Driving a car or van,340,360,-20
E01034612,"Motorcycle, scooter or moped",5,0,5
E01034612,Not in employment or aged 15 years and under,1165,501,664
E01034612,On foot,66,56,10
E01034612,Other method of travel to work,15,3,12
E01034612,Passenger in a car or van,33,23,10
E01034612,Taxi,6,0,6
E01034612,Train,45,56,-11
E01034612,"Underground, metro, light rail, tram",55,47,8
E01034612,Work mainly at or from home,183,24,159
E01034613,Bicycle,6,2,4
E01034613,"Bus, minibus or coach",58,36,22
E01034613,Driving a car or van,128,67,61
E01034613,"Motorcycle, scooter or moped",4,0,4
E01034613,Not in employment or aged 15 years and under,403,113,290
E01034613,On foot,31,8,23
E01034613,Other method of travel to work,5,1,4
E01034613,Passenger in a car or van,5,4,1
E01034613,Taxi,5,0,5
E01034613,Train,47,11,36
E01034613,"Underground, metro, light rail, tram",67,8,59
E01034613,Work mainly at or from home,244,4,240
E01034614,Bicycle,7,9,-2
E01034614,"Bus, minibus or coach",92,127,-35
E01034614,Driving a car or van,309,288,21
E01034614,"Motorcycle, scooter or moped",9,4,5
E01034614,Not in employment or aged 15 years and under,1051,333,718
E01034614,On foot,35,31,4
E01034614,Other method of travel to work,4,7,-3
E01034614,Passenger in a car or van,17,15,2
E01034614,Taxi,9,2,7
E01034614,Train,47,47,0
E01034614,"Underground, metro, light rail, tram",42,56,-14
E01034614,Work mainly at or from home,389,11,378
E01034615,Bicycle,13,8,5
E01034615,"Bus, minibus or coach",81,60,21
E01034615,Driving a car or van,431,283,148
E01034615,"Motorcycle, scooter or moped",1,4,-3
E01034615,Not in employment or aged 15 years and under,1119,256,863
E01034615,On foot,28,15,13
E01034615,Other method of travel to work,14,2,12
E01034615,Passenger in a car or van,38,21,17
E01034615,Taxi,2,2,0
E01034615,Train,34,23,11
E01034615,"Underground, metro, light rail, tram",55,24,31
E01034615,Work mainly at or from home,352,15,337
E01034616,Bicycle,13,5,8
E01034616,"Bus, minibus or coach",107,63,44
E01034616,Driving a car or van,154,61,93
E01034616,"Motorcycle, scooter or moped",3,2,1
E01034616,Not in employment or aged 15 years and under,693,163,530
E01034616,On foot,51,14,37
E01034616,Other method of travel to work,18,2,16
E01034616,Passenger in a car or van,7,4,3
E01034616,Taxi,5,1,4
E01034616,Train,60,28,32
E01034616,"Underground, metro, light rail, tram",52,23,29
E01034616,Work mainly at or from home,331,5,326
E01034617,Bicycle,14,12,2
E01034617,"Bus, minibus or coach",196,167,29
E01034617,Driving a car or van,379,376,3
E01034617,"Motorcycle, scooter or moped",2,3,-1
E01034617,Not in employment or aged 15 years and under,1207,509,698
E01034617,On foot,65,42,23
E01034617,Other method of travel to work,14,5,9
E01034617,Passenger in a car or van,18,26,-8
E01034617,Taxi,5,3,2
E01034617,Train,54,115,-61
E01034617,"Underground, metro, light rail, tram",64,55,9
E01034617,Work mainly at or from home,317,18,299
E01035484,Bicycle,39,44,-5
E01035484,"Bus, minibus or coach",85,137,-52
E01035484,Driving a car or van,80,94,-14
E01035484,"Motorcycle, scooter or moped",6,11,-5
E01035484,Not in employment or aged 15 years and under,951,349,602
E01035484,On foot,87,100,-13
E01035484,Other method of travel to work,11,5,6
E01035484,Passenger in a car or van,3,6,-3
E01035484,Taxi,6,1,5
E01035484,Train,24,19,5
E01035484,"Underground, metro, light rail, tram",106,228,-122
E01035484,Work mainly at or from home,294,30,264
E01035485,Bicycle,25,34,-9
E01035485,"Bus, minibus or coach",54,72,-18
E01035485,Driving a car or van,48,37,11
E01035485,"Motorcycle, scooter or moped",5,6,-1
E01035485,Not in employment or aged 15 years and under,495,189,306
E01035485,On foot,63,98,-35
E01035485,Other method of travel to work,8,2,6
E01035485,Passenger in a car or van,8,2,6
E01035485,Taxi,7,2,5
E01035485,Train,21,31,-10
E01035485,"Underground, metro, light rail, tram",79,213,-134
E01035485,Work mainly at or from home,286,12,274
E01035486,Bicycle,29,10,19
E01035486,"Bus, minibus or coach",33,78,-45
E01035486,Driving a car or van,109,73,36
E01035486,"Motorcycle, scooter or moped",6,7,-1
E01035486,Not in employment or aged 15 years and under,821,473,348
E01035486,On foot,73,50,23
E01035486,Other method of travel to work,18,15,3
E01035486,Passenger in a car or van,9,5,4
E01035486,Taxi,12,4,8
E01035486,Train,31,36,-5
E01035486,"Underground, metro, light rail, tram",82,60,22
E01035486,Work mainly at or from home,541,43,498
E01035487,Bicycle,41,50,-9
E01035487,"Bus, minibus or coach",63,103,-40
E01035487,Driving a car or van,92,83,9
E01035487,"Motorcycle, scooter or moped",16,24,-8
E01035487,Not in employment or aged 15 years and under,735,331,404
E01035487,On foot,80,109,-29
E01035487,Other method of travel to work,4,12,-8
E01035487,Passenger in a car or van,3,5,-2
E01035487,Taxi,6,4,2
E01035487,Train,39,58,-19
E01035487,"Underground, metro, light rail, tram",80,170,-90
E01035487,Work mainly at or from home,404,35,369
E01035488,Bicycle,50,59,-9
E01035488,"Bus, minibus or coach",50,69,-19
E01035488,Driving a car or van,87,143,-56
E01035488,"Motorcycle, scooter or moped",10,24,-14
E01035488,Not in employment or aged 15 years and under,409,164,245
E01035488,On foot,47,35,12
E01035488,Other method of travel to work,12,4,8
E01035488,Passenger in a car or van,7,10,-3
E01035488,Taxi,4,5,-1
E01035488,Train,41,195,-154
E01035488,"Underground, metro, light rail, tram",60,116,-56
E01035488,Work mainly at or from home,685,64,621
E01035489,Bicycle,42,12,30
E01035489,"Bus, minibus or coach",53,13,40
E01035489,Driving a car or van,83,40,43
E01035489,"Motorcycle, scooter or moped",2,3,-1
E01035489,Not in employment or aged 15 years and under,425,42,383
E01035489,On foot,57,9,48
E01035489,Other method of travel to work,5,1,4
E01035489,Passenger in a car or van,1,0,1
E01035489,Taxi,5,0,5
E01035489,Train,48,55,-7
E01035489,"Underground, metro, light rail, tram",62,34,28
E01035489,Work mainly at or from home,553,9,544
E01035490,Bicycle,39,60,-21
E01035490,"Bus, minibus or coach",30,50,-20
E01035490,Driving a car or van,95,147,-52
E01035490,"Motorcycle, scooter or moped",8,23,-15
E01035490,Not in employment or aged 15 years and under,668,195,473
E01035490,On foot,62,54,8
E01035490,Other method of travel to work,25,34,-9
E01035490,Passenger in a car or van,4,6,-2
E01035490,Taxi,6,3,3
E01035490,Train,29,186,-157
E01035490,"Underground, metro, light rail, tram",69,224,-155
E01035490,Work mainly at or from home,669,70,599
E01035491,Bicycle,48,80,-32
E01035491,"Bus, minibus or coach",37,82,-45
E01035491,Driving a car or van,57,112,-55
E01035491,"Motorcycle, scooter or moped",3,27,-24
E01035491,Not in employment or aged 15 years and under,287,128,159
E01035491,On foot,64,51,13
E01035491,Other method of travel to work,4,5,-1
E01035491,Passenger in a car or van,0,2,-2
E01035491,Taxi,1,0,1
E01035491,Train,58,435,-377
E01035491,"Underground, metro, light rail, tram",57,200,-143
E01035491,Work mainly at or from home,618,44,574
E01035492,Bicycle,77,22,55
E01035492,"Bus, minibus or coach",48,25,23
E01035492,Driving a car or van,79,27,52
E01035492,"Motorcycle, scooter or moped",9,6,3
E01035492,Not in employment or aged 15 years and under,449,21,428
E01035492,On foot,49,12,37
E01035492,Other method of travel to work,8,9,-1
E01035492,Passenger in a car or van,3,0,3
E01035492,Taxi,7,0,7
E01035492,Train,48,55,-7
E01035492,"Underground, metro, light rail, tram",86,66,20
E01035492,Work mainly at or from home,829,12,817
E01035493,Bicycle,37,49,-12
E01035493,"Bus, minibus or coach",85,88,-3
E01035493,Driving a car or van,68,67,1
E01035493,"Motorcycle, scooter or moped",5,9,-4
E01035493,Not in employment or aged 15 years and under,567,207,360
E01035493,On foot,67,62,5
E01035493,Other method of travel to work,4,3,1
E01035493,Passenger in a car or van,4,6,-2
E01035493,Taxi,4,1,3
E01035493,Train,65,166,-101
E01035493,"Underground, metro, light rail, tram",89,129,-40
E01035493,Work mainly at or from home,656,21,635
E01035494,Bicycle,76,42,34
E01035494,"Bus, minibus or coach",72,84,-12
E01035494,Driving a car or van,74,58,16
E01035494,"Motorcycle, scooter or moped",7,8,-1
E01035494,Not in employment or aged 15 years and under,371,87,284
E01035494,On foot,64,41,23
E01035494,Other method of travel to work,14,1,13
E01035494,Passenger in a car or van,4,1,3
E01035494,Taxi,9,0,9
E01035494,Train,86,156,-70
E01035494,"Underground, metro, light rail, tram",110,136,-26
E01035494,Work mainly at or from home,915,27,888
E01035495,Bicycle,15,20,-5
E01035495,"Bus, minibus or coach",127,165,-38
E01035495,Driving a car or van,127,89,38
E01035495,"Motorcycle, scooter or moped",16,6,10
E01035495,Not in employment or aged 15 years and under,779,439,340
E01035495,On foot,60,81,-21
E01035495,Other method of travel to work,4,1,3
E01035495,Passenger in a car or van,4,10,-6
E01035495,Taxi,7,2,5
E01035495,Train,23,70,-47
E01035495,"Underground, metro, light rail, tram",34,43,-9
E01035495,Work mainly at or from home,152,12,140
E01035496,Bicycle,23,23,0
E01035496,"Bus, minibus or coach",31,47,-16
E01035496,Driving a car or van,38,25,13
E01035496,"Motorcycle, scooter or moped",2,5,-3
E01035496,Not in employment or aged 15 years and under,539,72,467
E01035496,On foot,46,33,13
E01035496,Other method of travel to work,8,1,7
E01035496,Passenger in a car or van,5,2,3
E01035496,Taxi,23,1,22
E01035496,Train,16,26,-10
E01035496,"Underground, metro, light rail, tram",64,69,-5
E01035496,Work mainly at or from home,460,24,436
E01035497,Bicycle,36,0,36
E01035497,"Bus, minibus or coach",110,0,110
E01035497,Driving a car or van,54,0,54
E01035497,"Motorcycle, scooter or moped",2,0,2
E01035497,Not in employment or aged 15 years and under,675,0,675
E01035497,On foot,35,0,35
E01035497,Other method of travel to work,16,0,16
E01035497,Passenger in a car or van,2,0,2
E01035497,Taxi,2,0,2
E01035497,Train,28,0,28
E01035497,"Underground, metro, light rail, tram",105,0,105
E01035497,Work mainly at or from home,431,0,431
E01035498,Bicycle,48,0,48
E01035498,"Bus, minibus or coach",34,0,34
E01035498,Driving a car or van,34,0,34
E01035498,"Motorcycle, scooter or moped",6,0,6
E01035498,Not in employment or aged 15 years and under,368,0,368
E01035498,On foot,45,0,45
E01035498,Other method of travel to work,4,0,4
E01035498,Passenger in a car or van,2,0,2
E01035498,Taxi,8,0,8
E01035498,Train,16,0,16
E01035498,"Underground, metro, light rail, tram",78,0,78
E01035498,Work mainly at or from home,575,0,575
E01035499,Bicycle,33,32,1
E01035499,"Bus, minibus or coach",151,244,-93
E01035499,Driving a car or van,98,83,15
E01035499,"Motorcycle, scooter or moped",11,11,0
E01035499,Not in employment or aged 15 years and under,878,426,452
E01035499,On foot,53,69,-16
E01035499,Other method of travel to work,15,3,12
E01035499,Passenger in a car or van,6,9,-3
E01035499,Taxi,1,5,-4
E01035499,Train,33,56,-23
E01035499,"Underground, metro, light rail, tram",83,118,-35
E01035499,Work mainly at or from home,240,11,229
E01035638,Bicycle,43,11,32
E01035638,"Bus, minibus or coach",76,126,-50
E01035638,Driving a car or van,66,46,20
E01035638,"Motorcycle, scooter or moped",3,4,-1
E01035638,Not in employment or aged 15 years and under,851,442,409
E01035638,On foot,33,29,4
E01035638,Other method of travel to work,10,4,6
E01035638,Passenger in a car or van,1,3,-2
E01035638,Taxi,8,1,7
E01035638,Train,30,20,10
E01035638,"Underground, metro, light rail, tram",112,89,23
E01035638,Work mainly at or from home,658,9,649
E01035639,Bicycle,54,22,32
E01035639,"Bus, minibus or coach",77,71,6
E01035639,Driving a car or van,66,43,23
E01035639,"Motorcycle, scooter or moped",2,3,-1
E01035639,Not in employment or aged 15 years and under,765,336,429
E01035639,On foot,35,11,24
E01035639,Other method of travel to work,9,3,6
E01035639,Passenger in a car or van,2,6,-4
E01035639,Taxi,8,0,8
E01035639,Train,35,25,10
E01035639,"Underground, metro, light rail, tram",106,113,-7
E01035639,Work mainly at or from home,542,11,531
E01035640,Bicycle,61,189,-128
E01035640,"Bus, minibus or coach",58,256,-198
E01035640,Driving a car or van,45,78,-33
E01035640,"Motorcycle, scooter or moped",4,9,-5
E01035640,Not in employment or aged 15 years and under,584,417,167
E01035640,On foot,55,78,-23
E01035640,Other method of travel to work,14,7,7
E01035640,Passenger in a car or van,3,2,1
E01035640,Taxi,4,2,2
E01035640,Train,30,55,-25
E01035640,"Underground, metro, light rail, tram",62,183,-121
E01035640,Work mainly at or from home,471,61,410
E01035641,Bicycle,68,88,-20
E01035641,"Bus, minibus or coach",102,109,-7
E01035641,Driving a car or van,27,28,-1
E01035641,"Motorcycle, scooter or moped",2,6,-4
E01035641,Not in employment or aged 15 years and under,502,145,357
E01035641,On foot,47,30,17
E01035641,Other method of travel to work,3,3,0
E01035641,Passenger in a car or van,1,1,0
E01035641,Taxi,9,1,8
E01035641,Train,25,50,-25
E01035641,"Underground, metro, light rail, tram",66,142,-76
E01035641,Work mainly at or from home,579,28,551
E01035642,Bicycle,90,105,-15
E01035642,"Bus, minibus or coach",58,165,-107
E01035642,Driving a car or van,48,53,-5
E01035642,"Motorcycle, scooter or moped",8,10,-2
E01035642,Not in employment or aged 15 years and under,669,220,449
E01035642,On foot,78,102,-24
E01035642,Other method of travel to work,6,5,1
E01035642,Passenger in a car or van,2,1,1
E01035642,Taxi,8,2,6
E01035642,Train,32,31,1
E01035642,"Underground, metro, light rail, tram",57,120,-63
E01035642,Work mainly at or from home,786,60,726
E01035643,Bicycle,57,109,-52
E01035643,"Bus, minibus or coach",97,303,-206
E01035643,Driving a car or van,82,71,11
E01035643,"Motorcycle, scooter or moped",2,6,-4
E01035643,Not in employment or aged 15 years and under,732,363,369
E01035643,On foot,75,139,-64
E01035643,Other method of travel to work,5,8,-3
E01035643,Passenger in a car or van,4,3,1
E01035643,Taxi,1,3,-2
E01035643,Train,25,45,-20
E01035643,"Underground, metro, light rail, tram",58,172,-114
E01035643,Work mainly at or from home,588,41,547
E01035644,Bicycle,64,65,-1
E01035644,"Bus, minibus or coach",40,159,-119
E01035644,Driving a car or van,39,24,15
E01035644,"Motorcycle, scooter or moped",1,9,-8
E01035644,Not in employment or aged 15 years and under,314,140,174
E01035644,On foot,45,112,-67
E01035644,Other method of travel to work,12,2,10
E01035644,Passenger in a car or van,1,1,0
E01035644,Taxi,6,6,0
E01035644,Train,8,31,-23
E01035644,"Underground, metro, light rail, tram",27,94,-67
E01035644,Work mainly at or from home,620,30,590
E01035645,Bicycle,55,72,-17
E01035645,"Bus, minibus or coach",92,174,-82
E01035645,Driving a car or van,44,62,-18
E01035645,"Motorcycle, scooter or moped",8,6,2
E01035645,Not in employment or aged 15 years and under,609,419,190
E01035645,On foot,93,105,-12
E01035645,Other method of travel to work,9,12,-3
E01035645,Passenger in a car or van,9,2,7
E01035645,Taxi,3,7,-4
E01035645,Train,24,34,-10
E01035645,"Underground, metro, light rail, tram",57,108,-51
E01035645,Work mainly at or from home,303,28,275
E01035646,Bicycle,57,106,-49
E01035646,"Bus, minibus or coach",86,185,-99
E01035646,Driving a car or van,65,93,-28
E01035646,"Motorcycle, scooter or moped",4,9,-5
E01035646,Not in employment or aged 15 years and under,647,486,161
E01035646,On foot,101,202,-101
E01035646,Other method of travel to work,4,4,0
E01035646,Passenger in a car or van,3,4,-1
E01035646,Taxi,8,8,0
E01035646,Train,22,45,-23
E01035646,"Underground, metro, light rail, tram",55,141,-86
E01035646,Work mainly at or from home,486,26,460
E01035647,Bicycle,44,75,-31
E01035647,"Bus, minibus or coach",18,86,-68
E01035647,Driving a car or van,21,17,4
E01035647,"Motorcycle, scooter or moped",0,11,-11
E01035647,Not in employment or aged 15 years and under,265,92,173
E01035647,On foot,67,141,-74
E01035647,Other method of travel to work,5,5,0
E01035647,Passenger in a car or van,1,3,-2
E01035647,Taxi,5,8,-3
E01035647,Train,4,27,-23
E01035647,"Underground, metro, light rail, tram",33,111,-78
E01035647,Work mainly at or from home,652,49,603
E01035648,Bicycle,46,66,-20
E01035648,"Bus, minibus or coach",123,207,-84
E01035648,Driving a car or van,71,71,0
E01035648,"Motorcycle, scooter or moped",1,9,-8
E01035648,Not in employment or aged 15 years and under,793,515,278
E01035648,On foot,80,181,-101
E01035648,Other method of travel to work,11,3,8
E01035648,Passenger in a car or van,6,2,4
E01035648,Taxi,8,1,7
E01035648,Train,30,45,-15
E01035648,"Underground, metro, light rail, tram",52,158,-106
E01035648,Work mainly at or from home,309,24,285
E01035649,Bicycle,46,46,0
E01035649,"Bus, minibus or coach",41,87,-46
E01035649,Driving a car or van,45,25,20
E01035649,"Motorcycle, scooter or moped",7,5,2
E01035649,Not in employment or aged 15 years and under,599,172,427
E01035649,On foot,99,126,-27
E01035649,Other method of travel to work,6,3,3
E01035649,Passenger in a car or van,6,0,6
E01035649,Taxi,8,11,-3
E01035649,Train,10,16,-6
E01035649,"Underground, metro, light rail, tram",56,78,-22
E01035649,Work mainly at or from home,537,33,504
E01035650,Bicycle,63,198,-135
E01035650,"Bus, minibus or coach",81,372,-291
E01035650,Driving a car or van,87,145,-58
E01035650,"Motorcycle, scooter or moped",4,18,-14
E01035650,Not in employment or aged 15 years and under,981,792,189
E01035650,On foot,89,125,-36
E01035650,Other method of travel to work,10,14,-4
E01035650,Passenger in a car or van,8,4,4
E01035650,Taxi,16,8,8
E01035650,Train,42,75,-33
E01035650,"Underground, metro, light rail, tram",83,253,-170
E01035650,Work mainly at or from home,540,79,461
E01035651,Bicycle,60,74,-14
E01035651,"Bus, minibus or coach",88,151,-63
E01035651,Driving a car or van,69,52,17
E01035651,"Motorcycle, scooter or moped",5,7,-2
E01035651,Not in employment or aged 15 years and under,653,318,335
E01035651,On foot,65,57,8
E01035651,Other method of travel to work,5,3,2
E01035651,Passenger in a car or van,6,3,3
E01035651,Taxi,6,4,2
E01035651,Train,22,42,-20
E01035651,"Underground, metro, light rail, tram",115,234,-119
E01035651,Work mainly at or from home,481,28,453
E01035652,Bicycle,41,39,2
E01035652,"Bus, minibus or coach",60,171,-111
E01035652,Driving a car or van,45,35,10
E01035652,"Motorcycle, scooter or moped",4,7,-3
E01035652,Not in employment or aged 15 years and under,436,223,213
E01035652,On foot,48,40,8
E01035652,Other method of travel to work,8,5,3
E01035652,Passenger in a car or van,3,2,1
E01035652,Taxi,7,1,6
E01035652,Train,16,34,-18
E01035652,"Underground, metro, light rail, tram",107,213,-106
E01035652,Work mainly at or from home,507,21,486
E01035653,Bicycle,58,89,-31
E01035653,"Bus, minibus or coach",30,67,-37
E01035653,Driving a car or van,24,53,-29
E01035653,"Motorcycle, scooter or moped",5,8,-3
E01035653,Not in employment or aged 15 years and under,342,152,190
E01035653,On foot,55,75,-20
E01035653,Other method of travel to work,5,1,4
E01035653,Passenger in a car or van,1,5,-4
E01035653,Taxi,7,3,4
E01035653,Train,31,126,-95
E01035653,"Underground, metro, light rail, tram",132,443,-311
E01035653,Work mainly at or from home,735,21,714
E01035654,Bicycle,33,15,18
E01035654,"Bus, minibus or coach",37,11,26
E01035654,Driving a car or van,37,10,27
E01035654,"Motorcycle, scooter or moped",1,1,0
E01035654,Not in employment or aged 15 years and under,562,37,525
E01035654,On foot,43,10,33
E01035654,Other method of travel to work,8,0,8
E01035654,Passenger in a car or van,3,0,3
E01035654,Taxi,2,0,2
E01035654,Train,16,19,-3
E01035654,"Underground, metro, light rail, tram",74,60,14
E01035654,Work mainly at or from home,344,5,339
E01035655,Bicycle,40,75,-35
E01035655,"Bus, minibus or coach",57,198,-141
E01035655,Driving a car or van,83,58,25
E01035655,"Motorcycle, scooter or moped",3,7,-4
E01035655,Not in employment or aged 15 years and under,840,391,449
E01035655,On foot,105,250,-145
E01035655,Other method of travel to work,5,4,1
E01035655,Passenger in a car or van,1,5,-4
E01035655,Taxi,5,9,-4
E01035655,Train,27,38,-11
E01035655,"Underground, metro, light rail, tram",70,181,-111
E01035655,Work mainly at or from home,497,53,444
E01035656,Bicycle,58,6,52
E01035656,"Bus, minibus or coach",42,65,-23
E01035656,Driving a car or van,39,15,24
E01035656,"Motorcycle, scooter or moped",7,0,7
E01035656,Not in employment or aged 15 years and under,625,223,402
E01035656,On foot,85,59,26
E01035656,Other method of travel to work,6,2,4
E01035656,Passenger in a car or van,4,1,3
E01035656,Taxi,6,4,2
E01035656,Train,11,14,-3
E01035656,"Underground, metro, light rail, tram",41,59,-18
E01035656,Work mainly at or from home,566,14,552
E01035657,Bicycle,76,58,18
E01035657,"Bus, minibus or coach",4,20,-16
E01035657,Driving a car or van,17,34,-17
E01035657,"Motorcycle, scooter or moped",1,4,-3
E01035657,Not in employment or aged 15 years and under,204,65,139
E01035657,On foot,32,27,5
E01035657,Other method of travel to work,7,6,1
E01035657,Passenger in a car or van,2,7,-5
E01035657,Taxi,6,0,6
E01035657,Train,21,21,0
E01035657,"Underground, metro, light rail, tram",86,99,-13
E01035657,Work mainly at or from home,592,14,578
E01035658,Bicycle,49,0,49
E01035658,"Bus, minibus or coach",18,0,18
E01035658,Driving a car or van,34,0,34
E01035658,"Motorcycle, scooter or moped",3,0,3
E01035658,Not in employment or aged 15 years and under,427,0,427
E01035658,On foot,23,0,23
E01035658,Other method of travel to work,3,0,3
E01035658,Passenger in a car or van,1,0,1
E01035658,Taxi,1,0,1
E01035658,Train,26,0,26
E01035658,"Underground, metro, light rail, tram",100,0,100
E01035658,Work mainly at or from home,599,0,599
E01035659,Bicycle,43,49,-6
E01035659,"Bus, minibus or coach",74,140,-66
E01035659,Driving a car or van,103,82,21
E01035659,"Motorcycle, scooter or moped",5,3,2
E01035659,Not in employment or aged 15 years and under,814,530,284
E01035659,On foot,45,66,-21
E01035659,Other method of travel to work,5,2,3
E01035659,Passenger in a car or van,5,6,-1
E01035659,Taxi,9,6,3
E01035659,Train,39,52,-13
E01035659,"Underground, metro, light rail, tram",90,240,-150
E01035659,Work mainly at or from home,345,14,331
E01035660,Bicycle,42,53,-11
E01035660,"Bus, minibus or coach",48,113,-65
E01035660,Driving a car or van,60,74,-14
E01035660,"Motorcycle, scooter or moped",4,6,-2
E01035660,Not in employment or aged 15 years and under,667,430,237
E01035660,On foot,76,89,-13
E01035660,Other method of travel to work,15,6,9
E01035660,Passenger in a car or van,4,2,2
E01035660,Taxi,8,2,6
E01035660,Train,15,37,-22
E01035660,"Underground, metro, light rail, tram",80,212,-132
E01035660,Work mainly at or from home,424,33,391
E01035661,Bicycle,62,66,-4
E01035661,"Bus, minibus or coach",52,79,-27
E01035661,Driving a car or van,70,48,22
E01035661,"Motorcycle, scooter or moped",1,4,-3
E01035661,Not in employment or aged 15 years and under,953,227,726
E01035661,On foot,58,88,-30
E01035661,Other method of travel to work,5,4,1
E01035661,Passenger in a car or van,13,3,10
E01035661,Taxi,4,4,0
E01035661,Train,24,31,-7
E01035661,"Underground, metro, light rail, tram",66,210,-144
E01035661,Work mainly at or from home,333,32,301
E01035662,Bicycle,76,75,1
E01035662,"Bus, minibus or coach",8,46,-38
E01035662,Driving a car or van,50,82,-32
E01035662,"Motorcycle, scooter or moped",6,13,-7
E01035662,Not in employment or aged 15 years and under,158,111,47
E01035662,On foot,32,29,3
E01035662,Other method of travel to work,4,10,-6
E01035662,Passenger in a car or van,2,3,-1
E01035662,Taxi,8,6,2
E01035662,Train,13,31,-18
E01035662,"Underground, metro, light rail, tram",127,572,-445
E01035662,Work mainly at or from home,623,40,583
E01035663,Bicycle,47,67,-20
E01035663,"Bus, minibus or coach",33,52,-19
E01035663,Driving a car or van,45,67,-22
E01035663,"Motorcycle, scooter or moped",1,5,-4
E01035663,Not in employment or aged 15 years and under,581,203,378
E01035663,On foot,39,42,-3
E01035663,Other method of travel to work,5,0,5
E01035663,Passenger in a car or van,5,5,0
E01035663,Taxi,3,3,0
E01035663,Train,30,33,-3
E01035663,"Underground, metro, light rail, tram",102,426,-324
E01035663,Work mainly at or from home,438,15,423
E01035664,Bicycle,93,210,-117
E01035664,"Bus, minibus or coach",95,231,-136
E01035664,Driving a car or van,99,129,-30
E01035664,"Motorcycle, scooter or moped",4,14,-10
E01035664,Not in employment or aged 15 years and under,1197,643,554
E01035664,On foot,129,305,-176
E01035664,Other method of travel to work,9,12,-3
E01035664,Passenger in a car or van,5,11,-6
E01035664,Taxi,7,16,-9
E01035664,Train,25,55,-30
E01035664,"Underground, metro, light rail, tram",112,278,-166
E01035664,Work mainly at or from home,730,75,655
E01035665,Bicycle,40,7,33
E01035665,"Bus, minibus or coach",33,6,27
E01035665,Driving a car or van,50,21,29
E01035665,"Motorcycle, scooter or moped",3,1,2
E01035665,Not in employment or aged 15 years and under,470,38,432
E01035665,On foot,32,5,27
E01035665,Other method of travel to work,6,1,5
E01035665,Passenger in a car or van,5,0,5
E01035665,Taxi,7,1,6
E01035665,Train,38,5,33
E01035665,"Underground, metro, light rail, tram",173,104,69
E01035665,Work mainly at or from home,571,2,569
E01035666,Bicycle,31,14,17
E01035666,"Bus, minibus or coach",53,31,22
E01035666,Driving a car or van,91,27,64
E01035666,"Motorcycle, scooter or moped",6,4,2
E01035666,Not in employment or aged 15 years and under,902,237,665
E01035666,On foot,57,15,42
E01035666,Other method of travel to work,7,0,7
E01035666,Passenger in a car or van,12,2,10
E01035666,Taxi,8,0,8
E01035666,Train,67,28,39
E01035666,"Underground, metro, light rail, tram",203,166,37
E01035666,Work mainly at or from home,474,6,468
E01035667,Bicycle,39,27,12
E01035667,"Bus, minibus or coach",54,56,-2
E01035667,Driving a car or van,89,100,-11
E01035667,"Motorcycle, scooter or moped",9,3,6
E01035667,Not in employment or aged 15 years and under,1144,549,595
E01035667,On foot,62,63,-1
E01035667,Other method of travel to work,16,4,12
E01035667,Passenger in a car or van,8,6,2
E01035667,Taxi,4,1,3
E01035667,Train,76,69,7
E01035667,"Underground, metro, light rail, tram",168,386,-218
E01035667,Work mainly at or from home,327,22,305
E01035668,Bicycle,57,139,-82
E01035668,"Bus, minibus or coach",40,127,-87
E01035668,Driving a car or van,84,66,18
E01035668,"Motorcycle, scooter or moped",3,15,-12
E01035668,Not in employment or aged 15 years and under,878,473,405
E01035668,On foot,133,307,-174
E01035668,Other method of travel to work,11,8,3
E01035668,Passenger in a car or van,3,2,1
E01035668,Taxi,15,5,10
E01035668,Train,44,62,-18
E01035668,"Underground, metro, light rail, tram",98,334,-236
E01035668,Work mainly at or from home,708,60,648
E01035669,Bicycle,47,74,-27
E01035669,"Bus, minibus or coach",29,44,-15
E01035669,Driving a car or van,30,22,8
E01035669,"Motorcycle, scooter or moped",4,6,-2
E01035669,Not in employment or aged 15 years and under,506,163,343
E01035669,On foot,101,188,-87
E01035669,Other method of travel to work,7,9,-2
E01035669,Passenger in a car or van,2,2,0
E01035669,Taxi,8,3,5
E01035669,Train,32,26,6
E01035669,"Underground, metro, light rail, tram",87,168,-81
E01035669,Work mainly at or from home,532,35,497
E01035670,Bicycle,62,56,6
E01035670,"Bus, minibus or coach",117,183,-66
E01035670,Driving a car or van,160,155,5
E01035670,"Motorcycle, scooter or moped",4,4,0
E01035670,Not in employment or aged 15 years and under,3028,2382,646
E01035670,On foot,135,214,-79
E01035670,Other method of travel to work,17,9,8
E01035670,Passenger in a car or van,19,27,-8
E01035670,Taxi,6,2,4
E01035670,Train,86,103,-17
E01035670,"Underground, metro, light rail, tram",181,413,-232
E01035670,Work mainly at or from home,464,45,419
E01035671,Bicycle,42,0,42
E01035671,"Bus, minibus or coach",44,0,44
E01035671,Driving a car or van,77,0,77
E01035671,"Motorcycle, scooter or moped",9,0,9
E01035671,Not in employment or aged 15 years and under,932,0,932
E01035671,On foot,56,0,56
E01035671,Other method of travel to work,7,0,7
E01035671,Passenger in a car or van,9,0,9
E01035671,Taxi,1,0,1
E01035671,Train,59,0,59
E01035671,"Underground, metro, light rail, tram",193,0,193
E01035671,Work mainly at or from home,741,0,741
E01035672,Bicycle,53,58,-5
E01035672,"Bus, minibus or coach",89,123,-34
E01035672,Driving a car or van,159,147,12
E01035672,"Motorcycle, scooter or moped",6,15,-9
E01035672,Not in employment or aged 15 years and under,1775,828,947
E01035672,On foot,92,73,19
E01035672,Other method of travel to work,16,9,7
E01035672,Passenger in a car or van,9,13,-4
E01035672,Taxi,7,2,5
E01035672,Train,83,89,-6
E01035672,"Underground, metro, light rail, tram",241,391,-150
E01035672,Work mainly at or from home,426,22,404
E01035673,Bicycle,29,0,29
E01035673,"Bus, minibus or coach",38,0,38
E01035673,Driving a car or van,47,0,47
E01035673,"Motorcycle, scooter or moped",0,0,0
E01035673,Not in employment or aged 15 years and under,529,0,529
E01035673,On foot,41,0,41
E01035673,Other method of travel to work,5,0,5
E01035673,Passenger in a car or van,6,0,6
E01035673,Taxi,2,0,2
E01035673,Train,28,0,28
E01035673,"Underground, metro, light rail, tram",80,0,80
E01035673,Work mainly at or from home,323,0,323
E01035674,Bicycle,37,13,24
E01035674,"Bus, minibus or coach",28,42,-14
E01035674,Driving a car or van,44,45,-1
E01035674,"Motorcycle, scooter or moped",2,4,-2
E01035674,Not in employment or aged 15 years and under,678,179,499
E01035674,On foot,44,20,24
E01035674,Other method of travel to work,4,0,4
E01035674,Passenger in a car or van,1,2,-1
E01035674,Taxi,5,1,4
E01035674,Train,49,25,24
E01035674,"Underground, metro, light rail, tram",103,139,-36
E01035674,Work mainly at or from home,400,7,393
E01035675,Bicycle,48,14,34
E01035675,"Bus, minibus or coach",73,60,13
E01035675,Driving a car or van,65,53,12
E01035675,"Motorcycle, scooter or moped",3,2,1
E01035675,Not in employment or aged 15 years and under,1004,494,510
E01035675,On foot,65,40,25
E01035675,Other method of travel to work,11,3,8
E01035675,Passenger in a car or van,14,6,8
E01035675,Taxi,3,2,1
E01035675,Train,51,46,5
E01035675,"Underground, metro, light rail, tram",138,260,-122
E01035675,Work mainly at or from home,312,15,297
E01035676,Bicycle,28,19,9
E01035676,"Bus, minibus or coach",72,87,-15
E01035676,Driving a car or van,107,83,24
E01035676,"Motorcycle, scooter or moped",6,4,2
E01035676,Not in employment or aged 15 years and under,993,485,508
E01035676,On foot,39,42,-3
E01035676,Other method of travel to work,8,3,5
E01035676,Passenger in a car or van,7,5,2
E01035676,Taxi,2,1,1
E01035676,Train,31,29,2
E01035676,"Underground, metro, light rail, tram",86,109,-23
E01035676,Work mainly at or from home,192,16,176
E01035677,Bicycle,20,9,11
E01035677,"Bus, minibus or coach",56,43,13
E01035677,Driving a car or van,68,34,34
E01035677,"Motorcycle, scooter or moped",1,1,0
E01035677,Not in employment or aged 15 years and under,756,223,533
E01035677,On foot,68,22,46
E01035677,Other method of travel to work,7,2,5
E01035677,Passenger in a car or van,5,1,4
E01035677,Taxi,3,1,2
E01035677,Train,39,23,16
E01035677,"Underground, metro, light rail, tram",83,72,11
E01035677,Work mainly at or from home,415,5,410
E01035678,Bicycle,44,19,25
E01035678,"Bus, minibus or coach",42,25,17
E01035678,Driving a car or van,89,53,36
E01035678,"Motorcycle, scooter or moped",6,4,2
E01035678,Not in employment or aged 15 years and under,955,223,732
E01035678,On foot,33,42,-9
E01035678,Other method of travel to work,9,4,5
E01035678,Passenger in a car or van,5,3,2
E01035678,Taxi,14,4,10
E01035678,Train,52,18,34
E01035678,"Underground, metro, light rail, tram",139,163,-24
E01035678,Work mainly at or from home,544,40,504
E01035679,Bicycle,36,18,18
E01035679,"Bus, minibus or coach",39,56,-17
E01035679,Driving a car or van,77,65,12
E01035679,"Motorcycle, scooter or moped",2,5,-3
E01035679,Not in employment or aged 15 years and under,809,325,484
E01035679,On foot,41,66,-25
E01035679,Other method of travel to work,7,3,4
E01035679,Passenger in a car or van,10,4,6
E01035679,Taxi,3,5,-2
E01035679,Train,44,38,6
E01035679,"Underground, metro, light rail, tram",149,272,-123
E01035679,Work mainly at or from home,387,21,366
E01035680,Bicycle,48,44,4
E01035680,"Bus, minibus or coach",60,96,-36
E01035680,Driving a car or van,118,98,20
E01035680,"Motorcycle, scooter or moped",2,2,0
E01035680,Not in employment or aged 15 years and under,828,297,531
E01035680,On foot,89,98,-9
E01035680,Other method of travel to work,3,3,0
E01035680,Passenger in a car or van,8,9,-1
E01035680,Taxi,10,1,9
E01035680,Train,40,48,-8
E01035680,"Underground, metro, light rail, tram",129,297,-168
E01035680,Work mainly at or from home,519,13,506
E01035681,Bicycle,45,32,13
E01035681,"Bus, minibus or coach",55,29,26
E01035681,Driving a car or van,108,57,51
E01035681,"Motorcycle, scooter or moped",9,4,5
E01035681,Not in employment or aged 15 years and under,1234,370,864
E01035681,On foot,90,46,44
E01035681,Other method of travel to work,8,3,5
E01035681,Passenger in a car or van,8,7,1
E01035681,Taxi,5,0,5
E01035681,Train,82,24,58
E01035681,"Underground, metro, light rail, tram",95,115,-20
E01035681,Work mainly at or from home,262,6,256
E01035682,Bicycle,25,15,10
E01035682,"Bus, minibus or coach",47,51,-4
E01035682,Driving a car or van,52,49,3
E01035682,"Motorcycle, scooter or moped",3,1,2
E01035682,Not in employment or aged 15 years and under,867,271,596
E01035682,On foot,62,29,33
E01035682,Other method of travel to work,6,0,6
E01035682,Passenger in a car or van,4,1,3
E01035682,Taxi,1,4,-3
E01035682,Train,40,23,17
E01035682,"Underground, metro, light rail, tram",83,65,18
E01035682,Work mainly at or from home,291,8,283
E01035683,Bicycle,25,24,1
E01035683,"Bus, minibus or coach",44,66,-22
E01035683,Driving a car or van,104,100,4
E01035683,"Motorcycle, scooter or moped",8,2,6
E01035683,Not in employment or aged 15 years and under,1233,578,655
E01035683,On foot,72,72,0
E01035683,Other method of travel to work,13,7,6
E01035683,Passenger in a car or van,5,11,-6
E01035683,Taxi,7,1,6
E01035683,Train,37,39,-2
E01035683,"Underground, metro, light rail, tram",82,121,-39
E01035683,Work mainly at or from home,206,7,199
E01035684,Bicycle,32,12,20
E01035684,"Bus, minibus or coach",51,54,-3
E01035684,Driving a car or van,80,58,22
E01035684,"Motorcycle, scooter or moped",2,4,-2
E01035684,Not in employment or aged 15 years and under,863,292,571
E01035684,On foot,51,61,-10
E01035684,Other method of travel to work,8,1,7
E01035684,Passenger in a car or van,6,4,2
E01035684,Taxi,16,3,13
E01035684,Train,43,37,6
E01035684,"Underground, metro, light rail, tram",110,157,-47
E01035684,Work mainly at or from home,301,4,297
E01035685,Bicycle,14,11,3
E01035685,"Bus, minibus or coach",43,86,-43
E01035685,Driving a car or van,88,89,-1
E01035685,"Motorcycle, scooter or moped",5,8,-3
E01035685,Not in employment or aged 15 years and under,1010,472,538
E01035685,On foot,35,58,-23
E01035685,Other method of travel to work,9,3,6
E01035685,Passenger in a car or van,4,9,-5
E01035685,Taxi,1,3,-2
E01035685,Train,33,29,4
E01035685,"Underground, metro, light rail, tram",97,122,-25
E01035685,Work mainly at or from home,134,11,123
E01035686,Bicycle,42,59,-17
E01035686,"Bus, minibus or coach",35,99,-64
E01035686,Driving a car or van,46,51,-5
E01035686,"Motorcycle, scooter or moped",0,4,-4
E01035686,Not in employment or aged 15 years and under,739,481,258
E01035686,On foot,108,325,-217
E01035686,Other method of travel to work,10,13,-3
E01035686,Passenger in a car or van,7,4,3
E01035686,Taxi,4,2,2
E01035686,Train,19,50,-31
E01035686,"Underground, metro, light rail, tram",122,305,-183
E01035686,Work mainly at or from home,382,30,352
E01035687,Bicycle,25,42,-17
E01035687,"Bus, minibus or coach",33,70,-37
E01035687,Driving a car or van,31,16,15
E01035687,"Motorcycle, scooter or moped",2,3,-1
E01035687,Not in employment or aged 15 years and under,905,104,801
E01035687,On foot,111,229,-118
E01035687,Other method of travel to work,8,7,1
E01035687,Passenger in a car or van,4,2,2
E01035687,Taxi,5,2,3
E01035687,Train,28,27,1
E01035687,"Underground, metro, light rail, tram",93,203,-110
E01035687,Work mainly at or from home,504,21,483
E01035688,Bicycle,20,0,20
E01035688,"Bus, minibus or coach",27,0,27
E01035688,Driving a car or van,20,0,20
E01035688,"Motorcycle, scooter or moped",1,0,1
E01035688,Not in employment or aged 15 years and under,915,0,915
E01035688,On foot,81,0,81
E01035688,Other method of travel to work,5,0,5
E01035688,Passenger in a car or van,3,0,3
E01035688,Taxi,5,0,5
E01035688,Train,16,0,16
E01035688,"Underground, metro, light rail, tram",72,0,72
E01035688,Work mainly at or from home,502,0,502
E01035689,Bicycle,32,51,-19
E01035689,"Bus, minibus or coach",31,75,-44
E01035689,Driving a car or van,48,40,8
E01035689,"Motorcycle, scooter or moped",2,7,-5
E01035689,Not in employment or aged 15 years and under,749,332,417
E01035689,On foot,127,266,-139
E01035689,Other method of travel to work,8,5,3
E01035689,Passenger in a car or van,0,4,-4
E01035689,Taxi,2,3,-1
E01035689,Train,29,37,-8
E01035689,"Underground, metro, light rail, tram",76,279,-203
E01035689,Work mainly at or from home,516,32,484
E01035690,Bicycle,48,31,17
E01035690,"Bus, minibus or coach",46,67,-21
E01035690,Driving a car or van,61,45,16
E01035690,"Motorcycle, scooter or moped",3,9,-6
E01035690,Not in employment or aged 15 years and under,753,171,582
E01035690,On foot,70,75,-5
E01035690,Other method of travel to work,8,5,3
E01035690,Passenger in a car or van,4,3,1
E01035690,Taxi,16,1,15
E01035690,Train,51,50,1
E01035690,"Underground, metro, light rail, tram",215,306,-91
E01035690,Work mainly at or from home,757,18,739
E01035691,Bicycle,65,56,9
E01035691,"Bus, minibus or coach",60,42,18
E01035691,Driving a car or van,44,53,-9
E01035691,"Motorcycle, scooter or moped",7,9,-2
E01035691,Not in employment or aged 15 years and under,627,158,469
E01035691,On foot,77,209,-132
E01035691,Other method of travel to work,22,17,5
E01035691,Passenger in a car or van,3,2,1
E01035691,Taxi,2,4,-2
E01035691,Train,15,60,-45
E01035691,"Underground, metro, light rail, tram",207,459,-252
E01035691,Work mainly at or from home,797,33,764
E01035692,Bicycle,41,30,11
E01035692,"Bus, minibus or coach",47,73,-26
E01035692,Driving a car or van,74,61,13
E01035692,"Motorcycle, scooter or moped",5,5,0
E01035692,Not in employment or aged 15 years and under,695,185,510
E01035692,On foot,50,91,-41
E01035692,Other method of travel to work,6,4,2
E01035692,Passenger in a car or van,7,5,2
E01035692,Taxi,6,2,4
E01035692,Train,36,31,5
E01035692,"Underground, metro, light rail, tram",97,200,-103
E01035692,Work mainly at or from home,391,11,380
E01035693,Bicycle,24,16,8
E01035693,"Bus, minibus or coach",44,35,9
E01035693,Driving a car or van,47,47,0
E01035693,"Motorcycle, scooter or moped",7,3,4
E01035693,Not in employment or aged 15 years and under,707,219,488
E01035693,On foot,66,37,29
E01035693,Other method of travel to work,9,1,8
E01035693,Passenger in a car or van,3,3,0
E01035693,Taxi,10,5,5
E01035693,Train,36,16,20
E01035693,"Underground, metro, light rail, tram",132,94,38
E01035693,Work mainly at or from home,457,6,451
E01035694,Bicycle,27,27,0
E01035694,"Bus, minibus or coach",83,105,-22
E01035694,Driving a car or van,131,97,34
E01035694,"Motorcycle, scooter or moped",4,8,-4
E01035694,Not in employment or aged 15 years and under,1243,584,659
E01035694,On foot,75,131,-56
E01035694,Other method of travel to work,21,7,14
E01035694,Passenger in a car or van,11,7,4
E01035694,Taxi,7,8,-1
E01035694,Train,50,59,-9
E01035694,"Underground, metro, light rail, tram",157,274,-117
E01035694,Work mainly at or from home,405,20,385
E01035695,Bicycle,21,21,0
E01035695,"Bus, minibus or coach",75,118,-43
E01035695,Driving a car or van,118,113,5
E01035695,"Motorcycle, scooter or moped",12,4,8
E01035695,Not in employment or aged 15 years and under,945,548,397
E01035695,On foot,62,78,-16
E01035695,Other method of travel to work,15,3,12
E01035695,Passenger in a car or van,11,12,-1
E01035695,Taxi,9,4,5
E01035695,Train,48,54,-6
E01035695,"Underground, metro, light rail, tram",102,169,-67
E01035695,Work mainly at or from home,231,17,214
E01035696,Bicycle,22,38,-16
E01035696,"Bus, minibus or coach",11,28,-17
E01035696,Driving a car or van,25,35,-10
E01035696,"Motorcycle, scooter or moped",4,7,-3
E01035696,Not in employment or aged 15 years and under,379,130,249
E01035696,On foot,85,203,-118
E01035696,Other method of travel to work,5,3,2
E01035696,Passenger in a car or van,2,4,-2
E01035696,Taxi,4,9,-5
E01035696,Train,16,15,1
E01035696,"Underground, metro, light rail, tram",71,154,-83
E01035696,Work mainly at or from home,563,18,545
E01035697,Bicycle,29,35,-6
E01035697,"Bus, minibus or coach",25,51,-26
E01035697,Driving a car or van,62,49,13
E01035697,"Motorcycle, scooter or moped",4,3,1
E01035697,Not in employment or aged 15 years and under,689,302,387
E01035697,On foot,121,206,-85
E01035697,Other method of travel to work,20,5,15
E01035697,Passenger in a car or van,2,3,-1
E01035697,Taxi,7,7,0
E01035697,Train,30,28,2
E01035697,"Underground, metro, light rail, tram",95,176,-81
E01035697,Work mainly at or from home,590,16,574
E01035698,Bicycle,11,10,1
E01035698,"Bus, minibus or coach",6,18,-12
E01035698,Driving a car or van,31,41,-10
E01035698,"Motorcycle, scooter or moped",0,2,-2
E01035698,Not in employment or aged 15 years and under,402,178,224
E01035698,On foot,42,129,-87
E01035698,Other method of travel to work,4,7,-3
E01035698,Passenger in a car or van,0,2,-2
E01035698,Taxi,1,0,1
E01035698,Train,12,25,-13
E01035698,"Underground, metro, light rail, tram",85,276,-191
E01035698,Work mainly at or from home,411,15,396
E01035699,Bicycle,18,5,13
E01035699,"Bus, minibus or coach",18,19,-1
E01035699,Driving a car or van,59,20,39
E01035699,"Motorcycle, scooter or moped",2,2,0
E01035699,Not in employment or aged 15 years and under,715,181,534
E01035699,On foot,62,117,-55
E01035699,Other method of travel to work,9,1,8
E01035699,Passenger in a car or van,2,0,2
E01035699,Taxi,0,2,-2
E01035699,Train,40,19,21
E01035699,"Underground, metro, light rail, tram",133,203,-70
E01035699,Work mainly at or from home,664,19,645
E01035700,Bicycle,17,0,17
E01035700,"Bus, minibus or coach",9,0,9
E01035700,Driving a car or van,31,0,31
E01035700,"Motorcycle, scooter or moped",1,0,1
E01035700,Not in employment or aged 15 years and under,244,0,244
E01035700,On foot,28,0,28
E01035700,Other method of travel to work,6,0,6
E01035700,Passenger in a car or van,2,0,2
E01035700,Taxi,6,0,6
E01035700,Train,15,0,15
E01035700,"Underground, metro, light rail, tram",137,0,137
E01035700,Work mainly at or from home,657,0,657
E01035701,Bicycle,26,0,26
E01035701,"Bus, minibus or coach",5,0,5
E01035701,Driving a car or van,31,0,31
E01035701,"Motorcycle, scooter or moped",0,0,0
E01035701,Not in employment or aged 15 years and under,264,0,264
E01035701,On foot,28,0,28
E01035701,Other method of travel to work,7,0,7
E01035701,Passenger in a car or van,4,0,4
E01035701,Taxi,0,0,0
E01035701,Train,13,0,13
E01035701,"Underground, metro, light rail, tram",125,0,125
E01035701,Work mainly at or from home,673,0,673
E01035702,Bicycle,12,19,-7
E01035702,"Bus, minibus or coach",28,21,7
E01035702,Driving a car or van,65,31,34
E01035702,"Motorcycle, scooter or moped",4,2,2
E01035702,Not in employment or aged 15 years and under,686,244,442
E01035702,On foot,38,110,-72
E01035702,Other method of travel to work,7,10,-3
E01035702,Passenger in a car or van,7,7,0
E01035702,Taxi,6,1,5
E01035702,Train,30,35,-5
E01035702,"Underground, metro, light rail, tram",149,460,-311
E01035702,Work mainly at or from home,463,25,438
E01035703,Bicycle,7,0,7
E01035703,"Bus, minibus or coach",17,0,17
E01035703,Driving a car or van,15,0,15
E01035703,"Motorcycle, scooter or moped",0,0,0
E01035703,Not in employment or aged 15 years and under,441,0,441
E01035703,On foot,48,0,48
E01035703,Other method of travel to work,2,0,2
E01035703,Passenger in a car or van,0,0,0
E01035703,Taxi,3,0,3
E01035703,Train,8,0,8
E01035703,"Underground, metro, light rail, tram",86,0,86
E01035703,Work mainly at or from home,481,0,481
E01035704,Bicycle,23,4,19
E01035704,"Bus, minibus or coach",40,18,22
E01035704,Driving a car or van,45,34,11
E01035704,"Motorcycle, scooter or moped",3,1,2
E01035704,Not in employment or aged 15 years and under,986,236,750
E01035704,On foot,68,119,-51
E01035704,Other method of travel to work,14,2,12
E01035704,Passenger in a car or van,2,3,-1
E01035704,Taxi,3,1,2
E01035704,Train,39,46,-7
E01035704,"Underground, metro, light rail, tram",111,242,-131
E01035704,Work mainly at or from home,414,15,399
E01035705,Bicycle,26,23,3
E01035705,"Bus, minibus or coach",27,40,-13
E01035705,Driving a car or van,80,86,-6
E01035705,"Motorcycle, scooter or moped",6,3,3
E01035705,Not in employment or aged 15 years and under,785,426,359
E01035705,On foot,58,99,-41
E01035705,Other method of travel to work,8,3,5
E01035705,Passenger in a car or van,8,6,2
E01035705,Taxi,1,6,-5
E01035705,Train,43,46,-3
E01035705,"Underground, metro, light rail, tram",132,269,-137
E01035705,Work mainly at or from home,273,21,252
E01035706,Bicycle,13,8,5
E01035706,"Bus, minibus or coach",18,10,8
E01035706,Driving a car or van,32,30,2
E01035706,"Motorcycle, scooter or moped",3,3,0
E01035706,Not in employment or aged 15 years and under,532,92,440
E01035706,On foot,37,53,-16
E01035706,Other method of travel to work,7,2,5
E01035706,Passenger in a car or van,1,1,0
E01035706,Taxi,2,0,2
E01035706,Train,36,14,22
E01035706,"Underground, metro, light rail, tram",125,154,-29
E01035706,Work mainly at or from home,482,9,473
E01035707,Bicycle,108,196,-88
E01035707,"Bus, minibus or coach",80,332,-252
E01035707,Driving a car or van,87,132,-45
E01035707,"Motorcycle, scooter or moped",5,22,-17
E01035707,Not in employment or aged 15 years and under,1036,1088,-52
E01035707,On foot,118,237,-119
E01035707,Other method of travel to work,15,9,6
E01035707,Passenger in a car or van,4,10,-6
E01035707,Taxi,13,12,1
E01035707,Train,22,74,-52
E01035707,"Underground, metro, light rail, tram",92,356,-264
E01035707,Work mainly at or from home,871,138,733
E01035708,Bicycle,41,0,41
E01035708,"Bus, minibus or coach",45,0,45
E01035708,Driving a car or van,31,0,31
E01035708,"Motorcycle, scooter or moped",1,0,1
E01035708,Not in employment or aged 15 years and under,1205,0,1205
E01035708,On foot,86,0,86
E01035708,Other method of travel to work,7,0,7
E01035708,Passenger in a car or van,3,0,3
E01035708,Taxi,8,0,8
E01035708,Train,13,0,13
E01035708,"Underground, metro, light rail, tram",63,0,63
E01035708,Work mainly at or from home,439,0,439
E01035709,Bicycle,28,33,-5
E01035709,"Bus, minibus or coach",89,115,-26
E01035709,Driving a car or van,57,61,-4
E01035709,"Motorcycle, scooter or moped",1,3,-2
E01035709,Not in employment or aged 15 years and under,949,662,287
E01035709,On foot,143,162,-19
E01035709,Other method of travel to work,11,5,6
E01035709,Passenger in a car or van,3,3,0
E01035709,Taxi,3,8,-5
E01035709,Train,20,44,-24
E01035709,"Underground, metro, light rail, tram",58,135,-77
E01035709,Work mainly at or from home,177,25,152
E01035710,Bicycle,22,57,-35
E01035710,"Bus, minibus or coach",100,237,-137
E01035710,Driving a car or van,91,90,1
E01035710,"Motorcycle, scooter or moped",7,12,-5
E01035710,Not in employment or aged 15 years and under,1735,1398,337
E01035710,On foot,137,301,-164
E01035710,Other method of travel to work,19,28,-9
E01035710,Passenger in a car or van,4,10,-6
E01035710,Taxi,9,8,1
E01035710,Train,37,64,-27
E01035710,"Underground, metro, light rail, tram",104,298,-194
E01035710,Work mainly at or from home,313,47,266
E01035711,Bicycle,19,44,-25
E01035711,"Bus, minibus or coach",33,149,-116
E01035711,Driving a car or van,35,61,-26
E01035711,"Motorcycle, scooter or moped",3,4,-1
E01035711,Not in employment or aged 15 years and under,1667,1899,-232
E01035711,On foot,127,399,-272
E01035711,Other method of travel to work,12,16,-4
E01035711,Passenger in a car or van,4,4,0
E01035711,Taxi,2,10,-8
E01035711,Train,24,76,-52
E01035711,"Underground, metro, light rail, tram",73,287,-214
E01035711,Work mainly at or from home,433,85,348
E01035712,Bicycle,33,88,-55
E01035712,"Bus, minibus or coach",56,152,-96
E01035712,Driving a car or van,63,75,-12
E01035712,"Motorcycle, scooter or moped",4,5,-1
E01035712,Not in employment or aged 15 years and under,1616,1338,278
E01035712,On foot,144,348,-204
E01035712,Other method of travel to work,4,14,-10
E01035712,Passenger in a car or van,4,15,-11
E01035712,Taxi,9,3,6
E01035712,Train,29,63,-34
E01035712,"Underground, metro, light rail, tram",75,187,-112
E01035712,Work mainly at or from home,418,56,362
E01035713,Bicycle,29,34,-5
E01035713,"Bus, minibus or coach",24,98,-74
E01035713,Driving a car or van,53,137,-84
E01035713,"Motorcycle, scooter or moped",2,26,-24
E01035713,Not in employment or aged 15 years and under,961,578,383
E01035713,On foot,94,220,-126
E01035713,Other method of travel to work,12,18,-6
E01035713,Passenger in a car or van,4,11,-7
E01035713,Taxi,26,41,-15
E01035713,Train,12,43,-31
E01035713,"Underground, metro, light rail, tram",90,568,-478
E01035713,Work mainly at or from home,680,172,508
E01035714,Bicycle,32,70,-38
E01035714,"Bus, minibus or coach",32,140,-108
E01035714,Driving a car or van,63,213,-150
E01035714,"Motorcycle, scooter or moped",7,43,-36
E01035714,Not in employment or aged 15 years and under,1057,1077,-20
E01035714,On foot,84,174,-90
E01035714,Other method of travel to work,7,21,-14
E01035714,Passenger in a car or van,3,13,-10
E01035714,Taxi,15,45,-30
E01035714,Train,5,20,-15
E01035714,"Underground, metro, light rail, tram",88,465,-377
E01035714,Work mainly at or from home,665,185,480
E01035715,Bicycle,58,106,-48
E01035715,"Bus, minibus or coach",102,145,-43
E01035715,Driving a car or van,88,188,-100
E01035715,"Motorcycle, scooter or moped",13,42,-29
E01035715,Not in employment or aged 15 years and under,1072,623,449
E01035715,On foot,168,135,33
E01035715,Other method of travel to work,17,13,4
E01035715,Passenger in a car or van,2,11,-9
E01035715,Taxi,18,18,0
E01035715,Train,21,87,-66
E01035715,"Underground, metro, light rail, tram",176,767,-591
E01035715,Work mainly at or from home,1040,142,898
E01035716,Bicycle,59,51,8
E01035716,"Bus, minibus or coach",33,162,-129
E01035716,Driving a car or van,42,61,-19
E01035716,"Motorcycle, scooter or moped",5,8,-3
E01035716,Not in employment or aged 15 years and under,1002,608,394
E01035716,On foot,238,542,-304
E01035716,Other method of travel to work,20,24,-4
E01035716,Passenger in a car or van,5,11,-6
E01035716,Taxi,24,24,0
E01035716,Train,38,51,-13
E01035716,"Underground, metro, light rail, tram",129,323,-194
E01035716,Work mainly at or from home,596,194,402
E01035717,Bicycle,56,116,-60
E01035717,"Bus, minibus or coach",55,224,-169
E01035717,Driving a car or van,64,116,-52
E01035717,"Motorcycle, scooter or moped",7,34,-27
E01035717,Not in employment or aged 15 years and under,788,530,258
E01035717,On foot,98,157,-59
E01035717,Other method of travel to work,7,16,-9
E01035717,Passenger in a car or van,3,4,-1
E01035717,Taxi,11,16,-5
E01035717,Train,17,82,-65
E01035717,"Underground, metro, light rail, tram",108,513,-405
E01035717,Work mainly at or from home,683,133,550
E01035718,Bicycle,30,39,-9
E01035718,"Bus, minibus or coach",17,115,-98
E01035718,Driving a car or van,45,124,-79
E01035718,"Motorcycle, scooter or moped",5,12,-7
E01035718,Not in employment or aged 15 years and under,1642,1575,67
E01035718,On foot,115,298,-183
E01035718,Other method of travel to work,24,57,-33
E01035718,Passenger in a car or van,7,21,-14
E01035718,Taxi,16,59,-43
E01035718,Train,8,40,-32
E01035718,"Underground, metro, light rail, tram",47,244,-197
E01035718,Work mainly at or from home,610,168,442
E01035719,Bicycle,30,32,-2
E01035719,"Bus, minibus or coach",31,77,-46
E01035719,Driving a car or van,32,42,-10
E01035719,"Motorcycle, scooter or moped",2,15,-13
E01035719,Not in employment or aged 15 years and under,592,252,340
E01035719,On foot,86,157,-71
E01035719,Other method of travel to work,8,11,-3
E01035719,Passenger in a car or van,7,1,6
E01035719,Taxi,0,11,-11
E01035719,Train,16,25,-9
E01035719,"Underground, metro, light rail, tram",50,165,-115
E01035719,Work mainly at or from home,414,48,366
E01035720,Bicycle,12,24,-12
E01035720,"Bus, minibus or coach",53,102,-49
E01035720,Driving a car or van,47,69,-22
E01035720,"Motorcycle, scooter or moped",1,4,-3
E01035720,Not in employment or aged 15 years and under,536,270,266
E01035720,On foot,96,144,-48
E01035720,Other method of travel to work,9,13,-4
E01035720,Passenger in a car or van,2,4,-2
E01035720,Taxi,8,10,-2
E01035720,Train,27,47,-20
E01035720,"Underground, metro, light rail, tram",75,175,-100
E01035720,Work mainly at or from home,353,31,322
E01035721,Bicycle,51,64,-13
E01035721,"Bus, minibus or coach",78,255,-177
E01035721,Driving a car or van,66,146,-80
E01035721,"Motorcycle, scooter or moped",4,16,-12
E01035721,Not in employment or aged 15 years and under,1249,738,511
E01035721,On foot,110,304,-194
E01035721,Other method of travel to work,16,14,2
E01035721,Passenger in a car or van,5,13,-8
E01035721,Taxi,9,21,-12
E01035721,Train,19,74,-55
E01035721,"Underground, metro, light rail, tram",117,389,-272
E01035721,Work mainly at or from home,606,121,485
E01035722,Bicycle,44,93,-49
E01035722,"Bus, minibus or coach",30,172,-142
E01035722,Driving a car or van,44,111,-67
E01035722,"Motorcycle, scooter or moped",6,22,-16
E01035722,Not in employment or aged 15 years and under,838,544,294
E01035722,On foot,135,363,-228
E01035722,Other method of travel to work,4,16,-12
E01035722,Passenger in a car or van,8,4,4
E01035722,Taxi,7,29,-22
E01035722,Train,20,81,-61
E01035722,"Underground, metro, light rail, tram",137,695,-558
E01035722,Work mainly at or from home,747,153,594
