lsoa21cd,category,count_21,count_11,change
E01000001,"L1, L2 and L3: Higher managerial, administrative and professional occupations",620,530,90
E01000001,L10 and L11: Lower supervisory and technical occupations,11,12,-1
E01000001,L12: Semi-routine occupations,31,25,6
E01000001,L13: Routine occupations,16,8,8
E01000001,L14.1 and L14.2: Never worked and long-term unemployed,37,21,16
E01000001,L15: Full-time students,84,55,29
E01000001,"L4, L5 and L6: Lower managerial, administrative and professional occupations",367,429,-62
E01000001,L7: Intermediate occupations,72,73,-1
E01000001,L8 and L9: Small employers and own account workers,118,68,50
E01000002,"L1, L2 and L3: Higher managerial, administrative and professional occupations",631,518,113
E01000002,L10 and L11: Lower supervisory and technical occupations,6,15,-9
E01000002,L12: Semi-routine occupations,17,23,-6
E01000002,L13: Routine occupations,10,9,1
E01000002,L14.1 and L14.2: Never worked and long-term unemployed,42,11,31
E01000002,L15: Full-time students,88,60,28
E01000002,"L4, L5 and L6: Lower managerial, administrative and professional occupations",358,392,-34
E01000002,L7: Intermediate occupations,55,83,-28
E01000002,L8 and L9: Small employers and own account workers,95,85,10
E01000003,"L1, L2 and L3: Higher managerial, administrative and professional occupations",503,278,225
E01000003,L10 and L11: Lower supervisory and technical occupations,33,38,-5
E01000003,L12: Semi-routine occupations,70,68,2
E01000003,L13: Routine occupations,70,49,21
E01000003,L14.1 and L14.2: Never worked and long-term unemployed,72,51,21
E01000003,L15: Full-time students,67,129,-62
E01000003,"L4, L5 and L6: Lower managerial, administrative and professional occupations",426,322,104
E01000003,L7: Intermediate occupations,131,101,30
E01000003,L8 and L9: Small employers and own account workers,128,66,62
E01000005,"L1, L2 and L3: Higher managerial, administrative and professional occupations",143,89,54
E01000005,L10 and L11: Lower supervisory and technical occupations,42,54,-12
E01000005,L12: Semi-routine occupations,102,100,2
E01000005,L13: Routine occupations,103,66,37
E01000005,L14.1 and L14.2: Never worked and long-term unemployed,152,96,56
E01000005,L15: Full-time students,163,82,81
E01000005,"L4, L5 and L6: Lower managerial, administrative and professional occupations",141,172,-31
E01000005,L7: Intermediate occupations,61,71,-10
E01000005,L8 and L9: Small employers and own account workers,56,43,13
E01000006,"L1, L2 and L3: Higher managerial, administrative and professional occupations",118,109,9
E01000006,L10 and L11: Lower supervisory and technical occupations,68,63,5
E01000006,L12: Semi-routine occupations,164,153,11
E01000006,L13: Routine occupations,164,97,67
E01000006,L14.1 and L14.2: Never worked and long-term unemployed,183,163,20
E01000006,L15: Full-time students,156,167,-11
E01000006,"L4, L5 and L6: Lower managerial, administrative and professional occupations",210,218,-8
E01000006,L7: Intermediate occupations,125,117,8
E01000006,L8 and L9: Small employers and own account workers,237,164,73
E01000007,"L1, L2 and L3: Higher managerial, administrative and professional occupations",246,71,175
E01000007,L10 and L11: Lower supervisory and technical occupations,74,57,17
E01000007,L12: Semi-routine occupations,247,148,99
E01000007,L13: Routine occupations,221,83,138
E01000007,L14.1 and L14.2: Never worked and long-term unemployed,310,141,169
E01000007,L15: Full-time students,292,196,96
E01000007,"L4, L5 and L6: Lower managerial, administrative and professional occupations",372,159,213
E01000007,L7: Intermediate occupations,192,94,98
E01000007,L8 and L9: Small employers and own account workers,216,85,131
E01000008,"L1, L2 and L3: Higher managerial, administrative and professional occupations",63,41,22
E01000008,L10 and L11: Lower supervisory and technical occupations,59,56,3
E01000008,L12: Semi-routine occupations,157,159,-2
E01000008,L13: Routine occupations,180,116,64
E01000008,L14.1 and L14.2: Never worked and long-term unemployed,203,193,10
E01000008,L15: Full-time students,218,196,22
E01000008,"L4, L5 and L6: Lower managerial, administrative and professional occupations",132,109,23
E01000008,L7: Intermediate occupations,105,69,36
E01000008,L8 and L9: Small employers and own account workers,142,84,58
E01000009,"L1, L2 and L3: Higher managerial, administrative and professional occupations",125,109,16
E01000009,L10 and L11: Lower supervisory and technical occupations,66,74,-8
E01000009,L12: Semi-routine occupations,144,176,-32
E01000009,L13: Routine occupations,188,120,68
E01000009,L14.1 and L14.2: Never worked and long-term unemployed,250,209,41
E01000009,L15: Full-time students,143,229,-86
E01000009,"L4, L5 and L6: Lower managerial, administrative and professional occupations",148,218,-70
E01000009,L7: Intermediate occupations,121,147,-26
E01000009,L8 and L9: Small employers and own account workers,223,95,128
E01000011,"L1, L2 and L3: Higher managerial, administrative and professional occupations",75,76,-1
E01000011,L10 and L11: Lower supervisory and technical occupations,41,57,-16
E01000011,L12: Semi-routine occupations,140,154,-14
E01000011,L13: Routine occupations,184,126,58
E01000011,L14.1 and L14.2: Never worked and long-term unemployed,215,200,15
E01000011,L15: Full-time students,175,246,-71
E01000011,"L4, L5 and L6: Lower managerial, administrative and professional occupations",166,171,-5
E01000011,L7: Intermediate occupations,94,100,-6
E01000011,L8 and L9: Small employers and own account workers,227,109,118
E01000012,"L1, L2 and L3: Higher managerial, administrative and professional occupations",90,72,18
E01000012,L10 and L11: Lower supervisory and technical occupations,71,70,1
E01000012,L12: Semi-routine occupations,181,182,-1
E01000012,L13: Routine occupations,225,141,84
E01000012,L14.1 and L14.2: Never worked and long-term unemployed,258,197,61
E01000012,L15: Full-time students,198,198,0
E01000012,"L4, L5 and L6: Lower managerial, administrative and professional occupations",200,217,-17
E01000012,L7: Intermediate occupations,136,106,30
E01000012,L8 and L9: Small employers and own account workers,221,141,80
E01000013,"L1, L2 and L3: Higher managerial, administrative and professional occupations",71,51,20
E01000013,L10 and L11: Lower supervisory and technical occupations,93,99,-6
E01000013,L12: Semi-routine occupations,198,247,-49
E01000013,L13: Routine occupations,229,196,33
E01000013,L14.1 and L14.2: Never worked and long-term unemployed,174,136,38
E01000013,L15: Full-time students,120,133,-13
E01000013,"L4, L5 and L6: Lower managerial, administrative and professional occupations",208,196,12
E01000013,L7: Intermediate occupations,124,162,-38
E01000013,L8 and L9: Small employers and own account workers,192,134,58
E01000014,"L1, L2 and L3: Higher managerial, administrative and professional occupations",69,42,27
E01000014,L10 and L11: Lower supervisory and technical occupations,72,60,12
E01000014,L12: Semi-routine occupations,168,144,24
E01000014,L13: Routine occupations,191,144,47
E01000014,L14.1 and L14.2: Never worked and long-term unemployed,172,116,56
E01000014,L15: Full-time students,119,72,47
E01000014,"L4, L5 and L6: Lower managerial, administrative and professional occupations",197,142,55
E01000014,L7: Intermediate occupations,152,136,16
E01000014,L8 and L9: Small employers and own account workers,182,94,88
E01000015,"L1, L2 and L3: Higher managerial, administrative and professional occupations",109,45,64
E01000015,L10 and L11: Lower supervisory and technical occupations,94,108,-14
E01000015,L12: Semi-routine occupations,235,234,1
E01000015,L13: Routine occupations,263,189,74
E01000015,L14.1 and L14.2: Never worked and long-term unemployed,207,198,9
E01000015,L15: Full-time students,190,168,22
E01000015,"L4, L5 and L6: Lower managerial, administrative and professional occupations",231,219,12
E01000015,L7: Intermediate occupations,175,168,7
E01000015,L8 and L9: Small employers and own account workers,232,164,68
E01000016,"L1, L2 and L3: Higher managerial, administrative and professional occupations",77,43,34
E01000016,L10 and L11: Lower supervisory and technical occupations,71,89,-18
E01000016,L12: Semi-routine occupations,184,195,-11
E01000016,L13: Routine occupations,182,163,19
E01000016,L14.1 and L14.2: Never worked and long-term unemployed,172,107,65
E01000016,L15: Full-time students,147,113,34
E01000016,"L4, L5 and L6: Lower managerial, administrative and professional occupations",212,170,42
E01000016,L7: Intermediate occupations,162,145,17
E01000016,L8 and L9: Small employers and own account workers,193,95,98
E01000017,"L1, L2 and L3: Higher managerial, administrative and professional occupations",73,48,25
E01000017,L10 and L11: Lower supervisory and technical occupations,60,76,-16
E01000017,L12: Semi-routine occupations,159,172,-13
E01000017,L13: Routine occupations,168,151,17
E01000017,L14.1 and L14.2: Never worked and long-term unemployed,181,120,61
E01000017,L15: Full-time students,127,113,14
E01000017,"L4, L5 and L6: Lower managerial, administrative and professional occupations",218,177,41
E01000017,L7: Intermediate occupations,151,147,4
E01000017,L8 and L9: Small employers and own account workers,162,104,58
E01000018,"L1, L2 and L3: Higher managerial, administrative and professional occupations",70,61,9
E01000018,L10 and L11: Lower supervisory and technical occupations,78,80,-2
E01000018,L12: Semi-routine occupations,184,200,-16
E01000018,L13: Routine occupations,194,141,53
E01000018,L14.1 and L14.2: Never worked and long-term unemployed,153,101,52
E01000018,L15: Full-time students,129,107,22
E01000018,"L4, L5 and L6: Lower managerial, administrative and professional occupations",216,148,68
E01000018,L7: Intermediate occupations,145,155,-10
E01000018,L8 and L9: Small employers and own account workers,184,92,92
E01000019,"L1, L2 and L3: Higher managerial, administrative and professional occupations",67,35,32
E01000019,L10 and L11: Lower supervisory and technical occupations,56,59,-3
E01000019,L12: Semi-routine occupations,142,147,-5
E01000019,L13: Routine occupations,152,119,33
E01000019,L14.1 and L14.2: Never worked and long-term unemployed,167,119,48
E01000019,L15: Full-time students,122,94,28
E01000019,"L4, L5 and L6: Lower managerial, administrative and professional occupations",168,138,30
E01000019,L7: Intermediate occupations,120,155,-35
E01000019,L8 and L9: Small employers and own account workers,181,104,77
E01000020,"L1, L2 and L3: Higher managerial, administrative and professional occupations",95,47,48
E01000020,L10 and L11: Lower supervisory and technical occupations,86,78,8
E01000020,L12: Semi-routine occupations,164,163,1
E01000020,L13: Routine occupations,240,157,83
E01000020,L14.1 and L14.2: Never worked and long-term unemployed,251,134,117
E01000020,L15: Full-time students,165,157,8
E01000020,"L4, L5 and L6: Lower managerial, administrative and professional occupations",207,205,2
E01000020,L7: Intermediate occupations,153,163,-10
E01000020,L8 and L9: Small employers and own account workers,245,122,123
E01000021,"L1, L2 and L3: Higher managerial, administrative and professional occupations",63,52,11
E01000021,L10 and L11: Lower supervisory and technical occupations,79,75,4
E01000021,L12: Semi-routine occupations,175,167,8
E01000021,L13: Routine occupations,166,143,23
E01000021,L14.1 and L14.2: Never worked and long-term unemployed,205,137,68
E01000021,L15: Full-time students,125,181,-56
E01000021,"L4, L5 and L6: Lower managerial, administrative and professional occupations",164,145,19
E01000021,L7: Intermediate occupations,112,127,-15
E01000021,L8 and L9: Small employers and own account workers,145,114,31
E01000022,"L1, L2 and L3: Higher managerial, administrative and professional occupations",76,36,40
E01000022,L10 and L11: Lower supervisory and technical occupations,49,78,-29
E01000022,L12: Semi-routine occupations,144,144,0
E01000022,L13: Routine occupations,149,97,52
E01000022,L14.1 and L14.2: Never worked and long-term unemployed,132,95,37
E01000022,L15: Full-time students,121,103,18
E01000022,"L4, L5 and L6: Lower managerial, administrative and professional occupations",163,138,25
E01000022,L7: Intermediate occupations,121,117,4
E01000022,L8 and L9: Small employers and own account workers,140,91,49
E01000024,"L1, L2 and L3: Higher managerial, administrative and professional occupations",64,32,32
E01000024,L10 and L11: Lower supervisory and technical occupations,56,63,-7
E01000024,L12: Semi-routine occupations,116,181,-65
E01000024,L13: Routine occupations,178,100,78
E01000024,L14.1 and L14.2: Never worked and long-term unemployed,164,103,61
E01000024,L15: Full-time students,109,100,9
E01000024,"L4, L5 and L6: Lower managerial, administrative and professional occupations",179,134,45
E01000024,L7: Intermediate occupations,96,109,-13
E01000024,L8 and L9: Small employers and own account workers,159,90,69
E01000025,"L1, L2 and L3: Higher managerial, administrative and professional occupations",91,54,37
E01000025,L10 and L11: Lower supervisory and technical occupations,64,78,-14
E01000025,L12: Semi-routine occupations,186,206,-20
E01000025,L13: Routine occupations,212,148,64
E01000025,L14.1 and L14.2: Never worked and long-term unemployed,190,121,69
E01000025,L15: Full-time students,141,104,37
E01000025,"L4, L5 and L6: Lower managerial, administrative and professional occupations",215,171,44
E01000025,L7: Intermediate occupations,168,147,21
E01000025,L8 and L9: Small employers and own account workers,181,110,71
E01000027,"L1, L2 and L3: Higher managerial, administrative and professional occupations",74,54,20
E01000027,L10 and L11: Lower supervisory and technical occupations,88,61,27
E01000027,L12: Semi-routine occupations,188,211,-23
E01000027,L13: Routine occupations,177,126,51
E01000027,L14.1 and L14.2: Never worked and long-term unemployed,216,115,101
E01000027,L15: Full-time students,159,103,56
E01000027,"L4, L5 and L6: Lower managerial, administrative and professional occupations",216,150,66
E01000027,L7: Intermediate occupations,147,146,1
E01000027,L8 and L9: Small employers and own account workers,215,122,93
E01000028,"L1, L2 and L3: Higher managerial, administrative and professional occupations",72,37,35
E01000028,L10 and L11: Lower supervisory and technical occupations,69,59,10
E01000028,L12: Semi-routine occupations,167,183,-16
E01000028,L13: Routine occupations,174,128,46
E01000028,L14.1 and L14.2: Never worked and long-term unemployed,206,111,95
E01000028,L15: Full-time students,188,132,56
E01000028,"L4, L5 and L6: Lower managerial, administrative and professional occupations",183,135,48
E01000028,L7: Intermediate occupations,129,128,1
E01000028,L8 and L9: Small employers and own account workers,163,82,81
E01000029,"L1, L2 and L3: Higher managerial, administrative and professional occupations",144,72,72
E01000029,L10 and L11: Lower supervisory and technical occupations,73,70,3
E01000029,L12: Semi-routine occupations,157,164,-7
E01000029,L13: Routine occupations,147,89,58
E01000029,L14.1 and L14.2: Never worked and long-term unemployed,164,76,88
E01000029,L15: Full-time students,130,86,44
E01000029,"L4, L5 and L6: Lower managerial, administrative and professional occupations",263,215,48
E01000029,L7: Intermediate occupations,169,171,-2
E01000029,L8 and L9: Small employers and own account workers,193,125,68
E01000030,"L1, L2 and L3: Higher managerial, administrative and professional occupations",118,60,58
E01000030,L10 and L11: Lower supervisory and technical occupations,82,63,19
E01000030,L12: Semi-routine occupations,229,248,-19
E01000030,L13: Routine occupations,229,168,61
E01000030,L14.1 and L14.2: Never worked and long-term unemployed,238,147,91
E01000030,L15: Full-time students,193,113,80
E01000030,"L4, L5 and L6: Lower managerial, administrative and professional occupations",254,172,82
E01000030,L7: Intermediate occupations,167,117,50
E01000030,L8 and L9: Small employers and own account workers,202,121,81
E01000031,"L1, L2 and L3: Higher managerial, administrative and professional occupations",154,104,50
E01000031,L10 and L11: Lower supervisory and technical occupations,58,78,-20
E01000031,L12: Semi-routine occupations,143,159,-16
E01000031,L13: Routine occupations,129,91,38
E01000031,L14.1 and L14.2: Never worked and long-term unemployed,155,93,62
E01000031,L15: Full-time students,131,104,27
E01000031,"L4, L5 and L6: Lower managerial, administrative and professional occupations",263,245,18
E01000031,L7: Intermediate occupations,192,175,17
E01000031,L8 and L9: Small employers and own account workers,169,108,61
E01000032,"L1, L2 and L3: Higher managerial, administrative and professional occupations",121,88,33
E01000032,L10 and L11: Lower supervisory and technical occupations,67,60,7
E01000032,L12: Semi-routine occupations,218,172,46
E01000032,L13: Routine occupations,167,119,48
E01000032,L14.1 and L14.2: Never worked and long-term unemployed,205,95,110
E01000032,L15: Full-time students,134,99,35
E01000032,"L4, L5 and L6: Lower managerial, administrative and professional occupations",273,186,87
E01000032,L7: Intermediate occupations,178,210,-32
E01000032,L8 and L9: Small employers and own account workers,218,128,90
E01000033,"L1, L2 and L3: Higher managerial, administrative and professional occupations",55,31,24
E01000033,L10 and L11: Lower supervisory and technical occupations,61,71,-10
E01000033,L12: Semi-routine occupations,161,156,5
E01000033,L13: Routine occupations,192,146,46
E01000033,L14.1 and L14.2: Never worked and long-term unemployed,155,109,46
E01000033,L15: Full-time students,101,94,7
E01000033,"L4, L5 and L6: Lower managerial, administrative and professional occupations",154,113,41
E01000033,L7: Intermediate occupations,115,107,8
E01000033,L8 and L9: Small employers and own account workers,121,92,29
E01000034,"L1, L2 and L3: Higher managerial, administrative and professional occupations",70,54,16
E01000034,L10 and L11: Lower supervisory and technical occupations,74,61,13
E01000034,L12: Semi-routine occupations,156,138,18
E01000034,L13: Routine occupations,177,136,41
E01000034,L14.1 and L14.2: Never worked and long-term unemployed,173,75,98
E01000034,L15: Full-time students,128,103,25
E01000034,"L4, L5 and L6: Lower managerial, administrative and professional occupations",186,143,43
E01000034,L7: Intermediate occupations,152,146,6
E01000034,L8 and L9: Small employers and own account workers,150,88,62
E01000035,"L1, L2 and L3: Higher managerial, administrative and professional occupations",101,53,48
E01000035,L10 and L11: Lower supervisory and technical occupations,83,76,7
E01000035,L12: Semi-routine occupations,163,148,15
E01000035,L13: Routine occupations,185,127,58
E01000035,L14.1 and L14.2: Never worked and long-term unemployed,193,98,95
E01000035,L15: Full-time students,175,137,38
E01000035,"L4, L5 and L6: Lower managerial, administrative and professional occupations",226,192,34
E01000035,L7: Intermediate occupations,135,161,-26
E01000035,L8 and L9: Small employers and own account workers,196,127,69
E01000036,"L1, L2 and L3: Higher managerial, administrative and professional occupations",58,46,12
E01000036,L10 and L11: Lower supervisory and technical occupations,60,73,-13
E01000036,L12: Semi-routine occupations,133,145,-12
E01000036,L13: Routine occupations,159,86,73
E01000036,L14.1 and L14.2: Never worked and long-term unemployed,119,62,57
E01000036,L15: Full-time students,119,116,3
E01000036,"L4, L5 and L6: Lower managerial, administrative and professional occupations",212,174,38
E01000036,L7: Intermediate occupations,116,147,-31
E01000036,L8 and L9: Small employers and own account workers,181,131,50
E01000037,"L1, L2 and L3: Higher managerial, administrative and professional occupations",140,75,65
E01000037,L10 and L11: Lower supervisory and technical occupations,94,119,-25
E01000037,L12: Semi-routine occupations,161,152,9
E01000037,L13: Routine occupations,138,127,11
E01000037,L14.1 and L14.2: Never worked and long-term unemployed,134,105,29
E01000037,L15: Full-time students,105,111,-6
E01000037,"L4, L5 and L6: Lower managerial, administrative and professional occupations",276,263,13
E01000037,L7: Intermediate occupations,183,243,-60
E01000037,L8 and L9: Small employers and own account workers,171,134,37
E01000038,"L1, L2 and L3: Higher managerial, administrative and professional occupations",119,57,62
E01000038,L10 and L11: Lower supervisory and technical occupations,87,64,23
E01000038,L12: Semi-routine occupations,134,170,-36
E01000038,L13: Routine occupations,159,125,34
E01000038,L14.1 and L14.2: Never worked and long-term unemployed,115,36,79
E01000038,L15: Full-time students,89,100,-11
E01000038,"L4, L5 and L6: Lower managerial, administrative and professional occupations",251,188,63
E01000038,L7: Intermediate occupations,179,182,-3
E01000038,L8 and L9: Small employers and own account workers,156,99,57
E01000039,"L1, L2 and L3: Higher managerial, administrative and professional occupations",133,88,45
E01000039,L10 and L11: Lower supervisory and technical occupations,70,94,-24
E01000039,L12: Semi-routine occupations,153,149,4
E01000039,L13: Routine occupations,140,103,37
E01000039,L14.1 and L14.2: Never worked and long-term unemployed,144,82,62
E01000039,L15: Full-time students,95,83,12
E01000039,"L4, L5 and L6: Lower managerial, administrative and professional occupations",292,240,52
E01000039,L7: Intermediate occupations,175,200,-25
E01000039,L8 and L9: Small employers and own account workers,158,105,53
E01000040,"L1, L2 and L3: Higher managerial, administrative and professional occupations",95,41,54
E01000040,L10 and L11: Lower supervisory and technical occupations,82,89,-7
E01000040,L12: Semi-routine occupations,173,170,3
E01000040,L13: Routine occupations,176,131,45
E01000040,L14.1 and L14.2: Never worked and long-term unemployed,239,148,91
E01000040,L15: Full-time students,183,119,64
E01000040,"L4, L5 and L6: Lower managerial, administrative and professional occupations",175,164,11
E01000040,L7: Intermediate occupations,107,132,-25
E01000040,L8 and L9: Small employers and own account workers,178,102,76
E01000041,"L1, L2 and L3: Higher managerial, administrative and professional occupations",73,48,25
E01000041,L10 and L11: Lower supervisory and technical occupations,77,96,-19
E01000041,L12: Semi-routine occupations,180,206,-26
E01000041,L13: Routine occupations,187,157,30
E01000041,L14.1 and L14.2: Never worked and long-term unemployed,153,120,33
E01000041,L15: Full-time students,155,93,62
E01000041,"L4, L5 and L6: Lower managerial, administrative and professional occupations",188,172,16
E01000041,L7: Intermediate occupations,146,143,3
E01000041,L8 and L9: Small employers and own account workers,214,115,99
E01000042,"L1, L2 and L3: Higher managerial, administrative and professional occupations",87,57,30
E01000042,L10 and L11: Lower supervisory and technical occupations,56,85,-29
E01000042,L12: Semi-routine occupations,153,196,-43
E01000042,L13: Routine occupations,160,140,20
E01000042,L14.1 and L14.2: Never worked and long-term unemployed,215,191,24
E01000042,L15: Full-time students,149,139,10
E01000042,"L4, L5 and L6: Lower managerial, administrative and professional occupations",182,170,12
E01000042,L7: Intermediate occupations,141,118,23
E01000042,L8 and L9: Small employers and own account workers,186,93,93
E01000043,"L1, L2 and L3: Higher managerial, administrative and professional occupations",65,46,19
E01000043,L10 and L11: Lower supervisory and technical occupations,59,54,5
E01000043,L12: Semi-routine occupations,117,136,-19
E01000043,L13: Routine occupations,148,136,12
E01000043,L14.1 and L14.2: Never worked and long-term unemployed,186,107,79
E01000043,L15: Full-time students,161,114,47
E01000043,"L4, L5 and L6: Lower managerial, administrative and professional occupations",190,111,79
E01000043,L7: Intermediate occupations,137,127,10
E01000043,L8 and L9: Small employers and own account workers,159,82,77
E01000044,"L1, L2 and L3: Higher managerial, administrative and professional occupations",111,66,45
E01000044,L10 and L11: Lower supervisory and technical occupations,98,68,30
E01000044,L12: Semi-routine occupations,181,190,-9
E01000044,L13: Routine occupations,206,135,71
E01000044,L14.1 and L14.2: Never worked and long-term unemployed,168,145,23
E01000044,L15: Full-time students,186,168,18
E01000044,"L4, L5 and L6: Lower managerial, administrative and professional occupations",182,186,-4
E01000044,L7: Intermediate occupations,144,151,-7
E01000044,L8 and L9: Small employers and own account workers,232,144,88
E01000045,"L1, L2 and L3: Higher managerial, administrative and professional occupations",71,60,11
E01000045,L10 and L11: Lower supervisory and technical occupations,80,89,-9
E01000045,L12: Semi-routine occupations,173,188,-15
E01000045,L13: Routine occupations,159,151,8
E01000045,L14.1 and L14.2: Never worked and long-term unemployed,159,118,41
E01000045,L15: Full-time students,144,119,25
E01000045,"L4, L5 and L6: Lower managerial, administrative and professional occupations",184,159,25
E01000045,L7: Intermediate occupations,131,137,-6
E01000045,L8 and L9: Small employers and own account workers,184,109,75
E01000046,"L1, L2 and L3: Higher managerial, administrative and professional occupations",77,47,30
E01000046,L10 and L11: Lower supervisory and technical occupations,79,103,-24
E01000046,L12: Semi-routine occupations,194,210,-16
E01000046,L13: Routine occupations,224,135,89
E01000046,L14.1 and L14.2: Never worked and long-term unemployed,174,108,66
E01000046,L15: Full-time students,151,124,27
E01000046,"L4, L5 and L6: Lower managerial, administrative and professional occupations",216,164,52
E01000046,L7: Intermediate occupations,153,175,-22
E01000046,L8 and L9: Small employers and own account workers,187,122,65
E01000049,"L1, L2 and L3: Higher managerial, administrative and professional occupations",55,43,12
E01000049,L10 and L11: Lower supervisory and technical occupations,53,61,-8
E01000049,L12: Semi-routine occupations,201,178,23
E01000049,L13: Routine occupations,149,146,3
E01000049,L14.1 and L14.2: Never worked and long-term unemployed,204,223,-19
E01000049,L15: Full-time students,265,174,91
E01000049,"L4, L5 and L6: Lower managerial, administrative and professional occupations",142,114,28
E01000049,L7: Intermediate occupations,114,94,20
E01000049,L8 and L9: Small employers and own account workers,177,79,98
E01000050,"L1, L2 and L3: Higher managerial, administrative and professional occupations",134,71,63
E01000050,L10 and L11: Lower supervisory and technical occupations,61,64,-3
E01000050,L12: Semi-routine occupations,165,153,12
E01000050,L13: Routine occupations,172,122,50
E01000050,L14.1 and L14.2: Never worked and long-term unemployed,173,161,12
E01000050,L15: Full-time students,168,181,-13
E01000050,"L4, L5 and L6: Lower managerial, administrative and professional occupations",207,153,54
E01000050,L7: Intermediate occupations,108,110,-2
E01000050,L8 and L9: Small employers and own account workers,173,97,76
E01000051,"L1, L2 and L3: Higher managerial, administrative and professional occupations",92,40,52
E01000051,L10 and L11: Lower supervisory and technical occupations,30,62,-32
E01000051,L12: Semi-routine occupations,70,177,-107
E01000051,L13: Routine occupations,83,177,-94
E01000051,L14.1 and L14.2: Never worked and long-term unemployed,62,269,-207
E01000051,L15: Full-time students,104,205,-101
E01000051,"L4, L5 and L6: Lower managerial, administrative and professional occupations",191,130,61
E01000051,L7: Intermediate occupations,92,109,-17
E01000051,L8 and L9: Small employers and own account workers,65,83,-18
E01000052,"L1, L2 and L3: Higher managerial, administrative and professional occupations",118,62,56
E01000052,L10 and L11: Lower supervisory and technical occupations,78,97,-19
E01000052,L12: Semi-routine occupations,204,193,11
E01000052,L13: Routine occupations,201,165,36
E01000052,L14.1 and L14.2: Never worked and long-term unemployed,241,146,95
E01000052,L15: Full-time students,169,183,-14
E01000052,"L4, L5 and L6: Lower managerial, administrative and professional occupations",234,214,20
E01000052,L7: Intermediate occupations,180,178,2
E01000052,L8 and L9: Small employers and own account workers,277,147,130
E01000053,"L1, L2 and L3: Higher managerial, administrative and professional occupations",55,51,4
E01000053,L10 and L11: Lower supervisory and technical occupations,60,70,-10
E01000053,L12: Semi-routine occupations,166,159,7
E01000053,L13: Routine occupations,181,142,39
E01000053,L14.1 and L14.2: Never worked and long-term unemployed,164,97,67
E01000053,L15: Full-time students,90,94,-4
E01000053,"L4, L5 and L6: Lower managerial, administrative and professional occupations",164,164,0
E01000053,L7: Intermediate occupations,149,143,6
E01000053,L8 and L9: Small employers and own account workers,176,109,67
E01000054,"L1, L2 and L3: Higher managerial, administrative and professional occupations",69,44,25
E01000054,L10 and L11: Lower supervisory and technical occupations,81,95,-14
E01000054,L12: Semi-routine occupations,182,191,-9
E01000054,L13: Routine occupations,220,154,66
E01000054,L14.1 and L14.2: Never worked and long-term unemployed,140,113,27
E01000054,L15: Full-time students,138,116,22
E01000054,"L4, L5 and L6: Lower managerial, administrative and professional occupations",218,177,41
E01000054,L7: Intermediate occupations,166,163,3
E01000054,L8 and L9: Small employers and own account workers,155,97,58
E01000055,"L1, L2 and L3: Higher managerial, administrative and professional occupations",65,44,21
E01000055,L10 and L11: Lower supervisory and technical occupations,57,88,-31
E01000055,L12: Semi-routine occupations,159,186,-27
E01000055,L13: Routine occupations,207,147,60
E01000055,L14.1 and L14.2: Never worked and long-term unemployed,166,101,65
E01000055,L15: Full-time students,134,118,16
E01000055,"L4, L5 and L6: Lower managerial, administrative and professional occupations",198,152,46
E01000055,L7: Intermediate occupations,146,142,4
E01000055,L8 and L9: Small employers and own account workers,166,115,51
E01000056,"L1, L2 and L3: Higher managerial, administrative and professional occupations",71,42,29
E01000056,L10 and L11: Lower supervisory and technical occupations,75,58,17
E01000056,L12: Semi-routine occupations,155,179,-24
E01000056,L13: Routine occupations,195,177,18
E01000056,L14.1 and L14.2: Never worked and long-term unemployed,235,119,116
E01000056,L15: Full-time students,106,122,-16
E01000056,"L4, L5 and L6: Lower managerial, administrative and professional occupations",180,147,33
E01000056,L7: Intermediate occupations,108,127,-19
E01000056,L8 and L9: Small employers and own account workers,140,77,63
E01000057,"L1, L2 and L3: Higher managerial, administrative and professional occupations",62,34,28
E01000057,L10 and L11: Lower supervisory and technical occupations,63,71,-8
E01000057,L12: Semi-routine occupations,174,167,7
E01000057,L13: Routine occupations,156,142,14
E01000057,L14.1 and L14.2: Never worked and long-term unemployed,148,89,59
E01000057,L15: Full-time students,129,108,21
E01000057,"L4, L5 and L6: Lower managerial, administrative and professional occupations",146,153,-7
E01000057,L7: Intermediate occupations,118,138,-20
E01000057,L8 and L9: Small employers and own account workers,155,85,70
E01000058,"L1, L2 and L3: Higher managerial, administrative and professional occupations",79,43,36
E01000058,L10 and L11: Lower supervisory and technical occupations,69,80,-11
E01000058,L12: Semi-routine occupations,173,210,-37
E01000058,L13: Routine occupations,203,180,23
E01000058,L14.1 and L14.2: Never worked and long-term unemployed,221,119,102
E01000058,L15: Full-time students,231,136,95
E01000058,"L4, L5 and L6: Lower managerial, administrative and professional occupations",250,226,24
E01000058,L7: Intermediate occupations,153,166,-13
E01000058,L8 and L9: Small employers and own account workers,216,124,92
E01000059,"L1, L2 and L3: Higher managerial, administrative and professional occupations",64,51,13
E01000059,L10 and L11: Lower supervisory and technical occupations,83,82,1
E01000059,L12: Semi-routine occupations,172,196,-24
E01000059,L13: Routine occupations,192,149,43
E01000059,L14.1 and L14.2: Never worked and long-term unemployed,149,104,45
E01000059,L15: Full-time students,129,102,27
E01000059,"L4, L5 and L6: Lower managerial, administrative and professional occupations",191,148,43
E01000059,L7: Intermediate occupations,140,144,-4
E01000059,L8 and L9: Small employers and own account workers,178,74,104
E01000060,"L1, L2 and L3: Higher managerial, administrative and professional occupations",78,60,18
E01000060,L10 and L11: Lower supervisory and technical occupations,85,87,-2
E01000060,L12: Semi-routine occupations,204,182,22
E01000060,L13: Routine occupations,231,168,63
E01000060,L14.1 and L14.2: Never worked and long-term unemployed,188,117,71
E01000060,L15: Full-time students,179,109,70
E01000060,"L4, L5 and L6: Lower managerial, administrative and professional occupations",223,176,47
E01000060,L7: Intermediate occupations,181,163,18
E01000060,L8 and L9: Small employers and own account workers,184,112,72
E01000061,"L1, L2 and L3: Higher managerial, administrative and professional occupations",92,41,51
E01000061,L10 and L11: Lower supervisory and technical occupations,69,63,6
E01000061,L12: Semi-routine occupations,200,209,-9
E01000061,L13: Routine occupations,207,174,33
E01000061,L14.1 and L14.2: Never worked and long-term unemployed,223,192,31
E01000061,L15: Full-time students,155,160,-5
E01000061,"L4, L5 and L6: Lower managerial, administrative and professional occupations",194,155,39
E01000061,L7: Intermediate occupations,131,103,28
E01000061,L8 and L9: Small employers and own account workers,112,57,55
E01000062,"L1, L2 and L3: Higher managerial, administrative and professional occupations",111,92,19
E01000062,L10 and L11: Lower supervisory and technical occupations,81,108,-27
E01000062,L12: Semi-routine occupations,203,210,-7
E01000062,L13: Routine occupations,225,159,66
E01000062,L14.1 and L14.2: Never worked and long-term unemployed,167,134,33
E01000062,L15: Full-time students,186,134,52
E01000062,"L4, L5 and L6: Lower managerial, administrative and professional occupations",282,208,74
E01000062,L7: Intermediate occupations,187,158,29
E01000062,L8 and L9: Small employers and own account workers,237,96,141
E01000063,"L1, L2 and L3: Higher managerial, administrative and professional occupations",75,43,32
E01000063,L10 and L11: Lower supervisory and technical occupations,89,84,5
E01000063,L12: Semi-routine occupations,190,213,-23
E01000063,L13: Routine occupations,185,176,9
E01000063,L14.1 and L14.2: Never worked and long-term unemployed,149,109,40
E01000063,L15: Full-time students,124,79,45
E01000063,"L4, L5 and L6: Lower managerial, administrative and professional occupations",191,151,40
E01000063,L7: Intermediate occupations,154,143,11
E01000063,L8 and L9: Small employers and own account workers,178,103,75
E01000064,"L1, L2 and L3: Higher managerial, administrative and professional occupations",102,67,35
E01000064,L10 and L11: Lower supervisory and technical occupations,103,82,21
E01000064,L12: Semi-routine occupations,230,188,42
E01000064,L13: Routine occupations,221,160,61
E01000064,L14.1 and L14.2: Never worked and long-term unemployed,202,126,76
E01000064,L15: Full-time students,190,143,47
E01000064,"L4, L5 and L6: Lower managerial, administrative and professional occupations",274,187,87
E01000064,L7: Intermediate occupations,189,171,18
E01000064,L8 and L9: Small employers and own account workers,221,128,93
E01000065,"L1, L2 and L3: Higher managerial, administrative and professional occupations",78,50,28
E01000065,L10 and L11: Lower supervisory and technical occupations,70,68,2
E01000065,L12: Semi-routine occupations,198,170,28
E01000065,L13: Routine occupations,239,175,64
E01000065,L14.1 and L14.2: Never worked and long-term unemployed,212,103,109
E01000065,L15: Full-time students,156,119,37
E01000065,"L4, L5 and L6: Lower managerial, administrative and professional occupations",180,171,9
E01000065,L7: Intermediate occupations,165,177,-12
E01000065,L8 and L9: Small employers and own account workers,238,124,114
E01000066,"L1, L2 and L3: Higher managerial, administrative and professional occupations",148,90,58
E01000066,L10 and L11: Lower supervisory and technical occupations,83,71,12
E01000066,L12: Semi-routine occupations,175,193,-18
E01000066,L13: Routine occupations,163,117,46
E01000066,L14.1 and L14.2: Never worked and long-term unemployed,297,162,135
E01000066,L15: Full-time students,342,134,208
E01000066,"L4, L5 and L6: Lower managerial, administrative and professional occupations",283,239,44
E01000066,L7: Intermediate occupations,220,167,53
E01000066,L8 and L9: Small employers and own account workers,207,150,57
E01000067,"L1, L2 and L3: Higher managerial, administrative and professional occupations",159,105,54
E01000067,L10 and L11: Lower supervisory and technical occupations,72,60,12
E01000067,L12: Semi-routine occupations,152,180,-28
E01000067,L13: Routine occupations,149,102,47
E01000067,L14.1 and L14.2: Never worked and long-term unemployed,257,151,106
E01000067,L15: Full-time students,208,199,9
E01000067,"L4, L5 and L6: Lower managerial, administrative and professional occupations",292,241,51
E01000067,L7: Intermediate occupations,198,201,-3
E01000067,L8 and L9: Small employers and own account workers,189,155,34
E01000068,"L1, L2 and L3: Higher managerial, administrative and professional occupations",160,93,67
E01000068,L10 and L11: Lower supervisory and technical occupations,54,65,-11
E01000068,L12: Semi-routine occupations,128,153,-25
E01000068,L13: Routine occupations,119,84,35
E01000068,L14.1 and L14.2: Never worked and long-term unemployed,231,145,86
E01000068,L15: Full-time students,187,175,12
E01000068,"L4, L5 and L6: Lower managerial, administrative and professional occupations",213,197,16
E01000068,L7: Intermediate occupations,174,139,35
E01000068,L8 and L9: Small employers and own account workers,205,120,85
E01000069,"L1, L2 and L3: Higher managerial, administrative and professional occupations",196,124,72
E01000069,L10 and L11: Lower supervisory and technical occupations,61,84,-23
E01000069,L12: Semi-routine occupations,159,157,2
E01000069,L13: Routine occupations,135,109,26
E01000069,L14.1 and L14.2: Never worked and long-term unemployed,206,143,63
E01000069,L15: Full-time students,166,233,-67
E01000069,"L4, L5 and L6: Lower managerial, administrative and professional occupations",338,295,43
E01000069,L7: Intermediate occupations,207,240,-33
E01000069,L8 and L9: Small employers and own account workers,190,171,19
E01000070,"L1, L2 and L3: Higher managerial, administrative and professional occupations",174,87,87
E01000070,L10 and L11: Lower supervisory and technical occupations,48,66,-18
E01000070,L12: Semi-routine occupations,139,124,15
E01000070,L13: Routine occupations,135,91,44
E01000070,L14.1 and L14.2: Never worked and long-term unemployed,234,109,125
E01000070,L15: Full-time students,153,150,3
E01000070,"L4, L5 and L6: Lower managerial, administrative and professional occupations",294,202,92
E01000070,L7: Intermediate occupations,199,146,53
E01000070,L8 and L9: Small employers and own account workers,230,146,84
E01000071,"L1, L2 and L3: Higher managerial, administrative and professional occupations",191,142,49
E01000071,L10 and L11: Lower supervisory and technical occupations,69,81,-12
E01000071,L12: Semi-routine occupations,178,190,-12
E01000071,L13: Routine occupations,169,112,57
E01000071,L14.1 and L14.2: Never worked and long-term unemployed,269,179,90
E01000071,L15: Full-time students,241,193,48
E01000071,"L4, L5 and L6: Lower managerial, administrative and professional occupations",338,280,58
E01000071,L7: Intermediate occupations,221,237,-16
E01000071,L8 and L9: Small employers and own account workers,311,157,154
E01000072,"L1, L2 and L3: Higher managerial, administrative and professional occupations",81,39,42
E01000072,L10 and L11: Lower supervisory and technical occupations,76,112,-36
E01000072,L12: Semi-routine occupations,195,221,-26
E01000072,L13: Routine occupations,228,188,40
E01000072,L14.1 and L14.2: Never worked and long-term unemployed,225,161,64
E01000072,L15: Full-time students,166,157,9
E01000072,"L4, L5 and L6: Lower managerial, administrative and professional occupations",210,183,27
E01000072,L7: Intermediate occupations,163,157,6
E01000072,L8 and L9: Small employers and own account workers,217,113,104
E01000073,"L1, L2 and L3: Higher managerial, administrative and professional occupations",99,43,56
E01000073,L10 and L11: Lower supervisory and technical occupations,60,77,-17
E01000073,L12: Semi-routine occupations,188,198,-10
E01000073,L13: Routine occupations,181,154,27
E01000073,L14.1 and L14.2: Never worked and long-term unemployed,163,114,49
E01000073,L15: Full-time students,138,97,41
E01000073,"L4, L5 and L6: Lower managerial, administrative and professional occupations",207,154,53
E01000073,L7: Intermediate occupations,149,142,7
E01000073,L8 and L9: Small employers and own account workers,176,95,81
E01000074,"L1, L2 and L3: Higher managerial, administrative and professional occupations",74,44,30
E01000074,L10 and L11: Lower supervisory and technical occupations,81,87,-6
E01000074,L12: Semi-routine occupations,154,177,-23
E01000074,L13: Routine occupations,177,149,28
E01000074,L14.1 and L14.2: Never worked and long-term unemployed,156,95,61
E01000074,L15: Full-time students,147,104,43
E01000074,"L4, L5 and L6: Lower managerial, administrative and professional occupations",193,133,60
E01000074,L7: Intermediate occupations,125,155,-30
E01000074,L8 and L9: Small employers and own account workers,180,108,72
E01000075,"L1, L2 and L3: Higher managerial, administrative and professional occupations",85,51,34
E01000075,L10 and L11: Lower supervisory and technical occupations,89,90,-1
E01000075,L12: Semi-routine occupations,209,192,17
E01000075,L13: Routine occupations,214,150,64
E01000075,L14.1 and L14.2: Never worked and long-term unemployed,163,107,56
E01000075,L15: Full-time students,142,125,17
E01000075,"L4, L5 and L6: Lower managerial, administrative and professional occupations",247,189,58
E01000075,L7: Intermediate occupations,184,184,0
E01000075,L8 and L9: Small employers and own account workers,209,116,93
E01000076,"L1, L2 and L3: Higher managerial, administrative and professional occupations",74,48,26
E01000076,L10 and L11: Lower supervisory and technical occupations,78,97,-19
E01000076,L12: Semi-routine occupations,207,221,-14
E01000076,L13: Routine occupations,278,193,85
E01000076,L14.1 and L14.2: Never worked and long-term unemployed,275,170,105
E01000076,L15: Full-time students,159,135,24
E01000076,"L4, L5 and L6: Lower managerial, administrative and professional occupations",205,178,27
E01000076,L7: Intermediate occupations,146,142,4
E01000076,L8 and L9: Small employers and own account workers,212,112,100
E01000077,"L1, L2 and L3: Higher managerial, administrative and professional occupations",82,40,42
E01000077,L10 and L11: Lower supervisory and technical occupations,82,72,10
E01000077,L12: Semi-routine occupations,198,189,9
E01000077,L13: Routine occupations,188,132,56
E01000077,L14.1 and L14.2: Never worked and long-term unemployed,171,122,49
E01000077,L15: Full-time students,120,107,13
E01000077,"L4, L5 and L6: Lower managerial, administrative and professional occupations",160,143,17
E01000077,L7: Intermediate occupations,118,127,-9
E01000077,L8 and L9: Small employers and own account workers,172,99,73
E01000078,"L1, L2 and L3: Higher managerial, administrative and professional occupations",75,40,35
E01000078,L10 and L11: Lower supervisory and technical occupations,82,84,-2
E01000078,L12: Semi-routine occupations,190,182,8
E01000078,L13: Routine occupations,188,158,30
E01000078,L14.1 and L14.2: Never worked and long-term unemployed,184,150,34
E01000078,L15: Full-time students,136,124,12
E01000078,"L4, L5 and L6: Lower managerial, administrative and professional occupations",185,154,31
E01000078,L7: Intermediate occupations,138,159,-21
E01000078,L8 and L9: Small employers and own account workers,174,93,81
E01000079,"L1, L2 and L3: Higher managerial, administrative and professional occupations",70,39,31
E01000079,L10 and L11: Lower supervisory and technical occupations,48,69,-21
E01000079,L12: Semi-routine occupations,189,171,18
E01000079,L13: Routine occupations,184,137,47
E01000079,L14.1 and L14.2: Never worked and long-term unemployed,155,107,48
E01000079,L15: Full-time students,121,88,33
E01000079,"L4, L5 and L6: Lower managerial, administrative and professional occupations",191,166,25
E01000079,L7: Intermediate occupations,134,157,-23
E01000079,L8 and L9: Small employers and own account workers,187,92,95
E01000080,"L1, L2 and L3: Higher managerial, administrative and professional occupations",68,34,34
E01000080,L10 and L11: Lower supervisory and technical occupations,70,79,-9
E01000080,L12: Semi-routine occupations,159,193,-34
E01000080,L13: Routine occupations,214,156,58
E01000080,L14.1 and L14.2: Never worked and long-term unemployed,148,127,21
E01000080,L15: Full-time students,119,113,6
E01000080,"L4, L5 and L6: Lower managerial, administrative and professional occupations",204,136,68
E01000080,L7: Intermediate occupations,174,127,47
E01000080,L8 and L9: Small employers and own account workers,177,97,80
E01000081,"L1, L2 and L3: Higher managerial, administrative and professional occupations",78,38,40
E01000081,L10 and L11: Lower supervisory and technical occupations,78,98,-20
E01000081,L12: Semi-routine occupations,198,204,-6
E01000081,L13: Routine occupations,219,191,28
E01000081,L14.1 and L14.2: Never worked and long-term unemployed,199,121,78
E01000081,L15: Full-time students,173,114,59
E01000081,"L4, L5 and L6: Lower managerial, administrative and professional occupations",209,159,50
E01000081,L7: Intermediate occupations,140,149,-9
E01000081,L8 and L9: Small employers and own account workers,212,99,113
E01000082,"L1, L2 and L3: Higher managerial, administrative and professional occupations",76,41,35
E01000082,L10 and L11: Lower supervisory and technical occupations,88,84,4
E01000082,L12: Semi-routine occupations,187,220,-33
E01000082,L13: Routine occupations,188,151,37
E01000082,L14.1 and L14.2: Never worked and long-term unemployed,180,112,68
E01000082,L15: Full-time students,144,104,40
E01000082,"L4, L5 and L6: Lower managerial, administrative and professional occupations",226,178,48
E01000082,L7: Intermediate occupations,149,166,-17
E01000082,L8 and L9: Small employers and own account workers,200,102,98
E01000083,"L1, L2 and L3: Higher managerial, administrative and professional occupations",95,42,53
E01000083,L10 and L11: Lower supervisory and technical occupations,79,80,-1
E01000083,L12: Semi-routine occupations,178,199,-21
E01000083,L13: Routine occupations,218,150,68
E01000083,L14.1 and L14.2: Never worked and long-term unemployed,201,147,54
E01000083,L15: Full-time students,138,97,41
E01000083,"L4, L5 and L6: Lower managerial, administrative and professional occupations",169,161,8
E01000083,L7: Intermediate occupations,133,165,-32
E01000083,L8 and L9: Small employers and own account workers,175,114,61
E01000084,"L1, L2 and L3: Higher managerial, administrative and professional occupations",57,35,22
E01000084,L10 and L11: Lower supervisory and technical occupations,68,74,-6
E01000084,L12: Semi-routine occupations,132,172,-40
E01000084,L13: Routine occupations,182,137,45
E01000084,L14.1 and L14.2: Never worked and long-term unemployed,141,99,42
E01000084,L15: Full-time students,102,91,11
E01000084,"L4, L5 and L6: Lower managerial, administrative and professional occupations",156,117,39
E01000084,L7: Intermediate occupations,98,115,-17
E01000084,L8 and L9: Small employers and own account workers,151,80,71
E01000085,"L1, L2 and L3: Higher managerial, administrative and professional occupations",52,31,21
E01000085,L10 and L11: Lower supervisory and technical occupations,69,88,-19
E01000085,L12: Semi-routine occupations,174,228,-54
E01000085,L13: Routine occupations,202,192,10
E01000085,L14.1 and L14.2: Never worked and long-term unemployed,160,152,8
E01000085,L15: Full-time students,135,93,42
E01000085,"L4, L5 and L6: Lower managerial, administrative and professional occupations",157,123,34
E01000085,L7: Intermediate occupations,116,134,-18
E01000085,L8 and L9: Small employers and own account workers,172,121,51
E01000086,"L1, L2 and L3: Higher managerial, administrative and professional occupations",70,33,37
E01000086,L10 and L11: Lower supervisory and technical occupations,54,82,-28
E01000086,L12: Semi-routine occupations,138,173,-35
E01000086,L13: Routine occupations,185,176,9
E01000086,L14.1 and L14.2: Never worked and long-term unemployed,125,94,31
E01000086,L15: Full-time students,131,104,27
E01000086,"L4, L5 and L6: Lower managerial, administrative and professional occupations",148,144,4
E01000086,L7: Intermediate occupations,110,101,9
E01000086,L8 and L9: Small employers and own account workers,130,78,52
E01000087,"L1, L2 and L3: Higher managerial, administrative and professional occupations",75,40,35
E01000087,L10 and L11: Lower supervisory and technical occupations,65,70,-5
E01000087,L12: Semi-routine occupations,157,191,-34
E01000087,L13: Routine occupations,177,135,42
E01000087,L14.1 and L14.2: Never worked and long-term unemployed,143,92,51
E01000087,L15: Full-time students,154,97,57
E01000087,"L4, L5 and L6: Lower managerial, administrative and professional occupations",140,119,21
E01000087,L7: Intermediate occupations,134,103,31
E01000087,L8 and L9: Small employers and own account workers,178,95,83
E01000088,"L1, L2 and L3: Higher managerial, administrative and professional occupations",65,56,9
E01000088,L10 and L11: Lower supervisory and technical occupations,73,73,0
E01000088,L12: Semi-routine occupations,187,182,5
E01000088,L13: Routine occupations,188,136,52
E01000088,L14.1 and L14.2: Never worked and long-term unemployed,216,148,68
E01000088,L15: Full-time students,135,140,-5
E01000088,"L4, L5 and L6: Lower managerial, administrative and professional occupations",236,216,20
E01000088,L7: Intermediate occupations,174,138,36
E01000088,L8 and L9: Small employers and own account workers,164,127,37
E01000089,"L1, L2 and L3: Higher managerial, administrative and professional occupations",71,43,28
E01000089,L10 and L11: Lower supervisory and technical occupations,70,95,-25
E01000089,L12: Semi-routine occupations,169,187,-18
E01000089,L13: Routine occupations,195,131,64
E01000089,L14.1 and L14.2: Never worked and long-term unemployed,145,106,39
E01000089,L15: Full-time students,152,139,13
E01000089,"L4, L5 and L6: Lower managerial, administrative and professional occupations",180,176,4
E01000089,L7: Intermediate occupations,140,161,-21
E01000089,L8 and L9: Small employers and own account workers,159,105,54
E01000090,"L1, L2 and L3: Higher managerial, administrative and professional occupations",55,39,16
E01000090,L10 and L11: Lower supervisory and technical occupations,63,76,-13
E01000090,L12: Semi-routine occupations,146,156,-10
E01000090,L13: Routine occupations,171,116,55
E01000090,L14.1 and L14.2: Never worked and long-term unemployed,138,106,32
E01000090,L15: Full-time students,164,145,19
E01000090,"L4, L5 and L6: Lower managerial, administrative and professional occupations",208,179,29
E01000090,L7: Intermediate occupations,117,142,-25
E01000090,L8 and L9: Small employers and own account workers,161,109,52
E01000091,"L1, L2 and L3: Higher managerial, administrative and professional occupations",74,45,29
E01000091,L10 and L11: Lower supervisory and technical occupations,101,80,21
E01000091,L12: Semi-routine occupations,191,180,11
E01000091,L13: Routine occupations,192,149,43
E01000091,L14.1 and L14.2: Never worked and long-term unemployed,267,148,119
E01000091,L15: Full-time students,183,137,46
E01000091,"L4, L5 and L6: Lower managerial, administrative and professional occupations",179,125,54
E01000091,L7: Intermediate occupations,140,118,22
E01000091,L8 and L9: Small employers and own account workers,146,87,59
E01000093,"L1, L2 and L3: Higher managerial, administrative and professional occupations",50,37,13
E01000093,L10 and L11: Lower supervisory and technical occupations,56,65,-9
E01000093,L12: Semi-routine occupations,145,187,-42
E01000093,L13: Routine occupations,206,135,71
E01000093,L14.1 and L14.2: Never worked and long-term unemployed,222,154,68
E01000093,L15: Full-time students,165,127,38
E01000093,"L4, L5 and L6: Lower managerial, administrative and professional occupations",180,123,57
E01000093,L7: Intermediate occupations,137,122,15
E01000093,L8 and L9: Small employers and own account workers,177,98,79
E01000094,"L1, L2 and L3: Higher managerial, administrative and professional occupations",126,62,64
E01000094,L10 and L11: Lower supervisory and technical occupations,57,56,1
E01000094,L12: Semi-routine occupations,171,118,53
E01000094,L13: Routine occupations,219,78,141
E01000094,L14.1 and L14.2: Never worked and long-term unemployed,177,101,76
E01000094,L15: Full-time students,230,112,118
E01000094,"L4, L5 and L6: Lower managerial, administrative and professional occupations",335,192,143
E01000094,L7: Intermediate occupations,196,119,77
E01000094,L8 and L9: Small employers and own account workers,189,84,105
E01000095,"L1, L2 and L3: Higher managerial, administrative and professional occupations",170,81,89
E01000095,L10 and L11: Lower supervisory and technical occupations,81,61,20
E01000095,L12: Semi-routine occupations,163,158,5
E01000095,L13: Routine occupations,175,141,34
E01000095,L14.1 and L14.2: Never worked and long-term unemployed,178,89,89
E01000095,L15: Full-time students,145,115,30
E01000095,"L4, L5 and L6: Lower managerial, administrative and professional occupations",275,176,99
E01000095,L7: Intermediate occupations,165,142,23
E01000095,L8 and L9: Small employers and own account workers,160,98,62
E01000096,"L1, L2 and L3: Higher managerial, administrative and professional occupations",50,33,17
E01000096,L10 and L11: Lower supervisory and technical occupations,55,75,-20
E01000096,L12: Semi-routine occupations,153,214,-61
E01000096,L13: Routine occupations,141,146,-5
E01000096,L14.1 and L14.2: Never worked and long-term unemployed,144,215,-71
E01000096,L15: Full-time students,197,183,14
E01000096,"L4, L5 and L6: Lower managerial, administrative and professional occupations",162,124,38
E01000096,L7: Intermediate occupations,98,118,-20
E01000096,L8 and L9: Small employers and own account workers,105,80,25
E01000097,"L1, L2 and L3: Higher managerial, administrative and professional occupations",85,53,32
E01000097,L10 and L11: Lower supervisory and technical occupations,70,69,1
E01000097,L12: Semi-routine occupations,174,169,5
E01000097,L13: Routine occupations,205,151,54
E01000097,L14.1 and L14.2: Never worked and long-term unemployed,240,104,136
E01000097,L15: Full-time students,153,89,64
E01000097,"L4, L5 and L6: Lower managerial, administrative and professional occupations",189,191,-2
E01000097,L7: Intermediate occupations,159,158,1
E01000097,L8 and L9: Small employers and own account workers,177,105,72
E01000098,"L1, L2 and L3: Higher managerial, administrative and professional occupations",76,43,33
E01000098,L10 and L11: Lower supervisory and technical occupations,81,80,1
E01000098,L12: Semi-routine occupations,170,191,-21
E01000098,L13: Routine occupations,184,138,46
E01000098,L14.1 and L14.2: Never worked and long-term unemployed,203,161,42
E01000098,L15: Full-time students,162,135,27
E01000098,"L4, L5 and L6: Lower managerial, administrative and professional occupations",202,180,22
E01000098,L7: Intermediate occupations,151,154,-3
E01000098,L8 and L9: Small employers and own account workers,167,104,63
E01000099,"L1, L2 and L3: Higher managerial, administrative and professional occupations",173,61,112
E01000099,L10 and L11: Lower supervisory and technical occupations,127,96,31
E01000099,L12: Semi-routine occupations,228,177,51
E01000099,L13: Routine occupations,231,189,42
E01000099,L14.1 and L14.2: Never worked and long-term unemployed,222,108,114
E01000099,L15: Full-time students,216,98,118
E01000099,"L4, L5 and L6: Lower managerial, administrative and professional occupations",354,192,162
E01000099,L7: Intermediate occupations,237,161,76
E01000099,L8 and L9: Small employers and own account workers,232,109,123
E01000100,"L1, L2 and L3: Higher managerial, administrative and professional occupations",86,44,42
E01000100,L10 and L11: Lower supervisory and technical occupations,71,105,-34
E01000100,L12: Semi-routine occupations,171,188,-17
E01000100,L13: Routine occupations,219,137,82
E01000100,L14.1 and L14.2: Never worked and long-term unemployed,204,109,95
E01000100,L15: Full-time students,130,115,15
E01000100,"L4, L5 and L6: Lower managerial, administrative and professional occupations",229,158,71
E01000100,L7: Intermediate occupations,142,160,-18
E01000100,L8 and L9: Small employers and own account workers,156,98,58
E01000101,"L1, L2 and L3: Higher managerial, administrative and professional occupations",58,41,17
E01000101,L10 and L11: Lower supervisory and technical occupations,77,92,-15
E01000101,L12: Semi-routine occupations,179,214,-35
E01000101,L13: Routine occupations,195,160,35
E01000101,L14.1 and L14.2: Never worked and long-term unemployed,178,90,88
E01000101,L15: Full-time students,119,100,19
E01000101,"L4, L5 and L6: Lower managerial, administrative and professional occupations",179,167,12
E01000101,L7: Intermediate occupations,131,134,-3
E01000101,L8 and L9: Small employers and own account workers,177,80,97
E01000102,"L1, L2 and L3: Higher managerial, administrative and professional occupations",78,55,23
E01000102,L10 and L11: Lower supervisory and technical occupations,59,77,-18
E01000102,L12: Semi-routine occupations,182,187,-5
E01000102,L13: Routine occupations,197,124,73
E01000102,L14.1 and L14.2: Never worked and long-term unemployed,179,106,73
E01000102,L15: Full-time students,129,83,46
E01000102,"L4, L5 and L6: Lower managerial, administrative and professional occupations",183,174,9
E01000102,L7: Intermediate occupations,126,163,-37
E01000102,L8 and L9: Small employers and own account workers,156,88,68
E01000103,"L1, L2 and L3: Higher managerial, administrative and professional occupations",95,45,50
E01000103,L10 and L11: Lower supervisory and technical occupations,69,76,-7
E01000103,L12: Semi-routine occupations,158,174,-16
E01000103,L13: Routine occupations,187,167,20
E01000103,L14.1 and L14.2: Never worked and long-term unemployed,162,139,23
E01000103,L15: Full-time students,148,169,-21
E01000103,"L4, L5 and L6: Lower managerial, administrative and professional occupations",205,161,44
E01000103,L7: Intermediate occupations,136,141,-5
E01000103,L8 and L9: Small employers and own account workers,160,107,53
E01000104,"L1, L2 and L3: Higher managerial, administrative and professional occupations",84,38,46
E01000104,L10 and L11: Lower supervisory and technical occupations,86,96,-10
E01000104,L12: Semi-routine occupations,188,208,-20
E01000104,L13: Routine occupations,187,159,28
E01000104,L14.1 and L14.2: Never worked and long-term unemployed,188,173,15
E01000104,L15: Full-time students,146,141,5
E01000104,"L4, L5 and L6: Lower managerial, administrative and professional occupations",216,178,38
E01000104,L7: Intermediate occupations,123,128,-5
E01000104,L8 and L9: Small employers and own account workers,170,95,75
E01000105,"L1, L2 and L3: Higher managerial, administrative and professional occupations",92,58,34
E01000105,L10 and L11: Lower supervisory and technical occupations,88,97,-9
E01000105,L12: Semi-routine occupations,262,281,-19
E01000105,L13: Routine occupations,277,211,66
E01000105,L14.1 and L14.2: Never worked and long-term unemployed,238,184,54
E01000105,L15: Full-time students,147,118,29
E01000105,"L4, L5 and L6: Lower managerial, administrative and professional occupations",262,187,75
E01000105,L7: Intermediate occupations,174,184,-10
E01000105,L8 and L9: Small employers and own account workers,202,121,81
E01000106,"L1, L2 and L3: Higher managerial, administrative and professional occupations",83,63,20
E01000106,L10 and L11: Lower supervisory and technical occupations,76,121,-45
E01000106,L12: Semi-routine occupations,239,217,22
E01000106,L13: Routine occupations,235,168,67
E01000106,L14.1 and L14.2: Never worked and long-term unemployed,213,171,42
E01000106,L15: Full-time students,156,126,30
E01000106,"L4, L5 and L6: Lower managerial, administrative and professional occupations",204,191,13
E01000106,L7: Intermediate occupations,166,169,-3
E01000106,L8 and L9: Small employers and own account workers,204,129,75
E01000107,"L1, L2 and L3: Higher managerial, administrative and professional occupations",91,62,29
E01000107,L10 and L11: Lower supervisory and technical occupations,71,80,-9
E01000107,L12: Semi-routine occupations,167,158,9
E01000107,L13: Routine occupations,182,128,54
E01000107,L14.1 and L14.2: Never worked and long-term unemployed,150,95,55
E01000107,L15: Full-time students,135,106,29
E01000107,"L4, L5 and L6: Lower managerial, administrative and professional occupations",203,181,22
E01000107,L7: Intermediate occupations,158,184,-26
E01000107,L8 and L9: Small employers and own account workers,214,123,91
E01000108,"L1, L2 and L3: Higher managerial, administrative and professional occupations",82,58,24
E01000108,L10 and L11: Lower supervisory and technical occupations,72,97,-25
E01000108,L12: Semi-routine occupations,195,179,16
E01000108,L13: Routine occupations,170,163,7
E01000108,L14.1 and L14.2: Never worked and long-term unemployed,158,78,80
E01000108,L15: Full-time students,133,109,24
E01000108,"L4, L5 and L6: Lower managerial, administrative and professional occupations",237,177,60
E01000108,L7: Intermediate occupations,177,196,-19
E01000108,L8 and L9: Small employers and own account workers,208,99,109
E01000110,"L1, L2 and L3: Higher managerial, administrative and professional occupations",128,88,40
E01000110,L10 and L11: Lower supervisory and technical occupations,65,56,9
E01000110,L12: Semi-routine occupations,130,119,11
E01000110,L13: Routine occupations,119,71,48
E01000110,L14.1 and L14.2: Never worked and long-term unemployed,127,70,57
E01000110,L15: Full-time students,120,97,23
E01000110,"L4, L5 and L6: Lower managerial, administrative and professional occupations",194,227,-33
E01000110,L7: Intermediate occupations,159,180,-21
E01000110,L8 and L9: Small employers and own account workers,182,118,64
E01000111,"L1, L2 and L3: Higher managerial, administrative and professional occupations",109,66,43
E01000111,L10 and L11: Lower supervisory and technical occupations,61,94,-33
E01000111,L12: Semi-routine occupations,192,190,2
E01000111,L13: Routine occupations,217,115,102
E01000111,L14.1 and L14.2: Never worked and long-term unemployed,212,129,83
E01000111,L15: Full-time students,175,135,40
E01000111,"L4, L5 and L6: Lower managerial, administrative and professional occupations",235,197,38
E01000111,L7: Intermediate occupations,172,197,-25
E01000111,L8 and L9: Small employers and own account workers,242,133,109
E01000112,"L1, L2 and L3: Higher managerial, administrative and professional occupations",145,96,49
E01000112,L10 and L11: Lower supervisory and technical occupations,48,89,-41
E01000112,L12: Semi-routine occupations,165,176,-11
E01000112,L13: Routine occupations,170,128,42
E01000112,L14.1 and L14.2: Never worked and long-term unemployed,161,121,40
E01000112,L15: Full-time students,153,127,26
E01000112,"L4, L5 and L6: Lower managerial, administrative and professional occupations",242,265,-23
E01000112,L7: Intermediate occupations,164,218,-54
E01000112,L8 and L9: Small employers and own account workers,251,137,114
E01000113,"L1, L2 and L3: Higher managerial, administrative and professional occupations",129,88,41
E01000113,L10 and L11: Lower supervisory and technical occupations,61,81,-20
E01000113,L12: Semi-routine occupations,160,189,-29
E01000113,L13: Routine occupations,174,102,72
E01000113,L14.1 and L14.2: Never worked and long-term unemployed,174,110,64
E01000113,L15: Full-time students,180,104,76
E01000113,"L4, L5 and L6: Lower managerial, administrative and professional occupations",283,226,57
E01000113,L7: Intermediate occupations,165,203,-38
E01000113,L8 and L9: Small employers and own account workers,194,93,101
E01000114,"L1, L2 and L3: Higher managerial, administrative and professional occupations",130,81,49
E01000114,L10 and L11: Lower supervisory and technical occupations,84,109,-25
E01000114,L12: Semi-routine occupations,229,227,2
E01000114,L13: Routine occupations,209,169,40
E01000114,L14.1 and L14.2: Never worked and long-term unemployed,184,119,65
E01000114,L15: Full-time students,196,144,52
E01000114,"L4, L5 and L6: Lower managerial, administrative and professional occupations",280,207,73
E01000114,L7: Intermediate occupations,201,232,-31
E01000114,L8 and L9: Small employers and own account workers,193,162,31
E01000115,"L1, L2 and L3: Higher managerial, administrative and professional occupations",249,187,62
E01000115,L10 and L11: Lower supervisory and technical occupations,25,33,-8
E01000115,L12: Semi-routine occupations,58,72,-14
E01000115,L13: Routine occupations,54,39,15
E01000115,L14.1 and L14.2: Never worked and long-term unemployed,88,45,43
E01000115,L15: Full-time students,88,119,-31
E01000115,"L4, L5 and L6: Lower managerial, administrative and professional occupations",257,246,11
E01000115,L7: Intermediate occupations,172,156,16
E01000115,L8 and L9: Small employers and own account workers,180,169,11
E01000116,"L1, L2 and L3: Higher managerial, administrative and professional occupations",246,152,94
E01000116,L10 and L11: Lower supervisory and technical occupations,39,52,-13
E01000116,L12: Semi-routine occupations,107,124,-17
E01000116,L13: Routine occupations,91,74,17
E01000116,L14.1 and L14.2: Never worked and long-term unemployed,104,45,59
E01000116,L15: Full-time students,117,94,23
E01000116,"L4, L5 and L6: Lower managerial, administrative and professional occupations",286,300,-14
E01000116,L7: Intermediate occupations,175,212,-37
E01000116,L8 and L9: Small employers and own account workers,194,175,19
E01000117,"L1, L2 and L3: Higher managerial, administrative and professional occupations",234,160,74
E01000117,L10 and L11: Lower supervisory and technical occupations,56,66,-10
E01000117,L12: Semi-routine occupations,95,93,2
E01000117,L13: Routine occupations,104,80,24
E01000117,L14.1 and L14.2: Never worked and long-term unemployed,111,68,43
E01000117,L15: Full-time students,80,107,-27
E01000117,"L4, L5 and L6: Lower managerial, administrative and professional occupations",323,320,3
E01000117,L7: Intermediate occupations,196,233,-37
E01000117,L8 and L9: Small employers and own account workers,207,187,20
E01000118,"L1, L2 and L3: Higher managerial, administrative and professional occupations",255,169,86
E01000118,L10 and L11: Lower supervisory and technical occupations,72,55,17
E01000118,L12: Semi-routine occupations,131,127,4
E01000118,L13: Routine occupations,120,76,44
E01000118,L14.1 and L14.2: Never worked and long-term unemployed,142,98,44
E01000118,L15: Full-time students,132,118,14
E01000118,"L4, L5 and L6: Lower managerial, administrative and professional occupations",384,345,39
E01000118,L7: Intermediate occupations,181,227,-46
E01000118,L8 and L9: Small employers and own account workers,229,175,54
E01000119,"L1, L2 and L3: Higher managerial, administrative and professional occupations",298,195,103
E01000119,L10 and L11: Lower supervisory and technical occupations,44,42,2
E01000119,L12: Semi-routine occupations,94,77,17
E01000119,L13: Routine occupations,119,71,48
E01000119,L14.1 and L14.2: Never worked and long-term unemployed,118,78,40
E01000119,L15: Full-time students,114,115,-1
E01000119,"L4, L5 and L6: Lower managerial, administrative and professional occupations",298,325,-27
E01000119,L7: Intermediate occupations,157,158,-1
E01000119,L8 and L9: Small employers and own account workers,227,180,47
E01000120,"L1, L2 and L3: Higher managerial, administrative and professional occupations",259,177,82
E01000120,L10 and L11: Lower supervisory and technical occupations,41,41,0
E01000120,L12: Semi-routine occupations,66,85,-19
E01000120,L13: Routine occupations,54,44,10
E01000120,L14.1 and L14.2: Never worked and long-term unemployed,114,45,69
E01000120,L15: Full-time students,95,126,-31
E01000120,"L4, L5 and L6: Lower managerial, administrative and professional occupations",271,270,1
E01000120,L7: Intermediate occupations,146,152,-6
E01000120,L8 and L9: Small employers and own account workers,175,141,34
E01000121,"L1, L2 and L3: Higher managerial, administrative and professional occupations",110,61,49
E01000121,L10 and L11: Lower supervisory and technical occupations,56,46,10
E01000121,L12: Semi-routine occupations,148,137,11
E01000121,L13: Routine occupations,94,73,21
E01000121,L14.1 and L14.2: Never worked and long-term unemployed,222,147,75
E01000121,L15: Full-time students,125,120,5
E01000121,"L4, L5 and L6: Lower managerial, administrative and professional occupations",196,166,30
E01000121,L7: Intermediate occupations,121,137,-16
E01000121,L8 and L9: Small employers and own account workers,133,101,32
E01000122,"L1, L2 and L3: Higher managerial, administrative and professional occupations",226,171,55
E01000122,L10 and L11: Lower supervisory and technical occupations,43,47,-4
E01000122,L12: Semi-routine occupations,87,94,-7
E01000122,L13: Routine occupations,62,56,6
E01000122,L14.1 and L14.2: Never worked and long-term unemployed,96,58,38
E01000122,L15: Full-time students,101,106,-5
E01000122,"L4, L5 and L6: Lower managerial, administrative and professional occupations",275,275,0
E01000122,L7: Intermediate occupations,127,132,-5
E01000122,L8 and L9: Small employers and own account workers,188,149,39
E01000123,"L1, L2 and L3: Higher managerial, administrative and professional occupations",230,151,79
E01000123,L10 and L11: Lower supervisory and technical occupations,46,75,-29
E01000123,L12: Semi-routine occupations,137,116,21
E01000123,L13: Routine occupations,108,74,34
E01000123,L14.1 and L14.2: Never worked and long-term unemployed,98,87,11
E01000123,L15: Full-time students,67,96,-29
E01000123,"L4, L5 and L6: Lower managerial, administrative and professional occupations",334,319,15
E01000123,L7: Intermediate occupations,174,182,-8
E01000123,L8 and L9: Small employers and own account workers,237,183,54
E01000124,"L1, L2 and L3: Higher managerial, administrative and professional occupations",184,129,55
E01000124,L10 and L11: Lower supervisory and technical occupations,63,67,-4
E01000124,L12: Semi-routine occupations,141,146,-5
E01000124,L13: Routine occupations,117,107,10
E01000124,L14.1 and L14.2: Never worked and long-term unemployed,178,112,66
E01000124,L15: Full-time students,122,120,2
E01000124,"L4, L5 and L6: Lower managerial, administrative and professional occupations",287,243,44
E01000124,L7: Intermediate occupations,158,144,14
E01000124,L8 and L9: Small employers and own account workers,215,138,77
E01000126,"L1, L2 and L3: Higher managerial, administrative and professional occupations",188,84,104
E01000126,L10 and L11: Lower supervisory and technical occupations,78,84,-6
E01000126,L12: Semi-routine occupations,183,168,15
E01000126,L13: Routine occupations,194,129,65
E01000126,L14.1 and L14.2: Never worked and long-term unemployed,260,229,31
E01000126,L15: Full-time students,231,240,-9
E01000126,"L4, L5 and L6: Lower managerial, administrative and professional occupations",294,242,52
E01000126,L7: Intermediate occupations,164,153,11
E01000126,L8 and L9: Small employers and own account workers,228,156,72
E01000127,"L1, L2 and L3: Higher managerial, administrative and professional occupations",95,49,46
E01000127,L10 and L11: Lower supervisory and technical occupations,65,71,-6
E01000127,L12: Semi-routine occupations,139,180,-41
E01000127,L13: Routine occupations,145,100,45
E01000127,L14.1 and L14.2: Never worked and long-term unemployed,170,123,47
E01000127,L15: Full-time students,110,131,-21
E01000127,"L4, L5 and L6: Lower managerial, administrative and professional occupations",175,168,7
E01000127,L7: Intermediate occupations,113,126,-13
E01000127,L8 and L9: Small employers and own account workers,183,126,57
E01000128,"L1, L2 and L3: Higher managerial, administrative and professional occupations",139,68,71
E01000128,L10 and L11: Lower supervisory and technical occupations,67,90,-23
E01000128,L12: Semi-routine occupations,171,178,-7
E01000128,L13: Routine occupations,166,123,43
E01000128,L14.1 and L14.2: Never worked and long-term unemployed,201,129,72
E01000128,L15: Full-time students,194,167,27
E01000128,"L4, L5 and L6: Lower managerial, administrative and professional occupations",219,194,25
E01000128,L7: Intermediate occupations,165,155,10
E01000128,L8 and L9: Small employers and own account workers,284,179,105
E01000129,"L1, L2 and L3: Higher managerial, administrative and professional occupations",60,53,7
E01000129,L10 and L11: Lower supervisory and technical occupations,62,64,-2
E01000129,L12: Semi-routine occupations,163,214,-51
E01000129,L13: Routine occupations,159,128,31
E01000129,L14.1 and L14.2: Never worked and long-term unemployed,203,191,12
E01000129,L15: Full-time students,130,165,-35
E01000129,"L4, L5 and L6: Lower managerial, administrative and professional occupations",173,179,-6
E01000129,L7: Intermediate occupations,110,112,-2
E01000129,L8 and L9: Small employers and own account workers,209,146,63
E01000130,"L1, L2 and L3: Higher managerial, administrative and professional occupations",111,80,31
E01000130,L10 and L11: Lower supervisory and technical occupations,66,52,14
E01000130,L12: Semi-routine occupations,204,170,34
E01000130,L13: Routine occupations,161,109,52
E01000130,L14.1 and L14.2: Never worked and long-term unemployed,209,125,84
E01000130,L15: Full-time students,126,140,-14
E01000130,"L4, L5 and L6: Lower managerial, administrative and professional occupations",271,212,59
E01000130,L7: Intermediate occupations,180,157,23
E01000130,L8 and L9: Small employers and own account workers,204,138,66
E01000131,"L1, L2 and L3: Higher managerial, administrative and professional occupations",172,123,49
E01000131,L10 and L11: Lower supervisory and technical occupations,96,79,17
E01000131,L12: Semi-routine occupations,136,160,-24
E01000131,L13: Routine occupations,163,99,64
E01000131,L14.1 and L14.2: Never worked and long-term unemployed,179,135,44
E01000131,L15: Full-time students,143,164,-21
E01000131,"L4, L5 and L6: Lower managerial, administrative and professional occupations",288,220,68
E01000131,L7: Intermediate occupations,175,162,13
E01000131,L8 and L9: Small employers and own account workers,258,200,58
E01000132,"L1, L2 and L3: Higher managerial, administrative and professional occupations",96,53,43
E01000132,L10 and L11: Lower supervisory and technical occupations,83,65,18
E01000132,L12: Semi-routine occupations,124,165,-41
E01000132,L13: Routine occupations,125,106,19
E01000132,L14.1 and L14.2: Never worked and long-term unemployed,173,124,49
E01000132,L15: Full-time students,122,129,-7
E01000132,"L4, L5 and L6: Lower managerial, administrative and professional occupations",187,151,36
E01000132,L7: Intermediate occupations,129,108,21
E01000132,L8 and L9: Small employers and own account workers,169,126,43
E01000133,"L1, L2 and L3: Higher managerial, administrative and professional occupations",98,57,41
E01000133,L10 and L11: Lower supervisory and technical occupations,57,71,-14
E01000133,L12: Semi-routine occupations,142,186,-44
E01000133,L13: Routine occupations,163,134,29
E01000133,L14.1 and L14.2: Never worked and long-term unemployed,180,113,67
E01000133,L15: Full-time students,122,133,-11
E01000133,"L4, L5 and L6: Lower managerial, administrative and professional occupations",195,177,18
E01000133,L7: Intermediate occupations,141,130,11
E01000133,L8 and L9: Small employers and own account workers,179,124,55
E01000134,"L1, L2 and L3: Higher managerial, administrative and professional occupations",99,80,19
E01000134,L10 and L11: Lower supervisory and technical occupations,65,78,-13
E01000134,L12: Semi-routine occupations,168,166,2
E01000134,L13: Routine occupations,157,122,35
E01000134,L14.1 and L14.2: Never worked and long-term unemployed,169,121,48
E01000134,L15: Full-time students,197,130,67
E01000134,"L4, L5 and L6: Lower managerial, administrative and professional occupations",196,207,-11
E01000134,L7: Intermediate occupations,130,122,8
E01000134,L8 and L9: Small employers and own account workers,235,155,80
E01000135,"L1, L2 and L3: Higher managerial, administrative and professional occupations",348,228,120
E01000135,L10 and L11: Lower supervisory and technical occupations,29,30,-1
E01000135,L12: Semi-routine occupations,64,71,-7
E01000135,L13: Routine occupations,69,40,29
E01000135,L14.1 and L14.2: Never worked and long-term unemployed,146,87,59
E01000135,L15: Full-time students,119,167,-48
E01000135,"L4, L5 and L6: Lower managerial, administrative and professional occupations",307,249,58
E01000135,L7: Intermediate occupations,103,96,7
E01000135,L8 and L9: Small employers and own account workers,201,155,46
E01000136,"L1, L2 and L3: Higher managerial, administrative and professional occupations",330,267,63
E01000136,L10 and L11: Lower supervisory and technical occupations,18,12,6
E01000136,L12: Semi-routine occupations,61,49,12
E01000136,L13: Routine occupations,36,33,3
E01000136,L14.1 and L14.2: Never worked and long-term unemployed,122,47,75
E01000136,L15: Full-time students,91,106,-15
E01000136,"L4, L5 and L6: Lower managerial, administrative and professional occupations",258,299,-41
E01000136,L7: Intermediate occupations,79,101,-22
E01000136,L8 and L9: Small employers and own account workers,176,126,50
E01000137,"L1, L2 and L3: Higher managerial, administrative and professional occupations",168,134,34
E01000137,L10 and L11: Lower supervisory and technical occupations,37,57,-20
E01000137,L12: Semi-routine occupations,128,153,-25
E01000137,L13: Routine occupations,96,107,-11
E01000137,L14.1 and L14.2: Never worked and long-term unemployed,198,141,57
E01000137,L15: Full-time students,113,124,-11
E01000137,"L4, L5 and L6: Lower managerial, administrative and professional occupations",216,215,1
E01000137,L7: Intermediate occupations,119,136,-17
E01000137,L8 and L9: Small employers and own account workers,170,110,60
E01000138,"L1, L2 and L3: Higher managerial, administrative and professional occupations",162,118,44
E01000138,L10 and L11: Lower supervisory and technical occupations,44,48,-4
E01000138,L12: Semi-routine occupations,124,91,33
E01000138,L13: Routine occupations,98,81,17
E01000138,L14.1 and L14.2: Never worked and long-term unemployed,195,95,100
E01000138,L15: Full-time students,111,139,-28
E01000138,"L4, L5 and L6: Lower managerial, administrative and professional occupations",251,216,35
E01000138,L7: Intermediate occupations,117,104,13
E01000138,L8 and L9: Small employers and own account workers,227,171,56
E01000139,"L1, L2 and L3: Higher managerial, administrative and professional occupations",275,186,89
E01000139,L10 and L11: Lower supervisory and technical occupations,33,27,6
E01000139,L12: Semi-routine occupations,55,81,-26
E01000139,L13: Routine occupations,65,73,-8
E01000139,L14.1 and L14.2: Never worked and long-term unemployed,103,90,13
E01000139,L15: Full-time students,93,122,-29
E01000139,"L4, L5 and L6: Lower managerial, administrative and professional occupations",227,280,-53
E01000139,L7: Intermediate occupations,118,102,16
E01000139,L8 and L9: Small employers and own account workers,178,142,36
E01000140,"L1, L2 and L3: Higher managerial, administrative and professional occupations",389,187,202
E01000140,L10 and L11: Lower supervisory and technical occupations,61,55,6
E01000140,L12: Semi-routine occupations,89,115,-26
E01000140,L13: Routine occupations,88,84,4
E01000140,L14.1 and L14.2: Never worked and long-term unemployed,143,93,50
E01000140,L15: Full-time students,167,198,-31
E01000140,"L4, L5 and L6: Lower managerial, administrative and professional occupations",376,312,64
E01000140,L7: Intermediate occupations,132,89,43
E01000140,L8 and L9: Small employers and own account workers,183,163,20
E01000141,"L1, L2 and L3: Higher managerial, administrative and professional occupations",187,167,20
E01000141,L10 and L11: Lower supervisory and technical occupations,76,82,-6
E01000141,L12: Semi-routine occupations,171,191,-20
E01000141,L13: Routine occupations,198,168,30
E01000141,L14.1 and L14.2: Never worked and long-term unemployed,186,130,56
E01000141,L15: Full-time students,146,231,-85
E01000141,"L4, L5 and L6: Lower managerial, administrative and professional occupations",276,319,-43
E01000141,L7: Intermediate occupations,111,137,-26
E01000141,L8 and L9: Small employers and own account workers,216,231,-15
E01000142,"L1, L2 and L3: Higher managerial, administrative and professional occupations",283,262,21
E01000142,L10 and L11: Lower supervisory and technical occupations,78,75,3
E01000142,L12: Semi-routine occupations,158,142,16
E01000142,L13: Routine occupations,147,151,-4
E01000142,L14.1 and L14.2: Never worked and long-term unemployed,233,172,61
E01000142,L15: Full-time students,156,166,-10
E01000142,"L4, L5 and L6: Lower managerial, administrative and professional occupations",324,381,-57
E01000142,L7: Intermediate occupations,158,199,-41
E01000142,L8 and L9: Small employers and own account workers,268,222,46
E01000143,"L1, L2 and L3: Higher managerial, administrative and professional occupations",176,75,101
E01000143,L10 and L11: Lower supervisory and technical occupations,62,51,11
E01000143,L12: Semi-routine occupations,115,126,-11
E01000143,L13: Routine occupations,160,129,31
E01000143,L14.1 and L14.2: Never worked and long-term unemployed,160,123,37
E01000143,L15: Full-time students,195,209,-14
E01000143,"L4, L5 and L6: Lower managerial, administrative and professional occupations",209,152,57
E01000143,L7: Intermediate occupations,124,97,27
E01000143,L8 and L9: Small employers and own account workers,118,115,3
E01000144,"L1, L2 and L3: Higher managerial, administrative and professional occupations",298,226,72
E01000144,L10 and L11: Lower supervisory and technical occupations,39,43,-4
E01000144,L12: Semi-routine occupations,88,75,13
E01000144,L13: Routine occupations,74,51,23
E01000144,L14.1 and L14.2: Never worked and long-term unemployed,190,65,125
E01000144,L15: Full-time students,153,174,-21
E01000144,"L4, L5 and L6: Lower managerial, administrative and professional occupations",247,302,-55
E01000144,L7: Intermediate occupations,100,124,-24
E01000144,L8 and L9: Small employers and own account workers,165,141,24
E01000145,"L1, L2 and L3: Higher managerial, administrative and professional occupations",227,164,63
E01000145,L10 and L11: Lower supervisory and technical occupations,21,17,4
E01000145,L12: Semi-routine occupations,65,56,9
E01000145,L13: Routine occupations,60,32,28
E01000145,L14.1 and L14.2: Never worked and long-term unemployed,145,90,55
E01000145,L15: Full-time students,143,139,4
E01000145,"L4, L5 and L6: Lower managerial, administrative and professional occupations",241,218,23
E01000145,L7: Intermediate occupations,128,120,8
E01000145,L8 and L9: Small employers and own account workers,155,156,-1
E01000146,"L1, L2 and L3: Higher managerial, administrative and professional occupations",378,253,125
E01000146,L10 and L11: Lower supervisory and technical occupations,43,56,-13
E01000146,L12: Semi-routine occupations,100,92,8
E01000146,L13: Routine occupations,94,67,27
E01000146,L14.1 and L14.2: Never worked and long-term unemployed,150,92,58
E01000146,L15: Full-time students,151,172,-21
E01000146,"L4, L5 and L6: Lower managerial, administrative and professional occupations",358,317,41
E01000146,L7: Intermediate occupations,125,140,-15
E01000146,L8 and L9: Small employers and own account workers,193,163,30
E01000147,"L1, L2 and L3: Higher managerial, administrative and professional occupations",169,130,39
E01000147,L10 and L11: Lower supervisory and technical occupations,71,77,-6
E01000147,L12: Semi-routine occupations,176,179,-3
E01000147,L13: Routine occupations,151,90,61
E01000147,L14.1 and L14.2: Never worked and long-term unemployed,157,117,40
E01000147,L15: Full-time students,163,152,11
E01000147,"L4, L5 and L6: Lower managerial, administrative and professional occupations",253,211,42
E01000147,L7: Intermediate occupations,132,162,-30
E01000147,L8 and L9: Small employers and own account workers,342,217,125
E01000150,"L1, L2 and L3: Higher managerial, administrative and professional occupations",256,144,112
E01000150,L10 and L11: Lower supervisory and technical occupations,81,77,4
E01000150,L12: Semi-routine occupations,174,196,-22
E01000150,L13: Routine occupations,171,124,47
E01000150,L14.1 and L14.2: Never worked and long-term unemployed,164,130,34
E01000150,L15: Full-time students,176,163,13
E01000150,"L4, L5 and L6: Lower managerial, administrative and professional occupations",301,298,3
E01000150,L7: Intermediate occupations,173,200,-27
E01000150,L8 and L9: Small employers and own account workers,292,200,92
E01000151,"L1, L2 and L3: Higher managerial, administrative and professional occupations",58,51,7
E01000151,L10 and L11: Lower supervisory and technical occupations,70,70,0
E01000151,L12: Semi-routine occupations,143,161,-18
E01000151,L13: Routine occupations,108,144,-36
E01000151,L14.1 and L14.2: Never worked and long-term unemployed,220,187,33
E01000151,L15: Full-time students,213,155,58
E01000151,"L4, L5 and L6: Lower managerial, administrative and professional occupations",134,135,-1
E01000151,L7: Intermediate occupations,104,101,3
E01000151,L8 and L9: Small employers and own account workers,157,123,34
E01000152,"L1, L2 and L3: Higher managerial, administrative and professional occupations",304,45,259
E01000152,L10 and L11: Lower supervisory and technical occupations,80,55,25
E01000152,L12: Semi-routine occupations,190,174,16
E01000152,L13: Routine occupations,208,124,84
E01000152,L14.1 and L14.2: Never worked and long-term unemployed,205,149,56
E01000152,L15: Full-time students,226,186,40
E01000152,"L4, L5 and L6: Lower managerial, administrative and professional occupations",385,156,229
E01000152,L7: Intermediate occupations,187,123,64
E01000152,L8 and L9: Small employers and own account workers,193,104,89
E01000153,"L1, L2 and L3: Higher managerial, administrative and professional occupations",138,55,83
E01000153,L10 and L11: Lower supervisory and technical occupations,59,66,-7
E01000153,L12: Semi-routine occupations,196,177,19
E01000153,L13: Routine occupations,173,124,49
E01000153,L14.1 and L14.2: Never worked and long-term unemployed,194,140,54
E01000153,L15: Full-time students,177,147,30
E01000153,"L4, L5 and L6: Lower managerial, administrative and professional occupations",225,162,63
E01000153,L7: Intermediate occupations,151,126,25
E01000153,L8 and L9: Small employers and own account workers,180,110,70
E01000154,"L1, L2 and L3: Higher managerial, administrative and professional occupations",190,63,127
E01000154,L10 and L11: Lower supervisory and technical occupations,61,67,-6
E01000154,L12: Semi-routine occupations,175,165,10
E01000154,L13: Routine occupations,143,96,47
E01000154,L14.1 and L14.2: Never worked and long-term unemployed,247,118,129
E01000154,L15: Full-time students,166,121,45
E01000154,"L4, L5 and L6: Lower managerial, administrative and professional occupations",222,128,94
E01000154,L7: Intermediate occupations,137,86,51
E01000154,L8 and L9: Small employers and own account workers,191,135,56
E01000156,"L1, L2 and L3: Higher managerial, administrative and professional occupations",313,230,83
E01000156,L10 and L11: Lower supervisory and technical occupations,54,60,-6
E01000156,L12: Semi-routine occupations,105,96,9
E01000156,L13: Routine occupations,93,73,20
E01000156,L14.1 and L14.2: Never worked and long-term unemployed,105,72,33
E01000156,L15: Full-time students,129,152,-23
E01000156,"L4, L5 and L6: Lower managerial, administrative and professional occupations",395,424,-29
E01000156,L7: Intermediate occupations,99,128,-29
E01000156,L8 and L9: Small employers and own account workers,235,183,52
E01000157,"L1, L2 and L3: Higher managerial, administrative and professional occupations",218,151,67
E01000157,L10 and L11: Lower supervisory and technical occupations,53,55,-2
E01000157,L12: Semi-routine occupations,84,106,-22
E01000157,L13: Routine occupations,82,65,17
E01000157,L14.1 and L14.2: Never worked and long-term unemployed,82,74,8
E01000157,L15: Full-time students,82,81,1
E01000157,"L4, L5 and L6: Lower managerial, administrative and professional occupations",282,353,-71
E01000157,L7: Intermediate occupations,137,159,-22
E01000157,L8 and L9: Small employers and own account workers,203,128,75
E01000158,"L1, L2 and L3: Higher managerial, administrative and professional occupations",189,143,46
E01000158,L10 and L11: Lower supervisory and technical occupations,44,56,-12
E01000158,L12: Semi-routine occupations,89,149,-60
E01000158,L13: Routine occupations,96,100,-4
E01000158,L14.1 and L14.2: Never worked and long-term unemployed,103,108,-5
E01000158,L15: Full-time students,80,156,-76
E01000158,"L4, L5 and L6: Lower managerial, administrative and professional occupations",263,382,-119
E01000158,L7: Intermediate occupations,129,160,-31
E01000158,L8 and L9: Small employers and own account workers,170,164,6
E01000159,"L1, L2 and L3: Higher managerial, administrative and professional occupations",261,166,95
E01000159,L10 and L11: Lower supervisory and technical occupations,35,50,-15
E01000159,L12: Semi-routine occupations,109,98,11
E01000159,L13: Routine occupations,87,72,15
E01000159,L14.1 and L14.2: Never worked and long-term unemployed,130,81,49
E01000159,L15: Full-time students,130,158,-28
E01000159,"L4, L5 and L6: Lower managerial, administrative and professional occupations",334,332,2
E01000159,L7: Intermediate occupations,154,165,-11
E01000159,L8 and L9: Small employers and own account workers,228,149,79
E01000160,"L1, L2 and L3: Higher managerial, administrative and professional occupations",352,340,12
E01000160,L10 and L11: Lower supervisory and technical occupations,49,54,-5
E01000160,L12: Semi-routine occupations,80,95,-15
E01000160,L13: Routine occupations,87,76,11
E01000160,L14.1 and L14.2: Never worked and long-term unemployed,137,108,29
E01000160,L15: Full-time students,136,140,-4
E01000160,"L4, L5 and L6: Lower managerial, administrative and professional occupations",357,490,-133
E01000160,L7: Intermediate occupations,131,158,-27
E01000160,L8 and L9: Small employers and own account workers,246,193,53
E01000161,"L1, L2 and L3: Higher managerial, administrative and professional occupations",280,154,126
E01000161,L10 and L11: Lower supervisory and technical occupations,46,31,15
E01000161,L12: Semi-routine occupations,143,84,59
E01000161,L13: Routine occupations,109,50,59
E01000161,L14.1 and L14.2: Never worked and long-term unemployed,212,57,155
E01000161,L15: Full-time students,135,113,22
E01000161,"L4, L5 and L6: Lower managerial, administrative and professional occupations",311,275,36
E01000161,L7: Intermediate occupations,156,112,44
E01000161,L8 and L9: Small employers and own account workers,235,217,18
E01000162,"L1, L2 and L3: Higher managerial, administrative and professional occupations",172,110,62
E01000162,L10 and L11: Lower supervisory and technical occupations,41,51,-10
E01000162,L12: Semi-routine occupations,123,120,3
E01000162,L13: Routine occupations,101,89,12
E01000162,L14.1 and L14.2: Never worked and long-term unemployed,200,106,94
E01000162,L15: Full-time students,113,114,-1
E01000162,"L4, L5 and L6: Lower managerial, administrative and professional occupations",256,273,-17
E01000162,L7: Intermediate occupations,149,139,10
E01000162,L8 and L9: Small employers and own account workers,207,144,63
E01000163,"L1, L2 and L3: Higher managerial, administrative and professional occupations",137,94,43
E01000163,L10 and L11: Lower supervisory and technical occupations,54,92,-38
E01000163,L12: Semi-routine occupations,151,144,7
E01000163,L13: Routine occupations,118,113,5
E01000163,L14.1 and L14.2: Never worked and long-term unemployed,201,129,72
E01000163,L15: Full-time students,110,96,14
E01000163,"L4, L5 and L6: Lower managerial, administrative and professional occupations",222,249,-27
E01000163,L7: Intermediate occupations,145,159,-14
E01000163,L8 and L9: Small employers and own account workers,195,135,60
E01000164,"L1, L2 and L3: Higher managerial, administrative and professional occupations",159,113,46
E01000164,L10 and L11: Lower supervisory and technical occupations,49,55,-6
E01000164,L12: Semi-routine occupations,143,165,-22
E01000164,L13: Routine occupations,135,116,19
E01000164,L14.1 and L14.2: Never worked and long-term unemployed,166,116,50
E01000164,L15: Full-time students,144,137,7
E01000164,"L4, L5 and L6: Lower managerial, administrative and professional occupations",249,248,1
E01000164,L7: Intermediate occupations,112,129,-17
E01000164,L8 and L9: Small employers and own account workers,187,146,41
E01000165,"L1, L2 and L3: Higher managerial, administrative and professional occupations",268,226,42
E01000165,L10 and L11: Lower supervisory and technical occupations,41,47,-6
E01000165,L12: Semi-routine occupations,119,115,4
E01000165,L13: Routine occupations,104,73,31
E01000165,L14.1 and L14.2: Never worked and long-term unemployed,135,92,43
E01000165,L15: Full-time students,145,105,40
E01000165,"L4, L5 and L6: Lower managerial, administrative and professional occupations",268,360,-92
E01000165,L7: Intermediate occupations,166,164,2
E01000165,L8 and L9: Small employers and own account workers,216,245,-29
E01000166,"L1, L2 and L3: Higher managerial, administrative and professional occupations",226,183,43
E01000166,L10 and L11: Lower supervisory and technical occupations,57,52,5
E01000166,L12: Semi-routine occupations,105,101,4
E01000166,L13: Routine occupations,82,75,7
E01000166,L14.1 and L14.2: Never worked and long-term unemployed,133,64,69
E01000166,L15: Full-time students,77,91,-14
E01000166,"L4, L5 and L6: Lower managerial, administrative and professional occupations",277,263,14
E01000166,L7: Intermediate occupations,167,161,6
E01000166,L8 and L9: Small employers and own account workers,179,154,25
E01000167,"L1, L2 and L3: Higher managerial, administrative and professional occupations",134,93,41
E01000167,L10 and L11: Lower supervisory and technical occupations,64,71,-7
E01000167,L12: Semi-routine occupations,115,136,-21
E01000167,L13: Routine occupations,106,87,19
E01000167,L14.1 and L14.2: Never worked and long-term unemployed,108,72,36
E01000167,L15: Full-time students,82,107,-25
E01000167,"L4, L5 and L6: Lower managerial, administrative and professional occupations",212,171,41
E01000167,L7: Intermediate occupations,131,127,4
E01000167,L8 and L9: Small employers and own account workers,152,113,39
E01000168,"L1, L2 and L3: Higher managerial, administrative and professional occupations",320,207,113
E01000168,L10 and L11: Lower supervisory and technical occupations,34,42,-8
E01000168,L12: Semi-routine occupations,85,65,20
E01000168,L13: Routine occupations,57,45,12
E01000168,L14.1 and L14.2: Never worked and long-term unemployed,92,62,30
E01000168,L15: Full-time students,88,101,-13
E01000168,"L4, L5 and L6: Lower managerial, administrative and professional occupations",275,275,0
E01000168,L7: Intermediate occupations,155,190,-35
E01000168,L8 and L9: Small employers and own account workers,172,153,19
E01000169,"L1, L2 and L3: Higher managerial, administrative and professional occupations",238,180,58
E01000169,L10 and L11: Lower supervisory and technical occupations,40,42,-2
E01000169,L12: Semi-routine occupations,83,93,-10
E01000169,L13: Routine occupations,69,64,5
E01000169,L14.1 and L14.2: Never worked and long-term unemployed,108,53,55
E01000169,L15: Full-time students,72,73,-1
E01000169,"L4, L5 and L6: Lower managerial, administrative and professional occupations",366,310,56
E01000169,L7: Intermediate occupations,136,154,-18
E01000169,L8 and L9: Small employers and own account workers,188,152,36
E01000170,"L1, L2 and L3: Higher managerial, administrative and professional occupations",217,151,66
E01000170,L10 and L11: Lower supervisory and technical occupations,52,61,-9
E01000170,L12: Semi-routine occupations,127,135,-8
E01000170,L13: Routine occupations,128,88,40
E01000170,L14.1 and L14.2: Never worked and long-term unemployed,162,75,87
E01000170,L15: Full-time students,153,107,46
E01000170,"L4, L5 and L6: Lower managerial, administrative and professional occupations",282,258,24
E01000170,L7: Intermediate occupations,187,158,29
E01000170,L8 and L9: Small employers and own account workers,205,139,66
E01000171,"L1, L2 and L3: Higher managerial, administrative and professional occupations",216,167,49
E01000171,L10 and L11: Lower supervisory and technical occupations,81,73,8
E01000171,L12: Semi-routine occupations,132,153,-21
E01000171,L13: Routine occupations,158,86,72
E01000171,L14.1 and L14.2: Never worked and long-term unemployed,218,102,116
E01000171,L15: Full-time students,125,106,19
E01000171,"L4, L5 and L6: Lower managerial, administrative and professional occupations",364,363,1
E01000171,L7: Intermediate occupations,166,187,-21
E01000171,L8 and L9: Small employers and own account workers,268,142,126
E01000172,"L1, L2 and L3: Higher managerial, administrative and professional occupations",261,162,99
E01000172,L10 and L11: Lower supervisory and technical occupations,32,36,-4
E01000172,L12: Semi-routine occupations,73,78,-5
E01000172,L13: Routine occupations,52,51,1
E01000172,L14.1 and L14.2: Never worked and long-term unemployed,75,57,18
E01000172,L15: Full-time students,150,151,-1
E01000172,"L4, L5 and L6: Lower managerial, administrative and professional occupations",324,296,28
E01000172,L7: Intermediate occupations,176,206,-30
E01000172,L8 and L9: Small employers and own account workers,179,148,31
E01000173,"L1, L2 and L3: Higher managerial, administrative and professional occupations",250,166,84
E01000173,L10 and L11: Lower supervisory and technical occupations,41,41,0
E01000173,L12: Semi-routine occupations,111,112,-1
E01000173,L13: Routine occupations,74,79,-5
E01000173,L14.1 and L14.2: Never worked and long-term unemployed,82,49,33
E01000173,L15: Full-time students,121,124,-3
E01000173,"L4, L5 and L6: Lower managerial, administrative and professional occupations",308,329,-21
E01000173,L7: Intermediate occupations,166,203,-37
E01000173,L8 and L9: Small employers and own account workers,151,153,-2
E01000174,"L1, L2 and L3: Higher managerial, administrative and professional occupations",193,137,56
E01000174,L10 and L11: Lower supervisory and technical occupations,49,68,-19
E01000174,L12: Semi-routine occupations,133,142,-9
E01000174,L13: Routine occupations,130,78,52
E01000174,L14.1 and L14.2: Never worked and long-term unemployed,135,87,48
E01000174,L15: Full-time students,103,115,-12
E01000174,"L4, L5 and L6: Lower managerial, administrative and professional occupations",295,311,-16
E01000174,L7: Intermediate occupations,164,176,-12
E01000174,L8 and L9: Small employers and own account workers,185,151,34
E01000175,"L1, L2 and L3: Higher managerial, administrative and professional occupations",297,186,111
E01000175,L10 and L11: Lower supervisory and technical occupations,45,49,-4
E01000175,L12: Semi-routine occupations,116,95,21
E01000175,L13: Routine occupations,104,49,55
E01000175,L14.1 and L14.2: Never worked and long-term unemployed,90,60,30
E01000175,L15: Full-time students,81,77,4
E01000175,"L4, L5 and L6: Lower managerial, administrative and professional occupations",340,306,34
E01000175,L7: Intermediate occupations,200,192,8
E01000175,L8 and L9: Small employers and own account workers,229,124,105
E01000176,"L1, L2 and L3: Higher managerial, administrative and professional occupations",174,112,62
E01000176,L10 and L11: Lower supervisory and technical occupations,56,54,2
E01000176,L12: Semi-routine occupations,153,155,-2
E01000176,L13: Routine occupations,124,109,15
E01000176,L14.1 and L14.2: Never worked and long-term unemployed,205,122,83
E01000176,L15: Full-time students,139,109,30
E01000176,"L4, L5 and L6: Lower managerial, administrative and professional occupations",285,278,7
E01000176,L7: Intermediate occupations,171,117,54
E01000176,L8 and L9: Small employers and own account workers,175,131,44
E01000177,"L1, L2 and L3: Higher managerial, administrative and professional occupations",363,265,98
E01000177,L10 and L11: Lower supervisory and technical occupations,29,44,-15
E01000177,L12: Semi-routine occupations,66,73,-7
E01000177,L13: Routine occupations,59,47,12
E01000177,L14.1 and L14.2: Never worked and long-term unemployed,59,48,11
E01000177,L15: Full-time students,77,86,-9
E01000177,"L4, L5 and L6: Lower managerial, administrative and professional occupations",358,442,-84
E01000177,L7: Intermediate occupations,108,142,-34
E01000177,L8 and L9: Small employers and own account workers,158,140,18
E01000178,"L1, L2 and L3: Higher managerial, administrative and professional occupations",349,241,108
E01000178,L10 and L11: Lower supervisory and technical occupations,34,41,-7
E01000178,L12: Semi-routine occupations,66,94,-28
E01000178,L13: Routine occupations,68,50,18
E01000178,L14.1 and L14.2: Never worked and long-term unemployed,104,59,45
E01000178,L15: Full-time students,105,131,-26
E01000178,"L4, L5 and L6: Lower managerial, administrative and professional occupations",323,406,-83
E01000178,L7: Intermediate occupations,118,109,9
E01000178,L8 and L9: Small employers and own account workers,143,136,7
E01000179,"L1, L2 and L3: Higher managerial, administrative and professional occupations",336,253,83
E01000179,L10 and L11: Lower supervisory and technical occupations,53,47,6
E01000179,L12: Semi-routine occupations,101,76,25
E01000179,L13: Routine occupations,67,54,13
E01000179,L14.1 and L14.2: Never worked and long-term unemployed,66,41,25
E01000179,L15: Full-time students,97,77,20
E01000179,"L4, L5 and L6: Lower managerial, administrative and professional occupations",393,457,-64
E01000179,L7: Intermediate occupations,132,151,-19
E01000179,L8 and L9: Small employers and own account workers,156,138,18
E01000180,"L1, L2 and L3: Higher managerial, administrative and professional occupations",257,205,52
E01000180,L10 and L11: Lower supervisory and technical occupations,44,43,1
E01000180,L12: Semi-routine occupations,102,111,-9
E01000180,L13: Routine occupations,80,67,13
E01000180,L14.1 and L14.2: Never worked and long-term unemployed,120,64,56
E01000180,L15: Full-time students,103,118,-15
E01000180,"L4, L5 and L6: Lower managerial, administrative and professional occupations",312,333,-21
E01000180,L7: Intermediate occupations,135,140,-5
E01000180,L8 and L9: Small employers and own account workers,143,107,36
E01000181,"L1, L2 and L3: Higher managerial, administrative and professional occupations",423,299,124
E01000181,L10 and L11: Lower supervisory and technical occupations,45,43,2
E01000181,L12: Semi-routine occupations,71,69,2
E01000181,L13: Routine occupations,65,51,14
E01000181,L14.1 and L14.2: Never worked and long-term unemployed,65,51,14
E01000181,L15: Full-time students,76,105,-29
E01000181,"L4, L5 and L6: Lower managerial, administrative and professional occupations",399,447,-48
E01000181,L7: Intermediate occupations,115,128,-13
E01000181,L8 and L9: Small employers and own account workers,144,126,18
E01000182,"L1, L2 and L3: Higher managerial, administrative and professional occupations",392,314,78
E01000182,L10 and L11: Lower supervisory and technical occupations,23,38,-15
E01000182,L12: Semi-routine occupations,60,64,-4
E01000182,L13: Routine occupations,47,39,8
E01000182,L14.1 and L14.2: Never worked and long-term unemployed,68,34,34
E01000182,L15: Full-time students,103,107,-4
E01000182,"L4, L5 and L6: Lower managerial, administrative and professional occupations",399,480,-81
E01000182,L7: Intermediate occupations,95,145,-50
E01000182,L8 and L9: Small employers and own account workers,168,99,69
E01000183,"L1, L2 and L3: Higher managerial, administrative and professional occupations",336,252,84
E01000183,L10 and L11: Lower supervisory and technical occupations,27,24,3
E01000183,L12: Semi-routine occupations,65,52,13
E01000183,L13: Routine occupations,52,39,13
E01000183,L14.1 and L14.2: Never worked and long-term unemployed,128,45,83
E01000183,L15: Full-time students,73,79,-6
E01000183,"L4, L5 and L6: Lower managerial, administrative and professional occupations",309,322,-13
E01000183,L7: Intermediate occupations,93,133,-40
E01000183,L8 and L9: Small employers and own account workers,126,79,47
E01000184,"L1, L2 and L3: Higher managerial, administrative and professional occupations",164,85,79
E01000184,L10 and L11: Lower supervisory and technical occupations,53,62,-9
E01000184,L12: Semi-routine occupations,128,135,-7
E01000184,L13: Routine occupations,162,101,61
E01000184,L14.1 and L14.2: Never worked and long-term unemployed,179,100,79
E01000184,L15: Full-time students,241,118,123
E01000184,"L4, L5 and L6: Lower managerial, administrative and professional occupations",291,186,105
E01000184,L7: Intermediate occupations,124,110,14
E01000184,L8 and L9: Small employers and own account workers,175,108,67
E01000185,"L1, L2 and L3: Higher managerial, administrative and professional occupations",128,85,43
E01000185,L10 and L11: Lower supervisory and technical occupations,44,57,-13
E01000185,L12: Semi-routine occupations,158,119,39
E01000185,L13: Routine occupations,101,91,10
E01000185,L14.1 and L14.2: Never worked and long-term unemployed,185,149,36
E01000185,L15: Full-time students,124,149,-25
E01000185,"L4, L5 and L6: Lower managerial, administrative and professional occupations",242,218,24
E01000185,L7: Intermediate occupations,119,113,6
E01000185,L8 and L9: Small employers and own account workers,134,111,23
E01000186,"L1, L2 and L3: Higher managerial, administrative and professional occupations",291,190,101
E01000186,L10 and L11: Lower supervisory and technical occupations,15,26,-11
E01000186,L12: Semi-routine occupations,69,69,0
E01000186,L13: Routine occupations,41,31,10
E01000186,L14.1 and L14.2: Never worked and long-term unemployed,62,45,17
E01000186,L15: Full-time students,110,104,6
E01000186,"L4, L5 and L6: Lower managerial, administrative and professional occupations",308,296,12
E01000186,L7: Intermediate occupations,188,163,25
E01000186,L8 and L9: Small employers and own account workers,230,156,74
E01000187,"L1, L2 and L3: Higher managerial, administrative and professional occupations",209,169,40
E01000187,L10 and L11: Lower supervisory and technical occupations,21,29,-8
E01000187,L12: Semi-routine occupations,84,99,-15
E01000187,L13: Routine occupations,79,60,19
E01000187,L14.1 and L14.2: Never worked and long-term unemployed,122,74,48
E01000187,L15: Full-time students,94,97,-3
E01000187,"L4, L5 and L6: Lower managerial, administrative and professional occupations",288,258,30
E01000187,L7: Intermediate occupations,184,165,19
E01000187,L8 and L9: Small employers and own account workers,169,133,36
E01000188,"L1, L2 and L3: Higher managerial, administrative and professional occupations",305,240,65
E01000188,L10 and L11: Lower supervisory and technical occupations,18,19,-1
E01000188,L12: Semi-routine occupations,71,67,4
E01000188,L13: Routine occupations,27,32,-5
E01000188,L14.1 and L14.2: Never worked and long-term unemployed,77,39,38
E01000188,L15: Full-time students,107,100,7
E01000188,"L4, L5 and L6: Lower managerial, administrative and professional occupations",266,285,-19
E01000188,L7: Intermediate occupations,137,148,-11
E01000188,L8 and L9: Small employers and own account workers,196,197,-1
E01000189,"L1, L2 and L3: Higher managerial, administrative and professional occupations",389,70,319
E01000189,L10 and L11: Lower supervisory and technical occupations,67,63,4
E01000189,L12: Semi-routine occupations,177,191,-14
E01000189,L13: Routine occupations,130,138,-8
E01000189,L14.1 and L14.2: Never worked and long-term unemployed,236,208,28
E01000189,L15: Full-time students,157,191,-34
E01000189,"L4, L5 and L6: Lower managerial, administrative and professional occupations",401,169,232
E01000189,L7: Intermediate occupations,154,128,26
E01000189,L8 and L9: Small employers and own account workers,187,90,97
E01000190,"L1, L2 and L3: Higher managerial, administrative and professional occupations",287,205,82
E01000190,L10 and L11: Lower supervisory and technical occupations,35,19,16
E01000190,L12: Semi-routine occupations,82,72,10
E01000190,L13: Routine occupations,59,41,18
E01000190,L14.1 and L14.2: Never worked and long-term unemployed,112,72,40
E01000190,L15: Full-time students,114,119,-5
E01000190,"L4, L5 and L6: Lower managerial, administrative and professional occupations",287,271,16
E01000190,L7: Intermediate occupations,159,132,27
E01000190,L8 and L9: Small employers and own account workers,212,152,60
E01000191,"L1, L2 and L3: Higher managerial, administrative and professional occupations",260,220,40
E01000191,L10 and L11: Lower supervisory and technical occupations,24,23,1
E01000191,L12: Semi-routine occupations,78,54,24
E01000191,L13: Routine occupations,36,35,1
E01000191,L14.1 and L14.2: Never worked and long-term unemployed,110,55,55
E01000191,L15: Full-time students,110,96,14
E01000191,"L4, L5 and L6: Lower managerial, administrative and professional occupations",245,280,-35
E01000191,L7: Intermediate occupations,157,158,-1
E01000191,L8 and L9: Small employers and own account workers,178,135,43
E01000192,"L1, L2 and L3: Higher managerial, administrative and professional occupations",260,213,47
E01000192,L10 and L11: Lower supervisory and technical occupations,58,55,3
E01000192,L12: Semi-routine occupations,121,120,1
E01000192,L13: Routine occupations,97,56,41
E01000192,L14.1 and L14.2: Never worked and long-term unemployed,128,85,43
E01000192,L15: Full-time students,111,135,-24
E01000192,"L4, L5 and L6: Lower managerial, administrative and professional occupations",300,272,28
E01000192,L7: Intermediate occupations,181,165,16
E01000192,L8 and L9: Small employers and own account workers,289,191,98
E01000193,"L1, L2 and L3: Higher managerial, administrative and professional occupations",265,195,70
E01000193,L10 and L11: Lower supervisory and technical occupations,46,31,15
E01000193,L12: Semi-routine occupations,124,94,30
E01000193,L13: Routine occupations,98,67,31
E01000193,L14.1 and L14.2: Never worked and long-term unemployed,165,71,94
E01000193,L15: Full-time students,149,171,-22
E01000193,"L4, L5 and L6: Lower managerial, administrative and professional occupations",267,276,-9
E01000193,L7: Intermediate occupations,156,154,2
E01000193,L8 and L9: Small employers and own account workers,322,176,146
E01000194,"L1, L2 and L3: Higher managerial, administrative and professional occupations",158,127,31
E01000194,L10 and L11: Lower supervisory and technical occupations,46,49,-3
E01000194,L12: Semi-routine occupations,139,133,6
E01000194,L13: Routine occupations,122,95,27
E01000194,L14.1 and L14.2: Never worked and long-term unemployed,181,115,66
E01000194,L15: Full-time students,140,140,0
E01000194,"L4, L5 and L6: Lower managerial, administrative and professional occupations",250,249,1
E01000194,L7: Intermediate occupations,176,139,37
E01000194,L8 and L9: Small employers and own account workers,239,183,56
E01000195,"L1, L2 and L3: Higher managerial, administrative and professional occupations",128,113,15
E01000195,L10 and L11: Lower supervisory and technical occupations,61,74,-13
E01000195,L12: Semi-routine occupations,144,169,-25
E01000195,L13: Routine occupations,154,121,33
E01000195,L14.1 and L14.2: Never worked and long-term unemployed,215,158,57
E01000195,L15: Full-time students,164,144,20
E01000195,"L4, L5 and L6: Lower managerial, administrative and professional occupations",251,216,35
E01000195,L7: Intermediate occupations,137,137,0
E01000195,L8 and L9: Small employers and own account workers,270,144,126
E01000196,"L1, L2 and L3: Higher managerial, administrative and professional occupations",361,218,143
E01000196,L10 and L11: Lower supervisory and technical occupations,60,46,14
E01000196,L12: Semi-routine occupations,109,120,-11
E01000196,L13: Routine occupations,131,72,59
E01000196,L14.1 and L14.2: Never worked and long-term unemployed,237,95,142
E01000196,L15: Full-time students,98,138,-40
E01000196,"L4, L5 and L6: Lower managerial, administrative and professional occupations",393,409,-16
E01000196,L7: Intermediate occupations,137,141,-4
E01000196,L8 and L9: Small employers and own account workers,296,184,112
E01000197,"L1, L2 and L3: Higher managerial, administrative and professional occupations",327,231,96
E01000197,L10 and L11: Lower supervisory and technical occupations,68,44,24
E01000197,L12: Semi-routine occupations,86,130,-44
E01000197,L13: Routine occupations,92,86,6
E01000197,L14.1 and L14.2: Never worked and long-term unemployed,122,81,41
E01000197,L15: Full-time students,87,139,-52
E01000197,"L4, L5 and L6: Lower managerial, administrative and professional occupations",345,355,-10
E01000197,L7: Intermediate occupations,145,175,-30
E01000197,L8 and L9: Small employers and own account workers,221,187,34
E01000198,"L1, L2 and L3: Higher managerial, administrative and professional occupations",339,262,77
E01000198,L10 and L11: Lower supervisory and technical occupations,42,25,17
E01000198,L12: Semi-routine occupations,92,91,1
E01000198,L13: Routine occupations,61,43,18
E01000198,L14.1 and L14.2: Never worked and long-term unemployed,157,72,85
E01000198,L15: Full-time students,145,140,5
E01000198,"L4, L5 and L6: Lower managerial, administrative and professional occupations",370,341,29
E01000198,L7: Intermediate occupations,143,127,16
E01000198,L8 and L9: Small employers and own account workers,270,212,58
E01000199,"L1, L2 and L3: Higher managerial, administrative and professional occupations",385,258,127
E01000199,L10 and L11: Lower supervisory and technical occupations,17,18,-1
E01000199,L12: Semi-routine occupations,83,70,13
E01000199,L13: Routine occupations,40,29,11
E01000199,L14.1 and L14.2: Never worked and long-term unemployed,92,48,44
E01000199,L15: Full-time students,102,96,6
E01000199,"L4, L5 and L6: Lower managerial, administrative and professional occupations",289,330,-41
E01000199,L7: Intermediate occupations,114,129,-15
E01000199,L8 and L9: Small employers and own account workers,170,136,34
E01000200,"L1, L2 and L3: Higher managerial, administrative and professional occupations",415,297,118
E01000200,L10 and L11: Lower supervisory and technical occupations,43,24,19
E01000200,L12: Semi-routine occupations,96,90,6
E01000200,L13: Routine occupations,50,32,18
E01000200,L14.1 and L14.2: Never worked and long-term unemployed,183,72,111
E01000200,L15: Full-time students,111,147,-36
E01000200,"L4, L5 and L6: Lower managerial, administrative and professional occupations",333,319,14
E01000200,L7: Intermediate occupations,163,147,16
E01000200,L8 and L9: Small employers and own account workers,229,164,65
E01000201,"L1, L2 and L3: Higher managerial, administrative and professional occupations",326,235,91
E01000201,L10 and L11: Lower supervisory and technical occupations,13,7,6
E01000201,L12: Semi-routine occupations,61,57,4
E01000201,L13: Routine occupations,27,19,8
E01000201,L14.1 and L14.2: Never worked and long-term unemployed,117,87,30
E01000201,L15: Full-time students,104,156,-52
E01000201,"L4, L5 and L6: Lower managerial, administrative and professional occupations",251,271,-20
E01000201,L7: Intermediate occupations,104,87,17
E01000201,L8 and L9: Small employers and own account workers,230,184,46
E01000202,"L1, L2 and L3: Higher managerial, administrative and professional occupations",374,290,84
E01000202,L10 and L11: Lower supervisory and technical occupations,38,38,0
E01000202,L12: Semi-routine occupations,78,86,-8
E01000202,L13: Routine occupations,60,47,13
E01000202,L14.1 and L14.2: Never worked and long-term unemployed,93,46,47
E01000202,L15: Full-time students,105,141,-36
E01000202,"L4, L5 and L6: Lower managerial, administrative and professional occupations",289,366,-77
E01000202,L7: Intermediate occupations,106,103,3
E01000202,L8 and L9: Small employers and own account workers,212,148,64
E01000203,"L1, L2 and L3: Higher managerial, administrative and professional occupations",270,172,98
E01000203,L10 and L11: Lower supervisory and technical occupations,42,40,2
E01000203,L12: Semi-routine occupations,99,107,-8
E01000203,L13: Routine occupations,125,63,62
E01000203,L14.1 and L14.2: Never worked and long-term unemployed,206,116,90
E01000203,L15: Full-time students,135,227,-92
E01000203,"L4, L5 and L6: Lower managerial, administrative and professional occupations",247,246,1
E01000203,L7: Intermediate occupations,129,111,18
E01000203,L8 and L9: Small employers and own account workers,222,145,77
E01000204,"L1, L2 and L3: Higher managerial, administrative and professional occupations",396,296,100
E01000204,L10 and L11: Lower supervisory and technical occupations,29,48,-19
E01000204,L12: Semi-routine occupations,76,100,-24
E01000204,L13: Routine occupations,46,52,-6
E01000204,L14.1 and L14.2: Never worked and long-term unemployed,113,68,45
E01000204,L15: Full-time students,102,117,-15
E01000204,"L4, L5 and L6: Lower managerial, administrative and professional occupations",325,355,-30
E01000204,L7: Intermediate occupations,144,128,16
E01000204,L8 and L9: Small employers and own account workers,157,147,10
E01000205,"L1, L2 and L3: Higher managerial, administrative and professional occupations",390,274,116
E01000205,L10 and L11: Lower supervisory and technical occupations,7,16,-9
E01000205,L12: Semi-routine occupations,39,51,-12
E01000205,L13: Routine occupations,23,29,-6
E01000205,L14.1 and L14.2: Never worked and long-term unemployed,72,30,42
E01000205,L15: Full-time students,71,76,-5
E01000205,"L4, L5 and L6: Lower managerial, administrative and professional occupations",297,353,-56
E01000205,L7: Intermediate occupations,105,97,8
E01000205,L8 and L9: Small employers and own account workers,159,138,21
E01000206,"L1, L2 and L3: Higher managerial, administrative and professional occupations",350,260,90
E01000206,L10 and L11: Lower supervisory and technical occupations,25,10,15
E01000206,L12: Semi-routine occupations,74,83,-9
E01000206,L13: Routine occupations,51,45,6
E01000206,L14.1 and L14.2: Never worked and long-term unemployed,105,68,37
E01000206,L15: Full-time students,117,120,-3
E01000206,"L4, L5 and L6: Lower managerial, administrative and professional occupations",262,273,-11
E01000206,L7: Intermediate occupations,84,76,8
E01000206,L8 and L9: Small employers and own account workers,168,134,34
E01000207,"L1, L2 and L3: Higher managerial, administrative and professional occupations",399,282,117
E01000207,L10 and L11: Lower supervisory and technical occupations,23,31,-8
E01000207,L12: Semi-routine occupations,65,64,1
E01000207,L13: Routine occupations,32,41,-9
E01000207,L14.1 and L14.2: Never worked and long-term unemployed,95,44,51
E01000207,L15: Full-time students,83,108,-25
E01000207,"L4, L5 and L6: Lower managerial, administrative and professional occupations",286,303,-17
E01000207,L7: Intermediate occupations,106,85,21
E01000207,L8 and L9: Small employers and own account workers,168,149,19
E01000208,"L1, L2 and L3: Higher managerial, administrative and professional occupations",441,305,136
E01000208,L10 and L11: Lower supervisory and technical occupations,22,19,3
E01000208,L12: Semi-routine occupations,48,53,-5
E01000208,L13: Routine occupations,34,32,2
E01000208,L14.1 and L14.2: Never worked and long-term unemployed,85,54,31
E01000208,L15: Full-time students,90,97,-7
E01000208,"L4, L5 and L6: Lower managerial, administrative and professional occupations",290,341,-51
E01000208,L7: Intermediate occupations,99,109,-10
E01000208,L8 and L9: Small employers and own account workers,197,131,66
E01000209,"L1, L2 and L3: Higher managerial, administrative and professional occupations",414,287,127
E01000209,L10 and L11: Lower supervisory and technical occupations,14,13,1
E01000209,L12: Semi-routine occupations,68,40,28
E01000209,L13: Routine occupations,26,18,8
E01000209,L14.1 and L14.2: Never worked and long-term unemployed,55,32,23
E01000209,L15: Full-time students,64,69,-5
E01000209,"L4, L5 and L6: Lower managerial, administrative and professional occupations",326,376,-50
E01000209,L7: Intermediate occupations,109,96,13
E01000209,L8 and L9: Small employers and own account workers,161,133,28
E01000210,"L1, L2 and L3: Higher managerial, administrative and professional occupations",374,279,95
E01000210,L10 and L11: Lower supervisory and technical occupations,29,20,9
E01000210,L12: Semi-routine occupations,42,45,-3
E01000210,L13: Routine occupations,21,35,-14
E01000210,L14.1 and L14.2: Never worked and long-term unemployed,75,43,32
E01000210,L15: Full-time students,92,82,10
E01000210,"L4, L5 and L6: Lower managerial, administrative and professional occupations",285,332,-47
E01000210,L7: Intermediate occupations,88,104,-16
E01000210,L8 and L9: Small employers and own account workers,164,131,33
E01000211,"L1, L2 and L3: Higher managerial, administrative and professional occupations",322,225,97
E01000211,L10 and L11: Lower supervisory and technical occupations,58,73,-15
E01000211,L12: Semi-routine occupations,132,146,-14
E01000211,L13: Routine occupations,123,88,35
E01000211,L14.1 and L14.2: Never worked and long-term unemployed,208,101,107
E01000211,L15: Full-time students,162,181,-19
E01000211,"L4, L5 and L6: Lower managerial, administrative and professional occupations",322,406,-84
E01000211,L7: Intermediate occupations,155,164,-9
E01000211,L8 and L9: Small employers and own account workers,240,184,56
E01000212,"L1, L2 and L3: Higher managerial, administrative and professional occupations",335,344,-9
E01000212,L10 and L11: Lower supervisory and technical occupations,22,35,-13
E01000212,L12: Semi-routine occupations,74,53,21
E01000212,L13: Routine occupations,48,34,14
E01000212,L14.1 and L14.2: Never worked and long-term unemployed,66,55,11
E01000212,L15: Full-time students,79,124,-45
E01000212,"L4, L5 and L6: Lower managerial, administrative and professional occupations",235,420,-185
E01000212,L7: Intermediate occupations,96,118,-22
E01000212,L8 and L9: Small employers and own account workers,155,151,4
E01000213,"L1, L2 and L3: Higher managerial, administrative and professional occupations",347,259,88
E01000213,L10 and L11: Lower supervisory and technical occupations,12,11,1
E01000213,L12: Semi-routine occupations,29,38,-9
E01000213,L13: Routine occupations,37,30,7
E01000213,L14.1 and L14.2: Never worked and long-term unemployed,54,45,9
E01000213,L15: Full-time students,112,101,11
E01000213,"L4, L5 and L6: Lower managerial, administrative and professional occupations",207,280,-73
E01000213,L7: Intermediate occupations,77,89,-12
E01000213,L8 and L9: Small employers and own account workers,156,104,52
E01000214,"L1, L2 and L3: Higher managerial, administrative and professional occupations",430,260,170
E01000214,L10 and L11: Lower supervisory and technical occupations,29,25,4
E01000214,L12: Semi-routine occupations,57,47,10
E01000214,L13: Routine occupations,51,22,29
E01000214,L14.1 and L14.2: Never worked and long-term unemployed,77,35,42
E01000214,L15: Full-time students,130,112,18
E01000214,"L4, L5 and L6: Lower managerial, administrative and professional occupations",346,309,37
E01000214,L7: Intermediate occupations,84,95,-11
E01000214,L8 and L9: Small employers and own account workers,183,96,87
E01000215,"L1, L2 and L3: Higher managerial, administrative and professional occupations",268,214,54
E01000215,L10 and L11: Lower supervisory and technical occupations,42,35,7
E01000215,L12: Semi-routine occupations,89,102,-13
E01000215,L13: Routine occupations,45,42,3
E01000215,L14.1 and L14.2: Never worked and long-term unemployed,170,108,62
E01000215,L15: Full-time students,153,153,0
E01000215,"L4, L5 and L6: Lower managerial, administrative and professional occupations",291,271,20
E01000215,L7: Intermediate occupations,206,145,61
E01000215,L8 and L9: Small employers and own account workers,163,181,-18
E01000216,"L1, L2 and L3: Higher managerial, administrative and professional occupations",342,257,85
E01000216,L10 and L11: Lower supervisory and technical occupations,26,37,-11
E01000216,L12: Semi-routine occupations,71,90,-19
E01000216,L13: Routine occupations,63,57,6
E01000216,L14.1 and L14.2: Never worked and long-term unemployed,134,93,41
E01000216,L15: Full-time students,195,119,76
E01000216,"L4, L5 and L6: Lower managerial, administrative and professional occupations",315,368,-53
E01000216,L7: Intermediate occupations,160,130,30
E01000216,L8 and L9: Small employers and own account workers,162,143,19
E01000217,"L1, L2 and L3: Higher managerial, administrative and professional occupations",262,199,63
E01000217,L10 and L11: Lower supervisory and technical occupations,22,29,-7
E01000217,L12: Semi-routine occupations,72,82,-10
E01000217,L13: Routine occupations,52,36,16
E01000217,L14.1 and L14.2: Never worked and long-term unemployed,120,105,15
E01000217,L15: Full-time students,98,127,-29
E01000217,"L4, L5 and L6: Lower managerial, administrative and professional occupations",273,260,13
E01000217,L7: Intermediate occupations,165,130,35
E01000217,L8 and L9: Small employers and own account workers,180,182,-2
E01000218,"L1, L2 and L3: Higher managerial, administrative and professional occupations",211,181,30
E01000218,L10 and L11: Lower supervisory and technical occupations,34,35,-1
E01000218,L12: Semi-routine occupations,84,88,-4
E01000218,L13: Routine occupations,58,45,13
E01000218,L14.1 and L14.2: Never worked and long-term unemployed,132,106,26
E01000218,L15: Full-time students,134,155,-21
E01000218,"L4, L5 and L6: Lower managerial, administrative and professional occupations",269,304,-35
E01000218,L7: Intermediate occupations,185,152,33
E01000218,L8 and L9: Small employers and own account workers,191,137,54
E01000219,"L1, L2 and L3: Higher managerial, administrative and professional occupations",196,143,53
E01000219,L10 and L11: Lower supervisory and technical occupations,71,75,-4
E01000219,L12: Semi-routine occupations,141,105,36
E01000219,L13: Routine occupations,120,83,37
E01000219,L14.1 and L14.2: Never worked and long-term unemployed,144,103,41
E01000219,L15: Full-time students,117,161,-44
E01000219,"L4, L5 and L6: Lower managerial, administrative and professional occupations",309,277,32
E01000219,L7: Intermediate occupations,184,140,44
E01000219,L8 and L9: Small employers and own account workers,191,192,-1
E01000220,"L1, L2 and L3: Higher managerial, administrative and professional occupations",194,157,37
E01000220,L10 and L11: Lower supervisory and technical occupations,53,52,1
E01000220,L12: Semi-routine occupations,127,114,13
E01000220,L13: Routine occupations,72,72,0
E01000220,L14.1 and L14.2: Never worked and long-term unemployed,176,123,53
E01000220,L15: Full-time students,105,141,-36
E01000220,"L4, L5 and L6: Lower managerial, administrative and professional occupations",270,290,-20
E01000220,L7: Intermediate occupations,170,119,51
E01000220,L8 and L9: Small employers and own account workers,204,167,37
E01000221,"L1, L2 and L3: Higher managerial, administrative and professional occupations",65,60,5
E01000221,L10 and L11: Lower supervisory and technical occupations,37,40,-3
E01000221,L12: Semi-routine occupations,103,104,-1
E01000221,L13: Routine occupations,108,85,23
E01000221,L14.1 and L14.2: Never worked and long-term unemployed,210,125,85
E01000221,L15: Full-time students,123,121,2
E01000221,"L4, L5 and L6: Lower managerial, administrative and professional occupations",144,144,0
E01000221,L7: Intermediate occupations,114,95,19
E01000221,L8 and L9: Small employers and own account workers,134,104,30
E01000222,"L1, L2 and L3: Higher managerial, administrative and professional occupations",212,85,127
E01000222,L10 and L11: Lower supervisory and technical occupations,63,63,0
E01000222,L12: Semi-routine occupations,124,123,1
E01000222,L13: Routine occupations,151,91,60
E01000222,L14.1 and L14.2: Never worked and long-term unemployed,227,142,85
E01000222,L15: Full-time students,194,149,45
E01000222,"L4, L5 and L6: Lower managerial, administrative and professional occupations",254,207,47
E01000222,L7: Intermediate occupations,139,112,27
E01000222,L8 and L9: Small employers and own account workers,252,156,96
E01000223,"L1, L2 and L3: Higher managerial, administrative and professional occupations",137,63,74
E01000223,L10 and L11: Lower supervisory and technical occupations,71,52,19
E01000223,L12: Semi-routine occupations,136,129,7
E01000223,L13: Routine occupations,147,82,65
E01000223,L14.1 and L14.2: Never worked and long-term unemployed,244,114,130
E01000223,L15: Full-time students,155,104,51
E01000223,"L4, L5 and L6: Lower managerial, administrative and professional occupations",272,162,110
E01000223,L7: Intermediate occupations,136,90,46
E01000223,L8 and L9: Small employers and own account workers,231,126,105
E01000224,"L1, L2 and L3: Higher managerial, administrative and professional occupations",173,93,80
E01000224,L10 and L11: Lower supervisory and technical occupations,38,53,-15
E01000224,L12: Semi-routine occupations,103,113,-10
E01000224,L13: Routine occupations,87,87,0
E01000224,L14.1 and L14.2: Never worked and long-term unemployed,200,131,69
E01000224,L15: Full-time students,143,149,-6
E01000224,"L4, L5 and L6: Lower managerial, administrative and professional occupations",228,219,9
E01000224,L7: Intermediate occupations,118,110,8
E01000224,L8 and L9: Small employers and own account workers,237,175,62
E01000225,"L1, L2 and L3: Higher managerial, administrative and professional occupations",216,170,46
E01000225,L10 and L11: Lower supervisory and technical occupations,26,20,6
E01000225,L12: Semi-routine occupations,80,50,30
E01000225,L13: Routine occupations,29,21,8
E01000225,L14.1 and L14.2: Never worked and long-term unemployed,118,79,39
E01000225,L15: Full-time students,147,125,22
E01000225,"L4, L5 and L6: Lower managerial, administrative and professional occupations",265,264,1
E01000225,L7: Intermediate occupations,150,135,15
E01000225,L8 and L9: Small employers and own account workers,210,116,94
E01000226,"L1, L2 and L3: Higher managerial, administrative and professional occupations",101,74,27
E01000226,L10 and L11: Lower supervisory and technical occupations,73,72,1
E01000226,L12: Semi-routine occupations,136,188,-52
E01000226,L13: Routine occupations,157,148,9
E01000226,L14.1 and L14.2: Never worked and long-term unemployed,188,137,51
E01000226,L15: Full-time students,158,152,6
E01000226,"L4, L5 and L6: Lower managerial, administrative and professional occupations",205,156,49
E01000226,L7: Intermediate occupations,141,120,21
E01000226,L8 and L9: Small employers and own account workers,206,165,41
E01000227,"L1, L2 and L3: Higher managerial, administrative and professional occupations",249,183,66
E01000227,L10 and L11: Lower supervisory and technical occupations,44,49,-5
E01000227,L12: Semi-routine occupations,122,114,8
E01000227,L13: Routine occupations,96,67,29
E01000227,L14.1 and L14.2: Never worked and long-term unemployed,119,65,54
E01000227,L15: Full-time students,122,126,-4
E01000227,"L4, L5 and L6: Lower managerial, administrative and professional occupations",323,326,-3
E01000227,L7: Intermediate occupations,187,176,11
E01000227,L8 and L9: Small employers and own account workers,232,179,53
E01000228,"L1, L2 and L3: Higher managerial, administrative and professional occupations",211,157,54
E01000228,L10 and L11: Lower supervisory and technical occupations,35,32,3
E01000228,L12: Semi-routine occupations,83,83,0
E01000228,L13: Routine occupations,59,42,17
E01000228,L14.1 and L14.2: Never worked and long-term unemployed,98,47,51
E01000228,L15: Full-time students,104,120,-16
E01000228,"L4, L5 and L6: Lower managerial, administrative and professional occupations",242,264,-22
E01000228,L7: Intermediate occupations,112,117,-5
E01000228,L8 and L9: Small employers and own account workers,193,149,44
E01000229,"L1, L2 and L3: Higher managerial, administrative and professional occupations",155,93,62
E01000229,L10 and L11: Lower supervisory and technical occupations,50,71,-21
E01000229,L12: Semi-routine occupations,127,142,-15
E01000229,L13: Routine occupations,114,83,31
E01000229,L14.1 and L14.2: Never worked and long-term unemployed,134,117,17
E01000229,L15: Full-time students,100,122,-22
E01000229,"L4, L5 and L6: Lower managerial, administrative and professional occupations",237,225,12
E01000229,L7: Intermediate occupations,162,175,-13
E01000229,L8 and L9: Small employers and own account workers,204,163,41
E01000230,"L1, L2 and L3: Higher managerial, administrative and professional occupations",258,185,73
E01000230,L10 and L11: Lower supervisory and technical occupations,35,33,2
E01000230,L12: Semi-routine occupations,113,110,3
E01000230,L13: Routine occupations,72,40,32
E01000230,L14.1 and L14.2: Never worked and long-term unemployed,134,70,64
E01000230,L15: Full-time students,90,112,-22
E01000230,"L4, L5 and L6: Lower managerial, administrative and professional occupations",323,293,30
E01000230,L7: Intermediate occupations,194,184,10
E01000230,L8 and L9: Small employers and own account workers,217,179,38
E01000231,"L1, L2 and L3: Higher managerial, administrative and professional occupations",209,187,22
E01000231,L10 and L11: Lower supervisory and technical occupations,49,47,2
E01000231,L12: Semi-routine occupations,115,116,-1
E01000231,L13: Routine occupations,82,73,9
E01000231,L14.1 and L14.2: Never worked and long-term unemployed,138,75,63
E01000231,L15: Full-time students,134,146,-12
E01000231,"L4, L5 and L6: Lower managerial, administrative and professional occupations",286,294,-8
E01000231,L7: Intermediate occupations,176,179,-3
E01000231,L8 and L9: Small employers and own account workers,212,177,35
E01000232,"L1, L2 and L3: Higher managerial, administrative and professional occupations",303,207,96
E01000232,L10 and L11: Lower supervisory and technical occupations,36,36,0
E01000232,L12: Semi-routine occupations,114,93,21
E01000232,L13: Routine occupations,58,44,14
E01000232,L14.1 and L14.2: Never worked and long-term unemployed,150,110,40
E01000232,L15: Full-time students,106,113,-7
E01000232,"L4, L5 and L6: Lower managerial, administrative and professional occupations",335,334,1
E01000232,L7: Intermediate occupations,151,176,-25
E01000232,L8 and L9: Small employers and own account workers,233,191,42
E01000233,"L1, L2 and L3: Higher managerial, administrative and professional occupations",277,240,37
E01000233,L10 and L11: Lower supervisory and technical occupations,53,57,-4
E01000233,L12: Semi-routine occupations,122,103,19
E01000233,L13: Routine occupations,88,62,26
E01000233,L14.1 and L14.2: Never worked and long-term unemployed,114,65,49
E01000233,L15: Full-time students,107,135,-28
E01000233,"L4, L5 and L6: Lower managerial, administrative and professional occupations",355,333,22
E01000233,L7: Intermediate occupations,155,151,4
E01000233,L8 and L9: Small employers and own account workers,247,166,81
E01000234,"L1, L2 and L3: Higher managerial, administrative and professional occupations",350,220,130
E01000234,L10 and L11: Lower supervisory and technical occupations,25,34,-9
E01000234,L12: Semi-routine occupations,73,100,-27
E01000234,L13: Routine occupations,72,61,11
E01000234,L14.1 and L14.2: Never worked and long-term unemployed,72,84,-12
E01000234,L15: Full-time students,82,96,-14
E01000234,"L4, L5 and L6: Lower managerial, administrative and professional occupations",331,335,-4
E01000234,L7: Intermediate occupations,146,157,-11
E01000234,L8 and L9: Small employers and own account workers,213,152,61
E01000235,"L1, L2 and L3: Higher managerial, administrative and professional occupations",188,118,70
E01000235,L10 and L11: Lower supervisory and technical occupations,52,52,0
E01000235,L12: Semi-routine occupations,143,138,5
E01000235,L13: Routine occupations,158,111,47
E01000235,L14.1 and L14.2: Never worked and long-term unemployed,148,123,25
E01000235,L15: Full-time students,197,163,34
E01000235,"L4, L5 and L6: Lower managerial, administrative and professional occupations",262,222,40
E01000235,L7: Intermediate occupations,150,138,12
E01000235,L8 and L9: Small employers and own account workers,205,127,78
E01000236,"L1, L2 and L3: Higher managerial, administrative and professional occupations",244,222,22
E01000236,L10 and L11: Lower supervisory and technical occupations,28,28,0
E01000236,L12: Semi-routine occupations,87,77,10
E01000236,L13: Routine occupations,61,38,23
E01000236,L14.1 and L14.2: Never worked and long-term unemployed,151,89,62
E01000236,L15: Full-time students,165,176,-11
E01000236,"L4, L5 and L6: Lower managerial, administrative and professional occupations",308,298,10
E01000236,L7: Intermediate occupations,144,147,-3
E01000236,L8 and L9: Small employers and own account workers,207,138,69
E01000237,"L1, L2 and L3: Higher managerial, administrative and professional occupations",274,226,48
E01000237,L10 and L11: Lower supervisory and technical occupations,70,57,13
E01000237,L12: Semi-routine occupations,119,95,24
E01000237,L13: Routine occupations,107,77,30
E01000237,L14.1 and L14.2: Never worked and long-term unemployed,135,77,58
E01000237,L15: Full-time students,244,309,-65
E01000237,"L4, L5 and L6: Lower managerial, administrative and professional occupations",306,332,-26
E01000237,L7: Intermediate occupations,129,151,-22
E01000237,L8 and L9: Small employers and own account workers,274,230,44
E01000238,"L1, L2 and L3: Higher managerial, administrative and professional occupations",203,149,54
E01000238,L10 and L11: Lower supervisory and technical occupations,43,34,9
E01000238,L12: Semi-routine occupations,96,111,-15
E01000238,L13: Routine occupations,122,72,50
E01000238,L14.1 and L14.2: Never worked and long-term unemployed,118,101,17
E01000238,L15: Full-time students,236,194,42
E01000238,"L4, L5 and L6: Lower managerial, administrative and professional occupations",277,295,-18
E01000238,L7: Intermediate occupations,160,169,-9
E01000238,L8 and L9: Small employers and own account workers,262,194,68
E01000239,"L1, L2 and L3: Higher managerial, administrative and professional occupations",245,220,25
E01000239,L10 and L11: Lower supervisory and technical occupations,68,62,6
E01000239,L12: Semi-routine occupations,145,124,21
E01000239,L13: Routine occupations,118,98,20
E01000239,L14.1 and L14.2: Never worked and long-term unemployed,208,124,84
E01000239,L15: Full-time students,216,232,-16
E01000239,"L4, L5 and L6: Lower managerial, administrative and professional occupations",312,333,-21
E01000239,L7: Intermediate occupations,141,163,-22
E01000239,L8 and L9: Small employers and own account workers,248,216,32
E01000240,"L1, L2 and L3: Higher managerial, administrative and professional occupations",213,151,62
E01000240,L10 and L11: Lower supervisory and technical occupations,54,48,6
E01000240,L12: Semi-routine occupations,110,118,-8
E01000240,L13: Routine occupations,107,63,44
E01000240,L14.1 and L14.2: Never worked and long-term unemployed,144,102,42
E01000240,L15: Full-time students,143,184,-41
E01000240,"L4, L5 and L6: Lower managerial, administrative and professional occupations",248,248,0
E01000240,L7: Intermediate occupations,122,128,-6
E01000240,L8 and L9: Small employers and own account workers,289,212,77
E01000241,"L1, L2 and L3: Higher managerial, administrative and professional occupations",309,242,67
E01000241,L10 and L11: Lower supervisory and technical occupations,29,41,-12
E01000241,L12: Semi-routine occupations,83,79,4
E01000241,L13: Routine occupations,71,55,16
E01000241,L14.1 and L14.2: Never worked and long-term unemployed,111,85,26
E01000241,L15: Full-time students,165,189,-24
E01000241,"L4, L5 and L6: Lower managerial, administrative and professional occupations",307,311,-4
E01000241,L7: Intermediate occupations,112,134,-22
E01000241,L8 and L9: Small employers and own account workers,244,203,41
E01000242,"L1, L2 and L3: Higher managerial, administrative and professional occupations",271,171,100
E01000242,L10 and L11: Lower supervisory and technical occupations,27,28,-1
E01000242,L12: Semi-routine occupations,84,95,-11
E01000242,L13: Routine occupations,48,59,-11
E01000242,L14.1 and L14.2: Never worked and long-term unemployed,112,68,44
E01000242,L15: Full-time students,130,144,-14
E01000242,"L4, L5 and L6: Lower managerial, administrative and professional occupations",249,272,-23
E01000242,L7: Intermediate occupations,116,104,12
E01000242,L8 and L9: Small employers and own account workers,175,134,41
E01000243,"L1, L2 and L3: Higher managerial, administrative and professional occupations",233,175,58
E01000243,L10 and L11: Lower supervisory and technical occupations,66,41,25
E01000243,L12: Semi-routine occupations,126,131,-5
E01000243,L13: Routine occupations,153,58,95
E01000243,L14.1 and L14.2: Never worked and long-term unemployed,126,82,44
E01000243,L15: Full-time students,254,316,-62
E01000243,"L4, L5 and L6: Lower managerial, administrative and professional occupations",337,314,23
E01000243,L7: Intermediate occupations,171,136,35
E01000243,L8 and L9: Small employers and own account workers,273,190,83
E01000244,"L1, L2 and L3: Higher managerial, administrative and professional occupations",171,151,20
E01000244,L10 and L11: Lower supervisory and technical occupations,45,46,-1
E01000244,L12: Semi-routine occupations,101,99,2
E01000244,L13: Routine occupations,141,84,57
E01000244,L14.1 and L14.2: Never worked and long-term unemployed,108,70,38
E01000244,L15: Full-time students,273,387,-114
E01000244,"L4, L5 and L6: Lower managerial, administrative and professional occupations",224,228,-4
E01000244,L7: Intermediate occupations,110,112,-2
E01000244,L8 and L9: Small employers and own account workers,204,155,49
E01000245,"L1, L2 and L3: Higher managerial, administrative and professional occupations",165,140,25
E01000245,L10 and L11: Lower supervisory and technical occupations,72,60,12
E01000245,L12: Semi-routine occupations,178,208,-30
E01000245,L13: Routine occupations,189,158,31
E01000245,L14.1 and L14.2: Never worked and long-term unemployed,249,128,121
E01000245,L15: Full-time students,213,241,-28
E01000245,"L4, L5 and L6: Lower managerial, administrative and professional occupations",242,252,-10
E01000245,L7: Intermediate occupations,142,105,37
E01000245,L8 and L9: Small employers and own account workers,235,168,67
E01000246,"L1, L2 and L3: Higher managerial, administrative and professional occupations",317,199,118
E01000246,L10 and L11: Lower supervisory and technical occupations,42,36,6
E01000246,L12: Semi-routine occupations,73,72,1
E01000246,L13: Routine occupations,52,43,9
E01000246,L14.1 and L14.2: Never worked and long-term unemployed,59,52,7
E01000246,L15: Full-time students,63,76,-13
E01000246,"L4, L5 and L6: Lower managerial, administrative and professional occupations",345,319,26
E01000246,L7: Intermediate occupations,150,161,-11
E01000246,L8 and L9: Small employers and own account workers,152,135,17
E01000247,"L1, L2 and L3: Higher managerial, administrative and professional occupations",296,213,83
E01000247,L10 and L11: Lower supervisory and technical occupations,45,45,0
E01000247,L12: Semi-routine occupations,84,99,-15
E01000247,L13: Routine occupations,70,65,5
E01000247,L14.1 and L14.2: Never worked and long-term unemployed,85,55,30
E01000247,L15: Full-time students,84,101,-17
E01000247,"L4, L5 and L6: Lower managerial, administrative and professional occupations",382,391,-9
E01000247,L7: Intermediate occupations,152,194,-42
E01000247,L8 and L9: Small employers and own account workers,172,130,42
E01000248,"L1, L2 and L3: Higher managerial, administrative and professional occupations",354,231,123
E01000248,L10 and L11: Lower supervisory and technical occupations,46,47,-1
E01000248,L12: Semi-routine occupations,100,80,20
E01000248,L13: Routine occupations,85,32,53
E01000248,L14.1 and L14.2: Never worked and long-term unemployed,64,46,18
E01000248,L15: Full-time students,80,101,-21
E01000248,"L4, L5 and L6: Lower managerial, administrative and professional occupations",383,361,22
E01000248,L7: Intermediate occupations,110,140,-30
E01000248,L8 and L9: Small employers and own account workers,168,145,23
E01000249,"L1, L2 and L3: Higher managerial, administrative and professional occupations",363,214,149
E01000249,L10 and L11: Lower supervisory and technical occupations,36,37,-1
E01000249,L12: Semi-routine occupations,81,64,17
E01000249,L13: Routine occupations,48,36,12
E01000249,L14.1 and L14.2: Never worked and long-term unemployed,61,37,24
E01000249,L15: Full-time students,67,110,-43
E01000249,"L4, L5 and L6: Lower managerial, administrative and professional occupations",334,321,13
E01000249,L7: Intermediate occupations,154,155,-1
E01000249,L8 and L9: Small employers and own account workers,159,125,34
E01000250,"L1, L2 and L3: Higher managerial, administrative and professional occupations",409,246,163
E01000250,L10 and L11: Lower supervisory and technical occupations,67,80,-13
E01000250,L12: Semi-routine occupations,164,137,27
E01000250,L13: Routine occupations,138,73,65
E01000250,L14.1 and L14.2: Never worked and long-term unemployed,211,79,132
E01000250,L15: Full-time students,169,142,27
E01000250,"L4, L5 and L6: Lower managerial, administrative and professional occupations",548,449,99
E01000250,L7: Intermediate occupations,222,235,-13
E01000250,L8 and L9: Small employers and own account workers,248,193,55
E01000251,"L1, L2 and L3: Higher managerial, administrative and professional occupations",277,212,65
E01000251,L10 and L11: Lower supervisory and technical occupations,72,77,-5
E01000251,L12: Semi-routine occupations,154,155,-1
E01000251,L13: Routine occupations,109,85,24
E01000251,L14.1 and L14.2: Never worked and long-term unemployed,215,96,119
E01000251,L15: Full-time students,189,112,77
E01000251,"L4, L5 and L6: Lower managerial, administrative and professional occupations",380,378,2
E01000251,L7: Intermediate occupations,209,187,22
E01000251,L8 and L9: Small employers and own account workers,234,120,114
E01000252,"L1, L2 and L3: Higher managerial, administrative and professional occupations",279,192,87
E01000252,L10 and L11: Lower supervisory and technical occupations,73,38,35
E01000252,L12: Semi-routine occupations,88,100,-12
E01000252,L13: Routine occupations,80,64,16
E01000252,L14.1 and L14.2: Never worked and long-term unemployed,121,60,61
E01000252,L15: Full-time students,80,112,-32
E01000252,"L4, L5 and L6: Lower managerial, administrative and professional occupations",350,338,12
E01000252,L7: Intermediate occupations,162,153,9
E01000252,L8 and L9: Small employers and own account workers,187,123,64
E01000253,"L1, L2 and L3: Higher managerial, administrative and professional occupations",426,225,201
E01000253,L10 and L11: Lower supervisory and technical occupations,13,20,-7
E01000253,L12: Semi-routine occupations,54,76,-22
E01000253,L13: Routine occupations,24,29,-5
E01000253,L14.1 and L14.2: Never worked and long-term unemployed,130,68,62
E01000253,L15: Full-time students,111,102,9
E01000253,"L4, L5 and L6: Lower managerial, administrative and professional occupations",409,319,90
E01000253,L7: Intermediate occupations,165,128,37
E01000253,L8 and L9: Small employers and own account workers,260,216,44
E01000254,"L1, L2 and L3: Higher managerial, administrative and professional occupations",334,218,116
E01000254,L10 and L11: Lower supervisory and technical occupations,33,37,-4
E01000254,L12: Semi-routine occupations,74,69,5
E01000254,L13: Routine occupations,35,40,-5
E01000254,L14.1 and L14.2: Never worked and long-term unemployed,57,33,24
E01000254,L15: Full-time students,82,55,27
E01000254,"L4, L5 and L6: Lower managerial, administrative and professional occupations",400,360,40
E01000254,L7: Intermediate occupations,136,146,-10
E01000254,L8 and L9: Small employers and own account workers,157,124,33
E01000255,"L1, L2 and L3: Higher managerial, administrative and professional occupations",235,124,111
E01000255,L10 and L11: Lower supervisory and technical occupations,53,42,11
E01000255,L12: Semi-routine occupations,99,114,-15
E01000255,L13: Routine occupations,106,70,36
E01000255,L14.1 and L14.2: Never worked and long-term unemployed,151,95,56
E01000255,L15: Full-time students,160,140,20
E01000255,"L4, L5 and L6: Lower managerial, administrative and professional occupations",275,244,31
E01000255,L7: Intermediate occupations,124,111,13
E01000255,L8 and L9: Small employers and own account workers,172,141,31
E01000256,"L1, L2 and L3: Higher managerial, administrative and professional occupations",300,261,39
E01000256,L10 and L11: Lower supervisory and technical occupations,30,41,-11
E01000256,L12: Semi-routine occupations,98,107,-9
E01000256,L13: Routine occupations,97,54,43
E01000256,L14.1 and L14.2: Never worked and long-term unemployed,114,71,43
E01000256,L15: Full-time students,122,130,-8
E01000256,"L4, L5 and L6: Lower managerial, administrative and professional occupations",320,332,-12
E01000256,L7: Intermediate occupations,132,127,5
E01000256,L8 and L9: Small employers and own account workers,248,183,65
E01000257,"L1, L2 and L3: Higher managerial, administrative and professional occupations",307,123,184
E01000257,L10 and L11: Lower supervisory and technical occupations,53,50,3
E01000257,L12: Semi-routine occupations,147,150,-3
E01000257,L13: Routine occupations,132,76,56
E01000257,L14.1 and L14.2: Never worked and long-term unemployed,170,158,12
E01000257,L15: Full-time students,113,155,-42
E01000257,"L4, L5 and L6: Lower managerial, administrative and professional occupations",364,230,134
E01000257,L7: Intermediate occupations,175,124,51
E01000257,L8 and L9: Small employers and own account workers,207,186,21
E01000258,"L1, L2 and L3: Higher managerial, administrative and professional occupations",354,234,120
E01000258,L10 and L11: Lower supervisory and technical occupations,37,41,-4
E01000258,L12: Semi-routine occupations,98,87,11
E01000258,L13: Routine occupations,103,34,69
E01000258,L14.1 and L14.2: Never worked and long-term unemployed,114,35,79
E01000258,L15: Full-time students,94,111,-17
E01000258,"L4, L5 and L6: Lower managerial, administrative and professional occupations",373,356,17
E01000258,L7: Intermediate occupations,155,124,31
E01000258,L8 and L9: Small employers and own account workers,239,170,69
E01000259,"L1, L2 and L3: Higher managerial, administrative and professional occupations",445,311,134
E01000259,L10 and L11: Lower supervisory and technical occupations,51,65,-14
E01000259,L12: Semi-routine occupations,124,145,-21
E01000259,L13: Routine occupations,105,73,32
E01000259,L14.1 and L14.2: Never worked and long-term unemployed,193,119,74
E01000259,L15: Full-time students,190,203,-13
E01000259,"L4, L5 and L6: Lower managerial, administrative and professional occupations",459,480,-21
E01000259,L7: Intermediate occupations,238,245,-7
E01000259,L8 and L9: Small employers and own account workers,285,230,55
E01000260,"L1, L2 and L3: Higher managerial, administrative and professional occupations",295,218,77
E01000260,L10 and L11: Lower supervisory and technical occupations,45,58,-13
E01000260,L12: Semi-routine occupations,169,127,42
E01000260,L13: Routine occupations,109,73,36
E01000260,L14.1 and L14.2: Never worked and long-term unemployed,154,114,40
E01000260,L15: Full-time students,154,157,-3
E01000260,"L4, L5 and L6: Lower managerial, administrative and professional occupations",314,336,-22
E01000260,L7: Intermediate occupations,165,167,-2
E01000260,L8 and L9: Small employers and own account workers,292,195,97
E01000261,"L1, L2 and L3: Higher managerial, administrative and professional occupations",336,219,117
E01000261,L10 and L11: Lower supervisory and technical occupations,34,33,1
E01000261,L12: Semi-routine occupations,72,71,1
E01000261,L13: Routine occupations,45,27,18
E01000261,L14.1 and L14.2: Never worked and long-term unemployed,95,31,64
E01000261,L15: Full-time students,214,127,87
E01000261,"L4, L5 and L6: Lower managerial, administrative and professional occupations",324,300,24
E01000261,L7: Intermediate occupations,138,126,12
E01000261,L8 and L9: Small employers and own account workers,197,135,62
E01000263,"L1, L2 and L3: Higher managerial, administrative and professional occupations",365,244,121
E01000263,L10 and L11: Lower supervisory and technical occupations,15,16,-1
E01000263,L12: Semi-routine occupations,45,51,-6
E01000263,L13: Routine occupations,22,24,-2
E01000263,L14.1 and L14.2: Never worked and long-term unemployed,57,28,29
E01000263,L15: Full-time students,89,108,-19
E01000263,"L4, L5 and L6: Lower managerial, administrative and professional occupations",280,336,-56
E01000263,L7: Intermediate occupations,112,120,-8
E01000263,L8 and L9: Small employers and own account workers,184,137,47
E01000264,"L1, L2 and L3: Higher managerial, administrative and professional occupations",267,182,85
E01000264,L10 and L11: Lower supervisory and technical occupations,36,45,-9
E01000264,L12: Semi-routine occupations,113,89,24
E01000264,L13: Routine occupations,95,78,17
E01000264,L14.1 and L14.2: Never worked and long-term unemployed,121,106,15
E01000264,L15: Full-time students,126,131,-5
E01000264,"L4, L5 and L6: Lower managerial, administrative and professional occupations",329,278,51
E01000264,L7: Intermediate occupations,112,132,-20
E01000264,L8 and L9: Small employers and own account workers,257,187,70
E01000265,"L1, L2 and L3: Higher managerial, administrative and professional occupations",204,161,43
E01000265,L10 and L11: Lower supervisory and technical occupations,59,75,-16
E01000265,L12: Semi-routine occupations,148,171,-23
E01000265,L13: Routine occupations,131,84,47
E01000265,L14.1 and L14.2: Never worked and long-term unemployed,153,98,55
E01000265,L15: Full-time students,118,126,-8
E01000265,"L4, L5 and L6: Lower managerial, administrative and professional occupations",288,326,-38
E01000265,L7: Intermediate occupations,175,165,10
E01000265,L8 and L9: Small employers and own account workers,222,186,36
E01000266,"L1, L2 and L3: Higher managerial, administrative and professional occupations",339,209,130
E01000266,L10 and L11: Lower supervisory and technical occupations,25,34,-9
E01000266,L12: Semi-routine occupations,44,69,-25
E01000266,L13: Routine occupations,31,40,-9
E01000266,L14.1 and L14.2: Never worked and long-term unemployed,75,39,36
E01000266,L15: Full-time students,84,112,-28
E01000266,"L4, L5 and L6: Lower managerial, administrative and professional occupations",269,296,-27
E01000266,L7: Intermediate occupations,120,168,-48
E01000266,L8 and L9: Small employers and own account workers,187,157,30
E01000267,"L1, L2 and L3: Higher managerial, administrative and professional occupations",283,208,75
E01000267,L10 and L11: Lower supervisory and technical occupations,46,52,-6
E01000267,L12: Semi-routine occupations,111,99,12
E01000267,L13: Routine occupations,57,46,11
E01000267,L14.1 and L14.2: Never worked and long-term unemployed,71,50,21
E01000267,L15: Full-time students,85,119,-34
E01000267,"L4, L5 and L6: Lower managerial, administrative and professional occupations",298,295,3
E01000267,L7: Intermediate occupations,125,159,-34
E01000267,L8 and L9: Small employers and own account workers,170,124,46
E01000268,"L1, L2 and L3: Higher managerial, administrative and professional occupations",325,203,122
E01000268,L10 and L11: Lower supervisory and technical occupations,50,52,-2
E01000268,L12: Semi-routine occupations,138,96,42
E01000268,L13: Routine occupations,110,55,55
E01000268,L14.1 and L14.2: Never worked and long-term unemployed,182,93,89
E01000268,L15: Full-time students,123,100,23
E01000268,"L4, L5 and L6: Lower managerial, administrative and professional occupations",376,335,41
E01000268,L7: Intermediate occupations,164,185,-21
E01000268,L8 and L9: Small employers and own account workers,182,146,36
E01000269,"L1, L2 and L3: Higher managerial, administrative and professional occupations",228,148,80
E01000269,L10 and L11: Lower supervisory and technical occupations,36,49,-13
E01000269,L12: Semi-routine occupations,92,84,8
E01000269,L13: Routine occupations,63,63,0
E01000269,L14.1 and L14.2: Never worked and long-term unemployed,78,45,33
E01000269,L15: Full-time students,72,86,-14
E01000269,"L4, L5 and L6: Lower managerial, administrative and professional occupations",288,281,7
E01000269,L7: Intermediate occupations,133,152,-19
E01000269,L8 and L9: Small employers and own account workers,148,126,22
E01000270,"L1, L2 and L3: Higher managerial, administrative and professional occupations",267,208,59
E01000270,L10 and L11: Lower supervisory and technical occupations,30,34,-4
E01000270,L12: Semi-routine occupations,80,71,9
E01000270,L13: Routine occupations,55,52,3
E01000270,L14.1 and L14.2: Never worked and long-term unemployed,83,46,37
E01000270,L15: Full-time students,95,82,13
E01000270,"L4, L5 and L6: Lower managerial, administrative and professional occupations",337,317,20
E01000270,L7: Intermediate occupations,131,162,-31
E01000270,L8 and L9: Small employers and own account workers,185,117,68
E01000271,"L1, L2 and L3: Higher managerial, administrative and professional occupations",329,214,115
E01000271,L10 and L11: Lower supervisory and technical occupations,31,26,5
E01000271,L12: Semi-routine occupations,87,66,21
E01000271,L13: Routine occupations,71,43,28
E01000271,L14.1 and L14.2: Never worked and long-term unemployed,99,44,55
E01000271,L15: Full-time students,93,79,14
E01000271,"L4, L5 and L6: Lower managerial, administrative and professional occupations",296,277,19
E01000271,L7: Intermediate occupations,140,131,9
E01000271,L8 and L9: Small employers and own account workers,213,153,60
E01000272,"L1, L2 and L3: Higher managerial, administrative and professional occupations",349,219,130
E01000272,L10 and L11: Lower supervisory and technical occupations,18,12,6
E01000272,L12: Semi-routine occupations,52,56,-4
E01000272,L13: Routine occupations,30,17,13
E01000272,L14.1 and L14.2: Never worked and long-term unemployed,119,26,93
E01000272,L15: Full-time students,76,97,-21
E01000272,"L4, L5 and L6: Lower managerial, administrative and professional occupations",265,281,-16
E01000272,L7: Intermediate occupations,124,116,8
E01000272,L8 and L9: Small employers and own account workers,153,133,20
E01000273,"L1, L2 and L3: Higher managerial, administrative and professional occupations",305,198,107
E01000273,L10 and L11: Lower supervisory and technical occupations,45,46,-1
E01000273,L12: Semi-routine occupations,106,91,15
E01000273,L13: Routine occupations,92,69,23
E01000273,L14.1 and L14.2: Never worked and long-term unemployed,156,82,74
E01000273,L15: Full-time students,72,90,-18
E01000273,"L4, L5 and L6: Lower managerial, administrative and professional occupations",328,273,55
E01000273,L7: Intermediate occupations,144,143,1
E01000273,L8 and L9: Small employers and own account workers,159,112,47
E01000274,"L1, L2 and L3: Higher managerial, administrative and professional occupations",251,147,104
E01000274,L10 and L11: Lower supervisory and technical occupations,69,63,6
E01000274,L12: Semi-routine occupations,135,148,-13
E01000274,L13: Routine occupations,116,86,30
E01000274,L14.1 and L14.2: Never worked and long-term unemployed,130,87,43
E01000274,L15: Full-time students,148,129,19
E01000274,"L4, L5 and L6: Lower managerial, administrative and professional occupations",290,326,-36
E01000274,L7: Intermediate occupations,174,193,-19
E01000274,L8 and L9: Small employers and own account workers,210,154,56
E01000275,"L1, L2 and L3: Higher managerial, administrative and professional occupations",367,261,106
E01000275,L10 and L11: Lower supervisory and technical occupations,30,30,0
E01000275,L12: Semi-routine occupations,86,75,11
E01000275,L13: Routine occupations,71,45,26
E01000275,L14.1 and L14.2: Never worked and long-term unemployed,157,73,84
E01000275,L15: Full-time students,88,96,-8
E01000275,"L4, L5 and L6: Lower managerial, administrative and professional occupations",336,321,15
E01000275,L7: Intermediate occupations,146,156,-10
E01000275,L8 and L9: Small employers and own account workers,163,127,36
E01000276,"L1, L2 and L3: Higher managerial, administrative and professional occupations",336,252,84
E01000276,L10 and L11: Lower supervisory and technical occupations,18,24,-6
E01000276,L12: Semi-routine occupations,46,60,-14
E01000276,L13: Routine occupations,31,21,10
E01000276,L14.1 and L14.2: Never worked and long-term unemployed,83,49,34
E01000276,L15: Full-time students,96,100,-4
E01000276,"L4, L5 and L6: Lower managerial, administrative and professional occupations",278,290,-12
E01000276,L7: Intermediate occupations,117,133,-16
E01000276,L8 and L9: Small employers and own account workers,142,121,21
E01000277,"L1, L2 and L3: Higher managerial, administrative and professional occupations",300,193,107
E01000277,L10 and L11: Lower supervisory and technical occupations,31,47,-16
E01000277,L12: Semi-routine occupations,112,95,17
E01000277,L13: Routine occupations,95,49,46
E01000277,L14.1 and L14.2: Never worked and long-term unemployed,153,115,38
E01000277,L15: Full-time students,142,137,5
E01000277,"L4, L5 and L6: Lower managerial, administrative and professional occupations",282,277,5
E01000277,L7: Intermediate occupations,131,127,4
E01000277,L8 and L9: Small employers and own account workers,151,127,24
E01000278,"L1, L2 and L3: Higher managerial, administrative and professional occupations",371,257,114
E01000278,L10 and L11: Lower supervisory and technical occupations,18,15,3
E01000278,L12: Semi-routine occupations,43,48,-5
E01000278,L13: Routine occupations,33,24,9
E01000278,L14.1 and L14.2: Never worked and long-term unemployed,80,57,23
E01000278,L15: Full-time students,66,71,-5
E01000278,"L4, L5 and L6: Lower managerial, administrative and professional occupations",263,303,-40
E01000278,L7: Intermediate occupations,116,132,-16
E01000278,L8 and L9: Small employers and own account workers,121,114,7
E01000279,"L1, L2 and L3: Higher managerial, administrative and professional occupations",345,246,99
E01000279,L10 and L11: Lower supervisory and technical occupations,15,11,4
E01000279,L12: Semi-routine occupations,37,53,-16
E01000279,L13: Routine occupations,34,21,13
E01000279,L14.1 and L14.2: Never worked and long-term unemployed,74,50,24
E01000279,L15: Full-time students,96,109,-13
E01000279,"L4, L5 and L6: Lower managerial, administrative and professional occupations",230,282,-52
E01000279,L7: Intermediate occupations,118,111,7
E01000279,L8 and L9: Small employers and own account workers,201,156,45
E01000280,"L1, L2 and L3: Higher managerial, administrative and professional occupations",355,254,101
E01000280,L10 and L11: Lower supervisory and technical occupations,15,17,-2
E01000280,L12: Semi-routine occupations,38,50,-12
E01000280,L13: Routine occupations,23,30,-7
E01000280,L14.1 and L14.2: Never worked and long-term unemployed,58,32,26
E01000280,L15: Full-time students,70,88,-18
E01000280,"L4, L5 and L6: Lower managerial, administrative and professional occupations",260,298,-38
E01000280,L7: Intermediate occupations,120,115,5
E01000280,L8 and L9: Small employers and own account workers,171,138,33
E01000281,"L1, L2 and L3: Higher managerial, administrative and professional occupations",436,93,343
E01000281,L10 and L11: Lower supervisory and technical occupations,38,48,-10
E01000281,L12: Semi-routine occupations,69,96,-27
E01000281,L13: Routine occupations,62,53,9
E01000281,L14.1 and L14.2: Never worked and long-term unemployed,95,67,28
E01000281,L15: Full-time students,68,80,-12
E01000281,"L4, L5 and L6: Lower managerial, administrative and professional occupations",376,207,169
E01000281,L7: Intermediate occupations,120,100,20
E01000281,L8 and L9: Small employers and own account workers,137,91,46
E01000282,"L1, L2 and L3: Higher managerial, administrative and professional occupations",366,246,120
E01000282,L10 and L11: Lower supervisory and technical occupations,31,42,-11
E01000282,L12: Semi-routine occupations,78,79,-1
E01000282,L13: Routine occupations,67,40,27
E01000282,L14.1 and L14.2: Never worked and long-term unemployed,113,68,45
E01000282,L15: Full-time students,112,110,2
E01000282,"L4, L5 and L6: Lower managerial, administrative and professional occupations",344,336,8
E01000282,L7: Intermediate occupations,171,177,-6
E01000282,L8 and L9: Small employers and own account workers,172,120,52
E01000283,"L1, L2 and L3: Higher managerial, administrative and professional occupations",360,233,127
E01000283,L10 and L11: Lower supervisory and technical occupations,19,14,5
E01000283,L12: Semi-routine occupations,47,62,-15
E01000283,L13: Routine occupations,28,26,2
E01000283,L14.1 and L14.2: Never worked and long-term unemployed,65,37,28
E01000283,L15: Full-time students,66,89,-23
E01000283,"L4, L5 and L6: Lower managerial, administrative and professional occupations",223,300,-77
E01000283,L7: Intermediate occupations,106,118,-12
E01000283,L8 and L9: Small employers and own account workers,174,120,54
E01000284,"L1, L2 and L3: Higher managerial, administrative and professional occupations",258,201,57
E01000284,L10 and L11: Lower supervisory and technical occupations,54,56,-2
E01000284,L12: Semi-routine occupations,131,138,-7
E01000284,L13: Routine occupations,132,74,58
E01000284,L14.1 and L14.2: Never worked and long-term unemployed,167,88,79
E01000284,L15: Full-time students,95,106,-11
E01000284,"L4, L5 and L6: Lower managerial, administrative and professional occupations",314,308,6
E01000284,L7: Intermediate occupations,136,151,-15
E01000284,L8 and L9: Small employers and own account workers,215,119,96
E01000285,"L1, L2 and L3: Higher managerial, administrative and professional occupations",214,120,94
E01000285,L10 and L11: Lower supervisory and technical occupations,47,58,-11
E01000285,L12: Semi-routine occupations,118,137,-19
E01000285,L13: Routine occupations,91,82,9
E01000285,L14.1 and L14.2: Never worked and long-term unemployed,112,82,30
E01000285,L15: Full-time students,67,119,-52
E01000285,"L4, L5 and L6: Lower managerial, administrative and professional occupations",280,256,24
E01000285,L7: Intermediate occupations,138,142,-4
E01000285,L8 and L9: Small employers and own account workers,135,109,26
E01000286,"L1, L2 and L3: Higher managerial, administrative and professional occupations",186,118,68
E01000286,L10 and L11: Lower supervisory and technical occupations,66,68,-2
E01000286,L12: Semi-routine occupations,145,145,0
E01000286,L13: Routine occupations,131,107,24
E01000286,L14.1 and L14.2: Never worked and long-term unemployed,167,77,90
E01000286,L15: Full-time students,110,97,13
E01000286,"L4, L5 and L6: Lower managerial, administrative and professional occupations",284,223,61
E01000286,L7: Intermediate occupations,129,160,-31
E01000286,L8 and L9: Small employers and own account workers,151,114,37
E01000287,"L1, L2 and L3: Higher managerial, administrative and professional occupations",164,97,67
E01000287,L10 and L11: Lower supervisory and technical occupations,53,56,-3
E01000287,L12: Semi-routine occupations,120,156,-36
E01000287,L13: Routine occupations,136,100,36
E01000287,L14.1 and L14.2: Never worked and long-term unemployed,153,100,53
E01000287,L15: Full-time students,118,118,0
E01000287,"L4, L5 and L6: Lower managerial, administrative and professional occupations",239,240,-1
E01000287,L7: Intermediate occupations,152,150,2
E01000287,L8 and L9: Small employers and own account workers,167,129,38
E01000288,"L1, L2 and L3: Higher managerial, administrative and professional occupations",237,136,101
E01000288,L10 and L11: Lower supervisory and technical occupations,43,54,-11
E01000288,L12: Semi-routine occupations,96,142,-46
E01000288,L13: Routine occupations,93,77,16
E01000288,L14.1 and L14.2: Never worked and long-term unemployed,84,52,32
E01000288,L15: Full-time students,117,104,13
E01000288,"L4, L5 and L6: Lower managerial, administrative and professional occupations",299,258,41
E01000288,L7: Intermediate occupations,155,183,-28
E01000288,L8 and L9: Small employers and own account workers,132,118,14
E01000289,"L1, L2 and L3: Higher managerial, administrative and professional occupations",112,66,46
E01000289,L10 and L11: Lower supervisory and technical occupations,61,67,-6
E01000289,L12: Semi-routine occupations,167,209,-42
E01000289,L13: Routine occupations,162,167,-5
E01000289,L14.1 and L14.2: Never worked and long-term unemployed,164,160,4
E01000289,L15: Full-time students,148,179,-31
E01000289,"L4, L5 and L6: Lower managerial, administrative and professional occupations",168,172,-4
E01000289,L7: Intermediate occupations,127,134,-7
E01000289,L8 and L9: Small employers and own account workers,137,110,27
E01000290,"L1, L2 and L3: Higher managerial, administrative and professional occupations",228,110,118
E01000290,L10 and L11: Lower supervisory and technical occupations,64,64,0
E01000290,L12: Semi-routine occupations,132,134,-2
E01000290,L13: Routine occupations,102,78,24
E01000290,L14.1 and L14.2: Never worked and long-term unemployed,131,68,63
E01000290,L15: Full-time students,92,96,-4
E01000290,"L4, L5 and L6: Lower managerial, administrative and professional occupations",271,277,-6
E01000290,L7: Intermediate occupations,139,164,-25
E01000290,L8 and L9: Small employers and own account workers,196,122,74
E01000291,"L1, L2 and L3: Higher managerial, administrative and professional occupations",165,67,98
E01000291,L10 and L11: Lower supervisory and technical occupations,44,65,-21
E01000291,L12: Semi-routine occupations,146,158,-12
E01000291,L13: Routine occupations,122,102,20
E01000291,L14.1 and L14.2: Never worked and long-term unemployed,144,139,5
E01000291,L15: Full-time students,111,119,-8
E01000291,"L4, L5 and L6: Lower managerial, administrative and professional occupations",237,166,71
E01000291,L7: Intermediate occupations,113,134,-21
E01000291,L8 and L9: Small employers and own account workers,156,118,38
E01000292,"L1, L2 and L3: Higher managerial, administrative and professional occupations",272,155,117
E01000292,L10 and L11: Lower supervisory and technical occupations,38,44,-6
E01000292,L12: Semi-routine occupations,95,78,17
E01000292,L13: Routine occupations,68,56,12
E01000292,L14.1 and L14.2: Never worked and long-term unemployed,101,58,43
E01000292,L15: Full-time students,77,87,-10
E01000292,"L4, L5 and L6: Lower managerial, administrative and professional occupations",315,295,20
E01000292,L7: Intermediate occupations,152,146,6
E01000292,L8 and L9: Small employers and own account workers,157,130,27
E01000293,"L1, L2 and L3: Higher managerial, administrative and professional occupations",362,242,120
E01000293,L10 and L11: Lower supervisory and technical occupations,46,55,-9
E01000293,L12: Semi-routine occupations,93,86,7
E01000293,L13: Routine occupations,69,41,28
E01000293,L14.1 and L14.2: Never worked and long-term unemployed,62,44,18
E01000293,L15: Full-time students,105,140,-35
E01000293,"L4, L5 and L6: Lower managerial, administrative and professional occupations",396,381,15
E01000293,L7: Intermediate occupations,170,151,19
E01000293,L8 and L9: Small employers and own account workers,166,143,23
E01000294,"L1, L2 and L3: Higher managerial, administrative and professional occupations",273,167,106
E01000294,L10 and L11: Lower supervisory and technical occupations,58,58,0
E01000294,L12: Semi-routine occupations,118,97,21
E01000294,L13: Routine occupations,85,61,24
E01000294,L14.1 and L14.2: Never worked and long-term unemployed,119,72,47
E01000294,L15: Full-time students,95,93,2
E01000294,"L4, L5 and L6: Lower managerial, administrative and professional occupations",379,321,58
E01000294,L7: Intermediate occupations,157,157,0
E01000294,L8 and L9: Small employers and own account workers,199,106,93
E01000295,"L1, L2 and L3: Higher managerial, administrative and professional occupations",334,279,55
E01000295,L10 and L11: Lower supervisory and technical occupations,30,31,-1
E01000295,L12: Semi-routine occupations,82,84,-2
E01000295,L13: Routine occupations,64,53,11
E01000295,L14.1 and L14.2: Never worked and long-term unemployed,107,75,32
E01000295,L15: Full-time students,80,139,-59
E01000295,"L4, L5 and L6: Lower managerial, administrative and professional occupations",346,370,-24
E01000295,L7: Intermediate occupations,133,173,-40
E01000295,L8 and L9: Small employers and own account workers,165,126,39
E01000296,"L1, L2 and L3: Higher managerial, administrative and professional occupations",330,261,69
E01000296,L10 and L11: Lower supervisory and technical occupations,46,37,9
E01000296,L12: Semi-routine occupations,100,89,11
E01000296,L13: Routine occupations,91,59,32
E01000296,L14.1 and L14.2: Never worked and long-term unemployed,126,76,50
E01000296,L15: Full-time students,96,128,-32
E01000296,"L4, L5 and L6: Lower managerial, administrative and professional occupations",353,375,-22
E01000296,L7: Intermediate occupations,129,156,-27
E01000296,L8 and L9: Small employers and own account workers,195,157,38
E01000297,"L1, L2 and L3: Higher managerial, administrative and professional occupations",233,180,53
E01000297,L10 and L11: Lower supervisory and technical occupations,49,53,-4
E01000297,L12: Semi-routine occupations,97,121,-24
E01000297,L13: Routine occupations,101,77,24
E01000297,L14.1 and L14.2: Never worked and long-term unemployed,109,63,46
E01000297,L15: Full-time students,79,100,-21
E01000297,"L4, L5 and L6: Lower managerial, administrative and professional occupations",241,275,-34
E01000297,L7: Intermediate occupations,107,123,-16
E01000297,L8 and L9: Small employers and own account workers,150,152,-2
E01000298,"L1, L2 and L3: Higher managerial, administrative and professional occupations",322,246,76
E01000298,L10 and L11: Lower supervisory and technical occupations,43,58,-15
E01000298,L12: Semi-routine occupations,83,83,0
E01000298,L13: Routine occupations,96,74,22
E01000298,L14.1 and L14.2: Never worked and long-term unemployed,116,82,34
E01000298,L15: Full-time students,110,142,-32
E01000298,"L4, L5 and L6: Lower managerial, administrative and professional occupations",327,384,-57
E01000298,L7: Intermediate occupations,111,144,-33
E01000298,L8 and L9: Small employers and own account workers,194,169,25
E01000299,"L1, L2 and L3: Higher managerial, administrative and professional occupations",251,214,37
E01000299,L10 and L11: Lower supervisory and technical occupations,67,66,1
E01000299,L12: Semi-routine occupations,123,123,0
E01000299,L13: Routine occupations,120,93,27
E01000299,L14.1 and L14.2: Never worked and long-term unemployed,265,97,168
E01000299,L15: Full-time students,159,150,9
E01000299,"L4, L5 and L6: Lower managerial, administrative and professional occupations",355,324,31
E01000299,L7: Intermediate occupations,132,158,-26
E01000299,L8 and L9: Small employers and own account workers,311,158,153
E01000300,"L1, L2 and L3: Higher managerial, administrative and professional occupations",318,217,101
E01000300,L10 and L11: Lower supervisory and technical occupations,32,46,-14
E01000300,L12: Semi-routine occupations,81,100,-19
E01000300,L13: Routine occupations,80,64,16
E01000300,L14.1 and L14.2: Never worked and long-term unemployed,95,55,40
E01000300,L15: Full-time students,72,104,-32
E01000300,"L4, L5 and L6: Lower managerial, administrative and professional occupations",380,363,17
E01000300,L7: Intermediate occupations,117,146,-29
E01000300,L8 and L9: Small employers and own account workers,148,146,2
E01000301,"L1, L2 and L3: Higher managerial, administrative and professional occupations",320,241,79
E01000301,L10 and L11: Lower supervisory and technical occupations,24,30,-6
E01000301,L12: Semi-routine occupations,50,68,-18
E01000301,L13: Routine occupations,24,39,-15
E01000301,L14.1 and L14.2: Never worked and long-term unemployed,111,53,58
E01000301,L15: Full-time students,75,94,-19
E01000301,"L4, L5 and L6: Lower managerial, administrative and professional occupations",280,277,3
E01000301,L7: Intermediate occupations,126,131,-5
E01000301,L8 and L9: Small employers and own account workers,155,121,34
E01000302,"L1, L2 and L3: Higher managerial, administrative and professional occupations",284,234,50
E01000302,L10 and L11: Lower supervisory and technical occupations,50,70,-20
E01000302,L12: Semi-routine occupations,89,107,-18
E01000302,L13: Routine occupations,95,76,19
E01000302,L14.1 and L14.2: Never worked and long-term unemployed,219,108,111
E01000302,L15: Full-time students,105,127,-22
E01000302,"L4, L5 and L6: Lower managerial, administrative and professional occupations",280,345,-65
E01000302,L7: Intermediate occupations,122,156,-34
E01000302,L8 and L9: Small employers and own account workers,223,136,87
E01000303,"L1, L2 and L3: Higher managerial, administrative and professional occupations",325,252,73
E01000303,L10 and L11: Lower supervisory and technical occupations,28,31,-3
E01000303,L12: Semi-routine occupations,66,41,25
E01000303,L13: Routine occupations,58,35,23
E01000303,L14.1 and L14.2: Never worked and long-term unemployed,96,36,60
E01000303,L15: Full-time students,80,108,-28
E01000303,"L4, L5 and L6: Lower managerial, administrative and professional occupations",280,327,-47
E01000303,L7: Intermediate occupations,108,137,-29
E01000303,L8 and L9: Small employers and own account workers,141,111,30
E01000304,"L1, L2 and L3: Higher managerial, administrative and professional occupations",285,259,26
E01000304,L10 and L11: Lower supervisory and technical occupations,43,44,-1
E01000304,L12: Semi-routine occupations,76,87,-11
E01000304,L13: Routine occupations,83,43,40
E01000304,L14.1 and L14.2: Never worked and long-term unemployed,126,82,44
E01000304,L15: Full-time students,87,102,-15
E01000304,"L4, L5 and L6: Lower managerial, administrative and professional occupations",317,336,-19
E01000304,L7: Intermediate occupations,107,135,-28
E01000304,L8 and L9: Small employers and own account workers,166,142,24
E01000305,"L1, L2 and L3: Higher managerial, administrative and professional occupations",187,80,107
E01000305,L10 and L11: Lower supervisory and technical occupations,47,77,-30
E01000305,L12: Semi-routine occupations,133,175,-42
E01000305,L13: Routine occupations,148,115,33
E01000305,L14.1 and L14.2: Never worked and long-term unemployed,155,143,12
E01000305,L15: Full-time students,125,171,-46
E01000305,"L4, L5 and L6: Lower managerial, administrative and professional occupations",240,178,62
E01000305,L7: Intermediate occupations,124,138,-14
E01000305,L8 and L9: Small employers and own account workers,221,177,44
E01000306,"L1, L2 and L3: Higher managerial, administrative and professional occupations",175,129,46
E01000306,L10 and L11: Lower supervisory and technical occupations,66,68,-2
E01000306,L12: Semi-routine occupations,140,150,-10
E01000306,L13: Routine occupations,220,128,92
E01000306,L14.1 and L14.2: Never worked and long-term unemployed,155,99,56
E01000306,L15: Full-time students,164,188,-24
E01000306,"L4, L5 and L6: Lower managerial, administrative and professional occupations",243,221,22
E01000306,L7: Intermediate occupations,153,157,-4
E01000306,L8 and L9: Small employers and own account workers,362,180,182
E01000307,"L1, L2 and L3: Higher managerial, administrative and professional occupations",129,83,46
E01000307,L10 and L11: Lower supervisory and technical occupations,56,76,-20
E01000307,L12: Semi-routine occupations,149,169,-20
E01000307,L13: Routine occupations,158,111,47
E01000307,L14.1 and L14.2: Never worked and long-term unemployed,165,120,45
E01000307,L15: Full-time students,133,174,-41
E01000307,"L4, L5 and L6: Lower managerial, administrative and professional occupations",225,191,34
E01000307,L7: Intermediate occupations,108,130,-22
E01000307,L8 and L9: Small employers and own account workers,196,170,26
E01000308,"L1, L2 and L3: Higher managerial, administrative and professional occupations",336,56,280
E01000308,L10 and L11: Lower supervisory and technical occupations,71,75,-4
E01000308,L12: Semi-routine occupations,167,183,-16
E01000308,L13: Routine occupations,161,151,10
E01000308,L14.1 and L14.2: Never worked and long-term unemployed,178,131,47
E01000308,L15: Full-time students,127,138,-11
E01000308,"L4, L5 and L6: Lower managerial, administrative and professional occupations",363,146,217
E01000308,L7: Intermediate occupations,166,131,35
E01000308,L8 and L9: Small employers and own account workers,189,96,93
E01000309,"L1, L2 and L3: Higher managerial, administrative and professional occupations",262,202,60
E01000309,L10 and L11: Lower supervisory and technical occupations,55,43,12
E01000309,L12: Semi-routine occupations,111,128,-17
E01000309,L13: Routine occupations,149,71,78
E01000309,L14.1 and L14.2: Never worked and long-term unemployed,204,108,96
E01000309,L15: Full-time students,157,231,-74
E01000309,"L4, L5 and L6: Lower managerial, administrative and professional occupations",310,271,39
E01000309,L7: Intermediate occupations,152,144,8
E01000309,L8 and L9: Small employers and own account workers,252,188,64
E01000310,"L1, L2 and L3: Higher managerial, administrative and professional occupations",256,200,56
E01000310,L10 and L11: Lower supervisory and technical occupations,75,64,11
E01000310,L12: Semi-routine occupations,182,168,14
E01000310,L13: Routine occupations,166,109,57
E01000310,L14.1 and L14.2: Never worked and long-term unemployed,240,118,122
E01000310,L15: Full-time students,183,225,-42
E01000310,"L4, L5 and L6: Lower managerial, administrative and professional occupations",307,282,25
E01000310,L7: Intermediate occupations,126,166,-40
E01000310,L8 and L9: Small employers and own account workers,279,245,34
E01000311,"L1, L2 and L3: Higher managerial, administrative and professional occupations",253,213,40
E01000311,L10 and L11: Lower supervisory and technical occupations,27,22,5
E01000311,L12: Semi-routine occupations,63,53,10
E01000311,L13: Routine occupations,35,20,15
E01000311,L14.1 and L14.2: Never worked and long-term unemployed,79,73,6
E01000311,L15: Full-time students,149,140,9
E01000311,"L4, L5 and L6: Lower managerial, administrative and professional occupations",259,244,15
E01000311,L7: Intermediate occupations,136,92,44
E01000311,L8 and L9: Small employers and own account workers,204,157,47
E01000312,"L1, L2 and L3: Higher managerial, administrative and professional occupations",135,104,31
E01000312,L10 and L11: Lower supervisory and technical occupations,61,84,-23
E01000312,L12: Semi-routine occupations,142,161,-19
E01000312,L13: Routine occupations,202,131,71
E01000312,L14.1 and L14.2: Never worked and long-term unemployed,184,122,62
E01000312,L15: Full-time students,122,140,-18
E01000312,"L4, L5 and L6: Lower managerial, administrative and professional occupations",208,201,7
E01000312,L7: Intermediate occupations,152,133,19
E01000312,L8 and L9: Small employers and own account workers,247,168,79
E01000313,"L1, L2 and L3: Higher managerial, administrative and professional occupations",207,135,72
E01000313,L10 and L11: Lower supervisory and technical occupations,60,77,-17
E01000313,L12: Semi-routine occupations,134,198,-64
E01000313,L13: Routine occupations,176,128,48
E01000313,L14.1 and L14.2: Never worked and long-term unemployed,188,126,62
E01000313,L15: Full-time students,149,225,-76
E01000313,"L4, L5 and L6: Lower managerial, administrative and professional occupations",245,232,13
E01000313,L7: Intermediate occupations,132,127,5
E01000313,L8 and L9: Small employers and own account workers,269,174,95
E01000314,"L1, L2 and L3: Higher managerial, administrative and professional occupations",307,225,82
E01000314,L10 and L11: Lower supervisory and technical occupations,65,50,15
E01000314,L12: Semi-routine occupations,133,99,34
E01000314,L13: Routine occupations,144,77,67
E01000314,L14.1 and L14.2: Never worked and long-term unemployed,152,90,62
E01000314,L15: Full-time students,240,236,4
E01000314,"L4, L5 and L6: Lower managerial, administrative and professional occupations",329,313,16
E01000314,L7: Intermediate occupations,153,127,26
E01000314,L8 and L9: Small employers and own account workers,309,209,100
E01000315,"L1, L2 and L3: Higher managerial, administrative and professional occupations",133,81,52
E01000315,L10 and L11: Lower supervisory and technical occupations,61,61,0
E01000315,L12: Semi-routine occupations,157,192,-35
E01000315,L13: Routine occupations,145,115,30
E01000315,L14.1 and L14.2: Never worked and long-term unemployed,200,125,75
E01000315,L15: Full-time students,128,151,-23
E01000315,"L4, L5 and L6: Lower managerial, administrative and professional occupations",237,192,45
E01000315,L7: Intermediate occupations,144,146,-2
E01000315,L8 and L9: Small employers and own account workers,187,149,38
E01000316,"L1, L2 and L3: Higher managerial, administrative and professional occupations",307,250,57
E01000316,L10 and L11: Lower supervisory and technical occupations,72,84,-12
E01000316,L12: Semi-routine occupations,158,211,-53
E01000316,L13: Routine occupations,153,107,46
E01000316,L14.1 and L14.2: Never worked and long-term unemployed,226,123,103
E01000316,L15: Full-time students,159,211,-52
E01000316,"L4, L5 and L6: Lower managerial, administrative and professional occupations",370,405,-35
E01000316,L7: Intermediate occupations,144,196,-52
E01000316,L8 and L9: Small employers and own account workers,219,177,42
E01000317,"L1, L2 and L3: Higher managerial, administrative and professional occupations",294,214,80
E01000317,L10 and L11: Lower supervisory and technical occupations,38,51,-13
E01000317,L12: Semi-routine occupations,97,88,9
E01000317,L13: Routine occupations,70,63,7
E01000317,L14.1 and L14.2: Never worked and long-term unemployed,120,85,35
E01000317,L15: Full-time students,96,108,-12
E01000317,"L4, L5 and L6: Lower managerial, administrative and professional occupations",303,321,-18
E01000317,L7: Intermediate occupations,107,132,-25
E01000317,L8 and L9: Small employers and own account workers,142,136,6
E01000318,"L1, L2 and L3: Higher managerial, administrative and professional occupations",248,175,73
E01000318,L10 and L11: Lower supervisory and technical occupations,55,45,10
E01000318,L12: Semi-routine occupations,115,140,-25
E01000318,L13: Routine occupations,142,90,52
E01000318,L14.1 and L14.2: Never worked and long-term unemployed,155,99,56
E01000318,L15: Full-time students,153,148,5
E01000318,"L4, L5 and L6: Lower managerial, administrative and professional occupations",300,305,-5
E01000318,L7: Intermediate occupations,171,158,13
E01000318,L8 and L9: Small employers and own account workers,216,185,31
E01000319,"L1, L2 and L3: Higher managerial, administrative and professional occupations",273,197,76
E01000319,L10 and L11: Lower supervisory and technical occupations,24,34,-10
E01000319,L12: Semi-routine occupations,87,91,-4
E01000319,L13: Routine occupations,53,60,-7
E01000319,L14.1 and L14.2: Never worked and long-term unemployed,68,58,10
E01000319,L15: Full-time students,81,106,-25
E01000319,"L4, L5 and L6: Lower managerial, administrative and professional occupations",278,300,-22
E01000319,L7: Intermediate occupations,100,124,-24
E01000319,L8 and L9: Small employers and own account workers,134,135,-1
E01000320,"L1, L2 and L3: Higher managerial, administrative and professional occupations",339,184,155
E01000320,L10 and L11: Lower supervisory and technical occupations,63,45,18
E01000320,L12: Semi-routine occupations,110,88,22
E01000320,L13: Routine occupations,91,45,46
E01000320,L14.1 and L14.2: Never worked and long-term unemployed,113,51,62
E01000320,L15: Full-time students,113,92,21
E01000320,"L4, L5 and L6: Lower managerial, administrative and professional occupations",386,293,93
E01000320,L7: Intermediate occupations,187,125,62
E01000320,L8 and L9: Small employers and own account workers,202,129,73
E01000321,"L1, L2 and L3: Higher managerial, administrative and professional occupations",327,197,130
E01000321,L10 and L11: Lower supervisory and technical occupations,59,65,-6
E01000321,L12: Semi-routine occupations,118,126,-8
E01000321,L13: Routine occupations,110,72,38
E01000321,L14.1 and L14.2: Never worked and long-term unemployed,204,94,110
E01000321,L15: Full-time students,77,108,-31
E01000321,"L4, L5 and L6: Lower managerial, administrative and professional occupations",386,332,54
E01000321,L7: Intermediate occupations,143,149,-6
E01000321,L8 and L9: Small employers and own account workers,230,146,84
E01000322,"L1, L2 and L3: Higher managerial, administrative and professional occupations",232,182,50
E01000322,L10 and L11: Lower supervisory and technical occupations,45,56,-11
E01000322,L12: Semi-routine occupations,116,114,2
E01000322,L13: Routine occupations,109,62,47
E01000322,L14.1 and L14.2: Never worked and long-term unemployed,132,92,40
E01000322,L15: Full-time students,106,127,-21
E01000322,"L4, L5 and L6: Lower managerial, administrative and professional occupations",339,361,-22
E01000322,L7: Intermediate occupations,145,160,-15
E01000322,L8 and L9: Small employers and own account workers,237,167,70
E01000323,"L1, L2 and L3: Higher managerial, administrative and professional occupations",287,206,81
E01000323,L10 and L11: Lower supervisory and technical occupations,73,65,8
E01000323,L12: Semi-routine occupations,203,153,50
E01000323,L13: Routine occupations,148,79,69
E01000323,L14.1 and L14.2: Never worked and long-term unemployed,277,145,132
E01000323,L15: Full-time students,154,136,18
E01000323,"L4, L5 and L6: Lower managerial, administrative and professional occupations",407,370,37
E01000323,L7: Intermediate occupations,170,148,22
E01000323,L8 and L9: Small employers and own account workers,283,203,80
E01000324,"L1, L2 and L3: Higher managerial, administrative and professional occupations",272,168,104
E01000324,L10 and L11: Lower supervisory and technical occupations,39,54,-15
E01000324,L12: Semi-routine occupations,117,110,7
E01000324,L13: Routine occupations,102,81,21
E01000324,L14.1 and L14.2: Never worked and long-term unemployed,130,81,49
E01000324,L15: Full-time students,115,122,-7
E01000324,"L4, L5 and L6: Lower managerial, administrative and professional occupations",316,316,0
E01000324,L7: Intermediate occupations,151,159,-8
E01000324,L8 and L9: Small employers and own account workers,206,193,13
E01000325,"L1, L2 and L3: Higher managerial, administrative and professional occupations",222,119,103
E01000325,L10 and L11: Lower supervisory and technical occupations,72,86,-14
E01000325,L12: Semi-routine occupations,119,147,-28
E01000325,L13: Routine occupations,99,79,20
E01000325,L14.1 and L14.2: Never worked and long-term unemployed,78,28,50
E01000325,L15: Full-time students,79,84,-5
E01000325,"L4, L5 and L6: Lower managerial, administrative and professional occupations",304,267,37
E01000325,L7: Intermediate occupations,237,282,-45
E01000325,L8 and L9: Small employers and own account workers,138,95,43
E01000326,"L1, L2 and L3: Higher managerial, administrative and professional occupations",142,89,53
E01000326,L10 and L11: Lower supervisory and technical occupations,69,92,-23
E01000326,L12: Semi-routine occupations,125,108,17
E01000326,L13: Routine occupations,114,83,31
E01000326,L14.1 and L14.2: Never worked and long-term unemployed,53,21,32
E01000326,L15: Full-time students,41,40,1
E01000326,"L4, L5 and L6: Lower managerial, administrative and professional occupations",248,234,14
E01000326,L7: Intermediate occupations,170,211,-41
E01000326,L8 and L9: Small employers and own account workers,98,85,13
E01000327,"L1, L2 and L3: Higher managerial, administrative and professional occupations",195,137,58
E01000327,L10 and L11: Lower supervisory and technical occupations,59,65,-6
E01000327,L12: Semi-routine occupations,132,111,21
E01000327,L13: Routine occupations,91,62,29
E01000327,L14.1 and L14.2: Never worked and long-term unemployed,77,20,57
E01000327,L15: Full-time students,62,87,-25
E01000327,"L4, L5 and L6: Lower managerial, administrative and professional occupations",287,254,33
E01000327,L7: Intermediate occupations,237,251,-14
E01000327,L8 and L9: Small employers and own account workers,179,118,61
E01000328,"L1, L2 and L3: Higher managerial, administrative and professional occupations",172,101,71
E01000328,L10 and L11: Lower supervisory and technical occupations,84,86,-2
E01000328,L12: Semi-routine occupations,127,143,-16
E01000328,L13: Routine occupations,96,76,20
E01000328,L14.1 and L14.2: Never worked and long-term unemployed,73,49,24
E01000328,L15: Full-time students,77,65,12
E01000328,"L4, L5 and L6: Lower managerial, administrative and professional occupations",309,235,74
E01000328,L7: Intermediate occupations,230,224,6
E01000328,L8 and L9: Small employers and own account workers,143,121,22
E01000329,"L1, L2 and L3: Higher managerial, administrative and professional occupations",186,80,106
E01000329,L10 and L11: Lower supervisory and technical occupations,85,71,14
E01000329,L12: Semi-routine occupations,132,148,-16
E01000329,L13: Routine occupations,124,84,40
E01000329,L14.1 and L14.2: Never worked and long-term unemployed,91,43,48
E01000329,L15: Full-time students,80,77,3
E01000329,"L4, L5 and L6: Lower managerial, administrative and professional occupations",292,209,83
E01000329,L7: Intermediate occupations,192,170,22
E01000329,L8 and L9: Small employers and own account workers,139,68,71
E01000330,"L1, L2 and L3: Higher managerial, administrative and professional occupations",141,96,45
E01000330,L10 and L11: Lower supervisory and technical occupations,69,90,-21
E01000330,L12: Semi-routine occupations,176,153,23
E01000330,L13: Routine occupations,145,98,47
E01000330,L14.1 and L14.2: Never worked and long-term unemployed,118,47,71
E01000330,L15: Full-time students,62,70,-8
E01000330,"L4, L5 and L6: Lower managerial, administrative and professional occupations",321,228,93
E01000330,L7: Intermediate occupations,218,223,-5
E01000330,L8 and L9: Small employers and own account workers,117,81,36
E01000331,"L1, L2 and L3: Higher managerial, administrative and professional occupations",139,65,74
E01000331,L10 and L11: Lower supervisory and technical occupations,59,81,-22
E01000331,L12: Semi-routine occupations,150,193,-43
E01000331,L13: Routine occupations,155,132,23
E01000331,L14.1 and L14.2: Never worked and long-term unemployed,123,64,59
E01000331,L15: Full-time students,101,91,10
E01000331,"L4, L5 and L6: Lower managerial, administrative and professional occupations",253,198,55
E01000331,L7: Intermediate occupations,169,178,-9
E01000331,L8 and L9: Small employers and own account workers,149,115,34
E01000332,"L1, L2 and L3: Higher managerial, administrative and professional occupations",149,91,58
E01000332,L10 and L11: Lower supervisory and technical occupations,77,80,-3
E01000332,L12: Semi-routine occupations,141,136,5
E01000332,L13: Routine occupations,159,128,31
E01000332,L14.1 and L14.2: Never worked and long-term unemployed,116,52,64
E01000332,L15: Full-time students,73,105,-32
E01000332,"L4, L5 and L6: Lower managerial, administrative and professional occupations",283,207,76
E01000332,L7: Intermediate occupations,184,196,-12
E01000332,L8 and L9: Small employers and own account workers,138,106,32
E01000333,"L1, L2 and L3: Higher managerial, administrative and professional occupations",140,84,56
E01000333,L10 and L11: Lower supervisory and technical occupations,98,86,12
E01000333,L12: Semi-routine occupations,194,158,36
E01000333,L13: Routine occupations,169,116,53
E01000333,L14.1 and L14.2: Never worked and long-term unemployed,159,87,72
E01000333,L15: Full-time students,102,79,23
E01000333,"L4, L5 and L6: Lower managerial, administrative and professional occupations",278,253,25
E01000333,L7: Intermediate occupations,202,188,14
E01000333,L8 and L9: Small employers and own account workers,166,118,48
E01000334,"L1, L2 and L3: Higher managerial, administrative and professional occupations",149,88,61
E01000334,L10 and L11: Lower supervisory and technical occupations,76,98,-22
E01000334,L12: Semi-routine occupations,166,168,-2
E01000334,L13: Routine occupations,147,115,32
E01000334,L14.1 and L14.2: Never worked and long-term unemployed,101,38,63
E01000334,L15: Full-time students,84,98,-14
E01000334,"L4, L5 and L6: Lower managerial, administrative and professional occupations",225,246,-21
E01000334,L7: Intermediate occupations,220,211,9
E01000334,L8 and L9: Small employers and own account workers,153,113,40
E01000335,"L1, L2 and L3: Higher managerial, administrative and professional occupations",238,65,173
E01000335,L10 and L11: Lower supervisory and technical occupations,102,82,20
E01000335,L12: Semi-routine occupations,217,158,59
E01000335,L13: Routine occupations,285,169,116
E01000335,L14.1 and L14.2: Never worked and long-term unemployed,208,123,85
E01000335,L15: Full-time students,191,120,71
E01000335,"L4, L5 and L6: Lower managerial, administrative and professional occupations",381,201,180
E01000335,L7: Intermediate occupations,250,158,92
E01000335,L8 and L9: Small employers and own account workers,246,138,108
E01000336,"L1, L2 and L3: Higher managerial, administrative and professional occupations",106,83,23
E01000336,L10 and L11: Lower supervisory and technical occupations,96,92,4
E01000336,L12: Semi-routine occupations,192,204,-12
E01000336,L13: Routine occupations,209,149,60
E01000336,L14.1 and L14.2: Never worked and long-term unemployed,200,148,52
E01000336,L15: Full-time students,140,158,-18
E01000336,"L4, L5 and L6: Lower managerial, administrative and professional occupations",240,222,18
E01000336,L7: Intermediate occupations,157,172,-15
E01000336,L8 and L9: Small employers and own account workers,153,114,39
E01000337,"L1, L2 and L3: Higher managerial, administrative and professional occupations",130,81,49
E01000337,L10 and L11: Lower supervisory and technical occupations,78,80,-2
E01000337,L12: Semi-routine occupations,155,183,-28
E01000337,L13: Routine occupations,165,141,24
E01000337,L14.1 and L14.2: Never worked and long-term unemployed,117,76,41
E01000337,L15: Full-time students,111,104,7
E01000337,"L4, L5 and L6: Lower managerial, administrative and professional occupations",241,254,-13
E01000337,L7: Intermediate occupations,191,172,19
E01000337,L8 and L9: Small employers and own account workers,135,121,14
E01000338,"L1, L2 and L3: Higher managerial, administrative and professional occupations",151,92,59
E01000338,L10 and L11: Lower supervisory and technical occupations,84,90,-6
E01000338,L12: Semi-routine occupations,166,184,-18
E01000338,L13: Routine occupations,170,135,35
E01000338,L14.1 and L14.2: Never worked and long-term unemployed,129,60,69
E01000338,L15: Full-time students,118,145,-27
E01000338,"L4, L5 and L6: Lower managerial, administrative and professional occupations",321,256,65
E01000338,L7: Intermediate occupations,183,222,-39
E01000338,L8 and L9: Small employers and own account workers,145,118,27
E01000339,"L1, L2 and L3: Higher managerial, administrative and professional occupations",176,103,73
E01000339,L10 and L11: Lower supervisory and technical occupations,75,87,-12
E01000339,L12: Semi-routine occupations,123,132,-9
E01000339,L13: Routine occupations,108,89,19
E01000339,L14.1 and L14.2: Never worked and long-term unemployed,83,33,50
E01000339,L15: Full-time students,95,74,21
E01000339,"L4, L5 and L6: Lower managerial, administrative and professional occupations",274,206,68
E01000339,L7: Intermediate occupations,194,237,-43
E01000339,L8 and L9: Small employers and own account workers,165,124,41
E01000340,"L1, L2 and L3: Higher managerial, administrative and professional occupations",144,53,91
E01000340,L10 and L11: Lower supervisory and technical occupations,75,71,4
E01000340,L12: Semi-routine occupations,119,121,-2
E01000340,L13: Routine occupations,116,70,46
E01000340,L14.1 and L14.2: Never worked and long-term unemployed,97,29,68
E01000340,L15: Full-time students,71,32,39
E01000340,"L4, L5 and L6: Lower managerial, administrative and professional occupations",251,153,98
E01000340,L7: Intermediate occupations,229,180,49
E01000340,L8 and L9: Small employers and own account workers,168,112,56
E01000341,"L1, L2 and L3: Higher managerial, administrative and professional occupations",145,86,59
E01000341,L10 and L11: Lower supervisory and technical occupations,67,73,-6
E01000341,L12: Semi-routine occupations,135,142,-7
E01000341,L13: Routine occupations,96,89,7
E01000341,L14.1 and L14.2: Never worked and long-term unemployed,95,32,63
E01000341,L15: Full-time students,65,53,12
E01000341,"L4, L5 and L6: Lower managerial, administrative and professional occupations",249,236,13
E01000341,L7: Intermediate occupations,260,225,35
E01000341,L8 and L9: Small employers and own account workers,176,111,65
E01000342,"L1, L2 and L3: Higher managerial, administrative and professional occupations",147,109,38
E01000342,L10 and L11: Lower supervisory and technical occupations,87,114,-27
E01000342,L12: Semi-routine occupations,123,183,-60
E01000342,L13: Routine occupations,121,110,11
E01000342,L14.1 and L14.2: Never worked and long-term unemployed,63,32,31
E01000342,L15: Full-time students,66,123,-57
E01000342,"L4, L5 and L6: Lower managerial, administrative and professional occupations",265,334,-69
E01000342,L7: Intermediate occupations,231,291,-60
E01000342,L8 and L9: Small employers and own account workers,141,151,-10
E01000343,"L1, L2 and L3: Higher managerial, administrative and professional occupations",138,94,44
E01000343,L10 and L11: Lower supervisory and technical occupations,70,75,-5
E01000343,L12: Semi-routine occupations,120,140,-20
E01000343,L13: Routine occupations,90,92,-2
E01000343,L14.1 and L14.2: Never worked and long-term unemployed,88,44,44
E01000343,L15: Full-time students,76,97,-21
E01000343,"L4, L5 and L6: Lower managerial, administrative and professional occupations",245,218,27
E01000343,L7: Intermediate occupations,226,213,13
E01000343,L8 and L9: Small employers and own account workers,151,125,26
E01000344,"L1, L2 and L3: Higher managerial, administrative and professional occupations",204,101,103
E01000344,L10 and L11: Lower supervisory and technical occupations,57,81,-24
E01000344,L12: Semi-routine occupations,119,115,4
E01000344,L13: Routine occupations,82,65,17
E01000344,L14.1 and L14.2: Never worked and long-term unemployed,57,20,37
E01000344,L15: Full-time students,110,93,17
E01000344,"L4, L5 and L6: Lower managerial, administrative and professional occupations",285,295,-10
E01000344,L7: Intermediate occupations,249,230,19
E01000344,L8 and L9: Small employers and own account workers,135,132,3
E01000345,"L1, L2 and L3: Higher managerial, administrative and professional occupations",183,107,76
E01000345,L10 and L11: Lower supervisory and technical occupations,46,65,-19
E01000345,L12: Semi-routine occupations,73,93,-20
E01000345,L13: Routine occupations,79,56,23
E01000345,L14.1 and L14.2: Never worked and long-term unemployed,56,20,36
E01000345,L15: Full-time students,46,87,-41
E01000345,"L4, L5 and L6: Lower managerial, administrative and professional occupations",267,223,44
E01000345,L7: Intermediate occupations,213,226,-13
E01000345,L8 and L9: Small employers and own account workers,134,124,10
E01000346,"L1, L2 and L3: Higher managerial, administrative and professional occupations",178,107,71
E01000346,L10 and L11: Lower supervisory and technical occupations,76,91,-15
E01000346,L12: Semi-routine occupations,131,141,-10
E01000346,L13: Routine occupations,114,70,44
E01000346,L14.1 and L14.2: Never worked and long-term unemployed,76,25,51
E01000346,L15: Full-time students,62,72,-10
E01000346,"L4, L5 and L6: Lower managerial, administrative and professional occupations",263,235,28
E01000346,L7: Intermediate occupations,219,265,-46
E01000346,L8 and L9: Small employers and own account workers,161,148,13
E01000347,"L1, L2 and L3: Higher managerial, administrative and professional occupations",129,82,47
E01000347,L10 and L11: Lower supervisory and technical occupations,55,68,-13
E01000347,L12: Semi-routine occupations,113,137,-24
E01000347,L13: Routine occupations,117,91,26
E01000347,L14.1 and L14.2: Never worked and long-term unemployed,79,37,42
E01000347,L15: Full-time students,92,102,-10
E01000347,"L4, L5 and L6: Lower managerial, administrative and professional occupations",245,210,35
E01000347,L7: Intermediate occupations,237,224,13
E01000347,L8 and L9: Small employers and own account workers,161,125,36
E01000348,"L1, L2 and L3: Higher managerial, administrative and professional occupations",222,116,106
E01000348,L10 and L11: Lower supervisory and technical occupations,52,66,-14
E01000348,L12: Semi-routine occupations,89,99,-10
E01000348,L13: Routine occupations,70,38,32
E01000348,L14.1 and L14.2: Never worked and long-term unemployed,47,23,24
E01000348,L15: Full-time students,67,86,-19
E01000348,"L4, L5 and L6: Lower managerial, administrative and professional occupations",298,289,9
E01000348,L7: Intermediate occupations,214,213,1
E01000348,L8 and L9: Small employers and own account workers,168,155,13
E01000349,"L1, L2 and L3: Higher managerial, administrative and professional occupations",249,146,103
E01000349,L10 and L11: Lower supervisory and technical occupations,67,67,0
E01000349,L12: Semi-routine occupations,95,112,-17
E01000349,L13: Routine occupations,84,61,23
E01000349,L14.1 and L14.2: Never worked and long-term unemployed,79,32,47
E01000349,L15: Full-time students,79,58,21
E01000349,"L4, L5 and L6: Lower managerial, administrative and professional occupations",311,288,23
E01000349,L7: Intermediate occupations,244,225,19
E01000349,L8 and L9: Small employers and own account workers,178,155,23
E01000350,"L1, L2 and L3: Higher managerial, administrative and professional occupations",175,95,80
E01000350,L10 and L11: Lower supervisory and technical occupations,62,74,-12
E01000350,L12: Semi-routine occupations,103,125,-22
E01000350,L13: Routine occupations,89,61,28
E01000350,L14.1 and L14.2: Never worked and long-term unemployed,64,27,37
E01000350,L15: Full-time students,76,101,-25
E01000350,"L4, L5 and L6: Lower managerial, administrative and professional occupations",256,233,23
E01000350,L7: Intermediate occupations,242,237,5
E01000350,L8 and L9: Small employers and own account workers,144,156,-12
E01000351,"L1, L2 and L3: Higher managerial, administrative and professional occupations",195,91,104
E01000351,L10 and L11: Lower supervisory and technical occupations,60,80,-20
E01000351,L12: Semi-routine occupations,129,133,-4
E01000351,L13: Routine occupations,104,98,6
E01000351,L14.1 and L14.2: Never worked and long-term unemployed,78,28,50
E01000351,L15: Full-time students,61,84,-23
E01000351,"L4, L5 and L6: Lower managerial, administrative and professional occupations",301,234,67
E01000351,L7: Intermediate occupations,226,285,-59
E01000351,L8 and L9: Small employers and own account workers,167,143,24
E01000352,"L1, L2 and L3: Higher managerial, administrative and professional occupations",136,97,39
E01000352,L10 and L11: Lower supervisory and technical occupations,76,92,-16
E01000352,L12: Semi-routine occupations,158,154,4
E01000352,L13: Routine occupations,106,91,15
E01000352,L14.1 and L14.2: Never worked and long-term unemployed,109,35,74
E01000352,L15: Full-time students,69,81,-12
E01000352,"L4, L5 and L6: Lower managerial, administrative and professional occupations",262,234,28
E01000352,L7: Intermediate occupations,228,233,-5
E01000352,L8 and L9: Small employers and own account workers,150,113,37
E01000353,"L1, L2 and L3: Higher managerial, administrative and professional occupations",218,128,90
E01000353,L10 and L11: Lower supervisory and technical occupations,77,74,3
E01000353,L12: Semi-routine occupations,112,133,-21
E01000353,L13: Routine occupations,101,81,20
E01000353,L14.1 and L14.2: Never worked and long-term unemployed,97,24,73
E01000353,L15: Full-time students,61,91,-30
E01000353,"L4, L5 and L6: Lower managerial, administrative and professional occupations",316,288,28
E01000353,L7: Intermediate occupations,262,277,-15
E01000353,L8 and L9: Small employers and own account workers,146,129,17
E01000354,"L1, L2 and L3: Higher managerial, administrative and professional occupations",142,83,59
E01000354,L10 and L11: Lower supervisory and technical occupations,82,84,-2
E01000354,L12: Semi-routine occupations,144,151,-7
E01000354,L13: Routine occupations,127,94,33
E01000354,L14.1 and L14.2: Never worked and long-term unemployed,85,46,39
E01000354,L15: Full-time students,83,75,8
E01000354,"L4, L5 and L6: Lower managerial, administrative and professional occupations",246,216,30
E01000354,L7: Intermediate occupations,182,239,-57
E01000354,L8 and L9: Small employers and own account workers,143,97,46
E01000355,"L1, L2 and L3: Higher managerial, administrative and professional occupations",164,82,82
E01000355,L10 and L11: Lower supervisory and technical occupations,78,89,-11
E01000355,L12: Semi-routine occupations,129,119,10
E01000355,L13: Routine occupations,124,79,45
E01000355,L14.1 and L14.2: Never worked and long-term unemployed,78,40,38
E01000355,L15: Full-time students,48,83,-35
E01000355,"L4, L5 and L6: Lower managerial, administrative and professional occupations",281,229,52
E01000355,L7: Intermediate occupations,203,219,-16
E01000355,L8 and L9: Small employers and own account workers,129,127,2
E01000356,"L1, L2 and L3: Higher managerial, administrative and professional occupations",228,110,118
E01000356,L10 and L11: Lower supervisory and technical occupations,59,66,-7
E01000356,L12: Semi-routine occupations,142,136,6
E01000356,L13: Routine occupations,109,76,33
E01000356,L14.1 and L14.2: Never worked and long-term unemployed,107,32,75
E01000356,L15: Full-time students,70,65,5
E01000356,"L4, L5 and L6: Lower managerial, administrative and professional occupations",246,232,14
E01000356,L7: Intermediate occupations,206,239,-33
E01000356,L8 and L9: Small employers and own account workers,110,121,-11
E01000357,"L1, L2 and L3: Higher managerial, administrative and professional occupations",189,107,82
E01000357,L10 and L11: Lower supervisory and technical occupations,58,68,-10
E01000357,L12: Semi-routine occupations,100,104,-4
E01000357,L13: Routine occupations,70,61,9
E01000357,L14.1 and L14.2: Never worked and long-term unemployed,53,32,21
E01000357,L15: Full-time students,73,89,-16
E01000357,"L4, L5 and L6: Lower managerial, administrative and professional occupations",253,262,-9
E01000357,L7: Intermediate occupations,225,215,10
E01000357,L8 and L9: Small employers and own account workers,103,103,0
E01000358,"L1, L2 and L3: Higher managerial, administrative and professional occupations",219,145,74
E01000358,L10 and L11: Lower supervisory and technical occupations,84,89,-5
E01000358,L12: Semi-routine occupations,141,128,13
E01000358,L13: Routine occupations,93,79,14
E01000358,L14.1 and L14.2: Never worked and long-term unemployed,82,25,57
E01000358,L15: Full-time students,67,70,-3
E01000358,"L4, L5 and L6: Lower managerial, administrative and professional occupations",270,237,33
E01000358,L7: Intermediate occupations,235,263,-28
E01000358,L8 and L9: Small employers and own account workers,165,143,22
E01000359,"L1, L2 and L3: Higher managerial, administrative and professional occupations",171,95,76
E01000359,L10 and L11: Lower supervisory and technical occupations,48,57,-9
E01000359,L12: Semi-routine occupations,96,89,7
E01000359,L13: Routine occupations,88,71,17
E01000359,L14.1 and L14.2: Never worked and long-term unemployed,55,16,39
E01000359,L15: Full-time students,51,74,-23
E01000359,"L4, L5 and L6: Lower managerial, administrative and professional occupations",235,242,-7
E01000359,L7: Intermediate occupations,199,230,-31
E01000359,L8 and L9: Small employers and own account workers,107,79,28
E01000360,"L1, L2 and L3: Higher managerial, administrative and professional occupations",209,144,65
E01000360,L10 and L11: Lower supervisory and technical occupations,96,76,20
E01000360,L12: Semi-routine occupations,158,131,27
E01000360,L13: Routine occupations,119,61,58
E01000360,L14.1 and L14.2: Never worked and long-term unemployed,131,67,64
E01000360,L15: Full-time students,96,87,9
E01000360,"L4, L5 and L6: Lower managerial, administrative and professional occupations",334,279,55
E01000360,L7: Intermediate occupations,231,214,17
E01000360,L8 and L9: Small employers and own account workers,189,133,56
E01000361,"L1, L2 and L3: Higher managerial, administrative and professional occupations",178,111,67
E01000361,L10 and L11: Lower supervisory and technical occupations,53,74,-21
E01000361,L12: Semi-routine occupations,126,113,13
E01000361,L13: Routine occupations,101,81,20
E01000361,L14.1 and L14.2: Never worked and long-term unemployed,78,41,37
E01000361,L15: Full-time students,63,89,-26
E01000361,"L4, L5 and L6: Lower managerial, administrative and professional occupations",302,279,23
E01000361,L7: Intermediate occupations,191,216,-25
E01000361,L8 and L9: Small employers and own account workers,178,141,37
E01000362,"L1, L2 and L3: Higher managerial, administrative and professional occupations",197,121,76
E01000362,L10 and L11: Lower supervisory and technical occupations,75,72,3
E01000362,L12: Semi-routine occupations,145,110,35
E01000362,L13: Routine occupations,147,64,83
E01000362,L14.1 and L14.2: Never worked and long-term unemployed,100,30,70
E01000362,L15: Full-time students,64,72,-8
E01000362,"L4, L5 and L6: Lower managerial, administrative and professional occupations",381,247,134
E01000362,L7: Intermediate occupations,214,198,16
E01000362,L8 and L9: Small employers and own account workers,172,125,47
E01000363,"L1, L2 and L3: Higher managerial, administrative and professional occupations",193,106,87
E01000363,L10 and L11: Lower supervisory and technical occupations,53,65,-12
E01000363,L12: Semi-routine occupations,110,100,10
E01000363,L13: Routine occupations,89,59,30
E01000363,L14.1 and L14.2: Never worked and long-term unemployed,80,39,41
E01000363,L15: Full-time students,83,88,-5
E01000363,"L4, L5 and L6: Lower managerial, administrative and professional occupations",300,274,26
E01000363,L7: Intermediate occupations,184,222,-38
E01000363,L8 and L9: Small employers and own account workers,164,138,26
E01000364,"L1, L2 and L3: Higher managerial, administrative and professional occupations",218,126,92
E01000364,L10 and L11: Lower supervisory and technical occupations,67,76,-9
E01000364,L12: Semi-routine occupations,137,116,21
E01000364,L13: Routine occupations,88,71,17
E01000364,L14.1 and L14.2: Never worked and long-term unemployed,110,38,72
E01000364,L15: Full-time students,74,79,-5
E01000364,"L4, L5 and L6: Lower managerial, administrative and professional occupations",274,248,26
E01000364,L7: Intermediate occupations,220,231,-11
E01000364,L8 and L9: Small employers and own account workers,168,149,19
E01000365,"L1, L2 and L3: Higher managerial, administrative and professional occupations",179,116,63
E01000365,L10 and L11: Lower supervisory and technical occupations,60,86,-26
E01000365,L12: Semi-routine occupations,162,145,17
E01000365,L13: Routine occupations,137,79,58
E01000365,L14.1 and L14.2: Never worked and long-term unemployed,103,29,74
E01000365,L15: Full-time students,72,90,-18
E01000365,"L4, L5 and L6: Lower managerial, administrative and professional occupations",319,252,67
E01000365,L7: Intermediate occupations,225,221,4
E01000365,L8 and L9: Small employers and own account workers,136,118,18
E01000366,"L1, L2 and L3: Higher managerial, administrative and professional occupations",250,144,106
E01000366,L10 and L11: Lower supervisory and technical occupations,61,73,-12
E01000366,L12: Semi-routine occupations,112,109,3
E01000366,L13: Routine occupations,79,80,-1
E01000366,L14.1 and L14.2: Never worked and long-term unemployed,83,39,44
E01000366,L15: Full-time students,66,72,-6
E01000366,"L4, L5 and L6: Lower managerial, administrative and professional occupations",310,298,12
E01000366,L7: Intermediate occupations,206,242,-36
E01000366,L8 and L9: Small employers and own account workers,145,123,22
E01000367,"L1, L2 and L3: Higher managerial, administrative and professional occupations",111,52,59
E01000367,L10 and L11: Lower supervisory and technical occupations,108,86,22
E01000367,L12: Semi-routine occupations,228,204,24
E01000367,L13: Routine occupations,234,171,63
E01000367,L14.1 and L14.2: Never worked and long-term unemployed,173,86,87
E01000367,L15: Full-time students,156,93,63
E01000367,"L4, L5 and L6: Lower managerial, administrative and professional occupations",310,179,131
E01000367,L7: Intermediate occupations,203,163,40
E01000367,L8 and L9: Small employers and own account workers,156,92,64
E01000368,"L1, L2 and L3: Higher managerial, administrative and professional occupations",89,57,32
E01000368,L10 and L11: Lower supervisory and technical occupations,83,81,2
E01000368,L12: Semi-routine occupations,183,202,-19
E01000368,L13: Routine occupations,184,170,14
E01000368,L14.1 and L14.2: Never worked and long-term unemployed,131,64,67
E01000368,L15: Full-time students,99,83,16
E01000368,"L4, L5 and L6: Lower managerial, administrative and professional occupations",202,177,25
E01000368,L7: Intermediate occupations,174,148,26
E01000368,L8 and L9: Small employers and own account workers,114,74,40
E01000369,"L1, L2 and L3: Higher managerial, administrative and professional occupations",143,96,47
E01000369,L10 and L11: Lower supervisory and technical occupations,87,99,-12
E01000369,L12: Semi-routine occupations,159,183,-24
E01000369,L13: Routine occupations,166,139,27
E01000369,L14.1 and L14.2: Never worked and long-term unemployed,93,40,53
E01000369,L15: Full-time students,81,94,-13
E01000369,"L4, L5 and L6: Lower managerial, administrative and professional occupations",294,227,67
E01000369,L7: Intermediate occupations,222,257,-35
E01000369,L8 and L9: Small employers and own account workers,152,106,46
E01000370,"L1, L2 and L3: Higher managerial, administrative and professional occupations",199,95,104
E01000370,L10 and L11: Lower supervisory and technical occupations,77,87,-10
E01000370,L12: Semi-routine occupations,125,149,-24
E01000370,L13: Routine occupations,105,82,23
E01000370,L14.1 and L14.2: Never worked and long-term unemployed,76,31,45
E01000370,L15: Full-time students,57,70,-13
E01000370,"L4, L5 and L6: Lower managerial, administrative and professional occupations",294,269,25
E01000370,L7: Intermediate occupations,228,246,-18
E01000370,L8 and L9: Small employers and own account workers,138,107,31
E01000371,"L1, L2 and L3: Higher managerial, administrative and professional occupations",150,98,52
E01000371,L10 and L11: Lower supervisory and technical occupations,82,93,-11
E01000371,L12: Semi-routine occupations,150,145,5
E01000371,L13: Routine occupations,116,86,30
E01000371,L14.1 and L14.2: Never worked and long-term unemployed,75,26,49
E01000371,L15: Full-time students,65,69,-4
E01000371,"L4, L5 and L6: Lower managerial, administrative and professional occupations",319,272,47
E01000371,L7: Intermediate occupations,201,240,-39
E01000371,L8 and L9: Small employers and own account workers,137,123,14
E01000372,"L1, L2 and L3: Higher managerial, administrative and professional occupations",125,54,71
E01000372,L10 and L11: Lower supervisory and technical occupations,69,97,-28
E01000372,L12: Semi-routine occupations,174,201,-27
E01000372,L13: Routine occupations,188,161,27
E01000372,L14.1 and L14.2: Never worked and long-term unemployed,143,103,40
E01000372,L15: Full-time students,102,108,-6
E01000372,"L4, L5 and L6: Lower managerial, administrative and professional occupations",227,193,34
E01000372,L7: Intermediate occupations,170,161,9
E01000372,L8 and L9: Small employers and own account workers,106,95,11
E01000373,"L1, L2 and L3: Higher managerial, administrative and professional occupations",106,27,79
E01000373,L10 and L11: Lower supervisory and technical occupations,48,67,-19
E01000373,L12: Semi-routine occupations,96,205,-109
E01000373,L13: Routine occupations,117,175,-58
E01000373,L14.1 and L14.2: Never worked and long-term unemployed,60,150,-90
E01000373,L15: Full-time students,87,94,-7
E01000373,"L4, L5 and L6: Lower managerial, administrative and professional occupations",199,124,75
E01000373,L7: Intermediate occupations,125,134,-9
E01000373,L8 and L9: Small employers and own account workers,68,58,10
E01000374,"L1, L2 and L3: Higher managerial, administrative and professional occupations",90,36,54
E01000374,L10 and L11: Lower supervisory and technical occupations,59,83,-24
E01000374,L12: Semi-routine occupations,163,180,-17
E01000374,L13: Routine occupations,174,154,20
E01000374,L14.1 and L14.2: Never worked and long-term unemployed,131,94,37
E01000374,L15: Full-time students,111,91,20
E01000374,"L4, L5 and L6: Lower managerial, administrative and professional occupations",201,146,55
E01000374,L7: Intermediate occupations,134,128,6
E01000374,L8 and L9: Small employers and own account workers,104,85,19
E01000375,"L1, L2 and L3: Higher managerial, administrative and professional occupations",208,65,143
E01000375,L10 and L11: Lower supervisory and technical occupations,86,84,2
E01000375,L12: Semi-routine occupations,184,172,12
E01000375,L13: Routine occupations,193,117,76
E01000375,L14.1 and L14.2: Never worked and long-term unemployed,110,63,47
E01000375,L15: Full-time students,123,115,8
E01000375,"L4, L5 and L6: Lower managerial, administrative and professional occupations",348,205,143
E01000375,L7: Intermediate occupations,221,159,62
E01000375,L8 and L9: Small employers and own account workers,174,98,76
E01000376,"L1, L2 and L3: Higher managerial, administrative and professional occupations",161,84,77
E01000376,L10 and L11: Lower supervisory and technical occupations,71,95,-24
E01000376,L12: Semi-routine occupations,130,149,-19
E01000376,L13: Routine occupations,144,104,40
E01000376,L14.1 and L14.2: Never worked and long-term unemployed,68,42,26
E01000376,L15: Full-time students,90,68,22
E01000376,"L4, L5 and L6: Lower managerial, administrative and professional occupations",276,218,58
E01000376,L7: Intermediate occupations,204,209,-5
E01000376,L8 and L9: Small employers and own account workers,138,116,22
E01000377,"L1, L2 and L3: Higher managerial, administrative and professional occupations",157,100,57
E01000377,L10 and L11: Lower supervisory and technical occupations,70,77,-7
E01000377,L12: Semi-routine occupations,112,137,-25
E01000377,L13: Routine occupations,130,85,45
E01000377,L14.1 and L14.2: Never worked and long-term unemployed,77,22,55
E01000377,L15: Full-time students,53,60,-7
E01000377,"L4, L5 and L6: Lower managerial, administrative and professional occupations",277,245,32
E01000377,L7: Intermediate occupations,201,215,-14
E01000377,L8 and L9: Small employers and own account workers,139,111,28
E01000379,"L1, L2 and L3: Higher managerial, administrative and professional occupations",203,95,108
E01000379,L10 and L11: Lower supervisory and technical occupations,61,108,-47
E01000379,L12: Semi-routine occupations,145,141,4
E01000379,L13: Routine occupations,148,103,45
E01000379,L14.1 and L14.2: Never worked and long-term unemployed,99,60,39
E01000379,L15: Full-time students,113,92,21
E01000379,"L4, L5 and L6: Lower managerial, administrative and professional occupations",280,264,16
E01000379,L7: Intermediate occupations,190,224,-34
E01000379,L8 and L9: Small employers and own account workers,131,97,34
E01000380,"L1, L2 and L3: Higher managerial, administrative and professional occupations",125,70,55
E01000380,L10 and L11: Lower supervisory and technical occupations,94,75,19
E01000380,L12: Semi-routine occupations,206,188,18
E01000380,L13: Routine occupations,221,144,77
E01000380,L14.1 and L14.2: Never worked and long-term unemployed,119,51,68
E01000380,L15: Full-time students,65,64,1
E01000380,"L4, L5 and L6: Lower managerial, administrative and professional occupations",268,166,102
E01000380,L7: Intermediate occupations,227,195,32
E01000380,L8 and L9: Small employers and own account workers,154,102,52
E01000381,"L1, L2 and L3: Higher managerial, administrative and professional occupations",134,93,41
E01000381,L10 and L11: Lower supervisory and technical occupations,68,61,7
E01000381,L12: Semi-routine occupations,145,157,-12
E01000381,L13: Routine occupations,122,118,4
E01000381,L14.1 and L14.2: Never worked and long-term unemployed,156,58,98
E01000381,L15: Full-time students,77,77,0
E01000381,"L4, L5 and L6: Lower managerial, administrative and professional occupations",237,228,9
E01000381,L7: Intermediate occupations,188,200,-12
E01000381,L8 and L9: Small employers and own account workers,146,112,34
E01000382,"L1, L2 and L3: Higher managerial, administrative and professional occupations",240,132,108
E01000382,L10 and L11: Lower supervisory and technical occupations,54,63,-9
E01000382,L12: Semi-routine occupations,107,121,-14
E01000382,L13: Routine occupations,69,44,25
E01000382,L14.1 and L14.2: Never worked and long-term unemployed,65,24,41
E01000382,L15: Full-time students,84,73,11
E01000382,"L4, L5 and L6: Lower managerial, administrative and professional occupations",312,284,28
E01000382,L7: Intermediate occupations,216,225,-9
E01000382,L8 and L9: Small employers and own account workers,135,130,5
E01000383,"L1, L2 and L3: Higher managerial, administrative and professional occupations",173,113,60
E01000383,L10 and L11: Lower supervisory and technical occupations,75,68,7
E01000383,L12: Semi-routine occupations,146,139,7
E01000383,L13: Routine occupations,106,86,20
E01000383,L14.1 and L14.2: Never worked and long-term unemployed,97,45,52
E01000383,L15: Full-time students,51,62,-11
E01000383,"L4, L5 and L6: Lower managerial, administrative and professional occupations",292,231,61
E01000383,L7: Intermediate occupations,179,195,-16
E01000383,L8 and L9: Small employers and own account workers,179,149,30
E01000384,"L1, L2 and L3: Higher managerial, administrative and professional occupations",197,142,55
E01000384,L10 and L11: Lower supervisory and technical occupations,70,69,1
E01000384,L12: Semi-routine occupations,134,132,2
E01000384,L13: Routine occupations,98,85,13
E01000384,L14.1 and L14.2: Never worked and long-term unemployed,82,37,45
E01000384,L15: Full-time students,103,117,-14
E01000384,"L4, L5 and L6: Lower managerial, administrative and professional occupations",347,292,55
E01000384,L7: Intermediate occupations,192,223,-31
E01000384,L8 and L9: Small employers and own account workers,172,125,47
E01000385,"L1, L2 and L3: Higher managerial, administrative and professional occupations",128,65,63
E01000385,L10 and L11: Lower supervisory and technical occupations,72,94,-22
E01000385,L12: Semi-routine occupations,207,189,18
E01000385,L13: Routine occupations,164,147,17
E01000385,L14.1 and L14.2: Never worked and long-term unemployed,163,103,60
E01000385,L15: Full-time students,122,104,18
E01000385,"L4, L5 and L6: Lower managerial, administrative and professional occupations",275,242,33
E01000385,L7: Intermediate occupations,191,213,-22
E01000385,L8 and L9: Small employers and own account workers,161,113,48
E01000386,"L1, L2 and L3: Higher managerial, administrative and professional occupations",99,46,53
E01000386,L10 and L11: Lower supervisory and technical occupations,82,70,12
E01000386,L12: Semi-routine occupations,171,167,4
E01000386,L13: Routine occupations,171,117,54
E01000386,L14.1 and L14.2: Never worked and long-term unemployed,191,96,95
E01000386,L15: Full-time students,82,89,-7
E01000386,"L4, L5 and L6: Lower managerial, administrative and professional occupations",200,176,24
E01000386,L7: Intermediate occupations,124,132,-8
E01000386,L8 and L9: Small employers and own account workers,115,91,24
E01000387,"L1, L2 and L3: Higher managerial, administrative and professional occupations",214,114,100
E01000387,L10 and L11: Lower supervisory and technical occupations,86,82,4
E01000387,L12: Semi-routine occupations,115,126,-11
E01000387,L13: Routine occupations,102,76,26
E01000387,L14.1 and L14.2: Never worked and long-term unemployed,75,36,39
E01000387,L15: Full-time students,54,85,-31
E01000387,"L4, L5 and L6: Lower managerial, administrative and professional occupations",304,255,49
E01000387,L7: Intermediate occupations,219,208,11
E01000387,L8 and L9: Small employers and own account workers,116,113,3
E01000388,"L1, L2 and L3: Higher managerial, administrative and professional occupations",190,108,82
E01000388,L10 and L11: Lower supervisory and technical occupations,57,68,-11
E01000388,L12: Semi-routine occupations,116,148,-32
E01000388,L13: Routine occupations,93,65,28
E01000388,L14.1 and L14.2: Never worked and long-term unemployed,86,36,50
E01000388,L15: Full-time students,66,87,-21
E01000388,"L4, L5 and L6: Lower managerial, administrative and professional occupations",268,234,34
E01000388,L7: Intermediate occupations,205,227,-22
E01000388,L8 and L9: Small employers and own account workers,153,128,25
E01000389,"L1, L2 and L3: Higher managerial, administrative and professional occupations",246,136,110
E01000389,L10 and L11: Lower supervisory and technical occupations,43,78,-35
E01000389,L12: Semi-routine occupations,114,129,-15
E01000389,L13: Routine occupations,100,64,36
E01000389,L14.1 and L14.2: Never worked and long-term unemployed,99,42,57
E01000389,L15: Full-time students,71,76,-5
E01000389,"L4, L5 and L6: Lower managerial, administrative and professional occupations",328,291,37
E01000389,L7: Intermediate occupations,214,251,-37
E01000389,L8 and L9: Small employers and own account workers,172,149,23
E01000390,"L1, L2 and L3: Higher managerial, administrative and professional occupations",149,82,67
E01000390,L10 and L11: Lower supervisory and technical occupations,51,60,-9
E01000390,L12: Semi-routine occupations,102,96,6
E01000390,L13: Routine occupations,87,82,5
E01000390,L14.1 and L14.2: Never worked and long-term unemployed,68,37,31
E01000390,L15: Full-time students,58,69,-11
E01000390,"L4, L5 and L6: Lower managerial, administrative and professional occupations",246,199,47
E01000390,L7: Intermediate occupations,177,187,-10
E01000390,L8 and L9: Small employers and own account workers,133,123,10
E01000391,"L1, L2 and L3: Higher managerial, administrative and professional occupations",151,77,74
E01000391,L10 and L11: Lower supervisory and technical occupations,76,112,-36
E01000391,L12: Semi-routine occupations,182,158,24
E01000391,L13: Routine occupations,152,112,40
E01000391,L14.1 and L14.2: Never worked and long-term unemployed,93,57,36
E01000391,L15: Full-time students,87,113,-26
E01000391,"L4, L5 and L6: Lower managerial, administrative and professional occupations",259,231,28
E01000391,L7: Intermediate occupations,204,237,-33
E01000391,L8 and L9: Small employers and own account workers,168,152,16
E01000392,"L1, L2 and L3: Higher managerial, administrative and professional occupations",177,81,96
E01000392,L10 and L11: Lower supervisory and technical occupations,91,76,15
E01000392,L12: Semi-routine occupations,181,188,-7
E01000392,L13: Routine occupations,158,125,33
E01000392,L14.1 and L14.2: Never worked and long-term unemployed,119,86,33
E01000392,L15: Full-time students,112,120,-8
E01000392,"L4, L5 and L6: Lower managerial, administrative and professional occupations",289,208,81
E01000392,L7: Intermediate occupations,194,196,-2
E01000392,L8 and L9: Small employers and own account workers,174,85,89
E01000393,"L1, L2 and L3: Higher managerial, administrative and professional occupations",198,106,92
E01000393,L10 and L11: Lower supervisory and technical occupations,48,84,-36
E01000393,L12: Semi-routine occupations,155,150,5
E01000393,L13: Routine occupations,109,93,16
E01000393,L14.1 and L14.2: Never worked and long-term unemployed,87,34,53
E01000393,L15: Full-time students,69,101,-32
E01000393,"L4, L5 and L6: Lower managerial, administrative and professional occupations",287,254,33
E01000393,L7: Intermediate occupations,207,246,-39
E01000393,L8 and L9: Small employers and own account workers,178,131,47
E01000394,"L1, L2 and L3: Higher managerial, administrative and professional occupations",250,118,132
E01000394,L10 and L11: Lower supervisory and technical occupations,62,57,5
E01000394,L12: Semi-routine occupations,120,119,1
E01000394,L13: Routine occupations,99,65,34
E01000394,L14.1 and L14.2: Never worked and long-term unemployed,97,25,72
E01000394,L15: Full-time students,65,64,1
E01000394,"L4, L5 and L6: Lower managerial, administrative and professional occupations",282,225,57
E01000394,L7: Intermediate occupations,229,230,-1
E01000394,L8 and L9: Small employers and own account workers,128,117,11
E01000395,"L1, L2 and L3: Higher managerial, administrative and professional occupations",205,95,110
E01000395,L10 and L11: Lower supervisory and technical occupations,53,63,-10
E01000395,L12: Semi-routine occupations,126,112,14
E01000395,L13: Routine occupations,77,68,9
E01000395,L14.1 and L14.2: Never worked and long-term unemployed,91,31,60
E01000395,L15: Full-time students,80,109,-29
E01000395,"L4, L5 and L6: Lower managerial, administrative and professional occupations",279,249,30
E01000395,L7: Intermediate occupations,201,226,-25
E01000395,L8 and L9: Small employers and own account workers,141,114,27
E01000396,"L1, L2 and L3: Higher managerial, administrative and professional occupations",166,107,59
E01000396,L10 and L11: Lower supervisory and technical occupations,59,77,-18
E01000396,L12: Semi-routine occupations,108,145,-37
E01000396,L13: Routine occupations,113,72,41
E01000396,L14.1 and L14.2: Never worked and long-term unemployed,81,26,55
E01000396,L15: Full-time students,56,80,-24
E01000396,"L4, L5 and L6: Lower managerial, administrative and professional occupations",270,222,48
E01000396,L7: Intermediate occupations,190,193,-3
E01000396,L8 and L9: Small employers and own account workers,117,104,13
E01000398,"L1, L2 and L3: Higher managerial, administrative and professional occupations",139,66,73
E01000398,L10 and L11: Lower supervisory and technical occupations,84,89,-5
E01000398,L12: Semi-routine occupations,147,167,-20
E01000398,L13: Routine occupations,161,119,42
E01000398,L14.1 and L14.2: Never worked and long-term unemployed,134,73,61
E01000398,L15: Full-time students,74,90,-16
E01000398,"L4, L5 and L6: Lower managerial, administrative and professional occupations",226,205,21
E01000398,L7: Intermediate occupations,199,216,-17
E01000398,L8 and L9: Small employers and own account workers,127,107,20
E01000399,"L1, L2 and L3: Higher managerial, administrative and professional occupations",171,109,62
E01000399,L10 and L11: Lower supervisory and technical occupations,76,62,14
E01000399,L12: Semi-routine occupations,117,142,-25
E01000399,L13: Routine occupations,137,101,36
E01000399,L14.1 and L14.2: Never worked and long-term unemployed,100,50,50
E01000399,L15: Full-time students,67,87,-20
E01000399,"L4, L5 and L6: Lower managerial, administrative and professional occupations",276,231,45
E01000399,L7: Intermediate occupations,180,228,-48
E01000399,L8 and L9: Small employers and own account workers,167,126,41
E01000400,"L1, L2 and L3: Higher managerial, administrative and professional occupations",175,86,89
E01000400,L10 and L11: Lower supervisory and technical occupations,67,74,-7
E01000400,L12: Semi-routine occupations,143,145,-2
E01000400,L13: Routine occupations,126,106,20
E01000400,L14.1 and L14.2: Never worked and long-term unemployed,109,37,72
E01000400,L15: Full-time students,80,97,-17
E01000400,"L4, L5 and L6: Lower managerial, administrative and professional occupations",274,203,71
E01000400,L7: Intermediate occupations,184,234,-50
E01000400,L8 and L9: Small employers and own account workers,133,127,6
E01000401,"L1, L2 and L3: Higher managerial, administrative and professional occupations",131,76,55
E01000401,L10 and L11: Lower supervisory and technical occupations,81,92,-11
E01000401,L12: Semi-routine occupations,192,203,-11
E01000401,L13: Routine occupations,169,127,42
E01000401,L14.1 and L14.2: Never worked and long-term unemployed,195,64,131
E01000401,L15: Full-time students,110,100,10
E01000401,"L4, L5 and L6: Lower managerial, administrative and professional occupations",242,187,55
E01000401,L7: Intermediate occupations,187,202,-15
E01000401,L8 and L9: Small employers and own account workers,151,113,38
E01000402,"L1, L2 and L3: Higher managerial, administrative and professional occupations",135,78,57
E01000402,L10 and L11: Lower supervisory and technical occupations,61,68,-7
E01000402,L12: Semi-routine occupations,171,155,16
E01000402,L13: Routine occupations,172,115,57
E01000402,L14.1 and L14.2: Never worked and long-term unemployed,125,74,51
E01000402,L15: Full-time students,92,88,4
E01000402,"L4, L5 and L6: Lower managerial, administrative and professional occupations",216,230,-14
E01000402,L7: Intermediate occupations,163,199,-36
E01000402,L8 and L9: Small employers and own account workers,115,98,17
E01000403,"L1, L2 and L3: Higher managerial, administrative and professional occupations",153,97,56
E01000403,L10 and L11: Lower supervisory and technical occupations,113,100,13
E01000403,L12: Semi-routine occupations,264,241,23
E01000403,L13: Routine occupations,225,164,61
E01000403,L14.1 and L14.2: Never worked and long-term unemployed,193,115,78
E01000403,L15: Full-time students,106,96,10
E01000403,"L4, L5 and L6: Lower managerial, administrative and professional occupations",356,260,96
E01000403,L7: Intermediate occupations,237,242,-5
E01000403,L8 and L9: Small employers and own account workers,181,120,61
E01000404,"L1, L2 and L3: Higher managerial, administrative and professional occupations",136,123,13
E01000404,L10 and L11: Lower supervisory and technical occupations,82,86,-4
E01000404,L12: Semi-routine occupations,229,248,-19
E01000404,L13: Routine occupations,220,168,52
E01000404,L14.1 and L14.2: Never worked and long-term unemployed,203,161,42
E01000404,L15: Full-time students,170,170,0
E01000404,"L4, L5 and L6: Lower managerial, administrative and professional occupations",322,267,55
E01000404,L7: Intermediate occupations,191,242,-51
E01000404,L8 and L9: Small employers and own account workers,140,120,20
E01000405,"L1, L2 and L3: Higher managerial, administrative and professional occupations",109,53,56
E01000405,L10 and L11: Lower supervisory and technical occupations,58,74,-16
E01000405,L12: Semi-routine occupations,132,168,-36
E01000405,L13: Routine occupations,136,121,15
E01000405,L14.1 and L14.2: Never worked and long-term unemployed,133,68,65
E01000405,L15: Full-time students,129,79,50
E01000405,"L4, L5 and L6: Lower managerial, administrative and professional occupations",220,197,23
E01000405,L7: Intermediate occupations,141,144,-3
E01000405,L8 and L9: Small employers and own account workers,115,79,36
E01000406,"L1, L2 and L3: Higher managerial, administrative and professional occupations",161,79,82
E01000406,L10 and L11: Lower supervisory and technical occupations,90,75,15
E01000406,L12: Semi-routine occupations,194,183,11
E01000406,L13: Routine occupations,175,136,39
E01000406,L14.1 and L14.2: Never worked and long-term unemployed,142,78,64
E01000406,L15: Full-time students,97,138,-41
E01000406,"L4, L5 and L6: Lower managerial, administrative and professional occupations",341,198,143
E01000406,L7: Intermediate occupations,199,165,34
E01000406,L8 and L9: Small employers and own account workers,200,118,82
E01000407,"L1, L2 and L3: Higher managerial, administrative and professional occupations",240,88,152
E01000407,L10 and L11: Lower supervisory and technical occupations,62,74,-12
E01000407,L12: Semi-routine occupations,151,146,5
E01000407,L13: Routine occupations,149,118,31
E01000407,L14.1 and L14.2: Never worked and long-term unemployed,112,71,41
E01000407,L15: Full-time students,95,59,36
E01000407,"L4, L5 and L6: Lower managerial, administrative and professional occupations",320,202,118
E01000407,L7: Intermediate occupations,235,197,38
E01000407,L8 and L9: Small employers and own account workers,147,110,37
E01000408,"L1, L2 and L3: Higher managerial, administrative and professional occupations",115,49,66
E01000408,L10 and L11: Lower supervisory and technical occupations,67,79,-12
E01000408,L12: Semi-routine occupations,155,172,-17
E01000408,L13: Routine occupations,178,159,19
E01000408,L14.1 and L14.2: Never worked and long-term unemployed,142,93,49
E01000408,L15: Full-time students,129,131,-2
E01000408,"L4, L5 and L6: Lower managerial, administrative and professional occupations",224,207,17
E01000408,L7: Intermediate occupations,189,186,3
E01000408,L8 and L9: Small employers and own account workers,143,109,34
E01000409,"L1, L2 and L3: Higher managerial, administrative and professional occupations",194,113,81
E01000409,L10 and L11: Lower supervisory and technical occupations,70,101,-31
E01000409,L12: Semi-routine occupations,154,192,-38
E01000409,L13: Routine occupations,121,99,22
E01000409,L14.1 and L14.2: Never worked and long-term unemployed,74,30,44
E01000409,L15: Full-time students,69,76,-7
E01000409,"L4, L5 and L6: Lower managerial, administrative and professional occupations",303,233,70
E01000409,L7: Intermediate occupations,244,256,-12
E01000409,L8 and L9: Small employers and own account workers,143,110,33
E01000410,"L1, L2 and L3: Higher managerial, administrative and professional occupations",181,106,75
E01000410,L10 and L11: Lower supervisory and technical occupations,82,101,-19
E01000410,L12: Semi-routine occupations,125,144,-19
E01000410,L13: Routine occupations,104,88,16
E01000410,L14.1 and L14.2: Never worked and long-term unemployed,75,38,37
E01000410,L15: Full-time students,83,79,4
E01000410,"L4, L5 and L6: Lower managerial, administrative and professional occupations",280,233,47
E01000410,L7: Intermediate occupations,213,249,-36
E01000410,L8 and L9: Small employers and own account workers,147,114,33
E01000411,"L1, L2 and L3: Higher managerial, administrative and professional occupations",155,58,97
E01000411,L10 and L11: Lower supervisory and technical occupations,68,77,-9
E01000411,L12: Semi-routine occupations,121,137,-16
E01000411,L13: Routine occupations,114,81,33
E01000411,L14.1 and L14.2: Never worked and long-term unemployed,81,31,50
E01000411,L15: Full-time students,76,77,-1
E01000411,"L4, L5 and L6: Lower managerial, administrative and professional occupations",250,212,38
E01000411,L7: Intermediate occupations,205,242,-37
E01000411,L8 and L9: Small employers and own account workers,150,113,37
E01000412,"L1, L2 and L3: Higher managerial, administrative and professional occupations",202,93,109
E01000412,L10 and L11: Lower supervisory and technical occupations,75,74,1
E01000412,L12: Semi-routine occupations,150,130,20
E01000412,L13: Routine occupations,116,93,23
E01000412,L14.1 and L14.2: Never worked and long-term unemployed,66,30,36
E01000412,L15: Full-time students,90,94,-4
E01000412,"L4, L5 and L6: Lower managerial, administrative and professional occupations",299,282,17
E01000412,L7: Intermediate occupations,200,258,-58
E01000412,L8 and L9: Small employers and own account workers,181,140,41
E01000413,"L1, L2 and L3: Higher managerial, administrative and professional occupations",108,61,47
E01000413,L10 and L11: Lower supervisory and technical occupations,81,78,3
E01000413,L12: Semi-routine occupations,121,132,-11
E01000413,L13: Routine occupations,106,80,26
E01000413,L14.1 and L14.2: Never worked and long-term unemployed,67,38,29
E01000413,L15: Full-time students,72,79,-7
E01000413,"L4, L5 and L6: Lower managerial, administrative and professional occupations",204,170,34
E01000413,L7: Intermediate occupations,195,191,4
E01000413,L8 and L9: Small employers and own account workers,137,137,0
E01000414,"L1, L2 and L3: Higher managerial, administrative and professional occupations",194,109,85
E01000414,L10 and L11: Lower supervisory and technical occupations,70,106,-36
E01000414,L12: Semi-routine occupations,197,150,47
E01000414,L13: Routine occupations,134,93,41
E01000414,L14.1 and L14.2: Never worked and long-term unemployed,119,62,57
E01000414,L15: Full-time students,117,109,8
E01000414,"L4, L5 and L6: Lower managerial, administrative and professional occupations",306,237,69
E01000414,L7: Intermediate occupations,217,213,4
E01000414,L8 and L9: Small employers and own account workers,184,130,54
E01000415,"L1, L2 and L3: Higher managerial, administrative and professional occupations",191,101,90
E01000415,L10 and L11: Lower supervisory and technical occupations,66,94,-28
E01000415,L12: Semi-routine occupations,119,113,6
E01000415,L13: Routine occupations,102,78,24
E01000415,L14.1 and L14.2: Never worked and long-term unemployed,79,40,39
E01000415,L15: Full-time students,57,97,-40
E01000415,"L4, L5 and L6: Lower managerial, administrative and professional occupations",248,227,21
E01000415,L7: Intermediate occupations,229,236,-7
E01000415,L8 and L9: Small employers and own account workers,139,128,11
E01000416,"L1, L2 and L3: Higher managerial, administrative and professional occupations",105,51,54
E01000416,L10 and L11: Lower supervisory and technical occupations,69,72,-3
E01000416,L12: Semi-routine occupations,166,165,1
E01000416,L13: Routine occupations,175,116,59
E01000416,L14.1 and L14.2: Never worked and long-term unemployed,183,109,74
E01000416,L15: Full-time students,166,138,28
E01000416,"L4, L5 and L6: Lower managerial, administrative and professional occupations",188,197,-9
E01000416,L7: Intermediate occupations,113,139,-26
E01000416,L8 and L9: Small employers and own account workers,145,92,53
E01000417,"L1, L2 and L3: Higher managerial, administrative and professional occupations",191,112,79
E01000417,L10 and L11: Lower supervisory and technical occupations,59,83,-24
E01000417,L12: Semi-routine occupations,147,176,-29
E01000417,L13: Routine occupations,139,102,37
E01000417,L14.1 and L14.2: Never worked and long-term unemployed,110,66,44
E01000417,L15: Full-time students,89,79,10
E01000417,"L4, L5 and L6: Lower managerial, administrative and professional occupations",272,252,20
E01000417,L7: Intermediate occupations,196,235,-39
E01000417,L8 and L9: Small employers and own account workers,184,133,51
E01000418,"L1, L2 and L3: Higher managerial, administrative and professional occupations",165,105,60
E01000418,L10 and L11: Lower supervisory and technical occupations,88,102,-14
E01000418,L12: Semi-routine occupations,164,215,-51
E01000418,L13: Routine occupations,181,122,59
E01000418,L14.1 and L14.2: Never worked and long-term unemployed,150,94,56
E01000418,L15: Full-time students,128,140,-12
E01000418,"L4, L5 and L6: Lower managerial, administrative and professional occupations",294,251,43
E01000418,L7: Intermediate occupations,183,222,-39
E01000418,L8 and L9: Small employers and own account workers,173,137,36
E01000419,"L1, L2 and L3: Higher managerial, administrative and professional occupations",147,82,65
E01000419,L10 and L11: Lower supervisory and technical occupations,68,94,-26
E01000419,L12: Semi-routine occupations,120,122,-2
E01000419,L13: Routine occupations,145,99,46
E01000419,L14.1 and L14.2: Never worked and long-term unemployed,110,26,84
E01000419,L15: Full-time students,70,75,-5
E01000419,"L4, L5 and L6: Lower managerial, administrative and professional occupations",238,203,35
E01000419,L7: Intermediate occupations,176,215,-39
E01000419,L8 and L9: Small employers and own account workers,163,114,49
E01000420,"L1, L2 and L3: Higher managerial, administrative and professional occupations",156,100,56
E01000420,L10 and L11: Lower supervisory and technical occupations,64,84,-20
E01000420,L12: Semi-routine occupations,135,152,-17
E01000420,L13: Routine occupations,114,98,16
E01000420,L14.1 and L14.2: Never worked and long-term unemployed,88,32,56
E01000420,L15: Full-time students,79,108,-29
E01000420,"L4, L5 and L6: Lower managerial, administrative and professional occupations",273,252,21
E01000420,L7: Intermediate occupations,185,203,-18
E01000420,L8 and L9: Small employers and own account workers,136,117,19
E01000421,"L1, L2 and L3: Higher managerial, administrative and professional occupations",198,105,93
E01000421,L10 and L11: Lower supervisory and technical occupations,55,59,-4
E01000421,L12: Semi-routine occupations,129,138,-9
E01000421,L13: Routine occupations,93,84,9
E01000421,L14.1 and L14.2: Never worked and long-term unemployed,96,23,73
E01000421,L15: Full-time students,53,86,-33
E01000421,"L4, L5 and L6: Lower managerial, administrative and professional occupations",260,205,55
E01000421,L7: Intermediate occupations,247,223,24
E01000421,L8 and L9: Small employers and own account workers,152,105,47
E01000422,"L1, L2 and L3: Higher managerial, administrative and professional occupations",59,48,11
E01000422,L10 and L11: Lower supervisory and technical occupations,42,76,-34
E01000422,L12: Semi-routine occupations,147,199,-52
E01000422,L13: Routine occupations,138,138,0
E01000422,L14.1 and L14.2: Never worked and long-term unemployed,130,180,-50
E01000422,L15: Full-time students,112,162,-50
E01000422,"L4, L5 and L6: Lower managerial, administrative and professional occupations",178,162,16
E01000422,L7: Intermediate occupations,85,145,-60
E01000422,L8 and L9: Small employers and own account workers,83,80,3
E01000423,"L1, L2 and L3: Higher managerial, administrative and professional occupations",250,134,116
E01000423,L10 and L11: Lower supervisory and technical occupations,56,56,0
E01000423,L12: Semi-routine occupations,111,133,-22
E01000423,L13: Routine occupations,66,63,3
E01000423,L14.1 and L14.2: Never worked and long-term unemployed,78,22,56
E01000423,L15: Full-time students,88,75,13
E01000423,"L4, L5 and L6: Lower managerial, administrative and professional occupations",306,320,-14
E01000423,L7: Intermediate occupations,191,225,-34
E01000423,L8 and L9: Small employers and own account workers,153,126,27
E01000424,"L1, L2 and L3: Higher managerial, administrative and professional occupations",329,186,143
E01000424,L10 and L11: Lower supervisory and technical occupations,51,62,-11
E01000424,L12: Semi-routine occupations,99,96,3
E01000424,L13: Routine occupations,68,55,13
E01000424,L14.1 and L14.2: Never worked and long-term unemployed,83,37,46
E01000424,L15: Full-time students,105,93,12
E01000424,"L4, L5 and L6: Lower managerial, administrative and professional occupations",395,389,6
E01000424,L7: Intermediate occupations,227,255,-28
E01000424,L8 and L9: Small employers and own account workers,142,107,35
E01000425,"L1, L2 and L3: Higher managerial, administrative and professional occupations",270,131,139
E01000425,L10 and L11: Lower supervisory and technical occupations,53,71,-18
E01000425,L12: Semi-routine occupations,94,107,-13
E01000425,L13: Routine occupations,88,58,30
E01000425,L14.1 and L14.2: Never worked and long-term unemployed,134,50,84
E01000425,L15: Full-time students,74,84,-10
E01000425,"L4, L5 and L6: Lower managerial, administrative and professional occupations",329,307,22
E01000425,L7: Intermediate occupations,257,255,2
E01000425,L8 and L9: Small employers and own account workers,165,138,27
E01000426,"L1, L2 and L3: Higher managerial, administrative and professional occupations",220,154,66
E01000426,L10 and L11: Lower supervisory and technical occupations,66,68,-2
E01000426,L12: Semi-routine occupations,128,127,1
E01000426,L13: Routine occupations,79,61,18
E01000426,L14.1 and L14.2: Never worked and long-term unemployed,80,44,36
E01000426,L15: Full-time students,78,83,-5
E01000426,"L4, L5 and L6: Lower managerial, administrative and professional occupations",330,334,-4
E01000426,L7: Intermediate occupations,220,236,-16
E01000426,L8 and L9: Small employers and own account workers,156,126,30
E01000427,"L1, L2 and L3: Higher managerial, administrative and professional occupations",234,152,82
E01000427,L10 and L11: Lower supervisory and technical occupations,69,83,-14
E01000427,L12: Semi-routine occupations,149,173,-24
E01000427,L13: Routine occupations,138,96,42
E01000427,L14.1 and L14.2: Never worked and long-term unemployed,103,42,61
E01000427,L15: Full-time students,103,101,2
E01000427,"L4, L5 and L6: Lower managerial, administrative and professional occupations",382,313,69
E01000427,L7: Intermediate occupations,309,267,42
E01000427,L8 and L9: Small employers and own account workers,170,123,47
E01000428,"L1, L2 and L3: Higher managerial, administrative and professional occupations",209,143,66
E01000428,L10 and L11: Lower supervisory and technical occupations,55,49,6
E01000428,L12: Semi-routine occupations,162,147,15
E01000428,L13: Routine occupations,130,77,53
E01000428,L14.1 and L14.2: Never worked and long-term unemployed,159,47,112
E01000428,L15: Full-time students,120,211,-91
E01000428,"L4, L5 and L6: Lower managerial, administrative and professional occupations",363,290,73
E01000428,L7: Intermediate occupations,227,183,44
E01000428,L8 and L9: Small employers and own account workers,133,101,32
E01000429,"L1, L2 and L3: Higher managerial, administrative and professional occupations",91,52,39
E01000429,L10 and L11: Lower supervisory and technical occupations,58,98,-40
E01000429,L12: Semi-routine occupations,173,189,-16
E01000429,L13: Routine occupations,187,155,32
E01000429,L14.1 and L14.2: Never worked and long-term unemployed,158,138,20
E01000429,L15: Full-time students,107,120,-13
E01000429,"L4, L5 and L6: Lower managerial, administrative and professional occupations",222,183,39
E01000429,L7: Intermediate occupations,123,139,-16
E01000429,L8 and L9: Small employers and own account workers,108,87,21
E01000430,"L1, L2 and L3: Higher managerial, administrative and professional occupations",158,97,61
E01000430,L10 and L11: Lower supervisory and technical occupations,73,67,6
E01000430,L12: Semi-routine occupations,171,158,13
E01000430,L13: Routine occupations,197,136,61
E01000430,L14.1 and L14.2: Never worked and long-term unemployed,136,93,43
E01000430,L15: Full-time students,170,110,60
E01000430,"L4, L5 and L6: Lower managerial, administrative and professional occupations",303,252,51
E01000430,L7: Intermediate occupations,192,199,-7
E01000430,L8 and L9: Small employers and own account workers,128,92,36
E01000431,"L1, L2 and L3: Higher managerial, administrative and professional occupations",78,52,26
E01000431,L10 and L11: Lower supervisory and technical occupations,40,85,-45
E01000431,L12: Semi-routine occupations,135,214,-79
E01000431,L13: Routine occupations,110,171,-61
E01000431,L14.1 and L14.2: Never worked and long-term unemployed,103,145,-42
E01000431,L15: Full-time students,106,141,-35
E01000431,"L4, L5 and L6: Lower managerial, administrative and professional occupations",148,145,3
E01000431,L7: Intermediate occupations,112,145,-33
E01000431,L8 and L9: Small employers and own account workers,81,79,2
E01000433,"L1, L2 and L3: Higher managerial, administrative and professional occupations",91,54,37
E01000433,L10 and L11: Lower supervisory and technical occupations,91,106,-15
E01000433,L12: Semi-routine occupations,183,214,-31
E01000433,L13: Routine occupations,215,176,39
E01000433,L14.1 and L14.2: Never worked and long-term unemployed,189,124,65
E01000433,L15: Full-time students,132,125,7
E01000433,"L4, L5 and L6: Lower managerial, administrative and professional occupations",196,162,34
E01000433,L7: Intermediate occupations,176,163,13
E01000433,L8 and L9: Small employers and own account workers,165,94,71
E01000434,"L1, L2 and L3: Higher managerial, administrative and professional occupations",63,39,24
E01000434,L10 and L11: Lower supervisory and technical occupations,82,83,-1
E01000434,L12: Semi-routine occupations,191,223,-32
E01000434,L13: Routine occupations,221,176,45
E01000434,L14.1 and L14.2: Never worked and long-term unemployed,149,99,50
E01000434,L15: Full-time students,91,115,-24
E01000434,"L4, L5 and L6: Lower managerial, administrative and professional occupations",183,121,62
E01000434,L7: Intermediate occupations,142,117,25
E01000434,L8 and L9: Small employers and own account workers,101,56,45
E01000435,"L1, L2 and L3: Higher managerial, administrative and professional occupations",95,58,37
E01000435,L10 and L11: Lower supervisory and technical occupations,64,83,-19
E01000435,L12: Semi-routine occupations,144,159,-15
E01000435,L13: Routine occupations,156,125,31
E01000435,L14.1 and L14.2: Never worked and long-term unemployed,117,66,51
E01000435,L15: Full-time students,91,85,6
E01000435,"L4, L5 and L6: Lower managerial, administrative and professional occupations",213,161,52
E01000435,L7: Intermediate occupations,153,164,-11
E01000435,L8 and L9: Small employers and own account workers,111,81,30
E01000436,"L1, L2 and L3: Higher managerial, administrative and professional occupations",224,151,73
E01000436,L10 and L11: Lower supervisory and technical occupations,61,82,-21
E01000436,L12: Semi-routine occupations,153,146,7
E01000436,L13: Routine occupations,103,82,21
E01000436,L14.1 and L14.2: Never worked and long-term unemployed,91,33,58
E01000436,L15: Full-time students,91,84,7
E01000436,"L4, L5 and L6: Lower managerial, administrative and professional occupations",288,268,20
E01000436,L7: Intermediate occupations,257,259,-2
E01000436,L8 and L9: Small employers and own account workers,130,119,11
E01000437,"L1, L2 and L3: Higher managerial, administrative and professional occupations",130,69,61
E01000437,L10 and L11: Lower supervisory and technical occupations,77,63,14
E01000437,L12: Semi-routine occupations,100,147,-47
E01000437,L13: Routine occupations,128,80,48
E01000437,L14.1 and L14.2: Never worked and long-term unemployed,71,39,32
E01000437,L15: Full-time students,73,93,-20
E01000437,"L4, L5 and L6: Lower managerial, administrative and professional occupations",218,179,39
E01000437,L7: Intermediate occupations,203,195,8
E01000437,L8 and L9: Small employers and own account workers,110,83,27
E01000438,"L1, L2 and L3: Higher managerial, administrative and professional occupations",125,74,51
E01000438,L10 and L11: Lower supervisory and technical occupations,83,103,-20
E01000438,L12: Semi-routine occupations,129,166,-37
E01000438,L13: Routine occupations,170,100,70
E01000438,L14.1 and L14.2: Never worked and long-term unemployed,105,72,33
E01000438,L15: Full-time students,81,97,-16
E01000438,"L4, L5 and L6: Lower managerial, administrative and professional occupations",247,221,26
E01000438,L7: Intermediate occupations,203,219,-16
E01000438,L8 and L9: Small employers and own account workers,131,115,16
E01000439,"L1, L2 and L3: Higher managerial, administrative and professional occupations",89,58,31
E01000439,L10 and L11: Lower supervisory and technical occupations,69,78,-9
E01000439,L12: Semi-routine occupations,141,156,-15
E01000439,L13: Routine occupations,115,118,-3
E01000439,L14.1 and L14.2: Never worked and long-term unemployed,114,61,53
E01000439,L15: Full-time students,84,78,6
E01000439,"L4, L5 and L6: Lower managerial, administrative and professional occupations",209,156,53
E01000439,L7: Intermediate occupations,164,185,-21
E01000439,L8 and L9: Small employers and own account workers,110,90,20
E01000440,"L1, L2 and L3: Higher managerial, administrative and professional occupations",165,85,80
E01000440,L10 and L11: Lower supervisory and technical occupations,77,84,-7
E01000440,L12: Semi-routine occupations,109,112,-3
E01000440,L13: Routine occupations,120,97,23
E01000440,L14.1 and L14.2: Never worked and long-term unemployed,86,26,60
E01000440,L15: Full-time students,72,85,-13
E01000440,"L4, L5 and L6: Lower managerial, administrative and professional occupations",233,225,8
E01000440,L7: Intermediate occupations,199,218,-19
E01000440,L8 and L9: Small employers and own account workers,121,119,2
E01000441,"L1, L2 and L3: Higher managerial, administrative and professional occupations",122,80,42
E01000441,L10 and L11: Lower supervisory and technical occupations,72,81,-9
E01000441,L12: Semi-routine occupations,164,166,-2
E01000441,L13: Routine occupations,160,133,27
E01000441,L14.1 and L14.2: Never worked and long-term unemployed,164,94,70
E01000441,L15: Full-time students,104,86,18
E01000441,"L4, L5 and L6: Lower managerial, administrative and professional occupations",240,214,26
E01000441,L7: Intermediate occupations,171,185,-14
E01000441,L8 and L9: Small employers and own account workers,131,110,21
E01000442,"L1, L2 and L3: Higher managerial, administrative and professional occupations",170,91,79
E01000442,L10 and L11: Lower supervisory and technical occupations,68,92,-24
E01000442,L12: Semi-routine occupations,147,157,-10
E01000442,L13: Routine occupations,145,102,43
E01000442,L14.1 and L14.2: Never worked and long-term unemployed,100,34,66
E01000442,L15: Full-time students,85,81,4
E01000442,"L4, L5 and L6: Lower managerial, administrative and professional occupations",259,208,51
E01000442,L7: Intermediate occupations,247,240,7
E01000442,L8 and L9: Small employers and own account workers,145,127,18
E01000443,"L1, L2 and L3: Higher managerial, administrative and professional occupations",154,73,81
E01000443,L10 and L11: Lower supervisory and technical occupations,51,57,-6
E01000443,L12: Semi-routine occupations,115,121,-6
E01000443,L13: Routine occupations,97,60,37
E01000443,L14.1 and L14.2: Never worked and long-term unemployed,87,38,49
E01000443,L15: Full-time students,52,77,-25
E01000443,"L4, L5 and L6: Lower managerial, administrative and professional occupations",204,198,6
E01000443,L7: Intermediate occupations,167,182,-15
E01000443,L8 and L9: Small employers and own account workers,123,102,21
E01000444,"L1, L2 and L3: Higher managerial, administrative and professional occupations",296,176,120
E01000444,L10 and L11: Lower supervisory and technical occupations,36,37,-1
E01000444,L12: Semi-routine occupations,107,99,8
E01000444,L13: Routine occupations,61,44,17
E01000444,L14.1 and L14.2: Never worked and long-term unemployed,83,32,51
E01000444,L15: Full-time students,81,98,-17
E01000444,"L4, L5 and L6: Lower managerial, administrative and professional occupations",324,312,12
E01000444,L7: Intermediate occupations,219,245,-26
E01000444,L8 and L9: Small employers and own account workers,160,147,13
E01000445,"L1, L2 and L3: Higher managerial, administrative and professional occupations",257,131,126
E01000445,L10 and L11: Lower supervisory and technical occupations,56,66,-10
E01000445,L12: Semi-routine occupations,120,114,6
E01000445,L13: Routine occupations,86,62,24
E01000445,L14.1 and L14.2: Never worked and long-term unemployed,65,24,41
E01000445,L15: Full-time students,80,78,2
E01000445,"L4, L5 and L6: Lower managerial, administrative and professional occupations",310,302,8
E01000445,L7: Intermediate occupations,234,259,-25
E01000445,L8 and L9: Small employers and own account workers,149,133,16
E01000446,"L1, L2 and L3: Higher managerial, administrative and professional occupations",171,112,59
E01000446,L10 and L11: Lower supervisory and technical occupations,61,67,-6
E01000446,L12: Semi-routine occupations,97,147,-50
E01000446,L13: Routine occupations,94,89,5
E01000446,L14.1 and L14.2: Never worked and long-term unemployed,54,29,25
E01000446,L15: Full-time students,49,73,-24
E01000446,"L4, L5 and L6: Lower managerial, administrative and professional occupations",311,267,44
E01000446,L7: Intermediate occupations,240,252,-12
E01000446,L8 and L9: Small employers and own account workers,143,138,5
E01000447,"L1, L2 and L3: Higher managerial, administrative and professional occupations",328,156,172
E01000447,L10 and L11: Lower supervisory and technical occupations,70,60,10
E01000447,L12: Semi-routine occupations,100,96,4
E01000447,L13: Routine occupations,94,57,37
E01000447,L14.1 and L14.2: Never worked and long-term unemployed,90,25,65
E01000447,L15: Full-time students,80,65,15
E01000447,"L4, L5 and L6: Lower managerial, administrative and professional occupations",403,301,102
E01000447,L7: Intermediate occupations,237,212,25
E01000447,L8 and L9: Small employers and own account workers,183,130,53
E01000448,"L1, L2 and L3: Higher managerial, administrative and professional occupations",248,162,86
E01000448,L10 and L11: Lower supervisory and technical occupations,35,41,-6
E01000448,L12: Semi-routine occupations,79,80,-1
E01000448,L13: Routine occupations,62,27,35
E01000448,L14.1 and L14.2: Never worked and long-term unemployed,41,17,24
E01000448,L15: Full-time students,63,77,-14
E01000448,"L4, L5 and L6: Lower managerial, administrative and professional occupations",271,260,11
E01000448,L7: Intermediate occupations,206,182,24
E01000448,L8 and L9: Small employers and own account workers,112,93,19
E01000449,"L1, L2 and L3: Higher managerial, administrative and professional occupations",309,181,128
E01000449,L10 and L11: Lower supervisory and technical occupations,33,48,-15
E01000449,L12: Semi-routine occupations,73,77,-4
E01000449,L13: Routine occupations,56,33,23
E01000449,L14.1 and L14.2: Never worked and long-term unemployed,92,15,77
E01000449,L15: Full-time students,70,69,1
E01000449,"L4, L5 and L6: Lower managerial, administrative and professional occupations",327,302,25
E01000449,L7: Intermediate occupations,207,187,20
E01000449,L8 and L9: Small employers and own account workers,131,90,41
E01000450,"L1, L2 and L3: Higher managerial, administrative and professional occupations",159,94,65
E01000450,L10 and L11: Lower supervisory and technical occupations,73,86,-13
E01000450,L12: Semi-routine occupations,148,192,-44
E01000450,L13: Routine occupations,146,118,28
E01000450,L14.1 and L14.2: Never worked and long-term unemployed,101,72,29
E01000450,L15: Full-time students,105,99,6
E01000450,"L4, L5 and L6: Lower managerial, administrative and professional occupations",276,234,42
E01000450,L7: Intermediate occupations,225,234,-9
E01000450,L8 and L9: Small employers and own account workers,159,128,31
E01000451,"L1, L2 and L3: Higher managerial, administrative and professional occupations",178,121,57
E01000451,L10 and L11: Lower supervisory and technical occupations,79,100,-21
E01000451,L12: Semi-routine occupations,164,169,-5
E01000451,L13: Routine occupations,124,99,25
E01000451,L14.1 and L14.2: Never worked and long-term unemployed,92,37,55
E01000451,L15: Full-time students,93,106,-13
E01000451,"L4, L5 and L6: Lower managerial, administrative and professional occupations",317,235,82
E01000451,L7: Intermediate occupations,213,242,-29
E01000451,L8 and L9: Small employers and own account workers,158,136,22
E01000452,"L1, L2 and L3: Higher managerial, administrative and professional occupations",162,81,81
E01000452,L10 and L11: Lower supervisory and technical occupations,66,66,0
E01000452,L12: Semi-routine occupations,118,124,-6
E01000452,L13: Routine occupations,104,73,31
E01000452,L14.1 and L14.2: Never worked and long-term unemployed,69,38,31
E01000452,L15: Full-time students,74,83,-9
E01000452,"L4, L5 and L6: Lower managerial, administrative and professional occupations",236,204,32
E01000452,L7: Intermediate occupations,200,223,-23
E01000452,L8 and L9: Small employers and own account workers,125,122,3
E01000453,"L1, L2 and L3: Higher managerial, administrative and professional occupations",188,98,90
E01000453,L10 and L11: Lower supervisory and technical occupations,75,84,-9
E01000453,L12: Semi-routine occupations,98,143,-45
E01000453,L13: Routine occupations,120,94,26
E01000453,L14.1 and L14.2: Never worked and long-term unemployed,61,40,21
E01000453,L15: Full-time students,90,77,13
E01000453,"L4, L5 and L6: Lower managerial, administrative and professional occupations",236,199,37
E01000453,L7: Intermediate occupations,179,194,-15
E01000453,L8 and L9: Small employers and own account workers,139,134,5
E01000454,"L1, L2 and L3: Higher managerial, administrative and professional occupations",146,61,85
E01000454,L10 and L11: Lower supervisory and technical occupations,80,103,-23
E01000454,L12: Semi-routine occupations,159,172,-13
E01000454,L13: Routine occupations,136,111,25
E01000454,L14.1 and L14.2: Never worked and long-term unemployed,127,50,77
E01000454,L15: Full-time students,91,90,1
E01000454,"L4, L5 and L6: Lower managerial, administrative and professional occupations",259,220,39
E01000454,L7: Intermediate occupations,182,234,-52
E01000454,L8 and L9: Small employers and own account workers,144,102,42
E01000455,"L1, L2 and L3: Higher managerial, administrative and professional occupations",180,97,83
E01000455,L10 and L11: Lower supervisory and technical occupations,72,84,-12
E01000455,L12: Semi-routine occupations,150,157,-7
E01000455,L13: Routine occupations,144,100,44
E01000455,L14.1 and L14.2: Never worked and long-term unemployed,118,42,76
E01000455,L15: Full-time students,107,110,-3
E01000455,"L4, L5 and L6: Lower managerial, administrative and professional occupations",315,278,37
E01000455,L7: Intermediate occupations,207,224,-17
E01000455,L8 and L9: Small employers and own account workers,176,120,56
E01000456,"L1, L2 and L3: Higher managerial, administrative and professional occupations",149,101,48
E01000456,L10 and L11: Lower supervisory and technical occupations,64,62,2
E01000456,L12: Semi-routine occupations,118,136,-18
E01000456,L13: Routine occupations,98,88,10
E01000456,L14.1 and L14.2: Never worked and long-term unemployed,89,25,64
E01000456,L15: Full-time students,67,86,-19
E01000456,"L4, L5 and L6: Lower managerial, administrative and professional occupations",244,199,45
E01000456,L7: Intermediate occupations,204,232,-28
E01000456,L8 and L9: Small employers and own account workers,96,97,-1
E01000457,"L1, L2 and L3: Higher managerial, administrative and professional occupations",267,149,118
E01000457,L10 and L11: Lower supervisory and technical occupations,69,65,4
E01000457,L12: Semi-routine occupations,148,117,31
E01000457,L13: Routine occupations,118,67,51
E01000457,L14.1 and L14.2: Never worked and long-term unemployed,126,55,71
E01000457,L15: Full-time students,258,199,59
E01000457,"L4, L5 and L6: Lower managerial, administrative and professional occupations",413,306,107
E01000457,L7: Intermediate occupations,261,250,11
E01000457,L8 and L9: Small employers and own account workers,171,103,68
E01000458,"L1, L2 and L3: Higher managerial, administrative and professional occupations",270,159,111
E01000458,L10 and L11: Lower supervisory and technical occupations,38,43,-5
E01000458,L12: Semi-routine occupations,102,68,34
E01000458,L13: Routine occupations,64,33,31
E01000458,L14.1 and L14.2: Never worked and long-term unemployed,80,23,57
E01000458,L15: Full-time students,79,94,-15
E01000458,"L4, L5 and L6: Lower managerial, administrative and professional occupations",329,307,22
E01000458,L7: Intermediate occupations,189,206,-17
E01000458,L8 and L9: Small employers and own account workers,147,113,34
E01000459,"L1, L2 and L3: Higher managerial, administrative and professional occupations",268,163,105
E01000459,L10 and L11: Lower supervisory and technical occupations,72,55,17
E01000459,L12: Semi-routine occupations,146,143,3
E01000459,L13: Routine occupations,139,66,73
E01000459,L14.1 and L14.2: Never worked and long-term unemployed,121,53,68
E01000459,L15: Full-time students,119,130,-11
E01000459,"L4, L5 and L6: Lower managerial, administrative and professional occupations",326,260,66
E01000459,L7: Intermediate occupations,234,183,51
E01000459,L8 and L9: Small employers and own account workers,158,115,43
E01000460,"L1, L2 and L3: Higher managerial, administrative and professional occupations",269,159,110
E01000460,L10 and L11: Lower supervisory and technical occupations,35,42,-7
E01000460,L12: Semi-routine occupations,54,73,-19
E01000460,L13: Routine occupations,34,32,2
E01000460,L14.1 and L14.2: Never worked and long-term unemployed,38,21,17
E01000460,L15: Full-time students,46,112,-66
E01000460,"L4, L5 and L6: Lower managerial, administrative and professional occupations",258,301,-43
E01000460,L7: Intermediate occupations,179,217,-38
E01000460,L8 and L9: Small employers and own account workers,118,118,0
E01000461,"L1, L2 and L3: Higher managerial, administrative and professional occupations",264,136,128
E01000461,L10 and L11: Lower supervisory and technical occupations,56,91,-35
E01000461,L12: Semi-routine occupations,100,144,-44
E01000461,L13: Routine occupations,64,65,-1
E01000461,L14.1 and L14.2: Never worked and long-term unemployed,61,16,45
E01000461,L15: Full-time students,119,142,-23
E01000461,"L4, L5 and L6: Lower managerial, administrative and professional occupations",322,289,33
E01000461,L7: Intermediate occupations,218,235,-17
E01000461,L8 and L9: Small employers and own account workers,125,137,-12
E01000462,"L1, L2 and L3: Higher managerial, administrative and professional occupations",272,118,154
E01000462,L10 and L11: Lower supervisory and technical occupations,74,59,15
E01000462,L12: Semi-routine occupations,136,108,28
E01000462,L13: Routine occupations,104,63,41
E01000462,L14.1 and L14.2: Never worked and long-term unemployed,129,34,95
E01000462,L15: Full-time students,260,167,93
E01000462,"L4, L5 and L6: Lower managerial, administrative and professional occupations",344,264,80
E01000462,L7: Intermediate occupations,285,224,61
E01000462,L8 and L9: Small employers and own account workers,158,98,60
E01000463,"L1, L2 and L3: Higher managerial, administrative and professional occupations",188,105,83
E01000463,L10 and L11: Lower supervisory and technical occupations,49,65,-16
E01000463,L12: Semi-routine occupations,88,96,-8
E01000463,L13: Routine occupations,61,41,20
E01000463,L14.1 and L14.2: Never worked and long-term unemployed,50,19,31
E01000463,L15: Full-time students,69,85,-16
E01000463,"L4, L5 and L6: Lower managerial, administrative and professional occupations",243,206,37
E01000463,L7: Intermediate occupations,167,203,-36
E01000463,L8 and L9: Small employers and own account workers,95,100,-5
E01000464,"L1, L2 and L3: Higher managerial, administrative and professional occupations",80,46,34
E01000464,L10 and L11: Lower supervisory and technical occupations,62,61,1
E01000464,L12: Semi-routine occupations,153,191,-38
E01000464,L13: Routine occupations,192,156,36
E01000464,L14.1 and L14.2: Never worked and long-term unemployed,144,104,40
E01000464,L15: Full-time students,158,127,31
E01000464,"L4, L5 and L6: Lower managerial, administrative and professional occupations",164,149,15
E01000464,L7: Intermediate occupations,123,124,-1
E01000464,L8 and L9: Small employers and own account workers,109,76,33
E01000465,"L1, L2 and L3: Higher managerial, administrative and professional occupations",69,49,20
E01000465,L10 and L11: Lower supervisory and technical occupations,73,84,-11
E01000465,L12: Semi-routine occupations,203,228,-25
E01000465,L13: Routine occupations,188,151,37
E01000465,L14.1 and L14.2: Never worked and long-term unemployed,176,127,49
E01000465,L15: Full-time students,132,106,26
E01000465,"L4, L5 and L6: Lower managerial, administrative and professional occupations",203,156,47
E01000465,L7: Intermediate occupations,135,165,-30
E01000465,L8 and L9: Small employers and own account workers,111,69,42
E01000466,"L1, L2 and L3: Higher managerial, administrative and professional occupations",88,72,16
E01000466,L10 and L11: Lower supervisory and technical occupations,59,70,-11
E01000466,L12: Semi-routine occupations,188,201,-13
E01000466,L13: Routine occupations,164,133,31
E01000466,L14.1 and L14.2: Never worked and long-term unemployed,137,146,-9
E01000466,L15: Full-time students,181,171,10
E01000466,"L4, L5 and L6: Lower managerial, administrative and professional occupations",186,168,18
E01000466,L7: Intermediate occupations,151,114,37
E01000466,L8 and L9: Small employers and own account workers,137,95,42
E01000467,"L1, L2 and L3: Higher managerial, administrative and professional occupations",111,78,33
E01000467,L10 and L11: Lower supervisory and technical occupations,67,69,-2
E01000467,L12: Semi-routine occupations,196,152,44
E01000467,L13: Routine occupations,151,110,41
E01000467,L14.1 and L14.2: Never worked and long-term unemployed,149,119,30
E01000467,L15: Full-time students,128,159,-31
E01000467,"L4, L5 and L6: Lower managerial, administrative and professional occupations",203,216,-13
E01000467,L7: Intermediate occupations,144,154,-10
E01000467,L8 and L9: Small employers and own account workers,114,88,26
E01000468,"L1, L2 and L3: Higher managerial, administrative and professional occupations",178,153,25
E01000468,L10 and L11: Lower supervisory and technical occupations,92,106,-14
E01000468,L12: Semi-routine occupations,264,253,11
E01000468,L13: Routine occupations,190,142,48
E01000468,L14.1 and L14.2: Never worked and long-term unemployed,222,143,79
E01000468,L15: Full-time students,343,299,44
E01000468,"L4, L5 and L6: Lower managerial, administrative and professional occupations",350,349,1
E01000468,L7: Intermediate occupations,209,194,15
E01000468,L8 and L9: Small employers and own account workers,252,159,93
E01000469,"L1, L2 and L3: Higher managerial, administrative and professional occupations",104,85,19
E01000469,L10 and L11: Lower supervisory and technical occupations,65,86,-21
E01000469,L12: Semi-routine occupations,169,167,2
E01000469,L13: Routine occupations,164,111,53
E01000469,L14.1 and L14.2: Never worked and long-term unemployed,104,101,3
E01000469,L15: Full-time students,152,146,6
E01000469,"L4, L5 and L6: Lower managerial, administrative and professional occupations",237,230,7
E01000469,L7: Intermediate occupations,149,173,-24
E01000469,L8 and L9: Small employers and own account workers,149,115,34
E01000470,"L1, L2 and L3: Higher managerial, administrative and professional occupations",48,30,18
E01000470,L10 and L11: Lower supervisory and technical occupations,62,73,-11
E01000470,L12: Semi-routine occupations,148,198,-50
E01000470,L13: Routine occupations,147,143,4
E01000470,L14.1 and L14.2: Never worked and long-term unemployed,155,121,34
E01000470,L15: Full-time students,97,131,-34
E01000470,"L4, L5 and L6: Lower managerial, administrative and professional occupations",124,118,6
E01000470,L7: Intermediate occupations,99,131,-32
E01000470,L8 and L9: Small employers and own account workers,88,59,29
E01000471,"L1, L2 and L3: Higher managerial, administrative and professional occupations",112,61,51
E01000471,L10 and L11: Lower supervisory and technical occupations,69,82,-13
E01000471,L12: Semi-routine occupations,168,197,-29
E01000471,L13: Routine occupations,307,206,101
E01000471,L14.1 and L14.2: Never worked and long-term unemployed,187,123,64
E01000471,L15: Full-time students,120,181,-61
E01000471,"L4, L5 and L6: Lower managerial, administrative and professional occupations",187,155,32
E01000471,L7: Intermediate occupations,133,125,8
E01000471,L8 and L9: Small employers and own account workers,166,121,45
E01000472,"L1, L2 and L3: Higher managerial, administrative and professional occupations",228,97,131
E01000472,L10 and L11: Lower supervisory and technical occupations,108,70,38
E01000472,L12: Semi-routine occupations,207,150,57
E01000472,L13: Routine occupations,255,107,148
E01000472,L14.1 and L14.2: Never worked and long-term unemployed,207,87,120
E01000472,L15: Full-time students,180,109,71
E01000472,"L4, L5 and L6: Lower managerial, administrative and professional occupations",306,207,99
E01000472,L7: Intermediate occupations,163,121,42
E01000472,L8 and L9: Small employers and own account workers,217,130,87
E01000473,"L1, L2 and L3: Higher managerial, administrative and professional occupations",132,60,72
E01000473,L10 and L11: Lower supervisory and technical occupations,135,72,63
E01000473,L12: Semi-routine occupations,231,206,25
E01000473,L13: Routine occupations,476,176,300
E01000473,L14.1 and L14.2: Never worked and long-term unemployed,353,145,208
E01000473,L15: Full-time students,259,177,82
E01000473,"L4, L5 and L6: Lower managerial, administrative and professional occupations",253,104,149
E01000473,L7: Intermediate occupations,140,88,52
E01000473,L8 and L9: Small employers and own account workers,210,80,130
E01000474,"L1, L2 and L3: Higher managerial, administrative and professional occupations",94,61,33
E01000474,L10 and L11: Lower supervisory and technical occupations,90,95,-5
E01000474,L12: Semi-routine occupations,238,279,-41
E01000474,L13: Routine occupations,430,238,192
E01000474,L14.1 and L14.2: Never worked and long-term unemployed,286,193,93
E01000474,L15: Full-time students,229,228,1
E01000474,"L4, L5 and L6: Lower managerial, administrative and professional occupations",196,137,59
E01000474,L7: Intermediate occupations,128,147,-19
E01000474,L8 and L9: Small employers and own account workers,174,118,56
E01000475,"L1, L2 and L3: Higher managerial, administrative and professional occupations",129,93,36
E01000475,L10 and L11: Lower supervisory and technical occupations,89,99,-10
E01000475,L12: Semi-routine occupations,197,256,-59
E01000475,L13: Routine occupations,314,178,136
E01000475,L14.1 and L14.2: Never worked and long-term unemployed,270,163,107
E01000475,L15: Full-time students,152,209,-57
E01000475,"L4, L5 and L6: Lower managerial, administrative and professional occupations",196,207,-11
E01000475,L7: Intermediate occupations,170,171,-1
E01000475,L8 and L9: Small employers and own account workers,188,142,46
E01000476,"L1, L2 and L3: Higher managerial, administrative and professional occupations",90,64,26
E01000476,L10 and L11: Lower supervisory and technical occupations,129,90,39
E01000476,L12: Semi-routine occupations,221,212,9
E01000476,L13: Routine occupations,412,189,223
E01000476,L14.1 and L14.2: Never worked and long-term unemployed,259,115,144
E01000476,L15: Full-time students,148,181,-33
E01000476,"L4, L5 and L6: Lower managerial, administrative and professional occupations",223,153,70
E01000476,L7: Intermediate occupations,122,122,0
E01000476,L8 and L9: Small employers and own account workers,223,137,86
E01000477,"L1, L2 and L3: Higher managerial, administrative and professional occupations",94,73,21
E01000477,L10 and L11: Lower supervisory and technical occupations,117,94,23
E01000477,L12: Semi-routine occupations,199,237,-38
E01000477,L13: Routine occupations,454,218,236
E01000477,L14.1 and L14.2: Never worked and long-term unemployed,266,170,96
E01000477,L15: Full-time students,158,159,-1
E01000477,"L4, L5 and L6: Lower managerial, administrative and professional occupations",177,178,-1
E01000477,L7: Intermediate occupations,162,130,32
E01000477,L8 and L9: Small employers and own account workers,256,163,93
E01000478,"L1, L2 and L3: Higher managerial, administrative and professional occupations",159,72,87
E01000478,L10 and L11: Lower supervisory and technical occupations,104,120,-16
E01000478,L12: Semi-routine occupations,236,323,-87
E01000478,L13: Routine occupations,467,261,206
E01000478,L14.1 and L14.2: Never worked and long-term unemployed,294,165,129
E01000478,L15: Full-time students,169,216,-47
E01000478,"L4, L5 and L6: Lower managerial, administrative and professional occupations",238,203,35
E01000478,L7: Intermediate occupations,140,141,-1
E01000478,L8 and L9: Small employers and own account workers,216,161,55
E01000479,"L1, L2 and L3: Higher managerial, administrative and professional occupations",257,154,103
E01000479,L10 and L11: Lower supervisory and technical occupations,36,39,-3
E01000479,L12: Semi-routine occupations,108,91,17
E01000479,L13: Routine occupations,83,73,10
E01000479,L14.1 and L14.2: Never worked and long-term unemployed,221,136,85
E01000479,L15: Full-time students,139,148,-9
E01000479,"L4, L5 and L6: Lower managerial, administrative and professional occupations",250,221,29
E01000479,L7: Intermediate occupations,133,157,-24
E01000479,L8 and L9: Small employers and own account workers,231,212,19
E01000480,"L1, L2 and L3: Higher managerial, administrative and professional occupations",263,223,40
E01000480,L10 and L11: Lower supervisory and technical occupations,48,41,7
E01000480,L12: Semi-routine occupations,83,102,-19
E01000480,L13: Routine occupations,63,62,1
E01000480,L14.1 and L14.2: Never worked and long-term unemployed,171,115,56
E01000480,L15: Full-time students,149,166,-17
E01000480,"L4, L5 and L6: Lower managerial, administrative and professional occupations",255,264,-9
E01000480,L7: Intermediate occupations,121,140,-19
E01000480,L8 and L9: Small employers and own account workers,250,219,31
E01000481,"L1, L2 and L3: Higher managerial, administrative and professional occupations",167,139,28
E01000481,L10 and L11: Lower supervisory and technical occupations,40,60,-20
E01000481,L12: Semi-routine occupations,130,140,-10
E01000481,L13: Routine occupations,155,95,60
E01000481,L14.1 and L14.2: Never worked and long-term unemployed,156,129,27
E01000481,L15: Full-time students,145,158,-13
E01000481,"L4, L5 and L6: Lower managerial, administrative and professional occupations",181,197,-16
E01000481,L7: Intermediate occupations,125,100,25
E01000481,L8 and L9: Small employers and own account workers,162,136,26
E01000483,"L1, L2 and L3: Higher managerial, administrative and professional occupations",83,77,6
E01000483,L10 and L11: Lower supervisory and technical occupations,76,79,-3
E01000483,L12: Semi-routine occupations,166,173,-7
E01000483,L13: Routine occupations,170,124,46
E01000483,L14.1 and L14.2: Never worked and long-term unemployed,216,210,6
E01000483,L15: Full-time students,194,143,51
E01000483,"L4, L5 and L6: Lower managerial, administrative and professional occupations",193,169,24
E01000483,L7: Intermediate occupations,110,126,-16
E01000483,L8 and L9: Small employers and own account workers,218,125,93
E01000484,"L1, L2 and L3: Higher managerial, administrative and professional occupations",100,64,36
E01000484,L10 and L11: Lower supervisory and technical occupations,44,29,15
E01000484,L12: Semi-routine occupations,168,124,44
E01000484,L13: Routine occupations,179,88,91
E01000484,L14.1 and L14.2: Never worked and long-term unemployed,258,112,146
E01000484,L15: Full-time students,167,110,57
E01000484,"L4, L5 and L6: Lower managerial, administrative and professional occupations",193,143,50
E01000484,L7: Intermediate occupations,148,119,29
E01000484,L8 and L9: Small employers and own account workers,161,97,64
E01000485,"L1, L2 and L3: Higher managerial, administrative and professional occupations",137,103,34
E01000485,L10 and L11: Lower supervisory and technical occupations,42,45,-3
E01000485,L12: Semi-routine occupations,133,138,-5
E01000485,L13: Routine occupations,129,83,46
E01000485,L14.1 and L14.2: Never worked and long-term unemployed,240,113,127
E01000485,L15: Full-time students,97,125,-28
E01000485,"L4, L5 and L6: Lower managerial, administrative and professional occupations",196,167,29
E01000485,L7: Intermediate occupations,145,109,36
E01000485,L8 and L9: Small employers and own account workers,209,143,66
E01000486,"L1, L2 and L3: Higher managerial, administrative and professional occupations",243,208,35
E01000486,L10 and L11: Lower supervisory and technical occupations,28,67,-39
E01000486,L12: Semi-routine occupations,100,135,-35
E01000486,L13: Routine occupations,85,70,15
E01000486,L14.1 and L14.2: Never worked and long-term unemployed,164,152,12
E01000486,L15: Full-time students,161,209,-48
E01000486,"L4, L5 and L6: Lower managerial, administrative and professional occupations",263,312,-49
E01000486,L7: Intermediate occupations,121,174,-53
E01000486,L8 and L9: Small employers and own account workers,217,230,-13
E01000487,"L1, L2 and L3: Higher managerial, administrative and professional occupations",189,147,42
E01000487,L10 and L11: Lower supervisory and technical occupations,54,45,9
E01000487,L12: Semi-routine occupations,124,92,32
E01000487,L13: Routine occupations,160,62,98
E01000487,L14.1 and L14.2: Never worked and long-term unemployed,242,138,104
E01000487,L15: Full-time students,188,124,64
E01000487,"L4, L5 and L6: Lower managerial, administrative and professional occupations",252,205,47
E01000487,L7: Intermediate occupations,133,117,16
E01000487,L8 and L9: Small employers and own account workers,285,170,115
E01000488,"L1, L2 and L3: Higher managerial, administrative and professional occupations",181,106,75
E01000488,L10 and L11: Lower supervisory and technical occupations,39,64,-25
E01000488,L12: Semi-routine occupations,107,98,9
E01000488,L13: Routine occupations,108,102,6
E01000488,L14.1 and L14.2: Never worked and long-term unemployed,168,137,31
E01000488,L15: Full-time students,148,167,-19
E01000488,"L4, L5 and L6: Lower managerial, administrative and professional occupations",339,268,71
E01000488,L7: Intermediate occupations,114,95,19
E01000488,L8 and L9: Small employers and own account workers,166,140,26
E01000489,"L1, L2 and L3: Higher managerial, administrative and professional occupations",250,178,72
E01000489,L10 and L11: Lower supervisory and technical occupations,38,43,-5
E01000489,L12: Semi-routine occupations,127,108,19
E01000489,L13: Routine occupations,107,69,38
E01000489,L14.1 and L14.2: Never worked and long-term unemployed,208,74,134
E01000489,L15: Full-time students,137,166,-29
E01000489,"L4, L5 and L6: Lower managerial, administrative and professional occupations",283,291,-8
E01000489,L7: Intermediate occupations,107,106,1
E01000489,L8 and L9: Small employers and own account workers,190,125,65
E01000490,"L1, L2 and L3: Higher managerial, administrative and professional occupations",328,280,48
E01000490,L10 and L11: Lower supervisory and technical occupations,51,50,1
E01000490,L12: Semi-routine occupations,98,87,11
E01000490,L13: Routine occupations,110,60,50
E01000490,L14.1 and L14.2: Never worked and long-term unemployed,181,89,92
E01000490,L15: Full-time students,127,104,23
E01000490,"L4, L5 and L6: Lower managerial, administrative and professional occupations",363,438,-75
E01000490,L7: Intermediate occupations,121,124,-3
E01000490,L8 and L9: Small employers and own account workers,137,114,23
E01000491,"L1, L2 and L3: Higher managerial, administrative and professional occupations",363,236,127
E01000491,L10 and L11: Lower supervisory and technical occupations,44,68,-24
E01000491,L12: Semi-routine occupations,131,114,17
E01000491,L13: Routine occupations,101,93,8
E01000491,L14.1 and L14.2: Never worked and long-term unemployed,193,145,48
E01000491,L15: Full-time students,183,135,48
E01000491,"L4, L5 and L6: Lower managerial, administrative and professional occupations",376,368,8
E01000491,L7: Intermediate occupations,122,120,2
E01000491,L8 and L9: Small employers and own account workers,192,186,6
E01000492,"L1, L2 and L3: Higher managerial, administrative and professional occupations",185,134,51
E01000492,L10 and L11: Lower supervisory and technical occupations,34,43,-9
E01000492,L12: Semi-routine occupations,72,96,-24
E01000492,L13: Routine occupations,72,71,1
E01000492,L14.1 and L14.2: Never worked and long-term unemployed,96,61,35
E01000492,L15: Full-time students,73,101,-28
E01000492,"L4, L5 and L6: Lower managerial, administrative and professional occupations",243,264,-21
E01000492,L7: Intermediate occupations,89,85,4
E01000492,L8 and L9: Small employers and own account workers,158,146,12
E01000493,"L1, L2 and L3: Higher managerial, administrative and professional occupations",268,162,106
E01000493,L10 and L11: Lower supervisory and technical occupations,27,55,-28
E01000493,L12: Semi-routine occupations,71,103,-32
E01000493,L13: Routine occupations,124,83,41
E01000493,L14.1 and L14.2: Never worked and long-term unemployed,107,90,17
E01000493,L15: Full-time students,85,109,-24
E01000493,"L4, L5 and L6: Lower managerial, administrative and professional occupations",302,327,-25
E01000493,L7: Intermediate occupations,128,138,-10
E01000493,L8 and L9: Small employers and own account workers,190,174,16
E01000494,"L1, L2 and L3: Higher managerial, administrative and professional occupations",275,215,60
E01000494,L10 and L11: Lower supervisory and technical occupations,52,48,4
E01000494,L12: Semi-routine occupations,105,92,13
E01000494,L13: Routine occupations,135,85,50
E01000494,L14.1 and L14.2: Never worked and long-term unemployed,252,137,115
E01000494,L15: Full-time students,124,158,-34
E01000494,"L4, L5 and L6: Lower managerial, administrative and professional occupations",271,374,-103
E01000494,L7: Intermediate occupations,109,135,-26
E01000494,L8 and L9: Small employers and own account workers,152,135,17
E01000495,"L1, L2 and L3: Higher managerial, administrative and professional occupations",229,199,30
E01000495,L10 and L11: Lower supervisory and technical occupations,61,66,-5
E01000495,L12: Semi-routine occupations,102,119,-17
E01000495,L13: Routine occupations,114,97,17
E01000495,L14.1 and L14.2: Never worked and long-term unemployed,169,111,58
E01000495,L15: Full-time students,133,117,16
E01000495,"L4, L5 and L6: Lower managerial, administrative and professional occupations",318,326,-8
E01000495,L7: Intermediate occupations,93,115,-22
E01000495,L8 and L9: Small employers and own account workers,145,137,8
E01000497,"L1, L2 and L3: Higher managerial, administrative and professional occupations",145,87,58
E01000497,L10 and L11: Lower supervisory and technical occupations,69,71,-2
E01000497,L12: Semi-routine occupations,220,146,74
E01000497,L13: Routine occupations,245,136,109
E01000497,L14.1 and L14.2: Never worked and long-term unemployed,252,149,103
E01000497,L15: Full-time students,149,202,-53
E01000497,"L4, L5 and L6: Lower managerial, administrative and professional occupations",277,200,77
E01000497,L7: Intermediate occupations,181,133,48
E01000497,L8 and L9: Small employers and own account workers,250,183,67
E01000498,"L1, L2 and L3: Higher managerial, administrative and professional occupations",66,61,5
E01000498,L10 and L11: Lower supervisory and technical occupations,60,62,-2
E01000498,L12: Semi-routine occupations,130,150,-20
E01000498,L13: Routine occupations,194,130,64
E01000498,L14.1 and L14.2: Never worked and long-term unemployed,252,167,85
E01000498,L15: Full-time students,146,167,-21
E01000498,"L4, L5 and L6: Lower managerial, administrative and professional occupations",116,130,-14
E01000498,L7: Intermediate occupations,95,114,-19
E01000498,L8 and L9: Small employers and own account workers,200,149,51
E01000499,"L1, L2 and L3: Higher managerial, administrative and professional occupations",102,74,28
E01000499,L10 and L11: Lower supervisory and technical occupations,55,61,-6
E01000499,L12: Semi-routine occupations,173,153,20
E01000499,L13: Routine occupations,164,116,48
E01000499,L14.1 and L14.2: Never worked and long-term unemployed,241,185,56
E01000499,L15: Full-time students,179,172,7
E01000499,"L4, L5 and L6: Lower managerial, administrative and professional occupations",190,152,38
E01000499,L7: Intermediate occupations,132,106,26
E01000499,L8 and L9: Small employers and own account workers,210,170,40
E01000501,"L1, L2 and L3: Higher managerial, administrative and professional occupations",121,91,30
E01000501,L10 and L11: Lower supervisory and technical occupations,65,59,6
E01000501,L12: Semi-routine occupations,191,161,30
E01000501,L13: Routine occupations,195,137,58
E01000501,L14.1 and L14.2: Never worked and long-term unemployed,248,181,67
E01000501,L15: Full-time students,210,162,48
E01000501,"L4, L5 and L6: Lower managerial, administrative and professional occupations",249,190,59
E01000501,L7: Intermediate occupations,125,165,-40
E01000501,L8 and L9: Small employers and own account workers,157,140,17
E01000502,"L1, L2 and L3: Higher managerial, administrative and professional occupations",143,78,65
E01000502,L10 and L11: Lower supervisory and technical occupations,58,60,-2
E01000502,L12: Semi-routine occupations,122,114,8
E01000502,L13: Routine occupations,116,82,34
E01000502,L14.1 and L14.2: Never worked and long-term unemployed,250,120,130
E01000502,L15: Full-time students,133,109,24
E01000502,"L4, L5 and L6: Lower managerial, administrative and professional occupations",231,158,73
E01000502,L7: Intermediate occupations,131,87,44
E01000502,L8 and L9: Small employers and own account workers,209,164,45
E01000503,"L1, L2 and L3: Higher managerial, administrative and professional occupations",161,127,34
E01000503,L10 and L11: Lower supervisory and technical occupations,67,72,-5
E01000503,L12: Semi-routine occupations,192,194,-2
E01000503,L13: Routine occupations,183,136,47
E01000503,L14.1 and L14.2: Never worked and long-term unemployed,223,145,78
E01000503,L15: Full-time students,143,183,-40
E01000503,"L4, L5 and L6: Lower managerial, administrative and professional occupations",276,243,33
E01000503,L7: Intermediate occupations,184,142,42
E01000503,L8 and L9: Small employers and own account workers,241,210,31
E01000504,"L1, L2 and L3: Higher managerial, administrative and professional occupations",306,147,159
E01000504,L10 and L11: Lower supervisory and technical occupations,59,69,-10
E01000504,L12: Semi-routine occupations,123,104,19
E01000504,L13: Routine occupations,113,105,8
E01000504,L14.1 and L14.2: Never worked and long-term unemployed,157,104,53
E01000504,L15: Full-time students,118,142,-24
E01000504,"L4, L5 and L6: Lower managerial, administrative and professional occupations",313,393,-80
E01000504,L7: Intermediate occupations,95,139,-44
E01000504,L8 and L9: Small employers and own account workers,161,159,2
E01000505,"L1, L2 and L3: Higher managerial, administrative and professional occupations",157,134,23
E01000505,L10 and L11: Lower supervisory and technical occupations,58,60,-2
E01000505,L12: Semi-routine occupations,125,122,3
E01000505,L13: Routine occupations,122,125,-3
E01000505,L14.1 and L14.2: Never worked and long-term unemployed,205,139,66
E01000505,L15: Full-time students,138,172,-34
E01000505,"L4, L5 and L6: Lower managerial, administrative and professional occupations",262,224,38
E01000505,L7: Intermediate occupations,123,138,-15
E01000505,L8 and L9: Small employers and own account workers,162,146,16
E01000506,"L1, L2 and L3: Higher managerial, administrative and professional occupations",93,73,20
E01000506,L10 and L11: Lower supervisory and technical occupations,75,66,9
E01000506,L12: Semi-routine occupations,149,144,5
E01000506,L13: Routine occupations,212,139,73
E01000506,L14.1 and L14.2: Never worked and long-term unemployed,200,192,8
E01000506,L15: Full-time students,122,146,-24
E01000506,"L4, L5 and L6: Lower managerial, administrative and professional occupations",171,190,-19
E01000506,L7: Intermediate occupations,104,119,-15
E01000506,L8 and L9: Small employers and own account workers,199,179,20
E01000507,"L1, L2 and L3: Higher managerial, administrative and professional occupations",197,128,69
E01000507,L10 and L11: Lower supervisory and technical occupations,63,67,-4
E01000507,L12: Semi-routine occupations,130,128,2
E01000507,L13: Routine occupations,125,100,25
E01000507,L14.1 and L14.2: Never worked and long-term unemployed,159,124,35
E01000507,L15: Full-time students,129,171,-42
E01000507,"L4, L5 and L6: Lower managerial, administrative and professional occupations",228,245,-17
E01000507,L7: Intermediate occupations,105,124,-19
E01000507,L8 and L9: Small employers and own account workers,193,168,25
E01000508,"L1, L2 and L3: Higher managerial, administrative and professional occupations",112,51,61
E01000508,L10 and L11: Lower supervisory and technical occupations,82,96,-14
E01000508,L12: Semi-routine occupations,212,193,19
E01000508,L13: Routine occupations,286,193,93
E01000508,L14.1 and L14.2: Never worked and long-term unemployed,307,222,85
E01000508,L15: Full-time students,216,162,54
E01000508,"L4, L5 and L6: Lower managerial, administrative and professional occupations",246,164,82
E01000508,L7: Intermediate occupations,164,126,38
E01000508,L8 and L9: Small employers and own account workers,211,168,43
E01000509,"L1, L2 and L3: Higher managerial, administrative and professional occupations",72,60,12
E01000509,L10 and L11: Lower supervisory and technical occupations,40,63,-23
E01000509,L12: Semi-routine occupations,116,115,1
E01000509,L13: Routine occupations,159,162,-3
E01000509,L14.1 and L14.2: Never worked and long-term unemployed,216,129,87
E01000509,L15: Full-time students,114,146,-32
E01000509,"L4, L5 and L6: Lower managerial, administrative and professional occupations",136,145,-9
E01000509,L7: Intermediate occupations,95,92,3
E01000509,L8 and L9: Small employers and own account workers,214,168,46
E01000510,"L1, L2 and L3: Higher managerial, administrative and professional occupations",95,70,25
E01000510,L10 and L11: Lower supervisory and technical occupations,63,74,-11
E01000510,L12: Semi-routine occupations,140,148,-8
E01000510,L13: Routine occupations,160,124,36
E01000510,L14.1 and L14.2: Never worked and long-term unemployed,233,144,89
E01000510,L15: Full-time students,125,172,-47
E01000510,"L4, L5 and L6: Lower managerial, administrative and professional occupations",154,160,-6
E01000510,L7: Intermediate occupations,82,122,-40
E01000510,L8 and L9: Small employers and own account workers,257,212,45
E01000511,"L1, L2 and L3: Higher managerial, administrative and professional occupations",136,105,31
E01000511,L10 and L11: Lower supervisory and technical occupations,67,55,12
E01000511,L12: Semi-routine occupations,177,133,44
E01000511,L13: Routine occupations,125,124,1
E01000511,L14.1 and L14.2: Never worked and long-term unemployed,173,149,24
E01000511,L15: Full-time students,177,144,33
E01000511,"L4, L5 and L6: Lower managerial, administrative and professional occupations",157,178,-21
E01000511,L7: Intermediate occupations,107,93,14
E01000511,L8 and L9: Small employers and own account workers,215,180,35
E01000512,"L1, L2 and L3: Higher managerial, administrative and professional occupations",209,153,56
E01000512,L10 and L11: Lower supervisory and technical occupations,42,73,-31
E01000512,L12: Semi-routine occupations,81,132,-51
E01000512,L13: Routine occupations,129,95,34
E01000512,L14.1 and L14.2: Never worked and long-term unemployed,143,95,48
E01000512,L15: Full-time students,179,145,34
E01000512,"L4, L5 and L6: Lower managerial, administrative and professional occupations",322,365,-43
E01000512,L7: Intermediate occupations,117,143,-26
E01000512,L8 and L9: Small employers and own account workers,187,171,16
E01000513,"L1, L2 and L3: Higher managerial, administrative and professional occupations",148,106,42
E01000513,L10 and L11: Lower supervisory and technical occupations,38,52,-14
E01000513,L12: Semi-routine occupations,126,126,0
E01000513,L13: Routine occupations,147,92,55
E01000513,L14.1 and L14.2: Never worked and long-term unemployed,142,105,37
E01000513,L15: Full-time students,145,171,-26
E01000513,"L4, L5 and L6: Lower managerial, administrative and professional occupations",225,196,29
E01000513,L7: Intermediate occupations,128,141,-13
E01000513,L8 and L9: Small employers and own account workers,262,223,39
E01000514,"L1, L2 and L3: Higher managerial, administrative and professional occupations",115,99,16
E01000514,L10 and L11: Lower supervisory and technical occupations,45,64,-19
E01000514,L12: Semi-routine occupations,103,133,-30
E01000514,L13: Routine occupations,129,91,38
E01000514,L14.1 and L14.2: Never worked and long-term unemployed,138,94,44
E01000514,L15: Full-time students,146,126,20
E01000514,"L4, L5 and L6: Lower managerial, administrative and professional occupations",224,215,9
E01000514,L7: Intermediate occupations,111,116,-5
E01000514,L8 and L9: Small employers and own account workers,252,192,60
E01000515,"L1, L2 and L3: Higher managerial, administrative and professional occupations",121,74,47
E01000515,L10 and L11: Lower supervisory and technical occupations,43,64,-21
E01000515,L12: Semi-routine occupations,158,162,-4
E01000515,L13: Routine occupations,147,105,42
E01000515,L14.1 and L14.2: Never worked and long-term unemployed,210,177,33
E01000515,L15: Full-time students,149,167,-18
E01000515,"L4, L5 and L6: Lower managerial, administrative and professional occupations",208,183,25
E01000515,L7: Intermediate occupations,160,152,8
E01000515,L8 and L9: Small employers and own account workers,268,168,100
E01000516,"L1, L2 and L3: Higher managerial, administrative and professional occupations",253,92,161
E01000516,L10 and L11: Lower supervisory and technical occupations,83,66,17
E01000516,L12: Semi-routine occupations,165,165,0
E01000516,L13: Routine occupations,189,100,89
E01000516,L14.1 and L14.2: Never worked and long-term unemployed,186,143,43
E01000516,L15: Full-time students,222,158,64
E01000516,"L4, L5 and L6: Lower managerial, administrative and professional occupations",307,190,117
E01000516,L7: Intermediate occupations,153,154,-1
E01000516,L8 and L9: Small employers and own account workers,342,236,106
E01000517,"L1, L2 and L3: Higher managerial, administrative and professional occupations",207,153,54
E01000517,L10 and L11: Lower supervisory and technical occupations,45,53,-8
E01000517,L12: Semi-routine occupations,109,110,-1
E01000517,L13: Routine occupations,132,80,52
E01000517,L14.1 and L14.2: Never worked and long-term unemployed,134,122,12
E01000517,L15: Full-time students,106,138,-32
E01000517,"L4, L5 and L6: Lower managerial, administrative and professional occupations",217,202,15
E01000517,L7: Intermediate occupations,129,140,-11
E01000517,L8 and L9: Small employers and own account workers,262,210,52
E01000518,"L1, L2 and L3: Higher managerial, administrative and professional occupations",128,96,32
E01000518,L10 and L11: Lower supervisory and technical occupations,58,54,4
E01000518,L12: Semi-routine occupations,179,141,38
E01000518,L13: Routine occupations,155,97,58
E01000518,L14.1 and L14.2: Never worked and long-term unemployed,195,127,68
E01000518,L15: Full-time students,161,178,-17
E01000518,"L4, L5 and L6: Lower managerial, administrative and professional occupations",214,202,12
E01000518,L7: Intermediate occupations,180,135,45
E01000518,L8 and L9: Small employers and own account workers,320,172,148
E01000519,"L1, L2 and L3: Higher managerial, administrative and professional occupations",124,93,31
E01000519,L10 and L11: Lower supervisory and technical occupations,41,73,-32
E01000519,L12: Semi-routine occupations,189,180,9
E01000519,L13: Routine occupations,168,113,55
E01000519,L14.1 and L14.2: Never worked and long-term unemployed,205,147,58
E01000519,L15: Full-time students,201,245,-44
E01000519,"L4, L5 and L6: Lower managerial, administrative and professional occupations",225,206,19
E01000519,L7: Intermediate occupations,128,138,-10
E01000519,L8 and L9: Small employers and own account workers,337,192,145
E01000520,"L1, L2 and L3: Higher managerial, administrative and professional occupations",116,118,-2
E01000520,L10 and L11: Lower supervisory and technical occupations,58,68,-10
E01000520,L12: Semi-routine occupations,131,148,-17
E01000520,L13: Routine occupations,147,92,55
E01000520,L14.1 and L14.2: Never worked and long-term unemployed,179,147,32
E01000520,L15: Full-time students,125,136,-11
E01000520,"L4, L5 and L6: Lower managerial, administrative and professional occupations",236,177,59
E01000520,L7: Intermediate occupations,118,123,-5
E01000520,L8 and L9: Small employers and own account workers,230,187,43
E01000521,"L1, L2 and L3: Higher managerial, administrative and professional occupations",81,64,17
E01000521,L10 and L11: Lower supervisory and technical occupations,78,77,1
E01000521,L12: Semi-routine occupations,212,205,7
E01000521,L13: Routine occupations,322,230,92
E01000521,L14.1 and L14.2: Never worked and long-term unemployed,336,292,44
E01000521,L15: Full-time students,219,200,19
E01000521,"L4, L5 and L6: Lower managerial, administrative and professional occupations",219,203,16
E01000521,L7: Intermediate occupations,128,132,-4
E01000521,L8 and L9: Small employers and own account workers,206,176,30
E01000522,"L1, L2 and L3: Higher managerial, administrative and professional occupations",112,66,46
E01000522,L10 and L11: Lower supervisory and technical occupations,98,83,15
E01000522,L12: Semi-routine occupations,159,180,-21
E01000522,L13: Routine occupations,193,174,19
E01000522,L14.1 and L14.2: Never worked and long-term unemployed,241,159,82
E01000522,L15: Full-time students,149,171,-22
E01000522,"L4, L5 and L6: Lower managerial, administrative and professional occupations",204,192,12
E01000522,L7: Intermediate occupations,157,135,22
E01000522,L8 and L9: Small employers and own account workers,213,157,56
E01000523,"L1, L2 and L3: Higher managerial, administrative and professional occupations",137,88,49
E01000523,L10 and L11: Lower supervisory and technical occupations,77,134,-57
E01000523,L12: Semi-routine occupations,198,228,-30
E01000523,L13: Routine occupations,254,287,-33
E01000523,L14.1 and L14.2: Never worked and long-term unemployed,253,228,25
E01000523,L15: Full-time students,193,213,-20
E01000523,"L4, L5 and L6: Lower managerial, administrative and professional occupations",249,302,-53
E01000523,L7: Intermediate occupations,144,166,-22
E01000523,L8 and L9: Small employers and own account workers,243,241,2
E01000524,"L1, L2 and L3: Higher managerial, administrative and professional occupations",134,77,57
E01000524,L10 and L11: Lower supervisory and technical occupations,77,95,-18
E01000524,L12: Semi-routine occupations,241,235,6
E01000524,L13: Routine occupations,286,253,33
E01000524,L14.1 and L14.2: Never worked and long-term unemployed,281,274,7
E01000524,L15: Full-time students,229,250,-21
E01000524,"L4, L5 and L6: Lower managerial, administrative and professional occupations",262,258,4
E01000524,L7: Intermediate occupations,171,160,11
E01000524,L8 and L9: Small employers and own account workers,226,194,32
E01000525,"L1, L2 and L3: Higher managerial, administrative and professional occupations",130,75,55
E01000525,L10 and L11: Lower supervisory and technical occupations,70,103,-33
E01000525,L12: Semi-routine occupations,174,203,-29
E01000525,L13: Routine occupations,220,207,13
E01000525,L14.1 and L14.2: Never worked and long-term unemployed,172,174,-2
E01000525,L15: Full-time students,136,161,-25
E01000525,"L4, L5 and L6: Lower managerial, administrative and professional occupations",225,202,23
E01000525,L7: Intermediate occupations,128,144,-16
E01000525,L8 and L9: Small employers and own account workers,196,178,18
E01000526,"L1, L2 and L3: Higher managerial, administrative and professional occupations",75,38,37
E01000526,L10 and L11: Lower supervisory and technical occupations,78,101,-23
E01000526,L12: Semi-routine occupations,219,255,-36
E01000526,L13: Routine occupations,261,205,56
E01000526,L14.1 and L14.2: Never worked and long-term unemployed,347,257,90
E01000526,L15: Full-time students,198,244,-46
E01000526,"L4, L5 and L6: Lower managerial, administrative and professional occupations",215,199,16
E01000526,L7: Intermediate occupations,168,166,2
E01000526,L8 and L9: Small employers and own account workers,157,115,42
E01000527,"L1, L2 and L3: Higher managerial, administrative and professional occupations",95,56,39
E01000527,L10 and L11: Lower supervisory and technical occupations,56,97,-41
E01000527,L12: Semi-routine occupations,194,215,-21
E01000527,L13: Routine occupations,219,212,7
E01000527,L14.1 and L14.2: Never worked and long-term unemployed,237,213,24
E01000527,L15: Full-time students,141,175,-34
E01000527,"L4, L5 and L6: Lower managerial, administrative and professional occupations",211,208,3
E01000527,L7: Intermediate occupations,125,133,-8
E01000527,L8 and L9: Small employers and own account workers,162,186,-24
E01000528,"L1, L2 and L3: Higher managerial, administrative and professional occupations",107,30,77
E01000528,L10 and L11: Lower supervisory and technical occupations,78,48,30
E01000528,L12: Semi-routine occupations,177,191,-14
E01000528,L13: Routine occupations,176,116,60
E01000528,L14.1 and L14.2: Never worked and long-term unemployed,223,159,64
E01000528,L15: Full-time students,121,146,-25
E01000528,"L4, L5 and L6: Lower managerial, administrative and professional occupations",228,149,79
E01000528,L7: Intermediate occupations,117,130,-13
E01000528,L8 and L9: Small employers and own account workers,129,100,29
E01000530,"L1, L2 and L3: Higher managerial, administrative and professional occupations",291,192,99
E01000530,L10 and L11: Lower supervisory and technical occupations,51,66,-15
E01000530,L12: Semi-routine occupations,83,144,-61
E01000530,L13: Routine occupations,143,118,25
E01000530,L14.1 and L14.2: Never worked and long-term unemployed,109,84,25
E01000530,L15: Full-time students,107,127,-20
E01000530,"L4, L5 and L6: Lower managerial, administrative and professional occupations",359,384,-25
E01000530,L7: Intermediate occupations,113,153,-40
E01000530,L8 and L9: Small employers and own account workers,213,170,43
E01000531,"L1, L2 and L3: Higher managerial, administrative and professional occupations",189,155,34
E01000531,L10 and L11: Lower supervisory and technical occupations,62,107,-45
E01000531,L12: Semi-routine occupations,130,160,-30
E01000531,L13: Routine occupations,171,191,-20
E01000531,L14.1 and L14.2: Never worked and long-term unemployed,231,130,101
E01000531,L15: Full-time students,116,161,-45
E01000531,"L4, L5 and L6: Lower managerial, administrative and professional occupations",326,396,-70
E01000531,L7: Intermediate occupations,97,136,-39
E01000531,L8 and L9: Small employers and own account workers,178,183,-5
E01000532,"L1, L2 and L3: Higher managerial, administrative and professional occupations",245,161,84
E01000532,L10 and L11: Lower supervisory and technical occupations,47,71,-24
E01000532,L12: Semi-routine occupations,109,157,-48
E01000532,L13: Routine occupations,117,122,-5
E01000532,L14.1 and L14.2: Never worked and long-term unemployed,107,78,29
E01000532,L15: Full-time students,87,87,0
E01000532,"L4, L5 and L6: Lower managerial, administrative and professional occupations",286,368,-82
E01000532,L7: Intermediate occupations,135,134,1
E01000532,L8 and L9: Small employers and own account workers,116,135,-19
E01000533,"L1, L2 and L3: Higher managerial, administrative and professional occupations",122,88,34
E01000533,L10 and L11: Lower supervisory and technical occupations,82,97,-15
E01000533,L12: Semi-routine occupations,198,235,-37
E01000533,L13: Routine occupations,242,251,-9
E01000533,L14.1 and L14.2: Never worked and long-term unemployed,311,215,96
E01000533,L15: Full-time students,154,162,-8
E01000533,"L4, L5 and L6: Lower managerial, administrative and professional occupations",274,288,-14
E01000533,L7: Intermediate occupations,130,139,-9
E01000533,L8 and L9: Small employers and own account workers,215,201,14
E01000534,"L1, L2 and L3: Higher managerial, administrative and professional occupations",233,130,103
E01000534,L10 and L11: Lower supervisory and technical occupations,53,55,-2
E01000534,L12: Semi-routine occupations,95,141,-46
E01000534,L13: Routine occupations,139,104,35
E01000534,L14.1 and L14.2: Never worked and long-term unemployed,108,89,19
E01000534,L15: Full-time students,101,171,-70
E01000534,"L4, L5 and L6: Lower managerial, administrative and professional occupations",345,323,22
E01000534,L7: Intermediate occupations,113,118,-5
E01000534,L8 and L9: Small employers and own account workers,210,194,16
E01000535,"L1, L2 and L3: Higher managerial, administrative and professional occupations",193,135,58
E01000535,L10 and L11: Lower supervisory and technical occupations,64,97,-33
E01000535,L12: Semi-routine occupations,156,196,-40
E01000535,L13: Routine occupations,181,163,18
E01000535,L14.1 and L14.2: Never worked and long-term unemployed,205,134,71
E01000535,L15: Full-time students,127,207,-80
E01000535,"L4, L5 and L6: Lower managerial, administrative and professional occupations",348,377,-29
E01000535,L7: Intermediate occupations,156,171,-15
E01000535,L8 and L9: Small employers and own account workers,241,195,46
E01000536,"L1, L2 and L3: Higher managerial, administrative and professional occupations",255,237,18
E01000536,L10 and L11: Lower supervisory and technical occupations,26,28,-2
E01000536,L12: Semi-routine occupations,90,77,13
E01000536,L13: Routine occupations,81,50,31
E01000536,L14.1 and L14.2: Never worked and long-term unemployed,159,94,65
E01000536,L15: Full-time students,98,166,-68
E01000536,"L4, L5 and L6: Lower managerial, administrative and professional occupations",268,271,-3
E01000536,L7: Intermediate occupations,155,165,-10
E01000536,L8 and L9: Small employers and own account workers,170,131,39
E01000538,"L1, L2 and L3: Higher managerial, administrative and professional occupations",290,228,62
E01000538,L10 and L11: Lower supervisory and technical occupations,28,26,2
E01000538,L12: Semi-routine occupations,58,76,-18
E01000538,L13: Routine occupations,77,35,42
E01000538,L14.1 and L14.2: Never worked and long-term unemployed,128,53,75
E01000538,L15: Full-time students,97,139,-42
E01000538,"L4, L5 and L6: Lower managerial, administrative and professional occupations",243,267,-24
E01000538,L7: Intermediate occupations,151,183,-32
E01000538,L8 and L9: Small employers and own account workers,203,161,42
E01000539,"L1, L2 and L3: Higher managerial, administrative and professional occupations",253,216,37
E01000539,L10 and L11: Lower supervisory and technical occupations,29,32,-3
E01000539,L12: Semi-routine occupations,88,105,-17
E01000539,L13: Routine occupations,72,52,20
E01000539,L14.1 and L14.2: Never worked and long-term unemployed,144,69,75
E01000539,L15: Full-time students,98,101,-3
E01000539,"L4, L5 and L6: Lower managerial, administrative and professional occupations",245,257,-12
E01000539,L7: Intermediate occupations,146,171,-25
E01000539,L8 and L9: Small employers and own account workers,218,150,68
E01000540,"L1, L2 and L3: Higher managerial, administrative and professional occupations",290,250,40
E01000540,L10 and L11: Lower supervisory and technical occupations,17,31,-14
E01000540,L12: Semi-routine occupations,86,86,0
E01000540,L13: Routine occupations,59,27,32
E01000540,L14.1 and L14.2: Never worked and long-term unemployed,117,83,34
E01000540,L15: Full-time students,77,122,-45
E01000540,"L4, L5 and L6: Lower managerial, administrative and professional occupations",263,244,19
E01000540,L7: Intermediate occupations,133,158,-25
E01000540,L8 and L9: Small employers and own account workers,197,137,60
E01000541,"L1, L2 and L3: Higher managerial, administrative and professional occupations",142,163,-21
E01000541,L10 and L11: Lower supervisory and technical occupations,43,61,-18
E01000541,L12: Semi-routine occupations,111,132,-21
E01000541,L13: Routine occupations,100,54,46
E01000541,L14.1 and L14.2: Never worked and long-term unemployed,146,68,78
E01000541,L15: Full-time students,101,100,1
E01000541,"L4, L5 and L6: Lower managerial, administrative and professional occupations",170,183,-13
E01000541,L7: Intermediate occupations,130,142,-12
E01000541,L8 and L9: Small employers and own account workers,219,140,79
E01000543,"L1, L2 and L3: Higher managerial, administrative and professional occupations",160,143,17
E01000543,L10 and L11: Lower supervisory and technical occupations,39,54,-15
E01000543,L12: Semi-routine occupations,116,114,2
E01000543,L13: Routine occupations,127,77,50
E01000543,L14.1 and L14.2: Never worked and long-term unemployed,172,128,44
E01000543,L15: Full-time students,117,182,-65
E01000543,"L4, L5 and L6: Lower managerial, administrative and professional occupations",225,231,-6
E01000543,L7: Intermediate occupations,143,151,-8
E01000543,L8 and L9: Small employers and own account workers,248,133,115
E01000544,"L1, L2 and L3: Higher managerial, administrative and professional occupations",236,99,137
E01000544,L10 and L11: Lower supervisory and technical occupations,72,55,17
E01000544,L12: Semi-routine occupations,142,191,-49
E01000544,L13: Routine occupations,141,145,-4
E01000544,L14.1 and L14.2: Never worked and long-term unemployed,180,186,-6
E01000544,L15: Full-time students,159,164,-5
E01000544,"L4, L5 and L6: Lower managerial, administrative and professional occupations",257,245,12
E01000544,L7: Intermediate occupations,118,115,3
E01000544,L8 and L9: Small employers and own account workers,113,129,-16
E01000545,"L1, L2 and L3: Higher managerial, administrative and professional occupations",269,225,44
E01000545,L10 and L11: Lower supervisory and technical occupations,63,93,-30
E01000545,L12: Semi-routine occupations,122,159,-37
E01000545,L13: Routine occupations,180,121,59
E01000545,L14.1 and L14.2: Never worked and long-term unemployed,191,104,87
E01000545,L15: Full-time students,115,148,-33
E01000545,"L4, L5 and L6: Lower managerial, administrative and professional occupations",399,429,-30
E01000545,L7: Intermediate occupations,122,145,-23
E01000545,L8 and L9: Small employers and own account workers,163,123,40
E01000546,"L1, L2 and L3: Higher managerial, administrative and professional occupations",262,214,48
E01000546,L10 and L11: Lower supervisory and technical occupations,44,64,-20
E01000546,L12: Semi-routine occupations,98,124,-26
E01000546,L13: Routine occupations,106,103,3
E01000546,L14.1 and L14.2: Never worked and long-term unemployed,183,82,101
E01000546,L15: Full-time students,97,110,-13
E01000546,"L4, L5 and L6: Lower managerial, administrative and professional occupations",343,386,-43
E01000546,L7: Intermediate occupations,114,121,-7
E01000546,L8 and L9: Small employers and own account workers,146,125,21
E01000547,"L1, L2 and L3: Higher managerial, administrative and professional occupations",267,199,68
E01000547,L10 and L11: Lower supervisory and technical occupations,41,71,-30
E01000547,L12: Semi-routine occupations,91,121,-30
E01000547,L13: Routine occupations,116,136,-20
E01000547,L14.1 and L14.2: Never worked and long-term unemployed,121,122,-1
E01000547,L15: Full-time students,128,159,-31
E01000547,"L4, L5 and L6: Lower managerial, administrative and professional occupations",325,358,-33
E01000547,L7: Intermediate occupations,100,123,-23
E01000547,L8 and L9: Small employers and own account workers,155,123,32
E01000548,"L1, L2 and L3: Higher managerial, administrative and professional occupations",326,254,72
E01000548,L10 and L11: Lower supervisory and technical occupations,87,84,3
E01000548,L12: Semi-routine occupations,128,155,-27
E01000548,L13: Routine occupations,163,178,-15
E01000548,L14.1 and L14.2: Never worked and long-term unemployed,191,138,53
E01000548,L15: Full-time students,131,145,-14
E01000548,"L4, L5 and L6: Lower managerial, administrative and professional occupations",369,458,-89
E01000548,L7: Intermediate occupations,147,153,-6
E01000548,L8 and L9: Small employers and own account workers,158,174,-16
E01000549,"L1, L2 and L3: Higher managerial, administrative and professional occupations",425,319,106
E01000549,L10 and L11: Lower supervisory and technical occupations,35,69,-34
E01000549,L12: Semi-routine occupations,120,115,5
E01000549,L13: Routine occupations,112,80,32
E01000549,L14.1 and L14.2: Never worked and long-term unemployed,111,71,40
E01000549,L15: Full-time students,118,102,16
E01000549,"L4, L5 and L6: Lower managerial, administrative and professional occupations",392,519,-127
E01000549,L7: Intermediate occupations,80,134,-54
E01000549,L8 and L9: Small employers and own account workers,165,155,10
E01000550,"L1, L2 and L3: Higher managerial, administrative and professional occupations",227,153,74
E01000550,L10 and L11: Lower supervisory and technical occupations,100,79,21
E01000550,L12: Semi-routine occupations,156,199,-43
E01000550,L13: Routine occupations,167,172,-5
E01000550,L14.1 and L14.2: Never worked and long-term unemployed,264,164,100
E01000550,L15: Full-time students,175,149,26
E01000550,"L4, L5 and L6: Lower managerial, administrative and professional occupations",321,345,-24
E01000550,L7: Intermediate occupations,131,152,-21
E01000550,L8 and L9: Small employers and own account workers,147,116,31
E01000551,"L1, L2 and L3: Higher managerial, administrative and professional occupations",239,79,160
E01000551,L10 and L11: Lower supervisory and technical occupations,102,91,11
E01000551,L12: Semi-routine occupations,327,221,106
E01000551,L13: Routine occupations,261,159,102
E01000551,L14.1 and L14.2: Never worked and long-term unemployed,342,273,69
E01000551,L15: Full-time students,265,189,76
E01000551,"L4, L5 and L6: Lower managerial, administrative and professional occupations",382,248,134
E01000551,L7: Intermediate occupations,197,150,47
E01000551,L8 and L9: Small employers and own account workers,192,110,82
E01000552,"L1, L2 and L3: Higher managerial, administrative and professional occupations",149,50,99
E01000552,L10 and L11: Lower supervisory and technical occupations,40,87,-47
E01000552,L12: Semi-routine occupations,141,205,-64
E01000552,L13: Routine occupations,110,141,-31
E01000552,L14.1 and L14.2: Never worked and long-term unemployed,179,222,-43
E01000552,L15: Full-time students,146,162,-16
E01000552,"L4, L5 and L6: Lower managerial, administrative and professional occupations",165,163,2
E01000552,L7: Intermediate occupations,118,142,-24
E01000552,L8 and L9: Small employers and own account workers,102,91,11
E01000553,"L1, L2 and L3: Higher managerial, administrative and professional occupations",176,116,60
E01000553,L10 and L11: Lower supervisory and technical occupations,106,95,11
E01000553,L12: Semi-routine occupations,189,179,10
E01000553,L13: Routine occupations,267,210,57
E01000553,L14.1 and L14.2: Never worked and long-term unemployed,214,176,38
E01000553,L15: Full-time students,129,230,-101
E01000553,"L4, L5 and L6: Lower managerial, administrative and professional occupations",256,272,-16
E01000553,L7: Intermediate occupations,112,153,-41
E01000553,L8 and L9: Small employers and own account workers,235,218,17
E01000554,"L1, L2 and L3: Higher managerial, administrative and professional occupations",236,132,104
E01000554,L10 and L11: Lower supervisory and technical occupations,77,81,-4
E01000554,L12: Semi-routine occupations,157,164,-7
E01000554,L13: Routine occupations,171,127,44
E01000554,L14.1 and L14.2: Never worked and long-term unemployed,190,121,69
E01000554,L15: Full-time students,121,158,-37
E01000554,"L4, L5 and L6: Lower managerial, administrative and professional occupations",274,272,2
E01000554,L7: Intermediate occupations,132,133,-1
E01000554,L8 and L9: Small employers and own account workers,194,203,-9
E01000555,"L1, L2 and L3: Higher managerial, administrative and professional occupations",206,151,55
E01000555,L10 and L11: Lower supervisory and technical occupations,53,47,6
E01000555,L12: Semi-routine occupations,102,96,6
E01000555,L13: Routine occupations,111,58,53
E01000555,L14.1 and L14.2: Never worked and long-term unemployed,167,87,80
E01000555,L15: Full-time students,127,158,-31
E01000555,"L4, L5 and L6: Lower managerial, administrative and professional occupations",274,263,11
E01000555,L7: Intermediate occupations,80,121,-41
E01000555,L8 and L9: Small employers and own account workers,171,151,20
E01000556,"L1, L2 and L3: Higher managerial, administrative and professional occupations",176,105,71
E01000556,L10 and L11: Lower supervisory and technical occupations,87,113,-26
E01000556,L12: Semi-routine occupations,172,172,0
E01000556,L13: Routine occupations,268,167,101
E01000556,L14.1 and L14.2: Never worked and long-term unemployed,274,150,124
E01000556,L15: Full-time students,145,232,-87
E01000556,"L4, L5 and L6: Lower managerial, administrative and professional occupations",253,281,-28
E01000556,L7: Intermediate occupations,125,148,-23
E01000556,L8 and L9: Small employers and own account workers,302,176,126
E01000557,"L1, L2 and L3: Higher managerial, administrative and professional occupations",239,178,61
E01000557,L10 and L11: Lower supervisory and technical occupations,61,100,-39
E01000557,L12: Semi-routine occupations,143,181,-38
E01000557,L13: Routine occupations,192,128,64
E01000557,L14.1 and L14.2: Never worked and long-term unemployed,217,102,115
E01000557,L15: Full-time students,160,215,-55
E01000557,"L4, L5 and L6: Lower managerial, administrative and professional occupations",258,330,-72
E01000557,L7: Intermediate occupations,114,140,-26
E01000557,L8 and L9: Small employers and own account workers,194,161,33
E01000558,"L1, L2 and L3: Higher managerial, administrative and professional occupations",207,203,4
E01000558,L10 and L11: Lower supervisory and technical occupations,59,48,11
E01000558,L12: Semi-routine occupations,75,93,-18
E01000558,L13: Routine occupations,94,82,12
E01000558,L14.1 and L14.2: Never worked and long-term unemployed,143,109,34
E01000558,L15: Full-time students,71,120,-49
E01000558,"L4, L5 and L6: Lower managerial, administrative and professional occupations",271,357,-86
E01000558,L7: Intermediate occupations,87,109,-22
E01000558,L8 and L9: Small employers and own account workers,138,114,24
E01000559,"L1, L2 and L3: Higher managerial, administrative and professional occupations",207,138,69
E01000559,L10 and L11: Lower supervisory and technical occupations,45,53,-8
E01000559,L12: Semi-routine occupations,86,109,-23
E01000559,L13: Routine occupations,109,69,40
E01000559,L14.1 and L14.2: Never worked and long-term unemployed,140,69,71
E01000559,L15: Full-time students,109,141,-32
E01000559,"L4, L5 and L6: Lower managerial, administrative and professional occupations",283,362,-79
E01000559,L7: Intermediate occupations,107,143,-36
E01000559,L8 and L9: Small employers and own account workers,148,128,20
E01000560,"L1, L2 and L3: Higher managerial, administrative and professional occupations",283,261,22
E01000560,L10 and L11: Lower supervisory and technical occupations,53,41,12
E01000560,L12: Semi-routine occupations,92,85,7
E01000560,L13: Routine occupations,104,72,32
E01000560,L14.1 and L14.2: Never worked and long-term unemployed,119,82,37
E01000560,L15: Full-time students,85,157,-72
E01000560,"L4, L5 and L6: Lower managerial, administrative and professional occupations",361,406,-45
E01000560,L7: Intermediate occupations,90,128,-38
E01000560,L8 and L9: Small employers and own account workers,129,117,12
E01000561,"L1, L2 and L3: Higher managerial, administrative and professional occupations",290,251,39
E01000561,L10 and L11: Lower supervisory and technical occupations,63,60,3
E01000561,L12: Semi-routine occupations,114,143,-29
E01000561,L13: Routine occupations,145,108,37
E01000561,L14.1 and L14.2: Never worked and long-term unemployed,185,101,84
E01000561,L15: Full-time students,198,143,55
E01000561,"L4, L5 and L6: Lower managerial, administrative and professional occupations",317,358,-41
E01000561,L7: Intermediate occupations,116,148,-32
E01000561,L8 and L9: Small employers and own account workers,184,111,73
E01000562,"L1, L2 and L3: Higher managerial, administrative and professional occupations",267,212,55
E01000562,L10 and L11: Lower supervisory and technical occupations,37,19,18
E01000562,L12: Semi-routine occupations,81,66,15
E01000562,L13: Routine occupations,78,25,53
E01000562,L14.1 and L14.2: Never worked and long-term unemployed,132,48,84
E01000562,L15: Full-time students,103,93,10
E01000562,"L4, L5 and L6: Lower managerial, administrative and professional occupations",225,208,17
E01000562,L7: Intermediate occupations,153,130,23
E01000562,L8 and L9: Small employers and own account workers,207,149,58
E01000563,"L1, L2 and L3: Higher managerial, administrative and professional occupations",247,176,71
E01000563,L10 and L11: Lower supervisory and technical occupations,49,41,8
E01000563,L12: Semi-routine occupations,94,95,-1
E01000563,L13: Routine occupations,88,54,34
E01000563,L14.1 and L14.2: Never worked and long-term unemployed,139,71,68
E01000563,L15: Full-time students,139,147,-8
E01000563,"L4, L5 and L6: Lower managerial, administrative and professional occupations",264,227,37
E01000563,L7: Intermediate occupations,146,155,-9
E01000563,L8 and L9: Small employers and own account workers,205,176,29
E01000564,"L1, L2 and L3: Higher managerial, administrative and professional occupations",131,85,46
E01000564,L10 and L11: Lower supervisory and technical occupations,79,37,42
E01000564,L12: Semi-routine occupations,119,87,32
E01000564,L13: Routine occupations,154,74,80
E01000564,L14.1 and L14.2: Never worked and long-term unemployed,141,104,37
E01000564,L15: Full-time students,132,123,9
E01000564,"L4, L5 and L6: Lower managerial, administrative and professional occupations",176,120,56
E01000564,L7: Intermediate occupations,130,111,19
E01000564,L8 and L9: Small employers and own account workers,193,156,37
E01000565,"L1, L2 and L3: Higher managerial, administrative and professional occupations",151,130,21
E01000565,L10 and L11: Lower supervisory and technical occupations,43,52,-9
E01000565,L12: Semi-routine occupations,116,133,-17
E01000565,L13: Routine occupations,118,80,38
E01000565,L14.1 and L14.2: Never worked and long-term unemployed,181,115,66
E01000565,L15: Full-time students,139,124,15
E01000565,"L4, L5 and L6: Lower managerial, administrative and professional occupations",203,226,-23
E01000565,L7: Intermediate occupations,138,124,14
E01000565,L8 and L9: Small employers and own account workers,135,125,10
E01000566,"L1, L2 and L3: Higher managerial, administrative and professional occupations",190,160,30
E01000566,L10 and L11: Lower supervisory and technical occupations,43,41,2
E01000566,L12: Semi-routine occupations,105,131,-26
E01000566,L13: Routine occupations,104,66,38
E01000566,L14.1 and L14.2: Never worked and long-term unemployed,129,97,32
E01000566,L15: Full-time students,128,141,-13
E01000566,"L4, L5 and L6: Lower managerial, administrative and professional occupations",236,227,9
E01000566,L7: Intermediate occupations,158,165,-7
E01000566,L8 and L9: Small employers and own account workers,196,142,54
E01000567,"L1, L2 and L3: Higher managerial, administrative and professional occupations",139,139,0
E01000567,L10 and L11: Lower supervisory and technical occupations,50,59,-9
E01000567,L12: Semi-routine occupations,115,133,-18
E01000567,L13: Routine occupations,102,80,22
E01000567,L14.1 and L14.2: Never worked and long-term unemployed,137,123,14
E01000567,L15: Full-time students,103,153,-50
E01000567,"L4, L5 and L6: Lower managerial, administrative and professional occupations",185,260,-75
E01000567,L7: Intermediate occupations,108,147,-39
E01000567,L8 and L9: Small employers and own account workers,180,139,41
E01000568,"L1, L2 and L3: Higher managerial, administrative and professional occupations",234,192,42
E01000568,L10 and L11: Lower supervisory and technical occupations,54,48,6
E01000568,L12: Semi-routine occupations,92,85,7
E01000568,L13: Routine occupations,113,52,61
E01000568,L14.1 and L14.2: Never worked and long-term unemployed,130,58,72
E01000568,L15: Full-time students,486,715,-229
E01000568,"L4, L5 and L6: Lower managerial, administrative and professional occupations",540,586,-46
E01000568,L7: Intermediate occupations,145,142,3
E01000568,L8 and L9: Small employers and own account workers,171,84,87
E01000569,"L1, L2 and L3: Higher managerial, administrative and professional occupations",231,173,58
E01000569,L10 and L11: Lower supervisory and technical occupations,25,44,-19
E01000569,L12: Semi-routine occupations,101,96,5
E01000569,L13: Routine occupations,83,53,30
E01000569,L14.1 and L14.2: Never worked and long-term unemployed,133,68,65
E01000569,L15: Full-time students,114,156,-42
E01000569,"L4, L5 and L6: Lower managerial, administrative and professional occupations",249,271,-22
E01000569,L7: Intermediate occupations,169,182,-13
E01000569,L8 and L9: Small employers and own account workers,163,160,3
E01000570,"L1, L2 and L3: Higher managerial, administrative and professional occupations",123,93,30
E01000570,L10 and L11: Lower supervisory and technical occupations,56,62,-6
E01000570,L12: Semi-routine occupations,159,186,-27
E01000570,L13: Routine occupations,201,120,81
E01000570,L14.1 and L14.2: Never worked and long-term unemployed,174,134,40
E01000570,L15: Full-time students,115,152,-37
E01000570,"L4, L5 and L6: Lower managerial, administrative and professional occupations",195,162,33
E01000570,L7: Intermediate occupations,123,140,-17
E01000570,L8 and L9: Small employers and own account workers,190,132,58
E01000571,"L1, L2 and L3: Higher managerial, administrative and professional occupations",184,130,54
E01000571,L10 and L11: Lower supervisory and technical occupations,49,51,-2
E01000571,L12: Semi-routine occupations,125,121,4
E01000571,L13: Routine occupations,175,79,96
E01000571,L14.1 and L14.2: Never worked and long-term unemployed,236,160,76
E01000571,L15: Full-time students,134,174,-40
E01000571,"L4, L5 and L6: Lower managerial, administrative and professional occupations",240,222,18
E01000571,L7: Intermediate occupations,144,140,4
E01000571,L8 and L9: Small employers and own account workers,242,192,50
E01000572,"L1, L2 and L3: Higher managerial, administrative and professional occupations",188,141,47
E01000572,L10 and L11: Lower supervisory and technical occupations,36,40,-4
E01000572,L12: Semi-routine occupations,95,109,-14
E01000572,L13: Routine occupations,110,70,40
E01000572,L14.1 and L14.2: Never worked and long-term unemployed,122,86,36
E01000572,L15: Full-time students,93,130,-37
E01000572,"L4, L5 and L6: Lower managerial, administrative and professional occupations",214,238,-24
E01000572,L7: Intermediate occupations,136,139,-3
E01000572,L8 and L9: Small employers and own account workers,187,137,50
E01000573,"L1, L2 and L3: Higher managerial, administrative and professional occupations",155,124,31
E01000573,L10 and L11: Lower supervisory and technical occupations,33,39,-6
E01000573,L12: Semi-routine occupations,114,119,-5
E01000573,L13: Routine occupations,113,76,37
E01000573,L14.1 and L14.2: Never worked and long-term unemployed,158,105,53
E01000573,L15: Full-time students,142,152,-10
E01000573,"L4, L5 and L6: Lower managerial, administrative and professional occupations",223,218,5
E01000573,L7: Intermediate occupations,141,131,10
E01000573,L8 and L9: Small employers and own account workers,283,187,96
E01000574,"L1, L2 and L3: Higher managerial, administrative and professional occupations",152,120,32
E01000574,L10 and L11: Lower supervisory and technical occupations,61,38,23
E01000574,L12: Semi-routine occupations,83,85,-2
E01000574,L13: Routine occupations,161,60,101
E01000574,L14.1 and L14.2: Never worked and long-term unemployed,117,73,44
E01000574,L15: Full-time students,175,124,51
E01000574,"L4, L5 and L6: Lower managerial, administrative and professional occupations",226,190,36
E01000574,L7: Intermediate occupations,132,138,-6
E01000574,L8 and L9: Small employers and own account workers,225,163,62
E01000575,"L1, L2 and L3: Higher managerial, administrative and professional occupations",194,175,19
E01000575,L10 and L11: Lower supervisory and technical occupations,92,69,23
E01000575,L12: Semi-routine occupations,150,145,5
E01000575,L13: Routine occupations,187,78,109
E01000575,L14.1 and L14.2: Never worked and long-term unemployed,160,124,36
E01000575,L15: Full-time students,179,168,11
E01000575,"L4, L5 and L6: Lower managerial, administrative and professional occupations",204,261,-57
E01000575,L7: Intermediate occupations,137,162,-25
E01000575,L8 and L9: Small employers and own account workers,450,234,216
E01000576,"L1, L2 and L3: Higher managerial, administrative and professional occupations",223,149,74
E01000576,L10 and L11: Lower supervisory and technical occupations,46,50,-4
E01000576,L12: Semi-routine occupations,159,135,24
E01000576,L13: Routine occupations,143,76,67
E01000576,L14.1 and L14.2: Never worked and long-term unemployed,183,99,84
E01000576,L15: Full-time students,169,192,-23
E01000576,"L4, L5 and L6: Lower managerial, administrative and professional occupations",233,231,2
E01000576,L7: Intermediate occupations,136,152,-16
E01000576,L8 and L9: Small employers and own account workers,271,160,111
E01000577,"L1, L2 and L3: Higher managerial, administrative and professional occupations",157,142,15
E01000577,L10 and L11: Lower supervisory and technical occupations,99,91,8
E01000577,L12: Semi-routine occupations,204,222,-18
E01000577,L13: Routine occupations,247,143,104
E01000577,L14.1 and L14.2: Never worked and long-term unemployed,269,254,15
E01000577,L15: Full-time students,234,230,4
E01000577,"L4, L5 and L6: Lower managerial, administrative and professional occupations",255,275,-20
E01000577,L7: Intermediate occupations,169,175,-6
E01000577,L8 and L9: Small employers and own account workers,276,149,127
E01000578,"L1, L2 and L3: Higher managerial, administrative and professional occupations",221,160,61
E01000578,L10 and L11: Lower supervisory and technical occupations,68,72,-4
E01000578,L12: Semi-routine occupations,147,128,19
E01000578,L13: Routine occupations,197,109,88
E01000578,L14.1 and L14.2: Never worked and long-term unemployed,309,132,177
E01000578,L15: Full-time students,162,160,2
E01000578,"L4, L5 and L6: Lower managerial, administrative and professional occupations",281,225,56
E01000578,L7: Intermediate occupations,173,156,17
E01000578,L8 and L9: Small employers and own account workers,278,181,97
E01000579,"L1, L2 and L3: Higher managerial, administrative and professional occupations",268,151,117
E01000579,L10 and L11: Lower supervisory and technical occupations,45,58,-13
E01000579,L12: Semi-routine occupations,122,148,-26
E01000579,L13: Routine occupations,127,127,0
E01000579,L14.1 and L14.2: Never worked and long-term unemployed,103,89,14
E01000579,L15: Full-time students,86,130,-44
E01000579,"L4, L5 and L6: Lower managerial, administrative and professional occupations",301,364,-63
E01000579,L7: Intermediate occupations,119,134,-15
E01000579,L8 and L9: Small employers and own account workers,154,137,17
E01000580,"L1, L2 and L3: Higher managerial, administrative and professional occupations",423,283,140
E01000580,L10 and L11: Lower supervisory and technical occupations,47,64,-17
E01000580,L12: Semi-routine occupations,73,106,-33
E01000580,L13: Routine occupations,95,70,25
E01000580,L14.1 and L14.2: Never worked and long-term unemployed,140,72,68
E01000580,L15: Full-time students,146,119,27
E01000580,"L4, L5 and L6: Lower managerial, administrative and professional occupations",442,468,-26
E01000580,L7: Intermediate occupations,88,135,-47
E01000580,L8 and L9: Small employers and own account workers,196,183,13
E01000581,"L1, L2 and L3: Higher managerial, administrative and professional occupations",267,154,113
E01000581,L10 and L11: Lower supervisory and technical occupations,28,70,-42
E01000581,L12: Semi-routine occupations,59,99,-40
E01000581,L13: Routine occupations,78,72,6
E01000581,L14.1 and L14.2: Never worked and long-term unemployed,95,60,35
E01000581,L15: Full-time students,96,87,9
E01000581,"L4, L5 and L6: Lower managerial, administrative and professional occupations",331,414,-83
E01000581,L7: Intermediate occupations,87,106,-19
E01000581,L8 and L9: Small employers and own account workers,156,110,46
E01000582,"L1, L2 and L3: Higher managerial, administrative and professional occupations",399,254,145
E01000582,L10 and L11: Lower supervisory and technical occupations,32,42,-10
E01000582,L12: Semi-routine occupations,58,84,-26
E01000582,L13: Routine occupations,74,82,-8
E01000582,L14.1 and L14.2: Never worked and long-term unemployed,64,66,-2
E01000582,L15: Full-time students,140,95,45
E01000582,"L4, L5 and L6: Lower managerial, administrative and professional occupations",371,475,-104
E01000582,L7: Intermediate occupations,93,123,-30
E01000582,L8 and L9: Small employers and own account workers,192,171,21
E01000583,"L1, L2 and L3: Higher managerial, administrative and professional occupations",414,320,94
E01000583,L10 and L11: Lower supervisory and technical occupations,40,75,-35
E01000583,L12: Semi-routine occupations,111,145,-34
E01000583,L13: Routine occupations,124,124,0
E01000583,L14.1 and L14.2: Never worked and long-term unemployed,125,117,8
E01000583,L15: Full-time students,131,183,-52
E01000583,"L4, L5 and L6: Lower managerial, administrative and professional occupations",446,554,-108
E01000583,L7: Intermediate occupations,142,163,-21
E01000583,L8 and L9: Small employers and own account workers,195,175,20
E01000584,"L1, L2 and L3: Higher managerial, administrative and professional occupations",241,146,95
E01000584,L10 and L11: Lower supervisory and technical occupations,43,64,-21
E01000584,L12: Semi-routine occupations,82,117,-35
E01000584,L13: Routine occupations,131,135,-4
E01000584,L14.1 and L14.2: Never worked and long-term unemployed,93,76,17
E01000584,L15: Full-time students,83,136,-53
E01000584,"L4, L5 and L6: Lower managerial, administrative and professional occupations",309,346,-37
E01000584,L7: Intermediate occupations,99,122,-23
E01000584,L8 and L9: Small employers and own account workers,176,140,36
E01000585,"L1, L2 and L3: Higher managerial, administrative and professional occupations",246,183,63
E01000585,L10 and L11: Lower supervisory and technical occupations,45,63,-18
E01000585,L12: Semi-routine occupations,79,105,-26
E01000585,L13: Routine occupations,100,115,-15
E01000585,L14.1 and L14.2: Never worked and long-term unemployed,90,88,2
E01000585,L15: Full-time students,87,97,-10
E01000585,"L4, L5 and L6: Lower managerial, administrative and professional occupations",311,422,-111
E01000585,L7: Intermediate occupations,81,133,-52
E01000585,L8 and L9: Small employers and own account workers,170,173,-3
E01000586,"L1, L2 and L3: Higher managerial, administrative and professional occupations",383,280,103
E01000586,L10 and L11: Lower supervisory and technical occupations,91,119,-28
E01000586,L12: Semi-routine occupations,145,167,-22
E01000586,L13: Routine occupations,164,153,11
E01000586,L14.1 and L14.2: Never worked and long-term unemployed,155,155,0
E01000586,L15: Full-time students,165,179,-14
E01000586,"L4, L5 and L6: Lower managerial, administrative and professional occupations",464,544,-80
E01000586,L7: Intermediate occupations,146,202,-56
E01000586,L8 and L9: Small employers and own account workers,282,213,69
E01000587,"L1, L2 and L3: Higher managerial, administrative and professional occupations",157,115,42
E01000587,L10 and L11: Lower supervisory and technical occupations,50,47,3
E01000587,L12: Semi-routine occupations,117,136,-19
E01000587,L13: Routine occupations,136,82,54
E01000587,L14.1 and L14.2: Never worked and long-term unemployed,157,140,17
E01000587,L15: Full-time students,122,123,-1
E01000587,"L4, L5 and L6: Lower managerial, administrative and professional occupations",184,176,8
E01000587,L7: Intermediate occupations,131,170,-39
E01000587,L8 and L9: Small employers and own account workers,305,242,63
E01000589,"L1, L2 and L3: Higher managerial, administrative and professional occupations",260,141,119
E01000589,L10 and L11: Lower supervisory and technical occupations,75,63,12
E01000589,L12: Semi-routine occupations,206,185,21
E01000589,L13: Routine occupations,233,158,75
E01000589,L14.1 and L14.2: Never worked and long-term unemployed,246,134,112
E01000589,L15: Full-time students,205,156,49
E01000589,"L4, L5 and L6: Lower managerial, administrative and professional occupations",322,267,55
E01000589,L7: Intermediate occupations,204,194,10
E01000589,L8 and L9: Small employers and own account workers,344,168,176
E01000590,"L1, L2 and L3: Higher managerial, administrative and professional occupations",216,133,83
E01000590,L10 and L11: Lower supervisory and technical occupations,57,58,-1
E01000590,L12: Semi-routine occupations,153,158,-5
E01000590,L13: Routine occupations,156,103,53
E01000590,L14.1 and L14.2: Never worked and long-term unemployed,165,103,62
E01000590,L15: Full-time students,140,131,9
E01000590,"L4, L5 and L6: Lower managerial, administrative and professional occupations",263,272,-9
E01000590,L7: Intermediate occupations,139,165,-26
E01000590,L8 and L9: Small employers and own account workers,310,206,104
E01000591,"L1, L2 and L3: Higher managerial, administrative and professional occupations",148,133,15
E01000591,L10 and L11: Lower supervisory and technical occupations,66,77,-11
E01000591,L12: Semi-routine occupations,195,209,-14
E01000591,L13: Routine occupations,192,122,70
E01000591,L14.1 and L14.2: Never worked and long-term unemployed,222,170,52
E01000591,L15: Full-time students,191,250,-59
E01000591,"L4, L5 and L6: Lower managerial, administrative and professional occupations",226,238,-12
E01000591,L7: Intermediate occupations,153,194,-41
E01000591,L8 and L9: Small employers and own account workers,394,189,205
E01000592,"L1, L2 and L3: Higher managerial, administrative and professional occupations",181,111,70
E01000592,L10 and L11: Lower supervisory and technical occupations,62,52,10
E01000592,L12: Semi-routine occupations,169,153,16
E01000592,L13: Routine occupations,127,108,19
E01000592,L14.1 and L14.2: Never worked and long-term unemployed,158,114,44
E01000592,L15: Full-time students,112,127,-15
E01000592,"L4, L5 and L6: Lower managerial, administrative and professional occupations",265,234,31
E01000592,L7: Intermediate occupations,152,154,-2
E01000592,L8 and L9: Small employers and own account workers,283,191,92
E01000593,"L1, L2 and L3: Higher managerial, administrative and professional occupations",189,154,35
E01000593,L10 and L11: Lower supervisory and technical occupations,57,84,-27
E01000593,L12: Semi-routine occupations,162,182,-20
E01000593,L13: Routine occupations,151,122,29
E01000593,L14.1 and L14.2: Never worked and long-term unemployed,226,159,67
E01000593,L15: Full-time students,179,191,-12
E01000593,"L4, L5 and L6: Lower managerial, administrative and professional occupations",249,289,-40
E01000593,L7: Intermediate occupations,191,210,-19
E01000593,L8 and L9: Small employers and own account workers,324,199,125
E01000594,"L1, L2 and L3: Higher managerial, administrative and professional occupations",142,124,18
E01000594,L10 and L11: Lower supervisory and technical occupations,42,61,-19
E01000594,L12: Semi-routine occupations,150,152,-2
E01000594,L13: Routine occupations,168,100,68
E01000594,L14.1 and L14.2: Never worked and long-term unemployed,146,111,35
E01000594,L15: Full-time students,156,145,11
E01000594,"L4, L5 and L6: Lower managerial, administrative and professional occupations",208,198,10
E01000594,L7: Intermediate occupations,139,166,-27
E01000594,L8 and L9: Small employers and own account workers,345,209,136
E01000595,"L1, L2 and L3: Higher managerial, administrative and professional occupations",58,42,16
E01000595,L10 and L11: Lower supervisory and technical occupations,87,69,18
E01000595,L12: Semi-routine occupations,138,165,-27
E01000595,L13: Routine occupations,184,122,62
E01000595,L14.1 and L14.2: Never worked and long-term unemployed,236,191,45
E01000595,L15: Full-time students,159,177,-18
E01000595,"L4, L5 and L6: Lower managerial, administrative and professional occupations",156,146,10
E01000595,L7: Intermediate occupations,121,106,15
E01000595,L8 and L9: Small employers and own account workers,125,110,15
E01000596,"L1, L2 and L3: Higher managerial, administrative and professional occupations",56,25,31
E01000596,L10 and L11: Lower supervisory and technical occupations,61,60,1
E01000596,L12: Semi-routine occupations,137,178,-41
E01000596,L13: Routine occupations,202,150,52
E01000596,L14.1 and L14.2: Never worked and long-term unemployed,289,248,41
E01000596,L15: Full-time students,161,156,5
E01000596,"L4, L5 and L6: Lower managerial, administrative and professional occupations",149,120,29
E01000596,L7: Intermediate occupations,150,117,33
E01000596,L8 and L9: Small employers and own account workers,140,85,55
E01000599,"L1, L2 and L3: Higher managerial, administrative and professional occupations",135,41,94
E01000599,L10 and L11: Lower supervisory and technical occupations,72,63,9
E01000599,L12: Semi-routine occupations,202,134,68
E01000599,L13: Routine occupations,179,92,87
E01000599,L14.1 and L14.2: Never worked and long-term unemployed,268,121,147
E01000599,L15: Full-time students,167,139,28
E01000599,"L4, L5 and L6: Lower managerial, administrative and professional occupations",221,166,55
E01000599,L7: Intermediate occupations,140,113,27
E01000599,L8 and L9: Small employers and own account workers,114,57,57
E01000601,"L1, L2 and L3: Higher managerial, administrative and professional occupations",32,41,-9
E01000601,L10 and L11: Lower supervisory and technical occupations,36,62,-26
E01000601,L12: Semi-routine occupations,127,155,-28
E01000601,L13: Routine occupations,125,96,29
E01000601,L14.1 and L14.2: Never worked and long-term unemployed,250,164,86
E01000601,L15: Full-time students,189,151,38
E01000601,"L4, L5 and L6: Lower managerial, administrative and professional occupations",121,113,8
E01000601,L7: Intermediate occupations,87,91,-4
E01000601,L8 and L9: Small employers and own account workers,114,96,18
E01000602,"L1, L2 and L3: Higher managerial, administrative and professional occupations",52,30,22
E01000602,L10 and L11: Lower supervisory and technical occupations,44,51,-7
E01000602,L12: Semi-routine occupations,129,182,-53
E01000602,L13: Routine occupations,197,149,48
E01000602,L14.1 and L14.2: Never worked and long-term unemployed,206,159,47
E01000602,L15: Full-time students,157,166,-9
E01000602,"L4, L5 and L6: Lower managerial, administrative and professional occupations",160,121,39
E01000602,L7: Intermediate occupations,93,116,-23
E01000602,L8 and L9: Small employers and own account workers,130,90,40
E01000603,"L1, L2 and L3: Higher managerial, administrative and professional occupations",57,50,7
E01000603,L10 and L11: Lower supervisory and technical occupations,49,84,-35
E01000603,L12: Semi-routine occupations,139,170,-31
E01000603,L13: Routine occupations,179,127,52
E01000603,L14.1 and L14.2: Never worked and long-term unemployed,197,154,43
E01000603,L15: Full-time students,113,111,2
E01000603,"L4, L5 and L6: Lower managerial, administrative and professional occupations",143,141,2
E01000603,L7: Intermediate occupations,93,128,-35
E01000603,L8 and L9: Small employers and own account workers,121,76,45
E01000604,"L1, L2 and L3: Higher managerial, administrative and professional occupations",72,44,28
E01000604,L10 and L11: Lower supervisory and technical occupations,52,62,-10
E01000604,L12: Semi-routine occupations,168,203,-35
E01000604,L13: Routine occupations,206,134,72
E01000604,L14.1 and L14.2: Never worked and long-term unemployed,239,211,28
E01000604,L15: Full-time students,209,247,-38
E01000604,"L4, L5 and L6: Lower managerial, administrative and professional occupations",163,133,30
E01000604,L7: Intermediate occupations,124,120,4
E01000604,L8 and L9: Small employers and own account workers,117,70,47
E01000605,"L1, L2 and L3: Higher managerial, administrative and professional occupations",56,30,26
E01000605,L10 and L11: Lower supervisory and technical occupations,76,63,13
E01000605,L12: Semi-routine occupations,186,182,4
E01000605,L13: Routine occupations,207,153,54
E01000605,L14.1 and L14.2: Never worked and long-term unemployed,278,196,82
E01000605,L15: Full-time students,224,186,38
E01000605,"L4, L5 and L6: Lower managerial, administrative and professional occupations",123,117,6
E01000605,L7: Intermediate occupations,111,115,-4
E01000605,L8 and L9: Small employers and own account workers,132,89,43
E01000606,"L1, L2 and L3: Higher managerial, administrative and professional occupations",115,80,35
E01000606,L10 and L11: Lower supervisory and technical occupations,64,74,-10
E01000606,L12: Semi-routine occupations,187,187,0
E01000606,L13: Routine occupations,196,143,53
E01000606,L14.1 and L14.2: Never worked and long-term unemployed,201,124,77
E01000606,L15: Full-time students,208,144,64
E01000606,"L4, L5 and L6: Lower managerial, administrative and professional occupations",180,192,-12
E01000606,L7: Intermediate occupations,148,148,0
E01000606,L8 and L9: Small employers and own account workers,229,158,71
E01000607,"L1, L2 and L3: Higher managerial, administrative and professional occupations",167,132,35
E01000607,L10 and L11: Lower supervisory and technical occupations,96,80,16
E01000607,L12: Semi-routine occupations,244,257,-13
E01000607,L13: Routine occupations,260,145,115
E01000607,L14.1 and L14.2: Never worked and long-term unemployed,242,177,65
E01000607,L15: Full-time students,375,278,97
E01000607,"L4, L5 and L6: Lower managerial, administrative and professional occupations",257,252,5
E01000607,L7: Intermediate occupations,166,181,-15
E01000607,L8 and L9: Small employers and own account workers,298,159,139
E01000608,"L1, L2 and L3: Higher managerial, administrative and professional occupations",152,120,32
E01000608,L10 and L11: Lower supervisory and technical occupations,98,70,28
E01000608,L12: Semi-routine occupations,251,282,-31
E01000608,L13: Routine occupations,281,153,128
E01000608,L14.1 and L14.2: Never worked and long-term unemployed,261,175,86
E01000608,L15: Full-time students,175,268,-93
E01000608,"L4, L5 and L6: Lower managerial, administrative and professional occupations",257,268,-11
E01000608,L7: Intermediate occupations,161,159,2
E01000608,L8 and L9: Small employers and own account workers,238,164,74
E01000609,"L1, L2 and L3: Higher managerial, administrative and professional occupations",141,87,54
E01000609,L10 and L11: Lower supervisory and technical occupations,97,108,-11
E01000609,L12: Semi-routine occupations,197,227,-30
E01000609,L13: Routine occupations,308,160,148
E01000609,L14.1 and L14.2: Never worked and long-term unemployed,196,168,28
E01000609,L15: Full-time students,156,204,-48
E01000609,"L4, L5 and L6: Lower managerial, administrative and professional occupations",223,263,-40
E01000609,L7: Intermediate occupations,157,173,-16
E01000609,L8 and L9: Small employers and own account workers,192,140,52
E01000610,"L1, L2 and L3: Higher managerial, administrative and professional occupations",134,138,-4
E01000610,L10 and L11: Lower supervisory and technical occupations,93,83,10
E01000610,L12: Semi-routine occupations,225,208,17
E01000610,L13: Routine occupations,242,112,130
E01000610,L14.1 and L14.2: Never worked and long-term unemployed,236,160,76
E01000610,L15: Full-time students,180,178,2
E01000610,"L4, L5 and L6: Lower managerial, administrative and professional occupations",267,226,41
E01000610,L7: Intermediate occupations,176,156,20
E01000610,L8 and L9: Small employers and own account workers,201,149,52
E01000611,"L1, L2 and L3: Higher managerial, administrative and professional occupations",159,67,92
E01000611,L10 and L11: Lower supervisory and technical occupations,63,57,6
E01000611,L12: Semi-routine occupations,184,164,20
E01000611,L13: Routine occupations,191,148,43
E01000611,L14.1 and L14.2: Never worked and long-term unemployed,174,128,46
E01000611,L15: Full-time students,181,150,31
E01000611,"L4, L5 and L6: Lower managerial, administrative and professional occupations",278,192,86
E01000611,L7: Intermediate occupations,164,116,48
E01000611,L8 and L9: Small employers and own account workers,144,78,66
E01000612,"L1, L2 and L3: Higher managerial, administrative and professional occupations",111,75,36
E01000612,L10 and L11: Lower supervisory and technical occupations,84,74,10
E01000612,L12: Semi-routine occupations,146,211,-65
E01000612,L13: Routine occupations,247,111,136
E01000612,L14.1 and L14.2: Never worked and long-term unemployed,191,135,56
E01000612,L15: Full-time students,147,176,-29
E01000612,"L4, L5 and L6: Lower managerial, administrative and professional occupations",211,197,14
E01000612,L7: Intermediate occupations,128,163,-35
E01000612,L8 and L9: Small employers and own account workers,165,117,48
E01000613,"L1, L2 and L3: Higher managerial, administrative and professional occupations",137,148,-11
E01000613,L10 and L11: Lower supervisory and technical occupations,54,78,-24
E01000613,L12: Semi-routine occupations,141,194,-53
E01000613,L13: Routine occupations,191,129,62
E01000613,L14.1 and L14.2: Never worked and long-term unemployed,214,189,25
E01000613,L15: Full-time students,127,200,-73
E01000613,"L4, L5 and L6: Lower managerial, administrative and professional occupations",213,276,-63
E01000613,L7: Intermediate occupations,151,183,-32
E01000613,L8 and L9: Small employers and own account workers,167,179,-12
E01000615,"L1, L2 and L3: Higher managerial, administrative and professional occupations",239,128,111
E01000615,L10 and L11: Lower supervisory and technical occupations,82,89,-7
E01000615,L12: Semi-routine occupations,160,149,11
E01000615,L13: Routine occupations,236,125,111
E01000615,L14.1 and L14.2: Never worked and long-term unemployed,204,116,88
E01000615,L15: Full-time students,1116,160,956
E01000615,"L4, L5 and L6: Lower managerial, administrative and professional occupations",337,201,136
E01000615,L7: Intermediate occupations,161,140,21
E01000615,L8 and L9: Small employers and own account workers,215,116,99
E01000616,"L1, L2 and L3: Higher managerial, administrative and professional occupations",110,112,-2
E01000616,L10 and L11: Lower supervisory and technical occupations,100,88,12
E01000616,L12: Semi-routine occupations,198,216,-18
E01000616,L13: Routine occupations,281,166,115
E01000616,L14.1 and L14.2: Never worked and long-term unemployed,147,119,28
E01000616,L15: Full-time students,178,193,-15
E01000616,"L4, L5 and L6: Lower managerial, administrative and professional occupations",233,191,42
E01000616,L7: Intermediate occupations,165,135,30
E01000616,L8 and L9: Small employers and own account workers,218,152,66
E01000617,"L1, L2 and L3: Higher managerial, administrative and professional occupations",206,90,116
E01000617,L10 and L11: Lower supervisory and technical occupations,100,70,30
E01000617,L12: Semi-routine occupations,205,222,-17
E01000617,L13: Routine occupations,286,160,126
E01000617,L14.1 and L14.2: Never worked and long-term unemployed,251,131,120
E01000617,L15: Full-time students,172,199,-27
E01000617,"L4, L5 and L6: Lower managerial, administrative and professional occupations",286,190,96
E01000617,L7: Intermediate occupations,171,141,30
E01000617,L8 and L9: Small employers and own account workers,218,140,78
E01000618,"L1, L2 and L3: Higher managerial, administrative and professional occupations",99,64,35
E01000618,L10 and L11: Lower supervisory and technical occupations,63,38,25
E01000618,L12: Semi-routine occupations,145,131,14
E01000618,L13: Routine occupations,240,116,124
E01000618,L14.1 and L14.2: Never worked and long-term unemployed,186,91,95
E01000618,L15: Full-time students,124,111,13
E01000618,"L4, L5 and L6: Lower managerial, administrative and professional occupations",194,118,76
E01000618,L7: Intermediate occupations,130,101,29
E01000618,L8 and L9: Small employers and own account workers,201,99,102
E01000619,"L1, L2 and L3: Higher managerial, administrative and professional occupations",103,80,23
E01000619,L10 and L11: Lower supervisory and technical occupations,59,68,-9
E01000619,L12: Semi-routine occupations,175,187,-12
E01000619,L13: Routine occupations,228,175,53
E01000619,L14.1 and L14.2: Never worked and long-term unemployed,184,106,78
E01000619,L15: Full-time students,121,159,-38
E01000619,"L4, L5 and L6: Lower managerial, administrative and professional occupations",190,186,4
E01000619,L7: Intermediate occupations,118,144,-26
E01000619,L8 and L9: Small employers and own account workers,178,138,40
E01000620,"L1, L2 and L3: Higher managerial, administrative and professional occupations",104,96,8
E01000620,L10 and L11: Lower supervisory and technical occupations,89,83,6
E01000620,L12: Semi-routine occupations,153,204,-51
E01000620,L13: Routine occupations,297,165,132
E01000620,L14.1 and L14.2: Never worked and long-term unemployed,230,136,94
E01000620,L15: Full-time students,109,190,-81
E01000620,"L4, L5 and L6: Lower managerial, administrative and professional occupations",202,172,30
E01000620,L7: Intermediate occupations,145,149,-4
E01000620,L8 and L9: Small employers and own account workers,161,120,41
E01000621,"L1, L2 and L3: Higher managerial, administrative and professional occupations",102,99,3
E01000621,L10 and L11: Lower supervisory and technical occupations,85,82,3
E01000621,L12: Semi-routine occupations,168,274,-106
E01000621,L13: Routine occupations,295,236,59
E01000621,L14.1 and L14.2: Never worked and long-term unemployed,174,151,23
E01000621,L15: Full-time students,138,235,-97
E01000621,"L4, L5 and L6: Lower managerial, administrative and professional occupations",182,235,-53
E01000621,L7: Intermediate occupations,143,164,-21
E01000621,L8 and L9: Small employers and own account workers,194,186,8
E01000622,"L1, L2 and L3: Higher managerial, administrative and professional occupations",81,71,10
E01000622,L10 and L11: Lower supervisory and technical occupations,89,94,-5
E01000622,L12: Semi-routine occupations,170,153,17
E01000622,L13: Routine occupations,199,134,65
E01000622,L14.1 and L14.2: Never worked and long-term unemployed,189,141,48
E01000622,L15: Full-time students,123,107,16
E01000622,"L4, L5 and L6: Lower managerial, administrative and professional occupations",189,164,25
E01000622,L7: Intermediate occupations,96,112,-16
E01000622,L8 and L9: Small employers and own account workers,285,228,57
E01000623,"L1, L2 and L3: Higher managerial, administrative and professional occupations",177,113,64
E01000623,L10 and L11: Lower supervisory and technical occupations,73,73,0
E01000623,L12: Semi-routine occupations,134,149,-15
E01000623,L13: Routine occupations,149,101,48
E01000623,L14.1 and L14.2: Never worked and long-term unemployed,188,129,59
E01000623,L15: Full-time students,122,152,-30
E01000623,"L4, L5 and L6: Lower managerial, administrative and professional occupations",237,229,8
E01000623,L7: Intermediate occupations,146,155,-9
E01000623,L8 and L9: Small employers and own account workers,287,203,84
E01000624,"L1, L2 and L3: Higher managerial, administrative and professional occupations",155,91,64
E01000624,L10 and L11: Lower supervisory and technical occupations,72,70,2
E01000624,L12: Semi-routine occupations,146,138,8
E01000624,L13: Routine occupations,136,105,31
E01000624,L14.1 and L14.2: Never worked and long-term unemployed,182,98,84
E01000624,L15: Full-time students,105,139,-34
E01000624,"L4, L5 and L6: Lower managerial, administrative and professional occupations",221,196,25
E01000624,L7: Intermediate occupations,162,169,-7
E01000624,L8 and L9: Small employers and own account workers,251,199,52
E01000625,"L1, L2 and L3: Higher managerial, administrative and professional occupations",152,122,30
E01000625,L10 and L11: Lower supervisory and technical occupations,42,48,-6
E01000625,L12: Semi-routine occupations,110,101,9
E01000625,L13: Routine occupations,120,85,35
E01000625,L14.1 and L14.2: Never worked and long-term unemployed,236,123,113
E01000625,L15: Full-time students,162,134,28
E01000625,"L4, L5 and L6: Lower managerial, administrative and professional occupations",209,189,20
E01000625,L7: Intermediate occupations,98,129,-31
E01000625,L8 and L9: Small employers and own account workers,246,160,86
E01000626,"L1, L2 and L3: Higher managerial, administrative and professional occupations",76,37,39
E01000626,L10 and L11: Lower supervisory and technical occupations,66,63,3
E01000626,L12: Semi-routine occupations,141,155,-14
E01000626,L13: Routine occupations,149,128,21
E01000626,L14.1 and L14.2: Never worked and long-term unemployed,217,152,65
E01000626,L15: Full-time students,105,140,-35
E01000626,"L4, L5 and L6: Lower managerial, administrative and professional occupations",167,134,33
E01000626,L7: Intermediate occupations,128,124,4
E01000626,L8 and L9: Small employers and own account workers,154,120,34
E01000627,"L1, L2 and L3: Higher managerial, administrative and professional occupations",63,73,-10
E01000627,L10 and L11: Lower supervisory and technical occupations,70,99,-29
E01000627,L12: Semi-routine occupations,156,191,-35
E01000627,L13: Routine occupations,241,167,74
E01000627,L14.1 and L14.2: Never worked and long-term unemployed,251,175,76
E01000627,L15: Full-time students,225,165,60
E01000627,"L4, L5 and L6: Lower managerial, administrative and professional occupations",204,161,43
E01000627,L7: Intermediate occupations,131,142,-11
E01000627,L8 and L9: Small employers and own account workers,322,199,123
E01000628,"L1, L2 and L3: Higher managerial, administrative and professional occupations",84,82,2
E01000628,L10 and L11: Lower supervisory and technical occupations,89,83,6
E01000628,L12: Semi-routine occupations,145,176,-31
E01000628,L13: Routine occupations,210,140,70
E01000628,L14.1 and L14.2: Never worked and long-term unemployed,258,185,73
E01000628,L15: Full-time students,129,188,-59
E01000628,"L4, L5 and L6: Lower managerial, administrative and professional occupations",175,189,-14
E01000628,L7: Intermediate occupations,120,126,-6
E01000628,L8 and L9: Small employers and own account workers,259,218,41
E01000629,"L1, L2 and L3: Higher managerial, administrative and professional occupations",126,110,16
E01000629,L10 and L11: Lower supervisory and technical occupations,63,97,-34
E01000629,L12: Semi-routine occupations,163,169,-6
E01000629,L13: Routine occupations,199,164,35
E01000629,L14.1 and L14.2: Never worked and long-term unemployed,166,133,33
E01000629,L15: Full-time students,152,172,-20
E01000629,"L4, L5 and L6: Lower managerial, administrative and professional occupations",245,192,53
E01000629,L7: Intermediate occupations,159,176,-17
E01000629,L8 and L9: Small employers and own account workers,336,253,83
E01000630,"L1, L2 and L3: Higher managerial, administrative and professional occupations",180,89,91
E01000630,L10 and L11: Lower supervisory and technical occupations,127,97,30
E01000630,L12: Semi-routine occupations,270,265,5
E01000630,L13: Routine occupations,406,224,182
E01000630,L14.1 and L14.2: Never worked and long-term unemployed,333,231,102
E01000630,L15: Full-time students,191,266,-75
E01000630,"L4, L5 and L6: Lower managerial, administrative and professional occupations",328,222,106
E01000630,L7: Intermediate occupations,192,190,2
E01000630,L8 and L9: Small employers and own account workers,200,143,57
E01000631,"L1, L2 and L3: Higher managerial, administrative and professional occupations",164,112,52
E01000631,L10 and L11: Lower supervisory and technical occupations,87,78,9
E01000631,L12: Semi-routine occupations,199,261,-62
E01000631,L13: Routine occupations,285,146,139
E01000631,L14.1 and L14.2: Never worked and long-term unemployed,245,148,97
E01000631,L15: Full-time students,136,208,-72
E01000631,"L4, L5 and L6: Lower managerial, administrative and professional occupations",231,221,10
E01000631,L7: Intermediate occupations,150,152,-2
E01000631,L8 and L9: Small employers and own account workers,218,140,78
E01000632,"L1, L2 and L3: Higher managerial, administrative and professional occupations",130,96,34
E01000632,L10 and L11: Lower supervisory and technical occupations,83,79,4
E01000632,L12: Semi-routine occupations,281,301,-20
E01000632,L13: Routine occupations,428,205,223
E01000632,L14.1 and L14.2: Never worked and long-term unemployed,308,176,132
E01000632,L15: Full-time students,225,237,-12
E01000632,"L4, L5 and L6: Lower managerial, administrative and professional occupations",223,181,42
E01000632,L7: Intermediate occupations,170,179,-9
E01000632,L8 and L9: Small employers and own account workers,206,152,54
E01000633,"L1, L2 and L3: Higher managerial, administrative and professional occupations",121,105,16
E01000633,L10 and L11: Lower supervisory and technical occupations,119,106,13
E01000633,L12: Semi-routine occupations,261,314,-53
E01000633,L13: Routine occupations,451,190,261
E01000633,L14.1 and L14.2: Never worked and long-term unemployed,354,186,168
E01000633,L15: Full-time students,146,233,-87
E01000633,"L4, L5 and L6: Lower managerial, administrative and professional occupations",199,178,21
E01000633,L7: Intermediate occupations,153,126,27
E01000633,L8 and L9: Small employers and own account workers,236,110,126
E01000634,"L1, L2 and L3: Higher managerial, administrative and professional occupations",151,100,51
E01000634,L10 and L11: Lower supervisory and technical occupations,122,120,2
E01000634,L12: Semi-routine occupations,250,320,-70
E01000634,L13: Routine occupations,438,225,213
E01000634,L14.1 and L14.2: Never worked and long-term unemployed,285,204,81
E01000634,L15: Full-time students,267,277,-10
E01000634,"L4, L5 and L6: Lower managerial, administrative and professional occupations",240,229,11
E01000634,L7: Intermediate occupations,169,152,17
E01000634,L8 and L9: Small employers and own account workers,176,124,52
E01000636,"L1, L2 and L3: Higher managerial, administrative and professional occupations",160,76,84
E01000636,L10 and L11: Lower supervisory and technical occupations,119,84,35
E01000636,L12: Semi-routine occupations,276,226,50
E01000636,L13: Routine occupations,460,202,258
E01000636,L14.1 and L14.2: Never worked and long-term unemployed,242,129,113
E01000636,L15: Full-time students,180,231,-51
E01000636,"L4, L5 and L6: Lower managerial, administrative and professional occupations",291,179,112
E01000636,L7: Intermediate occupations,190,142,48
E01000636,L8 and L9: Small employers and own account workers,189,146,43
E01000637,"L1, L2 and L3: Higher managerial, administrative and professional occupations",161,121,40
E01000637,L10 and L11: Lower supervisory and technical occupations,52,86,-34
E01000637,L12: Semi-routine occupations,113,136,-23
E01000637,L13: Routine occupations,186,157,29
E01000637,L14.1 and L14.2: Never worked and long-term unemployed,162,116,46
E01000637,L15: Full-time students,120,172,-52
E01000637,"L4, L5 and L6: Lower managerial, administrative and professional occupations",203,266,-63
E01000637,L7: Intermediate occupations,106,122,-16
E01000637,L8 and L9: Small employers and own account workers,150,132,18
E01000638,"L1, L2 and L3: Higher managerial, administrative and professional occupations",118,72,46
E01000638,L10 and L11: Lower supervisory and technical occupations,71,92,-21
E01000638,L12: Semi-routine occupations,205,186,19
E01000638,L13: Routine occupations,267,236,31
E01000638,L14.1 and L14.2: Never worked and long-term unemployed,207,167,40
E01000638,L15: Full-time students,187,173,14
E01000638,"L4, L5 and L6: Lower managerial, administrative and professional occupations",200,200,0
E01000638,L7: Intermediate occupations,119,120,-1
E01000638,L8 and L9: Small employers and own account workers,284,223,61
E01000639,"L1, L2 and L3: Higher managerial, administrative and professional occupations",195,165,30
E01000639,L10 and L11: Lower supervisory and technical occupations,76,100,-24
E01000639,L12: Semi-routine occupations,133,159,-26
E01000639,L13: Routine occupations,150,127,23
E01000639,L14.1 and L14.2: Never worked and long-term unemployed,155,85,70
E01000639,L15: Full-time students,126,160,-34
E01000639,"L4, L5 and L6: Lower managerial, administrative and professional occupations",269,341,-72
E01000639,L7: Intermediate occupations,134,159,-25
E01000639,L8 and L9: Small employers and own account workers,202,166,36
E01000640,"L1, L2 and L3: Higher managerial, administrative and professional occupations",114,89,25
E01000640,L10 and L11: Lower supervisory and technical occupations,84,112,-28
E01000640,L12: Semi-routine occupations,194,247,-53
E01000640,L13: Routine occupations,279,218,61
E01000640,L14.1 and L14.2: Never worked and long-term unemployed,311,186,125
E01000640,L15: Full-time students,201,204,-3
E01000640,"L4, L5 and L6: Lower managerial, administrative and professional occupations",215,231,-16
E01000640,L7: Intermediate occupations,119,115,4
E01000640,L8 and L9: Small employers and own account workers,215,229,-14
E01000641,"L1, L2 and L3: Higher managerial, administrative and professional occupations",124,83,41
E01000641,L10 and L11: Lower supervisory and technical occupations,55,103,-48
E01000641,L12: Semi-routine occupations,175,186,-11
E01000641,L13: Routine occupations,223,169,54
E01000641,L14.1 and L14.2: Never worked and long-term unemployed,244,144,100
E01000641,L15: Full-time students,149,184,-35
E01000641,"L4, L5 and L6: Lower managerial, administrative and professional occupations",221,257,-36
E01000641,L7: Intermediate occupations,126,146,-20
E01000641,L8 and L9: Small employers and own account workers,192,193,-1
E01000642,"L1, L2 and L3: Higher managerial, administrative and professional occupations",239,190,49
E01000642,L10 and L11: Lower supervisory and technical occupations,139,121,18
E01000642,L12: Semi-routine occupations,194,154,40
E01000642,L13: Routine occupations,254,176,78
E01000642,L14.1 and L14.2: Never worked and long-term unemployed,205,128,77
E01000642,L15: Full-time students,139,210,-71
E01000642,"L4, L5 and L6: Lower managerial, administrative and professional occupations",346,411,-65
E01000642,L7: Intermediate occupations,166,170,-4
E01000642,L8 and L9: Small employers and own account workers,246,174,72
E01000643,"L1, L2 and L3: Higher managerial, administrative and professional occupations",134,101,33
E01000643,L10 and L11: Lower supervisory and technical occupations,65,87,-22
E01000643,L12: Semi-routine occupations,187,197,-10
E01000643,L13: Routine occupations,183,167,16
E01000643,L14.1 and L14.2: Never worked and long-term unemployed,353,223,130
E01000643,L15: Full-time students,188,201,-13
E01000643,"L4, L5 and L6: Lower managerial, administrative and professional occupations",290,248,42
E01000643,L7: Intermediate occupations,184,149,35
E01000643,L8 and L9: Small employers and own account workers,192,150,42
E01000644,"L1, L2 and L3: Higher managerial, administrative and professional occupations",194,128,66
E01000644,L10 and L11: Lower supervisory and technical occupations,72,88,-16
E01000644,L12: Semi-routine occupations,160,183,-23
E01000644,L13: Routine occupations,191,160,31
E01000644,L14.1 and L14.2: Never worked and long-term unemployed,198,140,58
E01000644,L15: Full-time students,145,166,-21
E01000644,"L4, L5 and L6: Lower managerial, administrative and professional occupations",310,316,-6
E01000644,L7: Intermediate occupations,133,144,-11
E01000644,L8 and L9: Small employers and own account workers,201,157,44
E01000645,"L1, L2 and L3: Higher managerial, administrative and professional occupations",406,283,123
E01000645,L10 and L11: Lower supervisory and technical occupations,12,13,-1
E01000645,L12: Semi-routine occupations,40,37,3
E01000645,L13: Routine occupations,29,14,15
E01000645,L14.1 and L14.2: Never worked and long-term unemployed,45,14,31
E01000645,L15: Full-time students,67,83,-16
E01000645,"L4, L5 and L6: Lower managerial, administrative and professional occupations",284,306,-22
E01000645,L7: Intermediate occupations,130,140,-10
E01000645,L8 and L9: Small employers and own account workers,158,106,52
E01000646,"L1, L2 and L3: Higher managerial, administrative and professional occupations",343,239,104
E01000646,L10 and L11: Lower supervisory and technical occupations,54,67,-13
E01000646,L12: Semi-routine occupations,91,84,7
E01000646,L13: Routine occupations,102,39,63
E01000646,L14.1 and L14.2: Never worked and long-term unemployed,79,44,35
E01000646,L15: Full-time students,79,62,17
E01000646,"L4, L5 and L6: Lower managerial, administrative and professional occupations",393,355,38
E01000646,L7: Intermediate occupations,169,175,-6
E01000646,L8 and L9: Small employers and own account workers,174,98,76
E01000647,"L1, L2 and L3: Higher managerial, administrative and professional occupations",284,179,105
E01000647,L10 and L11: Lower supervisory and technical occupations,44,46,-2
E01000647,L12: Semi-routine occupations,90,99,-9
E01000647,L13: Routine occupations,76,54,22
E01000647,L14.1 and L14.2: Never worked and long-term unemployed,57,37,20
E01000647,L15: Full-time students,87,76,11
E01000647,"L4, L5 and L6: Lower managerial, administrative and professional occupations",345,323,22
E01000647,L7: Intermediate occupations,175,198,-23
E01000647,L8 and L9: Small employers and own account workers,151,142,9
E01000648,"L1, L2 and L3: Higher managerial, administrative and professional occupations",375,224,151
E01000648,L10 and L11: Lower supervisory and technical occupations,48,56,-8
E01000648,L12: Semi-routine occupations,85,88,-3
E01000648,L13: Routine occupations,72,53,19
E01000648,L14.1 and L14.2: Never worked and long-term unemployed,86,38,48
E01000648,L15: Full-time students,102,88,14
E01000648,"L4, L5 and L6: Lower managerial, administrative and professional occupations",381,343,38
E01000648,L7: Intermediate occupations,201,198,3
E01000648,L8 and L9: Small employers and own account workers,151,157,-6
E01000649,"L1, L2 and L3: Higher managerial, administrative and professional occupations",555,358,197
E01000649,L10 and L11: Lower supervisory and technical occupations,32,35,-3
E01000649,L12: Semi-routine occupations,90,97,-7
E01000649,L13: Routine occupations,57,45,12
E01000649,L14.1 and L14.2: Never worked and long-term unemployed,90,34,56
E01000649,L15: Full-time students,124,110,14
E01000649,"L4, L5 and L6: Lower managerial, administrative and professional occupations",362,376,-14
E01000649,L7: Intermediate occupations,148,194,-46
E01000649,L8 and L9: Small employers and own account workers,191,138,53
E01000650,"L1, L2 and L3: Higher managerial, administrative and professional occupations",441,321,120
E01000650,L10 and L11: Lower supervisory and technical occupations,20,28,-8
E01000650,L12: Semi-routine occupations,76,86,-10
E01000650,L13: Routine occupations,46,54,-8
E01000650,L14.1 and L14.2: Never worked and long-term unemployed,101,44,57
E01000650,L15: Full-time students,102,106,-4
E01000650,"L4, L5 and L6: Lower managerial, administrative and professional occupations",342,368,-26
E01000650,L7: Intermediate occupations,173,192,-19
E01000650,L8 and L9: Small employers and own account workers,172,116,56
E01000651,"L1, L2 and L3: Higher managerial, administrative and professional occupations",320,214,106
E01000651,L10 and L11: Lower supervisory and technical occupations,29,36,-7
E01000651,L12: Semi-routine occupations,111,80,31
E01000651,L13: Routine occupations,90,49,41
E01000651,L14.1 and L14.2: Never worked and long-term unemployed,73,27,46
E01000651,L15: Full-time students,67,72,-5
E01000651,"L4, L5 and L6: Lower managerial, administrative and professional occupations",346,309,37
E01000651,L7: Intermediate occupations,207,178,29
E01000651,L8 and L9: Small employers and own account workers,149,114,35
E01000652,"L1, L2 and L3: Higher managerial, administrative and professional occupations",334,179,155
E01000652,L10 and L11: Lower supervisory and technical occupations,47,45,2
E01000652,L12: Semi-routine occupations,108,94,14
E01000652,L13: Routine occupations,56,50,6
E01000652,L14.1 and L14.2: Never worked and long-term unemployed,65,19,46
E01000652,L15: Full-time students,67,83,-16
E01000652,"L4, L5 and L6: Lower managerial, administrative and professional occupations",375,318,57
E01000652,L7: Intermediate occupations,183,224,-41
E01000652,L8 and L9: Small employers and own account workers,162,146,16
E01000653,"L1, L2 and L3: Higher managerial, administrative and professional occupations",338,218,120
E01000653,L10 and L11: Lower supervisory and technical occupations,26,31,-5
E01000653,L12: Semi-routine occupations,77,81,-4
E01000653,L13: Routine occupations,36,38,-2
E01000653,L14.1 and L14.2: Never worked and long-term unemployed,77,38,39
E01000653,L15: Full-time students,65,89,-24
E01000653,"L4, L5 and L6: Lower managerial, administrative and professional occupations",332,326,6
E01000653,L7: Intermediate occupations,153,147,6
E01000653,L8 and L9: Small employers and own account workers,153,125,28
E01000654,"L1, L2 and L3: Higher managerial, administrative and professional occupations",128,75,53
E01000654,L10 and L11: Lower supervisory and technical occupations,52,77,-25
E01000654,L12: Semi-routine occupations,108,142,-34
E01000654,L13: Routine occupations,71,60,11
E01000654,L14.1 and L14.2: Never worked and long-term unemployed,39,21,18
E01000654,L15: Full-time students,61,37,24
E01000654,"L4, L5 and L6: Lower managerial, administrative and professional occupations",248,226,22
E01000654,L7: Intermediate occupations,171,191,-20
E01000654,L8 and L9: Small employers and own account workers,147,130,17
E01000655,"L1, L2 and L3: Higher managerial, administrative and professional occupations",126,92,34
E01000655,L10 and L11: Lower supervisory and technical occupations,66,78,-12
E01000655,L12: Semi-routine occupations,92,122,-30
E01000655,L13: Routine occupations,84,57,27
E01000655,L14.1 and L14.2: Never worked and long-term unemployed,66,29,37
E01000655,L15: Full-time students,61,56,5
E01000655,"L4, L5 and L6: Lower managerial, administrative and professional occupations",257,241,16
E01000655,L7: Intermediate occupations,155,181,-26
E01000655,L8 and L9: Small employers and own account workers,155,123,32
E01000656,"L1, L2 and L3: Higher managerial, administrative and professional occupations",186,119,67
E01000656,L10 and L11: Lower supervisory and technical occupations,76,59,17
E01000656,L12: Semi-routine occupations,121,108,13
E01000656,L13: Routine occupations,83,60,23
E01000656,L14.1 and L14.2: Never worked and long-term unemployed,56,25,31
E01000656,L15: Full-time students,65,59,6
E01000656,"L4, L5 and L6: Lower managerial, administrative and professional occupations",303,266,37
E01000656,L7: Intermediate occupations,215,233,-18
E01000656,L8 and L9: Small employers and own account workers,145,141,4
E01000657,"L1, L2 and L3: Higher managerial, administrative and professional occupations",152,102,50
E01000657,L10 and L11: Lower supervisory and technical occupations,70,86,-16
E01000657,L12: Semi-routine occupations,146,122,24
E01000657,L13: Routine occupations,110,93,17
E01000657,L14.1 and L14.2: Never worked and long-term unemployed,72,30,42
E01000657,L15: Full-time students,64,63,1
E01000657,"L4, L5 and L6: Lower managerial, administrative and professional occupations",280,281,-1
E01000657,L7: Intermediate occupations,203,224,-21
E01000657,L8 and L9: Small employers and own account workers,193,170,23
E01000658,"L1, L2 and L3: Higher managerial, administrative and professional occupations",143,99,44
E01000658,L10 and L11: Lower supervisory and technical occupations,52,78,-26
E01000658,L12: Semi-routine occupations,129,105,24
E01000658,L13: Routine occupations,86,56,30
E01000658,L14.1 and L14.2: Never worked and long-term unemployed,56,18,38
E01000658,L15: Full-time students,47,62,-15
E01000658,"L4, L5 and L6: Lower managerial, administrative and professional occupations",283,254,29
E01000658,L7: Intermediate occupations,213,213,0
E01000658,L8 and L9: Small employers and own account workers,157,121,36
E01000659,"L1, L2 and L3: Higher managerial, administrative and professional occupations",152,94,58
E01000659,L10 and L11: Lower supervisory and technical occupations,77,98,-21
E01000659,L12: Semi-routine occupations,119,116,3
E01000659,L13: Routine occupations,60,91,-31
E01000659,L14.1 and L14.2: Never worked and long-term unemployed,41,21,20
E01000659,L15: Full-time students,73,74,-1
E01000659,"L4, L5 and L6: Lower managerial, administrative and professional occupations",277,255,22
E01000659,L7: Intermediate occupations,195,227,-32
E01000659,L8 and L9: Small employers and own account workers,169,136,33
E01000661,"L1, L2 and L3: Higher managerial, administrative and professional occupations",308,58,250
E01000661,L10 and L11: Lower supervisory and technical occupations,100,84,16
E01000661,L12: Semi-routine occupations,216,192,24
E01000661,L13: Routine occupations,245,126,119
E01000661,L14.1 and L14.2: Never worked and long-term unemployed,238,108,130
E01000661,L15: Full-time students,139,96,43
E01000661,"L4, L5 and L6: Lower managerial, administrative and professional occupations",399,194,205
E01000661,L7: Intermediate occupations,240,148,92
E01000661,L8 and L9: Small employers and own account workers,219,102,117
E01000662,"L1, L2 and L3: Higher managerial, administrative and professional occupations",227,116,111
E01000662,L10 and L11: Lower supervisory and technical occupations,59,57,2
E01000662,L12: Semi-routine occupations,138,157,-19
E01000662,L13: Routine occupations,99,99,0
E01000662,L14.1 and L14.2: Never worked and long-term unemployed,109,86,23
E01000662,L15: Full-time students,100,103,-3
E01000662,"L4, L5 and L6: Lower managerial, administrative and professional occupations",305,268,37
E01000662,L7: Intermediate occupations,181,183,-2
E01000662,L8 and L9: Small employers and own account workers,198,151,47
E01000663,"L1, L2 and L3: Higher managerial, administrative and professional occupations",222,103,119
E01000663,L10 and L11: Lower supervisory and technical occupations,63,62,1
E01000663,L12: Semi-routine occupations,130,150,-20
E01000663,L13: Routine occupations,122,103,19
E01000663,L14.1 and L14.2: Never worked and long-term unemployed,117,52,65
E01000663,L15: Full-time students,91,66,25
E01000663,"L4, L5 and L6: Lower managerial, administrative and professional occupations",266,233,33
E01000663,L7: Intermediate occupations,160,197,-37
E01000663,L8 and L9: Small employers and own account workers,144,138,6
E01000664,"L1, L2 and L3: Higher managerial, administrative and professional occupations",223,97,126
E01000664,L10 and L11: Lower supervisory and technical occupations,57,66,-9
E01000664,L12: Semi-routine occupations,123,128,-5
E01000664,L13: Routine occupations,74,107,-33
E01000664,L14.1 and L14.2: Never worked and long-term unemployed,95,64,31
E01000664,L15: Full-time students,91,107,-16
E01000664,"L4, L5 and L6: Lower managerial, administrative and professional occupations",295,232,63
E01000664,L7: Intermediate occupations,193,207,-14
E01000664,L8 and L9: Small employers and own account workers,152,128,24
E01000665,"L1, L2 and L3: Higher managerial, administrative and professional occupations",249,132,117
E01000665,L10 and L11: Lower supervisory and technical occupations,68,68,0
E01000665,L12: Semi-routine occupations,126,130,-4
E01000665,L13: Routine occupations,105,59,46
E01000665,L14.1 and L14.2: Never worked and long-term unemployed,110,43,67
E01000665,L15: Full-time students,88,86,2
E01000665,"L4, L5 and L6: Lower managerial, administrative and professional occupations",344,338,6
E01000665,L7: Intermediate occupations,204,244,-40
E01000665,L8 and L9: Small employers and own account workers,211,196,15
E01000666,"L1, L2 and L3: Higher managerial, administrative and professional occupations",367,238,129
E01000666,L10 and L11: Lower supervisory and technical occupations,42,46,-4
E01000666,L12: Semi-routine occupations,94,117,-23
E01000666,L13: Routine occupations,75,42,33
E01000666,L14.1 and L14.2: Never worked and long-term unemployed,85,24,61
E01000666,L15: Full-time students,79,78,1
E01000666,"L4, L5 and L6: Lower managerial, administrative and professional occupations",415,387,28
E01000666,L7: Intermediate occupations,227,203,24
E01000666,L8 and L9: Small employers and own account workers,234,169,65
E01000667,"L1, L2 and L3: Higher managerial, administrative and professional occupations",326,206,120
E01000667,L10 and L11: Lower supervisory and technical occupations,41,49,-8
E01000667,L12: Semi-routine occupations,76,77,-1
E01000667,L13: Routine occupations,42,27,15
E01000667,L14.1 and L14.2: Never worked and long-term unemployed,78,28,50
E01000667,L15: Full-time students,80,88,-8
E01000667,"L4, L5 and L6: Lower managerial, administrative and professional occupations",309,278,31
E01000667,L7: Intermediate occupations,206,178,28
E01000667,L8 and L9: Small employers and own account workers,229,187,42
E01000668,"L1, L2 and L3: Higher managerial, administrative and professional occupations",356,188,168
E01000668,L10 and L11: Lower supervisory and technical occupations,62,58,4
E01000668,L12: Semi-routine occupations,153,117,36
E01000668,L13: Routine occupations,106,69,37
E01000668,L14.1 and L14.2: Never worked and long-term unemployed,119,39,80
E01000668,L15: Full-time students,76,82,-6
E01000668,"L4, L5 and L6: Lower managerial, administrative and professional occupations",489,326,163
E01000668,L7: Intermediate occupations,216,185,31
E01000668,L8 and L9: Small employers and own account workers,189,129,60
E01000669,"L1, L2 and L3: Higher managerial, administrative and professional occupations",303,152,151
E01000669,L10 and L11: Lower supervisory and technical occupations,51,58,-7
E01000669,L12: Semi-routine occupations,96,131,-35
E01000669,L13: Routine occupations,76,57,19
E01000669,L14.1 and L14.2: Never worked and long-term unemployed,54,47,7
E01000669,L15: Full-time students,98,74,24
E01000669,"L4, L5 and L6: Lower managerial, administrative and professional occupations",368,348,20
E01000669,L7: Intermediate occupations,189,197,-8
E01000669,L8 and L9: Small employers and own account workers,157,130,27
E01000670,"L1, L2 and L3: Higher managerial, administrative and professional occupations",427,379,48
E01000670,L10 and L11: Lower supervisory and technical occupations,45,50,-5
E01000670,L12: Semi-routine occupations,86,86,0
E01000670,L13: Routine occupations,56,38,18
E01000670,L14.1 and L14.2: Never worked and long-term unemployed,99,51,48
E01000670,L15: Full-time students,85,89,-4
E01000670,"L4, L5 and L6: Lower managerial, administrative and professional occupations",429,442,-13
E01000670,L7: Intermediate occupations,186,189,-3
E01000670,L8 and L9: Small employers and own account workers,189,137,52
E01000671,"L1, L2 and L3: Higher managerial, administrative and professional occupations",384,200,184
E01000671,L10 and L11: Lower supervisory and technical occupations,63,64,-1
E01000671,L12: Semi-routine occupations,116,123,-7
E01000671,L13: Routine occupations,112,66,46
E01000671,L14.1 and L14.2: Never worked and long-term unemployed,124,46,78
E01000671,L15: Full-time students,92,87,5
E01000671,"L4, L5 and L6: Lower managerial, administrative and professional occupations",517,348,169
E01000671,L7: Intermediate occupations,219,200,19
E01000671,L8 and L9: Small employers and own account workers,203,130,73
E01000672,"L1, L2 and L3: Higher managerial, administrative and professional occupations",305,189,116
E01000672,L10 and L11: Lower supervisory and technical occupations,37,59,-22
E01000672,L12: Semi-routine occupations,86,100,-14
E01000672,L13: Routine occupations,75,43,32
E01000672,L14.1 and L14.2: Never worked and long-term unemployed,79,23,56
E01000672,L15: Full-time students,83,51,32
E01000672,"L4, L5 and L6: Lower managerial, administrative and professional occupations",362,333,29
E01000672,L7: Intermediate occupations,146,167,-21
E01000672,L8 and L9: Small employers and own account workers,184,128,56
E01000673,"L1, L2 and L3: Higher managerial, administrative and professional occupations",342,184,158
E01000673,L10 and L11: Lower supervisory and technical occupations,25,49,-24
E01000673,L12: Semi-routine occupations,73,89,-16
E01000673,L13: Routine occupations,58,48,10
E01000673,L14.1 and L14.2: Never worked and long-term unemployed,54,34,20
E01000673,L15: Full-time students,90,58,32
E01000673,"L4, L5 and L6: Lower managerial, administrative and professional occupations",349,337,12
E01000673,L7: Intermediate occupations,146,193,-47
E01000673,L8 and L9: Small employers and own account workers,149,126,23
E01000674,"L1, L2 and L3: Higher managerial, administrative and professional occupations",280,215,65
E01000674,L10 and L11: Lower supervisory and technical occupations,48,48,0
E01000674,L12: Semi-routine occupations,93,90,3
E01000674,L13: Routine occupations,93,62,31
E01000674,L14.1 and L14.2: Never worked and long-term unemployed,104,52,52
E01000674,L15: Full-time students,98,65,33
E01000674,"L4, L5 and L6: Lower managerial, administrative and professional occupations",342,357,-15
E01000674,L7: Intermediate occupations,156,164,-8
E01000674,L8 and L9: Small employers and own account workers,169,121,48
E01000676,"L1, L2 and L3: Higher managerial, administrative and professional occupations",275,209,66
E01000676,L10 and L11: Lower supervisory and technical occupations,58,91,-33
E01000676,L12: Semi-routine occupations,123,130,-7
E01000676,L13: Routine occupations,132,65,67
E01000676,L14.1 and L14.2: Never worked and long-term unemployed,135,84,51
E01000676,L15: Full-time students,173,70,103
E01000676,"L4, L5 and L6: Lower managerial, administrative and professional occupations",430,345,85
E01000676,L7: Intermediate occupations,162,193,-31
E01000676,L8 and L9: Small employers and own account workers,192,106,86
E01000677,"L1, L2 and L3: Higher managerial, administrative and professional occupations",341,205,136
E01000677,L10 and L11: Lower supervisory and technical occupations,45,51,-6
E01000677,L12: Semi-routine occupations,86,117,-31
E01000677,L13: Routine occupations,73,63,10
E01000677,L14.1 and L14.2: Never worked and long-term unemployed,78,52,26
E01000677,L15: Full-time students,60,67,-7
E01000677,"L4, L5 and L6: Lower managerial, administrative and professional occupations",438,445,-7
E01000677,L7: Intermediate occupations,175,177,-2
E01000677,L8 and L9: Small employers and own account workers,173,148,25
E01000678,"L1, L2 and L3: Higher managerial, administrative and professional occupations",371,216,155
E01000678,L10 and L11: Lower supervisory and technical occupations,53,55,-2
E01000678,L12: Semi-routine occupations,70,96,-26
E01000678,L13: Routine occupations,66,55,11
E01000678,L14.1 and L14.2: Never worked and long-term unemployed,73,42,31
E01000678,L15: Full-time students,92,101,-9
E01000678,"L4, L5 and L6: Lower managerial, administrative and professional occupations",372,355,17
E01000678,L7: Intermediate occupations,176,195,-19
E01000678,L8 and L9: Small employers and own account workers,179,124,55
E01000679,"L1, L2 and L3: Higher managerial, administrative and professional occupations",278,149,129
E01000679,L10 and L11: Lower supervisory and technical occupations,61,63,-2
E01000679,L12: Semi-routine occupations,109,130,-21
E01000679,L13: Routine occupations,69,67,2
E01000679,L14.1 and L14.2: Never worked and long-term unemployed,66,27,39
E01000679,L15: Full-time students,86,68,18
E01000679,"L4, L5 and L6: Lower managerial, administrative and professional occupations",340,350,-10
E01000679,L7: Intermediate occupations,187,202,-15
E01000679,L8 and L9: Small employers and own account workers,180,132,48
E01000680,"L1, L2 and L3: Higher managerial, administrative and professional occupations",342,218,124
E01000680,L10 and L11: Lower supervisory and technical occupations,49,48,1
E01000680,L12: Semi-routine occupations,90,94,-4
E01000680,L13: Routine occupations,56,49,7
E01000680,L14.1 and L14.2: Never worked and long-term unemployed,62,22,40
E01000680,L15: Full-time students,85,62,23
E01000680,"L4, L5 and L6: Lower managerial, administrative and professional occupations",320,335,-15
E01000680,L7: Intermediate occupations,185,182,3
E01000680,L8 and L9: Small employers and own account workers,215,182,33
E01000681,"L1, L2 and L3: Higher managerial, administrative and professional occupations",294,195,99
E01000681,L10 and L11: Lower supervisory and technical occupations,42,57,-15
E01000681,L12: Semi-routine occupations,102,118,-16
E01000681,L13: Routine occupations,55,54,1
E01000681,L14.1 and L14.2: Never worked and long-term unemployed,53,19,34
E01000681,L15: Full-time students,86,79,7
E01000681,"L4, L5 and L6: Lower managerial, administrative and professional occupations",360,338,22
E01000681,L7: Intermediate occupations,243,264,-21
E01000681,L8 and L9: Small employers and own account workers,150,97,53
E01000682,"L1, L2 and L3: Higher managerial, administrative and professional occupations",277,156,121
E01000682,L10 and L11: Lower supervisory and technical occupations,46,50,-4
E01000682,L12: Semi-routine occupations,115,108,7
E01000682,L13: Routine occupations,69,41,28
E01000682,L14.1 and L14.2: Never worked and long-term unemployed,80,20,60
E01000682,L15: Full-time students,67,89,-22
E01000682,"L4, L5 and L6: Lower managerial, administrative and professional occupations",325,281,44
E01000682,L7: Intermediate occupations,203,193,10
E01000682,L8 and L9: Small employers and own account workers,109,97,12
E01000683,"L1, L2 and L3: Higher managerial, administrative and professional occupations",268,161,107
E01000683,L10 and L11: Lower supervisory and technical occupations,49,56,-7
E01000683,L12: Semi-routine occupations,137,122,15
E01000683,L13: Routine occupations,86,72,14
E01000683,L14.1 and L14.2: Never worked and long-term unemployed,109,60,49
E01000683,L15: Full-time students,71,76,-5
E01000683,"L4, L5 and L6: Lower managerial, administrative and professional occupations",315,292,23
E01000683,L7: Intermediate occupations,179,231,-52
E01000683,L8 and L9: Small employers and own account workers,135,100,35
E01000684,"L1, L2 and L3: Higher managerial, administrative and professional occupations",467,262,205
E01000684,L10 and L11: Lower supervisory and technical occupations,49,73,-24
E01000684,L12: Semi-routine occupations,110,121,-11
E01000684,L13: Routine occupations,71,61,10
E01000684,L14.1 and L14.2: Never worked and long-term unemployed,66,42,24
E01000684,L15: Full-time students,90,112,-22
E01000684,"L4, L5 and L6: Lower managerial, administrative and professional occupations",407,402,5
E01000684,L7: Intermediate occupations,213,255,-42
E01000684,L8 and L9: Small employers and own account workers,138,128,10
E01000685,"L1, L2 and L3: Higher managerial, administrative and professional occupations",241,142,99
E01000685,L10 and L11: Lower supervisory and technical occupations,75,73,2
E01000685,L12: Semi-routine occupations,115,136,-21
E01000685,L13: Routine occupations,69,68,1
E01000685,L14.1 and L14.2: Never worked and long-term unemployed,79,39,40
E01000685,L15: Full-time students,83,69,14
E01000685,"L4, L5 and L6: Lower managerial, administrative and professional occupations",296,297,-1
E01000685,L7: Intermediate occupations,182,167,15
E01000685,L8 and L9: Small employers and own account workers,141,116,25
E01000686,"L1, L2 and L3: Higher managerial, administrative and professional occupations",274,172,102
E01000686,L10 and L11: Lower supervisory and technical occupations,33,43,-10
E01000686,L12: Semi-routine occupations,99,113,-14
E01000686,L13: Routine occupations,64,43,21
E01000686,L14.1 and L14.2: Never worked and long-term unemployed,70,27,43
E01000686,L15: Full-time students,56,59,-3
E01000686,"L4, L5 and L6: Lower managerial, administrative and professional occupations",272,304,-32
E01000686,L7: Intermediate occupations,180,186,-6
E01000686,L8 and L9: Small employers and own account workers,151,122,29
E01000687,"L1, L2 and L3: Higher managerial, administrative and professional occupations",278,151,127
E01000687,L10 and L11: Lower supervisory and technical occupations,47,52,-5
E01000687,L12: Semi-routine occupations,94,111,-17
E01000687,L13: Routine occupations,78,57,21
E01000687,L14.1 and L14.2: Never worked and long-term unemployed,63,33,30
E01000687,L15: Full-time students,61,71,-10
E01000687,"L4, L5 and L6: Lower managerial, administrative and professional occupations",331,348,-17
E01000687,L7: Intermediate occupations,216,220,-4
E01000687,L8 and L9: Small employers and own account workers,137,118,19
E01000688,"L1, L2 and L3: Higher managerial, administrative and professional occupations",317,209,108
E01000688,L10 and L11: Lower supervisory and technical occupations,32,35,-3
E01000688,L12: Semi-routine occupations,72,83,-11
E01000688,L13: Routine occupations,40,44,-4
E01000688,L14.1 and L14.2: Never worked and long-term unemployed,56,24,32
E01000688,L15: Full-time students,62,57,5
E01000688,"L4, L5 and L6: Lower managerial, administrative and professional occupations",278,272,6
E01000688,L7: Intermediate occupations,148,160,-12
E01000688,L8 and L9: Small employers and own account workers,111,101,10
E01000689,"L1, L2 and L3: Higher managerial, administrative and professional occupations",231,126,105
E01000689,L10 and L11: Lower supervisory and technical occupations,49,52,-3
E01000689,L12: Semi-routine occupations,106,101,5
E01000689,L13: Routine occupations,80,89,-9
E01000689,L14.1 and L14.2: Never worked and long-term unemployed,120,55,65
E01000689,L15: Full-time students,100,63,37
E01000689,"L4, L5 and L6: Lower managerial, administrative and professional occupations",242,184,58
E01000689,L7: Intermediate occupations,152,177,-25
E01000689,L8 and L9: Small employers and own account workers,163,127,36
E01000690,"L1, L2 and L3: Higher managerial, administrative and professional occupations",279,163,116
E01000690,L10 and L11: Lower supervisory and technical occupations,37,48,-11
E01000690,L12: Semi-routine occupations,54,91,-37
E01000690,L13: Routine occupations,57,37,20
E01000690,L14.1 and L14.2: Never worked and long-term unemployed,61,30,31
E01000690,L15: Full-time students,52,61,-9
E01000690,"L4, L5 and L6: Lower managerial, administrative and professional occupations",279,290,-11
E01000690,L7: Intermediate occupations,145,180,-35
E01000690,L8 and L9: Small employers and own account workers,137,114,23
E01000691,"L1, L2 and L3: Higher managerial, administrative and professional occupations",246,132,114
E01000691,L10 and L11: Lower supervisory and technical occupations,53,62,-9
E01000691,L12: Semi-routine occupations,109,133,-24
E01000691,L13: Routine occupations,98,86,12
E01000691,L14.1 and L14.2: Never worked and long-term unemployed,79,37,42
E01000691,L15: Full-time students,58,73,-15
E01000691,"L4, L5 and L6: Lower managerial, administrative and professional occupations",284,234,50
E01000691,L7: Intermediate occupations,152,172,-20
E01000691,L8 and L9: Small employers and own account workers,149,114,35
E01000692,"L1, L2 and L3: Higher managerial, administrative and professional occupations",281,176,105
E01000692,L10 and L11: Lower supervisory and technical occupations,46,61,-15
E01000692,L12: Semi-routine occupations,92,98,-6
E01000692,L13: Routine occupations,65,48,17
E01000692,L14.1 and L14.2: Never worked and long-term unemployed,70,33,37
E01000692,L15: Full-time students,60,64,-4
E01000692,"L4, L5 and L6: Lower managerial, administrative and professional occupations",360,341,19
E01000692,L7: Intermediate occupations,180,211,-31
E01000692,L8 and L9: Small employers and own account workers,168,130,38
E01000693,"L1, L2 and L3: Higher managerial, administrative and professional occupations",279,171,108
E01000693,L10 and L11: Lower supervisory and technical occupations,40,39,1
E01000693,L12: Semi-routine occupations,96,80,16
E01000693,L13: Routine occupations,64,27,37
E01000693,L14.1 and L14.2: Never worked and long-term unemployed,89,28,61
E01000693,L15: Full-time students,73,141,-68
E01000693,"L4, L5 and L6: Lower managerial, administrative and professional occupations",315,280,35
E01000693,L7: Intermediate occupations,191,141,50
E01000693,L8 and L9: Small employers and own account workers,155,112,43
E01000694,"L1, L2 and L3: Higher managerial, administrative and professional occupations",602,294,308
E01000694,L10 and L11: Lower supervisory and technical occupations,42,25,17
E01000694,L12: Semi-routine occupations,111,54,57
E01000694,L13: Routine occupations,51,18,33
E01000694,L14.1 and L14.2: Never worked and long-term unemployed,100,25,75
E01000694,L15: Full-time students,98,65,33
E01000694,"L4, L5 and L6: Lower managerial, administrative and professional occupations",412,319,93
E01000694,L7: Intermediate occupations,208,157,51
E01000694,L8 and L9: Small employers and own account workers,193,112,81
E01000695,"L1, L2 and L3: Higher managerial, administrative and professional occupations",329,269,60
E01000695,L10 and L11: Lower supervisory and technical occupations,22,39,-17
E01000695,L12: Semi-routine occupations,79,77,2
E01000695,L13: Routine occupations,44,37,7
E01000695,L14.1 and L14.2: Never worked and long-term unemployed,59,22,37
E01000695,L15: Full-time students,81,86,-5
E01000695,"L4, L5 and L6: Lower managerial, administrative and professional occupations",312,414,-102
E01000695,L7: Intermediate occupations,162,206,-44
E01000695,L8 and L9: Small employers and own account workers,152,112,40
E01000696,"L1, L2 and L3: Higher managerial, administrative and professional occupations",388,274,114
E01000696,L10 and L11: Lower supervisory and technical occupations,25,15,10
E01000696,L12: Semi-routine occupations,78,42,36
E01000696,L13: Routine occupations,39,25,14
E01000696,L14.1 and L14.2: Never worked and long-term unemployed,78,21,57
E01000696,L15: Full-time students,72,73,-1
E01000696,"L4, L5 and L6: Lower managerial, administrative and professional occupations",343,306,37
E01000696,L7: Intermediate occupations,167,134,33
E01000696,L8 and L9: Small employers and own account workers,176,110,66
E01000697,"L1, L2 and L3: Higher managerial, administrative and professional occupations",464,238,226
E01000697,L10 and L11: Lower supervisory and technical occupations,40,41,-1
E01000697,L12: Semi-routine occupations,62,45,17
E01000697,L13: Routine occupations,50,15,35
E01000697,L14.1 and L14.2: Never worked and long-term unemployed,71,22,49
E01000697,L15: Full-time students,78,53,25
E01000697,"L4, L5 and L6: Lower managerial, administrative and professional occupations",422,337,85
E01000697,L7: Intermediate occupations,137,137,0
E01000697,L8 and L9: Small employers and own account workers,132,108,24
E01000698,"L1, L2 and L3: Higher managerial, administrative and professional occupations",266,161,105
E01000698,L10 and L11: Lower supervisory and technical occupations,19,30,-11
E01000698,L12: Semi-routine occupations,57,60,-3
E01000698,L13: Routine occupations,31,33,-2
E01000698,L14.1 and L14.2: Never worked and long-term unemployed,46,25,21
E01000698,L15: Full-time students,60,65,-5
E01000698,"L4, L5 and L6: Lower managerial, administrative and professional occupations",225,238,-13
E01000698,L7: Intermediate occupations,126,137,-11
E01000698,L8 and L9: Small employers and own account workers,148,126,22
E01000699,"L1, L2 and L3: Higher managerial, administrative and professional occupations",227,106,121
E01000699,L10 and L11: Lower supervisory and technical occupations,46,62,-16
E01000699,L12: Semi-routine occupations,102,126,-24
E01000699,L13: Routine occupations,97,71,26
E01000699,L14.1 and L14.2: Never worked and long-term unemployed,86,90,-4
E01000699,L15: Full-time students,68,101,-33
E01000699,"L4, L5 and L6: Lower managerial, administrative and professional occupations",301,293,8
E01000699,L7: Intermediate occupations,118,134,-16
E01000699,L8 and L9: Small employers and own account workers,128,113,15
E01000700,"L1, L2 and L3: Higher managerial, administrative and professional occupations",280,189,91
E01000700,L10 and L11: Lower supervisory and technical occupations,57,53,4
E01000700,L12: Semi-routine occupations,89,128,-39
E01000700,L13: Routine occupations,87,63,24
E01000700,L14.1 and L14.2: Never worked and long-term unemployed,77,42,35
E01000700,L15: Full-time students,77,60,17
E01000700,"L4, L5 and L6: Lower managerial, administrative and professional occupations",284,332,-48
E01000700,L7: Intermediate occupations,153,181,-28
E01000700,L8 and L9: Small employers and own account workers,119,99,20
E01000701,"L1, L2 and L3: Higher managerial, administrative and professional occupations",260,146,114
E01000701,L10 and L11: Lower supervisory and technical occupations,31,49,-18
E01000701,L12: Semi-routine occupations,63,105,-42
E01000701,L13: Routine occupations,56,54,2
E01000701,L14.1 and L14.2: Never worked and long-term unemployed,53,45,8
E01000701,L15: Full-time students,72,48,24
E01000701,"L4, L5 and L6: Lower managerial, administrative and professional occupations",345,314,31
E01000701,L7: Intermediate occupations,143,171,-28
E01000701,L8 and L9: Small employers and own account workers,114,96,18
E01000702,"L1, L2 and L3: Higher managerial, administrative and professional occupations",286,171,115
E01000702,L10 and L11: Lower supervisory and technical occupations,41,53,-12
E01000702,L12: Semi-routine occupations,82,74,8
E01000702,L13: Routine occupations,65,55,10
E01000702,L14.1 and L14.2: Never worked and long-term unemployed,50,36,14
E01000702,L15: Full-time students,44,64,-20
E01000702,"L4, L5 and L6: Lower managerial, administrative and professional occupations",342,306,36
E01000702,L7: Intermediate occupations,136,173,-37
E01000702,L8 and L9: Small employers and own account workers,120,99,21
E01000703,"L1, L2 and L3: Higher managerial, administrative and professional occupations",360,234,126
E01000703,L10 and L11: Lower supervisory and technical occupations,37,41,-4
E01000703,L12: Semi-routine occupations,75,92,-17
E01000703,L13: Routine occupations,67,51,16
E01000703,L14.1 and L14.2: Never worked and long-term unemployed,60,26,34
E01000703,L15: Full-time students,104,76,28
E01000703,"L4, L5 and L6: Lower managerial, administrative and professional occupations",381,371,10
E01000703,L7: Intermediate occupations,134,183,-49
E01000703,L8 and L9: Small employers and own account workers,120,119,1
E01000704,"L1, L2 and L3: Higher managerial, administrative and professional occupations",205,124,81
E01000704,L10 and L11: Lower supervisory and technical occupations,36,53,-17
E01000704,L12: Semi-routine occupations,93,103,-10
E01000704,L13: Routine occupations,90,60,30
E01000704,L14.1 and L14.2: Never worked and long-term unemployed,81,40,41
E01000704,L15: Full-time students,75,89,-14
E01000704,"L4, L5 and L6: Lower managerial, administrative and professional occupations",324,269,55
E01000704,L7: Intermediate occupations,146,187,-41
E01000704,L8 and L9: Small employers and own account workers,135,114,21
E01000705,"L1, L2 and L3: Higher managerial, administrative and professional occupations",176,133,43
E01000705,L10 and L11: Lower supervisory and technical occupations,47,48,-1
E01000705,L12: Semi-routine occupations,93,95,-2
E01000705,L13: Routine occupations,87,53,34
E01000705,L14.1 and L14.2: Never worked and long-term unemployed,101,64,37
E01000705,L15: Full-time students,58,75,-17
E01000705,"L4, L5 and L6: Lower managerial, administrative and professional occupations",302,288,14
E01000705,L7: Intermediate occupations,134,139,-5
E01000705,L8 and L9: Small employers and own account workers,103,87,16
E01000706,"L1, L2 and L3: Higher managerial, administrative and professional occupations",211,96,115
E01000706,L10 and L11: Lower supervisory and technical occupations,66,68,-2
E01000706,L12: Semi-routine occupations,91,106,-15
E01000706,L13: Routine occupations,75,65,10
E01000706,L14.1 and L14.2: Never worked and long-term unemployed,76,32,44
E01000706,L15: Full-time students,49,60,-11
E01000706,"L4, L5 and L6: Lower managerial, administrative and professional occupations",275,264,11
E01000706,L7: Intermediate occupations,136,169,-33
E01000706,L8 and L9: Small employers and own account workers,120,108,12
E01000707,"L1, L2 and L3: Higher managerial, administrative and professional occupations",338,143,195
E01000707,L10 and L11: Lower supervisory and technical occupations,24,29,-5
E01000707,L12: Semi-routine occupations,47,41,6
E01000707,L13: Routine occupations,30,22,8
E01000707,L14.1 and L14.2: Never worked and long-term unemployed,35,11,24
E01000707,L15: Full-time students,60,34,26
E01000707,"L4, L5 and L6: Lower managerial, administrative and professional occupations",338,267,71
E01000707,L7: Intermediate occupations,115,121,-6
E01000707,L8 and L9: Small employers and own account workers,108,72,36
E01000708,"L1, L2 and L3: Higher managerial, administrative and professional occupations",310,243,67
E01000708,L10 and L11: Lower supervisory and technical occupations,53,66,-13
E01000708,L12: Semi-routine occupations,97,112,-15
E01000708,L13: Routine occupations,79,62,17
E01000708,L14.1 and L14.2: Never worked and long-term unemployed,61,51,10
E01000708,L15: Full-time students,72,72,0
E01000708,"L4, L5 and L6: Lower managerial, administrative and professional occupations",352,417,-65
E01000708,L7: Intermediate occupations,173,230,-57
E01000708,L8 and L9: Small employers and own account workers,130,123,7
E01000709,"L1, L2 and L3: Higher managerial, administrative and professional occupations",270,170,100
E01000709,L10 and L11: Lower supervisory and technical occupations,30,41,-11
E01000709,L12: Semi-routine occupations,88,81,7
E01000709,L13: Routine occupations,62,39,23
E01000709,L14.1 and L14.2: Never worked and long-term unemployed,71,40,31
E01000709,L15: Full-time students,37,35,2
E01000709,"L4, L5 and L6: Lower managerial, administrative and professional occupations",336,318,18
E01000709,L7: Intermediate occupations,168,165,3
E01000709,L8 and L9: Small employers and own account workers,116,99,17
E01000710,"L1, L2 and L3: Higher managerial, administrative and professional occupations",561,278,283
E01000710,L10 and L11: Lower supervisory and technical occupations,63,44,19
E01000710,L12: Semi-routine occupations,102,54,48
E01000710,L13: Routine occupations,95,43,52
E01000710,L14.1 and L14.2: Never worked and long-term unemployed,80,40,40
E01000710,L15: Full-time students,72,49,23
E01000710,"L4, L5 and L6: Lower managerial, administrative and professional occupations",604,442,162
E01000710,L7: Intermediate occupations,241,240,1
E01000710,L8 and L9: Small employers and own account workers,175,106,69
E01000711,"L1, L2 and L3: Higher managerial, administrative and professional occupations",431,323,108
E01000711,L10 and L11: Lower supervisory and technical occupations,54,50,4
E01000711,L12: Semi-routine occupations,105,99,6
E01000711,L13: Routine occupations,85,48,37
E01000711,L14.1 and L14.2: Never worked and long-term unemployed,88,44,44
E01000711,L15: Full-time students,43,58,-15
E01000711,"L4, L5 and L6: Lower managerial, administrative and professional occupations",436,449,-13
E01000711,L7: Intermediate occupations,195,222,-27
E01000711,L8 and L9: Small employers and own account workers,181,97,84
E01000712,"L1, L2 and L3: Higher managerial, administrative and professional occupations",409,270,139
E01000712,L10 and L11: Lower supervisory and technical occupations,47,52,-5
E01000712,L12: Semi-routine occupations,88,72,16
E01000712,L13: Routine occupations,61,38,23
E01000712,L14.1 and L14.2: Never worked and long-term unemployed,81,25,56
E01000712,L15: Full-time students,59,61,-2
E01000712,"L4, L5 and L6: Lower managerial, administrative and professional occupations",410,414,-4
E01000712,L7: Intermediate occupations,199,230,-31
E01000712,L8 and L9: Small employers and own account workers,184,135,49
E01000713,"L1, L2 and L3: Higher managerial, administrative and professional occupations",469,264,205
E01000713,L10 and L11: Lower supervisory and technical occupations,35,37,-2
E01000713,L12: Semi-routine occupations,85,95,-10
E01000713,L13: Routine occupations,53,49,4
E01000713,L14.1 and L14.2: Never worked and long-term unemployed,61,35,26
E01000713,L15: Full-time students,70,58,12
E01000713,"L4, L5 and L6: Lower managerial, administrative and professional occupations",441,452,-11
E01000713,L7: Intermediate occupations,170,211,-41
E01000713,L8 and L9: Small employers and own account workers,167,137,30
E01000714,"L1, L2 and L3: Higher managerial, administrative and professional occupations",419,299,120
E01000714,L10 and L11: Lower supervisory and technical occupations,53,83,-30
E01000714,L12: Semi-routine occupations,139,86,53
E01000714,L13: Routine occupations,104,50,54
E01000714,L14.1 and L14.2: Never worked and long-term unemployed,107,44,63
E01000714,L15: Full-time students,99,63,36
E01000714,"L4, L5 and L6: Lower managerial, administrative and professional occupations",513,516,-3
E01000714,L7: Intermediate occupations,201,236,-35
E01000714,L8 and L9: Small employers and own account workers,174,123,51
E01000715,"L1, L2 and L3: Higher managerial, administrative and professional occupations",385,268,117
E01000715,L10 and L11: Lower supervisory and technical occupations,59,42,17
E01000715,L12: Semi-routine occupations,95,79,16
E01000715,L13: Routine occupations,59,45,14
E01000715,L14.1 and L14.2: Never worked and long-term unemployed,89,21,68
E01000715,L15: Full-time students,46,39,7
E01000715,"L4, L5 and L6: Lower managerial, administrative and professional occupations",406,423,-17
E01000715,L7: Intermediate occupations,189,209,-20
E01000715,L8 and L9: Small employers and own account workers,181,110,71
E01000716,"L1, L2 and L3: Higher managerial, administrative and professional occupations",399,257,142
E01000716,L10 and L11: Lower supervisory and technical occupations,35,35,0
E01000716,L12: Semi-routine occupations,69,67,2
E01000716,L13: Routine occupations,56,22,34
E01000716,L14.1 and L14.2: Never worked and long-term unemployed,78,37,41
E01000716,L15: Full-time students,57,65,-8
E01000716,"L4, L5 and L6: Lower managerial, administrative and professional occupations",380,327,53
E01000716,L7: Intermediate occupations,168,189,-21
E01000716,L8 and L9: Small employers and own account workers,139,105,34
E01000717,"L1, L2 and L3: Higher managerial, administrative and professional occupations",318,227,91
E01000717,L10 and L11: Lower supervisory and technical occupations,52,56,-4
E01000717,L12: Semi-routine occupations,94,72,22
E01000717,L13: Routine occupations,66,53,13
E01000717,L14.1 and L14.2: Never worked and long-term unemployed,63,33,30
E01000717,L15: Full-time students,60,59,1
E01000717,"L4, L5 and L6: Lower managerial, administrative and professional occupations",431,436,-5
E01000717,L7: Intermediate occupations,187,236,-49
E01000717,L8 and L9: Small employers and own account workers,161,123,38
E01000718,"L1, L2 and L3: Higher managerial, administrative and professional occupations",288,194,94
E01000718,L10 and L11: Lower supervisory and technical occupations,69,79,-10
E01000718,L12: Semi-routine occupations,147,161,-14
E01000718,L13: Routine occupations,150,107,43
E01000718,L14.1 and L14.2: Never worked and long-term unemployed,139,117,22
E01000718,L15: Full-time students,127,114,13
E01000718,"L4, L5 and L6: Lower managerial, administrative and professional occupations",369,389,-20
E01000718,L7: Intermediate occupations,184,230,-46
E01000718,L8 and L9: Small employers and own account workers,161,123,38
E01000719,"L1, L2 and L3: Higher managerial, administrative and professional occupations",175,72,103
E01000719,L10 and L11: Lower supervisory and technical occupations,128,82,46
E01000719,L12: Semi-routine occupations,176,150,26
E01000719,L13: Routine occupations,164,118,46
E01000719,L14.1 and L14.2: Never worked and long-term unemployed,143,64,79
E01000719,L15: Full-time students,89,57,32
E01000719,"L4, L5 and L6: Lower managerial, administrative and professional occupations",333,205,128
E01000719,L7: Intermediate occupations,207,160,47
E01000719,L8 and L9: Small employers and own account workers,162,82,80
E01000720,"L1, L2 and L3: Higher managerial, administrative and professional occupations",131,67,64
E01000720,L10 and L11: Lower supervisory and technical occupations,66,82,-16
E01000720,L12: Semi-routine occupations,164,194,-30
E01000720,L13: Routine occupations,145,118,27
E01000720,L14.1 and L14.2: Never worked and long-term unemployed,154,121,33
E01000720,L15: Full-time students,100,89,11
E01000720,"L4, L5 and L6: Lower managerial, administrative and professional occupations",255,192,63
E01000720,L7: Intermediate occupations,180,156,24
E01000720,L8 and L9: Small employers and own account workers,141,124,17
E01000721,"L1, L2 and L3: Higher managerial, administrative and professional occupations",134,50,84
E01000721,L10 and L11: Lower supervisory and technical occupations,64,106,-42
E01000721,L12: Semi-routine occupations,134,249,-115
E01000721,L13: Routine occupations,149,134,15
E01000721,L14.1 and L14.2: Never worked and long-term unemployed,155,135,20
E01000721,L15: Full-time students,82,109,-27
E01000721,"L4, L5 and L6: Lower managerial, administrative and professional occupations",221,210,11
E01000721,L7: Intermediate occupations,124,155,-31
E01000721,L8 and L9: Small employers and own account workers,118,89,29
E01000722,"L1, L2 and L3: Higher managerial, administrative and professional occupations",191,87,104
E01000722,L10 and L11: Lower supervisory and technical occupations,86,84,2
E01000722,L12: Semi-routine occupations,159,213,-54
E01000722,L13: Routine occupations,145,110,35
E01000722,L14.1 and L14.2: Never worked and long-term unemployed,149,60,89
E01000722,L15: Full-time students,76,66,10
E01000722,"L4, L5 and L6: Lower managerial, administrative and professional occupations",320,246,74
E01000722,L7: Intermediate occupations,196,190,6
E01000722,L8 and L9: Small employers and own account workers,156,117,39
E01000723,"L1, L2 and L3: Higher managerial, administrative and professional occupations",142,60,82
E01000723,L10 and L11: Lower supervisory and technical occupations,61,57,4
E01000723,L12: Semi-routine occupations,124,126,-2
E01000723,L13: Routine occupations,112,87,25
E01000723,L14.1 and L14.2: Never worked and long-term unemployed,60,30,30
E01000723,L15: Full-time students,47,45,2
E01000723,"L4, L5 and L6: Lower managerial, administrative and professional occupations",229,189,40
E01000723,L7: Intermediate occupations,179,211,-32
E01000723,L8 and L9: Small employers and own account workers,120,109,11
E01000724,"L1, L2 and L3: Higher managerial, administrative and professional occupations",119,54,65
E01000724,L10 and L11: Lower supervisory and technical occupations,68,86,-18
E01000724,L12: Semi-routine occupations,159,214,-55
E01000724,L13: Routine occupations,158,131,27
E01000724,L14.1 and L14.2: Never worked and long-term unemployed,136,131,5
E01000724,L15: Full-time students,119,121,-2
E01000724,"L4, L5 and L6: Lower managerial, administrative and professional occupations",172,149,23
E01000724,L7: Intermediate occupations,175,134,41
E01000724,L8 and L9: Small employers and own account workers,147,110,37
E01000725,"L1, L2 and L3: Higher managerial, administrative and professional occupations",164,100,64
E01000725,L10 and L11: Lower supervisory and technical occupations,88,99,-11
E01000725,L12: Semi-routine occupations,160,172,-12
E01000725,L13: Routine occupations,158,116,42
E01000725,L14.1 and L14.2: Never worked and long-term unemployed,148,67,81
E01000725,L15: Full-time students,77,72,5
E01000725,"L4, L5 and L6: Lower managerial, administrative and professional occupations",294,259,35
E01000725,L7: Intermediate occupations,183,174,9
E01000725,L8 and L9: Small employers and own account workers,140,115,25
E01000726,"L1, L2 and L3: Higher managerial, administrative and professional occupations",144,90,54
E01000726,L10 and L11: Lower supervisory and technical occupations,55,73,-18
E01000726,L12: Semi-routine occupations,114,117,-3
E01000726,L13: Routine occupations,94,70,24
E01000726,L14.1 and L14.2: Never worked and long-term unemployed,83,29,54
E01000726,L15: Full-time students,41,52,-11
E01000726,"L4, L5 and L6: Lower managerial, administrative and professional occupations",268,265,3
E01000726,L7: Intermediate occupations,197,166,31
E01000726,L8 and L9: Small employers and own account workers,103,85,18
E01000727,"L1, L2 and L3: Higher managerial, administrative and professional occupations",231,130,101
E01000727,L10 and L11: Lower supervisory and technical occupations,56,65,-9
E01000727,L12: Semi-routine occupations,145,148,-3
E01000727,L13: Routine occupations,112,84,28
E01000727,L14.1 and L14.2: Never worked and long-term unemployed,76,44,32
E01000727,L15: Full-time students,77,64,13
E01000727,"L4, L5 and L6: Lower managerial, administrative and professional occupations",339,269,70
E01000727,L7: Intermediate occupations,207,189,18
E01000727,L8 and L9: Small employers and own account workers,150,121,29
E01000728,"L1, L2 and L3: Higher managerial, administrative and professional occupations",155,90,65
E01000728,L10 and L11: Lower supervisory and technical occupations,84,101,-17
E01000728,L12: Semi-routine occupations,177,155,22
E01000728,L13: Routine occupations,124,106,18
E01000728,L14.1 and L14.2: Never worked and long-term unemployed,124,67,57
E01000728,L15: Full-time students,55,62,-7
E01000728,"L4, L5 and L6: Lower managerial, administrative and professional occupations",249,205,44
E01000728,L7: Intermediate occupations,184,170,14
E01000728,L8 and L9: Small employers and own account workers,175,115,60
E01000729,"L1, L2 and L3: Higher managerial, administrative and professional occupations",131,58,73
E01000729,L10 and L11: Lower supervisory and technical occupations,83,79,4
E01000729,L12: Semi-routine occupations,180,256,-76
E01000729,L13: Routine occupations,204,167,37
E01000729,L14.1 and L14.2: Never worked and long-term unemployed,172,146,26
E01000729,L15: Full-time students,91,82,9
E01000729,"L4, L5 and L6: Lower managerial, administrative and professional occupations",256,180,76
E01000729,L7: Intermediate occupations,188,175,13
E01000729,L8 and L9: Small employers and own account workers,136,95,41
E01000730,"L1, L2 and L3: Higher managerial, administrative and professional occupations",99,47,52
E01000730,L10 and L11: Lower supervisory and technical occupations,82,87,-5
E01000730,L12: Semi-routine occupations,178,178,0
E01000730,L13: Routine occupations,167,152,15
E01000730,L14.1 and L14.2: Never worked and long-term unemployed,158,115,43
E01000730,L15: Full-time students,108,144,-36
E01000730,"L4, L5 and L6: Lower managerial, administrative and professional occupations",226,174,52
E01000730,L7: Intermediate occupations,155,150,5
E01000730,L8 and L9: Small employers and own account workers,164,96,68
E01000731,"L1, L2 and L3: Higher managerial, administrative and professional occupations",107,77,30
E01000731,L10 and L11: Lower supervisory and technical occupations,66,58,8
E01000731,L12: Semi-routine occupations,129,141,-12
E01000731,L13: Routine occupations,128,94,34
E01000731,L14.1 and L14.2: Never worked and long-term unemployed,84,61,23
E01000731,L15: Full-time students,81,72,9
E01000731,"L4, L5 and L6: Lower managerial, administrative and professional occupations",210,177,33
E01000731,L7: Intermediate occupations,147,166,-19
E01000731,L8 and L9: Small employers and own account workers,122,94,28
E01000732,"L1, L2 and L3: Higher managerial, administrative and professional occupations",246,140,106
E01000732,L10 and L11: Lower supervisory and technical occupations,50,65,-15
E01000732,L12: Semi-routine occupations,114,114,0
E01000732,L13: Routine occupations,80,74,6
E01000732,L14.1 and L14.2: Never worked and long-term unemployed,88,50,38
E01000732,L15: Full-time students,55,72,-17
E01000732,"L4, L5 and L6: Lower managerial, administrative and professional occupations",240,236,4
E01000732,L7: Intermediate occupations,181,171,10
E01000732,L8 and L9: Small employers and own account workers,158,130,28
E01000733,"L1, L2 and L3: Higher managerial, administrative and professional occupations",189,86,103
E01000733,L10 and L11: Lower supervisory and technical occupations,57,92,-35
E01000733,L12: Semi-routine occupations,143,169,-26
E01000733,L13: Routine occupations,120,96,24
E01000733,L14.1 and L14.2: Never worked and long-term unemployed,99,52,47
E01000733,L15: Full-time students,73,84,-11
E01000733,"L4, L5 and L6: Lower managerial, administrative and professional occupations",306,229,77
E01000733,L7: Intermediate occupations,182,204,-22
E01000733,L8 and L9: Small employers and own account workers,147,126,21
E01000734,"L1, L2 and L3: Higher managerial, administrative and professional occupations",194,125,69
E01000734,L10 and L11: Lower supervisory and technical occupations,41,55,-14
E01000734,L12: Semi-routine occupations,97,117,-20
E01000734,L13: Routine occupations,91,63,28
E01000734,L14.1 and L14.2: Never worked and long-term unemployed,69,36,33
E01000734,L15: Full-time students,73,65,8
E01000734,"L4, L5 and L6: Lower managerial, administrative and professional occupations",228,211,17
E01000734,L7: Intermediate occupations,134,163,-29
E01000734,L8 and L9: Small employers and own account workers,141,110,31
E01000735,"L1, L2 and L3: Higher managerial, administrative and professional occupations",114,65,49
E01000735,L10 and L11: Lower supervisory and technical occupations,58,76,-18
E01000735,L12: Semi-routine occupations,142,155,-13
E01000735,L13: Routine occupations,125,123,2
E01000735,L14.1 and L14.2: Never worked and long-term unemployed,128,95,33
E01000735,L15: Full-time students,101,99,2
E01000735,"L4, L5 and L6: Lower managerial, administrative and professional occupations",228,161,67
E01000735,L7: Intermediate occupations,161,160,1
E01000735,L8 and L9: Small employers and own account workers,133,100,33
E01000736,"L1, L2 and L3: Higher managerial, administrative and professional occupations",139,76,63
E01000736,L10 and L11: Lower supervisory and technical occupations,59,62,-3
E01000736,L12: Semi-routine occupations,142,154,-12
E01000736,L13: Routine occupations,143,110,33
E01000736,L14.1 and L14.2: Never worked and long-term unemployed,121,53,68
E01000736,L15: Full-time students,97,99,-2
E01000736,"L4, L5 and L6: Lower managerial, administrative and professional occupations",232,198,34
E01000736,L7: Intermediate occupations,188,180,8
E01000736,L8 and L9: Small employers and own account workers,173,136,37
E01000737,"L1, L2 and L3: Higher managerial, administrative and professional occupations",143,86,57
E01000737,L10 and L11: Lower supervisory and technical occupations,55,63,-8
E01000737,L12: Semi-routine occupations,113,150,-37
E01000737,L13: Routine occupations,94,94,0
E01000737,L14.1 and L14.2: Never worked and long-term unemployed,128,69,59
E01000737,L15: Full-time students,59,53,6
E01000737,"L4, L5 and L6: Lower managerial, administrative and professional occupations",221,157,64
E01000737,L7: Intermediate occupations,145,173,-28
E01000737,L8 and L9: Small employers and own account workers,138,80,58
E01000738,"L1, L2 and L3: Higher managerial, administrative and professional occupations",160,97,63
E01000738,L10 and L11: Lower supervisory and technical occupations,84,74,10
E01000738,L12: Semi-routine occupations,139,147,-8
E01000738,L13: Routine occupations,142,112,30
E01000738,L14.1 and L14.2: Never worked and long-term unemployed,121,41,80
E01000738,L15: Full-time students,71,72,-1
E01000738,"L4, L5 and L6: Lower managerial, administrative and professional occupations",284,192,92
E01000738,L7: Intermediate occupations,200,176,24
E01000738,L8 and L9: Small employers and own account workers,167,144,23
E01000739,"L1, L2 and L3: Higher managerial, administrative and professional occupations",103,56,47
E01000739,L10 and L11: Lower supervisory and technical occupations,78,74,4
E01000739,L12: Semi-routine occupations,189,195,-6
E01000739,L13: Routine occupations,169,143,26
E01000739,L14.1 and L14.2: Never worked and long-term unemployed,176,95,81
E01000739,L15: Full-time students,86,85,1
E01000739,"L4, L5 and L6: Lower managerial, administrative and professional occupations",192,139,53
E01000739,L7: Intermediate occupations,139,146,-7
E01000739,L8 and L9: Small employers and own account workers,121,62,59
E01000741,"L1, L2 and L3: Higher managerial, administrative and professional occupations",384,194,190
E01000741,L10 and L11: Lower supervisory and technical occupations,60,72,-12
E01000741,L12: Semi-routine occupations,122,124,-2
E01000741,L13: Routine occupations,101,122,-21
E01000741,L14.1 and L14.2: Never worked and long-term unemployed,123,94,29
E01000741,L15: Full-time students,72,100,-28
E01000741,"L4, L5 and L6: Lower managerial, administrative and professional occupations",399,326,73
E01000741,L7: Intermediate occupations,141,149,-8
E01000741,L8 and L9: Small employers and own account workers,149,108,41
E01000742,"L1, L2 and L3: Higher managerial, administrative and professional occupations",354,199,155
E01000742,L10 and L11: Lower supervisory and technical occupations,74,75,-1
E01000742,L12: Semi-routine occupations,148,162,-14
E01000742,L13: Routine occupations,134,112,22
E01000742,L14.1 and L14.2: Never worked and long-term unemployed,130,109,21
E01000742,L15: Full-time students,117,110,7
E01000742,"L4, L5 and L6: Lower managerial, administrative and professional occupations",477,472,5
E01000742,L7: Intermediate occupations,163,220,-57
E01000742,L8 and L9: Small employers and own account workers,164,149,15
E01000743,"L1, L2 and L3: Higher managerial, administrative and professional occupations",183,107,76
E01000743,L10 and L11: Lower supervisory and technical occupations,77,80,-3
E01000743,L12: Semi-routine occupations,161,200,-39
E01000743,L13: Routine occupations,155,102,53
E01000743,L14.1 and L14.2: Never worked and long-term unemployed,195,143,52
E01000743,L15: Full-time students,120,116,4
E01000743,"L4, L5 and L6: Lower managerial, administrative and professional occupations",345,256,89
E01000743,L7: Intermediate occupations,172,171,1
E01000743,L8 and L9: Small employers and own account workers,162,125,37
E01000744,"L1, L2 and L3: Higher managerial, administrative and professional occupations",118,55,63
E01000744,L10 and L11: Lower supervisory and technical occupations,58,74,-16
E01000744,L12: Semi-routine occupations,196,165,31
E01000744,L13: Routine occupations,141,139,2
E01000744,L14.1 and L14.2: Never worked and long-term unemployed,188,139,49
E01000744,L15: Full-time students,99,127,-28
E01000744,"L4, L5 and L6: Lower managerial, administrative and professional occupations",219,155,64
E01000744,L7: Intermediate occupations,124,136,-12
E01000744,L8 and L9: Small employers and own account workers,113,82,31
E01000745,"L1, L2 and L3: Higher managerial, administrative and professional occupations",357,204,153
E01000745,L10 and L11: Lower supervisory and technical occupations,52,65,-13
E01000745,L12: Semi-routine occupations,97,123,-26
E01000745,L13: Routine occupations,103,84,19
E01000745,L14.1 and L14.2: Never worked and long-term unemployed,109,91,18
E01000745,L15: Full-time students,84,84,0
E01000745,"L4, L5 and L6: Lower managerial, administrative and professional occupations",448,423,25
E01000745,L7: Intermediate occupations,140,163,-23
E01000745,L8 and L9: Small employers and own account workers,141,133,8
E01000746,"L1, L2 and L3: Higher managerial, administrative and professional occupations",396,249,147
E01000746,L10 and L11: Lower supervisory and technical occupations,45,63,-18
E01000746,L12: Semi-routine occupations,124,135,-11
E01000746,L13: Routine occupations,110,81,29
E01000746,L14.1 and L14.2: Never worked and long-term unemployed,99,90,9
E01000746,L15: Full-time students,87,74,13
E01000746,"L4, L5 and L6: Lower managerial, administrative and professional occupations",502,466,36
E01000746,L7: Intermediate occupations,137,173,-36
E01000746,L8 and L9: Small employers and own account workers,163,135,28
E01000747,"L1, L2 and L3: Higher managerial, administrative and professional occupations",273,186,87
E01000747,L10 and L11: Lower supervisory and technical occupations,65,68,-3
E01000747,L12: Semi-routine occupations,123,120,3
E01000747,L13: Routine occupations,102,97,5
E01000747,L14.1 and L14.2: Never worked and long-term unemployed,115,60,55
E01000747,L15: Full-time students,95,73,22
E01000747,"L4, L5 and L6: Lower managerial, administrative and professional occupations",362,333,29
E01000747,L7: Intermediate occupations,213,213,0
E01000747,L8 and L9: Small employers and own account workers,272,224,48
E01000748,"L1, L2 and L3: Higher managerial, administrative and professional occupations",221,147,74
E01000748,L10 and L11: Lower supervisory and technical occupations,65,60,5
E01000748,L12: Semi-routine occupations,116,121,-5
E01000748,L13: Routine occupations,93,66,27
E01000748,L14.1 and L14.2: Never worked and long-term unemployed,89,40,49
E01000748,L15: Full-time students,57,55,2
E01000748,"L4, L5 and L6: Lower managerial, administrative and professional occupations",335,297,38
E01000748,L7: Intermediate occupations,199,208,-9
E01000748,L8 and L9: Small employers and own account workers,299,196,103
E01000749,"L1, L2 and L3: Higher managerial, administrative and professional occupations",234,127,107
E01000749,L10 and L11: Lower supervisory and technical occupations,65,72,-7
E01000749,L12: Semi-routine occupations,110,125,-15
E01000749,L13: Routine occupations,82,83,-1
E01000749,L14.1 and L14.2: Never worked and long-term unemployed,79,24,55
E01000749,L15: Full-time students,75,70,5
E01000749,"L4, L5 and L6: Lower managerial, administrative and professional occupations",346,301,45
E01000749,L7: Intermediate occupations,192,173,19
E01000749,L8 and L9: Small employers and own account workers,210,157,53
E01000750,"L1, L2 and L3: Higher managerial, administrative and professional occupations",138,89,49
E01000750,L10 and L11: Lower supervisory and technical occupations,62,72,-10
E01000750,L12: Semi-routine occupations,170,166,4
E01000750,L13: Routine occupations,135,124,11
E01000750,L14.1 and L14.2: Never worked and long-term unemployed,131,61,70
E01000750,L15: Full-time students,74,94,-20
E01000750,"L4, L5 and L6: Lower managerial, administrative and professional occupations",222,203,19
E01000750,L7: Intermediate occupations,149,168,-19
E01000750,L8 and L9: Small employers and own account workers,107,111,-4
E01000751,"L1, L2 and L3: Higher managerial, administrative and professional occupations",389,216,173
E01000751,L10 and L11: Lower supervisory and technical occupations,55,64,-9
E01000751,L12: Semi-routine occupations,132,132,0
E01000751,L13: Routine occupations,83,65,18
E01000751,L14.1 and L14.2: Never worked and long-term unemployed,111,76,35
E01000751,L15: Full-time students,104,100,4
E01000751,"L4, L5 and L6: Lower managerial, administrative and professional occupations",464,334,130
E01000751,L7: Intermediate occupations,246,240,6
E01000751,L8 and L9: Small employers and own account workers,181,141,40
E01000752,"L1, L2 and L3: Higher managerial, administrative and professional occupations",242,142,100
E01000752,L10 and L11: Lower supervisory and technical occupations,54,64,-10
E01000752,L12: Semi-routine occupations,141,120,21
E01000752,L13: Routine occupations,96,59,37
E01000752,L14.1 and L14.2: Never worked and long-term unemployed,108,35,73
E01000752,L15: Full-time students,70,52,18
E01000752,"L4, L5 and L6: Lower managerial, administrative and professional occupations",357,283,74
E01000752,L7: Intermediate occupations,212,196,16
E01000752,L8 and L9: Small employers and own account workers,166,99,67
E01000753,"L1, L2 and L3: Higher managerial, administrative and professional occupations",329,194,135
E01000753,L10 and L11: Lower supervisory and technical occupations,40,50,-10
E01000753,L12: Semi-routine occupations,126,86,40
E01000753,L13: Routine occupations,49,42,7
E01000753,L14.1 and L14.2: Never worked and long-term unemployed,60,21,39
E01000753,L15: Full-time students,82,89,-7
E01000753,"L4, L5 and L6: Lower managerial, administrative and professional occupations",415,337,78
E01000753,L7: Intermediate occupations,266,272,-6
E01000753,L8 and L9: Small employers and own account workers,182,95,87
E01000754,"L1, L2 and L3: Higher managerial, administrative and professional occupations",308,150,158
E01000754,L10 and L11: Lower supervisory and technical occupations,57,57,0
E01000754,L12: Semi-routine occupations,109,107,2
E01000754,L13: Routine occupations,74,59,15
E01000754,L14.1 and L14.2: Never worked and long-term unemployed,58,33,25
E01000754,L15: Full-time students,91,83,8
E01000754,"L4, L5 and L6: Lower managerial, administrative and professional occupations",357,315,42
E01000754,L7: Intermediate occupations,208,243,-35
E01000754,L8 and L9: Small employers and own account workers,151,118,33
E01000755,"L1, L2 and L3: Higher managerial, administrative and professional occupations",302,162,140
E01000755,L10 and L11: Lower supervisory and technical occupations,42,51,-9
E01000755,L12: Semi-routine occupations,89,89,0
E01000755,L13: Routine occupations,58,33,25
E01000755,L14.1 and L14.2: Never worked and long-term unemployed,55,20,35
E01000755,L15: Full-time students,83,92,-9
E01000755,"L4, L5 and L6: Lower managerial, administrative and professional occupations",344,286,58
E01000755,L7: Intermediate occupations,208,196,12
E01000755,L8 and L9: Small employers and own account workers,130,98,32
E01000756,"L1, L2 and L3: Higher managerial, administrative and professional occupations",327,187,140
E01000756,L10 and L11: Lower supervisory and technical occupations,34,42,-8
E01000756,L12: Semi-routine occupations,84,83,1
E01000756,L13: Routine occupations,47,44,3
E01000756,L14.1 and L14.2: Never worked and long-term unemployed,98,21,77
E01000756,L15: Full-time students,94,82,12
E01000756,"L4, L5 and L6: Lower managerial, administrative and professional occupations",320,298,22
E01000756,L7: Intermediate occupations,201,192,9
E01000756,L8 and L9: Small employers and own account workers,184,145,39
E01000757,"L1, L2 and L3: Higher managerial, administrative and professional occupations",311,189,122
E01000757,L10 and L11: Lower supervisory and technical occupations,37,50,-13
E01000757,L12: Semi-routine occupations,81,87,-6
E01000757,L13: Routine occupations,45,33,12
E01000757,L14.1 and L14.2: Never worked and long-term unemployed,45,13,32
E01000757,L15: Full-time students,84,77,7
E01000757,"L4, L5 and L6: Lower managerial, administrative and professional occupations",352,333,19
E01000757,L7: Intermediate occupations,208,227,-19
E01000757,L8 and L9: Small employers and own account workers,135,88,47
E01000758,"L1, L2 and L3: Higher managerial, administrative and professional occupations",299,187,112
E01000758,L10 and L11: Lower supervisory and technical occupations,38,35,3
E01000758,L12: Semi-routine occupations,89,79,10
E01000758,L13: Routine occupations,38,28,10
E01000758,L14.1 and L14.2: Never worked and long-term unemployed,46,18,28
E01000758,L15: Full-time students,79,98,-19
E01000758,"L4, L5 and L6: Lower managerial, administrative and professional occupations",309,314,-5
E01000758,L7: Intermediate occupations,167,197,-30
E01000758,L8 and L9: Small employers and own account workers,101,81,20
E01000759,"L1, L2 and L3: Higher managerial, administrative and professional occupations",279,155,124
E01000759,L10 and L11: Lower supervisory and technical occupations,52,47,5
E01000759,L12: Semi-routine occupations,85,89,-4
E01000759,L13: Routine occupations,65,38,27
E01000759,L14.1 and L14.2: Never worked and long-term unemployed,66,19,47
E01000759,L15: Full-time students,87,92,-5
E01000759,"L4, L5 and L6: Lower managerial, administrative and professional occupations",310,312,-2
E01000759,L7: Intermediate occupations,197,201,-4
E01000759,L8 and L9: Small employers and own account workers,189,160,29
E01000760,"L1, L2 and L3: Higher managerial, administrative and professional occupations",211,130,81
E01000760,L10 and L11: Lower supervisory and technical occupations,56,55,1
E01000760,L12: Semi-routine occupations,128,95,33
E01000760,L13: Routine occupations,92,64,28
E01000760,L14.1 and L14.2: Never worked and long-term unemployed,80,28,52
E01000760,L15: Full-time students,72,81,-9
E01000760,"L4, L5 and L6: Lower managerial, administrative and professional occupations",313,244,69
E01000760,L7: Intermediate occupations,202,207,-5
E01000760,L8 and L9: Small employers and own account workers,171,125,46
E01000761,"L1, L2 and L3: Higher managerial, administrative and professional occupations",223,134,89
E01000761,L10 and L11: Lower supervisory and technical occupations,53,58,-5
E01000761,L12: Semi-routine occupations,95,104,-9
E01000761,L13: Routine occupations,66,55,11
E01000761,L14.1 and L14.2: Never worked and long-term unemployed,66,24,42
E01000761,L15: Full-time students,72,80,-8
E01000761,"L4, L5 and L6: Lower managerial, administrative and professional occupations",304,287,17
E01000761,L7: Intermediate occupations,203,243,-40
E01000761,L8 and L9: Small employers and own account workers,162,146,16
E01000762,"L1, L2 and L3: Higher managerial, administrative and professional occupations",317,188,129
E01000762,L10 and L11: Lower supervisory and technical occupations,44,45,-1
E01000762,L12: Semi-routine occupations,104,105,-1
E01000762,L13: Routine occupations,65,43,22
E01000762,L14.1 and L14.2: Never worked and long-term unemployed,69,43,26
E01000762,L15: Full-time students,67,64,3
E01000762,"L4, L5 and L6: Lower managerial, administrative and professional occupations",400,332,68
E01000762,L7: Intermediate occupations,208,214,-6
E01000762,L8 and L9: Small employers and own account workers,124,122,2
E01000763,"L1, L2 and L3: Higher managerial, administrative and professional occupations",240,146,94
E01000763,L10 and L11: Lower supervisory and technical occupations,29,41,-12
E01000763,L12: Semi-routine occupations,90,107,-17
E01000763,L13: Routine occupations,61,44,17
E01000763,L14.1 and L14.2: Never worked and long-term unemployed,43,20,23
E01000763,L15: Full-time students,80,77,3
E01000763,"L4, L5 and L6: Lower managerial, administrative and professional occupations",290,274,16
E01000763,L7: Intermediate occupations,182,208,-26
E01000763,L8 and L9: Small employers and own account workers,155,130,25
E01000764,"L1, L2 and L3: Higher managerial, administrative and professional occupations",242,142,100
E01000764,L10 and L11: Lower supervisory and technical occupations,67,66,1
E01000764,L12: Semi-routine occupations,145,139,6
E01000764,L13: Routine occupations,110,85,25
E01000764,L14.1 and L14.2: Never worked and long-term unemployed,108,28,80
E01000764,L15: Full-time students,75,99,-24
E01000764,"L4, L5 and L6: Lower managerial, administrative and professional occupations",329,244,85
E01000764,L7: Intermediate occupations,194,202,-8
E01000764,L8 and L9: Small employers and own account workers,153,117,36
E01000765,"L1, L2 and L3: Higher managerial, administrative and professional occupations",257,161,96
E01000765,L10 and L11: Lower supervisory and technical occupations,49,67,-18
E01000765,L12: Semi-routine occupations,95,104,-9
E01000765,L13: Routine occupations,87,60,27
E01000765,L14.1 and L14.2: Never worked and long-term unemployed,78,29,49
E01000765,L15: Full-time students,89,90,-1
E01000765,"L4, L5 and L6: Lower managerial, administrative and professional occupations",362,334,28
E01000765,L7: Intermediate occupations,201,225,-24
E01000765,L8 and L9: Small employers and own account workers,205,151,54
E01000766,"L1, L2 and L3: Higher managerial, administrative and professional occupations",322,193,129
E01000766,L10 and L11: Lower supervisory and technical occupations,51,63,-12
E01000766,L12: Semi-routine occupations,99,100,-1
E01000766,L13: Routine occupations,60,43,17
E01000766,L14.1 and L14.2: Never worked and long-term unemployed,49,21,28
E01000766,L15: Full-time students,91,77,14
E01000766,"L4, L5 and L6: Lower managerial, administrative and professional occupations",358,323,35
E01000766,L7: Intermediate occupations,213,264,-51
E01000766,L8 and L9: Small employers and own account workers,173,129,44
E01000767,"L1, L2 and L3: Higher managerial, administrative and professional occupations",291,181,110
E01000767,L10 and L11: Lower supervisory and technical occupations,45,50,-5
E01000767,L12: Semi-routine occupations,100,106,-6
E01000767,L13: Routine occupations,43,37,6
E01000767,L14.1 and L14.2: Never worked and long-term unemployed,66,20,46
E01000767,L15: Full-time students,82,77,5
E01000767,"L4, L5 and L6: Lower managerial, administrative and professional occupations",323,332,-9
E01000767,L7: Intermediate occupations,205,224,-19
E01000767,L8 and L9: Small employers and own account workers,153,117,36
E01000768,"L1, L2 and L3: Higher managerial, administrative and professional occupations",270,190,80
E01000768,L10 and L11: Lower supervisory and technical occupations,32,45,-13
E01000768,L12: Semi-routine occupations,104,72,32
E01000768,L13: Routine occupations,55,42,13
E01000768,L14.1 and L14.2: Never worked and long-term unemployed,54,30,24
E01000768,L15: Full-time students,73,117,-44
E01000768,"L4, L5 and L6: Lower managerial, administrative and professional occupations",295,335,-40
E01000768,L7: Intermediate occupations,202,194,8
E01000768,L8 and L9: Small employers and own account workers,137,91,46
E01000769,"L1, L2 and L3: Higher managerial, administrative and professional occupations",201,119,82
E01000769,L10 and L11: Lower supervisory and technical occupations,31,50,-19
E01000769,L12: Semi-routine occupations,76,110,-34
E01000769,L13: Routine occupations,57,59,-2
E01000769,L14.1 and L14.2: Never worked and long-term unemployed,136,95,41
E01000769,L15: Full-time students,64,86,-22
E01000769,"L4, L5 and L6: Lower managerial, administrative and professional occupations",284,267,17
E01000769,L7: Intermediate occupations,163,172,-9
E01000769,L8 and L9: Small employers and own account workers,117,105,12
E01000770,"L1, L2 and L3: Higher managerial, administrative and professional occupations",385,252,133
E01000770,L10 and L11: Lower supervisory and technical occupations,26,26,0
E01000770,L12: Semi-routine occupations,66,55,11
E01000770,L13: Routine occupations,47,28,19
E01000770,L14.1 and L14.2: Never worked and long-term unemployed,70,26,44
E01000770,L15: Full-time students,75,54,21
E01000770,"L4, L5 and L6: Lower managerial, administrative and professional occupations",329,313,16
E01000770,L7: Intermediate occupations,144,145,-1
E01000770,L8 and L9: Small employers and own account workers,146,99,47
E01000771,"L1, L2 and L3: Higher managerial, administrative and professional occupations",320,200,120
E01000771,L10 and L11: Lower supervisory and technical occupations,22,29,-7
E01000771,L12: Semi-routine occupations,90,103,-13
E01000771,L13: Routine occupations,66,54,12
E01000771,L14.1 and L14.2: Never worked and long-term unemployed,54,39,15
E01000771,L15: Full-time students,84,88,-4
E01000771,"L4, L5 and L6: Lower managerial, administrative and professional occupations",345,378,-33
E01000771,L7: Intermediate occupations,173,169,4
E01000771,L8 and L9: Small employers and own account workers,168,128,40
E01000772,"L1, L2 and L3: Higher managerial, administrative and professional occupations",370,200,170
E01000772,L10 and L11: Lower supervisory and technical occupations,37,32,5
E01000772,L12: Semi-routine occupations,84,61,23
E01000772,L13: Routine occupations,49,25,24
E01000772,L14.1 and L14.2: Never worked and long-term unemployed,79,27,52
E01000772,L15: Full-time students,48,55,-7
E01000772,"L4, L5 and L6: Lower managerial, administrative and professional occupations",339,336,3
E01000772,L7: Intermediate occupations,188,158,30
E01000772,L8 and L9: Small employers and own account workers,154,122,32
E01000773,"L1, L2 and L3: Higher managerial, administrative and professional occupations",273,145,128
E01000773,L10 and L11: Lower supervisory and technical occupations,45,49,-4
E01000773,L12: Semi-routine occupations,95,78,17
E01000773,L13: Routine occupations,66,51,15
E01000773,L14.1 and L14.2: Never worked and long-term unemployed,33,27,6
E01000773,L15: Full-time students,82,73,9
E01000773,"L4, L5 and L6: Lower managerial, administrative and professional occupations",313,280,33
E01000773,L7: Intermediate occupations,199,197,2
E01000773,L8 and L9: Small employers and own account workers,138,106,32
E01000774,"L1, L2 and L3: Higher managerial, administrative and professional occupations",222,171,51
E01000774,L10 and L11: Lower supervisory and technical occupations,50,61,-11
E01000774,L12: Semi-routine occupations,94,93,1
E01000774,L13: Routine occupations,74,55,19
E01000774,L14.1 and L14.2: Never worked and long-term unemployed,65,30,35
E01000774,L15: Full-time students,66,70,-4
E01000774,"L4, L5 and L6: Lower managerial, administrative and professional occupations",295,277,18
E01000774,L7: Intermediate occupations,166,189,-23
E01000774,L8 and L9: Small employers and own account workers,144,116,28
E01000775,"L1, L2 and L3: Higher managerial, administrative and professional occupations",446,273,173
E01000775,L10 and L11: Lower supervisory and technical occupations,53,52,1
E01000775,L12: Semi-routine occupations,110,117,-7
E01000775,L13: Routine occupations,64,55,9
E01000775,L14.1 and L14.2: Never worked and long-term unemployed,107,39,68
E01000775,L15: Full-time students,117,126,-9
E01000775,"L4, L5 and L6: Lower managerial, administrative and professional occupations",466,487,-21
E01000775,L7: Intermediate occupations,226,228,-2
E01000775,L8 and L9: Small employers and own account workers,228,170,58
E01000777,"L1, L2 and L3: Higher managerial, administrative and professional occupations",257,150,107
E01000777,L10 and L11: Lower supervisory and technical occupations,47,50,-3
E01000777,L12: Semi-routine occupations,98,113,-15
E01000777,L13: Routine occupations,73,49,24
E01000777,L14.1 and L14.2: Never worked and long-term unemployed,56,28,28
E01000777,L15: Full-time students,69,89,-20
E01000777,"L4, L5 and L6: Lower managerial, administrative and professional occupations",320,275,45
E01000777,L7: Intermediate occupations,201,206,-5
E01000777,L8 and L9: Small employers and own account workers,137,138,-1
E01000778,"L1, L2 and L3: Higher managerial, administrative and professional occupations",193,101,92
E01000778,L10 and L11: Lower supervisory and technical occupations,56,63,-7
E01000778,L12: Semi-routine occupations,128,131,-3
E01000778,L13: Routine occupations,99,90,9
E01000778,L14.1 and L14.2: Never worked and long-term unemployed,89,48,41
E01000778,L15: Full-time students,80,93,-13
E01000778,"L4, L5 and L6: Lower managerial, administrative and professional occupations",303,240,63
E01000778,L7: Intermediate occupations,205,224,-19
E01000778,L8 and L9: Small employers and own account workers,150,132,18
E01000779,"L1, L2 and L3: Higher managerial, administrative and professional occupations",241,133,108
E01000779,L10 and L11: Lower supervisory and technical occupations,30,42,-12
E01000779,L12: Semi-routine occupations,79,81,-2
E01000779,L13: Routine occupations,79,38,41
E01000779,L14.1 and L14.2: Never worked and long-term unemployed,83,43,40
E01000779,L15: Full-time students,46,59,-13
E01000779,"L4, L5 and L6: Lower managerial, administrative and professional occupations",270,273,-3
E01000779,L7: Intermediate occupations,170,144,26
E01000779,L8 and L9: Small employers and own account workers,151,116,35
E01000780,"L1, L2 and L3: Higher managerial, administrative and professional occupations",182,84,98
E01000780,L10 and L11: Lower supervisory and technical occupations,67,74,-7
E01000780,L12: Semi-routine occupations,133,148,-15
E01000780,L13: Routine occupations,113,102,11
E01000780,L14.1 and L14.2: Never worked and long-term unemployed,120,74,46
E01000780,L15: Full-time students,93,77,16
E01000780,"L4, L5 and L6: Lower managerial, administrative and professional occupations",243,220,23
E01000780,L7: Intermediate occupations,150,175,-25
E01000780,L8 and L9: Small employers and own account workers,178,104,74
E01000781,"L1, L2 and L3: Higher managerial, administrative and professional occupations",101,68,33
E01000781,L10 and L11: Lower supervisory and technical occupations,71,70,1
E01000781,L12: Semi-routine occupations,148,175,-27
E01000781,L13: Routine occupations,155,120,35
E01000781,L14.1 and L14.2: Never worked and long-term unemployed,128,73,55
E01000781,L15: Full-time students,86,77,9
E01000781,"L4, L5 and L6: Lower managerial, administrative and professional occupations",198,171,27
E01000781,L7: Intermediate occupations,156,141,15
E01000781,L8 and L9: Small employers and own account workers,140,103,37
E01000782,"L1, L2 and L3: Higher managerial, administrative and professional occupations",97,56,41
E01000782,L10 and L11: Lower supervisory and technical occupations,73,77,-4
E01000782,L12: Semi-routine occupations,197,167,30
E01000782,L13: Routine occupations,148,115,33
E01000782,L14.1 and L14.2: Never worked and long-term unemployed,146,94,52
E01000782,L15: Full-time students,70,89,-19
E01000782,"L4, L5 and L6: Lower managerial, administrative and professional occupations",183,151,32
E01000782,L7: Intermediate occupations,135,125,10
E01000782,L8 and L9: Small employers and own account workers,127,105,22
E01000783,"L1, L2 and L3: Higher managerial, administrative and professional occupations",123,58,65
E01000783,L10 and L11: Lower supervisory and technical occupations,58,63,-5
E01000783,L12: Semi-routine occupations,186,168,18
E01000783,L13: Routine occupations,126,131,-5
E01000783,L14.1 and L14.2: Never worked and long-term unemployed,114,89,25
E01000783,L15: Full-time students,91,94,-3
E01000783,"L4, L5 and L6: Lower managerial, administrative and professional occupations",219,181,38
E01000783,L7: Intermediate occupations,169,131,38
E01000783,L8 and L9: Small employers and own account workers,140,104,36
E01000784,"L1, L2 and L3: Higher managerial, administrative and professional occupations",229,142,87
E01000784,L10 and L11: Lower supervisory and technical occupations,43,73,-30
E01000784,L12: Semi-routine occupations,97,128,-31
E01000784,L13: Routine occupations,86,65,21
E01000784,L14.1 and L14.2: Never worked and long-term unemployed,66,33,33
E01000784,L15: Full-time students,71,77,-6
E01000784,"L4, L5 and L6: Lower managerial, administrative and professional occupations",307,275,32
E01000784,L7: Intermediate occupations,177,190,-13
E01000784,L8 and L9: Small employers and own account workers,132,112,20
E01000785,"L1, L2 and L3: Higher managerial, administrative and professional occupations",127,73,54
E01000785,L10 and L11: Lower supervisory and technical occupations,65,76,-11
E01000785,L12: Semi-routine occupations,143,160,-17
E01000785,L13: Routine occupations,140,108,32
E01000785,L14.1 and L14.2: Never worked and long-term unemployed,109,61,48
E01000785,L15: Full-time students,83,80,3
E01000785,"L4, L5 and L6: Lower managerial, administrative and professional occupations",207,174,33
E01000785,L7: Intermediate occupations,157,148,9
E01000785,L8 and L9: Small employers and own account workers,170,94,76
E01000786,"L1, L2 and L3: Higher managerial, administrative and professional occupations",281,137,144
E01000786,L10 and L11: Lower supervisory and technical occupations,40,53,-13
E01000786,L12: Semi-routine occupations,102,87,15
E01000786,L13: Routine occupations,56,51,5
E01000786,L14.1 and L14.2: Never worked and long-term unemployed,70,27,43
E01000786,L15: Full-time students,55,55,0
E01000786,"L4, L5 and L6: Lower managerial, administrative and professional occupations",298,265,33
E01000786,L7: Intermediate occupations,199,185,14
E01000786,L8 and L9: Small employers and own account workers,156,126,30
E01000787,"L1, L2 and L3: Higher managerial, administrative and professional occupations",135,94,41
E01000787,L10 and L11: Lower supervisory and technical occupations,67,89,-22
E01000787,L12: Semi-routine occupations,158,143,15
E01000787,L13: Routine occupations,123,95,28
E01000787,L14.1 and L14.2: Never worked and long-term unemployed,134,44,90
E01000787,L15: Full-time students,50,55,-5
E01000787,"L4, L5 and L6: Lower managerial, administrative and professional occupations",256,204,52
E01000787,L7: Intermediate occupations,184,184,0
E01000787,L8 and L9: Small employers and own account workers,119,92,27
E01000788,"L1, L2 and L3: Higher managerial, administrative and professional occupations",206,121,85
E01000788,L10 and L11: Lower supervisory and technical occupations,59,84,-25
E01000788,L12: Semi-routine occupations,123,145,-22
E01000788,L13: Routine occupations,112,77,35
E01000788,L14.1 and L14.2: Never worked and long-term unemployed,94,57,37
E01000788,L15: Full-time students,86,83,3
E01000788,"L4, L5 and L6: Lower managerial, administrative and professional occupations",280,260,20
E01000788,L7: Intermediate occupations,173,197,-24
E01000788,L8 and L9: Small employers and own account workers,164,98,66
E01000789,"L1, L2 and L3: Higher managerial, administrative and professional occupations",89,53,36
E01000789,L10 and L11: Lower supervisory and technical occupations,67,79,-12
E01000789,L12: Semi-routine occupations,175,219,-44
E01000789,L13: Routine occupations,205,160,45
E01000789,L14.1 and L14.2: Never worked and long-term unemployed,182,142,40
E01000789,L15: Full-time students,134,99,35
E01000789,"L4, L5 and L6: Lower managerial, administrative and professional occupations",171,160,11
E01000789,L7: Intermediate occupations,156,132,24
E01000789,L8 and L9: Small employers and own account workers,131,77,54
E01000790,"L1, L2 and L3: Higher managerial, administrative and professional occupations",455,263,192
E01000790,L10 and L11: Lower supervisory and technical occupations,70,77,-7
E01000790,L12: Semi-routine occupations,151,165,-14
E01000790,L13: Routine occupations,110,84,26
E01000790,L14.1 and L14.2: Never worked and long-term unemployed,125,68,57
E01000790,L15: Full-time students,96,105,-9
E01000790,"L4, L5 and L6: Lower managerial, administrative and professional occupations",491,377,114
E01000790,L7: Intermediate occupations,258,213,45
E01000790,L8 and L9: Small employers and own account workers,193,129,64
E01000791,"L1, L2 and L3: Higher managerial, administrative and professional occupations",203,104,99
E01000791,L10 and L11: Lower supervisory and technical occupations,73,62,11
E01000791,L12: Semi-routine occupations,146,133,13
E01000791,L13: Routine occupations,99,73,26
E01000791,L14.1 and L14.2: Never worked and long-term unemployed,85,28,57
E01000791,L15: Full-time students,69,62,7
E01000791,"L4, L5 and L6: Lower managerial, administrative and professional occupations",269,234,35
E01000791,L7: Intermediate occupations,210,197,13
E01000791,L8 and L9: Small employers and own account workers,120,98,22
E01000792,"L1, L2 and L3: Higher managerial, administrative and professional occupations",201,83,118
E01000792,L10 and L11: Lower supervisory and technical occupations,52,52,0
E01000792,L12: Semi-routine occupations,132,94,38
E01000792,L13: Routine occupations,92,57,35
E01000792,L14.1 and L14.2: Never worked and long-term unemployed,72,33,39
E01000792,L15: Full-time students,71,59,12
E01000792,"L4, L5 and L6: Lower managerial, administrative and professional occupations",269,171,98
E01000792,L7: Intermediate occupations,144,152,-8
E01000792,L8 and L9: Small employers and own account workers,134,72,62
E01000793,"L1, L2 and L3: Higher managerial, administrative and professional occupations",341,202,139
E01000793,L10 and L11: Lower supervisory and technical occupations,40,46,-6
E01000793,L12: Semi-routine occupations,106,99,7
E01000793,L13: Routine occupations,45,48,-3
E01000793,L14.1 and L14.2: Never worked and long-term unemployed,53,28,25
E01000793,L15: Full-time students,76,73,3
E01000793,"L4, L5 and L6: Lower managerial, administrative and professional occupations",303,320,-17
E01000793,L7: Intermediate occupations,204,215,-11
E01000793,L8 and L9: Small employers and own account workers,137,100,37
E01000794,"L1, L2 and L3: Higher managerial, administrative and professional occupations",293,148,145
E01000794,L10 and L11: Lower supervisory and technical occupations,37,60,-23
E01000794,L12: Semi-routine occupations,94,121,-27
E01000794,L13: Routine occupations,72,46,26
E01000794,L14.1 and L14.2: Never worked and long-term unemployed,77,25,52
E01000794,L15: Full-time students,62,68,-6
E01000794,"L4, L5 and L6: Lower managerial, administrative and professional occupations",306,318,-12
E01000794,L7: Intermediate occupations,206,210,-4
E01000794,L8 and L9: Small employers and own account workers,137,128,9
E01000795,"L1, L2 and L3: Higher managerial, administrative and professional occupations",234,134,100
E01000795,L10 and L11: Lower supervisory and technical occupations,44,50,-6
E01000795,L12: Semi-routine occupations,96,123,-27
E01000795,L13: Routine occupations,73,82,-9
E01000795,L14.1 and L14.2: Never worked and long-term unemployed,95,44,51
E01000795,L15: Full-time students,59,79,-20
E01000795,"L4, L5 and L6: Lower managerial, administrative and professional occupations",218,214,4
E01000795,L7: Intermediate occupations,147,170,-23
E01000795,L8 and L9: Small employers and own account workers,115,88,27
E01000796,"L1, L2 and L3: Higher managerial, administrative and professional occupations",78,54,24
E01000796,L10 and L11: Lower supervisory and technical occupations,54,72,-18
E01000796,L12: Semi-routine occupations,166,189,-23
E01000796,L13: Routine occupations,144,126,18
E01000796,L14.1 and L14.2: Never worked and long-term unemployed,146,142,4
E01000796,L15: Full-time students,126,169,-43
E01000796,"L4, L5 and L6: Lower managerial, administrative and professional occupations",227,195,32
E01000796,L7: Intermediate occupations,123,125,-2
E01000796,L8 and L9: Small employers and own account workers,126,85,41
E01000797,"L1, L2 and L3: Higher managerial, administrative and professional occupations",356,256,100
E01000797,L10 and L11: Lower supervisory and technical occupations,40,50,-10
E01000797,L12: Semi-routine occupations,64,80,-16
E01000797,L13: Routine occupations,59,53,6
E01000797,L14.1 and L14.2: Never worked and long-term unemployed,73,52,21
E01000797,L15: Full-time students,61,76,-15
E01000797,"L4, L5 and L6: Lower managerial, administrative and professional occupations",353,349,4
E01000797,L7: Intermediate occupations,153,182,-29
E01000797,L8 and L9: Small employers and own account workers,150,112,38
E01000798,"L1, L2 and L3: Higher managerial, administrative and professional occupations",134,47,87
E01000798,L10 and L11: Lower supervisory and technical occupations,61,73,-12
E01000798,L12: Semi-routine occupations,166,195,-29
E01000798,L13: Routine occupations,137,120,17
E01000798,L14.1 and L14.2: Never worked and long-term unemployed,161,163,-2
E01000798,L15: Full-time students,115,110,5
E01000798,"L4, L5 and L6: Lower managerial, administrative and professional occupations",249,173,76
E01000798,L7: Intermediate occupations,123,116,7
E01000798,L8 and L9: Small employers and own account workers,127,115,12
E01000799,"L1, L2 and L3: Higher managerial, administrative and professional occupations",256,174,82
E01000799,L10 and L11: Lower supervisory and technical occupations,57,83,-26
E01000799,L12: Semi-routine occupations,125,169,-44
E01000799,L13: Routine occupations,108,95,13
E01000799,L14.1 and L14.2: Never worked and long-term unemployed,115,98,17
E01000799,L15: Full-time students,91,158,-67
E01000799,"L4, L5 and L6: Lower managerial, administrative and professional occupations",360,371,-11
E01000799,L7: Intermediate occupations,174,197,-23
E01000799,L8 and L9: Small employers and own account workers,149,144,5
E01000800,"L1, L2 and L3: Higher managerial, administrative and professional occupations",213,101,112
E01000800,L10 and L11: Lower supervisory and technical occupations,71,89,-18
E01000800,L12: Semi-routine occupations,110,138,-28
E01000800,L13: Routine occupations,129,122,7
E01000800,L14.1 and L14.2: Never worked and long-term unemployed,129,111,18
E01000800,L15: Full-time students,84,118,-34
E01000800,"L4, L5 and L6: Lower managerial, administrative and professional occupations",337,281,56
E01000800,L7: Intermediate occupations,160,163,-3
E01000800,L8 and L9: Small employers and own account workers,132,115,17
E01000801,"L1, L2 and L3: Higher managerial, administrative and professional occupations",182,83,99
E01000801,L10 and L11: Lower supervisory and technical occupations,44,66,-22
E01000801,L12: Semi-routine occupations,116,106,10
E01000801,L13: Routine occupations,104,108,-4
E01000801,L14.1 and L14.2: Never worked and long-term unemployed,98,65,33
E01000801,L15: Full-time students,75,75,0
E01000801,"L4, L5 and L6: Lower managerial, administrative and professional occupations",309,279,30
E01000801,L7: Intermediate occupations,159,149,10
E01000801,L8 and L9: Small employers and own account workers,144,121,23
E01000802,"L1, L2 and L3: Higher managerial, administrative and professional occupations",376,177,199
E01000802,L10 and L11: Lower supervisory and technical occupations,57,80,-23
E01000802,L12: Semi-routine occupations,117,128,-11
E01000802,L13: Routine occupations,93,78,15
E01000802,L14.1 and L14.2: Never worked and long-term unemployed,91,90,1
E01000802,L15: Full-time students,62,103,-41
E01000802,"L4, L5 and L6: Lower managerial, administrative and professional occupations",426,374,52
E01000802,L7: Intermediate occupations,145,166,-21
E01000802,L8 and L9: Small employers and own account workers,137,130,7
E01000803,"L1, L2 and L3: Higher managerial, administrative and professional occupations",315,166,149
E01000803,L10 and L11: Lower supervisory and technical occupations,44,64,-20
E01000803,L12: Semi-routine occupations,82,96,-14
E01000803,L13: Routine occupations,60,68,-8
E01000803,L14.1 and L14.2: Never worked and long-term unemployed,103,72,31
E01000803,L15: Full-time students,61,103,-42
E01000803,"L4, L5 and L6: Lower managerial, administrative and professional occupations",378,368,10
E01000803,L7: Intermediate occupations,166,155,11
E01000803,L8 and L9: Small employers and own account workers,124,108,16
E01000804,"L1, L2 and L3: Higher managerial, administrative and professional occupations",304,191,113
E01000804,L10 and L11: Lower supervisory and technical occupations,46,41,5
E01000804,L12: Semi-routine occupations,57,85,-28
E01000804,L13: Routine occupations,39,43,-4
E01000804,L14.1 and L14.2: Never worked and long-term unemployed,56,31,25
E01000804,L15: Full-time students,76,72,4
E01000804,"L4, L5 and L6: Lower managerial, administrative and professional occupations",331,306,25
E01000804,L7: Intermediate occupations,121,154,-33
E01000804,L8 and L9: Small employers and own account workers,137,132,5
E01000805,"L1, L2 and L3: Higher managerial, administrative and professional occupations",272,129,143
E01000805,L10 and L11: Lower supervisory and technical occupations,55,44,11
E01000805,L12: Semi-routine occupations,100,94,6
E01000805,L13: Routine occupations,103,71,32
E01000805,L14.1 and L14.2: Never worked and long-term unemployed,99,58,41
E01000805,L15: Full-time students,83,56,27
E01000805,"L4, L5 and L6: Lower managerial, administrative and professional occupations",393,237,156
E01000805,L7: Intermediate occupations,152,147,5
E01000805,L8 and L9: Small employers and own account workers,123,86,37
E01000806,"L1, L2 and L3: Higher managerial, administrative and professional occupations",184,98,86
E01000806,L10 and L11: Lower supervisory and technical occupations,49,74,-25
E01000806,L12: Semi-routine occupations,155,170,-15
E01000806,L13: Routine occupations,141,105,36
E01000806,L14.1 and L14.2: Never worked and long-term unemployed,127,118,9
E01000806,L15: Full-time students,125,146,-21
E01000806,"L4, L5 and L6: Lower managerial, administrative and professional occupations",290,283,7
E01000806,L7: Intermediate occupations,143,159,-16
E01000806,L8 and L9: Small employers and own account workers,121,109,12
E01000807,"L1, L2 and L3: Higher managerial, administrative and professional occupations",322,210,112
E01000807,L10 and L11: Lower supervisory and technical occupations,44,40,4
E01000807,L12: Semi-routine occupations,91,82,9
E01000807,L13: Routine occupations,61,36,25
E01000807,L14.1 and L14.2: Never worked and long-term unemployed,60,36,24
E01000807,L15: Full-time students,70,94,-24
E01000807,"L4, L5 and L6: Lower managerial, administrative and professional occupations",314,303,11
E01000807,L7: Intermediate occupations,176,199,-23
E01000807,L8 and L9: Small employers and own account workers,144,98,46
E01000808,"L1, L2 and L3: Higher managerial, administrative and professional occupations",365,219,146
E01000808,L10 and L11: Lower supervisory and technical occupations,37,43,-6
E01000808,L12: Semi-routine occupations,90,104,-14
E01000808,L13: Routine occupations,45,42,3
E01000808,L14.1 and L14.2: Never worked and long-term unemployed,74,29,45
E01000808,L15: Full-time students,59,67,-8
E01000808,"L4, L5 and L6: Lower managerial, administrative and professional occupations",293,312,-19
E01000808,L7: Intermediate occupations,168,189,-21
E01000808,L8 and L9: Small employers and own account workers,121,110,11
E01000809,"L1, L2 and L3: Higher managerial, administrative and professional occupations",291,164,127
E01000809,L10 and L11: Lower supervisory and technical occupations,35,45,-10
E01000809,L12: Semi-routine occupations,94,96,-2
E01000809,L13: Routine occupations,52,54,-2
E01000809,L14.1 and L14.2: Never worked and long-term unemployed,62,25,37
E01000809,L15: Full-time students,55,57,-2
E01000809,"L4, L5 and L6: Lower managerial, administrative and professional occupations",334,295,39
E01000809,L7: Intermediate occupations,196,212,-16
E01000809,L8 and L9: Small employers and own account workers,129,105,24
E01000810,"L1, L2 and L3: Higher managerial, administrative and professional occupations",407,227,180
E01000810,L10 and L11: Lower supervisory and technical occupations,27,40,-13
E01000810,L12: Semi-routine occupations,82,77,5
E01000810,L13: Routine occupations,29,23,6
E01000810,L14.1 and L14.2: Never worked and long-term unemployed,45,25,20
E01000810,L15: Full-time students,57,58,-1
E01000810,"L4, L5 and L6: Lower managerial, administrative and professional occupations",284,323,-39
E01000810,L7: Intermediate occupations,162,205,-43
E01000810,L8 and L9: Small employers and own account workers,133,100,33
E01000811,"L1, L2 and L3: Higher managerial, administrative and professional occupations",279,172,107
E01000811,L10 and L11: Lower supervisory and technical occupations,49,47,2
E01000811,L12: Semi-routine occupations,85,88,-3
E01000811,L13: Routine occupations,57,54,3
E01000811,L14.1 and L14.2: Never worked and long-term unemployed,39,19,20
E01000811,L15: Full-time students,34,54,-20
E01000811,"L4, L5 and L6: Lower managerial, administrative and professional occupations",266,258,8
E01000811,L7: Intermediate occupations,128,191,-63
E01000811,L8 and L9: Small employers and own account workers,127,96,31
E01000812,"L1, L2 and L3: Higher managerial, administrative and professional occupations",342,186,156
E01000812,L10 and L11: Lower supervisory and technical occupations,41,62,-21
E01000812,L12: Semi-routine occupations,105,124,-19
E01000812,L13: Routine occupations,76,60,16
E01000812,L14.1 and L14.2: Never worked and long-term unemployed,93,45,48
E01000812,L15: Full-time students,61,63,-2
E01000812,"L4, L5 and L6: Lower managerial, administrative and professional occupations",329,303,26
E01000812,L7: Intermediate occupations,163,190,-27
E01000812,L8 and L9: Small employers and own account workers,113,103,10
E01000813,"L1, L2 and L3: Higher managerial, administrative and professional occupations",281,171,110
E01000813,L10 and L11: Lower supervisory and technical occupations,49,55,-6
E01000813,L12: Semi-routine occupations,92,117,-25
E01000813,L13: Routine occupations,69,57,12
E01000813,L14.1 and L14.2: Never worked and long-term unemployed,62,39,23
E01000813,L15: Full-time students,52,65,-13
E01000813,"L4, L5 and L6: Lower managerial, administrative and professional occupations",311,304,7
E01000813,L7: Intermediate occupations,189,212,-23
E01000813,L8 and L9: Small employers and own account workers,139,98,41
E01000814,"L1, L2 and L3: Higher managerial, administrative and professional occupations",418,255,163
E01000814,L10 and L11: Lower supervisory and technical occupations,16,39,-23
E01000814,L12: Semi-routine occupations,65,77,-12
E01000814,L13: Routine occupations,46,36,10
E01000814,L14.1 and L14.2: Never worked and long-term unemployed,43,21,22
E01000814,L15: Full-time students,55,99,-44
E01000814,"L4, L5 and L6: Lower managerial, administrative and professional occupations",292,328,-36
E01000814,L7: Intermediate occupations,192,205,-13
E01000814,L8 and L9: Small employers and own account workers,122,96,26
E01000815,"L1, L2 and L3: Higher managerial, administrative and professional occupations",385,230,155
E01000815,L10 and L11: Lower supervisory and technical occupations,14,32,-18
E01000815,L12: Semi-routine occupations,55,53,2
E01000815,L13: Routine occupations,29,22,7
E01000815,L14.1 and L14.2: Never worked and long-term unemployed,39,15,24
E01000815,L15: Full-time students,60,86,-26
E01000815,"L4, L5 and L6: Lower managerial, administrative and professional occupations",306,345,-39
E01000815,L7: Intermediate occupations,198,209,-11
E01000815,L8 and L9: Small employers and own account workers,129,113,16
E01000816,"L1, L2 and L3: Higher managerial, administrative and professional occupations",213,112,101
E01000816,L10 and L11: Lower supervisory and technical occupations,59,73,-14
E01000816,L12: Semi-routine occupations,112,134,-22
E01000816,L13: Routine occupations,64,80,-16
E01000816,L14.1 and L14.2: Never worked and long-term unemployed,90,51,39
E01000816,L15: Full-time students,63,69,-6
E01000816,"L4, L5 and L6: Lower managerial, administrative and professional occupations",317,281,36
E01000816,L7: Intermediate occupations,164,188,-24
E01000816,L8 and L9: Small employers and own account workers,160,114,46
E01000818,"L1, L2 and L3: Higher managerial, administrative and professional occupations",281,146,135
E01000818,L10 and L11: Lower supervisory and technical occupations,64,56,8
E01000818,L12: Semi-routine occupations,121,116,5
E01000818,L13: Routine occupations,83,55,28
E01000818,L14.1 and L14.2: Never worked and long-term unemployed,70,32,38
E01000818,L15: Full-time students,78,80,-2
E01000818,"L4, L5 and L6: Lower managerial, administrative and professional occupations",334,265,69
E01000818,L7: Intermediate occupations,191,183,8
E01000818,L8 and L9: Small employers and own account workers,169,139,30
E01000819,"L1, L2 and L3: Higher managerial, administrative and professional occupations",211,115,96
E01000819,L10 and L11: Lower supervisory and technical occupations,65,52,13
E01000819,L12: Semi-routine occupations,151,144,7
E01000819,L13: Routine occupations,126,103,23
E01000819,L14.1 and L14.2: Never worked and long-term unemployed,135,101,34
E01000819,L15: Full-time students,114,101,13
E01000819,"L4, L5 and L6: Lower managerial, administrative and professional occupations",313,251,62
E01000819,L7: Intermediate occupations,196,181,15
E01000819,L8 and L9: Small employers and own account workers,168,135,33
E01000820,"L1, L2 and L3: Higher managerial, administrative and professional occupations",304,193,111
E01000820,L10 and L11: Lower supervisory and technical occupations,40,42,-2
E01000820,L12: Semi-routine occupations,77,88,-11
E01000820,L13: Routine occupations,67,51,16
E01000820,L14.1 and L14.2: Never worked and long-term unemployed,111,49,62
E01000820,L15: Full-time students,71,53,18
E01000820,"L4, L5 and L6: Lower managerial, administrative and professional occupations",301,299,2
E01000820,L7: Intermediate occupations,168,143,25
E01000820,L8 and L9: Small employers and own account workers,152,99,53
E01000822,"L1, L2 and L3: Higher managerial, administrative and professional occupations",261,191,70
E01000822,L10 and L11: Lower supervisory and technical occupations,39,48,-9
E01000822,L12: Semi-routine occupations,104,122,-18
E01000822,L13: Routine occupations,80,61,19
E01000822,L14.1 and L14.2: Never worked and long-term unemployed,93,53,40
E01000822,L15: Full-time students,65,76,-11
E01000822,"L4, L5 and L6: Lower managerial, administrative and professional occupations",319,345,-26
E01000822,L7: Intermediate occupations,151,184,-33
E01000822,L8 and L9: Small employers and own account workers,141,116,25
E01000823,"L1, L2 and L3: Higher managerial, administrative and professional occupations",318,253,65
E01000823,L10 and L11: Lower supervisory and technical occupations,45,45,0
E01000823,L12: Semi-routine occupations,67,84,-17
E01000823,L13: Routine occupations,69,50,19
E01000823,L14.1 and L14.2: Never worked and long-term unemployed,85,48,37
E01000823,L15: Full-time students,68,80,-12
E01000823,"L4, L5 and L6: Lower managerial, administrative and professional occupations",376,409,-33
E01000823,L7: Intermediate occupations,163,208,-45
E01000823,L8 and L9: Small employers and own account workers,172,118,54
E01000824,"L1, L2 and L3: Higher managerial, administrative and professional occupations",243,131,112
E01000824,L10 and L11: Lower supervisory and technical occupations,46,47,-1
E01000824,L12: Semi-routine occupations,98,91,7
E01000824,L13: Routine occupations,65,66,-1
E01000824,L14.1 and L14.2: Never worked and long-term unemployed,68,37,31
E01000824,L15: Full-time students,65,53,12
E01000824,"L4, L5 and L6: Lower managerial, administrative and professional occupations",289,271,18
E01000824,L7: Intermediate occupations,125,116,9
E01000824,L8 and L9: Small employers and own account workers,122,88,34
E01000825,"L1, L2 and L3: Higher managerial, administrative and professional occupations",265,204,61
E01000825,L10 and L11: Lower supervisory and technical occupations,56,53,3
E01000825,L12: Semi-routine occupations,115,99,16
E01000825,L13: Routine occupations,75,54,21
E01000825,L14.1 and L14.2: Never worked and long-term unemployed,104,79,25
E01000825,L15: Full-time students,66,59,7
E01000825,"L4, L5 and L6: Lower managerial, administrative and professional occupations",355,341,14
E01000825,L7: Intermediate occupations,166,205,-39
E01000825,L8 and L9: Small employers and own account workers,148,95,53
E01000826,"L1, L2 and L3: Higher managerial, administrative and professional occupations",375,246,129
E01000826,L10 and L11: Lower supervisory and technical occupations,33,31,2
E01000826,L12: Semi-routine occupations,56,69,-13
E01000826,L13: Routine occupations,32,22,10
E01000826,L14.1 and L14.2: Never worked and long-term unemployed,56,17,39
E01000826,L15: Full-time students,98,111,-13
E01000826,"L4, L5 and L6: Lower managerial, administrative and professional occupations",343,343,0
E01000826,L7: Intermediate occupations,173,192,-19
E01000826,L8 and L9: Small employers and own account workers,145,132,13
E01000827,"L1, L2 and L3: Higher managerial, administrative and professional occupations",367,218,149
E01000827,L10 and L11: Lower supervisory and technical occupations,56,51,5
E01000827,L12: Semi-routine occupations,95,94,1
E01000827,L13: Routine occupations,63,46,17
E01000827,L14.1 and L14.2: Never worked and long-term unemployed,75,34,41
E01000827,L15: Full-time students,70,70,0
E01000827,"L4, L5 and L6: Lower managerial, administrative and professional occupations",349,373,-24
E01000827,L7: Intermediate occupations,211,179,32
E01000827,L8 and L9: Small employers and own account workers,143,131,12
E01000828,"L1, L2 and L3: Higher managerial, administrative and professional occupations",365,229,136
E01000828,L10 and L11: Lower supervisory and technical occupations,44,43,1
E01000828,L12: Semi-routine occupations,107,92,15
E01000828,L13: Routine occupations,60,53,7
E01000828,L14.1 and L14.2: Never worked and long-term unemployed,82,28,54
E01000828,L15: Full-time students,61,65,-4
E01000828,"L4, L5 and L6: Lower managerial, administrative and professional occupations",332,335,-3
E01000828,L7: Intermediate occupations,180,182,-2
E01000828,L8 and L9: Small employers and own account workers,137,104,33
E01000829,"L1, L2 and L3: Higher managerial, administrative and professional occupations",336,242,94
E01000829,L10 and L11: Lower supervisory and technical occupations,50,57,-7
E01000829,L12: Semi-routine occupations,81,108,-27
E01000829,L13: Routine occupations,80,55,25
E01000829,L14.1 and L14.2: Never worked and long-term unemployed,65,36,29
E01000829,L15: Full-time students,62,69,-7
E01000829,"L4, L5 and L6: Lower managerial, administrative and professional occupations",398,388,10
E01000829,L7: Intermediate occupations,168,203,-35
E01000829,L8 and L9: Small employers and own account workers,150,106,44
E01000830,"L1, L2 and L3: Higher managerial, administrative and professional occupations",389,232,157
E01000830,L10 and L11: Lower supervisory and technical occupations,19,24,-5
E01000830,L12: Semi-routine occupations,58,48,10
E01000830,L13: Routine occupations,27,15,12
E01000830,L14.1 and L14.2: Never worked and long-term unemployed,59,28,31
E01000830,L15: Full-time students,95,98,-3
E01000830,"L4, L5 and L6: Lower managerial, administrative and professional occupations",305,364,-59
E01000830,L7: Intermediate occupations,160,145,15
E01000830,L8 and L9: Small employers and own account workers,162,135,27
E01000831,"L1, L2 and L3: Higher managerial, administrative and professional occupations",367,257,110
E01000831,L10 and L11: Lower supervisory and technical occupations,35,36,-1
E01000831,L12: Semi-routine occupations,79,71,8
E01000831,L13: Routine occupations,63,43,20
E01000831,L14.1 and L14.2: Never worked and long-term unemployed,82,37,45
E01000831,L15: Full-time students,67,70,-3
E01000831,"L4, L5 and L6: Lower managerial, administrative and professional occupations",360,350,10
E01000831,L7: Intermediate occupations,185,188,-3
E01000831,L8 and L9: Small employers and own account workers,154,106,48
E01000832,"L1, L2 and L3: Higher managerial, administrative and professional occupations",269,166,103
E01000832,L10 and L11: Lower supervisory and technical occupations,35,40,-5
E01000832,L12: Semi-routine occupations,75,76,-1
E01000832,L13: Routine occupations,57,34,23
E01000832,L14.1 and L14.2: Never worked and long-term unemployed,60,33,27
E01000832,L15: Full-time students,73,93,-20
E01000832,"L4, L5 and L6: Lower managerial, administrative and professional occupations",337,298,39
E01000832,L7: Intermediate occupations,193,188,5
E01000832,L8 and L9: Small employers and own account workers,160,128,32
E01000833,"L1, L2 and L3: Higher managerial, administrative and professional occupations",286,170,116
E01000833,L10 and L11: Lower supervisory and technical occupations,36,28,8
E01000833,L12: Semi-routine occupations,81,88,-7
E01000833,L13: Routine occupations,45,23,22
E01000833,L14.1 and L14.2: Never worked and long-term unemployed,45,20,25
E01000833,L15: Full-time students,104,79,25
E01000833,"L4, L5 and L6: Lower managerial, administrative and professional occupations",278,289,-11
E01000833,L7: Intermediate occupations,171,177,-6
E01000833,L8 and L9: Small employers and own account workers,127,124,3
E01000834,"L1, L2 and L3: Higher managerial, administrative and professional occupations",224,119,105
E01000834,L10 and L11: Lower supervisory and technical occupations,49,41,8
E01000834,L12: Semi-routine occupations,79,88,-9
E01000834,L13: Routine occupations,49,48,1
E01000834,L14.1 and L14.2: Never worked and long-term unemployed,48,17,31
E01000834,L15: Full-time students,75,91,-16
E01000834,"L4, L5 and L6: Lower managerial, administrative and professional occupations",269,265,4
E01000834,L7: Intermediate occupations,151,164,-13
E01000834,L8 and L9: Small employers and own account workers,119,123,-4
E01000835,"L1, L2 and L3: Higher managerial, administrative and professional occupations",241,140,101
E01000835,L10 and L11: Lower supervisory and technical occupations,59,55,4
E01000835,L12: Semi-routine occupations,135,112,23
E01000835,L13: Routine occupations,96,57,39
E01000835,L14.1 and L14.2: Never worked and long-term unemployed,70,24,46
E01000835,L15: Full-time students,111,91,20
E01000835,"L4, L5 and L6: Lower managerial, administrative and professional occupations",353,296,57
E01000835,L7: Intermediate occupations,207,237,-30
E01000835,L8 and L9: Small employers and own account workers,154,107,47
E01000836,"L1, L2 and L3: Higher managerial, administrative and professional occupations",265,151,114
E01000836,L10 and L11: Lower supervisory and technical occupations,35,55,-20
E01000836,L12: Semi-routine occupations,72,76,-4
E01000836,L13: Routine occupations,41,33,8
E01000836,L14.1 and L14.2: Never worked and long-term unemployed,35,19,16
E01000836,L15: Full-time students,49,98,-49
E01000836,"L4, L5 and L6: Lower managerial, administrative and professional occupations",302,282,20
E01000836,L7: Intermediate occupations,145,163,-18
E01000836,L8 and L9: Small employers and own account workers,139,106,33
E01000837,"L1, L2 and L3: Higher managerial, administrative and professional occupations",234,160,74
E01000837,L10 and L11: Lower supervisory and technical occupations,53,58,-5
E01000837,L12: Semi-routine occupations,108,102,6
E01000837,L13: Routine occupations,83,58,25
E01000837,L14.1 and L14.2: Never worked and long-term unemployed,72,25,47
E01000837,L15: Full-time students,88,63,25
E01000837,"L4, L5 and L6: Lower managerial, administrative and professional occupations",299,273,26
E01000837,L7: Intermediate occupations,170,177,-7
E01000837,L8 and L9: Small employers and own account workers,140,101,39
E01000838,"L1, L2 and L3: Higher managerial, administrative and professional occupations",240,130,110
E01000838,L10 and L11: Lower supervisory and technical occupations,50,43,7
E01000838,L12: Semi-routine occupations,94,95,-1
E01000838,L13: Routine occupations,49,46,3
E01000838,L14.1 and L14.2: Never worked and long-term unemployed,58,18,40
E01000838,L15: Full-time students,58,89,-31
E01000838,"L4, L5 and L6: Lower managerial, administrative and professional occupations",297,269,28
E01000838,L7: Intermediate occupations,190,183,7
E01000838,L8 and L9: Small employers and own account workers,144,109,35
E01000839,"L1, L2 and L3: Higher managerial, administrative and professional occupations",287,182,105
E01000839,L10 and L11: Lower supervisory and technical occupations,33,43,-10
E01000839,L12: Semi-routine occupations,83,89,-6
E01000839,L13: Routine occupations,32,26,6
E01000839,L14.1 and L14.2: Never worked and long-term unemployed,56,21,35
E01000839,L15: Full-time students,59,80,-21
E01000839,"L4, L5 and L6: Lower managerial, administrative and professional occupations",320,344,-24
E01000839,L7: Intermediate occupations,167,210,-43
E01000839,L8 and L9: Small employers and own account workers,130,111,19
E01000840,"L1, L2 and L3: Higher managerial, administrative and professional occupations",292,164,128
E01000840,L10 and L11: Lower supervisory and technical occupations,29,41,-12
E01000840,L12: Semi-routine occupations,96,109,-13
E01000840,L13: Routine occupations,61,35,26
E01000840,L14.1 and L14.2: Never worked and long-term unemployed,95,21,74
E01000840,L15: Full-time students,44,59,-15
E01000840,"L4, L5 and L6: Lower managerial, administrative and professional occupations",322,286,36
E01000840,L7: Intermediate occupations,228,226,2
E01000840,L8 and L9: Small employers and own account workers,142,107,35
E01000841,"L1, L2 and L3: Higher managerial, administrative and professional occupations",306,154,152
E01000841,L10 and L11: Lower supervisory and technical occupations,52,43,9
E01000841,L12: Semi-routine occupations,111,121,-10
E01000841,L13: Routine occupations,66,51,15
E01000841,L14.1 and L14.2: Never worked and long-term unemployed,77,24,53
E01000841,L15: Full-time students,68,76,-8
E01000841,"L4, L5 and L6: Lower managerial, administrative and professional occupations",341,304,37
E01000841,L7: Intermediate occupations,228,223,5
E01000841,L8 and L9: Small employers and own account workers,154,112,42
E01000842,"L1, L2 and L3: Higher managerial, administrative and professional occupations",434,354,80
E01000842,L10 and L11: Lower supervisory and technical occupations,16,28,-12
E01000842,L12: Semi-routine occupations,56,44,12
E01000842,L13: Routine occupations,37,17,20
E01000842,L14.1 and L14.2: Never worked and long-term unemployed,58,39,19
E01000842,L15: Full-time students,68,92,-24
E01000842,"L4, L5 and L6: Lower managerial, administrative and professional occupations",322,410,-88
E01000842,L7: Intermediate occupations,83,89,-6
E01000842,L8 and L9: Small employers and own account workers,149,102,47
E01000843,"L1, L2 and L3: Higher managerial, administrative and professional occupations",443,350,93
E01000843,L10 and L11: Lower supervisory and technical occupations,12,39,-27
E01000843,L12: Semi-routine occupations,26,63,-37
E01000843,L13: Routine occupations,27,52,-25
E01000843,L14.1 and L14.2: Never worked and long-term unemployed,51,88,-37
E01000843,L15: Full-time students,86,99,-13
E01000843,"L4, L5 and L6: Lower managerial, administrative and professional occupations",245,412,-167
E01000843,L7: Intermediate occupations,59,94,-35
E01000843,L8 and L9: Small employers and own account workers,93,102,-9
E01000844,"L1, L2 and L3: Higher managerial, administrative and professional occupations",522,504,18
E01000844,L10 and L11: Lower supervisory and technical occupations,21,11,10
E01000844,L12: Semi-routine occupations,45,63,-18
E01000844,L13: Routine occupations,39,33,6
E01000844,L14.1 and L14.2: Never worked and long-term unemployed,67,39,28
E01000844,L15: Full-time students,95,76,19
E01000844,"L4, L5 and L6: Lower managerial, administrative and professional occupations",311,456,-145
E01000844,L7: Intermediate occupations,86,104,-18
E01000844,L8 and L9: Small employers and own account workers,146,122,24
E01000845,"L1, L2 and L3: Higher managerial, administrative and professional occupations",429,322,107
E01000845,L10 and L11: Lower supervisory and technical occupations,15,15,0
E01000845,L12: Semi-routine occupations,41,50,-9
E01000845,L13: Routine occupations,40,34,6
E01000845,L14.1 and L14.2: Never worked and long-term unemployed,74,54,20
E01000845,L15: Full-time students,99,102,-3
E01000845,"L4, L5 and L6: Lower managerial, administrative and professional occupations",314,403,-89
E01000845,L7: Intermediate occupations,72,89,-17
E01000845,L8 and L9: Small employers and own account workers,144,97,47
E01000846,"L1, L2 and L3: Higher managerial, administrative and professional occupations",198,155,43
E01000846,L10 and L11: Lower supervisory and technical occupations,38,30,8
E01000846,L12: Semi-routine occupations,121,94,27
E01000846,L13: Routine occupations,84,63,21
E01000846,L14.1 and L14.2: Never worked and long-term unemployed,152,131,21
E01000846,L15: Full-time students,149,119,30
E01000846,"L4, L5 and L6: Lower managerial, administrative and professional occupations",206,236,-30
E01000846,L7: Intermediate occupations,91,109,-18
E01000846,L8 and L9: Small employers and own account workers,110,90,20
E01000847,"L1, L2 and L3: Higher managerial, administrative and professional occupations",293,224,69
E01000847,L10 and L11: Lower supervisory and technical occupations,23,35,-12
E01000847,L12: Semi-routine occupations,92,89,3
E01000847,L13: Routine occupations,75,56,19
E01000847,L14.1 and L14.2: Never worked and long-term unemployed,151,150,1
E01000847,L15: Full-time students,196,113,83
E01000847,"L4, L5 and L6: Lower managerial, administrative and professional occupations",230,281,-51
E01000847,L7: Intermediate occupations,85,98,-13
E01000847,L8 and L9: Small employers and own account workers,143,125,18
E01000848,"L1, L2 and L3: Higher managerial, administrative and professional occupations",514,402,112
E01000848,L10 and L11: Lower supervisory and technical occupations,16,41,-25
E01000848,L12: Semi-routine occupations,41,55,-14
E01000848,L13: Routine occupations,28,23,5
E01000848,L14.1 and L14.2: Never worked and long-term unemployed,69,40,29
E01000848,L15: Full-time students,70,55,15
E01000848,"L4, L5 and L6: Lower managerial, administrative and professional occupations",322,444,-122
E01000848,L7: Intermediate occupations,63,89,-26
E01000848,L8 and L9: Small employers and own account workers,118,124,-6
E01000849,"L1, L2 and L3: Higher managerial, administrative and professional occupations",412,406,6
E01000849,L10 and L11: Lower supervisory and technical occupations,23,26,-3
E01000849,L12: Semi-routine occupations,55,53,2
E01000849,L13: Routine occupations,46,32,14
E01000849,L14.1 and L14.2: Never worked and long-term unemployed,42,39,3
E01000849,L15: Full-time students,69,100,-31
E01000849,"L4, L5 and L6: Lower managerial, administrative and professional occupations",327,412,-85
E01000849,L7: Intermediate occupations,80,121,-41
E01000849,L8 and L9: Small employers and own account workers,128,85,43
E01000850,"L1, L2 and L3: Higher managerial, administrative and professional occupations",302,346,-44
E01000850,L10 and L11: Lower supervisory and technical occupations,19,48,-29
E01000850,L12: Semi-routine occupations,43,52,-9
E01000850,L13: Routine occupations,34,32,2
E01000850,L14.1 and L14.2: Never worked and long-term unemployed,49,49,0
E01000850,L15: Full-time students,438,480,-42
E01000850,"L4, L5 and L6: Lower managerial, administrative and professional occupations",317,393,-76
E01000850,L7: Intermediate occupations,61,83,-22
E01000850,L8 and L9: Small employers and own account workers,86,65,21
E01000851,"L1, L2 and L3: Higher managerial, administrative and professional occupations",267,314,-47
E01000851,L10 and L11: Lower supervisory and technical occupations,25,38,-13
E01000851,L12: Semi-routine occupations,27,75,-48
E01000851,L13: Routine occupations,32,39,-7
E01000851,L14.1 and L14.2: Never worked and long-term unemployed,54,54,0
E01000851,L15: Full-time students,645,1117,-472
E01000851,"L4, L5 and L6: Lower managerial, administrative and professional occupations",208,366,-158
E01000851,L7: Intermediate occupations,49,98,-49
E01000851,L8 and L9: Small employers and own account workers,93,105,-12
E01000853,"L1, L2 and L3: Higher managerial, administrative and professional occupations",152,164,-12
E01000853,L10 and L11: Lower supervisory and technical occupations,35,54,-19
E01000853,L12: Semi-routine occupations,122,127,-5
E01000853,L13: Routine occupations,111,80,31
E01000853,L14.1 and L14.2: Never worked and long-term unemployed,191,130,61
E01000853,L15: Full-time students,209,206,3
E01000853,"L4, L5 and L6: Lower managerial, administrative and professional occupations",203,256,-53
E01000853,L7: Intermediate occupations,108,127,-19
E01000853,L8 and L9: Small employers and own account workers,106,87,19
E01000855,"L1, L2 and L3: Higher managerial, administrative and professional occupations",311,381,-70
E01000855,L10 and L11: Lower supervisory and technical occupations,31,51,-20
E01000855,L12: Semi-routine occupations,61,74,-13
E01000855,L13: Routine occupations,46,46,0
E01000855,L14.1 and L14.2: Never worked and long-term unemployed,96,51,45
E01000855,L15: Full-time students,250,282,-32
E01000855,"L4, L5 and L6: Lower managerial, administrative and professional occupations",270,530,-260
E01000855,L7: Intermediate occupations,71,121,-50
E01000855,L8 and L9: Small employers and own account workers,86,87,-1
E01000856,"L1, L2 and L3: Higher managerial, administrative and professional occupations",237,122,115
E01000856,L10 and L11: Lower supervisory and technical occupations,60,59,1
E01000856,L12: Semi-routine occupations,105,116,-11
E01000856,L13: Routine occupations,79,72,7
E01000856,L14.1 and L14.2: Never worked and long-term unemployed,162,183,-21
E01000856,L15: Full-time students,233,178,55
E01000856,"L4, L5 and L6: Lower managerial, administrative and professional occupations",278,287,-9
E01000856,L7: Intermediate occupations,106,95,11
E01000856,L8 and L9: Small employers and own account workers,101,134,-33
E01000857,"L1, L2 and L3: Higher managerial, administrative and professional occupations",341,264,77
E01000857,L10 and L11: Lower supervisory and technical occupations,21,31,-10
E01000857,L12: Semi-routine occupations,64,72,-8
E01000857,L13: Routine occupations,40,45,-5
E01000857,L14.1 and L14.2: Never worked and long-term unemployed,88,51,37
E01000857,L15: Full-time students,113,73,40
E01000857,"L4, L5 and L6: Lower managerial, administrative and professional occupations",290,368,-78
E01000857,L7: Intermediate occupations,81,87,-6
E01000857,L8 and L9: Small employers and own account workers,139,131,8
E01000858,"L1, L2 and L3: Higher managerial, administrative and professional occupations",279,187,92
E01000858,L10 and L11: Lower supervisory and technical occupations,64,69,-5
E01000858,L12: Semi-routine occupations,159,138,21
E01000858,L13: Routine occupations,148,116,32
E01000858,L14.1 and L14.2: Never worked and long-term unemployed,222,195,27
E01000858,L15: Full-time students,253,207,46
E01000858,"L4, L5 and L6: Lower managerial, administrative and professional occupations",277,315,-38
E01000858,L7: Intermediate occupations,129,128,1
E01000858,L8 and L9: Small employers and own account workers,118,102,16
E01000859,"L1, L2 and L3: Higher managerial, administrative and professional occupations",441,376,65
E01000859,L10 and L11: Lower supervisory and technical occupations,18,22,-4
E01000859,L12: Semi-routine occupations,44,51,-7
E01000859,L13: Routine occupations,33,31,2
E01000859,L14.1 and L14.2: Never worked and long-term unemployed,65,38,27
E01000859,L15: Full-time students,98,66,32
E01000859,"L4, L5 and L6: Lower managerial, administrative and professional occupations",323,487,-164
E01000859,L7: Intermediate occupations,60,60,0
E01000859,L8 and L9: Small employers and own account workers,148,158,-10
E01000860,"L1, L2 and L3: Higher managerial, administrative and professional occupations",233,196,37
E01000860,L10 and L11: Lower supervisory and technical occupations,24,26,-2
E01000860,L12: Semi-routine occupations,54,46,8
E01000860,L13: Routine occupations,60,65,-5
E01000860,L14.1 and L14.2: Never worked and long-term unemployed,95,49,46
E01000860,L15: Full-time students,86,75,11
E01000860,"L4, L5 and L6: Lower managerial, administrative and professional occupations",232,273,-41
E01000860,L7: Intermediate occupations,59,67,-8
E01000860,L8 and L9: Small employers and own account workers,130,95,35
E01000861,"L1, L2 and L3: Higher managerial, administrative and professional occupations",238,190,48
E01000861,L10 and L11: Lower supervisory and technical occupations,48,55,-7
E01000861,L12: Semi-routine occupations,84,88,-4
E01000861,L13: Routine occupations,85,80,5
E01000861,L14.1 and L14.2: Never worked and long-term unemployed,104,93,11
E01000861,L15: Full-time students,191,280,-89
E01000861,"L4, L5 and L6: Lower managerial, administrative and professional occupations",272,349,-77
E01000861,L7: Intermediate occupations,111,98,13
E01000861,L8 and L9: Small employers and own account workers,125,106,19
E01000862,"L1, L2 and L3: Higher managerial, administrative and professional occupations",559,463,96
E01000862,L10 and L11: Lower supervisory and technical occupations,11,22,-11
E01000862,L12: Semi-routine occupations,43,46,-3
E01000862,L13: Routine occupations,32,38,-6
E01000862,L14.1 and L14.2: Never worked and long-term unemployed,61,34,27
E01000862,L15: Full-time students,125,123,2
E01000862,"L4, L5 and L6: Lower managerial, administrative and professional occupations",341,534,-193
E01000862,L7: Intermediate occupations,80,92,-12
E01000862,L8 and L9: Small employers and own account workers,162,155,7
E01000863,"L1, L2 and L3: Higher managerial, administrative and professional occupations",323,261,62
E01000863,L10 and L11: Lower supervisory and technical occupations,16,44,-28
E01000863,L12: Semi-routine occupations,71,81,-10
E01000863,L13: Routine occupations,51,62,-11
E01000863,L14.1 and L14.2: Never worked and long-term unemployed,98,83,15
E01000863,L15: Full-time students,279,208,71
E01000863,"L4, L5 and L6: Lower managerial, administrative and professional occupations",312,357,-45
E01000863,L7: Intermediate occupations,65,91,-26
E01000863,L8 and L9: Small employers and own account workers,110,103,7
E01000866,"L1, L2 and L3: Higher managerial, administrative and professional occupations",365,285,80
E01000866,L10 and L11: Lower supervisory and technical occupations,41,57,-16
E01000866,L12: Semi-routine occupations,91,119,-28
E01000866,L13: Routine occupations,99,87,12
E01000866,L14.1 and L14.2: Never worked and long-term unemployed,180,112,68
E01000866,L15: Full-time students,187,194,-7
E01000866,"L4, L5 and L6: Lower managerial, administrative and professional occupations",385,438,-53
E01000866,L7: Intermediate occupations,133,167,-34
E01000866,L8 and L9: Small employers and own account workers,157,147,10
E01000867,"L1, L2 and L3: Higher managerial, administrative and professional occupations",252,145,107
E01000867,L10 and L11: Lower supervisory and technical occupations,51,66,-15
E01000867,L12: Semi-routine occupations,90,91,-1
E01000867,L13: Routine occupations,122,78,44
E01000867,L14.1 and L14.2: Never worked and long-term unemployed,207,135,72
E01000867,L15: Full-time students,274,246,28
E01000867,"L4, L5 and L6: Lower managerial, administrative and professional occupations",287,267,20
E01000867,L7: Intermediate occupations,115,111,4
E01000867,L8 and L9: Small employers and own account workers,109,86,23
E01000868,"L1, L2 and L3: Higher managerial, administrative and professional occupations",197,75,122
E01000868,L10 and L11: Lower supervisory and technical occupations,44,65,-21
E01000868,L12: Semi-routine occupations,159,119,40
E01000868,L13: Routine occupations,125,106,19
E01000868,L14.1 and L14.2: Never worked and long-term unemployed,178,159,19
E01000868,L15: Full-time students,169,98,71
E01000868,"L4, L5 and L6: Lower managerial, administrative and professional occupations",262,187,75
E01000868,L7: Intermediate occupations,104,105,-1
E01000868,L8 and L9: Small employers and own account workers,127,100,27
E01000869,"L1, L2 and L3: Higher managerial, administrative and professional occupations",417,325,92
E01000869,L10 and L11: Lower supervisory and technical occupations,46,44,2
E01000869,L12: Semi-routine occupations,82,117,-35
E01000869,L13: Routine occupations,83,77,6
E01000869,L14.1 and L14.2: Never worked and long-term unemployed,135,119,16
E01000869,L15: Full-time students,270,276,-6
E01000869,"L4, L5 and L6: Lower managerial, administrative and professional occupations",375,509,-134
E01000869,L7: Intermediate occupations,115,134,-19
E01000869,L8 and L9: Small employers and own account workers,166,132,34
E01000870,"L1, L2 and L3: Higher managerial, administrative and professional occupations",297,225,72
E01000870,L10 and L11: Lower supervisory and technical occupations,45,49,-4
E01000870,L12: Semi-routine occupations,89,127,-38
E01000870,L13: Routine occupations,87,91,-4
E01000870,L14.1 and L14.2: Never worked and long-term unemployed,136,110,26
E01000870,L15: Full-time students,112,149,-37
E01000870,"L4, L5 and L6: Lower managerial, administrative and professional occupations",347,371,-24
E01000870,L7: Intermediate occupations,103,120,-17
E01000870,L8 and L9: Small employers and own account workers,129,115,14
E01000871,"L1, L2 and L3: Higher managerial, administrative and professional occupations",427,270,157
E01000871,L10 and L11: Lower supervisory and technical occupations,20,26,-6
E01000871,L12: Semi-routine occupations,60,80,-20
E01000871,L13: Routine occupations,50,54,-4
E01000871,L14.1 and L14.2: Never worked and long-term unemployed,121,103,18
E01000871,L15: Full-time students,126,123,3
E01000871,"L4, L5 and L6: Lower managerial, administrative and professional occupations",305,377,-72
E01000871,L7: Intermediate occupations,78,113,-35
E01000871,L8 and L9: Small employers and own account workers,150,121,29
E01000872,"L1, L2 and L3: Higher managerial, administrative and professional occupations",274,312,-38
E01000872,L10 and L11: Lower supervisory and technical occupations,75,59,16
E01000872,L12: Semi-routine occupations,123,126,-3
E01000872,L13: Routine occupations,143,122,21
E01000872,L14.1 and L14.2: Never worked and long-term unemployed,145,94,51
E01000872,L15: Full-time students,126,150,-24
E01000872,"L4, L5 and L6: Lower managerial, administrative and professional occupations",342,442,-100
E01000872,L7: Intermediate occupations,92,155,-63
E01000872,L8 and L9: Small employers and own account workers,171,163,8
E01000873,"L1, L2 and L3: Higher managerial, administrative and professional occupations",474,359,115
E01000873,L10 and L11: Lower supervisory and technical occupations,23,30,-7
E01000873,L12: Semi-routine occupations,59,73,-14
E01000873,L13: Routine occupations,30,48,-18
E01000873,L14.1 and L14.2: Never worked and long-term unemployed,67,47,20
E01000873,L15: Full-time students,110,77,33
E01000873,"L4, L5 and L6: Lower managerial, administrative and professional occupations",349,465,-116
E01000873,L7: Intermediate occupations,88,110,-22
E01000873,L8 and L9: Small employers and own account workers,120,108,12
E01000874,"L1, L2 and L3: Higher managerial, administrative and professional occupations",470,361,109
E01000874,L10 and L11: Lower supervisory and technical occupations,13,16,-3
E01000874,L12: Semi-routine occupations,36,36,0
E01000874,L13: Routine occupations,28,22,6
E01000874,L14.1 and L14.2: Never worked and long-term unemployed,71,31,40
E01000874,L15: Full-time students,94,120,-26
E01000874,"L4, L5 and L6: Lower managerial, administrative and professional occupations",308,460,-152
E01000874,L7: Intermediate occupations,65,102,-37
E01000874,L8 and L9: Small employers and own account workers,125,97,28
E01000875,"L1, L2 and L3: Higher managerial, administrative and professional occupations",316,272,44
E01000875,L10 and L11: Lower supervisory and technical occupations,51,69,-18
E01000875,L12: Semi-routine occupations,97,108,-11
E01000875,L13: Routine occupations,88,77,11
E01000875,L14.1 and L14.2: Never worked and long-term unemployed,115,81,34
E01000875,L15: Full-time students,112,157,-45
E01000875,"L4, L5 and L6: Lower managerial, administrative and professional occupations",342,405,-63
E01000875,L7: Intermediate occupations,111,122,-11
E01000875,L8 and L9: Small employers and own account workers,149,103,46
E01000876,"L1, L2 and L3: Higher managerial, administrative and professional occupations",330,211,119
E01000876,L10 and L11: Lower supervisory and technical occupations,56,69,-13
E01000876,L12: Semi-routine occupations,150,125,25
E01000876,L13: Routine occupations,107,87,20
E01000876,L14.1 and L14.2: Never worked and long-term unemployed,195,164,31
E01000876,L15: Full-time students,154,155,-1
E01000876,"L4, L5 and L6: Lower managerial, administrative and professional occupations",362,325,37
E01000876,L7: Intermediate occupations,120,132,-12
E01000876,L8 and L9: Small employers and own account workers,131,91,40
E01000877,"L1, L2 and L3: Higher managerial, administrative and professional occupations",399,330,69
E01000877,L10 and L11: Lower supervisory and technical occupations,32,34,-2
E01000877,L12: Semi-routine occupations,56,46,10
E01000877,L13: Routine occupations,56,52,4
E01000877,L14.1 and L14.2: Never worked and long-term unemployed,77,72,5
E01000877,L15: Full-time students,89,88,1
E01000877,"L4, L5 and L6: Lower managerial, administrative and professional occupations",322,454,-132
E01000877,L7: Intermediate occupations,77,118,-41
E01000877,L8 and L9: Small employers and own account workers,110,102,8
E01000878,"L1, L2 and L3: Higher managerial, administrative and professional occupations",490,252,238
E01000878,L10 and L11: Lower supervisory and technical occupations,14,20,-6
E01000878,L12: Semi-routine occupations,45,49,-4
E01000878,L13: Routine occupations,38,31,7
E01000878,L14.1 and L14.2: Never worked and long-term unemployed,151,59,92
E01000878,L15: Full-time students,102,408,-306
E01000878,"L4, L5 and L6: Lower managerial, administrative and professional occupations",257,283,-26
E01000878,L7: Intermediate occupations,99,87,12
E01000878,L8 and L9: Small employers and own account workers,165,100,65
E01000879,"L1, L2 and L3: Higher managerial, administrative and professional occupations",418,293,125
E01000879,L10 and L11: Lower supervisory and technical occupations,19,37,-18
E01000879,L12: Semi-routine occupations,27,54,-27
E01000879,L13: Routine occupations,23,26,-3
E01000879,L14.1 and L14.2: Never worked and long-term unemployed,56,35,21
E01000879,L15: Full-time students,79,177,-98
E01000879,"L4, L5 and L6: Lower managerial, administrative and professional occupations",259,341,-82
E01000879,L7: Intermediate occupations,70,66,4
E01000879,L8 and L9: Small employers and own account workers,114,90,24
E01000880,"L1, L2 and L3: Higher managerial, administrative and professional occupations",482,345,137
E01000880,L10 and L11: Lower supervisory and technical occupations,5,11,-6
E01000880,L12: Semi-routine occupations,46,39,7
E01000880,L13: Routine occupations,25,23,2
E01000880,L14.1 and L14.2: Never worked and long-term unemployed,57,29,28
E01000880,L15: Full-time students,97,83,14
E01000880,"L4, L5 and L6: Lower managerial, administrative and professional occupations",241,397,-156
E01000880,L7: Intermediate occupations,58,85,-27
E01000880,L8 and L9: Small employers and own account workers,119,92,27
E01000881,"L1, L2 and L3: Higher managerial, administrative and professional occupations",392,290,102
E01000881,L10 and L11: Lower supervisory and technical occupations,25,36,-11
E01000881,L12: Semi-routine occupations,51,46,5
E01000881,L13: Routine occupations,48,20,28
E01000881,L14.1 and L14.2: Never worked and long-term unemployed,77,58,19
E01000881,L15: Full-time students,120,171,-51
E01000881,"L4, L5 and L6: Lower managerial, administrative and professional occupations",258,346,-88
E01000881,L7: Intermediate occupations,53,105,-52
E01000881,L8 and L9: Small employers and own account workers,106,90,16
E01000882,"L1, L2 and L3: Higher managerial, administrative and professional occupations",479,411,68
E01000882,L10 and L11: Lower supervisory and technical occupations,8,13,-5
E01000882,L12: Semi-routine occupations,40,35,5
E01000882,L13: Routine occupations,23,17,6
E01000882,L14.1 and L14.2: Never worked and long-term unemployed,35,31,4
E01000882,L15: Full-time students,99,66,33
E01000882,"L4, L5 and L6: Lower managerial, administrative and professional occupations",321,433,-112
E01000882,L7: Intermediate occupations,51,87,-36
E01000882,L8 and L9: Small employers and own account workers,128,105,23
E01000883,"L1, L2 and L3: Higher managerial, administrative and professional occupations",472,299,173
E01000883,L10 and L11: Lower supervisory and technical occupations,19,24,-5
E01000883,L12: Semi-routine occupations,43,43,0
E01000883,L13: Routine occupations,32,25,7
E01000883,L14.1 and L14.2: Never worked and long-term unemployed,82,65,17
E01000883,L15: Full-time students,144,130,14
E01000883,"L4, L5 and L6: Lower managerial, administrative and professional occupations",333,319,14
E01000883,L7: Intermediate occupations,67,80,-13
E01000883,L8 and L9: Small employers and own account workers,111,80,31
E01000884,"L1, L2 and L3: Higher managerial, administrative and professional occupations",436,292,144
E01000884,L10 and L11: Lower supervisory and technical occupations,8,12,-4
E01000884,L12: Semi-routine occupations,36,48,-12
E01000884,L13: Routine occupations,28,28,0
E01000884,L14.1 and L14.2: Never worked and long-term unemployed,69,30,39
E01000884,L15: Full-time students,109,112,-3
E01000884,"L4, L5 and L6: Lower managerial, administrative and professional occupations",241,326,-85
E01000884,L7: Intermediate occupations,63,74,-11
E01000884,L8 and L9: Small employers and own account workers,165,134,31
E01000885,"L1, L2 and L3: Higher managerial, administrative and professional occupations",355,278,77
E01000885,L10 and L11: Lower supervisory and technical occupations,6,12,-6
E01000885,L12: Semi-routine occupations,35,48,-13
E01000885,L13: Routine occupations,24,20,4
E01000885,L14.1 and L14.2: Never worked and long-term unemployed,63,46,17
E01000885,L15: Full-time students,88,75,13
E01000885,"L4, L5 and L6: Lower managerial, administrative and professional occupations",252,336,-84
E01000885,L7: Intermediate occupations,83,78,5
E01000885,L8 and L9: Small employers and own account workers,142,125,17
E01000886,"L1, L2 and L3: Higher managerial, administrative and professional occupations",348,268,80
E01000886,L10 and L11: Lower supervisory and technical occupations,38,27,11
E01000886,L12: Semi-routine occupations,59,68,-9
E01000886,L13: Routine occupations,40,34,6
E01000886,L14.1 and L14.2: Never worked and long-term unemployed,53,50,3
E01000886,L15: Full-time students,82,91,-9
E01000886,"L4, L5 and L6: Lower managerial, administrative and professional occupations",298,385,-87
E01000886,L7: Intermediate occupations,81,83,-2
E01000886,L8 and L9: Small employers and own account workers,139,106,33
E01000887,"L1, L2 and L3: Higher managerial, administrative and professional occupations",328,311,17
E01000887,L10 and L11: Lower supervisory and technical occupations,22,28,-6
E01000887,L12: Semi-routine occupations,58,73,-15
E01000887,L13: Routine occupations,50,51,-1
E01000887,L14.1 and L14.2: Never worked and long-term unemployed,86,55,31
E01000887,L15: Full-time students,107,87,20
E01000887,"L4, L5 and L6: Lower managerial, administrative and professional occupations",345,388,-43
E01000887,L7: Intermediate occupations,97,95,2
E01000887,L8 and L9: Small employers and own account workers,112,102,10
E01000888,"L1, L2 and L3: Higher managerial, administrative and professional occupations",360,271,89
E01000888,L10 and L11: Lower supervisory and technical occupations,32,42,-10
E01000888,L12: Semi-routine occupations,63,69,-6
E01000888,L13: Routine occupations,57,51,6
E01000888,L14.1 and L14.2: Never worked and long-term unemployed,96,67,29
E01000888,L15: Full-time students,101,145,-44
E01000888,"L4, L5 and L6: Lower managerial, administrative and professional occupations",285,383,-98
E01000888,L7: Intermediate occupations,86,91,-5
E01000888,L8 and L9: Small employers and own account workers,115,85,30
E01000889,"L1, L2 and L3: Higher managerial, administrative and professional occupations",160,102,58
E01000889,L10 and L11: Lower supervisory and technical occupations,51,71,-20
E01000889,L12: Semi-routine occupations,137,161,-24
E01000889,L13: Routine occupations,151,120,31
E01000889,L14.1 and L14.2: Never worked and long-term unemployed,249,172,77
E01000889,L15: Full-time students,150,153,-3
E01000889,"L4, L5 and L6: Lower managerial, administrative and professional occupations",248,217,31
E01000889,L7: Intermediate occupations,151,129,22
E01000889,L8 and L9: Small employers and own account workers,139,91,48
E01000890,"L1, L2 and L3: Higher managerial, administrative and professional occupations",80,52,28
E01000890,L10 and L11: Lower supervisory and technical occupations,63,87,-24
E01000890,L12: Semi-routine occupations,136,177,-41
E01000890,L13: Routine occupations,139,128,11
E01000890,L14.1 and L14.2: Never worked and long-term unemployed,206,185,21
E01000890,L15: Full-time students,84,144,-60
E01000890,"L4, L5 and L6: Lower managerial, administrative and professional occupations",150,179,-29
E01000890,L7: Intermediate occupations,88,132,-44
E01000890,L8 and L9: Small employers and own account workers,100,102,-2
E01000891,"L1, L2 and L3: Higher managerial, administrative and professional occupations",146,96,50
E01000891,L10 and L11: Lower supervisory and technical occupations,44,66,-22
E01000891,L12: Semi-routine occupations,113,155,-42
E01000891,L13: Routine occupations,108,102,6
E01000891,L14.1 and L14.2: Never worked and long-term unemployed,191,183,8
E01000891,L15: Full-time students,150,178,-28
E01000891,"L4, L5 and L6: Lower managerial, administrative and professional occupations",226,172,54
E01000891,L7: Intermediate occupations,120,102,18
E01000891,L8 and L9: Small employers and own account workers,110,84,26
E01000892,"L1, L2 and L3: Higher managerial, administrative and professional occupations",445,349,96
E01000892,L10 and L11: Lower supervisory and technical occupations,32,49,-17
E01000892,L12: Semi-routine occupations,80,85,-5
E01000892,L13: Routine occupations,79,60,19
E01000892,L14.1 and L14.2: Never worked and long-term unemployed,140,90,50
E01000892,L15: Full-time students,142,112,30
E01000892,"L4, L5 and L6: Lower managerial, administrative and professional occupations",348,435,-87
E01000892,L7: Intermediate occupations,103,89,14
E01000892,L8 and L9: Small employers and own account workers,124,103,21
E01000893,"L1, L2 and L3: Higher managerial, administrative and professional occupations",463,340,123
E01000893,L10 and L11: Lower supervisory and technical occupations,13,13,0
E01000893,L12: Semi-routine occupations,34,44,-10
E01000893,L13: Routine occupations,13,14,-1
E01000893,L14.1 and L14.2: Never worked and long-term unemployed,44,36,8
E01000893,L15: Full-time students,93,83,10
E01000893,"L4, L5 and L6: Lower managerial, administrative and professional occupations",347,488,-141
E01000893,L7: Intermediate occupations,54,69,-15
E01000893,L8 and L9: Small employers and own account workers,121,107,14
E01000894,"L1, L2 and L3: Higher managerial, administrative and professional occupations",413,356,57
E01000894,L10 and L11: Lower supervisory and technical occupations,10,12,-2
E01000894,L12: Semi-routine occupations,23,28,-5
E01000894,L13: Routine occupations,14,16,-2
E01000894,L14.1 and L14.2: Never worked and long-term unemployed,40,31,9
E01000894,L15: Full-time students,61,65,-4
E01000894,"L4, L5 and L6: Lower managerial, administrative and professional occupations",276,376,-100
E01000894,L7: Intermediate occupations,51,60,-9
E01000894,L8 and L9: Small employers and own account workers,131,90,41
E01000895,"L1, L2 and L3: Higher managerial, administrative and professional occupations",421,352,69
E01000895,L10 and L11: Lower supervisory and technical occupations,22,20,2
E01000895,L12: Semi-routine occupations,70,59,11
E01000895,L13: Routine occupations,40,39,1
E01000895,L14.1 and L14.2: Never worked and long-term unemployed,108,42,66
E01000895,L15: Full-time students,107,81,26
E01000895,"L4, L5 and L6: Lower managerial, administrative and professional occupations",352,389,-37
E01000895,L7: Intermediate occupations,74,93,-19
E01000895,L8 and L9: Small employers and own account workers,133,126,7
E01000896,"L1, L2 and L3: Higher managerial, administrative and professional occupations",513,435,78
E01000896,L10 and L11: Lower supervisory and technical occupations,10,12,-2
E01000896,L12: Semi-routine occupations,23,22,1
E01000896,L13: Routine occupations,13,17,-4
E01000896,L14.1 and L14.2: Never worked and long-term unemployed,40,35,5
E01000896,L15: Full-time students,67,76,-9
E01000896,"L4, L5 and L6: Lower managerial, administrative and professional occupations",337,466,-129
E01000896,L7: Intermediate occupations,57,80,-23
E01000896,L8 and L9: Small employers and own account workers,125,112,13
E01000897,"L1, L2 and L3: Higher managerial, administrative and professional occupations",520,430,90
E01000897,L10 and L11: Lower supervisory and technical occupations,12,13,-1
E01000897,L12: Semi-routine occupations,25,37,-12
E01000897,L13: Routine occupations,20,18,2
E01000897,L14.1 and L14.2: Never worked and long-term unemployed,34,24,10
E01000897,L15: Full-time students,84,75,9
E01000897,"L4, L5 and L6: Lower managerial, administrative and professional occupations",302,399,-97
E01000897,L7: Intermediate occupations,53,70,-17
E01000897,L8 and L9: Small employers and own account workers,150,95,55
E01000898,"L1, L2 and L3: Higher managerial, administrative and professional occupations",304,332,-28
E01000898,L10 and L11: Lower supervisory and technical occupations,29,25,4
E01000898,L12: Semi-routine occupations,83,67,16
E01000898,L13: Routine occupations,58,58,0
E01000898,L14.1 and L14.2: Never worked and long-term unemployed,128,89,39
E01000898,L15: Full-time students,70,106,-36
E01000898,"L4, L5 and L6: Lower managerial, administrative and professional occupations",438,535,-97
E01000898,L7: Intermediate occupations,124,89,35
E01000898,L8 and L9: Small employers and own account workers,126,76,50
E01000899,"L1, L2 and L3: Higher managerial, administrative and professional occupations",504,362,142
E01000899,L10 and L11: Lower supervisory and technical occupations,15,13,2
E01000899,L12: Semi-routine occupations,46,41,5
E01000899,L13: Routine occupations,23,18,5
E01000899,L14.1 and L14.2: Never worked and long-term unemployed,55,41,14
E01000899,L15: Full-time students,89,76,13
E01000899,"L4, L5 and L6: Lower managerial, administrative and professional occupations",330,436,-106
E01000899,L7: Intermediate occupations,71,77,-6
E01000899,L8 and L9: Small employers and own account workers,159,137,22
E01000900,"L1, L2 and L3: Higher managerial, administrative and professional occupations",302,219,83
E01000900,L10 and L11: Lower supervisory and technical occupations,42,63,-21
E01000900,L12: Semi-routine occupations,120,150,-30
E01000900,L13: Routine occupations,86,98,-12
E01000900,L14.1 and L14.2: Never worked and long-term unemployed,166,153,13
E01000900,L15: Full-time students,144,143,1
E01000900,"L4, L5 and L6: Lower managerial, administrative and professional occupations",309,340,-31
E01000900,L7: Intermediate occupations,124,138,-14
E01000900,L8 and L9: Small employers and own account workers,128,96,32
E01000901,"L1, L2 and L3: Higher managerial, administrative and professional occupations",179,118,61
E01000901,L10 and L11: Lower supervisory and technical occupations,54,68,-14
E01000901,L12: Semi-routine occupations,148,159,-11
E01000901,L13: Routine occupations,153,126,27
E01000901,L14.1 and L14.2: Never worked and long-term unemployed,228,198,30
E01000901,L15: Full-time students,217,333,-116
E01000901,"L4, L5 and L6: Lower managerial, administrative and professional occupations",250,226,24
E01000901,L7: Intermediate occupations,129,117,12
E01000901,L8 and L9: Small employers and own account workers,127,73,54
E01000902,"L1, L2 and L3: Higher managerial, administrative and professional occupations",142,108,34
E01000902,L10 and L11: Lower supervisory and technical occupations,48,41,7
E01000902,L12: Semi-routine occupations,93,119,-26
E01000902,L13: Routine occupations,118,76,42
E01000902,L14.1 and L14.2: Never worked and long-term unemployed,172,139,33
E01000902,L15: Full-time students,154,140,14
E01000902,"L4, L5 and L6: Lower managerial, administrative and professional occupations",224,222,2
E01000902,L7: Intermediate occupations,100,101,-1
E01000902,L8 and L9: Small employers and own account workers,95,80,15
E01000903,"L1, L2 and L3: Higher managerial, administrative and professional occupations",339,259,80
E01000903,L10 and L11: Lower supervisory and technical occupations,32,19,13
E01000903,L12: Semi-routine occupations,58,67,-9
E01000903,L13: Routine occupations,44,42,2
E01000903,L14.1 and L14.2: Never worked and long-term unemployed,121,78,43
E01000903,L15: Full-time students,108,127,-19
E01000903,"L4, L5 and L6: Lower managerial, administrative and professional occupations",299,354,-55
E01000903,L7: Intermediate occupations,68,80,-12
E01000903,L8 and L9: Small employers and own account workers,121,122,-1
E01000904,"L1, L2 and L3: Higher managerial, administrative and professional occupations",335,245,90
E01000904,L10 and L11: Lower supervisory and technical occupations,54,66,-12
E01000904,L12: Semi-routine occupations,135,164,-29
E01000904,L13: Routine occupations,158,129,29
E01000904,L14.1 and L14.2: Never worked and long-term unemployed,226,158,68
E01000904,L15: Full-time students,244,215,29
E01000904,"L4, L5 and L6: Lower managerial, administrative and professional occupations",331,380,-49
E01000904,L7: Intermediate occupations,126,155,-29
E01000904,L8 and L9: Small employers and own account workers,159,128,31
E01000905,"L1, L2 and L3: Higher managerial, administrative and professional occupations",154,103,51
E01000905,L10 and L11: Lower supervisory and technical occupations,65,76,-11
E01000905,L12: Semi-routine occupations,169,205,-36
E01000905,L13: Routine occupations,148,137,11
E01000905,L14.1 and L14.2: Never worked and long-term unemployed,243,217,26
E01000905,L15: Full-time students,230,196,34
E01000905,"L4, L5 and L6: Lower managerial, administrative and professional occupations",235,219,16
E01000905,L7: Intermediate occupations,124,144,-20
E01000905,L8 and L9: Small employers and own account workers,134,95,39
E01000906,"L1, L2 and L3: Higher managerial, administrative and professional occupations",447,334,113
E01000906,L10 and L11: Lower supervisory and technical occupations,11,32,-21
E01000906,L12: Semi-routine occupations,41,54,-13
E01000906,L13: Routine occupations,37,30,7
E01000906,L14.1 and L14.2: Never worked and long-term unemployed,76,48,28
E01000906,L15: Full-time students,100,109,-9
E01000906,"L4, L5 and L6: Lower managerial, administrative and professional occupations",323,452,-129
E01000906,L7: Intermediate occupations,89,80,9
E01000906,L8 and L9: Small employers and own account workers,129,107,22
E01000907,"L1, L2 and L3: Higher managerial, administrative and professional occupations",199,152,47
E01000907,L10 and L11: Lower supervisory and technical occupations,33,35,-2
E01000907,L12: Semi-routine occupations,127,103,24
E01000907,L13: Routine occupations,112,77,35
E01000907,L14.1 and L14.2: Never worked and long-term unemployed,147,111,36
E01000907,L15: Full-time students,103,103,0
E01000907,"L4, L5 and L6: Lower managerial, administrative and professional occupations",279,287,-8
E01000907,L7: Intermediate occupations,95,107,-12
E01000907,L8 and L9: Small employers and own account workers,98,87,11
E01000908,"L1, L2 and L3: Higher managerial, administrative and professional occupations",243,164,79
E01000908,L10 and L11: Lower supervisory and technical occupations,42,39,3
E01000908,L12: Semi-routine occupations,107,119,-12
E01000908,L13: Routine occupations,92,74,18
E01000908,L14.1 and L14.2: Never worked and long-term unemployed,147,100,47
E01000908,L15: Full-time students,113,79,34
E01000908,"L4, L5 and L6: Lower managerial, administrative and professional occupations",325,374,-49
E01000908,L7: Intermediate occupations,107,118,-11
E01000908,L8 and L9: Small employers and own account workers,131,117,14
E01000909,"L1, L2 and L3: Higher managerial, administrative and professional occupations",418,298,120
E01000909,L10 and L11: Lower supervisory and technical occupations,18,30,-12
E01000909,L12: Semi-routine occupations,52,78,-26
E01000909,L13: Routine occupations,45,33,12
E01000909,L14.1 and L14.2: Never worked and long-term unemployed,73,61,12
E01000909,L15: Full-time students,96,100,-4
E01000909,"L4, L5 and L6: Lower managerial, administrative and professional occupations",384,438,-54
E01000909,L7: Intermediate occupations,78,100,-22
E01000909,L8 and L9: Small employers and own account workers,143,115,28
E01000910,"L1, L2 and L3: Higher managerial, administrative and professional occupations",372,286,86
E01000910,L10 and L11: Lower supervisory and technical occupations,19,20,-1
E01000910,L12: Semi-routine occupations,31,51,-20
E01000910,L13: Routine occupations,42,26,16
E01000910,L14.1 and L14.2: Never worked and long-term unemployed,43,42,1
E01000910,L15: Full-time students,91,97,-6
E01000910,"L4, L5 and L6: Lower managerial, administrative and professional occupations",331,426,-95
E01000910,L7: Intermediate occupations,61,81,-20
E01000910,L8 and L9: Small employers and own account workers,127,104,23
E01000911,"L1, L2 and L3: Higher managerial, administrative and professional occupations",283,225,58
E01000911,L10 and L11: Lower supervisory and technical occupations,23,40,-17
E01000911,L12: Semi-routine occupations,85,94,-9
E01000911,L13: Routine occupations,67,52,15
E01000911,L14.1 and L14.2: Never worked and long-term unemployed,119,81,38
E01000911,L15: Full-time students,128,96,32
E01000911,"L4, L5 and L6: Lower managerial, administrative and professional occupations",279,338,-59
E01000911,L7: Intermediate occupations,91,99,-8
E01000911,L8 and L9: Small employers and own account workers,119,108,11
E01000912,"L1, L2 and L3: Higher managerial, administrative and professional occupations",244,175,69
E01000912,L10 and L11: Lower supervisory and technical occupations,48,44,4
E01000912,L12: Semi-routine occupations,123,131,-8
E01000912,L13: Routine occupations,90,67,23
E01000912,L14.1 and L14.2: Never worked and long-term unemployed,162,113,49
E01000912,L15: Full-time students,116,153,-37
E01000912,"L4, L5 and L6: Lower managerial, administrative and professional occupations",304,344,-40
E01000912,L7: Intermediate occupations,127,116,11
E01000912,L8 and L9: Small employers and own account workers,130,92,38
E01000913,"L1, L2 and L3: Higher managerial, administrative and professional occupations",514,385,129
E01000913,L10 and L11: Lower supervisory and technical occupations,17,27,-10
E01000913,L12: Semi-routine occupations,32,40,-8
E01000913,L13: Routine occupations,30,20,10
E01000913,L14.1 and L14.2: Never worked and long-term unemployed,86,29,57
E01000913,L15: Full-time students,105,93,12
E01000913,"L4, L5 and L6: Lower managerial, administrative and professional occupations",357,472,-115
E01000913,L7: Intermediate occupations,69,76,-7
E01000913,L8 and L9: Small employers and own account workers,179,144,35
E01000914,"L1, L2 and L3: Higher managerial, administrative and professional occupations",330,356,-26
E01000914,L10 and L11: Lower supervisory and technical occupations,21,44,-23
E01000914,L12: Semi-routine occupations,59,87,-28
E01000914,L13: Routine occupations,66,56,10
E01000914,L14.1 and L14.2: Never worked and long-term unemployed,88,70,18
E01000914,L15: Full-time students,324,348,-24
E01000914,"L4, L5 and L6: Lower managerial, administrative and professional occupations",223,364,-141
E01000914,L7: Intermediate occupations,81,87,-6
E01000914,L8 and L9: Small employers and own account workers,115,112,3
E01000915,"L1, L2 and L3: Higher managerial, administrative and professional occupations",211,157,54
E01000915,L10 and L11: Lower supervisory and technical occupations,47,94,-47
E01000915,L12: Semi-routine occupations,113,146,-33
E01000915,L13: Routine occupations,78,70,8
E01000915,L14.1 and L14.2: Never worked and long-term unemployed,178,142,36
E01000915,L15: Full-time students,228,140,88
E01000915,"L4, L5 and L6: Lower managerial, administrative and professional occupations",178,224,-46
E01000915,L7: Intermediate occupations,93,98,-5
E01000915,L8 and L9: Small employers and own account workers,124,87,37
E01000916,"L1, L2 and L3: Higher managerial, administrative and professional occupations",420,354,66
E01000916,L10 and L11: Lower supervisory and technical occupations,33,51,-18
E01000916,L12: Semi-routine occupations,121,109,12
E01000916,L13: Routine occupations,88,57,31
E01000916,L14.1 and L14.2: Never worked and long-term unemployed,156,89,67
E01000916,L15: Full-time students,276,257,19
E01000916,"L4, L5 and L6: Lower managerial, administrative and professional occupations",323,374,-51
E01000916,L7: Intermediate occupations,127,99,28
E01000916,L8 and L9: Small employers and own account workers,120,102,18
E01000917,"L1, L2 and L3: Higher managerial, administrative and professional occupations",175,116,59
E01000917,L10 and L11: Lower supervisory and technical occupations,41,94,-53
E01000917,L12: Semi-routine occupations,141,169,-28
E01000917,L13: Routine occupations,133,112,21
E01000917,L14.1 and L14.2: Never worked and long-term unemployed,256,196,60
E01000917,L15: Full-time students,157,195,-38
E01000917,"L4, L5 and L6: Lower managerial, administrative and professional occupations",230,292,-62
E01000917,L7: Intermediate occupations,100,136,-36
E01000917,L8 and L9: Small employers and own account workers,119,105,14
E01000918,"L1, L2 and L3: Higher managerial, administrative and professional occupations",275,283,-8
E01000918,L10 and L11: Lower supervisory and technical occupations,44,75,-31
E01000918,L12: Semi-routine occupations,93,163,-70
E01000918,L13: Routine occupations,95,84,11
E01000918,L14.1 and L14.2: Never worked and long-term unemployed,135,136,-1
E01000918,L15: Full-time students,495,387,108
E01000918,"L4, L5 and L6: Lower managerial, administrative and professional occupations",305,395,-90
E01000918,L7: Intermediate occupations,85,154,-69
E01000918,L8 and L9: Small employers and own account workers,132,123,9
E01000919,"L1, L2 and L3: Higher managerial, administrative and professional occupations",246,258,-12
E01000919,L10 and L11: Lower supervisory and technical occupations,40,90,-50
E01000919,L12: Semi-routine occupations,85,150,-65
E01000919,L13: Routine occupations,69,54,15
E01000919,L14.1 and L14.2: Never worked and long-term unemployed,126,108,18
E01000919,L15: Full-time students,323,532,-209
E01000919,"L4, L5 and L6: Lower managerial, administrative and professional occupations",243,395,-152
E01000919,L7: Intermediate occupations,76,103,-27
E01000919,L8 and L9: Small employers and own account workers,112,107,5
E01000920,"L1, L2 and L3: Higher managerial, administrative and professional occupations",353,366,-13
E01000920,L10 and L11: Lower supervisory and technical occupations,36,51,-15
E01000920,L12: Semi-routine occupations,98,98,0
E01000920,L13: Routine occupations,79,51,28
E01000920,L14.1 and L14.2: Never worked and long-term unemployed,136,107,29
E01000920,L15: Full-time students,209,238,-29
E01000920,"L4, L5 and L6: Lower managerial, administrative and professional occupations",331,434,-103
E01000920,L7: Intermediate occupations,86,118,-32
E01000920,L8 and L9: Small employers and own account workers,136,156,-20
E01000921,"L1, L2 and L3: Higher managerial, administrative and professional occupations",420,297,123
E01000921,L10 and L11: Lower supervisory and technical occupations,56,64,-8
E01000921,L12: Semi-routine occupations,88,111,-23
E01000921,L13: Routine occupations,99,57,42
E01000921,L14.1 and L14.2: Never worked and long-term unemployed,93,98,-5
E01000921,L15: Full-time students,133,157,-24
E01000921,"L4, L5 and L6: Lower managerial, administrative and professional occupations",462,573,-111
E01000921,L7: Intermediate occupations,122,184,-62
E01000921,L8 and L9: Small employers and own account workers,156,121,35
E01000922,"L1, L2 and L3: Higher managerial, administrative and professional occupations",308,163,145
E01000922,L10 and L11: Lower supervisory and technical occupations,33,34,-1
E01000922,L12: Semi-routine occupations,111,102,9
E01000922,L13: Routine occupations,67,64,3
E01000922,L14.1 and L14.2: Never worked and long-term unemployed,226,92,134
E01000922,L15: Full-time students,383,283,100
E01000922,"L4, L5 and L6: Lower managerial, administrative and professional occupations",311,332,-21
E01000922,L7: Intermediate occupations,93,109,-16
E01000922,L8 and L9: Small employers and own account workers,126,81,45
E01000923,"L1, L2 and L3: Higher managerial, administrative and professional occupations",364,252,112
E01000923,L10 and L11: Lower supervisory and technical occupations,29,26,3
E01000923,L12: Semi-routine occupations,77,93,-16
E01000923,L13: Routine occupations,66,47,19
E01000923,L14.1 and L14.2: Never worked and long-term unemployed,102,84,18
E01000923,L15: Full-time students,87,120,-33
E01000923,"L4, L5 and L6: Lower managerial, administrative and professional occupations",323,369,-46
E01000923,L7: Intermediate occupations,84,105,-21
E01000923,L8 and L9: Small employers and own account workers,108,83,25
E01000924,"L1, L2 and L3: Higher managerial, administrative and professional occupations",382,313,69
E01000924,L10 and L11: Lower supervisory and technical occupations,22,32,-10
E01000924,L12: Semi-routine occupations,58,82,-24
E01000924,L13: Routine occupations,47,63,-16
E01000924,L14.1 and L14.2: Never worked and long-term unemployed,99,77,22
E01000924,L15: Full-time students,168,136,32
E01000924,"L4, L5 and L6: Lower managerial, administrative and professional occupations",369,439,-70
E01000924,L7: Intermediate occupations,106,125,-19
E01000924,L8 and L9: Small employers and own account workers,116,115,1
E01000925,"L1, L2 and L3: Higher managerial, administrative and professional occupations",153,107,46
E01000925,L10 and L11: Lower supervisory and technical occupations,43,57,-14
E01000925,L12: Semi-routine occupations,135,129,6
E01000925,L13: Routine occupations,111,103,8
E01000925,L14.1 and L14.2: Never worked and long-term unemployed,170,157,13
E01000925,L15: Full-time students,183,160,23
E01000925,"L4, L5 and L6: Lower managerial, administrative and professional occupations",185,198,-13
E01000925,L7: Intermediate occupations,99,96,3
E01000925,L8 and L9: Small employers and own account workers,93,77,16
E01000926,"L1, L2 and L3: Higher managerial, administrative and professional occupations",257,309,-52
E01000926,L10 and L11: Lower supervisory and technical occupations,29,28,1
E01000926,L12: Semi-routine occupations,90,91,-1
E01000926,L13: Routine occupations,85,74,11
E01000926,L14.1 and L14.2: Never worked and long-term unemployed,113,101,12
E01000926,L15: Full-time students,192,170,22
E01000926,"L4, L5 and L6: Lower managerial, administrative and professional occupations",262,463,-201
E01000926,L7: Intermediate occupations,101,173,-72
E01000926,L8 and L9: Small employers and own account workers,102,81,21
E01000927,"L1, L2 and L3: Higher managerial, administrative and professional occupations",336,271,65
E01000927,L10 and L11: Lower supervisory and technical occupations,32,48,-16
E01000927,L12: Semi-routine occupations,73,100,-27
E01000927,L13: Routine occupations,60,62,-2
E01000927,L14.1 and L14.2: Never worked and long-term unemployed,116,80,36
E01000927,L15: Full-time students,149,143,6
E01000927,"L4, L5 and L6: Lower managerial, administrative and professional occupations",347,470,-123
E01000927,L7: Intermediate occupations,71,104,-33
E01000927,L8 and L9: Small employers and own account workers,141,141,0
E01000928,"L1, L2 and L3: Higher managerial, administrative and professional occupations",377,240,137
E01000928,L10 and L11: Lower supervisory and technical occupations,42,48,-6
E01000928,L12: Semi-routine occupations,92,107,-15
E01000928,L13: Routine occupations,72,69,3
E01000928,L14.1 and L14.2: Never worked and long-term unemployed,117,91,26
E01000928,L15: Full-time students,111,110,1
E01000928,"L4, L5 and L6: Lower managerial, administrative and professional occupations",385,405,-20
E01000928,L7: Intermediate occupations,95,95,0
E01000928,L8 and L9: Small employers and own account workers,146,99,47
E01000929,"L1, L2 and L3: Higher managerial, administrative and professional occupations",185,117,68
E01000929,L10 and L11: Lower supervisory and technical occupations,48,47,1
E01000929,L12: Semi-routine occupations,169,150,19
E01000929,L13: Routine occupations,126,117,9
E01000929,L14.1 and L14.2: Never worked and long-term unemployed,258,172,86
E01000929,L15: Full-time students,227,131,96
E01000929,"L4, L5 and L6: Lower managerial, administrative and professional occupations",209,238,-29
E01000929,L7: Intermediate occupations,123,100,23
E01000929,L8 and L9: Small employers and own account workers,152,116,36
E01000930,"L1, L2 and L3: Higher managerial, administrative and professional occupations",234,168,66
E01000930,L10 and L11: Lower supervisory and technical occupations,65,57,8
E01000930,L12: Semi-routine occupations,171,147,24
E01000930,L13: Routine occupations,177,145,32
E01000930,L14.1 and L14.2: Never worked and long-term unemployed,324,164,160
E01000930,L15: Full-time students,166,164,2
E01000930,"L4, L5 and L6: Lower managerial, administrative and professional occupations",306,339,-33
E01000930,L7: Intermediate occupations,135,114,21
E01000930,L8 and L9: Small employers and own account workers,149,117,32
E01000931,"L1, L2 and L3: Higher managerial, administrative and professional occupations",259,211,48
E01000931,L10 and L11: Lower supervisory and technical occupations,72,80,-8
E01000931,L12: Semi-routine occupations,173,166,7
E01000931,L13: Routine occupations,185,143,42
E01000931,L14.1 and L14.2: Never worked and long-term unemployed,289,189,100
E01000931,L15: Full-time students,156,159,-3
E01000931,"L4, L5 and L6: Lower managerial, administrative and professional occupations",288,319,-31
E01000931,L7: Intermediate occupations,103,131,-28
E01000931,L8 and L9: Small employers and own account workers,153,96,57
E01000932,"L1, L2 and L3: Higher managerial, administrative and professional occupations",477,430,47
E01000932,L10 and L11: Lower supervisory and technical occupations,44,52,-8
E01000932,L12: Semi-routine occupations,98,121,-23
E01000932,L13: Routine occupations,87,63,24
E01000932,L14.1 and L14.2: Never worked and long-term unemployed,122,80,42
E01000932,L15: Full-time students,155,102,53
E01000932,"L4, L5 and L6: Lower managerial, administrative and professional occupations",358,529,-171
E01000932,L7: Intermediate occupations,113,127,-14
E01000932,L8 and L9: Small employers and own account workers,125,101,24
E01000933,"L1, L2 and L3: Higher managerial, administrative and professional occupations",404,324,80
E01000933,L10 and L11: Lower supervisory and technical occupations,44,47,-3
E01000933,L12: Semi-routine occupations,83,92,-9
E01000933,L13: Routine occupations,98,66,32
E01000933,L14.1 and L14.2: Never worked and long-term unemployed,150,79,71
E01000933,L15: Full-time students,145,116,29
E01000933,"L4, L5 and L6: Lower managerial, administrative and professional occupations",337,444,-107
E01000933,L7: Intermediate occupations,100,141,-41
E01000933,L8 and L9: Small employers and own account workers,152,105,47
E01000934,"L1, L2 and L3: Higher managerial, administrative and professional occupations",171,132,39
E01000934,L10 and L11: Lower supervisory and technical occupations,50,56,-6
E01000934,L12: Semi-routine occupations,119,158,-39
E01000934,L13: Routine occupations,114,86,28
E01000934,L14.1 and L14.2: Never worked and long-term unemployed,213,149,64
E01000934,L15: Full-time students,147,163,-16
E01000934,"L4, L5 and L6: Lower managerial, administrative and professional occupations",207,225,-18
E01000934,L7: Intermediate occupations,114,123,-9
E01000934,L8 and L9: Small employers and own account workers,124,86,38
E01000935,"L1, L2 and L3: Higher managerial, administrative and professional occupations",168,97,71
E01000935,L10 and L11: Lower supervisory and technical occupations,60,48,12
E01000935,L12: Semi-routine occupations,161,134,27
E01000935,L13: Routine occupations,115,92,23
E01000935,L14.1 and L14.2: Never worked and long-term unemployed,176,136,40
E01000935,L15: Full-time students,139,110,29
E01000935,"L4, L5 and L6: Lower managerial, administrative and professional occupations",220,218,2
E01000935,L7: Intermediate occupations,98,102,-4
E01000935,L8 and L9: Small employers and own account workers,134,63,71
E01000937,"L1, L2 and L3: Higher managerial, administrative and professional occupations",146,148,-2
E01000937,L10 and L11: Lower supervisory and technical occupations,7,22,-15
E01000937,L12: Semi-routine occupations,32,46,-14
E01000937,L13: Routine occupations,37,37,0
E01000937,L14.1 and L14.2: Never worked and long-term unemployed,56,65,-9
E01000937,L15: Full-time students,540,730,-190
E01000937,"L4, L5 and L6: Lower managerial, administrative and professional occupations",131,148,-17
E01000937,L7: Intermediate occupations,48,60,-12
E01000937,L8 and L9: Small employers and own account workers,47,66,-19
E01000938,"L1, L2 and L3: Higher managerial, administrative and professional occupations",186,142,44
E01000938,L10 and L11: Lower supervisory and technical occupations,57,61,-4
E01000938,L12: Semi-routine occupations,99,88,11
E01000938,L13: Routine occupations,79,69,10
E01000938,L14.1 and L14.2: Never worked and long-term unemployed,160,138,22
E01000938,L15: Full-time students,252,382,-130
E01000938,"L4, L5 and L6: Lower managerial, administrative and professional occupations",192,262,-70
E01000938,L7: Intermediate occupations,72,125,-53
E01000938,L8 and L9: Small employers and own account workers,93,87,6
E01000939,"L1, L2 and L3: Higher managerial, administrative and professional occupations",109,58,51
E01000939,L10 and L11: Lower supervisory and technical occupations,54,49,5
E01000939,L12: Semi-routine occupations,97,92,5
E01000939,L13: Routine occupations,98,68,30
E01000939,L14.1 and L14.2: Never worked and long-term unemployed,228,168,60
E01000939,L15: Full-time students,339,240,99
E01000939,"L4, L5 and L6: Lower managerial, administrative and professional occupations",134,127,7
E01000939,L7: Intermediate occupations,79,58,21
E01000939,L8 and L9: Small employers and own account workers,94,37,57
E01000941,"L1, L2 and L3: Higher managerial, administrative and professional occupations",106,85,21
E01000941,L10 and L11: Lower supervisory and technical occupations,39,65,-26
E01000941,L12: Semi-routine occupations,113,117,-4
E01000941,L13: Routine occupations,92,98,-6
E01000941,L14.1 and L14.2: Never worked and long-term unemployed,167,142,25
E01000941,L15: Full-time students,131,134,-3
E01000941,"L4, L5 and L6: Lower managerial, administrative and professional occupations",164,144,20
E01000941,L7: Intermediate occupations,72,77,-5
E01000941,L8 and L9: Small employers and own account workers,97,71,26
E01000942,"L1, L2 and L3: Higher managerial, administrative and professional occupations",190,208,-18
E01000942,L10 and L11: Lower supervisory and technical occupations,30,37,-7
E01000942,L12: Semi-routine occupations,49,58,-9
E01000942,L13: Routine occupations,37,38,-1
E01000942,L14.1 and L14.2: Never worked and long-term unemployed,59,58,1
E01000942,L15: Full-time students,351,1235,-884
E01000942,"L4, L5 and L6: Lower managerial, administrative and professional occupations",145,205,-60
E01000942,L7: Intermediate occupations,47,72,-25
E01000942,L8 and L9: Small employers and own account workers,49,46,3
E01000943,"L1, L2 and L3: Higher managerial, administrative and professional occupations",154,168,-14
E01000943,L10 and L11: Lower supervisory and technical occupations,27,23,4
E01000943,L12: Semi-routine occupations,29,45,-16
E01000943,L13: Routine occupations,43,16,27
E01000943,L14.1 and L14.2: Never worked and long-term unemployed,76,64,12
E01000943,L15: Full-time students,957,300,657
E01000943,"L4, L5 and L6: Lower managerial, administrative and professional occupations",138,207,-69
E01000943,L7: Intermediate occupations,46,52,-6
E01000943,L8 and L9: Small employers and own account workers,68,48,20
E01000944,"L1, L2 and L3: Higher managerial, administrative and professional occupations",105,113,-8
E01000944,L10 and L11: Lower supervisory and technical occupations,46,54,-8
E01000944,L12: Semi-routine occupations,106,124,-18
E01000944,L13: Routine occupations,113,81,32
E01000944,L14.1 and L14.2: Never worked and long-term unemployed,210,154,56
E01000944,L15: Full-time students,275,698,-423
E01000944,"L4, L5 and L6: Lower managerial, administrative and professional occupations",188,182,6
E01000944,L7: Intermediate occupations,89,86,3
E01000944,L8 and L9: Small employers and own account workers,102,60,42
E01000946,"L1, L2 and L3: Higher managerial, administrative and professional occupations",309,221,88
E01000946,L10 and L11: Lower supervisory and technical occupations,26,40,-14
E01000946,L12: Semi-routine occupations,78,68,10
E01000946,L13: Routine occupations,62,54,8
E01000946,L14.1 and L14.2: Never worked and long-term unemployed,146,82,64
E01000946,L15: Full-time students,201,202,-1
E01000946,"L4, L5 and L6: Lower managerial, administrative and professional occupations",253,354,-101
E01000946,L7: Intermediate occupations,93,93,0
E01000946,L8 and L9: Small employers and own account workers,131,85,46
E01000947,"L1, L2 and L3: Higher managerial, administrative and professional occupations",304,334,-30
E01000947,L10 and L11: Lower supervisory and technical occupations,44,63,-19
E01000947,L12: Semi-routine occupations,77,106,-29
E01000947,L13: Routine occupations,86,86,0
E01000947,L14.1 and L14.2: Never worked and long-term unemployed,144,146,-2
E01000947,L15: Full-time students,387,397,-10
E01000947,"L4, L5 and L6: Lower managerial, administrative and professional occupations",254,352,-98
E01000947,L7: Intermediate occupations,84,106,-22
E01000947,L8 and L9: Small employers and own account workers,119,125,-6
E01000948,"L1, L2 and L3: Higher managerial, administrative and professional occupations",295,261,34
E01000948,L10 and L11: Lower supervisory and technical occupations,30,45,-15
E01000948,L12: Semi-routine occupations,78,129,-51
E01000948,L13: Routine occupations,79,77,2
E01000948,L14.1 and L14.2: Never worked and long-term unemployed,122,79,43
E01000948,L15: Full-time students,178,168,10
E01000948,"L4, L5 and L6: Lower managerial, administrative and professional occupations",299,372,-73
E01000948,L7: Intermediate occupations,84,110,-26
E01000948,L8 and L9: Small employers and own account workers,138,139,-1
E01000949,"L1, L2 and L3: Higher managerial, administrative and professional occupations",149,99,50
E01000949,L10 and L11: Lower supervisory and technical occupations,51,80,-29
E01000949,L12: Semi-routine occupations,116,124,-8
E01000949,L13: Routine occupations,91,73,18
E01000949,L14.1 and L14.2: Never worked and long-term unemployed,158,120,38
E01000949,L15: Full-time students,170,173,-3
E01000949,"L4, L5 and L6: Lower managerial, administrative and professional occupations",337,307,30
E01000949,L7: Intermediate occupations,150,160,-10
E01000949,L8 and L9: Small employers and own account workers,84,65,19
E01000951,"L1, L2 and L3: Higher managerial, administrative and professional occupations",91,61,30
E01000951,L10 and L11: Lower supervisory and technical occupations,58,64,-6
E01000951,L12: Semi-routine occupations,126,117,9
E01000951,L13: Routine occupations,96,94,2
E01000951,L14.1 and L14.2: Never worked and long-term unemployed,214,157,57
E01000951,L15: Full-time students,248,303,-55
E01000951,"L4, L5 and L6: Lower managerial, administrative and professional occupations",181,144,37
E01000951,L7: Intermediate occupations,101,93,8
E01000951,L8 and L9: Small employers and own account workers,90,73,17
E01000952,"L1, L2 and L3: Higher managerial, administrative and professional occupations",126,100,26
E01000952,L10 and L11: Lower supervisory and technical occupations,56,57,-1
E01000952,L12: Semi-routine occupations,165,165,0
E01000952,L13: Routine occupations,133,103,30
E01000952,L14.1 and L14.2: Never worked and long-term unemployed,192,160,32
E01000952,L15: Full-time students,327,336,-9
E01000952,"L4, L5 and L6: Lower managerial, administrative and professional occupations",218,212,6
E01000952,L7: Intermediate occupations,101,105,-4
E01000952,L8 and L9: Small employers and own account workers,97,80,17
E01000954,"L1, L2 and L3: Higher managerial, administrative and professional occupations",73,55,18
E01000954,L10 and L11: Lower supervisory and technical occupations,56,71,-15
E01000954,L12: Semi-routine occupations,148,160,-12
E01000954,L13: Routine occupations,145,115,30
E01000954,L14.1 and L14.2: Never worked and long-term unemployed,216,203,13
E01000954,L15: Full-time students,284,189,95
E01000954,"L4, L5 and L6: Lower managerial, administrative and professional occupations",173,142,31
E01000954,L7: Intermediate occupations,97,94,3
E01000954,L8 and L9: Small employers and own account workers,117,68,49
E01000955,"L1, L2 and L3: Higher managerial, administrative and professional occupations",106,43,63
E01000955,L10 and L11: Lower supervisory and technical occupations,37,59,-22
E01000955,L12: Semi-routine occupations,140,154,-14
E01000955,L13: Routine occupations,109,103,6
E01000955,L14.1 and L14.2: Never worked and long-term unemployed,181,141,40
E01000955,L15: Full-time students,221,299,-78
E01000955,"L4, L5 and L6: Lower managerial, administrative and professional occupations",124,153,-29
E01000955,L7: Intermediate occupations,91,124,-33
E01000955,L8 and L9: Small employers and own account workers,81,65,16
E01000956,"L1, L2 and L3: Higher managerial, administrative and professional occupations",145,107,38
E01000956,L10 and L11: Lower supervisory and technical occupations,44,69,-25
E01000956,L12: Semi-routine occupations,120,92,28
E01000956,L13: Routine occupations,94,87,7
E01000956,L14.1 and L14.2: Never worked and long-term unemployed,206,160,46
E01000956,L15: Full-time students,267,295,-28
E01000956,"L4, L5 and L6: Lower managerial, administrative and professional occupations",167,176,-9
E01000956,L7: Intermediate occupations,95,98,-3
E01000956,L8 and L9: Small employers and own account workers,93,66,27
E01000957,"L1, L2 and L3: Higher managerial, administrative and professional occupations",265,199,66
E01000957,L10 and L11: Lower supervisory and technical occupations,33,53,-20
E01000957,L12: Semi-routine occupations,79,117,-38
E01000957,L13: Routine occupations,74,83,-9
E01000957,L14.1 and L14.2: Never worked and long-term unemployed,133,166,-33
E01000957,L15: Full-time students,128,212,-84
E01000957,"L4, L5 and L6: Lower managerial, administrative and professional occupations",272,319,-47
E01000957,L7: Intermediate occupations,88,122,-34
E01000957,L8 and L9: Small employers and own account workers,86,108,-22
E01000958,"L1, L2 and L3: Higher managerial, administrative and professional occupations",328,187,141
E01000958,L10 and L11: Lower supervisory and technical occupations,61,64,-3
E01000958,L12: Semi-routine occupations,167,181,-14
E01000958,L13: Routine occupations,139,109,30
E01000958,L14.1 and L14.2: Never worked and long-term unemployed,237,202,35
E01000958,L15: Full-time students,1019,507,512
E01000958,"L4, L5 and L6: Lower managerial, administrative and professional occupations",317,327,-10
E01000958,L7: Intermediate occupations,141,131,10
E01000958,L8 and L9: Small employers and own account workers,135,112,23
E01000959,"L1, L2 and L3: Higher managerial, administrative and professional occupations",132,73,59
E01000959,L10 and L11: Lower supervisory and technical occupations,55,77,-22
E01000959,L12: Semi-routine occupations,124,172,-48
E01000959,L13: Routine occupations,125,99,26
E01000959,L14.1 and L14.2: Never worked and long-term unemployed,212,152,60
E01000959,L15: Full-time students,348,302,46
E01000959,"L4, L5 and L6: Lower managerial, administrative and professional occupations",198,191,7
E01000959,L7: Intermediate occupations,149,118,31
E01000959,L8 and L9: Small employers and own account workers,94,68,26
E01000960,"L1, L2 and L3: Higher managerial, administrative and professional occupations",493,347,146
E01000960,L10 and L11: Lower supervisory and technical occupations,42,56,-14
E01000960,L12: Semi-routine occupations,69,67,2
E01000960,L13: Routine occupations,66,34,32
E01000960,L14.1 and L14.2: Never worked and long-term unemployed,124,107,17
E01000960,L15: Full-time students,168,143,25
E01000960,"L4, L5 and L6: Lower managerial, administrative and professional occupations",374,390,-16
E01000960,L7: Intermediate occupations,101,125,-24
E01000960,L8 and L9: Small employers and own account workers,127,111,16
E01000961,"L1, L2 and L3: Higher managerial, administrative and professional occupations",283,155,128
E01000961,L10 and L11: Lower supervisory and technical occupations,52,48,4
E01000961,L12: Semi-routine occupations,117,98,19
E01000961,L13: Routine occupations,97,63,34
E01000961,L14.1 and L14.2: Never worked and long-term unemployed,211,150,61
E01000961,L15: Full-time students,171,158,13
E01000961,"L4, L5 and L6: Lower managerial, administrative and professional occupations",270,269,1
E01000961,L7: Intermediate occupations,116,94,22
E01000961,L8 and L9: Small employers and own account workers,124,88,36
E01000962,"L1, L2 and L3: Higher managerial, administrative and professional occupations",562,444,118
E01000962,L10 and L11: Lower supervisory and technical occupations,16,24,-8
E01000962,L12: Semi-routine occupations,34,49,-15
E01000962,L13: Routine occupations,32,30,2
E01000962,L14.1 and L14.2: Never worked and long-term unemployed,48,44,4
E01000962,L15: Full-time students,109,87,22
E01000962,"L4, L5 and L6: Lower managerial, administrative and professional occupations",358,455,-97
E01000962,L7: Intermediate occupations,87,107,-20
E01000962,L8 and L9: Small employers and own account workers,96,90,6
E01000963,"L1, L2 and L3: Higher managerial, administrative and professional occupations",493,342,151
E01000963,L10 and L11: Lower supervisory and technical occupations,22,35,-13
E01000963,L12: Semi-routine occupations,65,55,10
E01000963,L13: Routine occupations,45,35,10
E01000963,L14.1 and L14.2: Never worked and long-term unemployed,215,141,74
E01000963,L15: Full-time students,185,186,-1
E01000963,"L4, L5 and L6: Lower managerial, administrative and professional occupations",273,414,-141
E01000963,L7: Intermediate occupations,104,116,-12
E01000963,L8 and L9: Small employers and own account workers,142,92,50
E01000964,"L1, L2 and L3: Higher managerial, administrative and professional occupations",427,316,111
E01000964,L10 and L11: Lower supervisory and technical occupations,22,33,-11
E01000964,L12: Semi-routine occupations,87,79,8
E01000964,L13: Routine occupations,60,27,33
E01000964,L14.1 and L14.2: Never worked and long-term unemployed,138,88,50
E01000964,L15: Full-time students,127,113,14
E01000964,"L4, L5 and L6: Lower managerial, administrative and professional occupations",358,370,-12
E01000964,L7: Intermediate occupations,98,112,-14
E01000964,L8 and L9: Small employers and own account workers,135,82,53
E01000965,"L1, L2 and L3: Higher managerial, administrative and professional occupations",485,365,120
E01000965,L10 and L11: Lower supervisory and technical occupations,29,27,2
E01000965,L12: Semi-routine occupations,81,70,11
E01000965,L13: Routine occupations,74,49,25
E01000965,L14.1 and L14.2: Never worked and long-term unemployed,121,61,60
E01000965,L15: Full-time students,114,114,0
E01000965,"L4, L5 and L6: Lower managerial, administrative and professional occupations",332,389,-57
E01000965,L7: Intermediate occupations,86,105,-19
E01000965,L8 and L9: Small employers and own account workers,111,63,48
E01000966,"L1, L2 and L3: Higher managerial, administrative and professional occupations",599,414,185
E01000966,L10 and L11: Lower supervisory and technical occupations,17,13,4
E01000966,L12: Semi-routine occupations,37,35,2
E01000966,L13: Routine occupations,20,28,-8
E01000966,L14.1 and L14.2: Never worked and long-term unemployed,50,30,20
E01000966,L15: Full-time students,101,82,19
E01000966,"L4, L5 and L6: Lower managerial, administrative and professional occupations",333,461,-128
E01000966,L7: Intermediate occupations,79,80,-1
E01000966,L8 and L9: Small employers and own account workers,104,94,10
E01000967,"L1, L2 and L3: Higher managerial, administrative and professional occupations",400,272,128
E01000967,L10 and L11: Lower supervisory and technical occupations,25,27,-2
E01000967,L12: Semi-routine occupations,60,53,7
E01000967,L13: Routine occupations,38,44,-6
E01000967,L14.1 and L14.2: Never worked and long-term unemployed,115,74,41
E01000967,L15: Full-time students,123,82,41
E01000967,"L4, L5 and L6: Lower managerial, administrative and professional occupations",258,307,-49
E01000967,L7: Intermediate occupations,66,68,-2
E01000967,L8 and L9: Small employers and own account workers,149,104,45
E01000968,"L1, L2 and L3: Higher managerial, administrative and professional occupations",454,381,73
E01000968,L10 and L11: Lower supervisory and technical occupations,27,32,-5
E01000968,L12: Semi-routine occupations,57,80,-23
E01000968,L13: Routine occupations,56,45,11
E01000968,L14.1 and L14.2: Never worked and long-term unemployed,80,70,10
E01000968,L15: Full-time students,75,74,1
E01000968,"L4, L5 and L6: Lower managerial, administrative and professional occupations",358,397,-39
E01000968,L7: Intermediate occupations,100,111,-11
E01000968,L8 and L9: Small employers and own account workers,87,85,2
E01000969,"L1, L2 and L3: Higher managerial, administrative and professional occupations",608,564,44
E01000969,L10 and L11: Lower supervisory and technical occupations,29,56,-27
E01000969,L12: Semi-routine occupations,49,62,-13
E01000969,L13: Routine occupations,45,34,11
E01000969,L14.1 and L14.2: Never worked and long-term unemployed,70,57,13
E01000969,L15: Full-time students,146,120,26
E01000969,"L4, L5 and L6: Lower managerial, administrative and professional occupations",430,557,-127
E01000969,L7: Intermediate occupations,90,127,-37
E01000969,L8 and L9: Small employers and own account workers,147,143,4
E01000970,"L1, L2 and L3: Higher managerial, administrative and professional occupations",502,418,84
E01000970,L10 and L11: Lower supervisory and technical occupations,18,37,-19
E01000970,L12: Semi-routine occupations,47,50,-3
E01000970,L13: Routine occupations,41,36,5
E01000970,L14.1 and L14.2: Never worked and long-term unemployed,78,41,37
E01000970,L15: Full-time students,58,74,-16
E01000970,"L4, L5 and L6: Lower managerial, administrative and professional occupations",357,467,-110
E01000970,L7: Intermediate occupations,88,129,-41
E01000970,L8 and L9: Small employers and own account workers,88,79,9
E01000971,"L1, L2 and L3: Higher managerial, administrative and professional occupations",421,322,99
E01000971,L10 and L11: Lower supervisory and technical occupations,21,30,-9
E01000971,L12: Semi-routine occupations,58,70,-12
E01000971,L13: Routine occupations,25,42,-17
E01000971,L14.1 and L14.2: Never worked and long-term unemployed,57,47,10
E01000971,L15: Full-time students,72,84,-12
E01000971,"L4, L5 and L6: Lower managerial, administrative and professional occupations",257,427,-170
E01000971,L7: Intermediate occupations,64,73,-9
E01000971,L8 and L9: Small employers and own account workers,107,82,25
E01000972,"L1, L2 and L3: Higher managerial, administrative and professional occupations",298,276,22
E01000972,L10 and L11: Lower supervisory and technical occupations,63,63,0
E01000972,L12: Semi-routine occupations,164,118,46
E01000972,L13: Routine occupations,115,83,32
E01000972,L14.1 and L14.2: Never worked and long-term unemployed,207,158,49
E01000972,L15: Full-time students,204,190,14
E01000972,"L4, L5 and L6: Lower managerial, administrative and professional occupations",353,404,-51
E01000972,L7: Intermediate occupations,128,191,-63
E01000972,L8 and L9: Small employers and own account workers,163,128,35
E01000973,"L1, L2 and L3: Higher managerial, administrative and professional occupations",622,346,276
E01000973,L10 and L11: Lower supervisory and technical occupations,40,49,-9
E01000973,L12: Semi-routine occupations,123,117,6
E01000973,L13: Routine occupations,105,67,38
E01000973,L14.1 and L14.2: Never worked and long-term unemployed,200,116,84
E01000973,L15: Full-time students,374,165,209
E01000973,"L4, L5 and L6: Lower managerial, administrative and professional occupations",469,495,-26
E01000973,L7: Intermediate occupations,127,151,-24
E01000973,L8 and L9: Small employers and own account workers,165,107,58
E01000974,"L1, L2 and L3: Higher managerial, administrative and professional occupations",321,280,41
E01000974,L10 and L11: Lower supervisory and technical occupations,53,64,-11
E01000974,L12: Semi-routine occupations,102,129,-27
E01000974,L13: Routine occupations,101,92,9
E01000974,L14.1 and L14.2: Never worked and long-term unemployed,197,122,75
E01000974,L15: Full-time students,108,176,-68
E01000974,"L4, L5 and L6: Lower managerial, administrative and professional occupations",297,333,-36
E01000974,L7: Intermediate occupations,96,118,-22
E01000974,L8 and L9: Small employers and own account workers,110,100,10
E01000975,"L1, L2 and L3: Higher managerial, administrative and professional occupations",421,232,189
E01000975,L10 and L11: Lower supervisory and technical occupations,78,59,19
E01000975,L12: Semi-routine occupations,145,118,27
E01000975,L13: Routine occupations,143,55,88
E01000975,L14.1 and L14.2: Never worked and long-term unemployed,113,92,21
E01000975,L15: Full-time students,151,109,42
E01000975,"L4, L5 and L6: Lower managerial, administrative and professional occupations",437,330,107
E01000975,L7: Intermediate occupations,196,190,6
E01000975,L8 and L9: Small employers and own account workers,238,102,136
E01000976,"L1, L2 and L3: Higher managerial, administrative and professional occupations",262,171,91
E01000976,L10 and L11: Lower supervisory and technical occupations,82,84,-2
E01000976,L12: Semi-routine occupations,173,173,0
E01000976,L13: Routine occupations,163,107,56
E01000976,L14.1 and L14.2: Never worked and long-term unemployed,154,104,50
E01000976,L15: Full-time students,152,144,8
E01000976,"L4, L5 and L6: Lower managerial, administrative and professional occupations",321,326,-5
E01000976,L7: Intermediate occupations,172,190,-18
E01000976,L8 and L9: Small employers and own account workers,223,153,70
E01000977,"L1, L2 and L3: Higher managerial, administrative and professional occupations",208,192,16
E01000977,L10 and L11: Lower supervisory and technical occupations,81,81,0
E01000977,L12: Semi-routine occupations,152,153,-1
E01000977,L13: Routine occupations,134,101,33
E01000977,L14.1 and L14.2: Never worked and long-term unemployed,227,125,102
E01000977,L15: Full-time students,100,80,20
E01000977,"L4, L5 and L6: Lower managerial, administrative and professional occupations",300,326,-26
E01000977,L7: Intermediate occupations,201,199,2
E01000977,L8 and L9: Small employers and own account workers,209,93,116
E01000978,"L1, L2 and L3: Higher managerial, administrative and professional occupations",248,259,-11
E01000978,L10 and L11: Lower supervisory and technical occupations,69,76,-7
E01000978,L12: Semi-routine occupations,135,136,-1
E01000978,L13: Routine occupations,134,95,39
E01000978,L14.1 and L14.2: Never worked and long-term unemployed,125,89,36
E01000978,L15: Full-time students,109,93,16
E01000978,"L4, L5 and L6: Lower managerial, administrative and professional occupations",299,374,-75
E01000978,L7: Intermediate occupations,161,218,-57
E01000978,L8 and L9: Small employers and own account workers,161,84,77
E01000979,"L1, L2 and L3: Higher managerial, administrative and professional occupations",273,258,15
E01000979,L10 and L11: Lower supervisory and technical occupations,63,79,-16
E01000979,L12: Semi-routine occupations,131,123,8
E01000979,L13: Routine occupations,117,64,53
E01000979,L14.1 and L14.2: Never worked and long-term unemployed,99,50,49
E01000979,L15: Full-time students,86,75,11
E01000979,"L4, L5 and L6: Lower managerial, administrative and professional occupations",341,389,-48
E01000979,L7: Intermediate occupations,157,207,-50
E01000979,L8 and L9: Small employers and own account workers,193,103,90
E01000980,"L1, L2 and L3: Higher managerial, administrative and professional occupations",166,114,52
E01000980,L10 and L11: Lower supervisory and technical occupations,40,50,-10
E01000980,L12: Semi-routine occupations,115,141,-26
E01000980,L13: Routine occupations,95,67,28
E01000980,L14.1 and L14.2: Never worked and long-term unemployed,120,66,54
E01000980,L15: Full-time students,120,98,22
E01000980,"L4, L5 and L6: Lower managerial, administrative and professional occupations",267,251,16
E01000980,L7: Intermediate occupations,138,178,-40
E01000980,L8 and L9: Small employers and own account workers,110,80,30
E01000981,"L1, L2 and L3: Higher managerial, administrative and professional occupations",208,135,73
E01000981,L10 and L11: Lower supervisory and technical occupations,67,72,-5
E01000981,L12: Semi-routine occupations,124,131,-7
E01000981,L13: Routine occupations,138,89,49
E01000981,L14.1 and L14.2: Never worked and long-term unemployed,92,73,19
E01000981,L15: Full-time students,105,95,10
E01000981,"L4, L5 and L6: Lower managerial, administrative and professional occupations",325,299,26
E01000981,L7: Intermediate occupations,151,205,-54
E01000981,L8 and L9: Small employers and own account workers,158,88,70
E01000982,"L1, L2 and L3: Higher managerial, administrative and professional occupations",222,161,61
E01000982,L10 and L11: Lower supervisory and technical occupations,56,66,-10
E01000982,L12: Semi-routine occupations,121,138,-17
E01000982,L13: Routine occupations,107,95,12
E01000982,L14.1 and L14.2: Never worked and long-term unemployed,97,94,3
E01000982,L15: Full-time students,83,97,-14
E01000982,"L4, L5 and L6: Lower managerial, administrative and professional occupations",305,283,22
E01000982,L7: Intermediate occupations,161,186,-25
E01000982,L8 and L9: Small employers and own account workers,150,93,57
E01000983,"L1, L2 and L3: Higher managerial, administrative and professional occupations",256,145,111
E01000983,L10 and L11: Lower supervisory and technical occupations,66,82,-16
E01000983,L12: Semi-routine occupations,136,138,-2
E01000983,L13: Routine occupations,130,83,47
E01000983,L14.1 and L14.2: Never worked and long-term unemployed,82,60,22
E01000983,L15: Full-time students,105,115,-10
E01000983,"L4, L5 and L6: Lower managerial, administrative and professional occupations",355,365,-10
E01000983,L7: Intermediate occupations,207,217,-10
E01000983,L8 and L9: Small employers and own account workers,174,106,68
E01000984,"L1, L2 and L3: Higher managerial, administrative and professional occupations",179,157,22
E01000984,L10 and L11: Lower supervisory and technical occupations,57,57,0
E01000984,L12: Semi-routine occupations,185,139,46
E01000984,L13: Routine occupations,142,108,34
E01000984,L14.1 and L14.2: Never worked and long-term unemployed,187,101,86
E01000984,L15: Full-time students,117,119,-2
E01000984,"L4, L5 and L6: Lower managerial, administrative and professional occupations",297,347,-50
E01000984,L7: Intermediate occupations,159,204,-45
E01000984,L8 and L9: Small employers and own account workers,170,93,77
E01000985,"L1, L2 and L3: Higher managerial, administrative and professional occupations",208,122,86
E01000985,L10 and L11: Lower supervisory and technical occupations,51,70,-19
E01000985,L12: Semi-routine occupations,104,106,-2
E01000985,L13: Routine occupations,65,54,11
E01000985,L14.1 and L14.2: Never worked and long-term unemployed,95,49,46
E01000985,L15: Full-time students,86,95,-9
E01000985,"L4, L5 and L6: Lower managerial, administrative and professional occupations",289,263,26
E01000985,L7: Intermediate occupations,155,184,-29
E01000985,L8 and L9: Small employers and own account workers,153,142,11
E01000986,"L1, L2 and L3: Higher managerial, administrative and professional occupations",304,191,113
E01000986,L10 and L11: Lower supervisory and technical occupations,37,52,-15
E01000986,L12: Semi-routine occupations,100,92,8
E01000986,L13: Routine occupations,77,50,27
E01000986,L14.1 and L14.2: Never worked and long-term unemployed,102,58,44
E01000986,L15: Full-time students,106,104,2
E01000986,"L4, L5 and L6: Lower managerial, administrative and professional occupations",399,365,34
E01000986,L7: Intermediate occupations,184,223,-39
E01000986,L8 and L9: Small employers and own account workers,150,127,23
E01000987,"L1, L2 and L3: Higher managerial, administrative and professional occupations",204,116,88
E01000987,L10 and L11: Lower supervisory and technical occupations,56,61,-5
E01000987,L12: Semi-routine occupations,97,90,7
E01000987,L13: Routine occupations,67,58,9
E01000987,L14.1 and L14.2: Never worked and long-term unemployed,59,35,24
E01000987,L15: Full-time students,58,93,-35
E01000987,"L4, L5 and L6: Lower managerial, administrative and professional occupations",292,276,16
E01000987,L7: Intermediate occupations,179,237,-58
E01000987,L8 and L9: Small employers and own account workers,122,122,0
E01000989,"L1, L2 and L3: Higher managerial, administrative and professional occupations",213,144,69
E01000989,L10 and L11: Lower supervisory and technical occupations,75,76,-1
E01000989,L12: Semi-routine occupations,140,118,22
E01000989,L13: Routine occupations,96,83,13
E01000989,L14.1 and L14.2: Never worked and long-term unemployed,99,35,64
E01000989,L15: Full-time students,96,108,-12
E01000989,"L4, L5 and L6: Lower managerial, administrative and professional occupations",309,292,17
E01000989,L7: Intermediate occupations,223,238,-15
E01000989,L8 and L9: Small employers and own account workers,165,141,24
E01000990,"L1, L2 and L3: Higher managerial, administrative and professional occupations",86,45,41
E01000990,L10 and L11: Lower supervisory and technical occupations,38,54,-16
E01000990,L12: Semi-routine occupations,172,158,14
E01000990,L13: Routine occupations,140,118,22
E01000990,L14.1 and L14.2: Never worked and long-term unemployed,168,123,45
E01000990,L15: Full-time students,116,125,-9
E01000990,"L4, L5 and L6: Lower managerial, administrative and professional occupations",162,141,21
E01000990,L7: Intermediate occupations,128,146,-18
E01000990,L8 and L9: Small employers and own account workers,143,90,53
E01000991,"L1, L2 and L3: Higher managerial, administrative and professional occupations",249,149,100
E01000991,L10 and L11: Lower supervisory and technical occupations,59,49,10
E01000991,L12: Semi-routine occupations,119,120,-1
E01000991,L13: Routine occupations,94,63,31
E01000991,L14.1 and L14.2: Never worked and long-term unemployed,108,44,64
E01000991,L15: Full-time students,92,89,3
E01000991,"L4, L5 and L6: Lower managerial, administrative and professional occupations",332,294,38
E01000991,L7: Intermediate occupations,247,238,9
E01000991,L8 and L9: Small employers and own account workers,197,166,31
E01000992,"L1, L2 and L3: Higher managerial, administrative and professional occupations",157,81,76
E01000992,L10 and L11: Lower supervisory and technical occupations,76,88,-12
E01000992,L12: Semi-routine occupations,163,199,-36
E01000992,L13: Routine occupations,170,126,44
E01000992,L14.1 and L14.2: Never worked and long-term unemployed,174,127,47
E01000992,L15: Full-time students,135,154,-19
E01000992,"L4, L5 and L6: Lower managerial, administrative and professional occupations",284,263,21
E01000992,L7: Intermediate occupations,184,223,-39
E01000992,L8 and L9: Small employers and own account workers,172,109,63
E01000993,"L1, L2 and L3: Higher managerial, administrative and professional occupations",194,124,70
E01000993,L10 and L11: Lower supervisory and technical occupations,49,56,-7
E01000993,L12: Semi-routine occupations,143,128,15
E01000993,L13: Routine occupations,90,71,19
E01000993,L14.1 and L14.2: Never worked and long-term unemployed,68,54,14
E01000993,L15: Full-time students,103,113,-10
E01000993,"L4, L5 and L6: Lower managerial, administrative and professional occupations",319,294,25
E01000993,L7: Intermediate occupations,187,225,-38
E01000993,L8 and L9: Small employers and own account workers,135,129,6
E01000994,"L1, L2 and L3: Higher managerial, administrative and professional occupations",125,97,28
E01000994,L10 and L11: Lower supervisory and technical occupations,58,53,5
E01000994,L12: Semi-routine occupations,126,127,-1
E01000994,L13: Routine occupations,122,69,53
E01000994,L14.1 and L14.2: Never worked and long-term unemployed,138,119,19
E01000994,L15: Full-time students,118,169,-51
E01000994,"L4, L5 and L6: Lower managerial, administrative and professional occupations",248,213,35
E01000994,L7: Intermediate occupations,139,188,-49
E01000994,L8 and L9: Small employers and own account workers,199,118,81
E01000995,"L1, L2 and L3: Higher managerial, administrative and professional occupations",121,97,24
E01000995,L10 and L11: Lower supervisory and technical occupations,51,63,-12
E01000995,L12: Semi-routine occupations,155,161,-6
E01000995,L13: Routine occupations,145,95,50
E01000995,L14.1 and L14.2: Never worked and long-term unemployed,168,120,48
E01000995,L15: Full-time students,123,164,-41
E01000995,"L4, L5 and L6: Lower managerial, administrative and professional occupations",227,184,43
E01000995,L7: Intermediate occupations,117,145,-28
E01000995,L8 and L9: Small employers and own account workers,216,108,108
E01000996,"L1, L2 and L3: Higher managerial, administrative and professional occupations",133,80,53
E01000996,L10 and L11: Lower supervisory and technical occupations,50,46,4
E01000996,L12: Semi-routine occupations,109,135,-26
E01000996,L13: Routine occupations,100,50,50
E01000996,L14.1 and L14.2: Never worked and long-term unemployed,108,66,42
E01000996,L15: Full-time students,92,132,-40
E01000996,"L4, L5 and L6: Lower managerial, administrative and professional occupations",243,202,41
E01000996,L7: Intermediate occupations,129,158,-29
E01000996,L8 and L9: Small employers and own account workers,135,80,55
E01000997,"L1, L2 and L3: Higher managerial, administrative and professional occupations",111,78,33
E01000997,L10 and L11: Lower supervisory and technical occupations,57,38,19
E01000997,L12: Semi-routine occupations,136,132,4
E01000997,L13: Routine occupations,130,76,54
E01000997,L14.1 and L14.2: Never worked and long-term unemployed,163,121,42
E01000997,L15: Full-time students,145,144,1
E01000997,"L4, L5 and L6: Lower managerial, administrative and professional occupations",180,169,11
E01000997,L7: Intermediate occupations,149,163,-14
E01000997,L8 and L9: Small employers and own account workers,152,84,68
E01000998,"L1, L2 and L3: Higher managerial, administrative and professional occupations",81,97,-16
E01000998,L10 and L11: Lower supervisory and technical occupations,70,61,9
E01000998,L12: Semi-routine occupations,148,165,-17
E01000998,L13: Routine occupations,131,73,58
E01000998,L14.1 and L14.2: Never worked and long-term unemployed,140,119,21
E01000998,L15: Full-time students,107,152,-45
E01000998,"L4, L5 and L6: Lower managerial, administrative and professional occupations",208,233,-25
E01000998,L7: Intermediate occupations,145,159,-14
E01000998,L8 and L9: Small employers and own account workers,156,111,45
E01000999,"L1, L2 and L3: Higher managerial, administrative and professional occupations",92,70,22
E01000999,L10 and L11: Lower supervisory and technical occupations,55,48,7
E01000999,L12: Semi-routine occupations,141,140,1
E01000999,L13: Routine occupations,111,91,20
E01000999,L14.1 and L14.2: Never worked and long-term unemployed,130,90,40
E01000999,L15: Full-time students,107,130,-23
E01000999,"L4, L5 and L6: Lower managerial, administrative and professional occupations",176,179,-3
E01000999,L7: Intermediate occupations,132,165,-33
E01000999,L8 and L9: Small employers and own account workers,127,103,24
E01001000,"L1, L2 and L3: Higher managerial, administrative and professional occupations",102,76,26
E01001000,L10 and L11: Lower supervisory and technical occupations,48,52,-4
E01001000,L12: Semi-routine occupations,117,117,0
E01001000,L13: Routine occupations,125,72,53
E01001000,L14.1 and L14.2: Never worked and long-term unemployed,139,85,54
E01001000,L15: Full-time students,91,123,-32
E01001000,"L4, L5 and L6: Lower managerial, administrative and professional occupations",176,191,-15
E01001000,L7: Intermediate occupations,127,131,-4
E01001000,L8 and L9: Small employers and own account workers,147,98,49
E01001001,"L1, L2 and L3: Higher managerial, administrative and professional occupations",89,62,27
E01001001,L10 and L11: Lower supervisory and technical occupations,58,45,13
E01001001,L12: Semi-routine occupations,118,116,2
E01001001,L13: Routine occupations,137,75,62
E01001001,L14.1 and L14.2: Never worked and long-term unemployed,136,101,35
E01001001,L15: Full-time students,105,90,15
E01001001,"L4, L5 and L6: Lower managerial, administrative and professional occupations",191,165,26
E01001001,L7: Intermediate occupations,125,129,-4
E01001001,L8 and L9: Small employers and own account workers,144,78,66
E01001002,"L1, L2 and L3: Higher managerial, administrative and professional occupations",92,69,23
E01001002,L10 and L11: Lower supervisory and technical occupations,49,81,-32
E01001002,L12: Semi-routine occupations,156,139,17
E01001002,L13: Routine occupations,121,79,42
E01001002,L14.1 and L14.2: Never worked and long-term unemployed,130,74,56
E01001002,L15: Full-time students,141,148,-7
E01001002,"L4, L5 and L6: Lower managerial, administrative and professional occupations",196,175,21
E01001002,L7: Intermediate occupations,137,123,14
E01001002,L8 and L9: Small employers and own account workers,129,81,48
E01001003,"L1, L2 and L3: Higher managerial, administrative and professional occupations",90,89,1
E01001003,L10 and L11: Lower supervisory and technical occupations,72,63,9
E01001003,L12: Semi-routine occupations,163,180,-17
E01001003,L13: Routine occupations,129,108,21
E01001003,L14.1 and L14.2: Never worked and long-term unemployed,140,94,46
E01001003,L15: Full-time students,105,97,8
E01001003,"L4, L5 and L6: Lower managerial, administrative and professional occupations",231,209,22
E01001003,L7: Intermediate occupations,143,151,-8
E01001003,L8 and L9: Small employers and own account workers,148,90,58
E01001004,"L1, L2 and L3: Higher managerial, administrative and professional occupations",154,105,49
E01001004,L10 and L11: Lower supervisory and technical occupations,78,83,-5
E01001004,L12: Semi-routine occupations,205,224,-19
E01001004,L13: Routine occupations,191,100,91
E01001004,L14.1 and L14.2: Never worked and long-term unemployed,190,156,34
E01001004,L15: Full-time students,162,204,-42
E01001004,"L4, L5 and L6: Lower managerial, administrative and professional occupations",311,272,39
E01001004,L7: Intermediate occupations,211,232,-21
E01001004,L8 and L9: Small employers and own account workers,178,94,84
E01001005,"L1, L2 and L3: Higher managerial, administrative and professional occupations",91,56,35
E01001005,L10 and L11: Lower supervisory and technical occupations,72,82,-10
E01001005,L12: Semi-routine occupations,200,191,9
E01001005,L13: Routine occupations,170,117,53
E01001005,L14.1 and L14.2: Never worked and long-term unemployed,160,136,24
E01001005,L15: Full-time students,154,158,-4
E01001005,"L4, L5 and L6: Lower managerial, administrative and professional occupations",231,191,40
E01001005,L7: Intermediate occupations,134,142,-8
E01001005,L8 and L9: Small employers and own account workers,130,99,31
E01001006,"L1, L2 and L3: Higher managerial, administrative and professional occupations",135,74,61
E01001006,L10 and L11: Lower supervisory and technical occupations,64,72,-8
E01001006,L12: Semi-routine occupations,154,181,-27
E01001006,L13: Routine occupations,137,87,50
E01001006,L14.1 and L14.2: Never worked and long-term unemployed,138,87,51
E01001006,L15: Full-time students,151,120,31
E01001006,"L4, L5 and L6: Lower managerial, administrative and professional occupations",265,175,90
E01001006,L7: Intermediate occupations,157,149,8
E01001006,L8 and L9: Small employers and own account workers,139,100,39
E01001007,"L1, L2 and L3: Higher managerial, administrative and professional occupations",123,80,43
E01001007,L10 and L11: Lower supervisory and technical occupations,66,92,-26
E01001007,L12: Semi-routine occupations,203,210,-7
E01001007,L13: Routine occupations,174,122,52
E01001007,L14.1 and L14.2: Never worked and long-term unemployed,181,176,5
E01001007,L15: Full-time students,193,222,-29
E01001007,"L4, L5 and L6: Lower managerial, administrative and professional occupations",205,199,6
E01001007,L7: Intermediate occupations,195,177,18
E01001007,L8 and L9: Small employers and own account workers,218,118,100
E01001008,"L1, L2 and L3: Higher managerial, administrative and professional occupations",73,70,3
E01001008,L10 and L11: Lower supervisory and technical occupations,42,97,-55
E01001008,L12: Semi-routine occupations,198,234,-36
E01001008,L13: Routine occupations,160,157,3
E01001008,L14.1 and L14.2: Never worked and long-term unemployed,198,143,55
E01001008,L15: Full-time students,133,198,-65
E01001008,"L4, L5 and L6: Lower managerial, administrative and professional occupations",169,176,-7
E01001008,L7: Intermediate occupations,143,159,-16
E01001008,L8 and L9: Small employers and own account workers,136,92,44
E01001009,"L1, L2 and L3: Higher managerial, administrative and professional occupations",121,65,56
E01001009,L10 and L11: Lower supervisory and technical occupations,65,54,11
E01001009,L12: Semi-routine occupations,209,164,45
E01001009,L13: Routine occupations,178,91,87
E01001009,L14.1 and L14.2: Never worked and long-term unemployed,201,126,75
E01001009,L15: Full-time students,157,180,-23
E01001009,"L4, L5 and L6: Lower managerial, administrative and professional occupations",266,169,97
E01001009,L7: Intermediate occupations,185,135,50
E01001009,L8 and L9: Small employers and own account workers,152,62,90
E01001010,"L1, L2 and L3: Higher managerial, administrative and professional occupations",85,37,48
E01001010,L10 and L11: Lower supervisory and technical occupations,49,67,-18
E01001010,L12: Semi-routine occupations,181,191,-10
E01001010,L13: Routine occupations,175,151,24
E01001010,L14.1 and L14.2: Never worked and long-term unemployed,194,118,76
E01001010,L15: Full-time students,152,116,36
E01001010,"L4, L5 and L6: Lower managerial, administrative and professional occupations",221,134,87
E01001010,L7: Intermediate occupations,150,149,1
E01001010,L8 and L9: Small employers and own account workers,124,77,47
E01001011,"L1, L2 and L3: Higher managerial, administrative and professional occupations",105,66,39
E01001011,L10 and L11: Lower supervisory and technical occupations,68,87,-19
E01001011,L12: Semi-routine occupations,251,234,17
E01001011,L13: Routine occupations,225,131,94
E01001011,L14.1 and L14.2: Never worked and long-term unemployed,244,167,77
E01001011,L15: Full-time students,224,202,22
E01001011,"L4, L5 and L6: Lower managerial, administrative and professional occupations",239,257,-18
E01001011,L7: Intermediate occupations,215,184,31
E01001011,L8 and L9: Small employers and own account workers,170,81,89
E01001012,"L1, L2 and L3: Higher managerial, administrative and professional occupations",142,108,34
E01001012,L10 and L11: Lower supervisory and technical occupations,82,70,12
E01001012,L12: Semi-routine occupations,224,235,-11
E01001012,L13: Routine occupations,219,128,91
E01001012,L14.1 and L14.2: Never worked and long-term unemployed,219,207,12
E01001012,L15: Full-time students,156,199,-43
E01001012,"L4, L5 and L6: Lower managerial, administrative and professional occupations",249,225,24
E01001012,L7: Intermediate occupations,150,159,-9
E01001012,L8 and L9: Small employers and own account workers,185,109,76
E01001013,"L1, L2 and L3: Higher managerial, administrative and professional occupations",89,63,26
E01001013,L10 and L11: Lower supervisory and technical occupations,68,97,-29
E01001013,L12: Semi-routine occupations,256,221,35
E01001013,L13: Routine occupations,230,164,66
E01001013,L14.1 and L14.2: Never worked and long-term unemployed,309,203,106
E01001013,L15: Full-time students,142,203,-61
E01001013,"L4, L5 and L6: Lower managerial, administrative and professional occupations",211,215,-4
E01001013,L7: Intermediate occupations,162,183,-21
E01001013,L8 and L9: Small employers and own account workers,167,96,71
E01001015,"L1, L2 and L3: Higher managerial, administrative and professional occupations",197,119,78
E01001015,L10 and L11: Lower supervisory and technical occupations,32,47,-15
E01001015,L12: Semi-routine occupations,104,120,-16
E01001015,L13: Routine occupations,106,86,20
E01001015,L14.1 and L14.2: Never worked and long-term unemployed,99,53,46
E01001015,L15: Full-time students,79,89,-10
E01001015,"L4, L5 and L6: Lower managerial, administrative and professional occupations",267,264,3
E01001015,L7: Intermediate occupations,151,160,-9
E01001015,L8 and L9: Small employers and own account workers,110,98,12
E01001016,"L1, L2 and L3: Higher managerial, administrative and professional occupations",280,162,118
E01001016,L10 and L11: Lower supervisory and technical occupations,60,65,-5
E01001016,L12: Semi-routine occupations,112,121,-9
E01001016,L13: Routine occupations,82,50,32
E01001016,L14.1 and L14.2: Never worked and long-term unemployed,104,56,48
E01001016,L15: Full-time students,104,95,9
E01001016,"L4, L5 and L6: Lower managerial, administrative and professional occupations",313,332,-19
E01001016,L7: Intermediate occupations,193,222,-29
E01001016,L8 and L9: Small employers and own account workers,160,124,36
E01001017,"L1, L2 and L3: Higher managerial, administrative and professional occupations",315,230,85
E01001017,L10 and L11: Lower supervisory and technical occupations,47,41,6
E01001017,L12: Semi-routine occupations,81,76,5
E01001017,L13: Routine occupations,69,29,40
E01001017,L14.1 and L14.2: Never worked and long-term unemployed,59,50,9
E01001017,L15: Full-time students,78,66,12
E01001017,"L4, L5 and L6: Lower managerial, administrative and professional occupations",351,380,-29
E01001017,L7: Intermediate occupations,191,194,-3
E01001017,L8 and L9: Small employers and own account workers,149,142,7
E01001018,"L1, L2 and L3: Higher managerial, administrative and professional occupations",226,135,91
E01001018,L10 and L11: Lower supervisory and technical occupations,65,57,8
E01001018,L12: Semi-routine occupations,108,97,11
E01001018,L13: Routine occupations,81,71,10
E01001018,L14.1 and L14.2: Never worked and long-term unemployed,61,25,36
E01001018,L15: Full-time students,54,52,2
E01001018,"L4, L5 and L6: Lower managerial, administrative and professional occupations",350,338,12
E01001018,L7: Intermediate occupations,228,217,11
E01001018,L8 and L9: Small employers and own account workers,159,121,38
E01001019,"L1, L2 and L3: Higher managerial, administrative and professional occupations",283,195,88
E01001019,L10 and L11: Lower supervisory and technical occupations,33,44,-11
E01001019,L12: Semi-routine occupations,78,93,-15
E01001019,L13: Routine occupations,66,47,19
E01001019,L14.1 and L14.2: Never worked and long-term unemployed,76,33,43
E01001019,L15: Full-time students,48,84,-36
E01001019,"L4, L5 and L6: Lower managerial, administrative and professional occupations",314,292,22
E01001019,L7: Intermediate occupations,189,198,-9
E01001019,L8 and L9: Small employers and own account workers,128,102,26
E01001020,"L1, L2 and L3: Higher managerial, administrative and professional occupations",198,137,61
E01001020,L10 and L11: Lower supervisory and technical occupations,66,73,-7
E01001020,L12: Semi-routine occupations,105,131,-26
E01001020,L13: Routine occupations,88,86,2
E01001020,L14.1 and L14.2: Never worked and long-term unemployed,78,35,43
E01001020,L15: Full-time students,54,75,-21
E01001020,"L4, L5 and L6: Lower managerial, administrative and professional occupations",336,303,33
E01001020,L7: Intermediate occupations,204,207,-3
E01001020,L8 and L9: Small employers and own account workers,152,112,40
E01001021,"L1, L2 and L3: Higher managerial, administrative and professional occupations",90,57,33
E01001021,L10 and L11: Lower supervisory and technical occupations,66,68,-2
E01001021,L12: Semi-routine occupations,147,139,8
E01001021,L13: Routine occupations,136,94,42
E01001021,L14.1 and L14.2: Never worked and long-term unemployed,105,65,40
E01001021,L15: Full-time students,79,83,-4
E01001021,"L4, L5 and L6: Lower managerial, administrative and professional occupations",171,149,22
E01001021,L7: Intermediate occupations,139,125,14
E01001021,L8 and L9: Small employers and own account workers,110,78,32
E01001022,"L1, L2 and L3: Higher managerial, administrative and professional occupations",222,114,108
E01001022,L10 and L11: Lower supervisory and technical occupations,65,59,6
E01001022,L12: Semi-routine occupations,114,87,27
E01001022,L13: Routine occupations,84,45,39
E01001022,L14.1 and L14.2: Never worked and long-term unemployed,51,42,9
E01001022,L15: Full-time students,62,66,-4
E01001022,"L4, L5 and L6: Lower managerial, administrative and professional occupations",300,268,32
E01001022,L7: Intermediate occupations,183,201,-18
E01001022,L8 and L9: Small employers and own account workers,176,119,57
E01001023,"L1, L2 and L3: Higher managerial, administrative and professional occupations",387,104,283
E01001023,L10 and L11: Lower supervisory and technical occupations,93,64,29
E01001023,L12: Semi-routine occupations,141,96,45
E01001023,L13: Routine occupations,142,79,63
E01001023,L14.1 and L14.2: Never worked and long-term unemployed,151,56,95
E01001023,L15: Full-time students,106,75,31
E01001023,"L4, L5 and L6: Lower managerial, administrative and professional occupations",517,228,289
E01001023,L7: Intermediate occupations,248,142,106
E01001023,L8 and L9: Small employers and own account workers,213,113,100
E01001024,"L1, L2 and L3: Higher managerial, administrative and professional occupations",230,153,77
E01001024,L10 and L11: Lower supervisory and technical occupations,46,55,-9
E01001024,L12: Semi-routine occupations,85,101,-16
E01001024,L13: Routine occupations,64,69,-5
E01001024,L14.1 and L14.2: Never worked and long-term unemployed,63,34,29
E01001024,L15: Full-time students,57,100,-43
E01001024,"L4, L5 and L6: Lower managerial, administrative and professional occupations",280,291,-11
E01001024,L7: Intermediate occupations,153,179,-26
E01001024,L8 and L9: Small employers and own account workers,109,80,29
E01001025,"L1, L2 and L3: Higher managerial, administrative and professional occupations",198,110,88
E01001025,L10 and L11: Lower supervisory and technical occupations,57,55,2
E01001025,L12: Semi-routine occupations,100,92,8
E01001025,L13: Routine occupations,54,57,-3
E01001025,L14.1 and L14.2: Never worked and long-term unemployed,50,31,19
E01001025,L15: Full-time students,49,63,-14
E01001025,"L4, L5 and L6: Lower managerial, administrative and professional occupations",273,243,30
E01001025,L7: Intermediate occupations,170,188,-18
E01001025,L8 and L9: Small employers and own account workers,119,101,18
E01001026,"L1, L2 and L3: Higher managerial, administrative and professional occupations",215,126,89
E01001026,L10 and L11: Lower supervisory and technical occupations,84,101,-17
E01001026,L12: Semi-routine occupations,145,146,-1
E01001026,L13: Routine occupations,130,91,39
E01001026,L14.1 and L14.2: Never worked and long-term unemployed,105,34,71
E01001026,L15: Full-time students,90,99,-9
E01001026,"L4, L5 and L6: Lower managerial, administrative and professional occupations",309,295,14
E01001026,L7: Intermediate occupations,185,224,-39
E01001026,L8 and L9: Small employers and own account workers,160,129,31
E01001027,"L1, L2 and L3: Higher managerial, administrative and professional occupations",591,146,445
E01001027,L10 and L11: Lower supervisory and technical occupations,73,58,15
E01001027,L12: Semi-routine occupations,136,102,34
E01001027,L13: Routine occupations,99,65,34
E01001027,L14.1 and L14.2: Never worked and long-term unemployed,101,51,50
E01001027,L15: Full-time students,133,84,49
E01001027,"L4, L5 and L6: Lower managerial, administrative and professional occupations",565,314,251
E01001027,L7: Intermediate occupations,251,171,80
E01001027,L8 and L9: Small employers and own account workers,207,149,58
E01001028,"L1, L2 and L3: Higher managerial, administrative and professional occupations",344,250,94
E01001028,L10 and L11: Lower supervisory and technical occupations,20,32,-12
E01001028,L12: Semi-routine occupations,74,58,16
E01001028,L13: Routine occupations,51,32,19
E01001028,L14.1 and L14.2: Never worked and long-term unemployed,106,56,50
E01001028,L15: Full-time students,88,115,-27
E01001028,"L4, L5 and L6: Lower managerial, administrative and professional occupations",331,296,35
E01001028,L7: Intermediate occupations,161,189,-28
E01001028,L8 and L9: Small employers and own account workers,204,160,44
E01001029,"L1, L2 and L3: Higher managerial, administrative and professional occupations",345,213,132
E01001029,L10 and L11: Lower supervisory and technical occupations,31,46,-15
E01001029,L12: Semi-routine occupations,99,70,29
E01001029,L13: Routine occupations,77,41,36
E01001029,L14.1 and L14.2: Never worked and long-term unemployed,165,97,68
E01001029,L15: Full-time students,85,97,-12
E01001029,"L4, L5 and L6: Lower managerial, administrative and professional occupations",307,314,-7
E01001029,L7: Intermediate occupations,168,171,-3
E01001029,L8 and L9: Small employers and own account workers,145,134,11
E01001030,"L1, L2 and L3: Higher managerial, administrative and professional occupations",331,209,122
E01001030,L10 and L11: Lower supervisory and technical occupations,30,33,-3
E01001030,L12: Semi-routine occupations,75,73,2
E01001030,L13: Routine occupations,35,20,15
E01001030,L14.1 and L14.2: Never worked and long-term unemployed,70,46,24
E01001030,L15: Full-time students,88,104,-16
E01001030,"L4, L5 and L6: Lower managerial, administrative and professional occupations",242,276,-34
E01001030,L7: Intermediate occupations,165,136,29
E01001030,L8 and L9: Small employers and own account workers,143,123,20
E01001031,"L1, L2 and L3: Higher managerial, administrative and professional occupations",305,190,115
E01001031,L10 and L11: Lower supervisory and technical occupations,24,33,-9
E01001031,L12: Semi-routine occupations,73,81,-8
E01001031,L13: Routine occupations,63,43,20
E01001031,L14.1 and L14.2: Never worked and long-term unemployed,46,37,9
E01001031,L15: Full-time students,78,102,-24
E01001031,"L4, L5 and L6: Lower managerial, administrative and professional occupations",294,312,-18
E01001031,L7: Intermediate occupations,158,172,-14
E01001031,L8 and L9: Small employers and own account workers,160,117,43
E01001032,"L1, L2 and L3: Higher managerial, administrative and professional occupations",339,202,137
E01001032,L10 and L11: Lower supervisory and technical occupations,26,28,-2
E01001032,L12: Semi-routine occupations,79,51,28
E01001032,L13: Routine occupations,39,37,2
E01001032,L14.1 and L14.2: Never worked and long-term unemployed,93,19,74
E01001032,L15: Full-time students,65,64,1
E01001032,"L4, L5 and L6: Lower managerial, administrative and professional occupations",290,289,1
E01001032,L7: Intermediate occupations,158,164,-6
E01001032,L8 and L9: Small employers and own account workers,148,114,34
E01001033,"L1, L2 and L3: Higher managerial, administrative and professional occupations",245,195,50
E01001033,L10 and L11: Lower supervisory and technical occupations,54,47,7
E01001033,L12: Semi-routine occupations,105,110,-5
E01001033,L13: Routine occupations,107,77,30
E01001033,L14.1 and L14.2: Never worked and long-term unemployed,96,66,30
E01001033,L15: Full-time students,77,91,-14
E01001033,"L4, L5 and L6: Lower managerial, administrative and professional occupations",321,312,9
E01001033,L7: Intermediate occupations,174,178,-4
E01001033,L8 and L9: Small employers and own account workers,172,104,68
E01001034,"L1, L2 and L3: Higher managerial, administrative and professional occupations",256,149,107
E01001034,L10 and L11: Lower supervisory and technical occupations,56,66,-10
E01001034,L12: Semi-routine occupations,108,124,-16
E01001034,L13: Routine occupations,70,79,-9
E01001034,L14.1 and L14.2: Never worked and long-term unemployed,71,43,28
E01001034,L15: Full-time students,89,71,18
E01001034,"L4, L5 and L6: Lower managerial, administrative and professional occupations",349,353,-4
E01001034,L7: Intermediate occupations,149,175,-26
E01001034,L8 and L9: Small employers and own account workers,156,124,32
E01001035,"L1, L2 and L3: Higher managerial, administrative and professional occupations",295,238,57
E01001035,L10 and L11: Lower supervisory and technical occupations,55,67,-12
E01001035,L12: Semi-routine occupations,114,113,1
E01001035,L13: Routine occupations,127,73,54
E01001035,L14.1 and L14.2: Never worked and long-term unemployed,141,96,45
E01001035,L15: Full-time students,74,104,-30
E01001035,"L4, L5 and L6: Lower managerial, administrative and professional occupations",344,388,-44
E01001035,L7: Intermediate occupations,176,215,-39
E01001035,L8 and L9: Small employers and own account workers,198,105,93
E01001036,"L1, L2 and L3: Higher managerial, administrative and professional occupations",390,246,144
E01001036,L10 and L11: Lower supervisory and technical occupations,37,43,-6
E01001036,L12: Semi-routine occupations,60,51,9
E01001036,L13: Routine occupations,46,32,14
E01001036,L14.1 and L14.2: Never worked and long-term unemployed,139,85,54
E01001036,L15: Full-time students,82,90,-8
E01001036,"L4, L5 and L6: Lower managerial, administrative and professional occupations",335,343,-8
E01001036,L7: Intermediate occupations,149,133,16
E01001036,L8 and L9: Small employers and own account workers,131,91,40
E01001037,"L1, L2 and L3: Higher managerial, administrative and professional occupations",209,129,80
E01001037,L10 and L11: Lower supervisory and technical occupations,58,49,9
E01001037,L12: Semi-routine occupations,111,116,-5
E01001037,L13: Routine occupations,89,83,6
E01001037,L14.1 and L14.2: Never worked and long-term unemployed,100,67,33
E01001037,L15: Full-time students,77,64,13
E01001037,"L4, L5 and L6: Lower managerial, administrative and professional occupations",294,261,33
E01001037,L7: Intermediate occupations,145,188,-43
E01001037,L8 and L9: Small employers and own account workers,122,76,46
E01001038,"L1, L2 and L3: Higher managerial, administrative and professional occupations",313,272,41
E01001038,L10 and L11: Lower supervisory and technical occupations,54,73,-19
E01001038,L12: Semi-routine occupations,152,138,14
E01001038,L13: Routine occupations,118,76,42
E01001038,L14.1 and L14.2: Never worked and long-term unemployed,90,72,18
E01001038,L15: Full-time students,73,85,-12
E01001038,"L4, L5 and L6: Lower managerial, administrative and professional occupations",372,419,-47
E01001038,L7: Intermediate occupations,195,236,-41
E01001038,L8 and L9: Small employers and own account workers,190,117,73
E01001039,"L1, L2 and L3: Higher managerial, administrative and professional occupations",325,224,101
E01001039,L10 and L11: Lower supervisory and technical occupations,26,37,-11
E01001039,L12: Semi-routine occupations,65,74,-9
E01001039,L13: Routine occupations,52,29,23
E01001039,L14.1 and L14.2: Never worked and long-term unemployed,66,39,27
E01001039,L15: Full-time students,63,75,-12
E01001039,"L4, L5 and L6: Lower managerial, administrative and professional occupations",354,345,9
E01001039,L7: Intermediate occupations,164,179,-15
E01001039,L8 and L9: Small employers and own account workers,115,89,26
E01001040,"L1, L2 and L3: Higher managerial, administrative and professional occupations",240,170,70
E01001040,L10 and L11: Lower supervisory and technical occupations,45,61,-16
E01001040,L12: Semi-routine occupations,117,120,-3
E01001040,L13: Routine occupations,109,100,9
E01001040,L14.1 and L14.2: Never worked and long-term unemployed,91,69,22
E01001040,L15: Full-time students,104,66,38
E01001040,"L4, L5 and L6: Lower managerial, administrative and professional occupations",338,354,-16
E01001040,L7: Intermediate occupations,156,247,-91
E01001040,L8 and L9: Small employers and own account workers,164,100,64
E01001041,"L1, L2 and L3: Higher managerial, administrative and professional occupations",202,156,46
E01001041,L10 and L11: Lower supervisory and technical occupations,61,59,2
E01001041,L12: Semi-routine occupations,118,123,-5
E01001041,L13: Routine occupations,120,88,32
E01001041,L14.1 and L14.2: Never worked and long-term unemployed,117,74,43
E01001041,L15: Full-time students,120,79,41
E01001041,"L4, L5 and L6: Lower managerial, administrative and professional occupations",311,308,3
E01001041,L7: Intermediate occupations,157,201,-44
E01001041,L8 and L9: Small employers and own account workers,151,115,36
E01001042,"L1, L2 and L3: Higher managerial, administrative and professional occupations",263,186,77
E01001042,L10 and L11: Lower supervisory and technical occupations,61,88,-27
E01001042,L12: Semi-routine occupations,173,167,6
E01001042,L13: Routine occupations,191,103,88
E01001042,L14.1 and L14.2: Never worked and long-term unemployed,160,133,27
E01001042,L15: Full-time students,134,129,5
E01001042,"L4, L5 and L6: Lower managerial, administrative and professional occupations",336,315,21
E01001042,L7: Intermediate occupations,181,192,-11
E01001042,L8 and L9: Small employers and own account workers,231,104,127
E01001044,"L1, L2 and L3: Higher managerial, administrative and professional occupations",435,328,107
E01001044,L10 and L11: Lower supervisory and technical occupations,42,54,-12
E01001044,L12: Semi-routine occupations,103,70,33
E01001044,L13: Routine occupations,66,37,29
E01001044,L14.1 and L14.2: Never worked and long-term unemployed,152,83,69
E01001044,L15: Full-time students,134,75,59
E01001044,"L4, L5 and L6: Lower managerial, administrative and professional occupations",407,439,-32
E01001044,L7: Intermediate occupations,175,212,-37
E01001044,L8 and L9: Small employers and own account workers,149,94,55
E01001046,"L1, L2 and L3: Higher managerial, administrative and professional occupations",392,375,17
E01001046,L10 and L11: Lower supervisory and technical occupations,56,31,25
E01001046,L12: Semi-routine occupations,77,68,9
E01001046,L13: Routine occupations,60,29,31
E01001046,L14.1 and L14.2: Never worked and long-term unemployed,115,77,38
E01001046,L15: Full-time students,83,84,-1
E01001046,"L4, L5 and L6: Lower managerial, administrative and professional occupations",366,386,-20
E01001046,L7: Intermediate occupations,173,179,-6
E01001046,L8 and L9: Small employers and own account workers,154,81,73
E01001047,"L1, L2 and L3: Higher managerial, administrative and professional occupations",258,218,40
E01001047,L10 and L11: Lower supervisory and technical occupations,66,54,12
E01001047,L12: Semi-routine occupations,132,137,-5
E01001047,L13: Routine occupations,131,85,46
E01001047,L14.1 and L14.2: Never worked and long-term unemployed,111,64,47
E01001047,L15: Full-time students,79,111,-32
E01001047,"L4, L5 and L6: Lower managerial, administrative and professional occupations",325,347,-22
E01001047,L7: Intermediate occupations,147,208,-61
E01001047,L8 and L9: Small employers and own account workers,162,128,34
E01001049,"L1, L2 and L3: Higher managerial, administrative and professional occupations",360,280,80
E01001049,L10 and L11: Lower supervisory and technical occupations,16,18,-2
E01001049,L12: Semi-routine occupations,61,57,4
E01001049,L13: Routine occupations,31,25,6
E01001049,L14.1 and L14.2: Never worked and long-term unemployed,96,68,28
E01001049,L15: Full-time students,66,107,-41
E01001049,"L4, L5 and L6: Lower managerial, administrative and professional occupations",281,261,20
E01001049,L7: Intermediate occupations,135,142,-7
E01001049,L8 and L9: Small employers and own account workers,153,100,53
E01001050,"L1, L2 and L3: Higher managerial, administrative and professional occupations",250,289,-39
E01001050,L10 and L11: Lower supervisory and technical occupations,48,34,14
E01001050,L12: Semi-routine occupations,131,103,28
E01001050,L13: Routine occupations,131,73,58
E01001050,L14.1 and L14.2: Never worked and long-term unemployed,141,87,54
E01001050,L15: Full-time students,92,69,23
E01001050,"L4, L5 and L6: Lower managerial, administrative and professional occupations",311,276,35
E01001050,L7: Intermediate occupations,160,138,22
E01001050,L8 and L9: Small employers and own account workers,130,54,76
E01001051,"L1, L2 and L3: Higher managerial, administrative and professional occupations",54,31,23
E01001051,L10 and L11: Lower supervisory and technical occupations,93,75,18
E01001051,L12: Semi-routine occupations,161,204,-43
E01001051,L13: Routine occupations,167,161,6
E01001051,L14.1 and L14.2: Never worked and long-term unemployed,173,104,69
E01001051,L15: Full-time students,137,86,51
E01001051,"L4, L5 and L6: Lower managerial, administrative and professional occupations",151,127,24
E01001051,L7: Intermediate occupations,111,118,-7
E01001051,L8 and L9: Small employers and own account workers,101,90,11
E01001052,"L1, L2 and L3: Higher managerial, administrative and professional occupations",35,27,8
E01001052,L10 and L11: Lower supervisory and technical occupations,55,68,-13
E01001052,L12: Semi-routine occupations,166,185,-19
E01001052,L13: Routine occupations,167,152,15
E01001052,L14.1 and L14.2: Never worked and long-term unemployed,169,104,65
E01001052,L15: Full-time students,163,106,57
E01001052,"L4, L5 and L6: Lower managerial, administrative and professional occupations",140,126,14
E01001052,L7: Intermediate occupations,119,91,28
E01001052,L8 and L9: Small employers and own account workers,78,59,19
E01001053,"L1, L2 and L3: Higher managerial, administrative and professional occupations",62,34,28
E01001053,L10 and L11: Lower supervisory and technical occupations,63,93,-30
E01001053,L12: Semi-routine occupations,177,181,-4
E01001053,L13: Routine occupations,184,157,27
E01001053,L14.1 and L14.2: Never worked and long-term unemployed,152,92,60
E01001053,L15: Full-time students,125,82,43
E01001053,"L4, L5 and L6: Lower managerial, administrative and professional occupations",178,151,27
E01001053,L7: Intermediate occupations,172,143,29
E01001053,L8 and L9: Small employers and own account workers,118,89,29
E01001054,"L1, L2 and L3: Higher managerial, administrative and professional occupations",75,29,46
E01001054,L10 and L11: Lower supervisory and technical occupations,64,85,-21
E01001054,L12: Semi-routine occupations,194,196,-2
E01001054,L13: Routine occupations,200,184,16
E01001054,L14.1 and L14.2: Never worked and long-term unemployed,174,131,43
E01001054,L15: Full-time students,164,132,32
E01001054,"L4, L5 and L6: Lower managerial, administrative and professional occupations",190,156,34
E01001054,L7: Intermediate occupations,172,166,6
E01001054,L8 and L9: Small employers and own account workers,133,92,41
E01001055,"L1, L2 and L3: Higher managerial, administrative and professional occupations",57,31,26
E01001055,L10 and L11: Lower supervisory and technical occupations,69,90,-21
E01001055,L12: Semi-routine occupations,214,197,17
E01001055,L13: Routine occupations,206,201,5
E01001055,L14.1 and L14.2: Never worked and long-term unemployed,187,110,77
E01001055,L15: Full-time students,97,99,-2
E01001055,"L4, L5 and L6: Lower managerial, administrative and professional occupations",157,134,23
E01001055,L7: Intermediate occupations,125,130,-5
E01001055,L8 and L9: Small employers and own account workers,105,106,-1
E01001056,"L1, L2 and L3: Higher managerial, administrative and professional occupations",55,36,19
E01001056,L10 and L11: Lower supervisory and technical occupations,64,85,-21
E01001056,L12: Semi-routine occupations,182,237,-55
E01001056,L13: Routine occupations,199,207,-8
E01001056,L14.1 and L14.2: Never worked and long-term unemployed,168,195,-27
E01001056,L15: Full-time students,174,175,-1
E01001056,"L4, L5 and L6: Lower managerial, administrative and professional occupations",131,170,-39
E01001056,L7: Intermediate occupations,116,136,-20
E01001056,L8 and L9: Small employers and own account workers,131,82,49
E01001057,"L1, L2 and L3: Higher managerial, administrative and professional occupations",66,22,44
E01001057,L10 and L11: Lower supervisory and technical occupations,64,34,30
E01001057,L12: Semi-routine occupations,203,176,27
E01001057,L13: Routine occupations,179,129,50
E01001057,L14.1 and L14.2: Never worked and long-term unemployed,158,134,24
E01001057,L15: Full-time students,157,123,34
E01001057,"L4, L5 and L6: Lower managerial, administrative and professional occupations",152,100,52
E01001057,L7: Intermediate occupations,121,95,26
E01001057,L8 and L9: Small employers and own account workers,80,42,38
E01001058,"L1, L2 and L3: Higher managerial, administrative and professional occupations",143,118,25
E01001058,L10 and L11: Lower supervisory and technical occupations,53,53,0
E01001058,L12: Semi-routine occupations,108,99,9
E01001058,L13: Routine occupations,81,58,23
E01001058,L14.1 and L14.2: Never worked and long-term unemployed,53,34,19
E01001058,L15: Full-time students,66,66,0
E01001058,"L4, L5 and L6: Lower managerial, administrative and professional occupations",267,245,22
E01001058,L7: Intermediate occupations,189,181,8
E01001058,L8 and L9: Small employers and own account workers,109,87,22
E01001059,"L1, L2 and L3: Higher managerial, administrative and professional occupations",128,105,23
E01001059,L10 and L11: Lower supervisory and technical occupations,55,80,-25
E01001059,L12: Semi-routine occupations,124,112,12
E01001059,L13: Routine occupations,103,77,26
E01001059,L14.1 and L14.2: Never worked and long-term unemployed,60,37,23
E01001059,L15: Full-time students,60,72,-12
E01001059,"L4, L5 and L6: Lower managerial, administrative and professional occupations",268,270,-2
E01001059,L7: Intermediate occupations,214,233,-19
E01001059,L8 and L9: Small employers and own account workers,118,100,18
E01001060,"L1, L2 and L3: Higher managerial, administrative and professional occupations",153,107,46
E01001060,L10 and L11: Lower supervisory and technical occupations,51,91,-40
E01001060,L12: Semi-routine occupations,148,123,25
E01001060,L13: Routine occupations,138,84,54
E01001060,L14.1 and L14.2: Never worked and long-term unemployed,82,51,31
E01001060,L15: Full-time students,65,82,-17
E01001060,"L4, L5 and L6: Lower managerial, administrative and professional occupations",282,274,8
E01001060,L7: Intermediate occupations,190,233,-43
E01001060,L8 and L9: Small employers and own account workers,138,107,31
E01001061,"L1, L2 and L3: Higher managerial, administrative and professional occupations",116,83,33
E01001061,L10 and L11: Lower supervisory and technical occupations,82,101,-19
E01001061,L12: Semi-routine occupations,177,158,19
E01001061,L13: Routine occupations,126,102,24
E01001061,L14.1 and L14.2: Never worked and long-term unemployed,110,62,48
E01001061,L15: Full-time students,78,93,-15
E01001061,"L4, L5 and L6: Lower managerial, administrative and professional occupations",307,223,84
E01001061,L7: Intermediate occupations,184,193,-9
E01001061,L8 and L9: Small employers and own account workers,138,109,29
E01001062,"L1, L2 and L3: Higher managerial, administrative and professional occupations",240,174,66
E01001062,L10 and L11: Lower supervisory and technical occupations,43,50,-7
E01001062,L12: Semi-routine occupations,73,94,-21
E01001062,L13: Routine occupations,63,45,18
E01001062,L14.1 and L14.2: Never worked and long-term unemployed,156,36,120
E01001062,L15: Full-time students,88,115,-27
E01001062,"L4, L5 and L6: Lower managerial, administrative and professional occupations",283,325,-42
E01001062,L7: Intermediate occupations,195,193,2
E01001062,L8 and L9: Small employers and own account workers,151,124,27
E01001063,"L1, L2 and L3: Higher managerial, administrative and professional occupations",214,179,35
E01001063,L10 and L11: Lower supervisory and technical occupations,66,61,5
E01001063,L12: Semi-routine occupations,104,111,-7
E01001063,L13: Routine occupations,84,47,37
E01001063,L14.1 and L14.2: Never worked and long-term unemployed,68,34,34
E01001063,L15: Full-time students,65,104,-39
E01001063,"L4, L5 and L6: Lower managerial, administrative and professional occupations",313,308,5
E01001063,L7: Intermediate occupations,196,199,-3
E01001063,L8 and L9: Small employers and own account workers,147,124,23
E01001064,"L1, L2 and L3: Higher managerial, administrative and professional occupations",303,201,102
E01001064,L10 and L11: Lower supervisory and technical occupations,49,45,4
E01001064,L12: Semi-routine occupations,85,100,-15
E01001064,L13: Routine occupations,56,49,7
E01001064,L14.1 and L14.2: Never worked and long-term unemployed,89,34,55
E01001064,L15: Full-time students,80,103,-23
E01001064,"L4, L5 and L6: Lower managerial, administrative and professional occupations",326,292,34
E01001064,L7: Intermediate occupations,186,211,-25
E01001064,L8 and L9: Small employers and own account workers,183,138,45
E01001065,"L1, L2 and L3: Higher managerial, administrative and professional occupations",163,106,57
E01001065,L10 and L11: Lower supervisory and technical occupations,67,68,-1
E01001065,L12: Semi-routine occupations,120,102,18
E01001065,L13: Routine occupations,83,58,25
E01001065,L14.1 and L14.2: Never worked and long-term unemployed,66,38,28
E01001065,L15: Full-time students,41,54,-13
E01001065,"L4, L5 and L6: Lower managerial, administrative and professional occupations",283,280,3
E01001065,L7: Intermediate occupations,189,211,-22
E01001065,L8 and L9: Small employers and own account workers,124,109,15
E01001066,"L1, L2 and L3: Higher managerial, administrative and professional occupations",49,40,9
E01001066,L10 and L11: Lower supervisory and technical occupations,59,63,-4
E01001066,L12: Semi-routine occupations,154,158,-4
E01001066,L13: Routine occupations,145,106,39
E01001066,L14.1 and L14.2: Never worked and long-term unemployed,144,101,43
E01001066,L15: Full-time students,115,86,29
E01001066,"L4, L5 and L6: Lower managerial, administrative and professional occupations",167,135,32
E01001066,L7: Intermediate occupations,145,127,18
E01001066,L8 and L9: Small employers and own account workers,137,94,43
E01001067,"L1, L2 and L3: Higher managerial, administrative and professional occupations",337,255,82
E01001067,L10 and L11: Lower supervisory and technical occupations,49,37,12
E01001067,L12: Semi-routine occupations,65,68,-3
E01001067,L13: Routine occupations,48,34,14
E01001067,L14.1 and L14.2: Never worked and long-term unemployed,70,38,32
E01001067,L15: Full-time students,86,69,17
E01001067,"L4, L5 and L6: Lower managerial, administrative and professional occupations",357,365,-8
E01001067,L7: Intermediate occupations,181,180,1
E01001067,L8 and L9: Small employers and own account workers,144,128,16
E01001068,"L1, L2 and L3: Higher managerial, administrative and professional occupations",320,209,111
E01001068,L10 and L11: Lower supervisory and technical occupations,55,57,-2
E01001068,L12: Semi-routine occupations,131,145,-14
E01001068,L13: Routine occupations,98,70,28
E01001068,L14.1 and L14.2: Never worked and long-term unemployed,69,60,9
E01001068,L15: Full-time students,68,121,-53
E01001068,"L4, L5 and L6: Lower managerial, administrative and professional occupations",373,365,8
E01001068,L7: Intermediate occupations,182,204,-22
E01001068,L8 and L9: Small employers and own account workers,164,148,16
E01001069,"L1, L2 and L3: Higher managerial, administrative and professional occupations",257,163,94
E01001069,L10 and L11: Lower supervisory and technical occupations,36,39,-3
E01001069,L12: Semi-routine occupations,94,85,9
E01001069,L13: Routine occupations,36,37,-1
E01001069,L14.1 and L14.2: Never worked and long-term unemployed,48,32,16
E01001069,L15: Full-time students,54,64,-10
E01001069,"L4, L5 and L6: Lower managerial, administrative and professional occupations",278,287,-9
E01001069,L7: Intermediate occupations,156,161,-5
E01001069,L8 and L9: Small employers and own account workers,142,101,41
E01001070,"L1, L2 and L3: Higher managerial, administrative and professional occupations",234,152,82
E01001070,L10 and L11: Lower supervisory and technical occupations,48,67,-19
E01001070,L12: Semi-routine occupations,111,122,-11
E01001070,L13: Routine occupations,82,59,23
E01001070,L14.1 and L14.2: Never worked and long-term unemployed,99,71,28
E01001070,L15: Full-time students,115,91,24
E01001070,"L4, L5 and L6: Lower managerial, administrative and professional occupations",337,281,56
E01001070,L7: Intermediate occupations,209,195,14
E01001070,L8 and L9: Small employers and own account workers,167,126,41
E01001071,"L1, L2 and L3: Higher managerial, administrative and professional occupations",263,179,84
E01001071,L10 and L11: Lower supervisory and technical occupations,64,79,-15
E01001071,L12: Semi-routine occupations,125,158,-33
E01001071,L13: Routine occupations,114,86,28
E01001071,L14.1 and L14.2: Never worked and long-term unemployed,80,48,32
E01001071,L15: Full-time students,80,86,-6
E01001071,"L4, L5 and L6: Lower managerial, administrative and professional occupations",377,359,18
E01001071,L7: Intermediate occupations,225,246,-21
E01001071,L8 and L9: Small employers and own account workers,189,133,56
E01001072,"L1, L2 and L3: Higher managerial, administrative and professional occupations",347,215,132
E01001072,L10 and L11: Lower supervisory and technical occupations,42,33,9
E01001072,L12: Semi-routine occupations,62,71,-9
E01001072,L13: Routine occupations,60,24,36
E01001072,L14.1 and L14.2: Never worked and long-term unemployed,63,26,37
E01001072,L15: Full-time students,57,71,-14
E01001072,"L4, L5 and L6: Lower managerial, administrative and professional occupations",320,299,21
E01001072,L7: Intermediate occupations,137,156,-19
E01001072,L8 and L9: Small employers and own account workers,173,140,33
E01001073,"L1, L2 and L3: Higher managerial, administrative and professional occupations",250,199,51
E01001073,L10 and L11: Lower supervisory and technical occupations,52,47,5
E01001073,L12: Semi-routine occupations,100,105,-5
E01001073,L13: Routine occupations,66,47,19
E01001073,L14.1 and L14.2: Never worked and long-term unemployed,89,56,33
E01001073,L15: Full-time students,70,75,-5
E01001073,"L4, L5 and L6: Lower managerial, administrative and professional occupations",290,315,-25
E01001073,L7: Intermediate occupations,135,172,-37
E01001073,L8 and L9: Small employers and own account workers,115,93,22
E01001074,"L1, L2 and L3: Higher managerial, administrative and professional occupations",267,192,75
E01001074,L10 and L11: Lower supervisory and technical occupations,59,85,-26
E01001074,L12: Semi-routine occupations,134,140,-6
E01001074,L13: Routine occupations,92,85,7
E01001074,L14.1 and L14.2: Never worked and long-term unemployed,123,86,37
E01001074,L15: Full-time students,108,110,-2
E01001074,"L4, L5 and L6: Lower managerial, administrative and professional occupations",371,395,-24
E01001074,L7: Intermediate occupations,205,240,-35
E01001074,L8 and L9: Small employers and own account workers,173,131,42
E01001075,"L1, L2 and L3: Higher managerial, administrative and professional occupations",251,162,89
E01001075,L10 and L11: Lower supervisory and technical occupations,56,52,4
E01001075,L12: Semi-routine occupations,107,118,-11
E01001075,L13: Routine occupations,73,48,25
E01001075,L14.1 and L14.2: Never worked and long-term unemployed,80,49,31
E01001075,L15: Full-time students,67,61,6
E01001075,"L4, L5 and L6: Lower managerial, administrative and professional occupations",367,304,63
E01001075,L7: Intermediate occupations,148,189,-41
E01001075,L8 and L9: Small employers and own account workers,140,101,39
E01001076,"L1, L2 and L3: Higher managerial, administrative and professional occupations",62,46,16
E01001076,L10 and L11: Lower supervisory and technical occupations,69,94,-25
E01001076,L12: Semi-routine occupations,174,207,-33
E01001076,L13: Routine occupations,176,162,14
E01001076,L14.1 and L14.2: Never worked and long-term unemployed,149,104,45
E01001076,L15: Full-time students,116,87,29
E01001076,"L4, L5 and L6: Lower managerial, administrative and professional occupations",213,142,71
E01001076,L7: Intermediate occupations,133,152,-19
E01001076,L8 and L9: Small employers and own account workers,119,92,27
E01001077,"L1, L2 and L3: Higher managerial, administrative and professional occupations",87,66,21
E01001077,L10 and L11: Lower supervisory and technical occupations,65,76,-11
E01001077,L12: Semi-routine occupations,126,160,-34
E01001077,L13: Routine occupations,135,120,15
E01001077,L14.1 and L14.2: Never worked and long-term unemployed,77,46,31
E01001077,L15: Full-time students,73,74,-1
E01001077,"L4, L5 and L6: Lower managerial, administrative and professional occupations",234,180,54
E01001077,L7: Intermediate occupations,150,183,-33
E01001077,L8 and L9: Small employers and own account workers,132,127,5
E01001078,"L1, L2 and L3: Higher managerial, administrative and professional occupations",64,52,12
E01001078,L10 and L11: Lower supervisory and technical occupations,75,87,-12
E01001078,L12: Semi-routine occupations,163,189,-26
E01001078,L13: Routine occupations,171,122,49
E01001078,L14.1 and L14.2: Never worked and long-term unemployed,123,79,44
E01001078,L15: Full-time students,97,87,10
E01001078,"L4, L5 and L6: Lower managerial, administrative and professional occupations",160,128,32
E01001078,L7: Intermediate occupations,138,137,1
E01001078,L8 and L9: Small employers and own account workers,111,85,26
E01001079,"L1, L2 and L3: Higher managerial, administrative and professional occupations",90,52,38
E01001079,L10 and L11: Lower supervisory and technical occupations,76,107,-31
E01001079,L12: Semi-routine occupations,183,199,-16
E01001079,L13: Routine occupations,173,153,20
E01001079,L14.1 and L14.2: Never worked and long-term unemployed,155,98,57
E01001079,L15: Full-time students,118,115,3
E01001079,"L4, L5 and L6: Lower managerial, administrative and professional occupations",203,118,85
E01001079,L7: Intermediate occupations,137,153,-16
E01001079,L8 and L9: Small employers and own account workers,127,118,9
E01001080,"L1, L2 and L3: Higher managerial, administrative and professional occupations",66,36,30
E01001080,L10 and L11: Lower supervisory and technical occupations,59,83,-24
E01001080,L12: Semi-routine occupations,167,212,-45
E01001080,L13: Routine occupations,183,168,15
E01001080,L14.1 and L14.2: Never worked and long-term unemployed,207,141,66
E01001080,L15: Full-time students,90,93,-3
E01001080,"L4, L5 and L6: Lower managerial, administrative and professional occupations",160,110,50
E01001080,L7: Intermediate occupations,112,141,-29
E01001080,L8 and L9: Small employers and own account workers,107,78,29
E01001081,"L1, L2 and L3: Higher managerial, administrative and professional occupations",79,34,45
E01001081,L10 and L11: Lower supervisory and technical occupations,64,83,-19
E01001081,L12: Semi-routine occupations,173,178,-5
E01001081,L13: Routine occupations,160,147,13
E01001081,L14.1 and L14.2: Never worked and long-term unemployed,127,96,31
E01001081,L15: Full-time students,91,87,4
E01001081,"L4, L5 and L6: Lower managerial, administrative and professional occupations",169,101,68
E01001081,L7: Intermediate occupations,124,140,-16
E01001081,L8 and L9: Small employers and own account workers,127,91,36
E01001082,"L1, L2 and L3: Higher managerial, administrative and professional occupations",76,47,29
E01001082,L10 and L11: Lower supervisory and technical occupations,87,81,6
E01001082,L12: Semi-routine occupations,153,213,-60
E01001082,L13: Routine occupations,180,163,17
E01001082,L14.1 and L14.2: Never worked and long-term unemployed,120,107,13
E01001082,L15: Full-time students,111,88,23
E01001082,"L4, L5 and L6: Lower managerial, administrative and professional occupations",203,148,55
E01001082,L7: Intermediate occupations,143,150,-7
E01001082,L8 and L9: Small employers and own account workers,129,105,24
E01001083,"L1, L2 and L3: Higher managerial, administrative and professional occupations",225,154,71
E01001083,L10 and L11: Lower supervisory and technical occupations,50,37,13
E01001083,L12: Semi-routine occupations,87,108,-21
E01001083,L13: Routine occupations,81,63,18
E01001083,L14.1 and L14.2: Never worked and long-term unemployed,141,79,62
E01001083,L15: Full-time students,95,132,-37
E01001083,"L4, L5 and L6: Lower managerial, administrative and professional occupations",290,268,22
E01001083,L7: Intermediate occupations,183,165,18
E01001083,L8 and L9: Small employers and own account workers,201,152,49
E01001084,"L1, L2 and L3: Higher managerial, administrative and professional occupations",313,218,95
E01001084,L10 and L11: Lower supervisory and technical occupations,39,51,-12
E01001084,L12: Semi-routine occupations,114,108,6
E01001084,L13: Routine occupations,93,61,32
E01001084,L14.1 and L14.2: Never worked and long-term unemployed,148,89,59
E01001084,L15: Full-time students,136,106,30
E01001084,"L4, L5 and L6: Lower managerial, administrative and professional occupations",354,317,37
E01001084,L7: Intermediate occupations,171,183,-12
E01001084,L8 and L9: Small employers and own account workers,249,181,68
E01001085,"L1, L2 and L3: Higher managerial, administrative and professional occupations",160,115,45
E01001085,L10 and L11: Lower supervisory and technical occupations,56,63,-7
E01001085,L12: Semi-routine occupations,113,130,-17
E01001085,L13: Routine occupations,155,66,89
E01001085,L14.1 and L14.2: Never worked and long-term unemployed,140,88,52
E01001085,L15: Full-time students,104,122,-18
E01001085,"L4, L5 and L6: Lower managerial, administrative and professional occupations",281,222,59
E01001085,L7: Intermediate occupations,165,152,13
E01001085,L8 and L9: Small employers and own account workers,235,180,55
E01001086,"L1, L2 and L3: Higher managerial, administrative and professional occupations",208,134,74
E01001086,L10 and L11: Lower supervisory and technical occupations,58,60,-2
E01001086,L12: Semi-routine occupations,121,123,-2
E01001086,L13: Routine occupations,109,78,31
E01001086,L14.1 and L14.2: Never worked and long-term unemployed,174,114,60
E01001086,L15: Full-time students,107,154,-47
E01001086,"L4, L5 and L6: Lower managerial, administrative and professional occupations",303,297,6
E01001086,L7: Intermediate occupations,170,195,-25
E01001086,L8 and L9: Small employers and own account workers,210,162,48
E01001087,"L1, L2 and L3: Higher managerial, administrative and professional occupations",242,145,97
E01001087,L10 and L11: Lower supervisory and technical occupations,95,72,23
E01001087,L12: Semi-routine occupations,251,173,78
E01001087,L13: Routine occupations,217,135,82
E01001087,L14.1 and L14.2: Never worked and long-term unemployed,282,160,122
E01001087,L15: Full-time students,160,210,-50
E01001087,"L4, L5 and L6: Lower managerial, administrative and professional occupations",422,356,66
E01001087,L7: Intermediate occupations,234,232,2
E01001087,L8 and L9: Small employers and own account workers,338,209,129
E01001088,"L1, L2 and L3: Higher managerial, administrative and professional occupations",171,98,73
E01001088,L10 and L11: Lower supervisory and technical occupations,54,67,-13
E01001088,L12: Semi-routine occupations,146,138,8
E01001088,L13: Routine occupations,114,99,15
E01001088,L14.1 and L14.2: Never worked and long-term unemployed,122,90,32
E01001088,L15: Full-time students,130,138,-8
E01001088,"L4, L5 and L6: Lower managerial, administrative and professional occupations",261,240,21
E01001088,L7: Intermediate occupations,173,187,-14
E01001088,L8 and L9: Small employers and own account workers,190,148,42
E01001089,"L1, L2 and L3: Higher managerial, administrative and professional occupations",139,87,52
E01001089,L10 and L11: Lower supervisory and technical occupations,55,59,-4
E01001089,L12: Semi-routine occupations,169,160,9
E01001089,L13: Routine occupations,139,120,19
E01001089,L14.1 and L14.2: Never worked and long-term unemployed,162,137,25
E01001089,L15: Full-time students,148,172,-24
E01001089,"L4, L5 and L6: Lower managerial, administrative and professional occupations",262,228,34
E01001089,L7: Intermediate occupations,145,167,-22
E01001089,L8 and L9: Small employers and own account workers,214,163,51
E01001090,"L1, L2 and L3: Higher managerial, administrative and professional occupations",214,167,47
E01001090,L10 and L11: Lower supervisory and technical occupations,86,92,-6
E01001090,L12: Semi-routine occupations,197,201,-4
E01001090,L13: Routine occupations,177,129,48
E01001090,L14.1 and L14.2: Never worked and long-term unemployed,190,140,50
E01001090,L15: Full-time students,137,206,-69
E01001090,"L4, L5 and L6: Lower managerial, administrative and professional occupations",330,329,1
E01001090,L7: Intermediate occupations,185,215,-30
E01001090,L8 and L9: Small employers and own account workers,272,150,122
E01001091,"L1, L2 and L3: Higher managerial, administrative and professional occupations",217,126,91
E01001091,L10 and L11: Lower supervisory and technical occupations,49,50,-1
E01001091,L12: Semi-routine occupations,122,114,8
E01001091,L13: Routine occupations,80,54,26
E01001091,L14.1 and L14.2: Never worked and long-term unemployed,112,93,19
E01001091,L15: Full-time students,124,113,11
E01001091,"L4, L5 and L6: Lower managerial, administrative and professional occupations",290,283,7
E01001091,L7: Intermediate occupations,138,186,-48
E01001091,L8 and L9: Small employers and own account workers,190,168,22
E01001092,"L1, L2 and L3: Higher managerial, administrative and professional occupations",393,252,141
E01001092,L10 and L11: Lower supervisory and technical occupations,30,40,-10
E01001092,L12: Semi-routine occupations,105,76,29
E01001092,L13: Routine occupations,68,42,26
E01001092,L14.1 and L14.2: Never worked and long-term unemployed,206,125,81
E01001092,L15: Full-time students,95,100,-5
E01001092,"L4, L5 and L6: Lower managerial, administrative and professional occupations",371,305,66
E01001092,L7: Intermediate occupations,179,156,23
E01001092,L8 and L9: Small employers and own account workers,171,125,46
E01001093,"L1, L2 and L3: Higher managerial, administrative and professional occupations",262,177,85
E01001093,L10 and L11: Lower supervisory and technical occupations,63,59,4
E01001093,L12: Semi-routine occupations,117,126,-9
E01001093,L13: Routine occupations,89,59,30
E01001093,L14.1 and L14.2: Never worked and long-term unemployed,115,75,40
E01001093,L15: Full-time students,104,98,6
E01001093,"L4, L5 and L6: Lower managerial, administrative and professional occupations",334,329,5
E01001093,L7: Intermediate occupations,183,196,-13
E01001093,L8 and L9: Small employers and own account workers,173,114,59
E01001094,"L1, L2 and L3: Higher managerial, administrative and professional occupations",406,259,147
E01001094,L10 and L11: Lower supervisory and technical occupations,25,21,4
E01001094,L12: Semi-routine occupations,58,55,3
E01001094,L13: Routine occupations,36,18,18
E01001094,L14.1 and L14.2: Never worked and long-term unemployed,92,70,22
E01001094,L15: Full-time students,96,106,-10
E01001094,"L4, L5 and L6: Lower managerial, administrative and professional occupations",313,307,6
E01001094,L7: Intermediate occupations,134,146,-12
E01001094,L8 and L9: Small employers and own account workers,209,160,49
E01001095,"L1, L2 and L3: Higher managerial, administrative and professional occupations",165,126,39
E01001095,L10 and L11: Lower supervisory and technical occupations,63,52,11
E01001095,L12: Semi-routine occupations,108,115,-7
E01001095,L13: Routine occupations,88,55,33
E01001095,L14.1 and L14.2: Never worked and long-term unemployed,100,49,51
E01001095,L15: Full-time students,87,96,-9
E01001095,"L4, L5 and L6: Lower managerial, administrative and professional occupations",282,323,-41
E01001095,L7: Intermediate occupations,154,193,-39
E01001095,L8 and L9: Small employers and own account workers,114,103,11
E01001096,"L1, L2 and L3: Higher managerial, administrative and professional occupations",345,251,94
E01001096,L10 and L11: Lower supervisory and technical occupations,29,33,-4
E01001096,L12: Semi-routine occupations,73,76,-3
E01001096,L13: Routine occupations,36,34,2
E01001096,L14.1 and L14.2: Never worked and long-term unemployed,68,39,29
E01001096,L15: Full-time students,57,108,-51
E01001096,"L4, L5 and L6: Lower managerial, administrative and professional occupations",318,304,14
E01001096,L7: Intermediate occupations,149,193,-44
E01001096,L8 and L9: Small employers and own account workers,130,107,23
E01001097,"L1, L2 and L3: Higher managerial, administrative and professional occupations",335,254,81
E01001097,L10 and L11: Lower supervisory and technical occupations,89,51,38
E01001097,L12: Semi-routine occupations,184,160,24
E01001097,L13: Routine occupations,138,99,39
E01001097,L14.1 and L14.2: Never worked and long-term unemployed,213,98,115
E01001097,L15: Full-time students,121,107,14
E01001097,"L4, L5 and L6: Lower managerial, administrative and professional occupations",466,445,21
E01001097,L7: Intermediate occupations,217,246,-29
E01001097,L8 and L9: Small employers and own account workers,200,134,66
E01001098,"L1, L2 and L3: Higher managerial, administrative and professional occupations",358,254,104
E01001098,L10 and L11: Lower supervisory and technical occupations,30,26,4
E01001098,L12: Semi-routine occupations,50,68,-18
E01001098,L13: Routine occupations,32,20,12
E01001098,L14.1 and L14.2: Never worked and long-term unemployed,66,45,21
E01001098,L15: Full-time students,72,73,-1
E01001098,"L4, L5 and L6: Lower managerial, administrative and professional occupations",299,322,-23
E01001098,L7: Intermediate occupations,149,164,-15
E01001098,L8 and L9: Small employers and own account workers,136,91,45
E01001099,"L1, L2 and L3: Higher managerial, administrative and professional occupations",221,176,45
E01001099,L10 and L11: Lower supervisory and technical occupations,40,54,-14
E01001099,L12: Semi-routine occupations,106,109,-3
E01001099,L13: Routine occupations,78,55,23
E01001099,L14.1 and L14.2: Never worked and long-term unemployed,99,80,19
E01001099,L15: Full-time students,82,95,-13
E01001099,"L4, L5 and L6: Lower managerial, administrative and professional occupations",301,273,28
E01001099,L7: Intermediate occupations,158,162,-4
E01001099,L8 and L9: Small employers and own account workers,130,80,50
E01001100,"L1, L2 and L3: Higher managerial, administrative and professional occupations",275,179,96
E01001100,L10 and L11: Lower supervisory and technical occupations,45,42,3
E01001100,L12: Semi-routine occupations,77,99,-22
E01001100,L13: Routine occupations,55,63,-8
E01001100,L14.1 and L14.2: Never worked and long-term unemployed,63,22,41
E01001100,L15: Full-time students,81,59,22
E01001100,"L4, L5 and L6: Lower managerial, administrative and professional occupations",333,306,27
E01001100,L7: Intermediate occupations,188,210,-22
E01001100,L8 and L9: Small employers and own account workers,123,113,10
E01001101,"L1, L2 and L3: Higher managerial, administrative and professional occupations",302,170,132
E01001101,L10 and L11: Lower supervisory and technical occupations,35,33,2
E01001101,L12: Semi-routine occupations,74,80,-6
E01001101,L13: Routine occupations,36,29,7
E01001101,L14.1 and L14.2: Never worked and long-term unemployed,54,27,27
E01001101,L15: Full-time students,62,95,-33
E01001101,"L4, L5 and L6: Lower managerial, administrative and professional occupations",302,302,0
E01001101,L7: Intermediate occupations,163,201,-38
E01001101,L8 and L9: Small employers and own account workers,117,98,19
E01001102,"L1, L2 and L3: Higher managerial, administrative and professional occupations",270,177,93
E01001102,L10 and L11: Lower supervisory and technical occupations,30,36,-6
E01001102,L12: Semi-routine occupations,92,82,10
E01001102,L13: Routine occupations,47,39,8
E01001102,L14.1 and L14.2: Never worked and long-term unemployed,84,27,57
E01001102,L15: Full-time students,57,84,-27
E01001102,"L4, L5 and L6: Lower managerial, administrative and professional occupations",311,261,50
E01001102,L7: Intermediate occupations,176,159,17
E01001102,L8 and L9: Small employers and own account workers,163,131,32
E01001103,"L1, L2 and L3: Higher managerial, administrative and professional occupations",247,143,104
E01001103,L10 and L11: Lower supervisory and technical occupations,51,66,-15
E01001103,L12: Semi-routine occupations,106,100,6
E01001103,L13: Routine occupations,78,51,27
E01001103,L14.1 and L14.2: Never worked and long-term unemployed,94,46,48
E01001103,L15: Full-time students,68,85,-17
E01001103,"L4, L5 and L6: Lower managerial, administrative and professional occupations",356,300,56
E01001103,L7: Intermediate occupations,183,209,-26
E01001103,L8 and L9: Small employers and own account workers,163,127,36
E01001104,"L1, L2 and L3: Higher managerial, administrative and professional occupations",317,230,87
E01001104,L10 and L11: Lower supervisory and technical occupations,36,36,0
E01001104,L12: Semi-routine occupations,95,98,-3
E01001104,L13: Routine occupations,57,46,11
E01001104,L14.1 and L14.2: Never worked and long-term unemployed,76,31,45
E01001104,L15: Full-time students,87,90,-3
E01001104,"L4, L5 and L6: Lower managerial, administrative and professional occupations",355,349,6
E01001104,L7: Intermediate occupations,202,237,-35
E01001104,L8 and L9: Small employers and own account workers,145,107,38
E01001105,"L1, L2 and L3: Higher managerial, administrative and professional occupations",172,102,70
E01001105,L10 and L11: Lower supervisory and technical occupations,67,87,-20
E01001105,L12: Semi-routine occupations,158,177,-19
E01001105,L13: Routine occupations,110,108,2
E01001105,L14.1 and L14.2: Never worked and long-term unemployed,97,53,44
E01001105,L15: Full-time students,92,99,-7
E01001105,"L4, L5 and L6: Lower managerial, administrative and professional occupations",300,235,65
E01001105,L7: Intermediate occupations,189,206,-17
E01001105,L8 and L9: Small employers and own account workers,190,127,63
E01001106,"L1, L2 and L3: Higher managerial, administrative and professional occupations",177,111,66
E01001106,L10 and L11: Lower supervisory and technical occupations,81,85,-4
E01001106,L12: Semi-routine occupations,127,114,13
E01001106,L13: Routine occupations,96,79,17
E01001106,L14.1 and L14.2: Never worked and long-term unemployed,76,46,30
E01001106,L15: Full-time students,84,79,5
E01001106,"L4, L5 and L6: Lower managerial, administrative and professional occupations",249,210,39
E01001106,L7: Intermediate occupations,181,198,-17
E01001106,L8 and L9: Small employers and own account workers,153,129,24
E01001107,"L1, L2 and L3: Higher managerial, administrative and professional occupations",386,256,130
E01001107,L10 and L11: Lower supervisory and technical occupations,31,23,8
E01001107,L12: Semi-routine occupations,64,75,-11
E01001107,L13: Routine occupations,52,35,17
E01001107,L14.1 and L14.2: Never worked and long-term unemployed,99,34,65
E01001107,L15: Full-time students,65,85,-20
E01001107,"L4, L5 and L6: Lower managerial, administrative and professional occupations",343,388,-45
E01001107,L7: Intermediate occupations,178,213,-35
E01001107,L8 and L9: Small employers and own account workers,140,104,36
E01001108,"L1, L2 and L3: Higher managerial, administrative and professional occupations",373,232,141
E01001108,L10 and L11: Lower supervisory and technical occupations,41,36,5
E01001108,L12: Semi-routine occupations,72,96,-24
E01001108,L13: Routine occupations,35,31,4
E01001108,L14.1 and L14.2: Never worked and long-term unemployed,60,31,29
E01001108,L15: Full-time students,72,90,-18
E01001108,"L4, L5 and L6: Lower managerial, administrative and professional occupations",403,410,-7
E01001108,L7: Intermediate occupations,212,201,11
E01001108,L8 and L9: Small employers and own account workers,157,108,49
E01001109,"L1, L2 and L3: Higher managerial, administrative and professional occupations",166,113,53
E01001109,L10 and L11: Lower supervisory and technical occupations,85,71,14
E01001109,L12: Semi-routine occupations,219,203,16
E01001109,L13: Routine occupations,197,120,77
E01001109,L14.1 and L14.2: Never worked and long-term unemployed,228,158,70
E01001109,L15: Full-time students,188,151,37
E01001109,"L4, L5 and L6: Lower managerial, administrative and professional occupations",338,254,84
E01001109,L7: Intermediate occupations,187,175,12
E01001109,L8 and L9: Small employers and own account workers,197,122,75
E01001110,"L1, L2 and L3: Higher managerial, administrative and professional occupations",180,138,42
E01001110,L10 and L11: Lower supervisory and technical occupations,83,74,9
E01001110,L12: Semi-routine occupations,186,162,24
E01001110,L13: Routine occupations,207,113,94
E01001110,L14.1 and L14.2: Never worked and long-term unemployed,188,142,46
E01001110,L15: Full-time students,163,148,15
E01001110,"L4, L5 and L6: Lower managerial, administrative and professional occupations",291,257,34
E01001110,L7: Intermediate occupations,175,206,-31
E01001110,L8 and L9: Small employers and own account workers,152,95,57
E01001111,"L1, L2 and L3: Higher managerial, administrative and professional occupations",147,81,66
E01001111,L10 and L11: Lower supervisory and technical occupations,72,80,-8
E01001111,L12: Semi-routine occupations,147,167,-20
E01001111,L13: Routine occupations,164,89,75
E01001111,L14.1 and L14.2: Never worked and long-term unemployed,128,85,43
E01001111,L15: Full-time students,132,169,-37
E01001111,"L4, L5 and L6: Lower managerial, administrative and professional occupations",273,249,24
E01001111,L7: Intermediate occupations,166,149,17
E01001111,L8 and L9: Small employers and own account workers,163,97,66
E01001112,"L1, L2 and L3: Higher managerial, administrative and professional occupations",177,85,92
E01001112,L10 and L11: Lower supervisory and technical occupations,82,70,12
E01001112,L12: Semi-routine occupations,157,164,-7
E01001112,L13: Routine occupations,160,116,44
E01001112,L14.1 and L14.2: Never worked and long-term unemployed,193,114,79
E01001112,L15: Full-time students,117,137,-20
E01001112,"L4, L5 and L6: Lower managerial, administrative and professional occupations",313,261,52
E01001112,L7: Intermediate occupations,184,169,15
E01001112,L8 and L9: Small employers and own account workers,167,99,68
E01001113,"L1, L2 and L3: Higher managerial, administrative and professional occupations",189,108,81
E01001113,L10 and L11: Lower supervisory and technical occupations,74,80,-6
E01001113,L12: Semi-routine occupations,169,163,6
E01001113,L13: Routine occupations,176,94,82
E01001113,L14.1 and L14.2: Never worked and long-term unemployed,165,104,61
E01001113,L15: Full-time students,108,130,-22
E01001113,"L4, L5 and L6: Lower managerial, administrative and professional occupations",341,296,45
E01001113,L7: Intermediate occupations,175,200,-25
E01001113,L8 and L9: Small employers and own account workers,185,124,61
E01001114,"L1, L2 and L3: Higher managerial, administrative and professional occupations",86,53,33
E01001114,L10 and L11: Lower supervisory and technical occupations,75,63,12
E01001114,L12: Semi-routine occupations,137,151,-14
E01001114,L13: Routine occupations,161,84,77
E01001114,L14.1 and L14.2: Never worked and long-term unemployed,138,120,18
E01001114,L15: Full-time students,121,113,8
E01001114,"L4, L5 and L6: Lower managerial, administrative and professional occupations",178,177,1
E01001114,L7: Intermediate occupations,111,128,-17
E01001114,L8 and L9: Small employers and own account workers,123,72,51
E01001115,"L1, L2 and L3: Higher managerial, administrative and professional occupations",93,50,43
E01001115,L10 and L11: Lower supervisory and technical occupations,53,65,-12
E01001115,L12: Semi-routine occupations,182,187,-5
E01001115,L13: Routine occupations,165,114,51
E01001115,L14.1 and L14.2: Never worked and long-term unemployed,192,161,31
E01001115,L15: Full-time students,169,183,-14
E01001115,"L4, L5 and L6: Lower managerial, administrative and professional occupations",218,180,38
E01001115,L7: Intermediate occupations,158,150,8
E01001115,L8 and L9: Small employers and own account workers,136,82,54
E01001116,"L1, L2 and L3: Higher managerial, administrative and professional occupations",124,60,64
E01001116,L10 and L11: Lower supervisory and technical occupations,41,47,-6
E01001116,L12: Semi-routine occupations,163,135,28
E01001116,L13: Routine occupations,143,95,48
E01001116,L14.1 and L14.2: Never worked and long-term unemployed,132,94,38
E01001116,L15: Full-time students,104,139,-35
E01001116,"L4, L5 and L6: Lower managerial, administrative and professional occupations",218,203,15
E01001116,L7: Intermediate occupations,114,132,-18
E01001116,L8 and L9: Small employers and own account workers,139,68,71
E01001118,"L1, L2 and L3: Higher managerial, administrative and professional occupations",119,80,39
E01001118,L10 and L11: Lower supervisory and technical occupations,97,73,24
E01001118,L12: Semi-routine occupations,229,200,29
E01001118,L13: Routine occupations,198,135,63
E01001118,L14.1 and L14.2: Never worked and long-term unemployed,237,165,72
E01001118,L15: Full-time students,171,175,-4
E01001118,"L4, L5 and L6: Lower managerial, administrative and professional occupations",230,228,2
E01001118,L7: Intermediate occupations,185,175,10
E01001118,L8 and L9: Small employers and own account workers,194,123,71
E01001119,"L1, L2 and L3: Higher managerial, administrative and professional occupations",187,149,38
E01001119,L10 and L11: Lower supervisory and technical occupations,51,75,-24
E01001119,L12: Semi-routine occupations,116,120,-4
E01001119,L13: Routine occupations,81,66,15
E01001119,L14.1 and L14.2: Never worked and long-term unemployed,80,22,58
E01001119,L15: Full-time students,58,67,-9
E01001119,"L4, L5 and L6: Lower managerial, administrative and professional occupations",264,249,15
E01001119,L7: Intermediate occupations,217,261,-44
E01001119,L8 and L9: Small employers and own account workers,116,126,-10
E01001120,"L1, L2 and L3: Higher managerial, administrative and professional occupations",134,105,29
E01001120,L10 and L11: Lower supervisory and technical occupations,61,67,-6
E01001120,L12: Semi-routine occupations,113,112,1
E01001120,L13: Routine occupations,71,57,14
E01001120,L14.1 and L14.2: Never worked and long-term unemployed,84,22,62
E01001120,L15: Full-time students,72,70,2
E01001120,"L4, L5 and L6: Lower managerial, administrative and professional occupations",261,201,60
E01001120,L7: Intermediate occupations,168,199,-31
E01001120,L8 and L9: Small employers and own account workers,126,98,28
E01001121,"L1, L2 and L3: Higher managerial, administrative and professional occupations",274,162,112
E01001121,L10 and L11: Lower supervisory and technical occupations,28,52,-24
E01001121,L12: Semi-routine occupations,77,76,1
E01001121,L13: Routine occupations,46,42,4
E01001121,L14.1 and L14.2: Never worked and long-term unemployed,64,26,38
E01001121,L15: Full-time students,42,60,-18
E01001121,"L4, L5 and L6: Lower managerial, administrative and professional occupations",270,308,-38
E01001121,L7: Intermediate occupations,190,176,14
E01001121,L8 and L9: Small employers and own account workers,137,128,9
E01001122,"L1, L2 and L3: Higher managerial, administrative and professional occupations",261,202,59
E01001122,L10 and L11: Lower supervisory and technical occupations,32,48,-16
E01001122,L12: Semi-routine occupations,79,91,-12
E01001122,L13: Routine occupations,55,46,9
E01001122,L14.1 and L14.2: Never worked and long-term unemployed,64,37,27
E01001122,L15: Full-time students,126,162,-36
E01001122,"L4, L5 and L6: Lower managerial, administrative and professional occupations",291,327,-36
E01001122,L7: Intermediate occupations,123,178,-55
E01001122,L8 and L9: Small employers and own account workers,159,114,45
E01001123,"L1, L2 and L3: Higher managerial, administrative and professional occupations",267,155,112
E01001123,L10 and L11: Lower supervisory and technical occupations,46,52,-6
E01001123,L12: Semi-routine occupations,84,84,0
E01001123,L13: Routine occupations,70,37,33
E01001123,L14.1 and L14.2: Never worked and long-term unemployed,67,27,40
E01001123,L15: Full-time students,93,88,5
E01001123,"L4, L5 and L6: Lower managerial, administrative and professional occupations",321,293,28
E01001123,L7: Intermediate occupations,226,224,2
E01001123,L8 and L9: Small employers and own account workers,168,108,60
E01001124,"L1, L2 and L3: Higher managerial, administrative and professional occupations",276,212,64
E01001124,L10 and L11: Lower supervisory and technical occupations,47,38,9
E01001124,L12: Semi-routine occupations,95,91,4
E01001124,L13: Routine occupations,52,34,18
E01001124,L14.1 and L14.2: Never worked and long-term unemployed,68,32,36
E01001124,L15: Full-time students,57,83,-26
E01001124,"L4, L5 and L6: Lower managerial, administrative and professional occupations",354,325,29
E01001124,L7: Intermediate occupations,205,217,-12
E01001124,L8 and L9: Small employers and own account workers,172,127,45
E01001125,"L1, L2 and L3: Higher managerial, administrative and professional occupations",211,141,70
E01001125,L10 and L11: Lower supervisory and technical occupations,57,70,-13
E01001125,L12: Semi-routine occupations,115,114,1
E01001125,L13: Routine occupations,71,65,6
E01001125,L14.1 and L14.2: Never worked and long-term unemployed,97,77,20
E01001125,L15: Full-time students,94,105,-11
E01001125,"L4, L5 and L6: Lower managerial, administrative and professional occupations",312,307,5
E01001125,L7: Intermediate occupations,206,240,-34
E01001125,L8 and L9: Small employers and own account workers,156,135,21
E01001126,"L1, L2 and L3: Higher managerial, administrative and professional occupations",165,126,39
E01001126,L10 and L11: Lower supervisory and technical occupations,44,56,-12
E01001126,L12: Semi-routine occupations,143,115,28
E01001126,L13: Routine occupations,72,70,2
E01001126,L14.1 and L14.2: Never worked and long-term unemployed,65,27,38
E01001126,L15: Full-time students,47,65,-18
E01001126,"L4, L5 and L6: Lower managerial, administrative and professional occupations",295,274,21
E01001126,L7: Intermediate occupations,215,225,-10
E01001126,L8 and L9: Small employers and own account workers,132,103,29
E01001127,"L1, L2 and L3: Higher managerial, administrative and professional occupations",253,152,101
E01001127,L10 and L11: Lower supervisory and technical occupations,49,59,-10
E01001127,L12: Semi-routine occupations,121,120,1
E01001127,L13: Routine occupations,75,54,21
E01001127,L14.1 and L14.2: Never worked and long-term unemployed,93,40,53
E01001127,L15: Full-time students,90,90,0
E01001127,"L4, L5 and L6: Lower managerial, administrative and professional occupations",337,311,26
E01001127,L7: Intermediate occupations,190,269,-79
E01001127,L8 and L9: Small employers and own account workers,150,115,35
E01001128,"L1, L2 and L3: Higher managerial, administrative and professional occupations",82,62,20
E01001128,L10 and L11: Lower supervisory and technical occupations,49,60,-11
E01001128,L12: Semi-routine occupations,170,173,-3
E01001128,L13: Routine occupations,133,117,16
E01001128,L14.1 and L14.2: Never worked and long-term unemployed,169,119,50
E01001128,L15: Full-time students,153,129,24
E01001128,"L4, L5 and L6: Lower managerial, administrative and professional occupations",184,179,5
E01001128,L7: Intermediate occupations,146,160,-14
E01001128,L8 and L9: Small employers and own account workers,103,72,31
E01001129,"L1, L2 and L3: Higher managerial, administrative and professional occupations",236,150,86
E01001129,L10 and L11: Lower supervisory and technical occupations,50,54,-4
E01001129,L12: Semi-routine occupations,82,107,-25
E01001129,L13: Routine occupations,76,45,31
E01001129,L14.1 and L14.2: Never worked and long-term unemployed,68,20,48
E01001129,L15: Full-time students,76,98,-22
E01001129,"L4, L5 and L6: Lower managerial, administrative and professional occupations",290,303,-13
E01001129,L7: Intermediate occupations,179,200,-21
E01001129,L8 and L9: Small employers and own account workers,129,115,14
E01001130,"L1, L2 and L3: Higher managerial, administrative and professional occupations",65,35,30
E01001130,L10 and L11: Lower supervisory and technical occupations,51,60,-9
E01001130,L12: Semi-routine occupations,164,177,-13
E01001130,L13: Routine occupations,152,126,26
E01001130,L14.1 and L14.2: Never worked and long-term unemployed,171,166,5
E01001130,L15: Full-time students,198,162,36
E01001130,"L4, L5 and L6: Lower managerial, administrative and professional occupations",168,150,18
E01001130,L7: Intermediate occupations,118,110,8
E01001130,L8 and L9: Small employers and own account workers,86,67,19
E01001131,"L1, L2 and L3: Higher managerial, administrative and professional occupations",172,96,76
E01001131,L10 and L11: Lower supervisory and technical occupations,44,76,-32
E01001131,L12: Semi-routine occupations,115,143,-28
E01001131,L13: Routine occupations,92,61,31
E01001131,L14.1 and L14.2: Never worked and long-term unemployed,72,39,33
E01001131,L15: Full-time students,72,76,-4
E01001131,"L4, L5 and L6: Lower managerial, administrative and professional occupations",315,270,45
E01001131,L7: Intermediate occupations,192,233,-41
E01001131,L8 and L9: Small employers and own account workers,133,133,0
E01001132,"L1, L2 and L3: Higher managerial, administrative and professional occupations",223,138,85
E01001132,L10 and L11: Lower supervisory and technical occupations,64,73,-9
E01001132,L12: Semi-routine occupations,128,107,21
E01001132,L13: Routine occupations,76,48,28
E01001132,L14.1 and L14.2: Never worked and long-term unemployed,98,43,55
E01001132,L15: Full-time students,68,101,-33
E01001132,"L4, L5 and L6: Lower managerial, administrative and professional occupations",282,258,24
E01001132,L7: Intermediate occupations,231,229,2
E01001132,L8 and L9: Small employers and own account workers,178,114,64
E01001133,"L1, L2 and L3: Higher managerial, administrative and professional occupations",212,143,69
E01001133,L10 and L11: Lower supervisory and technical occupations,50,51,-1
E01001133,L12: Semi-routine occupations,127,93,34
E01001133,L13: Routine occupations,75,63,12
E01001133,L14.1 and L14.2: Never worked and long-term unemployed,112,55,57
E01001133,L15: Full-time students,66,66,0
E01001133,"L4, L5 and L6: Lower managerial, administrative and professional occupations",344,245,99
E01001133,L7: Intermediate occupations,230,199,31
E01001133,L8 and L9: Small employers and own account workers,181,138,43
E01001134,"L1, L2 and L3: Higher managerial, administrative and professional occupations",210,148,62
E01001134,L10 and L11: Lower supervisory and technical occupations,60,69,-9
E01001134,L12: Semi-routine occupations,110,126,-16
E01001134,L13: Routine occupations,93,66,27
E01001134,L14.1 and L14.2: Never worked and long-term unemployed,84,48,36
E01001134,L15: Full-time students,90,91,-1
E01001134,"L4, L5 and L6: Lower managerial, administrative and professional occupations",337,340,-3
E01001134,L7: Intermediate occupations,197,210,-13
E01001134,L8 and L9: Small employers and own account workers,162,136,26
E01001135,"L1, L2 and L3: Higher managerial, administrative and professional occupations",212,171,41
E01001135,L10 and L11: Lower supervisory and technical occupations,51,54,-3
E01001135,L12: Semi-routine occupations,129,121,8
E01001135,L13: Routine occupations,70,56,14
E01001135,L14.1 and L14.2: Never worked and long-term unemployed,99,41,58
E01001135,L15: Full-time students,86,103,-17
E01001135,"L4, L5 and L6: Lower managerial, administrative and professional occupations",341,283,58
E01001135,L7: Intermediate occupations,233,239,-6
E01001135,L8 and L9: Small employers and own account workers,176,143,33
E01001136,"L1, L2 and L3: Higher managerial, administrative and professional occupations",236,101,135
E01001136,L10 and L11: Lower supervisory and technical occupations,64,69,-5
E01001136,L12: Semi-routine occupations,188,174,14
E01001136,L13: Routine occupations,162,129,33
E01001136,L14.1 and L14.2: Never worked and long-term unemployed,156,160,-4
E01001136,L15: Full-time students,95,116,-21
E01001136,"L4, L5 and L6: Lower managerial, administrative and professional occupations",369,287,82
E01001136,L7: Intermediate occupations,202,221,-19
E01001136,L8 and L9: Small employers and own account workers,196,144,52
E01001137,"L1, L2 and L3: Higher managerial, administrative and professional occupations",362,187,175
E01001137,L10 and L11: Lower supervisory and technical occupations,64,68,-4
E01001137,L12: Semi-routine occupations,108,116,-8
E01001137,L13: Routine occupations,108,72,36
E01001137,L14.1 and L14.2: Never worked and long-term unemployed,137,100,37
E01001137,L15: Full-time students,85,101,-16
E01001137,"L4, L5 and L6: Lower managerial, administrative and professional occupations",494,404,90
E01001137,L7: Intermediate occupations,194,165,29
E01001137,L8 and L9: Small employers and own account workers,167,127,40
E01001138,"L1, L2 and L3: Higher managerial, administrative and professional occupations",277,217,60
E01001138,L10 and L11: Lower supervisory and technical occupations,32,50,-18
E01001138,L12: Semi-routine occupations,91,95,-4
E01001138,L13: Routine occupations,70,56,14
E01001138,L14.1 and L14.2: Never worked and long-term unemployed,86,49,37
E01001138,L15: Full-time students,72,84,-12
E01001138,"L4, L5 and L6: Lower managerial, administrative and professional occupations",359,375,-16
E01001138,L7: Intermediate occupations,120,162,-42
E01001138,L8 and L9: Small employers and own account workers,104,92,12
E01001139,"L1, L2 and L3: Higher managerial, administrative and professional occupations",191,119,72
E01001139,L10 and L11: Lower supervisory and technical occupations,62,62,0
E01001139,L12: Semi-routine occupations,116,139,-23
E01001139,L13: Routine occupations,129,77,52
E01001139,L14.1 and L14.2: Never worked and long-term unemployed,90,75,15
E01001139,L15: Full-time students,94,120,-26
E01001139,"L4, L5 and L6: Lower managerial, administrative and professional occupations",377,307,70
E01001139,L7: Intermediate occupations,166,203,-37
E01001139,L8 and L9: Small employers and own account workers,128,94,34
E01001140,"L1, L2 and L3: Higher managerial, administrative and professional occupations",267,146,121
E01001140,L10 and L11: Lower supervisory and technical occupations,42,56,-14
E01001140,L12: Semi-routine occupations,110,122,-12
E01001140,L13: Routine occupations,98,62,36
E01001140,L14.1 and L14.2: Never worked and long-term unemployed,95,81,14
E01001140,L15: Full-time students,80,101,-21
E01001140,"L4, L5 and L6: Lower managerial, administrative and professional occupations",348,351,-3
E01001140,L7: Intermediate occupations,143,181,-38
E01001140,L8 and L9: Small employers and own account workers,139,111,28
E01001141,"L1, L2 and L3: Higher managerial, administrative and professional occupations",148,68,80
E01001141,L10 and L11: Lower supervisory and technical occupations,53,57,-4
E01001141,L12: Semi-routine occupations,114,113,1
E01001141,L13: Routine occupations,92,75,17
E01001141,L14.1 and L14.2: Never worked and long-term unemployed,97,66,31
E01001141,L15: Full-time students,64,92,-28
E01001141,"L4, L5 and L6: Lower managerial, administrative and professional occupations",222,188,34
E01001141,L7: Intermediate occupations,126,150,-24
E01001141,L8 and L9: Small employers and own account workers,107,100,7
E01001142,"L1, L2 and L3: Higher managerial, administrative and professional occupations",252,149,103
E01001142,L10 and L11: Lower supervisory and technical occupations,66,45,21
E01001142,L12: Semi-routine occupations,142,116,26
E01001142,L13: Routine occupations,111,56,55
E01001142,L14.1 and L14.2: Never worked and long-term unemployed,125,62,63
E01001142,L15: Full-time students,138,100,38
E01001142,"L4, L5 and L6: Lower managerial, administrative and professional occupations",414,300,114
E01001142,L7: Intermediate occupations,165,173,-8
E01001142,L8 and L9: Small employers and own account workers,148,118,30
E01001143,"L1, L2 and L3: Higher managerial, administrative and professional occupations",195,107,88
E01001143,L10 and L11: Lower supervisory and technical occupations,73,104,-31
E01001143,L12: Semi-routine occupations,150,183,-33
E01001143,L13: Routine occupations,165,129,36
E01001143,L14.1 and L14.2: Never worked and long-term unemployed,157,133,24
E01001143,L15: Full-time students,106,151,-45
E01001143,"L4, L5 and L6: Lower managerial, administrative and professional occupations",298,283,15
E01001143,L7: Intermediate occupations,189,178,11
E01001143,L8 and L9: Small employers and own account workers,192,103,89
E01001144,"L1, L2 and L3: Higher managerial, administrative and professional occupations",193,91,102
E01001144,L10 and L11: Lower supervisory and technical occupations,62,72,-10
E01001144,L12: Semi-routine occupations,155,146,9
E01001144,L13: Routine occupations,130,98,32
E01001144,L14.1 and L14.2: Never worked and long-term unemployed,162,143,19
E01001144,L15: Full-time students,134,162,-28
E01001144,"L4, L5 and L6: Lower managerial, administrative and professional occupations",346,265,81
E01001144,L7: Intermediate occupations,139,168,-29
E01001144,L8 and L9: Small employers and own account workers,139,105,34
E01001145,"L1, L2 and L3: Higher managerial, administrative and professional occupations",140,52,88
E01001145,L10 and L11: Lower supervisory and technical occupations,67,75,-8
E01001145,L12: Semi-routine occupations,170,173,-3
E01001145,L13: Routine occupations,163,130,33
E01001145,L14.1 and L14.2: Never worked and long-term unemployed,182,110,72
E01001145,L15: Full-time students,120,152,-32
E01001145,"L4, L5 and L6: Lower managerial, administrative and professional occupations",248,226,22
E01001145,L7: Intermediate occupations,161,170,-9
E01001145,L8 and L9: Small employers and own account workers,132,122,10
E01001146,"L1, L2 and L3: Higher managerial, administrative and professional occupations",119,81,38
E01001146,L10 and L11: Lower supervisory and technical occupations,59,50,9
E01001146,L12: Semi-routine occupations,134,153,-19
E01001146,L13: Routine occupations,128,111,17
E01001146,L14.1 and L14.2: Never worked and long-term unemployed,128,89,39
E01001146,L15: Full-time students,107,149,-42
E01001146,"L4, L5 and L6: Lower managerial, administrative and professional occupations",263,265,-2
E01001146,L7: Intermediate occupations,159,190,-31
E01001146,L8 and L9: Small employers and own account workers,147,102,45
E01001147,"L1, L2 and L3: Higher managerial, administrative and professional occupations",102,70,32
E01001147,L10 and L11: Lower supervisory and technical occupations,61,58,3
E01001147,L12: Semi-routine occupations,154,156,-2
E01001147,L13: Routine occupations,150,105,45
E01001147,L14.1 and L14.2: Never worked and long-term unemployed,178,133,45
E01001147,L15: Full-time students,132,163,-31
E01001147,"L4, L5 and L6: Lower managerial, administrative and professional occupations",255,191,64
E01001147,L7: Intermediate occupations,152,138,14
E01001147,L8 and L9: Small employers and own account workers,174,91,83
E01001148,"L1, L2 and L3: Higher managerial, administrative and professional occupations",150,90,60
E01001148,L10 and L11: Lower supervisory and technical occupations,60,57,3
E01001148,L12: Semi-routine occupations,168,156,12
E01001148,L13: Routine occupations,146,103,43
E01001148,L14.1 and L14.2: Never worked and long-term unemployed,113,106,7
E01001148,L15: Full-time students,162,126,36
E01001148,"L4, L5 and L6: Lower managerial, administrative and professional occupations",284,242,42
E01001148,L7: Intermediate occupations,188,185,3
E01001148,L8 and L9: Small employers and own account workers,158,93,65
E01001149,"L1, L2 and L3: Higher managerial, administrative and professional occupations",159,88,71
E01001149,L10 and L11: Lower supervisory and technical occupations,48,59,-11
E01001149,L12: Semi-routine occupations,93,111,-18
E01001149,L13: Routine occupations,119,67,52
E01001149,L14.1 and L14.2: Never worked and long-term unemployed,111,92,19
E01001149,L15: Full-time students,107,119,-12
E01001149,"L4, L5 and L6: Lower managerial, administrative and professional occupations",288,284,4
E01001149,L7: Intermediate occupations,154,179,-25
E01001149,L8 and L9: Small employers and own account workers,137,103,34
E01001150,"L1, L2 and L3: Higher managerial, administrative and professional occupations",226,127,99
E01001150,L10 and L11: Lower supervisory and technical occupations,50,56,-6
E01001150,L12: Semi-routine occupations,113,103,10
E01001150,L13: Routine occupations,95,86,9
E01001150,L14.1 and L14.2: Never worked and long-term unemployed,105,76,29
E01001150,L15: Full-time students,109,149,-40
E01001150,"L4, L5 and L6: Lower managerial, administrative and professional occupations",343,328,15
E01001150,L7: Intermediate occupations,159,164,-5
E01001150,L8 and L9: Small employers and own account workers,167,97,70
E01001151,"L1, L2 and L3: Higher managerial, administrative and professional occupations",97,55,42
E01001151,L10 and L11: Lower supervisory and technical occupations,96,63,33
E01001151,L12: Semi-routine occupations,162,160,2
E01001151,L13: Routine occupations,174,117,57
E01001151,L14.1 and L14.2: Never worked and long-term unemployed,216,140,76
E01001151,L15: Full-time students,155,145,10
E01001151,"L4, L5 and L6: Lower managerial, administrative and professional occupations",212,186,26
E01001151,L7: Intermediate occupations,141,151,-10
E01001151,L8 and L9: Small employers and own account workers,152,121,31
E01001152,"L1, L2 and L3: Higher managerial, administrative and professional occupations",117,82,35
E01001152,L10 and L11: Lower supervisory and technical occupations,81,75,6
E01001152,L12: Semi-routine occupations,220,148,72
E01001152,L13: Routine occupations,205,117,88
E01001152,L14.1 and L14.2: Never worked and long-term unemployed,195,131,64
E01001152,L15: Full-time students,140,140,0
E01001152,"L4, L5 and L6: Lower managerial, administrative and professional occupations",212,210,2
E01001152,L7: Intermediate occupations,188,156,32
E01001152,L8 and L9: Small employers and own account workers,249,117,132
E01001153,"L1, L2 and L3: Higher managerial, administrative and professional occupations",151,78,73
E01001153,L10 and L11: Lower supervisory and technical occupations,60,59,1
E01001153,L12: Semi-routine occupations,122,158,-36
E01001153,L13: Routine occupations,134,70,64
E01001153,L14.1 and L14.2: Never worked and long-term unemployed,142,81,61
E01001153,L15: Full-time students,122,161,-39
E01001153,"L4, L5 and L6: Lower managerial, administrative and professional occupations",286,250,36
E01001153,L7: Intermediate occupations,182,191,-9
E01001153,L8 and L9: Small employers and own account workers,165,112,53
E01001154,"L1, L2 and L3: Higher managerial, administrative and professional occupations",135,70,65
E01001154,L10 and L11: Lower supervisory and technical occupations,78,90,-12
E01001154,L12: Semi-routine occupations,186,206,-20
E01001154,L13: Routine occupations,187,120,67
E01001154,L14.1 and L14.2: Never worked and long-term unemployed,138,158,-20
E01001154,L15: Full-time students,176,177,-1
E01001154,"L4, L5 and L6: Lower managerial, administrative and professional occupations",279,237,42
E01001154,L7: Intermediate occupations,166,154,12
E01001154,L8 and L9: Small employers and own account workers,221,141,80
E01001155,"L1, L2 and L3: Higher managerial, administrative and professional occupations",88,62,26
E01001155,L10 and L11: Lower supervisory and technical occupations,58,81,-23
E01001155,L12: Semi-routine occupations,180,158,22
E01001155,L13: Routine occupations,165,113,52
E01001155,L14.1 and L14.2: Never worked and long-term unemployed,304,158,146
E01001155,L15: Full-time students,135,154,-19
E01001155,"L4, L5 and L6: Lower managerial, administrative and professional occupations",232,213,19
E01001155,L7: Intermediate occupations,139,151,-12
E01001155,L8 and L9: Small employers and own account workers,125,79,46
E01001156,"L1, L2 and L3: Higher managerial, administrative and professional occupations",227,143,84
E01001156,L10 and L11: Lower supervisory and technical occupations,54,61,-7
E01001156,L12: Semi-routine occupations,92,122,-30
E01001156,L13: Routine occupations,117,78,39
E01001156,L14.1 and L14.2: Never worked and long-term unemployed,157,100,57
E01001156,L15: Full-time students,103,132,-29
E01001156,"L4, L5 and L6: Lower managerial, administrative and professional occupations",384,278,106
E01001156,L7: Intermediate occupations,145,147,-2
E01001156,L8 and L9: Small employers and own account workers,156,122,34
E01001157,"L1, L2 and L3: Higher managerial, administrative and professional occupations",182,142,40
E01001157,L10 and L11: Lower supervisory and technical occupations,56,56,0
E01001157,L12: Semi-routine occupations,138,135,3
E01001157,L13: Routine occupations,115,87,28
E01001157,L14.1 and L14.2: Never worked and long-term unemployed,165,91,74
E01001157,L15: Full-time students,119,138,-19
E01001157,"L4, L5 and L6: Lower managerial, administrative and professional occupations",303,268,35
E01001157,L7: Intermediate occupations,169,167,2
E01001157,L8 and L9: Small employers and own account workers,200,175,25
E01001158,"L1, L2 and L3: Higher managerial, administrative and professional occupations",181,99,82
E01001158,L10 and L11: Lower supervisory and technical occupations,66,65,1
E01001158,L12: Semi-routine occupations,112,119,-7
E01001158,L13: Routine occupations,109,96,13
E01001158,L14.1 and L14.2: Never worked and long-term unemployed,95,80,15
E01001158,L15: Full-time students,64,120,-56
E01001158,"L4, L5 and L6: Lower managerial, administrative and professional occupations",288,255,33
E01001158,L7: Intermediate occupations,144,191,-47
E01001158,L8 and L9: Small employers and own account workers,148,116,32
E01001159,"L1, L2 and L3: Higher managerial, administrative and professional occupations",276,154,122
E01001159,L10 and L11: Lower supervisory and technical occupations,63,66,-3
E01001159,L12: Semi-routine occupations,102,116,-14
E01001159,L13: Routine occupations,129,85,44
E01001159,L14.1 and L14.2: Never worked and long-term unemployed,123,81,42
E01001159,L15: Full-time students,102,114,-12
E01001159,"L4, L5 and L6: Lower managerial, administrative and professional occupations",353,338,15
E01001159,L7: Intermediate occupations,142,191,-49
E01001159,L8 and L9: Small employers and own account workers,234,194,40
E01001160,"L1, L2 and L3: Higher managerial, administrative and professional occupations",172,149,23
E01001160,L10 and L11: Lower supervisory and technical occupations,58,73,-15
E01001160,L12: Semi-routine occupations,129,144,-15
E01001160,L13: Routine occupations,111,71,40
E01001160,L14.1 and L14.2: Never worked and long-term unemployed,146,122,24
E01001160,L15: Full-time students,144,184,-40
E01001160,"L4, L5 and L6: Lower managerial, administrative and professional occupations",328,285,43
E01001160,L7: Intermediate occupations,206,203,3
E01001160,L8 and L9: Small employers and own account workers,261,206,55
E01001161,"L1, L2 and L3: Higher managerial, administrative and professional occupations",109,61,48
E01001161,L10 and L11: Lower supervisory and technical occupations,76,70,6
E01001161,L12: Semi-routine occupations,168,193,-25
E01001161,L13: Routine occupations,164,126,38
E01001161,L14.1 and L14.2: Never worked and long-term unemployed,228,200,28
E01001161,L15: Full-time students,146,209,-63
E01001161,"L4, L5 and L6: Lower managerial, administrative and professional occupations",220,194,26
E01001161,L7: Intermediate occupations,155,162,-7
E01001161,L8 and L9: Small employers and own account workers,155,112,43
E01001162,"L1, L2 and L3: Higher managerial, administrative and professional occupations",198,135,63
E01001162,L10 and L11: Lower supervisory and technical occupations,48,49,-1
E01001162,L12: Semi-routine occupations,169,139,30
E01001162,L13: Routine occupations,128,124,4
E01001162,L14.1 and L14.2: Never worked and long-term unemployed,130,112,18
E01001162,L15: Full-time students,116,114,2
E01001162,"L4, L5 and L6: Lower managerial, administrative and professional occupations",337,314,23
E01001162,L7: Intermediate occupations,184,148,36
E01001162,L8 and L9: Small employers and own account workers,131,126,5
E01001163,"L1, L2 and L3: Higher managerial, administrative and professional occupations",312,174,138
E01001163,L10 and L11: Lower supervisory and technical occupations,59,78,-19
E01001163,L12: Semi-routine occupations,119,133,-14
E01001163,L13: Routine occupations,119,109,10
E01001163,L14.1 and L14.2: Never worked and long-term unemployed,131,77,54
E01001163,L15: Full-time students,107,121,-14
E01001163,"L4, L5 and L6: Lower managerial, administrative and professional occupations",400,367,33
E01001163,L7: Intermediate occupations,158,187,-29
E01001163,L8 and L9: Small employers and own account workers,198,171,27
E01001164,"L1, L2 and L3: Higher managerial, administrative and professional occupations",329,229,100
E01001164,L10 and L11: Lower supervisory and technical occupations,66,68,-2
E01001164,L12: Semi-routine occupations,136,144,-8
E01001164,L13: Routine occupations,106,70,36
E01001164,L14.1 and L14.2: Never worked and long-term unemployed,109,93,16
E01001164,L15: Full-time students,78,87,-9
E01001164,"L4, L5 and L6: Lower managerial, administrative and professional occupations",510,486,24
E01001164,L7: Intermediate occupations,139,210,-71
E01001164,L8 and L9: Small employers and own account workers,202,163,39
E01001165,"L1, L2 and L3: Higher managerial, administrative and professional occupations",222,119,103
E01001165,L10 and L11: Lower supervisory and technical occupations,64,92,-28
E01001165,L12: Semi-routine occupations,137,135,2
E01001165,L13: Routine occupations,141,108,33
E01001165,L14.1 and L14.2: Never worked and long-term unemployed,124,68,56
E01001165,L15: Full-time students,108,108,0
E01001165,"L4, L5 and L6: Lower managerial, administrative and professional occupations",312,298,14
E01001165,L7: Intermediate occupations,188,188,0
E01001165,L8 and L9: Small employers and own account workers,182,122,60
E01001166,"L1, L2 and L3: Higher managerial, administrative and professional occupations",143,123,20
E01001166,L10 and L11: Lower supervisory and technical occupations,78,80,-2
E01001166,L12: Semi-routine occupations,178,186,-8
E01001166,L13: Routine occupations,151,126,25
E01001166,L14.1 and L14.2: Never worked and long-term unemployed,200,101,99
E01001166,L15: Full-time students,132,137,-5
E01001166,"L4, L5 and L6: Lower managerial, administrative and professional occupations",263,249,14
E01001166,L7: Intermediate occupations,174,208,-34
E01001166,L8 and L9: Small employers and own account workers,193,118,75
E01001167,"L1, L2 and L3: Higher managerial, administrative and professional occupations",252,184,68
E01001167,L10 and L11: Lower supervisory and technical occupations,88,111,-23
E01001167,L12: Semi-routine occupations,193,177,16
E01001167,L13: Routine occupations,160,113,47
E01001167,L14.1 and L14.2: Never worked and long-term unemployed,139,122,17
E01001167,L15: Full-time students,202,156,46
E01001167,"L4, L5 and L6: Lower managerial, administrative and professional occupations",366,364,2
E01001167,L7: Intermediate occupations,235,242,-7
E01001167,L8 and L9: Small employers and own account workers,181,130,51
E01001168,"L1, L2 and L3: Higher managerial, administrative and professional occupations",188,149,39
E01001168,L10 and L11: Lower supervisory and technical occupations,83,65,18
E01001168,L12: Semi-routine occupations,138,148,-10
E01001168,L13: Routine occupations,175,90,85
E01001168,L14.1 and L14.2: Never worked and long-term unemployed,90,63,27
E01001168,L15: Full-time students,97,119,-22
E01001168,"L4, L5 and L6: Lower managerial, administrative and professional occupations",309,338,-29
E01001168,L7: Intermediate occupations,217,231,-14
E01001168,L8 and L9: Small employers and own account workers,181,115,66
E01001169,"L1, L2 and L3: Higher managerial, administrative and professional occupations",138,83,55
E01001169,L10 and L11: Lower supervisory and technical occupations,62,83,-21
E01001169,L12: Semi-routine occupations,166,180,-14
E01001169,L13: Routine occupations,154,146,8
E01001169,L14.1 and L14.2: Never worked and long-term unemployed,161,95,66
E01001169,L15: Full-time students,136,124,12
E01001169,"L4, L5 and L6: Lower managerial, administrative and professional occupations",221,192,29
E01001169,L7: Intermediate occupations,188,153,35
E01001169,L8 and L9: Small employers and own account workers,130,86,44
E01001170,"L1, L2 and L3: Higher managerial, administrative and professional occupations",224,200,24
E01001170,L10 and L11: Lower supervisory and technical occupations,76,96,-20
E01001170,L12: Semi-routine occupations,176,166,10
E01001170,L13: Routine occupations,130,104,26
E01001170,L14.1 and L14.2: Never worked and long-term unemployed,163,104,59
E01001170,L15: Full-time students,93,127,-34
E01001170,"L4, L5 and L6: Lower managerial, administrative and professional occupations",341,331,10
E01001170,L7: Intermediate occupations,187,241,-54
E01001170,L8 and L9: Small employers and own account workers,148,127,21
E01001171,"L1, L2 and L3: Higher managerial, administrative and professional occupations",200,130,70
E01001171,L10 and L11: Lower supervisory and technical occupations,57,75,-18
E01001171,L12: Semi-routine occupations,134,145,-11
E01001171,L13: Routine occupations,115,90,25
E01001171,L14.1 and L14.2: Never worked and long-term unemployed,212,79,133
E01001171,L15: Full-time students,136,112,24
E01001171,"L4, L5 and L6: Lower managerial, administrative and professional occupations",257,231,26
E01001171,L7: Intermediate occupations,172,159,13
E01001171,L8 and L9: Small employers and own account workers,125,103,22
E01001172,"L1, L2 and L3: Higher managerial, administrative and professional occupations",89,48,41
E01001172,L10 and L11: Lower supervisory and technical occupations,89,87,2
E01001172,L12: Semi-routine occupations,225,178,47
E01001172,L13: Routine occupations,215,149,66
E01001172,L14.1 and L14.2: Never worked and long-term unemployed,225,149,76
E01001172,L15: Full-time students,177,152,25
E01001172,"L4, L5 and L6: Lower managerial, administrative and professional occupations",267,188,79
E01001172,L7: Intermediate occupations,175,141,34
E01001172,L8 and L9: Small employers and own account workers,161,106,55
E01001173,"L1, L2 and L3: Higher managerial, administrative and professional occupations",352,223,129
E01001173,L10 and L11: Lower supervisory and technical occupations,93,89,4
E01001173,L12: Semi-routine occupations,218,209,9
E01001173,L13: Routine occupations,160,117,43
E01001173,L14.1 and L14.2: Never worked and long-term unemployed,195,120,75
E01001173,L15: Full-time students,167,169,-2
E01001173,"L4, L5 and L6: Lower managerial, administrative and professional occupations",481,482,-1
E01001173,L7: Intermediate occupations,266,273,-7
E01001173,L8 and L9: Small employers and own account workers,225,174,51
E01001174,"L1, L2 and L3: Higher managerial, administrative and professional occupations",101,71,30
E01001174,L10 and L11: Lower supervisory and technical occupations,52,55,-3
E01001174,L12: Semi-routine occupations,165,194,-29
E01001174,L13: Routine occupations,130,76,54
E01001174,L14.1 and L14.2: Never worked and long-term unemployed,190,96,94
E01001174,L15: Full-time students,149,160,-11
E01001174,"L4, L5 and L6: Lower managerial, administrative and professional occupations",224,210,14
E01001174,L7: Intermediate occupations,149,169,-20
E01001174,L8 and L9: Small employers and own account workers,159,115,44
E01001175,"L1, L2 and L3: Higher managerial, administrative and professional occupations",114,78,36
E01001175,L10 and L11: Lower supervisory and technical occupations,47,50,-3
E01001175,L12: Semi-routine occupations,125,153,-28
E01001175,L13: Routine occupations,133,94,39
E01001175,L14.1 and L14.2: Never worked and long-term unemployed,212,124,88
E01001175,L15: Full-time students,124,152,-28
E01001175,"L4, L5 and L6: Lower managerial, administrative and professional occupations",221,169,52
E01001175,L7: Intermediate occupations,161,159,2
E01001175,L8 and L9: Small employers and own account workers,137,114,23
E01001176,"L1, L2 and L3: Higher managerial, administrative and professional occupations",126,93,33
E01001176,L10 and L11: Lower supervisory and technical occupations,41,60,-19
E01001176,L12: Semi-routine occupations,189,203,-14
E01001176,L13: Routine occupations,157,101,56
E01001176,L14.1 and L14.2: Never worked and long-term unemployed,226,145,81
E01001176,L15: Full-time students,131,175,-44
E01001176,"L4, L5 and L6: Lower managerial, administrative and professional occupations",247,228,19
E01001176,L7: Intermediate occupations,160,190,-30
E01001176,L8 and L9: Small employers and own account workers,155,126,29
E01001177,"L1, L2 and L3: Higher managerial, administrative and professional occupations",77,57,20
E01001177,L10 and L11: Lower supervisory and technical occupations,54,70,-16
E01001177,L12: Semi-routine occupations,190,173,17
E01001177,L13: Routine occupations,162,103,59
E01001177,L14.1 and L14.2: Never worked and long-term unemployed,173,111,62
E01001177,L15: Full-time students,180,197,-17
E01001177,"L4, L5 and L6: Lower managerial, administrative and professional occupations",231,199,32
E01001177,L7: Intermediate occupations,131,143,-12
E01001177,L8 and L9: Small employers and own account workers,120,79,41
E01001178,"L1, L2 and L3: Higher managerial, administrative and professional occupations",73,52,21
E01001178,L10 and L11: Lower supervisory and technical occupations,47,49,-2
E01001178,L12: Semi-routine occupations,140,146,-6
E01001178,L13: Routine occupations,151,99,52
E01001178,L14.1 and L14.2: Never worked and long-term unemployed,261,154,107
E01001178,L15: Full-time students,123,162,-39
E01001178,"L4, L5 and L6: Lower managerial, administrative and professional occupations",181,139,42
E01001178,L7: Intermediate occupations,105,94,11
E01001178,L8 and L9: Small employers and own account workers,132,64,68
E01001179,"L1, L2 and L3: Higher managerial, administrative and professional occupations",90,63,27
E01001179,L10 and L11: Lower supervisory and technical occupations,59,58,1
E01001179,L12: Semi-routine occupations,204,184,20
E01001179,L13: Routine occupations,122,76,46
E01001179,L14.1 and L14.2: Never worked and long-term unemployed,157,79,78
E01001179,L15: Full-time students,145,144,1
E01001179,"L4, L5 and L6: Lower managerial, administrative and professional occupations",202,212,-10
E01001179,L7: Intermediate occupations,153,169,-16
E01001179,L8 and L9: Small employers and own account workers,139,86,53
E01001180,"L1, L2 and L3: Higher managerial, administrative and professional occupations",111,49,62
E01001180,L10 and L11: Lower supervisory and technical occupations,81,88,-7
E01001180,L12: Semi-routine occupations,206,183,23
E01001180,L13: Routine occupations,166,112,54
E01001180,L14.1 and L14.2: Never worked and long-term unemployed,163,133,30
E01001180,L15: Full-time students,220,155,65
E01001180,"L4, L5 and L6: Lower managerial, administrative and professional occupations",231,216,15
E01001180,L7: Intermediate occupations,133,172,-39
E01001180,L8 and L9: Small employers and own account workers,191,97,94
E01001181,"L1, L2 and L3: Higher managerial, administrative and professional occupations",104,64,40
E01001181,L10 and L11: Lower supervisory and technical occupations,51,78,-27
E01001181,L12: Semi-routine occupations,197,230,-33
E01001181,L13: Routine occupations,208,121,87
E01001181,L14.1 and L14.2: Never worked and long-term unemployed,227,136,91
E01001181,L15: Full-time students,156,170,-14
E01001181,"L4, L5 and L6: Lower managerial, administrative and professional occupations",238,228,10
E01001181,L7: Intermediate occupations,168,160,8
E01001181,L8 and L9: Small employers and own account workers,176,103,73
E01001182,"L1, L2 and L3: Higher managerial, administrative and professional occupations",88,89,-1
E01001182,L10 and L11: Lower supervisory and technical occupations,50,46,4
E01001182,L12: Semi-routine occupations,110,122,-12
E01001182,L13: Routine occupations,110,80,30
E01001182,L14.1 and L14.2: Never worked and long-term unemployed,143,98,45
E01001182,L15: Full-time students,106,148,-42
E01001182,"L4, L5 and L6: Lower managerial, administrative and professional occupations",193,188,5
E01001182,L7: Intermediate occupations,174,134,40
E01001182,L8 and L9: Small employers and own account workers,153,104,49
E01001183,"L1, L2 and L3: Higher managerial, administrative and professional occupations",114,80,34
E01001183,L10 and L11: Lower supervisory and technical occupations,52,52,0
E01001183,L12: Semi-routine occupations,175,178,-3
E01001183,L13: Routine occupations,166,117,49
E01001183,L14.1 and L14.2: Never worked and long-term unemployed,194,116,78
E01001183,L15: Full-time students,138,163,-25
E01001183,"L4, L5 and L6: Lower managerial, administrative and professional occupations",212,199,13
E01001183,L7: Intermediate occupations,141,164,-23
E01001183,L8 and L9: Small employers and own account workers,178,99,79
E01001184,"L1, L2 and L3: Higher managerial, administrative and professional occupations",114,76,38
E01001184,L10 and L11: Lower supervisory and technical occupations,27,59,-32
E01001184,L12: Semi-routine occupations,118,136,-18
E01001184,L13: Routine occupations,109,73,36
E01001184,L14.1 and L14.2: Never worked and long-term unemployed,120,64,56
E01001184,L15: Full-time students,71,146,-75
E01001184,"L4, L5 and L6: Lower managerial, administrative and professional occupations",217,197,20
E01001184,L7: Intermediate occupations,151,157,-6
E01001184,L8 and L9: Small employers and own account workers,152,87,65
E01001185,"L1, L2 and L3: Higher managerial, administrative and professional occupations",219,121,98
E01001185,L10 and L11: Lower supervisory and technical occupations,49,64,-15
E01001185,L12: Semi-routine occupations,106,146,-40
E01001185,L13: Routine occupations,116,87,29
E01001185,L14.1 and L14.2: Never worked and long-term unemployed,129,74,55
E01001185,L15: Full-time students,88,109,-21
E01001185,"L4, L5 and L6: Lower managerial, administrative and professional occupations",324,297,27
E01001185,L7: Intermediate occupations,171,204,-33
E01001185,L8 and L9: Small employers and own account workers,159,129,30
E01001186,"L1, L2 and L3: Higher managerial, administrative and professional occupations",149,113,36
E01001186,L10 and L11: Lower supervisory and technical occupations,72,84,-12
E01001186,L12: Semi-routine occupations,147,154,-7
E01001186,L13: Routine occupations,150,89,61
E01001186,L14.1 and L14.2: Never worked and long-term unemployed,160,137,23
E01001186,L15: Full-time students,122,109,13
E01001186,"L4, L5 and L6: Lower managerial, administrative and professional occupations",262,270,-8
E01001186,L7: Intermediate occupations,158,194,-36
E01001186,L8 and L9: Small employers and own account workers,155,130,25
E01001187,"L1, L2 and L3: Higher managerial, administrative and professional occupations",175,129,46
E01001187,L10 and L11: Lower supervisory and technical occupations,86,100,-14
E01001187,L12: Semi-routine occupations,179,188,-9
E01001187,L13: Routine occupations,145,91,54
E01001187,L14.1 and L14.2: Never worked and long-term unemployed,118,115,3
E01001187,L15: Full-time students,159,154,5
E01001187,"L4, L5 and L6: Lower managerial, administrative and professional occupations",336,322,14
E01001187,L7: Intermediate occupations,210,223,-13
E01001187,L8 and L9: Small employers and own account workers,178,108,70
E01001188,"L1, L2 and L3: Higher managerial, administrative and professional occupations",218,106,112
E01001188,L10 and L11: Lower supervisory and technical occupations,67,76,-9
E01001188,L12: Semi-routine occupations,159,166,-7
E01001188,L13: Routine occupations,132,86,46
E01001188,L14.1 and L14.2: Never worked and long-term unemployed,198,134,64
E01001188,L15: Full-time students,170,140,30
E01001188,"L4, L5 and L6: Lower managerial, administrative and professional occupations",267,265,2
E01001188,L7: Intermediate occupations,168,207,-39
E01001188,L8 and L9: Small employers and own account workers,149,126,23
E01001189,"L1, L2 and L3: Higher managerial, administrative and professional occupations",146,73,73
E01001189,L10 and L11: Lower supervisory and technical occupations,37,44,-7
E01001189,L12: Semi-routine occupations,112,119,-7
E01001189,L13: Routine occupations,57,75,-18
E01001189,L14.1 and L14.2: Never worked and long-term unemployed,52,52,0
E01001189,L15: Full-time students,81,106,-25
E01001189,"L4, L5 and L6: Lower managerial, administrative and professional occupations",260,198,62
E01001189,L7: Intermediate occupations,125,152,-27
E01001189,L8 and L9: Small employers and own account workers,96,60,36
E01001190,"L1, L2 and L3: Higher managerial, administrative and professional occupations",192,116,76
E01001190,L10 and L11: Lower supervisory and technical occupations,44,76,-32
E01001190,L12: Semi-routine occupations,119,205,-86
E01001190,L13: Routine occupations,96,119,-23
E01001190,L14.1 and L14.2: Never worked and long-term unemployed,101,104,-3
E01001190,L15: Full-time students,100,169,-69
E01001190,"L4, L5 and L6: Lower managerial, administrative and professional occupations",286,314,-28
E01001190,L7: Intermediate occupations,167,252,-85
E01001190,L8 and L9: Small employers and own account workers,124,93,31
E01001191,"L1, L2 and L3: Higher managerial, administrative and professional occupations",193,90,103
E01001191,L10 and L11: Lower supervisory and technical occupations,75,79,-4
E01001191,L12: Semi-routine occupations,166,182,-16
E01001191,L13: Routine occupations,152,95,57
E01001191,L14.1 and L14.2: Never worked and long-term unemployed,199,144,55
E01001191,L15: Full-time students,126,127,-1
E01001191,"L4, L5 and L6: Lower managerial, administrative and professional occupations",315,286,29
E01001191,L7: Intermediate occupations,152,202,-50
E01001191,L8 and L9: Small employers and own account workers,207,114,93
E01001192,"L1, L2 and L3: Higher managerial, administrative and professional occupations",159,61,98
E01001192,L10 and L11: Lower supervisory and technical occupations,49,55,-6
E01001192,L12: Semi-routine occupations,144,121,23
E01001192,L13: Routine occupations,115,49,66
E01001192,L14.1 and L14.2: Never worked and long-term unemployed,110,71,39
E01001192,L15: Full-time students,93,75,18
E01001192,"L4, L5 and L6: Lower managerial, administrative and professional occupations",286,177,109
E01001192,L7: Intermediate occupations,164,136,28
E01001192,L8 and L9: Small employers and own account workers,138,74,64
E01001193,"L1, L2 and L3: Higher managerial, administrative and professional occupations",115,75,40
E01001193,L10 and L11: Lower supervisory and technical occupations,65,67,-2
E01001193,L12: Semi-routine occupations,206,189,17
E01001193,L13: Routine occupations,144,88,56
E01001193,L14.1 and L14.2: Never worked and long-term unemployed,193,115,78
E01001193,L15: Full-time students,208,212,-4
E01001193,"L4, L5 and L6: Lower managerial, administrative and professional occupations",249,227,22
E01001193,L7: Intermediate occupations,151,176,-25
E01001193,L8 and L9: Small employers and own account workers,106,76,30
E01001194,"L1, L2 and L3: Higher managerial, administrative and professional occupations",216,110,106
E01001194,L10 and L11: Lower supervisory and technical occupations,41,68,-27
E01001194,L12: Semi-routine occupations,102,143,-41
E01001194,L13: Routine occupations,90,86,4
E01001194,L14.1 and L14.2: Never worked and long-term unemployed,82,64,18
E01001194,L15: Full-time students,102,115,-13
E01001194,"L4, L5 and L6: Lower managerial, administrative and professional occupations",335,299,36
E01001194,L7: Intermediate occupations,148,167,-19
E01001194,L8 and L9: Small employers and own account workers,152,89,63
E01001195,"L1, L2 and L3: Higher managerial, administrative and professional occupations",253,165,88
E01001195,L10 and L11: Lower supervisory and technical occupations,60,68,-8
E01001195,L12: Semi-routine occupations,103,102,1
E01001195,L13: Routine occupations,114,88,26
E01001195,L14.1 and L14.2: Never worked and long-term unemployed,179,120,59
E01001195,L15: Full-time students,99,271,-172
E01001195,"L4, L5 and L6: Lower managerial, administrative and professional occupations",282,261,21
E01001195,L7: Intermediate occupations,152,150,2
E01001195,L8 and L9: Small employers and own account workers,169,147,22
E01001196,"L1, L2 and L3: Higher managerial, administrative and professional occupations",140,87,53
E01001196,L10 and L11: Lower supervisory and technical occupations,74,66,8
E01001196,L12: Semi-routine occupations,133,149,-16
E01001196,L13: Routine occupations,130,132,-2
E01001196,L14.1 and L14.2: Never worked and long-term unemployed,189,157,32
E01001196,L15: Full-time students,106,158,-52
E01001196,"L4, L5 and L6: Lower managerial, administrative and professional occupations",213,233,-20
E01001196,L7: Intermediate occupations,124,145,-21
E01001196,L8 and L9: Small employers and own account workers,179,149,30
E01001197,"L1, L2 and L3: Higher managerial, administrative and professional occupations",253,157,96
E01001197,L10 and L11: Lower supervisory and technical occupations,60,57,3
E01001197,L12: Semi-routine occupations,93,124,-31
E01001197,L13: Routine occupations,105,81,24
E01001197,L14.1 and L14.2: Never worked and long-term unemployed,177,116,61
E01001197,L15: Full-time students,127,123,4
E01001197,"L4, L5 and L6: Lower managerial, administrative and professional occupations",312,312,0
E01001197,L7: Intermediate occupations,158,123,35
E01001197,L8 and L9: Small employers and own account workers,167,135,32
E01001198,"L1, L2 and L3: Higher managerial, administrative and professional occupations",255,137,118
E01001198,L10 and L11: Lower supervisory and technical occupations,41,64,-23
E01001198,L12: Semi-routine occupations,83,104,-21
E01001198,L13: Routine occupations,90,68,22
E01001198,L14.1 and L14.2: Never worked and long-term unemployed,108,61,47
E01001198,L15: Full-time students,113,126,-13
E01001198,"L4, L5 and L6: Lower managerial, administrative and professional occupations",287,309,-22
E01001198,L7: Intermediate occupations,126,113,13
E01001198,L8 and L9: Small employers and own account workers,158,148,10
E01001199,"L1, L2 and L3: Higher managerial, administrative and professional occupations",214,161,53
E01001199,L10 and L11: Lower supervisory and technical occupations,42,67,-25
E01001199,L12: Semi-routine occupations,106,130,-24
E01001199,L13: Routine occupations,109,68,41
E01001199,L14.1 and L14.2: Never worked and long-term unemployed,153,100,53
E01001199,L15: Full-time students,111,120,-9
E01001199,"L4, L5 and L6: Lower managerial, administrative and professional occupations",319,366,-47
E01001199,L7: Intermediate occupations,141,142,-1
E01001199,L8 and L9: Small employers and own account workers,173,157,16
E01001200,"L1, L2 and L3: Higher managerial, administrative and professional occupations",244,150,94
E01001200,L10 and L11: Lower supervisory and technical occupations,36,64,-28
E01001200,L12: Semi-routine occupations,79,84,-5
E01001200,L13: Routine occupations,90,76,14
E01001200,L14.1 and L14.2: Never worked and long-term unemployed,87,84,3
E01001200,L15: Full-time students,120,96,24
E01001200,"L4, L5 and L6: Lower managerial, administrative and professional occupations",346,359,-13
E01001200,L7: Intermediate occupations,116,109,7
E01001200,L8 and L9: Small employers and own account workers,177,155,22
E01001201,"L1, L2 and L3: Higher managerial, administrative and professional occupations",275,165,110
E01001201,L10 and L11: Lower supervisory and technical occupations,41,54,-13
E01001201,L12: Semi-routine occupations,77,80,-3
E01001201,L13: Routine occupations,73,91,-18
E01001201,L14.1 and L14.2: Never worked and long-term unemployed,104,78,26
E01001201,L15: Full-time students,113,104,9
E01001201,"L4, L5 and L6: Lower managerial, administrative and professional occupations",371,365,6
E01001201,L7: Intermediate occupations,132,146,-14
E01001201,L8 and L9: Small employers and own account workers,136,128,8
E01001202,"L1, L2 and L3: Higher managerial, administrative and professional occupations",319,139,180
E01001202,L10 and L11: Lower supervisory and technical occupations,105,100,5
E01001202,L12: Semi-routine occupations,171,166,5
E01001202,L13: Routine occupations,186,134,52
E01001202,L14.1 and L14.2: Never worked and long-term unemployed,255,167,88
E01001202,L15: Full-time students,194,203,-9
E01001202,"L4, L5 and L6: Lower managerial, administrative and professional occupations",379,359,20
E01001202,L7: Intermediate occupations,134,119,15
E01001202,L8 and L9: Small employers and own account workers,204,165,39
E01001203,"L1, L2 and L3: Higher managerial, administrative and professional occupations",206,158,48
E01001203,L10 and L11: Lower supervisory and technical occupations,63,72,-9
E01001203,L12: Semi-routine occupations,113,139,-26
E01001203,L13: Routine occupations,154,150,4
E01001203,L14.1 and L14.2: Never worked and long-term unemployed,193,135,58
E01001203,L15: Full-time students,110,104,6
E01001203,"L4, L5 and L6: Lower managerial, administrative and professional occupations",279,348,-69
E01001203,L7: Intermediate occupations,114,146,-32
E01001203,L8 and L9: Small employers and own account workers,189,172,17
E01001204,"L1, L2 and L3: Higher managerial, administrative and professional occupations",306,213,93
E01001204,L10 and L11: Lower supervisory and technical occupations,26,41,-15
E01001204,L12: Semi-routine occupations,74,81,-7
E01001204,L13: Routine occupations,65,50,15
E01001204,L14.1 and L14.2: Never worked and long-term unemployed,108,77,31
E01001204,L15: Full-time students,120,124,-4
E01001204,"L4, L5 and L6: Lower managerial, administrative and professional occupations",320,343,-23
E01001204,L7: Intermediate occupations,160,131,29
E01001204,L8 and L9: Small employers and own account workers,145,131,14
E01001205,"L1, L2 and L3: Higher managerial, administrative and professional occupations",178,131,47
E01001205,L10 and L11: Lower supervisory and technical occupations,46,55,-9
E01001205,L12: Semi-routine occupations,120,98,22
E01001205,L13: Routine occupations,116,78,38
E01001205,L14.1 and L14.2: Never worked and long-term unemployed,207,136,71
E01001205,L15: Full-time students,124,156,-32
E01001205,"L4, L5 and L6: Lower managerial, administrative and professional occupations",264,252,12
E01001205,L7: Intermediate occupations,162,116,46
E01001205,L8 and L9: Small employers and own account workers,141,129,12
E01001206,"L1, L2 and L3: Higher managerial, administrative and professional occupations",88,80,8
E01001206,L10 and L11: Lower supervisory and technical occupations,27,47,-20
E01001206,L12: Semi-routine occupations,128,108,20
E01001206,L13: Routine occupations,102,87,15
E01001206,L14.1 and L14.2: Never worked and long-term unemployed,223,227,-4
E01001206,L15: Full-time students,179,200,-21
E01001206,"L4, L5 and L6: Lower managerial, administrative and professional occupations",154,164,-10
E01001206,L7: Intermediate occupations,107,103,4
E01001206,L8 and L9: Small employers and own account workers,119,117,2
E01001207,"L1, L2 and L3: Higher managerial, administrative and professional occupations",379,251,128
E01001207,L10 and L11: Lower supervisory and technical occupations,56,64,-8
E01001207,L12: Semi-routine occupations,86,74,12
E01001207,L13: Routine occupations,112,63,49
E01001207,L14.1 and L14.2: Never worked and long-term unemployed,83,78,5
E01001207,L15: Full-time students,93,103,-10
E01001207,"L4, L5 and L6: Lower managerial, administrative and professional occupations",344,361,-17
E01001207,L7: Intermediate occupations,138,135,3
E01001207,L8 and L9: Small employers and own account workers,167,129,38
E01001208,"L1, L2 and L3: Higher managerial, administrative and professional occupations",292,190,102
E01001208,L10 and L11: Lower supervisory and technical occupations,29,17,12
E01001208,L12: Semi-routine occupations,69,62,7
E01001208,L13: Routine occupations,41,30,11
E01001208,L14.1 and L14.2: Never worked and long-term unemployed,69,40,29
E01001208,L15: Full-time students,98,78,20
E01001208,"L4, L5 and L6: Lower managerial, administrative and professional occupations",262,310,-48
E01001208,L7: Intermediate occupations,122,99,23
E01001208,L8 and L9: Small employers and own account workers,118,111,7
E01001209,"L1, L2 and L3: Higher managerial, administrative and professional occupations",368,302,66
E01001209,L10 and L11: Lower supervisory and technical occupations,34,29,5
E01001209,L12: Semi-routine occupations,55,65,-10
E01001209,L13: Routine occupations,60,40,20
E01001209,L14.1 and L14.2: Never worked and long-term unemployed,80,42,38
E01001209,L15: Full-time students,94,103,-9
E01001209,"L4, L5 and L6: Lower managerial, administrative and professional occupations",377,413,-36
E01001209,L7: Intermediate occupations,123,116,7
E01001209,L8 and L9: Small employers and own account workers,161,125,36
E01001210,"L1, L2 and L3: Higher managerial, administrative and professional occupations",124,83,41
E01001210,L10 and L11: Lower supervisory and technical occupations,70,56,14
E01001210,L12: Semi-routine occupations,161,125,36
E01001210,L13: Routine occupations,176,144,32
E01001210,L14.1 and L14.2: Never worked and long-term unemployed,288,219,69
E01001210,L15: Full-time students,159,131,28
E01001210,"L4, L5 and L6: Lower managerial, administrative and professional occupations",200,208,-8
E01001210,L7: Intermediate occupations,133,118,15
E01001210,L8 and L9: Small employers and own account workers,131,90,41
E01001211,"L1, L2 and L3: Higher managerial, administrative and professional occupations",385,293,92
E01001211,L10 and L11: Lower supervisory and technical occupations,40,38,2
E01001211,L12: Semi-routine occupations,68,75,-7
E01001211,L13: Routine occupations,93,43,50
E01001211,L14.1 and L14.2: Never worked and long-term unemployed,100,85,15
E01001211,L15: Full-time students,93,95,-2
E01001211,"L4, L5 and L6: Lower managerial, administrative and professional occupations",340,381,-41
E01001211,L7: Intermediate occupations,148,141,7
E01001211,L8 and L9: Small employers and own account workers,144,119,25
E01001212,"L1, L2 and L3: Higher managerial, administrative and professional occupations",369,263,106
E01001212,L10 and L11: Lower supervisory and technical occupations,42,43,-1
E01001212,L12: Semi-routine occupations,91,73,18
E01001212,L13: Routine occupations,70,44,26
E01001212,L14.1 and L14.2: Never worked and long-term unemployed,100,83,17
E01001212,L15: Full-time students,105,76,29
E01001212,"L4, L5 and L6: Lower managerial, administrative and professional occupations",387,367,20
E01001212,L7: Intermediate occupations,165,137,28
E01001212,L8 and L9: Small employers and own account workers,169,121,48
E01001213,"L1, L2 and L3: Higher managerial, administrative and professional occupations",90,71,19
E01001213,L10 and L11: Lower supervisory and technical occupations,76,97,-21
E01001213,L12: Semi-routine occupations,213,213,0
E01001213,L13: Routine occupations,275,178,97
E01001213,L14.1 and L14.2: Never worked and long-term unemployed,359,213,146
E01001213,L15: Full-time students,166,196,-30
E01001213,"L4, L5 and L6: Lower managerial, administrative and professional occupations",208,177,31
E01001213,L7: Intermediate occupations,140,156,-16
E01001213,L8 and L9: Small employers and own account workers,116,106,10
E01001214,"L1, L2 and L3: Higher managerial, administrative and professional occupations",97,99,-2
E01001214,L10 and L11: Lower supervisory and technical occupations,75,104,-29
E01001214,L12: Semi-routine occupations,161,207,-46
E01001214,L13: Routine occupations,275,164,111
E01001214,L14.1 and L14.2: Never worked and long-term unemployed,240,129,111
E01001214,L15: Full-time students,142,206,-64
E01001214,"L4, L5 and L6: Lower managerial, administrative and professional occupations",173,203,-30
E01001214,L7: Intermediate occupations,141,152,-11
E01001214,L8 and L9: Small employers and own account workers,133,86,47
E01001215,"L1, L2 and L3: Higher managerial, administrative and professional occupations",91,80,11
E01001215,L10 and L11: Lower supervisory and technical occupations,91,84,7
E01001215,L12: Semi-routine occupations,171,209,-38
E01001215,L13: Routine occupations,319,158,161
E01001215,L14.1 and L14.2: Never worked and long-term unemployed,368,208,160
E01001215,L15: Full-time students,166,190,-24
E01001215,"L4, L5 and L6: Lower managerial, administrative and professional occupations",169,156,13
E01001215,L7: Intermediate occupations,138,128,10
E01001215,L8 and L9: Small employers and own account workers,130,72,58
E01001216,"L1, L2 and L3: Higher managerial, administrative and professional occupations",79,104,-25
E01001216,L10 and L11: Lower supervisory and technical occupations,73,71,2
E01001216,L12: Semi-routine occupations,132,141,-9
E01001216,L13: Routine occupations,229,145,84
E01001216,L14.1 and L14.2: Never worked and long-term unemployed,273,146,127
E01001216,L15: Full-time students,132,146,-14
E01001216,"L4, L5 and L6: Lower managerial, administrative and professional occupations",163,197,-34
E01001216,L7: Intermediate occupations,132,125,7
E01001216,L8 and L9: Small employers and own account workers,112,83,29
E01001217,"L1, L2 and L3: Higher managerial, administrative and professional occupations",101,69,32
E01001217,L10 and L11: Lower supervisory and technical occupations,54,77,-23
E01001217,L12: Semi-routine occupations,100,146,-46
E01001217,L13: Routine occupations,142,115,27
E01001217,L14.1 and L14.2: Never worked and long-term unemployed,166,100,66
E01001217,L15: Full-time students,108,148,-40
E01001217,"L4, L5 and L6: Lower managerial, administrative and professional occupations",212,209,3
E01001217,L7: Intermediate occupations,142,163,-21
E01001217,L8 and L9: Small employers and own account workers,164,120,44
E01001218,"L1, L2 and L3: Higher managerial, administrative and professional occupations",88,66,22
E01001218,L10 and L11: Lower supervisory and technical occupations,62,74,-12
E01001218,L12: Semi-routine occupations,199,197,2
E01001218,L13: Routine occupations,197,171,26
E01001218,L14.1 and L14.2: Never worked and long-term unemployed,303,195,108
E01001218,L15: Full-time students,165,153,12
E01001218,"L4, L5 and L6: Lower managerial, administrative and professional occupations",189,197,-8
E01001218,L7: Intermediate occupations,166,152,14
E01001218,L8 and L9: Small employers and own account workers,212,145,67
E01001219,"L1, L2 and L3: Higher managerial, administrative and professional occupations",67,52,15
E01001219,L10 and L11: Lower supervisory and technical occupations,77,82,-5
E01001219,L12: Semi-routine occupations,237,199,38
E01001219,L13: Routine occupations,216,185,31
E01001219,L14.1 and L14.2: Never worked and long-term unemployed,338,269,69
E01001219,L15: Full-time students,231,219,12
E01001219,"L4, L5 and L6: Lower managerial, administrative and professional occupations",218,148,70
E01001219,L7: Intermediate occupations,154,133,21
E01001219,L8 and L9: Small employers and own account workers,156,93,63
E01001220,"L1, L2 and L3: Higher managerial, administrative and professional occupations",53,47,6
E01001220,L10 and L11: Lower supervisory and technical occupations,61,62,-1
E01001220,L12: Semi-routine occupations,168,135,33
E01001220,L13: Routine occupations,157,121,36
E01001220,L14.1 and L14.2: Never worked and long-term unemployed,245,224,21
E01001220,L15: Full-time students,166,129,37
E01001220,"L4, L5 and L6: Lower managerial, administrative and professional occupations",115,114,1
E01001220,L7: Intermediate occupations,86,99,-13
E01001220,L8 and L9: Small employers and own account workers,110,65,45
E01001223,"L1, L2 and L3: Higher managerial, administrative and professional occupations",382,348,34
E01001223,L10 and L11: Lower supervisory and technical occupations,26,34,-8
E01001223,L12: Semi-routine occupations,54,56,-2
E01001223,L13: Routine occupations,65,30,35
E01001223,L14.1 and L14.2: Never worked and long-term unemployed,82,73,9
E01001223,L15: Full-time students,59,106,-47
E01001223,"L4, L5 and L6: Lower managerial, administrative and professional occupations",304,351,-47
E01001223,L7: Intermediate occupations,110,111,-1
E01001223,L8 and L9: Small employers and own account workers,134,111,23
E01001224,"L1, L2 and L3: Higher managerial, administrative and professional occupations",392,295,97
E01001224,L10 and L11: Lower supervisory and technical occupations,27,23,4
E01001224,L12: Semi-routine occupations,54,65,-11
E01001224,L13: Routine occupations,35,35,0
E01001224,L14.1 and L14.2: Never worked and long-term unemployed,63,37,26
E01001224,L15: Full-time students,93,121,-28
E01001224,"L4, L5 and L6: Lower managerial, administrative and professional occupations",373,382,-9
E01001224,L7: Intermediate occupations,116,127,-11
E01001224,L8 and L9: Small employers and own account workers,136,125,11
E01001225,"L1, L2 and L3: Higher managerial, administrative and professional occupations",423,339,84
E01001225,L10 and L11: Lower supervisory and technical occupations,51,44,7
E01001225,L12: Semi-routine occupations,84,88,-4
E01001225,L13: Routine occupations,76,54,22
E01001225,L14.1 and L14.2: Never worked and long-term unemployed,127,62,65
E01001225,L15: Full-time students,125,137,-12
E01001225,"L4, L5 and L6: Lower managerial, administrative and professional occupations",367,413,-46
E01001225,L7: Intermediate occupations,133,148,-15
E01001225,L8 and L9: Small employers and own account workers,145,100,45
E01001226,"L1, L2 and L3: Higher managerial, administrative and professional occupations",363,281,82
E01001226,L10 and L11: Lower supervisory and technical occupations,23,31,-8
E01001226,L12: Semi-routine occupations,51,71,-20
E01001226,L13: Routine occupations,74,44,30
E01001226,L14.1 and L14.2: Never worked and long-term unemployed,94,54,40
E01001226,L15: Full-time students,71,86,-15
E01001226,"L4, L5 and L6: Lower managerial, administrative and professional occupations",363,363,0
E01001226,L7: Intermediate occupations,130,127,3
E01001226,L8 and L9: Small employers and own account workers,113,109,4
E01001227,"L1, L2 and L3: Higher managerial, administrative and professional occupations",375,302,73
E01001227,L10 and L11: Lower supervisory and technical occupations,42,25,17
E01001227,L12: Semi-routine occupations,59,60,-1
E01001227,L13: Routine occupations,57,28,29
E01001227,L14.1 and L14.2: Never worked and long-term unemployed,87,55,32
E01001227,L15: Full-time students,93,93,0
E01001227,"L4, L5 and L6: Lower managerial, administrative and professional occupations",314,329,-15
E01001227,L7: Intermediate occupations,98,132,-34
E01001227,L8 and L9: Small employers and own account workers,150,113,37
E01001228,"L1, L2 and L3: Higher managerial, administrative and professional occupations",410,302,108
E01001228,L10 and L11: Lower supervisory and technical occupations,39,41,-2
E01001228,L12: Semi-routine occupations,94,100,-6
E01001228,L13: Routine occupations,95,67,28
E01001228,L14.1 and L14.2: Never worked and long-term unemployed,92,86,6
E01001228,L15: Full-time students,111,133,-22
E01001228,"L4, L5 and L6: Lower managerial, administrative and professional occupations",410,398,12
E01001228,L7: Intermediate occupations,131,155,-24
E01001228,L8 and L9: Small employers and own account workers,220,164,56
E01001229,"L1, L2 and L3: Higher managerial, administrative and professional occupations",171,108,63
E01001229,L10 and L11: Lower supervisory and technical occupations,53,80,-27
E01001229,L12: Semi-routine occupations,127,121,6
E01001229,L13: Routine occupations,124,101,23
E01001229,L14.1 and L14.2: Never worked and long-term unemployed,140,114,26
E01001229,L15: Full-time students,110,106,4
E01001229,"L4, L5 and L6: Lower managerial, administrative and professional occupations",245,243,2
E01001229,L7: Intermediate occupations,139,125,14
E01001229,L8 and L9: Small employers and own account workers,132,128,4
E01001230,"L1, L2 and L3: Higher managerial, administrative and professional occupations",355,282,73
E01001230,L10 and L11: Lower supervisory and technical occupations,29,32,-3
E01001230,L12: Semi-routine occupations,57,76,-19
E01001230,L13: Routine occupations,41,45,-4
E01001230,L14.1 and L14.2: Never worked and long-term unemployed,80,85,-5
E01001230,L15: Full-time students,92,90,2
E01001230,"L4, L5 and L6: Lower managerial, administrative and professional occupations",306,375,-69
E01001230,L7: Intermediate occupations,86,121,-35
E01001230,L8 and L9: Small employers and own account workers,129,127,2
E01001231,"L1, L2 and L3: Higher managerial, administrative and professional occupations",415,290,125
E01001231,L10 and L11: Lower supervisory and technical occupations,68,69,-1
E01001231,L12: Semi-routine occupations,100,85,15
E01001231,L13: Routine occupations,92,39,53
E01001231,L14.1 and L14.2: Never worked and long-term unemployed,126,73,53
E01001231,L15: Full-time students,244,160,84
E01001231,"L4, L5 and L6: Lower managerial, administrative and professional occupations",378,423,-45
E01001231,L7: Intermediate occupations,145,148,-3
E01001231,L8 and L9: Small employers and own account workers,199,157,42
E01001232,"L1, L2 and L3: Higher managerial, administrative and professional occupations",245,235,10
E01001232,L10 and L11: Lower supervisory and technical occupations,61,49,12
E01001232,L12: Semi-routine occupations,91,113,-22
E01001232,L13: Routine occupations,83,76,7
E01001232,L14.1 and L14.2: Never worked and long-term unemployed,149,94,55
E01001232,L15: Full-time students,135,113,22
E01001232,"L4, L5 and L6: Lower managerial, administrative and professional occupations",254,252,2
E01001232,L7: Intermediate occupations,136,143,-7
E01001232,L8 and L9: Small employers and own account workers,144,107,37
E01001233,"L1, L2 and L3: Higher managerial, administrative and professional occupations",262,186,76
E01001233,L10 and L11: Lower supervisory and technical occupations,42,52,-10
E01001233,L12: Semi-routine occupations,102,81,21
E01001233,L13: Routine occupations,81,65,16
E01001233,L14.1 and L14.2: Never worked and long-term unemployed,111,58,53
E01001233,L15: Full-time students,87,114,-27
E01001233,"L4, L5 and L6: Lower managerial, administrative and professional occupations",300,323,-23
E01001233,L7: Intermediate occupations,114,134,-20
E01001233,L8 and L9: Small employers and own account workers,113,110,3
E01001234,"L1, L2 and L3: Higher managerial, administrative and professional occupations",247,221,26
E01001234,L10 and L11: Lower supervisory and technical occupations,36,53,-17
E01001234,L12: Semi-routine occupations,63,82,-19
E01001234,L13: Routine occupations,55,51,4
E01001234,L14.1 and L14.2: Never worked and long-term unemployed,88,58,30
E01001234,L15: Full-time students,104,87,17
E01001234,"L4, L5 and L6: Lower managerial, administrative and professional occupations",340,382,-42
E01001234,L7: Intermediate occupations,97,128,-31
E01001234,L8 and L9: Small employers and own account workers,160,94,66
E01001235,"L1, L2 and L3: Higher managerial, administrative and professional occupations",408,346,62
E01001235,L10 and L11: Lower supervisory and technical occupations,41,42,-1
E01001235,L12: Semi-routine occupations,81,79,2
E01001235,L13: Routine occupations,88,47,41
E01001235,L14.1 and L14.2: Never worked and long-term unemployed,104,52,52
E01001235,L15: Full-time students,123,93,30
E01001235,"L4, L5 and L6: Lower managerial, administrative and professional occupations",380,430,-50
E01001235,L7: Intermediate occupations,135,153,-18
E01001235,L8 and L9: Small employers and own account workers,179,91,88
E01001236,"L1, L2 and L3: Higher managerial, administrative and professional occupations",354,308,46
E01001236,L10 and L11: Lower supervisory and technical occupations,19,45,-26
E01001236,L12: Semi-routine occupations,74,62,12
E01001236,L13: Routine occupations,56,44,12
E01001236,L14.1 and L14.2: Never worked and long-term unemployed,90,67,23
E01001236,L15: Full-time students,90,95,-5
E01001236,"L4, L5 and L6: Lower managerial, administrative and professional occupations",358,384,-26
E01001236,L7: Intermediate occupations,101,162,-61
E01001236,L8 and L9: Small employers and own account workers,135,84,51
E01001237,"L1, L2 and L3: Higher managerial, administrative and professional occupations",400,329,71
E01001237,L10 and L11: Lower supervisory and technical occupations,43,44,-1
E01001237,L12: Semi-routine occupations,53,51,2
E01001237,L13: Routine occupations,66,37,29
E01001237,L14.1 and L14.2: Never worked and long-term unemployed,128,62,66
E01001237,L15: Full-time students,88,100,-12
E01001237,"L4, L5 and L6: Lower managerial, administrative and professional occupations",327,388,-61
E01001237,L7: Intermediate occupations,116,138,-22
E01001237,L8 and L9: Small employers and own account workers,161,122,39
E01001239,"L1, L2 and L3: Higher managerial, administrative and professional occupations",129,82,47
E01001239,L10 and L11: Lower supervisory and technical occupations,66,53,13
E01001239,L12: Semi-routine occupations,115,125,-10
E01001239,L13: Routine occupations,155,119,36
E01001239,L14.1 and L14.2: Never worked and long-term unemployed,161,147,14
E01001239,L15: Full-time students,124,160,-36
E01001239,"L4, L5 and L6: Lower managerial, administrative and professional occupations",234,236,-2
E01001239,L7: Intermediate occupations,107,141,-34
E01001239,L8 and L9: Small employers and own account workers,140,140,0
E01001240,"L1, L2 and L3: Higher managerial, administrative and professional occupations",148,92,56
E01001240,L10 and L11: Lower supervisory and technical occupations,102,76,26
E01001240,L12: Semi-routine occupations,161,128,33
E01001240,L13: Routine occupations,199,115,84
E01001240,L14.1 and L14.2: Never worked and long-term unemployed,218,130,88
E01001240,L15: Full-time students,171,209,-38
E01001240,"L4, L5 and L6: Lower managerial, administrative and professional occupations",292,231,61
E01001240,L7: Intermediate occupations,146,124,22
E01001240,L8 and L9: Small employers and own account workers,168,125,43
E01001241,"L1, L2 and L3: Higher managerial, administrative and professional occupations",228,114,114
E01001241,L10 and L11: Lower supervisory and technical occupations,76,73,3
E01001241,L12: Semi-routine occupations,126,130,-4
E01001241,L13: Routine occupations,149,109,40
E01001241,L14.1 and L14.2: Never worked and long-term unemployed,177,111,66
E01001241,L15: Full-time students,164,163,1
E01001241,"L4, L5 and L6: Lower managerial, administrative and professional occupations",296,206,90
E01001241,L7: Intermediate occupations,145,109,36
E01001241,L8 and L9: Small employers and own account workers,211,142,69
E01001242,"L1, L2 and L3: Higher managerial, administrative and professional occupations",206,109,97
E01001242,L10 and L11: Lower supervisory and technical occupations,69,34,35
E01001242,L12: Semi-routine occupations,109,86,23
E01001242,L13: Routine occupations,110,82,28
E01001242,L14.1 and L14.2: Never worked and long-term unemployed,138,113,25
E01001242,L15: Full-time students,131,165,-34
E01001242,"L4, L5 and L6: Lower managerial, administrative and professional occupations",249,215,34
E01001242,L7: Intermediate occupations,110,102,8
E01001242,L8 and L9: Small employers and own account workers,190,137,53
E01001243,"L1, L2 and L3: Higher managerial, administrative and professional occupations",304,134,170
E01001243,L10 and L11: Lower supervisory and technical occupations,96,48,48
E01001243,L12: Semi-routine occupations,159,104,55
E01001243,L13: Routine occupations,157,101,56
E01001243,L14.1 and L14.2: Never worked and long-term unemployed,216,137,79
E01001243,L15: Full-time students,227,177,50
E01001243,"L4, L5 and L6: Lower managerial, administrative and professional occupations",407,258,149
E01001243,L7: Intermediate occupations,151,142,9
E01001243,L8 and L9: Small employers and own account workers,216,129,87
E01001244,"L1, L2 and L3: Higher managerial, administrative and professional occupations",357,254,103
E01001244,L10 and L11: Lower supervisory and technical occupations,124,78,46
E01001244,L12: Semi-routine occupations,196,165,31
E01001244,L13: Routine occupations,200,127,73
E01001244,L14.1 and L14.2: Never worked and long-term unemployed,277,182,95
E01001244,L15: Full-time students,276,294,-18
E01001244,"L4, L5 and L6: Lower managerial, administrative and professional occupations",408,345,63
E01001244,L7: Intermediate occupations,201,160,41
E01001244,L8 and L9: Small employers and own account workers,209,139,70
E01001245,"L1, L2 and L3: Higher managerial, administrative and professional occupations",372,262,110
E01001245,L10 and L11: Lower supervisory and technical occupations,74,96,-22
E01001245,L12: Semi-routine occupations,129,158,-29
E01001245,L13: Routine occupations,113,98,15
E01001245,L14.1 and L14.2: Never worked and long-term unemployed,144,77,67
E01001245,L15: Full-time students,92,173,-81
E01001245,"L4, L5 and L6: Lower managerial, administrative and professional occupations",468,520,-52
E01001245,L7: Intermediate occupations,151,174,-23
E01001245,L8 and L9: Small employers and own account workers,174,152,22
E01001246,"L1, L2 and L3: Higher managerial, administrative and professional occupations",209,73,136
E01001246,L10 and L11: Lower supervisory and technical occupations,102,95,7
E01001246,L12: Semi-routine occupations,135,98,37
E01001246,L13: Routine occupations,209,112,97
E01001246,L14.1 and L14.2: Never worked and long-term unemployed,168,104,64
E01001246,L15: Full-time students,128,100,28
E01001246,"L4, L5 and L6: Lower managerial, administrative and professional occupations",268,203,65
E01001246,L7: Intermediate occupations,106,86,20
E01001246,L8 and L9: Small employers and own account workers,208,129,79
E01001247,"L1, L2 and L3: Higher managerial, administrative and professional occupations",240,175,65
E01001247,L10 and L11: Lower supervisory and technical occupations,97,98,-1
E01001247,L12: Semi-routine occupations,175,161,14
E01001247,L13: Routine occupations,187,158,29
E01001247,L14.1 and L14.2: Never worked and long-term unemployed,223,166,57
E01001247,L15: Full-time students,227,212,15
E01001247,"L4, L5 and L6: Lower managerial, administrative and professional occupations",323,317,6
E01001247,L7: Intermediate occupations,188,206,-18
E01001247,L8 and L9: Small employers and own account workers,218,195,23
E01001248,"L1, L2 and L3: Higher managerial, administrative and professional occupations",199,139,60
E01001248,L10 and L11: Lower supervisory and technical occupations,60,53,7
E01001248,L12: Semi-routine occupations,110,120,-10
E01001248,L13: Routine occupations,111,106,5
E01001248,L14.1 and L14.2: Never worked and long-term unemployed,171,87,84
E01001248,L15: Full-time students,107,99,8
E01001248,"L4, L5 and L6: Lower managerial, administrative and professional occupations",271,284,-13
E01001248,L7: Intermediate occupations,121,143,-22
E01001248,L8 and L9: Small employers and own account workers,170,141,29
E01001249,"L1, L2 and L3: Higher managerial, administrative and professional occupations",294,196,98
E01001249,L10 and L11: Lower supervisory and technical occupations,101,102,-1
E01001249,L12: Semi-routine occupations,153,204,-51
E01001249,L13: Routine occupations,189,121,68
E01001249,L14.1 and L14.2: Never worked and long-term unemployed,269,211,58
E01001249,L15: Full-time students,205,175,30
E01001249,"L4, L5 and L6: Lower managerial, administrative and professional occupations",397,393,4
E01001249,L7: Intermediate occupations,176,165,11
E01001249,L8 and L9: Small employers and own account workers,196,209,-13
E01001250,"L1, L2 and L3: Higher managerial, administrative and professional occupations",228,203,25
E01001250,L10 and L11: Lower supervisory and technical occupations,68,96,-28
E01001250,L12: Semi-routine occupations,175,162,13
E01001250,L13: Routine occupations,151,159,-8
E01001250,L14.1 and L14.2: Never worked and long-term unemployed,269,170,99
E01001250,L15: Full-time students,137,105,32
E01001250,"L4, L5 and L6: Lower managerial, administrative and professional occupations",374,353,21
E01001250,L7: Intermediate occupations,182,194,-12
E01001250,L8 and L9: Small employers and own account workers,178,177,1
E01001251,"L1, L2 and L3: Higher managerial, administrative and professional occupations",287,163,124
E01001251,L10 and L11: Lower supervisory and technical occupations,49,52,-3
E01001251,L12: Semi-routine occupations,101,83,18
E01001251,L13: Routine occupations,93,92,1
E01001251,L14.1 and L14.2: Never worked and long-term unemployed,107,69,38
E01001251,L15: Full-time students,101,110,-9
E01001251,"L4, L5 and L6: Lower managerial, administrative and professional occupations",394,387,7
E01001251,L7: Intermediate occupations,134,147,-13
E01001251,L8 and L9: Small employers and own account workers,156,163,-7
E01001252,"L1, L2 and L3: Higher managerial, administrative and professional occupations",222,163,59
E01001252,L10 and L11: Lower supervisory and technical occupations,82,88,-6
E01001252,L12: Semi-routine occupations,171,143,28
E01001252,L13: Routine occupations,206,125,81
E01001252,L14.1 and L14.2: Never worked and long-term unemployed,202,98,104
E01001252,L15: Full-time students,148,149,-1
E01001252,"L4, L5 and L6: Lower managerial, administrative and professional occupations",408,347,61
E01001252,L7: Intermediate occupations,182,169,13
E01001252,L8 and L9: Small employers and own account workers,347,192,155
E01001253,"L1, L2 and L3: Higher managerial, administrative and professional occupations",279,150,129
E01001253,L10 and L11: Lower supervisory and technical occupations,63,62,1
E01001253,L12: Semi-routine occupations,109,121,-12
E01001253,L13: Routine occupations,130,95,35
E01001253,L14.1 and L14.2: Never worked and long-term unemployed,127,79,48
E01001253,L15: Full-time students,135,118,17
E01001253,"L4, L5 and L6: Lower managerial, administrative and professional occupations",426,336,90
E01001253,L7: Intermediate occupations,153,148,5
E01001253,L8 and L9: Small employers and own account workers,227,141,86
E01001254,"L1, L2 and L3: Higher managerial, administrative and professional occupations",232,198,34
E01001254,L10 and L11: Lower supervisory and technical occupations,47,59,-12
E01001254,L12: Semi-routine occupations,107,91,16
E01001254,L13: Routine occupations,87,67,20
E01001254,L14.1 and L14.2: Never worked and long-term unemployed,114,64,50
E01001254,L15: Full-time students,88,80,8
E01001254,"L4, L5 and L6: Lower managerial, administrative and professional occupations",398,424,-26
E01001254,L7: Intermediate occupations,142,123,19
E01001254,L8 and L9: Small employers and own account workers,168,151,17
E01001255,"L1, L2 and L3: Higher managerial, administrative and professional occupations",279,215,64
E01001255,L10 and L11: Lower supervisory and technical occupations,47,58,-11
E01001255,L12: Semi-routine occupations,62,79,-17
E01001255,L13: Routine occupations,73,70,3
E01001255,L14.1 and L14.2: Never worked and long-term unemployed,72,67,5
E01001255,L15: Full-time students,78,99,-21
E01001255,"L4, L5 and L6: Lower managerial, administrative and professional occupations",339,355,-16
E01001255,L7: Intermediate occupations,128,148,-20
E01001255,L8 and L9: Small employers and own account workers,136,109,27
E01001257,"L1, L2 and L3: Higher managerial, administrative and professional occupations",109,58,51
E01001257,L10 and L11: Lower supervisory and technical occupations,90,90,0
E01001257,L12: Semi-routine occupations,218,185,33
E01001257,L13: Routine occupations,194,210,-16
E01001257,L14.1 and L14.2: Never worked and long-term unemployed,261,241,20
E01001257,L15: Full-time students,187,181,6
E01001257,"L4, L5 and L6: Lower managerial, administrative and professional occupations",252,164,88
E01001257,L7: Intermediate occupations,187,164,23
E01001257,L8 and L9: Small employers and own account workers,170,137,33
E01001258,"L1, L2 and L3: Higher managerial, administrative and professional occupations",133,101,32
E01001258,L10 and L11: Lower supervisory and technical occupations,73,76,-3
E01001258,L12: Semi-routine occupations,151,161,-10
E01001258,L13: Routine occupations,182,144,38
E01001258,L14.1 and L14.2: Never worked and long-term unemployed,157,109,48
E01001258,L15: Full-time students,117,123,-6
E01001258,"L4, L5 and L6: Lower managerial, administrative and professional occupations",282,224,58
E01001258,L7: Intermediate occupations,159,154,5
E01001258,L8 and L9: Small employers and own account workers,204,150,54
E01001259,"L1, L2 and L3: Higher managerial, administrative and professional occupations",99,73,26
E01001259,L10 and L11: Lower supervisory and technical occupations,65,61,4
E01001259,L12: Semi-routine occupations,150,151,-1
E01001259,L13: Routine occupations,164,124,40
E01001259,L14.1 and L14.2: Never worked and long-term unemployed,153,106,47
E01001259,L15: Full-time students,110,104,6
E01001259,"L4, L5 and L6: Lower managerial, administrative and professional occupations",199,182,17
E01001259,L7: Intermediate occupations,136,118,18
E01001259,L8 and L9: Small employers and own account workers,192,175,17
E01001260,"L1, L2 and L3: Higher managerial, administrative and professional occupations",164,102,62
E01001260,L10 and L11: Lower supervisory and technical occupations,68,83,-15
E01001260,L12: Semi-routine occupations,139,158,-19
E01001260,L13: Routine occupations,222,151,71
E01001260,L14.1 and L14.2: Never worked and long-term unemployed,201,124,77
E01001260,L15: Full-time students,143,151,-8
E01001260,"L4, L5 and L6: Lower managerial, administrative and professional occupations",282,259,23
E01001260,L7: Intermediate occupations,170,179,-9
E01001260,L8 and L9: Small employers and own account workers,269,199,70
E01001261,"L1, L2 and L3: Higher managerial, administrative and professional occupations",154,82,72
E01001261,L10 and L11: Lower supervisory and technical occupations,99,132,-33
E01001261,L12: Semi-routine occupations,188,205,-17
E01001261,L13: Routine occupations,284,188,96
E01001261,L14.1 and L14.2: Never worked and long-term unemployed,246,184,62
E01001261,L15: Full-time students,160,247,-87
E01001261,"L4, L5 and L6: Lower managerial, administrative and professional occupations",259,260,-1
E01001261,L7: Intermediate occupations,198,191,7
E01001261,L8 and L9: Small employers and own account workers,291,178,113
E01001262,"L1, L2 and L3: Higher managerial, administrative and professional occupations",83,41,42
E01001262,L10 and L11: Lower supervisory and technical occupations,62,66,-4
E01001262,L12: Semi-routine occupations,138,151,-13
E01001262,L13: Routine occupations,212,143,69
E01001262,L14.1 and L14.2: Never worked and long-term unemployed,216,127,89
E01001262,L15: Full-time students,124,132,-8
E01001262,"L4, L5 and L6: Lower managerial, administrative and professional occupations",191,186,5
E01001262,L7: Intermediate occupations,117,136,-19
E01001262,L8 and L9: Small employers and own account workers,148,125,23
E01001263,"L1, L2 and L3: Higher managerial, administrative and professional occupations",110,52,58
E01001263,L10 and L11: Lower supervisory and technical occupations,97,68,29
E01001263,L12: Semi-routine occupations,198,125,73
E01001263,L13: Routine occupations,175,105,70
E01001263,L14.1 and L14.2: Never worked and long-term unemployed,235,105,130
E01001263,L15: Full-time students,137,93,44
E01001263,"L4, L5 and L6: Lower managerial, administrative and professional occupations",234,176,58
E01001263,L7: Intermediate occupations,157,149,8
E01001263,L8 and L9: Small employers and own account workers,154,102,52
E01001264,"L1, L2 and L3: Higher managerial, administrative and professional occupations",132,78,54
E01001264,L10 and L11: Lower supervisory and technical occupations,72,59,13
E01001264,L12: Semi-routine occupations,145,144,1
E01001264,L13: Routine occupations,158,124,34
E01001264,L14.1 and L14.2: Never worked and long-term unemployed,182,128,54
E01001264,L15: Full-time students,139,117,22
E01001264,"L4, L5 and L6: Lower managerial, administrative and professional occupations",253,190,63
E01001264,L7: Intermediate occupations,166,141,25
E01001264,L8 and L9: Small employers and own account workers,205,150,55
E01001265,"L1, L2 and L3: Higher managerial, administrative and professional occupations",139,106,33
E01001265,L10 and L11: Lower supervisory and technical occupations,69,84,-15
E01001265,L12: Semi-routine occupations,112,145,-33
E01001265,L13: Routine occupations,175,163,12
E01001265,L14.1 and L14.2: Never worked and long-term unemployed,148,114,34
E01001265,L15: Full-time students,110,83,27
E01001265,"L4, L5 and L6: Lower managerial, administrative and professional occupations",235,218,17
E01001265,L7: Intermediate occupations,140,162,-22
E01001265,L8 and L9: Small employers and own account workers,258,189,69
E01001266,"L1, L2 and L3: Higher managerial, administrative and professional occupations",175,115,60
E01001266,L10 and L11: Lower supervisory and technical occupations,78,103,-25
E01001266,L12: Semi-routine occupations,104,166,-62
E01001266,L13: Routine occupations,180,128,52
E01001266,L14.1 and L14.2: Never worked and long-term unemployed,167,116,51
E01001266,L15: Full-time students,134,173,-39
E01001266,"L4, L5 and L6: Lower managerial, administrative and professional occupations",287,245,42
E01001266,L7: Intermediate occupations,184,166,18
E01001266,L8 and L9: Small employers and own account workers,235,192,43
E01001267,"L1, L2 and L3: Higher managerial, administrative and professional occupations",131,131,0
E01001267,L10 and L11: Lower supervisory and technical occupations,66,106,-40
E01001267,L12: Semi-routine occupations,175,210,-35
E01001267,L13: Routine occupations,194,183,11
E01001267,L14.1 and L14.2: Never worked and long-term unemployed,233,181,52
E01001267,L15: Full-time students,138,136,2
E01001267,"L4, L5 and L6: Lower managerial, administrative and professional occupations",261,311,-50
E01001267,L7: Intermediate occupations,174,211,-37
E01001267,L8 and L9: Small employers and own account workers,242,196,46
E01001268,"L1, L2 and L3: Higher managerial, administrative and professional occupations",217,114,103
E01001268,L10 and L11: Lower supervisory and technical occupations,65,55,10
E01001268,L12: Semi-routine occupations,122,81,41
E01001268,L13: Routine occupations,144,77,67
E01001268,L14.1 and L14.2: Never worked and long-term unemployed,160,63,97
E01001268,L15: Full-time students,121,59,62
E01001268,"L4, L5 and L6: Lower managerial, administrative and professional occupations",314,194,120
E01001268,L7: Intermediate occupations,184,154,30
E01001268,L8 and L9: Small employers and own account workers,232,146,86
E01001269,"L1, L2 and L3: Higher managerial, administrative and professional occupations",200,135,65
E01001269,L10 and L11: Lower supervisory and technical occupations,77,81,-4
E01001269,L12: Semi-routine occupations,197,195,2
E01001269,L13: Routine occupations,178,132,46
E01001269,L14.1 and L14.2: Never worked and long-term unemployed,122,83,39
E01001269,L15: Full-time students,162,141,21
E01001269,"L4, L5 and L6: Lower managerial, administrative and professional occupations",334,253,81
E01001269,L7: Intermediate occupations,200,192,8
E01001269,L8 and L9: Small employers and own account workers,336,253,83
E01001270,"L1, L2 and L3: Higher managerial, administrative and professional occupations",140,124,16
E01001270,L10 and L11: Lower supervisory and technical occupations,75,70,5
E01001270,L12: Semi-routine occupations,130,144,-14
E01001270,L13: Routine occupations,175,114,61
E01001270,L14.1 and L14.2: Never worked and long-term unemployed,135,106,29
E01001270,L15: Full-time students,158,148,10
E01001270,"L4, L5 and L6: Lower managerial, administrative and professional occupations",257,255,2
E01001270,L7: Intermediate occupations,157,179,-22
E01001270,L8 and L9: Small employers and own account workers,202,141,61
E01001271,"L1, L2 and L3: Higher managerial, administrative and professional occupations",137,102,35
E01001271,L10 and L11: Lower supervisory and technical occupations,77,79,-2
E01001271,L12: Semi-routine occupations,155,192,-37
E01001271,L13: Routine occupations,210,132,78
E01001271,L14.1 and L14.2: Never worked and long-term unemployed,142,135,7
E01001271,L15: Full-time students,154,121,33
E01001271,"L4, L5 and L6: Lower managerial, administrative and professional occupations",262,249,13
E01001271,L7: Intermediate occupations,155,154,1
E01001271,L8 and L9: Small employers and own account workers,214,181,33
E01001272,"L1, L2 and L3: Higher managerial, administrative and professional occupations",168,124,44
E01001272,L10 and L11: Lower supervisory and technical occupations,74,64,10
E01001272,L12: Semi-routine occupations,116,130,-14
E01001272,L13: Routine occupations,162,119,43
E01001272,L14.1 and L14.2: Never worked and long-term unemployed,121,94,27
E01001272,L15: Full-time students,147,120,27
E01001272,"L4, L5 and L6: Lower managerial, administrative and professional occupations",223,212,11
E01001272,L7: Intermediate occupations,133,156,-23
E01001272,L8 and L9: Small employers and own account workers,276,194,82
E01001273,"L1, L2 and L3: Higher managerial, administrative and professional occupations",410,291,119
E01001273,L10 and L11: Lower supervisory and technical occupations,26,26,0
E01001273,L12: Semi-routine occupations,59,82,-23
E01001273,L13: Routine occupations,43,32,11
E01001273,L14.1 and L14.2: Never worked and long-term unemployed,127,83,44
E01001273,L15: Full-time students,132,117,15
E01001273,"L4, L5 and L6: Lower managerial, administrative and professional occupations",308,316,-8
E01001273,L7: Intermediate occupations,102,120,-18
E01001273,L8 and L9: Small employers and own account workers,168,141,27
E01001274,"L1, L2 and L3: Higher managerial, administrative and professional occupations",324,245,79
E01001274,L10 and L11: Lower supervisory and technical occupations,29,36,-7
E01001274,L12: Semi-routine occupations,79,70,9
E01001274,L13: Routine occupations,45,30,15
E01001274,L14.1 and L14.2: Never worked and long-term unemployed,138,124,14
E01001274,L15: Full-time students,114,131,-17
E01001274,"L4, L5 and L6: Lower managerial, administrative and professional occupations",270,291,-21
E01001274,L7: Intermediate occupations,111,130,-19
E01001274,L8 and L9: Small employers and own account workers,106,83,23
E01001275,"L1, L2 and L3: Higher managerial, administrative and professional occupations",423,387,36
E01001275,L10 and L11: Lower supervisory and technical occupations,40,62,-22
E01001275,L12: Semi-routine occupations,100,71,29
E01001275,L13: Routine occupations,73,48,25
E01001275,L14.1 and L14.2: Never worked and long-term unemployed,111,124,-13
E01001275,L15: Full-time students,92,91,1
E01001275,"L4, L5 and L6: Lower managerial, administrative and professional occupations",422,454,-32
E01001275,L7: Intermediate occupations,119,149,-30
E01001275,L8 and L9: Small employers and own account workers,175,122,53
E01001276,"L1, L2 and L3: Higher managerial, administrative and professional occupations",201,148,53
E01001276,L10 and L11: Lower supervisory and technical occupations,57,66,-9
E01001276,L12: Semi-routine occupations,114,143,-29
E01001276,L13: Routine occupations,176,142,34
E01001276,L14.1 and L14.2: Never worked and long-term unemployed,196,120,76
E01001276,L15: Full-time students,137,123,14
E01001276,"L4, L5 and L6: Lower managerial, administrative and professional occupations",217,267,-50
E01001276,L7: Intermediate occupations,138,143,-5
E01001276,L8 and L9: Small employers and own account workers,247,220,27
E01001277,"L1, L2 and L3: Higher managerial, administrative and professional occupations",281,191,90
E01001277,L10 and L11: Lower supervisory and technical occupations,78,70,8
E01001277,L12: Semi-routine occupations,129,126,3
E01001277,L13: Routine occupations,172,142,30
E01001277,L14.1 and L14.2: Never worked and long-term unemployed,161,108,53
E01001277,L15: Full-time students,149,154,-5
E01001277,"L4, L5 and L6: Lower managerial, administrative and professional occupations",258,293,-35
E01001277,L7: Intermediate occupations,147,137,10
E01001277,L8 and L9: Small employers and own account workers,238,217,21
E01001278,"L1, L2 and L3: Higher managerial, administrative and professional occupations",260,226,34
E01001278,L10 and L11: Lower supervisory and technical occupations,45,60,-15
E01001278,L12: Semi-routine occupations,125,112,13
E01001278,L13: Routine occupations,124,88,36
E01001278,L14.1 and L14.2: Never worked and long-term unemployed,225,155,70
E01001278,L15: Full-time students,146,140,6
E01001278,"L4, L5 and L6: Lower managerial, administrative and professional occupations",282,306,-24
E01001278,L7: Intermediate occupations,134,138,-4
E01001278,L8 and L9: Small employers and own account workers,291,236,55
E01001279,"L1, L2 and L3: Higher managerial, administrative and professional occupations",395,291,104
E01001279,L10 and L11: Lower supervisory and technical occupations,17,26,-9
E01001279,L12: Semi-routine occupations,46,41,5
E01001279,L13: Routine occupations,48,23,25
E01001279,L14.1 and L14.2: Never worked and long-term unemployed,65,41,24
E01001279,L15: Full-time students,78,91,-13
E01001279,"L4, L5 and L6: Lower managerial, administrative and professional occupations",322,337,-15
E01001279,L7: Intermediate occupations,101,137,-36
E01001279,L8 and L9: Small employers and own account workers,121,105,16
E01001280,"L1, L2 and L3: Higher managerial, administrative and professional occupations",326,282,44
E01001280,L10 and L11: Lower supervisory and technical occupations,45,44,1
E01001280,L12: Semi-routine occupations,85,83,2
E01001280,L13: Routine occupations,85,51,34
E01001280,L14.1 and L14.2: Never worked and long-term unemployed,152,99,53
E01001280,L15: Full-time students,85,104,-19
E01001280,"L4, L5 and L6: Lower managerial, administrative and professional occupations",327,354,-27
E01001280,L7: Intermediate occupations,144,163,-19
E01001280,L8 and L9: Small employers and own account workers,177,135,42
E01001281,"L1, L2 and L3: Higher managerial, administrative and professional occupations",391,289,102
E01001281,L10 and L11: Lower supervisory and technical occupations,17,24,-7
E01001281,L12: Semi-routine occupations,54,51,3
E01001281,L13: Routine occupations,37,28,9
E01001281,L14.1 and L14.2: Never worked and long-term unemployed,103,21,82
E01001281,L15: Full-time students,87,85,2
E01001281,"L4, L5 and L6: Lower managerial, administrative and professional occupations",330,397,-67
E01001281,L7: Intermediate occupations,115,112,3
E01001281,L8 and L9: Small employers and own account workers,108,84,24
E01001282,"L1, L2 and L3: Higher managerial, administrative and professional occupations",122,73,49
E01001282,L10 and L11: Lower supervisory and technical occupations,46,77,-31
E01001282,L12: Semi-routine occupations,135,149,-14
E01001282,L13: Routine occupations,142,111,31
E01001282,L14.1 and L14.2: Never worked and long-term unemployed,190,116,74
E01001282,L15: Full-time students,105,114,-9
E01001282,"L4, L5 and L6: Lower managerial, administrative and professional occupations",196,169,27
E01001282,L7: Intermediate occupations,159,120,39
E01001282,L8 and L9: Small employers and own account workers,169,166,3
E01001283,"L1, L2 and L3: Higher managerial, administrative and professional occupations",115,90,25
E01001283,L10 and L11: Lower supervisory and technical occupations,78,57,21
E01001283,L12: Semi-routine occupations,176,156,20
E01001283,L13: Routine occupations,173,118,55
E01001283,L14.1 and L14.2: Never worked and long-term unemployed,204,125,79
E01001283,L15: Full-time students,100,106,-6
E01001283,"L4, L5 and L6: Lower managerial, administrative and professional occupations",226,211,15
E01001283,L7: Intermediate occupations,144,134,10
E01001283,L8 and L9: Small employers and own account workers,223,123,100
E01001284,"L1, L2 and L3: Higher managerial, administrative and professional occupations",195,119,76
E01001284,L10 and L11: Lower supervisory and technical occupations,55,69,-14
E01001284,L12: Semi-routine occupations,135,117,18
E01001284,L13: Routine occupations,120,93,27
E01001284,L14.1 and L14.2: Never worked and long-term unemployed,110,54,56
E01001284,L15: Full-time students,109,118,-9
E01001284,"L4, L5 and L6: Lower managerial, administrative and professional occupations",270,270,0
E01001284,L7: Intermediate occupations,132,163,-31
E01001284,L8 and L9: Small employers and own account workers,192,136,56
E01001285,"L1, L2 and L3: Higher managerial, administrative and professional occupations",147,106,41
E01001285,L10 and L11: Lower supervisory and technical occupations,50,71,-21
E01001285,L12: Semi-routine occupations,139,143,-4
E01001285,L13: Routine occupations,145,111,34
E01001285,L14.1 and L14.2: Never worked and long-term unemployed,182,105,77
E01001285,L15: Full-time students,151,129,22
E01001285,"L4, L5 and L6: Lower managerial, administrative and professional occupations",247,233,14
E01001285,L7: Intermediate occupations,122,136,-14
E01001285,L8 and L9: Small employers and own account workers,206,187,19
E01001286,"L1, L2 and L3: Higher managerial, administrative and professional occupations",173,88,85
E01001286,L10 and L11: Lower supervisory and technical occupations,59,62,-3
E01001286,L12: Semi-routine occupations,120,123,-3
E01001286,L13: Routine occupations,121,108,13
E01001286,L14.1 and L14.2: Never worked and long-term unemployed,134,92,42
E01001286,L15: Full-time students,136,135,1
E01001286,"L4, L5 and L6: Lower managerial, administrative and professional occupations",252,243,9
E01001286,L7: Intermediate occupations,141,142,-1
E01001286,L8 and L9: Small employers and own account workers,153,178,-25
E01001287,"L1, L2 and L3: Higher managerial, administrative and professional occupations",95,63,32
E01001287,L10 and L11: Lower supervisory and technical occupations,49,62,-13
E01001287,L12: Semi-routine occupations,118,120,-2
E01001287,L13: Routine occupations,121,96,25
E01001287,L14.1 and L14.2: Never worked and long-term unemployed,215,135,80
E01001287,L15: Full-time students,189,142,47
E01001287,"L4, L5 and L6: Lower managerial, administrative and professional occupations",189,156,33
E01001287,L7: Intermediate occupations,112,126,-14
E01001287,L8 and L9: Small employers and own account workers,141,114,27
E01001288,"L1, L2 and L3: Higher managerial, administrative and professional occupations",220,143,77
E01001288,L10 and L11: Lower supervisory and technical occupations,38,48,-10
E01001288,L12: Semi-routine occupations,87,103,-16
E01001288,L13: Routine occupations,79,84,-5
E01001288,L14.1 and L14.2: Never worked and long-term unemployed,104,52,52
E01001288,L15: Full-time students,93,95,-2
E01001288,"L4, L5 and L6: Lower managerial, administrative and professional occupations",268,287,-19
E01001288,L7: Intermediate occupations,106,122,-16
E01001288,L8 and L9: Small employers and own account workers,140,157,-17
E01001289,"L1, L2 and L3: Higher managerial, administrative and professional occupations",214,152,62
E01001289,L10 and L11: Lower supervisory and technical occupations,37,37,0
E01001289,L12: Semi-routine occupations,70,71,-1
E01001289,L13: Routine occupations,81,63,18
E01001289,L14.1 and L14.2: Never worked and long-term unemployed,64,57,7
E01001289,L15: Full-time students,86,86,0
E01001289,"L4, L5 and L6: Lower managerial, administrative and professional occupations",252,274,-22
E01001289,L7: Intermediate occupations,117,115,2
E01001289,L8 and L9: Small employers and own account workers,134,147,-13
E01001290,"L1, L2 and L3: Higher managerial, administrative and professional occupations",323,210,113
E01001290,L10 and L11: Lower supervisory and technical occupations,61,58,3
E01001290,L12: Semi-routine occupations,101,109,-8
E01001290,L13: Routine occupations,91,77,14
E01001290,L14.1 and L14.2: Never worked and long-term unemployed,101,61,40
E01001290,L15: Full-time students,107,143,-36
E01001290,"L4, L5 and L6: Lower managerial, administrative and professional occupations",432,402,30
E01001290,L7: Intermediate occupations,174,162,12
E01001290,L8 and L9: Small employers and own account workers,255,201,54
E01001291,"L1, L2 and L3: Higher managerial, administrative and professional occupations",131,62,69
E01001291,L10 and L11: Lower supervisory and technical occupations,82,53,29
E01001291,L12: Semi-routine occupations,143,134,9
E01001291,L13: Routine occupations,179,107,72
E01001291,L14.1 and L14.2: Never worked and long-term unemployed,181,97,84
E01001291,L15: Full-time students,130,123,7
E01001291,"L4, L5 and L6: Lower managerial, administrative and professional occupations",231,160,71
E01001291,L7: Intermediate occupations,136,123,13
E01001291,L8 and L9: Small employers and own account workers,178,101,77
E01001292,"L1, L2 and L3: Higher managerial, administrative and professional occupations",137,106,31
E01001292,L10 and L11: Lower supervisory and technical occupations,91,81,10
E01001292,L12: Semi-routine occupations,156,165,-9
E01001292,L13: Routine occupations,177,118,59
E01001292,L14.1 and L14.2: Never worked and long-term unemployed,181,100,81
E01001292,L15: Full-time students,102,178,-76
E01001292,"L4, L5 and L6: Lower managerial, administrative and professional occupations",217,224,-7
E01001292,L7: Intermediate occupations,162,169,-7
E01001292,L8 and L9: Small employers and own account workers,162,148,14
E01001293,"L1, L2 and L3: Higher managerial, administrative and professional occupations",97,95,2
E01001293,L10 and L11: Lower supervisory and technical occupations,65,92,-27
E01001293,L12: Semi-routine occupations,179,220,-41
E01001293,L13: Routine occupations,216,133,83
E01001293,L14.1 and L14.2: Never worked and long-term unemployed,222,157,65
E01001293,L15: Full-time students,140,211,-71
E01001293,"L4, L5 and L6: Lower managerial, administrative and professional occupations",185,215,-30
E01001293,L7: Intermediate occupations,122,165,-43
E01001293,L8 and L9: Small employers and own account workers,196,153,43
E01001294,"L1, L2 and L3: Higher managerial, administrative and professional occupations",113,88,25
E01001294,L10 and L11: Lower supervisory and technical occupations,76,112,-36
E01001294,L12: Semi-routine occupations,182,225,-43
E01001294,L13: Routine occupations,274,191,83
E01001294,L14.1 and L14.2: Never worked and long-term unemployed,293,154,139
E01001294,L15: Full-time students,139,191,-52
E01001294,"L4, L5 and L6: Lower managerial, administrative and professional occupations",212,210,2
E01001294,L7: Intermediate occupations,161,165,-4
E01001294,L8 and L9: Small employers and own account workers,168,121,47
E01001295,"L1, L2 and L3: Higher managerial, administrative and professional occupations",128,96,32
E01001295,L10 and L11: Lower supervisory and technical occupations,77,79,-2
E01001295,L12: Semi-routine occupations,183,227,-44
E01001295,L13: Routine occupations,223,173,50
E01001295,L14.1 and L14.2: Never worked and long-term unemployed,219,156,63
E01001295,L15: Full-time students,136,175,-39
E01001295,"L4, L5 and L6: Lower managerial, administrative and professional occupations",197,206,-9
E01001295,L7: Intermediate occupations,138,172,-34
E01001295,L8 and L9: Small employers and own account workers,169,92,77
E01001296,"L1, L2 and L3: Higher managerial, administrative and professional occupations",83,61,22
E01001296,L10 and L11: Lower supervisory and technical occupations,82,78,4
E01001296,L12: Semi-routine occupations,127,192,-65
E01001296,L13: Routine occupations,196,134,62
E01001296,L14.1 and L14.2: Never worked and long-term unemployed,175,123,52
E01001296,L15: Full-time students,110,159,-49
E01001296,"L4, L5 and L6: Lower managerial, administrative and professional occupations",163,146,17
E01001296,L7: Intermediate occupations,100,133,-33
E01001296,L8 and L9: Small employers and own account workers,132,89,43
E01001297,"L1, L2 and L3: Higher managerial, administrative and professional occupations",76,76,0
E01001297,L10 and L11: Lower supervisory and technical occupations,70,74,-4
E01001297,L12: Semi-routine occupations,202,222,-20
E01001297,L13: Routine occupations,257,179,78
E01001297,L14.1 and L14.2: Never worked and long-term unemployed,280,167,113
E01001297,L15: Full-time students,149,198,-49
E01001297,"L4, L5 and L6: Lower managerial, administrative and professional occupations",157,185,-28
E01001297,L7: Intermediate occupations,121,130,-9
E01001297,L8 and L9: Small employers and own account workers,147,135,12
E01001298,"L1, L2 and L3: Higher managerial, administrative and professional occupations",99,77,22
E01001298,L10 and L11: Lower supervisory and technical occupations,120,97,23
E01001298,L12: Semi-routine occupations,189,236,-47
E01001298,L13: Routine occupations,326,188,138
E01001298,L14.1 and L14.2: Never worked and long-term unemployed,329,202,127
E01001298,L15: Full-time students,184,185,-1
E01001298,"L4, L5 and L6: Lower managerial, administrative and professional occupations",189,161,28
E01001298,L7: Intermediate occupations,176,153,23
E01001298,L8 and L9: Small employers and own account workers,157,101,56
E01001299,"L1, L2 and L3: Higher managerial, administrative and professional occupations",328,234,94
E01001299,L10 and L11: Lower supervisory and technical occupations,38,51,-13
E01001299,L12: Semi-routine occupations,89,83,6
E01001299,L13: Routine occupations,78,58,20
E01001299,L14.1 and L14.2: Never worked and long-term unemployed,67,55,12
E01001299,L15: Full-time students,105,145,-40
E01001299,"L4, L5 and L6: Lower managerial, administrative and professional occupations",378,372,6
E01001299,L7: Intermediate occupations,158,191,-33
E01001299,L8 and L9: Small employers and own account workers,164,152,12
E01001300,"L1, L2 and L3: Higher managerial, administrative and professional occupations",358,295,63
E01001300,L10 and L11: Lower supervisory and technical occupations,50,39,11
E01001300,L12: Semi-routine occupations,50,79,-29
E01001300,L13: Routine occupations,47,61,-14
E01001300,L14.1 and L14.2: Never worked and long-term unemployed,72,29,43
E01001300,L15: Full-time students,79,87,-8
E01001300,"L4, L5 and L6: Lower managerial, administrative and professional occupations",339,402,-63
E01001300,L7: Intermediate occupations,116,123,-7
E01001300,L8 and L9: Small employers and own account workers,130,112,18
E01001301,"L1, L2 and L3: Higher managerial, administrative and professional occupations",262,218,44
E01001301,L10 and L11: Lower supervisory and technical occupations,81,64,17
E01001301,L12: Semi-routine occupations,119,80,39
E01001301,L13: Routine occupations,115,65,50
E01001301,L14.1 and L14.2: Never worked and long-term unemployed,148,54,94
E01001301,L15: Full-time students,184,340,-156
E01001301,"L4, L5 and L6: Lower managerial, administrative and professional occupations",346,395,-49
E01001301,L7: Intermediate occupations,156,129,27
E01001301,L8 and L9: Small employers and own account workers,169,136,33
E01001302,"L1, L2 and L3: Higher managerial, administrative and professional occupations",334,227,107
E01001302,L10 and L11: Lower supervisory and technical occupations,39,52,-13
E01001302,L12: Semi-routine occupations,76,89,-13
E01001302,L13: Routine occupations,53,57,-4
E01001302,L14.1 and L14.2: Never worked and long-term unemployed,65,50,15
E01001302,L15: Full-time students,96,77,19
E01001302,"L4, L5 and L6: Lower managerial, administrative and professional occupations",357,372,-15
E01001302,L7: Intermediate occupations,120,151,-31
E01001302,L8 and L9: Small employers and own account workers,142,145,-3
E01001303,"L1, L2 and L3: Higher managerial, administrative and professional occupations",371,281,90
E01001303,L10 and L11: Lower supervisory and technical occupations,30,41,-11
E01001303,L12: Semi-routine occupations,77,69,8
E01001303,L13: Routine occupations,53,37,16
E01001303,L14.1 and L14.2: Never worked and long-term unemployed,79,41,38
E01001303,L15: Full-time students,99,95,4
E01001303,"L4, L5 and L6: Lower managerial, administrative and professional occupations",384,425,-41
E01001303,L7: Intermediate occupations,121,139,-18
E01001303,L8 and L9: Small employers and own account workers,125,115,10
E01001304,"L1, L2 and L3: Higher managerial, administrative and professional occupations",316,253,63
E01001304,L10 and L11: Lower supervisory and technical occupations,48,49,-1
E01001304,L12: Semi-routine occupations,80,76,4
E01001304,L13: Routine occupations,67,78,-11
E01001304,L14.1 and L14.2: Never worked and long-term unemployed,76,38,38
E01001304,L15: Full-time students,84,93,-9
E01001304,"L4, L5 and L6: Lower managerial, administrative and professional occupations",390,428,-38
E01001304,L7: Intermediate occupations,129,153,-24
E01001304,L8 and L9: Small employers and own account workers,127,115,12
E01001305,"L1, L2 and L3: Higher managerial, administrative and professional occupations",338,234,104
E01001305,L10 and L11: Lower supervisory and technical occupations,35,50,-15
E01001305,L12: Semi-routine occupations,63,102,-39
E01001305,L13: Routine occupations,71,55,16
E01001305,L14.1 and L14.2: Never worked and long-term unemployed,65,42,23
E01001305,L15: Full-time students,95,99,-4
E01001305,"L4, L5 and L6: Lower managerial, administrative and professional occupations",372,420,-48
E01001305,L7: Intermediate occupations,135,146,-11
E01001305,L8 and L9: Small employers and own account workers,187,144,43
E01001306,"L1, L2 and L3: Higher managerial, administrative and professional occupations",374,262,112
E01001306,L10 and L11: Lower supervisory and technical occupations,35,40,-5
E01001306,L12: Semi-routine occupations,69,81,-12
E01001306,L13: Routine occupations,42,31,11
E01001306,L14.1 and L14.2: Never worked and long-term unemployed,45,38,7
E01001306,L15: Full-time students,75,73,2
E01001306,"L4, L5 and L6: Lower managerial, administrative and professional occupations",370,430,-60
E01001306,L7: Intermediate occupations,134,138,-4
E01001306,L8 and L9: Small employers and own account workers,137,130,7
E01001307,"L1, L2 and L3: Higher managerial, administrative and professional occupations",182,141,41
E01001307,L10 and L11: Lower supervisory and technical occupations,69,83,-14
E01001307,L12: Semi-routine occupations,132,139,-7
E01001307,L13: Routine occupations,157,122,35
E01001307,L14.1 and L14.2: Never worked and long-term unemployed,103,103,0
E01001307,L15: Full-time students,121,129,-8
E01001307,"L4, L5 and L6: Lower managerial, administrative and professional occupations",282,239,43
E01001307,L7: Intermediate occupations,188,202,-14
E01001307,L8 and L9: Small employers and own account workers,274,242,32
E01001308,"L1, L2 and L3: Higher managerial, administrative and professional occupations",227,180,47
E01001308,L10 and L11: Lower supervisory and technical occupations,64,90,-26
E01001308,L12: Semi-routine occupations,156,178,-22
E01001308,L13: Routine occupations,166,125,41
E01001308,L14.1 and L14.2: Never worked and long-term unemployed,173,108,65
E01001308,L15: Full-time students,142,150,-8
E01001308,"L4, L5 and L6: Lower managerial, administrative and professional occupations",324,298,26
E01001308,L7: Intermediate occupations,178,228,-50
E01001308,L8 and L9: Small employers and own account workers,238,184,54
E01001309,"L1, L2 and L3: Higher managerial, administrative and professional occupations",171,99,72
E01001309,L10 and L11: Lower supervisory and technical occupations,78,85,-7
E01001309,L12: Semi-routine occupations,158,163,-5
E01001309,L13: Routine occupations,167,140,27
E01001309,L14.1 and L14.2: Never worked and long-term unemployed,132,109,23
E01001309,L15: Full-time students,157,139,18
E01001309,"L4, L5 and L6: Lower managerial, administrative and professional occupations",257,269,-12
E01001309,L7: Intermediate occupations,176,190,-14
E01001309,L8 and L9: Small employers and own account workers,209,172,37
E01001310,"L1, L2 and L3: Higher managerial, administrative and professional occupations",175,115,60
E01001310,L10 and L11: Lower supervisory and technical occupations,86,104,-18
E01001310,L12: Semi-routine occupations,199,167,32
E01001310,L13: Routine occupations,199,128,71
E01001310,L14.1 and L14.2: Never worked and long-term unemployed,180,120,60
E01001310,L15: Full-time students,144,146,-2
E01001310,"L4, L5 and L6: Lower managerial, administrative and professional occupations",300,236,64
E01001310,L7: Intermediate occupations,212,195,17
E01001310,L8 and L9: Small employers and own account workers,252,135,117
E01001311,"L1, L2 and L3: Higher managerial, administrative and professional occupations",200,88,112
E01001311,L10 and L11: Lower supervisory and technical occupations,99,99,0
E01001311,L12: Semi-routine occupations,224,224,0
E01001311,L13: Routine occupations,259,215,44
E01001311,L14.1 and L14.2: Never worked and long-term unemployed,260,173,87
E01001311,L15: Full-time students,197,147,50
E01001311,"L4, L5 and L6: Lower managerial, administrative and professional occupations",365,187,178
E01001311,L7: Intermediate occupations,221,159,62
E01001311,L8 and L9: Small employers and own account workers,229,202,27
E01001312,"L1, L2 and L3: Higher managerial, administrative and professional occupations",188,136,52
E01001312,L10 and L11: Lower supervisory and technical occupations,78,95,-17
E01001312,L12: Semi-routine occupations,162,154,8
E01001312,L13: Routine occupations,203,124,79
E01001312,L14.1 and L14.2: Never worked and long-term unemployed,153,107,46
E01001312,L15: Full-time students,162,138,24
E01001312,"L4, L5 and L6: Lower managerial, administrative and professional occupations",292,225,67
E01001312,L7: Intermediate occupations,153,168,-15
E01001312,L8 and L9: Small employers and own account workers,217,213,4
E01001313,"L1, L2 and L3: Higher managerial, administrative and professional occupations",166,133,33
E01001313,L10 and L11: Lower supervisory and technical occupations,83,83,0
E01001313,L12: Semi-routine occupations,146,169,-23
E01001313,L13: Routine occupations,155,115,40
E01001313,L14.1 and L14.2: Never worked and long-term unemployed,160,95,65
E01001313,L15: Full-time students,139,134,5
E01001313,"L4, L5 and L6: Lower managerial, administrative and professional occupations",237,226,11
E01001313,L7: Intermediate occupations,155,174,-19
E01001313,L8 and L9: Small employers and own account workers,197,166,31
E01001314,"L1, L2 and L3: Higher managerial, administrative and professional occupations",138,109,29
E01001314,L10 and L11: Lower supervisory and technical occupations,59,67,-8
E01001314,L12: Semi-routine occupations,116,171,-55
E01001314,L13: Routine occupations,119,115,4
E01001314,L14.1 and L14.2: Never worked and long-term unemployed,124,71,53
E01001314,L15: Full-time students,101,105,-4
E01001314,"L4, L5 and L6: Lower managerial, administrative and professional occupations",233,227,6
E01001314,L7: Intermediate occupations,149,142,7
E01001314,L8 and L9: Small employers and own account workers,200,187,13
E01001315,"L1, L2 and L3: Higher managerial, administrative and professional occupations",100,64,36
E01001315,L10 and L11: Lower supervisory and technical occupations,67,98,-31
E01001315,L12: Semi-routine occupations,122,159,-37
E01001315,L13: Routine occupations,177,113,64
E01001315,L14.1 and L14.2: Never worked and long-term unemployed,128,82,46
E01001315,L15: Full-time students,108,98,10
E01001315,"L4, L5 and L6: Lower managerial, administrative and professional occupations",192,204,-12
E01001315,L7: Intermediate occupations,141,161,-20
E01001315,L8 and L9: Small employers and own account workers,150,112,38
E01001316,"L1, L2 and L3: Higher managerial, administrative and professional occupations",120,55,65
E01001316,L10 and L11: Lower supervisory and technical occupations,54,78,-24
E01001316,L12: Semi-routine occupations,163,194,-31
E01001316,L13: Routine occupations,146,140,6
E01001316,L14.1 and L14.2: Never worked and long-term unemployed,203,136,67
E01001316,L15: Full-time students,136,99,37
E01001316,"L4, L5 and L6: Lower managerial, administrative and professional occupations",205,176,29
E01001316,L7: Intermediate occupations,138,151,-13
E01001316,L8 and L9: Small employers and own account workers,166,76,90
E01001317,"L1, L2 and L3: Higher managerial, administrative and professional occupations",153,100,53
E01001317,L10 and L11: Lower supervisory and technical occupations,76,77,-1
E01001317,L12: Semi-routine occupations,212,184,28
E01001317,L13: Routine occupations,178,135,43
E01001317,L14.1 and L14.2: Never worked and long-term unemployed,216,146,70
E01001317,L15: Full-time students,174,136,38
E01001317,"L4, L5 and L6: Lower managerial, administrative and professional occupations",250,235,15
E01001317,L7: Intermediate occupations,170,145,25
E01001317,L8 and L9: Small employers and own account workers,238,144,94
E01001318,"L1, L2 and L3: Higher managerial, administrative and professional occupations",122,79,43
E01001318,L10 and L11: Lower supervisory and technical occupations,86,81,5
E01001318,L12: Semi-routine occupations,188,172,16
E01001318,L13: Routine occupations,239,165,74
E01001318,L14.1 and L14.2: Never worked and long-term unemployed,206,145,61
E01001318,L15: Full-time students,131,125,6
E01001318,"L4, L5 and L6: Lower managerial, administrative and professional occupations",239,180,59
E01001318,L7: Intermediate occupations,127,139,-12
E01001318,L8 and L9: Small employers and own account workers,183,131,52
E01001319,"L1, L2 and L3: Higher managerial, administrative and professional occupations",164,84,80
E01001319,L10 and L11: Lower supervisory and technical occupations,70,75,-5
E01001319,L12: Semi-routine occupations,130,162,-32
E01001319,L13: Routine occupations,143,92,51
E01001319,L14.1 and L14.2: Never worked and long-term unemployed,122,94,28
E01001319,L15: Full-time students,112,108,4
E01001319,"L4, L5 and L6: Lower managerial, administrative and professional occupations",210,166,44
E01001319,L7: Intermediate occupations,153,174,-21
E01001319,L8 and L9: Small employers and own account workers,170,116,54
E01001320,"L1, L2 and L3: Higher managerial, administrative and professional occupations",65,47,18
E01001320,L10 and L11: Lower supervisory and technical occupations,66,70,-4
E01001320,L12: Semi-routine occupations,152,175,-23
E01001320,L13: Routine occupations,184,119,65
E01001320,L14.1 and L14.2: Never worked and long-term unemployed,174,123,51
E01001320,L15: Full-time students,152,150,2
E01001320,"L4, L5 and L6: Lower managerial, administrative and professional occupations",189,131,58
E01001320,L7: Intermediate occupations,96,119,-23
E01001320,L8 and L9: Small employers and own account workers,130,87,43
E01001321,"L1, L2 and L3: Higher managerial, administrative and professional occupations",177,109,68
E01001321,L10 and L11: Lower supervisory and technical occupations,75,103,-28
E01001321,L12: Semi-routine occupations,181,185,-4
E01001321,L13: Routine occupations,193,159,34
E01001321,L14.1 and L14.2: Never worked and long-term unemployed,276,133,143
E01001321,L15: Full-time students,202,137,65
E01001321,"L4, L5 and L6: Lower managerial, administrative and professional occupations",297,247,50
E01001321,L7: Intermediate occupations,159,205,-46
E01001321,L8 and L9: Small employers and own account workers,263,171,92
E01001322,"L1, L2 and L3: Higher managerial, administrative and professional occupations",176,112,64
E01001322,L10 and L11: Lower supervisory and technical occupations,66,71,-5
E01001322,L12: Semi-routine occupations,168,183,-15
E01001322,L13: Routine occupations,176,107,69
E01001322,L14.1 and L14.2: Never worked and long-term unemployed,211,119,92
E01001322,L15: Full-time students,159,136,23
E01001322,"L4, L5 and L6: Lower managerial, administrative and professional occupations",290,221,69
E01001322,L7: Intermediate occupations,165,174,-9
E01001322,L8 and L9: Small employers and own account workers,231,166,65
E01001323,"L1, L2 and L3: Higher managerial, administrative and professional occupations",168,135,33
E01001323,L10 and L11: Lower supervisory and technical occupations,81,87,-6
E01001323,L12: Semi-routine occupations,174,198,-24
E01001323,L13: Routine occupations,162,99,63
E01001323,L14.1 and L14.2: Never worked and long-term unemployed,194,106,88
E01001323,L15: Full-time students,152,124,28
E01001323,"L4, L5 and L6: Lower managerial, administrative and professional occupations",280,249,31
E01001323,L7: Intermediate occupations,173,170,3
E01001323,L8 and L9: Small employers and own account workers,181,136,45
E01001324,"L1, L2 and L3: Higher managerial, administrative and professional occupations",109,87,22
E01001324,L10 and L11: Lower supervisory and technical occupations,78,76,2
E01001324,L12: Semi-routine occupations,163,121,42
E01001324,L13: Routine occupations,141,114,27
E01001324,L14.1 and L14.2: Never worked and long-term unemployed,171,135,36
E01001324,L15: Full-time students,102,106,-4
E01001324,"L4, L5 and L6: Lower managerial, administrative and professional occupations",197,206,-9
E01001324,L7: Intermediate occupations,142,173,-31
E01001324,L8 and L9: Small employers and own account workers,166,115,51
E01001325,"L1, L2 and L3: Higher managerial, administrative and professional occupations",110,58,52
E01001325,L10 and L11: Lower supervisory and technical occupations,85,99,-14
E01001325,L12: Semi-routine occupations,177,183,-6
E01001325,L13: Routine occupations,173,129,44
E01001325,L14.1 and L14.2: Never worked and long-term unemployed,236,133,103
E01001325,L15: Full-time students,148,146,2
E01001325,"L4, L5 and L6: Lower managerial, administrative and professional occupations",228,193,35
E01001325,L7: Intermediate occupations,182,161,21
E01001325,L8 and L9: Small employers and own account workers,177,123,54
E01001326,"L1, L2 and L3: Higher managerial, administrative and professional occupations",107,71,36
E01001326,L10 and L11: Lower supervisory and technical occupations,97,77,20
E01001326,L12: Semi-routine occupations,159,162,-3
E01001326,L13: Routine occupations,187,147,40
E01001326,L14.1 and L14.2: Never worked and long-term unemployed,202,151,51
E01001326,L15: Full-time students,131,128,3
E01001326,"L4, L5 and L6: Lower managerial, administrative and professional occupations",229,191,38
E01001326,L7: Intermediate occupations,157,123,34
E01001326,L8 and L9: Small employers and own account workers,155,119,36
E01001327,"L1, L2 and L3: Higher managerial, administrative and professional occupations",118,71,47
E01001327,L10 and L11: Lower supervisory and technical occupations,72,97,-25
E01001327,L12: Semi-routine occupations,180,170,10
E01001327,L13: Routine occupations,203,136,67
E01001327,L14.1 and L14.2: Never worked and long-term unemployed,202,171,31
E01001327,L15: Full-time students,178,173,5
E01001327,"L4, L5 and L6: Lower managerial, administrative and professional occupations",216,181,35
E01001327,L7: Intermediate occupations,165,152,13
E01001327,L8 and L9: Small employers and own account workers,188,137,51
E01001328,"L1, L2 and L3: Higher managerial, administrative and professional occupations",102,63,39
E01001328,L10 and L11: Lower supervisory and technical occupations,71,75,-4
E01001328,L12: Semi-routine occupations,171,179,-8
E01001328,L13: Routine occupations,191,151,40
E01001328,L14.1 and L14.2: Never worked and long-term unemployed,200,170,30
E01001328,L15: Full-time students,155,134,21
E01001328,"L4, L5 and L6: Lower managerial, administrative and professional occupations",196,160,36
E01001328,L7: Intermediate occupations,148,138,10
E01001328,L8 and L9: Small employers and own account workers,160,114,46
E01001329,"L1, L2 and L3: Higher managerial, administrative and professional occupations",114,76,38
E01001329,L10 and L11: Lower supervisory and technical occupations,77,77,0
E01001329,L12: Semi-routine occupations,148,161,-13
E01001329,L13: Routine occupations,193,115,78
E01001329,L14.1 and L14.2: Never worked and long-term unemployed,217,122,95
E01001329,L15: Full-time students,148,173,-25
E01001329,"L4, L5 and L6: Lower managerial, administrative and professional occupations",238,215,23
E01001329,L7: Intermediate occupations,154,157,-3
E01001329,L8 and L9: Small employers and own account workers,184,112,72
E01001330,"L1, L2 and L3: Higher managerial, administrative and professional occupations",64,49,15
E01001330,L10 and L11: Lower supervisory and technical occupations,64,101,-37
E01001330,L12: Semi-routine occupations,184,198,-14
E01001330,L13: Routine occupations,196,158,38
E01001330,L14.1 and L14.2: Never worked and long-term unemployed,232,165,67
E01001330,L15: Full-time students,139,98,41
E01001330,"L4, L5 and L6: Lower managerial, administrative and professional occupations",211,138,73
E01001330,L7: Intermediate occupations,141,121,20
E01001330,L8 and L9: Small employers and own account workers,139,99,40
E01001331,"L1, L2 and L3: Higher managerial, administrative and professional occupations",58,40,18
E01001331,L10 and L11: Lower supervisory and technical occupations,50,81,-31
E01001331,L12: Semi-routine occupations,181,169,12
E01001331,L13: Routine occupations,180,142,38
E01001331,L14.1 and L14.2: Never worked and long-term unemployed,234,202,32
E01001331,L15: Full-time students,137,135,2
E01001331,"L4, L5 and L6: Lower managerial, administrative and professional occupations",153,150,3
E01001331,L7: Intermediate occupations,113,108,5
E01001331,L8 and L9: Small employers and own account workers,189,91,98
E01001332,"L1, L2 and L3: Higher managerial, administrative and professional occupations",79,44,35
E01001332,L10 and L11: Lower supervisory and technical occupations,62,59,3
E01001332,L12: Semi-routine occupations,127,184,-57
E01001332,L13: Routine occupations,158,119,39
E01001332,L14.1 and L14.2: Never worked and long-term unemployed,219,164,55
E01001332,L15: Full-time students,130,135,-5
E01001332,"L4, L5 and L6: Lower managerial, administrative and professional occupations",177,156,21
E01001332,L7: Intermediate occupations,121,157,-36
E01001332,L8 and L9: Small employers and own account workers,133,73,60
E01001333,"L1, L2 and L3: Higher managerial, administrative and professional occupations",93,54,39
E01001333,L10 and L11: Lower supervisory and technical occupations,106,90,16
E01001333,L12: Semi-routine occupations,227,202,25
E01001333,L13: Routine occupations,400,189,211
E01001333,L14.1 and L14.2: Never worked and long-term unemployed,422,247,175
E01001333,L15: Full-time students,199,227,-28
E01001333,"L4, L5 and L6: Lower managerial, administrative and professional occupations",177,146,31
E01001333,L7: Intermediate occupations,163,122,41
E01001333,L8 and L9: Small employers and own account workers,149,105,44
E01001334,"L1, L2 and L3: Higher managerial, administrative and professional occupations",55,47,8
E01001334,L10 and L11: Lower supervisory and technical occupations,69,79,-10
E01001334,L12: Semi-routine occupations,136,179,-43
E01001334,L13: Routine occupations,202,160,42
E01001334,L14.1 and L14.2: Never worked and long-term unemployed,320,194,126
E01001334,L15: Full-time students,155,175,-20
E01001334,"L4, L5 and L6: Lower managerial, administrative and professional occupations",113,118,-5
E01001334,L7: Intermediate occupations,96,113,-17
E01001334,L8 and L9: Small employers and own account workers,123,80,43
E01001335,"L1, L2 and L3: Higher managerial, administrative and professional occupations",208,146,62
E01001335,L10 and L11: Lower supervisory and technical occupations,54,64,-10
E01001335,L12: Semi-routine occupations,123,160,-37
E01001335,L13: Routine occupations,147,96,51
E01001335,L14.1 and L14.2: Never worked and long-term unemployed,187,110,77
E01001335,L15: Full-time students,142,159,-17
E01001335,"L4, L5 and L6: Lower managerial, administrative and professional occupations",262,258,4
E01001335,L7: Intermediate occupations,163,168,-5
E01001335,L8 and L9: Small employers and own account workers,204,147,57
E01001336,"L1, L2 and L3: Higher managerial, administrative and professional occupations",127,100,27
E01001336,L10 and L11: Lower supervisory and technical occupations,59,59,0
E01001336,L12: Semi-routine occupations,202,162,40
E01001336,L13: Routine occupations,219,126,93
E01001336,L14.1 and L14.2: Never worked and long-term unemployed,263,146,117
E01001336,L15: Full-time students,117,138,-21
E01001336,"L4, L5 and L6: Lower managerial, administrative and professional occupations",223,179,44
E01001336,L7: Intermediate occupations,144,152,-8
E01001336,L8 and L9: Small employers and own account workers,158,121,37
E01001337,"L1, L2 and L3: Higher managerial, administrative and professional occupations",233,75,158
E01001337,L10 and L11: Lower supervisory and technical occupations,75,49,26
E01001337,L12: Semi-routine occupations,166,153,13
E01001337,L13: Routine occupations,165,104,61
E01001337,L14.1 and L14.2: Never worked and long-term unemployed,216,124,92
E01001337,L15: Full-time students,137,169,-32
E01001337,"L4, L5 and L6: Lower managerial, administrative and professional occupations",375,199,176
E01001337,L7: Intermediate occupations,165,148,17
E01001337,L8 and L9: Small employers and own account workers,191,108,83
E01001338,"L1, L2 and L3: Higher managerial, administrative and professional occupations",127,86,41
E01001338,L10 and L11: Lower supervisory and technical occupations,81,83,-2
E01001338,L12: Semi-routine occupations,171,179,-8
E01001338,L13: Routine occupations,219,154,65
E01001338,L14.1 and L14.2: Never worked and long-term unemployed,268,289,-21
E01001338,L15: Full-time students,137,172,-35
E01001338,"L4, L5 and L6: Lower managerial, administrative and professional occupations",208,208,0
E01001338,L7: Intermediate occupations,133,139,-6
E01001338,L8 and L9: Small employers and own account workers,168,107,61
E01001339,"L1, L2 and L3: Higher managerial, administrative and professional occupations",205,70,135
E01001339,L10 and L11: Lower supervisory and technical occupations,82,68,14
E01001339,L12: Semi-routine occupations,199,178,21
E01001339,L13: Routine occupations,158,122,36
E01001339,L14.1 and L14.2: Never worked and long-term unemployed,271,224,47
E01001339,L15: Full-time students,182,180,2
E01001339,"L4, L5 and L6: Lower managerial, administrative and professional occupations",290,202,88
E01001339,L7: Intermediate occupations,167,143,24
E01001339,L8 and L9: Small employers and own account workers,158,108,50
E01001340,"L1, L2 and L3: Higher managerial, administrative and professional occupations",125,98,27
E01001340,L10 and L11: Lower supervisory and technical occupations,56,80,-24
E01001340,L12: Semi-routine occupations,132,195,-63
E01001340,L13: Routine occupations,142,149,-7
E01001340,L14.1 and L14.2: Never worked and long-term unemployed,221,317,-96
E01001340,L15: Full-time students,101,130,-29
E01001340,"L4, L5 and L6: Lower managerial, administrative and professional occupations",251,308,-57
E01001340,L7: Intermediate occupations,121,144,-23
E01001340,L8 and L9: Small employers and own account workers,115,100,15
E01001341,"L1, L2 and L3: Higher managerial, administrative and professional occupations",147,101,46
E01001341,L10 and L11: Lower supervisory and technical occupations,57,88,-31
E01001341,L12: Semi-routine occupations,158,192,-34
E01001341,L13: Routine occupations,188,120,68
E01001341,L14.1 and L14.2: Never worked and long-term unemployed,169,115,54
E01001341,L15: Full-time students,140,140,0
E01001341,"L4, L5 and L6: Lower managerial, administrative and professional occupations",236,194,42
E01001341,L7: Intermediate occupations,150,134,16
E01001341,L8 and L9: Small employers and own account workers,199,199,0
E01001342,"L1, L2 and L3: Higher managerial, administrative and professional occupations",150,145,5
E01001342,L10 and L11: Lower supervisory and technical occupations,76,61,15
E01001342,L12: Semi-routine occupations,154,166,-12
E01001342,L13: Routine occupations,224,133,91
E01001342,L14.1 and L14.2: Never worked and long-term unemployed,196,126,70
E01001342,L15: Full-time students,129,157,-28
E01001342,"L4, L5 and L6: Lower managerial, administrative and professional occupations",230,233,-3
E01001342,L7: Intermediate occupations,158,181,-23
E01001342,L8 and L9: Small employers and own account workers,251,208,43
E01001343,"L1, L2 and L3: Higher managerial, administrative and professional occupations",131,93,38
E01001343,L10 and L11: Lower supervisory and technical occupations,57,82,-25
E01001343,L12: Semi-routine occupations,110,133,-23
E01001343,L13: Routine occupations,124,95,29
E01001343,L14.1 and L14.2: Never worked and long-term unemployed,145,106,39
E01001343,L15: Full-time students,93,100,-7
E01001343,"L4, L5 and L6: Lower managerial, administrative and professional occupations",220,207,13
E01001343,L7: Intermediate occupations,123,144,-21
E01001343,L8 and L9: Small employers and own account workers,199,175,24
E01001344,"L1, L2 and L3: Higher managerial, administrative and professional occupations",227,193,34
E01001344,L10 and L11: Lower supervisory and technical occupations,69,94,-25
E01001344,L12: Semi-routine occupations,189,162,27
E01001344,L13: Routine occupations,192,153,39
E01001344,L14.1 and L14.2: Never worked and long-term unemployed,220,135,85
E01001344,L15: Full-time students,129,131,-2
E01001344,"L4, L5 and L6: Lower managerial, administrative and professional occupations",310,327,-17
E01001344,L7: Intermediate occupations,177,212,-35
E01001344,L8 and L9: Small employers and own account workers,317,232,85
E01001345,"L1, L2 and L3: Higher managerial, administrative and professional occupations",125,75,50
E01001345,L10 and L11: Lower supervisory and technical occupations,96,81,15
E01001345,L12: Semi-routine occupations,155,175,-20
E01001345,L13: Routine occupations,203,173,30
E01001345,L14.1 and L14.2: Never worked and long-term unemployed,168,147,21
E01001345,L15: Full-time students,176,159,17
E01001345,"L4, L5 and L6: Lower managerial, administrative and professional occupations",181,152,29
E01001345,L7: Intermediate occupations,138,112,26
E01001345,L8 and L9: Small employers and own account workers,195,151,44
E01001346,"L1, L2 and L3: Higher managerial, administrative and professional occupations",195,138,57
E01001346,L10 and L11: Lower supervisory and technical occupations,65,92,-27
E01001346,L12: Semi-routine occupations,132,139,-7
E01001346,L13: Routine occupations,151,128,23
E01001346,L14.1 and L14.2: Never worked and long-term unemployed,148,99,49
E01001346,L15: Full-time students,132,111,21
E01001346,"L4, L5 and L6: Lower managerial, administrative and professional occupations",264,265,-1
E01001346,L7: Intermediate occupations,159,166,-7
E01001346,L8 and L9: Small employers and own account workers,294,250,44
E01001347,"L1, L2 and L3: Higher managerial, administrative and professional occupations",155,99,56
E01001347,L10 and L11: Lower supervisory and technical occupations,73,74,-1
E01001347,L12: Semi-routine occupations,129,133,-4
E01001347,L13: Routine occupations,162,135,27
E01001347,L14.1 and L14.2: Never worked and long-term unemployed,230,90,140
E01001347,L15: Full-time students,185,105,80
E01001347,"L4, L5 and L6: Lower managerial, administrative and professional occupations",304,189,115
E01001347,L7: Intermediate occupations,140,134,6
E01001347,L8 and L9: Small employers and own account workers,306,230,76
E01001348,"L1, L2 and L3: Higher managerial, administrative and professional occupations",170,134,36
E01001348,L10 and L11: Lower supervisory and technical occupations,63,68,-5
E01001348,L12: Semi-routine occupations,122,137,-15
E01001348,L13: Routine occupations,156,123,33
E01001348,L14.1 and L14.2: Never worked and long-term unemployed,157,76,81
E01001348,L15: Full-time students,99,78,21
E01001348,"L4, L5 and L6: Lower managerial, administrative and professional occupations",236,284,-48
E01001348,L7: Intermediate occupations,125,135,-10
E01001348,L8 and L9: Small employers and own account workers,206,172,34
E01001349,"L1, L2 and L3: Higher managerial, administrative and professional occupations",115,106,9
E01001349,L10 and L11: Lower supervisory and technical occupations,53,69,-16
E01001349,L12: Semi-routine occupations,121,120,1
E01001349,L13: Routine occupations,123,117,6
E01001349,L14.1 and L14.2: Never worked and long-term unemployed,169,126,43
E01001349,L15: Full-time students,118,103,15
E01001349,"L4, L5 and L6: Lower managerial, administrative and professional occupations",187,179,8
E01001349,L7: Intermediate occupations,121,104,17
E01001349,L8 and L9: Small employers and own account workers,160,133,27
E01001350,"L1, L2 and L3: Higher managerial, administrative and professional occupations",291,207,84
E01001350,L10 and L11: Lower supervisory and technical occupations,33,45,-12
E01001350,L12: Semi-routine occupations,79,80,-1
E01001350,L13: Routine occupations,58,34,24
E01001350,L14.1 and L14.2: Never worked and long-term unemployed,89,87,2
E01001350,L15: Full-time students,94,101,-7
E01001350,"L4, L5 and L6: Lower managerial, administrative and professional occupations",312,336,-24
E01001350,L7: Intermediate occupations,114,121,-7
E01001350,L8 and L9: Small employers and own account workers,153,120,33
E01001351,"L1, L2 and L3: Higher managerial, administrative and professional occupations",290,180,110
E01001351,L10 and L11: Lower supervisory and technical occupations,66,91,-25
E01001351,L12: Semi-routine occupations,109,130,-21
E01001351,L13: Routine occupations,158,125,33
E01001351,L14.1 and L14.2: Never worked and long-term unemployed,205,129,76
E01001351,L15: Full-time students,131,158,-27
E01001351,"L4, L5 and L6: Lower managerial, administrative and professional occupations",311,347,-36
E01001351,L7: Intermediate occupations,123,157,-34
E01001351,L8 and L9: Small employers and own account workers,218,169,49
E01001352,"L1, L2 and L3: Higher managerial, administrative and professional occupations",343,226,117
E01001352,L10 and L11: Lower supervisory and technical occupations,46,40,6
E01001352,L12: Semi-routine occupations,70,69,1
E01001352,L13: Routine occupations,77,48,29
E01001352,L14.1 and L14.2: Never worked and long-term unemployed,97,67,30
E01001352,L15: Full-time students,98,114,-16
E01001352,"L4, L5 and L6: Lower managerial, administrative and professional occupations",326,349,-23
E01001352,L7: Intermediate occupations,128,120,8
E01001352,L8 and L9: Small employers and own account workers,165,138,27
E01001353,"L1, L2 and L3: Higher managerial, administrative and professional occupations",244,166,78
E01001353,L10 and L11: Lower supervisory and technical occupations,45,74,-29
E01001353,L12: Semi-routine occupations,76,108,-32
E01001353,L13: Routine occupations,99,114,-15
E01001353,L14.1 and L14.2: Never worked and long-term unemployed,125,107,18
E01001353,L15: Full-time students,85,130,-45
E01001353,"L4, L5 and L6: Lower managerial, administrative and professional occupations",247,317,-70
E01001353,L7: Intermediate occupations,125,139,-14
E01001353,L8 and L9: Small employers and own account workers,151,141,10
E01001354,"L1, L2 and L3: Higher managerial, administrative and professional occupations",426,256,170
E01001354,L10 and L11: Lower supervisory and technical occupations,46,50,-4
E01001354,L12: Semi-routine occupations,94,67,27
E01001354,L13: Routine occupations,97,89,8
E01001354,L14.1 and L14.2: Never worked and long-term unemployed,223,94,129
E01001354,L15: Full-time students,108,149,-41
E01001354,"L4, L5 and L6: Lower managerial, administrative and professional occupations",420,389,31
E01001354,L7: Intermediate occupations,143,140,3
E01001354,L8 and L9: Small employers and own account workers,216,164,52
E01001355,"L1, L2 and L3: Higher managerial, administrative and professional occupations",331,166,165
E01001355,L10 and L11: Lower supervisory and technical occupations,63,70,-7
E01001355,L12: Semi-routine occupations,122,107,15
E01001355,L13: Routine occupations,127,118,9
E01001355,L14.1 and L14.2: Never worked and long-term unemployed,153,100,53
E01001355,L15: Full-time students,108,131,-23
E01001355,"L4, L5 and L6: Lower managerial, administrative and professional occupations",419,381,38
E01001355,L7: Intermediate occupations,144,131,13
E01001355,L8 and L9: Small employers and own account workers,193,123,70
E01001356,"L1, L2 and L3: Higher managerial, administrative and professional occupations",105,60,45
E01001356,L10 and L11: Lower supervisory and technical occupations,41,74,-33
E01001356,L12: Semi-routine occupations,122,199,-77
E01001356,L13: Routine occupations,126,164,-38
E01001356,L14.1 and L14.2: Never worked and long-term unemployed,226,253,-27
E01001356,L15: Full-time students,126,122,4
E01001356,"L4, L5 and L6: Lower managerial, administrative and professional occupations",136,188,-52
E01001356,L7: Intermediate occupations,108,135,-27
E01001356,L8 and L9: Small employers and own account workers,128,139,-11
E01001357,"L1, L2 and L3: Higher managerial, administrative and professional occupations",486,59,427
E01001357,L10 and L11: Lower supervisory and technical occupations,65,35,30
E01001357,L12: Semi-routine occupations,188,95,93
E01001357,L13: Routine occupations,164,70,94
E01001357,L14.1 and L14.2: Never worked and long-term unemployed,224,103,121
E01001357,L15: Full-time students,171,108,63
E01001357,"L4, L5 and L6: Lower managerial, administrative and professional occupations",569,135,434
E01001357,L7: Intermediate occupations,189,82,107
E01001357,L8 and L9: Small employers and own account workers,157,100,57
E01001358,"L1, L2 and L3: Higher managerial, administrative and professional occupations",361,51,310
E01001358,L10 and L11: Lower supervisory and technical occupations,55,56,-1
E01001358,L12: Semi-routine occupations,108,133,-25
E01001358,L13: Routine occupations,124,123,1
E01001358,L14.1 and L14.2: Never worked and long-term unemployed,171,212,-41
E01001358,L15: Full-time students,150,162,-12
E01001358,"L4, L5 and L6: Lower managerial, administrative and professional occupations",346,139,207
E01001358,L7: Intermediate occupations,149,89,60
E01001358,L8 and L9: Small employers and own account workers,112,100,12
E01001359,"L1, L2 and L3: Higher managerial, administrative and professional occupations",79,54,25
E01001359,L10 and L11: Lower supervisory and technical occupations,109,118,-9
E01001359,L12: Semi-routine occupations,238,284,-46
E01001359,L13: Routine occupations,400,223,177
E01001359,L14.1 and L14.2: Never worked and long-term unemployed,417,271,146
E01001359,L15: Full-time students,221,259,-38
E01001359,"L4, L5 and L6: Lower managerial, administrative and professional occupations",177,162,15
E01001359,L7: Intermediate occupations,154,128,26
E01001359,L8 and L9: Small employers and own account workers,157,95,62
E01001360,"L1, L2 and L3: Higher managerial, administrative and professional occupations",101,84,17
E01001360,L10 and L11: Lower supervisory and technical occupations,121,123,-2
E01001360,L12: Semi-routine occupations,178,210,-32
E01001360,L13: Routine occupations,472,215,257
E01001360,L14.1 and L14.2: Never worked and long-term unemployed,329,200,129
E01001360,L15: Full-time students,179,250,-71
E01001360,"L4, L5 and L6: Lower managerial, administrative and professional occupations",202,150,52
E01001360,L7: Intermediate occupations,157,118,39
E01001360,L8 and L9: Small employers and own account workers,113,87,26
E01001361,"L1, L2 and L3: Higher managerial, administrative and professional occupations",65,45,20
E01001361,L10 and L11: Lower supervisory and technical occupations,115,94,21
E01001361,L12: Semi-routine occupations,184,180,4
E01001361,L13: Routine occupations,383,220,163
E01001361,L14.1 and L14.2: Never worked and long-term unemployed,393,238,155
E01001361,L15: Full-time students,200,196,4
E01001361,"L4, L5 and L6: Lower managerial, administrative and professional occupations",153,143,10
E01001361,L7: Intermediate occupations,121,108,13
E01001361,L8 and L9: Small employers and own account workers,166,110,56
E01001362,"L1, L2 and L3: Higher managerial, administrative and professional occupations",91,66,25
E01001362,L10 and L11: Lower supervisory and technical occupations,104,94,10
E01001362,L12: Semi-routine occupations,272,270,2
E01001362,L13: Routine occupations,413,235,178
E01001362,L14.1 and L14.2: Never worked and long-term unemployed,411,234,177
E01001362,L15: Full-time students,215,245,-30
E01001362,"L4, L5 and L6: Lower managerial, administrative and professional occupations",176,154,22
E01001362,L7: Intermediate occupations,159,117,42
E01001362,L8 and L9: Small employers and own account workers,161,96,65
E01001363,"L1, L2 and L3: Higher managerial, administrative and professional occupations",91,47,44
E01001363,L10 and L11: Lower supervisory and technical occupations,88,80,8
E01001363,L12: Semi-routine occupations,172,215,-43
E01001363,L13: Routine occupations,330,199,131
E01001363,L14.1 and L14.2: Never worked and long-term unemployed,303,203,100
E01001363,L15: Full-time students,169,169,0
E01001363,"L4, L5 and L6: Lower managerial, administrative and professional occupations",123,115,8
E01001363,L7: Intermediate occupations,104,92,12
E01001363,L8 and L9: Small employers and own account workers,123,78,45
E01001364,"L1, L2 and L3: Higher managerial, administrative and professional occupations",64,51,13
E01001364,L10 and L11: Lower supervisory and technical occupations,67,91,-24
E01001364,L12: Semi-routine occupations,175,189,-14
E01001364,L13: Routine occupations,259,155,104
E01001364,L14.1 and L14.2: Never worked and long-term unemployed,366,223,143
E01001364,L15: Full-time students,170,226,-56
E01001364,"L4, L5 and L6: Lower managerial, administrative and professional occupations",140,134,6
E01001364,L7: Intermediate occupations,139,107,32
E01001364,L8 and L9: Small employers and own account workers,80,77,3
E01001365,"L1, L2 and L3: Higher managerial, administrative and professional occupations",118,61,57
E01001365,L10 and L11: Lower supervisory and technical occupations,109,110,-1
E01001365,L12: Semi-routine occupations,257,259,-2
E01001365,L13: Routine occupations,458,257,201
E01001365,L14.1 and L14.2: Never worked and long-term unemployed,389,276,113
E01001365,L15: Full-time students,211,241,-30
E01001365,"L4, L5 and L6: Lower managerial, administrative and professional occupations",220,194,26
E01001365,L7: Intermediate occupations,176,126,50
E01001365,L8 and L9: Small employers and own account workers,136,128,8
E01001366,"L1, L2 and L3: Higher managerial, administrative and professional occupations",67,53,14
E01001366,L10 and L11: Lower supervisory and technical occupations,80,106,-26
E01001366,L12: Semi-routine occupations,191,243,-52
E01001366,L13: Routine occupations,340,190,150
E01001366,L14.1 and L14.2: Never worked and long-term unemployed,333,223,110
E01001366,L15: Full-time students,176,223,-47
E01001366,"L4, L5 and L6: Lower managerial, administrative and professional occupations",141,141,0
E01001366,L7: Intermediate occupations,115,128,-13
E01001366,L8 and L9: Small employers and own account workers,130,127,3
E01001367,"L1, L2 and L3: Higher managerial, administrative and professional occupations",91,40,51
E01001367,L10 and L11: Lower supervisory and technical occupations,109,80,29
E01001367,L12: Semi-routine occupations,218,221,-3
E01001367,L13: Routine occupations,469,220,249
E01001367,L14.1 and L14.2: Never worked and long-term unemployed,451,210,241
E01001367,L15: Full-time students,226,257,-31
E01001367,"L4, L5 and L6: Lower managerial, administrative and professional occupations",179,95,84
E01001367,L7: Intermediate occupations,159,89,70
E01001367,L8 and L9: Small employers and own account workers,162,115,47
E01001368,"L1, L2 and L3: Higher managerial, administrative and professional occupations",70,42,28
E01001368,L10 and L11: Lower supervisory and technical occupations,73,108,-35
E01001368,L12: Semi-routine occupations,181,198,-17
E01001368,L13: Routine occupations,275,164,111
E01001368,L14.1 and L14.2: Never worked and long-term unemployed,297,186,111
E01001368,L15: Full-time students,155,217,-62
E01001368,"L4, L5 and L6: Lower managerial, administrative and professional occupations",162,153,9
E01001368,L7: Intermediate occupations,100,94,6
E01001368,L8 and L9: Small employers and own account workers,127,104,23
E01001369,"L1, L2 and L3: Higher managerial, administrative and professional occupations",65,70,-5
E01001369,L10 and L11: Lower supervisory and technical occupations,99,85,14
E01001369,L12: Semi-routine occupations,199,211,-12
E01001369,L13: Routine occupations,333,189,144
E01001369,L14.1 and L14.2: Never worked and long-term unemployed,363,222,141
E01001369,L15: Full-time students,180,191,-11
E01001369,"L4, L5 and L6: Lower managerial, administrative and professional occupations",144,203,-59
E01001369,L7: Intermediate occupations,102,120,-18
E01001369,L8 and L9: Small employers and own account workers,131,114,17
E01001370,"L1, L2 and L3: Higher managerial, administrative and professional occupations",96,57,39
E01001370,L10 and L11: Lower supervisory and technical occupations,94,114,-20
E01001370,L12: Semi-routine occupations,227,234,-7
E01001370,L13: Routine occupations,378,212,166
E01001370,L14.1 and L14.2: Never worked and long-term unemployed,298,223,75
E01001370,L15: Full-time students,164,244,-80
E01001370,"L4, L5 and L6: Lower managerial, administrative and professional occupations",165,169,-4
E01001370,L7: Intermediate occupations,138,132,6
E01001370,L8 and L9: Small employers and own account workers,162,118,44
E01001371,"L1, L2 and L3: Higher managerial, administrative and professional occupations",79,69,10
E01001371,L10 and L11: Lower supervisory and technical occupations,82,96,-14
E01001371,L12: Semi-routine occupations,227,275,-48
E01001371,L13: Routine occupations,365,207,158
E01001371,L14.1 and L14.2: Never worked and long-term unemployed,394,224,170
E01001371,L15: Full-time students,183,207,-24
E01001371,"L4, L5 and L6: Lower managerial, administrative and professional occupations",147,165,-18
E01001371,L7: Intermediate occupations,137,130,7
E01001371,L8 and L9: Small employers and own account workers,153,107,46
E01001372,"L1, L2 and L3: Higher managerial, administrative and professional occupations",105,51,54
E01001372,L10 and L11: Lower supervisory and technical occupations,105,74,31
E01001372,L12: Semi-routine occupations,246,186,60
E01001372,L13: Routine occupations,405,202,203
E01001372,L14.1 and L14.2: Never worked and long-term unemployed,384,227,157
E01001372,L15: Full-time students,218,224,-6
E01001372,"L4, L5 and L6: Lower managerial, administrative and professional occupations",202,143,59
E01001372,L7: Intermediate occupations,134,128,6
E01001372,L8 and L9: Small employers and own account workers,154,106,48
E01001373,"L1, L2 and L3: Higher managerial, administrative and professional occupations",72,43,29
E01001373,L10 and L11: Lower supervisory and technical occupations,84,70,14
E01001373,L12: Semi-routine occupations,190,183,7
E01001373,L13: Routine occupations,342,183,159
E01001373,L14.1 and L14.2: Never worked and long-term unemployed,342,158,184
E01001373,L15: Full-time students,183,174,9
E01001373,"L4, L5 and L6: Lower managerial, administrative and professional occupations",152,115,37
E01001373,L7: Intermediate occupations,115,83,32
E01001373,L8 and L9: Small employers and own account workers,155,87,68
E01001374,"L1, L2 and L3: Higher managerial, administrative and professional occupations",476,330,146
E01001374,L10 and L11: Lower supervisory and technical occupations,44,55,-11
E01001374,L12: Semi-routine occupations,85,85,0
E01001374,L13: Routine occupations,74,67,7
E01001374,L14.1 and L14.2: Never worked and long-term unemployed,93,75,18
E01001374,L15: Full-time students,91,106,-15
E01001374,"L4, L5 and L6: Lower managerial, administrative and professional occupations",456,461,-5
E01001374,L7: Intermediate occupations,113,134,-21
E01001374,L8 and L9: Small employers and own account workers,180,111,69
E01001375,"L1, L2 and L3: Higher managerial, administrative and professional occupations",559,401,158
E01001375,L10 and L11: Lower supervisory and technical occupations,26,26,0
E01001375,L12: Semi-routine occupations,52,42,10
E01001375,L13: Routine occupations,37,29,8
E01001375,L14.1 and L14.2: Never worked and long-term unemployed,48,24,24
E01001375,L15: Full-time students,70,82,-12
E01001375,"L4, L5 and L6: Lower managerial, administrative and professional occupations",330,455,-125
E01001375,L7: Intermediate occupations,111,104,7
E01001375,L8 and L9: Small employers and own account workers,132,113,19
E01001376,"L1, L2 and L3: Higher managerial, administrative and professional occupations",277,220,57
E01001376,L10 and L11: Lower supervisory and technical occupations,36,57,-21
E01001376,L12: Semi-routine occupations,101,101,0
E01001376,L13: Routine occupations,126,98,28
E01001376,L14.1 and L14.2: Never worked and long-term unemployed,134,83,51
E01001376,L15: Full-time students,98,88,10
E01001376,"L4, L5 and L6: Lower managerial, administrative and professional occupations",325,384,-59
E01001376,L7: Intermediate occupations,126,139,-13
E01001376,L8 and L9: Small employers and own account workers,165,113,52
E01001377,"L1, L2 and L3: Higher managerial, administrative and professional occupations",463,343,120
E01001377,L10 and L11: Lower supervisory and technical occupations,26,29,-3
E01001377,L12: Semi-routine occupations,37,64,-27
E01001377,L13: Routine occupations,40,40,0
E01001377,L14.1 and L14.2: Never worked and long-term unemployed,80,45,35
E01001377,L15: Full-time students,104,106,-2
E01001377,"L4, L5 and L6: Lower managerial, administrative and professional occupations",335,454,-119
E01001377,L7: Intermediate occupations,118,100,18
E01001377,L8 and L9: Small employers and own account workers,154,118,36
E01001379,"L1, L2 and L3: Higher managerial, administrative and professional occupations",514,387,127
E01001379,L10 and L11: Lower supervisory and technical occupations,21,25,-4
E01001379,L12: Semi-routine occupations,38,52,-14
E01001379,L13: Routine occupations,50,25,25
E01001379,L14.1 and L14.2: Never worked and long-term unemployed,50,22,28
E01001379,L15: Full-time students,98,93,5
E01001379,"L4, L5 and L6: Lower managerial, administrative and professional occupations",375,455,-80
E01001379,L7: Intermediate occupations,94,100,-6
E01001379,L8 and L9: Small employers and own account workers,151,119,32
E01001380,"L1, L2 and L3: Higher managerial, administrative and professional occupations",633,332,301
E01001380,L10 and L11: Lower supervisory and technical occupations,55,46,9
E01001380,L12: Semi-routine occupations,76,68,8
E01001380,L13: Routine occupations,81,48,33
E01001380,L14.1 and L14.2: Never worked and long-term unemployed,90,47,43
E01001380,L15: Full-time students,109,123,-14
E01001380,"L4, L5 and L6: Lower managerial, administrative and professional occupations",542,481,61
E01001380,L7: Intermediate occupations,141,128,13
E01001380,L8 and L9: Small employers and own account workers,215,128,87
E01001381,"L1, L2 and L3: Higher managerial, administrative and professional occupations",362,214,148
E01001381,L10 and L11: Lower supervisory and technical occupations,54,75,-21
E01001381,L12: Semi-routine occupations,97,108,-11
E01001381,L13: Routine occupations,128,84,44
E01001381,L14.1 and L14.2: Never worked and long-term unemployed,108,77,31
E01001381,L15: Full-time students,99,161,-62
E01001381,"L4, L5 and L6: Lower managerial, administrative and professional occupations",376,356,20
E01001381,L7: Intermediate occupations,118,127,-9
E01001381,L8 and L9: Small employers and own account workers,186,144,42
E01001382,"L1, L2 and L3: Higher managerial, administrative and professional occupations",368,283,85
E01001382,L10 and L11: Lower supervisory and technical occupations,22,46,-24
E01001382,L12: Semi-routine occupations,33,62,-29
E01001382,L13: Routine occupations,50,29,21
E01001382,L14.1 and L14.2: Never worked and long-term unemployed,61,36,25
E01001382,L15: Full-time students,91,94,-3
E01001382,"L4, L5 and L6: Lower managerial, administrative and professional occupations",312,330,-18
E01001382,L7: Intermediate occupations,117,123,-6
E01001382,L8 and L9: Small employers and own account workers,126,103,23
E01001383,"L1, L2 and L3: Higher managerial, administrative and professional occupations",321,239,82
E01001383,L10 and L11: Lower supervisory and technical occupations,61,62,-1
E01001383,L12: Semi-routine occupations,72,122,-50
E01001383,L13: Routine occupations,90,80,10
E01001383,L14.1 and L14.2: Never worked and long-term unemployed,96,71,25
E01001383,L15: Full-time students,94,144,-50
E01001383,"L4, L5 and L6: Lower managerial, administrative and professional occupations",382,417,-35
E01001383,L7: Intermediate occupations,132,152,-20
E01001383,L8 and L9: Small employers and own account workers,188,137,51
E01001384,"L1, L2 and L3: Higher managerial, administrative and professional occupations",347,276,71
E01001384,L10 and L11: Lower supervisory and technical occupations,41,47,-6
E01001384,L12: Semi-routine occupations,63,89,-26
E01001384,L13: Routine occupations,63,63,0
E01001384,L14.1 and L14.2: Never worked and long-term unemployed,96,49,47
E01001384,L15: Full-time students,85,100,-15
E01001384,"L4, L5 and L6: Lower managerial, administrative and professional occupations",411,381,30
E01001384,L7: Intermediate occupations,134,156,-22
E01001384,L8 and L9: Small employers and own account workers,169,155,14
E01001385,"L1, L2 and L3: Higher managerial, administrative and professional occupations",367,257,110
E01001385,L10 and L11: Lower supervisory and technical occupations,45,47,-2
E01001385,L12: Semi-routine occupations,63,86,-23
E01001385,L13: Routine occupations,76,61,15
E01001385,L14.1 and L14.2: Never worked and long-term unemployed,63,44,19
E01001385,L15: Full-time students,70,113,-43
E01001385,"L4, L5 and L6: Lower managerial, administrative and professional occupations",389,433,-44
E01001385,L7: Intermediate occupations,122,144,-22
E01001385,L8 and L9: Small employers and own account workers,131,107,24
E01001386,"L1, L2 and L3: Higher managerial, administrative and professional occupations",477,362,115
E01001386,L10 and L11: Lower supervisory and technical occupations,35,35,0
E01001386,L12: Semi-routine occupations,66,44,22
E01001386,L13: Routine occupations,51,55,-4
E01001386,L14.1 and L14.2: Never worked and long-term unemployed,62,45,17
E01001386,L15: Full-time students,116,111,5
E01001386,"L4, L5 and L6: Lower managerial, administrative and professional occupations",432,469,-37
E01001386,L7: Intermediate occupations,99,124,-25
E01001386,L8 and L9: Small employers and own account workers,153,121,32
E01001387,"L1, L2 and L3: Higher managerial, administrative and professional occupations",351,301,50
E01001387,L10 and L11: Lower supervisory and technical occupations,48,39,9
E01001387,L12: Semi-routine occupations,63,60,3
E01001387,L13: Routine occupations,87,50,37
E01001387,L14.1 and L14.2: Never worked and long-term unemployed,88,73,15
E01001387,L15: Full-time students,65,83,-18
E01001387,"L4, L5 and L6: Lower managerial, administrative and professional occupations",360,371,-11
E01001387,L7: Intermediate occupations,118,139,-21
E01001387,L8 and L9: Small employers and own account workers,153,107,46
E01001388,"L1, L2 and L3: Higher managerial, administrative and professional occupations",209,175,34
E01001388,L10 and L11: Lower supervisory and technical occupations,45,54,-9
E01001388,L12: Semi-routine occupations,86,124,-38
E01001388,L13: Routine occupations,97,83,14
E01001388,L14.1 and L14.2: Never worked and long-term unemployed,162,115,47
E01001388,L15: Full-time students,72,121,-49
E01001388,"L4, L5 and L6: Lower managerial, administrative and professional occupations",287,315,-28
E01001388,L7: Intermediate occupations,96,130,-34
E01001388,L8 and L9: Small employers and own account workers,122,132,-10
E01001389,"L1, L2 and L3: Higher managerial, administrative and professional occupations",269,227,42
E01001389,L10 and L11: Lower supervisory and technical occupations,36,57,-21
E01001389,L12: Semi-routine occupations,106,102,4
E01001389,L13: Routine occupations,115,85,30
E01001389,L14.1 and L14.2: Never worked and long-term unemployed,211,102,109
E01001389,L15: Full-time students,92,103,-11
E01001389,"L4, L5 and L6: Lower managerial, administrative and professional occupations",312,366,-54
E01001389,L7: Intermediate occupations,152,151,1
E01001389,L8 and L9: Small employers and own account workers,226,155,71
E01001390,"L1, L2 and L3: Higher managerial, administrative and professional occupations",281,225,56
E01001390,L10 and L11: Lower supervisory and technical occupations,66,72,-6
E01001390,L12: Semi-routine occupations,119,135,-16
E01001390,L13: Routine occupations,134,106,28
E01001390,L14.1 and L14.2: Never worked and long-term unemployed,105,64,41
E01001390,L15: Full-time students,83,165,-82
E01001390,"L4, L5 and L6: Lower managerial, administrative and professional occupations",377,455,-78
E01001390,L7: Intermediate occupations,146,197,-51
E01001390,L8 and L9: Small employers and own account workers,211,171,40
E01001391,"L1, L2 and L3: Higher managerial, administrative and professional occupations",206,131,75
E01001391,L10 and L11: Lower supervisory and technical occupations,55,68,-13
E01001391,L12: Semi-routine occupations,114,129,-15
E01001391,L13: Routine occupations,123,112,11
E01001391,L14.1 and L14.2: Never worked and long-term unemployed,151,106,45
E01001391,L15: Full-time students,142,136,6
E01001391,"L4, L5 and L6: Lower managerial, administrative and professional occupations",275,279,-4
E01001391,L7: Intermediate occupations,154,152,2
E01001391,L8 and L9: Small employers and own account workers,277,156,121
E01001392,"L1, L2 and L3: Higher managerial, administrative and professional occupations",270,213,57
E01001392,L10 and L11: Lower supervisory and technical occupations,63,88,-25
E01001392,L12: Semi-routine occupations,121,139,-18
E01001392,L13: Routine occupations,130,87,43
E01001392,L14.1 and L14.2: Never worked and long-term unemployed,116,65,51
E01001392,L15: Full-time students,95,137,-42
E01001392,"L4, L5 and L6: Lower managerial, administrative and professional occupations",386,360,26
E01001392,L7: Intermediate occupations,153,160,-7
E01001392,L8 and L9: Small employers and own account workers,205,185,20
E01001393,"L1, L2 and L3: Higher managerial, administrative and professional occupations",229,218,11
E01001393,L10 and L11: Lower supervisory and technical occupations,89,76,13
E01001393,L12: Semi-routine occupations,128,153,-25
E01001393,L13: Routine occupations,151,126,25
E01001393,L14.1 and L14.2: Never worked and long-term unemployed,131,118,13
E01001393,L15: Full-time students,91,187,-96
E01001393,"L4, L5 and L6: Lower managerial, administrative and professional occupations",370,402,-32
E01001393,L7: Intermediate occupations,145,198,-53
E01001393,L8 and L9: Small employers and own account workers,280,244,36
E01001394,"L1, L2 and L3: Higher managerial, administrative and professional occupations",132,94,38
E01001394,L10 and L11: Lower supervisory and technical occupations,98,82,16
E01001394,L12: Semi-routine occupations,193,140,53
E01001394,L13: Routine occupations,193,126,67
E01001394,L14.1 and L14.2: Never worked and long-term unemployed,265,143,122
E01001394,L15: Full-time students,119,122,-3
E01001394,"L4, L5 and L6: Lower managerial, administrative and professional occupations",254,254,0
E01001394,L7: Intermediate occupations,173,140,33
E01001394,L8 and L9: Small employers and own account workers,250,156,94
E01001395,"L1, L2 and L3: Higher managerial, administrative and professional occupations",100,71,29
E01001395,L10 and L11: Lower supervisory and technical occupations,64,58,6
E01001395,L12: Semi-routine occupations,163,147,16
E01001395,L13: Routine occupations,178,132,46
E01001395,L14.1 and L14.2: Never worked and long-term unemployed,188,158,30
E01001395,L15: Full-time students,128,122,6
E01001395,"L4, L5 and L6: Lower managerial, administrative and professional occupations",181,199,-18
E01001395,L7: Intermediate occupations,127,128,-1
E01001395,L8 and L9: Small employers and own account workers,197,123,74
E01001396,"L1, L2 and L3: Higher managerial, administrative and professional occupations",114,113,1
E01001396,L10 and L11: Lower supervisory and technical occupations,54,48,6
E01001396,L12: Semi-routine occupations,121,112,9
E01001396,L13: Routine occupations,146,87,59
E01001396,L14.1 and L14.2: Never worked and long-term unemployed,150,91,59
E01001396,L15: Full-time students,98,129,-31
E01001396,"L4, L5 and L6: Lower managerial, administrative and professional occupations",213,184,29
E01001396,L7: Intermediate occupations,110,114,-4
E01001396,L8 and L9: Small employers and own account workers,237,200,37
E01001397,"L1, L2 and L3: Higher managerial, administrative and professional occupations",164,125,39
E01001397,L10 and L11: Lower supervisory and technical occupations,76,80,-4
E01001397,L12: Semi-routine occupations,171,161,10
E01001397,L13: Routine occupations,208,144,64
E01001397,L14.1 and L14.2: Never worked and long-term unemployed,249,160,89
E01001397,L15: Full-time students,146,132,14
E01001397,"L4, L5 and L6: Lower managerial, administrative and professional occupations",280,283,-3
E01001397,L7: Intermediate occupations,118,174,-56
E01001397,L8 and L9: Small employers and own account workers,259,203,56
E01001398,"L1, L2 and L3: Higher managerial, administrative and professional occupations",220,145,75
E01001398,L10 and L11: Lower supervisory and technical occupations,39,40,-1
E01001398,L12: Semi-routine occupations,78,70,8
E01001398,L13: Routine occupations,64,39,25
E01001398,L14.1 and L14.2: Never worked and long-term unemployed,59,41,18
E01001398,L15: Full-time students,60,90,-30
E01001398,"L4, L5 and L6: Lower managerial, administrative and professional occupations",271,317,-46
E01001398,L7: Intermediate occupations,134,155,-21
E01001398,L8 and L9: Small employers and own account workers,142,139,3
E01001399,"L1, L2 and L3: Higher managerial, administrative and professional occupations",172,143,29
E01001399,L10 and L11: Lower supervisory and technical occupations,48,42,6
E01001399,L12: Semi-routine occupations,117,98,19
E01001399,L13: Routine occupations,92,74,18
E01001399,L14.1 and L14.2: Never worked and long-term unemployed,84,32,52
E01001399,L15: Full-time students,80,102,-22
E01001399,"L4, L5 and L6: Lower managerial, administrative and professional occupations",266,246,20
E01001399,L7: Intermediate occupations,158,185,-27
E01001399,L8 and L9: Small employers and own account workers,198,158,40
E01001400,"L1, L2 and L3: Higher managerial, administrative and professional occupations",184,112,72
E01001400,L10 and L11: Lower supervisory and technical occupations,49,30,19
E01001400,L12: Semi-routine occupations,121,77,44
E01001400,L13: Routine occupations,91,37,54
E01001400,L14.1 and L14.2: Never worked and long-term unemployed,157,40,117
E01001400,L15: Full-time students,63,70,-7
E01001400,"L4, L5 and L6: Lower managerial, administrative and professional occupations",278,201,77
E01001400,L7: Intermediate occupations,189,169,20
E01001400,L8 and L9: Small employers and own account workers,200,100,100
E01001401,"L1, L2 and L3: Higher managerial, administrative and professional occupations",161,93,68
E01001401,L10 and L11: Lower supervisory and technical occupations,38,49,-11
E01001401,L12: Semi-routine occupations,110,101,9
E01001401,L13: Routine occupations,82,49,33
E01001401,L14.1 and L14.2: Never worked and long-term unemployed,113,51,62
E01001401,L15: Full-time students,96,86,10
E01001401,"L4, L5 and L6: Lower managerial, administrative and professional occupations",216,234,-18
E01001401,L7: Intermediate occupations,134,163,-29
E01001401,L8 and L9: Small employers and own account workers,145,113,32
E01001402,"L1, L2 and L3: Higher managerial, administrative and professional occupations",291,231,60
E01001402,L10 and L11: Lower supervisory and technical occupations,55,62,-7
E01001402,L12: Semi-routine occupations,136,116,20
E01001402,L13: Routine occupations,98,69,29
E01001402,L14.1 and L14.2: Never worked and long-term unemployed,135,101,34
E01001402,L15: Full-time students,95,102,-7
E01001402,"L4, L5 and L6: Lower managerial, administrative and professional occupations",344,356,-12
E01001402,L7: Intermediate occupations,184,179,5
E01001402,L8 and L9: Small employers and own account workers,216,192,24
E01001403,"L1, L2 and L3: Higher managerial, administrative and professional occupations",190,142,48
E01001403,L10 and L11: Lower supervisory and technical occupations,55,90,-35
E01001403,L12: Semi-routine occupations,142,147,-5
E01001403,L13: Routine occupations,117,106,11
E01001403,L14.1 and L14.2: Never worked and long-term unemployed,175,81,94
E01001403,L15: Full-time students,101,132,-31
E01001403,"L4, L5 and L6: Lower managerial, administrative and professional occupations",253,351,-98
E01001403,L7: Intermediate occupations,183,190,-7
E01001403,L8 and L9: Small employers and own account workers,166,165,1
E01001404,"L1, L2 and L3: Higher managerial, administrative and professional occupations",130,110,20
E01001404,L10 and L11: Lower supervisory and technical occupations,52,62,-10
E01001404,L12: Semi-routine occupations,111,114,-3
E01001404,L13: Routine occupations,98,71,27
E01001404,L14.1 and L14.2: Never worked and long-term unemployed,150,82,68
E01001404,L15: Full-time students,78,114,-36
E01001404,"L4, L5 and L6: Lower managerial, administrative and professional occupations",233,231,2
E01001404,L7: Intermediate occupations,142,138,4
E01001404,L8 and L9: Small employers and own account workers,186,146,40
E01001405,"L1, L2 and L3: Higher managerial, administrative and professional occupations",263,182,81
E01001405,L10 and L11: Lower supervisory and technical occupations,56,61,-5
E01001405,L12: Semi-routine occupations,116,105,11
E01001405,L13: Routine occupations,103,60,43
E01001405,L14.1 and L14.2: Never worked and long-term unemployed,218,71,147
E01001405,L15: Full-time students,64,62,2
E01001405,"L4, L5 and L6: Lower managerial, administrative and professional occupations",348,369,-21
E01001405,L7: Intermediate occupations,178,176,2
E01001405,L8 and L9: Small employers and own account workers,194,152,42
E01001406,"L1, L2 and L3: Higher managerial, administrative and professional occupations",178,125,53
E01001406,L10 and L11: Lower supervisory and technical occupations,50,59,-9
E01001406,L12: Semi-routine occupations,145,127,18
E01001406,L13: Routine occupations,126,93,33
E01001406,L14.1 and L14.2: Never worked and long-term unemployed,142,92,50
E01001406,L15: Full-time students,92,114,-22
E01001406,"L4, L5 and L6: Lower managerial, administrative and professional occupations",282,290,-8
E01001406,L7: Intermediate occupations,134,148,-14
E01001406,L8 and L9: Small employers and own account workers,160,142,18
E01001407,"L1, L2 and L3: Higher managerial, administrative and professional occupations",155,100,55
E01001407,L10 and L11: Lower supervisory and technical occupations,58,58,0
E01001407,L12: Semi-routine occupations,128,90,38
E01001407,L13: Routine occupations,130,73,57
E01001407,L14.1 and L14.2: Never worked and long-term unemployed,100,55,45
E01001407,L15: Full-time students,101,77,24
E01001407,"L4, L5 and L6: Lower managerial, administrative and professional occupations",260,212,48
E01001407,L7: Intermediate occupations,157,152,5
E01001407,L8 and L9: Small employers and own account workers,168,118,50
E01001408,"L1, L2 and L3: Higher managerial, administrative and professional occupations",215,145,70
E01001408,L10 and L11: Lower supervisory and technical occupations,52,64,-12
E01001408,L12: Semi-routine occupations,101,132,-31
E01001408,L13: Routine occupations,98,82,16
E01001408,L14.1 and L14.2: Never worked and long-term unemployed,82,60,22
E01001408,L15: Full-time students,74,65,9
E01001408,"L4, L5 and L6: Lower managerial, administrative and professional occupations",367,362,5
E01001408,L7: Intermediate occupations,160,177,-17
E01001408,L8 and L9: Small employers and own account workers,137,148,-11
E01001409,"L1, L2 and L3: Higher managerial, administrative and professional occupations",144,85,59
E01001409,L10 and L11: Lower supervisory and technical occupations,63,81,-18
E01001409,L12: Semi-routine occupations,179,189,-10
E01001409,L13: Routine occupations,195,129,66
E01001409,L14.1 and L14.2: Never worked and long-term unemployed,178,175,3
E01001409,L15: Full-time students,119,124,-5
E01001409,"L4, L5 and L6: Lower managerial, administrative and professional occupations",297,246,51
E01001409,L7: Intermediate occupations,187,193,-6
E01001409,L8 and L9: Small employers and own account workers,167,133,34
E01001410,"L1, L2 and L3: Higher managerial, administrative and professional occupations",110,96,14
E01001410,L10 and L11: Lower supervisory and technical occupations,73,84,-11
E01001410,L12: Semi-routine occupations,188,222,-34
E01001410,L13: Routine occupations,205,152,53
E01001410,L14.1 and L14.2: Never worked and long-term unemployed,266,190,76
E01001410,L15: Full-time students,197,138,59
E01001410,"L4, L5 and L6: Lower managerial, administrative and professional occupations",262,247,15
E01001410,L7: Intermediate occupations,153,188,-35
E01001410,L8 and L9: Small employers and own account workers,168,113,55
E01001411,"L1, L2 and L3: Higher managerial, administrative and professional occupations",258,165,93
E01001411,L10 and L11: Lower supervisory and technical occupations,45,68,-23
E01001411,L12: Semi-routine occupations,123,113,10
E01001411,L13: Routine occupations,100,91,9
E01001411,L14.1 and L14.2: Never worked and long-term unemployed,91,78,13
E01001411,L15: Full-time students,105,94,11
E01001411,"L4, L5 and L6: Lower managerial, administrative and professional occupations",382,384,-2
E01001411,L7: Intermediate occupations,197,204,-7
E01001411,L8 and L9: Small employers and own account workers,141,122,19
E01001412,"L1, L2 and L3: Higher managerial, administrative and professional occupations",151,100,51
E01001412,L10 and L11: Lower supervisory and technical occupations,69,83,-14
E01001412,L12: Semi-routine occupations,142,159,-17
E01001412,L13: Routine occupations,133,116,17
E01001412,L14.1 and L14.2: Never worked and long-term unemployed,136,87,49
E01001412,L15: Full-time students,99,109,-10
E01001412,"L4, L5 and L6: Lower managerial, administrative and professional occupations",276,268,8
E01001412,L7: Intermediate occupations,183,196,-13
E01001412,L8 and L9: Small employers and own account workers,230,218,12
E01001413,"L1, L2 and L3: Higher managerial, administrative and professional occupations",248,133,115
E01001413,L10 and L11: Lower supervisory and technical occupations,43,61,-18
E01001413,L12: Semi-routine occupations,98,111,-13
E01001413,L13: Routine occupations,65,56,9
E01001413,L14.1 and L14.2: Never worked and long-term unemployed,116,37,79
E01001413,L15: Full-time students,78,75,3
E01001413,"L4, L5 and L6: Lower managerial, administrative and professional occupations",324,342,-18
E01001413,L7: Intermediate occupations,175,186,-11
E01001413,L8 and L9: Small employers and own account workers,169,152,17
E01001414,"L1, L2 and L3: Higher managerial, administrative and professional occupations",101,59,42
E01001414,L10 and L11: Lower supervisory and technical occupations,79,71,8
E01001414,L12: Semi-routine occupations,167,156,11
E01001414,L13: Routine occupations,178,143,35
E01001414,L14.1 and L14.2: Never worked and long-term unemployed,175,118,57
E01001414,L15: Full-time students,123,116,7
E01001414,"L4, L5 and L6: Lower managerial, administrative and professional occupations",192,214,-22
E01001414,L7: Intermediate occupations,120,111,9
E01001414,L8 and L9: Small employers and own account workers,139,89,50
E01001415,"L1, L2 and L3: Higher managerial, administrative and professional occupations",315,135,180
E01001415,L10 and L11: Lower supervisory and technical occupations,61,57,4
E01001415,L12: Semi-routine occupations,123,102,21
E01001415,L13: Routine occupations,88,65,23
E01001415,L14.1 and L14.2: Never worked and long-term unemployed,153,69,84
E01001415,L15: Full-time students,94,131,-37
E01001415,"L4, L5 and L6: Lower managerial, administrative and professional occupations",349,246,103
E01001415,L7: Intermediate occupations,187,163,24
E01001415,L8 and L9: Small employers and own account workers,267,142,125
E01001416,"L1, L2 and L3: Higher managerial, administrative and professional occupations",333,265,68
E01001416,L10 and L11: Lower supervisory and technical occupations,40,57,-17
E01001416,L12: Semi-routine occupations,92,112,-20
E01001416,L13: Routine occupations,42,59,-17
E01001416,L14.1 and L14.2: Never worked and long-term unemployed,115,76,39
E01001416,L15: Full-time students,80,215,-135
E01001416,"L4, L5 and L6: Lower managerial, administrative and professional occupations",322,367,-45
E01001416,L7: Intermediate occupations,179,233,-54
E01001416,L8 and L9: Small employers and own account workers,199,200,-1
E01001417,"L1, L2 and L3: Higher managerial, administrative and professional occupations",439,267,172
E01001417,L10 and L11: Lower supervisory and technical occupations,40,32,8
E01001417,L12: Semi-routine occupations,87,64,23
E01001417,L13: Routine occupations,33,32,1
E01001417,L14.1 and L14.2: Never worked and long-term unemployed,117,47,70
E01001417,L15: Full-time students,82,348,-266
E01001417,"L4, L5 and L6: Lower managerial, administrative and professional occupations",318,288,30
E01001417,L7: Intermediate occupations,182,153,29
E01001417,L8 and L9: Small employers and own account workers,259,202,57
E01001418,"L1, L2 and L3: Higher managerial, administrative and professional occupations",242,149,93
E01001418,L10 and L11: Lower supervisory and technical occupations,44,47,-3
E01001418,L12: Semi-routine occupations,101,107,-6
E01001418,L13: Routine occupations,108,79,29
E01001418,L14.1 and L14.2: Never worked and long-term unemployed,148,77,71
E01001418,L15: Full-time students,105,140,-35
E01001418,"L4, L5 and L6: Lower managerial, administrative and professional occupations",308,272,36
E01001418,L7: Intermediate occupations,158,183,-25
E01001418,L8 and L9: Small employers and own account workers,219,164,55
E01001419,"L1, L2 and L3: Higher managerial, administrative and professional occupations",267,170,97
E01001419,L10 and L11: Lower supervisory and technical occupations,49,48,1
E01001419,L12: Semi-routine occupations,122,97,25
E01001419,L13: Routine occupations,103,57,46
E01001419,L14.1 and L14.2: Never worked and long-term unemployed,192,76,116
E01001419,L15: Full-time students,119,152,-33
E01001419,"L4, L5 and L6: Lower managerial, administrative and professional occupations",334,267,67
E01001419,L7: Intermediate occupations,191,165,26
E01001419,L8 and L9: Small employers and own account workers,226,143,83
E01001420,"L1, L2 and L3: Higher managerial, administrative and professional occupations",183,105,78
E01001420,L10 and L11: Lower supervisory and technical occupations,47,58,-11
E01001420,L12: Semi-routine occupations,157,129,28
E01001420,L13: Routine occupations,124,91,33
E01001420,L14.1 and L14.2: Never worked and long-term unemployed,175,123,52
E01001420,L15: Full-time students,144,156,-12
E01001420,"L4, L5 and L6: Lower managerial, administrative and professional occupations",242,209,33
E01001420,L7: Intermediate occupations,148,135,13
E01001420,L8 and L9: Small employers and own account workers,195,136,59
E01001421,"L1, L2 and L3: Higher managerial, administrative and professional occupations",174,124,50
E01001421,L10 and L11: Lower supervisory and technical occupations,48,48,0
E01001421,L12: Semi-routine occupations,106,139,-33
E01001421,L13: Routine occupations,113,98,15
E01001421,L14.1 and L14.2: Never worked and long-term unemployed,182,131,51
E01001421,L15: Full-time students,80,153,-73
E01001421,"L4, L5 and L6: Lower managerial, administrative and professional occupations",260,225,35
E01001421,L7: Intermediate occupations,143,125,18
E01001421,L8 and L9: Small employers and own account workers,210,138,72
E01001422,"L1, L2 and L3: Higher managerial, administrative and professional occupations",420,293,127
E01001422,L10 and L11: Lower supervisory and technical occupations,16,23,-7
E01001422,L12: Semi-routine occupations,61,59,2
E01001422,L13: Routine occupations,26,24,2
E01001422,L14.1 and L14.2: Never worked and long-term unemployed,95,43,52
E01001422,L15: Full-time students,96,127,-31
E01001422,"L4, L5 and L6: Lower managerial, administrative and professional occupations",291,308,-17
E01001422,L7: Intermediate occupations,164,130,34
E01001422,L8 and L9: Small employers and own account workers,232,189,43
E01001423,"L1, L2 and L3: Higher managerial, administrative and professional occupations",91,64,27
E01001423,L10 and L11: Lower supervisory and technical occupations,57,59,-2
E01001423,L12: Semi-routine occupations,172,135,37
E01001423,L13: Routine occupations,159,105,54
E01001423,L14.1 and L14.2: Never worked and long-term unemployed,221,145,76
E01001423,L15: Full-time students,157,135,22
E01001423,"L4, L5 and L6: Lower managerial, administrative and professional occupations",156,139,17
E01001423,L7: Intermediate occupations,140,106,34
E01001423,L8 and L9: Small employers and own account workers,192,92,100
E01001424,"L1, L2 and L3: Higher managerial, administrative and professional occupations",58,67,-9
E01001424,L10 and L11: Lower supervisory and technical occupations,40,58,-18
E01001424,L12: Semi-routine occupations,103,141,-38
E01001424,L13: Routine occupations,122,98,24
E01001424,L14.1 and L14.2: Never worked and long-term unemployed,189,193,-4
E01001424,L15: Full-time students,92,161,-69
E01001424,"L4, L5 and L6: Lower managerial, administrative and professional occupations",132,171,-39
E01001424,L7: Intermediate occupations,95,124,-29
E01001424,L8 and L9: Small employers and own account workers,94,85,9
E01001425,"L1, L2 and L3: Higher managerial, administrative and professional occupations",78,51,27
E01001425,L10 and L11: Lower supervisory and technical occupations,62,81,-19
E01001425,L12: Semi-routine occupations,158,186,-28
E01001425,L13: Routine occupations,228,150,78
E01001425,L14.1 and L14.2: Never worked and long-term unemployed,310,237,73
E01001425,L15: Full-time students,172,177,-5
E01001425,"L4, L5 and L6: Lower managerial, administrative and professional occupations",184,148,36
E01001425,L7: Intermediate occupations,104,120,-16
E01001425,L8 and L9: Small employers and own account workers,167,105,62
E01001426,"L1, L2 and L3: Higher managerial, administrative and professional occupations",81,44,37
E01001426,L10 and L11: Lower supervisory and technical occupations,66,79,-13
E01001426,L12: Semi-routine occupations,169,199,-30
E01001426,L13: Routine occupations,179,153,26
E01001426,L14.1 and L14.2: Never worked and long-term unemployed,270,218,52
E01001426,L15: Full-time students,160,161,-1
E01001426,"L4, L5 and L6: Lower managerial, administrative and professional occupations",182,175,7
E01001426,L7: Intermediate occupations,133,133,0
E01001426,L8 and L9: Small employers and own account workers,152,120,32
E01001427,"L1, L2 and L3: Higher managerial, administrative and professional occupations",59,44,15
E01001427,L10 and L11: Lower supervisory and technical occupations,59,77,-18
E01001427,L12: Semi-routine occupations,168,188,-20
E01001427,L13: Routine occupations,175,146,29
E01001427,L14.1 and L14.2: Never worked and long-term unemployed,290,257,33
E01001427,L15: Full-time students,141,170,-29
E01001427,"L4, L5 and L6: Lower managerial, administrative and professional occupations",134,134,0
E01001427,L7: Intermediate occupations,121,108,13
E01001427,L8 and L9: Small employers and own account workers,172,104,68
E01001428,"L1, L2 and L3: Higher managerial, administrative and professional occupations",66,59,7
E01001428,L10 and L11: Lower supervisory and technical occupations,57,57,0
E01001428,L12: Semi-routine occupations,166,154,12
E01001428,L13: Routine occupations,170,139,31
E01001428,L14.1 and L14.2: Never worked and long-term unemployed,206,194,12
E01001428,L15: Full-time students,159,175,-16
E01001428,"L4, L5 and L6: Lower managerial, administrative and professional occupations",201,172,29
E01001428,L7: Intermediate occupations,121,107,14
E01001428,L8 and L9: Small employers and own account workers,186,88,98
E01001429,"L1, L2 and L3: Higher managerial, administrative and professional occupations",83,60,23
E01001429,L10 and L11: Lower supervisory and technical occupations,72,95,-23
E01001429,L12: Semi-routine occupations,255,266,-11
E01001429,L13: Routine occupations,259,215,44
E01001429,L14.1 and L14.2: Never worked and long-term unemployed,402,362,40
E01001429,L15: Full-time students,194,170,24
E01001429,"L4, L5 and L6: Lower managerial, administrative and professional occupations",220,228,-8
E01001429,L7: Intermediate occupations,142,155,-13
E01001429,L8 and L9: Small employers and own account workers,154,100,54
E01001430,"L1, L2 and L3: Higher managerial, administrative and professional occupations",58,26,32
E01001430,L10 and L11: Lower supervisory and technical occupations,70,69,1
E01001430,L12: Semi-routine occupations,219,202,17
E01001430,L13: Routine occupations,198,162,36
E01001430,L14.1 and L14.2: Never worked and long-term unemployed,313,282,31
E01001430,L15: Full-time students,187,171,16
E01001430,"L4, L5 and L6: Lower managerial, administrative and professional occupations",154,107,47
E01001430,L7: Intermediate occupations,90,97,-7
E01001430,L8 and L9: Small employers and own account workers,136,80,56
E01001431,"L1, L2 and L3: Higher managerial, administrative and professional occupations",57,41,16
E01001431,L10 and L11: Lower supervisory and technical occupations,60,86,-26
E01001431,L12: Semi-routine occupations,167,153,14
E01001431,L13: Routine occupations,164,139,25
E01001431,L14.1 and L14.2: Never worked and long-term unemployed,237,212,25
E01001431,L15: Full-time students,176,136,40
E01001431,"L4, L5 and L6: Lower managerial, administrative and professional occupations",193,154,39
E01001431,L7: Intermediate occupations,110,105,5
E01001431,L8 and L9: Small employers and own account workers,163,69,94
E01001432,"L1, L2 and L3: Higher managerial, administrative and professional occupations",66,62,4
E01001432,L10 and L11: Lower supervisory and technical occupations,75,78,-3
E01001432,L12: Semi-routine occupations,186,229,-43
E01001432,L13: Routine occupations,246,182,64
E01001432,L14.1 and L14.2: Never worked and long-term unemployed,260,186,74
E01001432,L15: Full-time students,148,171,-23
E01001432,"L4, L5 and L6: Lower managerial, administrative and professional occupations",197,165,32
E01001432,L7: Intermediate occupations,145,152,-7
E01001432,L8 and L9: Small employers and own account workers,152,119,33
E01001433,"L1, L2 and L3: Higher managerial, administrative and professional occupations",62,36,26
E01001433,L10 and L11: Lower supervisory and technical occupations,76,92,-16
E01001433,L12: Semi-routine occupations,191,192,-1
E01001433,L13: Routine occupations,204,173,31
E01001433,L14.1 and L14.2: Never worked and long-term unemployed,235,173,62
E01001433,L15: Full-time students,164,170,-6
E01001433,"L4, L5 and L6: Lower managerial, administrative and professional occupations",175,174,1
E01001433,L7: Intermediate occupations,119,129,-10
E01001433,L8 and L9: Small employers and own account workers,127,101,26
E01001434,"L1, L2 and L3: Higher managerial, administrative and professional occupations",95,58,37
E01001434,L10 and L11: Lower supervisory and technical occupations,62,90,-28
E01001434,L12: Semi-routine occupations,131,144,-13
E01001434,L13: Routine occupations,184,141,43
E01001434,L14.1 and L14.2: Never worked and long-term unemployed,158,108,50
E01001434,L15: Full-time students,119,121,-2
E01001434,"L4, L5 and L6: Lower managerial, administrative and professional occupations",177,160,17
E01001434,L7: Intermediate occupations,115,153,-38
E01001434,L8 and L9: Small employers and own account workers,164,134,30
E01001435,"L1, L2 and L3: Higher managerial, administrative and professional occupations",80,59,21
E01001435,L10 and L11: Lower supervisory and technical occupations,71,73,-2
E01001435,L12: Semi-routine occupations,154,140,14
E01001435,L13: Routine occupations,155,126,29
E01001435,L14.1 and L14.2: Never worked and long-term unemployed,156,93,63
E01001435,L15: Full-time students,115,129,-14
E01001435,"L4, L5 and L6: Lower managerial, administrative and professional occupations",176,173,3
E01001435,L7: Intermediate occupations,145,135,10
E01001435,L8 and L9: Small employers and own account workers,131,114,17
E01001436,"L1, L2 and L3: Higher managerial, administrative and professional occupations",112,59,53
E01001436,L10 and L11: Lower supervisory and technical occupations,73,82,-9
E01001436,L12: Semi-routine occupations,183,200,-17
E01001436,L13: Routine occupations,194,129,65
E01001436,L14.1 and L14.2: Never worked and long-term unemployed,185,148,37
E01001436,L15: Full-time students,156,150,6
E01001436,"L4, L5 and L6: Lower managerial, administrative and professional occupations",226,220,6
E01001436,L7: Intermediate occupations,146,177,-31
E01001436,L8 and L9: Small employers and own account workers,197,149,48
E01001437,"L1, L2 and L3: Higher managerial, administrative and professional occupations",102,82,20
E01001437,L10 and L11: Lower supervisory and technical occupations,78,93,-15
E01001437,L12: Semi-routine occupations,233,252,-19
E01001437,L13: Routine occupations,231,200,31
E01001437,L14.1 and L14.2: Never worked and long-term unemployed,318,227,91
E01001437,L15: Full-time students,191,172,19
E01001437,"L4, L5 and L6: Lower managerial, administrative and professional occupations",223,232,-9
E01001437,L7: Intermediate occupations,155,200,-45
E01001437,L8 and L9: Small employers and own account workers,153,140,13
E01001438,"L1, L2 and L3: Higher managerial, administrative and professional occupations",90,69,21
E01001438,L10 and L11: Lower supervisory and technical occupations,66,65,1
E01001438,L12: Semi-routine occupations,137,173,-36
E01001438,L13: Routine occupations,189,136,53
E01001438,L14.1 and L14.2: Never worked and long-term unemployed,218,157,61
E01001438,L15: Full-time students,117,171,-54
E01001438,"L4, L5 and L6: Lower managerial, administrative and professional occupations",201,171,30
E01001438,L7: Intermediate occupations,120,138,-18
E01001438,L8 and L9: Small employers and own account workers,136,103,33
E01001439,"L1, L2 and L3: Higher managerial, administrative and professional occupations",80,58,22
E01001439,L10 and L11: Lower supervisory and technical occupations,60,69,-9
E01001439,L12: Semi-routine occupations,200,238,-38
E01001439,L13: Routine occupations,230,171,59
E01001439,L14.1 and L14.2: Never worked and long-term unemployed,279,233,46
E01001439,L15: Full-time students,181,146,35
E01001439,"L4, L5 and L6: Lower managerial, administrative and professional occupations",219,177,42
E01001439,L7: Intermediate occupations,121,137,-16
E01001439,L8 and L9: Small employers and own account workers,185,138,47
E01001440,"L1, L2 and L3: Higher managerial, administrative and professional occupations",92,70,22
E01001440,L10 and L11: Lower supervisory and technical occupations,61,79,-18
E01001440,L12: Semi-routine occupations,155,177,-22
E01001440,L13: Routine occupations,159,130,29
E01001440,L14.1 and L14.2: Never worked and long-term unemployed,200,136,64
E01001440,L15: Full-time students,138,140,-2
E01001440,"L4, L5 and L6: Lower managerial, administrative and professional occupations",190,178,12
E01001440,L7: Intermediate occupations,124,130,-6
E01001440,L8 and L9: Small employers and own account workers,157,112,45
E01001441,"L1, L2 and L3: Higher managerial, administrative and professional occupations",64,54,10
E01001441,L10 and L11: Lower supervisory and technical occupations,59,81,-22
E01001441,L12: Semi-routine occupations,178,176,2
E01001441,L13: Routine occupations,183,133,50
E01001441,L14.1 and L14.2: Never worked and long-term unemployed,219,165,54
E01001441,L15: Full-time students,146,111,35
E01001441,"L4, L5 and L6: Lower managerial, administrative and professional occupations",149,148,1
E01001441,L7: Intermediate occupations,91,118,-27
E01001441,L8 and L9: Small employers and own account workers,132,107,25
E01001442,"L1, L2 and L3: Higher managerial, administrative and professional occupations",51,33,18
E01001442,L10 and L11: Lower supervisory and technical occupations,74,82,-8
E01001442,L12: Semi-routine occupations,192,176,16
E01001442,L13: Routine occupations,192,138,54
E01001442,L14.1 and L14.2: Never worked and long-term unemployed,261,185,76
E01001442,L15: Full-time students,173,140,33
E01001442,"L4, L5 and L6: Lower managerial, administrative and professional occupations",132,110,22
E01001442,L7: Intermediate occupations,112,105,7
E01001442,L8 and L9: Small employers and own account workers,102,78,24
E01001444,"L1, L2 and L3: Higher managerial, administrative and professional occupations",100,79,21
E01001444,L10 and L11: Lower supervisory and technical occupations,64,79,-15
E01001444,L12: Semi-routine occupations,155,177,-22
E01001444,L13: Routine occupations,234,124,110
E01001444,L14.1 and L14.2: Never worked and long-term unemployed,176,112,64
E01001444,L15: Full-time students,158,141,17
E01001444,"L4, L5 and L6: Lower managerial, administrative and professional occupations",229,196,33
E01001444,L7: Intermediate occupations,138,185,-47
E01001444,L8 and L9: Small employers and own account workers,141,122,19
E01001445,"L1, L2 and L3: Higher managerial, administrative and professional occupations",183,132,51
E01001445,L10 and L11: Lower supervisory and technical occupations,96,110,-14
E01001445,L12: Semi-routine occupations,206,190,16
E01001445,L13: Routine occupations,272,152,120
E01001445,L14.1 and L14.2: Never worked and long-term unemployed,259,208,51
E01001445,L15: Full-time students,198,148,50
E01001445,"L4, L5 and L6: Lower managerial, administrative and professional occupations",387,336,51
E01001445,L7: Intermediate occupations,209,202,7
E01001445,L8 and L9: Small employers and own account workers,220,153,67
E01001446,"L1, L2 and L3: Higher managerial, administrative and professional occupations",102,77,25
E01001446,L10 and L11: Lower supervisory and technical occupations,53,74,-21
E01001446,L12: Semi-routine occupations,175,184,-9
E01001446,L13: Routine occupations,205,170,35
E01001446,L14.1 and L14.2: Never worked and long-term unemployed,179,147,32
E01001446,L15: Full-time students,173,124,49
E01001446,"L4, L5 and L6: Lower managerial, administrative and professional occupations",232,217,15
E01001446,L7: Intermediate occupations,152,187,-35
E01001446,L8 and L9: Small employers and own account workers,166,111,55
E01001447,"L1, L2 and L3: Higher managerial, administrative and professional occupations",103,46,57
E01001447,L10 and L11: Lower supervisory and technical occupations,66,94,-28
E01001447,L12: Semi-routine occupations,203,209,-6
E01001447,L13: Routine occupations,227,181,46
E01001447,L14.1 and L14.2: Never worked and long-term unemployed,267,235,32
E01001447,L15: Full-time students,149,145,4
E01001447,"L4, L5 and L6: Lower managerial, administrative and professional occupations",199,183,16
E01001447,L7: Intermediate occupations,143,150,-7
E01001447,L8 and L9: Small employers and own account workers,156,130,26
E01001448,"L1, L2 and L3: Higher managerial, administrative and professional occupations",105,72,33
E01001448,L10 and L11: Lower supervisory and technical occupations,57,78,-21
E01001448,L12: Semi-routine occupations,197,169,28
E01001448,L13: Routine occupations,178,147,31
E01001448,L14.1 and L14.2: Never worked and long-term unemployed,203,185,18
E01001448,L15: Full-time students,178,175,3
E01001448,"L4, L5 and L6: Lower managerial, administrative and professional occupations",241,229,12
E01001448,L7: Intermediate occupations,146,146,0
E01001448,L8 and L9: Small employers and own account workers,141,91,50
E01001449,"L1, L2 and L3: Higher managerial, administrative and professional occupations",80,55,25
E01001449,L10 and L11: Lower supervisory and technical occupations,55,63,-8
E01001449,L12: Semi-routine occupations,138,153,-15
E01001449,L13: Routine occupations,181,149,32
E01001449,L14.1 and L14.2: Never worked and long-term unemployed,166,138,28
E01001449,L15: Full-time students,167,114,53
E01001449,"L4, L5 and L6: Lower managerial, administrative and professional occupations",199,193,6
E01001449,L7: Intermediate occupations,153,134,19
E01001449,L8 and L9: Small employers and own account workers,113,109,4
E01001450,"L1, L2 and L3: Higher managerial, administrative and professional occupations",255,191,64
E01001450,L10 and L11: Lower supervisory and technical occupations,67,85,-18
E01001450,L12: Semi-routine occupations,190,156,34
E01001450,L13: Routine occupations,173,85,88
E01001450,L14.1 and L14.2: Never worked and long-term unemployed,191,96,95
E01001450,L15: Full-time students,118,112,6
E01001450,"L4, L5 and L6: Lower managerial, administrative and professional occupations",445,353,92
E01001450,L7: Intermediate occupations,196,178,18
E01001450,L8 and L9: Small employers and own account workers,274,147,127
E01001451,"L1, L2 and L3: Higher managerial, administrative and professional occupations",277,167,110
E01001451,L10 and L11: Lower supervisory and technical occupations,40,59,-19
E01001451,L12: Semi-routine occupations,101,87,14
E01001451,L13: Routine occupations,76,52,24
E01001451,L14.1 and L14.2: Never worked and long-term unemployed,105,43,62
E01001451,L15: Full-time students,68,93,-25
E01001451,"L4, L5 and L6: Lower managerial, administrative and professional occupations",348,306,42
E01001451,L7: Intermediate occupations,190,191,-1
E01001451,L8 and L9: Small employers and own account workers,204,150,54
E01001452,"L1, L2 and L3: Higher managerial, administrative and professional occupations",262,148,114
E01001452,L10 and L11: Lower supervisory and technical occupations,36,18,18
E01001452,L12: Semi-routine occupations,62,56,6
E01001452,L13: Routine occupations,49,27,22
E01001452,L14.1 and L14.2: Never worked and long-term unemployed,77,32,45
E01001452,L15: Full-time students,81,63,18
E01001452,"L4, L5 and L6: Lower managerial, administrative and professional occupations",254,214,40
E01001452,L7: Intermediate occupations,136,102,34
E01001452,L8 and L9: Small employers and own account workers,170,105,65
E01001453,"L1, L2 and L3: Higher managerial, administrative and professional occupations",318,230,88
E01001453,L10 and L11: Lower supervisory and technical occupations,27,31,-4
E01001453,L12: Semi-routine occupations,84,82,2
E01001453,L13: Routine occupations,53,49,4
E01001453,L14.1 and L14.2: Never worked and long-term unemployed,84,54,30
E01001453,L15: Full-time students,68,98,-30
E01001453,"L4, L5 and L6: Lower managerial, administrative and professional occupations",332,300,32
E01001453,L7: Intermediate occupations,159,189,-30
E01001453,L8 and L9: Small employers and own account workers,206,167,39
E01001454,"L1, L2 and L3: Higher managerial, administrative and professional occupations",281,205,76
E01001454,L10 and L11: Lower supervisory and technical occupations,33,41,-8
E01001454,L12: Semi-routine occupations,98,76,22
E01001454,L13: Routine occupations,75,38,37
E01001454,L14.1 and L14.2: Never worked and long-term unemployed,130,52,78
E01001454,L15: Full-time students,98,100,-2
E01001454,"L4, L5 and L6: Lower managerial, administrative and professional occupations",325,324,1
E01001454,L7: Intermediate occupations,149,129,20
E01001454,L8 and L9: Small employers and own account workers,178,160,18
E01001455,"L1, L2 and L3: Higher managerial, administrative and professional occupations",210,143,67
E01001455,L10 and L11: Lower supervisory and technical occupations,46,58,-12
E01001455,L12: Semi-routine occupations,100,116,-16
E01001455,L13: Routine occupations,98,77,21
E01001455,L14.1 and L14.2: Never worked and long-term unemployed,76,41,35
E01001455,L15: Full-time students,80,98,-18
E01001455,"L4, L5 and L6: Lower managerial, administrative and professional occupations",253,276,-23
E01001455,L7: Intermediate occupations,143,180,-37
E01001455,L8 and L9: Small employers and own account workers,190,154,36
E01001456,"L1, L2 and L3: Higher managerial, administrative and professional occupations",313,225,88
E01001456,L10 and L11: Lower supervisory and technical occupations,27,38,-11
E01001456,L12: Semi-routine occupations,50,82,-32
E01001456,L13: Routine occupations,57,54,3
E01001456,L14.1 and L14.2: Never worked and long-term unemployed,51,35,16
E01001456,L15: Full-time students,61,120,-59
E01001456,"L4, L5 and L6: Lower managerial, administrative and professional occupations",299,352,-53
E01001456,L7: Intermediate occupations,130,157,-27
E01001456,L8 and L9: Small employers and own account workers,136,166,-30
E01001457,"L1, L2 and L3: Higher managerial, administrative and professional occupations",342,238,104
E01001457,L10 and L11: Lower supervisory and technical occupations,52,50,2
E01001457,L12: Semi-routine occupations,115,102,13
E01001457,L13: Routine occupations,98,53,45
E01001457,L14.1 and L14.2: Never worked and long-term unemployed,103,47,56
E01001457,L15: Full-time students,61,78,-17
E01001457,"L4, L5 and L6: Lower managerial, administrative and professional occupations",344,322,22
E01001457,L7: Intermediate occupations,174,202,-28
E01001457,L8 and L9: Small employers and own account workers,181,117,64
E01001458,"L1, L2 and L3: Higher managerial, administrative and professional occupations",70,40,30
E01001458,L10 and L11: Lower supervisory and technical occupations,65,79,-14
E01001458,L12: Semi-routine occupations,149,181,-32
E01001458,L13: Routine occupations,216,155,61
E01001458,L14.1 and L14.2: Never worked and long-term unemployed,264,268,-4
E01001458,L15: Full-time students,150,136,14
E01001458,"L4, L5 and L6: Lower managerial, administrative and professional occupations",163,164,-1
E01001458,L7: Intermediate occupations,107,115,-8
E01001458,L8 and L9: Small employers and own account workers,161,114,47
E01001459,"L1, L2 and L3: Higher managerial, administrative and professional occupations",81,55,26
E01001459,L10 and L11: Lower supervisory and technical occupations,58,69,-11
E01001459,L12: Semi-routine occupations,163,172,-9
E01001459,L13: Routine occupations,188,120,68
E01001459,L14.1 and L14.2: Never worked and long-term unemployed,176,134,42
E01001459,L15: Full-time students,135,150,-15
E01001459,"L4, L5 and L6: Lower managerial, administrative and professional occupations",193,229,-36
E01001459,L7: Intermediate occupations,151,156,-5
E01001459,L8 and L9: Small employers and own account workers,204,123,81
E01001460,"L1, L2 and L3: Higher managerial, administrative and professional occupations",76,64,12
E01001460,L10 and L11: Lower supervisory and technical occupations,60,56,4
E01001460,L12: Semi-routine occupations,188,174,14
E01001460,L13: Routine occupations,227,151,76
E01001460,L14.1 and L14.2: Never worked and long-term unemployed,230,216,14
E01001460,L15: Full-time students,224,127,97
E01001460,"L4, L5 and L6: Lower managerial, administrative and professional occupations",187,136,51
E01001460,L7: Intermediate occupations,125,129,-4
E01001460,L8 and L9: Small employers and own account workers,200,111,89
E01001461,"L1, L2 and L3: Higher managerial, administrative and professional occupations",60,52,8
E01001461,L10 and L11: Lower supervisory and technical occupations,52,76,-24
E01001461,L12: Semi-routine occupations,172,195,-23
E01001461,L13: Routine occupations,173,139,34
E01001461,L14.1 and L14.2: Never worked and long-term unemployed,263,193,70
E01001461,L15: Full-time students,155,165,-10
E01001461,"L4, L5 and L6: Lower managerial, administrative and professional occupations",133,160,-27
E01001461,L7: Intermediate occupations,115,124,-9
E01001461,L8 and L9: Small employers and own account workers,141,100,41
E01001462,"L1, L2 and L3: Higher managerial, administrative and professional occupations",91,71,20
E01001462,L10 and L11: Lower supervisory and technical occupations,54,53,1
E01001462,L12: Semi-routine occupations,107,136,-29
E01001462,L13: Routine occupations,147,85,62
E01001462,L14.1 and L14.2: Never worked and long-term unemployed,246,147,99
E01001462,L15: Full-time students,90,120,-30
E01001462,"L4, L5 and L6: Lower managerial, administrative and professional occupations",174,165,9
E01001462,L7: Intermediate occupations,122,129,-7
E01001462,L8 and L9: Small employers and own account workers,125,73,52
E01001463,"L1, L2 and L3: Higher managerial, administrative and professional occupations",92,56,36
E01001463,L10 and L11: Lower supervisory and technical occupations,68,66,2
E01001463,L12: Semi-routine occupations,117,153,-36
E01001463,L13: Routine occupations,169,133,36
E01001463,L14.1 and L14.2: Never worked and long-term unemployed,153,111,42
E01001463,L15: Full-time students,129,141,-12
E01001463,"L4, L5 and L6: Lower managerial, administrative and professional occupations",200,183,17
E01001463,L7: Intermediate occupations,146,151,-5
E01001463,L8 and L9: Small employers and own account workers,188,142,46
E01001464,"L1, L2 and L3: Higher managerial, administrative and professional occupations",63,36,27
E01001464,L10 and L11: Lower supervisory and technical occupations,42,51,-9
E01001464,L12: Semi-routine occupations,138,122,16
E01001464,L13: Routine occupations,130,132,-2
E01001464,L14.1 and L14.2: Never worked and long-term unemployed,182,122,60
E01001464,L15: Full-time students,124,140,-16
E01001464,"L4, L5 and L6: Lower managerial, administrative and professional occupations",160,140,20
E01001464,L7: Intermediate occupations,107,93,14
E01001464,L8 and L9: Small employers and own account workers,125,90,35
E01001465,"L1, L2 and L3: Higher managerial, administrative and professional occupations",104,78,26
E01001465,L10 and L11: Lower supervisory and technical occupations,51,61,-10
E01001465,L12: Semi-routine occupations,129,127,2
E01001465,L13: Routine occupations,187,138,49
E01001465,L14.1 and L14.2: Never worked and long-term unemployed,178,118,60
E01001465,L15: Full-time students,126,134,-8
E01001465,"L4, L5 and L6: Lower managerial, administrative and professional occupations",178,168,10
E01001465,L7: Intermediate occupations,125,160,-35
E01001465,L8 and L9: Small employers and own account workers,189,117,72
E01001466,"L1, L2 and L3: Higher managerial, administrative and professional occupations",92,50,42
E01001466,L10 and L11: Lower supervisory and technical occupations,57,68,-11
E01001466,L12: Semi-routine occupations,161,158,3
E01001466,L13: Routine occupations,189,116,73
E01001466,L14.1 and L14.2: Never worked and long-term unemployed,183,169,14
E01001466,L15: Full-time students,151,151,0
E01001466,"L4, L5 and L6: Lower managerial, administrative and professional occupations",201,209,-8
E01001466,L7: Intermediate occupations,141,159,-18
E01001466,L8 and L9: Small employers and own account workers,222,141,81
E01001467,"L1, L2 and L3: Higher managerial, administrative and professional occupations",100,59,41
E01001467,L10 and L11: Lower supervisory and technical occupations,68,70,-2
E01001467,L12: Semi-routine occupations,161,166,-5
E01001467,L13: Routine occupations,179,133,46
E01001467,L14.1 and L14.2: Never worked and long-term unemployed,195,180,15
E01001467,L15: Full-time students,196,196,0
E01001467,"L4, L5 and L6: Lower managerial, administrative and professional occupations",232,239,-7
E01001467,L7: Intermediate occupations,151,161,-10
E01001467,L8 and L9: Small employers and own account workers,191,110,81
E01001468,"L1, L2 and L3: Higher managerial, administrative and professional occupations",226,161,65
E01001468,L10 and L11: Lower supervisory and technical occupations,34,44,-10
E01001468,L12: Semi-routine occupations,102,90,12
E01001468,L13: Routine occupations,65,69,-4
E01001468,L14.1 and L14.2: Never worked and long-term unemployed,67,92,-25
E01001468,L15: Full-time students,74,59,15
E01001468,"L4, L5 and L6: Lower managerial, administrative and professional occupations",306,236,70
E01001468,L7: Intermediate occupations,132,126,6
E01001468,L8 and L9: Small employers and own account workers,128,118,10
E01001469,"L1, L2 and L3: Higher managerial, administrative and professional occupations",228,162,66
E01001469,L10 and L11: Lower supervisory and technical occupations,60,67,-7
E01001469,L12: Semi-routine occupations,137,129,8
E01001469,L13: Routine occupations,115,88,27
E01001469,L14.1 and L14.2: Never worked and long-term unemployed,109,90,19
E01001469,L15: Full-time students,101,96,5
E01001469,"L4, L5 and L6: Lower managerial, administrative and professional occupations",310,270,40
E01001469,L7: Intermediate occupations,166,147,19
E01001469,L8 and L9: Small employers and own account workers,176,137,39
E01001470,"L1, L2 and L3: Higher managerial, administrative and professional occupations",258,134,124
E01001470,L10 and L11: Lower supervisory and technical occupations,52,27,25
E01001470,L12: Semi-routine occupations,113,84,29
E01001470,L13: Routine occupations,90,57,33
E01001470,L14.1 and L14.2: Never worked and long-term unemployed,99,48,51
E01001470,L15: Full-time students,89,133,-44
E01001470,"L4, L5 and L6: Lower managerial, administrative and professional occupations",315,301,14
E01001470,L7: Intermediate occupations,187,189,-2
E01001470,L8 and L9: Small employers and own account workers,146,153,-7
E01001471,"L1, L2 and L3: Higher managerial, administrative and professional occupations",240,218,22
E01001471,L10 and L11: Lower supervisory and technical occupations,55,46,9
E01001471,L12: Semi-routine occupations,126,119,7
E01001471,L13: Routine occupations,104,71,33
E01001471,L14.1 and L14.2: Never worked and long-term unemployed,145,75,70
E01001471,L15: Full-time students,88,69,19
E01001471,"L4, L5 and L6: Lower managerial, administrative and professional occupations",401,371,30
E01001471,L7: Intermediate occupations,213,227,-14
E01001471,L8 and L9: Small employers and own account workers,200,137,63
E01001472,"L1, L2 and L3: Higher managerial, administrative and professional occupations",263,229,34
E01001472,L10 and L11: Lower supervisory and technical occupations,49,67,-18
E01001472,L12: Semi-routine occupations,111,132,-21
E01001472,L13: Routine occupations,89,78,11
E01001472,L14.1 and L14.2: Never worked and long-term unemployed,74,66,8
E01001472,L15: Full-time students,79,113,-34
E01001472,"L4, L5 and L6: Lower managerial, administrative and professional occupations",356,413,-57
E01001472,L7: Intermediate occupations,169,225,-56
E01001472,L8 and L9: Small employers and own account workers,158,141,17
E01001473,"L1, L2 and L3: Higher managerial, administrative and professional occupations",194,95,99
E01001473,L10 and L11: Lower supervisory and technical occupations,52,52,0
E01001473,L12: Semi-routine occupations,101,123,-22
E01001473,L13: Routine occupations,113,89,24
E01001473,L14.1 and L14.2: Never worked and long-term unemployed,114,80,34
E01001473,L15: Full-time students,94,124,-30
E01001473,"L4, L5 and L6: Lower managerial, administrative and professional occupations",270,226,44
E01001473,L7: Intermediate occupations,161,181,-20
E01001473,L8 and L9: Small employers and own account workers,155,129,26
E01001474,"L1, L2 and L3: Higher managerial, administrative and professional occupations",364,265,99
E01001474,L10 and L11: Lower supervisory and technical occupations,48,49,-1
E01001474,L12: Semi-routine occupations,118,74,44
E01001474,L13: Routine occupations,81,39,42
E01001474,L14.1 and L14.2: Never worked and long-term unemployed,118,33,85
E01001474,L15: Full-time students,72,77,-5
E01001474,"L4, L5 and L6: Lower managerial, administrative and professional occupations",376,339,37
E01001474,L7: Intermediate occupations,202,166,36
E01001474,L8 and L9: Small employers and own account workers,177,124,53
E01001475,"L1, L2 and L3: Higher managerial, administrative and professional occupations",310,201,109
E01001475,L10 and L11: Lower supervisory and technical occupations,42,42,0
E01001475,L12: Semi-routine occupations,114,93,21
E01001475,L13: Routine occupations,85,58,27
E01001475,L14.1 and L14.2: Never worked and long-term unemployed,69,64,5
E01001475,L15: Full-time students,101,104,-3
E01001475,"L4, L5 and L6: Lower managerial, administrative and professional occupations",355,295,60
E01001475,L7: Intermediate occupations,184,201,-17
E01001475,L8 and L9: Small employers and own account workers,203,160,43
E01001476,"L1, L2 and L3: Higher managerial, administrative and professional occupations",97,59,38
E01001476,L10 and L11: Lower supervisory and technical occupations,55,75,-20
E01001476,L12: Semi-routine occupations,156,174,-18
E01001476,L13: Routine occupations,187,109,78
E01001476,L14.1 and L14.2: Never worked and long-term unemployed,248,145,103
E01001476,L15: Full-time students,130,150,-20
E01001476,"L4, L5 and L6: Lower managerial, administrative and professional occupations",184,191,-7
E01001476,L7: Intermediate occupations,147,166,-19
E01001476,L8 and L9: Small employers and own account workers,144,104,40
E01001477,"L1, L2 and L3: Higher managerial, administrative and professional occupations",73,49,24
E01001477,L10 and L11: Lower supervisory and technical occupations,74,80,-6
E01001477,L12: Semi-routine occupations,200,206,-6
E01001477,L13: Routine occupations,211,176,35
E01001477,L14.1 and L14.2: Never worked and long-term unemployed,252,168,84
E01001477,L15: Full-time students,158,179,-21
E01001477,"L4, L5 and L6: Lower managerial, administrative and professional occupations",206,168,38
E01001477,L7: Intermediate occupations,141,119,22
E01001477,L8 and L9: Small employers and own account workers,188,109,79
E01001478,"L1, L2 and L3: Higher managerial, administrative and professional occupations",116,64,52
E01001478,L10 and L11: Lower supervisory and technical occupations,61,67,-6
E01001478,L12: Semi-routine occupations,162,167,-5
E01001478,L13: Routine occupations,145,105,40
E01001478,L14.1 and L14.2: Never worked and long-term unemployed,194,105,89
E01001478,L15: Full-time students,127,127,0
E01001478,"L4, L5 and L6: Lower managerial, administrative and professional occupations",214,180,34
E01001478,L7: Intermediate occupations,157,164,-7
E01001478,L8 and L9: Small employers and own account workers,145,124,21
E01001479,"L1, L2 and L3: Higher managerial, administrative and professional occupations",79,58,21
E01001479,L10 and L11: Lower supervisory and technical occupations,73,86,-13
E01001479,L12: Semi-routine occupations,159,173,-14
E01001479,L13: Routine occupations,202,123,79
E01001479,L14.1 and L14.2: Never worked and long-term unemployed,231,151,80
E01001479,L15: Full-time students,137,148,-11
E01001479,"L4, L5 and L6: Lower managerial, administrative and professional occupations",167,202,-35
E01001479,L7: Intermediate occupations,119,130,-11
E01001479,L8 and L9: Small employers and own account workers,190,117,73
E01001480,"L1, L2 and L3: Higher managerial, administrative and professional occupations",106,72,34
E01001480,L10 and L11: Lower supervisory and technical occupations,67,74,-7
E01001480,L12: Semi-routine occupations,161,154,7
E01001480,L13: Routine occupations,135,120,15
E01001480,L14.1 and L14.2: Never worked and long-term unemployed,173,126,47
E01001480,L15: Full-time students,107,131,-24
E01001480,"L4, L5 and L6: Lower managerial, administrative and professional occupations",200,199,1
E01001480,L7: Intermediate occupations,135,145,-10
E01001480,L8 and L9: Small employers and own account workers,154,112,42
E01001481,"L1, L2 and L3: Higher managerial, administrative and professional occupations",80,46,34
E01001481,L10 and L11: Lower supervisory and technical occupations,69,87,-18
E01001481,L12: Semi-routine occupations,150,150,0
E01001481,L13: Routine occupations,209,143,66
E01001481,L14.1 and L14.2: Never worked and long-term unemployed,249,153,96
E01001481,L15: Full-time students,158,145,13
E01001481,"L4, L5 and L6: Lower managerial, administrative and professional occupations",210,181,29
E01001481,L7: Intermediate occupations,129,159,-30
E01001481,L8 and L9: Small employers and own account workers,147,108,39
E01001482,"L1, L2 and L3: Higher managerial, administrative and professional occupations",74,56,18
E01001482,L10 and L11: Lower supervisory and technical occupations,86,90,-4
E01001482,L12: Semi-routine occupations,197,183,14
E01001482,L13: Routine occupations,242,166,76
E01001482,L14.1 and L14.2: Never worked and long-term unemployed,247,197,50
E01001482,L15: Full-time students,162,164,-2
E01001482,"L4, L5 and L6: Lower managerial, administrative and professional occupations",172,200,-28
E01001482,L7: Intermediate occupations,114,134,-20
E01001482,L8 and L9: Small employers and own account workers,145,106,39
E01001483,"L1, L2 and L3: Higher managerial, administrative and professional occupations",42,44,-2
E01001483,L10 and L11: Lower supervisory and technical occupations,46,69,-23
E01001483,L12: Semi-routine occupations,121,140,-19
E01001483,L13: Routine occupations,131,91,40
E01001483,L14.1 and L14.2: Never worked and long-term unemployed,160,148,12
E01001483,L15: Full-time students,101,76,25
E01001483,"L4, L5 and L6: Lower managerial, administrative and professional occupations",111,109,2
E01001483,L7: Intermediate occupations,71,122,-51
E01001483,L8 and L9: Small employers and own account workers,109,72,37
E01001484,"L1, L2 and L3: Higher managerial, administrative and professional occupations",96,66,30
E01001484,L10 and L11: Lower supervisory and technical occupations,42,56,-14
E01001484,L12: Semi-routine occupations,122,122,0
E01001484,L13: Routine occupations,140,88,52
E01001484,L14.1 and L14.2: Never worked and long-term unemployed,136,89,47
E01001484,L15: Full-time students,99,105,-6
E01001484,"L4, L5 and L6: Lower managerial, administrative and professional occupations",174,166,8
E01001484,L7: Intermediate occupations,129,127,2
E01001484,L8 and L9: Small employers and own account workers,139,112,27
E01001485,"L1, L2 and L3: Higher managerial, administrative and professional occupations",55,36,19
E01001485,L10 and L11: Lower supervisory and technical occupations,58,53,5
E01001485,L12: Semi-routine occupations,151,168,-17
E01001485,L13: Routine occupations,224,109,115
E01001485,L14.1 and L14.2: Never worked and long-term unemployed,275,139,136
E01001485,L15: Full-time students,167,122,45
E01001485,"L4, L5 and L6: Lower managerial, administrative and professional occupations",214,148,66
E01001485,L7: Intermediate occupations,131,102,29
E01001485,L8 and L9: Small employers and own account workers,136,92,44
E01001486,"L1, L2 and L3: Higher managerial, administrative and professional occupations",87,56,31
E01001486,L10 and L11: Lower supervisory and technical occupations,73,96,-23
E01001486,L12: Semi-routine occupations,200,205,-5
E01001486,L13: Routine occupations,270,186,84
E01001486,L14.1 and L14.2: Never worked and long-term unemployed,311,258,53
E01001486,L15: Full-time students,168,186,-18
E01001486,"L4, L5 and L6: Lower managerial, administrative and professional occupations",205,176,29
E01001486,L7: Intermediate occupations,146,144,2
E01001486,L8 and L9: Small employers and own account workers,189,127,62
E01001487,"L1, L2 and L3: Higher managerial, administrative and professional occupations",73,56,17
E01001487,L10 and L11: Lower supervisory and technical occupations,65,70,-5
E01001487,L12: Semi-routine occupations,177,215,-38
E01001487,L13: Routine occupations,219,146,73
E01001487,L14.1 and L14.2: Never worked and long-term unemployed,240,190,50
E01001487,L15: Full-time students,174,167,7
E01001487,"L4, L5 and L6: Lower managerial, administrative and professional occupations",185,185,0
E01001487,L7: Intermediate occupations,134,153,-19
E01001487,L8 and L9: Small employers and own account workers,177,127,50
E01001488,"L1, L2 and L3: Higher managerial, administrative and professional occupations",92,78,14
E01001488,L10 and L11: Lower supervisory and technical occupations,63,59,4
E01001488,L12: Semi-routine occupations,192,194,-2
E01001488,L13: Routine occupations,187,126,61
E01001488,L14.1 and L14.2: Never worked and long-term unemployed,228,181,47
E01001488,L15: Full-time students,182,174,8
E01001488,"L4, L5 and L6: Lower managerial, administrative and professional occupations",200,214,-14
E01001488,L7: Intermediate occupations,132,140,-8
E01001488,L8 and L9: Small employers and own account workers,204,126,78
E01001489,"L1, L2 and L3: Higher managerial, administrative and professional occupations",69,65,4
E01001489,L10 and L11: Lower supervisory and technical occupations,62,78,-16
E01001489,L12: Semi-routine occupations,171,173,-2
E01001489,L13: Routine occupations,229,156,73
E01001489,L14.1 and L14.2: Never worked and long-term unemployed,224,158,66
E01001489,L15: Full-time students,169,164,5
E01001489,"L4, L5 and L6: Lower managerial, administrative and professional occupations",182,181,1
E01001489,L7: Intermediate occupations,119,144,-25
E01001489,L8 and L9: Small employers and own account workers,173,130,43
E01001491,"L1, L2 and L3: Higher managerial, administrative and professional occupations",71,75,-4
E01001491,L10 and L11: Lower supervisory and technical occupations,82,87,-5
E01001491,L12: Semi-routine occupations,217,220,-3
E01001491,L13: Routine occupations,221,157,64
E01001491,L14.1 and L14.2: Never worked and long-term unemployed,211,199,12
E01001491,L15: Full-time students,177,168,9
E01001491,"L4, L5 and L6: Lower managerial, administrative and professional occupations",214,189,25
E01001491,L7: Intermediate occupations,139,155,-16
E01001491,L8 and L9: Small employers and own account workers,157,128,29
E01001492,"L1, L2 and L3: Higher managerial, administrative and professional occupations",89,102,-13
E01001492,L10 and L11: Lower supervisory and technical occupations,84,88,-4
E01001492,L12: Semi-routine occupations,211,241,-30
E01001492,L13: Routine occupations,204,189,15
E01001492,L14.1 and L14.2: Never worked and long-term unemployed,234,220,14
E01001492,L15: Full-time students,195,220,-25
E01001492,"L4, L5 and L6: Lower managerial, administrative and professional occupations",238,234,4
E01001492,L7: Intermediate occupations,143,172,-29
E01001492,L8 and L9: Small employers and own account workers,186,148,38
E01001493,"L1, L2 and L3: Higher managerial, administrative and professional occupations",148,106,42
E01001493,L10 and L11: Lower supervisory and technical occupations,80,68,12
E01001493,L12: Semi-routine occupations,156,158,-2
E01001493,L13: Routine occupations,188,119,69
E01001493,L14.1 and L14.2: Never worked and long-term unemployed,234,157,77
E01001493,L15: Full-time students,111,130,-19
E01001493,"L4, L5 and L6: Lower managerial, administrative and professional occupations",271,255,16
E01001493,L7: Intermediate occupations,189,165,24
E01001493,L8 and L9: Small employers and own account workers,193,156,37
E01001494,"L1, L2 and L3: Higher managerial, administrative and professional occupations",151,88,63
E01001494,L10 and L11: Lower supervisory and technical occupations,42,58,-16
E01001494,L12: Semi-routine occupations,102,143,-41
E01001494,L13: Routine occupations,113,102,11
E01001494,L14.1 and L14.2: Never worked and long-term unemployed,148,95,53
E01001494,L15: Full-time students,85,118,-33
E01001494,"L4, L5 and L6: Lower managerial, administrative and professional occupations",234,200,34
E01001494,L7: Intermediate occupations,145,161,-16
E01001494,L8 and L9: Small employers and own account workers,178,165,13
E01001495,"L1, L2 and L3: Higher managerial, administrative and professional occupations",250,194,56
E01001495,L10 and L11: Lower supervisory and technical occupations,64,81,-17
E01001495,L12: Semi-routine occupations,129,120,9
E01001495,L13: Routine occupations,119,77,42
E01001495,L14.1 and L14.2: Never worked and long-term unemployed,102,71,31
E01001495,L15: Full-time students,111,126,-15
E01001495,"L4, L5 and L6: Lower managerial, administrative and professional occupations",391,378,13
E01001495,L7: Intermediate occupations,113,131,-18
E01001495,L8 and L9: Small employers and own account workers,245,194,51
E01001496,"L1, L2 and L3: Higher managerial, administrative and professional occupations",201,124,77
E01001496,L10 and L11: Lower supervisory and technical occupations,80,69,11
E01001496,L12: Semi-routine occupations,141,110,31
E01001496,L13: Routine occupations,131,86,45
E01001496,L14.1 and L14.2: Never worked and long-term unemployed,151,79,72
E01001496,L15: Full-time students,107,149,-42
E01001496,"L4, L5 and L6: Lower managerial, administrative and professional occupations",321,311,10
E01001496,L7: Intermediate occupations,131,162,-31
E01001496,L8 and L9: Small employers and own account workers,304,177,127
E01001497,"L1, L2 and L3: Higher managerial, administrative and professional occupations",90,81,9
E01001497,L10 and L11: Lower supervisory and technical occupations,49,52,-3
E01001497,L12: Semi-routine occupations,114,130,-16
E01001497,L13: Routine occupations,126,93,33
E01001497,L14.1 and L14.2: Never worked and long-term unemployed,158,127,31
E01001497,L15: Full-time students,111,114,-3
E01001497,"L4, L5 and L6: Lower managerial, administrative and professional occupations",189,198,-9
E01001497,L7: Intermediate occupations,127,127,0
E01001497,L8 and L9: Small employers and own account workers,175,137,38
E01001498,"L1, L2 and L3: Higher managerial, administrative and professional occupations",208,182,26
E01001498,L10 and L11: Lower supervisory and technical occupations,64,76,-12
E01001498,L12: Semi-routine occupations,113,141,-28
E01001498,L13: Routine occupations,180,116,64
E01001498,L14.1 and L14.2: Never worked and long-term unemployed,136,115,21
E01001498,L15: Full-time students,107,188,-81
E01001498,"L4, L5 and L6: Lower managerial, administrative and professional occupations",317,356,-39
E01001498,L7: Intermediate occupations,138,181,-43
E01001498,L8 and L9: Small employers and own account workers,247,163,84
E01001499,"L1, L2 and L3: Higher managerial, administrative and professional occupations",114,102,12
E01001499,L10 and L11: Lower supervisory and technical occupations,52,55,-3
E01001499,L12: Semi-routine occupations,126,137,-11
E01001499,L13: Routine occupations,145,106,39
E01001499,L14.1 and L14.2: Never worked and long-term unemployed,161,120,41
E01001499,L15: Full-time students,100,151,-51
E01001499,"L4, L5 and L6: Lower managerial, administrative and professional occupations",238,230,8
E01001499,L7: Intermediate occupations,150,154,-4
E01001499,L8 and L9: Small employers and own account workers,195,163,32
E01001500,"L1, L2 and L3: Higher managerial, administrative and professional occupations",174,139,35
E01001500,L10 and L11: Lower supervisory and technical occupations,64,55,9
E01001500,L12: Semi-routine occupations,103,139,-36
E01001500,L13: Routine occupations,111,85,26
E01001500,L14.1 and L14.2: Never worked and long-term unemployed,182,68,114
E01001500,L15: Full-time students,94,130,-36
E01001500,"L4, L5 and L6: Lower managerial, administrative and professional occupations",238,237,1
E01001500,L7: Intermediate occupations,118,126,-8
E01001500,L8 and L9: Small employers and own account workers,178,148,30
E01001501,"L1, L2 and L3: Higher managerial, administrative and professional occupations",243,165,78
E01001501,L10 and L11: Lower supervisory and technical occupations,88,71,17
E01001501,L12: Semi-routine occupations,151,148,3
E01001501,L13: Routine occupations,181,82,99
E01001501,L14.1 and L14.2: Never worked and long-term unemployed,194,120,74
E01001501,L15: Full-time students,156,103,53
E01001501,"L4, L5 and L6: Lower managerial, administrative and professional occupations",341,363,-22
E01001501,L7: Intermediate occupations,150,192,-42
E01001501,L8 and L9: Small employers and own account workers,279,167,112
E01001502,"L1, L2 and L3: Higher managerial, administrative and professional occupations",80,62,18
E01001502,L10 and L11: Lower supervisory and technical occupations,81,96,-15
E01001502,L12: Semi-routine occupations,191,193,-2
E01001502,L13: Routine occupations,200,147,53
E01001502,L14.1 and L14.2: Never worked and long-term unemployed,255,162,93
E01001502,L15: Full-time students,169,332,-163
E01001502,"L4, L5 and L6: Lower managerial, administrative and professional occupations",225,181,44
E01001502,L7: Intermediate occupations,135,114,21
E01001502,L8 and L9: Small employers and own account workers,177,101,76
E01001503,"L1, L2 and L3: Higher managerial, administrative and professional occupations",84,63,21
E01001503,L10 and L11: Lower supervisory and technical occupations,82,86,-4
E01001503,L12: Semi-routine occupations,172,163,9
E01001503,L13: Routine occupations,186,154,32
E01001503,L14.1 and L14.2: Never worked and long-term unemployed,206,167,39
E01001503,L15: Full-time students,162,137,25
E01001503,"L4, L5 and L6: Lower managerial, administrative and professional occupations",217,204,13
E01001503,L7: Intermediate occupations,138,172,-34
E01001503,L8 and L9: Small employers and own account workers,177,143,34
E01001504,"L1, L2 and L3: Higher managerial, administrative and professional occupations",104,59,45
E01001504,L10 and L11: Lower supervisory and technical occupations,62,70,-8
E01001504,L12: Semi-routine occupations,137,149,-12
E01001504,L13: Routine occupations,193,112,81
E01001504,L14.1 and L14.2: Never worked and long-term unemployed,333,144,189
E01001504,L15: Full-time students,237,162,75
E01001504,"L4, L5 and L6: Lower managerial, administrative and professional occupations",165,140,25
E01001504,L7: Intermediate occupations,124,132,-8
E01001504,L8 and L9: Small employers and own account workers,226,116,110
E01001505,"L1, L2 and L3: Higher managerial, administrative and professional occupations",87,67,20
E01001505,L10 and L11: Lower supervisory and technical occupations,88,71,17
E01001505,L12: Semi-routine occupations,194,173,21
E01001505,L13: Routine occupations,168,145,23
E01001505,L14.1 and L14.2: Never worked and long-term unemployed,242,178,64
E01001505,L15: Full-time students,209,189,20
E01001505,"L4, L5 and L6: Lower managerial, administrative and professional occupations",207,179,28
E01001505,L7: Intermediate occupations,139,143,-4
E01001505,L8 and L9: Small employers and own account workers,179,96,83
E01001507,"L1, L2 and L3: Higher managerial, administrative and professional occupations",70,67,3
E01001507,L10 and L11: Lower supervisory and technical occupations,74,96,-22
E01001507,L12: Semi-routine occupations,271,191,80
E01001507,L13: Routine occupations,263,147,116
E01001507,L14.1 and L14.2: Never worked and long-term unemployed,346,219,127
E01001507,L15: Full-time students,312,177,135
E01001507,"L4, L5 and L6: Lower managerial, administrative and professional occupations",188,165,23
E01001507,L7: Intermediate occupations,169,153,16
E01001507,L8 and L9: Small employers and own account workers,191,121,70
E01001508,"L1, L2 and L3: Higher managerial, administrative and professional occupations",105,68,37
E01001508,L10 and L11: Lower supervisory and technical occupations,87,96,-9
E01001508,L12: Semi-routine occupations,217,183,34
E01001508,L13: Routine occupations,229,129,100
E01001508,L14.1 and L14.2: Never worked and long-term unemployed,300,219,81
E01001508,L15: Full-time students,207,201,6
E01001508,"L4, L5 and L6: Lower managerial, administrative and professional occupations",243,207,36
E01001508,L7: Intermediate occupations,173,194,-21
E01001508,L8 and L9: Small employers and own account workers,189,99,90
E01001509,"L1, L2 and L3: Higher managerial, administrative and professional occupations",67,52,15
E01001509,L10 and L11: Lower supervisory and technical occupations,64,78,-14
E01001509,L12: Semi-routine occupations,176,207,-31
E01001509,L13: Routine occupations,196,146,50
E01001509,L14.1 and L14.2: Never worked and long-term unemployed,213,180,33
E01001509,L15: Full-time students,142,172,-30
E01001509,"L4, L5 and L6: Lower managerial, administrative and professional occupations",189,175,14
E01001509,L7: Intermediate occupations,103,131,-28
E01001509,L8 and L9: Small employers and own account workers,133,95,38
E01001511,"L1, L2 and L3: Higher managerial, administrative and professional occupations",173,111,62
E01001511,L10 and L11: Lower supervisory and technical occupations,53,74,-21
E01001511,L12: Semi-routine occupations,147,137,10
E01001511,L13: Routine occupations,157,113,44
E01001511,L14.1 and L14.2: Never worked and long-term unemployed,147,104,43
E01001511,L15: Full-time students,108,117,-9
E01001511,"L4, L5 and L6: Lower managerial, administrative and professional occupations",276,261,15
E01001511,L7: Intermediate occupations,152,188,-36
E01001511,L8 and L9: Small employers and own account workers,186,122,64
E01001512,"L1, L2 and L3: Higher managerial, administrative and professional occupations",290,144,146
E01001512,L10 and L11: Lower supervisory and technical occupations,63,79,-16
E01001512,L12: Semi-routine occupations,183,155,28
E01001512,L13: Routine occupations,161,93,68
E01001512,L14.1 and L14.2: Never worked and long-term unemployed,149,80,69
E01001512,L15: Full-time students,128,94,34
E01001512,"L4, L5 and L6: Lower managerial, administrative and professional occupations",420,323,97
E01001512,L7: Intermediate occupations,182,201,-19
E01001512,L8 and L9: Small employers and own account workers,204,106,98
E01001513,"L1, L2 and L3: Higher managerial, administrative and professional occupations",103,67,36
E01001513,L10 and L11: Lower supervisory and technical occupations,79,84,-5
E01001513,L12: Semi-routine occupations,214,189,25
E01001513,L13: Routine occupations,207,145,62
E01001513,L14.1 and L14.2: Never worked and long-term unemployed,244,129,115
E01001513,L15: Full-time students,139,157,-18
E01001513,"L4, L5 and L6: Lower managerial, administrative and professional occupations",224,204,20
E01001513,L7: Intermediate occupations,136,131,5
E01001513,L8 and L9: Small employers and own account workers,140,102,38
E01001514,"L1, L2 and L3: Higher managerial, administrative and professional occupations",170,124,46
E01001514,L10 and L11: Lower supervisory and technical occupations,68,61,7
E01001514,L12: Semi-routine occupations,120,162,-42
E01001514,L13: Routine occupations,121,112,9
E01001514,L14.1 and L14.2: Never worked and long-term unemployed,126,106,20
E01001514,L15: Full-time students,129,143,-14
E01001514,"L4, L5 and L6: Lower managerial, administrative and professional occupations",297,313,-16
E01001514,L7: Intermediate occupations,163,172,-9
E01001514,L8 and L9: Small employers and own account workers,173,124,49
E01001515,"L1, L2 and L3: Higher managerial, administrative and professional occupations",93,78,15
E01001515,L10 and L11: Lower supervisory and technical occupations,85,65,20
E01001515,L12: Semi-routine occupations,194,182,12
E01001515,L13: Routine occupations,204,165,39
E01001515,L14.1 and L14.2: Never worked and long-term unemployed,247,210,37
E01001515,L15: Full-time students,164,183,-19
E01001515,"L4, L5 and L6: Lower managerial, administrative and professional occupations",225,208,17
E01001515,L7: Intermediate occupations,115,163,-48
E01001515,L8 and L9: Small employers and own account workers,176,96,80
E01001516,"L1, L2 and L3: Higher managerial, administrative and professional occupations",132,62,70
E01001516,L10 and L11: Lower supervisory and technical occupations,75,91,-16
E01001516,L12: Semi-routine occupations,178,179,-1
E01001516,L13: Routine occupations,178,135,43
E01001516,L14.1 and L14.2: Never worked and long-term unemployed,220,139,81
E01001516,L15: Full-time students,190,136,54
E01001516,"L4, L5 and L6: Lower managerial, administrative and professional occupations",271,220,51
E01001516,L7: Intermediate occupations,188,180,8
E01001516,L8 and L9: Small employers and own account workers,206,144,62
E01001517,"L1, L2 and L3: Higher managerial, administrative and professional occupations",66,37,29
E01001517,L10 and L11: Lower supervisory and technical occupations,81,82,-1
E01001517,L12: Semi-routine occupations,178,197,-19
E01001517,L13: Routine occupations,240,188,52
E01001517,L14.1 and L14.2: Never worked and long-term unemployed,341,240,101
E01001517,L15: Full-time students,206,164,42
E01001517,"L4, L5 and L6: Lower managerial, administrative and professional occupations",151,150,1
E01001517,L7: Intermediate occupations,121,128,-7
E01001517,L8 and L9: Small employers and own account workers,127,85,42
E01001518,"L1, L2 and L3: Higher managerial, administrative and professional occupations",170,152,18
E01001518,L10 and L11: Lower supervisory and technical occupations,71,67,4
E01001518,L12: Semi-routine occupations,137,129,8
E01001518,L13: Routine occupations,118,101,17
E01001518,L14.1 and L14.2: Never worked and long-term unemployed,114,80,34
E01001518,L15: Full-time students,120,136,-16
E01001518,"L4, L5 and L6: Lower managerial, administrative and professional occupations",296,323,-27
E01001518,L7: Intermediate occupations,177,205,-28
E01001518,L8 and L9: Small employers and own account workers,153,137,16
E01001520,"L1, L2 and L3: Higher managerial, administrative and professional occupations",227,201,26
E01001520,L10 and L11: Lower supervisory and technical occupations,40,63,-23
E01001520,L12: Semi-routine occupations,106,114,-8
E01001520,L13: Routine occupations,120,76,44
E01001520,L14.1 and L14.2: Never worked and long-term unemployed,165,89,76
E01001520,L15: Full-time students,94,109,-15
E01001520,"L4, L5 and L6: Lower managerial, administrative and professional occupations",311,287,24
E01001520,L7: Intermediate occupations,159,167,-8
E01001520,L8 and L9: Small employers and own account workers,251,152,99
E01001521,"L1, L2 and L3: Higher managerial, administrative and professional occupations",317,244,73
E01001521,L10 and L11: Lower supervisory and technical occupations,47,46,1
E01001521,L12: Semi-routine occupations,95,72,23
E01001521,L13: Routine occupations,80,55,25
E01001521,L14.1 and L14.2: Never worked and long-term unemployed,91,63,28
E01001521,L15: Full-time students,124,141,-17
E01001521,"L4, L5 and L6: Lower managerial, administrative and professional occupations",359,359,0
E01001521,L7: Intermediate occupations,166,162,4
E01001521,L8 and L9: Small employers and own account workers,215,169,46
E01001522,"L1, L2 and L3: Higher managerial, administrative and professional occupations",270,228,42
E01001522,L10 and L11: Lower supervisory and technical occupations,44,38,6
E01001522,L12: Semi-routine occupations,129,113,16
E01001522,L13: Routine occupations,100,74,26
E01001522,L14.1 and L14.2: Never worked and long-term unemployed,124,91,33
E01001522,L15: Full-time students,98,115,-17
E01001522,"L4, L5 and L6: Lower managerial, administrative and professional occupations",314,338,-24
E01001522,L7: Intermediate occupations,155,160,-5
E01001522,L8 and L9: Small employers and own account workers,148,121,27
E01001523,"L1, L2 and L3: Higher managerial, administrative and professional occupations",246,204,42
E01001523,L10 and L11: Lower supervisory and technical occupations,57,45,12
E01001523,L12: Semi-routine occupations,110,94,16
E01001523,L13: Routine occupations,73,54,19
E01001523,L14.1 and L14.2: Never worked and long-term unemployed,130,78,52
E01001523,L15: Full-time students,99,96,3
E01001523,"L4, L5 and L6: Lower managerial, administrative and professional occupations",339,323,16
E01001523,L7: Intermediate occupations,177,162,15
E01001523,L8 and L9: Small employers and own account workers,198,159,39
E01001524,"L1, L2 and L3: Higher managerial, administrative and professional occupations",213,136,77
E01001524,L10 and L11: Lower supervisory and technical occupations,38,41,-3
E01001524,L12: Semi-routine occupations,102,111,-9
E01001524,L13: Routine occupations,86,68,18
E01001524,L14.1 and L14.2: Never worked and long-term unemployed,147,113,34
E01001524,L15: Full-time students,114,154,-40
E01001524,"L4, L5 and L6: Lower managerial, administrative and professional occupations",263,234,29
E01001524,L7: Intermediate occupations,140,130,10
E01001524,L8 and L9: Small employers and own account workers,164,137,27
E01001525,"L1, L2 and L3: Higher managerial, administrative and professional occupations",250,187,63
E01001525,L10 and L11: Lower supervisory and technical occupations,71,57,14
E01001525,L12: Semi-routine occupations,112,116,-4
E01001525,L13: Routine occupations,118,84,34
E01001525,L14.1 and L14.2: Never worked and long-term unemployed,217,91,126
E01001525,L15: Full-time students,124,186,-62
E01001525,"L4, L5 and L6: Lower managerial, administrative and professional occupations",306,302,4
E01001525,L7: Intermediate occupations,155,153,2
E01001525,L8 and L9: Small employers and own account workers,229,176,53
E01001526,"L1, L2 and L3: Higher managerial, administrative and professional occupations",244,167,77
E01001526,L10 and L11: Lower supervisory and technical occupations,43,37,6
E01001526,L12: Semi-routine occupations,100,98,2
E01001526,L13: Routine occupations,73,49,24
E01001526,L14.1 and L14.2: Never worked and long-term unemployed,104,54,50
E01001526,L15: Full-time students,88,118,-30
E01001526,"L4, L5 and L6: Lower managerial, administrative and professional occupations",308,335,-27
E01001526,L7: Intermediate occupations,152,157,-5
E01001526,L8 and L9: Small employers and own account workers,221,150,71
E01001527,"L1, L2 and L3: Higher managerial, administrative and professional occupations",313,183,130
E01001527,L10 and L11: Lower supervisory and technical occupations,50,53,-3
E01001527,L12: Semi-routine occupations,158,98,60
E01001527,L13: Routine occupations,104,79,25
E01001527,L14.1 and L14.2: Never worked and long-term unemployed,156,69,87
E01001527,L15: Full-time students,114,109,5
E01001527,"L4, L5 and L6: Lower managerial, administrative and professional occupations",353,328,25
E01001527,L7: Intermediate occupations,159,129,30
E01001527,L8 and L9: Small employers and own account workers,251,143,108
E01001528,"L1, L2 and L3: Higher managerial, administrative and professional occupations",143,67,76
E01001528,L10 and L11: Lower supervisory and technical occupations,65,48,17
E01001528,L12: Semi-routine occupations,153,168,-15
E01001528,L13: Routine occupations,153,108,45
E01001528,L14.1 and L14.2: Never worked and long-term unemployed,180,149,31
E01001528,L15: Full-time students,131,156,-25
E01001528,"L4, L5 and L6: Lower managerial, administrative and professional occupations",227,161,66
E01001528,L7: Intermediate occupations,124,113,11
E01001528,L8 and L9: Small employers and own account workers,139,115,24
E01001529,"L1, L2 and L3: Higher managerial, administrative and professional occupations",138,99,39
E01001529,L10 and L11: Lower supervisory and technical occupations,42,71,-29
E01001529,L12: Semi-routine occupations,170,151,19
E01001529,L13: Routine occupations,218,112,106
E01001529,L14.1 and L14.2: Never worked and long-term unemployed,182,121,61
E01001529,L15: Full-time students,122,134,-12
E01001529,"L4, L5 and L6: Lower managerial, administrative and professional occupations",227,213,14
E01001529,L7: Intermediate occupations,121,116,5
E01001529,L8 and L9: Small employers and own account workers,238,149,89
E01001530,"L1, L2 and L3: Higher managerial, administrative and professional occupations",192,110,82
E01001530,L10 and L11: Lower supervisory and technical occupations,49,43,6
E01001530,L12: Semi-routine occupations,128,88,40
E01001530,L13: Routine occupations,104,77,27
E01001530,L14.1 and L14.2: Never worked and long-term unemployed,177,73,104
E01001530,L15: Full-time students,138,114,24
E01001530,"L4, L5 and L6: Lower managerial, administrative and professional occupations",268,247,21
E01001530,L7: Intermediate occupations,120,109,11
E01001530,L8 and L9: Small employers and own account workers,175,107,68
E01001531,"L1, L2 and L3: Higher managerial, administrative and professional occupations",273,240,33
E01001531,L10 and L11: Lower supervisory and technical occupations,18,24,-6
E01001531,L12: Semi-routine occupations,65,54,11
E01001531,L13: Routine occupations,52,35,17
E01001531,L14.1 and L14.2: Never worked and long-term unemployed,58,59,-1
E01001531,L15: Full-time students,65,113,-48
E01001531,"L4, L5 and L6: Lower managerial, administrative and professional occupations",327,324,3
E01001531,L7: Intermediate occupations,126,123,3
E01001531,L8 and L9: Small employers and own account workers,177,141,36
E01001532,"L1, L2 and L3: Higher managerial, administrative and professional occupations",356,298,58
E01001532,L10 and L11: Lower supervisory and technical occupations,36,28,8
E01001532,L12: Semi-routine occupations,78,66,12
E01001532,L13: Routine occupations,53,31,22
E01001532,L14.1 and L14.2: Never worked and long-term unemployed,91,50,41
E01001532,L15: Full-time students,98,123,-25
E01001532,"L4, L5 and L6: Lower managerial, administrative and professional occupations",356,442,-86
E01001532,L7: Intermediate occupations,127,148,-21
E01001532,L8 and L9: Small employers and own account workers,193,154,39
E01001533,"L1, L2 and L3: Higher managerial, administrative and professional occupations",308,219,89
E01001533,L10 and L11: Lower supervisory and technical occupations,28,26,2
E01001533,L12: Semi-routine occupations,88,65,23
E01001533,L13: Routine occupations,51,48,3
E01001533,L14.1 and L14.2: Never worked and long-term unemployed,115,52,63
E01001533,L15: Full-time students,102,103,-1
E01001533,"L4, L5 and L6: Lower managerial, administrative and professional occupations",303,272,31
E01001533,L7: Intermediate occupations,155,164,-9
E01001533,L8 and L9: Small employers and own account workers,193,152,41
E01001534,"L1, L2 and L3: Higher managerial, administrative and professional occupations",231,180,51
E01001534,L10 and L11: Lower supervisory and technical occupations,56,50,6
E01001534,L12: Semi-routine occupations,100,115,-15
E01001534,L13: Routine occupations,109,75,34
E01001534,L14.1 and L14.2: Never worked and long-term unemployed,111,77,34
E01001534,L15: Full-time students,91,146,-55
E01001534,"L4, L5 and L6: Lower managerial, administrative and professional occupations",312,277,35
E01001534,L7: Intermediate occupations,145,140,5
E01001534,L8 and L9: Small employers and own account workers,226,164,62
E01001535,"L1, L2 and L3: Higher managerial, administrative and professional occupations",197,150,47
E01001535,L10 and L11: Lower supervisory and technical occupations,31,33,-2
E01001535,L12: Semi-routine occupations,89,100,-11
E01001535,L13: Routine occupations,86,57,29
E01001535,L14.1 and L14.2: Never worked and long-term unemployed,102,51,51
E01001535,L15: Full-time students,66,108,-42
E01001535,"L4, L5 and L6: Lower managerial, administrative and professional occupations",277,266,11
E01001535,L7: Intermediate occupations,121,144,-23
E01001535,L8 and L9: Small employers and own account workers,193,182,11
E01001536,"L1, L2 and L3: Higher managerial, administrative and professional occupations",306,197,109
E01001536,L10 and L11: Lower supervisory and technical occupations,53,52,1
E01001536,L12: Semi-routine occupations,123,120,3
E01001536,L13: Routine occupations,119,59,60
E01001536,L14.1 and L14.2: Never worked and long-term unemployed,136,66,70
E01001536,L15: Full-time students,124,69,55
E01001536,"L4, L5 and L6: Lower managerial, administrative and professional occupations",390,411,-21
E01001536,L7: Intermediate occupations,165,175,-10
E01001536,L8 and L9: Small employers and own account workers,189,131,58
E01001537,"L1, L2 and L3: Higher managerial, administrative and professional occupations",163,130,33
E01001537,L10 and L11: Lower supervisory and technical occupations,59,79,-20
E01001537,L12: Semi-routine occupations,103,115,-12
E01001537,L13: Routine occupations,133,74,59
E01001537,L14.1 and L14.2: Never worked and long-term unemployed,89,68,21
E01001537,L15: Full-time students,98,81,17
E01001537,"L4, L5 and L6: Lower managerial, administrative and professional occupations",317,338,-21
E01001537,L7: Intermediate occupations,188,204,-16
E01001537,L8 and L9: Small employers and own account workers,183,136,47
E01001538,"L1, L2 and L3: Higher managerial, administrative and professional occupations",182,130,52
E01001538,L10 and L11: Lower supervisory and technical occupations,58,69,-11
E01001538,L12: Semi-routine occupations,158,130,28
E01001538,L13: Routine occupations,114,81,33
E01001538,L14.1 and L14.2: Never worked and long-term unemployed,79,46,33
E01001538,L15: Full-time students,92,90,2
E01001538,"L4, L5 and L6: Lower managerial, administrative and professional occupations",324,304,20
E01001538,L7: Intermediate occupations,218,247,-29
E01001538,L8 and L9: Small employers and own account workers,143,124,19
E01001539,"L1, L2 and L3: Higher managerial, administrative and professional occupations",189,136,53
E01001539,L10 and L11: Lower supervisory and technical occupations,54,70,-16
E01001539,L12: Semi-routine occupations,121,133,-12
E01001539,L13: Routine occupations,107,71,36
E01001539,L14.1 and L14.2: Never worked and long-term unemployed,71,58,13
E01001539,L15: Full-time students,84,100,-16
E01001539,"L4, L5 and L6: Lower managerial, administrative and professional occupations",303,300,3
E01001539,L7: Intermediate occupations,211,211,0
E01001539,L8 and L9: Small employers and own account workers,186,137,49
E01001540,"L1, L2 and L3: Higher managerial, administrative and professional occupations",259,183,76
E01001540,L10 and L11: Lower supervisory and technical occupations,52,54,-2
E01001540,L12: Semi-routine occupations,133,117,16
E01001540,L13: Routine occupations,102,70,32
E01001540,L14.1 and L14.2: Never worked and long-term unemployed,170,67,103
E01001540,L15: Full-time students,81,81,0
E01001540,"L4, L5 and L6: Lower managerial, administrative and professional occupations",344,386,-42
E01001540,L7: Intermediate occupations,184,239,-55
E01001540,L8 and L9: Small employers and own account workers,190,131,59
E01001541,"L1, L2 and L3: Higher managerial, administrative and professional occupations",264,184,80
E01001541,L10 and L11: Lower supervisory and technical occupations,38,58,-20
E01001541,L12: Semi-routine occupations,84,71,13
E01001541,L13: Routine occupations,70,64,6
E01001541,L14.1 and L14.2: Never worked and long-term unemployed,70,37,33
E01001541,L15: Full-time students,52,54,-2
E01001541,"L4, L5 and L6: Lower managerial, administrative and professional occupations",351,355,-4
E01001541,L7: Intermediate occupations,146,170,-24
E01001541,L8 and L9: Small employers and own account workers,104,111,-7
E01001542,"L1, L2 and L3: Higher managerial, administrative and professional occupations",153,85,68
E01001542,L10 and L11: Lower supervisory and technical occupations,44,51,-7
E01001542,L12: Semi-routine occupations,128,116,12
E01001542,L13: Routine occupations,123,97,26
E01001542,L14.1 and L14.2: Never worked and long-term unemployed,113,97,16
E01001542,L15: Full-time students,66,82,-16
E01001542,"L4, L5 and L6: Lower managerial, administrative and professional occupations",299,274,25
E01001542,L7: Intermediate occupations,149,191,-42
E01001542,L8 and L9: Small employers and own account workers,133,109,24
E01001543,"L1, L2 and L3: Higher managerial, administrative and professional occupations",219,157,62
E01001543,L10 and L11: Lower supervisory and technical occupations,60,60,0
E01001543,L12: Semi-routine occupations,95,99,-4
E01001543,L13: Routine occupations,101,90,11
E01001543,L14.1 and L14.2: Never worked and long-term unemployed,99,57,42
E01001543,L15: Full-time students,87,101,-14
E01001543,"L4, L5 and L6: Lower managerial, administrative and professional occupations",283,264,19
E01001543,L7: Intermediate occupations,200,216,-16
E01001543,L8 and L9: Small employers and own account workers,163,132,31
E01001544,"L1, L2 and L3: Higher managerial, administrative and professional occupations",232,152,80
E01001544,L10 and L11: Lower supervisory and technical occupations,47,57,-10
E01001544,L12: Semi-routine occupations,118,107,11
E01001544,L13: Routine occupations,111,81,30
E01001544,L14.1 and L14.2: Never worked and long-term unemployed,101,69,32
E01001544,L15: Full-time students,67,91,-24
E01001544,"L4, L5 and L6: Lower managerial, administrative and professional occupations",349,278,71
E01001544,L7: Intermediate occupations,189,192,-3
E01001544,L8 and L9: Small employers and own account workers,157,117,40
E01001545,"L1, L2 and L3: Higher managerial, administrative and professional occupations",59,50,9
E01001545,L10 and L11: Lower supervisory and technical occupations,68,86,-18
E01001545,L12: Semi-routine occupations,169,184,-15
E01001545,L13: Routine occupations,200,158,42
E01001545,L14.1 and L14.2: Never worked and long-term unemployed,265,187,78
E01001545,L15: Full-time students,172,181,-9
E01001545,"L4, L5 and L6: Lower managerial, administrative and professional occupations",187,160,27
E01001545,L7: Intermediate occupations,141,128,13
E01001545,L8 and L9: Small employers and own account workers,155,99,56
E01001546,"L1, L2 and L3: Higher managerial, administrative and professional occupations",101,76,25
E01001546,L10 and L11: Lower supervisory and technical occupations,76,84,-8
E01001546,L12: Semi-routine occupations,159,180,-21
E01001546,L13: Routine occupations,192,147,45
E01001546,L14.1 and L14.2: Never worked and long-term unemployed,188,137,51
E01001546,L15: Full-time students,147,129,18
E01001546,"L4, L5 and L6: Lower managerial, administrative and professional occupations",204,202,2
E01001546,L7: Intermediate occupations,140,175,-35
E01001546,L8 and L9: Small employers and own account workers,156,133,23
E01001547,"L1, L2 and L3: Higher managerial, administrative and professional occupations",107,81,26
E01001547,L10 and L11: Lower supervisory and technical occupations,79,79,0
E01001547,L12: Semi-routine occupations,190,189,1
E01001547,L13: Routine occupations,196,140,56
E01001547,L14.1 and L14.2: Never worked and long-term unemployed,262,167,95
E01001547,L15: Full-time students,172,118,54
E01001547,"L4, L5 and L6: Lower managerial, administrative and professional occupations",259,201,58
E01001547,L7: Intermediate occupations,166,145,21
E01001547,L8 and L9: Small employers and own account workers,201,135,66
E01001548,"L1, L2 and L3: Higher managerial, administrative and professional occupations",81,78,3
E01001548,L10 and L11: Lower supervisory and technical occupations,74,90,-16
E01001548,L12: Semi-routine occupations,181,207,-26
E01001548,L13: Routine occupations,180,135,45
E01001548,L14.1 and L14.2: Never worked and long-term unemployed,208,171,37
E01001548,L15: Full-time students,169,135,34
E01001548,"L4, L5 and L6: Lower managerial, administrative and professional occupations",216,188,28
E01001548,L7: Intermediate occupations,143,139,4
E01001548,L8 and L9: Small employers and own account workers,152,121,31
E01001549,"L1, L2 and L3: Higher managerial, administrative and professional occupations",73,60,13
E01001549,L10 and L11: Lower supervisory and technical occupations,72,93,-21
E01001549,L12: Semi-routine occupations,222,228,-6
E01001549,L13: Routine occupations,224,175,49
E01001549,L14.1 and L14.2: Never worked and long-term unemployed,314,243,71
E01001549,L15: Full-time students,202,132,70
E01001549,"L4, L5 and L6: Lower managerial, administrative and professional occupations",165,173,-8
E01001549,L7: Intermediate occupations,129,121,8
E01001549,L8 and L9: Small employers and own account workers,144,92,52
E01001550,"L1, L2 and L3: Higher managerial, administrative and professional occupations",83,64,19
E01001550,L10 and L11: Lower supervisory and technical occupations,56,67,-11
E01001550,L12: Semi-routine occupations,203,162,41
E01001550,L13: Routine occupations,178,143,35
E01001550,L14.1 and L14.2: Never worked and long-term unemployed,197,140,57
E01001550,L15: Full-time students,137,145,-8
E01001550,"L4, L5 and L6: Lower managerial, administrative and professional occupations",188,170,18
E01001550,L7: Intermediate occupations,130,139,-9
E01001550,L8 and L9: Small employers and own account workers,151,117,34
E01001551,"L1, L2 and L3: Higher managerial, administrative and professional occupations",86,66,20
E01001551,L10 and L11: Lower supervisory and technical occupations,83,76,7
E01001551,L12: Semi-routine occupations,169,160,9
E01001551,L13: Routine occupations,232,145,87
E01001551,L14.1 and L14.2: Never worked and long-term unemployed,210,185,25
E01001551,L15: Full-time students,135,143,-8
E01001551,"L4, L5 and L6: Lower managerial, administrative and professional occupations",200,156,44
E01001551,L7: Intermediate occupations,164,140,24
E01001551,L8 and L9: Small employers and own account workers,138,106,32
E01001552,"L1, L2 and L3: Higher managerial, administrative and professional occupations",110,95,15
E01001552,L10 and L11: Lower supervisory and technical occupations,93,85,8
E01001552,L12: Semi-routine occupations,182,161,21
E01001552,L13: Routine occupations,231,148,83
E01001552,L14.1 and L14.2: Never worked and long-term unemployed,209,96,113
E01001552,L15: Full-time students,131,130,1
E01001552,"L4, L5 and L6: Lower managerial, administrative and professional occupations",226,229,-3
E01001552,L7: Intermediate occupations,161,186,-25
E01001552,L8 and L9: Small employers and own account workers,186,136,50
E01001553,"L1, L2 and L3: Higher managerial, administrative and professional occupations",50,46,4
E01001553,L10 and L11: Lower supervisory and technical occupations,70,69,1
E01001553,L12: Semi-routine occupations,147,154,-7
E01001553,L13: Routine occupations,185,152,33
E01001553,L14.1 and L14.2: Never worked and long-term unemployed,282,212,70
E01001553,L15: Full-time students,204,131,73
E01001553,"L4, L5 and L6: Lower managerial, administrative and professional occupations",146,117,29
E01001553,L7: Intermediate occupations,100,98,2
E01001553,L8 and L9: Small employers and own account workers,170,119,51
E01001554,"L1, L2 and L3: Higher managerial, administrative and professional occupations",56,30,26
E01001554,L10 and L11: Lower supervisory and technical occupations,48,73,-25
E01001554,L12: Semi-routine occupations,187,188,-1
E01001554,L13: Routine occupations,216,144,72
E01001554,L14.1 and L14.2: Never worked and long-term unemployed,341,263,78
E01001554,L15: Full-time students,139,172,-33
E01001554,"L4, L5 and L6: Lower managerial, administrative and professional occupations",161,177,-16
E01001554,L7: Intermediate occupations,93,98,-5
E01001554,L8 and L9: Small employers and own account workers,124,97,27
E01001555,"L1, L2 and L3: Higher managerial, administrative and professional occupations",120,42,78
E01001555,L10 and L11: Lower supervisory and technical occupations,118,72,46
E01001555,L12: Semi-routine occupations,188,200,-12
E01001555,L13: Routine occupations,231,145,86
E01001555,L14.1 and L14.2: Never worked and long-term unemployed,234,189,45
E01001555,L15: Full-time students,180,162,18
E01001555,"L4, L5 and L6: Lower managerial, administrative and professional occupations",223,178,45
E01001555,L7: Intermediate occupations,171,147,24
E01001555,L8 and L9: Small employers and own account workers,218,138,80
E01001556,"L1, L2 and L3: Higher managerial, administrative and professional occupations",110,77,33
E01001556,L10 and L11: Lower supervisory and technical occupations,64,75,-11
E01001556,L12: Semi-routine occupations,124,159,-35
E01001556,L13: Routine occupations,144,100,44
E01001556,L14.1 and L14.2: Never worked and long-term unemployed,165,109,56
E01001556,L15: Full-time students,91,110,-19
E01001556,"L4, L5 and L6: Lower managerial, administrative and professional occupations",222,184,38
E01001556,L7: Intermediate occupations,151,166,-15
E01001556,L8 and L9: Small employers and own account workers,224,175,49
E01001557,"L1, L2 and L3: Higher managerial, administrative and professional occupations",83,61,22
E01001557,L10 and L11: Lower supervisory and technical occupations,62,65,-3
E01001557,L12: Semi-routine occupations,134,166,-32
E01001557,L13: Routine occupations,184,133,51
E01001557,L14.1 and L14.2: Never worked and long-term unemployed,213,139,74
E01001557,L15: Full-time students,143,148,-5
E01001557,"L4, L5 and L6: Lower managerial, administrative and professional occupations",181,164,17
E01001557,L7: Intermediate occupations,152,129,23
E01001557,L8 and L9: Small employers and own account workers,146,91,55
E01001558,"L1, L2 and L3: Higher managerial, administrative and professional occupations",52,37,15
E01001558,L10 and L11: Lower supervisory and technical occupations,79,43,36
E01001558,L12: Semi-routine occupations,191,172,19
E01001558,L13: Routine occupations,190,96,94
E01001558,L14.1 and L14.2: Never worked and long-term unemployed,256,182,74
E01001558,L15: Full-time students,213,189,24
E01001558,"L4, L5 and L6: Lower managerial, administrative and professional occupations",166,148,18
E01001558,L7: Intermediate occupations,108,90,18
E01001558,L8 and L9: Small employers and own account workers,188,102,86
E01001559,"L1, L2 and L3: Higher managerial, administrative and professional occupations",97,62,35
E01001559,L10 and L11: Lower supervisory and technical occupations,72,95,-23
E01001559,L12: Semi-routine occupations,180,215,-35
E01001559,L13: Routine occupations,210,164,46
E01001559,L14.1 and L14.2: Never worked and long-term unemployed,260,231,29
E01001559,L15: Full-time students,186,200,-14
E01001559,"L4, L5 and L6: Lower managerial, administrative and professional occupations",238,212,26
E01001559,L7: Intermediate occupations,149,143,6
E01001559,L8 and L9: Small employers and own account workers,183,122,61
E01001560,"L1, L2 and L3: Higher managerial, administrative and professional occupations",91,71,20
E01001560,L10 and L11: Lower supervisory and technical occupations,55,86,-31
E01001560,L12: Semi-routine occupations,165,156,9
E01001560,L13: Routine occupations,162,119,43
E01001560,L14.1 and L14.2: Never worked and long-term unemployed,190,162,28
E01001560,L15: Full-time students,120,150,-30
E01001560,"L4, L5 and L6: Lower managerial, administrative and professional occupations",153,183,-30
E01001560,L7: Intermediate occupations,137,116,21
E01001560,L8 and L9: Small employers and own account workers,202,121,81
E01001562,"L1, L2 and L3: Higher managerial, administrative and professional occupations",109,52,57
E01001562,L10 and L11: Lower supervisory and technical occupations,83,65,18
E01001562,L12: Semi-routine occupations,190,175,15
E01001562,L13: Routine occupations,178,126,52
E01001562,L14.1 and L14.2: Never worked and long-term unemployed,411,255,156
E01001562,L15: Full-time students,196,171,25
E01001562,"L4, L5 and L6: Lower managerial, administrative and professional occupations",250,196,54
E01001562,L7: Intermediate occupations,162,106,56
E01001562,L8 and L9: Small employers and own account workers,130,94,36
E01001563,"L1, L2 and L3: Higher managerial, administrative and professional occupations",272,190,82
E01001563,L10 and L11: Lower supervisory and technical occupations,47,46,1
E01001563,L12: Semi-routine occupations,92,99,-7
E01001563,L13: Routine occupations,112,76,36
E01001563,L14.1 and L14.2: Never worked and long-term unemployed,109,82,27
E01001563,L15: Full-time students,74,138,-64
E01001563,"L4, L5 and L6: Lower managerial, administrative and professional occupations",318,345,-27
E01001563,L7: Intermediate occupations,117,144,-27
E01001563,L8 and L9: Small employers and own account workers,270,120,150
E01001564,"L1, L2 and L3: Higher managerial, administrative and professional occupations",332,248,84
E01001564,L10 and L11: Lower supervisory and technical occupations,33,31,2
E01001564,L12: Semi-routine occupations,69,83,-14
E01001564,L13: Routine occupations,73,36,37
E01001564,L14.1 and L14.2: Never worked and long-term unemployed,112,49,63
E01001564,L15: Full-time students,72,82,-10
E01001564,"L4, L5 and L6: Lower managerial, administrative and professional occupations",333,374,-41
E01001564,L7: Intermediate occupations,136,155,-19
E01001564,L8 and L9: Small employers and own account workers,168,145,23
E01001565,"L1, L2 and L3: Higher managerial, administrative and professional occupations",287,189,98
E01001565,L10 and L11: Lower supervisory and technical occupations,46,50,-4
E01001565,L12: Semi-routine occupations,102,103,-1
E01001565,L13: Routine occupations,103,60,43
E01001565,L14.1 and L14.2: Never worked and long-term unemployed,94,71,23
E01001565,L15: Full-time students,98,93,5
E01001565,"L4, L5 and L6: Lower managerial, administrative and professional occupations",315,329,-14
E01001565,L7: Intermediate occupations,147,168,-21
E01001565,L8 and L9: Small employers and own account workers,197,158,39
E01001566,"L1, L2 and L3: Higher managerial, administrative and professional occupations",352,253,99
E01001566,L10 and L11: Lower supervisory and technical occupations,36,46,-10
E01001566,L12: Semi-routine occupations,77,79,-2
E01001566,L13: Routine occupations,94,60,34
E01001566,L14.1 and L14.2: Never worked and long-term unemployed,163,90,73
E01001566,L15: Full-time students,77,99,-22
E01001566,"L4, L5 and L6: Lower managerial, administrative and professional occupations",374,382,-8
E01001566,L7: Intermediate occupations,138,143,-5
E01001566,L8 and L9: Small employers and own account workers,174,156,18
E01001567,"L1, L2 and L3: Higher managerial, administrative and professional occupations",340,244,96
E01001567,L10 and L11: Lower supervisory and technical occupations,31,39,-8
E01001567,L12: Semi-routine occupations,76,73,3
E01001567,L13: Routine occupations,40,52,-12
E01001567,L14.1 and L14.2: Never worked and long-term unemployed,56,27,29
E01001567,L15: Full-time students,66,80,-14
E01001567,"L4, L5 and L6: Lower managerial, administrative and professional occupations",301,308,-7
E01001567,L7: Intermediate occupations,152,148,4
E01001567,L8 and L9: Small employers and own account workers,176,148,28
E01001568,"L1, L2 and L3: Higher managerial, administrative and professional occupations",377,194,183
E01001568,L10 and L11: Lower supervisory and technical occupations,45,35,10
E01001568,L12: Semi-routine occupations,58,81,-23
E01001568,L13: Routine occupations,63,48,15
E01001568,L14.1 and L14.2: Never worked and long-term unemployed,121,71,50
E01001568,L15: Full-time students,84,110,-26
E01001568,"L4, L5 and L6: Lower managerial, administrative and professional occupations",358,284,74
E01001568,L7: Intermediate occupations,168,161,7
E01001568,L8 and L9: Small employers and own account workers,282,201,81
E01001569,"L1, L2 and L3: Higher managerial, administrative and professional occupations",260,260,0
E01001569,L10 and L11: Lower supervisory and technical occupations,57,45,12
E01001569,L12: Semi-routine occupations,103,91,12
E01001569,L13: Routine occupations,93,69,24
E01001569,L14.1 and L14.2: Never worked and long-term unemployed,129,67,62
E01001569,L15: Full-time students,73,107,-34
E01001569,"L4, L5 and L6: Lower managerial, administrative and professional occupations",351,394,-43
E01001569,L7: Intermediate occupations,162,151,11
E01001569,L8 and L9: Small employers and own account workers,211,160,51
E01001570,"L1, L2 and L3: Higher managerial, administrative and professional occupations",252,149,103
E01001570,L10 and L11: Lower supervisory and technical occupations,49,68,-19
E01001570,L12: Semi-routine occupations,136,140,-4
E01001570,L13: Routine occupations,122,93,29
E01001570,L14.1 and L14.2: Never worked and long-term unemployed,140,85,55
E01001570,L15: Full-time students,111,140,-29
E01001570,"L4, L5 and L6: Lower managerial, administrative and professional occupations",322,345,-23
E01001570,L7: Intermediate occupations,148,150,-2
E01001570,L8 and L9: Small employers and own account workers,194,154,40
E01001571,"L1, L2 and L3: Higher managerial, administrative and professional occupations",143,104,39
E01001571,L10 and L11: Lower supervisory and technical occupations,92,79,13
E01001571,L12: Semi-routine occupations,163,170,-7
E01001571,L13: Routine occupations,187,116,71
E01001571,L14.1 and L14.2: Never worked and long-term unemployed,115,97,18
E01001571,L15: Full-time students,139,137,2
E01001571,"L4, L5 and L6: Lower managerial, administrative and professional occupations",255,224,31
E01001571,L7: Intermediate occupations,163,167,-4
E01001571,L8 and L9: Small employers and own account workers,167,101,66
E01001572,"L1, L2 and L3: Higher managerial, administrative and professional occupations",154,87,67
E01001572,L10 and L11: Lower supervisory and technical occupations,67,78,-11
E01001572,L12: Semi-routine occupations,135,170,-35
E01001572,L13: Routine occupations,166,108,58
E01001572,L14.1 and L14.2: Never worked and long-term unemployed,103,80,23
E01001572,L15: Full-time students,106,115,-9
E01001572,"L4, L5 and L6: Lower managerial, administrative and professional occupations",282,264,18
E01001572,L7: Intermediate occupations,198,184,14
E01001572,L8 and L9: Small employers and own account workers,155,118,37
E01001573,"L1, L2 and L3: Higher managerial, administrative and professional occupations",127,54,73
E01001573,L10 and L11: Lower supervisory and technical occupations,75,80,-5
E01001573,L12: Semi-routine occupations,148,164,-16
E01001573,L13: Routine occupations,162,103,59
E01001573,L14.1 and L14.2: Never worked and long-term unemployed,180,83,97
E01001573,L15: Full-time students,111,135,-24
E01001573,"L4, L5 and L6: Lower managerial, administrative and professional occupations",200,203,-3
E01001573,L7: Intermediate occupations,150,156,-6
E01001573,L8 and L9: Small employers and own account workers,125,114,11
E01001574,"L1, L2 and L3: Higher managerial, administrative and professional occupations",111,48,63
E01001574,L10 and L11: Lower supervisory and technical occupations,65,99,-34
E01001574,L12: Semi-routine occupations,198,214,-16
E01001574,L13: Routine occupations,186,133,53
E01001574,L14.1 and L14.2: Never worked and long-term unemployed,250,183,67
E01001574,L15: Full-time students,125,111,14
E01001574,"L4, L5 and L6: Lower managerial, administrative and professional occupations",178,175,3
E01001574,L7: Intermediate occupations,158,119,39
E01001574,L8 and L9: Small employers and own account workers,137,109,28
E01001575,"L1, L2 and L3: Higher managerial, administrative and professional occupations",88,44,44
E01001575,L10 and L11: Lower supervisory and technical occupations,60,82,-22
E01001575,L12: Semi-routine occupations,206,198,8
E01001575,L13: Routine occupations,159,152,7
E01001575,L14.1 and L14.2: Never worked and long-term unemployed,199,141,58
E01001575,L15: Full-time students,182,149,33
E01001575,"L4, L5 and L6: Lower managerial, administrative and professional occupations",180,133,47
E01001575,L7: Intermediate occupations,124,121,3
E01001575,L8 and L9: Small employers and own account workers,103,77,26
E01001576,"L1, L2 and L3: Higher managerial, administrative and professional occupations",89,53,36
E01001576,L10 and L11: Lower supervisory and technical occupations,93,71,22
E01001576,L12: Semi-routine occupations,193,183,10
E01001576,L13: Routine occupations,193,135,58
E01001576,L14.1 and L14.2: Never worked and long-term unemployed,193,167,26
E01001576,L15: Full-time students,207,155,52
E01001576,"L4, L5 and L6: Lower managerial, administrative and professional occupations",215,134,81
E01001576,L7: Intermediate occupations,144,116,28
E01001576,L8 and L9: Small employers and own account workers,121,83,38
E01001577,"L1, L2 and L3: Higher managerial, administrative and professional occupations",94,57,37
E01001577,L10 and L11: Lower supervisory and technical occupations,89,85,4
E01001577,L12: Semi-routine occupations,211,249,-38
E01001577,L13: Routine occupations,196,153,43
E01001577,L14.1 and L14.2: Never worked and long-term unemployed,217,156,61
E01001577,L15: Full-time students,137,148,-11
E01001577,"L4, L5 and L6: Lower managerial, administrative and professional occupations",207,170,37
E01001577,L7: Intermediate occupations,132,110,22
E01001577,L8 and L9: Small employers and own account workers,151,74,77
E01001578,"L1, L2 and L3: Higher managerial, administrative and professional occupations",168,99,69
E01001578,L10 and L11: Lower supervisory and technical occupations,90,110,-20
E01001578,L12: Semi-routine occupations,242,221,21
E01001578,L13: Routine occupations,241,165,76
E01001578,L14.1 and L14.2: Never worked and long-term unemployed,178,162,16
E01001578,L15: Full-time students,176,159,17
E01001578,"L4, L5 and L6: Lower managerial, administrative and professional occupations",299,278,21
E01001578,L7: Intermediate occupations,171,183,-12
E01001578,L8 and L9: Small employers and own account workers,229,121,108
E01001579,"L1, L2 and L3: Higher managerial, administrative and professional occupations",90,39,51
E01001579,L10 and L11: Lower supervisory and technical occupations,81,71,10
E01001579,L12: Semi-routine occupations,186,178,8
E01001579,L13: Routine occupations,192,145,47
E01001579,L14.1 and L14.2: Never worked and long-term unemployed,172,110,62
E01001579,L15: Full-time students,146,156,-10
E01001579,"L4, L5 and L6: Lower managerial, administrative and professional occupations",183,175,8
E01001579,L7: Intermediate occupations,119,145,-26
E01001579,L8 and L9: Small employers and own account workers,132,94,38
E01001580,"L1, L2 and L3: Higher managerial, administrative and professional occupations",433,388,45
E01001580,L10 and L11: Lower supervisory and technical occupations,20,27,-7
E01001580,L12: Semi-routine occupations,64,72,-8
E01001580,L13: Routine occupations,55,32,23
E01001580,L14.1 and L14.2: Never worked and long-term unemployed,63,40,23
E01001580,L15: Full-time students,70,98,-28
E01001580,"L4, L5 and L6: Lower managerial, administrative and professional occupations",438,489,-51
E01001580,L7: Intermediate occupations,124,149,-25
E01001580,L8 and L9: Small employers and own account workers,116,84,32
E01001581,"L1, L2 and L3: Higher managerial, administrative and professional occupations",339,268,71
E01001581,L10 and L11: Lower supervisory and technical occupations,55,51,4
E01001581,L12: Semi-routine occupations,85,119,-34
E01001581,L13: Routine occupations,95,87,8
E01001581,L14.1 and L14.2: Never worked and long-term unemployed,107,56,51
E01001581,L15: Full-time students,69,116,-47
E01001581,"L4, L5 and L6: Lower managerial, administrative and professional occupations",318,391,-73
E01001581,L7: Intermediate occupations,120,139,-19
E01001581,L8 and L9: Small employers and own account workers,123,89,34
E01001582,"L1, L2 and L3: Higher managerial, administrative and professional occupations",264,213,51
E01001582,L10 and L11: Lower supervisory and technical occupations,36,40,-4
E01001582,L12: Semi-routine occupations,113,87,26
E01001582,L13: Routine occupations,81,53,28
E01001582,L14.1 and L14.2: Never worked and long-term unemployed,106,88,18
E01001582,L15: Full-time students,72,66,6
E01001582,"L4, L5 and L6: Lower managerial, administrative and professional occupations",253,287,-34
E01001582,L7: Intermediate occupations,124,113,11
E01001582,L8 and L9: Small employers and own account workers,127,81,46
E01001583,"L1, L2 and L3: Higher managerial, administrative and professional occupations",400,360,40
E01001583,L10 and L11: Lower supervisory and technical occupations,40,34,6
E01001583,L12: Semi-routine occupations,89,67,22
E01001583,L13: Routine occupations,59,34,25
E01001583,L14.1 and L14.2: Never worked and long-term unemployed,60,37,23
E01001583,L15: Full-time students,67,77,-10
E01001583,"L4, L5 and L6: Lower managerial, administrative and professional occupations",383,439,-56
E01001583,L7: Intermediate occupations,107,130,-23
E01001583,L8 and L9: Small employers and own account workers,121,84,37
E01001584,"L1, L2 and L3: Higher managerial, administrative and professional occupations",457,364,93
E01001584,L10 and L11: Lower supervisory and technical occupations,24,19,5
E01001584,L12: Semi-routine occupations,65,46,19
E01001584,L13: Routine occupations,43,25,18
E01001584,L14.1 and L14.2: Never worked and long-term unemployed,65,34,31
E01001584,L15: Full-time students,42,57,-15
E01001584,"L4, L5 and L6: Lower managerial, administrative and professional occupations",376,388,-12
E01001584,L7: Intermediate occupations,83,116,-33
E01001584,L8 and L9: Small employers and own account workers,95,71,24
E01001585,"L1, L2 and L3: Higher managerial, administrative and professional occupations",371,281,90
E01001585,L10 and L11: Lower supervisory and technical occupations,24,44,-20
E01001585,L12: Semi-routine occupations,57,67,-10
E01001585,L13: Routine occupations,62,40,22
E01001585,L14.1 and L14.2: Never worked and long-term unemployed,72,56,16
E01001585,L15: Full-time students,95,89,6
E01001585,"L4, L5 and L6: Lower managerial, administrative and professional occupations",325,379,-54
E01001585,L7: Intermediate occupations,95,99,-4
E01001585,L8 and L9: Small employers and own account workers,93,81,12
E01001586,"L1, L2 and L3: Higher managerial, administrative and professional occupations",282,204,78
E01001586,L10 and L11: Lower supervisory and technical occupations,28,40,-12
E01001586,L12: Semi-routine occupations,96,95,1
E01001586,L13: Routine occupations,87,56,31
E01001586,L14.1 and L14.2: Never worked and long-term unemployed,125,60,65
E01001586,L15: Full-time students,73,93,-20
E01001586,"L4, L5 and L6: Lower managerial, administrative and professional occupations",290,339,-49
E01001586,L7: Intermediate occupations,102,112,-10
E01001586,L8 and L9: Small employers and own account workers,92,69,23
E01001587,"L1, L2 and L3: Higher managerial, administrative and professional occupations",569,391,178
E01001587,L10 and L11: Lower supervisory and technical occupations,36,42,-6
E01001587,L12: Semi-routine occupations,97,84,13
E01001587,L13: Routine occupations,78,44,34
E01001587,L14.1 and L14.2: Never worked and long-term unemployed,87,65,22
E01001587,L15: Full-time students,82,137,-55
E01001587,"L4, L5 and L6: Lower managerial, administrative and professional occupations",488,480,8
E01001587,L7: Intermediate occupations,104,124,-20
E01001587,L8 and L9: Small employers and own account workers,135,117,18
E01001588,"L1, L2 and L3: Higher managerial, administrative and professional occupations",169,104,65
E01001588,L10 and L11: Lower supervisory and technical occupations,79,79,0
E01001588,L12: Semi-routine occupations,165,173,-8
E01001588,L13: Routine occupations,157,136,21
E01001588,L14.1 and L14.2: Never worked and long-term unemployed,196,101,95
E01001588,L15: Full-time students,127,119,8
E01001588,"L4, L5 and L6: Lower managerial, administrative and professional occupations",249,244,5
E01001588,L7: Intermediate occupations,120,132,-12
E01001588,L8 and L9: Small employers and own account workers,144,94,50
E01001589,"L1, L2 and L3: Higher managerial, administrative and professional occupations",165,98,67
E01001589,L10 and L11: Lower supervisory and technical occupations,69,72,-3
E01001589,L12: Semi-routine occupations,160,165,-5
E01001589,L13: Routine occupations,182,131,51
E01001589,L14.1 and L14.2: Never worked and long-term unemployed,152,127,25
E01001589,L15: Full-time students,121,178,-57
E01001589,"L4, L5 and L6: Lower managerial, administrative and professional occupations",288,257,31
E01001589,L7: Intermediate occupations,136,99,37
E01001589,L8 and L9: Small employers and own account workers,162,114,48
E01001590,"L1, L2 and L3: Higher managerial, administrative and professional occupations",289,214,75
E01001590,L10 and L11: Lower supervisory and technical occupations,49,52,-3
E01001590,L12: Semi-routine occupations,105,142,-37
E01001590,L13: Routine occupations,124,104,20
E01001590,L14.1 and L14.2: Never worked and long-term unemployed,100,79,21
E01001590,L15: Full-time students,94,199,-105
E01001590,"L4, L5 and L6: Lower managerial, administrative and professional occupations",340,332,8
E01001590,L7: Intermediate occupations,140,138,2
E01001590,L8 and L9: Small employers and own account workers,181,124,57
E01001591,"L1, L2 and L3: Higher managerial, administrative and professional occupations",164,114,50
E01001591,L10 and L11: Lower supervisory and technical occupations,90,92,-2
E01001591,L12: Semi-routine occupations,186,194,-8
E01001591,L13: Routine occupations,221,124,97
E01001591,L14.1 and L14.2: Never worked and long-term unemployed,260,201,59
E01001591,L15: Full-time students,174,171,3
E01001591,"L4, L5 and L6: Lower managerial, administrative and professional occupations",297,263,34
E01001591,L7: Intermediate occupations,128,153,-25
E01001591,L8 and L9: Small employers and own account workers,138,134,4
E01001592,"L1, L2 and L3: Higher managerial, administrative and professional occupations",389,227,162
E01001592,L10 and L11: Lower supervisory and technical occupations,59,65,-6
E01001592,L12: Semi-routine occupations,106,134,-28
E01001592,L13: Routine occupations,86,80,6
E01001592,L14.1 and L14.2: Never worked and long-term unemployed,71,61,10
E01001592,L15: Full-time students,87,118,-31
E01001592,"L4, L5 and L6: Lower managerial, administrative and professional occupations",418,390,28
E01001592,L7: Intermediate occupations,145,155,-10
E01001592,L8 and L9: Small employers and own account workers,175,97,78
E01001593,"L1, L2 and L3: Higher managerial, administrative and professional occupations",386,232,154
E01001593,L10 and L11: Lower supervisory and technical occupations,46,50,-4
E01001593,L12: Semi-routine occupations,93,86,7
E01001593,L13: Routine occupations,64,62,2
E01001593,L14.1 and L14.2: Never worked and long-term unemployed,86,52,34
E01001593,L15: Full-time students,62,73,-11
E01001593,"L4, L5 and L6: Lower managerial, administrative and professional occupations",401,442,-41
E01001593,L7: Intermediate occupations,130,155,-25
E01001593,L8 and L9: Small employers and own account workers,161,102,59
E01001594,"L1, L2 and L3: Higher managerial, administrative and professional occupations",261,118,143
E01001594,L10 and L11: Lower supervisory and technical occupations,67,78,-11
E01001594,L12: Semi-routine occupations,202,199,3
E01001594,L13: Routine occupations,201,156,45
E01001594,L14.1 and L14.2: Never worked and long-term unemployed,196,158,38
E01001594,L15: Full-time students,168,169,-1
E01001594,"L4, L5 and L6: Lower managerial, administrative and professional occupations",373,244,129
E01001594,L7: Intermediate occupations,201,124,77
E01001594,L8 and L9: Small employers and own account workers,222,96,126
E01001595,"L1, L2 and L3: Higher managerial, administrative and professional occupations",181,98,83
E01001595,L10 and L11: Lower supervisory and technical occupations,72,87,-15
E01001595,L12: Semi-routine occupations,199,186,13
E01001595,L13: Routine occupations,200,140,60
E01001595,L14.1 and L14.2: Never worked and long-term unemployed,191,144,47
E01001595,L15: Full-time students,157,198,-41
E01001595,"L4, L5 and L6: Lower managerial, administrative and professional occupations",287,225,62
E01001595,L7: Intermediate occupations,167,147,20
E01001595,L8 and L9: Small employers and own account workers,169,110,59
E01001596,"L1, L2 and L3: Higher managerial, administrative and professional occupations",225,140,85
E01001596,L10 and L11: Lower supervisory and technical occupations,55,64,-9
E01001596,L12: Semi-routine occupations,126,137,-11
E01001596,L13: Routine occupations,88,59,29
E01001596,L14.1 and L14.2: Never worked and long-term unemployed,105,48,57
E01001596,L15: Full-time students,86,86,0
E01001596,"L4, L5 and L6: Lower managerial, administrative and professional occupations",329,260,69
E01001596,L7: Intermediate occupations,185,194,-9
E01001596,L8 and L9: Small employers and own account workers,176,152,24
E01001597,"L1, L2 and L3: Higher managerial, administrative and professional occupations",245,139,106
E01001597,L10 and L11: Lower supervisory and technical occupations,50,67,-17
E01001597,L12: Semi-routine occupations,104,139,-35
E01001597,L13: Routine occupations,103,74,29
E01001597,L14.1 and L14.2: Never worked and long-term unemployed,105,90,15
E01001597,L15: Full-time students,81,86,-5
E01001597,"L4, L5 and L6: Lower managerial, administrative and professional occupations",271,266,5
E01001597,L7: Intermediate occupations,146,172,-26
E01001597,L8 and L9: Small employers and own account workers,175,124,51
E01001598,"L1, L2 and L3: Higher managerial, administrative and professional occupations",243,140,103
E01001598,L10 and L11: Lower supervisory and technical occupations,64,56,8
E01001598,L12: Semi-routine occupations,124,135,-11
E01001598,L13: Routine occupations,91,84,7
E01001598,L14.1 and L14.2: Never worked and long-term unemployed,91,46,45
E01001598,L15: Full-time students,62,114,-52
E01001598,"L4, L5 and L6: Lower managerial, administrative and professional occupations",315,291,24
E01001598,L7: Intermediate occupations,175,209,-34
E01001598,L8 and L9: Small employers and own account workers,162,141,21
E01001599,"L1, L2 and L3: Higher managerial, administrative and professional occupations",176,102,74
E01001599,L10 and L11: Lower supervisory and technical occupations,57,79,-22
E01001599,L12: Semi-routine occupations,157,155,2
E01001599,L13: Routine occupations,129,111,18
E01001599,L14.1 and L14.2: Never worked and long-term unemployed,108,63,45
E01001599,L15: Full-time students,105,113,-8
E01001599,"L4, L5 and L6: Lower managerial, administrative and professional occupations",241,233,8
E01001599,L7: Intermediate occupations,166,220,-54
E01001599,L8 and L9: Small employers and own account workers,179,156,23
E01001600,"L1, L2 and L3: Higher managerial, administrative and professional occupations",211,138,73
E01001600,L10 and L11: Lower supervisory and technical occupations,64,72,-8
E01001600,L12: Semi-routine occupations,108,139,-31
E01001600,L13: Routine occupations,97,72,25
E01001600,L14.1 and L14.2: Never worked and long-term unemployed,100,69,31
E01001600,L15: Full-time students,65,96,-31
E01001600,"L4, L5 and L6: Lower managerial, administrative and professional occupations",267,257,10
E01001600,L7: Intermediate occupations,161,221,-60
E01001600,L8 and L9: Small employers and own account workers,157,128,29
E01001601,"L1, L2 and L3: Higher managerial, administrative and professional occupations",232,131,101
E01001601,L10 and L11: Lower supervisory and technical occupations,62,72,-10
E01001601,L12: Semi-routine occupations,115,118,-3
E01001601,L13: Routine occupations,71,65,6
E01001601,L14.1 and L14.2: Never worked and long-term unemployed,69,56,13
E01001601,L15: Full-time students,63,103,-40
E01001601,"L4, L5 and L6: Lower managerial, administrative and professional occupations",313,243,70
E01001601,L7: Intermediate occupations,184,205,-21
E01001601,L8 and L9: Small employers and own account workers,130,123,7
E01001602,"L1, L2 and L3: Higher managerial, administrative and professional occupations",158,72,86
E01001602,L10 and L11: Lower supervisory and technical occupations,103,91,12
E01001602,L12: Semi-routine occupations,184,200,-16
E01001602,L13: Routine occupations,211,171,40
E01001602,L14.1 and L14.2: Never worked and long-term unemployed,220,121,99
E01001602,L15: Full-time students,143,103,40
E01001602,"L4, L5 and L6: Lower managerial, administrative and professional occupations",270,216,54
E01001602,L7: Intermediate occupations,175,194,-19
E01001602,L8 and L9: Small employers and own account workers,196,154,42
E01001603,"L1, L2 and L3: Higher managerial, administrative and professional occupations",115,59,56
E01001603,L10 and L11: Lower supervisory and technical occupations,84,104,-20
E01001603,L12: Semi-routine occupations,179,204,-25
E01001603,L13: Routine occupations,165,145,20
E01001603,L14.1 and L14.2: Never worked and long-term unemployed,186,95,91
E01001603,L15: Full-time students,84,73,11
E01001603,"L4, L5 and L6: Lower managerial, administrative and professional occupations",229,183,46
E01001603,L7: Intermediate occupations,147,175,-28
E01001603,L8 and L9: Small employers and own account workers,147,121,26
E01001604,"L1, L2 and L3: Higher managerial, administrative and professional occupations",269,162,107
E01001604,L10 and L11: Lower supervisory and technical occupations,54,47,7
E01001604,L12: Semi-routine occupations,90,101,-11
E01001604,L13: Routine occupations,83,60,23
E01001604,L14.1 and L14.2: Never worked and long-term unemployed,71,36,35
E01001604,L15: Full-time students,77,84,-7
E01001604,"L4, L5 and L6: Lower managerial, administrative and professional occupations",300,306,-6
E01001604,L7: Intermediate occupations,148,177,-29
E01001604,L8 and L9: Small employers and own account workers,142,102,40
E01001605,"L1, L2 and L3: Higher managerial, administrative and professional occupations",220,135,85
E01001605,L10 and L11: Lower supervisory and technical occupations,55,58,-3
E01001605,L12: Semi-routine occupations,94,131,-37
E01001605,L13: Routine occupations,77,79,-2
E01001605,L14.1 and L14.2: Never worked and long-term unemployed,69,36,33
E01001605,L15: Full-time students,60,89,-29
E01001605,"L4, L5 and L6: Lower managerial, administrative and professional occupations",314,282,32
E01001605,L7: Intermediate occupations,185,222,-37
E01001605,L8 and L9: Small employers and own account workers,147,142,5
E01001606,"L1, L2 and L3: Higher managerial, administrative and professional occupations",261,167,94
E01001606,L10 and L11: Lower supervisory and technical occupations,53,69,-16
E01001606,L12: Semi-routine occupations,96,123,-27
E01001606,L13: Routine occupations,84,71,13
E01001606,L14.1 and L14.2: Never worked and long-term unemployed,68,36,32
E01001606,L15: Full-time students,54,103,-49
E01001606,"L4, L5 and L6: Lower managerial, administrative and professional occupations",329,291,38
E01001606,L7: Intermediate occupations,194,231,-37
E01001606,L8 and L9: Small employers and own account workers,148,121,27
E01001607,"L1, L2 and L3: Higher managerial, administrative and professional occupations",230,128,102
E01001607,L10 and L11: Lower supervisory and technical occupations,58,66,-8
E01001607,L12: Semi-routine occupations,138,133,5
E01001607,L13: Routine occupations,98,73,25
E01001607,L14.1 and L14.2: Never worked and long-term unemployed,91,59,32
E01001607,L15: Full-time students,69,68,1
E01001607,"L4, L5 and L6: Lower managerial, administrative and professional occupations",302,266,36
E01001607,L7: Intermediate occupations,180,187,-7
E01001607,L8 and L9: Small employers and own account workers,131,102,29
E01001608,"L1, L2 and L3: Higher managerial, administrative and professional occupations",301,200,101
E01001608,L10 and L11: Lower supervisory and technical occupations,29,42,-13
E01001608,L12: Semi-routine occupations,75,67,8
E01001608,L13: Routine occupations,66,44,22
E01001608,L14.1 and L14.2: Never worked and long-term unemployed,54,33,21
E01001608,L15: Full-time students,73,99,-26
E01001608,"L4, L5 and L6: Lower managerial, administrative and professional occupations",295,306,-11
E01001608,L7: Intermediate occupations,133,161,-28
E01001608,L8 and L9: Small employers and own account workers,139,91,48
E01001609,"L1, L2 and L3: Higher managerial, administrative and professional occupations",227,164,63
E01001609,L10 and L11: Lower supervisory and technical occupations,58,48,10
E01001609,L12: Semi-routine occupations,125,126,-1
E01001609,L13: Routine occupations,103,80,23
E01001609,L14.1 and L14.2: Never worked and long-term unemployed,94,73,21
E01001609,L15: Full-time students,72,84,-12
E01001609,"L4, L5 and L6: Lower managerial, administrative and professional occupations",336,299,37
E01001609,L7: Intermediate occupations,179,148,31
E01001609,L8 and L9: Small employers and own account workers,199,130,69
E01001610,"L1, L2 and L3: Higher managerial, administrative and professional occupations",282,142,140
E01001610,L10 and L11: Lower supervisory and technical occupations,56,74,-18
E01001610,L12: Semi-routine occupations,123,138,-15
E01001610,L13: Routine occupations,110,94,16
E01001610,L14.1 and L14.2: Never worked and long-term unemployed,96,59,37
E01001610,L15: Full-time students,75,94,-19
E01001610,"L4, L5 and L6: Lower managerial, administrative and professional occupations",328,302,26
E01001610,L7: Intermediate occupations,181,221,-40
E01001610,L8 and L9: Small employers and own account workers,123,124,-1
E01001611,"L1, L2 and L3: Higher managerial, administrative and professional occupations",181,101,80
E01001611,L10 and L11: Lower supervisory and technical occupations,77,70,7
E01001611,L12: Semi-routine occupations,145,161,-16
E01001611,L13: Routine occupations,133,106,27
E01001611,L14.1 and L14.2: Never worked and long-term unemployed,131,63,68
E01001611,L15: Full-time students,86,78,8
E01001611,"L4, L5 and L6: Lower managerial, administrative and professional occupations",294,300,-6
E01001611,L7: Intermediate occupations,180,195,-15
E01001611,L8 and L9: Small employers and own account workers,172,114,58
E01001613,"L1, L2 and L3: Higher managerial, administrative and professional occupations",205,131,74
E01001613,L10 and L11: Lower supervisory and technical occupations,73,74,-1
E01001613,L12: Semi-routine occupations,150,160,-10
E01001613,L13: Routine occupations,146,103,43
E01001613,L14.1 and L14.2: Never worked and long-term unemployed,118,57,61
E01001613,L15: Full-time students,88,94,-6
E01001613,"L4, L5 and L6: Lower managerial, administrative and professional occupations",319,252,67
E01001613,L7: Intermediate occupations,168,190,-22
E01001613,L8 and L9: Small employers and own account workers,141,104,37
E01001614,"L1, L2 and L3: Higher managerial, administrative and professional occupations",232,125,107
E01001614,L10 and L11: Lower supervisory and technical occupations,31,51,-20
E01001614,L12: Semi-routine occupations,77,95,-18
E01001614,L13: Routine occupations,65,57,8
E01001614,L14.1 and L14.2: Never worked and long-term unemployed,90,34,56
E01001614,L15: Full-time students,57,106,-49
E01001614,"L4, L5 and L6: Lower managerial, administrative and professional occupations",311,250,61
E01001614,L7: Intermediate occupations,178,197,-19
E01001614,L8 and L9: Small employers and own account workers,178,150,28
E01001615,"L1, L2 and L3: Higher managerial, administrative and professional occupations",299,152,147
E01001615,L10 and L11: Lower supervisory and technical occupations,78,77,1
E01001615,L12: Semi-routine occupations,149,127,22
E01001615,L13: Routine occupations,140,89,51
E01001615,L14.1 and L14.2: Never worked and long-term unemployed,117,56,61
E01001615,L15: Full-time students,108,94,14
E01001615,"L4, L5 and L6: Lower managerial, administrative and professional occupations",377,283,94
E01001615,L7: Intermediate occupations,187,151,36
E01001615,L8 and L9: Small employers and own account workers,177,118,59
E01001617,"L1, L2 and L3: Higher managerial, administrative and professional occupations",229,122,107
E01001617,L10 and L11: Lower supervisory and technical occupations,59,70,-11
E01001617,L12: Semi-routine occupations,113,132,-19
E01001617,L13: Routine occupations,106,91,15
E01001617,L14.1 and L14.2: Never worked and long-term unemployed,112,47,65
E01001617,L15: Full-time students,50,79,-29
E01001617,"L4, L5 and L6: Lower managerial, administrative and professional occupations",315,292,23
E01001617,L7: Intermediate occupations,205,194,11
E01001617,L8 and L9: Small employers and own account workers,157,137,20
E01001618,"L1, L2 and L3: Higher managerial, administrative and professional occupations",254,99,155
E01001618,L10 and L11: Lower supervisory and technical occupations,75,70,5
E01001618,L12: Semi-routine occupations,149,157,-8
E01001618,L13: Routine occupations,142,95,47
E01001618,L14.1 and L14.2: Never worked and long-term unemployed,130,84,46
E01001618,L15: Full-time students,103,85,18
E01001618,"L4, L5 and L6: Lower managerial, administrative and professional occupations",286,227,59
E01001618,L7: Intermediate occupations,190,175,15
E01001618,L8 and L9: Small employers and own account workers,169,124,45
E01001619,"L1, L2 and L3: Higher managerial, administrative and professional occupations",284,160,124
E01001619,L10 and L11: Lower supervisory and technical occupations,83,83,0
E01001619,L12: Semi-routine occupations,117,141,-24
E01001619,L13: Routine occupations,114,92,22
E01001619,L14.1 and L14.2: Never worked and long-term unemployed,65,80,-15
E01001619,L15: Full-time students,101,78,23
E01001619,"L4, L5 and L6: Lower managerial, administrative and professional occupations",381,346,35
E01001619,L7: Intermediate occupations,225,268,-43
E01001619,L8 and L9: Small employers and own account workers,220,155,65
E01001620,"L1, L2 and L3: Higher managerial, administrative and professional occupations",97,58,39
E01001620,L10 and L11: Lower supervisory and technical occupations,79,91,-12
E01001620,L12: Semi-routine occupations,168,183,-15
E01001620,L13: Routine occupations,160,139,21
E01001620,L14.1 and L14.2: Never worked and long-term unemployed,148,134,14
E01001620,L15: Full-time students,114,115,-1
E01001620,"L4, L5 and L6: Lower managerial, administrative and professional occupations",183,145,38
E01001620,L7: Intermediate occupations,127,144,-17
E01001620,L8 and L9: Small employers and own account workers,167,126,41
E01001621,"L1, L2 and L3: Higher managerial, administrative and professional occupations",170,100,70
E01001621,L10 and L11: Lower supervisory and technical occupations,72,68,4
E01001621,L12: Semi-routine occupations,159,162,-3
E01001621,L13: Routine occupations,148,116,32
E01001621,L14.1 and L14.2: Never worked and long-term unemployed,164,95,69
E01001621,L15: Full-time students,76,108,-32
E01001621,"L4, L5 and L6: Lower managerial, administrative and professional occupations",241,213,28
E01001621,L7: Intermediate occupations,155,160,-5
E01001621,L8 and L9: Small employers and own account workers,167,104,63
E01001623,"L1, L2 and L3: Higher managerial, administrative and professional occupations",200,132,68
E01001623,L10 and L11: Lower supervisory and technical occupations,61,74,-13
E01001623,L12: Semi-routine occupations,134,182,-48
E01001623,L13: Routine occupations,170,135,35
E01001623,L14.1 and L14.2: Never worked and long-term unemployed,155,120,35
E01001623,L15: Full-time students,130,95,35
E01001623,"L4, L5 and L6: Lower managerial, administrative and professional occupations",237,216,21
E01001623,L7: Intermediate occupations,151,188,-37
E01001623,L8 and L9: Small employers and own account workers,160,124,36
E01001624,"L1, L2 and L3: Higher managerial, administrative and professional occupations",167,94,73
E01001624,L10 and L11: Lower supervisory and technical occupations,66,61,5
E01001624,L12: Semi-routine occupations,148,171,-23
E01001624,L13: Routine occupations,137,130,7
E01001624,L14.1 and L14.2: Never worked and long-term unemployed,129,78,51
E01001624,L15: Full-time students,76,84,-8
E01001624,"L4, L5 and L6: Lower managerial, administrative and professional occupations",260,236,24
E01001624,L7: Intermediate occupations,172,174,-2
E01001624,L8 and L9: Small employers and own account workers,155,128,27
E01001625,"L1, L2 and L3: Higher managerial, administrative and professional occupations",112,45,67
E01001625,L10 and L11: Lower supervisory and technical occupations,70,87,-17
E01001625,L12: Semi-routine occupations,180,208,-28
E01001625,L13: Routine occupations,206,171,35
E01001625,L14.1 and L14.2: Never worked and long-term unemployed,174,122,52
E01001625,L15: Full-time students,116,103,13
E01001625,"L4, L5 and L6: Lower managerial, administrative and professional occupations",196,147,49
E01001625,L7: Intermediate occupations,150,152,-2
E01001625,L8 and L9: Small employers and own account workers,154,118,36
E01001629,"L1, L2 and L3: Higher managerial, administrative and professional occupations",153,80,73
E01001629,L10 and L11: Lower supervisory and technical occupations,88,126,-38
E01001629,L12: Semi-routine occupations,257,259,-2
E01001629,L13: Routine occupations,208,196,12
E01001629,L14.1 and L14.2: Never worked and long-term unemployed,207,204,3
E01001629,L15: Full-time students,173,211,-38
E01001629,"L4, L5 and L6: Lower managerial, administrative and professional occupations",241,216,25
E01001629,L7: Intermediate occupations,170,164,6
E01001629,L8 and L9: Small employers and own account workers,146,129,17
E01001631,"L1, L2 and L3: Higher managerial, administrative and professional occupations",99,52,47
E01001631,L10 and L11: Lower supervisory and technical occupations,64,81,-17
E01001631,L12: Semi-routine occupations,260,227,33
E01001631,L13: Routine occupations,226,179,47
E01001631,L14.1 and L14.2: Never worked and long-term unemployed,243,208,35
E01001631,L15: Full-time students,169,213,-44
E01001631,"L4, L5 and L6: Lower managerial, administrative and professional occupations",212,216,-4
E01001631,L7: Intermediate occupations,155,145,10
E01001631,L8 and L9: Small employers and own account workers,134,132,2
E01001632,"L1, L2 and L3: Higher managerial, administrative and professional occupations",123,97,26
E01001632,L10 and L11: Lower supervisory and technical occupations,77,114,-37
E01001632,L12: Semi-routine occupations,250,279,-29
E01001632,L13: Routine occupations,226,243,-17
E01001632,L14.1 and L14.2: Never worked and long-term unemployed,297,217,80
E01001632,L15: Full-time students,144,321,-177
E01001632,"L4, L5 and L6: Lower managerial, administrative and professional occupations",229,220,9
E01001632,L7: Intermediate occupations,145,186,-41
E01001632,L8 and L9: Small employers and own account workers,176,123,53
E01001633,"L1, L2 and L3: Higher managerial, administrative and professional occupations",116,57,59
E01001633,L10 and L11: Lower supervisory and technical occupations,82,83,-1
E01001633,L12: Semi-routine occupations,247,197,50
E01001633,L13: Routine occupations,293,139,154
E01001633,L14.1 and L14.2: Never worked and long-term unemployed,223,156,67
E01001633,L15: Full-time students,138,162,-24
E01001633,"L4, L5 and L6: Lower managerial, administrative and professional occupations",224,164,60
E01001633,L7: Intermediate occupations,120,117,3
E01001633,L8 and L9: Small employers and own account workers,136,85,51
E01001634,"L1, L2 and L3: Higher managerial, administrative and professional occupations",63,42,21
E01001634,L10 and L11: Lower supervisory and technical occupations,59,69,-10
E01001634,L12: Semi-routine occupations,196,210,-14
E01001634,L13: Routine occupations,204,158,46
E01001634,L14.1 and L14.2: Never worked and long-term unemployed,234,172,62
E01001634,L15: Full-time students,132,120,12
E01001634,"L4, L5 and L6: Lower managerial, administrative and professional occupations",191,141,50
E01001634,L7: Intermediate occupations,141,153,-12
E01001634,L8 and L9: Small employers and own account workers,113,92,21
E01001635,"L1, L2 and L3: Higher managerial, administrative and professional occupations",172,95,77
E01001635,L10 and L11: Lower supervisory and technical occupations,57,81,-24
E01001635,L12: Semi-routine occupations,127,155,-28
E01001635,L13: Routine occupations,166,105,61
E01001635,L14.1 and L14.2: Never worked and long-term unemployed,142,195,-53
E01001635,L15: Full-time students,112,160,-48
E01001635,"L4, L5 and L6: Lower managerial, administrative and professional occupations",274,246,28
E01001635,L7: Intermediate occupations,135,130,5
E01001635,L8 and L9: Small employers and own account workers,145,112,33
E01001636,"L1, L2 and L3: Higher managerial, administrative and professional occupations",104,77,27
E01001636,L10 and L11: Lower supervisory and technical occupations,83,65,18
E01001636,L12: Semi-routine occupations,182,188,-6
E01001636,L13: Routine occupations,156,140,16
E01001636,L14.1 and L14.2: Never worked and long-term unemployed,183,234,-51
E01001636,L15: Full-time students,128,172,-44
E01001636,"L4, L5 and L6: Lower managerial, administrative and professional occupations",249,206,43
E01001636,L7: Intermediate occupations,110,118,-8
E01001636,L8 and L9: Small employers and own account workers,163,120,43
E01001637,"L1, L2 and L3: Higher managerial, administrative and professional occupations",123,99,24
E01001637,L10 and L11: Lower supervisory and technical occupations,65,76,-11
E01001637,L12: Semi-routine occupations,198,180,18
E01001637,L13: Routine occupations,168,128,40
E01001637,L14.1 and L14.2: Never worked and long-term unemployed,174,144,30
E01001637,L15: Full-time students,122,213,-91
E01001637,"L4, L5 and L6: Lower managerial, administrative and professional occupations",254,200,54
E01001637,L7: Intermediate occupations,142,166,-24
E01001637,L8 and L9: Small employers and own account workers,167,106,61
E01001638,"L1, L2 and L3: Higher managerial, administrative and professional occupations",112,149,-37
E01001638,L10 and L11: Lower supervisory and technical occupations,67,81,-14
E01001638,L12: Semi-routine occupations,156,227,-71
E01001638,L13: Routine occupations,186,129,57
E01001638,L14.1 and L14.2: Never worked and long-term unemployed,223,141,82
E01001638,L15: Full-time students,154,174,-20
E01001638,"L4, L5 and L6: Lower managerial, administrative and professional occupations",222,254,-32
E01001638,L7: Intermediate occupations,165,142,23
E01001638,L8 and L9: Small employers and own account workers,117,91,26
E01001641,"L1, L2 and L3: Higher managerial, administrative and professional occupations",490,306,184
E01001641,L10 and L11: Lower supervisory and technical occupations,38,43,-5
E01001641,L12: Semi-routine occupations,74,89,-15
E01001641,L13: Routine occupations,83,53,30
E01001641,L14.1 and L14.2: Never worked and long-term unemployed,78,70,8
E01001641,L15: Full-time students,203,203,0
E01001641,"L4, L5 and L6: Lower managerial, administrative and professional occupations",369,405,-36
E01001641,L7: Intermediate occupations,95,107,-12
E01001641,L8 and L9: Small employers and own account workers,144,92,52
E01001642,"L1, L2 and L3: Higher managerial, administrative and professional occupations",583,416,167
E01001642,L10 and L11: Lower supervisory and technical occupations,27,22,5
E01001642,L12: Semi-routine occupations,73,56,17
E01001642,L13: Routine occupations,39,42,-3
E01001642,L14.1 and L14.2: Never worked and long-term unemployed,64,44,20
E01001642,L15: Full-time students,92,72,20
E01001642,"L4, L5 and L6: Lower managerial, administrative and professional occupations",361,479,-118
E01001642,L7: Intermediate occupations,97,105,-8
E01001642,L8 and L9: Small employers and own account workers,119,100,19
E01001644,"L1, L2 and L3: Higher managerial, administrative and professional occupations",650,444,206
E01001644,L10 and L11: Lower supervisory and technical occupations,69,64,5
E01001644,L12: Semi-routine occupations,110,131,-21
E01001644,L13: Routine occupations,113,63,50
E01001644,L14.1 and L14.2: Never worked and long-term unemployed,122,96,26
E01001644,L15: Full-time students,242,191,51
E01001644,"L4, L5 and L6: Lower managerial, administrative and professional occupations",592,545,47
E01001644,L7: Intermediate occupations,158,151,7
E01001644,L8 and L9: Small employers and own account workers,169,127,42
E01001645,"L1, L2 and L3: Higher managerial, administrative and professional occupations",180,87,93
E01001645,L10 and L11: Lower supervisory and technical occupations,90,57,33
E01001645,L12: Semi-routine occupations,162,144,18
E01001645,L13: Routine occupations,174,94,80
E01001645,L14.1 and L14.2: Never worked and long-term unemployed,147,76,71
E01001645,L15: Full-time students,125,94,31
E01001645,"L4, L5 and L6: Lower managerial, administrative and professional occupations",279,177,102
E01001645,L7: Intermediate occupations,150,136,14
E01001645,L8 and L9: Small employers and own account workers,169,125,44
E01001646,"L1, L2 and L3: Higher managerial, administrative and professional occupations",319,276,43
E01001646,L10 and L11: Lower supervisory and technical occupations,104,118,-14
E01001646,L12: Semi-routine occupations,213,219,-6
E01001646,L13: Routine occupations,206,149,57
E01001646,L14.1 and L14.2: Never worked and long-term unemployed,238,159,79
E01001646,L15: Full-time students,237,327,-90
E01001646,"L4, L5 and L6: Lower managerial, administrative and professional occupations",446,474,-28
E01001646,L7: Intermediate occupations,226,238,-12
E01001646,L8 and L9: Small employers and own account workers,214,171,43
E01001647,"L1, L2 and L3: Higher managerial, administrative and professional occupations",230,142,88
E01001647,L10 and L11: Lower supervisory and technical occupations,49,52,-3
E01001647,L12: Semi-routine occupations,100,114,-14
E01001647,L13: Routine occupations,97,81,16
E01001647,L14.1 and L14.2: Never worked and long-term unemployed,138,83,55
E01001647,L15: Full-time students,83,112,-29
E01001647,"L4, L5 and L6: Lower managerial, administrative and professional occupations",252,227,25
E01001647,L7: Intermediate occupations,149,120,29
E01001647,L8 and L9: Small employers and own account workers,132,148,-16
E01001648,"L1, L2 and L3: Higher managerial, administrative and professional occupations",302,229,73
E01001648,L10 and L11: Lower supervisory and technical occupations,53,89,-36
E01001648,L12: Semi-routine occupations,101,143,-42
E01001648,L13: Routine occupations,107,128,-21
E01001648,L14.1 and L14.2: Never worked and long-term unemployed,100,111,-11
E01001648,L15: Full-time students,98,130,-32
E01001648,"L4, L5 and L6: Lower managerial, administrative and professional occupations",344,364,-20
E01001648,L7: Intermediate occupations,124,196,-72
E01001648,L8 and L9: Small employers and own account workers,158,171,-13
E01001649,"L1, L2 and L3: Higher managerial, administrative and professional occupations",151,66,85
E01001649,L10 and L11: Lower supervisory and technical occupations,53,85,-32
E01001649,L12: Semi-routine occupations,132,188,-56
E01001649,L13: Routine occupations,139,157,-18
E01001649,L14.1 and L14.2: Never worked and long-term unemployed,135,96,39
E01001649,L15: Full-time students,121,96,25
E01001649,"L4, L5 and L6: Lower managerial, administrative and professional occupations",234,186,48
E01001649,L7: Intermediate occupations,126,153,-27
E01001649,L8 and L9: Small employers and own account workers,150,118,32
E01001650,"L1, L2 and L3: Higher managerial, administrative and professional occupations",145,81,64
E01001650,L10 and L11: Lower supervisory and technical occupations,91,98,-7
E01001650,L12: Semi-routine occupations,176,215,-39
E01001650,L13: Routine occupations,159,160,-1
E01001650,L14.1 and L14.2: Never worked and long-term unemployed,171,104,67
E01001650,L15: Full-time students,126,143,-17
E01001650,"L4, L5 and L6: Lower managerial, administrative and professional occupations",235,195,40
E01001650,L7: Intermediate occupations,164,152,12
E01001650,L8 and L9: Small employers and own account workers,152,127,25
E01001651,"L1, L2 and L3: Higher managerial, administrative and professional occupations",139,84,55
E01001651,L10 and L11: Lower supervisory and technical occupations,72,83,-11
E01001651,L12: Semi-routine occupations,216,225,-9
E01001651,L13: Routine occupations,175,140,35
E01001651,L14.1 and L14.2: Never worked and long-term unemployed,193,128,65
E01001651,L15: Full-time students,109,134,-25
E01001651,"L4, L5 and L6: Lower managerial, administrative and professional occupations",233,199,34
E01001651,L7: Intermediate occupations,150,124,26
E01001651,L8 and L9: Small employers and own account workers,137,108,29
E01001652,"L1, L2 and L3: Higher managerial, administrative and professional occupations",281,180,101
E01001652,L10 and L11: Lower supervisory and technical occupations,55,51,4
E01001652,L12: Semi-routine occupations,89,91,-2
E01001652,L13: Routine occupations,106,63,43
E01001652,L14.1 and L14.2: Never worked and long-term unemployed,165,67,98
E01001652,L15: Full-time students,88,113,-25
E01001652,"L4, L5 and L6: Lower managerial, administrative and professional occupations",340,315,25
E01001652,L7: Intermediate occupations,149,140,9
E01001652,L8 and L9: Small employers and own account workers,161,136,25
E01001653,"L1, L2 and L3: Higher managerial, administrative and professional occupations",85,49,36
E01001653,L10 and L11: Lower supervisory and technical occupations,82,75,7
E01001653,L12: Semi-routine occupations,172,209,-37
E01001653,L13: Routine occupations,162,151,11
E01001653,L14.1 and L14.2: Never worked and long-term unemployed,149,123,26
E01001653,L15: Full-time students,84,94,-10
E01001653,"L4, L5 and L6: Lower managerial, administrative and professional occupations",180,143,37
E01001653,L7: Intermediate occupations,120,142,-22
E01001653,L8 and L9: Small employers and own account workers,147,106,41
E01001654,"L1, L2 and L3: Higher managerial, administrative and professional occupations",113,65,48
E01001654,L10 and L11: Lower supervisory and technical occupations,59,83,-24
E01001654,L12: Semi-routine occupations,158,177,-19
E01001654,L13: Routine occupations,146,142,4
E01001654,L14.1 and L14.2: Never worked and long-term unemployed,160,98,62
E01001654,L15: Full-time students,107,87,20
E01001654,"L4, L5 and L6: Lower managerial, administrative and professional occupations",196,163,33
E01001654,L7: Intermediate occupations,138,140,-2
E01001654,L8 and L9: Small employers and own account workers,138,97,41
E01001655,"L1, L2 and L3: Higher managerial, administrative and professional occupations",90,44,46
E01001655,L10 and L11: Lower supervisory and technical occupations,71,91,-20
E01001655,L12: Semi-routine occupations,170,194,-24
E01001655,L13: Routine occupations,150,141,9
E01001655,L14.1 and L14.2: Never worked and long-term unemployed,171,110,61
E01001655,L15: Full-time students,88,83,5
E01001655,"L4, L5 and L6: Lower managerial, administrative and professional occupations",163,145,18
E01001655,L7: Intermediate occupations,135,154,-19
E01001655,L8 and L9: Small employers and own account workers,139,107,32
E01001656,"L1, L2 and L3: Higher managerial, administrative and professional occupations",277,182,95
E01001656,L10 and L11: Lower supervisory and technical occupations,26,26,0
E01001656,L12: Semi-routine occupations,77,89,-12
E01001656,L13: Routine occupations,59,48,11
E01001656,L14.1 and L14.2: Never worked and long-term unemployed,81,65,16
E01001656,L15: Full-time students,72,66,6
E01001656,"L4, L5 and L6: Lower managerial, administrative and professional occupations",261,235,26
E01001656,L7: Intermediate occupations,90,109,-19
E01001656,L8 and L9: Small employers and own account workers,99,77,22
E01001657,"L1, L2 and L3: Higher managerial, administrative and professional occupations",384,269,115
E01001657,L10 and L11: Lower supervisory and technical occupations,29,39,-10
E01001657,L12: Semi-routine occupations,72,71,1
E01001657,L13: Routine occupations,59,44,15
E01001657,L14.1 and L14.2: Never worked and long-term unemployed,75,60,15
E01001657,L15: Full-time students,73,83,-10
E01001657,"L4, L5 and L6: Lower managerial, administrative and professional occupations",357,342,15
E01001657,L7: Intermediate occupations,100,125,-25
E01001657,L8 and L9: Small employers and own account workers,130,87,43
E01001658,"L1, L2 and L3: Higher managerial, administrative and professional occupations",232,149,83
E01001658,L10 and L11: Lower supervisory and technical occupations,60,53,7
E01001658,L12: Semi-routine occupations,107,118,-11
E01001658,L13: Routine occupations,121,77,44
E01001658,L14.1 and L14.2: Never worked and long-term unemployed,112,69,43
E01001658,L15: Full-time students,81,75,6
E01001658,"L4, L5 and L6: Lower managerial, administrative and professional occupations",316,309,7
E01001658,L7: Intermediate occupations,141,170,-29
E01001658,L8 and L9: Small employers and own account workers,140,93,47
E01001659,"L1, L2 and L3: Higher managerial, administrative and professional occupations",238,135,103
E01001659,L10 and L11: Lower supervisory and technical occupations,42,50,-8
E01001659,L12: Semi-routine occupations,113,121,-8
E01001659,L13: Routine occupations,118,66,52
E01001659,L14.1 and L14.2: Never worked and long-term unemployed,122,75,47
E01001659,L15: Full-time students,69,129,-60
E01001659,"L4, L5 and L6: Lower managerial, administrative and professional occupations",274,225,49
E01001659,L7: Intermediate occupations,128,151,-23
E01001659,L8 and L9: Small employers and own account workers,159,130,29
E01001660,"L1, L2 and L3: Higher managerial, administrative and professional occupations",145,69,76
E01001660,L10 and L11: Lower supervisory and technical occupations,61,71,-10
E01001660,L12: Semi-routine occupations,156,174,-18
E01001660,L13: Routine occupations,135,139,-4
E01001660,L14.1 and L14.2: Never worked and long-term unemployed,142,106,36
E01001660,L15: Full-time students,114,124,-10
E01001660,"L4, L5 and L6: Lower managerial, administrative and professional occupations",197,171,26
E01001660,L7: Intermediate occupations,144,165,-21
E01001660,L8 and L9: Small employers and own account workers,132,114,18
E01001661,"L1, L2 and L3: Higher managerial, administrative and professional occupations",117,80,37
E01001661,L10 and L11: Lower supervisory and technical occupations,70,73,-3
E01001661,L12: Semi-routine occupations,159,174,-15
E01001661,L13: Routine occupations,144,126,18
E01001661,L14.1 and L14.2: Never worked and long-term unemployed,136,82,54
E01001661,L15: Full-time students,100,102,-2
E01001661,"L4, L5 and L6: Lower managerial, administrative and professional occupations",213,177,36
E01001661,L7: Intermediate occupations,136,153,-17
E01001661,L8 and L9: Small employers and own account workers,168,121,47
E01001664,"L1, L2 and L3: Higher managerial, administrative and professional occupations",521,325,196
E01001664,L10 and L11: Lower supervisory and technical occupations,45,56,-11
E01001664,L12: Semi-routine occupations,118,108,10
E01001664,L13: Routine occupations,87,89,-2
E01001664,L14.1 and L14.2: Never worked and long-term unemployed,103,74,29
E01001664,L15: Full-time students,173,142,31
E01001664,"L4, L5 and L6: Lower managerial, administrative and professional occupations",425,469,-44
E01001664,L7: Intermediate occupations,134,137,-3
E01001664,L8 and L9: Small employers and own account workers,178,98,80
E01001665,"L1, L2 and L3: Higher managerial, administrative and professional occupations",411,293,118
E01001665,L10 and L11: Lower supervisory and technical occupations,48,70,-22
E01001665,L12: Semi-routine occupations,105,91,14
E01001665,L13: Routine occupations,83,84,-1
E01001665,L14.1 and L14.2: Never worked and long-term unemployed,123,94,29
E01001665,L15: Full-time students,130,200,-70
E01001665,"L4, L5 and L6: Lower managerial, administrative and professional occupations",419,432,-13
E01001665,L7: Intermediate occupations,124,145,-21
E01001665,L8 and L9: Small employers and own account workers,140,102,38
E01001666,"L1, L2 and L3: Higher managerial, administrative and professional occupations",253,149,104
E01001666,L10 and L11: Lower supervisory and technical occupations,70,82,-12
E01001666,L12: Semi-routine occupations,156,150,6
E01001666,L13: Routine occupations,130,129,1
E01001666,L14.1 and L14.2: Never worked and long-term unemployed,187,86,101
E01001666,L15: Full-time students,169,213,-44
E01001666,"L4, L5 and L6: Lower managerial, administrative and professional occupations",315,284,31
E01001666,L7: Intermediate occupations,138,144,-6
E01001666,L8 and L9: Small employers and own account workers,164,89,75
E01001669,"L1, L2 and L3: Higher managerial, administrative and professional occupations",180,70,110
E01001669,L10 and L11: Lower supervisory and technical occupations,95,94,1
E01001669,L12: Semi-routine occupations,293,193,100
E01001669,L13: Routine occupations,228,150,78
E01001669,L14.1 and L14.2: Never worked and long-term unemployed,226,122,104
E01001669,L15: Full-time students,165,186,-21
E01001669,"L4, L5 and L6: Lower managerial, administrative and professional occupations",314,223,91
E01001669,L7: Intermediate occupations,189,185,4
E01001669,L8 and L9: Small employers and own account workers,188,126,62
E01001671,"L1, L2 and L3: Higher managerial, administrative and professional occupations",152,87,65
E01001671,L10 and L11: Lower supervisory and technical occupations,75,74,1
E01001671,L12: Semi-routine occupations,147,161,-14
E01001671,L13: Routine occupations,130,109,21
E01001671,L14.1 and L14.2: Never worked and long-term unemployed,139,92,47
E01001671,L15: Full-time students,89,99,-10
E01001671,"L4, L5 and L6: Lower managerial, administrative and professional occupations",270,237,33
E01001671,L7: Intermediate occupations,149,171,-22
E01001671,L8 and L9: Small employers and own account workers,116,106,10
E01001672,"L1, L2 and L3: Higher managerial, administrative and professional occupations",104,87,17
E01001672,L10 and L11: Lower supervisory and technical occupations,101,87,14
E01001672,L12: Semi-routine occupations,220,244,-24
E01001672,L13: Routine occupations,224,191,33
E01001672,L14.1 and L14.2: Never worked and long-term unemployed,245,181,64
E01001672,L15: Full-time students,143,278,-135
E01001672,"L4, L5 and L6: Lower managerial, administrative and professional occupations",211,193,18
E01001672,L7: Intermediate occupations,131,118,13
E01001672,L8 and L9: Small employers and own account workers,156,115,41
E01001673,"L1, L2 and L3: Higher managerial, administrative and professional occupations",81,51,30
E01001673,L10 and L11: Lower supervisory and technical occupations,83,80,3
E01001673,L12: Semi-routine occupations,279,249,30
E01001673,L13: Routine occupations,226,186,40
E01001673,L14.1 and L14.2: Never worked and long-term unemployed,402,242,160
E01001673,L15: Full-time students,247,238,9
E01001673,"L4, L5 and L6: Lower managerial, administrative and professional occupations",206,142,64
E01001673,L7: Intermediate occupations,140,147,-7
E01001673,L8 and L9: Small employers and own account workers,189,95,94
E01001674,"L1, L2 and L3: Higher managerial, administrative and professional occupations",126,82,44
E01001674,L10 and L11: Lower supervisory and technical occupations,93,89,4
E01001674,L12: Semi-routine occupations,237,188,49
E01001674,L13: Routine occupations,248,146,102
E01001674,L14.1 and L14.2: Never worked and long-term unemployed,244,155,89
E01001674,L15: Full-time students,162,224,-62
E01001674,"L4, L5 and L6: Lower managerial, administrative and professional occupations",268,210,58
E01001674,L7: Intermediate occupations,155,156,-1
E01001674,L8 and L9: Small employers and own account workers,186,138,48
E01001675,"L1, L2 and L3: Higher managerial, administrative and professional occupations",122,63,59
E01001675,L10 and L11: Lower supervisory and technical occupations,145,93,52
E01001675,L12: Semi-routine occupations,317,241,76
E01001675,L13: Routine occupations,308,172,136
E01001675,L14.1 and L14.2: Never worked and long-term unemployed,279,192,87
E01001675,L15: Full-time students,206,309,-103
E01001675,"L4, L5 and L6: Lower managerial, administrative and professional occupations",216,197,19
E01001675,L7: Intermediate occupations,162,132,30
E01001675,L8 and L9: Small employers and own account workers,165,125,40
E01001676,"L1, L2 and L3: Higher managerial, administrative and professional occupations",97,64,33
E01001676,L10 and L11: Lower supervisory and technical occupations,78,76,2
E01001676,L12: Semi-routine occupations,217,218,-1
E01001676,L13: Routine occupations,173,131,42
E01001676,L14.1 and L14.2: Never worked and long-term unemployed,184,161,23
E01001676,L15: Full-time students,144,182,-38
E01001676,"L4, L5 and L6: Lower managerial, administrative and professional occupations",210,160,50
E01001676,L7: Intermediate occupations,137,129,8
E01001676,L8 and L9: Small employers and own account workers,145,111,34
E01001677,"L1, L2 and L3: Higher managerial, administrative and professional occupations",119,74,45
E01001677,L10 and L11: Lower supervisory and technical occupations,81,111,-30
E01001677,L12: Semi-routine occupations,216,254,-38
E01001677,L13: Routine occupations,199,143,56
E01001677,L14.1 and L14.2: Never worked and long-term unemployed,289,127,162
E01001677,L15: Full-time students,237,227,10
E01001677,"L4, L5 and L6: Lower managerial, administrative and professional occupations",235,251,-16
E01001677,L7: Intermediate occupations,152,143,9
E01001677,L8 and L9: Small employers and own account workers,152,102,50
E01001678,"L1, L2 and L3: Higher managerial, administrative and professional occupations",145,103,42
E01001678,L10 and L11: Lower supervisory and technical occupations,74,85,-11
E01001678,L12: Semi-routine occupations,154,174,-20
E01001678,L13: Routine occupations,145,104,41
E01001678,L14.1 and L14.2: Never worked and long-term unemployed,127,78,49
E01001678,L15: Full-time students,112,129,-17
E01001678,"L4, L5 and L6: Lower managerial, administrative and professional occupations",289,234,55
E01001678,L7: Intermediate occupations,174,200,-26
E01001678,L8 and L9: Small employers and own account workers,160,106,54
E01001679,"L1, L2 and L3: Higher managerial, administrative and professional occupations",168,119,49
E01001679,L10 and L11: Lower supervisory and technical occupations,49,62,-13
E01001679,L12: Semi-routine occupations,77,111,-34
E01001679,L13: Routine occupations,94,64,30
E01001679,L14.1 and L14.2: Never worked and long-term unemployed,80,45,35
E01001679,L15: Full-time students,60,80,-20
E01001679,"L4, L5 and L6: Lower managerial, administrative and professional occupations",283,281,2
E01001679,L7: Intermediate occupations,131,142,-11
E01001679,L8 and L9: Small employers and own account workers,131,92,39
E01001680,"L1, L2 and L3: Higher managerial, administrative and professional occupations",235,163,72
E01001680,L10 and L11: Lower supervisory and technical occupations,41,60,-19
E01001680,L12: Semi-routine occupations,85,108,-23
E01001680,L13: Routine occupations,68,53,15
E01001680,L14.1 and L14.2: Never worked and long-term unemployed,80,60,20
E01001680,L15: Full-time students,65,80,-15
E01001680,"L4, L5 and L6: Lower managerial, administrative and professional occupations",359,355,4
E01001680,L7: Intermediate occupations,167,164,3
E01001680,L8 and L9: Small employers and own account workers,139,109,30
E01001681,"L1, L2 and L3: Higher managerial, administrative and professional occupations",172,95,77
E01001681,L10 and L11: Lower supervisory and technical occupations,44,34,10
E01001681,L12: Semi-routine occupations,84,87,-3
E01001681,L13: Routine occupations,118,57,61
E01001681,L14.1 and L14.2: Never worked and long-term unemployed,102,55,47
E01001681,L15: Full-time students,86,47,39
E01001681,"L4, L5 and L6: Lower managerial, administrative and professional occupations",244,179,65
E01001681,L7: Intermediate occupations,106,96,10
E01001681,L8 and L9: Small employers and own account workers,127,73,54
E01001682,"L1, L2 and L3: Higher managerial, administrative and professional occupations",152,124,28
E01001682,L10 and L11: Lower supervisory and technical occupations,55,52,3
E01001682,L12: Semi-routine occupations,94,91,3
E01001682,L13: Routine occupations,87,57,30
E01001682,L14.1 and L14.2: Never worked and long-term unemployed,102,63,39
E01001682,L15: Full-time students,64,62,2
E01001682,"L4, L5 and L6: Lower managerial, administrative and professional occupations",287,263,24
E01001682,L7: Intermediate occupations,134,153,-19
E01001682,L8 and L9: Small employers and own account workers,129,112,17
E01001683,"L1, L2 and L3: Higher managerial, administrative and professional occupations",152,98,54
E01001683,L10 and L11: Lower supervisory and technical occupations,47,73,-26
E01001683,L12: Semi-routine occupations,139,168,-29
E01001683,L13: Routine occupations,137,116,21
E01001683,L14.1 and L14.2: Never worked and long-term unemployed,131,162,-31
E01001683,L15: Full-time students,98,123,-25
E01001683,"L4, L5 and L6: Lower managerial, administrative and professional occupations",215,279,-64
E01001683,L7: Intermediate occupations,141,173,-32
E01001683,L8 and L9: Small employers and own account workers,155,130,25
E01001684,"L1, L2 and L3: Higher managerial, administrative and professional occupations",120,70,50
E01001684,L10 and L11: Lower supervisory and technical occupations,66,73,-7
E01001684,L12: Semi-routine occupations,156,173,-17
E01001684,L13: Routine occupations,123,116,7
E01001684,L14.1 and L14.2: Never worked and long-term unemployed,126,89,37
E01001684,L15: Full-time students,82,115,-33
E01001684,"L4, L5 and L6: Lower managerial, administrative and professional occupations",207,196,11
E01001684,L7: Intermediate occupations,146,146,0
E01001684,L8 and L9: Small employers and own account workers,129,89,40
E01001685,"L1, L2 and L3: Higher managerial, administrative and professional occupations",134,76,58
E01001685,L10 and L11: Lower supervisory and technical occupations,70,77,-7
E01001685,L12: Semi-routine occupations,147,169,-22
E01001685,L13: Routine occupations,141,105,36
E01001685,L14.1 and L14.2: Never worked and long-term unemployed,127,161,-34
E01001685,L15: Full-time students,89,107,-18
E01001685,"L4, L5 and L6: Lower managerial, administrative and professional occupations",253,213,40
E01001685,L7: Intermediate occupations,155,146,9
E01001685,L8 and L9: Small employers and own account workers,150,88,62
E01001686,"L1, L2 and L3: Higher managerial, administrative and professional occupations",191,124,67
E01001686,L10 and L11: Lower supervisory and technical occupations,78,72,6
E01001686,L12: Semi-routine occupations,147,168,-21
E01001686,L13: Routine occupations,118,113,5
E01001686,L14.1 and L14.2: Never worked and long-term unemployed,150,148,2
E01001686,L15: Full-time students,127,136,-9
E01001686,"L4, L5 and L6: Lower managerial, administrative and professional occupations",310,326,-16
E01001686,L7: Intermediate occupations,134,129,5
E01001686,L8 and L9: Small employers and own account workers,179,102,77
E01001687,"L1, L2 and L3: Higher managerial, administrative and professional occupations",89,60,29
E01001687,L10 and L11: Lower supervisory and technical occupations,76,64,12
E01001687,L12: Semi-routine occupations,174,147,27
E01001687,L13: Routine occupations,230,111,119
E01001687,L14.1 and L14.2: Never worked and long-term unemployed,240,91,149
E01001687,L15: Full-time students,83,91,-8
E01001687,"L4, L5 and L6: Lower managerial, administrative and professional occupations",208,135,73
E01001687,L7: Intermediate occupations,114,117,-3
E01001687,L8 and L9: Small employers and own account workers,139,62,77
E01001688,"L1, L2 and L3: Higher managerial, administrative and professional occupations",172,147,25
E01001688,L10 and L11: Lower supervisory and technical occupations,89,123,-34
E01001688,L12: Semi-routine occupations,242,230,12
E01001688,L13: Routine occupations,204,153,51
E01001688,L14.1 and L14.2: Never worked and long-term unemployed,226,191,35
E01001688,L15: Full-time students,270,163,107
E01001688,"L4, L5 and L6: Lower managerial, administrative and professional occupations",334,308,26
E01001688,L7: Intermediate occupations,179,214,-35
E01001688,L8 and L9: Small employers and own account workers,215,152,63
E01001690,"L1, L2 and L3: Higher managerial, administrative and professional occupations",85,78,7
E01001690,L10 and L11: Lower supervisory and technical occupations,74,96,-22
E01001690,L12: Semi-routine occupations,194,263,-69
E01001690,L13: Routine occupations,211,185,26
E01001690,L14.1 and L14.2: Never worked and long-term unemployed,169,121,48
E01001690,L15: Full-time students,113,110,3
E01001690,"L4, L5 and L6: Lower managerial, administrative and professional occupations",199,241,-42
E01001690,L7: Intermediate occupations,155,173,-18
E01001690,L8 and L9: Small employers and own account workers,149,111,38
E01001692,"L1, L2 and L3: Higher managerial, administrative and professional occupations",58,45,13
E01001692,L10 and L11: Lower supervisory and technical occupations,45,74,-29
E01001692,L12: Semi-routine occupations,188,167,21
E01001692,L13: Routine occupations,136,132,4
E01001692,L14.1 and L14.2: Never worked and long-term unemployed,196,126,70
E01001692,L15: Full-time students,144,134,10
E01001692,"L4, L5 and L6: Lower managerial, administrative and professional occupations",146,122,24
E01001692,L7: Intermediate occupations,96,97,-1
E01001692,L8 and L9: Small employers and own account workers,96,72,24
E01001693,"L1, L2 and L3: Higher managerial, administrative and professional occupations",64,36,28
E01001693,L10 and L11: Lower supervisory and technical occupations,76,91,-15
E01001693,L12: Semi-routine occupations,189,172,17
E01001693,L13: Routine occupations,129,141,-12
E01001693,L14.1 and L14.2: Never worked and long-term unemployed,157,133,24
E01001693,L15: Full-time students,109,136,-27
E01001693,"L4, L5 and L6: Lower managerial, administrative and professional occupations",149,140,9
E01001693,L7: Intermediate occupations,126,121,5
E01001693,L8 and L9: Small employers and own account workers,104,102,2
E01001694,"L1, L2 and L3: Higher managerial, administrative and professional occupations",96,69,27
E01001694,L10 and L11: Lower supervisory and technical occupations,62,83,-21
E01001694,L12: Semi-routine occupations,172,194,-22
E01001694,L13: Routine occupations,162,130,32
E01001694,L14.1 and L14.2: Never worked and long-term unemployed,151,135,16
E01001694,L15: Full-time students,137,168,-31
E01001694,"L4, L5 and L6: Lower managerial, administrative and professional occupations",226,189,37
E01001694,L7: Intermediate occupations,145,136,9
E01001694,L8 and L9: Small employers and own account workers,152,111,41
E01001695,"L1, L2 and L3: Higher managerial, administrative and professional occupations",85,52,33
E01001695,L10 and L11: Lower supervisory and technical occupations,82,86,-4
E01001695,L12: Semi-routine occupations,181,162,19
E01001695,L13: Routine occupations,185,175,10
E01001695,L14.1 and L14.2: Never worked and long-term unemployed,158,165,-7
E01001695,L15: Full-time students,126,211,-85
E01001695,"L4, L5 and L6: Lower managerial, administrative and professional occupations",188,156,32
E01001695,L7: Intermediate occupations,109,90,19
E01001695,L8 and L9: Small employers and own account workers,120,108,12
E01001696,"L1, L2 and L3: Higher managerial, administrative and professional occupations",396,29,367
E01001696,L10 and L11: Lower supervisory and technical occupations,66,47,19
E01001696,L12: Semi-routine occupations,185,135,50
E01001696,L13: Routine occupations,199,110,89
E01001696,L14.1 and L14.2: Never worked and long-term unemployed,209,167,42
E01001696,L15: Full-time students,177,199,-22
E01001696,"L4, L5 and L6: Lower managerial, administrative and professional occupations",457,109,348
E01001696,L7: Intermediate occupations,152,76,76
E01001696,L8 and L9: Small employers and own account workers,146,78,68
E01001697,"L1, L2 and L3: Higher managerial, administrative and professional occupations",191,73,118
E01001697,L10 and L11: Lower supervisory and technical occupations,119,71,48
E01001697,L12: Semi-routine occupations,247,222,25
E01001697,L13: Routine occupations,228,167,61
E01001697,L14.1 and L14.2: Never worked and long-term unemployed,222,181,41
E01001697,L15: Full-time students,291,271,20
E01001697,"L4, L5 and L6: Lower managerial, administrative and professional occupations",355,222,133
E01001697,L7: Intermediate occupations,174,148,26
E01001697,L8 and L9: Small employers and own account workers,239,152,87
E01001698,"L1, L2 and L3: Higher managerial, administrative and professional occupations",90,75,15
E01001698,L10 and L11: Lower supervisory and technical occupations,63,71,-8
E01001698,L12: Semi-routine occupations,209,202,7
E01001698,L13: Routine occupations,167,110,57
E01001698,L14.1 and L14.2: Never worked and long-term unemployed,201,175,26
E01001698,L15: Full-time students,160,209,-49
E01001698,"L4, L5 and L6: Lower managerial, administrative and professional occupations",276,193,83
E01001698,L7: Intermediate occupations,111,110,1
E01001698,L8 and L9: Small employers and own account workers,133,95,38
E01001699,"L1, L2 and L3: Higher managerial, administrative and professional occupations",158,80,78
E01001699,L10 and L11: Lower supervisory and technical occupations,49,80,-31
E01001699,L12: Semi-routine occupations,110,152,-42
E01001699,L13: Routine occupations,101,116,-15
E01001699,L14.1 and L14.2: Never worked and long-term unemployed,118,139,-21
E01001699,L15: Full-time students,82,132,-50
E01001699,"L4, L5 and L6: Lower managerial, administrative and professional occupations",287,327,-40
E01001699,L7: Intermediate occupations,173,325,-152
E01001699,L8 and L9: Small employers and own account workers,92,65,27
E01001700,"L1, L2 and L3: Higher managerial, administrative and professional occupations",164,90,74
E01001700,L10 and L11: Lower supervisory and technical occupations,87,73,14
E01001700,L12: Semi-routine occupations,231,210,21
E01001700,L13: Routine occupations,265,151,114
E01001700,L14.1 and L14.2: Never worked and long-term unemployed,276,161,115
E01001700,L15: Full-time students,256,289,-33
E01001700,"L4, L5 and L6: Lower managerial, administrative and professional occupations",254,234,20
E01001700,L7: Intermediate occupations,153,120,33
E01001700,L8 and L9: Small employers and own account workers,154,119,35
E01001701,"L1, L2 and L3: Higher managerial, administrative and professional occupations",243,87,156
E01001701,L10 and L11: Lower supervisory and technical occupations,53,55,-2
E01001701,L12: Semi-routine occupations,142,141,1
E01001701,L13: Routine occupations,113,83,30
E01001701,L14.1 and L14.2: Never worked and long-term unemployed,134,107,27
E01001701,L15: Full-time students,97,94,3
E01001701,"L4, L5 and L6: Lower managerial, administrative and professional occupations",351,265,86
E01001701,L7: Intermediate occupations,137,124,13
E01001701,L8 and L9: Small employers and own account workers,114,60,54
E01001702,"L1, L2 and L3: Higher managerial, administrative and professional occupations",48,44,4
E01001702,L10 and L11: Lower supervisory and technical occupations,56,80,-24
E01001702,L12: Semi-routine occupations,188,151,37
E01001702,L13: Routine occupations,129,132,-3
E01001702,L14.1 and L14.2: Never worked and long-term unemployed,216,187,29
E01001702,L15: Full-time students,162,189,-27
E01001702,"L4, L5 and L6: Lower managerial, administrative and professional occupations",172,104,68
E01001702,L7: Intermediate occupations,90,97,-7
E01001702,L8 and L9: Small employers and own account workers,93,82,11
E01001703,"L1, L2 and L3: Higher managerial, administrative and professional occupations",62,49,13
E01001703,L10 and L11: Lower supervisory and technical occupations,88,78,10
E01001703,L12: Semi-routine occupations,211,198,13
E01001703,L13: Routine occupations,202,140,62
E01001703,L14.1 and L14.2: Never worked and long-term unemployed,263,247,16
E01001703,L15: Full-time students,202,218,-16
E01001703,"L4, L5 and L6: Lower managerial, administrative and professional occupations",190,138,52
E01001703,L7: Intermediate occupations,115,103,12
E01001703,L8 and L9: Small employers and own account workers,166,113,53
E01001704,"L1, L2 and L3: Higher managerial, administrative and professional occupations",188,118,70
E01001704,L10 and L11: Lower supervisory and technical occupations,57,83,-26
E01001704,L12: Semi-routine occupations,128,138,-10
E01001704,L13: Routine occupations,151,121,30
E01001704,L14.1 and L14.2: Never worked and long-term unemployed,145,136,9
E01001704,L15: Full-time students,118,134,-16
E01001704,"L4, L5 and L6: Lower managerial, administrative and professional occupations",279,257,22
E01001704,L7: Intermediate occupations,123,130,-7
E01001704,L8 and L9: Small employers and own account workers,142,112,30
E01001705,"L1, L2 and L3: Higher managerial, administrative and professional occupations",142,54,88
E01001705,L10 and L11: Lower supervisory and technical occupations,86,81,5
E01001705,L12: Semi-routine occupations,262,207,55
E01001705,L13: Routine occupations,187,176,11
E01001705,L14.1 and L14.2: Never worked and long-term unemployed,244,200,44
E01001705,L15: Full-time students,214,204,10
E01001705,"L4, L5 and L6: Lower managerial, administrative and professional occupations",252,187,65
E01001705,L7: Intermediate occupations,143,139,4
E01001705,L8 and L9: Small employers and own account workers,158,112,46
E01001708,"L1, L2 and L3: Higher managerial, administrative and professional occupations",219,144,75
E01001708,L10 and L11: Lower supervisory and technical occupations,74,69,5
E01001708,L12: Semi-routine occupations,129,133,-4
E01001708,L13: Routine occupations,106,87,19
E01001708,L14.1 and L14.2: Never worked and long-term unemployed,114,87,27
E01001708,L15: Full-time students,90,103,-13
E01001708,"L4, L5 and L6: Lower managerial, administrative and professional occupations",358,314,44
E01001708,L7: Intermediate occupations,127,132,-5
E01001708,L8 and L9: Small employers and own account workers,140,110,30
E01001710,"L1, L2 and L3: Higher managerial, administrative and professional occupations",72,29,43
E01001710,L10 and L11: Lower supervisory and technical occupations,77,64,13
E01001710,L12: Semi-routine occupations,205,204,1
E01001710,L13: Routine occupations,168,139,29
E01001710,L14.1 and L14.2: Never worked and long-term unemployed,282,190,92
E01001710,L15: Full-time students,132,198,-66
E01001710,"L4, L5 and L6: Lower managerial, administrative and professional occupations",160,138,22
E01001710,L7: Intermediate occupations,99,91,8
E01001710,L8 and L9: Small employers and own account workers,112,76,36
E01001712,"L1, L2 and L3: Higher managerial, administrative and professional occupations",163,101,62
E01001712,L10 and L11: Lower supervisory and technical occupations,99,95,4
E01001712,L12: Semi-routine occupations,235,239,-4
E01001712,L13: Routine occupations,196,132,64
E01001712,L14.1 and L14.2: Never worked and long-term unemployed,198,199,-1
E01001712,L15: Full-time students,161,177,-16
E01001712,"L4, L5 and L6: Lower managerial, administrative and professional occupations",277,246,31
E01001712,L7: Intermediate occupations,135,163,-28
E01001712,L8 and L9: Small employers and own account workers,155,131,24
E01001714,"L1, L2 and L3: Higher managerial, administrative and professional occupations",316,80,236
E01001714,L10 and L11: Lower supervisory and technical occupations,83,73,10
E01001714,L12: Semi-routine occupations,164,155,9
E01001714,L13: Routine occupations,153,108,45
E01001714,L14.1 and L14.2: Never worked and long-term unemployed,199,161,38
E01001714,L15: Full-time students,161,160,1
E01001714,"L4, L5 and L6: Lower managerial, administrative and professional occupations",386,219,167
E01001714,L7: Intermediate occupations,104,111,-7
E01001714,L8 and L9: Small employers and own account workers,154,82,72
E01001715,"L1, L2 and L3: Higher managerial, administrative and professional occupations",337,254,83
E01001715,L10 and L11: Lower supervisory and technical occupations,29,53,-24
E01001715,L12: Semi-routine occupations,65,75,-10
E01001715,L13: Routine occupations,51,46,5
E01001715,L14.1 and L14.2: Never worked and long-term unemployed,64,61,3
E01001715,L15: Full-time students,86,104,-18
E01001715,"L4, L5 and L6: Lower managerial, administrative and professional occupations",359,395,-36
E01001715,L7: Intermediate occupations,76,110,-34
E01001715,L8 and L9: Small employers and own account workers,87,94,-7
E01001716,"L1, L2 and L3: Higher managerial, administrative and professional occupations",284,174,110
E01001716,L10 and L11: Lower supervisory and technical occupations,42,55,-13
E01001716,L12: Semi-routine occupations,146,100,46
E01001716,L13: Routine occupations,121,96,25
E01001716,L14.1 and L14.2: Never worked and long-term unemployed,223,96,127
E01001716,L15: Full-time students,130,124,6
E01001716,"L4, L5 and L6: Lower managerial, administrative and professional occupations",289,269,20
E01001716,L7: Intermediate occupations,101,98,3
E01001716,L8 and L9: Small employers and own account workers,117,78,39
E01001717,"L1, L2 and L3: Higher managerial, administrative and professional occupations",192,127,65
E01001717,L10 and L11: Lower supervisory and technical occupations,34,34,0
E01001717,L12: Semi-routine occupations,71,62,9
E01001717,L13: Routine occupations,71,54,17
E01001717,L14.1 and L14.2: Never worked and long-term unemployed,123,102,21
E01001717,L15: Full-time students,71,132,-61
E01001717,"L4, L5 and L6: Lower managerial, administrative and professional occupations",238,251,-13
E01001717,L7: Intermediate occupations,93,122,-29
E01001717,L8 and L9: Small employers and own account workers,69,48,21
E01001718,"L1, L2 and L3: Higher managerial, administrative and professional occupations",461,362,99
E01001718,L10 and L11: Lower supervisory and technical occupations,56,73,-17
E01001718,L12: Semi-routine occupations,65,86,-21
E01001718,L13: Routine occupations,78,66,12
E01001718,L14.1 and L14.2: Never worked and long-term unemployed,75,49,26
E01001718,L15: Full-time students,129,187,-58
E01001718,"L4, L5 and L6: Lower managerial, administrative and professional occupations",445,525,-80
E01001718,L7: Intermediate occupations,100,115,-15
E01001718,L8 and L9: Small employers and own account workers,118,134,-16
E01001719,"L1, L2 and L3: Higher managerial, administrative and professional occupations",327,72,255
E01001719,L10 and L11: Lower supervisory and technical occupations,44,45,-1
E01001719,L12: Semi-routine occupations,115,91,24
E01001719,L13: Routine occupations,105,88,17
E01001719,L14.1 and L14.2: Never worked and long-term unemployed,161,103,58
E01001719,L15: Full-time students,113,106,7
E01001719,"L4, L5 and L6: Lower managerial, administrative and professional occupations",284,225,59
E01001719,L7: Intermediate occupations,111,81,30
E01001719,L8 and L9: Small employers and own account workers,91,62,29
E01001720,"L1, L2 and L3: Higher managerial, administrative and professional occupations",462,313,149
E01001720,L10 and L11: Lower supervisory and technical occupations,40,51,-11
E01001720,L12: Semi-routine occupations,67,69,-2
E01001720,L13: Routine occupations,49,59,-10
E01001720,L14.1 and L14.2: Never worked and long-term unemployed,74,61,13
E01001720,L15: Full-time students,161,148,13
E01001720,"L4, L5 and L6: Lower managerial, administrative and professional occupations",423,543,-120
E01001720,L7: Intermediate occupations,87,148,-61
E01001720,L8 and L9: Small employers and own account workers,130,134,-4
E01001722,"L1, L2 and L3: Higher managerial, administrative and professional occupations",206,112,94
E01001722,L10 and L11: Lower supervisory and technical occupations,65,86,-21
E01001722,L12: Semi-routine occupations,149,195,-46
E01001722,L13: Routine occupations,157,122,35
E01001722,L14.1 and L14.2: Never worked and long-term unemployed,242,212,30
E01001722,L15: Full-time students,158,130,28
E01001722,"L4, L5 and L6: Lower managerial, administrative and professional occupations",350,302,48
E01001722,L7: Intermediate occupations,202,165,37
E01001722,L8 and L9: Small employers and own account workers,192,148,44
E01001723,"L1, L2 and L3: Higher managerial, administrative and professional occupations",276,167,109
E01001723,L10 and L11: Lower supervisory and technical occupations,53,47,6
E01001723,L12: Semi-routine occupations,88,112,-24
E01001723,L13: Routine occupations,87,79,8
E01001723,L14.1 and L14.2: Never worked and long-term unemployed,149,160,-11
E01001723,L15: Full-time students,138,160,-22
E01001723,"L4, L5 and L6: Lower managerial, administrative and professional occupations",410,450,-40
E01001723,L7: Intermediate occupations,164,162,2
E01001723,L8 and L9: Small employers and own account workers,127,136,-9
E01001724,"L1, L2 and L3: Higher managerial, administrative and professional occupations",494,202,292
E01001724,L10 and L11: Lower supervisory and technical occupations,95,88,7
E01001724,L12: Semi-routine occupations,199,138,61
E01001724,L13: Routine occupations,208,127,81
E01001724,L14.1 and L14.2: Never worked and long-term unemployed,238,153,85
E01001724,L15: Full-time students,142,169,-27
E01001724,"L4, L5 and L6: Lower managerial, administrative and professional occupations",551,574,-23
E01001724,L7: Intermediate occupations,194,174,20
E01001724,L8 and L9: Small employers and own account workers,290,192,98
E01001725,"L1, L2 and L3: Higher managerial, administrative and professional occupations",127,88,39
E01001725,L10 and L11: Lower supervisory and technical occupations,27,39,-12
E01001725,L12: Semi-routine occupations,90,126,-36
E01001725,L13: Routine occupations,105,90,15
E01001725,L14.1 and L14.2: Never worked and long-term unemployed,176,175,1
E01001725,L15: Full-time students,166,149,17
E01001725,"L4, L5 and L6: Lower managerial, administrative and professional occupations",235,281,-46
E01001725,L7: Intermediate occupations,173,135,38
E01001725,L8 and L9: Small employers and own account workers,114,91,23
E01001726,"L1, L2 and L3: Higher managerial, administrative and professional occupations",85,52,33
E01001726,L10 and L11: Lower supervisory and technical occupations,45,48,-3
E01001726,L12: Semi-routine occupations,116,131,-15
E01001726,L13: Routine occupations,122,87,35
E01001726,L14.1 and L14.2: Never worked and long-term unemployed,167,164,3
E01001726,L15: Full-time students,135,124,11
E01001726,"L4, L5 and L6: Lower managerial, administrative and professional occupations",158,166,-8
E01001726,L7: Intermediate occupations,83,81,2
E01001726,L8 and L9: Small employers and own account workers,74,73,1
E01001727,"L1, L2 and L3: Higher managerial, administrative and professional occupations",171,133,38
E01001727,L10 and L11: Lower supervisory and technical occupations,35,38,-3
E01001727,L12: Semi-routine occupations,97,112,-15
E01001727,L13: Routine occupations,98,67,31
E01001727,L14.1 and L14.2: Never worked and long-term unemployed,195,147,48
E01001727,L15: Full-time students,161,160,1
E01001727,"L4, L5 and L6: Lower managerial, administrative and professional occupations",272,302,-30
E01001727,L7: Intermediate occupations,196,157,39
E01001727,L8 and L9: Small employers and own account workers,156,126,30
E01001728,"L1, L2 and L3: Higher managerial, administrative and professional occupations",91,56,35
E01001728,L10 and L11: Lower supervisory and technical occupations,25,37,-12
E01001728,L12: Semi-routine occupations,113,131,-18
E01001728,L13: Routine occupations,83,74,9
E01001728,L14.1 and L14.2: Never worked and long-term unemployed,205,214,-9
E01001728,L15: Full-time students,151,198,-47
E01001728,"L4, L5 and L6: Lower managerial, administrative and professional occupations",246,217,29
E01001728,L7: Intermediate occupations,211,181,30
E01001728,L8 and L9: Small employers and own account workers,107,85,22
E01001729,"L1, L2 and L3: Higher managerial, administrative and professional occupations",167,69,98
E01001729,L10 and L11: Lower supervisory and technical occupations,61,89,-28
E01001729,L12: Semi-routine occupations,173,224,-51
E01001729,L13: Routine occupations,187,150,37
E01001729,L14.1 and L14.2: Never worked and long-term unemployed,226,233,-7
E01001729,L15: Full-time students,188,196,-8
E01001729,"L4, L5 and L6: Lower managerial, administrative and professional occupations",269,242,27
E01001729,L7: Intermediate occupations,123,155,-32
E01001729,L8 and L9: Small employers and own account workers,139,116,23
E01001730,"L1, L2 and L3: Higher managerial, administrative and professional occupations",235,57,178
E01001730,L10 and L11: Lower supervisory and technical occupations,75,89,-14
E01001730,L12: Semi-routine occupations,241,181,60
E01001730,L13: Routine occupations,284,170,114
E01001730,L14.1 and L14.2: Never worked and long-term unemployed,338,255,83
E01001730,L15: Full-time students,229,152,77
E01001730,"L4, L5 and L6: Lower managerial, administrative and professional occupations",372,215,157
E01001730,L7: Intermediate occupations,183,129,54
E01001730,L8 and L9: Small employers and own account workers,173,90,83
E01001731,"L1, L2 and L3: Higher managerial, administrative and professional occupations",382,174,208
E01001731,L10 and L11: Lower supervisory and technical occupations,77,94,-17
E01001731,L12: Semi-routine occupations,183,203,-20
E01001731,L13: Routine occupations,188,150,38
E01001731,L14.1 and L14.2: Never worked and long-term unemployed,224,206,18
E01001731,L15: Full-time students,210,208,2
E01001731,"L4, L5 and L6: Lower managerial, administrative and professional occupations",559,427,132
E01001731,L7: Intermediate occupations,154,170,-16
E01001731,L8 and L9: Small employers and own account workers,198,136,62
E01001732,"L1, L2 and L3: Higher managerial, administrative and professional occupations",157,61,96
E01001732,L10 and L11: Lower supervisory and technical occupations,59,79,-20
E01001732,L12: Semi-routine occupations,167,161,6
E01001732,L13: Routine occupations,170,150,20
E01001732,L14.1 and L14.2: Never worked and long-term unemployed,192,223,-31
E01001732,L15: Full-time students,190,170,20
E01001732,"L4, L5 and L6: Lower managerial, administrative and professional occupations",255,164,91
E01001732,L7: Intermediate occupations,132,107,25
E01001732,L8 and L9: Small employers and own account workers,105,99,6
E01001733,"L1, L2 and L3: Higher managerial, administrative and professional occupations",287,161,126
E01001733,L10 and L11: Lower supervisory and technical occupations,57,77,-20
E01001733,L12: Semi-routine occupations,98,138,-40
E01001733,L13: Routine occupations,96,133,-37
E01001733,L14.1 and L14.2: Never worked and long-term unemployed,143,147,-4
E01001733,L15: Full-time students,113,123,-10
E01001733,"L4, L5 and L6: Lower managerial, administrative and professional occupations",476,374,102
E01001733,L7: Intermediate occupations,105,121,-16
E01001733,L8 and L9: Small employers and own account workers,186,137,49
E01001734,"L1, L2 and L3: Higher managerial, administrative and professional occupations",298,135,163
E01001734,L10 and L11: Lower supervisory and technical occupations,54,60,-6
E01001734,L12: Semi-routine occupations,125,159,-34
E01001734,L13: Routine occupations,135,123,12
E01001734,L14.1 and L14.2: Never worked and long-term unemployed,139,156,-17
E01001734,L15: Full-time students,120,150,-30
E01001734,"L4, L5 and L6: Lower managerial, administrative and professional occupations",419,394,25
E01001734,L7: Intermediate occupations,128,141,-13
E01001734,L8 and L9: Small employers and own account workers,169,182,-13
E01001735,"L1, L2 and L3: Higher managerial, administrative and professional occupations",259,150,109
E01001735,L10 and L11: Lower supervisory and technical occupations,35,68,-33
E01001735,L12: Semi-routine occupations,107,135,-28
E01001735,L13: Routine occupations,128,119,9
E01001735,L14.1 and L14.2: Never worked and long-term unemployed,161,132,29
E01001735,L15: Full-time students,125,130,-5
E01001735,"L4, L5 and L6: Lower managerial, administrative and professional occupations",304,297,7
E01001735,L7: Intermediate occupations,107,109,-2
E01001735,L8 and L9: Small employers and own account workers,104,89,15
E01001736,"L1, L2 and L3: Higher managerial, administrative and professional occupations",315,198,117
E01001736,L10 and L11: Lower supervisory and technical occupations,42,48,-6
E01001736,L12: Semi-routine occupations,86,84,2
E01001736,L13: Routine occupations,77,70,7
E01001736,L14.1 and L14.2: Never worked and long-term unemployed,97,121,-24
E01001736,L15: Full-time students,84,141,-57
E01001736,"L4, L5 and L6: Lower managerial, administrative and professional occupations",374,415,-41
E01001736,L7: Intermediate occupations,110,117,-7
E01001736,L8 and L9: Small employers and own account workers,135,116,19
E01001737,"L1, L2 and L3: Higher managerial, administrative and professional occupations",364,279,85
E01001737,L10 and L11: Lower supervisory and technical occupations,30,44,-14
E01001737,L12: Semi-routine occupations,59,79,-20
E01001737,L13: Routine occupations,69,73,-4
E01001737,L14.1 and L14.2: Never worked and long-term unemployed,87,100,-13
E01001737,L15: Full-time students,118,119,-1
E01001737,"L4, L5 and L6: Lower managerial, administrative and professional occupations",440,535,-95
E01001737,L7: Intermediate occupations,87,116,-29
E01001737,L8 and L9: Small employers and own account workers,177,117,60
E01001738,"L1, L2 and L3: Higher managerial, administrative and professional occupations",391,236,155
E01001738,L10 and L11: Lower supervisory and technical occupations,41,55,-14
E01001738,L12: Semi-routine occupations,73,97,-24
E01001738,L13: Routine occupations,85,98,-13
E01001738,L14.1 and L14.2: Never worked and long-term unemployed,132,99,33
E01001738,L15: Full-time students,93,113,-20
E01001738,"L4, L5 and L6: Lower managerial, administrative and professional occupations",410,464,-54
E01001738,L7: Intermediate occupations,108,133,-25
E01001738,L8 and L9: Small employers and own account workers,155,119,36
E01001739,"L1, L2 and L3: Higher managerial, administrative and professional occupations",456,303,153
E01001739,L10 and L11: Lower supervisory and technical occupations,27,56,-29
E01001739,L12: Semi-routine occupations,95,100,-5
E01001739,L13: Routine occupations,108,99,9
E01001739,L14.1 and L14.2: Never worked and long-term unemployed,95,109,-14
E01001739,L15: Full-time students,98,128,-30
E01001739,"L4, L5 and L6: Lower managerial, administrative and professional occupations",520,576,-56
E01001739,L7: Intermediate occupations,96,151,-55
E01001739,L8 and L9: Small employers and own account workers,178,153,25
E01001740,"L1, L2 and L3: Higher managerial, administrative and professional occupations",151,92,59
E01001740,L10 and L11: Lower supervisory and technical occupations,51,69,-18
E01001740,L12: Semi-routine occupations,142,135,7
E01001740,L13: Routine occupations,154,118,36
E01001740,L14.1 and L14.2: Never worked and long-term unemployed,201,190,11
E01001740,L15: Full-time students,118,126,-8
E01001740,"L4, L5 and L6: Lower managerial, administrative and professional occupations",246,224,22
E01001740,L7: Intermediate occupations,104,102,2
E01001740,L8 and L9: Small employers and own account workers,93,82,11
E01001741,"L1, L2 and L3: Higher managerial, administrative and professional occupations",340,212,128
E01001741,L10 and L11: Lower supervisory and technical occupations,22,30,-8
E01001741,L12: Semi-routine occupations,46,74,-28
E01001741,L13: Routine occupations,56,45,11
E01001741,L14.1 and L14.2: Never worked and long-term unemployed,79,58,21
E01001741,L15: Full-time students,68,98,-30
E01001741,"L4, L5 and L6: Lower managerial, administrative and professional occupations",343,425,-82
E01001741,L7: Intermediate occupations,75,101,-26
E01001741,L8 and L9: Small employers and own account workers,144,106,38
E01001742,"L1, L2 and L3: Higher managerial, administrative and professional occupations",284,197,87
E01001742,L10 and L11: Lower supervisory and technical occupations,54,64,-10
E01001742,L12: Semi-routine occupations,88,120,-32
E01001742,L13: Routine occupations,99,88,11
E01001742,L14.1 and L14.2: Never worked and long-term unemployed,167,129,38
E01001742,L15: Full-time students,83,156,-73
E01001742,"L4, L5 and L6: Lower managerial, administrative and professional occupations",398,419,-21
E01001742,L7: Intermediate occupations,114,130,-16
E01001742,L8 and L9: Small employers and own account workers,131,113,18
E01001744,"L1, L2 and L3: Higher managerial, administrative and professional occupations",337,189,148
E01001744,L10 and L11: Lower supervisory and technical occupations,54,61,-7
E01001744,L12: Semi-routine occupations,126,152,-26
E01001744,L13: Routine occupations,124,137,-13
E01001744,L14.1 and L14.2: Never worked and long-term unemployed,205,136,69
E01001744,L15: Full-time students,122,173,-51
E01001744,"L4, L5 and L6: Lower managerial, administrative and professional occupations",403,359,44
E01001744,L7: Intermediate occupations,124,132,-8
E01001744,L8 and L9: Small employers and own account workers,164,128,36
E01001745,"L1, L2 and L3: Higher managerial, administrative and professional occupations",259,164,95
E01001745,L10 and L11: Lower supervisory and technical occupations,75,97,-22
E01001745,L12: Semi-routine occupations,170,209,-39
E01001745,L13: Routine occupations,169,169,0
E01001745,L14.1 and L14.2: Never worked and long-term unemployed,243,246,-3
E01001745,L15: Full-time students,178,187,-9
E01001745,"L4, L5 and L6: Lower managerial, administrative and professional occupations",332,369,-37
E01001745,L7: Intermediate occupations,139,127,12
E01001745,L8 and L9: Small employers and own account workers,176,147,29
E01001746,"L1, L2 and L3: Higher managerial, administrative and professional occupations",99,57,42
E01001746,L10 and L11: Lower supervisory and technical occupations,41,59,-18
E01001746,L12: Semi-routine occupations,194,165,29
E01001746,L13: Routine occupations,152,135,17
E01001746,L14.1 and L14.2: Never worked and long-term unemployed,219,202,17
E01001746,L15: Full-time students,152,145,7
E01001746,"L4, L5 and L6: Lower managerial, administrative and professional occupations",164,179,-15
E01001746,L7: Intermediate occupations,118,102,16
E01001746,L8 and L9: Small employers and own account workers,116,75,41
E01001747,"L1, L2 and L3: Higher managerial, administrative and professional occupations",480,261,219
E01001747,L10 and L11: Lower supervisory and technical occupations,80,77,3
E01001747,L12: Semi-routine occupations,134,146,-12
E01001747,L13: Routine occupations,134,129,5
E01001747,L14.1 and L14.2: Never worked and long-term unemployed,198,162,36
E01001747,L15: Full-time students,155,206,-51
E01001747,"L4, L5 and L6: Lower managerial, administrative and professional occupations",545,519,26
E01001747,L7: Intermediate occupations,132,127,5
E01001747,L8 and L9: Small employers and own account workers,185,165,20
E01001749,"L1, L2 and L3: Higher managerial, administrative and professional occupations",290,274,16
E01001749,L10 and L11: Lower supervisory and technical occupations,33,34,-1
E01001749,L12: Semi-routine occupations,54,84,-30
E01001749,L13: Routine occupations,79,78,1
E01001749,L14.1 and L14.2: Never worked and long-term unemployed,97,85,12
E01001749,L15: Full-time students,105,129,-24
E01001749,"L4, L5 and L6: Lower managerial, administrative and professional occupations",393,458,-65
E01001749,L7: Intermediate occupations,84,121,-37
E01001749,L8 and L9: Small employers and own account workers,137,148,-11
E01001750,"L1, L2 and L3: Higher managerial, administrative and professional occupations",432,257,175
E01001750,L10 and L11: Lower supervisory and technical occupations,53,61,-8
E01001750,L12: Semi-routine occupations,119,139,-20
E01001750,L13: Routine occupations,129,88,41
E01001750,L14.1 and L14.2: Never worked and long-term unemployed,184,141,43
E01001750,L15: Full-time students,130,207,-77
E01001750,"L4, L5 and L6: Lower managerial, administrative and professional occupations",447,354,93
E01001750,L7: Intermediate occupations,126,137,-11
E01001750,L8 and L9: Small employers and own account workers,178,120,58
E01001751,"L1, L2 and L3: Higher managerial, administrative and professional occupations",436,380,56
E01001751,L10 and L11: Lower supervisory and technical occupations,29,34,-5
E01001751,L12: Semi-routine occupations,41,41,0
E01001751,L13: Routine occupations,54,40,14
E01001751,L14.1 and L14.2: Never worked and long-term unemployed,57,40,17
E01001751,L15: Full-time students,61,82,-21
E01001751,"L4, L5 and L6: Lower managerial, administrative and professional occupations",382,471,-89
E01001751,L7: Intermediate occupations,72,95,-23
E01001751,L8 and L9: Small employers and own account workers,143,135,8
E01001753,"L1, L2 and L3: Higher managerial, administrative and professional occupations",140,100,40
E01001753,L10 and L11: Lower supervisory and technical occupations,62,56,6
E01001753,L12: Semi-routine occupations,133,159,-26
E01001753,L13: Routine occupations,110,120,-10
E01001753,L14.1 and L14.2: Never worked and long-term unemployed,177,217,-40
E01001753,L15: Full-time students,119,154,-35
E01001753,"L4, L5 and L6: Lower managerial, administrative and professional occupations",174,175,-1
E01001753,L7: Intermediate occupations,94,118,-24
E01001753,L8 and L9: Small employers and own account workers,133,86,47
E01001755,"L1, L2 and L3: Higher managerial, administrative and professional occupations",252,121,131
E01001755,L10 and L11: Lower supervisory and technical occupations,59,61,-2
E01001755,L12: Semi-routine occupations,123,150,-27
E01001755,L13: Routine occupations,130,117,13
E01001755,L14.1 and L14.2: Never worked and long-term unemployed,191,182,9
E01001755,L15: Full-time students,140,229,-89
E01001755,"L4, L5 and L6: Lower managerial, administrative and professional occupations",252,245,7
E01001755,L7: Intermediate occupations,104,121,-17
E01001755,L8 and L9: Small employers and own account workers,133,94,39
E01001756,"L1, L2 and L3: Higher managerial, administrative and professional occupations",528,349,179
E01001756,L10 and L11: Lower supervisory and technical occupations,48,69,-21
E01001756,L12: Semi-routine occupations,92,108,-16
E01001756,L13: Routine occupations,102,74,28
E01001756,L14.1 and L14.2: Never worked and long-term unemployed,123,95,28
E01001756,L15: Full-time students,93,174,-81
E01001756,"L4, L5 and L6: Lower managerial, administrative and professional occupations",506,637,-131
E01001756,L7: Intermediate occupations,111,156,-45
E01001756,L8 and L9: Small employers and own account workers,192,194,-2
E01001757,"L1, L2 and L3: Higher managerial, administrative and professional occupations",69,51,18
E01001757,L10 and L11: Lower supervisory and technical occupations,44,50,-6
E01001757,L12: Semi-routine occupations,186,183,3
E01001757,L13: Routine occupations,193,160,33
E01001757,L14.1 and L14.2: Never worked and long-term unemployed,210,199,11
E01001757,L15: Full-time students,113,188,-75
E01001757,"L4, L5 and L6: Lower managerial, administrative and professional occupations",194,214,-20
E01001757,L7: Intermediate occupations,98,127,-29
E01001757,L8 and L9: Small employers and own account workers,87,90,-3
E01001758,"L1, L2 and L3: Higher managerial, administrative and professional occupations",331,118,213
E01001758,L10 and L11: Lower supervisory and technical occupations,79,80,-1
E01001758,L12: Semi-routine occupations,197,186,11
E01001758,L13: Routine occupations,221,151,70
E01001758,L14.1 and L14.2: Never worked and long-term unemployed,269,228,41
E01001758,L15: Full-time students,242,186,56
E01001758,"L4, L5 and L6: Lower managerial, administrative and professional occupations",407,360,47
E01001758,L7: Intermediate occupations,154,136,18
E01001758,L8 and L9: Small employers and own account workers,175,103,72
E01001759,"L1, L2 and L3: Higher managerial, administrative and professional occupations",300,153,147
E01001759,L10 and L11: Lower supervisory and technical occupations,51,65,-14
E01001759,L12: Semi-routine occupations,74,171,-97
E01001759,L13: Routine occupations,133,89,44
E01001759,L14.1 and L14.2: Never worked and long-term unemployed,155,138,17
E01001759,L15: Full-time students,124,156,-32
E01001759,"L4, L5 and L6: Lower managerial, administrative and professional occupations",361,387,-26
E01001759,L7: Intermediate occupations,88,151,-63
E01001759,L8 and L9: Small employers and own account workers,117,117,0
E01001760,"L1, L2 and L3: Higher managerial, administrative and professional occupations",288,151,137
E01001760,L10 and L11: Lower supervisory and technical occupations,56,78,-22
E01001760,L12: Semi-routine occupations,133,158,-25
E01001760,L13: Routine occupations,151,119,32
E01001760,L14.1 and L14.2: Never worked and long-term unemployed,179,148,31
E01001760,L15: Full-time students,141,134,7
E01001760,"L4, L5 and L6: Lower managerial, administrative and professional occupations",423,350,73
E01001760,L7: Intermediate occupations,114,146,-32
E01001760,L8 and L9: Small employers and own account workers,152,124,28
E01001761,"L1, L2 and L3: Higher managerial, administrative and professional occupations",247,128,119
E01001761,L10 and L11: Lower supervisory and technical occupations,60,79,-19
E01001761,L12: Semi-routine occupations,150,160,-10
E01001761,L13: Routine occupations,139,114,25
E01001761,L14.1 and L14.2: Never worked and long-term unemployed,268,174,94
E01001761,L15: Full-time students,107,155,-48
E01001761,"L4, L5 and L6: Lower managerial, administrative and professional occupations",315,358,-43
E01001761,L7: Intermediate occupations,125,138,-13
E01001761,L8 and L9: Small employers and own account workers,151,144,7
E01001762,"L1, L2 and L3: Higher managerial, administrative and professional occupations",303,168,135
E01001762,L10 and L11: Lower supervisory and technical occupations,43,60,-17
E01001762,L12: Semi-routine occupations,69,112,-43
E01001762,L13: Routine occupations,98,83,15
E01001762,L14.1 and L14.2: Never worked and long-term unemployed,152,139,13
E01001762,L15: Full-time students,95,155,-60
E01001762,"L4, L5 and L6: Lower managerial, administrative and professional occupations",457,483,-26
E01001762,L7: Intermediate occupations,102,149,-47
E01001762,L8 and L9: Small employers and own account workers,158,159,-1
E01001763,"L1, L2 and L3: Higher managerial, administrative and professional occupations",281,163,118
E01001763,L10 and L11: Lower supervisory and technical occupations,49,46,3
E01001763,L12: Semi-routine occupations,105,130,-25
E01001763,L13: Routine occupations,122,91,31
E01001763,L14.1 and L14.2: Never worked and long-term unemployed,163,140,23
E01001763,L15: Full-time students,117,144,-27
E01001763,"L4, L5 and L6: Lower managerial, administrative and professional occupations",381,352,29
E01001763,L7: Intermediate occupations,106,109,-3
E01001763,L8 and L9: Small employers and own account workers,149,137,12
E01001764,"L1, L2 and L3: Higher managerial, administrative and professional occupations",191,120,71
E01001764,L10 and L11: Lower supervisory and technical occupations,65,64,1
E01001764,L12: Semi-routine occupations,106,135,-29
E01001764,L13: Routine occupations,151,111,40
E01001764,L14.1 and L14.2: Never worked and long-term unemployed,195,156,39
E01001764,L15: Full-time students,173,152,21
E01001764,"L4, L5 and L6: Lower managerial, administrative and professional occupations",334,384,-50
E01001764,L7: Intermediate occupations,135,117,18
E01001764,L8 and L9: Small employers and own account workers,136,92,44
E01001765,"L1, L2 and L3: Higher managerial, administrative and professional occupations",114,56,58
E01001765,L10 and L11: Lower supervisory and technical occupations,63,70,-7
E01001765,L12: Semi-routine occupations,183,178,5
E01001765,L13: Routine occupations,187,155,32
E01001765,L14.1 and L14.2: Never worked and long-term unemployed,262,238,24
E01001765,L15: Full-time students,166,144,22
E01001765,"L4, L5 and L6: Lower managerial, administrative and professional occupations",224,180,44
E01001765,L7: Intermediate occupations,113,110,3
E01001765,L8 and L9: Small employers and own account workers,162,80,82
E01001767,"L1, L2 and L3: Higher managerial, administrative and professional occupations",248,134,114
E01001767,L10 and L11: Lower supervisory and technical occupations,43,47,-4
E01001767,L12: Semi-routine occupations,89,103,-14
E01001767,L13: Routine occupations,111,96,15
E01001767,L14.1 and L14.2: Never worked and long-term unemployed,155,170,-15
E01001767,L15: Full-time students,94,136,-42
E01001767,"L4, L5 and L6: Lower managerial, administrative and professional occupations",322,326,-4
E01001767,L7: Intermediate occupations,95,121,-26
E01001767,L8 and L9: Small employers and own account workers,143,109,34
E01001768,"L1, L2 and L3: Higher managerial, administrative and professional occupations",327,206,121
E01001768,L10 and L11: Lower supervisory and technical occupations,49,60,-11
E01001768,L12: Semi-routine occupations,94,110,-16
E01001768,L13: Routine occupations,100,99,1
E01001768,L14.1 and L14.2: Never worked and long-term unemployed,150,151,-1
E01001768,L15: Full-time students,102,138,-36
E01001768,"L4, L5 and L6: Lower managerial, administrative and professional occupations",462,442,20
E01001768,L7: Intermediate occupations,120,147,-27
E01001768,L8 and L9: Small employers and own account workers,167,140,27
E01001769,"L1, L2 and L3: Higher managerial, administrative and professional occupations",257,162,95
E01001769,L10 and L11: Lower supervisory and technical occupations,45,66,-21
E01001769,L12: Semi-routine occupations,83,96,-13
E01001769,L13: Routine occupations,88,93,-5
E01001769,L14.1 and L14.2: Never worked and long-term unemployed,113,131,-18
E01001769,L15: Full-time students,135,130,5
E01001769,"L4, L5 and L6: Lower managerial, administrative and professional occupations",324,383,-59
E01001769,L7: Intermediate occupations,106,119,-13
E01001769,L8 and L9: Small employers and own account workers,132,130,2
E01001770,"L1, L2 and L3: Higher managerial, administrative and professional occupations",148,83,65
E01001770,L10 and L11: Lower supervisory and technical occupations,71,78,-7
E01001770,L12: Semi-routine occupations,128,143,-15
E01001770,L13: Routine occupations,159,125,34
E01001770,L14.1 and L14.2: Never worked and long-term unemployed,194,226,-32
E01001770,L15: Full-time students,133,159,-26
E01001770,"L4, L5 and L6: Lower managerial, administrative and professional occupations",286,270,16
E01001770,L7: Intermediate occupations,137,139,-2
E01001770,L8 and L9: Small employers and own account workers,141,110,31
E01001772,"L1, L2 and L3: Higher managerial, administrative and professional occupations",268,37,231
E01001772,L10 and L11: Lower supervisory and technical occupations,61,44,17
E01001772,L12: Semi-routine occupations,137,119,18
E01001772,L13: Routine occupations,120,77,43
E01001772,L14.1 and L14.2: Never worked and long-term unemployed,223,126,97
E01001772,L15: Full-time students,104,122,-18
E01001772,"L4, L5 and L6: Lower managerial, administrative and professional occupations",266,123,143
E01001772,L7: Intermediate occupations,129,89,40
E01001772,L8 and L9: Small employers and own account workers,139,52,87
E01001773,"L1, L2 and L3: Higher managerial, administrative and professional occupations",531,195,336
E01001773,L10 and L11: Lower supervisory and technical occupations,65,61,4
E01001773,L12: Semi-routine occupations,140,166,-26
E01001773,L13: Routine occupations,164,115,49
E01001773,L14.1 and L14.2: Never worked and long-term unemployed,222,234,-12
E01001773,L15: Full-time students,140,212,-72
E01001773,"L4, L5 and L6: Lower managerial, administrative and professional occupations",528,374,154
E01001773,L7: Intermediate occupations,148,150,-2
E01001773,L8 and L9: Small employers and own account workers,161,114,47
E01001774,"L1, L2 and L3: Higher managerial, administrative and professional occupations",392,219,173
E01001774,L10 and L11: Lower supervisory and technical occupations,55,81,-26
E01001774,L12: Semi-routine occupations,105,140,-35
E01001774,L13: Routine occupations,142,116,26
E01001774,L14.1 and L14.2: Never worked and long-term unemployed,171,183,-12
E01001774,L15: Full-time students,165,186,-21
E01001774,"L4, L5 and L6: Lower managerial, administrative and professional occupations",404,449,-45
E01001774,L7: Intermediate occupations,106,172,-66
E01001774,L8 and L9: Small employers and own account workers,139,101,38
E01001775,"L1, L2 and L3: Higher managerial, administrative and professional occupations",154,94,60
E01001775,L10 and L11: Lower supervisory and technical occupations,38,80,-42
E01001775,L12: Semi-routine occupations,135,149,-14
E01001775,L13: Routine occupations,190,151,39
E01001775,L14.1 and L14.2: Never worked and long-term unemployed,181,197,-16
E01001775,L15: Full-time students,147,181,-34
E01001775,"L4, L5 and L6: Lower managerial, administrative and professional occupations",291,264,27
E01001775,L7: Intermediate occupations,100,124,-24
E01001775,L8 and L9: Small employers and own account workers,120,91,29
E01001776,"L1, L2 and L3: Higher managerial, administrative and professional occupations",262,95,167
E01001776,L10 and L11: Lower supervisory and technical occupations,52,61,-9
E01001776,L12: Semi-routine occupations,120,158,-38
E01001776,L13: Routine occupations,152,119,33
E01001776,L14.1 and L14.2: Never worked and long-term unemployed,209,184,25
E01001776,L15: Full-time students,130,126,4
E01001776,"L4, L5 and L6: Lower managerial, administrative and professional occupations",308,230,78
E01001776,L7: Intermediate occupations,125,108,17
E01001776,L8 and L9: Small employers and own account workers,127,74,53
E01001777,"L1, L2 and L3: Higher managerial, administrative and professional occupations",556,239,317
E01001777,L10 and L11: Lower supervisory and technical occupations,59,76,-17
E01001777,L12: Semi-routine occupations,160,188,-28
E01001777,L13: Routine occupations,216,161,55
E01001777,L14.1 and L14.2: Never worked and long-term unemployed,198,196,2
E01001777,L15: Full-time students,342,266,76
E01001777,"L4, L5 and L6: Lower managerial, administrative and professional occupations",508,449,59
E01001777,L7: Intermediate occupations,142,171,-29
E01001777,L8 and L9: Small employers and own account workers,143,128,15
E01001780,"L1, L2 and L3: Higher managerial, administrative and professional occupations",240,180,60
E01001780,L10 and L11: Lower supervisory and technical occupations,52,60,-8
E01001780,L12: Semi-routine occupations,151,156,-5
E01001780,L13: Routine occupations,149,130,19
E01001780,L14.1 and L14.2: Never worked and long-term unemployed,181,165,16
E01001780,L15: Full-time students,131,194,-63
E01001780,"L4, L5 and L6: Lower managerial, administrative and professional occupations",318,317,1
E01001780,L7: Intermediate occupations,145,151,-6
E01001780,L8 and L9: Small employers and own account workers,176,103,73
E01001781,"L1, L2 and L3: Higher managerial, administrative and professional occupations",156,98,58
E01001781,L10 and L11: Lower supervisory and technical occupations,52,64,-12
E01001781,L12: Semi-routine occupations,137,156,-19
E01001781,L13: Routine occupations,178,129,49
E01001781,L14.1 and L14.2: Never worked and long-term unemployed,180,197,-17
E01001781,L15: Full-time students,202,213,-11
E01001781,"L4, L5 and L6: Lower managerial, administrative and professional occupations",219,209,10
E01001781,L7: Intermediate occupations,88,125,-37
E01001781,L8 and L9: Small employers and own account workers,112,94,18
E01001783,"L1, L2 and L3: Higher managerial, administrative and professional occupations",133,89,44
E01001783,L10 and L11: Lower supervisory and technical occupations,68,77,-9
E01001783,L12: Semi-routine occupations,154,189,-35
E01001783,L13: Routine occupations,175,155,20
E01001783,L14.1 and L14.2: Never worked and long-term unemployed,202,228,-26
E01001783,L15: Full-time students,172,256,-84
E01001783,"L4, L5 and L6: Lower managerial, administrative and professional occupations",175,243,-68
E01001783,L7: Intermediate occupations,109,116,-7
E01001783,L8 and L9: Small employers and own account workers,91,98,-7
E01001784,"L1, L2 and L3: Higher managerial, administrative and professional occupations",240,136,104
E01001784,L10 and L11: Lower supervisory and technical occupations,66,72,-6
E01001784,L12: Semi-routine occupations,110,186,-76
E01001784,L13: Routine occupations,179,142,37
E01001784,L14.1 and L14.2: Never worked and long-term unemployed,201,191,10
E01001784,L15: Full-time students,163,611,-448
E01001784,"L4, L5 and L6: Lower managerial, administrative and professional occupations",259,316,-57
E01001784,L7: Intermediate occupations,99,133,-34
E01001784,L8 and L9: Small employers and own account workers,136,97,39
E01001785,"L1, L2 and L3: Higher managerial, administrative and professional occupations",209,97,112
E01001785,L10 and L11: Lower supervisory and technical occupations,42,49,-7
E01001785,L12: Semi-routine occupations,96,94,2
E01001785,L13: Routine occupations,80,93,-13
E01001785,L14.1 and L14.2: Never worked and long-term unemployed,154,157,-3
E01001785,L15: Full-time students,117,120,-3
E01001785,"L4, L5 and L6: Lower managerial, administrative and professional occupations",297,265,32
E01001785,L7: Intermediate occupations,129,126,3
E01001785,L8 and L9: Small employers and own account workers,147,134,13
E01001786,"L1, L2 and L3: Higher managerial, administrative and professional occupations",211,54,157
E01001786,L10 and L11: Lower supervisory and technical occupations,66,75,-9
E01001786,L12: Semi-routine occupations,178,184,-6
E01001786,L13: Routine occupations,194,146,48
E01001786,L14.1 and L14.2: Never worked and long-term unemployed,274,217,57
E01001786,L15: Full-time students,136,205,-69
E01001786,"L4, L5 and L6: Lower managerial, administrative and professional occupations",364,192,172
E01001786,L7: Intermediate occupations,138,99,39
E01001786,L8 and L9: Small employers and own account workers,119,92,27
E01001787,"L1, L2 and L3: Higher managerial, administrative and professional occupations",105,33,72
E01001787,L10 and L11: Lower supervisory and technical occupations,62,58,4
E01001787,L12: Semi-routine occupations,124,160,-36
E01001787,L13: Routine occupations,166,142,24
E01001787,L14.1 and L14.2: Never worked and long-term unemployed,230,195,35
E01001787,L15: Full-time students,143,126,17
E01001787,"L4, L5 and L6: Lower managerial, administrative and professional occupations",223,148,75
E01001787,L7: Intermediate occupations,133,108,25
E01001787,L8 and L9: Small employers and own account workers,129,73,56
E01001788,"L1, L2 and L3: Higher managerial, administrative and professional occupations",82,53,29
E01001788,L10 and L11: Lower supervisory and technical occupations,76,52,24
E01001788,L12: Semi-routine occupations,146,161,-15
E01001788,L13: Routine occupations,155,125,30
E01001788,L14.1 and L14.2: Never worked and long-term unemployed,202,190,12
E01001788,L15: Full-time students,165,144,21
E01001788,"L4, L5 and L6: Lower managerial, administrative and professional occupations",209,174,35
E01001788,L7: Intermediate occupations,87,83,4
E01001788,L8 and L9: Small employers and own account workers,109,85,24
E01001789,"L1, L2 and L3: Higher managerial, administrative and professional occupations",220,142,78
E01001789,L10 and L11: Lower supervisory and technical occupations,37,77,-40
E01001789,L12: Semi-routine occupations,105,146,-41
E01001789,L13: Routine occupations,121,106,15
E01001789,L14.1 and L14.2: Never worked and long-term unemployed,203,138,65
E01001789,L15: Full-time students,95,141,-46
E01001789,"L4, L5 and L6: Lower managerial, administrative and professional occupations",381,363,18
E01001789,L7: Intermediate occupations,117,121,-4
E01001789,L8 and L9: Small employers and own account workers,117,109,8
E01001790,"L1, L2 and L3: Higher managerial, administrative and professional occupations",62,31,31
E01001790,L10 and L11: Lower supervisory and technical occupations,57,47,10
E01001790,L12: Semi-routine occupations,136,153,-17
E01001790,L13: Routine occupations,175,107,68
E01001790,L14.1 and L14.2: Never worked and long-term unemployed,194,182,12
E01001790,L15: Full-time students,147,128,19
E01001790,"L4, L5 and L6: Lower managerial, administrative and professional occupations",182,127,55
E01001790,L7: Intermediate occupations,109,86,23
E01001790,L8 and L9: Small employers and own account workers,85,53,32
E01001791,"L1, L2 and L3: Higher managerial, administrative and professional occupations",156,75,81
E01001791,L10 and L11: Lower supervisory and technical occupations,38,60,-22
E01001791,L12: Semi-routine occupations,121,144,-23
E01001791,L13: Routine occupations,113,97,16
E01001791,L14.1 and L14.2: Never worked and long-term unemployed,152,190,-38
E01001791,L15: Full-time students,138,153,-15
E01001791,"L4, L5 and L6: Lower managerial, administrative and professional occupations",237,195,42
E01001791,L7: Intermediate occupations,94,112,-18
E01001791,L8 and L9: Small employers and own account workers,107,83,24
E01001792,"L1, L2 and L3: Higher managerial, administrative and professional occupations",243,142,101
E01001792,L10 and L11: Lower supervisory and technical occupations,46,58,-12
E01001792,L12: Semi-routine occupations,122,130,-8
E01001792,L13: Routine occupations,148,124,24
E01001792,L14.1 and L14.2: Never worked and long-term unemployed,205,170,35
E01001792,L15: Full-time students,132,155,-23
E01001792,"L4, L5 and L6: Lower managerial, administrative and professional occupations",396,293,103
E01001792,L7: Intermediate occupations,126,124,2
E01001792,L8 and L9: Small employers and own account workers,167,158,9
E01001793,"L1, L2 and L3: Higher managerial, administrative and professional occupations",233,136,97
E01001793,L10 and L11: Lower supervisory and technical occupations,37,60,-23
E01001793,L12: Semi-routine occupations,105,144,-39
E01001793,L13: Routine occupations,91,127,-36
E01001793,L14.1 and L14.2: Never worked and long-term unemployed,112,121,-9
E01001793,L15: Full-time students,84,123,-39
E01001793,"L4, L5 and L6: Lower managerial, administrative and professional occupations",363,376,-13
E01001793,L7: Intermediate occupations,84,119,-35
E01001793,L8 and L9: Small employers and own account workers,149,139,10
E01001794,"L1, L2 and L3: Higher managerial, administrative and professional occupations",279,173,106
E01001794,L10 and L11: Lower supervisory and technical occupations,40,55,-15
E01001794,L12: Semi-routine occupations,99,124,-25
E01001794,L13: Routine occupations,110,111,-1
E01001794,L14.1 and L14.2: Never worked and long-term unemployed,214,173,41
E01001794,L15: Full-time students,111,178,-67
E01001794,"L4, L5 and L6: Lower managerial, administrative and professional occupations",466,363,103
E01001794,L7: Intermediate occupations,132,128,4
E01001794,L8 and L9: Small employers and own account workers,164,165,-1
E01001795,"L1, L2 and L3: Higher managerial, administrative and professional occupations",227,143,84
E01001795,L10 and L11: Lower supervisory and technical occupations,41,54,-13
E01001795,L12: Semi-routine occupations,74,99,-25
E01001795,L13: Routine occupations,81,87,-6
E01001795,L14.1 and L14.2: Never worked and long-term unemployed,89,129,-40
E01001795,L15: Full-time students,92,107,-15
E01001795,"L4, L5 and L6: Lower managerial, administrative and professional occupations",293,339,-46
E01001795,L7: Intermediate occupations,70,92,-22
E01001795,L8 and L9: Small employers and own account workers,132,116,16
E01001796,"L1, L2 and L3: Higher managerial, administrative and professional occupations",229,148,81
E01001796,L10 and L11: Lower supervisory and technical occupations,45,47,-2
E01001796,L12: Semi-routine occupations,100,146,-46
E01001796,L13: Routine occupations,105,118,-13
E01001796,L14.1 and L14.2: Never worked and long-term unemployed,123,155,-32
E01001796,L15: Full-time students,81,158,-77
E01001796,"L4, L5 and L6: Lower managerial, administrative and professional occupations",340,319,21
E01001796,L7: Intermediate occupations,69,112,-43
E01001796,L8 and L9: Small employers and own account workers,156,153,3
E01001798,"L1, L2 and L3: Higher managerial, administrative and professional occupations",204,71,133
E01001798,L10 and L11: Lower supervisory and technical occupations,58,66,-8
E01001798,L12: Semi-routine occupations,136,168,-32
E01001798,L13: Routine occupations,199,150,49
E01001798,L14.1 and L14.2: Never worked and long-term unemployed,277,225,52
E01001798,L15: Full-time students,183,153,30
E01001798,"L4, L5 and L6: Lower managerial, administrative and professional occupations",312,218,94
E01001798,L7: Intermediate occupations,193,113,80
E01001798,L8 and L9: Small employers and own account workers,129,97,32
E01001799,"L1, L2 and L3: Higher managerial, administrative and professional occupations",121,94,27
E01001799,L10 and L11: Lower supervisory and technical occupations,19,21,-2
E01001799,L12: Semi-routine occupations,85,49,36
E01001799,L13: Routine occupations,54,27,27
E01001799,L14.1 and L14.2: Never worked and long-term unemployed,97,96,1
E01001799,L15: Full-time students,121,105,16
E01001799,"L4, L5 and L6: Lower managerial, administrative and professional occupations",225,184,41
E01001799,L7: Intermediate occupations,152,96,56
E01001799,L8 and L9: Small employers and own account workers,72,71,1
E01001800,"L1, L2 and L3: Higher managerial, administrative and professional occupations",97,59,38
E01001800,L10 and L11: Lower supervisory and technical occupations,38,61,-23
E01001800,L12: Semi-routine occupations,135,152,-17
E01001800,L13: Routine occupations,114,97,17
E01001800,L14.1 and L14.2: Never worked and long-term unemployed,217,217,0
E01001800,L15: Full-time students,125,148,-23
E01001800,"L4, L5 and L6: Lower managerial, administrative and professional occupations",217,264,-47
E01001800,L7: Intermediate occupations,162,165,-3
E01001800,L8 and L9: Small employers and own account workers,81,89,-8
E01001801,"L1, L2 and L3: Higher managerial, administrative and professional occupations",177,104,73
E01001801,L10 and L11: Lower supervisory and technical occupations,27,31,-4
E01001801,L12: Semi-routine occupations,94,86,8
E01001801,L13: Routine occupations,73,62,11
E01001801,L14.1 and L14.2: Never worked and long-term unemployed,200,128,72
E01001801,L15: Full-time students,119,153,-34
E01001801,"L4, L5 and L6: Lower managerial, administrative and professional occupations",244,272,-28
E01001801,L7: Intermediate occupations,151,94,57
E01001801,L8 and L9: Small employers and own account workers,77,76,1
E01001802,"L1, L2 and L3: Higher managerial, administrative and professional occupations",110,73,37
E01001802,L10 and L11: Lower supervisory and technical occupations,30,30,0
E01001802,L12: Semi-routine occupations,107,91,16
E01001802,L13: Routine occupations,108,57,51
E01001802,L14.1 and L14.2: Never worked and long-term unemployed,156,134,22
E01001802,L15: Full-time students,100,119,-19
E01001802,"L4, L5 and L6: Lower managerial, administrative and professional occupations",224,210,14
E01001802,L7: Intermediate occupations,104,87,17
E01001802,L8 and L9: Small employers and own account workers,74,54,20
E01001803,"L1, L2 and L3: Higher managerial, administrative and professional occupations",348,226,122
E01001803,L10 and L11: Lower supervisory and technical occupations,33,28,5
E01001803,L12: Semi-routine occupations,68,85,-17
E01001803,L13: Routine occupations,72,58,14
E01001803,L14.1 and L14.2: Never worked and long-term unemployed,64,96,-32
E01001803,L15: Full-time students,118,121,-3
E01001803,"L4, L5 and L6: Lower managerial, administrative and professional occupations",426,450,-24
E01001803,L7: Intermediate occupations,93,140,-47
E01001803,L8 and L9: Small employers and own account workers,240,136,104
E01001804,"L1, L2 and L3: Higher managerial, administrative and professional occupations",134,90,44
E01001804,L10 and L11: Lower supervisory and technical occupations,21,35,-14
E01001804,L12: Semi-routine occupations,77,80,-3
E01001804,L13: Routine occupations,70,42,28
E01001804,L14.1 and L14.2: Never worked and long-term unemployed,155,148,7
E01001804,L15: Full-time students,131,112,19
E01001804,"L4, L5 and L6: Lower managerial, administrative and professional occupations",210,252,-42
E01001804,L7: Intermediate occupations,132,99,33
E01001804,L8 and L9: Small employers and own account workers,84,95,-11
E01001805,"L1, L2 and L3: Higher managerial, administrative and professional occupations",197,158,39
E01001805,L10 and L11: Lower supervisory and technical occupations,26,28,-2
E01001805,L12: Semi-routine occupations,71,84,-13
E01001805,L13: Routine occupations,74,56,18
E01001805,L14.1 and L14.2: Never worked and long-term unemployed,104,70,34
E01001805,L15: Full-time students,75,104,-29
E01001805,"L4, L5 and L6: Lower managerial, administrative and professional occupations",262,300,-38
E01001805,L7: Intermediate occupations,83,109,-26
E01001805,L8 and L9: Small employers and own account workers,90,86,4
E01001806,"L1, L2 and L3: Higher managerial, administrative and professional occupations",259,183,76
E01001806,L10 and L11: Lower supervisory and technical occupations,34,62,-28
E01001806,L12: Semi-routine occupations,99,92,7
E01001806,L13: Routine occupations,87,87,0
E01001806,L14.1 and L14.2: Never worked and long-term unemployed,131,123,8
E01001806,L15: Full-time students,68,112,-44
E01001806,"L4, L5 and L6: Lower managerial, administrative and professional occupations",311,331,-20
E01001806,L7: Intermediate occupations,89,127,-38
E01001806,L8 and L9: Small employers and own account workers,135,92,43
E01001807,"L1, L2 and L3: Higher managerial, administrative and professional occupations",163,96,67
E01001807,L10 and L11: Lower supervisory and technical occupations,46,61,-15
E01001807,L12: Semi-routine occupations,112,115,-3
E01001807,L13: Routine occupations,95,96,-1
E01001807,L14.1 and L14.2: Never worked and long-term unemployed,164,173,-9
E01001807,L15: Full-time students,186,140,46
E01001807,"L4, L5 and L6: Lower managerial, administrative and professional occupations",255,323,-68
E01001807,L7: Intermediate occupations,154,129,25
E01001807,L8 and L9: Small employers and own account workers,136,142,-6
E01001808,"L1, L2 and L3: Higher managerial, administrative and professional occupations",84,66,18
E01001808,L10 and L11: Lower supervisory and technical occupations,33,40,-7
E01001808,L12: Semi-routine occupations,80,78,2
E01001808,L13: Routine occupations,100,70,30
E01001808,L14.1 and L14.2: Never worked and long-term unemployed,144,194,-50
E01001808,L15: Full-time students,109,158,-49
E01001808,"L4, L5 and L6: Lower managerial, administrative and professional occupations",209,217,-8
E01001808,L7: Intermediate occupations,182,149,33
E01001808,L8 and L9: Small employers and own account workers,113,157,-44
E01001809,"L1, L2 and L3: Higher managerial, administrative and professional occupations",102,91,11
E01001809,L10 and L11: Lower supervisory and technical occupations,31,71,-40
E01001809,L12: Semi-routine occupations,111,93,18
E01001809,L13: Routine occupations,82,90,-8
E01001809,L14.1 and L14.2: Never worked and long-term unemployed,178,171,7
E01001809,L15: Full-time students,135,169,-34
E01001809,"L4, L5 and L6: Lower managerial, administrative and professional occupations",236,229,7
E01001809,L7: Intermediate occupations,230,158,72
E01001809,L8 and L9: Small employers and own account workers,112,133,-21
E01001811,"L1, L2 and L3: Higher managerial, administrative and professional occupations",196,32,164
E01001811,L10 and L11: Lower supervisory and technical occupations,42,59,-17
E01001811,L12: Semi-routine occupations,129,150,-21
E01001811,L13: Routine occupations,127,144,-17
E01001811,L14.1 and L14.2: Never worked and long-term unemployed,196,216,-20
E01001811,L15: Full-time students,140,141,-1
E01001811,"L4, L5 and L6: Lower managerial, administrative and professional occupations",223,154,69
E01001811,L7: Intermediate occupations,130,107,23
E01001811,L8 and L9: Small employers and own account workers,111,77,34
E01001812,"L1, L2 and L3: Higher managerial, administrative and professional occupations",126,83,43
E01001812,L10 and L11: Lower supervisory and technical occupations,27,52,-25
E01001812,L12: Semi-routine occupations,84,86,-2
E01001812,L13: Routine occupations,88,74,14
E01001812,L14.1 and L14.2: Never worked and long-term unemployed,253,203,50
E01001812,L15: Full-time students,168,153,15
E01001812,"L4, L5 and L6: Lower managerial, administrative and professional occupations",246,248,-2
E01001812,L7: Intermediate occupations,137,160,-23
E01001812,L8 and L9: Small employers and own account workers,93,79,14
E01001813,"L1, L2 and L3: Higher managerial, administrative and professional occupations",110,48,62
E01001813,L10 and L11: Lower supervisory and technical occupations,87,63,24
E01001813,L12: Semi-routine occupations,163,125,38
E01001813,L13: Routine occupations,168,119,49
E01001813,L14.1 and L14.2: Never worked and long-term unemployed,341,137,204
E01001813,L15: Full-time students,140,188,-48
E01001813,"L4, L5 and L6: Lower managerial, administrative and professional occupations",192,119,73
E01001813,L7: Intermediate occupations,154,68,86
E01001813,L8 and L9: Small employers and own account workers,129,76,53
E01001814,"L1, L2 and L3: Higher managerial, administrative and professional occupations",127,99,28
E01001814,L10 and L11: Lower supervisory and technical occupations,34,50,-16
E01001814,L12: Semi-routine occupations,90,86,4
E01001814,L13: Routine occupations,94,88,6
E01001814,L14.1 and L14.2: Never worked and long-term unemployed,123,148,-25
E01001814,L15: Full-time students,136,141,-5
E01001814,"L4, L5 and L6: Lower managerial, administrative and professional occupations",220,224,-4
E01001814,L7: Intermediate occupations,156,132,24
E01001814,L8 and L9: Small employers and own account workers,128,145,-17
E01001815,"L1, L2 and L3: Higher managerial, administrative and professional occupations",189,114,75
E01001815,L10 and L11: Lower supervisory and technical occupations,67,81,-14
E01001815,L12: Semi-routine occupations,125,140,-15
E01001815,L13: Routine occupations,135,121,14
E01001815,L14.1 and L14.2: Never worked and long-term unemployed,292,204,88
E01001815,L15: Full-time students,120,176,-56
E01001815,"L4, L5 and L6: Lower managerial, administrative and professional occupations",289,268,21
E01001815,L7: Intermediate occupations,111,131,-20
E01001815,L8 and L9: Small employers and own account workers,114,94,20
E01001816,"L1, L2 and L3: Higher managerial, administrative and professional occupations",250,157,93
E01001816,L10 and L11: Lower supervisory and technical occupations,47,50,-3
E01001816,L12: Semi-routine occupations,90,98,-8
E01001816,L13: Routine occupations,95,81,14
E01001816,L14.1 and L14.2: Never worked and long-term unemployed,118,115,3
E01001816,L15: Full-time students,91,150,-59
E01001816,"L4, L5 and L6: Lower managerial, administrative and professional occupations",345,373,-28
E01001816,L7: Intermediate occupations,95,108,-13
E01001816,L8 and L9: Small employers and own account workers,121,118,3
E01001819,"L1, L2 and L3: Higher managerial, administrative and professional occupations",293,199,94
E01001819,L10 and L11: Lower supervisory and technical occupations,41,53,-12
E01001819,L12: Semi-routine occupations,98,100,-2
E01001819,L13: Routine occupations,108,82,26
E01001819,L14.1 and L14.2: Never worked and long-term unemployed,167,103,64
E01001819,L15: Full-time students,95,102,-7
E01001819,"L4, L5 and L6: Lower managerial, administrative and professional occupations",299,384,-85
E01001819,L7: Intermediate occupations,120,112,8
E01001819,L8 and L9: Small employers and own account workers,127,125,2
E01001820,"L1, L2 and L3: Higher managerial, administrative and professional occupations",149,77,72
E01001820,L10 and L11: Lower supervisory and technical occupations,62,68,-6
E01001820,L12: Semi-routine occupations,124,142,-18
E01001820,L13: Routine occupations,115,115,0
E01001820,L14.1 and L14.2: Never worked and long-term unemployed,195,171,24
E01001820,L15: Full-time students,109,139,-30
E01001820,"L4, L5 and L6: Lower managerial, administrative and professional occupations",208,234,-26
E01001820,L7: Intermediate occupations,85,108,-23
E01001820,L8 and L9: Small employers and own account workers,101,72,29
E01001821,"L1, L2 and L3: Higher managerial, administrative and professional occupations",112,67,45
E01001821,L10 and L11: Lower supervisory and technical occupations,44,56,-12
E01001821,L12: Semi-routine occupations,135,164,-29
E01001821,L13: Routine occupations,111,125,-14
E01001821,L14.1 and L14.2: Never worked and long-term unemployed,173,170,3
E01001821,L15: Full-time students,106,130,-24
E01001821,"L4, L5 and L6: Lower managerial, administrative and professional occupations",242,242,0
E01001821,L7: Intermediate occupations,103,88,15
E01001821,L8 and L9: Small employers and own account workers,89,66,23
E01001822,"L1, L2 and L3: Higher managerial, administrative and professional occupations",100,44,56
E01001822,L10 and L11: Lower supervisory and technical occupations,40,66,-26
E01001822,L12: Semi-routine occupations,130,153,-23
E01001822,L13: Routine occupations,156,146,10
E01001822,L14.1 and L14.2: Never worked and long-term unemployed,183,246,-63
E01001822,L15: Full-time students,241,167,74
E01001822,"L4, L5 and L6: Lower managerial, administrative and professional occupations",279,188,91
E01001822,L7: Intermediate occupations,172,112,60
E01001822,L8 and L9: Small employers and own account workers,115,110,5
E01001823,"L1, L2 and L3: Higher managerial, administrative and professional occupations",119,63,56
E01001823,L10 and L11: Lower supervisory and technical occupations,35,33,2
E01001823,L12: Semi-routine occupations,100,119,-19
E01001823,L13: Routine occupations,92,67,25
E01001823,L14.1 and L14.2: Never worked and long-term unemployed,152,213,-61
E01001823,L15: Full-time students,132,138,-6
E01001823,"L4, L5 and L6: Lower managerial, administrative and professional occupations",207,221,-14
E01001823,L7: Intermediate occupations,153,145,8
E01001823,L8 and L9: Small employers and own account workers,125,88,37
E01001824,"L1, L2 and L3: Higher managerial, administrative and professional occupations",79,40,39
E01001824,L10 and L11: Lower supervisory and technical occupations,42,52,-10
E01001824,L12: Semi-routine occupations,101,91,10
E01001824,L13: Routine occupations,61,76,-15
E01001824,L14.1 and L14.2: Never worked and long-term unemployed,177,188,-11
E01001824,L15: Full-time students,110,137,-27
E01001824,"L4, L5 and L6: Lower managerial, administrative and professional occupations",196,164,32
E01001824,L7: Intermediate occupations,145,94,51
E01001824,L8 and L9: Small employers and own account workers,89,90,-1
E01001825,"L1, L2 and L3: Higher managerial, administrative and professional occupations",124,64,60
E01001825,L10 and L11: Lower supervisory and technical occupations,11,25,-14
E01001825,L12: Semi-routine occupations,57,63,-6
E01001825,L13: Routine occupations,42,57,-15
E01001825,L14.1 and L14.2: Never worked and long-term unemployed,104,145,-41
E01001825,L15: Full-time students,104,139,-35
E01001825,"L4, L5 and L6: Lower managerial, administrative and professional occupations",171,188,-17
E01001825,L7: Intermediate occupations,161,124,37
E01001825,L8 and L9: Small employers and own account workers,96,90,6
E01001826,"L1, L2 and L3: Higher managerial, administrative and professional occupations",89,55,34
E01001826,L10 and L11: Lower supervisory and technical occupations,27,51,-24
E01001826,L12: Semi-routine occupations,96,119,-23
E01001826,L13: Routine occupations,76,112,-36
E01001826,L14.1 and L14.2: Never worked and long-term unemployed,179,190,-11
E01001826,L15: Full-time students,124,130,-6
E01001826,"L4, L5 and L6: Lower managerial, administrative and professional occupations",181,213,-32
E01001826,L7: Intermediate occupations,160,121,39
E01001826,L8 and L9: Small employers and own account workers,87,91,-4
E01001827,"L1, L2 and L3: Higher managerial, administrative and professional occupations",100,71,29
E01001827,L10 and L11: Lower supervisory and technical occupations,44,49,-5
E01001827,L12: Semi-routine occupations,122,143,-21
E01001827,L13: Routine occupations,126,130,-4
E01001827,L14.1 and L14.2: Never worked and long-term unemployed,180,226,-46
E01001827,L15: Full-time students,148,170,-22
E01001827,"L4, L5 and L6: Lower managerial, administrative and professional occupations",202,191,11
E01001827,L7: Intermediate occupations,148,152,-4
E01001827,L8 and L9: Small employers and own account workers,108,92,16
E01001828,"L1, L2 and L3: Higher managerial, administrative and professional occupations",162,76,86
E01001828,L10 and L11: Lower supervisory and technical occupations,59,83,-24
E01001828,L12: Semi-routine occupations,139,191,-52
E01001828,L13: Routine occupations,167,141,26
E01001828,L14.1 and L14.2: Never worked and long-term unemployed,236,251,-15
E01001828,L15: Full-time students,162,166,-4
E01001828,"L4, L5 and L6: Lower managerial, administrative and professional occupations",325,258,67
E01001828,L7: Intermediate occupations,143,125,18
E01001828,L8 and L9: Small employers and own account workers,162,136,26
E01001829,"L1, L2 and L3: Higher managerial, administrative and professional occupations",396,287,109
E01001829,L10 and L11: Lower supervisory and technical occupations,41,48,-7
E01001829,L12: Semi-routine occupations,47,70,-23
E01001829,L13: Routine occupations,68,60,8
E01001829,L14.1 and L14.2: Never worked and long-term unemployed,81,72,9
E01001829,L15: Full-time students,94,108,-14
E01001829,"L4, L5 and L6: Lower managerial, administrative and professional occupations",432,497,-65
E01001829,L7: Intermediate occupations,114,105,9
E01001829,L8 and L9: Small employers and own account workers,136,122,14
E01001830,"L1, L2 and L3: Higher managerial, administrative and professional occupations",268,133,135
E01001830,L10 and L11: Lower supervisory and technical occupations,72,83,-11
E01001830,L12: Semi-routine occupations,129,188,-59
E01001830,L13: Routine occupations,166,155,11
E01001830,L14.1 and L14.2: Never worked and long-term unemployed,208,176,32
E01001830,L15: Full-time students,106,141,-35
E01001830,"L4, L5 and L6: Lower managerial, administrative and professional occupations",400,371,29
E01001830,L7: Intermediate occupations,138,176,-38
E01001830,L8 and L9: Small employers and own account workers,140,133,7
E01001831,"L1, L2 and L3: Higher managerial, administrative and professional occupations",343,190,153
E01001831,L10 and L11: Lower supervisory and technical occupations,51,75,-24
E01001831,L12: Semi-routine occupations,91,107,-16
E01001831,L13: Routine occupations,109,97,12
E01001831,L14.1 and L14.2: Never worked and long-term unemployed,133,96,37
E01001831,L15: Full-time students,83,128,-45
E01001831,"L4, L5 and L6: Lower managerial, administrative and professional occupations",395,434,-39
E01001831,L7: Intermediate occupations,129,140,-11
E01001831,L8 and L9: Small employers and own account workers,167,121,46
E01001832,"L1, L2 and L3: Higher managerial, administrative and professional occupations",251,169,82
E01001832,L10 and L11: Lower supervisory and technical occupations,50,63,-13
E01001832,L12: Semi-routine occupations,106,110,-4
E01001832,L13: Routine occupations,94,90,4
E01001832,L14.1 and L14.2: Never worked and long-term unemployed,184,129,55
E01001832,L15: Full-time students,110,129,-19
E01001832,"L4, L5 and L6: Lower managerial, administrative and professional occupations",338,375,-37
E01001832,L7: Intermediate occupations,110,142,-32
E01001832,L8 and L9: Small employers and own account workers,163,132,31
E01001833,"L1, L2 and L3: Higher managerial, administrative and professional occupations",346,218,128
E01001833,L10 and L11: Lower supervisory and technical occupations,51,52,-1
E01001833,L12: Semi-routine occupations,123,149,-26
E01001833,L13: Routine occupations,138,129,9
E01001833,L14.1 and L14.2: Never worked and long-term unemployed,195,191,4
E01001833,L15: Full-time students,128,203,-75
E01001833,"L4, L5 and L6: Lower managerial, administrative and professional occupations",453,474,-21
E01001833,L7: Intermediate occupations,133,137,-4
E01001833,L8 and L9: Small employers and own account workers,184,143,41
E01001834,"L1, L2 and L3: Higher managerial, administrative and professional occupations",330,250,80
E01001834,L10 and L11: Lower supervisory and technical occupations,53,72,-19
E01001834,L12: Semi-routine occupations,90,158,-68
E01001834,L13: Routine occupations,97,86,11
E01001834,L14.1 and L14.2: Never worked and long-term unemployed,163,132,31
E01001834,L15: Full-time students,107,140,-33
E01001834,"L4, L5 and L6: Lower managerial, administrative and professional occupations",482,535,-53
E01001834,L7: Intermediate occupations,133,152,-19
E01001834,L8 and L9: Small employers and own account workers,224,155,69
E01001835,"L1, L2 and L3: Higher managerial, administrative and professional occupations",279,156,123
E01001835,L10 and L11: Lower supervisory and technical occupations,25,47,-22
E01001835,L12: Semi-routine occupations,63,75,-12
E01001835,L13: Routine occupations,57,71,-14
E01001835,L14.1 and L14.2: Never worked and long-term unemployed,76,70,6
E01001835,L15: Full-time students,74,113,-39
E01001835,"L4, L5 and L6: Lower managerial, administrative and professional occupations",323,323,0
E01001835,L7: Intermediate occupations,70,87,-17
E01001835,L8 and L9: Small employers and own account workers,99,89,10
E01001836,"L1, L2 and L3: Higher managerial, administrative and professional occupations",334,182,152
E01001836,L10 and L11: Lower supervisory and technical occupations,58,79,-21
E01001836,L12: Semi-routine occupations,111,131,-20
E01001836,L13: Routine occupations,135,100,35
E01001836,L14.1 and L14.2: Never worked and long-term unemployed,144,147,-3
E01001836,L15: Full-time students,121,97,24
E01001836,"L4, L5 and L6: Lower managerial, administrative and professional occupations",370,375,-5
E01001836,L7: Intermediate occupations,133,155,-22
E01001836,L8 and L9: Small employers and own account workers,155,125,30
E01001837,"L1, L2 and L3: Higher managerial, administrative and professional occupations",338,265,73
E01001837,L10 and L11: Lower supervisory and technical occupations,35,43,-8
E01001837,L12: Semi-routine occupations,55,79,-24
E01001837,L13: Routine occupations,55,51,4
E01001837,L14.1 and L14.2: Never worked and long-term unemployed,79,63,16
E01001837,L15: Full-time students,68,62,6
E01001837,"L4, L5 and L6: Lower managerial, administrative and professional occupations",364,384,-20
E01001837,L7: Intermediate occupations,101,138,-37
E01001837,L8 and L9: Small employers and own account workers,121,115,6
E01001838,"L1, L2 and L3: Higher managerial, administrative and professional occupations",105,46,59
E01001838,L10 and L11: Lower supervisory and technical occupations,63,67,-4
E01001838,L12: Semi-routine occupations,184,156,28
E01001838,L13: Routine occupations,186,144,42
E01001838,L14.1 and L14.2: Never worked and long-term unemployed,237,243,-6
E01001838,L15: Full-time students,158,176,-18
E01001838,"L4, L5 and L6: Lower managerial, administrative and professional occupations",201,156,45
E01001838,L7: Intermediate occupations,105,119,-14
E01001838,L8 and L9: Small employers and own account workers,101,72,29
E01001839,"L1, L2 and L3: Higher managerial, administrative and professional occupations",505,228,277
E01001839,L10 and L11: Lower supervisory and technical occupations,70,75,-5
E01001839,L12: Semi-routine occupations,109,142,-33
E01001839,L13: Routine occupations,157,109,48
E01001839,L14.1 and L14.2: Never worked and long-term unemployed,144,152,-8
E01001839,L15: Full-time students,206,271,-65
E01001839,"L4, L5 and L6: Lower managerial, administrative and professional occupations",566,566,0
E01001839,L7: Intermediate occupations,128,155,-27
E01001839,L8 and L9: Small employers and own account workers,193,163,30
E01001840,"L1, L2 and L3: Higher managerial, administrative and professional occupations",159,103,56
E01001840,L10 and L11: Lower supervisory and technical occupations,49,69,-20
E01001840,L12: Semi-routine occupations,115,112,3
E01001840,L13: Routine occupations,147,133,14
E01001840,L14.1 and L14.2: Never worked and long-term unemployed,232,204,28
E01001840,L15: Full-time students,108,123,-15
E01001840,"L4, L5 and L6: Lower managerial, administrative and professional occupations",231,234,-3
E01001840,L7: Intermediate occupations,101,135,-34
E01001840,L8 and L9: Small employers and own account workers,147,98,49
E01001841,"L1, L2 and L3: Higher managerial, administrative and professional occupations",180,153,27
E01001841,L10 and L11: Lower supervisory and technical occupations,32,49,-17
E01001841,L12: Semi-routine occupations,92,125,-33
E01001841,L13: Routine occupations,99,86,13
E01001841,L14.1 and L14.2: Never worked and long-term unemployed,167,119,48
E01001841,L15: Full-time students,82,100,-18
E01001841,"L4, L5 and L6: Lower managerial, administrative and professional occupations",274,240,34
E01001841,L7: Intermediate occupations,93,110,-17
E01001841,L8 and L9: Small employers and own account workers,101,91,10
E01001842,"L1, L2 and L3: Higher managerial, administrative and professional occupations",197,90,107
E01001842,L10 and L11: Lower supervisory and technical occupations,34,59,-25
E01001842,L12: Semi-routine occupations,130,132,-2
E01001842,L13: Routine occupations,120,94,26
E01001842,L14.1 and L14.2: Never worked and long-term unemployed,157,166,-9
E01001842,L15: Full-time students,131,165,-34
E01001842,"L4, L5 and L6: Lower managerial, administrative and professional occupations",263,272,-9
E01001842,L7: Intermediate occupations,125,115,10
E01001842,L8 and L9: Small employers and own account workers,110,92,18
E01001843,"L1, L2 and L3: Higher managerial, administrative and professional occupations",182,120,62
E01001843,L10 and L11: Lower supervisory and technical occupations,32,33,-1
E01001843,L12: Semi-routine occupations,85,83,2
E01001843,L13: Routine occupations,73,76,-3
E01001843,L14.1 and L14.2: Never worked and long-term unemployed,121,92,29
E01001843,L15: Full-time students,91,106,-15
E01001843,"L4, L5 and L6: Lower managerial, administrative and professional occupations",236,248,-12
E01001843,L7: Intermediate occupations,85,116,-31
E01001843,L8 and L9: Small employers and own account workers,76,70,6
E01001844,"L1, L2 and L3: Higher managerial, administrative and professional occupations",324,207,117
E01001844,L10 and L11: Lower supervisory and technical occupations,54,49,5
E01001844,L12: Semi-routine occupations,101,95,6
E01001844,L13: Routine occupations,110,84,26
E01001844,L14.1 and L14.2: Never worked and long-term unemployed,147,126,21
E01001844,L15: Full-time students,223,350,-127
E01001844,"L4, L5 and L6: Lower managerial, administrative and professional occupations",388,415,-27
E01001844,L7: Intermediate occupations,97,141,-44
E01001844,L8 and L9: Small employers and own account workers,148,128,20
E01001845,"L1, L2 and L3: Higher managerial, administrative and professional occupations",137,82,55
E01001845,L10 and L11: Lower supervisory and technical occupations,51,66,-15
E01001845,L12: Semi-routine occupations,150,157,-7
E01001845,L13: Routine occupations,156,136,20
E01001845,L14.1 and L14.2: Never worked and long-term unemployed,239,178,61
E01001845,L15: Full-time students,107,127,-20
E01001845,"L4, L5 and L6: Lower managerial, administrative and professional occupations",219,203,16
E01001845,L7: Intermediate occupations,113,115,-2
E01001845,L8 and L9: Small employers and own account workers,120,73,47
E01001846,"L1, L2 and L3: Higher managerial, administrative and professional occupations",96,64,32
E01001846,L10 and L11: Lower supervisory and technical occupations,40,59,-19
E01001846,L12: Semi-routine occupations,101,104,-3
E01001846,L13: Routine occupations,120,104,16
E01001846,L14.1 and L14.2: Never worked and long-term unemployed,187,127,60
E01001846,L15: Full-time students,78,100,-22
E01001846,"L4, L5 and L6: Lower managerial, administrative and professional occupations",201,146,55
E01001846,L7: Intermediate occupations,102,117,-15
E01001846,L8 and L9: Small employers and own account workers,91,76,15
E01001847,"L1, L2 and L3: Higher managerial, administrative and professional occupations",177,55,122
E01001847,L10 and L11: Lower supervisory and technical occupations,43,46,-3
E01001847,L12: Semi-routine occupations,101,121,-20
E01001847,L13: Routine occupations,113,108,5
E01001847,L14.1 and L14.2: Never worked and long-term unemployed,119,108,11
E01001847,L15: Full-time students,88,93,-5
E01001847,"L4, L5 and L6: Lower managerial, administrative and professional occupations",265,177,88
E01001847,L7: Intermediate occupations,109,82,27
E01001847,L8 and L9: Small employers and own account workers,110,68,42
E01001848,"L1, L2 and L3: Higher managerial, administrative and professional occupations",195,139,56
E01001848,L10 and L11: Lower supervisory and technical occupations,74,50,24
E01001848,L12: Semi-routine occupations,134,116,18
E01001848,L13: Routine occupations,146,102,44
E01001848,L14.1 and L14.2: Never worked and long-term unemployed,301,171,130
E01001848,L15: Full-time students,180,140,40
E01001848,"L4, L5 and L6: Lower managerial, administrative and professional occupations",297,281,16
E01001848,L7: Intermediate occupations,118,124,-6
E01001848,L8 and L9: Small employers and own account workers,152,89,63
E01001849,"L1, L2 and L3: Higher managerial, administrative and professional occupations",360,139,221
E01001849,L10 and L11: Lower supervisory and technical occupations,88,71,17
E01001849,L12: Semi-routine occupations,151,186,-35
E01001849,L13: Routine occupations,161,121,40
E01001849,L14.1 and L14.2: Never worked and long-term unemployed,209,233,-24
E01001849,L15: Full-time students,170,213,-43
E01001849,"L4, L5 and L6: Lower managerial, administrative and professional occupations",554,489,65
E01001849,L7: Intermediate occupations,166,193,-27
E01001849,L8 and L9: Small employers and own account workers,212,154,58
E01001850,"L1, L2 and L3: Higher managerial, administrative and professional occupations",91,54,37
E01001850,L10 and L11: Lower supervisory and technical occupations,39,71,-32
E01001850,L12: Semi-routine occupations,175,170,5
E01001850,L13: Routine occupations,200,157,43
E01001850,L14.1 and L14.2: Never worked and long-term unemployed,237,225,12
E01001850,L15: Full-time students,201,166,35
E01001850,"L4, L5 and L6: Lower managerial, administrative and professional occupations",240,159,81
E01001850,L7: Intermediate occupations,104,134,-30
E01001850,L8 and L9: Small employers and own account workers,115,58,57
E01001851,"L1, L2 and L3: Higher managerial, administrative and professional occupations",408,315,93
E01001851,L10 and L11: Lower supervisory and technical occupations,20,35,-15
E01001851,L12: Semi-routine occupations,55,80,-25
E01001851,L13: Routine occupations,54,52,2
E01001851,L14.1 and L14.2: Never worked and long-term unemployed,72,33,39
E01001851,L15: Full-time students,91,76,15
E01001851,"L4, L5 and L6: Lower managerial, administrative and professional occupations",286,454,-168
E01001851,L7: Intermediate occupations,64,105,-41
E01001851,L8 and L9: Small employers and own account workers,126,117,9
E01001852,"L1, L2 and L3: Higher managerial, administrative and professional occupations",435,406,29
E01001852,L10 and L11: Lower supervisory and technical occupations,44,52,-8
E01001852,L12: Semi-routine occupations,75,74,1
E01001852,L13: Routine occupations,70,60,10
E01001852,L14.1 and L14.2: Never worked and long-term unemployed,91,57,34
E01001852,L15: Full-time students,112,171,-59
E01001852,"L4, L5 and L6: Lower managerial, administrative and professional occupations",397,501,-104
E01001852,L7: Intermediate occupations,110,141,-31
E01001852,L8 and L9: Small employers and own account workers,138,133,5
E01001853,"L1, L2 and L3: Higher managerial, administrative and professional occupations",364,320,44
E01001853,L10 and L11: Lower supervisory and technical occupations,38,38,0
E01001853,L12: Semi-routine occupations,62,73,-11
E01001853,L13: Routine occupations,76,59,17
E01001853,L14.1 and L14.2: Never worked and long-term unemployed,90,51,39
E01001853,L15: Full-time students,96,82,14
E01001853,"L4, L5 and L6: Lower managerial, administrative and professional occupations",310,415,-105
E01001853,L7: Intermediate occupations,80,101,-21
E01001853,L8 and L9: Small employers and own account workers,140,106,34
E01001854,"L1, L2 and L3: Higher managerial, administrative and professional occupations",364,328,36
E01001854,L10 and L11: Lower supervisory and technical occupations,53,51,2
E01001854,L12: Semi-routine occupations,117,97,20
E01001854,L13: Routine occupations,93,81,12
E01001854,L14.1 and L14.2: Never worked and long-term unemployed,96,81,15
E01001854,L15: Full-time students,140,125,15
E01001854,"L4, L5 and L6: Lower managerial, administrative and professional occupations",381,443,-62
E01001854,L7: Intermediate occupations,162,151,11
E01001854,L8 and L9: Small employers and own account workers,137,101,36
E01001855,"L1, L2 and L3: Higher managerial, administrative and professional occupations",408,369,39
E01001855,L10 and L11: Lower supervisory and technical occupations,49,41,8
E01001855,L12: Semi-routine occupations,84,59,25
E01001855,L13: Routine occupations,72,58,14
E01001855,L14.1 and L14.2: Never worked and long-term unemployed,99,74,25
E01001855,L15: Full-time students,97,107,-10
E01001855,"L4, L5 and L6: Lower managerial, administrative and professional occupations",378,496,-118
E01001855,L7: Intermediate occupations,103,126,-23
E01001855,L8 and L9: Small employers and own account workers,149,122,27
E01001856,"L1, L2 and L3: Higher managerial, administrative and professional occupations",308,168,140
E01001856,L10 and L11: Lower supervisory and technical occupations,44,36,8
E01001856,L12: Semi-routine occupations,112,90,22
E01001856,L13: Routine occupations,88,70,18
E01001856,L14.1 and L14.2: Never worked and long-term unemployed,154,118,36
E01001856,L15: Full-time students,101,110,-9
E01001856,"L4, L5 and L6: Lower managerial, administrative and professional occupations",297,248,49
E01001856,L7: Intermediate occupations,106,108,-2
E01001856,L8 and L9: Small employers and own account workers,130,70,60
E01001857,"L1, L2 and L3: Higher managerial, administrative and professional occupations",177,148,29
E01001857,L10 and L11: Lower supervisory and technical occupations,74,66,8
E01001857,L12: Semi-routine occupations,161,140,21
E01001857,L13: Routine occupations,156,116,40
E01001857,L14.1 and L14.2: Never worked and long-term unemployed,184,140,44
E01001857,L15: Full-time students,130,110,20
E01001857,"L4, L5 and L6: Lower managerial, administrative and professional occupations",230,262,-32
E01001857,L7: Intermediate occupations,93,123,-30
E01001857,L8 and L9: Small employers and own account workers,113,80,33
E01001858,"L1, L2 and L3: Higher managerial, administrative and professional occupations",253,195,58
E01001858,L10 and L11: Lower supervisory and technical occupations,50,78,-28
E01001858,L12: Semi-routine occupations,127,107,20
E01001858,L13: Routine occupations,98,107,-9
E01001858,L14.1 and L14.2: Never worked and long-term unemployed,142,93,49
E01001858,L15: Full-time students,320,281,39
E01001858,"L4, L5 and L6: Lower managerial, administrative and professional occupations",313,342,-29
E01001858,L7: Intermediate occupations,117,127,-10
E01001858,L8 and L9: Small employers and own account workers,138,111,27
E01001859,"L1, L2 and L3: Higher managerial, administrative and professional occupations",427,352,75
E01001859,L10 and L11: Lower supervisory and technical occupations,70,69,1
E01001859,L12: Semi-routine occupations,166,148,18
E01001859,L13: Routine occupations,151,106,45
E01001859,L14.1 and L14.2: Never worked and long-term unemployed,190,193,-3
E01001859,L15: Full-time students,192,170,22
E01001859,"L4, L5 and L6: Lower managerial, administrative and professional occupations",551,541,10
E01001859,L7: Intermediate occupations,196,252,-56
E01001859,L8 and L9: Small employers and own account workers,190,114,76
E01001860,"L1, L2 and L3: Higher managerial, administrative and professional occupations",196,145,51
E01001860,L10 and L11: Lower supervisory and technical occupations,79,125,-46
E01001860,L12: Semi-routine occupations,136,132,4
E01001860,L13: Routine occupations,145,109,36
E01001860,L14.1 and L14.2: Never worked and long-term unemployed,167,154,13
E01001860,L15: Full-time students,157,164,-7
E01001860,"L4, L5 and L6: Lower managerial, administrative and professional occupations",296,324,-28
E01001860,L7: Intermediate occupations,114,125,-11
E01001860,L8 and L9: Small employers and own account workers,159,138,21
E01001861,"L1, L2 and L3: Higher managerial, administrative and professional occupations",182,162,20
E01001861,L10 and L11: Lower supervisory and technical occupations,48,64,-16
E01001861,L12: Semi-routine occupations,110,110,0
E01001861,L13: Routine occupations,92,114,-22
E01001861,L14.1 and L14.2: Never worked and long-term unemployed,151,110,41
E01001861,L15: Full-time students,84,109,-25
E01001861,"L4, L5 and L6: Lower managerial, administrative and professional occupations",259,321,-62
E01001861,L7: Intermediate occupations,95,98,-3
E01001861,L8 and L9: Small employers and own account workers,123,91,32
E01001862,"L1, L2 and L3: Higher managerial, administrative and professional occupations",294,201,93
E01001862,L10 and L11: Lower supervisory and technical occupations,48,82,-34
E01001862,L12: Semi-routine occupations,139,138,1
E01001862,L13: Routine occupations,145,112,33
E01001862,L14.1 and L14.2: Never worked and long-term unemployed,148,140,8
E01001862,L15: Full-time students,115,116,-1
E01001862,"L4, L5 and L6: Lower managerial, administrative and professional occupations",350,390,-40
E01001862,L7: Intermediate occupations,114,141,-27
E01001862,L8 and L9: Small employers and own account workers,150,114,36
E01001863,"L1, L2 and L3: Higher managerial, administrative and professional occupations",268,200,68
E01001863,L10 and L11: Lower supervisory and technical occupations,29,62,-33
E01001863,L12: Semi-routine occupations,60,84,-24
E01001863,L13: Routine occupations,106,82,24
E01001863,L14.1 and L14.2: Never worked and long-term unemployed,81,59,22
E01001863,L15: Full-time students,110,114,-4
E01001863,"L4, L5 and L6: Lower managerial, administrative and professional occupations",314,375,-61
E01001863,L7: Intermediate occupations,97,122,-25
E01001863,L8 and L9: Small employers and own account workers,125,118,7
E01001864,"L1, L2 and L3: Higher managerial, administrative and professional occupations",238,185,53
E01001864,L10 and L11: Lower supervisory and technical occupations,51,72,-21
E01001864,L12: Semi-routine occupations,95,89,6
E01001864,L13: Routine occupations,97,110,-13
E01001864,L14.1 and L14.2: Never worked and long-term unemployed,116,85,31
E01001864,L15: Full-time students,80,86,-6
E01001864,"L4, L5 and L6: Lower managerial, administrative and professional occupations",331,385,-54
E01001864,L7: Intermediate occupations,100,130,-30
E01001864,L8 and L9: Small employers and own account workers,135,122,13
E01001865,"L1, L2 and L3: Higher managerial, administrative and professional occupations",347,241,106
E01001865,L10 and L11: Lower supervisory and technical occupations,33,62,-29
E01001865,L12: Semi-routine occupations,61,92,-31
E01001865,L13: Routine occupations,91,66,25
E01001865,L14.1 and L14.2: Never worked and long-term unemployed,89,73,16
E01001865,L15: Full-time students,76,94,-18
E01001865,"L4, L5 and L6: Lower managerial, administrative and professional occupations",355,447,-92
E01001865,L7: Intermediate occupations,86,133,-47
E01001865,L8 and L9: Small employers and own account workers,136,148,-12
E01001866,"L1, L2 and L3: Higher managerial, administrative and professional occupations",303,287,16
E01001866,L10 and L11: Lower supervisory and technical occupations,33,36,-3
E01001866,L12: Semi-routine occupations,85,63,22
E01001866,L13: Routine occupations,74,44,30
E01001866,L14.1 and L14.2: Never worked and long-term unemployed,114,84,30
E01001866,L15: Full-time students,207,221,-14
E01001866,"L4, L5 and L6: Lower managerial, administrative and professional occupations",309,373,-64
E01001866,L7: Intermediate occupations,95,96,-1
E01001866,L8 and L9: Small employers and own account workers,110,103,7
E01001867,"L1, L2 and L3: Higher managerial, administrative and professional occupations",229,218,11
E01001867,L10 and L11: Lower supervisory and technical occupations,29,41,-12
E01001867,L12: Semi-routine occupations,59,61,-2
E01001867,L13: Routine occupations,62,33,29
E01001867,L14.1 and L14.2: Never worked and long-term unemployed,120,74,46
E01001867,L15: Full-time students,177,247,-70
E01001867,"L4, L5 and L6: Lower managerial, administrative and professional occupations",220,255,-35
E01001867,L7: Intermediate occupations,67,76,-9
E01001867,L8 and L9: Small employers and own account workers,70,74,-4
E01001868,"L1, L2 and L3: Higher managerial, administrative and professional occupations",106,87,19
E01001868,L10 and L11: Lower supervisory and technical occupations,54,63,-9
E01001868,L12: Semi-routine occupations,144,164,-20
E01001868,L13: Routine occupations,158,116,42
E01001868,L14.1 and L14.2: Never worked and long-term unemployed,153,113,40
E01001868,L15: Full-time students,119,141,-22
E01001868,"L4, L5 and L6: Lower managerial, administrative and professional occupations",164,190,-26
E01001868,L7: Intermediate occupations,107,101,6
E01001868,L8 and L9: Small employers and own account workers,96,75,21
E01001869,"L1, L2 and L3: Higher managerial, administrative and professional occupations",342,355,-13
E01001869,L10 and L11: Lower supervisory and technical occupations,20,34,-14
E01001869,L12: Semi-routine occupations,53,52,1
E01001869,L13: Routine occupations,46,58,-12
E01001869,L14.1 and L14.2: Never worked and long-term unemployed,62,50,12
E01001869,L15: Full-time students,91,97,-6
E01001869,"L4, L5 and L6: Lower managerial, administrative and professional occupations",281,444,-163
E01001869,L7: Intermediate occupations,76,93,-17
E01001869,L8 and L9: Small employers and own account workers,125,107,18
E01001870,"L1, L2 and L3: Higher managerial, administrative and professional occupations",354,352,2
E01001870,L10 and L11: Lower supervisory and technical occupations,48,53,-5
E01001870,L12: Semi-routine occupations,99,106,-7
E01001870,L13: Routine occupations,91,74,17
E01001870,L14.1 and L14.2: Never worked and long-term unemployed,107,85,22
E01001870,L15: Full-time students,258,281,-23
E01001870,"L4, L5 and L6: Lower managerial, administrative and professional occupations",356,538,-182
E01001870,L7: Intermediate occupations,119,149,-30
E01001870,L8 and L9: Small employers and own account workers,121,94,27
E01001871,"L1, L2 and L3: Higher managerial, administrative and professional occupations",359,300,59
E01001871,L10 and L11: Lower supervisory and technical occupations,35,34,1
E01001871,L12: Semi-routine occupations,72,61,11
E01001871,L13: Routine occupations,65,77,-12
E01001871,L14.1 and L14.2: Never worked and long-term unemployed,111,95,16
E01001871,L15: Full-time students,149,221,-72
E01001871,"L4, L5 and L6: Lower managerial, administrative and professional occupations",323,373,-50
E01001871,L7: Intermediate occupations,83,109,-26
E01001871,L8 and L9: Small employers and own account workers,111,91,20
E01001872,"L1, L2 and L3: Higher managerial, administrative and professional occupations",347,329,18
E01001872,L10 and L11: Lower supervisory and technical occupations,25,33,-8
E01001872,L12: Semi-routine occupations,64,82,-18
E01001872,L13: Routine occupations,63,54,9
E01001872,L14.1 and L14.2: Never worked and long-term unemployed,94,93,1
E01001872,L15: Full-time students,101,243,-142
E01001872,"L4, L5 and L6: Lower managerial, administrative and professional occupations",314,382,-68
E01001872,L7: Intermediate occupations,98,126,-28
E01001872,L8 and L9: Small employers and own account workers,115,84,31
E01001873,"L1, L2 and L3: Higher managerial, administrative and professional occupations",285,220,65
E01001873,L10 and L11: Lower supervisory and technical occupations,38,44,-6
E01001873,L12: Semi-routine occupations,95,104,-9
E01001873,L13: Routine occupations,107,71,36
E01001873,L14.1 and L14.2: Never worked and long-term unemployed,115,88,27
E01001873,L15: Full-time students,97,100,-3
E01001873,"L4, L5 and L6: Lower managerial, administrative and professional occupations",264,340,-76
E01001873,L7: Intermediate occupations,107,109,-2
E01001873,L8 and L9: Small employers and own account workers,133,99,34
E01001875,"L1, L2 and L3: Higher managerial, administrative and professional occupations",134,78,56
E01001875,L10 and L11: Lower supervisory and technical occupations,86,89,-3
E01001875,L12: Semi-routine occupations,167,196,-29
E01001875,L13: Routine occupations,200,177,23
E01001875,L14.1 and L14.2: Never worked and long-term unemployed,240,186,54
E01001875,L15: Full-time students,179,159,20
E01001875,"L4, L5 and L6: Lower managerial, administrative and professional occupations",218,184,34
E01001875,L7: Intermediate occupations,128,147,-19
E01001875,L8 and L9: Small employers and own account workers,128,109,19
E01001876,"L1, L2 and L3: Higher managerial, administrative and professional occupations",207,185,22
E01001876,L10 and L11: Lower supervisory and technical occupations,103,100,3
E01001876,L12: Semi-routine occupations,191,176,15
E01001876,L13: Routine occupations,242,170,72
E01001876,L14.1 and L14.2: Never worked and long-term unemployed,341,225,116
E01001876,L15: Full-time students,183,251,-68
E01001876,"L4, L5 and L6: Lower managerial, administrative and professional occupations",442,335,107
E01001876,L7: Intermediate occupations,139,128,11
E01001876,L8 and L9: Small employers and own account workers,201,113,88
E01001877,"L1, L2 and L3: Higher managerial, administrative and professional occupations",136,67,69
E01001877,L10 and L11: Lower supervisory and technical occupations,60,72,-12
E01001877,L12: Semi-routine occupations,113,146,-33
E01001877,L13: Routine occupations,121,119,2
E01001877,L14.1 and L14.2: Never worked and long-term unemployed,124,103,21
E01001877,L15: Full-time students,101,86,15
E01001877,"L4, L5 and L6: Lower managerial, administrative and professional occupations",242,237,5
E01001877,L7: Intermediate occupations,123,113,10
E01001877,L8 and L9: Small employers and own account workers,131,98,33
E01001878,"L1, L2 and L3: Higher managerial, administrative and professional occupations",135,66,69
E01001878,L10 and L11: Lower supervisory and technical occupations,62,61,1
E01001878,L12: Semi-routine occupations,146,156,-10
E01001878,L13: Routine occupations,186,152,34
E01001878,L14.1 and L14.2: Never worked and long-term unemployed,187,152,35
E01001878,L15: Full-time students,143,160,-17
E01001878,"L4, L5 and L6: Lower managerial, administrative and professional occupations",168,192,-24
E01001878,L7: Intermediate occupations,131,136,-5
E01001878,L8 and L9: Small employers and own account workers,145,99,46
E01001879,"L1, L2 and L3: Higher managerial, administrative and professional occupations",264,205,59
E01001879,L10 and L11: Lower supervisory and technical occupations,42,46,-4
E01001879,L12: Semi-routine occupations,97,134,-37
E01001879,L13: Routine occupations,130,85,45
E01001879,L14.1 and L14.2: Never worked and long-term unemployed,127,88,39
E01001879,L15: Full-time students,112,170,-58
E01001879,"L4, L5 and L6: Lower managerial, administrative and professional occupations",253,290,-37
E01001879,L7: Intermediate occupations,95,102,-7
E01001879,L8 and L9: Small employers and own account workers,132,105,27
E01001880,"L1, L2 and L3: Higher managerial, administrative and professional occupations",295,255,40
E01001880,L10 and L11: Lower supervisory and technical occupations,49,53,-4
E01001880,L12: Semi-routine occupations,94,86,8
E01001880,L13: Routine occupations,104,86,18
E01001880,L14.1 and L14.2: Never worked and long-term unemployed,92,71,21
E01001880,L15: Full-time students,74,91,-17
E01001880,"L4, L5 and L6: Lower managerial, administrative and professional occupations",330,362,-32
E01001880,L7: Intermediate occupations,100,120,-20
E01001880,L8 and L9: Small employers and own account workers,136,99,37
E01001881,"L1, L2 and L3: Higher managerial, administrative and professional occupations",515,337,178
E01001881,L10 and L11: Lower supervisory and technical occupations,38,41,-3
E01001881,L12: Semi-routine occupations,82,55,27
E01001881,L13: Routine occupations,79,67,12
E01001881,L14.1 and L14.2: Never worked and long-term unemployed,95,39,56
E01001881,L15: Full-time students,177,135,42
E01001881,"L4, L5 and L6: Lower managerial, administrative and professional occupations",410,406,4
E01001881,L7: Intermediate occupations,108,144,-36
E01001881,L8 and L9: Small employers and own account workers,131,114,17
E01001882,"L1, L2 and L3: Higher managerial, administrative and professional occupations",454,388,66
E01001882,L10 and L11: Lower supervisory and technical occupations,25,48,-23
E01001882,L12: Semi-routine occupations,58,81,-23
E01001882,L13: Routine occupations,63,52,11
E01001882,L14.1 and L14.2: Never worked and long-term unemployed,78,63,15
E01001882,L15: Full-time students,150,165,-15
E01001882,"L4, L5 and L6: Lower managerial, administrative and professional occupations",384,474,-90
E01001882,L7: Intermediate occupations,106,139,-33
E01001882,L8 and L9: Small employers and own account workers,114,107,7
E01001883,"L1, L2 and L3: Higher managerial, administrative and professional occupations",501,235,266
E01001883,L10 and L11: Lower supervisory and technical occupations,45,38,7
E01001883,L12: Semi-routine occupations,108,90,18
E01001883,L13: Routine occupations,92,75,17
E01001883,L14.1 and L14.2: Never worked and long-term unemployed,139,78,61
E01001883,L15: Full-time students,205,204,1
E01001883,"L4, L5 and L6: Lower managerial, administrative and professional occupations",334,312,22
E01001883,L7: Intermediate occupations,91,119,-28
E01001883,L8 and L9: Small employers and own account workers,134,90,44
E01001884,"L1, L2 and L3: Higher managerial, administrative and professional occupations",307,275,32
E01001884,L10 and L11: Lower supervisory and technical occupations,55,55,0
E01001884,L12: Semi-routine occupations,134,134,0
E01001884,L13: Routine occupations,155,104,51
E01001884,L14.1 and L14.2: Never worked and long-term unemployed,167,89,78
E01001884,L15: Full-time students,185,190,-5
E01001884,"L4, L5 and L6: Lower managerial, administrative and professional occupations",353,385,-32
E01001884,L7: Intermediate occupations,98,139,-41
E01001884,L8 and L9: Small employers and own account workers,147,114,33
E01001885,"L1, L2 and L3: Higher managerial, administrative and professional occupations",70,41,29
E01001885,L10 and L11: Lower supervisory and technical occupations,54,48,6
E01001885,L12: Semi-routine occupations,148,142,6
E01001885,L13: Routine occupations,134,135,-1
E01001885,L14.1 and L14.2: Never worked and long-term unemployed,155,174,-19
E01001885,L15: Full-time students,132,110,22
E01001885,"L4, L5 and L6: Lower managerial, administrative and professional occupations",153,131,22
E01001885,L7: Intermediate occupations,98,105,-7
E01001885,L8 and L9: Small employers and own account workers,95,68,27
E01001886,"L1, L2 and L3: Higher managerial, administrative and professional occupations",232,188,44
E01001886,L10 and L11: Lower supervisory and technical occupations,49,82,-33
E01001886,L12: Semi-routine occupations,128,118,10
E01001886,L13: Routine occupations,101,79,22
E01001886,L14.1 and L14.2: Never worked and long-term unemployed,140,112,28
E01001886,L15: Full-time students,180,227,-47
E01001886,"L4, L5 and L6: Lower managerial, administrative and professional occupations",262,257,5
E01001886,L7: Intermediate occupations,109,117,-8
E01001886,L8 and L9: Small employers and own account workers,126,78,48
E01001887,"L1, L2 and L3: Higher managerial, administrative and professional occupations",224,169,55
E01001887,L10 and L11: Lower supervisory and technical occupations,57,65,-8
E01001887,L12: Semi-routine occupations,101,113,-12
E01001887,L13: Routine occupations,116,102,14
E01001887,L14.1 and L14.2: Never worked and long-term unemployed,141,66,75
E01001887,L15: Full-time students,167,197,-30
E01001887,"L4, L5 and L6: Lower managerial, administrative and professional occupations",230,337,-107
E01001887,L7: Intermediate occupations,116,107,9
E01001887,L8 and L9: Small employers and own account workers,104,92,12
E01001888,"L1, L2 and L3: Higher managerial, administrative and professional occupations",357,261,96
E01001888,L10 and L11: Lower supervisory and technical occupations,39,49,-10
E01001888,L12: Semi-routine occupations,69,82,-13
E01001888,L13: Routine occupations,61,43,18
E01001888,L14.1 and L14.2: Never worked and long-term unemployed,54,49,5
E01001888,L15: Full-time students,209,209,0
E01001888,"L4, L5 and L6: Lower managerial, administrative and professional occupations",338,409,-71
E01001888,L7: Intermediate occupations,106,129,-23
E01001888,L8 and L9: Small employers and own account workers,114,85,29
E01001889,"L1, L2 and L3: Higher managerial, administrative and professional occupations",361,278,83
E01001889,L10 and L11: Lower supervisory and technical occupations,37,26,11
E01001889,L12: Semi-routine occupations,48,52,-4
E01001889,L13: Routine occupations,62,40,22
E01001889,L14.1 and L14.2: Never worked and long-term unemployed,58,53,5
E01001889,L15: Full-time students,159,177,-18
E01001889,"L4, L5 and L6: Lower managerial, administrative and professional occupations",306,382,-76
E01001889,L7: Intermediate occupations,88,113,-25
E01001889,L8 and L9: Small employers and own account workers,87,72,15
E01001890,"L1, L2 and L3: Higher managerial, administrative and professional occupations",261,265,-4
E01001890,L10 and L11: Lower supervisory and technical occupations,60,59,1
E01001890,L12: Semi-routine occupations,83,96,-13
E01001890,L13: Routine occupations,80,66,14
E01001890,L14.1 and L14.2: Never worked and long-term unemployed,96,45,51
E01001890,L15: Full-time students,278,348,-70
E01001890,"L4, L5 and L6: Lower managerial, administrative and professional occupations",490,502,-12
E01001890,L7: Intermediate occupations,108,122,-14
E01001890,L8 and L9: Small employers and own account workers,90,87,3
E01001891,"L1, L2 and L3: Higher managerial, administrative and professional occupations",668,331,337
E01001891,L10 and L11: Lower supervisory and technical occupations,49,63,-14
E01001891,L12: Semi-routine occupations,100,95,5
E01001891,L13: Routine occupations,98,100,-2
E01001891,L14.1 and L14.2: Never worked and long-term unemployed,122,57,65
E01001891,L15: Full-time students,325,330,-5
E01001891,"L4, L5 and L6: Lower managerial, administrative and professional occupations",520,526,-6
E01001891,L7: Intermediate occupations,158,178,-20
E01001891,L8 and L9: Small employers and own account workers,198,117,81
E01001892,"L1, L2 and L3: Higher managerial, administrative and professional occupations",206,156,50
E01001892,L10 and L11: Lower supervisory and technical occupations,52,44,8
E01001892,L12: Semi-routine occupations,105,100,5
E01001892,L13: Routine occupations,86,84,2
E01001892,L14.1 and L14.2: Never worked and long-term unemployed,113,86,27
E01001892,L15: Full-time students,131,151,-20
E01001892,"L4, L5 and L6: Lower managerial, administrative and professional occupations",220,261,-41
E01001892,L7: Intermediate occupations,95,97,-2
E01001892,L8 and L9: Small employers and own account workers,88,89,-1
E01001893,"L1, L2 and L3: Higher managerial, administrative and professional occupations",216,99,117
E01001893,L10 and L11: Lower supervisory and technical occupations,60,52,8
E01001893,L12: Semi-routine occupations,108,96,12
E01001893,L13: Routine occupations,126,83,43
E01001893,L14.1 and L14.2: Never worked and long-term unemployed,155,115,40
E01001893,L15: Full-time students,152,162,-10
E01001893,"L4, L5 and L6: Lower managerial, administrative and professional occupations",228,186,42
E01001893,L7: Intermediate occupations,89,102,-13
E01001893,L8 and L9: Small employers and own account workers,115,66,49
E01001894,"L1, L2 and L3: Higher managerial, administrative and professional occupations",252,144,108
E01001894,L10 and L11: Lower supervisory and technical occupations,43,54,-11
E01001894,L12: Semi-routine occupations,88,105,-17
E01001894,L13: Routine occupations,92,82,10
E01001894,L14.1 and L14.2: Never worked and long-term unemployed,138,105,33
E01001894,L15: Full-time students,134,109,25
E01001894,"L4, L5 and L6: Lower managerial, administrative and professional occupations",300,294,6
E01001894,L7: Intermediate occupations,106,108,-2
E01001894,L8 and L9: Small employers and own account workers,89,73,16
E01001895,"L1, L2 and L3: Higher managerial, administrative and professional occupations",303,212,91
E01001895,L10 and L11: Lower supervisory and technical occupations,25,44,-19
E01001895,L12: Semi-routine occupations,62,93,-31
E01001895,L13: Routine occupations,84,65,19
E01001895,L14.1 and L14.2: Never worked and long-term unemployed,118,55,63
E01001895,L15: Full-time students,94,160,-66
E01001895,"L4, L5 and L6: Lower managerial, administrative and professional occupations",299,402,-103
E01001895,L7: Intermediate occupations,87,118,-31
E01001895,L8 and L9: Small employers and own account workers,127,109,18
E01001896,"L1, L2 and L3: Higher managerial, administrative and professional occupations",273,220,53
E01001896,L10 and L11: Lower supervisory and technical occupations,41,51,-10
E01001896,L12: Semi-routine occupations,85,98,-13
E01001896,L13: Routine occupations,82,76,6
E01001896,L14.1 and L14.2: Never worked and long-term unemployed,123,78,45
E01001896,L15: Full-time students,91,266,-175
E01001896,"L4, L5 and L6: Lower managerial, administrative and professional occupations",302,319,-17
E01001896,L7: Intermediate occupations,105,101,4
E01001896,L8 and L9: Small employers and own account workers,127,86,41
E01001897,"L1, L2 and L3: Higher managerial, administrative and professional occupations",288,230,58
E01001897,L10 and L11: Lower supervisory and technical occupations,30,32,-2
E01001897,L12: Semi-routine occupations,56,60,-4
E01001897,L13: Routine occupations,61,56,5
E01001897,L14.1 and L14.2: Never worked and long-term unemployed,76,41,35
E01001897,L15: Full-time students,93,71,22
E01001897,"L4, L5 and L6: Lower managerial, administrative and professional occupations",267,378,-111
E01001897,L7: Intermediate occupations,89,105,-16
E01001897,L8 and L9: Small employers and own account workers,118,115,3
E01001898,"L1, L2 and L3: Higher managerial, administrative and professional occupations",513,264,249
E01001898,L10 and L11: Lower supervisory and technical occupations,51,55,-4
E01001898,L12: Semi-routine occupations,97,87,10
E01001898,L13: Routine occupations,92,53,39
E01001898,L14.1 and L14.2: Never worked and long-term unemployed,97,82,15
E01001898,L15: Full-time students,317,155,162
E01001898,"L4, L5 and L6: Lower managerial, administrative and professional occupations",411,360,51
E01001898,L7: Intermediate occupations,122,134,-12
E01001898,L8 and L9: Small employers and own account workers,127,132,-5
E01001899,"L1, L2 and L3: Higher managerial, administrative and professional occupations",237,102,135
E01001899,L10 and L11: Lower supervisory and technical occupations,61,72,-11
E01001899,L12: Semi-routine occupations,148,136,12
E01001899,L13: Routine occupations,109,96,13
E01001899,L14.1 and L14.2: Never worked and long-term unemployed,178,140,38
E01001899,L15: Full-time students,132,119,13
E01001899,"L4, L5 and L6: Lower managerial, administrative and professional occupations",278,214,64
E01001899,L7: Intermediate occupations,120,119,1
E01001899,L8 and L9: Small employers and own account workers,106,70,36
E01001900,"L1, L2 and L3: Higher managerial, administrative and professional occupations",213,204,9
E01001900,L10 and L11: Lower supervisory and technical occupations,67,74,-7
E01001900,L12: Semi-routine occupations,144,153,-9
E01001900,L13: Routine occupations,144,97,47
E01001900,L14.1 and L14.2: Never worked and long-term unemployed,189,108,81
E01001900,L15: Full-time students,213,188,25
E01001900,"L4, L5 and L6: Lower managerial, administrative and professional occupations",266,309,-43
E01001900,L7: Intermediate occupations,108,143,-35
E01001900,L8 and L9: Small employers and own account workers,108,84,24
E01001901,"L1, L2 and L3: Higher managerial, administrative and professional occupations",483,333,150
E01001901,L10 and L11: Lower supervisory and technical occupations,17,34,-17
E01001901,L12: Semi-routine occupations,57,67,-10
E01001901,L13: Routine occupations,58,39,19
E01001901,L14.1 and L14.2: Never worked and long-term unemployed,70,49,21
E01001901,L15: Full-time students,108,117,-9
E01001901,"L4, L5 and L6: Lower managerial, administrative and professional occupations",344,420,-76
E01001901,L7: Intermediate occupations,85,114,-29
E01001901,L8 and L9: Small employers and own account workers,113,95,18
E01001902,"L1, L2 and L3: Higher managerial, administrative and professional occupations",401,337,64
E01001902,L10 and L11: Lower supervisory and technical occupations,50,54,-4
E01001902,L12: Semi-routine occupations,97,89,8
E01001902,L13: Routine occupations,98,81,17
E01001902,L14.1 and L14.2: Never worked and long-term unemployed,81,69,12
E01001902,L15: Full-time students,168,172,-4
E01001902,"L4, L5 and L6: Lower managerial, administrative and professional occupations",334,410,-76
E01001902,L7: Intermediate occupations,125,147,-22
E01001902,L8 and L9: Small employers and own account workers,136,107,29
E01001903,"L1, L2 and L3: Higher managerial, administrative and professional occupations",258,188,70
E01001903,L10 and L11: Lower supervisory and technical occupations,40,64,-24
E01001903,L12: Semi-routine occupations,97,125,-28
E01001903,L13: Routine occupations,92,85,7
E01001903,L14.1 and L14.2: Never worked and long-term unemployed,116,131,-15
E01001903,L15: Full-time students,140,184,-44
E01001903,"L4, L5 and L6: Lower managerial, administrative and professional occupations",270,302,-32
E01001903,L7: Intermediate occupations,97,124,-27
E01001903,L8 and L9: Small employers and own account workers,106,110,-4
E01001904,"L1, L2 and L3: Higher managerial, administrative and professional occupations",443,319,124
E01001904,L10 and L11: Lower supervisory and technical occupations,27,54,-27
E01001904,L12: Semi-routine occupations,46,59,-13
E01001904,L13: Routine occupations,48,53,-5
E01001904,L14.1 and L14.2: Never worked and long-term unemployed,59,47,12
E01001904,L15: Full-time students,147,99,48
E01001904,"L4, L5 and L6: Lower managerial, administrative and professional occupations",392,426,-34
E01001904,L7: Intermediate occupations,106,147,-41
E01001904,L8 and L9: Small employers and own account workers,116,104,12
E01001905,"L1, L2 and L3: Higher managerial, administrative and professional occupations",444,341,103
E01001905,L10 and L11: Lower supervisory and technical occupations,23,32,-9
E01001905,L12: Semi-routine occupations,49,56,-7
E01001905,L13: Routine occupations,50,39,11
E01001905,L14.1 and L14.2: Never worked and long-term unemployed,76,39,37
E01001905,L15: Full-time students,150,108,42
E01001905,"L4, L5 and L6: Lower managerial, administrative and professional occupations",340,485,-145
E01001905,L7: Intermediate occupations,94,142,-48
E01001905,L8 and L9: Small employers and own account workers,151,118,33
E01001906,"L1, L2 and L3: Higher managerial, administrative and professional occupations",439,336,103
E01001906,L10 and L11: Lower supervisory and technical occupations,21,46,-25
E01001906,L12: Semi-routine occupations,50,70,-20
E01001906,L13: Routine occupations,49,39,10
E01001906,L14.1 and L14.2: Never worked and long-term unemployed,59,32,27
E01001906,L15: Full-time students,78,81,-3
E01001906,"L4, L5 and L6: Lower managerial, administrative and professional occupations",319,406,-87
E01001906,L7: Intermediate occupations,83,147,-64
E01001906,L8 and L9: Small employers and own account workers,102,78,24
E01001907,"L1, L2 and L3: Higher managerial, administrative and professional occupations",375,260,115
E01001907,L10 and L11: Lower supervisory and technical occupations,18,27,-9
E01001907,L12: Semi-routine occupations,41,42,-1
E01001907,L13: Routine occupations,41,29,12
E01001907,L14.1 and L14.2: Never worked and long-term unemployed,45,39,6
E01001907,L15: Full-time students,81,62,19
E01001907,"L4, L5 and L6: Lower managerial, administrative and professional occupations",250,372,-122
E01001907,L7: Intermediate occupations,81,93,-12
E01001907,L8 and L9: Small employers and own account workers,95,86,9
E01001908,"L1, L2 and L3: Higher managerial, administrative and professional occupations",369,353,16
E01001908,L10 and L11: Lower supervisory and technical occupations,49,63,-14
E01001908,L12: Semi-routine occupations,63,82,-19
E01001908,L13: Routine occupations,68,82,-14
E01001908,L14.1 and L14.2: Never worked and long-term unemployed,70,93,-23
E01001908,L15: Full-time students,130,185,-55
E01001908,"L4, L5 and L6: Lower managerial, administrative and professional occupations",320,414,-94
E01001908,L7: Intermediate occupations,100,119,-19
E01001908,L8 and L9: Small employers and own account workers,96,93,3
E01001909,"L1, L2 and L3: Higher managerial, administrative and professional occupations",364,296,68
E01001909,L10 and L11: Lower supervisory and technical occupations,69,59,10
E01001909,L12: Semi-routine occupations,93,122,-29
E01001909,L13: Routine occupations,112,91,21
E01001909,L14.1 and L14.2: Never worked and long-term unemployed,132,99,33
E01001909,L15: Full-time students,204,165,39
E01001909,"L4, L5 and L6: Lower managerial, administrative and professional occupations",333,416,-83
E01001909,L7: Intermediate occupations,115,140,-25
E01001909,L8 and L9: Small employers and own account workers,165,119,46
E01001910,"L1, L2 and L3: Higher managerial, administrative and professional occupations",339,332,7
E01001910,L10 and L11: Lower supervisory and technical occupations,48,50,-2
E01001910,L12: Semi-routine occupations,61,89,-28
E01001910,L13: Routine occupations,68,62,6
E01001910,L14.1 and L14.2: Never worked and long-term unemployed,59,62,-3
E01001910,L15: Full-time students,114,129,-15
E01001910,"L4, L5 and L6: Lower managerial, administrative and professional occupations",313,405,-92
E01001910,L7: Intermediate occupations,97,139,-42
E01001910,L8 and L9: Small employers and own account workers,108,83,25
E01001911,"L1, L2 and L3: Higher managerial, administrative and professional occupations",128,135,-7
E01001911,L10 and L11: Lower supervisory and technical occupations,65,77,-12
E01001911,L12: Semi-routine occupations,164,168,-4
E01001911,L13: Routine occupations,154,126,28
E01001911,L14.1 and L14.2: Never worked and long-term unemployed,225,157,68
E01001911,L15: Full-time students,169,173,-4
E01001911,"L4, L5 and L6: Lower managerial, administrative and professional occupations",238,262,-24
E01001911,L7: Intermediate occupations,133,129,4
E01001911,L8 and L9: Small employers and own account workers,100,85,15
E01001912,"L1, L2 and L3: Higher managerial, administrative and professional occupations",86,130,-44
E01001912,L10 and L11: Lower supervisory and technical occupations,63,57,6
E01001912,L12: Semi-routine occupations,128,130,-2
E01001912,L13: Routine occupations,135,114,21
E01001912,L14.1 and L14.2: Never worked and long-term unemployed,188,168,20
E01001912,L15: Full-time students,179,248,-69
E01001912,"L4, L5 and L6: Lower managerial, administrative and professional occupations",163,177,-14
E01001912,L7: Intermediate occupations,103,90,13
E01001912,L8 and L9: Small employers and own account workers,120,89,31
E01001913,"L1, L2 and L3: Higher managerial, administrative and professional occupations",428,503,-75
E01001913,L10 and L11: Lower supervisory and technical occupations,23,18,5
E01001913,L12: Semi-routine occupations,44,43,1
E01001913,L13: Routine occupations,32,31,1
E01001913,L14.1 and L14.2: Never worked and long-term unemployed,40,19,21
E01001913,L15: Full-time students,173,115,58
E01001913,"L4, L5 and L6: Lower managerial, administrative and professional occupations",378,487,-109
E01001913,L7: Intermediate occupations,99,125,-26
E01001913,L8 and L9: Small employers and own account workers,65,65,0
E01001914,"L1, L2 and L3: Higher managerial, administrative and professional occupations",315,347,-32
E01001914,L10 and L11: Lower supervisory and technical occupations,52,41,11
E01001914,L12: Semi-routine occupations,93,102,-9
E01001914,L13: Routine occupations,102,92,10
E01001914,L14.1 and L14.2: Never worked and long-term unemployed,99,86,13
E01001914,L15: Full-time students,195,222,-27
E01001914,"L4, L5 and L6: Lower managerial, administrative and professional occupations",330,430,-100
E01001914,L7: Intermediate occupations,97,130,-33
E01001914,L8 and L9: Small employers and own account workers,128,105,23
E01001915,"L1, L2 and L3: Higher managerial, administrative and professional occupations",379,307,72
E01001915,L10 and L11: Lower supervisory and technical occupations,15,18,-3
E01001915,L12: Semi-routine occupations,46,47,-1
E01001915,L13: Routine occupations,60,29,31
E01001915,L14.1 and L14.2: Never worked and long-term unemployed,64,23,41
E01001915,L15: Full-time students,90,78,12
E01001915,"L4, L5 and L6: Lower managerial, administrative and professional occupations",314,368,-54
E01001915,L7: Intermediate occupations,79,83,-4
E01001915,L8 and L9: Small employers and own account workers,138,100,38
E01001916,"L1, L2 and L3: Higher managerial, administrative and professional occupations",345,279,66
E01001916,L10 and L11: Lower supervisory and technical occupations,18,28,-10
E01001916,L12: Semi-routine occupations,48,35,13
E01001916,L13: Routine occupations,16,22,-6
E01001916,L14.1 and L14.2: Never worked and long-term unemployed,48,27,21
E01001916,L15: Full-time students,74,55,19
E01001916,"L4, L5 and L6: Lower managerial, administrative and professional occupations",301,355,-54
E01001916,L7: Intermediate occupations,94,95,-1
E01001916,L8 and L9: Small employers and own account workers,134,123,11
E01001917,"L1, L2 and L3: Higher managerial, administrative and professional occupations",325,238,87
E01001917,L10 and L11: Lower supervisory and technical occupations,33,47,-14
E01001917,L12: Semi-routine occupations,74,90,-16
E01001917,L13: Routine occupations,70,59,11
E01001917,L14.1 and L14.2: Never worked and long-term unemployed,114,46,68
E01001917,L15: Full-time students,149,122,27
E01001917,"L4, L5 and L6: Lower managerial, administrative and professional occupations",285,334,-49
E01001917,L7: Intermediate occupations,94,120,-26
E01001917,L8 and L9: Small employers and own account workers,128,94,34
E01001918,"L1, L2 and L3: Higher managerial, administrative and professional occupations",342,271,71
E01001918,L10 and L11: Lower supervisory and technical occupations,25,35,-10
E01001918,L12: Semi-routine occupations,64,69,-5
E01001918,L13: Routine occupations,61,54,7
E01001918,L14.1 and L14.2: Never worked and long-term unemployed,80,45,35
E01001918,L15: Full-time students,96,115,-19
E01001918,"L4, L5 and L6: Lower managerial, administrative and professional occupations",294,371,-77
E01001918,L7: Intermediate occupations,111,117,-6
E01001918,L8 and L9: Small employers and own account workers,138,107,31
E01001919,"L1, L2 and L3: Higher managerial, administrative and professional occupations",341,285,56
E01001919,L10 and L11: Lower supervisory and technical occupations,34,28,6
E01001919,L12: Semi-routine occupations,36,56,-20
E01001919,L13: Routine occupations,66,40,26
E01001919,L14.1 and L14.2: Never worked and long-term unemployed,66,46,20
E01001919,L15: Full-time students,96,109,-13
E01001919,"L4, L5 and L6: Lower managerial, administrative and professional occupations",307,370,-63
E01001919,L7: Intermediate occupations,131,106,25
E01001919,L8 and L9: Small employers and own account workers,170,109,61
E01001920,"L1, L2 and L3: Higher managerial, administrative and professional occupations",242,179,63
E01001920,L10 and L11: Lower supervisory and technical occupations,44,61,-17
E01001920,L12: Semi-routine occupations,123,112,11
E01001920,L13: Routine occupations,107,94,13
E01001920,L14.1 and L14.2: Never worked and long-term unemployed,136,77,59
E01001920,L15: Full-time students,108,128,-20
E01001920,"L4, L5 and L6: Lower managerial, administrative and professional occupations",269,338,-69
E01001920,L7: Intermediate occupations,111,125,-14
E01001920,L8 and L9: Small employers and own account workers,144,93,51
E01001921,"L1, L2 and L3: Higher managerial, administrative and professional occupations",399,292,107
E01001921,L10 and L11: Lower supervisory and technical occupations,16,26,-10
E01001921,L12: Semi-routine occupations,58,81,-23
E01001921,L13: Routine occupations,66,51,15
E01001921,L14.1 and L14.2: Never worked and long-term unemployed,102,80,22
E01001921,L15: Full-time students,90,119,-29
E01001921,"L4, L5 and L6: Lower managerial, administrative and professional occupations",271,378,-107
E01001921,L7: Intermediate occupations,75,96,-21
E01001921,L8 and L9: Small employers and own account workers,133,118,15
E01001922,"L1, L2 and L3: Higher managerial, administrative and professional occupations",445,299,146
E01001922,L10 and L11: Lower supervisory and technical occupations,13,26,-13
E01001922,L12: Semi-routine occupations,53,48,5
E01001922,L13: Routine occupations,41,44,-3
E01001922,L14.1 and L14.2: Never worked and long-term unemployed,90,52,38
E01001922,L15: Full-time students,95,84,11
E01001922,"L4, L5 and L6: Lower managerial, administrative and professional occupations",289,409,-120
E01001922,L7: Intermediate occupations,104,137,-33
E01001922,L8 and L9: Small employers and own account workers,138,128,10
E01001923,"L1, L2 and L3: Higher managerial, administrative and professional occupations",419,304,115
E01001923,L10 and L11: Lower supervisory and technical occupations,28,35,-7
E01001923,L12: Semi-routine occupations,66,81,-15
E01001923,L13: Routine occupations,56,63,-7
E01001923,L14.1 and L14.2: Never worked and long-term unemployed,101,54,47
E01001923,L15: Full-time students,94,100,-6
E01001923,"L4, L5 and L6: Lower managerial, administrative and professional occupations",277,345,-68
E01001923,L7: Intermediate occupations,97,100,-3
E01001923,L8 and L9: Small employers and own account workers,127,99,28
E01001924,"L1, L2 and L3: Higher managerial, administrative and professional occupations",464,356,108
E01001924,L10 and L11: Lower supervisory and technical occupations,17,32,-15
E01001924,L12: Semi-routine occupations,46,38,8
E01001924,L13: Routine occupations,39,35,4
E01001924,L14.1 and L14.2: Never worked and long-term unemployed,62,34,28
E01001924,L15: Full-time students,87,86,1
E01001924,"L4, L5 and L6: Lower managerial, administrative and professional occupations",315,405,-90
E01001924,L7: Intermediate occupations,69,102,-33
E01001924,L8 and L9: Small employers and own account workers,130,109,21
E01001925,"L1, L2 and L3: Higher managerial, administrative and professional occupations",426,306,120
E01001925,L10 and L11: Lower supervisory and technical occupations,16,24,-8
E01001925,L12: Semi-routine occupations,35,62,-27
E01001925,L13: Routine occupations,73,57,16
E01001925,L14.1 and L14.2: Never worked and long-term unemployed,61,32,29
E01001925,L15: Full-time students,112,89,23
E01001925,"L4, L5 and L6: Lower managerial, administrative and professional occupations",261,399,-138
E01001925,L7: Intermediate occupations,88,112,-24
E01001925,L8 and L9: Small employers and own account workers,150,102,48
E01001926,"L1, L2 and L3: Higher managerial, administrative and professional occupations",420,319,101
E01001926,L10 and L11: Lower supervisory and technical occupations,14,20,-6
E01001926,L12: Semi-routine occupations,32,39,-7
E01001926,L13: Routine occupations,29,36,-7
E01001926,L14.1 and L14.2: Never worked and long-term unemployed,53,29,24
E01001926,L15: Full-time students,61,76,-15
E01001926,"L4, L5 and L6: Lower managerial, administrative and professional occupations",288,406,-118
E01001926,L7: Intermediate occupations,84,97,-13
E01001926,L8 and L9: Small employers and own account workers,134,114,20
E01001927,"L1, L2 and L3: Higher managerial, administrative and professional occupations",339,233,106
E01001927,L10 and L11: Lower supervisory and technical occupations,10,36,-26
E01001927,L12: Semi-routine occupations,45,69,-24
E01001927,L13: Routine occupations,34,33,1
E01001927,L14.1 and L14.2: Never worked and long-term unemployed,55,37,18
E01001927,L15: Full-time students,81,109,-28
E01001927,"L4, L5 and L6: Lower managerial, administrative and professional occupations",296,361,-65
E01001927,L7: Intermediate occupations,71,107,-36
E01001927,L8 and L9: Small employers and own account workers,147,120,27
E01001928,"L1, L2 and L3: Higher managerial, administrative and professional occupations",349,248,101
E01001928,L10 and L11: Lower supervisory and technical occupations,37,47,-10
E01001928,L12: Semi-routine occupations,72,86,-14
E01001928,L13: Routine occupations,73,65,8
E01001928,L14.1 and L14.2: Never worked and long-term unemployed,95,100,-5
E01001928,L15: Full-time students,299,92,207
E01001928,"L4, L5 and L6: Lower managerial, administrative and professional occupations",340,414,-74
E01001928,L7: Intermediate occupations,89,134,-45
E01001928,L8 and L9: Small employers and own account workers,129,103,26
E01001929,"L1, L2 and L3: Higher managerial, administrative and professional occupations",345,233,112
E01001929,L10 and L11: Lower supervisory and technical occupations,26,23,3
E01001929,L12: Semi-routine occupations,36,33,3
E01001929,L13: Routine occupations,22,33,-11
E01001929,L14.1 and L14.2: Never worked and long-term unemployed,57,30,27
E01001929,L15: Full-time students,67,60,7
E01001929,"L4, L5 and L6: Lower managerial, administrative and professional occupations",314,398,-84
E01001929,L7: Intermediate occupations,73,83,-10
E01001929,L8 and L9: Small employers and own account workers,118,86,32
E01001930,"L1, L2 and L3: Higher managerial, administrative and professional occupations",336,264,72
E01001930,L10 and L11: Lower supervisory and technical occupations,49,40,9
E01001930,L12: Semi-routine occupations,70,107,-37
E01001930,L13: Routine occupations,72,95,-23
E01001930,L14.1 and L14.2: Never worked and long-term unemployed,200,121,79
E01001930,L15: Full-time students,101,124,-23
E01001930,"L4, L5 and L6: Lower managerial, administrative and professional occupations",378,394,-16
E01001930,L7: Intermediate occupations,110,145,-35
E01001930,L8 and L9: Small employers and own account workers,152,102,50
E01001931,"L1, L2 and L3: Higher managerial, administrative and professional occupations",334,202,132
E01001931,L10 and L11: Lower supervisory and technical occupations,29,42,-13
E01001931,L12: Semi-routine occupations,64,84,-20
E01001931,L13: Routine occupations,50,60,-10
E01001931,L14.1 and L14.2: Never worked and long-term unemployed,86,102,-16
E01001931,L15: Full-time students,83,127,-44
E01001931,"L4, L5 and L6: Lower managerial, administrative and professional occupations",274,343,-69
E01001931,L7: Intermediate occupations,70,110,-40
E01001931,L8 and L9: Small employers and own account workers,122,83,39
E01001932,"L1, L2 and L3: Higher managerial, administrative and professional occupations",361,282,79
E01001932,L10 and L11: Lower supervisory and technical occupations,51,43,8
E01001932,L12: Semi-routine occupations,86,105,-19
E01001932,L13: Routine occupations,70,65,5
E01001932,L14.1 and L14.2: Never worked and long-term unemployed,99,81,18
E01001932,L15: Full-time students,122,141,-19
E01001932,"L4, L5 and L6: Lower managerial, administrative and professional occupations",341,414,-73
E01001932,L7: Intermediate occupations,102,130,-28
E01001932,L8 and L9: Small employers and own account workers,130,94,36
E01001933,"L1, L2 and L3: Higher managerial, administrative and professional occupations",350,215,135
E01001933,L10 and L11: Lower supervisory and technical occupations,54,30,24
E01001933,L12: Semi-routine occupations,64,68,-4
E01001933,L13: Routine occupations,52,51,1
E01001933,L14.1 and L14.2: Never worked and long-term unemployed,146,71,75
E01001933,L15: Full-time students,78,97,-19
E01001933,"L4, L5 and L6: Lower managerial, administrative and professional occupations",323,325,-2
E01001933,L7: Intermediate occupations,105,90,15
E01001933,L8 and L9: Small employers and own account workers,134,90,44
E01001934,"L1, L2 and L3: Higher managerial, administrative and professional occupations",319,178,141
E01001934,L10 and L11: Lower supervisory and technical occupations,51,53,-2
E01001934,L12: Semi-routine occupations,109,115,-6
E01001934,L13: Routine occupations,129,97,32
E01001934,L14.1 and L14.2: Never worked and long-term unemployed,167,100,67
E01001934,L15: Full-time students,144,157,-13
E01001934,"L4, L5 and L6: Lower managerial, administrative and professional occupations",300,295,5
E01001934,L7: Intermediate occupations,143,136,7
E01001934,L8 and L9: Small employers and own account workers,191,100,91
E01001935,"L1, L2 and L3: Higher managerial, administrative and professional occupations",505,430,75
E01001935,L10 and L11: Lower supervisory and technical occupations,47,73,-26
E01001935,L12: Semi-routine occupations,85,150,-65
E01001935,L13: Routine occupations,91,95,-4
E01001935,L14.1 and L14.2: Never worked and long-term unemployed,140,114,26
E01001935,L15: Full-time students,106,129,-23
E01001935,"L4, L5 and L6: Lower managerial, administrative and professional occupations",414,615,-201
E01001935,L7: Intermediate occupations,148,197,-49
E01001935,L8 and L9: Small employers and own account workers,167,199,-32
E01001937,"L1, L2 and L3: Higher managerial, administrative and professional occupations",451,285,166
E01001937,L10 and L11: Lower supervisory and technical occupations,30,30,0
E01001937,L12: Semi-routine occupations,65,52,13
E01001937,L13: Routine occupations,68,63,5
E01001937,L14.1 and L14.2: Never worked and long-term unemployed,92,43,49
E01001937,L15: Full-time students,97,85,12
E01001937,"L4, L5 and L6: Lower managerial, administrative and professional occupations",374,384,-10
E01001937,L7: Intermediate occupations,110,112,-2
E01001937,L8 and L9: Small employers and own account workers,158,126,32
E01001938,"L1, L2 and L3: Higher managerial, administrative and professional occupations",225,140,85
E01001938,L10 and L11: Lower supervisory and technical occupations,47,69,-22
E01001938,L12: Semi-routine occupations,124,95,29
E01001938,L13: Routine occupations,114,96,18
E01001938,L14.1 and L14.2: Never worked and long-term unemployed,105,94,11
E01001938,L15: Full-time students,123,89,34
E01001938,"L4, L5 and L6: Lower managerial, administrative and professional occupations",276,330,-54
E01001938,L7: Intermediate occupations,118,133,-15
E01001938,L8 and L9: Small employers and own account workers,116,101,15
E01001940,"L1, L2 and L3: Higher managerial, administrative and professional occupations",236,154,82
E01001940,L10 and L11: Lower supervisory and technical occupations,61,82,-21
E01001940,L12: Semi-routine occupations,107,127,-20
E01001940,L13: Routine occupations,122,89,33
E01001940,L14.1 and L14.2: Never worked and long-term unemployed,168,116,52
E01001940,L15: Full-time students,103,149,-46
E01001940,"L4, L5 and L6: Lower managerial, administrative and professional occupations",262,327,-65
E01001940,L7: Intermediate occupations,130,133,-3
E01001940,L8 and L9: Small employers and own account workers,116,114,2
E01001941,"L1, L2 and L3: Higher managerial, administrative and professional occupations",291,253,38
E01001941,L10 and L11: Lower supervisory and technical occupations,64,64,0
E01001941,L12: Semi-routine occupations,121,112,9
E01001941,L13: Routine occupations,115,89,26
E01001941,L14.1 and L14.2: Never worked and long-term unemployed,111,103,8
E01001941,L15: Full-time students,139,133,6
E01001941,"L4, L5 and L6: Lower managerial, administrative and professional occupations",361,452,-91
E01001941,L7: Intermediate occupations,110,164,-54
E01001941,L8 and L9: Small employers and own account workers,112,121,-9
E01001942,"L1, L2 and L3: Higher managerial, administrative and professional occupations",331,234,97
E01001942,L10 and L11: Lower supervisory and technical occupations,76,99,-23
E01001942,L12: Semi-routine occupations,122,115,7
E01001942,L13: Routine occupations,129,137,-8
E01001942,L14.1 and L14.2: Never worked and long-term unemployed,134,112,22
E01001942,L15: Full-time students,112,125,-13
E01001942,"L4, L5 and L6: Lower managerial, administrative and professional occupations",394,449,-55
E01001942,L7: Intermediate occupations,138,133,5
E01001942,L8 and L9: Small employers and own account workers,162,149,13
E01001943,"L1, L2 and L3: Higher managerial, administrative and professional occupations",336,259,77
E01001943,L10 and L11: Lower supervisory and technical occupations,86,81,5
E01001943,L12: Semi-routine occupations,168,146,22
E01001943,L13: Routine occupations,169,116,53
E01001943,L14.1 and L14.2: Never worked and long-term unemployed,184,143,41
E01001943,L15: Full-time students,227,186,41
E01001943,"L4, L5 and L6: Lower managerial, administrative and professional occupations",425,431,-6
E01001943,L7: Intermediate occupations,133,160,-27
E01001943,L8 and L9: Small employers and own account workers,207,131,76
E01001944,"L1, L2 and L3: Higher managerial, administrative and professional occupations",103,91,12
E01001944,L10 and L11: Lower supervisory and technical occupations,48,74,-26
E01001944,L12: Semi-routine occupations,143,201,-58
E01001944,L13: Routine occupations,159,134,25
E01001944,L14.1 and L14.2: Never worked and long-term unemployed,226,197,29
E01001944,L15: Full-time students,151,128,23
E01001944,"L4, L5 and L6: Lower managerial, administrative and professional occupations",219,199,20
E01001944,L7: Intermediate occupations,135,134,1
E01001944,L8 and L9: Small employers and own account workers,151,120,31
E01001945,"L1, L2 and L3: Higher managerial, administrative and professional occupations",309,200,109
E01001945,L10 and L11: Lower supervisory and technical occupations,65,71,-6
E01001945,L12: Semi-routine occupations,86,101,-15
E01001945,L13: Routine occupations,100,84,16
E01001945,L14.1 and L14.2: Never worked and long-term unemployed,112,88,24
E01001945,L15: Full-time students,127,99,28
E01001945,"L4, L5 and L6: Lower managerial, administrative and professional occupations",351,457,-106
E01001945,L7: Intermediate occupations,119,141,-22
E01001945,L8 and L9: Small employers and own account workers,150,140,10
E01001946,"L1, L2 and L3: Higher managerial, administrative and professional occupations",358,198,160
E01001946,L10 and L11: Lower supervisory and technical occupations,47,78,-31
E01001946,L12: Semi-routine occupations,118,106,12
E01001946,L13: Routine occupations,126,103,23
E01001946,L14.1 and L14.2: Never worked and long-term unemployed,134,95,39
E01001946,L15: Full-time students,172,113,59
E01001946,"L4, L5 and L6: Lower managerial, administrative and professional occupations",351,386,-35
E01001946,L7: Intermediate occupations,134,134,0
E01001946,L8 and L9: Small employers and own account workers,174,103,71
E01001947,"L1, L2 and L3: Higher managerial, administrative and professional occupations",102,86,16
E01001947,L10 and L11: Lower supervisory and technical occupations,60,50,10
E01001947,L12: Semi-routine occupations,136,140,-4
E01001947,L13: Routine occupations,152,131,21
E01001947,L14.1 and L14.2: Never worked and long-term unemployed,165,145,20
E01001947,L15: Full-time students,133,145,-12
E01001947,"L4, L5 and L6: Lower managerial, administrative and professional occupations",180,170,10
E01001947,L7: Intermediate occupations,104,113,-9
E01001947,L8 and L9: Small employers and own account workers,109,81,28
E01001948,"L1, L2 and L3: Higher managerial, administrative and professional occupations",526,428,98
E01001948,L10 and L11: Lower supervisory and technical occupations,45,35,10
E01001948,L12: Semi-routine occupations,61,59,2
E01001948,L13: Routine occupations,68,49,19
E01001948,L14.1 and L14.2: Never worked and long-term unemployed,103,84,19
E01001948,L15: Full-time students,152,100,52
E01001948,"L4, L5 and L6: Lower managerial, administrative and professional occupations",360,597,-237
E01001948,L7: Intermediate occupations,110,130,-20
E01001948,L8 and L9: Small employers and own account workers,155,128,27
E01001949,"L1, L2 and L3: Higher managerial, administrative and professional occupations",433,363,70
E01001949,L10 and L11: Lower supervisory and technical occupations,18,33,-15
E01001949,L12: Semi-routine occupations,35,45,-10
E01001949,L13: Routine occupations,30,33,-3
E01001949,L14.1 and L14.2: Never worked and long-term unemployed,63,43,20
E01001949,L15: Full-time students,106,99,7
E01001949,"L4, L5 and L6: Lower managerial, administrative and professional occupations",326,452,-126
E01001949,L7: Intermediate occupations,79,101,-22
E01001949,L8 and L9: Small employers and own account workers,120,87,33
E01001950,"L1, L2 and L3: Higher managerial, administrative and professional occupations",452,362,90
E01001950,L10 and L11: Lower supervisory and technical occupations,6,18,-12
E01001950,L12: Semi-routine occupations,36,45,-9
E01001950,L13: Routine occupations,38,32,6
E01001950,L14.1 and L14.2: Never worked and long-term unemployed,46,45,1
E01001950,L15: Full-time students,117,77,40
E01001950,"L4, L5 and L6: Lower managerial, administrative and professional occupations",294,442,-148
E01001950,L7: Intermediate occupations,76,99,-23
E01001950,L8 and L9: Small employers and own account workers,112,106,6
E01001951,"L1, L2 and L3: Higher managerial, administrative and professional occupations",380,325,55
E01001951,L10 and L11: Lower supervisory and technical occupations,40,46,-6
E01001951,L12: Semi-routine occupations,76,79,-3
E01001951,L13: Routine occupations,75,63,12
E01001951,L14.1 and L14.2: Never worked and long-term unemployed,74,77,-3
E01001951,L15: Full-time students,111,75,36
E01001951,"L4, L5 and L6: Lower managerial, administrative and professional occupations",313,430,-117
E01001951,L7: Intermediate occupations,86,116,-30
E01001951,L8 and L9: Small employers and own account workers,127,102,25
E01001952,"L1, L2 and L3: Higher managerial, administrative and professional occupations",411,342,69
E01001952,L10 and L11: Lower supervisory and technical occupations,47,38,9
E01001952,L12: Semi-routine occupations,81,68,13
E01001952,L13: Routine occupations,89,56,33
E01001952,L14.1 and L14.2: Never worked and long-term unemployed,62,44,18
E01001952,L15: Full-time students,175,127,48
E01001952,"L4, L5 and L6: Lower managerial, administrative and professional occupations",355,490,-135
E01001952,L7: Intermediate occupations,123,138,-15
E01001952,L8 and L9: Small employers and own account workers,154,116,38
E01001953,"L1, L2 and L3: Higher managerial, administrative and professional occupations",300,226,74
E01001953,L10 and L11: Lower supervisory and technical occupations,34,49,-15
E01001953,L12: Semi-routine occupations,76,86,-10
E01001953,L13: Routine occupations,98,59,39
E01001953,L14.1 and L14.2: Never worked and long-term unemployed,127,68,59
E01001953,L15: Full-time students,158,103,55
E01001953,"L4, L5 and L6: Lower managerial, administrative and professional occupations",282,323,-41
E01001953,L7: Intermediate occupations,113,107,6
E01001953,L8 and L9: Small employers and own account workers,108,83,25
E01001954,"L1, L2 and L3: Higher managerial, administrative and professional occupations",198,172,26
E01001954,L10 and L11: Lower supervisory and technical occupations,63,50,13
E01001954,L12: Semi-routine occupations,107,104,3
E01001954,L13: Routine occupations,101,108,-7
E01001954,L14.1 and L14.2: Never worked and long-term unemployed,150,96,54
E01001954,L15: Full-time students,118,123,-5
E01001954,"L4, L5 and L6: Lower managerial, administrative and professional occupations",269,279,-10
E01001954,L7: Intermediate occupations,116,113,3
E01001954,L8 and L9: Small employers and own account workers,111,108,3
E01001955,"L1, L2 and L3: Higher managerial, administrative and professional occupations",225,87,138
E01001955,L10 and L11: Lower supervisory and technical occupations,82,71,11
E01001955,L12: Semi-routine occupations,191,186,5
E01001955,L13: Routine occupations,172,136,36
E01001955,L14.1 and L14.2: Never worked and long-term unemployed,258,215,43
E01001955,L15: Full-time students,191,157,34
E01001955,"L4, L5 and L6: Lower managerial, administrative and professional occupations",280,205,75
E01001955,L7: Intermediate occupations,155,126,29
E01001955,L8 and L9: Small employers and own account workers,144,106,38
E01001956,"L1, L2 and L3: Higher managerial, administrative and professional occupations",179,145,34
E01001956,L10 and L11: Lower supervisory and technical occupations,58,68,-10
E01001956,L12: Semi-routine occupations,120,101,19
E01001956,L13: Routine occupations,94,88,6
E01001956,L14.1 and L14.2: Never worked and long-term unemployed,139,105,34
E01001956,L15: Full-time students,116,154,-38
E01001956,"L4, L5 and L6: Lower managerial, administrative and professional occupations",266,302,-36
E01001956,L7: Intermediate occupations,136,123,13
E01001956,L8 and L9: Small employers and own account workers,155,120,35
E01001957,"L1, L2 and L3: Higher managerial, administrative and professional occupations",82,38,44
E01001957,L10 and L11: Lower supervisory and technical occupations,60,85,-25
E01001957,L12: Semi-routine occupations,157,167,-10
E01001957,L13: Routine occupations,152,151,1
E01001957,L14.1 and L14.2: Never worked and long-term unemployed,213,175,38
E01001957,L15: Full-time students,167,189,-22
E01001957,"L4, L5 and L6: Lower managerial, administrative and professional occupations",158,146,12
E01001957,L7: Intermediate occupations,123,124,-1
E01001957,L8 and L9: Small employers and own account workers,112,96,16
E01001958,"L1, L2 and L3: Higher managerial, administrative and professional occupations",87,32,55
E01001958,L10 and L11: Lower supervisory and technical occupations,49,86,-37
E01001958,L12: Semi-routine occupations,161,175,-14
E01001958,L13: Routine occupations,234,145,89
E01001958,L14.1 and L14.2: Never worked and long-term unemployed,211,191,20
E01001958,L15: Full-time students,186,169,17
E01001958,"L4, L5 and L6: Lower managerial, administrative and professional occupations",174,150,24
E01001958,L7: Intermediate occupations,126,121,5
E01001958,L8 and L9: Small employers and own account workers,128,99,29
E01001959,"L1, L2 and L3: Higher managerial, administrative and professional occupations",159,104,55
E01001959,L10 and L11: Lower supervisory and technical occupations,53,73,-20
E01001959,L12: Semi-routine occupations,142,134,8
E01001959,L13: Routine occupations,145,123,22
E01001959,L14.1 and L14.2: Never worked and long-term unemployed,217,171,46
E01001959,L15: Full-time students,383,192,191
E01001959,"L4, L5 and L6: Lower managerial, administrative and professional occupations",219,237,-18
E01001959,L7: Intermediate occupations,160,118,42
E01001959,L8 and L9: Small employers and own account workers,148,90,58
E01001960,"L1, L2 and L3: Higher managerial, administrative and professional occupations",301,265,36
E01001960,L10 and L11: Lower supervisory and technical occupations,62,77,-15
E01001960,L12: Semi-routine occupations,93,105,-12
E01001960,L13: Routine occupations,116,92,24
E01001960,L14.1 and L14.2: Never worked and long-term unemployed,118,82,36
E01001960,L15: Full-time students,124,152,-28
E01001960,"L4, L5 and L6: Lower managerial, administrative and professional occupations",424,502,-78
E01001960,L7: Intermediate occupations,121,153,-32
E01001960,L8 and L9: Small employers and own account workers,152,129,23
E01001961,"L1, L2 and L3: Higher managerial, administrative and professional occupations",87,51,36
E01001961,L10 and L11: Lower supervisory and technical occupations,45,63,-18
E01001961,L12: Semi-routine occupations,141,162,-21
E01001961,L13: Routine occupations,176,102,74
E01001961,L14.1 and L14.2: Never worked and long-term unemployed,170,195,-25
E01001961,L15: Full-time students,185,160,25
E01001961,"L4, L5 and L6: Lower managerial, administrative and professional occupations",159,139,20
E01001961,L7: Intermediate occupations,120,108,12
E01001961,L8 and L9: Small employers and own account workers,96,76,20
E01001962,"L1, L2 and L3: Higher managerial, administrative and professional occupations",324,226,98
E01001962,L10 and L11: Lower supervisory and technical occupations,35,39,-4
E01001962,L12: Semi-routine occupations,67,76,-9
E01001962,L13: Routine occupations,76,50,26
E01001962,L14.1 and L14.2: Never worked and long-term unemployed,114,90,24
E01001962,L15: Full-time students,102,124,-22
E01001962,"L4, L5 and L6: Lower managerial, administrative and professional occupations",345,401,-56
E01001962,L7: Intermediate occupations,104,114,-10
E01001962,L8 and L9: Small employers and own account workers,174,127,47
E01001963,"L1, L2 and L3: Higher managerial, administrative and professional occupations",436,282,154
E01001963,L10 and L11: Lower supervisory and technical occupations,23,21,2
E01001963,L12: Semi-routine occupations,49,76,-27
E01001963,L13: Routine occupations,42,45,-3
E01001963,L14.1 and L14.2: Never worked and long-term unemployed,63,68,-5
E01001963,L15: Full-time students,102,90,12
E01001963,"L4, L5 and L6: Lower managerial, administrative and professional occupations",399,469,-70
E01001963,L7: Intermediate occupations,108,121,-13
E01001963,L8 and L9: Small employers and own account workers,156,126,30
E01001964,"L1, L2 and L3: Higher managerial, administrative and professional occupations",299,224,75
E01001964,L10 and L11: Lower supervisory and technical occupations,45,45,0
E01001964,L12: Semi-routine occupations,75,89,-14
E01001964,L13: Routine occupations,69,50,19
E01001964,L14.1 and L14.2: Never worked and long-term unemployed,76,57,19
E01001964,L15: Full-time students,106,117,-11
E01001964,"L4, L5 and L6: Lower managerial, administrative and professional occupations",346,466,-120
E01001964,L7: Intermediate occupations,87,97,-10
E01001964,L8 and L9: Small employers and own account workers,161,127,34
E01001965,"L1, L2 and L3: Higher managerial, administrative and professional occupations",362,313,49
E01001965,L10 and L11: Lower supervisory and technical occupations,20,35,-15
E01001965,L12: Semi-routine occupations,52,62,-10
E01001965,L13: Routine occupations,49,39,10
E01001965,L14.1 and L14.2: Never worked and long-term unemployed,51,45,6
E01001965,L15: Full-time students,76,78,-2
E01001965,"L4, L5 and L6: Lower managerial, administrative and professional occupations",391,442,-51
E01001965,L7: Intermediate occupations,96,92,4
E01001965,L8 and L9: Small employers and own account workers,126,99,27
E01001966,"L1, L2 and L3: Higher managerial, administrative and professional occupations",348,263,85
E01001966,L10 and L11: Lower supervisory and technical occupations,14,31,-17
E01001966,L12: Semi-routine occupations,36,51,-15
E01001966,L13: Routine occupations,30,31,-1
E01001966,L14.1 and L14.2: Never worked and long-term unemployed,51,36,15
E01001966,L15: Full-time students,85,114,-29
E01001966,"L4, L5 and L6: Lower managerial, administrative and professional occupations",322,352,-30
E01001966,L7: Intermediate occupations,80,105,-25
E01001966,L8 and L9: Small employers and own account workers,160,148,12
E01001967,"L1, L2 and L3: Higher managerial, administrative and professional occupations",398,296,102
E01001967,L10 and L11: Lower supervisory and technical occupations,19,43,-24
E01001967,L12: Semi-routine occupations,35,61,-26
E01001967,L13: Routine occupations,26,45,-19
E01001967,L14.1 and L14.2: Never worked and long-term unemployed,65,46,19
E01001967,L15: Full-time students,75,133,-58
E01001967,"L4, L5 and L6: Lower managerial, administrative and professional occupations",356,563,-207
E01001967,L7: Intermediate occupations,76,122,-46
E01001967,L8 and L9: Small employers and own account workers,159,174,-15
E01001968,"L1, L2 and L3: Higher managerial, administrative and professional occupations",364,228,136
E01001968,L10 and L11: Lower supervisory and technical occupations,47,36,11
E01001968,L12: Semi-routine occupations,75,76,-1
E01001968,L13: Routine occupations,54,38,16
E01001968,L14.1 and L14.2: Never worked and long-term unemployed,46,41,5
E01001968,L15: Full-time students,110,81,29
E01001968,"L4, L5 and L6: Lower managerial, administrative and professional occupations",363,415,-52
E01001968,L7: Intermediate occupations,88,105,-17
E01001968,L8 and L9: Small employers and own account workers,170,132,38
E01001969,"L1, L2 and L3: Higher managerial, administrative and professional occupations",186,147,39
E01001969,L10 and L11: Lower supervisory and technical occupations,79,88,-9
E01001969,L12: Semi-routine occupations,129,132,-3
E01001969,L13: Routine occupations,192,132,60
E01001969,L14.1 and L14.2: Never worked and long-term unemployed,238,159,79
E01001969,L15: Full-time students,110,132,-22
E01001969,"L4, L5 and L6: Lower managerial, administrative and professional occupations",313,360,-47
E01001969,L7: Intermediate occupations,120,158,-38
E01001969,L8 and L9: Small employers and own account workers,288,181,107
E01001970,"L1, L2 and L3: Higher managerial, administrative and professional occupations",167,111,56
E01001970,L10 and L11: Lower supervisory and technical occupations,64,72,-8
E01001970,L12: Semi-routine occupations,166,178,-12
E01001970,L13: Routine occupations,149,119,30
E01001970,L14.1 and L14.2: Never worked and long-term unemployed,221,197,24
E01001970,L15: Full-time students,154,206,-52
E01001970,"L4, L5 and L6: Lower managerial, administrative and professional occupations",327,291,36
E01001970,L7: Intermediate occupations,140,137,3
E01001970,L8 and L9: Small employers and own account workers,213,178,35
E01001971,"L1, L2 and L3: Higher managerial, administrative and professional occupations",120,94,26
E01001971,L10 and L11: Lower supervisory and technical occupations,82,91,-9
E01001971,L12: Semi-routine occupations,198,172,26
E01001971,L13: Routine occupations,189,169,20
E01001971,L14.1 and L14.2: Never worked and long-term unemployed,240,245,-5
E01001971,L15: Full-time students,170,174,-4
E01001971,"L4, L5 and L6: Lower managerial, administrative and professional occupations",235,219,16
E01001971,L7: Intermediate occupations,123,118,5
E01001971,L8 and L9: Small employers and own account workers,210,194,16
E01001972,"L1, L2 and L3: Higher managerial, administrative and professional occupations",182,147,35
E01001972,L10 and L11: Lower supervisory and technical occupations,61,67,-6
E01001972,L12: Semi-routine occupations,138,119,19
E01001972,L13: Routine occupations,144,101,43
E01001972,L14.1 and L14.2: Never worked and long-term unemployed,173,123,50
E01001972,L15: Full-time students,105,135,-30
E01001972,"L4, L5 and L6: Lower managerial, administrative and professional occupations",299,316,-17
E01001972,L7: Intermediate occupations,121,130,-9
E01001972,L8 and L9: Small employers and own account workers,178,132,46
E01001973,"L1, L2 and L3: Higher managerial, administrative and professional occupations",344,222,122
E01001973,L10 and L11: Lower supervisory and technical occupations,74,83,-9
E01001973,L12: Semi-routine occupations,148,144,4
E01001973,L13: Routine occupations,168,108,60
E01001973,L14.1 and L14.2: Never worked and long-term unemployed,177,117,60
E01001973,L15: Full-time students,178,163,15
E01001973,"L4, L5 and L6: Lower managerial, administrative and professional occupations",447,462,-15
E01001973,L7: Intermediate occupations,151,194,-43
E01001973,L8 and L9: Small employers and own account workers,317,189,128
E01001974,"L1, L2 and L3: Higher managerial, administrative and professional occupations",323,205,118
E01001974,L10 and L11: Lower supervisory and technical occupations,111,110,1
E01001974,L12: Semi-routine occupations,131,153,-22
E01001974,L13: Routine occupations,148,162,-14
E01001974,L14.1 and L14.2: Never worked and long-term unemployed,143,130,13
E01001974,L15: Full-time students,98,162,-64
E01001974,"L4, L5 and L6: Lower managerial, administrative and professional occupations",391,425,-34
E01001974,L7: Intermediate occupations,164,183,-19
E01001974,L8 and L9: Small employers and own account workers,317,247,70
E01001975,"L1, L2 and L3: Higher managerial, administrative and professional occupations",215,175,40
E01001975,L10 and L11: Lower supervisory and technical occupations,72,66,6
E01001975,L12: Semi-routine occupations,113,133,-20
E01001975,L13: Routine occupations,172,101,71
E01001975,L14.1 and L14.2: Never worked and long-term unemployed,144,104,40
E01001975,L15: Full-time students,100,139,-39
E01001975,"L4, L5 and L6: Lower managerial, administrative and professional occupations",316,345,-29
E01001975,L7: Intermediate occupations,119,152,-33
E01001975,L8 and L9: Small employers and own account workers,242,195,47
E01001976,"L1, L2 and L3: Higher managerial, administrative and professional occupations",125,80,45
E01001976,L10 and L11: Lower supervisory and technical occupations,68,92,-24
E01001976,L12: Semi-routine occupations,187,186,1
E01001976,L13: Routine occupations,241,187,54
E01001976,L14.1 and L14.2: Never worked and long-term unemployed,218,192,26
E01001976,L15: Full-time students,111,166,-55
E01001976,"L4, L5 and L6: Lower managerial, administrative and professional occupations",252,221,31
E01001976,L7: Intermediate occupations,99,114,-15
E01001976,L8 and L9: Small employers and own account workers,205,166,39
E01001977,"L1, L2 and L3: Higher managerial, administrative and professional occupations",108,41,67
E01001977,L10 and L11: Lower supervisory and technical occupations,66,78,-12
E01001977,L12: Semi-routine occupations,124,160,-36
E01001977,L13: Routine occupations,156,146,10
E01001977,L14.1 and L14.2: Never worked and long-term unemployed,157,163,-6
E01001977,L15: Full-time students,94,132,-38
E01001977,"L4, L5 and L6: Lower managerial, administrative and professional occupations",194,161,33
E01001977,L7: Intermediate occupations,94,100,-6
E01001977,L8 and L9: Small employers and own account workers,208,145,63
E01001978,"L1, L2 and L3: Higher managerial, administrative and professional occupations",86,50,36
E01001978,L10 and L11: Lower supervisory and technical occupations,96,54,42
E01001978,L12: Semi-routine occupations,191,174,17
E01001978,L13: Routine occupations,245,125,120
E01001978,L14.1 and L14.2: Never worked and long-term unemployed,255,192,63
E01001978,L15: Full-time students,161,188,-27
E01001978,"L4, L5 and L6: Lower managerial, administrative and professional occupations",196,140,56
E01001978,L7: Intermediate occupations,106,110,-4
E01001978,L8 and L9: Small employers and own account workers,258,128,130
E01001979,"L1, L2 and L3: Higher managerial, administrative and professional occupations",167,67,100
E01001979,L10 and L11: Lower supervisory and technical occupations,76,94,-18
E01001979,L12: Semi-routine occupations,189,184,5
E01001979,L13: Routine occupations,281,144,137
E01001979,L14.1 and L14.2: Never worked and long-term unemployed,292,248,44
E01001979,L15: Full-time students,202,362,-160
E01001979,"L4, L5 and L6: Lower managerial, administrative and professional occupations",287,231,56
E01001979,L7: Intermediate occupations,160,130,30
E01001979,L8 and L9: Small employers and own account workers,224,150,74
E01001980,"L1, L2 and L3: Higher managerial, administrative and professional occupations",171,84,87
E01001980,L10 and L11: Lower supervisory and technical occupations,66,96,-30
E01001980,L12: Semi-routine occupations,124,182,-58
E01001980,L13: Routine occupations,196,172,24
E01001980,L14.1 and L14.2: Never worked and long-term unemployed,180,197,-17
E01001980,L15: Full-time students,168,182,-14
E01001980,"L4, L5 and L6: Lower managerial, administrative and professional occupations",290,244,46
E01001980,L7: Intermediate occupations,110,116,-6
E01001980,L8 and L9: Small employers and own account workers,209,190,19
E01001981,"L1, L2 and L3: Higher managerial, administrative and professional occupations",110,93,17
E01001981,L10 and L11: Lower supervisory and technical occupations,85,77,8
E01001981,L12: Semi-routine occupations,146,160,-14
E01001981,L13: Routine occupations,215,135,80
E01001981,L14.1 and L14.2: Never worked and long-term unemployed,154,184,-30
E01001981,L15: Full-time students,166,175,-9
E01001981,"L4, L5 and L6: Lower managerial, administrative and professional occupations",257,209,48
E01001981,L7: Intermediate occupations,122,122,0
E01001981,L8 and L9: Small employers and own account workers,295,177,118
E01001982,"L1, L2 and L3: Higher managerial, administrative and professional occupations",162,100,62
E01001982,L10 and L11: Lower supervisory and technical occupations,73,96,-23
E01001982,L12: Semi-routine occupations,145,163,-18
E01001982,L13: Routine occupations,204,166,38
E01001982,L14.1 and L14.2: Never worked and long-term unemployed,156,159,-3
E01001982,L15: Full-time students,98,153,-55
E01001982,"L4, L5 and L6: Lower managerial, administrative and professional occupations",282,252,30
E01001982,L7: Intermediate occupations,95,100,-5
E01001982,L8 and L9: Small employers and own account workers,217,162,55
E01001983,"L1, L2 and L3: Higher managerial, administrative and professional occupations",174,104,70
E01001983,L10 and L11: Lower supervisory and technical occupations,54,72,-18
E01001983,L12: Semi-routine occupations,121,138,-17
E01001983,L13: Routine occupations,193,125,68
E01001983,L14.1 and L14.2: Never worked and long-term unemployed,154,146,8
E01001983,L15: Full-time students,92,145,-53
E01001983,"L4, L5 and L6: Lower managerial, administrative and professional occupations",283,263,20
E01001983,L7: Intermediate occupations,93,133,-40
E01001983,L8 and L9: Small employers and own account workers,184,111,73
E01001984,"L1, L2 and L3: Higher managerial, administrative and professional occupations",406,282,124
E01001984,L10 and L11: Lower supervisory and technical occupations,53,45,8
E01001984,L12: Semi-routine occupations,105,63,42
E01001984,L13: Routine occupations,71,31,40
E01001984,L14.1 and L14.2: Never worked and long-term unemployed,92,43,49
E01001984,L15: Full-time students,49,64,-15
E01001984,"L4, L5 and L6: Lower managerial, administrative and professional occupations",413,503,-90
E01001984,L7: Intermediate occupations,127,135,-8
E01001984,L8 and L9: Small employers and own account workers,173,137,36
E01001985,"L1, L2 and L3: Higher managerial, administrative and professional occupations",462,373,89
E01001985,L10 and L11: Lower supervisory and technical occupations,17,22,-5
E01001985,L12: Semi-routine occupations,36,43,-7
E01001985,L13: Routine occupations,36,30,6
E01001985,L14.1 and L14.2: Never worked and long-term unemployed,60,51,9
E01001985,L15: Full-time students,79,74,5
E01001985,"L4, L5 and L6: Lower managerial, administrative and professional occupations",408,473,-65
E01001985,L7: Intermediate occupations,73,114,-41
E01001985,L8 and L9: Small employers and own account workers,139,119,20
E01001986,"L1, L2 and L3: Higher managerial, administrative and professional occupations",361,307,54
E01001986,L10 and L11: Lower supervisory and technical occupations,26,35,-9
E01001986,L12: Semi-routine occupations,82,55,27
E01001986,L13: Routine occupations,56,35,21
E01001986,L14.1 and L14.2: Never worked and long-term unemployed,76,38,38
E01001986,L15: Full-time students,81,86,-5
E01001986,"L4, L5 and L6: Lower managerial, administrative and professional occupations",390,486,-96
E01001986,L7: Intermediate occupations,91,106,-15
E01001986,L8 and L9: Small employers and own account workers,131,136,-5
E01001987,"L1, L2 and L3: Higher managerial, administrative and professional occupations",568,453,115
E01001987,L10 and L11: Lower supervisory and technical occupations,32,22,10
E01001987,L12: Semi-routine occupations,39,53,-14
E01001987,L13: Routine occupations,31,25,6
E01001987,L14.1 and L14.2: Never worked and long-term unemployed,64,33,31
E01001987,L15: Full-time students,71,115,-44
E01001987,"L4, L5 and L6: Lower managerial, administrative and professional occupations",395,530,-135
E01001987,L7: Intermediate occupations,79,114,-35
E01001987,L8 and L9: Small employers and own account workers,114,121,-7
E01001988,"L1, L2 and L3: Higher managerial, administrative and professional occupations",386,319,67
E01001988,L10 and L11: Lower supervisory and technical occupations,43,43,0
E01001988,L12: Semi-routine occupations,75,63,12
E01001988,L13: Routine occupations,57,55,2
E01001988,L14.1 and L14.2: Never worked and long-term unemployed,75,52,23
E01001988,L15: Full-time students,59,66,-7
E01001988,"L4, L5 and L6: Lower managerial, administrative and professional occupations",430,581,-151
E01001988,L7: Intermediate occupations,98,121,-23
E01001988,L8 and L9: Small employers and own account workers,146,131,15
E01001989,"L1, L2 and L3: Higher managerial, administrative and professional occupations",476,343,133
E01001989,L10 and L11: Lower supervisory and technical occupations,15,22,-7
E01001989,L12: Semi-routine occupations,74,53,21
E01001989,L13: Routine occupations,42,38,4
E01001989,L14.1 and L14.2: Never worked and long-term unemployed,72,50,22
E01001989,L15: Full-time students,88,93,-5
E01001989,"L4, L5 and L6: Lower managerial, administrative and professional occupations",413,478,-65
E01001989,L7: Intermediate occupations,94,121,-27
E01001989,L8 and L9: Small employers and own account workers,153,140,13
E01001990,"L1, L2 and L3: Higher managerial, administrative and professional occupations",419,316,103
E01001990,L10 and L11: Lower supervisory and technical occupations,84,59,25
E01001990,L12: Semi-routine occupations,81,94,-13
E01001990,L13: Routine occupations,76,60,16
E01001990,L14.1 and L14.2: Never worked and long-term unemployed,80,50,30
E01001990,L15: Full-time students,83,116,-33
E01001990,"L4, L5 and L6: Lower managerial, administrative and professional occupations",544,830,-286
E01001990,L7: Intermediate occupations,108,163,-55
E01001990,L8 and L9: Small employers and own account workers,175,154,21
E01001991,"L1, L2 and L3: Higher managerial, administrative and professional occupations",346,278,68
E01001991,L10 and L11: Lower supervisory and technical occupations,37,38,-1
E01001991,L12: Semi-routine occupations,61,54,7
E01001991,L13: Routine occupations,55,35,20
E01001991,L14.1 and L14.2: Never worked and long-term unemployed,123,35,88
E01001991,L15: Full-time students,105,82,23
E01001991,"L4, L5 and L6: Lower managerial, administrative and professional occupations",341,467,-126
E01001991,L7: Intermediate occupations,116,132,-16
E01001991,L8 and L9: Small employers and own account workers,145,112,33
E01001992,"L1, L2 and L3: Higher managerial, administrative and professional occupations",480,330,150
E01001992,L10 and L11: Lower supervisory and technical occupations,16,25,-9
E01001992,L12: Semi-routine occupations,51,40,11
E01001992,L13: Routine occupations,44,32,12
E01001992,L14.1 and L14.2: Never worked and long-term unemployed,91,43,48
E01001992,L15: Full-time students,119,106,13
E01001992,"L4, L5 and L6: Lower managerial, administrative and professional occupations",388,420,-32
E01001992,L7: Intermediate occupations,85,111,-26
E01001992,L8 and L9: Small employers and own account workers,126,134,-8
E01001993,"L1, L2 and L3: Higher managerial, administrative and professional occupations",467,346,121
E01001993,L10 and L11: Lower supervisory and technical occupations,19,19,0
E01001993,L12: Semi-routine occupations,40,37,3
E01001993,L13: Routine occupations,33,20,13
E01001993,L14.1 and L14.2: Never worked and long-term unemployed,46,34,12
E01001993,L15: Full-time students,103,102,1
E01001993,"L4, L5 and L6: Lower managerial, administrative and professional occupations",345,396,-51
E01001993,L7: Intermediate occupations,77,81,-4
E01001993,L8 and L9: Small employers and own account workers,145,107,38
E01001994,"L1, L2 and L3: Higher managerial, administrative and professional occupations",397,326,71
E01001994,L10 and L11: Lower supervisory and technical occupations,38,38,0
E01001994,L12: Semi-routine occupations,70,71,-1
E01001994,L13: Routine occupations,71,45,26
E01001994,L14.1 and L14.2: Never worked and long-term unemployed,116,61,55
E01001994,L15: Full-time students,102,118,-16
E01001994,"L4, L5 and L6: Lower managerial, administrative and professional occupations",370,423,-53
E01001994,L7: Intermediate occupations,121,131,-10
E01001994,L8 and L9: Small employers and own account workers,216,153,63
E01001995,"L1, L2 and L3: Higher managerial, administrative and professional occupations",321,202,119
E01001995,L10 and L11: Lower supervisory and technical occupations,87,79,8
E01001995,L12: Semi-routine occupations,179,157,22
E01001995,L13: Routine occupations,176,139,37
E01001995,L14.1 and L14.2: Never worked and long-term unemployed,208,166,42
E01001995,L15: Full-time students,172,156,16
E01001995,"L4, L5 and L6: Lower managerial, administrative and professional occupations",469,433,36
E01001995,L7: Intermediate occupations,169,170,-1
E01001995,L8 and L9: Small employers and own account workers,245,165,80
E01001996,"L1, L2 and L3: Higher managerial, administrative and professional occupations",315,230,85
E01001996,L10 and L11: Lower supervisory and technical occupations,27,43,-16
E01001996,L12: Semi-routine occupations,59,78,-19
E01001996,L13: Routine occupations,44,43,1
E01001996,L14.1 and L14.2: Never worked and long-term unemployed,74,55,19
E01001996,L15: Full-time students,86,89,-3
E01001996,"L4, L5 and L6: Lower managerial, administrative and professional occupations",323,429,-106
E01001996,L7: Intermediate occupations,84,103,-19
E01001996,L8 and L9: Small employers and own account workers,169,150,19
E01001997,"L1, L2 and L3: Higher managerial, administrative and professional occupations",330,256,74
E01001997,L10 and L11: Lower supervisory and technical occupations,44,45,-1
E01001997,L12: Semi-routine occupations,52,69,-17
E01001997,L13: Routine occupations,72,43,29
E01001997,L14.1 and L14.2: Never worked and long-term unemployed,64,47,17
E01001997,L15: Full-time students,242,87,155
E01001997,"L4, L5 and L6: Lower managerial, administrative and professional occupations",388,484,-96
E01001997,L7: Intermediate occupations,96,150,-54
E01001997,L8 and L9: Small employers and own account workers,190,109,81
E01001998,"L1, L2 and L3: Higher managerial, administrative and professional occupations",352,246,106
E01001998,L10 and L11: Lower supervisory and technical occupations,79,93,-14
E01001998,L12: Semi-routine occupations,116,153,-37
E01001998,L13: Routine occupations,136,120,16
E01001998,L14.1 and L14.2: Never worked and long-term unemployed,142,115,27
E01001998,L15: Full-time students,97,172,-75
E01001998,"L4, L5 and L6: Lower managerial, administrative and professional occupations",427,479,-52
E01001998,L7: Intermediate occupations,129,177,-48
E01001998,L8 and L9: Small employers and own account workers,184,171,13
E01001999,"L1, L2 and L3: Higher managerial, administrative and professional occupations",344,211,133
E01001999,L10 and L11: Lower supervisory and technical occupations,108,92,16
E01001999,L12: Semi-routine occupations,161,160,1
E01001999,L13: Routine occupations,243,143,100
E01001999,L14.1 and L14.2: Never worked and long-term unemployed,229,155,74
E01001999,L15: Full-time students,117,173,-56
E01001999,"L4, L5 and L6: Lower managerial, administrative and professional occupations",434,412,22
E01001999,L7: Intermediate occupations,138,129,9
E01001999,L8 and L9: Small employers and own account workers,243,177,66
E01002000,"L1, L2 and L3: Higher managerial, administrative and professional occupations",322,167,155
E01002000,L10 and L11: Lower supervisory and technical occupations,72,73,-1
E01002000,L12: Semi-routine occupations,104,126,-22
E01002000,L13: Routine occupations,113,105,8
E01002000,L14.1 and L14.2: Never worked and long-term unemployed,107,97,10
E01002000,L15: Full-time students,108,134,-26
E01002000,"L4, L5 and L6: Lower managerial, administrative and professional occupations",381,384,-3
E01002000,L7: Intermediate occupations,117,131,-14
E01002000,L8 and L9: Small employers and own account workers,172,126,46
E01002001,"L1, L2 and L3: Higher managerial, administrative and professional occupations",324,189,135
E01002001,L10 and L11: Lower supervisory and technical occupations,44,77,-33
E01002001,L12: Semi-routine occupations,67,105,-38
E01002001,L13: Routine occupations,102,81,21
E01002001,L14.1 and L14.2: Never worked and long-term unemployed,89,101,-12
E01002001,L15: Full-time students,85,193,-108
E01002001,"L4, L5 and L6: Lower managerial, administrative and professional occupations",383,414,-31
E01002001,L7: Intermediate occupations,127,123,4
E01002001,L8 and L9: Small employers and own account workers,179,123,56
E01002002,"L1, L2 and L3: Higher managerial, administrative and professional occupations",281,197,84
E01002002,L10 and L11: Lower supervisory and technical occupations,77,93,-16
E01002002,L12: Semi-routine occupations,94,143,-49
E01002002,L13: Routine occupations,141,108,33
E01002002,L14.1 and L14.2: Never worked and long-term unemployed,160,127,33
E01002002,L15: Full-time students,98,207,-109
E01002002,"L4, L5 and L6: Lower managerial, administrative and professional occupations",359,383,-24
E01002002,L7: Intermediate occupations,115,127,-12
E01002002,L8 and L9: Small employers and own account workers,189,125,64
E01002003,"L1, L2 and L3: Higher managerial, administrative and professional occupations",244,106,138
E01002003,L10 and L11: Lower supervisory and technical occupations,119,121,-2
E01002003,L12: Semi-routine occupations,206,205,1
E01002003,L13: Routine occupations,295,150,145
E01002003,L14.1 and L14.2: Never worked and long-term unemployed,285,228,57
E01002003,L15: Full-time students,192,231,-39
E01002003,"L4, L5 and L6: Lower managerial, administrative and professional occupations",416,324,92
E01002003,L7: Intermediate occupations,173,128,45
E01002003,L8 and L9: Small employers and own account workers,241,181,60
E01002004,"L1, L2 and L3: Higher managerial, administrative and professional occupations",304,215,89
E01002004,L10 and L11: Lower supervisory and technical occupations,61,72,-11
E01002004,L12: Semi-routine occupations,111,137,-26
E01002004,L13: Routine occupations,151,120,31
E01002004,L14.1 and L14.2: Never worked and long-term unemployed,125,135,-10
E01002004,L15: Full-time students,100,203,-103
E01002004,"L4, L5 and L6: Lower managerial, administrative and professional occupations",388,391,-3
E01002004,L7: Intermediate occupations,160,122,38
E01002004,L8 and L9: Small employers and own account workers,153,143,10
E01002005,"L1, L2 and L3: Higher managerial, administrative and professional occupations",412,375,37
E01002005,L10 and L11: Lower supervisory and technical occupations,30,65,-35
E01002005,L12: Semi-routine occupations,41,78,-37
E01002005,L13: Routine occupations,60,51,9
E01002005,L14.1 and L14.2: Never worked and long-term unemployed,48,31,17
E01002005,L15: Full-time students,76,77,-1
E01002005,"L4, L5 and L6: Lower managerial, administrative and professional occupations",405,518,-113
E01002005,L7: Intermediate occupations,89,134,-45
E01002005,L8 and L9: Small employers and own account workers,140,115,25
E01002006,"L1, L2 and L3: Higher managerial, administrative and professional occupations",423,386,37
E01002006,L10 and L11: Lower supervisory and technical occupations,24,54,-30
E01002006,L12: Semi-routine occupations,49,51,-2
E01002006,L13: Routine occupations,40,39,1
E01002006,L14.1 and L14.2: Never worked and long-term unemployed,67,45,22
E01002006,L15: Full-time students,89,105,-16
E01002006,"L4, L5 and L6: Lower managerial, administrative and professional occupations",411,485,-74
E01002006,L7: Intermediate occupations,80,111,-31
E01002006,L8 and L9: Small employers and own account workers,139,89,50
E01002007,"L1, L2 and L3: Higher managerial, administrative and professional occupations",420,393,27
E01002007,L10 and L11: Lower supervisory and technical occupations,18,28,-10
E01002007,L12: Semi-routine occupations,43,53,-10
E01002007,L13: Routine occupations,34,29,5
E01002007,L14.1 and L14.2: Never worked and long-term unemployed,61,37,24
E01002007,L15: Full-time students,67,88,-21
E01002007,"L4, L5 and L6: Lower managerial, administrative and professional occupations",360,467,-107
E01002007,L7: Intermediate occupations,84,97,-13
E01002007,L8 and L9: Small employers and own account workers,142,103,39
E01002008,"L1, L2 and L3: Higher managerial, administrative and professional occupations",358,318,40
E01002008,L10 and L11: Lower supervisory and technical occupations,18,23,-5
E01002008,L12: Semi-routine occupations,30,55,-25
E01002008,L13: Routine occupations,36,22,14
E01002008,L14.1 and L14.2: Never worked and long-term unemployed,63,59,4
E01002008,L15: Full-time students,78,79,-1
E01002008,"L4, L5 and L6: Lower managerial, administrative and professional occupations",269,350,-81
E01002008,L7: Intermediate occupations,61,90,-29
E01002008,L8 and L9: Small employers and own account workers,131,117,14
E01002009,"L1, L2 and L3: Higher managerial, administrative and professional occupations",409,353,56
E01002009,L10 and L11: Lower supervisory and technical occupations,21,21,0
E01002009,L12: Semi-routine occupations,40,56,-16
E01002009,L13: Routine occupations,20,34,-14
E01002009,L14.1 and L14.2: Never worked and long-term unemployed,49,35,14
E01002009,L15: Full-time students,108,212,-104
E01002009,"L4, L5 and L6: Lower managerial, administrative and professional occupations",366,458,-92
E01002009,L7: Intermediate occupations,79,92,-13
E01002009,L8 and L9: Small employers and own account workers,141,126,15
E01002010,"L1, L2 and L3: Higher managerial, administrative and professional occupations",381,292,89
E01002010,L10 and L11: Lower supervisory and technical occupations,21,36,-15
E01002010,L12: Semi-routine occupations,98,81,17
E01002010,L13: Routine occupations,49,54,-5
E01002010,L14.1 and L14.2: Never worked and long-term unemployed,99,58,41
E01002010,L15: Full-time students,101,74,27
E01002010,"L4, L5 and L6: Lower managerial, administrative and professional occupations",335,376,-41
E01002010,L7: Intermediate occupations,88,115,-27
E01002010,L8 and L9: Small employers and own account workers,138,128,10
E01002011,"L1, L2 and L3: Higher managerial, administrative and professional occupations",451,335,116
E01002011,L10 and L11: Lower supervisory and technical occupations,51,50,1
E01002011,L12: Semi-routine occupations,78,68,10
E01002011,L13: Routine occupations,71,59,12
E01002011,L14.1 and L14.2: Never worked and long-term unemployed,103,68,35
E01002011,L15: Full-time students,98,109,-11
E01002011,"L4, L5 and L6: Lower managerial, administrative and professional occupations",399,440,-41
E01002011,L7: Intermediate occupations,71,120,-49
E01002011,L8 and L9: Small employers and own account workers,145,132,13
E01002013,"L1, L2 and L3: Higher managerial, administrative and professional occupations",324,271,53
E01002013,L10 and L11: Lower supervisory and technical occupations,24,42,-18
E01002013,L12: Semi-routine occupations,48,84,-36
E01002013,L13: Routine occupations,48,66,-18
E01002013,L14.1 and L14.2: Never worked and long-term unemployed,59,62,-3
E01002013,L15: Full-time students,54,82,-28
E01002013,"L4, L5 and L6: Lower managerial, administrative and professional occupations",340,441,-101
E01002013,L7: Intermediate occupations,64,112,-48
E01002013,L8 and L9: Small employers and own account workers,116,132,-16
E01002014,"L1, L2 and L3: Higher managerial, administrative and professional occupations",359,237,122
E01002014,L10 and L11: Lower supervisory and technical occupations,64,64,0
E01002014,L12: Semi-routine occupations,102,111,-9
E01002014,L13: Routine occupations,95,76,19
E01002014,L14.1 and L14.2: Never worked and long-term unemployed,122,99,23
E01002014,L15: Full-time students,94,106,-12
E01002014,"L4, L5 and L6: Lower managerial, administrative and professional occupations",402,467,-65
E01002014,L7: Intermediate occupations,95,137,-42
E01002014,L8 and L9: Small employers and own account workers,170,110,60
E01002015,"L1, L2 and L3: Higher managerial, administrative and professional occupations",204,124,80
E01002015,L10 and L11: Lower supervisory and technical occupations,37,38,-1
E01002015,L12: Semi-routine occupations,113,82,31
E01002015,L13: Routine occupations,99,80,19
E01002015,L14.1 and L14.2: Never worked and long-term unemployed,141,117,24
E01002015,L15: Full-time students,78,72,6
E01002015,"L4, L5 and L6: Lower managerial, administrative and professional occupations",293,237,56
E01002015,L7: Intermediate occupations,96,99,-3
E01002015,L8 and L9: Small employers and own account workers,139,84,55
E01002016,"L1, L2 and L3: Higher managerial, administrative and professional occupations",367,261,106
E01002016,L10 and L11: Lower supervisory and technical occupations,48,55,-7
E01002016,L12: Semi-routine occupations,124,114,10
E01002016,L13: Routine occupations,116,78,38
E01002016,L14.1 and L14.2: Never worked and long-term unemployed,120,83,37
E01002016,L15: Full-time students,111,136,-25
E01002016,"L4, L5 and L6: Lower managerial, administrative and professional occupations",443,546,-103
E01002016,L7: Intermediate occupations,131,156,-25
E01002016,L8 and L9: Small employers and own account workers,151,114,37
E01002017,"L1, L2 and L3: Higher managerial, administrative and professional occupations",306,221,85
E01002017,L10 and L11: Lower supervisory and technical occupations,38,49,-11
E01002017,L12: Semi-routine occupations,56,111,-55
E01002017,L13: Routine occupations,73,88,-15
E01002017,L14.1 and L14.2: Never worked and long-term unemployed,107,112,-5
E01002017,L15: Full-time students,93,146,-53
E01002017,"L4, L5 and L6: Lower managerial, administrative and professional occupations",389,507,-118
E01002017,L7: Intermediate occupations,97,143,-46
E01002017,L8 and L9: Small employers and own account workers,149,92,57
E01002018,"L1, L2 and L3: Higher managerial, administrative and professional occupations",257,160,97
E01002018,L10 and L11: Lower supervisory and technical occupations,31,26,5
E01002018,L12: Semi-routine occupations,75,82,-7
E01002018,L13: Routine occupations,63,63,0
E01002018,L14.1 and L14.2: Never worked and long-term unemployed,106,98,8
E01002018,L15: Full-time students,69,81,-12
E01002018,"L4, L5 and L6: Lower managerial, administrative and professional occupations",316,306,10
E01002018,L7: Intermediate occupations,94,108,-14
E01002018,L8 and L9: Small employers and own account workers,109,97,12
E01002019,"L1, L2 and L3: Higher managerial, administrative and professional occupations",381,239,142
E01002019,L10 and L11: Lower supervisory and technical occupations,18,19,-1
E01002019,L12: Semi-routine occupations,33,39,-6
E01002019,L13: Routine occupations,36,25,11
E01002019,L14.1 and L14.2: Never worked and long-term unemployed,47,33,14
E01002019,L15: Full-time students,77,89,-12
E01002019,"L4, L5 and L6: Lower managerial, administrative and professional occupations",351,381,-30
E01002019,L7: Intermediate occupations,68,81,-13
E01002019,L8 and L9: Small employers and own account workers,117,112,5
E01002020,"L1, L2 and L3: Higher managerial, administrative and professional occupations",315,241,74
E01002020,L10 and L11: Lower supervisory and technical occupations,33,40,-7
E01002020,L12: Semi-routine occupations,69,72,-3
E01002020,L13: Routine occupations,80,56,24
E01002020,L14.1 and L14.2: Never worked and long-term unemployed,86,62,24
E01002020,L15: Full-time students,77,99,-22
E01002020,"L4, L5 and L6: Lower managerial, administrative and professional occupations",399,400,-1
E01002020,L7: Intermediate occupations,100,141,-41
E01002020,L8 and L9: Small employers and own account workers,139,122,17
E01002021,"L1, L2 and L3: Higher managerial, administrative and professional occupations",345,256,89
E01002021,L10 and L11: Lower supervisory and technical occupations,18,14,4
E01002021,L12: Semi-routine occupations,46,53,-7
E01002021,L13: Routine occupations,49,22,27
E01002021,L14.1 and L14.2: Never worked and long-term unemployed,58,41,17
E01002021,L15: Full-time students,80,90,-10
E01002021,"L4, L5 and L6: Lower managerial, administrative and professional occupations",348,434,-86
E01002021,L7: Intermediate occupations,84,97,-13
E01002021,L8 and L9: Small employers and own account workers,148,126,22
E01002022,"L1, L2 and L3: Higher managerial, administrative and professional occupations",482,324,158
E01002022,L10 and L11: Lower supervisory and technical occupations,53,63,-10
E01002022,L12: Semi-routine occupations,83,79,4
E01002022,L13: Routine occupations,70,59,11
E01002022,L14.1 and L14.2: Never worked and long-term unemployed,116,60,56
E01002022,L15: Full-time students,122,86,36
E01002022,"L4, L5 and L6: Lower managerial, administrative and professional occupations",479,610,-131
E01002022,L7: Intermediate occupations,151,159,-8
E01002022,L8 and L9: Small employers and own account workers,245,144,101
E01002023,"L1, L2 and L3: Higher managerial, administrative and professional occupations",335,264,71
E01002023,L10 and L11: Lower supervisory and technical occupations,27,26,1
E01002023,L12: Semi-routine occupations,37,49,-12
E01002023,L13: Routine occupations,36,25,11
E01002023,L14.1 and L14.2: Never worked and long-term unemployed,62,32,30
E01002023,L15: Full-time students,70,82,-12
E01002023,"L4, L5 and L6: Lower managerial, administrative and professional occupations",345,408,-63
E01002023,L7: Intermediate occupations,81,92,-11
E01002023,L8 and L9: Small employers and own account workers,145,114,31
E01002024,"L1, L2 and L3: Higher managerial, administrative and professional occupations",276,199,77
E01002024,L10 and L11: Lower supervisory and technical occupations,17,32,-15
E01002024,L12: Semi-routine occupations,47,51,-4
E01002024,L13: Routine occupations,54,43,11
E01002024,L14.1 and L14.2: Never worked and long-term unemployed,74,51,23
E01002024,L15: Full-time students,66,81,-15
E01002024,"L4, L5 and L6: Lower managerial, administrative and professional occupations",311,333,-22
E01002024,L7: Intermediate occupations,80,80,0
E01002024,L8 and L9: Small employers and own account workers,134,93,41
E01002025,"L1, L2 and L3: Higher managerial, administrative and professional occupations",438,334,104
E01002025,L10 and L11: Lower supervisory and technical occupations,26,32,-6
E01002025,L12: Semi-routine occupations,34,51,-17
E01002025,L13: Routine occupations,27,18,9
E01002025,L14.1 and L14.2: Never worked and long-term unemployed,48,40,8
E01002025,L15: Full-time students,80,102,-22
E01002025,"L4, L5 and L6: Lower managerial, administrative and professional occupations",315,486,-171
E01002025,L7: Intermediate occupations,81,90,-9
E01002025,L8 and L9: Small employers and own account workers,156,115,41
E01002026,"L1, L2 and L3: Higher managerial, administrative and professional occupations",66,61,5
E01002026,L10 and L11: Lower supervisory and technical occupations,80,63,17
E01002026,L12: Semi-routine occupations,186,174,12
E01002026,L13: Routine occupations,207,135,72
E01002026,L14.1 and L14.2: Never worked and long-term unemployed,292,219,73
E01002026,L15: Full-time students,162,158,4
E01002026,"L4, L5 and L6: Lower managerial, administrative and professional occupations",215,170,45
E01002026,L7: Intermediate occupations,115,120,-5
E01002026,L8 and L9: Small employers and own account workers,169,95,74
E01002027,"L1, L2 and L3: Higher managerial, administrative and professional occupations",127,95,32
E01002027,L10 and L11: Lower supervisory and technical occupations,81,73,8
E01002027,L12: Semi-routine occupations,114,127,-13
E01002027,L13: Routine occupations,181,109,72
E01002027,L14.1 and L14.2: Never worked and long-term unemployed,168,120,48
E01002027,L15: Full-time students,107,177,-70
E01002027,"L4, L5 and L6: Lower managerial, administrative and professional occupations",222,250,-28
E01002027,L7: Intermediate occupations,98,117,-19
E01002027,L8 and L9: Small employers and own account workers,155,124,31
E01002028,"L1, L2 and L3: Higher managerial, administrative and professional occupations",140,124,16
E01002028,L10 and L11: Lower supervisory and technical occupations,82,69,13
E01002028,L12: Semi-routine occupations,154,186,-32
E01002028,L13: Routine occupations,169,128,41
E01002028,L14.1 and L14.2: Never worked and long-term unemployed,170,116,54
E01002028,L15: Full-time students,114,205,-91
E01002028,"L4, L5 and L6: Lower managerial, administrative and professional occupations",298,265,33
E01002028,L7: Intermediate occupations,101,146,-45
E01002028,L8 and L9: Small employers and own account workers,182,159,23
E01002029,"L1, L2 and L3: Higher managerial, administrative and professional occupations",145,97,48
E01002029,L10 and L11: Lower supervisory and technical occupations,102,82,20
E01002029,L12: Semi-routine occupations,174,161,13
E01002029,L13: Routine occupations,273,93,180
E01002029,L14.1 and L14.2: Never worked and long-term unemployed,265,160,105
E01002029,L15: Full-time students,259,309,-50
E01002029,"L4, L5 and L6: Lower managerial, administrative and professional occupations",300,237,63
E01002029,L7: Intermediate occupations,102,125,-23
E01002029,L8 and L9: Small employers and own account workers,211,104,107
E01002030,"L1, L2 and L3: Higher managerial, administrative and professional occupations",185,141,44
E01002030,L10 and L11: Lower supervisory and technical occupations,82,88,-6
E01002030,L12: Semi-routine occupations,90,123,-33
E01002030,L13: Routine occupations,153,93,60
E01002030,L14.1 and L14.2: Never worked and long-term unemployed,142,120,22
E01002030,L15: Full-time students,111,156,-45
E01002030,"L4, L5 and L6: Lower managerial, administrative and professional occupations",285,304,-19
E01002030,L7: Intermediate occupations,116,129,-13
E01002030,L8 and L9: Small employers and own account workers,184,140,44
E01002031,"L1, L2 and L3: Higher managerial, administrative and professional occupations",198,110,88
E01002031,L10 and L11: Lower supervisory and technical occupations,91,109,-18
E01002031,L12: Semi-routine occupations,150,157,-7
E01002031,L13: Routine occupations,206,153,53
E01002031,L14.1 and L14.2: Never worked and long-term unemployed,199,165,34
E01002031,L15: Full-time students,134,218,-84
E01002031,"L4, L5 and L6: Lower managerial, administrative and professional occupations",341,333,8
E01002031,L7: Intermediate occupations,133,145,-12
E01002031,L8 and L9: Small employers and own account workers,186,184,2
E01002032,"L1, L2 and L3: Higher managerial, administrative and professional occupations",135,82,53
E01002032,L10 and L11: Lower supervisory and technical occupations,68,88,-20
E01002032,L12: Semi-routine occupations,164,180,-16
E01002032,L13: Routine occupations,196,130,66
E01002032,L14.1 and L14.2: Never worked and long-term unemployed,252,191,61
E01002032,L15: Full-time students,136,184,-48
E01002032,"L4, L5 and L6: Lower managerial, administrative and professional occupations",237,225,12
E01002032,L7: Intermediate occupations,95,115,-20
E01002032,L8 and L9: Small employers and own account workers,279,168,111
E01002033,"L1, L2 and L3: Higher managerial, administrative and professional occupations",137,71,66
E01002033,L10 and L11: Lower supervisory and technical occupations,62,117,-55
E01002033,L12: Semi-routine occupations,171,195,-24
E01002033,L13: Routine occupations,211,127,84
E01002033,L14.1 and L14.2: Never worked and long-term unemployed,233,199,34
E01002033,L15: Full-time students,128,191,-63
E01002033,"L4, L5 and L6: Lower managerial, administrative and professional occupations",235,232,3
E01002033,L7: Intermediate occupations,132,128,4
E01002033,L8 and L9: Small employers and own account workers,216,124,92
E01002034,"L1, L2 and L3: Higher managerial, administrative and professional occupations",109,26,83
E01002034,L10 and L11: Lower supervisory and technical occupations,84,81,3
E01002034,L12: Semi-routine occupations,209,185,24
E01002034,L13: Routine occupations,268,177,91
E01002034,L14.1 and L14.2: Never worked and long-term unemployed,317,287,30
E01002034,L15: Full-time students,175,165,10
E01002034,"L4, L5 and L6: Lower managerial, administrative and professional occupations",240,166,74
E01002034,L7: Intermediate occupations,138,85,53
E01002034,L8 and L9: Small employers and own account workers,231,116,115
E01002036,"L1, L2 and L3: Higher managerial, administrative and professional occupations",59,38,21
E01002036,L10 and L11: Lower supervisory and technical occupations,72,58,14
E01002036,L12: Semi-routine occupations,160,153,7
E01002036,L13: Routine occupations,229,156,73
E01002036,L14.1 and L14.2: Never worked and long-term unemployed,267,231,36
E01002036,L15: Full-time students,212,156,56
E01002036,"L4, L5 and L6: Lower managerial, administrative and professional occupations",168,151,17
E01002036,L7: Intermediate occupations,94,83,11
E01002036,L8 and L9: Small employers and own account workers,192,110,82
E01002037,"L1, L2 and L3: Higher managerial, administrative and professional occupations",66,64,2
E01002037,L10 and L11: Lower supervisory and technical occupations,63,86,-23
E01002037,L12: Semi-routine occupations,186,205,-19
E01002037,L13: Routine occupations,222,198,24
E01002037,L14.1 and L14.2: Never worked and long-term unemployed,278,285,-7
E01002037,L15: Full-time students,155,169,-14
E01002037,"L4, L5 and L6: Lower managerial, administrative and professional occupations",137,139,-2
E01002037,L7: Intermediate occupations,117,109,8
E01002037,L8 and L9: Small employers and own account workers,159,85,74
E01002038,"L1, L2 and L3: Higher managerial, administrative and professional occupations",75,36,39
E01002038,L10 and L11: Lower supervisory and technical occupations,70,43,27
E01002038,L12: Semi-routine occupations,152,194,-42
E01002038,L13: Routine occupations,251,157,94
E01002038,L14.1 and L14.2: Never worked and long-term unemployed,269,227,42
E01002038,L15: Full-time students,144,128,16
E01002038,"L4, L5 and L6: Lower managerial, administrative and professional occupations",162,132,30
E01002038,L7: Intermediate occupations,80,74,6
E01002038,L8 and L9: Small employers and own account workers,195,146,49
E01002039,"L1, L2 and L3: Higher managerial, administrative and professional occupations",64,22,42
E01002039,L10 and L11: Lower supervisory and technical occupations,79,59,20
E01002039,L12: Semi-routine occupations,165,174,-9
E01002039,L13: Routine occupations,208,127,81
E01002039,L14.1 and L14.2: Never worked and long-term unemployed,282,253,29
E01002039,L15: Full-time students,158,178,-20
E01002039,"L4, L5 and L6: Lower managerial, administrative and professional occupations",119,111,8
E01002039,L7: Intermediate occupations,101,86,15
E01002039,L8 and L9: Small employers and own account workers,102,61,41
E01002040,"L1, L2 and L3: Higher managerial, administrative and professional occupations",92,57,35
E01002040,L10 and L11: Lower supervisory and technical occupations,76,76,0
E01002040,L12: Semi-routine occupations,203,214,-11
E01002040,L13: Routine occupations,292,196,96
E01002040,L14.1 and L14.2: Never worked and long-term unemployed,274,220,54
E01002040,L15: Full-time students,174,195,-21
E01002040,"L4, L5 and L6: Lower managerial, administrative and professional occupations",249,191,58
E01002040,L7: Intermediate occupations,124,126,-2
E01002040,L8 and L9: Small employers and own account workers,318,172,146
E01002041,"L1, L2 and L3: Higher managerial, administrative and professional occupations",107,56,51
E01002041,L10 and L11: Lower supervisory and technical occupations,94,78,16
E01002041,L12: Semi-routine occupations,167,149,18
E01002041,L13: Routine occupations,211,151,60
E01002041,L14.1 and L14.2: Never worked and long-term unemployed,242,235,7
E01002041,L15: Full-time students,128,187,-59
E01002041,"L4, L5 and L6: Lower managerial, administrative and professional occupations",230,220,10
E01002041,L7: Intermediate occupations,87,101,-14
E01002041,L8 and L9: Small employers and own account workers,205,147,58
E01002042,"L1, L2 and L3: Higher managerial, administrative and professional occupations",181,91,90
E01002042,L10 and L11: Lower supervisory and technical occupations,50,80,-30
E01002042,L12: Semi-routine occupations,113,141,-28
E01002042,L13: Routine occupations,162,135,27
E01002042,L14.1 and L14.2: Never worked and long-term unemployed,170,102,68
E01002042,L15: Full-time students,64,147,-83
E01002042,"L4, L5 and L6: Lower managerial, administrative and professional occupations",331,256,75
E01002042,L7: Intermediate occupations,90,95,-5
E01002042,L8 and L9: Small employers and own account workers,153,136,17
E01002043,"L1, L2 and L3: Higher managerial, administrative and professional occupations",192,108,84
E01002043,L10 and L11: Lower supervisory and technical occupations,69,95,-26
E01002043,L12: Semi-routine occupations,123,193,-70
E01002043,L13: Routine occupations,184,181,3
E01002043,L14.1 and L14.2: Never worked and long-term unemployed,151,191,-40
E01002043,L15: Full-time students,112,203,-91
E01002043,"L4, L5 and L6: Lower managerial, administrative and professional occupations",269,282,-13
E01002043,L7: Intermediate occupations,117,133,-16
E01002043,L8 and L9: Small employers and own account workers,240,153,87
E01002044,"L1, L2 and L3: Higher managerial, administrative and professional occupations",202,140,62
E01002044,L10 and L11: Lower supervisory and technical occupations,68,111,-43
E01002044,L12: Semi-routine occupations,141,155,-14
E01002044,L13: Routine occupations,255,141,114
E01002044,L14.1 and L14.2: Never worked and long-term unemployed,193,122,71
E01002044,L15: Full-time students,109,184,-75
E01002044,"L4, L5 and L6: Lower managerial, administrative and professional occupations",297,329,-32
E01002044,L7: Intermediate occupations,115,123,-8
E01002044,L8 and L9: Small employers and own account workers,156,130,26
E01002045,"L1, L2 and L3: Higher managerial, administrative and professional occupations",158,133,25
E01002045,L10 and L11: Lower supervisory and technical occupations,88,84,4
E01002045,L12: Semi-routine occupations,150,199,-49
E01002045,L13: Routine occupations,264,204,60
E01002045,L14.1 and L14.2: Never worked and long-term unemployed,244,230,14
E01002045,L15: Full-time students,160,228,-68
E01002045,"L4, L5 and L6: Lower managerial, administrative and professional occupations",249,295,-46
E01002045,L7: Intermediate occupations,139,160,-21
E01002045,L8 and L9: Small employers and own account workers,196,151,45
E01002046,"L1, L2 and L3: Higher managerial, administrative and professional occupations",109,79,30
E01002046,L10 and L11: Lower supervisory and technical occupations,71,90,-19
E01002046,L12: Semi-routine occupations,139,158,-19
E01002046,L13: Routine occupations,229,151,78
E01002046,L14.1 and L14.2: Never worked and long-term unemployed,187,147,40
E01002046,L15: Full-time students,104,155,-51
E01002046,"L4, L5 and L6: Lower managerial, administrative and professional occupations",250,211,39
E01002046,L7: Intermediate occupations,108,122,-14
E01002046,L8 and L9: Small employers and own account workers,154,144,10
E01002047,"L1, L2 and L3: Higher managerial, administrative and professional occupations",249,139,110
E01002047,L10 and L11: Lower supervisory and technical occupations,94,87,7
E01002047,L12: Semi-routine occupations,112,147,-35
E01002047,L13: Routine occupations,172,152,20
E01002047,L14.1 and L14.2: Never worked and long-term unemployed,91,100,-9
E01002047,L15: Full-time students,117,226,-109
E01002047,"L4, L5 and L6: Lower managerial, administrative and professional occupations",346,327,19
E01002047,L7: Intermediate occupations,85,114,-29
E01002047,L8 and L9: Small employers and own account workers,170,102,68
E01002048,"L1, L2 and L3: Higher managerial, administrative and professional occupations",199,141,58
E01002048,L10 and L11: Lower supervisory and technical occupations,91,99,-8
E01002048,L12: Semi-routine occupations,195,156,39
E01002048,L13: Routine occupations,208,170,38
E01002048,L14.1 and L14.2: Never worked and long-term unemployed,218,189,29
E01002048,L15: Full-time students,101,167,-66
E01002048,"L4, L5 and L6: Lower managerial, administrative and professional occupations",335,323,12
E01002048,L7: Intermediate occupations,129,141,-12
E01002048,L8 and L9: Small employers and own account workers,182,139,43
E01002049,"L1, L2 and L3: Higher managerial, administrative and professional occupations",145,100,45
E01002049,L10 and L11: Lower supervisory and technical occupations,75,84,-9
E01002049,L12: Semi-routine occupations,154,159,-5
E01002049,L13: Routine occupations,216,152,64
E01002049,L14.1 and L14.2: Never worked and long-term unemployed,258,198,60
E01002049,L15: Full-time students,141,187,-46
E01002049,"L4, L5 and L6: Lower managerial, administrative and professional occupations",249,252,-3
E01002049,L7: Intermediate occupations,89,124,-35
E01002049,L8 and L9: Small employers and own account workers,223,149,74
E01002050,"L1, L2 and L3: Higher managerial, administrative and professional occupations",99,67,32
E01002050,L10 and L11: Lower supervisory and technical occupations,44,45,-1
E01002050,L12: Semi-routine occupations,105,117,-12
E01002050,L13: Routine occupations,112,104,8
E01002050,L14.1 and L14.2: Never worked and long-term unemployed,133,123,10
E01002050,L15: Full-time students,147,133,14
E01002050,"L4, L5 and L6: Lower managerial, administrative and professional occupations",209,197,12
E01002050,L7: Intermediate occupations,225,143,82
E01002050,L8 and L9: Small employers and own account workers,109,154,-45
E01002051,"L1, L2 and L3: Higher managerial, administrative and professional occupations",92,64,28
E01002051,L10 and L11: Lower supervisory and technical occupations,62,68,-6
E01002051,L12: Semi-routine occupations,144,158,-14
E01002051,L13: Routine occupations,222,191,31
E01002051,L14.1 and L14.2: Never worked and long-term unemployed,189,149,40
E01002051,L15: Full-time students,131,152,-21
E01002051,"L4, L5 and L6: Lower managerial, administrative and professional occupations",206,202,4
E01002051,L7: Intermediate occupations,140,95,45
E01002051,L8 and L9: Small employers and own account workers,194,207,-13
E01002052,"L1, L2 and L3: Higher managerial, administrative and professional occupations",124,77,47
E01002052,L10 and L11: Lower supervisory and technical occupations,39,56,-17
E01002052,L12: Semi-routine occupations,117,126,-9
E01002052,L13: Routine occupations,132,75,57
E01002052,L14.1 and L14.2: Never worked and long-term unemployed,145,180,-35
E01002052,L15: Full-time students,194,129,65
E01002052,"L4, L5 and L6: Lower managerial, administrative and professional occupations",236,195,41
E01002052,L7: Intermediate occupations,238,169,69
E01002052,L8 and L9: Small employers and own account workers,126,105,21
E01002053,"L1, L2 and L3: Higher managerial, administrative and professional occupations",112,71,41
E01002053,L10 and L11: Lower supervisory and technical occupations,82,69,13
E01002053,L12: Semi-routine occupations,158,164,-6
E01002053,L13: Routine occupations,238,128,110
E01002053,L14.1 and L14.2: Never worked and long-term unemployed,240,195,45
E01002053,L15: Full-time students,170,165,5
E01002053,"L4, L5 and L6: Lower managerial, administrative and professional occupations",251,200,51
E01002053,L7: Intermediate occupations,151,144,7
E01002053,L8 and L9: Small employers and own account workers,148,150,-2
E01002054,"L1, L2 and L3: Higher managerial, administrative and professional occupations",74,85,-11
E01002054,L10 and L11: Lower supervisory and technical occupations,74,116,-42
E01002054,L12: Semi-routine occupations,162,186,-24
E01002054,L13: Routine occupations,185,167,18
E01002054,L14.1 and L14.2: Never worked and long-term unemployed,214,263,-49
E01002054,L15: Full-time students,191,208,-17
E01002054,"L4, L5 and L6: Lower managerial, administrative and professional occupations",167,203,-36
E01002054,L7: Intermediate occupations,98,118,-20
E01002054,L8 and L9: Small employers and own account workers,150,179,-29
E01002055,"L1, L2 and L3: Higher managerial, administrative and professional occupations",91,48,43
E01002055,L10 and L11: Lower supervisory and technical occupations,48,48,0
E01002055,L12: Semi-routine occupations,103,106,-3
E01002055,L13: Routine occupations,120,83,37
E01002055,L14.1 and L14.2: Never worked and long-term unemployed,106,103,3
E01002055,L15: Full-time students,177,110,67
E01002055,"L4, L5 and L6: Lower managerial, administrative and professional occupations",218,193,25
E01002055,L7: Intermediate occupations,189,139,50
E01002055,L8 and L9: Small employers and own account workers,151,155,-4
E01002056,"L1, L2 and L3: Higher managerial, administrative and professional occupations",294,89,205
E01002056,L10 and L11: Lower supervisory and technical occupations,119,74,45
E01002056,L12: Semi-routine occupations,233,137,96
E01002056,L13: Routine occupations,292,143,149
E01002056,L14.1 and L14.2: Never worked and long-term unemployed,298,126,172
E01002056,L15: Full-time students,190,180,10
E01002056,"L4, L5 and L6: Lower managerial, administrative and professional occupations",544,235,309
E01002056,L7: Intermediate occupations,130,92,38
E01002056,L8 and L9: Small employers and own account workers,337,172,165
E01002057,"L1, L2 and L3: Higher managerial, administrative and professional occupations",215,93,122
E01002057,L10 and L11: Lower supervisory and technical occupations,62,78,-16
E01002057,L12: Semi-routine occupations,125,136,-11
E01002057,L13: Routine occupations,194,102,92
E01002057,L14.1 and L14.2: Never worked and long-term unemployed,144,148,-4
E01002057,L15: Full-time students,118,192,-74
E01002057,"L4, L5 and L6: Lower managerial, administrative and professional occupations",375,243,132
E01002057,L7: Intermediate occupations,115,109,6
E01002057,L8 and L9: Small employers and own account workers,196,124,72
E01002058,"L1, L2 and L3: Higher managerial, administrative and professional occupations",208,162,46
E01002058,L10 and L11: Lower supervisory and technical occupations,75,103,-28
E01002058,L12: Semi-routine occupations,105,120,-15
E01002058,L13: Routine occupations,165,133,32
E01002058,L14.1 and L14.2: Never worked and long-term unemployed,131,136,-5
E01002058,L15: Full-time students,117,148,-31
E01002058,"L4, L5 and L6: Lower managerial, administrative and professional occupations",284,339,-55
E01002058,L7: Intermediate occupations,124,119,5
E01002058,L8 and L9: Small employers and own account workers,152,133,19
E01002059,"L1, L2 and L3: Higher managerial, administrative and professional occupations",310,190,120
E01002059,L10 and L11: Lower supervisory and technical occupations,35,43,-8
E01002059,L12: Semi-routine occupations,87,98,-11
E01002059,L13: Routine occupations,83,65,18
E01002059,L14.1 and L14.2: Never worked and long-term unemployed,133,101,32
E01002059,L15: Full-time students,72,119,-47
E01002059,"L4, L5 and L6: Lower managerial, administrative and professional occupations",367,395,-28
E01002059,L7: Intermediate occupations,91,110,-19
E01002059,L8 and L9: Small employers and own account workers,117,134,-17
E01002060,"L1, L2 and L3: Higher managerial, administrative and professional occupations",437,312,125
E01002060,L10 and L11: Lower supervisory and technical occupations,31,36,-5
E01002060,L12: Semi-routine occupations,74,69,5
E01002060,L13: Routine occupations,46,47,-1
E01002060,L14.1 and L14.2: Never worked and long-term unemployed,78,40,38
E01002060,L15: Full-time students,86,101,-15
E01002060,"L4, L5 and L6: Lower managerial, administrative and professional occupations",429,544,-115
E01002060,L7: Intermediate occupations,99,128,-29
E01002060,L8 and L9: Small employers and own account workers,151,126,25
E01002061,"L1, L2 and L3: Higher managerial, administrative and professional occupations",466,338,128
E01002061,L10 and L11: Lower supervisory and technical occupations,33,40,-7
E01002061,L12: Semi-routine occupations,48,43,5
E01002061,L13: Routine occupations,63,48,15
E01002061,L14.1 and L14.2: Never worked and long-term unemployed,70,47,23
E01002061,L15: Full-time students,66,123,-57
E01002061,"L4, L5 and L6: Lower managerial, administrative and professional occupations",395,525,-130
E01002061,L7: Intermediate occupations,96,120,-24
E01002061,L8 and L9: Small employers and own account workers,136,117,19
E01002062,"L1, L2 and L3: Higher managerial, administrative and professional occupations",404,308,96
E01002062,L10 and L11: Lower supervisory and technical occupations,29,30,-1
E01002062,L12: Semi-routine occupations,92,89,3
E01002062,L13: Routine occupations,60,59,1
E01002062,L14.1 and L14.2: Never worked and long-term unemployed,82,76,6
E01002062,L15: Full-time students,96,90,6
E01002062,"L4, L5 and L6: Lower managerial, administrative and professional occupations",468,602,-134
E01002062,L7: Intermediate occupations,119,146,-27
E01002062,L8 and L9: Small employers and own account workers,150,145,5
E01002063,"L1, L2 and L3: Higher managerial, administrative and professional occupations",314,260,54
E01002063,L10 and L11: Lower supervisory and technical occupations,39,46,-7
E01002063,L12: Semi-routine occupations,79,87,-8
E01002063,L13: Routine occupations,81,60,21
E01002063,L14.1 and L14.2: Never worked and long-term unemployed,111,75,36
E01002063,L15: Full-time students,84,105,-21
E01002063,"L4, L5 and L6: Lower managerial, administrative and professional occupations",365,431,-66
E01002063,L7: Intermediate occupations,106,112,-6
E01002063,L8 and L9: Small employers and own account workers,118,94,24
E01002064,"L1, L2 and L3: Higher managerial, administrative and professional occupations",268,181,87
E01002064,L10 and L11: Lower supervisory and technical occupations,52,45,7
E01002064,L12: Semi-routine occupations,110,100,10
E01002064,L13: Routine occupations,114,91,23
E01002064,L14.1 and L14.2: Never worked and long-term unemployed,131,105,26
E01002064,L15: Full-time students,105,121,-16
E01002064,"L4, L5 and L6: Lower managerial, administrative and professional occupations",303,358,-55
E01002064,L7: Intermediate occupations,89,98,-9
E01002064,L8 and L9: Small employers and own account workers,108,94,14
E01002065,"L1, L2 and L3: Higher managerial, administrative and professional occupations",318,281,37
E01002065,L10 and L11: Lower supervisory and technical occupations,47,46,1
E01002065,L12: Semi-routine occupations,91,103,-12
E01002065,L13: Routine occupations,105,93,12
E01002065,L14.1 and L14.2: Never worked and long-term unemployed,148,61,87
E01002065,L15: Full-time students,98,118,-20
E01002065,"L4, L5 and L6: Lower managerial, administrative and professional occupations",364,460,-96
E01002065,L7: Intermediate occupations,86,150,-64
E01002065,L8 and L9: Small employers and own account workers,137,132,5
E01002066,"L1, L2 and L3: Higher managerial, administrative and professional occupations",118,68,50
E01002066,L10 and L11: Lower supervisory and technical occupations,108,88,20
E01002066,L12: Semi-routine occupations,266,168,98
E01002066,L13: Routine occupations,368,138,230
E01002066,L14.1 and L14.2: Never worked and long-term unemployed,371,215,156
E01002066,L15: Full-time students,257,210,47
E01002066,"L4, L5 and L6: Lower managerial, administrative and professional occupations",320,209,111
E01002066,L7: Intermediate occupations,121,119,2
E01002066,L8 and L9: Small employers and own account workers,201,113,88
E01002067,"L1, L2 and L3: Higher managerial, administrative and professional occupations",132,72,60
E01002067,L10 and L11: Lower supervisory and technical occupations,72,66,6
E01002067,L12: Semi-routine occupations,136,158,-22
E01002067,L13: Routine occupations,208,169,39
E01002067,L14.1 and L14.2: Never worked and long-term unemployed,239,205,34
E01002067,L15: Full-time students,112,154,-42
E01002067,"L4, L5 and L6: Lower managerial, administrative and professional occupations",251,195,56
E01002067,L7: Intermediate occupations,102,111,-9
E01002067,L8 and L9: Small employers and own account workers,242,163,79
E01002068,"L1, L2 and L3: Higher managerial, administrative and professional occupations",177,124,53
E01002068,L10 and L11: Lower supervisory and technical occupations,100,77,23
E01002068,L12: Semi-routine occupations,174,172,2
E01002068,L13: Routine occupations,282,140,142
E01002068,L14.1 and L14.2: Never worked and long-term unemployed,200,169,31
E01002068,L15: Full-time students,242,179,63
E01002068,"L4, L5 and L6: Lower managerial, administrative and professional occupations",329,278,51
E01002068,L7: Intermediate occupations,160,117,43
E01002068,L8 and L9: Small employers and own account workers,257,224,33
E01002069,"L1, L2 and L3: Higher managerial, administrative and professional occupations",146,93,53
E01002069,L10 and L11: Lower supervisory and technical occupations,81,91,-10
E01002069,L12: Semi-routine occupations,190,188,2
E01002069,L13: Routine occupations,329,176,153
E01002069,L14.1 and L14.2: Never worked and long-term unemployed,248,211,37
E01002069,L15: Full-time students,136,206,-70
E01002069,"L4, L5 and L6: Lower managerial, administrative and professional occupations",306,266,40
E01002069,L7: Intermediate occupations,111,126,-15
E01002069,L8 and L9: Small employers and own account workers,215,187,28
E01002070,"L1, L2 and L3: Higher managerial, administrative and professional occupations",379,134,245
E01002070,L10 and L11: Lower supervisory and technical occupations,92,81,11
E01002070,L12: Semi-routine occupations,178,158,20
E01002070,L13: Routine occupations,200,147,53
E01002070,L14.1 and L14.2: Never worked and long-term unemployed,221,197,24
E01002070,L15: Full-time students,141,173,-32
E01002070,"L4, L5 and L6: Lower managerial, administrative and professional occupations",506,310,196
E01002070,L7: Intermediate occupations,149,155,-6
E01002070,L8 and L9: Small employers and own account workers,280,183,97
E01002071,"L1, L2 and L3: Higher managerial, administrative and professional occupations",113,55,58
E01002071,L10 and L11: Lower supervisory and technical occupations,63,69,-6
E01002071,L12: Semi-routine occupations,155,175,-20
E01002071,L13: Routine occupations,214,130,84
E01002071,L14.1 and L14.2: Never worked and long-term unemployed,208,173,35
E01002071,L15: Full-time students,134,189,-55
E01002071,"L4, L5 and L6: Lower managerial, administrative and professional occupations",233,146,87
E01002071,L7: Intermediate occupations,99,106,-7
E01002071,L8 and L9: Small employers and own account workers,202,115,87
E01002072,"L1, L2 and L3: Higher managerial, administrative and professional occupations",122,73,49
E01002072,L10 and L11: Lower supervisory and technical occupations,69,100,-31
E01002072,L12: Semi-routine occupations,139,166,-27
E01002072,L13: Routine occupations,201,138,63
E01002072,L14.1 and L14.2: Never worked and long-term unemployed,237,208,29
E01002072,L15: Full-time students,280,293,-13
E01002072,"L4, L5 and L6: Lower managerial, administrative and professional occupations",245,245,0
E01002072,L7: Intermediate occupations,117,108,9
E01002072,L8 and L9: Small employers and own account workers,203,136,67
E01002073,"L1, L2 and L3: Higher managerial, administrative and professional occupations",122,68,54
E01002073,L10 and L11: Lower supervisory and technical occupations,76,71,5
E01002073,L12: Semi-routine occupations,148,160,-12
E01002073,L13: Routine occupations,181,168,13
E01002073,L14.1 and L14.2: Never worked and long-term unemployed,197,192,5
E01002073,L15: Full-time students,127,162,-35
E01002073,"L4, L5 and L6: Lower managerial, administrative and professional occupations",223,219,4
E01002073,L7: Intermediate occupations,118,108,10
E01002073,L8 and L9: Small employers and own account workers,167,167,0
E01002074,"L1, L2 and L3: Higher managerial, administrative and professional occupations",117,65,52
E01002074,L10 and L11: Lower supervisory and technical occupations,79,83,-4
E01002074,L12: Semi-routine occupations,185,185,0
E01002074,L13: Routine occupations,238,171,67
E01002074,L14.1 and L14.2: Never worked and long-term unemployed,289,274,15
E01002074,L15: Full-time students,168,174,-6
E01002074,"L4, L5 and L6: Lower managerial, administrative and professional occupations",225,195,30
E01002074,L7: Intermediate occupations,136,140,-4
E01002074,L8 and L9: Small employers and own account workers,224,139,85
E01002075,"L1, L2 and L3: Higher managerial, administrative and professional occupations",84,57,27
E01002075,L10 and L11: Lower supervisory and technical occupations,69,73,-4
E01002075,L12: Semi-routine occupations,176,129,47
E01002075,L13: Routine occupations,286,93,193
E01002075,L14.1 and L14.2: Never worked and long-term unemployed,219,202,17
E01002075,L15: Full-time students,160,338,-178
E01002075,"L4, L5 and L6: Lower managerial, administrative and professional occupations",211,150,61
E01002075,L7: Intermediate occupations,118,119,-1
E01002075,L8 and L9: Small employers and own account workers,223,128,95
E01002076,"L1, L2 and L3: Higher managerial, administrative and professional occupations",103,49,54
E01002076,L10 and L11: Lower supervisory and technical occupations,61,96,-35
E01002076,L12: Semi-routine occupations,174,176,-2
E01002076,L13: Routine occupations,209,151,58
E01002076,L14.1 and L14.2: Never worked and long-term unemployed,208,194,14
E01002076,L15: Full-time students,128,263,-135
E01002076,"L4, L5 and L6: Lower managerial, administrative and professional occupations",218,194,24
E01002076,L7: Intermediate occupations,135,137,-2
E01002076,L8 and L9: Small employers and own account workers,216,128,88
E01002077,"L1, L2 and L3: Higher managerial, administrative and professional occupations",124,40,84
E01002077,L10 and L11: Lower supervisory and technical occupations,97,69,28
E01002077,L12: Semi-routine occupations,214,181,33
E01002077,L13: Routine occupations,245,184,61
E01002077,L14.1 and L14.2: Never worked and long-term unemployed,245,213,32
E01002077,L15: Full-time students,189,361,-172
E01002077,"L4, L5 and L6: Lower managerial, administrative and professional occupations",267,148,119
E01002077,L7: Intermediate occupations,181,135,46
E01002077,L8 and L9: Small employers and own account workers,257,155,102
E01002078,"L1, L2 and L3: Higher managerial, administrative and professional occupations",305,113,192
E01002078,L10 and L11: Lower supervisory and technical occupations,100,99,1
E01002078,L12: Semi-routine occupations,220,230,-10
E01002078,L13: Routine occupations,248,185,63
E01002078,L14.1 and L14.2: Never worked and long-term unemployed,240,216,24
E01002078,L15: Full-time students,183,210,-27
E01002078,"L4, L5 and L6: Lower managerial, administrative and professional occupations",447,284,163
E01002078,L7: Intermediate occupations,183,179,4
E01002078,L8 and L9: Small employers and own account workers,234,141,93
E01002079,"L1, L2 and L3: Higher managerial, administrative and professional occupations",115,63,52
E01002079,L10 and L11: Lower supervisory and technical occupations,73,56,17
E01002079,L12: Semi-routine occupations,109,145,-36
E01002079,L13: Routine occupations,213,148,65
E01002079,L14.1 and L14.2: Never worked and long-term unemployed,191,162,29
E01002079,L15: Full-time students,149,144,5
E01002079,"L4, L5 and L6: Lower managerial, administrative and professional occupations",198,200,-2
E01002079,L7: Intermediate occupations,92,110,-18
E01002079,L8 and L9: Small employers and own account workers,267,151,116
E01002081,"L1, L2 and L3: Higher managerial, administrative and professional occupations",73,42,31
E01002081,L10 and L11: Lower supervisory and technical occupations,73,56,17
E01002081,L12: Semi-routine occupations,177,162,15
E01002081,L13: Routine occupations,259,159,100
E01002081,L14.1 and L14.2: Never worked and long-term unemployed,302,247,55
E01002081,L15: Full-time students,154,338,-184
E01002081,"L4, L5 and L6: Lower managerial, administrative and professional occupations",253,143,110
E01002081,L7: Intermediate occupations,96,87,9
E01002081,L8 and L9: Small employers and own account workers,198,94,104
E01002082,"L1, L2 and L3: Higher managerial, administrative and professional occupations",39,26,13
E01002082,L10 and L11: Lower supervisory and technical occupations,51,65,-14
E01002082,L12: Semi-routine occupations,141,182,-41
E01002082,L13: Routine occupations,182,142,40
E01002082,L14.1 and L14.2: Never worked and long-term unemployed,268,207,61
E01002082,L15: Full-time students,134,184,-50
E01002082,"L4, L5 and L6: Lower managerial, administrative and professional occupations",145,110,35
E01002082,L7: Intermediate occupations,98,74,24
E01002082,L8 and L9: Small employers and own account workers,142,83,59
E01002083,"L1, L2 and L3: Higher managerial, administrative and professional occupations",164,89,75
E01002083,L10 and L11: Lower supervisory and technical occupations,60,75,-15
E01002083,L12: Semi-routine occupations,98,129,-31
E01002083,L13: Routine occupations,152,127,25
E01002083,L14.1 and L14.2: Never worked and long-term unemployed,112,104,8
E01002083,L15: Full-time students,63,132,-69
E01002083,"L4, L5 and L6: Lower managerial, administrative and professional occupations",255,237,18
E01002083,L7: Intermediate occupations,91,126,-35
E01002083,L8 and L9: Small employers and own account workers,189,134,55
E01002084,"L1, L2 and L3: Higher managerial, administrative and professional occupations",187,119,68
E01002084,L10 and L11: Lower supervisory and technical occupations,77,86,-9
E01002084,L12: Semi-routine occupations,122,147,-25
E01002084,L13: Routine occupations,195,146,49
E01002084,L14.1 and L14.2: Never worked and long-term unemployed,149,106,43
E01002084,L15: Full-time students,129,137,-8
E01002084,"L4, L5 and L6: Lower managerial, administrative and professional occupations",300,245,55
E01002084,L7: Intermediate occupations,76,120,-44
E01002084,L8 and L9: Small employers and own account workers,212,166,46
E01002085,"L1, L2 and L3: Higher managerial, administrative and professional occupations",221,109,112
E01002085,L10 and L11: Lower supervisory and technical occupations,83,91,-8
E01002085,L12: Semi-routine occupations,149,177,-28
E01002085,L13: Routine occupations,239,178,61
E01002085,L14.1 and L14.2: Never worked and long-term unemployed,206,202,4
E01002085,L15: Full-time students,229,222,7
E01002085,"L4, L5 and L6: Lower managerial, administrative and professional occupations",339,359,-20
E01002085,L7: Intermediate occupations,147,161,-14
E01002085,L8 and L9: Small employers and own account workers,194,177,17
E01002086,"L1, L2 and L3: Higher managerial, administrative and professional occupations",258,105,153
E01002086,L10 and L11: Lower supervisory and technical occupations,41,71,-30
E01002086,L12: Semi-routine occupations,86,147,-61
E01002086,L13: Routine occupations,126,135,-9
E01002086,L14.1 and L14.2: Never worked and long-term unemployed,135,208,-73
E01002086,L15: Full-time students,99,164,-65
E01002086,"L4, L5 and L6: Lower managerial, administrative and professional occupations",299,199,100
E01002086,L7: Intermediate occupations,100,96,4
E01002086,L8 and L9: Small employers and own account workers,157,114,43
E01002087,"L1, L2 and L3: Higher managerial, administrative and professional occupations",195,127,68
E01002087,L10 and L11: Lower supervisory and technical occupations,80,85,-5
E01002087,L12: Semi-routine occupations,149,146,3
E01002087,L13: Routine occupations,206,107,99
E01002087,L14.1 and L14.2: Never worked and long-term unemployed,221,170,51
E01002087,L15: Full-time students,114,135,-21
E01002087,"L4, L5 and L6: Lower managerial, administrative and professional occupations",310,240,70
E01002087,L7: Intermediate occupations,137,143,-6
E01002087,L8 and L9: Small employers and own account workers,224,115,109
E01002088,"L1, L2 and L3: Higher managerial, administrative and professional occupations",186,139,47
E01002088,L10 and L11: Lower supervisory and technical occupations,78,92,-14
E01002088,L12: Semi-routine occupations,145,165,-20
E01002088,L13: Routine occupations,205,141,64
E01002088,L14.1 and L14.2: Never worked and long-term unemployed,152,165,-13
E01002088,L15: Full-time students,105,166,-61
E01002088,"L4, L5 and L6: Lower managerial, administrative and professional occupations",316,273,43
E01002088,L7: Intermediate occupations,95,125,-30
E01002088,L8 and L9: Small employers and own account workers,197,171,26
E01002089,"L1, L2 and L3: Higher managerial, administrative and professional occupations",50,24,26
E01002089,L10 and L11: Lower supervisory and technical occupations,51,70,-19
E01002089,L12: Semi-routine occupations,160,183,-23
E01002089,L13: Routine occupations,154,159,-5
E01002089,L14.1 and L14.2: Never worked and long-term unemployed,211,222,-11
E01002089,L15: Full-time students,125,178,-53
E01002089,"L4, L5 and L6: Lower managerial, administrative and professional occupations",107,89,18
E01002089,L7: Intermediate occupations,79,69,10
E01002089,L8 and L9: Small employers and own account workers,96,63,33
E01002090,"L1, L2 and L3: Higher managerial, administrative and professional occupations",112,50,62
E01002090,L10 and L11: Lower supervisory and technical occupations,83,83,0
E01002090,L12: Semi-routine occupations,154,148,6
E01002090,L13: Routine occupations,139,127,12
E01002090,L14.1 and L14.2: Never worked and long-term unemployed,226,168,58
E01002090,L15: Full-time students,138,154,-16
E01002090,"L4, L5 and L6: Lower managerial, administrative and professional occupations",251,161,90
E01002090,L7: Intermediate occupations,137,126,11
E01002090,L8 and L9: Small employers and own account workers,194,144,50
E01002091,"L1, L2 and L3: Higher managerial, administrative and professional occupations",64,32,32
E01002091,L10 and L11: Lower supervisory and technical occupations,69,68,1
E01002091,L12: Semi-routine occupations,185,177,8
E01002091,L13: Routine occupations,211,151,60
E01002091,L14.1 and L14.2: Never worked and long-term unemployed,291,245,46
E01002091,L15: Full-time students,168,164,4
E01002091,"L4, L5 and L6: Lower managerial, administrative and professional occupations",199,146,53
E01002091,L7: Intermediate occupations,123,95,28
E01002091,L8 and L9: Small employers and own account workers,196,134,62
E01002092,"L1, L2 and L3: Higher managerial, administrative and professional occupations",72,65,7
E01002092,L10 and L11: Lower supervisory and technical occupations,55,65,-10
E01002092,L12: Semi-routine occupations,154,165,-11
E01002092,L13: Routine occupations,200,150,50
E01002092,L14.1 and L14.2: Never worked and long-term unemployed,206,226,-20
E01002092,L15: Full-time students,137,147,-10
E01002092,"L4, L5 and L6: Lower managerial, administrative and professional occupations",160,163,-3
E01002092,L7: Intermediate occupations,106,136,-30
E01002092,L8 and L9: Small employers and own account workers,122,102,20
E01002093,"L1, L2 and L3: Higher managerial, administrative and professional occupations",58,46,12
E01002093,L10 and L11: Lower supervisory and technical occupations,90,86,4
E01002093,L12: Semi-routine occupations,191,193,-2
E01002093,L13: Routine occupations,212,122,90
E01002093,L14.1 and L14.2: Never worked and long-term unemployed,297,222,75
E01002093,L15: Full-time students,181,152,29
E01002093,"L4, L5 and L6: Lower managerial, administrative and professional occupations",197,177,20
E01002093,L7: Intermediate occupations,121,111,10
E01002093,L8 and L9: Small employers and own account workers,164,130,34
E01002094,"L1, L2 and L3: Higher managerial, administrative and professional occupations",77,54,23
E01002094,L10 and L11: Lower supervisory and technical occupations,55,44,11
E01002094,L12: Semi-routine occupations,144,152,-8
E01002094,L13: Routine occupations,150,120,30
E01002094,L14.1 and L14.2: Never worked and long-term unemployed,179,177,2
E01002094,L15: Full-time students,137,171,-34
E01002094,"L4, L5 and L6: Lower managerial, administrative and professional occupations",179,141,38
E01002094,L7: Intermediate occupations,122,107,15
E01002094,L8 and L9: Small employers and own account workers,156,104,52
E01002095,"L1, L2 and L3: Higher managerial, administrative and professional occupations",89,43,46
E01002095,L10 and L11: Lower supervisory and technical occupations,61,60,1
E01002095,L12: Semi-routine occupations,169,162,7
E01002095,L13: Routine occupations,191,154,37
E01002095,L14.1 and L14.2: Never worked and long-term unemployed,216,187,29
E01002095,L15: Full-time students,116,152,-36
E01002095,"L4, L5 and L6: Lower managerial, administrative and professional occupations",179,177,2
E01002095,L7: Intermediate occupations,110,113,-3
E01002095,L8 and L9: Small employers and own account workers,133,84,49
E01002096,"L1, L2 and L3: Higher managerial, administrative and professional occupations",95,43,52
E01002096,L10 and L11: Lower supervisory and technical occupations,55,68,-13
E01002096,L12: Semi-routine occupations,191,162,29
E01002096,L13: Routine occupations,180,130,50
E01002096,L14.1 and L14.2: Never worked and long-term unemployed,228,163,65
E01002096,L15: Full-time students,170,177,-7
E01002096,"L4, L5 and L6: Lower managerial, administrative and professional occupations",192,153,39
E01002096,L7: Intermediate occupations,120,117,3
E01002096,L8 and L9: Small employers and own account workers,162,93,69
E01002097,"L1, L2 and L3: Higher managerial, administrative and professional occupations",110,54,56
E01002097,L10 and L11: Lower supervisory and technical occupations,67,71,-4
E01002097,L12: Semi-routine occupations,144,163,-19
E01002097,L13: Routine occupations,158,121,37
E01002097,L14.1 and L14.2: Never worked and long-term unemployed,177,186,-9
E01002097,L15: Full-time students,174,146,28
E01002097,"L4, L5 and L6: Lower managerial, administrative and professional occupations",208,179,29
E01002097,L7: Intermediate occupations,110,101,9
E01002097,L8 and L9: Small employers and own account workers,135,84,51
E01002098,"L1, L2 and L3: Higher managerial, administrative and professional occupations",243,147,96
E01002098,L10 and L11: Lower supervisory and technical occupations,51,46,5
E01002098,L12: Semi-routine occupations,85,93,-8
E01002098,L13: Routine occupations,106,74,32
E01002098,L14.1 and L14.2: Never worked and long-term unemployed,114,65,49
E01002098,L15: Full-time students,96,114,-18
E01002098,"L4, L5 and L6: Lower managerial, administrative and professional occupations",329,304,25
E01002098,L7: Intermediate occupations,97,115,-18
E01002098,L8 and L9: Small employers and own account workers,144,125,19
E01002099,"L1, L2 and L3: Higher managerial, administrative and professional occupations",97,66,31
E01002099,L10 and L11: Lower supervisory and technical occupations,79,88,-9
E01002099,L12: Semi-routine occupations,171,197,-26
E01002099,L13: Routine occupations,200,161,39
E01002099,L14.1 and L14.2: Never worked and long-term unemployed,314,265,49
E01002099,L15: Full-time students,199,226,-27
E01002099,"L4, L5 and L6: Lower managerial, administrative and professional occupations",226,224,2
E01002099,L7: Intermediate occupations,134,144,-10
E01002099,L8 and L9: Small employers and own account workers,221,125,96
E01002100,"L1, L2 and L3: Higher managerial, administrative and professional occupations",124,89,35
E01002100,L10 and L11: Lower supervisory and technical occupations,76,83,-7
E01002100,L12: Semi-routine occupations,124,165,-41
E01002100,L13: Routine occupations,203,163,40
E01002100,L14.1 and L14.2: Never worked and long-term unemployed,224,180,44
E01002100,L15: Full-time students,146,203,-57
E01002100,"L4, L5 and L6: Lower managerial, administrative and professional occupations",195,226,-31
E01002100,L7: Intermediate occupations,116,150,-34
E01002100,L8 and L9: Small employers and own account workers,235,162,73
E01002101,"L1, L2 and L3: Higher managerial, administrative and professional occupations",233,118,115
E01002101,L10 and L11: Lower supervisory and technical occupations,67,87,-20
E01002101,L12: Semi-routine occupations,123,171,-48
E01002101,L13: Routine occupations,200,202,-2
E01002101,L14.1 and L14.2: Never worked and long-term unemployed,156,176,-20
E01002101,L15: Full-time students,123,149,-26
E01002101,"L4, L5 and L6: Lower managerial, administrative and professional occupations",328,285,43
E01002101,L7: Intermediate occupations,79,116,-37
E01002101,L8 and L9: Small employers and own account workers,287,203,84
E01002102,"L1, L2 and L3: Higher managerial, administrative and professional occupations",183,134,49
E01002102,L10 and L11: Lower supervisory and technical occupations,61,90,-29
E01002102,L12: Semi-routine occupations,150,164,-14
E01002102,L13: Routine occupations,175,148,27
E01002102,L14.1 and L14.2: Never worked and long-term unemployed,196,160,36
E01002102,L15: Full-time students,160,190,-30
E01002102,"L4, L5 and L6: Lower managerial, administrative and professional occupations",274,315,-41
E01002102,L7: Intermediate occupations,114,129,-15
E01002102,L8 and L9: Small employers and own account workers,227,172,55
E01002103,"L1, L2 and L3: Higher managerial, administrative and professional occupations",178,103,75
E01002103,L10 and L11: Lower supervisory and technical occupations,92,103,-11
E01002103,L12: Semi-routine occupations,127,129,-2
E01002103,L13: Routine occupations,201,158,43
E01002103,L14.1 and L14.2: Never worked and long-term unemployed,208,140,68
E01002103,L15: Full-time students,132,198,-66
E01002103,"L4, L5 and L6: Lower managerial, administrative and professional occupations",249,266,-17
E01002103,L7: Intermediate occupations,121,122,-1
E01002103,L8 and L9: Small employers and own account workers,248,210,38
E01002104,"L1, L2 and L3: Higher managerial, administrative and professional occupations",105,76,29
E01002104,L10 and L11: Lower supervisory and technical occupations,67,55,12
E01002104,L12: Semi-routine occupations,123,157,-34
E01002104,L13: Routine occupations,181,103,78
E01002104,L14.1 and L14.2: Never worked and long-term unemployed,178,123,55
E01002104,L15: Full-time students,109,128,-19
E01002104,"L4, L5 and L6: Lower managerial, administrative and professional occupations",187,181,6
E01002104,L7: Intermediate occupations,104,123,-19
E01002104,L8 and L9: Small employers and own account workers,207,140,67
E01002105,"L1, L2 and L3: Higher managerial, administrative and professional occupations",188,97,91
E01002105,L10 and L11: Lower supervisory and technical occupations,121,128,-7
E01002105,L12: Semi-routine occupations,175,223,-48
E01002105,L13: Routine occupations,240,165,75
E01002105,L14.1 and L14.2: Never worked and long-term unemployed,191,139,52
E01002105,L15: Full-time students,140,190,-50
E01002105,"L4, L5 and L6: Lower managerial, administrative and professional occupations",291,306,-15
E01002105,L7: Intermediate occupations,149,175,-26
E01002105,L8 and L9: Small employers and own account workers,318,231,87
E01002106,"L1, L2 and L3: Higher managerial, administrative and professional occupations",234,169,65
E01002106,L10 and L11: Lower supervisory and technical occupations,53,82,-29
E01002106,L12: Semi-routine occupations,135,173,-38
E01002106,L13: Routine occupations,129,93,36
E01002106,L14.1 and L14.2: Never worked and long-term unemployed,145,105,40
E01002106,L15: Full-time students,121,151,-30
E01002106,"L4, L5 and L6: Lower managerial, administrative and professional occupations",317,335,-18
E01002106,L7: Intermediate occupations,221,251,-30
E01002106,L8 and L9: Small employers and own account workers,268,170,98
E01002107,"L1, L2 and L3: Higher managerial, administrative and professional occupations",284,203,81
E01002107,L10 and L11: Lower supervisory and technical occupations,37,44,-7
E01002107,L12: Semi-routine occupations,94,99,-5
E01002107,L13: Routine occupations,79,63,16
E01002107,L14.1 and L14.2: Never worked and long-term unemployed,111,73,38
E01002107,L15: Full-time students,111,142,-31
E01002107,"L4, L5 and L6: Lower managerial, administrative and professional occupations",298,290,8
E01002107,L7: Intermediate occupations,169,202,-33
E01002107,L8 and L9: Small employers and own account workers,234,171,63
E01002108,"L1, L2 and L3: Higher managerial, administrative and professional occupations",283,215,68
E01002108,L10 and L11: Lower supervisory and technical occupations,38,49,-11
E01002108,L12: Semi-routine occupations,106,120,-14
E01002108,L13: Routine occupations,87,59,28
E01002108,L14.1 and L14.2: Never worked and long-term unemployed,140,83,57
E01002108,L15: Full-time students,128,161,-33
E01002108,"L4, L5 and L6: Lower managerial, administrative and professional occupations",270,278,-8
E01002108,L7: Intermediate occupations,199,212,-13
E01002108,L8 and L9: Small employers and own account workers,212,126,86
E01002109,"L1, L2 and L3: Higher managerial, administrative and professional occupations",390,291,99
E01002109,L10 and L11: Lower supervisory and technical occupations,38,25,13
E01002109,L12: Semi-routine occupations,81,104,-23
E01002109,L13: Routine occupations,60,50,10
E01002109,L14.1 and L14.2: Never worked and long-term unemployed,97,70,27
E01002109,L15: Full-time students,110,128,-18
E01002109,"L4, L5 and L6: Lower managerial, administrative and professional occupations",346,349,-3
E01002109,L7: Intermediate occupations,172,164,8
E01002109,L8 and L9: Small employers and own account workers,180,149,31
E01002110,"L1, L2 and L3: Higher managerial, administrative and professional occupations",291,185,106
E01002110,L10 and L11: Lower supervisory and technical occupations,33,42,-9
E01002110,L12: Semi-routine occupations,79,114,-35
E01002110,L13: Routine occupations,74,58,16
E01002110,L14.1 and L14.2: Never worked and long-term unemployed,114,82,32
E01002110,L15: Full-time students,127,145,-18
E01002110,"L4, L5 and L6: Lower managerial, administrative and professional occupations",240,287,-47
E01002110,L7: Intermediate occupations,163,208,-45
E01002110,L8 and L9: Small employers and own account workers,249,172,77
E01002111,"L1, L2 and L3: Higher managerial, administrative and professional occupations",241,198,43
E01002111,L10 and L11: Lower supervisory and technical occupations,51,47,4
E01002111,L12: Semi-routine occupations,144,153,-9
E01002111,L13: Routine occupations,119,87,32
E01002111,L14.1 and L14.2: Never worked and long-term unemployed,185,141,44
E01002111,L15: Full-time students,161,203,-42
E01002111,"L4, L5 and L6: Lower managerial, administrative and professional occupations",310,307,3
E01002111,L7: Intermediate occupations,209,215,-6
E01002111,L8 and L9: Small employers and own account workers,355,211,144
E01002112,"L1, L2 and L3: Higher managerial, administrative and professional occupations",416,279,137
E01002112,L10 and L11: Lower supervisory and technical occupations,23,29,-6
E01002112,L12: Semi-routine occupations,90,81,9
E01002112,L13: Routine occupations,69,37,32
E01002112,L14.1 and L14.2: Never worked and long-term unemployed,130,72,58
E01002112,L15: Full-time students,133,134,-1
E01002112,"L4, L5 and L6: Lower managerial, administrative and professional occupations",339,360,-21
E01002112,L7: Intermediate occupations,182,187,-5
E01002112,L8 and L9: Small employers and own account workers,248,182,66
E01002113,"L1, L2 and L3: Higher managerial, administrative and professional occupations",326,231,95
E01002113,L10 and L11: Lower supervisory and technical occupations,46,28,18
E01002113,L12: Semi-routine occupations,92,88,4
E01002113,L13: Routine occupations,68,58,10
E01002113,L14.1 and L14.2: Never worked and long-term unemployed,102,56,46
E01002113,L15: Full-time students,91,105,-14
E01002113,"L4, L5 and L6: Lower managerial, administrative and professional occupations",248,265,-17
E01002113,L7: Intermediate occupations,153,149,4
E01002113,L8 and L9: Small employers and own account workers,169,126,43
E01002114,"L1, L2 and L3: Higher managerial, administrative and professional occupations",275,235,40
E01002114,L10 and L11: Lower supervisory and technical occupations,57,45,12
E01002114,L12: Semi-routine occupations,140,129,11
E01002114,L13: Routine occupations,111,53,58
E01002114,L14.1 and L14.2: Never worked and long-term unemployed,251,110,141
E01002114,L15: Full-time students,125,84,41
E01002114,"L4, L5 and L6: Lower managerial, administrative and professional occupations",375,324,51
E01002114,L7: Intermediate occupations,226,159,67
E01002114,L8 and L9: Small employers and own account workers,282,163,119
E01002115,"L1, L2 and L3: Higher managerial, administrative and professional occupations",247,224,23
E01002115,L10 and L11: Lower supervisory and technical occupations,40,36,4
E01002115,L12: Semi-routine occupations,82,93,-11
E01002115,L13: Routine occupations,75,54,21
E01002115,L14.1 and L14.2: Never worked and long-term unemployed,117,78,39
E01002115,L15: Full-time students,95,87,8
E01002115,"L4, L5 and L6: Lower managerial, administrative and professional occupations",237,251,-14
E01002115,L7: Intermediate occupations,140,153,-13
E01002115,L8 and L9: Small employers and own account workers,199,135,64
E01002116,"L1, L2 and L3: Higher managerial, administrative and professional occupations",314,241,73
E01002116,L10 and L11: Lower supervisory and technical occupations,28,27,1
E01002116,L12: Semi-routine occupations,79,86,-7
E01002116,L13: Routine occupations,63,31,32
E01002116,L14.1 and L14.2: Never worked and long-term unemployed,106,59,47
E01002116,L15: Full-time students,86,108,-22
E01002116,"L4, L5 and L6: Lower managerial, administrative and professional occupations",256,334,-78
E01002116,L7: Intermediate occupations,149,155,-6
E01002116,L8 and L9: Small employers and own account workers,247,159,88
E01002118,"L1, L2 and L3: Higher managerial, administrative and professional occupations",179,148,31
E01002118,L10 and L11: Lower supervisory and technical occupations,53,73,-20
E01002118,L12: Semi-routine occupations,137,117,20
E01002118,L13: Routine occupations,139,97,42
E01002118,L14.1 and L14.2: Never worked and long-term unemployed,207,103,104
E01002118,L15: Full-time students,117,109,8
E01002118,"L4, L5 and L6: Lower managerial, administrative and professional occupations",255,258,-3
E01002118,L7: Intermediate occupations,140,156,-16
E01002118,L8 and L9: Small employers and own account workers,290,197,93
E01002119,"L1, L2 and L3: Higher managerial, administrative and professional occupations",266,103,163
E01002119,L10 and L11: Lower supervisory and technical occupations,73,55,18
E01002119,L12: Semi-routine occupations,179,141,38
E01002119,L13: Routine occupations,182,105,77
E01002119,L14.1 and L14.2: Never worked and long-term unemployed,216,136,80
E01002119,L15: Full-time students,225,143,82
E01002119,"L4, L5 and L6: Lower managerial, administrative and professional occupations",310,224,86
E01002119,L7: Intermediate occupations,157,161,-4
E01002119,L8 and L9: Small employers and own account workers,356,198,158
E01002120,"L1, L2 and L3: Higher managerial, administrative and professional occupations",90,77,13
E01002120,L10 and L11: Lower supervisory and technical occupations,38,59,-21
E01002120,L12: Semi-routine occupations,97,121,-24
E01002120,L13: Routine occupations,111,67,44
E01002120,L14.1 and L14.2: Never worked and long-term unemployed,162,131,31
E01002120,L15: Full-time students,107,114,-7
E01002120,"L4, L5 and L6: Lower managerial, administrative and professional occupations",182,135,47
E01002120,L7: Intermediate occupations,94,112,-18
E01002120,L8 and L9: Small employers and own account workers,172,136,36
E01002121,"L1, L2 and L3: Higher managerial, administrative and professional occupations",135,138,-3
E01002121,L10 and L11: Lower supervisory and technical occupations,74,48,26
E01002121,L12: Semi-routine occupations,126,127,-1
E01002121,L13: Routine occupations,147,105,42
E01002121,L14.1 and L14.2: Never worked and long-term unemployed,180,136,44
E01002121,L15: Full-time students,112,128,-16
E01002121,"L4, L5 and L6: Lower managerial, administrative and professional occupations",250,234,16
E01002121,L7: Intermediate occupations,162,175,-13
E01002121,L8 and L9: Small employers and own account workers,268,214,54
E01002122,"L1, L2 and L3: Higher managerial, administrative and professional occupations",146,124,22
E01002122,L10 and L11: Lower supervisory and technical occupations,54,61,-7
E01002122,L12: Semi-routine occupations,131,147,-16
E01002122,L13: Routine occupations,142,104,38
E01002122,L14.1 and L14.2: Never worked and long-term unemployed,151,112,39
E01002122,L15: Full-time students,161,156,5
E01002122,"L4, L5 and L6: Lower managerial, administrative and professional occupations",223,215,8
E01002122,L7: Intermediate occupations,161,151,10
E01002122,L8 and L9: Small employers and own account workers,338,201,137
E01002123,"L1, L2 and L3: Higher managerial, administrative and professional occupations",149,99,50
E01002123,L10 and L11: Lower supervisory and technical occupations,51,62,-11
E01002123,L12: Semi-routine occupations,139,156,-17
E01002123,L13: Routine occupations,135,105,30
E01002123,L14.1 and L14.2: Never worked and long-term unemployed,145,122,23
E01002123,L15: Full-time students,121,165,-44
E01002123,"L4, L5 and L6: Lower managerial, administrative and professional occupations",197,195,2
E01002123,L7: Intermediate occupations,119,175,-56
E01002123,L8 and L9: Small employers and own account workers,306,243,63
E01002124,"L1, L2 and L3: Higher managerial, administrative and professional occupations",106,95,11
E01002124,L10 and L11: Lower supervisory and technical occupations,50,68,-18
E01002124,L12: Semi-routine occupations,148,160,-12
E01002124,L13: Routine occupations,134,126,8
E01002124,L14.1 and L14.2: Never worked and long-term unemployed,157,115,42
E01002124,L15: Full-time students,153,161,-8
E01002124,"L4, L5 and L6: Lower managerial, administrative and professional occupations",204,190,14
E01002124,L7: Intermediate occupations,152,153,-1
E01002124,L8 and L9: Small employers and own account workers,329,188,141
E01002125,"L1, L2 and L3: Higher managerial, administrative and professional occupations",124,95,29
E01002125,L10 and L11: Lower supervisory and technical occupations,56,63,-7
E01002125,L12: Semi-routine occupations,135,146,-11
E01002125,L13: Routine occupations,163,132,31
E01002125,L14.1 and L14.2: Never worked and long-term unemployed,167,118,49
E01002125,L15: Full-time students,164,164,0
E01002125,"L4, L5 and L6: Lower managerial, administrative and professional occupations",191,199,-8
E01002125,L7: Intermediate occupations,105,147,-42
E01002125,L8 and L9: Small employers and own account workers,466,239,227
E01002127,"L1, L2 and L3: Higher managerial, administrative and professional occupations",269,251,18
E01002127,L10 and L11: Lower supervisory and technical occupations,44,45,-1
E01002127,L12: Semi-routine occupations,119,91,28
E01002127,L13: Routine occupations,102,59,43
E01002127,L14.1 and L14.2: Never worked and long-term unemployed,153,80,73
E01002127,L15: Full-time students,122,170,-48
E01002127,"L4, L5 and L6: Lower managerial, administrative and professional occupations",339,321,18
E01002127,L7: Intermediate occupations,157,190,-33
E01002127,L8 and L9: Small employers and own account workers,231,118,113
E01002128,"L1, L2 and L3: Higher managerial, administrative and professional occupations",255,243,12
E01002128,L10 and L11: Lower supervisory and technical occupations,54,113,-59
E01002128,L12: Semi-routine occupations,142,148,-6
E01002128,L13: Routine occupations,166,126,40
E01002128,L14.1 and L14.2: Never worked and long-term unemployed,204,145,59
E01002128,L15: Full-time students,146,158,-12
E01002128,"L4, L5 and L6: Lower managerial, administrative and professional occupations",346,353,-7
E01002128,L7: Intermediate occupations,161,193,-32
E01002128,L8 and L9: Small employers and own account workers,250,135,115
E01002129,"L1, L2 and L3: Higher managerial, administrative and professional occupations",555,349,206
E01002129,L10 and L11: Lower supervisory and technical occupations,62,46,16
E01002129,L12: Semi-routine occupations,140,124,16
E01002129,L13: Routine occupations,132,72,60
E01002129,L14.1 and L14.2: Never worked and long-term unemployed,229,148,81
E01002129,L15: Full-time students,206,160,46
E01002129,"L4, L5 and L6: Lower managerial, administrative and professional occupations",468,422,46
E01002129,L7: Intermediate occupations,211,156,55
E01002129,L8 and L9: Small employers and own account workers,246,129,117
E01002130,"L1, L2 and L3: Higher managerial, administrative and professional occupations",281,234,47
E01002130,L10 and L11: Lower supervisory and technical occupations,118,112,6
E01002130,L12: Semi-routine occupations,192,201,-9
E01002130,L13: Routine occupations,236,116,120
E01002130,L14.1 and L14.2: Never worked and long-term unemployed,302,167,135
E01002130,L15: Full-time students,279,213,66
E01002130,"L4, L5 and L6: Lower managerial, administrative and professional occupations",355,352,3
E01002130,L7: Intermediate occupations,162,185,-23
E01002130,L8 and L9: Small employers and own account workers,328,206,122
E01002131,"L1, L2 and L3: Higher managerial, administrative and professional occupations",157,116,41
E01002131,L10 and L11: Lower supervisory and technical occupations,61,78,-17
E01002131,L12: Semi-routine occupations,151,163,-12
E01002131,L13: Routine occupations,132,86,46
E01002131,L14.1 and L14.2: Never worked and long-term unemployed,180,115,65
E01002131,L15: Full-time students,108,166,-58
E01002131,"L4, L5 and L6: Lower managerial, administrative and professional occupations",224,225,-1
E01002131,L7: Intermediate occupations,138,169,-31
E01002131,L8 and L9: Small employers and own account workers,218,113,105
E01002132,"L1, L2 and L3: Higher managerial, administrative and professional occupations",361,355,6
E01002132,L10 and L11: Lower supervisory and technical occupations,48,48,0
E01002132,L12: Semi-routine occupations,111,76,35
E01002132,L13: Routine occupations,82,57,25
E01002132,L14.1 and L14.2: Never worked and long-term unemployed,154,86,68
E01002132,L15: Full-time students,142,137,5
E01002132,"L4, L5 and L6: Lower managerial, administrative and professional occupations",384,480,-96
E01002132,L7: Intermediate occupations,156,182,-26
E01002132,L8 and L9: Small employers and own account workers,212,142,70
E01002133,"L1, L2 and L3: Higher managerial, administrative and professional occupations",159,147,12
E01002133,L10 and L11: Lower supervisory and technical occupations,54,71,-17
E01002133,L12: Semi-routine occupations,170,193,-23
E01002133,L13: Routine occupations,189,135,54
E01002133,L14.1 and L14.2: Never worked and long-term unemployed,274,206,68
E01002133,L15: Full-time students,170,195,-25
E01002133,"L4, L5 and L6: Lower managerial, administrative and professional occupations",241,246,-5
E01002133,L7: Intermediate occupations,155,172,-17
E01002133,L8 and L9: Small employers and own account workers,208,123,85
E01002134,"L1, L2 and L3: Higher managerial, administrative and professional occupations",298,277,21
E01002134,L10 and L11: Lower supervisory and technical occupations,23,26,-3
E01002134,L12: Semi-routine occupations,71,64,7
E01002134,L13: Routine occupations,42,32,10
E01002134,L14.1 and L14.2: Never worked and long-term unemployed,154,86,68
E01002134,L15: Full-time students,95,79,16
E01002134,"L4, L5 and L6: Lower managerial, administrative and professional occupations",270,297,-27
E01002134,L7: Intermediate occupations,85,108,-23
E01002134,L8 and L9: Small employers and own account workers,195,132,63
E01002135,"L1, L2 and L3: Higher managerial, administrative and professional occupations",198,147,51
E01002135,L10 and L11: Lower supervisory and technical occupations,63,58,5
E01002135,L12: Semi-routine occupations,137,152,-15
E01002135,L13: Routine occupations,149,104,45
E01002135,L14.1 and L14.2: Never worked and long-term unemployed,213,119,94
E01002135,L15: Full-time students,157,124,33
E01002135,"L4, L5 and L6: Lower managerial, administrative and professional occupations",310,275,35
E01002135,L7: Intermediate occupations,150,140,10
E01002135,L8 and L9: Small employers and own account workers,278,202,76
E01002136,"L1, L2 and L3: Higher managerial, administrative and professional occupations",252,171,81
E01002136,L10 and L11: Lower supervisory and technical occupations,55,56,-1
E01002136,L12: Semi-routine occupations,154,128,26
E01002136,L13: Routine occupations,149,68,81
E01002136,L14.1 and L14.2: Never worked and long-term unemployed,137,94,43
E01002136,L15: Full-time students,130,110,20
E01002136,"L4, L5 and L6: Lower managerial, administrative and professional occupations",335,301,34
E01002136,L7: Intermediate occupations,165,179,-14
E01002136,L8 and L9: Small employers and own account workers,246,143,103
E01002137,"L1, L2 and L3: Higher managerial, administrative and professional occupations",222,169,53
E01002137,L10 and L11: Lower supervisory and technical occupations,32,31,1
E01002137,L12: Semi-routine occupations,26,39,-13
E01002137,L13: Routine occupations,22,15,7
E01002137,L14.1 and L14.2: Never worked and long-term unemployed,50,18,32
E01002137,L15: Full-time students,455,421,34
E01002137,"L4, L5 and L6: Lower managerial, administrative and professional occupations",325,327,-2
E01002137,L7: Intermediate occupations,63,70,-7
E01002137,L8 and L9: Small employers and own account workers,83,70,13
E01002138,"L1, L2 and L3: Higher managerial, administrative and professional occupations",173,134,39
E01002138,L10 and L11: Lower supervisory and technical occupations,53,46,7
E01002138,L12: Semi-routine occupations,148,153,-5
E01002138,L13: Routine occupations,105,77,28
E01002138,L14.1 and L14.2: Never worked and long-term unemployed,132,95,37
E01002138,L15: Full-time students,142,168,-26
E01002138,"L4, L5 and L6: Lower managerial, administrative and professional occupations",231,198,33
E01002138,L7: Intermediate occupations,149,148,1
E01002138,L8 and L9: Small employers and own account workers,147,111,36
E01002139,"L1, L2 and L3: Higher managerial, administrative and professional occupations",92,39,53
E01002139,L10 and L11: Lower supervisory and technical occupations,51,47,4
E01002139,L12: Semi-routine occupations,151,158,-7
E01002139,L13: Routine occupations,147,121,26
E01002139,L14.1 and L14.2: Never worked and long-term unemployed,180,149,31
E01002139,L15: Full-time students,140,142,-2
E01002139,"L4, L5 and L6: Lower managerial, administrative and professional occupations",179,161,18
E01002139,L7: Intermediate occupations,134,114,20
E01002139,L8 and L9: Small employers and own account workers,131,67,64
E01002140,"L1, L2 and L3: Higher managerial, administrative and professional occupations",153,104,49
E01002140,L10 and L11: Lower supervisory and technical occupations,51,74,-23
E01002140,L12: Semi-routine occupations,168,155,13
E01002140,L13: Routine occupations,112,88,24
E01002140,L14.1 and L14.2: Never worked and long-term unemployed,161,86,75
E01002140,L15: Full-time students,142,125,17
E01002140,"L4, L5 and L6: Lower managerial, administrative and professional occupations",257,257,0
E01002140,L7: Intermediate occupations,170,196,-26
E01002140,L8 and L9: Small employers and own account workers,225,152,73
E01002141,"L1, L2 and L3: Higher managerial, administrative and professional occupations",229,171,58
E01002141,L10 and L11: Lower supervisory and technical occupations,34,66,-32
E01002141,L12: Semi-routine occupations,108,105,3
E01002141,L13: Routine occupations,106,61,45
E01002141,L14.1 and L14.2: Never worked and long-term unemployed,172,78,94
E01002141,L15: Full-time students,106,117,-11
E01002141,"L4, L5 and L6: Lower managerial, administrative and professional occupations",291,273,18
E01002141,L7: Intermediate occupations,164,236,-72
E01002141,L8 and L9: Small employers and own account workers,243,177,66
E01002142,"L1, L2 and L3: Higher managerial, administrative and professional occupations",240,167,73
E01002142,L10 and L11: Lower supervisory and technical occupations,48,59,-11
E01002142,L12: Semi-routine occupations,151,120,31
E01002142,L13: Routine occupations,99,64,35
E01002142,L14.1 and L14.2: Never worked and long-term unemployed,126,78,48
E01002142,L15: Full-time students,112,136,-24
E01002142,"L4, L5 and L6: Lower managerial, administrative and professional occupations",307,317,-10
E01002142,L7: Intermediate occupations,180,206,-26
E01002142,L8 and L9: Small employers and own account workers,237,169,68
E01002143,"L1, L2 and L3: Higher managerial, administrative and professional occupations",132,115,17
E01002143,L10 and L11: Lower supervisory and technical occupations,36,70,-34
E01002143,L12: Semi-routine occupations,127,154,-27
E01002143,L13: Routine occupations,100,75,25
E01002143,L14.1 and L14.2: Never worked and long-term unemployed,167,125,42
E01002143,L15: Full-time students,131,132,-1
E01002143,"L4, L5 and L6: Lower managerial, administrative and professional occupations",228,208,20
E01002143,L7: Intermediate occupations,154,151,3
E01002143,L8 and L9: Small employers and own account workers,193,90,103
E01002144,"L1, L2 and L3: Higher managerial, administrative and professional occupations",267,177,90
E01002144,L10 and L11: Lower supervisory and technical occupations,46,49,-3
E01002144,L12: Semi-routine occupations,69,87,-18
E01002144,L13: Routine occupations,76,48,28
E01002144,L14.1 and L14.2: Never worked and long-term unemployed,128,70,58
E01002144,L15: Full-time students,98,113,-15
E01002144,"L4, L5 and L6: Lower managerial, administrative and professional occupations",311,282,29
E01002144,L7: Intermediate occupations,154,149,5
E01002144,L8 and L9: Small employers and own account workers,196,164,32
E01002145,"L1, L2 and L3: Higher managerial, administrative and professional occupations",202,140,62
E01002145,L10 and L11: Lower supervisory and technical occupations,49,53,-4
E01002145,L12: Semi-routine occupations,110,84,26
E01002145,L13: Routine occupations,100,62,38
E01002145,L14.1 and L14.2: Never worked and long-term unemployed,187,89,98
E01002145,L15: Full-time students,88,92,-4
E01002145,"L4, L5 and L6: Lower managerial, administrative and professional occupations",300,277,23
E01002145,L7: Intermediate occupations,163,160,3
E01002145,L8 and L9: Small employers and own account workers,194,130,64
E01002146,"L1, L2 and L3: Higher managerial, administrative and professional occupations",323,221,102
E01002146,L10 and L11: Lower supervisory and technical occupations,19,32,-13
E01002146,L12: Semi-routine occupations,71,66,5
E01002146,L13: Routine occupations,34,28,6
E01002146,L14.1 and L14.2: Never worked and long-term unemployed,79,28,51
E01002146,L15: Full-time students,78,79,-1
E01002146,"L4, L5 and L6: Lower managerial, administrative and professional occupations",280,303,-23
E01002146,L7: Intermediate occupations,146,173,-27
E01002146,L8 and L9: Small employers and own account workers,163,120,43
E01002147,"L1, L2 and L3: Higher managerial, administrative and professional occupations",323,221,102
E01002147,L10 and L11: Lower supervisory and technical occupations,15,17,-2
E01002147,L12: Semi-routine occupations,77,68,9
E01002147,L13: Routine occupations,25,29,-4
E01002147,L14.1 and L14.2: Never worked and long-term unemployed,99,42,57
E01002147,L15: Full-time students,74,87,-13
E01002147,"L4, L5 and L6: Lower managerial, administrative and professional occupations",248,244,4
E01002147,L7: Intermediate occupations,134,133,1
E01002147,L8 and L9: Small employers and own account workers,182,141,41
E01002148,"L1, L2 and L3: Higher managerial, administrative and professional occupations",266,169,97
E01002148,L10 and L11: Lower supervisory and technical occupations,43,48,-5
E01002148,L12: Semi-routine occupations,90,93,-3
E01002148,L13: Routine occupations,75,53,22
E01002148,L14.1 and L14.2: Never worked and long-term unemployed,104,73,31
E01002148,L15: Full-time students,70,109,-39
E01002148,"L4, L5 and L6: Lower managerial, administrative and professional occupations",238,261,-23
E01002148,L7: Intermediate occupations,157,140,17
E01002148,L8 and L9: Small employers and own account workers,146,123,23
E01002149,"L1, L2 and L3: Higher managerial, administrative and professional occupations",320,240,80
E01002149,L10 and L11: Lower supervisory and technical occupations,15,10,5
E01002149,L12: Semi-routine occupations,60,57,3
E01002149,L13: Routine occupations,36,15,21
E01002149,L14.1 and L14.2: Never worked and long-term unemployed,55,26,29
E01002149,L15: Full-time students,60,63,-3
E01002149,"L4, L5 and L6: Lower managerial, administrative and professional occupations",284,304,-20
E01002149,L7: Intermediate occupations,145,157,-12
E01002149,L8 and L9: Small employers and own account workers,137,122,15
E01002150,"L1, L2 and L3: Higher managerial, administrative and professional occupations",312,214,98
E01002150,L10 and L11: Lower supervisory and technical occupations,72,66,6
E01002150,L12: Semi-routine occupations,117,113,4
E01002150,L13: Routine occupations,101,59,42
E01002150,L14.1 and L14.2: Never worked and long-term unemployed,224,75,149
E01002150,L15: Full-time students,108,101,7
E01002150,"L4, L5 and L6: Lower managerial, administrative and professional occupations",342,324,18
E01002150,L7: Intermediate occupations,201,214,-13
E01002150,L8 and L9: Small employers and own account workers,244,139,105
E01002151,"L1, L2 and L3: Higher managerial, administrative and professional occupations",114,71,43
E01002151,L10 and L11: Lower supervisory and technical occupations,52,58,-6
E01002151,L12: Semi-routine occupations,153,146,7
E01002151,L13: Routine occupations,164,83,81
E01002151,L14.1 and L14.2: Never worked and long-term unemployed,179,139,40
E01002151,L15: Full-time students,153,109,44
E01002151,"L4, L5 and L6: Lower managerial, administrative and professional occupations",191,164,27
E01002151,L7: Intermediate occupations,118,146,-28
E01002151,L8 and L9: Small employers and own account workers,144,92,52
E01002152,"L1, L2 and L3: Higher managerial, administrative and professional occupations",346,291,55
E01002152,L10 and L11: Lower supervisory and technical occupations,18,36,-18
E01002152,L12: Semi-routine occupations,81,57,24
E01002152,L13: Routine occupations,57,45,12
E01002152,L14.1 and L14.2: Never worked and long-term unemployed,81,45,36
E01002152,L15: Full-time students,76,88,-12
E01002152,"L4, L5 and L6: Lower managerial, administrative and professional occupations",325,325,0
E01002152,L7: Intermediate occupations,161,165,-4
E01002152,L8 and L9: Small employers and own account workers,184,120,64
E01002153,"L1, L2 and L3: Higher managerial, administrative and professional occupations",340,247,93
E01002153,L10 and L11: Lower supervisory and technical occupations,28,51,-23
E01002153,L12: Semi-routine occupations,93,90,3
E01002153,L13: Routine occupations,79,39,40
E01002153,L14.1 and L14.2: Never worked and long-term unemployed,109,66,43
E01002153,L15: Full-time students,123,109,14
E01002153,"L4, L5 and L6: Lower managerial, administrative and professional occupations",345,324,21
E01002153,L7: Intermediate occupations,185,209,-24
E01002153,L8 and L9: Small employers and own account workers,241,136,105
E01002155,"L1, L2 and L3: Higher managerial, administrative and professional occupations",338,229,109
E01002155,L10 and L11: Lower supervisory and technical occupations,30,45,-15
E01002155,L12: Semi-routine occupations,81,83,-2
E01002155,L13: Routine occupations,60,26,34
E01002155,L14.1 and L14.2: Never worked and long-term unemployed,108,61,47
E01002155,L15: Full-time students,106,106,0
E01002155,"L4, L5 and L6: Lower managerial, administrative and professional occupations",366,354,12
E01002155,L7: Intermediate occupations,152,174,-22
E01002155,L8 and L9: Small employers and own account workers,147,105,42
E01002156,"L1, L2 and L3: Higher managerial, administrative and professional occupations",337,218,119
E01002156,L10 and L11: Lower supervisory and technical occupations,30,39,-9
E01002156,L12: Semi-routine occupations,78,89,-11
E01002156,L13: Routine occupations,44,35,9
E01002156,L14.1 and L14.2: Never worked and long-term unemployed,88,52,36
E01002156,L15: Full-time students,92,99,-7
E01002156,"L4, L5 and L6: Lower managerial, administrative and professional occupations",297,329,-32
E01002156,L7: Intermediate occupations,177,172,5
E01002156,L8 and L9: Small employers and own account workers,153,109,44
E01002157,"L1, L2 and L3: Higher managerial, administrative and professional occupations",251,221,30
E01002157,L10 and L11: Lower supervisory and technical occupations,31,50,-19
E01002157,L12: Semi-routine occupations,106,102,4
E01002157,L13: Routine occupations,86,52,34
E01002157,L14.1 and L14.2: Never worked and long-term unemployed,121,70,51
E01002157,L15: Full-time students,104,171,-67
E01002157,"L4, L5 and L6: Lower managerial, administrative and professional occupations",309,301,8
E01002157,L7: Intermediate occupations,181,211,-30
E01002157,L8 and L9: Small employers and own account workers,200,121,79
E01002158,"L1, L2 and L3: Higher managerial, administrative and professional occupations",313,224,89
E01002158,L10 and L11: Lower supervisory and technical occupations,32,38,-6
E01002158,L12: Semi-routine occupations,79,76,3
E01002158,L13: Routine occupations,50,44,6
E01002158,L14.1 and L14.2: Never worked and long-term unemployed,64,33,31
E01002158,L15: Full-time students,84,120,-36
E01002158,"L4, L5 and L6: Lower managerial, administrative and professional occupations",261,283,-22
E01002158,L7: Intermediate occupations,150,168,-18
E01002158,L8 and L9: Small employers and own account workers,137,90,47
E01002159,"L1, L2 and L3: Higher managerial, administrative and professional occupations",298,235,63
E01002159,L10 and L11: Lower supervisory and technical occupations,49,62,-13
E01002159,L12: Semi-routine occupations,142,145,-3
E01002159,L13: Routine occupations,109,64,45
E01002159,L14.1 and L14.2: Never worked and long-term unemployed,136,121,15
E01002159,L15: Full-time students,125,144,-19
E01002159,"L4, L5 and L6: Lower managerial, administrative and professional occupations",338,331,7
E01002159,L7: Intermediate occupations,180,177,3
E01002159,L8 and L9: Small employers and own account workers,189,128,61
E01002160,"L1, L2 and L3: Higher managerial, administrative and professional occupations",337,192,145
E01002160,L10 and L11: Lower supervisory and technical occupations,78,65,13
E01002160,L12: Semi-routine occupations,170,145,25
E01002160,L13: Routine occupations,143,95,48
E01002160,L14.1 and L14.2: Never worked and long-term unemployed,196,83,113
E01002160,L15: Full-time students,179,207,-28
E01002160,"L4, L5 and L6: Lower managerial, administrative and professional occupations",388,378,10
E01002160,L7: Intermediate occupations,177,186,-9
E01002160,L8 and L9: Small employers and own account workers,289,138,151
E01002161,"L1, L2 and L3: Higher managerial, administrative and professional occupations",273,225,48
E01002161,L10 and L11: Lower supervisory and technical occupations,59,52,7
E01002161,L12: Semi-routine occupations,135,168,-33
E01002161,L13: Routine occupations,125,85,40
E01002161,L14.1 and L14.2: Never worked and long-term unemployed,188,137,51
E01002161,L15: Full-time students,148,147,1
E01002161,"L4, L5 and L6: Lower managerial, administrative and professional occupations",299,336,-37
E01002161,L7: Intermediate occupations,189,174,15
E01002161,L8 and L9: Small employers and own account workers,242,162,80
E01002162,"L1, L2 and L3: Higher managerial, administrative and professional occupations",195,170,25
E01002162,L10 and L11: Lower supervisory and technical occupations,69,69,0
E01002162,L12: Semi-routine occupations,130,141,-11
E01002162,L13: Routine occupations,155,84,71
E01002162,L14.1 and L14.2: Never worked and long-term unemployed,145,109,36
E01002162,L15: Full-time students,145,150,-5
E01002162,"L4, L5 and L6: Lower managerial, administrative and professional occupations",307,306,1
E01002162,L7: Intermediate occupations,174,188,-14
E01002162,L8 and L9: Small employers and own account workers,183,126,57
E01002163,"L1, L2 and L3: Higher managerial, administrative and professional occupations",292,165,127
E01002163,L10 and L11: Lower supervisory and technical occupations,36,39,-3
E01002163,L12: Semi-routine occupations,98,112,-14
E01002163,L13: Routine occupations,69,51,18
E01002163,L14.1 and L14.2: Never worked and long-term unemployed,104,77,27
E01002163,L15: Full-time students,104,142,-38
E01002163,"L4, L5 and L6: Lower managerial, administrative and professional occupations",309,331,-22
E01002163,L7: Intermediate occupations,174,184,-10
E01002163,L8 and L9: Small employers and own account workers,163,117,46
E01002164,"L1, L2 and L3: Higher managerial, administrative and professional occupations",324,231,93
E01002164,L10 and L11: Lower supervisory and technical occupations,61,48,13
E01002164,L12: Semi-routine occupations,120,111,9
E01002164,L13: Routine occupations,70,52,18
E01002164,L14.1 and L14.2: Never worked and long-term unemployed,110,80,30
E01002164,L15: Full-time students,109,111,-2
E01002164,"L4, L5 and L6: Lower managerial, administrative and professional occupations",341,402,-61
E01002164,L7: Intermediate occupations,183,158,25
E01002164,L8 and L9: Small employers and own account workers,194,122,72
E01002165,"L1, L2 and L3: Higher managerial, administrative and professional occupations",141,101,40
E01002165,L10 and L11: Lower supervisory and technical occupations,56,78,-22
E01002165,L12: Semi-routine occupations,155,170,-15
E01002165,L13: Routine occupations,150,128,22
E01002165,L14.1 and L14.2: Never worked and long-term unemployed,173,122,51
E01002165,L15: Full-time students,132,153,-21
E01002165,"L4, L5 and L6: Lower managerial, administrative and professional occupations",180,188,-8
E01002165,L7: Intermediate occupations,129,152,-23
E01002165,L8 and L9: Small employers and own account workers,345,225,120
E01002166,"L1, L2 and L3: Higher managerial, administrative and professional occupations",150,98,52
E01002166,L10 and L11: Lower supervisory and technical occupations,52,59,-7
E01002166,L12: Semi-routine occupations,163,165,-2
E01002166,L13: Routine occupations,153,128,25
E01002166,L14.1 and L14.2: Never worked and long-term unemployed,152,121,31
E01002166,L15: Full-time students,109,149,-40
E01002166,"L4, L5 and L6: Lower managerial, administrative and professional occupations",211,188,23
E01002166,L7: Intermediate occupations,138,170,-32
E01002166,L8 and L9: Small employers and own account workers,266,183,83
E01002167,"L1, L2 and L3: Higher managerial, administrative and professional occupations",114,99,15
E01002167,L10 and L11: Lower supervisory and technical occupations,32,47,-15
E01002167,L12: Semi-routine occupations,134,158,-24
E01002167,L13: Routine occupations,165,131,34
E01002167,L14.1 and L14.2: Never worked and long-term unemployed,155,123,32
E01002167,L15: Full-time students,126,152,-26
E01002167,"L4, L5 and L6: Lower managerial, administrative and professional occupations",195,149,46
E01002167,L7: Intermediate occupations,147,176,-29
E01002167,L8 and L9: Small employers and own account workers,253,191,62
E01002168,"L1, L2 and L3: Higher managerial, administrative and professional occupations",95,62,33
E01002168,L10 and L11: Lower supervisory and technical occupations,54,66,-12
E01002168,L12: Semi-routine occupations,143,158,-15
E01002168,L13: Routine occupations,119,119,0
E01002168,L14.1 and L14.2: Never worked and long-term unemployed,180,110,70
E01002168,L15: Full-time students,152,154,-2
E01002168,"L4, L5 and L6: Lower managerial, administrative and professional occupations",171,164,7
E01002168,L7: Intermediate occupations,131,143,-12
E01002168,L8 and L9: Small employers and own account workers,206,106,100
E01002169,"L1, L2 and L3: Higher managerial, administrative and professional occupations",151,91,60
E01002169,L10 and L11: Lower supervisory and technical occupations,41,67,-26
E01002169,L12: Semi-routine occupations,133,136,-3
E01002169,L13: Routine occupations,151,141,10
E01002169,L14.1 and L14.2: Never worked and long-term unemployed,191,135,56
E01002169,L15: Full-time students,117,163,-46
E01002169,"L4, L5 and L6: Lower managerial, administrative and professional occupations",176,189,-13
E01002169,L7: Intermediate occupations,135,173,-38
E01002169,L8 and L9: Small employers and own account workers,280,153,127
E01002170,"L1, L2 and L3: Higher managerial, administrative and professional occupations",128,98,30
E01002170,L10 and L11: Lower supervisory and technical occupations,27,31,-4
E01002170,L12: Semi-routine occupations,111,119,-8
E01002170,L13: Routine occupations,99,78,21
E01002170,L14.1 and L14.2: Never worked and long-term unemployed,141,86,55
E01002170,L15: Full-time students,91,119,-28
E01002170,"L4, L5 and L6: Lower managerial, administrative and professional occupations",157,167,-10
E01002170,L7: Intermediate occupations,146,182,-36
E01002170,L8 and L9: Small employers and own account workers,210,116,94
E01002171,"L1, L2 and L3: Higher managerial, administrative and professional occupations",151,133,18
E01002171,L10 and L11: Lower supervisory and technical occupations,42,62,-20
E01002171,L12: Semi-routine occupations,145,150,-5
E01002171,L13: Routine occupations,122,107,15
E01002171,L14.1 and L14.2: Never worked and long-term unemployed,172,107,65
E01002171,L15: Full-time students,137,136,1
E01002171,"L4, L5 and L6: Lower managerial, administrative and professional occupations",174,226,-52
E01002171,L7: Intermediate occupations,149,180,-31
E01002171,L8 and L9: Small employers and own account workers,295,181,114
E01002172,"L1, L2 and L3: Higher managerial, administrative and professional occupations",164,118,46
E01002172,L10 and L11: Lower supervisory and technical occupations,41,64,-23
E01002172,L12: Semi-routine occupations,123,149,-26
E01002172,L13: Routine occupations,125,119,6
E01002172,L14.1 and L14.2: Never worked and long-term unemployed,133,98,35
E01002172,L15: Full-time students,123,124,-1
E01002172,"L4, L5 and L6: Lower managerial, administrative and professional occupations",223,194,29
E01002172,L7: Intermediate occupations,147,162,-15
E01002172,L8 and L9: Small employers and own account workers,202,128,74
E01002173,"L1, L2 and L3: Higher managerial, administrative and professional occupations",246,162,84
E01002173,L10 and L11: Lower supervisory and technical occupations,55,48,7
E01002173,L12: Semi-routine occupations,141,171,-30
E01002173,L13: Routine occupations,127,78,49
E01002173,L14.1 and L14.2: Never worked and long-term unemployed,172,99,73
E01002173,L15: Full-time students,92,151,-59
E01002173,"L4, L5 and L6: Lower managerial, administrative and professional occupations",287,266,21
E01002173,L7: Intermediate occupations,196,229,-33
E01002173,L8 and L9: Small employers and own account workers,296,155,141
E01002174,"L1, L2 and L3: Higher managerial, administrative and professional occupations",208,177,31
E01002174,L10 and L11: Lower supervisory and technical occupations,33,45,-12
E01002174,L12: Semi-routine occupations,117,134,-17
E01002174,L13: Routine occupations,121,79,42
E01002174,L14.1 and L14.2: Never worked and long-term unemployed,151,85,66
E01002174,L15: Full-time students,97,130,-33
E01002174,"L4, L5 and L6: Lower managerial, administrative and professional occupations",224,207,17
E01002174,L7: Intermediate occupations,198,189,9
E01002174,L8 and L9: Small employers and own account workers,185,146,39
E01002175,"L1, L2 and L3: Higher managerial, administrative and professional occupations",158,149,9
E01002175,L10 and L11: Lower supervisory and technical occupations,33,46,-13
E01002175,L12: Semi-routine occupations,93,107,-14
E01002175,L13: Routine occupations,109,84,25
E01002175,L14.1 and L14.2: Never worked and long-term unemployed,136,76,60
E01002175,L15: Full-time students,85,155,-70
E01002175,"L4, L5 and L6: Lower managerial, administrative and professional occupations",216,197,19
E01002175,L7: Intermediate occupations,131,157,-26
E01002175,L8 and L9: Small employers and own account workers,205,147,58
E01002176,"L1, L2 and L3: Higher managerial, administrative and professional occupations",224,187,37
E01002176,L10 and L11: Lower supervisory and technical occupations,46,59,-13
E01002176,L12: Semi-routine occupations,115,142,-27
E01002176,L13: Routine occupations,96,69,27
E01002176,L14.1 and L14.2: Never worked and long-term unemployed,157,112,45
E01002176,L15: Full-time students,119,206,-87
E01002176,"L4, L5 and L6: Lower managerial, administrative and professional occupations",258,235,23
E01002176,L7: Intermediate occupations,156,182,-26
E01002176,L8 and L9: Small employers and own account workers,249,168,81
E01002177,"L1, L2 and L3: Higher managerial, administrative and professional occupations",168,116,52
E01002177,L10 and L11: Lower supervisory and technical occupations,34,38,-4
E01002177,L12: Semi-routine occupations,120,128,-8
E01002177,L13: Routine occupations,104,71,33
E01002177,L14.1 and L14.2: Never worked and long-term unemployed,128,98,30
E01002177,L15: Full-time students,101,143,-42
E01002177,"L4, L5 and L6: Lower managerial, administrative and professional occupations",222,206,16
E01002177,L7: Intermediate occupations,161,156,5
E01002177,L8 and L9: Small employers and own account workers,185,113,72
E01002178,"L1, L2 and L3: Higher managerial, administrative and professional occupations",253,150,103
E01002178,L10 and L11: Lower supervisory and technical occupations,47,59,-12
E01002178,L12: Semi-routine occupations,115,138,-23
E01002178,L13: Routine occupations,115,88,27
E01002178,L14.1 and L14.2: Never worked and long-term unemployed,141,91,50
E01002178,L15: Full-time students,116,131,-15
E01002178,"L4, L5 and L6: Lower managerial, administrative and professional occupations",246,240,6
E01002178,L7: Intermediate occupations,177,208,-31
E01002178,L8 and L9: Small employers and own account workers,177,120,57
E01002179,"L1, L2 and L3: Higher managerial, administrative and professional occupations",264,168,96
E01002179,L10 and L11: Lower supervisory and technical occupations,73,95,-22
E01002179,L12: Semi-routine occupations,207,218,-11
E01002179,L13: Routine occupations,242,134,108
E01002179,L14.1 and L14.2: Never worked and long-term unemployed,256,220,36
E01002179,L15: Full-time students,184,221,-37
E01002179,"L4, L5 and L6: Lower managerial, administrative and professional occupations",328,292,36
E01002179,L7: Intermediate occupations,160,173,-13
E01002179,L8 and L9: Small employers and own account workers,321,171,150
E01002181,"L1, L2 and L3: Higher managerial, administrative and professional occupations",362,231,131
E01002181,L10 and L11: Lower supervisory and technical occupations,59,64,-5
E01002181,L12: Semi-routine occupations,150,134,16
E01002181,L13: Routine occupations,137,79,58
E01002181,L14.1 and L14.2: Never worked and long-term unemployed,175,129,46
E01002181,L15: Full-time students,148,127,21
E01002181,"L4, L5 and L6: Lower managerial, administrative and professional occupations",389,323,66
E01002181,L7: Intermediate occupations,188,192,-4
E01002181,L8 and L9: Small employers and own account workers,241,134,107
E01002182,"L1, L2 and L3: Higher managerial, administrative and professional occupations",251,246,5
E01002182,L10 and L11: Lower supervisory and technical occupations,54,68,-14
E01002182,L12: Semi-routine occupations,132,151,-19
E01002182,L13: Routine occupations,164,87,77
E01002182,L14.1 and L14.2: Never worked and long-term unemployed,183,146,37
E01002182,L15: Full-time students,173,184,-11
E01002182,"L4, L5 and L6: Lower managerial, administrative and professional occupations",332,347,-15
E01002182,L7: Intermediate occupations,178,184,-6
E01002182,L8 and L9: Small employers and own account workers,224,145,79
E01002183,"L1, L2 and L3: Higher managerial, administrative and professional occupations",167,130,37
E01002183,L10 and L11: Lower supervisory and technical occupations,63,79,-16
E01002183,L12: Semi-routine occupations,168,196,-28
E01002183,L13: Routine occupations,207,152,55
E01002183,L14.1 and L14.2: Never worked and long-term unemployed,284,146,138
E01002183,L15: Full-time students,153,202,-49
E01002183,"L4, L5 and L6: Lower managerial, administrative and professional occupations",252,270,-18
E01002183,L7: Intermediate occupations,143,195,-52
E01002183,L8 and L9: Small employers and own account workers,260,187,73
E01002184,"L1, L2 and L3: Higher managerial, administrative and professional occupations",152,105,47
E01002184,L10 and L11: Lower supervisory and technical occupations,76,89,-13
E01002184,L12: Semi-routine occupations,143,191,-48
E01002184,L13: Routine occupations,195,131,64
E01002184,L14.1 and L14.2: Never worked and long-term unemployed,173,128,45
E01002184,L15: Full-time students,142,132,10
E01002184,"L4, L5 and L6: Lower managerial, administrative and professional occupations",217,242,-25
E01002184,L7: Intermediate occupations,151,200,-49
E01002184,L8 and L9: Small employers and own account workers,267,155,112
E01002185,"L1, L2 and L3: Higher managerial, administrative and professional occupations",192,113,79
E01002185,L10 and L11: Lower supervisory and technical occupations,49,73,-24
E01002185,L12: Semi-routine occupations,173,179,-6
E01002185,L13: Routine occupations,144,101,43
E01002185,L14.1 and L14.2: Never worked and long-term unemployed,214,154,60
E01002185,L15: Full-time students,145,142,3
E01002185,"L4, L5 and L6: Lower managerial, administrative and professional occupations",253,259,-6
E01002185,L7: Intermediate occupations,146,157,-11
E01002185,L8 and L9: Small employers and own account workers,155,147,8
E01002186,"L1, L2 and L3: Higher managerial, administrative and professional occupations",297,183,114
E01002186,L10 and L11: Lower supervisory and technical occupations,42,46,-4
E01002186,L12: Semi-routine occupations,131,106,25
E01002186,L13: Routine occupations,82,51,31
E01002186,L14.1 and L14.2: Never worked and long-term unemployed,189,71,118
E01002186,L15: Full-time students,120,57,63
E01002186,"L4, L5 and L6: Lower managerial, administrative and professional occupations",320,256,64
E01002186,L7: Intermediate occupations,174,132,42
E01002186,L8 and L9: Small employers and own account workers,172,97,75
E01002187,"L1, L2 and L3: Higher managerial, administrative and professional occupations",396,264,132
E01002187,L10 and L11: Lower supervisory and technical occupations,33,27,6
E01002187,L12: Semi-routine occupations,112,115,-3
E01002187,L13: Routine occupations,66,59,7
E01002187,L14.1 and L14.2: Never worked and long-term unemployed,165,88,77
E01002187,L15: Full-time students,119,110,9
E01002187,"L4, L5 and L6: Lower managerial, administrative and professional occupations",351,367,-16
E01002187,L7: Intermediate occupations,160,174,-14
E01002187,L8 and L9: Small employers and own account workers,180,134,46
E01002188,"L1, L2 and L3: Higher managerial, administrative and professional occupations",421,297,124
E01002188,L10 and L11: Lower supervisory and technical occupations,20,22,-2
E01002188,L12: Semi-routine occupations,59,54,5
E01002188,L13: Routine occupations,21,13,8
E01002188,L14.1 and L14.2: Never worked and long-term unemployed,68,25,43
E01002188,L15: Full-time students,85,95,-10
E01002188,"L4, L5 and L6: Lower managerial, administrative and professional occupations",343,356,-13
E01002188,L7: Intermediate occupations,151,147,4
E01002188,L8 and L9: Small employers and own account workers,169,112,57
E01002189,"L1, L2 and L3: Higher managerial, administrative and professional occupations",412,295,117
E01002189,L10 and L11: Lower supervisory and technical occupations,26,39,-13
E01002189,L12: Semi-routine occupations,79,60,19
E01002189,L13: Routine occupations,65,34,31
E01002189,L14.1 and L14.2: Never worked and long-term unemployed,81,54,27
E01002189,L15: Full-time students,78,88,-10
E01002189,"L4, L5 and L6: Lower managerial, administrative and professional occupations",337,369,-32
E01002189,L7: Intermediate occupations,180,151,29
E01002189,L8 and L9: Small employers and own account workers,162,114,48
E01002190,"L1, L2 and L3: Higher managerial, administrative and professional occupations",411,286,125
E01002190,L10 and L11: Lower supervisory and technical occupations,26,27,-1
E01002190,L12: Semi-routine occupations,69,74,-5
E01002190,L13: Routine occupations,52,34,18
E01002190,L14.1 and L14.2: Never worked and long-term unemployed,94,42,52
E01002190,L15: Full-time students,74,91,-17
E01002190,"L4, L5 and L6: Lower managerial, administrative and professional occupations",319,330,-11
E01002190,L7: Intermediate occupations,148,179,-31
E01002190,L8 and L9: Small employers and own account workers,219,141,78
E01002191,"L1, L2 and L3: Higher managerial, administrative and professional occupations",406,303,103
E01002191,L10 and L11: Lower supervisory and technical occupations,39,43,-4
E01002191,L12: Semi-routine occupations,95,115,-20
E01002191,L13: Routine occupations,78,42,36
E01002191,L14.1 and L14.2: Never worked and long-term unemployed,106,72,34
E01002191,L15: Full-time students,134,147,-13
E01002191,"L4, L5 and L6: Lower managerial, administrative and professional occupations",369,330,39
E01002191,L7: Intermediate occupations,186,240,-54
E01002191,L8 and L9: Small employers and own account workers,166,122,44
E01002192,"L1, L2 and L3: Higher managerial, administrative and professional occupations",421,269,152
E01002192,L10 and L11: Lower supervisory and technical occupations,29,33,-4
E01002192,L12: Semi-routine occupations,80,73,7
E01002192,L13: Routine occupations,52,27,25
E01002192,L14.1 and L14.2: Never worked and long-term unemployed,97,43,54
E01002192,L15: Full-time students,72,71,1
E01002192,"L4, L5 and L6: Lower managerial, administrative and professional occupations",311,280,31
E01002192,L7: Intermediate occupations,176,143,33
E01002192,L8 and L9: Small employers and own account workers,118,99,19
E01002193,"L1, L2 and L3: Higher managerial, administrative and professional occupations",395,244,151
E01002193,L10 and L11: Lower supervisory and technical occupations,34,49,-15
E01002193,L12: Semi-routine occupations,100,108,-8
E01002193,L13: Routine occupations,73,45,28
E01002193,L14.1 and L14.2: Never worked and long-term unemployed,153,70,83
E01002193,L15: Full-time students,102,79,23
E01002193,"L4, L5 and L6: Lower managerial, administrative and professional occupations",363,362,1
E01002193,L7: Intermediate occupations,163,172,-9
E01002193,L8 and L9: Small employers and own account workers,152,125,27
E01002194,"L1, L2 and L3: Higher managerial, administrative and professional occupations",440,298,142
E01002194,L10 and L11: Lower supervisory and technical occupations,20,23,-3
E01002194,L12: Semi-routine occupations,71,70,1
E01002194,L13: Routine occupations,39,31,8
E01002194,L14.1 and L14.2: Never worked and long-term unemployed,72,45,27
E01002194,L15: Full-time students,86,95,-9
E01002194,"L4, L5 and L6: Lower managerial, administrative and professional occupations",363,383,-20
E01002194,L7: Intermediate occupations,158,166,-8
E01002194,L8 and L9: Small employers and own account workers,159,112,47
E01002195,"L1, L2 and L3: Higher managerial, administrative and professional occupations",319,216,103
E01002195,L10 and L11: Lower supervisory and technical occupations,25,41,-16
E01002195,L12: Semi-routine occupations,89,106,-17
E01002195,L13: Routine occupations,63,53,10
E01002195,L14.1 and L14.2: Never worked and long-term unemployed,84,55,29
E01002195,L15: Full-time students,116,112,4
E01002195,"L4, L5 and L6: Lower managerial, administrative and professional occupations",305,281,24
E01002195,L7: Intermediate occupations,190,196,-6
E01002195,L8 and L9: Small employers and own account workers,153,92,61
E01002196,"L1, L2 and L3: Higher managerial, administrative and professional occupations",417,285,132
E01002196,L10 and L11: Lower supervisory and technical occupations,35,37,-2
E01002196,L12: Semi-routine occupations,72,103,-31
E01002196,L13: Routine occupations,51,33,18
E01002196,L14.1 and L14.2: Never worked and long-term unemployed,85,35,50
E01002196,L15: Full-time students,78,109,-31
E01002196,"L4, L5 and L6: Lower managerial, administrative and professional occupations",345,362,-17
E01002196,L7: Intermediate occupations,178,213,-35
E01002196,L8 and L9: Small employers and own account workers,144,111,33
E01002197,"L1, L2 and L3: Higher managerial, administrative and professional occupations",174,123,51
E01002197,L10 and L11: Lower supervisory and technical occupations,32,38,-6
E01002197,L12: Semi-routine occupations,92,114,-22
E01002197,L13: Routine occupations,97,73,24
E01002197,L14.1 and L14.2: Never worked and long-term unemployed,136,79,57
E01002197,L15: Full-time students,87,90,-3
E01002197,"L4, L5 and L6: Lower managerial, administrative and professional occupations",201,188,13
E01002197,L7: Intermediate occupations,137,145,-8
E01002197,L8 and L9: Small employers and own account workers,195,140,55
E01002198,"L1, L2 and L3: Higher managerial, administrative and professional occupations",131,117,14
E01002198,L10 and L11: Lower supervisory and technical occupations,49,51,-2
E01002198,L12: Semi-routine occupations,158,161,-3
E01002198,L13: Routine occupations,169,146,23
E01002198,L14.1 and L14.2: Never worked and long-term unemployed,149,139,10
E01002198,L15: Full-time students,131,161,-30
E01002198,"L4, L5 and L6: Lower managerial, administrative and professional occupations",194,193,1
E01002198,L7: Intermediate occupations,141,170,-29
E01002198,L8 and L9: Small employers and own account workers,378,223,155
E01002199,"L1, L2 and L3: Higher managerial, administrative and professional occupations",170,128,42
E01002199,L10 and L11: Lower supervisory and technical occupations,57,45,12
E01002199,L12: Semi-routine occupations,97,132,-35
E01002199,L13: Routine occupations,103,71,32
E01002199,L14.1 and L14.2: Never worked and long-term unemployed,130,104,26
E01002199,L15: Full-time students,113,132,-19
E01002199,"L4, L5 and L6: Lower managerial, administrative and professional occupations",206,223,-17
E01002199,L7: Intermediate occupations,146,169,-23
E01002199,L8 and L9: Small employers and own account workers,240,127,113
E01002200,"L1, L2 and L3: Higher managerial, administrative and professional occupations",144,92,52
E01002200,L10 and L11: Lower supervisory and technical occupations,55,60,-5
E01002200,L12: Semi-routine occupations,186,172,14
E01002200,L13: Routine occupations,177,96,81
E01002200,L14.1 and L14.2: Never worked and long-term unemployed,206,128,78
E01002200,L15: Full-time students,200,157,43
E01002200,"L4, L5 and L6: Lower managerial, administrative and professional occupations",220,214,6
E01002200,L7: Intermediate occupations,144,165,-21
E01002200,L8 and L9: Small employers and own account workers,415,194,221
E01002201,"L1, L2 and L3: Higher managerial, administrative and professional occupations",217,147,70
E01002201,L10 and L11: Lower supervisory and technical occupations,42,50,-8
E01002201,L12: Semi-routine occupations,131,163,-32
E01002201,L13: Routine occupations,116,87,29
E01002201,L14.1 and L14.2: Never worked and long-term unemployed,149,102,47
E01002201,L15: Full-time students,100,171,-71
E01002201,"L4, L5 and L6: Lower managerial, administrative and professional occupations",238,219,19
E01002201,L7: Intermediate occupations,144,223,-79
E01002201,L8 and L9: Small employers and own account workers,288,154,134
E01002202,"L1, L2 and L3: Higher managerial, administrative and professional occupations",110,118,-8
E01002202,L10 and L11: Lower supervisory and technical occupations,58,93,-35
E01002202,L12: Semi-routine occupations,172,222,-50
E01002202,L13: Routine occupations,158,111,47
E01002202,L14.1 and L14.2: Never worked and long-term unemployed,241,212,29
E01002202,L15: Full-time students,173,178,-5
E01002202,"L4, L5 and L6: Lower managerial, administrative and professional occupations",174,188,-14
E01002202,L7: Intermediate occupations,156,157,-1
E01002202,L8 and L9: Small employers and own account workers,411,197,214
E01002203,"L1, L2 and L3: Higher managerial, administrative and professional occupations",156,126,30
E01002203,L10 and L11: Lower supervisory and technical occupations,40,69,-29
E01002203,L12: Semi-routine occupations,128,175,-47
E01002203,L13: Routine occupations,142,82,60
E01002203,L14.1 and L14.2: Never worked and long-term unemployed,147,114,33
E01002203,L15: Full-time students,143,150,-7
E01002203,"L4, L5 and L6: Lower managerial, administrative and professional occupations",241,223,18
E01002203,L7: Intermediate occupations,150,162,-12
E01002203,L8 and L9: Small employers and own account workers,299,167,132
E01002204,"L1, L2 and L3: Higher managerial, administrative and professional occupations",202,143,59
E01002204,L10 and L11: Lower supervisory and technical occupations,52,59,-7
E01002204,L12: Semi-routine occupations,141,154,-13
E01002204,L13: Routine occupations,134,76,58
E01002204,L14.1 and L14.2: Never worked and long-term unemployed,186,138,48
E01002204,L15: Full-time students,156,152,4
E01002204,"L4, L5 and L6: Lower managerial, administrative and professional occupations",211,259,-48
E01002204,L7: Intermediate occupations,157,161,-4
E01002204,L8 and L9: Small employers and own account workers,225,133,92
E01002206,"L1, L2 and L3: Higher managerial, administrative and professional occupations",159,114,45
E01002206,L10 and L11: Lower supervisory and technical occupations,46,48,-2
E01002206,L12: Semi-routine occupations,101,128,-27
E01002206,L13: Routine occupations,97,44,53
E01002206,L14.1 and L14.2: Never worked and long-term unemployed,111,93,18
E01002206,L15: Full-time students,84,139,-55
E01002206,"L4, L5 and L6: Lower managerial, administrative and professional occupations",210,200,10
E01002206,L7: Intermediate occupations,141,145,-4
E01002206,L8 and L9: Small employers and own account workers,144,97,47
E01002207,"L1, L2 and L3: Higher managerial, administrative and professional occupations",194,135,59
E01002207,L10 and L11: Lower supervisory and technical occupations,57,68,-11
E01002207,L12: Semi-routine occupations,131,136,-5
E01002207,L13: Routine occupations,119,76,43
E01002207,L14.1 and L14.2: Never worked and long-term unemployed,125,105,20
E01002207,L15: Full-time students,169,137,32
E01002207,"L4, L5 and L6: Lower managerial, administrative and professional occupations",267,255,12
E01002207,L7: Intermediate occupations,193,201,-8
E01002207,L8 and L9: Small employers and own account workers,173,126,47
E01002208,"L1, L2 and L3: Higher managerial, administrative and professional occupations",295,214,81
E01002208,L10 and L11: Lower supervisory and technical occupations,37,32,5
E01002208,L12: Semi-routine occupations,74,67,7
E01002208,L13: Routine occupations,48,27,21
E01002208,L14.1 and L14.2: Never worked and long-term unemployed,75,48,27
E01002208,L15: Full-time students,68,85,-17
E01002208,"L4, L5 and L6: Lower managerial, administrative and professional occupations",289,256,33
E01002208,L7: Intermediate occupations,138,157,-19
E01002208,L8 and L9: Small employers and own account workers,99,73,26
E01002209,"L1, L2 and L3: Higher managerial, administrative and professional occupations",324,210,114
E01002209,L10 and L11: Lower supervisory and technical occupations,41,53,-12
E01002209,L12: Semi-routine occupations,130,87,43
E01002209,L13: Routine occupations,118,51,67
E01002209,L14.1 and L14.2: Never worked and long-term unemployed,139,83,56
E01002209,L15: Full-time students,137,162,-25
E01002209,"L4, L5 and L6: Lower managerial, administrative and professional occupations",306,295,11
E01002209,L7: Intermediate occupations,152,166,-14
E01002209,L8 and L9: Small employers and own account workers,179,110,69
E01002210,"L1, L2 and L3: Higher managerial, administrative and professional occupations",244,183,61
E01002210,L10 and L11: Lower supervisory and technical occupations,41,54,-13
E01002210,L12: Semi-routine occupations,88,126,-38
E01002210,L13: Routine occupations,90,66,24
E01002210,L14.1 and L14.2: Never worked and long-term unemployed,128,86,42
E01002210,L15: Full-time students,130,126,4
E01002210,"L4, L5 and L6: Lower managerial, administrative and professional occupations",246,257,-11
E01002210,L7: Intermediate occupations,154,199,-45
E01002210,L8 and L9: Small employers and own account workers,154,86,68
E01002211,"L1, L2 and L3: Higher managerial, administrative and professional occupations",119,86,33
E01002211,L10 and L11: Lower supervisory and technical occupations,50,54,-4
E01002211,L12: Semi-routine occupations,140,155,-15
E01002211,L13: Routine occupations,119,103,16
E01002211,L14.1 and L14.2: Never worked and long-term unemployed,168,145,23
E01002211,L15: Full-time students,108,165,-57
E01002211,"L4, L5 and L6: Lower managerial, administrative and professional occupations",214,178,36
E01002211,L7: Intermediate occupations,165,150,15
E01002211,L8 and L9: Small employers and own account workers,109,96,13
E01002212,"L1, L2 and L3: Higher managerial, administrative and professional occupations",137,118,19
E01002212,L10 and L11: Lower supervisory and technical occupations,55,61,-6
E01002212,L12: Semi-routine occupations,165,169,-4
E01002212,L13: Routine occupations,155,96,59
E01002212,L14.1 and L14.2: Never worked and long-term unemployed,203,139,64
E01002212,L15: Full-time students,154,139,15
E01002212,"L4, L5 and L6: Lower managerial, administrative and professional occupations",250,233,17
E01002212,L7: Intermediate occupations,158,178,-20
E01002212,L8 and L9: Small employers and own account workers,166,123,43
E01002214,"L1, L2 and L3: Higher managerial, administrative and professional occupations",168,123,45
E01002214,L10 and L11: Lower supervisory and technical occupations,56,59,-3
E01002214,L12: Semi-routine occupations,159,169,-10
E01002214,L13: Routine occupations,164,106,58
E01002214,L14.1 and L14.2: Never worked and long-term unemployed,213,155,58
E01002214,L15: Full-time students,150,163,-13
E01002214,"L4, L5 and L6: Lower managerial, administrative and professional occupations",214,210,4
E01002214,L7: Intermediate occupations,170,148,22
E01002214,L8 and L9: Small employers and own account workers,193,165,28
E01002215,"L1, L2 and L3: Higher managerial, administrative and professional occupations",100,83,17
E01002215,L10 and L11: Lower supervisory and technical occupations,71,65,6
E01002215,L12: Semi-routine occupations,164,147,17
E01002215,L13: Routine occupations,168,156,12
E01002215,L14.1 and L14.2: Never worked and long-term unemployed,209,124,85
E01002215,L15: Full-time students,136,126,10
E01002215,"L4, L5 and L6: Lower managerial, administrative and professional occupations",206,160,46
E01002215,L7: Intermediate occupations,154,131,23
E01002215,L8 and L9: Small employers and own account workers,151,95,56
E01002216,"L1, L2 and L3: Higher managerial, administrative and professional occupations",234,147,87
E01002216,L10 and L11: Lower supervisory and technical occupations,47,57,-10
E01002216,L12: Semi-routine occupations,115,143,-28
E01002216,L13: Routine occupations,94,69,25
E01002216,L14.1 and L14.2: Never worked and long-term unemployed,157,107,50
E01002216,L15: Full-time students,134,120,14
E01002216,"L4, L5 and L6: Lower managerial, administrative and professional occupations",240,240,0
E01002216,L7: Intermediate occupations,165,178,-13
E01002216,L8 and L9: Small employers and own account workers,139,117,22
E01002217,"L1, L2 and L3: Higher managerial, administrative and professional occupations",249,65,184
E01002217,L10 and L11: Lower supervisory and technical occupations,77,53,24
E01002217,L12: Semi-routine occupations,214,176,38
E01002217,L13: Routine occupations,152,108,44
E01002217,L14.1 and L14.2: Never worked and long-term unemployed,244,152,92
E01002217,L15: Full-time students,173,150,23
E01002217,"L4, L5 and L6: Lower managerial, administrative and professional occupations",299,154,145
E01002217,L7: Intermediate occupations,164,121,43
E01002217,L8 and L9: Small employers and own account workers,134,73,61
E01002218,"L1, L2 and L3: Higher managerial, administrative and professional occupations",187,140,47
E01002218,L10 and L11: Lower supervisory and technical occupations,59,56,3
E01002218,L12: Semi-routine occupations,137,152,-15
E01002218,L13: Routine occupations,146,73,73
E01002218,L14.1 and L14.2: Never worked and long-term unemployed,168,117,51
E01002218,L15: Full-time students,105,98,7
E01002218,"L4, L5 and L6: Lower managerial, administrative and professional occupations",279,227,52
E01002218,L7: Intermediate occupations,173,166,7
E01002218,L8 and L9: Small employers and own account workers,201,121,80
E01002219,"L1, L2 and L3: Higher managerial, administrative and professional occupations",123,126,-3
E01002219,L10 and L11: Lower supervisory and technical occupations,79,71,8
E01002219,L12: Semi-routine occupations,214,199,15
E01002219,L13: Routine occupations,186,132,54
E01002219,L14.1 and L14.2: Never worked and long-term unemployed,243,139,104
E01002219,L15: Full-time students,180,155,25
E01002219,"L4, L5 and L6: Lower managerial, administrative and professional occupations",210,217,-7
E01002219,L7: Intermediate occupations,103,120,-17
E01002219,L8 and L9: Small employers and own account workers,202,123,79
E01002220,"L1, L2 and L3: Higher managerial, administrative and professional occupations",178,117,61
E01002220,L10 and L11: Lower supervisory and technical occupations,52,68,-16
E01002220,L12: Semi-routine occupations,131,148,-17
E01002220,L13: Routine occupations,121,114,7
E01002220,L14.1 and L14.2: Never worked and long-term unemployed,150,100,50
E01002220,L15: Full-time students,147,139,8
E01002220,"L4, L5 and L6: Lower managerial, administrative and professional occupations",235,218,17
E01002220,L7: Intermediate occupations,146,166,-20
E01002220,L8 and L9: Small employers and own account workers,163,115,48
E01002221,"L1, L2 and L3: Higher managerial, administrative and professional occupations",137,99,38
E01002221,L10 and L11: Lower supervisory and technical occupations,45,50,-5
E01002221,L12: Semi-routine occupations,146,167,-21
E01002221,L13: Routine occupations,155,110,45
E01002221,L14.1 and L14.2: Never worked and long-term unemployed,166,87,79
E01002221,L15: Full-time students,152,185,-33
E01002221,"L4, L5 and L6: Lower managerial, administrative and professional occupations",231,192,39
E01002221,L7: Intermediate occupations,140,183,-43
E01002221,L8 and L9: Small employers and own account workers,182,115,67
E01002222,"L1, L2 and L3: Higher managerial, administrative and professional occupations",178,110,68
E01002222,L10 and L11: Lower supervisory and technical occupations,62,54,8
E01002222,L12: Semi-routine occupations,123,140,-17
E01002222,L13: Routine occupations,117,91,26
E01002222,L14.1 and L14.2: Never worked and long-term unemployed,147,98,49
E01002222,L15: Full-time students,129,148,-19
E01002222,"L4, L5 and L6: Lower managerial, administrative and professional occupations",241,221,20
E01002222,L7: Intermediate occupations,155,184,-29
E01002222,L8 and L9: Small employers and own account workers,137,110,27
E01002223,"L1, L2 and L3: Higher managerial, administrative and professional occupations",170,122,48
E01002223,L10 and L11: Lower supervisory and technical occupations,65,69,-4
E01002223,L12: Semi-routine occupations,150,191,-41
E01002223,L13: Routine occupations,148,120,28
E01002223,L14.1 and L14.2: Never worked and long-term unemployed,170,117,53
E01002223,L15: Full-time students,113,155,-42
E01002223,"L4, L5 and L6: Lower managerial, administrative and professional occupations",272,234,38
E01002223,L7: Intermediate occupations,198,204,-6
E01002223,L8 and L9: Small employers and own account workers,166,140,26
E01002224,"L1, L2 and L3: Higher managerial, administrative and professional occupations",97,66,31
E01002224,L10 and L11: Lower supervisory and technical occupations,63,71,-8
E01002224,L12: Semi-routine occupations,162,149,13
E01002224,L13: Routine occupations,138,78,60
E01002224,L14.1 and L14.2: Never worked and long-term unemployed,177,124,53
E01002224,L15: Full-time students,190,149,41
E01002224,"L4, L5 and L6: Lower managerial, administrative and professional occupations",198,194,4
E01002224,L7: Intermediate occupations,139,155,-16
E01002224,L8 and L9: Small employers and own account workers,154,101,53
E01002225,"L1, L2 and L3: Higher managerial, administrative and professional occupations",362,230,132
E01002225,L10 and L11: Lower supervisory and technical occupations,21,24,-3
E01002225,L12: Semi-routine occupations,100,71,29
E01002225,L13: Routine occupations,41,20,21
E01002225,L14.1 and L14.2: Never worked and long-term unemployed,137,46,91
E01002225,L15: Full-time students,75,70,5
E01002225,"L4, L5 and L6: Lower managerial, administrative and professional occupations",335,279,56
E01002225,L7: Intermediate occupations,168,143,25
E01002225,L8 and L9: Small employers and own account workers,294,173,121
E01002226,"L1, L2 and L3: Higher managerial, administrative and professional occupations",450,296,154
E01002226,L10 and L11: Lower supervisory and technical occupations,48,43,5
E01002226,L12: Semi-routine occupations,179,119,60
E01002226,L13: Routine occupations,101,64,37
E01002226,L14.1 and L14.2: Never worked and long-term unemployed,229,99,130
E01002226,L15: Full-time students,158,122,36
E01002226,"L4, L5 and L6: Lower managerial, administrative and professional occupations",432,401,31
E01002226,L7: Intermediate occupations,235,202,33
E01002226,L8 and L9: Small employers and own account workers,353,224,129
E01002227,"L1, L2 and L3: Higher managerial, administrative and professional occupations",141,87,54
E01002227,L10 and L11: Lower supervisory and technical occupations,51,62,-11
E01002227,L12: Semi-routine occupations,149,160,-11
E01002227,L13: Routine occupations,207,114,93
E01002227,L14.1 and L14.2: Never worked and long-term unemployed,312,174,138
E01002227,L15: Full-time students,237,183,54
E01002227,"L4, L5 and L6: Lower managerial, administrative and professional occupations",225,213,12
E01002227,L7: Intermediate occupations,169,180,-11
E01002227,L8 and L9: Small employers and own account workers,251,127,124
E01002228,"L1, L2 and L3: Higher managerial, administrative and professional occupations",337,296,41
E01002228,L10 and L11: Lower supervisory and technical occupations,38,49,-11
E01002228,L12: Semi-routine occupations,145,120,25
E01002228,L13: Routine occupations,83,41,42
E01002228,L14.1 and L14.2: Never worked and long-term unemployed,191,126,65
E01002228,L15: Full-time students,178,147,31
E01002228,"L4, L5 and L6: Lower managerial, administrative and professional occupations",403,329,74
E01002228,L7: Intermediate occupations,187,199,-12
E01002228,L8 and L9: Small employers and own account workers,261,185,76
E01002229,"L1, L2 and L3: Higher managerial, administrative and professional occupations",243,206,37
E01002229,L10 and L11: Lower supervisory and technical occupations,49,54,-5
E01002229,L12: Semi-routine occupations,121,127,-6
E01002229,L13: Routine occupations,100,62,38
E01002229,L14.1 and L14.2: Never worked and long-term unemployed,192,80,112
E01002229,L15: Full-time students,99,96,3
E01002229,"L4, L5 and L6: Lower managerial, administrative and professional occupations",264,273,-9
E01002229,L7: Intermediate occupations,181,161,20
E01002229,L8 and L9: Small employers and own account workers,249,155,94
E01002230,"L1, L2 and L3: Higher managerial, administrative and professional occupations",318,201,117
E01002230,L10 and L11: Lower supervisory and technical occupations,37,44,-7
E01002230,L12: Semi-routine occupations,100,110,-10
E01002230,L13: Routine occupations,75,65,10
E01002230,L14.1 and L14.2: Never worked and long-term unemployed,147,77,70
E01002230,L15: Full-time students,115,109,6
E01002230,"L4, L5 and L6: Lower managerial, administrative and professional occupations",310,314,-4
E01002230,L7: Intermediate occupations,154,204,-50
E01002230,L8 and L9: Small employers and own account workers,252,215,37
E01002231,"L1, L2 and L3: Higher managerial, administrative and professional occupations",195,119,76
E01002231,L10 and L11: Lower supervisory and technical occupations,63,93,-30
E01002231,L12: Semi-routine occupations,136,190,-54
E01002231,L13: Routine occupations,155,115,40
E01002231,L14.1 and L14.2: Never worked and long-term unemployed,181,119,62
E01002231,L15: Full-time students,148,150,-2
E01002231,"L4, L5 and L6: Lower managerial, administrative and professional occupations",298,261,37
E01002231,L7: Intermediate occupations,163,192,-29
E01002231,L8 and L9: Small employers and own account workers,226,128,98
E01002232,"L1, L2 and L3: Higher managerial, administrative and professional occupations",164,135,29
E01002232,L10 and L11: Lower supervisory and technical occupations,67,90,-23
E01002232,L12: Semi-routine occupations,147,158,-11
E01002232,L13: Routine occupations,187,124,63
E01002232,L14.1 and L14.2: Never worked and long-term unemployed,273,111,162
E01002232,L15: Full-time students,208,174,34
E01002232,"L4, L5 and L6: Lower managerial, administrative and professional occupations",280,256,24
E01002232,L7: Intermediate occupations,198,187,11
E01002232,L8 and L9: Small employers and own account workers,244,151,93
E01002233,"L1, L2 and L3: Higher managerial, administrative and professional occupations",200,122,78
E01002233,L10 and L11: Lower supervisory and technical occupations,74,92,-18
E01002233,L12: Semi-routine occupations,197,175,22
E01002233,L13: Routine occupations,189,124,65
E01002233,L14.1 and L14.2: Never worked and long-term unemployed,282,213,69
E01002233,L15: Full-time students,195,205,-10
E01002233,"L4, L5 and L6: Lower managerial, administrative and professional occupations",302,252,50
E01002233,L7: Intermediate occupations,175,176,-1
E01002233,L8 and L9: Small employers and own account workers,278,123,155
E01002234,"L1, L2 and L3: Higher managerial, administrative and professional occupations",210,103,107
E01002234,L10 and L11: Lower supervisory and technical occupations,67,66,1
E01002234,L12: Semi-routine occupations,135,187,-52
E01002234,L13: Routine occupations,151,117,34
E01002234,L14.1 and L14.2: Never worked and long-term unemployed,136,152,-16
E01002234,L15: Full-time students,153,149,4
E01002234,"L4, L5 and L6: Lower managerial, administrative and professional occupations",227,222,5
E01002234,L7: Intermediate occupations,157,158,-1
E01002234,L8 and L9: Small employers and own account workers,224,111,113
E01002235,"L1, L2 and L3: Higher managerial, administrative and professional occupations",116,84,32
E01002235,L10 and L11: Lower supervisory and technical occupations,56,71,-15
E01002235,L12: Semi-routine occupations,165,174,-9
E01002235,L13: Routine occupations,172,138,34
E01002235,L14.1 and L14.2: Never worked and long-term unemployed,278,177,101
E01002235,L15: Full-time students,177,163,14
E01002235,"L4, L5 and L6: Lower managerial, administrative and professional occupations",197,188,9
E01002235,L7: Intermediate occupations,128,148,-20
E01002235,L8 and L9: Small employers and own account workers,222,136,86
E01002236,"L1, L2 and L3: Higher managerial, administrative and professional occupations",186,91,95
E01002236,L10 and L11: Lower supervisory and technical occupations,70,91,-21
E01002236,L12: Semi-routine occupations,163,184,-21
E01002236,L13: Routine occupations,220,131,89
E01002236,L14.1 and L14.2: Never worked and long-term unemployed,218,153,65
E01002236,L15: Full-time students,191,168,23
E01002236,"L4, L5 and L6: Lower managerial, administrative and professional occupations",274,224,50
E01002236,L7: Intermediate occupations,179,161,18
E01002236,L8 and L9: Small employers and own account workers,262,143,119
E01002237,"L1, L2 and L3: Higher managerial, administrative and professional occupations",234,149,85
E01002237,L10 and L11: Lower supervisory and technical occupations,87,73,14
E01002237,L12: Semi-routine occupations,132,125,7
E01002237,L13: Routine occupations,121,86,35
E01002237,L14.1 and L14.2: Never worked and long-term unemployed,176,95,81
E01002237,L15: Full-time students,135,164,-29
E01002237,"L4, L5 and L6: Lower managerial, administrative and professional occupations",360,332,28
E01002237,L7: Intermediate occupations,183,154,29
E01002237,L8 and L9: Small employers and own account workers,356,105,251
E01002238,"L1, L2 and L3: Higher managerial, administrative and professional occupations",283,221,62
E01002238,L10 and L11: Lower supervisory and technical occupations,53,48,5
E01002238,L12: Semi-routine occupations,114,92,22
E01002238,L13: Routine occupations,109,61,48
E01002238,L14.1 and L14.2: Never worked and long-term unemployed,128,81,47
E01002238,L15: Full-time students,135,156,-21
E01002238,"L4, L5 and L6: Lower managerial, administrative and professional occupations",313,331,-18
E01002238,L7: Intermediate occupations,164,170,-6
E01002238,L8 and L9: Small employers and own account workers,203,157,46
E01002239,"L1, L2 and L3: Higher managerial, administrative and professional occupations",345,200,145
E01002239,L10 and L11: Lower supervisory and technical occupations,61,44,17
E01002239,L12: Semi-routine occupations,100,104,-4
E01002239,L13: Routine occupations,84,52,32
E01002239,L14.1 and L14.2: Never worked and long-term unemployed,134,77,57
E01002239,L15: Full-time students,126,95,31
E01002239,"L4, L5 and L6: Lower managerial, administrative and professional occupations",372,289,83
E01002239,L7: Intermediate occupations,192,215,-23
E01002239,L8 and L9: Small employers and own account workers,203,126,77
E01002240,"L1, L2 and L3: Higher managerial, administrative and professional occupations",228,188,40
E01002240,L10 and L11: Lower supervisory and technical occupations,60,55,5
E01002240,L12: Semi-routine occupations,177,136,41
E01002240,L13: Routine occupations,131,83,48
E01002240,L14.1 and L14.2: Never worked and long-term unemployed,162,103,59
E01002240,L15: Full-time students,177,134,43
E01002240,"L4, L5 and L6: Lower managerial, administrative and professional occupations",322,292,30
E01002240,L7: Intermediate occupations,176,179,-3
E01002240,L8 and L9: Small employers and own account workers,152,98,54
E01002241,"L1, L2 and L3: Higher managerial, administrative and professional occupations",219,152,67
E01002241,L10 and L11: Lower supervisory and technical occupations,52,65,-13
E01002241,L12: Semi-routine occupations,138,135,3
E01002241,L13: Routine occupations,119,71,48
E01002241,L14.1 and L14.2: Never worked and long-term unemployed,197,112,85
E01002241,L15: Full-time students,129,132,-3
E01002241,"L4, L5 and L6: Lower managerial, administrative and professional occupations",280,219,61
E01002241,L7: Intermediate occupations,178,206,-28
E01002241,L8 and L9: Small employers and own account workers,187,105,82
E01002242,"L1, L2 and L3: Higher managerial, administrative and professional occupations",343,247,96
E01002242,L10 and L11: Lower supervisory and technical occupations,35,46,-11
E01002242,L12: Semi-routine occupations,115,117,-2
E01002242,L13: Routine occupations,80,69,11
E01002242,L14.1 and L14.2: Never worked and long-term unemployed,136,88,48
E01002242,L15: Full-time students,144,143,1
E01002242,"L4, L5 and L6: Lower managerial, administrative and professional occupations",307,317,-10
E01002242,L7: Intermediate occupations,200,250,-50
E01002242,L8 and L9: Small employers and own account workers,182,106,76
E01002243,"L1, L2 and L3: Higher managerial, administrative and professional occupations",193,118,75
E01002243,L10 and L11: Lower supervisory and technical occupations,80,91,-11
E01002243,L12: Semi-routine occupations,160,171,-11
E01002243,L13: Routine occupations,159,137,22
E01002243,L14.1 and L14.2: Never worked and long-term unemployed,177,122,55
E01002243,L15: Full-time students,91,112,-21
E01002243,"L4, L5 and L6: Lower managerial, administrative and professional occupations",289,267,22
E01002243,L7: Intermediate occupations,181,196,-15
E01002243,L8 and L9: Small employers and own account workers,187,119,68
E01002244,"L1, L2 and L3: Higher managerial, administrative and professional occupations",184,105,79
E01002244,L10 and L11: Lower supervisory and technical occupations,72,77,-5
E01002244,L12: Semi-routine occupations,153,148,5
E01002244,L13: Routine occupations,115,111,4
E01002244,L14.1 and L14.2: Never worked and long-term unemployed,103,82,21
E01002244,L15: Full-time students,94,71,23
E01002244,"L4, L5 and L6: Lower managerial, administrative and professional occupations",312,299,13
E01002244,L7: Intermediate occupations,203,239,-36
E01002244,L8 and L9: Small employers and own account workers,181,136,45
E01002245,"L1, L2 and L3: Higher managerial, administrative and professional occupations",152,90,62
E01002245,L10 and L11: Lower supervisory and technical occupations,65,63,2
E01002245,L12: Semi-routine occupations,151,146,5
E01002245,L13: Routine occupations,121,97,24
E01002245,L14.1 and L14.2: Never worked and long-term unemployed,126,55,71
E01002245,L15: Full-time students,87,89,-2
E01002245,"L4, L5 and L6: Lower managerial, administrative and professional occupations",262,218,44
E01002245,L7: Intermediate occupations,169,202,-33
E01002245,L8 and L9: Small employers and own account workers,185,115,70
E01002246,"L1, L2 and L3: Higher managerial, administrative and professional occupations",145,95,50
E01002246,L10 and L11: Lower supervisory and technical occupations,86,82,4
E01002246,L12: Semi-routine occupations,178,167,11
E01002246,L13: Routine occupations,155,112,43
E01002246,L14.1 and L14.2: Never worked and long-term unemployed,208,45,163
E01002246,L15: Full-time students,101,92,9
E01002246,"L4, L5 and L6: Lower managerial, administrative and professional occupations",264,214,50
E01002246,L7: Intermediate occupations,245,250,-5
E01002246,L8 and L9: Small employers and own account workers,168,119,49
E01002247,"L1, L2 and L3: Higher managerial, administrative and professional occupations",187,122,65
E01002247,L10 and L11: Lower supervisory and technical occupations,103,97,6
E01002247,L12: Semi-routine occupations,190,173,17
E01002247,L13: Routine occupations,195,102,93
E01002247,L14.1 and L14.2: Never worked and long-term unemployed,156,83,73
E01002247,L15: Full-time students,162,99,63
E01002247,"L4, L5 and L6: Lower managerial, administrative and professional occupations",367,276,91
E01002247,L7: Intermediate occupations,228,223,5
E01002247,L8 and L9: Small employers and own account workers,225,145,80
E01002248,"L1, L2 and L3: Higher managerial, administrative and professional occupations",130,65,65
E01002248,L10 and L11: Lower supervisory and technical occupations,53,87,-34
E01002248,L12: Semi-routine occupations,147,140,7
E01002248,L13: Routine occupations,138,96,42
E01002248,L14.1 and L14.2: Never worked and long-term unemployed,170,68,102
E01002248,L15: Full-time students,112,70,42
E01002248,"L4, L5 and L6: Lower managerial, administrative and professional occupations",225,195,30
E01002248,L7: Intermediate occupations,151,155,-4
E01002248,L8 and L9: Small employers and own account workers,169,107,62
E01002250,"L1, L2 and L3: Higher managerial, administrative and professional occupations",134,83,51
E01002250,L10 and L11: Lower supervisory and technical occupations,69,82,-13
E01002250,L12: Semi-routine occupations,162,157,5
E01002250,L13: Routine occupations,154,117,37
E01002250,L14.1 and L14.2: Never worked and long-term unemployed,132,62,70
E01002250,L15: Full-time students,127,95,32
E01002250,"L4, L5 and L6: Lower managerial, administrative and professional occupations",263,241,22
E01002250,L7: Intermediate occupations,198,213,-15
E01002250,L8 and L9: Small employers and own account workers,213,135,78
E01002251,"L1, L2 and L3: Higher managerial, administrative and professional occupations",76,41,35
E01002251,L10 and L11: Lower supervisory and technical occupations,72,70,2
E01002251,L12: Semi-routine occupations,147,143,4
E01002251,L13: Routine occupations,176,117,59
E01002251,L14.1 and L14.2: Never worked and long-term unemployed,131,76,55
E01002251,L15: Full-time students,92,96,-4
E01002251,"L4, L5 and L6: Lower managerial, administrative and professional occupations",216,197,19
E01002251,L7: Intermediate occupations,146,150,-4
E01002251,L8 and L9: Small employers and own account workers,161,104,57
E01002252,"L1, L2 and L3: Higher managerial, administrative and professional occupations",183,107,76
E01002252,L10 and L11: Lower supervisory and technical occupations,69,68,1
E01002252,L12: Semi-routine occupations,118,138,-20
E01002252,L13: Routine occupations,110,96,14
E01002252,L14.1 and L14.2: Never worked and long-term unemployed,71,30,41
E01002252,L15: Full-time students,68,67,1
E01002252,"L4, L5 and L6: Lower managerial, administrative and professional occupations",288,202,86
E01002252,L7: Intermediate occupations,263,249,14
E01002252,L8 and L9: Small employers and own account workers,143,101,42
E01002253,"L1, L2 and L3: Higher managerial, administrative and professional occupations",264,173,91
E01002253,L10 and L11: Lower supervisory and technical occupations,41,49,-8
E01002253,L12: Semi-routine occupations,105,88,17
E01002253,L13: Routine occupations,60,48,12
E01002253,L14.1 and L14.2: Never worked and long-term unemployed,57,14,43
E01002253,L15: Full-time students,55,84,-29
E01002253,"L4, L5 and L6: Lower managerial, administrative and professional occupations",320,286,34
E01002253,L7: Intermediate occupations,254,236,18
E01002253,L8 and L9: Small employers and own account workers,142,91,51
E01002254,"L1, L2 and L3: Higher managerial, administrative and professional occupations",272,158,114
E01002254,L10 and L11: Lower supervisory and technical occupations,53,56,-3
E01002254,L12: Semi-routine occupations,106,113,-7
E01002254,L13: Routine occupations,78,49,29
E01002254,L14.1 and L14.2: Never worked and long-term unemployed,60,11,49
E01002254,L15: Full-time students,73,96,-23
E01002254,"L4, L5 and L6: Lower managerial, administrative and professional occupations",319,261,58
E01002254,L7: Intermediate occupations,259,252,7
E01002254,L8 and L9: Small employers and own account workers,137,110,27
E01002255,"L1, L2 and L3: Higher managerial, administrative and professional occupations",220,126,94
E01002255,L10 and L11: Lower supervisory and technical occupations,49,80,-31
E01002255,L12: Semi-routine occupations,101,134,-33
E01002255,L13: Routine occupations,78,66,12
E01002255,L14.1 and L14.2: Never worked and long-term unemployed,57,33,24
E01002255,L15: Full-time students,69,65,4
E01002255,"L4, L5 and L6: Lower managerial, administrative and professional occupations",302,249,53
E01002255,L7: Intermediate occupations,220,221,-1
E01002255,L8 and L9: Small employers and own account workers,149,95,54
E01002256,"L1, L2 and L3: Higher managerial, administrative and professional occupations",186,95,91
E01002256,L10 and L11: Lower supervisory and technical occupations,61,55,6
E01002256,L12: Semi-routine occupations,131,117,14
E01002256,L13: Routine occupations,100,66,34
E01002256,L14.1 and L14.2: Never worked and long-term unemployed,62,27,35
E01002256,L15: Full-time students,60,68,-8
E01002256,"L4, L5 and L6: Lower managerial, administrative and professional occupations",271,246,25
E01002256,L7: Intermediate occupations,236,245,-9
E01002256,L8 and L9: Small employers and own account workers,147,101,46
E01002257,"L1, L2 and L3: Higher managerial, administrative and professional occupations",361,227,134
E01002257,L10 and L11: Lower supervisory and technical occupations,43,43,0
E01002257,L12: Semi-routine occupations,87,95,-8
E01002257,L13: Routine occupations,55,31,24
E01002257,L14.1 and L14.2: Never worked and long-term unemployed,64,18,46
E01002257,L15: Full-time students,101,96,5
E01002257,"L4, L5 and L6: Lower managerial, administrative and professional occupations",333,298,35
E01002257,L7: Intermediate occupations,240,238,2
E01002257,L8 and L9: Small employers and own account workers,137,124,13
E01002258,"L1, L2 and L3: Higher managerial, administrative and professional occupations",177,114,63
E01002258,L10 and L11: Lower supervisory and technical occupations,68,57,11
E01002258,L12: Semi-routine occupations,194,170,24
E01002258,L13: Routine occupations,136,107,29
E01002258,L14.1 and L14.2: Never worked and long-term unemployed,99,52,47
E01002258,L15: Full-time students,91,66,25
E01002258,"L4, L5 and L6: Lower managerial, administrative and professional occupations",308,257,51
E01002258,L7: Intermediate occupations,218,217,1
E01002258,L8 and L9: Small employers and own account workers,147,88,59
E01002259,"L1, L2 and L3: Higher managerial, administrative and professional occupations",170,97,73
E01002259,L10 and L11: Lower supervisory and technical occupations,55,68,-13
E01002259,L12: Semi-routine occupations,131,130,1
E01002259,L13: Routine occupations,90,68,22
E01002259,L14.1 and L14.2: Never worked and long-term unemployed,92,34,58
E01002259,L15: Full-time students,68,74,-6
E01002259,"L4, L5 and L6: Lower managerial, administrative and professional occupations",280,243,37
E01002259,L7: Intermediate occupations,227,222,5
E01002259,L8 and L9: Small employers and own account workers,133,109,24
E01002260,"L1, L2 and L3: Higher managerial, administrative and professional occupations",192,87,105
E01002260,L10 and L11: Lower supervisory and technical occupations,75,77,-2
E01002260,L12: Semi-routine occupations,143,179,-36
E01002260,L13: Routine occupations,127,104,23
E01002260,L14.1 and L14.2: Never worked and long-term unemployed,131,63,68
E01002260,L15: Full-time students,89,92,-3
E01002260,"L4, L5 and L6: Lower managerial, administrative and professional occupations",310,235,75
E01002260,L7: Intermediate occupations,192,213,-21
E01002260,L8 and L9: Small employers and own account workers,181,114,67
E01002261,"L1, L2 and L3: Higher managerial, administrative and professional occupations",151,63,88
E01002261,L10 and L11: Lower supervisory and technical occupations,78,107,-29
E01002261,L12: Semi-routine occupations,152,181,-29
E01002261,L13: Routine occupations,133,114,19
E01002261,L14.1 and L14.2: Never worked and long-term unemployed,119,58,61
E01002261,L15: Full-time students,112,76,36
E01002261,"L4, L5 and L6: Lower managerial, administrative and professional occupations",277,233,44
E01002261,L7: Intermediate occupations,218,236,-18
E01002261,L8 and L9: Small employers and own account workers,178,116,62
E01002262,"L1, L2 and L3: Higher managerial, administrative and professional occupations",186,89,97
E01002262,L10 and L11: Lower supervisory and technical occupations,89,90,-1
E01002262,L12: Semi-routine occupations,157,164,-7
E01002262,L13: Routine occupations,173,121,52
E01002262,L14.1 and L14.2: Never worked and long-term unemployed,103,49,54
E01002262,L15: Full-time students,77,102,-25
E01002262,"L4, L5 and L6: Lower managerial, administrative and professional occupations",272,199,73
E01002262,L7: Intermediate occupations,210,214,-4
E01002262,L8 and L9: Small employers and own account workers,175,115,60
E01002263,"L1, L2 and L3: Higher managerial, administrative and professional occupations",172,121,51
E01002263,L10 and L11: Lower supervisory and technical occupations,74,95,-21
E01002263,L12: Semi-routine occupations,143,163,-20
E01002263,L13: Routine occupations,122,115,7
E01002263,L14.1 and L14.2: Never worked and long-term unemployed,96,32,64
E01002263,L15: Full-time students,63,75,-12
E01002263,"L4, L5 and L6: Lower managerial, administrative and professional occupations",289,260,29
E01002263,L7: Intermediate occupations,210,275,-65
E01002263,L8 and L9: Small employers and own account workers,136,109,27
E01002264,"L1, L2 and L3: Higher managerial, administrative and professional occupations",96,58,38
E01002264,L10 and L11: Lower supervisory and technical occupations,75,78,-3
E01002264,L12: Semi-routine occupations,203,186,17
E01002264,L13: Routine occupations,174,141,33
E01002264,L14.1 and L14.2: Never worked and long-term unemployed,144,81,63
E01002264,L15: Full-time students,86,53,33
E01002264,"L4, L5 and L6: Lower managerial, administrative and professional occupations",191,147,44
E01002264,L7: Intermediate occupations,167,175,-8
E01002264,L8 and L9: Small employers and own account workers,133,72,61
E01002265,"L1, L2 and L3: Higher managerial, administrative and professional occupations",156,89,67
E01002265,L10 and L11: Lower supervisory and technical occupations,63,70,-7
E01002265,L12: Semi-routine occupations,144,151,-7
E01002265,L13: Routine occupations,125,101,24
E01002265,L14.1 and L14.2: Never worked and long-term unemployed,74,39,35
E01002265,L15: Full-time students,42,67,-25
E01002265,"L4, L5 and L6: Lower managerial, administrative and professional occupations",266,234,32
E01002265,L7: Intermediate occupations,223,276,-53
E01002265,L8 and L9: Small employers and own account workers,146,100,46
E01002266,"L1, L2 and L3: Higher managerial, administrative and professional occupations",115,60,55
E01002266,L10 and L11: Lower supervisory and technical occupations,74,87,-13
E01002266,L12: Semi-routine occupations,148,165,-17
E01002266,L13: Routine occupations,157,124,33
E01002266,L14.1 and L14.2: Never worked and long-term unemployed,129,38,91
E01002266,L15: Full-time students,81,59,22
E01002266,"L4, L5 and L6: Lower managerial, administrative and professional occupations",225,150,75
E01002266,L7: Intermediate occupations,195,190,5
E01002266,L8 and L9: Small employers and own account workers,135,117,18
E01002267,"L1, L2 and L3: Higher managerial, administrative and professional occupations",105,48,57
E01002267,L10 and L11: Lower supervisory and technical occupations,93,94,-1
E01002267,L12: Semi-routine occupations,174,192,-18
E01002267,L13: Routine occupations,189,147,42
E01002267,L14.1 and L14.2: Never worked and long-term unemployed,167,58,109
E01002267,L15: Full-time students,90,98,-8
E01002267,"L4, L5 and L6: Lower managerial, administrative and professional occupations",267,200,67
E01002267,L7: Intermediate occupations,232,205,27
E01002267,L8 and L9: Small employers and own account workers,142,89,53
E01002268,"L1, L2 and L3: Higher managerial, administrative and professional occupations",196,109,87
E01002268,L10 and L11: Lower supervisory and technical occupations,50,62,-12
E01002268,L12: Semi-routine occupations,119,107,12
E01002268,L13: Routine occupations,88,84,4
E01002268,L14.1 and L14.2: Never worked and long-term unemployed,103,31,72
E01002268,L15: Full-time students,71,67,4
E01002268,"L4, L5 and L6: Lower managerial, administrative and professional occupations",229,191,38
E01002268,L7: Intermediate occupations,174,176,-2
E01002268,L8 and L9: Small employers and own account workers,148,120,28
E01002269,"L1, L2 and L3: Higher managerial, administrative and professional occupations",183,116,67
E01002269,L10 and L11: Lower supervisory and technical occupations,68,90,-22
E01002269,L12: Semi-routine occupations,148,167,-19
E01002269,L13: Routine occupations,151,96,55
E01002269,L14.1 and L14.2: Never worked and long-term unemployed,94,36,58
E01002269,L15: Full-time students,95,90,5
E01002269,"L4, L5 and L6: Lower managerial, administrative and professional occupations",309,251,58
E01002269,L7: Intermediate occupations,253,253,0
E01002269,L8 and L9: Small employers and own account workers,188,152,36
E01002270,"L1, L2 and L3: Higher managerial, administrative and professional occupations",331,226,105
E01002270,L10 and L11: Lower supervisory and technical occupations,31,53,-22
E01002270,L12: Semi-routine occupations,89,86,3
E01002270,L13: Routine occupations,77,57,20
E01002270,L14.1 and L14.2: Never worked and long-term unemployed,143,36,107
E01002270,L15: Full-time students,85,109,-24
E01002270,"L4, L5 and L6: Lower managerial, administrative and professional occupations",281,253,28
E01002270,L7: Intermediate occupations,194,207,-13
E01002270,L8 and L9: Small employers and own account workers,231,199,32
E01002271,"L1, L2 and L3: Higher managerial, administrative and professional occupations",289,205,84
E01002271,L10 and L11: Lower supervisory and technical occupations,26,49,-23
E01002271,L12: Semi-routine occupations,86,65,21
E01002271,L13: Routine occupations,50,45,5
E01002271,L14.1 and L14.2: Never worked and long-term unemployed,129,46,83
E01002271,L15: Full-time students,81,95,-14
E01002271,"L4, L5 and L6: Lower managerial, administrative and professional occupations",274,248,26
E01002271,L7: Intermediate occupations,197,192,5
E01002271,L8 and L9: Small employers and own account workers,209,180,29
E01002272,"L1, L2 and L3: Higher managerial, administrative and professional occupations",176,103,73
E01002272,L10 and L11: Lower supervisory and technical occupations,37,48,-11
E01002272,L12: Semi-routine occupations,99,115,-16
E01002272,L13: Routine occupations,84,69,15
E01002272,L14.1 and L14.2: Never worked and long-term unemployed,72,30,42
E01002272,L15: Full-time students,50,65,-15
E01002272,"L4, L5 and L6: Lower managerial, administrative and professional occupations",261,243,18
E01002272,L7: Intermediate occupations,194,191,3
E01002272,L8 and L9: Small employers and own account workers,145,131,14
E01002273,"L1, L2 and L3: Higher managerial, administrative and professional occupations",200,145,55
E01002273,L10 and L11: Lower supervisory and technical occupations,46,50,-4
E01002273,L12: Semi-routine occupations,93,103,-10
E01002273,L13: Routine occupations,64,66,-2
E01002273,L14.1 and L14.2: Never worked and long-term unemployed,110,46,64
E01002273,L15: Full-time students,65,90,-25
E01002273,"L4, L5 and L6: Lower managerial, administrative and professional occupations",250,207,43
E01002273,L7: Intermediate occupations,165,190,-25
E01002273,L8 and L9: Small employers and own account workers,147,113,34
E01002274,"L1, L2 and L3: Higher managerial, administrative and professional occupations",219,142,77
E01002274,L10 and L11: Lower supervisory and technical occupations,58,61,-3
E01002274,L12: Semi-routine occupations,131,109,22
E01002274,L13: Routine occupations,98,74,24
E01002274,L14.1 and L14.2: Never worked and long-term unemployed,84,31,53
E01002274,L15: Full-time students,84,84,0
E01002274,"L4, L5 and L6: Lower managerial, administrative and professional occupations",322,301,21
E01002274,L7: Intermediate occupations,244,253,-9
E01002274,L8 and L9: Small employers and own account workers,171,144,27
E01002275,"L1, L2 and L3: Higher managerial, administrative and professional occupations",212,130,82
E01002275,L10 and L11: Lower supervisory and technical occupations,39,40,-1
E01002275,L12: Semi-routine occupations,79,116,-37
E01002275,L13: Routine occupations,72,44,28
E01002275,L14.1 and L14.2: Never worked and long-term unemployed,100,35,65
E01002275,L15: Full-time students,63,65,-2
E01002275,"L4, L5 and L6: Lower managerial, administrative and professional occupations",222,245,-23
E01002275,L7: Intermediate occupations,179,185,-6
E01002275,L8 and L9: Small employers and own account workers,170,164,6
E01002276,"L1, L2 and L3: Higher managerial, administrative and professional occupations",139,80,59
E01002276,L10 and L11: Lower supervisory and technical occupations,79,81,-2
E01002276,L12: Semi-routine occupations,175,215,-40
E01002276,L13: Routine occupations,212,173,39
E01002276,L14.1 and L14.2: Never worked and long-term unemployed,194,113,81
E01002276,L15: Full-time students,129,99,30
E01002276,"L4, L5 and L6: Lower managerial, administrative and professional occupations",274,230,44
E01002276,L7: Intermediate occupations,218,203,15
E01002276,L8 and L9: Small employers and own account workers,254,154,100
E01002277,"L1, L2 and L3: Higher managerial, administrative and professional occupations",106,47,59
E01002277,L10 and L11: Lower supervisory and technical occupations,73,98,-25
E01002277,L12: Semi-routine occupations,160,164,-4
E01002277,L13: Routine occupations,182,161,21
E01002277,L14.1 and L14.2: Never worked and long-term unemployed,117,88,29
E01002277,L15: Full-time students,92,91,1
E01002277,"L4, L5 and L6: Lower managerial, administrative and professional occupations",235,176,59
E01002277,L7: Intermediate occupations,159,169,-10
E01002277,L8 and L9: Small employers and own account workers,166,117,49
E01002278,"L1, L2 and L3: Higher managerial, administrative and professional occupations",79,47,32
E01002278,L10 and L11: Lower supervisory and technical occupations,84,93,-9
E01002278,L12: Semi-routine occupations,196,209,-13
E01002278,L13: Routine occupations,181,121,60
E01002278,L14.1 and L14.2: Never worked and long-term unemployed,144,92,52
E01002278,L15: Full-time students,106,83,23
E01002278,"L4, L5 and L6: Lower managerial, administrative and professional occupations",206,160,46
E01002278,L7: Intermediate occupations,141,144,-3
E01002278,L8 and L9: Small employers and own account workers,165,116,49
E01002279,"L1, L2 and L3: Higher managerial, administrative and professional occupations",88,54,34
E01002279,L10 and L11: Lower supervisory and technical occupations,69,85,-16
E01002279,L12: Semi-routine occupations,163,175,-12
E01002279,L13: Routine occupations,207,170,37
E01002279,L14.1 and L14.2: Never worked and long-term unemployed,127,80,47
E01002279,L15: Full-time students,101,95,6
E01002279,"L4, L5 and L6: Lower managerial, administrative and professional occupations",226,161,65
E01002279,L7: Intermediate occupations,190,170,20
E01002279,L8 and L9: Small employers and own account workers,190,104,86
E01002280,"L1, L2 and L3: Higher managerial, administrative and professional occupations",82,34,48
E01002280,L10 and L11: Lower supervisory and technical occupations,86,73,13
E01002280,L12: Semi-routine occupations,202,186,16
E01002280,L13: Routine occupations,191,146,45
E01002280,L14.1 and L14.2: Never worked and long-term unemployed,173,138,35
E01002280,L15: Full-time students,105,125,-20
E01002280,"L4, L5 and L6: Lower managerial, administrative and professional occupations",172,143,29
E01002280,L7: Intermediate occupations,150,118,32
E01002280,L8 and L9: Small employers and own account workers,159,95,64
E01002281,"L1, L2 and L3: Higher managerial, administrative and professional occupations",182,39,143
E01002281,L10 and L11: Lower supervisory and technical occupations,111,89,22
E01002281,L12: Semi-routine occupations,217,229,-12
E01002281,L13: Routine occupations,201,176,25
E01002281,L14.1 and L14.2: Never worked and long-term unemployed,182,119,63
E01002281,L15: Full-time students,112,63,49
E01002281,"L4, L5 and L6: Lower managerial, administrative and professional occupations",340,161,179
E01002281,L7: Intermediate occupations,186,173,13
E01002281,L8 and L9: Small employers and own account workers,197,92,105
E01002282,"L1, L2 and L3: Higher managerial, administrative and professional occupations",79,35,44
E01002282,L10 and L11: Lower supervisory and technical occupations,71,67,4
E01002282,L12: Semi-routine occupations,205,226,-21
E01002282,L13: Routine occupations,187,194,-7
E01002282,L14.1 and L14.2: Never worked and long-term unemployed,171,109,62
E01002282,L15: Full-time students,143,93,50
E01002282,"L4, L5 and L6: Lower managerial, administrative and professional occupations",207,137,70
E01002282,L7: Intermediate occupations,137,122,15
E01002282,L8 and L9: Small employers and own account workers,167,111,56
E01002283,"L1, L2 and L3: Higher managerial, administrative and professional occupations",113,56,57
E01002283,L10 and L11: Lower supervisory and technical occupations,85,86,-1
E01002283,L12: Semi-routine occupations,164,164,0
E01002283,L13: Routine occupations,168,128,40
E01002283,L14.1 and L14.2: Never worked and long-term unemployed,127,75,52
E01002283,L15: Full-time students,95,84,11
E01002283,"L4, L5 and L6: Lower managerial, administrative and professional occupations",208,143,65
E01002283,L7: Intermediate occupations,150,154,-4
E01002283,L8 and L9: Small employers and own account workers,195,112,83
E01002284,"L1, L2 and L3: Higher managerial, administrative and professional occupations",123,63,60
E01002284,L10 and L11: Lower supervisory and technical occupations,89,106,-17
E01002284,L12: Semi-routine occupations,196,217,-21
E01002284,L13: Routine occupations,193,164,29
E01002284,L14.1 and L14.2: Never worked and long-term unemployed,140,82,58
E01002284,L15: Full-time students,130,109,21
E01002284,"L4, L5 and L6: Lower managerial, administrative and professional occupations",268,199,69
E01002284,L7: Intermediate occupations,216,203,13
E01002284,L8 and L9: Small employers and own account workers,192,115,77
E01002285,"L1, L2 and L3: Higher managerial, administrative and professional occupations",161,63,98
E01002285,L10 and L11: Lower supervisory and technical occupations,67,75,-8
E01002285,L12: Semi-routine occupations,104,128,-24
E01002285,L13: Routine occupations,92,79,13
E01002285,L14.1 and L14.2: Never worked and long-term unemployed,92,26,66
E01002285,L15: Full-time students,46,47,-1
E01002285,"L4, L5 and L6: Lower managerial, administrative and professional occupations",248,193,55
E01002285,L7: Intermediate occupations,212,219,-7
E01002285,L8 and L9: Small employers and own account workers,134,99,35
E01002286,"L1, L2 and L3: Higher managerial, administrative and professional occupations",198,110,88
E01002286,L10 and L11: Lower supervisory and technical occupations,77,87,-10
E01002286,L12: Semi-routine occupations,152,149,3
E01002286,L13: Routine occupations,108,98,10
E01002286,L14.1 and L14.2: Never worked and long-term unemployed,70,27,43
E01002286,L15: Full-time students,73,87,-14
E01002286,"L4, L5 and L6: Lower managerial, administrative and professional occupations",278,240,38
E01002286,L7: Intermediate occupations,244,275,-31
E01002286,L8 and L9: Small employers and own account workers,165,128,37
E01002287,"L1, L2 and L3: Higher managerial, administrative and professional occupations",173,94,79
E01002287,L10 and L11: Lower supervisory and technical occupations,76,92,-16
E01002287,L12: Semi-routine occupations,157,166,-9
E01002287,L13: Routine occupations,129,109,20
E01002287,L14.1 and L14.2: Never worked and long-term unemployed,78,34,44
E01002287,L15: Full-time students,74,77,-3
E01002287,"L4, L5 and L6: Lower managerial, administrative and professional occupations",273,218,55
E01002287,L7: Intermediate occupations,225,260,-35
E01002287,L8 and L9: Small employers and own account workers,128,115,13
E01002288,"L1, L2 and L3: Higher managerial, administrative and professional occupations",196,92,104
E01002288,L10 and L11: Lower supervisory and technical occupations,61,68,-7
E01002288,L12: Semi-routine occupations,147,149,-2
E01002288,L13: Routine occupations,96,87,9
E01002288,L14.1 and L14.2: Never worked and long-term unemployed,76,19,57
E01002288,L15: Full-time students,56,80,-24
E01002288,"L4, L5 and L6: Lower managerial, administrative and professional occupations",315,284,31
E01002288,L7: Intermediate occupations,249,293,-44
E01002288,L8 and L9: Small employers and own account workers,121,116,5
E01002289,"L1, L2 and L3: Higher managerial, administrative and professional occupations",207,109,98
E01002289,L10 and L11: Lower supervisory and technical occupations,85,92,-7
E01002289,L12: Semi-routine occupations,118,154,-36
E01002289,L13: Routine occupations,114,91,23
E01002289,L14.1 and L14.2: Never worked and long-term unemployed,82,34,48
E01002289,L15: Full-time students,48,96,-48
E01002289,"L4, L5 and L6: Lower managerial, administrative and professional occupations",307,249,58
E01002289,L7: Intermediate occupations,239,217,22
E01002289,L8 and L9: Small employers and own account workers,151,105,46
E01002290,"L1, L2 and L3: Higher managerial, administrative and professional occupations",172,95,77
E01002290,L10 and L11: Lower supervisory and technical occupations,84,70,14
E01002290,L12: Semi-routine occupations,153,143,10
E01002290,L13: Routine occupations,103,77,26
E01002290,L14.1 and L14.2: Never worked and long-term unemployed,83,32,51
E01002290,L15: Full-time students,48,78,-30
E01002290,"L4, L5 and L6: Lower managerial, administrative and professional occupations",276,218,58
E01002290,L7: Intermediate occupations,234,261,-27
E01002290,L8 and L9: Small employers and own account workers,113,110,3
E01002291,"L1, L2 and L3: Higher managerial, administrative and professional occupations",164,114,50
E01002291,L10 and L11: Lower supervisory and technical occupations,73,73,0
E01002291,L12: Semi-routine occupations,158,159,-1
E01002291,L13: Routine occupations,119,103,16
E01002291,L14.1 and L14.2: Never worked and long-term unemployed,82,35,47
E01002291,L15: Full-time students,27,65,-38
E01002291,"L4, L5 and L6: Lower managerial, administrative and professional occupations",285,296,-11
E01002291,L7: Intermediate occupations,250,261,-11
E01002291,L8 and L9: Small employers and own account workers,165,132,33
E01002292,"L1, L2 and L3: Higher managerial, administrative and professional occupations",152,79,73
E01002292,L10 and L11: Lower supervisory and technical occupations,90,81,9
E01002292,L12: Semi-routine occupations,149,173,-24
E01002292,L13: Routine occupations,146,112,34
E01002292,L14.1 and L14.2: Never worked and long-term unemployed,119,53,66
E01002292,L15: Full-time students,77,77,0
E01002292,"L4, L5 and L6: Lower managerial, administrative and professional occupations",255,184,71
E01002292,L7: Intermediate occupations,194,206,-12
E01002292,L8 and L9: Small employers and own account workers,161,107,54
E01002294,"L1, L2 and L3: Higher managerial, administrative and professional occupations",217,113,104
E01002294,L10 and L11: Lower supervisory and technical occupations,56,62,-6
E01002294,L12: Semi-routine occupations,120,114,6
E01002294,L13: Routine occupations,112,85,27
E01002294,L14.1 and L14.2: Never worked and long-term unemployed,67,50,17
E01002294,L15: Full-time students,61,64,-3
E01002294,"L4, L5 and L6: Lower managerial, administrative and professional occupations",287,259,28
E01002294,L7: Intermediate occupations,213,219,-6
E01002294,L8 and L9: Small employers and own account workers,145,128,17
E01002295,"L1, L2 and L3: Higher managerial, administrative and professional occupations",230,136,94
E01002295,L10 and L11: Lower supervisory and technical occupations,74,67,7
E01002295,L12: Semi-routine occupations,164,130,34
E01002295,L13: Routine occupations,120,82,38
E01002295,L14.1 and L14.2: Never worked and long-term unemployed,139,58,81
E01002295,L15: Full-time students,110,83,27
E01002295,"L4, L5 and L6: Lower managerial, administrative and professional occupations",355,279,76
E01002295,L7: Intermediate occupations,249,232,17
E01002295,L8 and L9: Small employers and own account workers,156,119,37
E01002296,"L1, L2 and L3: Higher managerial, administrative and professional occupations",191,107,84
E01002296,L10 and L11: Lower supervisory and technical occupations,90,88,2
E01002296,L12: Semi-routine occupations,114,144,-30
E01002296,L13: Routine occupations,109,85,24
E01002296,L14.1 and L14.2: Never worked and long-term unemployed,134,54,80
E01002296,L15: Full-time students,53,88,-35
E01002296,"L4, L5 and L6: Lower managerial, administrative and professional occupations",302,237,65
E01002296,L7: Intermediate occupations,235,252,-17
E01002296,L8 and L9: Small employers and own account workers,192,181,11
E01002297,"L1, L2 and L3: Higher managerial, administrative and professional occupations",78,47,31
E01002297,L10 and L11: Lower supervisory and technical occupations,77,80,-3
E01002297,L12: Semi-routine occupations,173,202,-29
E01002297,L13: Routine occupations,176,185,-9
E01002297,L14.1 and L14.2: Never worked and long-term unemployed,134,111,23
E01002297,L15: Full-time students,105,84,21
E01002297,"L4, L5 and L6: Lower managerial, administrative and professional occupations",210,153,57
E01002297,L7: Intermediate occupations,160,152,8
E01002297,L8 and L9: Small employers and own account workers,166,93,73
E01002298,"L1, L2 and L3: Higher managerial, administrative and professional occupations",188,131,57
E01002298,L10 and L11: Lower supervisory and technical occupations,57,75,-18
E01002298,L12: Semi-routine occupations,133,206,-73
E01002298,L13: Routine occupations,122,109,13
E01002298,L14.1 and L14.2: Never worked and long-term unemployed,96,42,54
E01002298,L15: Full-time students,94,87,7
E01002298,"L4, L5 and L6: Lower managerial, administrative and professional occupations",262,315,-53
E01002298,L7: Intermediate occupations,201,242,-41
E01002298,L8 and L9: Small employers and own account workers,170,135,35
E01002299,"L1, L2 and L3: Higher managerial, administrative and professional occupations",130,68,62
E01002299,L10 and L11: Lower supervisory and technical occupations,82,110,-28
E01002299,L12: Semi-routine occupations,165,202,-37
E01002299,L13: Routine occupations,177,146,31
E01002299,L14.1 and L14.2: Never worked and long-term unemployed,132,84,48
E01002299,L15: Full-time students,107,105,2
E01002299,"L4, L5 and L6: Lower managerial, administrative and professional occupations",259,192,67
E01002299,L7: Intermediate occupations,193,208,-15
E01002299,L8 and L9: Small employers and own account workers,189,123,66
E01002300,"L1, L2 and L3: Higher managerial, administrative and professional occupations",294,97,197
E01002300,L10 and L11: Lower supervisory and technical occupations,100,61,39
E01002300,L12: Semi-routine occupations,151,114,37
E01002300,L13: Routine occupations,142,67,75
E01002300,L14.1 and L14.2: Never worked and long-term unemployed,105,23,82
E01002300,L15: Full-time students,76,66,10
E01002300,"L4, L5 and L6: Lower managerial, administrative and professional occupations",366,213,153
E01002300,L7: Intermediate occupations,258,196,62
E01002300,L8 and L9: Small employers and own account workers,190,85,105
E01002301,"L1, L2 and L3: Higher managerial, administrative and professional occupations",144,75,69
E01002301,L10 and L11: Lower supervisory and technical occupations,75,85,-10
E01002301,L12: Semi-routine occupations,156,162,-6
E01002301,L13: Routine occupations,134,101,33
E01002301,L14.1 and L14.2: Never worked and long-term unemployed,99,55,44
E01002301,L15: Full-time students,56,78,-22
E01002301,"L4, L5 and L6: Lower managerial, administrative and professional occupations",278,242,36
E01002301,L7: Intermediate occupations,199,226,-27
E01002301,L8 and L9: Small employers and own account workers,209,160,49
E01002302,"L1, L2 and L3: Higher managerial, administrative and professional occupations",130,83,47
E01002302,L10 and L11: Lower supervisory and technical occupations,75,78,-3
E01002302,L12: Semi-routine occupations,167,167,0
E01002302,L13: Routine occupations,130,109,21
E01002302,L14.1 and L14.2: Never worked and long-term unemployed,107,43,64
E01002302,L15: Full-time students,86,69,17
E01002302,"L4, L5 and L6: Lower managerial, administrative and professional occupations",303,238,65
E01002302,L7: Intermediate occupations,191,203,-12
E01002302,L8 and L9: Small employers and own account workers,177,141,36
E01002303,"L1, L2 and L3: Higher managerial, administrative and professional occupations",111,65,46
E01002303,L10 and L11: Lower supervisory and technical occupations,112,111,1
E01002303,L12: Semi-routine occupations,253,231,22
E01002303,L13: Routine occupations,191,160,31
E01002303,L14.1 and L14.2: Never worked and long-term unemployed,198,95,103
E01002303,L15: Full-time students,127,118,9
E01002303,"L4, L5 and L6: Lower managerial, administrative and professional occupations",304,248,56
E01002303,L7: Intermediate occupations,210,218,-8
E01002303,L8 and L9: Small employers and own account workers,194,173,21
E01002304,"L1, L2 and L3: Higher managerial, administrative and professional occupations",141,83,58
E01002304,L10 and L11: Lower supervisory and technical occupations,52,63,-11
E01002304,L12: Semi-routine occupations,134,126,8
E01002304,L13: Routine occupations,122,85,37
E01002304,L14.1 and L14.2: Never worked and long-term unemployed,133,64,69
E01002304,L15: Full-time students,71,73,-2
E01002304,"L4, L5 and L6: Lower managerial, administrative and professional occupations",239,180,59
E01002304,L7: Intermediate occupations,188,183,5
E01002304,L8 and L9: Small employers and own account workers,231,168,63
E01002305,"L1, L2 and L3: Higher managerial, administrative and professional occupations",115,60,55
E01002305,L10 and L11: Lower supervisory and technical occupations,80,82,-2
E01002305,L12: Semi-routine occupations,144,162,-18
E01002305,L13: Routine occupations,144,104,40
E01002305,L14.1 and L14.2: Never worked and long-term unemployed,116,59,57
E01002305,L15: Full-time students,89,76,13
E01002305,"L4, L5 and L6: Lower managerial, administrative and professional occupations",266,218,48
E01002305,L7: Intermediate occupations,184,198,-14
E01002305,L8 and L9: Small employers and own account workers,195,143,52
E01002306,"L1, L2 and L3: Higher managerial, administrative and professional occupations",61,40,21
E01002306,L10 and L11: Lower supervisory and technical occupations,69,84,-15
E01002306,L12: Semi-routine occupations,220,223,-3
E01002306,L13: Routine occupations,190,143,47
E01002306,L14.1 and L14.2: Never worked and long-term unemployed,160,79,81
E01002306,L15: Full-time students,101,85,16
E01002306,"L4, L5 and L6: Lower managerial, administrative and professional occupations",200,153,47
E01002306,L7: Intermediate occupations,166,153,13
E01002306,L8 and L9: Small employers and own account workers,179,123,56
E01002307,"L1, L2 and L3: Higher managerial, administrative and professional occupations",130,62,68
E01002307,L10 and L11: Lower supervisory and technical occupations,67,91,-24
E01002307,L12: Semi-routine occupations,218,186,32
E01002307,L13: Routine occupations,149,145,4
E01002307,L14.1 and L14.2: Never worked and long-term unemployed,107,85,22
E01002307,L15: Full-time students,97,86,11
E01002307,"L4, L5 and L6: Lower managerial, administrative and professional occupations",295,213,82
E01002307,L7: Intermediate occupations,200,201,-1
E01002307,L8 and L9: Small employers and own account workers,168,115,53
E01002308,"L1, L2 and L3: Higher managerial, administrative and professional occupations",105,89,16
E01002308,L10 and L11: Lower supervisory and technical occupations,74,103,-29
E01002308,L12: Semi-routine occupations,196,253,-57
E01002308,L13: Routine occupations,188,168,20
E01002308,L14.1 and L14.2: Never worked and long-term unemployed,164,97,67
E01002308,L15: Full-time students,100,92,8
E01002308,"L4, L5 and L6: Lower managerial, administrative and professional occupations",230,218,12
E01002308,L7: Intermediate occupations,181,226,-45
E01002308,L8 and L9: Small employers and own account workers,208,157,51
E01002309,"L1, L2 and L3: Higher managerial, administrative and professional occupations",112,63,49
E01002309,L10 and L11: Lower supervisory and technical occupations,88,98,-10
E01002309,L12: Semi-routine occupations,172,169,3
E01002309,L13: Routine occupations,186,137,49
E01002309,L14.1 and L14.2: Never worked and long-term unemployed,126,77,49
E01002309,L15: Full-time students,110,83,27
E01002309,"L4, L5 and L6: Lower managerial, administrative and professional occupations",209,186,23
E01002309,L7: Intermediate occupations,166,170,-4
E01002309,L8 and L9: Small employers and own account workers,180,110,70
E01002310,"L1, L2 and L3: Higher managerial, administrative and professional occupations",110,55,55
E01002310,L10 and L11: Lower supervisory and technical occupations,70,96,-26
E01002310,L12: Semi-routine occupations,192,207,-15
E01002310,L13: Routine occupations,217,162,55
E01002310,L14.1 and L14.2: Never worked and long-term unemployed,245,116,129
E01002310,L15: Full-time students,88,77,11
E01002310,"L4, L5 and L6: Lower managerial, administrative and professional occupations",214,172,42
E01002310,L7: Intermediate occupations,203,174,29
E01002310,L8 and L9: Small employers and own account workers,152,117,35
E01002311,"L1, L2 and L3: Higher managerial, administrative and professional occupations",116,52,64
E01002311,L10 and L11: Lower supervisory and technical occupations,91,109,-18
E01002311,L12: Semi-routine occupations,167,196,-29
E01002311,L13: Routine occupations,172,143,29
E01002311,L14.1 and L14.2: Never worked and long-term unemployed,137,83,54
E01002311,L15: Full-time students,103,95,8
E01002311,"L4, L5 and L6: Lower managerial, administrative and professional occupations",227,190,37
E01002311,L7: Intermediate occupations,188,181,7
E01002311,L8 and L9: Small employers and own account workers,218,127,91
E01002312,"L1, L2 and L3: Higher managerial, administrative and professional occupations",109,49,60
E01002312,L10 and L11: Lower supervisory and technical occupations,96,77,19
E01002312,L12: Semi-routine occupations,190,186,4
E01002312,L13: Routine occupations,145,125,20
E01002312,L14.1 and L14.2: Never worked and long-term unemployed,128,55,73
E01002312,L15: Full-time students,77,42,35
E01002312,"L4, L5 and L6: Lower managerial, administrative and professional occupations",250,151,99
E01002312,L7: Intermediate occupations,194,149,45
E01002312,L8 and L9: Small employers and own account workers,171,105,66
E01002313,"L1, L2 and L3: Higher managerial, administrative and professional occupations",148,44,104
E01002313,L10 and L11: Lower supervisory and technical occupations,87,89,-2
E01002313,L12: Semi-routine occupations,241,180,61
E01002313,L13: Routine occupations,199,153,46
E01002313,L14.1 and L14.2: Never worked and long-term unemployed,195,82,113
E01002313,L15: Full-time students,118,86,32
E01002313,"L4, L5 and L6: Lower managerial, administrative and professional occupations",320,159,161
E01002313,L7: Intermediate occupations,200,145,55
E01002313,L8 and L9: Small employers and own account workers,228,118,110
E01002314,"L1, L2 and L3: Higher managerial, administrative and professional occupations",71,47,24
E01002314,L10 and L11: Lower supervisory and technical occupations,86,96,-10
E01002314,L12: Semi-routine occupations,216,209,7
E01002314,L13: Routine occupations,208,159,49
E01002314,L14.1 and L14.2: Never worked and long-term unemployed,136,93,43
E01002314,L15: Full-time students,122,101,21
E01002314,"L4, L5 and L6: Lower managerial, administrative and professional occupations",209,161,48
E01002314,L7: Intermediate occupations,168,142,26
E01002314,L8 and L9: Small employers and own account workers,151,96,55
E01002315,"L1, L2 and L3: Higher managerial, administrative and professional occupations",88,54,34
E01002315,L10 and L11: Lower supervisory and technical occupations,78,87,-9
E01002315,L12: Semi-routine occupations,173,178,-5
E01002315,L13: Routine occupations,188,117,71
E01002315,L14.1 and L14.2: Never worked and long-term unemployed,115,86,29
E01002315,L15: Full-time students,99,95,4
E01002315,"L4, L5 and L6: Lower managerial, administrative and professional occupations",211,182,29
E01002315,L7: Intermediate occupations,160,173,-13
E01002315,L8 and L9: Small employers and own account workers,214,122,92
E01002316,"L1, L2 and L3: Higher managerial, administrative and professional occupations",69,38,31
E01002316,L10 and L11: Lower supervisory and technical occupations,79,80,-1
E01002316,L12: Semi-routine occupations,234,248,-14
E01002316,L13: Routine occupations,222,169,53
E01002316,L14.1 and L14.2: Never worked and long-term unemployed,223,115,108
E01002316,L15: Full-time students,164,69,95
E01002316,"L4, L5 and L6: Lower managerial, administrative and professional occupations",196,151,45
E01002316,L7: Intermediate occupations,140,134,6
E01002316,L8 and L9: Small employers and own account workers,170,88,82
E01002317,"L1, L2 and L3: Higher managerial, administrative and professional occupations",232,130,102
E01002317,L10 and L11: Lower supervisory and technical occupations,58,77,-19
E01002317,L12: Semi-routine occupations,110,123,-13
E01002317,L13: Routine occupations,98,61,37
E01002317,L14.1 and L14.2: Never worked and long-term unemployed,63,27,36
E01002317,L15: Full-time students,86,86,0
E01002317,"L4, L5 and L6: Lower managerial, administrative and professional occupations",288,243,45
E01002317,L7: Intermediate occupations,230,251,-21
E01002317,L8 and L9: Small employers and own account workers,155,136,19
E01002318,"L1, L2 and L3: Higher managerial, administrative and professional occupations",186,107,79
E01002318,L10 and L11: Lower supervisory and technical occupations,75,85,-10
E01002318,L12: Semi-routine occupations,156,173,-17
E01002318,L13: Routine occupations,102,90,12
E01002318,L14.1 and L14.2: Never worked and long-term unemployed,68,31,37
E01002318,L15: Full-time students,60,90,-30
E01002318,"L4, L5 and L6: Lower managerial, administrative and professional occupations",312,265,47
E01002318,L7: Intermediate occupations,241,233,8
E01002318,L8 and L9: Small employers and own account workers,166,133,33
E01002319,"L1, L2 and L3: Higher managerial, administrative and professional occupations",169,88,81
E01002319,L10 and L11: Lower supervisory and technical occupations,76,78,-2
E01002319,L12: Semi-routine occupations,166,152,14
E01002319,L13: Routine occupations,134,112,22
E01002319,L14.1 and L14.2: Never worked and long-term unemployed,136,53,83
E01002319,L15: Full-time students,132,106,26
E01002319,"L4, L5 and L6: Lower managerial, administrative and professional occupations",309,238,71
E01002319,L7: Intermediate occupations,200,218,-18
E01002319,L8 and L9: Small employers and own account workers,174,135,39
E01002320,"L1, L2 and L3: Higher managerial, administrative and professional occupations",166,112,54
E01002320,L10 and L11: Lower supervisory and technical occupations,64,80,-16
E01002320,L12: Semi-routine occupations,130,168,-38
E01002320,L13: Routine occupations,104,84,20
E01002320,L14.1 and L14.2: Never worked and long-term unemployed,52,30,22
E01002320,L15: Full-time students,79,104,-25
E01002320,"L4, L5 and L6: Lower managerial, administrative and professional occupations",279,294,-15
E01002320,L7: Intermediate occupations,219,292,-73
E01002320,L8 and L9: Small employers and own account workers,143,155,-12
E01002321,"L1, L2 and L3: Higher managerial, administrative and professional occupations",189,126,63
E01002321,L10 and L11: Lower supervisory and technical occupations,61,61,0
E01002321,L12: Semi-routine occupations,125,110,15
E01002321,L13: Routine occupations,111,48,63
E01002321,L14.1 and L14.2: Never worked and long-term unemployed,105,34,71
E01002321,L15: Full-time students,82,65,17
E01002321,"L4, L5 and L6: Lower managerial, administrative and professional occupations",337,234,103
E01002321,L7: Intermediate occupations,251,227,24
E01002321,L8 and L9: Small employers and own account workers,234,122,112
E01002322,"L1, L2 and L3: Higher managerial, administrative and professional occupations",184,115,69
E01002322,L10 and L11: Lower supervisory and technical occupations,99,138,-39
E01002322,L12: Semi-routine occupations,148,189,-41
E01002322,L13: Routine occupations,130,109,21
E01002322,L14.1 and L14.2: Never worked and long-term unemployed,83,44,39
E01002322,L15: Full-time students,108,115,-7
E01002322,"L4, L5 and L6: Lower managerial, administrative and professional occupations",376,326,50
E01002322,L7: Intermediate occupations,287,328,-41
E01002322,L8 and L9: Small employers and own account workers,161,151,10
E01002323,"L1, L2 and L3: Higher managerial, administrative and professional occupations",196,100,96
E01002323,L10 and L11: Lower supervisory and technical occupations,77,71,6
E01002323,L12: Semi-routine occupations,133,158,-25
E01002323,L13: Routine occupations,115,95,20
E01002323,L14.1 and L14.2: Never worked and long-term unemployed,78,49,29
E01002323,L15: Full-time students,102,94,8
E01002323,"L4, L5 and L6: Lower managerial, administrative and professional occupations",315,237,78
E01002323,L7: Intermediate occupations,259,244,15
E01002323,L8 and L9: Small employers and own account workers,143,142,1
E01002324,"L1, L2 and L3: Higher managerial, administrative and professional occupations",146,83,63
E01002324,L10 and L11: Lower supervisory and technical occupations,61,65,-4
E01002324,L12: Semi-routine occupations,172,169,3
E01002324,L13: Routine occupations,136,115,21
E01002324,L14.1 and L14.2: Never worked and long-term unemployed,133,51,82
E01002324,L15: Full-time students,67,74,-7
E01002324,"L4, L5 and L6: Lower managerial, administrative and professional occupations",217,206,11
E01002324,L7: Intermediate occupations,198,208,-10
E01002324,L8 and L9: Small employers and own account workers,172,109,63
E01002325,"L1, L2 and L3: Higher managerial, administrative and professional occupations",109,59,50
E01002325,L10 and L11: Lower supervisory and technical occupations,93,79,14
E01002325,L12: Semi-routine occupations,232,215,17
E01002325,L13: Routine occupations,194,148,46
E01002325,L14.1 and L14.2: Never worked and long-term unemployed,174,81,93
E01002325,L15: Full-time students,103,78,25
E01002325,"L4, L5 and L6: Lower managerial, administrative and professional occupations",256,184,72
E01002325,L7: Intermediate occupations,228,175,53
E01002325,L8 and L9: Small employers and own account workers,227,142,85
E01002326,"L1, L2 and L3: Higher managerial, administrative and professional occupations",110,73,37
E01002326,L10 and L11: Lower supervisory and technical occupations,73,87,-14
E01002326,L12: Semi-routine occupations,179,172,7
E01002326,L13: Routine occupations,158,112,46
E01002326,L14.1 and L14.2: Never worked and long-term unemployed,120,73,47
E01002326,L15: Full-time students,88,77,11
E01002326,"L4, L5 and L6: Lower managerial, administrative and professional occupations",231,181,50
E01002326,L7: Intermediate occupations,177,167,10
E01002326,L8 and L9: Small employers and own account workers,197,130,67
E01002327,"L1, L2 and L3: Higher managerial, administrative and professional occupations",142,78,64
E01002327,L10 and L11: Lower supervisory and technical occupations,69,73,-4
E01002327,L12: Semi-routine occupations,145,168,-23
E01002327,L13: Routine occupations,127,90,37
E01002327,L14.1 and L14.2: Never worked and long-term unemployed,109,52,57
E01002327,L15: Full-time students,76,72,4
E01002327,"L4, L5 and L6: Lower managerial, administrative and professional occupations",240,203,37
E01002327,L7: Intermediate occupations,202,210,-8
E01002327,L8 and L9: Small employers and own account workers,177,123,54
E01002328,"L1, L2 and L3: Higher managerial, administrative and professional occupations",177,77,100
E01002328,L10 and L11: Lower supervisory and technical occupations,85,96,-11
E01002328,L12: Semi-routine occupations,148,159,-11
E01002328,L13: Routine occupations,107,81,26
E01002328,L14.1 and L14.2: Never worked and long-term unemployed,87,42,45
E01002328,L15: Full-time students,91,93,-2
E01002328,"L4, L5 and L6: Lower managerial, administrative and professional occupations",296,273,23
E01002328,L7: Intermediate occupations,202,259,-57
E01002328,L8 and L9: Small employers and own account workers,215,159,56
E01002329,"L1, L2 and L3: Higher managerial, administrative and professional occupations",172,111,61
E01002329,L10 and L11: Lower supervisory and technical occupations,74,112,-38
E01002329,L12: Semi-routine occupations,181,225,-44
E01002329,L13: Routine occupations,136,137,-1
E01002329,L14.1 and L14.2: Never worked and long-term unemployed,89,50,39
E01002329,L15: Full-time students,122,110,12
E01002329,"L4, L5 and L6: Lower managerial, administrative and professional occupations",269,304,-35
E01002329,L7: Intermediate occupations,192,248,-56
E01002329,L8 and L9: Small employers and own account workers,180,192,-12
E01002330,"L1, L2 and L3: Higher managerial, administrative and professional occupations",126,61,65
E01002330,L10 and L11: Lower supervisory and technical occupations,73,73,0
E01002330,L12: Semi-routine occupations,159,136,23
E01002330,L13: Routine occupations,166,100,66
E01002330,L14.1 and L14.2: Never worked and long-term unemployed,133,52,81
E01002330,L15: Full-time students,111,45,66
E01002330,"L4, L5 and L6: Lower managerial, administrative and professional occupations",248,193,55
E01002330,L7: Intermediate occupations,207,148,59
E01002330,L8 and L9: Small employers and own account workers,200,100,100
E01002331,"L1, L2 and L3: Higher managerial, administrative and professional occupations",132,54,78
E01002331,L10 and L11: Lower supervisory and technical occupations,89,67,22
E01002331,L12: Semi-routine occupations,169,129,40
E01002331,L13: Routine occupations,137,89,48
E01002331,L14.1 and L14.2: Never worked and long-term unemployed,95,37,58
E01002331,L15: Full-time students,99,62,37
E01002331,"L4, L5 and L6: Lower managerial, administrative and professional occupations",243,137,106
E01002331,L7: Intermediate occupations,186,178,8
E01002331,L8 and L9: Small employers and own account workers,180,106,74
E01002332,"L1, L2 and L3: Higher managerial, administrative and professional occupations",103,74,29
E01002332,L10 and L11: Lower supervisory and technical occupations,78,75,3
E01002332,L12: Semi-routine occupations,193,197,-4
E01002332,L13: Routine occupations,147,94,53
E01002332,L14.1 and L14.2: Never worked and long-term unemployed,101,60,41
E01002332,L15: Full-time students,74,48,26
E01002332,"L4, L5 and L6: Lower managerial, administrative and professional occupations",321,232,89
E01002332,L7: Intermediate occupations,214,233,-19
E01002332,L8 and L9: Small employers and own account workers,185,155,30
E01002333,"L1, L2 and L3: Higher managerial, administrative and professional occupations",136,72,64
E01002333,L10 and L11: Lower supervisory and technical occupations,66,71,-5
E01002333,L12: Semi-routine occupations,125,126,-1
E01002333,L13: Routine occupations,100,59,41
E01002333,L14.1 and L14.2: Never worked and long-term unemployed,78,38,40
E01002333,L15: Full-time students,52,68,-16
E01002333,"L4, L5 and L6: Lower managerial, administrative and professional occupations",225,166,59
E01002333,L7: Intermediate occupations,197,209,-12
E01002333,L8 and L9: Small employers and own account workers,163,133,30
E01002334,"L1, L2 and L3: Higher managerial, administrative and professional occupations",204,126,78
E01002334,L10 and L11: Lower supervisory and technical occupations,63,68,-5
E01002334,L12: Semi-routine occupations,109,117,-8
E01002334,L13: Routine occupations,92,96,-4
E01002334,L14.1 and L14.2: Never worked and long-term unemployed,116,36,80
E01002334,L15: Full-time students,78,85,-7
E01002334,"L4, L5 and L6: Lower managerial, administrative and professional occupations",352,285,67
E01002334,L7: Intermediate occupations,224,233,-9
E01002334,L8 and L9: Small employers and own account workers,213,206,7
E01002335,"L1, L2 and L3: Higher managerial, administrative and professional occupations",117,60,57
E01002335,L10 and L11: Lower supervisory and technical occupations,68,86,-18
E01002335,L12: Semi-routine occupations,153,188,-35
E01002335,L13: Routine occupations,135,100,35
E01002335,L14.1 and L14.2: Never worked and long-term unemployed,87,41,46
E01002335,L15: Full-time students,46,59,-13
E01002335,"L4, L5 and L6: Lower managerial, administrative and professional occupations",213,193,20
E01002335,L7: Intermediate occupations,193,227,-34
E01002335,L8 and L9: Small employers and own account workers,157,109,48
E01002336,"L1, L2 and L3: Higher managerial, administrative and professional occupations",136,82,54
E01002336,L10 and L11: Lower supervisory and technical occupations,77,69,8
E01002336,L12: Semi-routine occupations,154,143,11
E01002336,L13: Routine occupations,121,83,38
E01002336,L14.1 and L14.2: Never worked and long-term unemployed,93,34,59
E01002336,L15: Full-time students,78,65,13
E01002336,"L4, L5 and L6: Lower managerial, administrative and professional occupations",281,222,59
E01002336,L7: Intermediate occupations,205,225,-20
E01002336,L8 and L9: Small employers and own account workers,215,160,55
E01002337,"L1, L2 and L3: Higher managerial, administrative and professional occupations",243,167,76
E01002337,L10 and L11: Lower supervisory and technical occupations,38,32,6
E01002337,L12: Semi-routine occupations,81,65,16
E01002337,L13: Routine occupations,60,37,23
E01002337,L14.1 and L14.2: Never worked and long-term unemployed,81,17,64
E01002337,L15: Full-time students,59,67,-8
E01002337,"L4, L5 and L6: Lower managerial, administrative and professional occupations",249,227,22
E01002337,L7: Intermediate occupations,178,189,-11
E01002337,L8 and L9: Small employers and own account workers,170,113,57
E01002338,"L1, L2 and L3: Higher managerial, administrative and professional occupations",134,80,54
E01002338,L10 and L11: Lower supervisory and technical occupations,64,73,-9
E01002338,L12: Semi-routine occupations,102,140,-38
E01002338,L13: Routine occupations,116,86,30
E01002338,L14.1 and L14.2: Never worked and long-term unemployed,109,36,73
E01002338,L15: Full-time students,81,52,29
E01002338,"L4, L5 and L6: Lower managerial, administrative and professional occupations",211,196,15
E01002338,L7: Intermediate occupations,161,198,-37
E01002338,L8 and L9: Small employers and own account workers,147,119,28
E01002339,"L1, L2 and L3: Higher managerial, administrative and professional occupations",233,122,111
E01002339,L10 and L11: Lower supervisory and technical occupations,49,58,-9
E01002339,L12: Semi-routine occupations,107,121,-14
E01002339,L13: Routine occupations,94,63,31
E01002339,L14.1 and L14.2: Never worked and long-term unemployed,77,32,45
E01002339,L15: Full-time students,74,92,-18
E01002339,"L4, L5 and L6: Lower managerial, administrative and professional occupations",298,276,22
E01002339,L7: Intermediate occupations,215,235,-20
E01002339,L8 and L9: Small employers and own account workers,211,156,55
E01002340,"L1, L2 and L3: Higher managerial, administrative and professional occupations",163,90,73
E01002340,L10 and L11: Lower supervisory and technical occupations,46,79,-33
E01002340,L12: Semi-routine occupations,114,117,-3
E01002340,L13: Routine occupations,97,67,30
E01002340,L14.1 and L14.2: Never worked and long-term unemployed,72,40,32
E01002340,L15: Full-time students,70,73,-3
E01002340,"L4, L5 and L6: Lower managerial, administrative and professional occupations",265,235,30
E01002340,L7: Intermediate occupations,193,192,1
E01002340,L8 and L9: Small employers and own account workers,139,100,39
E01002341,"L1, L2 and L3: Higher managerial, administrative and professional occupations",140,81,59
E01002341,L10 and L11: Lower supervisory and technical occupations,55,59,-4
E01002341,L12: Semi-routine occupations,116,131,-15
E01002341,L13: Routine occupations,101,71,30
E01002341,L14.1 and L14.2: Never worked and long-term unemployed,64,16,48
E01002341,L15: Full-time students,62,51,11
E01002341,"L4, L5 and L6: Lower managerial, administrative and professional occupations",269,213,56
E01002341,L7: Intermediate occupations,223,224,-1
E01002341,L8 and L9: Small employers and own account workers,153,130,23
E01002342,"L1, L2 and L3: Higher managerial, administrative and professional occupations",110,49,61
E01002342,L10 and L11: Lower supervisory and technical occupations,72,106,-34
E01002342,L12: Semi-routine occupations,159,164,-5
E01002342,L13: Routine occupations,199,159,40
E01002342,L14.1 and L14.2: Never worked and long-term unemployed,153,73,80
E01002342,L15: Full-time students,112,106,6
E01002342,"L4, L5 and L6: Lower managerial, administrative and professional occupations",162,172,-10
E01002342,L7: Intermediate occupations,170,197,-27
E01002342,L8 and L9: Small employers and own account workers,181,95,86
E01002343,"L1, L2 and L3: Higher managerial, administrative and professional occupations",163,88,75
E01002343,L10 and L11: Lower supervisory and technical occupations,95,85,10
E01002343,L12: Semi-routine occupations,178,197,-19
E01002343,L13: Routine occupations,154,130,24
E01002343,L14.1 and L14.2: Never worked and long-term unemployed,120,45,75
E01002343,L15: Full-time students,68,80,-12
E01002343,"L4, L5 and L6: Lower managerial, administrative and professional occupations",277,226,51
E01002343,L7: Intermediate occupations,218,234,-16
E01002343,L8 and L9: Small employers and own account workers,186,168,18
E01002344,"L1, L2 and L3: Higher managerial, administrative and professional occupations",139,74,65
E01002344,L10 and L11: Lower supervisory and technical occupations,81,103,-22
E01002344,L12: Semi-routine occupations,219,186,33
E01002344,L13: Routine occupations,168,110,58
E01002344,L14.1 and L14.2: Never worked and long-term unemployed,160,39,121
E01002344,L15: Full-time students,104,74,30
E01002344,"L4, L5 and L6: Lower managerial, administrative and professional occupations",287,178,109
E01002344,L7: Intermediate occupations,223,215,8
E01002344,L8 and L9: Small employers and own account workers,168,139,29
E01002345,"L1, L2 and L3: Higher managerial, administrative and professional occupations",102,63,39
E01002345,L10 and L11: Lower supervisory and technical occupations,72,75,-3
E01002345,L12: Semi-routine occupations,192,177,15
E01002345,L13: Routine occupations,212,143,69
E01002345,L14.1 and L14.2: Never worked and long-term unemployed,145,107,38
E01002345,L15: Full-time students,110,82,28
E01002345,"L4, L5 and L6: Lower managerial, administrative and professional occupations",249,209,40
E01002345,L7: Intermediate occupations,175,204,-29
E01002345,L8 and L9: Small employers and own account workers,186,115,71
E01002346,"L1, L2 and L3: Higher managerial, administrative and professional occupations",129,60,69
E01002346,L10 and L11: Lower supervisory and technical occupations,61,92,-31
E01002346,L12: Semi-routine occupations,164,211,-47
E01002346,L13: Routine occupations,160,141,19
E01002346,L14.1 and L14.2: Never worked and long-term unemployed,115,80,35
E01002346,L15: Full-time students,76,87,-11
E01002346,"L4, L5 and L6: Lower managerial, administrative and professional occupations",178,185,-7
E01002346,L7: Intermediate occupations,161,181,-20
E01002346,L8 and L9: Small employers and own account workers,157,91,66
E01002347,"L1, L2 and L3: Higher managerial, administrative and professional occupations",116,57,59
E01002347,L10 and L11: Lower supervisory and technical occupations,79,99,-20
E01002347,L12: Semi-routine occupations,134,164,-30
E01002347,L13: Routine occupations,144,120,24
E01002347,L14.1 and L14.2: Never worked and long-term unemployed,109,38,71
E01002347,L15: Full-time students,79,85,-6
E01002347,"L4, L5 and L6: Lower managerial, administrative and professional occupations",227,177,50
E01002347,L7: Intermediate occupations,181,186,-5
E01002347,L8 and L9: Small employers and own account workers,149,103,46
E01002348,"L1, L2 and L3: Higher managerial, administrative and professional occupations",130,61,69
E01002348,L10 and L11: Lower supervisory and technical occupations,92,100,-8
E01002348,L12: Semi-routine occupations,139,158,-19
E01002348,L13: Routine occupations,155,117,38
E01002348,L14.1 and L14.2: Never worked and long-term unemployed,87,22,65
E01002348,L15: Full-time students,56,72,-16
E01002348,"L4, L5 and L6: Lower managerial, administrative and professional occupations",230,197,33
E01002348,L7: Intermediate occupations,242,252,-10
E01002348,L8 and L9: Small employers and own account workers,187,161,26
E01002349,"L1, L2 and L3: Higher managerial, administrative and professional occupations",120,68,52
E01002349,L10 and L11: Lower supervisory and technical occupations,72,84,-12
E01002349,L12: Semi-routine occupations,143,158,-15
E01002349,L13: Routine occupations,155,126,29
E01002349,L14.1 and L14.2: Never worked and long-term unemployed,128,34,94
E01002349,L15: Full-time students,61,84,-23
E01002349,"L4, L5 and L6: Lower managerial, administrative and professional occupations",243,207,36
E01002349,L7: Intermediate occupations,194,241,-47
E01002349,L8 and L9: Small employers and own account workers,178,138,40
E01002350,"L1, L2 and L3: Higher managerial, administrative and professional occupations",134,81,53
E01002350,L10 and L11: Lower supervisory and technical occupations,60,80,-20
E01002350,L12: Semi-routine occupations,138,130,8
E01002350,L13: Routine occupations,145,121,24
E01002350,L14.1 and L14.2: Never worked and long-term unemployed,179,95,84
E01002350,L15: Full-time students,113,71,42
E01002350,"L4, L5 and L6: Lower managerial, administrative and professional occupations",245,253,-8
E01002350,L7: Intermediate occupations,173,199,-26
E01002350,L8 and L9: Small employers and own account workers,176,120,56
E01002351,"L1, L2 and L3: Higher managerial, administrative and professional occupations",197,102,95
E01002351,L10 and L11: Lower supervisory and technical occupations,84,72,12
E01002351,L12: Semi-routine occupations,140,173,-33
E01002351,L13: Routine occupations,124,100,24
E01002351,L14.1 and L14.2: Never worked and long-term unemployed,96,51,45
E01002351,L15: Full-time students,96,69,27
E01002351,"L4, L5 and L6: Lower managerial, administrative and professional occupations",290,263,27
E01002351,L7: Intermediate occupations,204,238,-34
E01002351,L8 and L9: Small employers and own account workers,187,123,64
E01002352,"L1, L2 and L3: Higher managerial, administrative and professional occupations",195,127,68
E01002352,L10 and L11: Lower supervisory and technical occupations,68,75,-7
E01002352,L12: Semi-routine occupations,168,150,18
E01002352,L13: Routine occupations,132,77,55
E01002352,L14.1 and L14.2: Never worked and long-term unemployed,150,56,94
E01002352,L15: Full-time students,108,76,32
E01002352,"L4, L5 and L6: Lower managerial, administrative and professional occupations",364,294,70
E01002352,L7: Intermediate occupations,210,243,-33
E01002352,L8 and L9: Small employers and own account workers,167,125,42
E01002353,"L1, L2 and L3: Higher managerial, administrative and professional occupations",269,206,63
E01002353,L10 and L11: Lower supervisory and technical occupations,92,79,13
E01002353,L12: Semi-routine occupations,174,163,11
E01002353,L13: Routine occupations,117,85,32
E01002353,L14.1 and L14.2: Never worked and long-term unemployed,156,59,97
E01002353,L15: Full-time students,123,103,20
E01002353,"L4, L5 and L6: Lower managerial, administrative and professional occupations",336,351,-15
E01002353,L7: Intermediate occupations,219,267,-48
E01002353,L8 and L9: Small employers and own account workers,236,168,68
E01002354,"L1, L2 and L3: Higher managerial, administrative and professional occupations",236,130,106
E01002354,L10 and L11: Lower supervisory and technical occupations,48,52,-4
E01002354,L12: Semi-routine occupations,89,88,1
E01002354,L13: Routine occupations,69,33,36
E01002354,L14.1 and L14.2: Never worked and long-term unemployed,52,34,18
E01002354,L15: Full-time students,44,55,-11
E01002354,"L4, L5 and L6: Lower managerial, administrative and professional occupations",276,252,24
E01002354,L7: Intermediate occupations,193,204,-11
E01002354,L8 and L9: Small employers and own account workers,131,110,21
E01002355,"L1, L2 and L3: Higher managerial, administrative and professional occupations",217,126,91
E01002355,L10 and L11: Lower supervisory and technical occupations,69,62,7
E01002355,L12: Semi-routine occupations,106,111,-5
E01002355,L13: Routine occupations,81,71,10
E01002355,L14.1 and L14.2: Never worked and long-term unemployed,45,25,20
E01002355,L15: Full-time students,53,46,7
E01002355,"L4, L5 and L6: Lower managerial, administrative and professional occupations",295,264,31
E01002355,L7: Intermediate occupations,198,249,-51
E01002355,L8 and L9: Small employers and own account workers,139,117,22
E01002356,"L1, L2 and L3: Higher managerial, administrative and professional occupations",164,105,59
E01002356,L10 and L11: Lower supervisory and technical occupations,68,110,-42
E01002356,L12: Semi-routine occupations,187,239,-52
E01002356,L13: Routine occupations,188,155,33
E01002356,L14.1 and L14.2: Never worked and long-term unemployed,153,148,5
E01002356,L15: Full-time students,126,140,-14
E01002356,"L4, L5 and L6: Lower managerial, administrative and professional occupations",324,309,15
E01002356,L7: Intermediate occupations,198,226,-28
E01002356,L8 and L9: Small employers and own account workers,220,165,55
E01002358,"L1, L2 and L3: Higher managerial, administrative and professional occupations",204,161,43
E01002358,L10 and L11: Lower supervisory and technical occupations,87,106,-19
E01002358,L12: Semi-routine occupations,177,156,21
E01002358,L13: Routine occupations,150,120,30
E01002358,L14.1 and L14.2: Never worked and long-term unemployed,138,89,49
E01002358,L15: Full-time students,108,85,23
E01002358,"L4, L5 and L6: Lower managerial, administrative and professional occupations",357,315,42
E01002358,L7: Intermediate occupations,224,226,-2
E01002358,L8 and L9: Small employers and own account workers,226,149,77
E01002359,"L1, L2 and L3: Higher managerial, administrative and professional occupations",159,93,66
E01002359,L10 and L11: Lower supervisory and technical occupations,63,56,7
E01002359,L12: Semi-routine occupations,103,121,-18
E01002359,L13: Routine occupations,80,59,21
E01002359,L14.1 and L14.2: Never worked and long-term unemployed,71,25,46
E01002359,L15: Full-time students,55,78,-23
E01002359,"L4, L5 and L6: Lower managerial, administrative and professional occupations",278,223,55
E01002359,L7: Intermediate occupations,183,185,-2
E01002359,L8 and L9: Small employers and own account workers,118,98,20
E01002360,"L1, L2 and L3: Higher managerial, administrative and professional occupations",161,77,84
E01002360,L10 and L11: Lower supervisory and technical occupations,61,62,-1
E01002360,L12: Semi-routine occupations,151,114,37
E01002360,L13: Routine occupations,118,89,29
E01002360,L14.1 and L14.2: Never worked and long-term unemployed,109,30,79
E01002360,L15: Full-time students,46,63,-17
E01002360,"L4, L5 and L6: Lower managerial, administrative and professional occupations",247,209,38
E01002360,L7: Intermediate occupations,215,209,6
E01002360,L8 and L9: Small employers and own account workers,169,110,59
E01002361,"L1, L2 and L3: Higher managerial, administrative and professional occupations",153,92,61
E01002361,L10 and L11: Lower supervisory and technical occupations,90,109,-19
E01002361,L12: Semi-routine occupations,196,173,23
E01002361,L13: Routine occupations,184,120,64
E01002361,L14.1 and L14.2: Never worked and long-term unemployed,129,66,63
E01002361,L15: Full-time students,84,71,13
E01002361,"L4, L5 and L6: Lower managerial, administrative and professional occupations",330,252,78
E01002361,L7: Intermediate occupations,237,227,10
E01002361,L8 and L9: Small employers and own account workers,197,154,43
E01002362,"L1, L2 and L3: Higher managerial, administrative and professional occupations",208,120,88
E01002362,L10 and L11: Lower supervisory and technical occupations,58,62,-4
E01002362,L12: Semi-routine occupations,105,113,-8
E01002362,L13: Routine occupations,82,65,17
E01002362,L14.1 and L14.2: Never worked and long-term unemployed,66,34,32
E01002362,L15: Full-time students,58,85,-27
E01002362,"L4, L5 and L6: Lower managerial, administrative and professional occupations",295,268,27
E01002362,L7: Intermediate occupations,231,238,-7
E01002362,L8 and L9: Small employers and own account workers,155,131,24
E01002363,"L1, L2 and L3: Higher managerial, administrative and professional occupations",132,72,60
E01002363,L10 and L11: Lower supervisory and technical occupations,71,94,-23
E01002363,L12: Semi-routine occupations,148,176,-28
E01002363,L13: Routine occupations,130,116,14
E01002363,L14.1 and L14.2: Never worked and long-term unemployed,102,64,38
E01002363,L15: Full-time students,60,72,-12
E01002363,"L4, L5 and L6: Lower managerial, administrative and professional occupations",224,213,11
E01002363,L7: Intermediate occupations,187,203,-16
E01002363,L8 and L9: Small employers and own account workers,155,134,21
E01002364,"L1, L2 and L3: Higher managerial, administrative and professional occupations",182,103,79
E01002364,L10 and L11: Lower supervisory and technical occupations,58,67,-9
E01002364,L12: Semi-routine occupations,108,135,-27
E01002364,L13: Routine occupations,110,64,46
E01002364,L14.1 and L14.2: Never worked and long-term unemployed,67,26,41
E01002364,L15: Full-time students,56,53,3
E01002364,"L4, L5 and L6: Lower managerial, administrative and professional occupations",257,229,28
E01002364,L7: Intermediate occupations,220,220,0
E01002364,L8 and L9: Small employers and own account workers,129,120,9
E01002365,"L1, L2 and L3: Higher managerial, administrative and professional occupations",116,80,36
E01002365,L10 and L11: Lower supervisory and technical occupations,80,73,7
E01002365,L12: Semi-routine occupations,119,122,-3
E01002365,L13: Routine occupations,123,85,38
E01002365,L14.1 and L14.2: Never worked and long-term unemployed,93,28,65
E01002365,L15: Full-time students,63,81,-18
E01002365,"L4, L5 and L6: Lower managerial, administrative and professional occupations",193,173,20
E01002365,L7: Intermediate occupations,186,214,-28
E01002365,L8 and L9: Small employers and own account workers,126,99,27
E01002366,"L1, L2 and L3: Higher managerial, administrative and professional occupations",143,77,66
E01002366,L10 and L11: Lower supervisory and technical occupations,58,75,-17
E01002366,L12: Semi-routine occupations,137,159,-22
E01002366,L13: Routine occupations,137,89,48
E01002366,L14.1 and L14.2: Never worked and long-term unemployed,102,27,75
E01002366,L15: Full-time students,80,83,-3
E01002366,"L4, L5 and L6: Lower managerial, administrative and professional occupations",258,227,31
E01002366,L7: Intermediate occupations,191,225,-34
E01002366,L8 and L9: Small employers and own account workers,141,119,22
E01002367,"L1, L2 and L3: Higher managerial, administrative and professional occupations",239,136,103
E01002367,L10 and L11: Lower supervisory and technical occupations,71,79,-8
E01002367,L12: Semi-routine occupations,126,109,17
E01002367,L13: Routine occupations,95,76,19
E01002367,L14.1 and L14.2: Never worked and long-term unemployed,98,49,49
E01002367,L15: Full-time students,69,75,-6
E01002367,"L4, L5 and L6: Lower managerial, administrative and professional occupations",340,269,71
E01002367,L7: Intermediate occupations,208,248,-40
E01002367,L8 and L9: Small employers and own account workers,197,124,73
E01002368,"L1, L2 and L3: Higher managerial, administrative and professional occupations",154,52,102
E01002368,L10 and L11: Lower supervisory and technical occupations,104,100,4
E01002368,L12: Semi-routine occupations,239,188,51
E01002368,L13: Routine occupations,246,182,64
E01002368,L14.1 and L14.2: Never worked and long-term unemployed,206,114,92
E01002368,L15: Full-time students,159,84,75
E01002368,"L4, L5 and L6: Lower managerial, administrative and professional occupations",347,151,196
E01002368,L7: Intermediate occupations,206,159,47
E01002368,L8 and L9: Small employers and own account workers,211,111,100
E01002369,"L1, L2 and L3: Higher managerial, administrative and professional occupations",154,73,81
E01002369,L10 and L11: Lower supervisory and technical occupations,78,121,-43
E01002369,L12: Semi-routine occupations,180,236,-56
E01002369,L13: Routine occupations,171,132,39
E01002369,L14.1 and L14.2: Never worked and long-term unemployed,163,74,89
E01002369,L15: Full-time students,136,115,21
E01002369,"L4, L5 and L6: Lower managerial, administrative and professional occupations",305,224,81
E01002369,L7: Intermediate occupations,223,237,-14
E01002369,L8 and L9: Small employers and own account workers,205,157,48
E01002370,"L1, L2 and L3: Higher managerial, administrative and professional occupations",166,84,82
E01002370,L10 and L11: Lower supervisory and technical occupations,101,116,-15
E01002370,L12: Semi-routine occupations,230,265,-35
E01002370,L13: Routine occupations,234,189,45
E01002370,L14.1 and L14.2: Never worked and long-term unemployed,168,87,81
E01002370,L15: Full-time students,184,108,76
E01002370,"L4, L5 and L6: Lower managerial, administrative and professional occupations",305,211,94
E01002370,L7: Intermediate occupations,249,229,20
E01002370,L8 and L9: Small employers and own account workers,252,136,116
E01002371,"L1, L2 and L3: Higher managerial, administrative and professional occupations",121,71,50
E01002371,L10 and L11: Lower supervisory and technical occupations,86,109,-23
E01002371,L12: Semi-routine occupations,139,178,-39
E01002371,L13: Routine occupations,162,124,38
E01002371,L14.1 and L14.2: Never worked and long-term unemployed,132,65,67
E01002371,L15: Full-time students,107,86,21
E01002371,"L4, L5 and L6: Lower managerial, administrative and professional occupations",262,195,67
E01002371,L7: Intermediate occupations,200,197,3
E01002371,L8 and L9: Small employers and own account workers,164,131,33
E01002372,"L1, L2 and L3: Higher managerial, administrative and professional occupations",127,69,58
E01002372,L10 and L11: Lower supervisory and technical occupations,80,83,-3
E01002372,L12: Semi-routine occupations,163,173,-10
E01002372,L13: Routine occupations,157,130,27
E01002372,L14.1 and L14.2: Never worked and long-term unemployed,98,36,62
E01002372,L15: Full-time students,89,103,-14
E01002372,"L4, L5 and L6: Lower managerial, administrative and professional occupations",251,187,64
E01002372,L7: Intermediate occupations,210,234,-24
E01002372,L8 and L9: Small employers and own account workers,177,135,42
E01002373,"L1, L2 and L3: Higher managerial, administrative and professional occupations",126,65,61
E01002373,L10 and L11: Lower supervisory and technical occupations,85,97,-12
E01002373,L12: Semi-routine occupations,144,179,-35
E01002373,L13: Routine occupations,153,124,29
E01002373,L14.1 and L14.2: Never worked and long-term unemployed,103,51,52
E01002373,L15: Full-time students,94,71,23
E01002373,"L4, L5 and L6: Lower managerial, administrative and professional occupations",250,192,58
E01002373,L7: Intermediate occupations,220,220,0
E01002373,L8 and L9: Small employers and own account workers,169,120,49
E01002374,"L1, L2 and L3: Higher managerial, administrative and professional occupations",105,57,48
E01002374,L10 and L11: Lower supervisory and technical occupations,69,82,-13
E01002374,L12: Semi-routine occupations,185,172,13
E01002374,L13: Routine occupations,175,126,49
E01002374,L14.1 and L14.2: Never worked and long-term unemployed,109,44,65
E01002374,L15: Full-time students,94,98,-4
E01002374,"L4, L5 and L6: Lower managerial, administrative and professional occupations",252,177,75
E01002374,L7: Intermediate occupations,209,211,-2
E01002374,L8 and L9: Small employers and own account workers,174,132,42
E01002375,"L1, L2 and L3: Higher managerial, administrative and professional occupations",83,53,30
E01002375,L10 and L11: Lower supervisory and technical occupations,88,87,1
E01002375,L12: Semi-routine occupations,202,197,5
E01002375,L13: Routine occupations,209,146,63
E01002375,L14.1 and L14.2: Never worked and long-term unemployed,154,83,71
E01002375,L15: Full-time students,116,76,40
E01002375,"L4, L5 and L6: Lower managerial, administrative and professional occupations",225,175,50
E01002375,L7: Intermediate occupations,222,193,29
E01002375,L8 and L9: Small employers and own account workers,197,122,75
E01002376,"L1, L2 and L3: Higher managerial, administrative and professional occupations",274,186,88
E01002376,L10 and L11: Lower supervisory and technical occupations,41,51,-10
E01002376,L12: Semi-routine occupations,72,71,1
E01002376,L13: Routine occupations,50,47,3
E01002376,L14.1 and L14.2: Never worked and long-term unemployed,57,22,35
E01002376,L15: Full-time students,77,62,15
E01002376,"L4, L5 and L6: Lower managerial, administrative and professional occupations",280,280,0
E01002376,L7: Intermediate occupations,199,219,-20
E01002376,L8 and L9: Small employers and own account workers,165,136,29
E01002377,"L1, L2 and L3: Higher managerial, administrative and professional occupations",218,109,109
E01002377,L10 and L11: Lower supervisory and technical occupations,70,70,0
E01002377,L12: Semi-routine occupations,125,123,2
E01002377,L13: Routine occupations,122,70,52
E01002377,L14.1 and L14.2: Never worked and long-term unemployed,106,29,77
E01002377,L15: Full-time students,67,66,1
E01002377,"L4, L5 and L6: Lower managerial, administrative and professional occupations",338,205,133
E01002377,L7: Intermediate occupations,221,171,50
E01002377,L8 and L9: Small employers and own account workers,169,112,57
E01002378,"L1, L2 and L3: Higher managerial, administrative and professional occupations",210,126,84
E01002378,L10 and L11: Lower supervisory and technical occupations,66,113,-47
E01002378,L12: Semi-routine occupations,128,184,-56
E01002378,L13: Routine occupations,108,129,-21
E01002378,L14.1 and L14.2: Never worked and long-term unemployed,65,30,35
E01002378,L15: Full-time students,77,117,-40
E01002378,"L4, L5 and L6: Lower managerial, administrative and professional occupations",292,319,-27
E01002378,L7: Intermediate occupations,215,299,-84
E01002378,L8 and L9: Small employers and own account workers,181,154,27
E01002379,"L1, L2 and L3: Higher managerial, administrative and professional occupations",227,181,46
E01002379,L10 and L11: Lower supervisory and technical occupations,48,51,-3
E01002379,L12: Semi-routine occupations,112,94,18
E01002379,L13: Routine occupations,67,65,2
E01002379,L14.1 and L14.2: Never worked and long-term unemployed,72,33,39
E01002379,L15: Full-time students,80,89,-9
E01002379,"L4, L5 and L6: Lower managerial, administrative and professional occupations",318,270,48
E01002379,L7: Intermediate occupations,204,195,9
E01002379,L8 and L9: Small employers and own account workers,184,119,65
E01002380,"L1, L2 and L3: Higher managerial, administrative and professional occupations",295,194,101
E01002380,L10 and L11: Lower supervisory and technical occupations,91,96,-5
E01002380,L12: Semi-routine occupations,180,173,7
E01002380,L13: Routine occupations,155,118,37
E01002380,L14.1 and L14.2: Never worked and long-term unemployed,164,72,92
E01002380,L15: Full-time students,73,60,13
E01002380,"L4, L5 and L6: Lower managerial, administrative and professional occupations",406,408,-2
E01002380,L7: Intermediate occupations,239,332,-93
E01002380,L8 and L9: Small employers and own account workers,221,144,77
E01002381,"L1, L2 and L3: Higher managerial, administrative and professional occupations",188,144,44
E01002381,L10 and L11: Lower supervisory and technical occupations,58,54,4
E01002381,L12: Semi-routine occupations,117,133,-16
E01002381,L13: Routine occupations,99,93,6
E01002381,L14.1 and L14.2: Never worked and long-term unemployed,93,34,59
E01002381,L15: Full-time students,48,81,-33
E01002381,"L4, L5 and L6: Lower managerial, administrative and professional occupations",263,239,24
E01002381,L7: Intermediate occupations,204,216,-12
E01002381,L8 and L9: Small employers and own account workers,181,135,46
E01002382,"L1, L2 and L3: Higher managerial, administrative and professional occupations",312,184,128
E01002382,L10 and L11: Lower supervisory and technical occupations,43,71,-28
E01002382,L12: Semi-routine occupations,127,104,23
E01002382,L13: Routine occupations,102,70,32
E01002382,L14.1 and L14.2: Never worked and long-term unemployed,104,37,67
E01002382,L15: Full-time students,89,79,10
E01002382,"L4, L5 and L6: Lower managerial, administrative and professional occupations",324,352,-28
E01002382,L7: Intermediate occupations,198,274,-76
E01002382,L8 and L9: Small employers and own account workers,177,160,17
E01002383,"L1, L2 and L3: Higher managerial, administrative and professional occupations",236,141,95
E01002383,L10 and L11: Lower supervisory and technical occupations,70,65,5
E01002383,L12: Semi-routine occupations,115,131,-16
E01002383,L13: Routine occupations,102,57,45
E01002383,L14.1 and L14.2: Never worked and long-term unemployed,86,25,61
E01002383,L15: Full-time students,65,89,-24
E01002383,"L4, L5 and L6: Lower managerial, administrative and professional occupations",278,293,-15
E01002383,L7: Intermediate occupations,218,244,-26
E01002383,L8 and L9: Small employers and own account workers,153,113,40
E01002384,"L1, L2 and L3: Higher managerial, administrative and professional occupations",268,162,106
E01002384,L10 and L11: Lower supervisory and technical occupations,64,45,19
E01002384,L12: Semi-routine occupations,119,103,16
E01002384,L13: Routine occupations,68,59,9
E01002384,L14.1 and L14.2: Never worked and long-term unemployed,70,23,47
E01002384,L15: Full-time students,79,70,9
E01002384,"L4, L5 and L6: Lower managerial, administrative and professional occupations",323,288,35
E01002384,L7: Intermediate occupations,217,215,2
E01002384,L8 and L9: Small employers and own account workers,135,124,11
E01002385,"L1, L2 and L3: Higher managerial, administrative and professional occupations",250,128,122
E01002385,L10 and L11: Lower supervisory and technical occupations,58,63,-5
E01002385,L12: Semi-routine occupations,92,117,-25
E01002385,L13: Routine occupations,89,77,12
E01002385,L14.1 and L14.2: Never worked and long-term unemployed,104,21,83
E01002385,L15: Full-time students,58,85,-27
E01002385,"L4, L5 and L6: Lower managerial, administrative and professional occupations",302,288,14
E01002385,L7: Intermediate occupations,234,226,8
E01002385,L8 and L9: Small employers and own account workers,155,137,18
E01002386,"L1, L2 and L3: Higher managerial, administrative and professional occupations",319,220,99
E01002386,L10 and L11: Lower supervisory and technical occupations,90,92,-2
E01002386,L12: Semi-routine occupations,144,102,42
E01002386,L13: Routine occupations,109,60,49
E01002386,L14.1 and L14.2: Never worked and long-term unemployed,110,36,74
E01002386,L15: Full-time students,80,74,6
E01002386,"L4, L5 and L6: Lower managerial, administrative and professional occupations",376,353,23
E01002386,L7: Intermediate occupations,256,292,-36
E01002386,L8 and L9: Small employers and own account workers,207,115,92
E01002387,"L1, L2 and L3: Higher managerial, administrative and professional occupations",272,184,88
E01002387,L10 and L11: Lower supervisory and technical occupations,44,49,-5
E01002387,L12: Semi-routine occupations,94,85,9
E01002387,L13: Routine occupations,52,36,16
E01002387,L14.1 and L14.2: Never worked and long-term unemployed,62,17,45
E01002387,L15: Full-time students,77,88,-11
E01002387,"L4, L5 and L6: Lower managerial, administrative and professional occupations",339,320,19
E01002387,L7: Intermediate occupations,246,243,3
E01002387,L8 and L9: Small employers and own account workers,132,105,27
E01002388,"L1, L2 and L3: Higher managerial, administrative and professional occupations",279,185,94
E01002388,L10 and L11: Lower supervisory and technical occupations,58,49,9
E01002388,L12: Semi-routine occupations,101,114,-13
E01002388,L13: Routine occupations,56,39,17
E01002388,L14.1 and L14.2: Never worked and long-term unemployed,43,20,23
E01002388,L15: Full-time students,65,93,-28
E01002388,"L4, L5 and L6: Lower managerial, administrative and professional occupations",359,308,51
E01002388,L7: Intermediate occupations,263,267,-4
E01002388,L8 and L9: Small employers and own account workers,139,105,34
E01002389,"L1, L2 and L3: Higher managerial, administrative and professional occupations",273,210,63
E01002389,L10 and L11: Lower supervisory and technical occupations,46,57,-11
E01002389,L12: Semi-routine occupations,131,121,10
E01002389,L13: Routine occupations,68,58,10
E01002389,L14.1 and L14.2: Never worked and long-term unemployed,57,18,39
E01002389,L15: Full-time students,64,80,-16
E01002389,"L4, L5 and L6: Lower managerial, administrative and professional occupations",328,380,-52
E01002389,L7: Intermediate occupations,247,312,-65
E01002389,L8 and L9: Small employers and own account workers,152,144,8
E01002390,"L1, L2 and L3: Higher managerial, administrative and professional occupations",271,116,155
E01002390,L10 and L11: Lower supervisory and technical occupations,41,24,17
E01002390,L12: Semi-routine occupations,83,62,21
E01002390,L13: Routine occupations,54,28,26
E01002390,L14.1 and L14.2: Never worked and long-term unemployed,49,15,34
E01002390,L15: Full-time students,65,60,5
E01002390,"L4, L5 and L6: Lower managerial, administrative and professional occupations",266,207,59
E01002390,L7: Intermediate occupations,248,179,69
E01002390,L8 and L9: Small employers and own account workers,128,87,41
E01002391,"L1, L2 and L3: Higher managerial, administrative and professional occupations",210,110,100
E01002391,L10 and L11: Lower supervisory and technical occupations,65,64,1
E01002391,L12: Semi-routine occupations,128,117,11
E01002391,L13: Routine occupations,99,81,18
E01002391,L14.1 and L14.2: Never worked and long-term unemployed,81,26,55
E01002391,L15: Full-time students,58,89,-31
E01002391,"L4, L5 and L6: Lower managerial, administrative and professional occupations",333,254,79
E01002391,L7: Intermediate occupations,276,210,66
E01002391,L8 and L9: Small employers and own account workers,164,121,43
E01002392,"L1, L2 and L3: Higher managerial, administrative and professional occupations",88,53,35
E01002392,L10 and L11: Lower supervisory and technical occupations,77,83,-6
E01002392,L12: Semi-routine occupations,180,190,-10
E01002392,L13: Routine occupations,170,144,26
E01002392,L14.1 and L14.2: Never worked and long-term unemployed,189,130,59
E01002392,L15: Full-time students,136,115,21
E01002392,"L4, L5 and L6: Lower managerial, administrative and professional occupations",173,162,11
E01002392,L7: Intermediate occupations,128,119,9
E01002392,L8 and L9: Small employers and own account workers,136,79,57
E01002393,"L1, L2 and L3: Higher managerial, administrative and professional occupations",115,80,35
E01002393,L10 and L11: Lower supervisory and technical occupations,95,103,-8
E01002393,L12: Semi-routine occupations,227,179,48
E01002393,L13: Routine occupations,211,161,50
E01002393,L14.1 and L14.2: Never worked and long-term unemployed,247,181,66
E01002393,L15: Full-time students,149,153,-4
E01002393,"L4, L5 and L6: Lower managerial, administrative and professional occupations",247,241,6
E01002393,L7: Intermediate occupations,164,174,-10
E01002393,L8 and L9: Small employers and own account workers,176,119,57
E01002394,"L1, L2 and L3: Higher managerial, administrative and professional occupations",85,78,7
E01002394,L10 and L11: Lower supervisory and technical occupations,72,81,-9
E01002394,L12: Semi-routine occupations,175,182,-7
E01002394,L13: Routine occupations,187,112,75
E01002394,L14.1 and L14.2: Never worked and long-term unemployed,190,143,47
E01002394,L15: Full-time students,146,137,9
E01002394,"L4, L5 and L6: Lower managerial, administrative and professional occupations",178,148,30
E01002394,L7: Intermediate occupations,129,126,3
E01002394,L8 and L9: Small employers and own account workers,173,94,79
E01002395,"L1, L2 and L3: Higher managerial, administrative and professional occupations",84,76,8
E01002395,L10 and L11: Lower supervisory and technical occupations,65,63,2
E01002395,L12: Semi-routine occupations,135,154,-19
E01002395,L13: Routine occupations,158,110,48
E01002395,L14.1 and L14.2: Never worked and long-term unemployed,151,116,35
E01002395,L15: Full-time students,95,153,-58
E01002395,"L4, L5 and L6: Lower managerial, administrative and professional occupations",161,173,-12
E01002395,L7: Intermediate occupations,104,121,-17
E01002395,L8 and L9: Small employers and own account workers,134,88,46
E01002396,"L1, L2 and L3: Higher managerial, administrative and professional occupations",117,71,46
E01002396,L10 and L11: Lower supervisory and technical occupations,77,88,-11
E01002396,L12: Semi-routine occupations,168,189,-21
E01002396,L13: Routine occupations,164,130,34
E01002396,L14.1 and L14.2: Never worked and long-term unemployed,243,145,98
E01002396,L15: Full-time students,138,185,-47
E01002396,"L4, L5 and L6: Lower managerial, administrative and professional occupations",237,184,53
E01002396,L7: Intermediate occupations,142,156,-14
E01002396,L8 and L9: Small employers and own account workers,149,93,56
E01002397,"L1, L2 and L3: Higher managerial, administrative and professional occupations",93,49,44
E01002397,L10 and L11: Lower supervisory and technical occupations,67,104,-37
E01002397,L12: Semi-routine occupations,175,189,-14
E01002397,L13: Routine occupations,220,139,81
E01002397,L14.1 and L14.2: Never worked and long-term unemployed,253,179,74
E01002397,L15: Full-time students,275,209,66
E01002397,"L4, L5 and L6: Lower managerial, administrative and professional occupations",197,171,26
E01002397,L7: Intermediate occupations,133,128,5
E01002397,L8 and L9: Small employers and own account workers,131,80,51
E01002398,"L1, L2 and L3: Higher managerial, administrative and professional occupations",126,82,44
E01002398,L10 and L11: Lower supervisory and technical occupations,52,107,-55
E01002398,L12: Semi-routine occupations,202,193,9
E01002398,L13: Routine occupations,212,143,69
E01002398,L14.1 and L14.2: Never worked and long-term unemployed,215,138,77
E01002398,L15: Full-time students,155,187,-32
E01002398,"L4, L5 and L6: Lower managerial, administrative and professional occupations",194,200,-6
E01002398,L7: Intermediate occupations,149,145,4
E01002398,L8 and L9: Small employers and own account workers,148,117,31
E01002399,"L1, L2 and L3: Higher managerial, administrative and professional occupations",110,73,37
E01002399,L10 and L11: Lower supervisory and technical occupations,64,80,-16
E01002399,L12: Semi-routine occupations,163,192,-29
E01002399,L13: Routine occupations,193,126,67
E01002399,L14.1 and L14.2: Never worked and long-term unemployed,178,108,70
E01002399,L15: Full-time students,111,163,-52
E01002399,"L4, L5 and L6: Lower managerial, administrative and professional occupations",207,171,36
E01002399,L7: Intermediate occupations,146,161,-15
E01002399,L8 and L9: Small employers and own account workers,147,98,49
E01002400,"L1, L2 and L3: Higher managerial, administrative and professional occupations",136,79,57
E01002400,L10 and L11: Lower supervisory and technical occupations,84,86,-2
E01002400,L12: Semi-routine occupations,190,169,21
E01002400,L13: Routine occupations,194,163,31
E01002400,L14.1 and L14.2: Never worked and long-term unemployed,209,135,74
E01002400,L15: Full-time students,125,176,-51
E01002400,"L4, L5 and L6: Lower managerial, administrative and professional occupations",236,200,36
E01002400,L7: Intermediate occupations,198,159,39
E01002400,L8 and L9: Small employers and own account workers,202,121,81
E01002401,"L1, L2 and L3: Higher managerial, administrative and professional occupations",156,60,96
E01002401,L10 and L11: Lower supervisory and technical occupations,99,93,6
E01002401,L12: Semi-routine occupations,228,170,58
E01002401,L13: Routine occupations,193,140,53
E01002401,L14.1 and L14.2: Never worked and long-term unemployed,257,142,115
E01002401,L15: Full-time students,158,154,4
E01002401,"L4, L5 and L6: Lower managerial, administrative and professional occupations",263,200,63
E01002401,L7: Intermediate occupations,173,157,16
E01002401,L8 and L9: Small employers and own account workers,196,108,88
E01002402,"L1, L2 and L3: Higher managerial, administrative and professional occupations",76,47,29
E01002402,L10 and L11: Lower supervisory and technical occupations,68,61,7
E01002402,L12: Semi-routine occupations,179,159,20
E01002402,L13: Routine occupations,202,139,63
E01002402,L14.1 and L14.2: Never worked and long-term unemployed,205,120,85
E01002402,L15: Full-time students,133,169,-36
E01002402,"L4, L5 and L6: Lower managerial, administrative and professional occupations",190,165,25
E01002402,L7: Intermediate occupations,140,135,5
E01002402,L8 and L9: Small employers and own account workers,124,80,44
E01002403,"L1, L2 and L3: Higher managerial, administrative and professional occupations",142,57,85
E01002403,L10 and L11: Lower supervisory and technical occupations,84,80,4
E01002403,L12: Semi-routine occupations,220,189,31
E01002403,L13: Routine occupations,226,147,79
E01002403,L14.1 and L14.2: Never worked and long-term unemployed,298,144,154
E01002403,L15: Full-time students,206,196,10
E01002403,"L4, L5 and L6: Lower managerial, administrative and professional occupations",261,165,96
E01002403,L7: Intermediate occupations,182,150,32
E01002403,L8 and L9: Small employers and own account workers,202,99,103
E01002404,"L1, L2 and L3: Higher managerial, administrative and professional occupations",113,68,45
E01002404,L10 and L11: Lower supervisory and technical occupations,92,92,0
E01002404,L12: Semi-routine occupations,199,201,-2
E01002404,L13: Routine occupations,209,192,17
E01002404,L14.1 and L14.2: Never worked and long-term unemployed,247,161,86
E01002404,L15: Full-time students,158,95,63
E01002404,"L4, L5 and L6: Lower managerial, administrative and professional occupations",208,191,17
E01002404,L7: Intermediate occupations,153,167,-14
E01002404,L8 and L9: Small employers and own account workers,125,92,33
E01002405,"L1, L2 and L3: Higher managerial, administrative and professional occupations",109,66,43
E01002405,L10 and L11: Lower supervisory and technical occupations,84,110,-26
E01002405,L12: Semi-routine occupations,179,211,-32
E01002405,L13: Routine occupations,241,164,77
E01002405,L14.1 and L14.2: Never worked and long-term unemployed,211,172,39
E01002405,L15: Full-time students,150,181,-31
E01002405,"L4, L5 and L6: Lower managerial, administrative and professional occupations",183,209,-26
E01002405,L7: Intermediate occupations,166,160,6
E01002405,L8 and L9: Small employers and own account workers,187,128,59
E01002408,"L1, L2 and L3: Higher managerial, administrative and professional occupations",107,69,38
E01002408,L10 and L11: Lower supervisory and technical occupations,73,89,-16
E01002408,L12: Semi-routine occupations,139,139,0
E01002408,L13: Routine occupations,143,115,28
E01002408,L14.1 and L14.2: Never worked and long-term unemployed,200,91,109
E01002408,L15: Full-time students,121,210,-89
E01002408,"L4, L5 and L6: Lower managerial, administrative and professional occupations",212,203,9
E01002408,L7: Intermediate occupations,150,164,-14
E01002408,L8 and L9: Small employers and own account workers,150,79,71
E01002409,"L1, L2 and L3: Higher managerial, administrative and professional occupations",148,96,52
E01002409,L10 and L11: Lower supervisory and technical occupations,74,107,-33
E01002409,L12: Semi-routine occupations,160,172,-12
E01002409,L13: Routine occupations,196,128,68
E01002409,L14.1 and L14.2: Never worked and long-term unemployed,197,106,91
E01002409,L15: Full-time students,146,171,-25
E01002409,"L4, L5 and L6: Lower managerial, administrative and professional occupations",263,179,84
E01002409,L7: Intermediate occupations,182,178,4
E01002409,L8 and L9: Small employers and own account workers,191,111,80
E01002410,"L1, L2 and L3: Higher managerial, administrative and professional occupations",178,118,60
E01002410,L10 and L11: Lower supervisory and technical occupations,78,87,-9
E01002410,L12: Semi-routine occupations,161,152,9
E01002410,L13: Routine occupations,167,91,76
E01002410,L14.1 and L14.2: Never worked and long-term unemployed,143,82,61
E01002410,L15: Full-time students,157,176,-19
E01002410,"L4, L5 and L6: Lower managerial, administrative and professional occupations",263,271,-8
E01002410,L7: Intermediate occupations,187,210,-23
E01002410,L8 and L9: Small employers and own account workers,189,121,68
E01002411,"L1, L2 and L3: Higher managerial, administrative and professional occupations",152,84,68
E01002411,L10 and L11: Lower supervisory and technical occupations,78,76,2
E01002411,L12: Semi-routine occupations,182,163,19
E01002411,L13: Routine occupations,189,132,57
E01002411,L14.1 and L14.2: Never worked and long-term unemployed,139,80,59
E01002411,L15: Full-time students,329,351,-22
E01002411,"L4, L5 and L6: Lower managerial, administrative and professional occupations",272,175,97
E01002411,L7: Intermediate occupations,158,138,20
E01002411,L8 and L9: Small employers and own account workers,191,91,100
E01002412,"L1, L2 and L3: Higher managerial, administrative and professional occupations",288,234,54
E01002412,L10 and L11: Lower supervisory and technical occupations,77,83,-6
E01002412,L12: Semi-routine occupations,165,145,20
E01002412,L13: Routine occupations,156,102,54
E01002412,L14.1 and L14.2: Never worked and long-term unemployed,164,95,69
E01002412,L15: Full-time students,227,383,-156
E01002412,"L4, L5 and L6: Lower managerial, administrative and professional occupations",426,382,44
E01002412,L7: Intermediate occupations,268,222,46
E01002412,L8 and L9: Small employers and own account workers,155,141,14
E01002413,"L1, L2 and L3: Higher managerial, administrative and professional occupations",112,74,38
E01002413,L10 and L11: Lower supervisory and technical occupations,72,93,-21
E01002413,L12: Semi-routine occupations,152,123,29
E01002413,L13: Routine occupations,167,134,33
E01002413,L14.1 and L14.2: Never worked and long-term unemployed,157,100,57
E01002413,L15: Full-time students,107,178,-71
E01002413,"L4, L5 and L6: Lower managerial, administrative and professional occupations",174,158,16
E01002413,L7: Intermediate occupations,162,138,24
E01002413,L8 and L9: Small employers and own account workers,135,95,40
E01002414,"L1, L2 and L3: Higher managerial, administrative and professional occupations",143,123,20
E01002414,L10 and L11: Lower supervisory and technical occupations,40,61,-21
E01002414,L12: Semi-routine occupations,90,95,-5
E01002414,L13: Routine occupations,98,60,38
E01002414,L14.1 and L14.2: Never worked and long-term unemployed,116,51,65
E01002414,L15: Full-time students,1529,2273,-744
E01002414,"L4, L5 and L6: Lower managerial, administrative and professional occupations",237,206,31
E01002414,L7: Intermediate occupations,141,125,16
E01002414,L8 and L9: Small employers and own account workers,111,64,47
E01002415,"L1, L2 and L3: Higher managerial, administrative and professional occupations",245,137,108
E01002415,L10 and L11: Lower supervisory and technical occupations,61,99,-38
E01002415,L12: Semi-routine occupations,108,144,-36
E01002415,L13: Routine occupations,99,76,23
E01002415,L14.1 and L14.2: Never worked and long-term unemployed,74,26,48
E01002415,L15: Full-time students,66,95,-29
E01002415,"L4, L5 and L6: Lower managerial, administrative and professional occupations",355,332,23
E01002415,L7: Intermediate occupations,208,229,-21
E01002415,L8 and L9: Small employers and own account workers,137,118,19
E01002416,"L1, L2 and L3: Higher managerial, administrative and professional occupations",205,116,89
E01002416,L10 and L11: Lower supervisory and technical occupations,70,89,-19
E01002416,L12: Semi-routine occupations,110,161,-51
E01002416,L13: Routine occupations,95,86,9
E01002416,L14.1 and L14.2: Never worked and long-term unemployed,86,44,42
E01002416,L15: Full-time students,82,98,-16
E01002416,"L4, L5 and L6: Lower managerial, administrative and professional occupations",345,297,48
E01002416,L7: Intermediate occupations,222,240,-18
E01002416,L8 and L9: Small employers and own account workers,142,136,6
E01002417,"L1, L2 and L3: Higher managerial, administrative and professional occupations",320,208,112
E01002417,L10 and L11: Lower supervisory and technical occupations,53,63,-10
E01002417,L12: Semi-routine occupations,110,95,15
E01002417,L13: Routine occupations,81,54,27
E01002417,L14.1 and L14.2: Never worked and long-term unemployed,84,44,40
E01002417,L15: Full-time students,77,74,3
E01002417,"L4, L5 and L6: Lower managerial, administrative and professional occupations",365,298,67
E01002417,L7: Intermediate occupations,207,196,11
E01002417,L8 and L9: Small employers and own account workers,185,103,82
E01002418,"L1, L2 and L3: Higher managerial, administrative and professional occupations",248,150,98
E01002418,L10 and L11: Lower supervisory and technical occupations,65,75,-10
E01002418,L12: Semi-routine occupations,98,122,-24
E01002418,L13: Routine occupations,130,90,40
E01002418,L14.1 and L14.2: Never worked and long-term unemployed,102,49,53
E01002418,L15: Full-time students,83,89,-6
E01002418,"L4, L5 and L6: Lower managerial, administrative and professional occupations",354,287,67
E01002418,L7: Intermediate occupations,223,248,-25
E01002418,L8 and L9: Small employers and own account workers,142,124,18
E01002419,"L1, L2 and L3: Higher managerial, administrative and professional occupations",296,180,116
E01002419,L10 and L11: Lower supervisory and technical occupations,64,65,-1
E01002419,L12: Semi-routine occupations,113,114,-1
E01002419,L13: Routine occupations,80,50,30
E01002419,L14.1 and L14.2: Never worked and long-term unemployed,74,34,40
E01002419,L15: Full-time students,86,68,18
E01002419,"L4, L5 and L6: Lower managerial, administrative and professional occupations",332,298,34
E01002419,L7: Intermediate occupations,178,194,-16
E01002419,L8 and L9: Small employers and own account workers,133,104,29
E01002420,"L1, L2 and L3: Higher managerial, administrative and professional occupations",250,142,108
E01002420,L10 and L11: Lower supervisory and technical occupations,65,77,-12
E01002420,L12: Semi-routine occupations,115,103,12
E01002420,L13: Routine occupations,88,66,22
E01002420,L14.1 and L14.2: Never worked and long-term unemployed,96,64,32
E01002420,L15: Full-time students,60,80,-20
E01002420,"L4, L5 and L6: Lower managerial, administrative and professional occupations",288,288,0
E01002420,L7: Intermediate occupations,202,226,-24
E01002420,L8 and L9: Small employers and own account workers,118,107,11
E01002421,"L1, L2 and L3: Higher managerial, administrative and professional occupations",231,140,91
E01002421,L10 and L11: Lower supervisory and technical occupations,70,74,-4
E01002421,L12: Semi-routine occupations,114,121,-7
E01002421,L13: Routine occupations,101,70,31
E01002421,L14.1 and L14.2: Never worked and long-term unemployed,89,49,40
E01002421,L15: Full-time students,78,71,7
E01002421,"L4, L5 and L6: Lower managerial, administrative and professional occupations",336,294,42
E01002421,L7: Intermediate occupations,201,231,-30
E01002421,L8 and L9: Small employers and own account workers,150,146,4
E01002422,"L1, L2 and L3: Higher managerial, administrative and professional occupations",98,63,35
E01002422,L10 and L11: Lower supervisory and technical occupations,67,82,-15
E01002422,L12: Semi-routine occupations,148,152,-4
E01002422,L13: Routine occupations,156,104,52
E01002422,L14.1 and L14.2: Never worked and long-term unemployed,143,73,70
E01002422,L15: Full-time students,117,104,13
E01002422,"L4, L5 and L6: Lower managerial, administrative and professional occupations",185,170,15
E01002422,L7: Intermediate occupations,150,172,-22
E01002422,L8 and L9: Small employers and own account workers,164,90,74
E01002423,"L1, L2 and L3: Higher managerial, administrative and professional occupations",163,101,62
E01002423,L10 and L11: Lower supervisory and technical occupations,84,112,-28
E01002423,L12: Semi-routine occupations,178,147,31
E01002423,L13: Routine occupations,163,121,42
E01002423,L14.1 and L14.2: Never worked and long-term unemployed,149,46,103
E01002423,L15: Full-time students,135,110,25
E01002423,"L4, L5 and L6: Lower managerial, administrative and professional occupations",247,233,14
E01002423,L7: Intermediate occupations,188,221,-33
E01002423,L8 and L9: Small employers and own account workers,159,105,54
E01002424,"L1, L2 and L3: Higher managerial, administrative and professional occupations",109,71,38
E01002424,L10 and L11: Lower supervisory and technical occupations,52,85,-33
E01002424,L12: Semi-routine occupations,159,147,12
E01002424,L13: Routine occupations,157,94,63
E01002424,L14.1 and L14.2: Never worked and long-term unemployed,130,69,61
E01002424,L15: Full-time students,104,140,-36
E01002424,"L4, L5 and L6: Lower managerial, administrative and professional occupations",230,232,-2
E01002424,L7: Intermediate occupations,174,191,-17
E01002424,L8 and L9: Small employers and own account workers,170,107,63
E01002425,"L1, L2 and L3: Higher managerial, administrative and professional occupations",97,73,24
E01002425,L10 and L11: Lower supervisory and technical occupations,70,85,-15
E01002425,L12: Semi-routine occupations,130,158,-28
E01002425,L13: Routine occupations,161,142,19
E01002425,L14.1 and L14.2: Never worked and long-term unemployed,191,170,21
E01002425,L15: Full-time students,113,244,-131
E01002425,"L4, L5 and L6: Lower managerial, administrative and professional occupations",206,189,17
E01002425,L7: Intermediate occupations,161,182,-21
E01002425,L8 and L9: Small employers and own account workers,147,90,57
E01002426,"L1, L2 and L3: Higher managerial, administrative and professional occupations",75,69,6
E01002426,L10 and L11: Lower supervisory and technical occupations,91,93,-2
E01002426,L12: Semi-routine occupations,210,222,-12
E01002426,L13: Routine occupations,185,142,43
E01002426,L14.1 and L14.2: Never worked and long-term unemployed,220,102,118
E01002426,L15: Full-time students,161,92,69
E01002426,"L4, L5 and L6: Lower managerial, administrative and professional occupations",226,202,24
E01002426,L7: Intermediate occupations,176,165,11
E01002426,L8 and L9: Small employers and own account workers,160,112,48
E01002427,"L1, L2 and L3: Higher managerial, administrative and professional occupations",130,56,74
E01002427,L10 and L11: Lower supervisory and technical occupations,77,88,-11
E01002427,L12: Semi-routine occupations,169,170,-1
E01002427,L13: Routine occupations,164,117,47
E01002427,L14.1 and L14.2: Never worked and long-term unemployed,145,58,87
E01002427,L15: Full-time students,114,105,9
E01002427,"L4, L5 and L6: Lower managerial, administrative and professional occupations",207,212,-5
E01002427,L7: Intermediate occupations,158,184,-26
E01002427,L8 and L9: Small employers and own account workers,137,94,43
E01002428,"L1, L2 and L3: Higher managerial, administrative and professional occupations",104,71,33
E01002428,L10 and L11: Lower supervisory and technical occupations,73,78,-5
E01002428,L12: Semi-routine occupations,127,155,-28
E01002428,L13: Routine occupations,146,108,38
E01002428,L14.1 and L14.2: Never worked and long-term unemployed,113,57,56
E01002428,L15: Full-time students,117,92,25
E01002428,"L4, L5 and L6: Lower managerial, administrative and professional occupations",221,195,26
E01002428,L7: Intermediate occupations,169,186,-17
E01002428,L8 and L9: Small employers and own account workers,177,112,65
E01002429,"L1, L2 and L3: Higher managerial, administrative and professional occupations",98,62,36
E01002429,L10 and L11: Lower supervisory and technical occupations,74,65,9
E01002429,L12: Semi-routine occupations,140,135,5
E01002429,L13: Routine occupations,162,122,40
E01002429,L14.1 and L14.2: Never worked and long-term unemployed,154,91,63
E01002429,L15: Full-time students,137,139,-2
E01002429,"L4, L5 and L6: Lower managerial, administrative and professional occupations",187,170,17
E01002429,L7: Intermediate occupations,118,130,-12
E01002429,L8 and L9: Small employers and own account workers,153,75,78
E01002430,"L1, L2 and L3: Higher managerial, administrative and professional occupations",297,177,120
E01002430,L10 and L11: Lower supervisory and technical occupations,30,47,-17
E01002430,L12: Semi-routine occupations,76,90,-14
E01002430,L13: Routine occupations,38,49,-11
E01002430,L14.1 and L14.2: Never worked and long-term unemployed,39,24,15
E01002430,L15: Full-time students,85,85,0
E01002430,"L4, L5 and L6: Lower managerial, administrative and professional occupations",328,308,20
E01002430,L7: Intermediate occupations,166,213,-47
E01002430,L8 and L9: Small employers and own account workers,125,104,21
E01002431,"L1, L2 and L3: Higher managerial, administrative and professional occupations",275,188,87
E01002431,L10 and L11: Lower supervisory and technical occupations,37,36,1
E01002431,L12: Semi-routine occupations,74,67,7
E01002431,L13: Routine occupations,49,28,21
E01002431,L14.1 and L14.2: Never worked and long-term unemployed,50,32,18
E01002431,L15: Full-time students,80,93,-13
E01002431,"L4, L5 and L6: Lower managerial, administrative and professional occupations",260,273,-13
E01002431,L7: Intermediate occupations,172,183,-11
E01002431,L8 and L9: Small employers and own account workers,99,104,-5
E01002432,"L1, L2 and L3: Higher managerial, administrative and professional occupations",263,187,76
E01002432,L10 and L11: Lower supervisory and technical occupations,46,70,-24
E01002432,L12: Semi-routine occupations,83,94,-11
E01002432,L13: Routine occupations,81,36,45
E01002432,L14.1 and L14.2: Never worked and long-term unemployed,95,46,49
E01002432,L15: Full-time students,74,82,-8
E01002432,"L4, L5 and L6: Lower managerial, administrative and professional occupations",274,310,-36
E01002432,L7: Intermediate occupations,176,201,-25
E01002432,L8 and L9: Small employers and own account workers,148,127,21
E01002433,"L1, L2 and L3: Higher managerial, administrative and professional occupations",457,204,253
E01002433,L10 and L11: Lower supervisory and technical occupations,75,59,16
E01002433,L12: Semi-routine occupations,158,126,32
E01002433,L13: Routine occupations,115,81,34
E01002433,L14.1 and L14.2: Never worked and long-term unemployed,164,67,97
E01002433,L15: Full-time students,141,110,31
E01002433,"L4, L5 and L6: Lower managerial, administrative and professional occupations",461,380,81
E01002433,L7: Intermediate occupations,235,202,33
E01002433,L8 and L9: Small employers and own account workers,189,116,73
E01002434,"L1, L2 and L3: Higher managerial, administrative and professional occupations",230,166,64
E01002434,L10 and L11: Lower supervisory and technical occupations,39,40,-1
E01002434,L12: Semi-routine occupations,69,61,8
E01002434,L13: Routine occupations,44,28,16
E01002434,L14.1 and L14.2: Never worked and long-term unemployed,63,17,46
E01002434,L15: Full-time students,59,75,-16
E01002434,"L4, L5 and L6: Lower managerial, administrative and professional occupations",313,279,34
E01002434,L7: Intermediate occupations,183,172,11
E01002434,L8 and L9: Small employers and own account workers,127,116,11
E01002435,"L1, L2 and L3: Higher managerial, administrative and professional occupations",309,195,114
E01002435,L10 and L11: Lower supervisory and technical occupations,40,42,-2
E01002435,L12: Semi-routine occupations,70,74,-4
E01002435,L13: Routine occupations,52,49,3
E01002435,L14.1 and L14.2: Never worked and long-term unemployed,73,26,47
E01002435,L15: Full-time students,77,70,7
E01002435,"L4, L5 and L6: Lower managerial, administrative and professional occupations",332,299,33
E01002435,L7: Intermediate occupations,161,199,-38
E01002435,L8 and L9: Small employers and own account workers,136,97,39
E01002436,"L1, L2 and L3: Higher managerial, administrative and professional occupations",270,188,82
E01002436,L10 and L11: Lower supervisory and technical occupations,50,58,-8
E01002436,L12: Semi-routine occupations,113,108,5
E01002436,L13: Routine occupations,96,67,29
E01002436,L14.1 and L14.2: Never worked and long-term unemployed,91,44,47
E01002436,L15: Full-time students,68,79,-11
E01002436,"L4, L5 and L6: Lower managerial, administrative and professional occupations",315,296,19
E01002436,L7: Intermediate occupations,171,162,9
E01002436,L8 and L9: Small employers and own account workers,165,155,10
E01002437,"L1, L2 and L3: Higher managerial, administrative and professional occupations",321,210,111
E01002437,L10 and L11: Lower supervisory and technical occupations,27,36,-9
E01002437,L12: Semi-routine occupations,65,74,-9
E01002437,L13: Routine occupations,29,37,-8
E01002437,L14.1 and L14.2: Never worked and long-term unemployed,87,22,65
E01002437,L15: Full-time students,66,77,-11
E01002437,"L4, L5 and L6: Lower managerial, administrative and professional occupations",302,281,21
E01002437,L7: Intermediate occupations,181,182,-1
E01002437,L8 and L9: Small employers and own account workers,143,105,38
E01002438,"L1, L2 and L3: Higher managerial, administrative and professional occupations",208,119,89
E01002438,L10 and L11: Lower supervisory and technical occupations,55,56,-1
E01002438,L12: Semi-routine occupations,91,73,18
E01002438,L13: Routine occupations,84,79,5
E01002438,L14.1 and L14.2: Never worked and long-term unemployed,73,26,47
E01002438,L15: Full-time students,57,48,9
E01002438,"L4, L5 and L6: Lower managerial, administrative and professional occupations",311,284,27
E01002438,L7: Intermediate occupations,140,130,10
E01002438,L8 and L9: Small employers and own account workers,169,113,56
E01002439,"L1, L2 and L3: Higher managerial, administrative and professional occupations",147,119,28
E01002439,L10 and L11: Lower supervisory and technical occupations,71,73,-2
E01002439,L12: Semi-routine occupations,132,134,-2
E01002439,L13: Routine occupations,116,118,-2
E01002439,L14.1 and L14.2: Never worked and long-term unemployed,116,47,69
E01002439,L15: Full-time students,67,60,7
E01002439,"L4, L5 and L6: Lower managerial, administrative and professional occupations",288,281,7
E01002439,L7: Intermediate occupations,170,153,17
E01002439,L8 and L9: Small employers and own account workers,149,140,9
E01002440,"L1, L2 and L3: Higher managerial, administrative and professional occupations",149,95,54
E01002440,L10 and L11: Lower supervisory and technical occupations,95,91,4
E01002440,L12: Semi-routine occupations,137,128,9
E01002440,L13: Routine occupations,134,123,11
E01002440,L14.1 and L14.2: Never worked and long-term unemployed,107,48,59
E01002440,L15: Full-time students,50,63,-13
E01002440,"L4, L5 and L6: Lower managerial, administrative and professional occupations",264,202,62
E01002440,L7: Intermediate occupations,182,155,27
E01002440,L8 and L9: Small employers and own account workers,156,110,46
E01002441,"L1, L2 and L3: Higher managerial, administrative and professional occupations",192,108,84
E01002441,L10 and L11: Lower supervisory and technical occupations,62,87,-25
E01002441,L12: Semi-routine occupations,115,127,-12
E01002441,L13: Routine occupations,119,98,21
E01002441,L14.1 and L14.2: Never worked and long-term unemployed,115,61,54
E01002441,L15: Full-time students,58,80,-22
E01002441,"L4, L5 and L6: Lower managerial, administrative and professional occupations",302,256,46
E01002441,L7: Intermediate occupations,173,174,-1
E01002441,L8 and L9: Small employers and own account workers,189,146,43
E01002442,"L1, L2 and L3: Higher managerial, administrative and professional occupations",132,88,44
E01002442,L10 and L11: Lower supervisory and technical occupations,89,118,-29
E01002442,L12: Semi-routine occupations,156,159,-3
E01002442,L13: Routine occupations,153,132,21
E01002442,L14.1 and L14.2: Never worked and long-term unemployed,107,56,51
E01002442,L15: Full-time students,90,63,27
E01002442,"L4, L5 and L6: Lower managerial, administrative and professional occupations",269,200,69
E01002442,L7: Intermediate occupations,188,174,14
E01002442,L8 and L9: Small employers and own account workers,156,128,28
E01002443,"L1, L2 and L3: Higher managerial, administrative and professional occupations",129,75,54
E01002443,L10 and L11: Lower supervisory and technical occupations,124,130,-6
E01002443,L12: Semi-routine occupations,214,154,60
E01002443,L13: Routine occupations,306,158,148
E01002443,L14.1 and L14.2: Never worked and long-term unemployed,175,107,68
E01002443,L15: Full-time students,123,130,-7
E01002443,"L4, L5 and L6: Lower managerial, administrative and professional occupations",244,196,48
E01002443,L7: Intermediate occupations,200,167,33
E01002443,L8 and L9: Small employers and own account workers,145,91,54
E01002444,"L1, L2 and L3: Higher managerial, administrative and professional occupations",106,77,29
E01002444,L10 and L11: Lower supervisory and technical occupations,126,166,-40
E01002444,L12: Semi-routine occupations,164,187,-23
E01002444,L13: Routine occupations,298,198,100
E01002444,L14.1 and L14.2: Never worked and long-term unemployed,195,161,34
E01002444,L15: Full-time students,114,111,3
E01002444,"L4, L5 and L6: Lower managerial, administrative and professional occupations",239,242,-3
E01002444,L7: Intermediate occupations,199,220,-21
E01002444,L8 and L9: Small employers and own account workers,156,155,1
E01002445,"L1, L2 and L3: Higher managerial, administrative and professional occupations",72,38,34
E01002445,L10 and L11: Lower supervisory and technical occupations,83,111,-28
E01002445,L12: Semi-routine occupations,179,158,21
E01002445,L13: Routine occupations,217,142,75
E01002445,L14.1 and L14.2: Never worked and long-term unemployed,142,91,51
E01002445,L15: Full-time students,132,117,15
E01002445,"L4, L5 and L6: Lower managerial, administrative and professional occupations",196,155,41
E01002445,L7: Intermediate occupations,139,156,-17
E01002445,L8 and L9: Small employers and own account workers,129,74,55
E01002446,"L1, L2 and L3: Higher managerial, administrative and professional occupations",93,75,18
E01002446,L10 and L11: Lower supervisory and technical occupations,97,107,-10
E01002446,L12: Semi-routine occupations,163,178,-15
E01002446,L13: Routine occupations,261,153,108
E01002446,L14.1 and L14.2: Never worked and long-term unemployed,148,77,71
E01002446,L15: Full-time students,104,80,24
E01002446,"L4, L5 and L6: Lower managerial, administrative and professional occupations",266,211,55
E01002446,L7: Intermediate occupations,219,187,32
E01002446,L8 and L9: Small employers and own account workers,181,103,78
E01002447,"L1, L2 and L3: Higher managerial, administrative and professional occupations",83,58,25
E01002447,L10 and L11: Lower supervisory and technical occupations,156,157,-1
E01002447,L12: Semi-routine occupations,194,204,-10
E01002447,L13: Routine occupations,295,196,99
E01002447,L14.1 and L14.2: Never worked and long-term unemployed,184,98,86
E01002447,L15: Full-time students,137,116,21
E01002447,"L4, L5 and L6: Lower managerial, administrative and professional occupations",235,189,46
E01002447,L7: Intermediate occupations,198,193,5
E01002447,L8 and L9: Small employers and own account workers,194,120,74
E01002448,"L1, L2 and L3: Higher managerial, administrative and professional occupations",114,80,34
E01002448,L10 and L11: Lower supervisory and technical occupations,122,125,-3
E01002448,L12: Semi-routine occupations,218,233,-15
E01002448,L13: Routine occupations,315,192,123
E01002448,L14.1 and L14.2: Never worked and long-term unemployed,220,133,87
E01002448,L15: Full-time students,123,123,0
E01002448,"L4, L5 and L6: Lower managerial, administrative and professional occupations",194,264,-70
E01002448,L7: Intermediate occupations,195,191,4
E01002448,L8 and L9: Small employers and own account workers,154,107,47
E01002449,"L1, L2 and L3: Higher managerial, administrative and professional occupations",82,83,-1
E01002449,L10 and L11: Lower supervisory and technical occupations,133,167,-34
E01002449,L12: Semi-routine occupations,219,197,22
E01002449,L13: Routine occupations,354,175,179
E01002449,L14.1 and L14.2: Never worked and long-term unemployed,201,106,95
E01002449,L15: Full-time students,131,125,6
E01002449,"L4, L5 and L6: Lower managerial, administrative and professional occupations",213,225,-12
E01002449,L7: Intermediate occupations,198,219,-21
E01002449,L8 and L9: Small employers and own account workers,148,98,50
E01002450,"L1, L2 and L3: Higher managerial, administrative and professional occupations",150,88,62
E01002450,L10 and L11: Lower supervisory and technical occupations,77,72,5
E01002450,L12: Semi-routine occupations,108,136,-28
E01002450,L13: Routine occupations,110,83,27
E01002450,L14.1 and L14.2: Never worked and long-term unemployed,67,38,29
E01002450,L15: Full-time students,80,93,-13
E01002450,"L4, L5 and L6: Lower managerial, administrative and professional occupations",260,211,49
E01002450,L7: Intermediate occupations,156,196,-40
E01002450,L8 and L9: Small employers and own account workers,145,95,50
E01002451,"L1, L2 and L3: Higher managerial, administrative and professional occupations",184,103,81
E01002451,L10 and L11: Lower supervisory and technical occupations,70,71,-1
E01002451,L12: Semi-routine occupations,122,147,-25
E01002451,L13: Routine occupations,102,71,31
E01002451,L14.1 and L14.2: Never worked and long-term unemployed,76,41,35
E01002451,L15: Full-time students,85,119,-34
E01002451,"L4, L5 and L6: Lower managerial, administrative and professional occupations",269,256,13
E01002451,L7: Intermediate occupations,157,184,-27
E01002451,L8 and L9: Small employers and own account workers,116,90,26
E01002452,"L1, L2 and L3: Higher managerial, administrative and professional occupations",163,126,37
E01002452,L10 and L11: Lower supervisory and technical occupations,57,72,-15
E01002452,L12: Semi-routine occupations,101,111,-10
E01002452,L13: Routine occupations,107,87,20
E01002452,L14.1 and L14.2: Never worked and long-term unemployed,110,41,69
E01002452,L15: Full-time students,106,119,-13
E01002452,"L4, L5 and L6: Lower managerial, administrative and professional occupations",270,271,-1
E01002452,L7: Intermediate occupations,189,195,-6
E01002452,L8 and L9: Small employers and own account workers,140,114,26
E01002453,"L1, L2 and L3: Higher managerial, administrative and professional occupations",188,105,83
E01002453,L10 and L11: Lower supervisory and technical occupations,71,98,-27
E01002453,L12: Semi-routine occupations,134,165,-31
E01002453,L13: Routine occupations,144,99,45
E01002453,L14.1 and L14.2: Never worked and long-term unemployed,113,48,65
E01002453,L15: Full-time students,95,117,-22
E01002453,"L4, L5 and L6: Lower managerial, administrative and professional occupations",291,243,48
E01002453,L7: Intermediate occupations,180,243,-63
E01002453,L8 and L9: Small employers and own account workers,162,115,47
E01002454,"L1, L2 and L3: Higher managerial, administrative and professional occupations",157,78,79
E01002454,L10 and L11: Lower supervisory and technical occupations,90,102,-12
E01002454,L12: Semi-routine occupations,162,155,7
E01002454,L13: Routine occupations,148,113,35
E01002454,L14.1 and L14.2: Never worked and long-term unemployed,183,77,106
E01002454,L15: Full-time students,114,106,8
E01002454,"L4, L5 and L6: Lower managerial, administrative and professional occupations",256,212,44
E01002454,L7: Intermediate occupations,164,224,-60
E01002454,L8 and L9: Small employers and own account workers,168,136,32
E01002455,"L1, L2 and L3: Higher managerial, administrative and professional occupations",138,108,30
E01002455,L10 and L11: Lower supervisory and technical occupations,79,92,-13
E01002455,L12: Semi-routine occupations,165,156,9
E01002455,L13: Routine occupations,181,124,57
E01002455,L14.1 and L14.2: Never worked and long-term unemployed,200,100,100
E01002455,L15: Full-time students,118,164,-46
E01002455,"L4, L5 and L6: Lower managerial, administrative and professional occupations",271,234,37
E01002455,L7: Intermediate occupations,169,173,-4
E01002455,L8 and L9: Small employers and own account workers,176,108,68
E01002456,"L1, L2 and L3: Higher managerial, administrative and professional occupations",158,90,68
E01002456,L10 and L11: Lower supervisory and technical occupations,66,78,-12
E01002456,L12: Semi-routine occupations,143,146,-3
E01002456,L13: Routine occupations,129,120,9
E01002456,L14.1 and L14.2: Never worked and long-term unemployed,135,70,65
E01002456,L15: Full-time students,87,103,-16
E01002456,"L4, L5 and L6: Lower managerial, administrative and professional occupations",301,215,86
E01002456,L7: Intermediate occupations,179,200,-21
E01002456,L8 and L9: Small employers and own account workers,142,87,55
E01002457,"L1, L2 and L3: Higher managerial, administrative and professional occupations",101,63,38
E01002457,L10 and L11: Lower supervisory and technical occupations,66,77,-11
E01002457,L12: Semi-routine occupations,120,129,-9
E01002457,L13: Routine occupations,149,137,12
E01002457,L14.1 and L14.2: Never worked and long-term unemployed,152,89,63
E01002457,L15: Full-time students,117,227,-110
E01002457,"L4, L5 and L6: Lower managerial, administrative and professional occupations",242,173,69
E01002457,L7: Intermediate occupations,160,142,18
E01002457,L8 and L9: Small employers and own account workers,143,101,42
E01002458,"L1, L2 and L3: Higher managerial, administrative and professional occupations",278,166,112
E01002458,L10 and L11: Lower supervisory and technical occupations,38,53,-15
E01002458,L12: Semi-routine occupations,67,81,-14
E01002458,L13: Routine occupations,52,38,14
E01002458,L14.1 and L14.2: Never worked and long-term unemployed,50,20,30
E01002458,L15: Full-time students,59,94,-35
E01002458,"L4, L5 and L6: Lower managerial, administrative and professional occupations",303,286,17
E01002458,L7: Intermediate occupations,197,167,30
E01002458,L8 and L9: Small employers and own account workers,130,115,15
E01002459,"L1, L2 and L3: Higher managerial, administrative and professional occupations",324,184,140
E01002459,L10 and L11: Lower supervisory and technical occupations,55,68,-13
E01002459,L12: Semi-routine occupations,83,92,-9
E01002459,L13: Routine occupations,82,59,23
E01002459,L14.1 and L14.2: Never worked and long-term unemployed,62,53,9
E01002459,L15: Full-time students,85,85,0
E01002459,"L4, L5 and L6: Lower managerial, administrative and professional occupations",352,363,-11
E01002459,L7: Intermediate occupations,184,221,-37
E01002459,L8 and L9: Small employers and own account workers,148,120,28
E01002460,"L1, L2 and L3: Higher managerial, administrative and professional occupations",225,134,91
E01002460,L10 and L11: Lower supervisory and technical occupations,36,39,-3
E01002460,L12: Semi-routine occupations,104,58,46
E01002460,L13: Routine occupations,68,48,20
E01002460,L14.1 and L14.2: Never worked and long-term unemployed,63,16,47
E01002460,L15: Full-time students,48,63,-15
E01002460,"L4, L5 and L6: Lower managerial, administrative and professional occupations",328,233,95
E01002460,L7: Intermediate occupations,164,138,26
E01002460,L8 and L9: Small employers and own account workers,142,84,58
E01002461,"L1, L2 and L3: Higher managerial, administrative and professional occupations",268,189,79
E01002461,L10 and L11: Lower supervisory and technical occupations,32,48,-16
E01002461,L12: Semi-routine occupations,62,66,-4
E01002461,L13: Routine occupations,63,42,21
E01002461,L14.1 and L14.2: Never worked and long-term unemployed,93,36,57
E01002461,L15: Full-time students,71,142,-71
E01002461,"L4, L5 and L6: Lower managerial, administrative and professional occupations",318,276,42
E01002461,L7: Intermediate occupations,147,138,9
E01002461,L8 and L9: Small employers and own account workers,206,138,68
E01002462,"L1, L2 and L3: Higher managerial, administrative and professional occupations",291,205,86
E01002462,L10 and L11: Lower supervisory and technical occupations,35,45,-10
E01002462,L12: Semi-routine occupations,87,77,10
E01002462,L13: Routine occupations,47,44,3
E01002462,L14.1 and L14.2: Never worked and long-term unemployed,58,16,42
E01002462,L15: Full-time students,68,88,-20
E01002462,"L4, L5 and L6: Lower managerial, administrative and professional occupations",283,257,26
E01002462,L7: Intermediate occupations,157,157,0
E01002462,L8 and L9: Small employers and own account workers,127,103,24
E01002463,"L1, L2 and L3: Higher managerial, administrative and professional occupations",264,178,86
E01002463,L10 and L11: Lower supervisory and technical occupations,48,53,-5
E01002463,L12: Semi-routine occupations,85,96,-11
E01002463,L13: Routine occupations,69,60,9
E01002463,L14.1 and L14.2: Never worked and long-term unemployed,67,22,45
E01002463,L15: Full-time students,82,103,-21
E01002463,"L4, L5 and L6: Lower managerial, administrative and professional occupations",320,293,27
E01002463,L7: Intermediate occupations,156,195,-39
E01002463,L8 and L9: Small employers and own account workers,153,122,31
E01002464,"L1, L2 and L3: Higher managerial, administrative and professional occupations",268,179,89
E01002464,L10 and L11: Lower supervisory and technical occupations,55,81,-26
E01002464,L12: Semi-routine occupations,85,99,-14
E01002464,L13: Routine occupations,73,55,18
E01002464,L14.1 and L14.2: Never worked and long-term unemployed,63,33,30
E01002464,L15: Full-time students,62,61,1
E01002464,"L4, L5 and L6: Lower managerial, administrative and professional occupations",333,279,54
E01002464,L7: Intermediate occupations,197,190,7
E01002464,L8 and L9: Small employers and own account workers,143,123,20
E01002465,"L1, L2 and L3: Higher managerial, administrative and professional occupations",186,138,48
E01002465,L10 and L11: Lower supervisory and technical occupations,72,88,-16
E01002465,L12: Semi-routine occupations,113,125,-12
E01002465,L13: Routine occupations,146,81,65
E01002465,L14.1 and L14.2: Never worked and long-term unemployed,101,40,61
E01002465,L15: Full-time students,94,65,29
E01002465,"L4, L5 and L6: Lower managerial, administrative and professional occupations",315,269,46
E01002465,L7: Intermediate occupations,155,198,-43
E01002465,L8 and L9: Small employers and own account workers,167,104,63
E01002466,"L1, L2 and L3: Higher managerial, administrative and professional occupations",240,144,96
E01002466,L10 and L11: Lower supervisory and technical occupations,75,98,-23
E01002466,L12: Semi-routine occupations,115,112,3
E01002466,L13: Routine occupations,113,79,34
E01002466,L14.1 and L14.2: Never worked and long-term unemployed,73,32,41
E01002466,L15: Full-time students,83,66,17
E01002466,"L4, L5 and L6: Lower managerial, administrative and professional occupations",312,294,18
E01002466,L7: Intermediate occupations,216,235,-19
E01002466,L8 and L9: Small employers and own account workers,144,117,27
E01002467,"L1, L2 and L3: Higher managerial, administrative and professional occupations",223,116,107
E01002467,L10 and L11: Lower supervisory and technical occupations,78,81,-3
E01002467,L12: Semi-routine occupations,122,105,17
E01002467,L13: Routine occupations,105,64,41
E01002467,L14.1 and L14.2: Never worked and long-term unemployed,74,23,51
E01002467,L15: Full-time students,73,56,17
E01002467,"L4, L5 and L6: Lower managerial, administrative and professional occupations",310,269,41
E01002467,L7: Intermediate occupations,164,175,-11
E01002467,L8 and L9: Small employers and own account workers,128,110,18
E01002468,"L1, L2 and L3: Higher managerial, administrative and professional occupations",258,169,89
E01002468,L10 and L11: Lower supervisory and technical occupations,75,96,-21
E01002468,L12: Semi-routine occupations,123,137,-14
E01002468,L13: Routine occupations,106,79,27
E01002468,L14.1 and L14.2: Never worked and long-term unemployed,75,33,42
E01002468,L15: Full-time students,79,78,1
E01002468,"L4, L5 and L6: Lower managerial, administrative and professional occupations",315,291,24
E01002468,L7: Intermediate occupations,214,237,-23
E01002468,L8 and L9: Small employers and own account workers,142,130,12
E01002469,"L1, L2 and L3: Higher managerial, administrative and professional occupations",232,140,92
E01002469,L10 and L11: Lower supervisory and technical occupations,62,87,-25
E01002469,L12: Semi-routine occupations,124,140,-16
E01002469,L13: Routine occupations,92,83,9
E01002469,L14.1 and L14.2: Never worked and long-term unemployed,80,27,53
E01002469,L15: Full-time students,74,80,-6
E01002469,"L4, L5 and L6: Lower managerial, administrative and professional occupations",339,309,30
E01002469,L7: Intermediate occupations,216,248,-32
E01002469,L8 and L9: Small employers and own account workers,158,133,25
E01002470,"L1, L2 and L3: Higher managerial, administrative and professional occupations",258,171,87
E01002470,L10 and L11: Lower supervisory and technical occupations,80,85,-5
E01002470,L12: Semi-routine occupations,140,120,20
E01002470,L13: Routine occupations,118,74,44
E01002470,L14.1 and L14.2: Never worked and long-term unemployed,128,43,85
E01002470,L15: Full-time students,80,77,3
E01002470,"L4, L5 and L6: Lower managerial, administrative and professional occupations",333,303,30
E01002470,L7: Intermediate occupations,184,183,1
E01002470,L8 and L9: Small employers and own account workers,178,156,22
E01002471,"L1, L2 and L3: Higher managerial, administrative and professional occupations",304,170,134
E01002471,L10 and L11: Lower supervisory and technical occupations,64,72,-8
E01002471,L12: Semi-routine occupations,103,116,-13
E01002471,L13: Routine occupations,97,74,23
E01002471,L14.1 and L14.2: Never worked and long-term unemployed,60,30,30
E01002471,L15: Full-time students,78,75,3
E01002471,"L4, L5 and L6: Lower managerial, administrative and professional occupations",325,348,-23
E01002471,L7: Intermediate occupations,170,205,-35
E01002471,L8 and L9: Small employers and own account workers,119,99,20
E01002472,"L1, L2 and L3: Higher managerial, administrative and professional occupations",301,227,74
E01002472,L10 and L11: Lower supervisory and technical occupations,46,49,-3
E01002472,L12: Semi-routine occupations,98,93,5
E01002472,L13: Routine occupations,76,42,34
E01002472,L14.1 and L14.2: Never worked and long-term unemployed,106,42,64
E01002472,L15: Full-time students,104,152,-48
E01002472,"L4, L5 and L6: Lower managerial, administrative and professional occupations",329,283,46
E01002472,L7: Intermediate occupations,167,162,5
E01002472,L8 and L9: Small employers and own account workers,173,116,57
E01002473,"L1, L2 and L3: Higher managerial, administrative and professional occupations",405,259,146
E01002473,L10 and L11: Lower supervisory and technical occupations,22,33,-11
E01002473,L12: Semi-routine occupations,70,73,-3
E01002473,L13: Routine occupations,52,42,10
E01002473,L14.1 and L14.2: Never worked and long-term unemployed,124,46,78
E01002473,L15: Full-time students,80,117,-37
E01002473,"L4, L5 and L6: Lower managerial, administrative and professional occupations",334,321,13
E01002473,L7: Intermediate occupations,146,138,8
E01002473,L8 and L9: Small employers and own account workers,193,162,31
E01002474,"L1, L2 and L3: Higher managerial, administrative and professional occupations",298,200,98
E01002474,L10 and L11: Lower supervisory and technical occupations,27,38,-11
E01002474,L12: Semi-routine occupations,88,89,-1
E01002474,L13: Routine occupations,98,42,56
E01002474,L14.1 and L14.2: Never worked and long-term unemployed,95,53,42
E01002474,L15: Full-time students,91,65,26
E01002474,"L4, L5 and L6: Lower managerial, administrative and professional occupations",336,320,16
E01002474,L7: Intermediate occupations,147,145,2
E01002474,L8 and L9: Small employers and own account workers,212,138,74
E01002475,"L1, L2 and L3: Higher managerial, administrative and professional occupations",287,168,119
E01002475,L10 and L11: Lower supervisory and technical occupations,39,44,-5
E01002475,L12: Semi-routine occupations,104,99,5
E01002475,L13: Routine occupations,89,63,26
E01002475,L14.1 and L14.2: Never worked and long-term unemployed,126,58,68
E01002475,L15: Full-time students,55,46,9
E01002475,"L4, L5 and L6: Lower managerial, administrative and professional occupations",294,312,-18
E01002475,L7: Intermediate occupations,179,157,22
E01002475,L8 and L9: Small employers and own account workers,155,128,27
E01002476,"L1, L2 and L3: Higher managerial, administrative and professional occupations",433,320,113
E01002476,L10 and L11: Lower supervisory and technical occupations,21,14,7
E01002476,L12: Semi-routine occupations,70,64,6
E01002476,L13: Routine occupations,31,19,12
E01002476,L14.1 and L14.2: Never worked and long-term unemployed,77,44,33
E01002476,L15: Full-time students,89,104,-15
E01002476,"L4, L5 and L6: Lower managerial, administrative and professional occupations",324,302,22
E01002476,L7: Intermediate occupations,158,172,-14
E01002476,L8 and L9: Small employers and own account workers,143,121,22
E01002477,"L1, L2 and L3: Higher managerial, administrative and professional occupations",312,246,66
E01002477,L10 and L11: Lower supervisory and technical occupations,24,27,-3
E01002477,L12: Semi-routine occupations,61,61,0
E01002477,L13: Routine occupations,45,28,17
E01002477,L14.1 and L14.2: Never worked and long-term unemployed,114,54,60
E01002477,L15: Full-time students,59,62,-3
E01002477,"L4, L5 and L6: Lower managerial, administrative and professional occupations",274,265,9
E01002477,L7: Intermediate occupations,117,117,0
E01002477,L8 and L9: Small employers and own account workers,106,73,33
E01002478,"L1, L2 and L3: Higher managerial, administrative and professional occupations",308,220,88
E01002478,L10 and L11: Lower supervisory and technical occupations,43,38,5
E01002478,L12: Semi-routine occupations,86,78,8
E01002478,L13: Routine occupations,71,47,24
E01002478,L14.1 and L14.2: Never worked and long-term unemployed,93,58,35
E01002478,L15: Full-time students,60,70,-10
E01002478,"L4, L5 and L6: Lower managerial, administrative and professional occupations",318,324,-6
E01002478,L7: Intermediate occupations,126,160,-34
E01002478,L8 and L9: Small employers and own account workers,180,127,53
E01002479,"L1, L2 and L3: Higher managerial, administrative and professional occupations",237,160,77
E01002479,L10 and L11: Lower supervisory and technical occupations,57,68,-11
E01002479,L12: Semi-routine occupations,143,144,-1
E01002479,L13: Routine occupations,114,76,38
E01002479,L14.1 and L14.2: Never worked and long-term unemployed,126,71,55
E01002479,L15: Full-time students,89,112,-23
E01002479,"L4, L5 and L6: Lower managerial, administrative and professional occupations",342,263,79
E01002479,L7: Intermediate occupations,197,199,-2
E01002479,L8 and L9: Small employers and own account workers,155,109,46
E01002480,"L1, L2 and L3: Higher managerial, administrative and professional occupations",394,267,127
E01002480,L10 and L11: Lower supervisory and technical occupations,40,42,-2
E01002480,L12: Semi-routine occupations,95,86,9
E01002480,L13: Routine occupations,58,47,11
E01002480,L14.1 and L14.2: Never worked and long-term unemployed,91,41,50
E01002480,L15: Full-time students,78,98,-20
E01002480,"L4, L5 and L6: Lower managerial, administrative and professional occupations",349,349,0
E01002480,L7: Intermediate occupations,197,204,-7
E01002480,L8 and L9: Small employers and own account workers,185,141,44
E01002481,"L1, L2 and L3: Higher managerial, administrative and professional occupations",197,153,44
E01002481,L10 and L11: Lower supervisory and technical occupations,57,73,-16
E01002481,L12: Semi-routine occupations,135,132,3
E01002481,L13: Routine occupations,110,91,19
E01002481,L14.1 and L14.2: Never worked and long-term unemployed,135,78,57
E01002481,L15: Full-time students,78,96,-18
E01002481,"L4, L5 and L6: Lower managerial, administrative and professional occupations",262,272,-10
E01002481,L7: Intermediate occupations,180,156,24
E01002481,L8 and L9: Small employers and own account workers,174,124,50
E01002482,"L1, L2 and L3: Higher managerial, administrative and professional occupations",429,302,127
E01002482,L10 and L11: Lower supervisory and technical occupations,25,27,-2
E01002482,L12: Semi-routine occupations,47,68,-21
E01002482,L13: Routine occupations,42,23,19
E01002482,L14.1 and L14.2: Never worked and long-term unemployed,93,39,54
E01002482,L15: Full-time students,99,93,6
E01002482,"L4, L5 and L6: Lower managerial, administrative and professional occupations",321,300,21
E01002482,L7: Intermediate occupations,149,167,-18
E01002482,L8 and L9: Small employers and own account workers,162,119,43
E01002483,"L1, L2 and L3: Higher managerial, administrative and professional occupations",295,180,115
E01002483,L10 and L11: Lower supervisory and technical occupations,60,58,2
E01002483,L12: Semi-routine occupations,120,147,-27
E01002483,L13: Routine occupations,118,70,48
E01002483,L14.1 and L14.2: Never worked and long-term unemployed,121,71,50
E01002483,L15: Full-time students,103,88,15
E01002483,"L4, L5 and L6: Lower managerial, administrative and professional occupations",305,321,-16
E01002483,L7: Intermediate occupations,208,182,26
E01002483,L8 and L9: Small employers and own account workers,224,147,77
E01002484,"L1, L2 and L3: Higher managerial, administrative and professional occupations",176,149,27
E01002484,L10 and L11: Lower supervisory and technical occupations,51,60,-9
E01002484,L12: Semi-routine occupations,109,125,-16
E01002484,L13: Routine occupations,105,84,21
E01002484,L14.1 and L14.2: Never worked and long-term unemployed,100,48,52
E01002484,L15: Full-time students,74,70,4
E01002484,"L4, L5 and L6: Lower managerial, administrative and professional occupations",237,255,-18
E01002484,L7: Intermediate occupations,145,144,1
E01002484,L8 and L9: Small employers and own account workers,145,122,23
E01002485,"L1, L2 and L3: Higher managerial, administrative and professional occupations",244,177,67
E01002485,L10 and L11: Lower supervisory and technical occupations,61,58,3
E01002485,L12: Semi-routine occupations,151,124,27
E01002485,L13: Routine occupations,130,78,52
E01002485,L14.1 and L14.2: Never worked and long-term unemployed,145,83,62
E01002485,L15: Full-time students,138,99,39
E01002485,"L4, L5 and L6: Lower managerial, administrative and professional occupations",320,290,30
E01002485,L7: Intermediate occupations,185,218,-33
E01002485,L8 and L9: Small employers and own account workers,240,134,106
E01002486,"L1, L2 and L3: Higher managerial, administrative and professional occupations",132,97,35
E01002486,L10 and L11: Lower supervisory and technical occupations,112,127,-15
E01002486,L12: Semi-routine occupations,215,201,14
E01002486,L13: Routine occupations,229,166,63
E01002486,L14.1 and L14.2: Never worked and long-term unemployed,260,150,110
E01002486,L15: Full-time students,207,197,10
E01002486,"L4, L5 and L6: Lower managerial, administrative and professional occupations",229,248,-19
E01002486,L7: Intermediate occupations,178,186,-8
E01002486,L8 and L9: Small employers and own account workers,172,113,59
E01002487,"L1, L2 and L3: Higher managerial, administrative and professional occupations",104,75,29
E01002487,L10 and L11: Lower supervisory and technical occupations,80,87,-7
E01002487,L12: Semi-routine occupations,192,216,-24
E01002487,L13: Routine occupations,217,173,44
E01002487,L14.1 and L14.2: Never worked and long-term unemployed,240,126,114
E01002487,L15: Full-time students,171,138,33
E01002487,"L4, L5 and L6: Lower managerial, administrative and professional occupations",204,193,11
E01002487,L7: Intermediate occupations,146,165,-19
E01002487,L8 and L9: Small employers and own account workers,170,131,39
E01002488,"L1, L2 and L3: Higher managerial, administrative and professional occupations",103,75,28
E01002488,L10 and L11: Lower supervisory and technical occupations,86,117,-31
E01002488,L12: Semi-routine occupations,172,184,-12
E01002488,L13: Routine occupations,195,129,66
E01002488,L14.1 and L14.2: Never worked and long-term unemployed,199,115,84
E01002488,L15: Full-time students,146,142,4
E01002488,"L4, L5 and L6: Lower managerial, administrative and professional occupations",203,178,25
E01002488,L7: Intermediate occupations,138,158,-20
E01002488,L8 and L9: Small employers and own account workers,145,121,24
E01002489,"L1, L2 and L3: Higher managerial, administrative and professional occupations",92,82,10
E01002489,L10 and L11: Lower supervisory and technical occupations,95,105,-10
E01002489,L12: Semi-routine occupations,184,201,-17
E01002489,L13: Routine occupations,263,159,104
E01002489,L14.1 and L14.2: Never worked and long-term unemployed,211,137,74
E01002489,L15: Full-time students,171,210,-39
E01002489,"L4, L5 and L6: Lower managerial, administrative and professional occupations",187,178,9
E01002489,L7: Intermediate occupations,174,162,12
E01002489,L8 and L9: Small employers and own account workers,179,95,84
E01002490,"L1, L2 and L3: Higher managerial, administrative and professional occupations",139,75,64
E01002490,L10 and L11: Lower supervisory and technical occupations,102,145,-43
E01002490,L12: Semi-routine occupations,202,217,-15
E01002490,L13: Routine occupations,270,173,97
E01002490,L14.1 and L14.2: Never worked and long-term unemployed,235,142,93
E01002490,L15: Full-time students,190,160,30
E01002490,"L4, L5 and L6: Lower managerial, administrative and professional occupations",200,237,-37
E01002490,L7: Intermediate occupations,180,221,-41
E01002490,L8 and L9: Small employers and own account workers,185,129,56
E01002491,"L1, L2 and L3: Higher managerial, administrative and professional occupations",88,59,29
E01002491,L10 and L11: Lower supervisory and technical occupations,65,65,0
E01002491,L12: Semi-routine occupations,178,189,-11
E01002491,L13: Routine occupations,218,136,82
E01002491,L14.1 and L14.2: Never worked and long-term unemployed,206,134,72
E01002491,L15: Full-time students,118,170,-52
E01002491,"L4, L5 and L6: Lower managerial, administrative and professional occupations",175,138,37
E01002491,L7: Intermediate occupations,124,149,-25
E01002491,L8 and L9: Small employers and own account workers,128,78,50
E01002492,"L1, L2 and L3: Higher managerial, administrative and professional occupations",85,72,13
E01002492,L10 and L11: Lower supervisory and technical occupations,85,91,-6
E01002492,L12: Semi-routine occupations,159,169,-10
E01002492,L13: Routine occupations,214,135,79
E01002492,L14.1 and L14.2: Never worked and long-term unemployed,181,98,83
E01002492,L15: Full-time students,140,159,-19
E01002492,"L4, L5 and L6: Lower managerial, administrative and professional occupations",203,173,30
E01002492,L7: Intermediate occupations,126,148,-22
E01002492,L8 and L9: Small employers and own account workers,156,116,40
E01002493,"L1, L2 and L3: Higher managerial, administrative and professional occupations",69,46,23
E01002493,L10 and L11: Lower supervisory and technical occupations,74,96,-22
E01002493,L12: Semi-routine occupations,201,201,0
E01002493,L13: Routine occupations,183,177,6
E01002493,L14.1 and L14.2: Never worked and long-term unemployed,275,152,123
E01002493,L15: Full-time students,146,152,-6
E01002493,"L4, L5 and L6: Lower managerial, administrative and professional occupations",161,177,-16
E01002493,L7: Intermediate occupations,145,139,6
E01002493,L8 and L9: Small employers and own account workers,136,78,58
E01002494,"L1, L2 and L3: Higher managerial, administrative and professional occupations",202,119,83
E01002494,L10 and L11: Lower supervisory and technical occupations,87,98,-11
E01002494,L12: Semi-routine occupations,115,160,-45
E01002494,L13: Routine occupations,116,113,3
E01002494,L14.1 and L14.2: Never worked and long-term unemployed,134,57,77
E01002494,L15: Full-time students,107,100,7
E01002494,"L4, L5 and L6: Lower managerial, administrative and professional occupations",291,269,22
E01002494,L7: Intermediate occupations,176,195,-19
E01002494,L8 and L9: Small employers and own account workers,170,141,29
E01002495,"L1, L2 and L3: Higher managerial, administrative and professional occupations",243,260,-17
E01002495,L10 and L11: Lower supervisory and technical occupations,66,94,-28
E01002495,L12: Semi-routine occupations,143,142,1
E01002495,L13: Routine occupations,127,96,31
E01002495,L14.1 and L14.2: Never worked and long-term unemployed,129,60,69
E01002495,L15: Full-time students,71,85,-14
E01002495,"L4, L5 and L6: Lower managerial, administrative and professional occupations",338,495,-157
E01002495,L7: Intermediate occupations,211,403,-192
E01002495,L8 and L9: Small employers and own account workers,148,118,30
E01002496,"L1, L2 and L3: Higher managerial, administrative and professional occupations",217,133,84
E01002496,L10 and L11: Lower supervisory and technical occupations,81,80,1
E01002496,L12: Semi-routine occupations,166,162,4
E01002496,L13: Routine occupations,140,112,28
E01002496,L14.1 and L14.2: Never worked and long-term unemployed,113,66,47
E01002496,L15: Full-time students,75,85,-10
E01002496,"L4, L5 and L6: Lower managerial, administrative and professional occupations",320,283,37
E01002496,L7: Intermediate occupations,201,242,-41
E01002496,L8 and L9: Small employers and own account workers,217,152,65
E01002497,"L1, L2 and L3: Higher managerial, administrative and professional occupations",327,129,198
E01002497,L10 and L11: Lower supervisory and technical occupations,125,86,39
E01002497,L12: Semi-routine occupations,178,166,12
E01002497,L13: Routine occupations,172,134,38
E01002497,L14.1 and L14.2: Never worked and long-term unemployed,166,81,85
E01002497,L15: Full-time students,113,80,33
E01002497,"L4, L5 and L6: Lower managerial, administrative and professional occupations",409,276,133
E01002497,L7: Intermediate occupations,226,203,23
E01002497,L8 and L9: Small employers and own account workers,239,163,76
E01002498,"L1, L2 and L3: Higher managerial, administrative and professional occupations",209,123,86
E01002498,L10 and L11: Lower supervisory and technical occupations,55,74,-19
E01002498,L12: Semi-routine occupations,94,108,-14
E01002498,L13: Routine occupations,92,92,0
E01002498,L14.1 and L14.2: Never worked and long-term unemployed,80,38,42
E01002498,L15: Full-time students,68,74,-6
E01002498,"L4, L5 and L6: Lower managerial, administrative and professional occupations",266,223,43
E01002498,L7: Intermediate occupations,175,190,-15
E01002498,L8 and L9: Small employers and own account workers,119,99,20
E01002499,"L1, L2 and L3: Higher managerial, administrative and professional occupations",243,112,131
E01002499,L10 and L11: Lower supervisory and technical occupations,79,97,-18
E01002499,L12: Semi-routine occupations,142,130,12
E01002499,L13: Routine occupations,157,123,34
E01002499,L14.1 and L14.2: Never worked and long-term unemployed,148,65,83
E01002499,L15: Full-time students,80,85,-5
E01002499,"L4, L5 and L6: Lower managerial, administrative and professional occupations",366,302,64
E01002499,L7: Intermediate occupations,259,197,62
E01002499,L8 and L9: Small employers and own account workers,201,132,69
E01002501,"L1, L2 and L3: Higher managerial, administrative and professional occupations",126,87,39
E01002501,L10 and L11: Lower supervisory and technical occupations,68,68,0
E01002501,L12: Semi-routine occupations,155,159,-4
E01002501,L13: Routine occupations,193,138,55
E01002501,L14.1 and L14.2: Never worked and long-term unemployed,199,117,82
E01002501,L15: Full-time students,177,187,-10
E01002501,"L4, L5 and L6: Lower managerial, administrative and professional occupations",204,198,6
E01002501,L7: Intermediate occupations,126,151,-25
E01002501,L8 and L9: Small employers and own account workers,162,105,57
E01002502,"L1, L2 and L3: Higher managerial, administrative and professional occupations",73,52,21
E01002502,L10 and L11: Lower supervisory and technical occupations,68,94,-26
E01002502,L12: Semi-routine occupations,170,197,-27
E01002502,L13: Routine occupations,192,184,8
E01002502,L14.1 and L14.2: Never worked and long-term unemployed,228,157,71
E01002502,L15: Full-time students,228,188,40
E01002502,"L4, L5 and L6: Lower managerial, administrative and professional occupations",178,167,11
E01002502,L7: Intermediate occupations,128,168,-40
E01002502,L8 and L9: Small employers and own account workers,173,114,59
E01002503,"L1, L2 and L3: Higher managerial, administrative and professional occupations",102,53,49
E01002503,L10 and L11: Lower supervisory and technical occupations,71,77,-6
E01002503,L12: Semi-routine occupations,189,171,18
E01002503,L13: Routine occupations,242,186,56
E01002503,L14.1 and L14.2: Never worked and long-term unemployed,284,145,139
E01002503,L15: Full-time students,163,233,-70
E01002503,"L4, L5 and L6: Lower managerial, administrative and professional occupations",170,161,9
E01002503,L7: Intermediate occupations,122,128,-6
E01002503,L8 and L9: Small employers and own account workers,148,86,62
E01002505,"L1, L2 and L3: Higher managerial, administrative and professional occupations",78,59,19
E01002505,L10 and L11: Lower supervisory and technical occupations,74,103,-29
E01002505,L12: Semi-routine occupations,191,194,-3
E01002505,L13: Routine occupations,210,167,43
E01002505,L14.1 and L14.2: Never worked and long-term unemployed,231,139,92
E01002505,L15: Full-time students,113,140,-27
E01002505,"L4, L5 and L6: Lower managerial, administrative and professional occupations",204,170,34
E01002505,L7: Intermediate occupations,148,158,-10
E01002505,L8 and L9: Small employers and own account workers,129,83,46
E01002506,"L1, L2 and L3: Higher managerial, administrative and professional occupations",73,64,9
E01002506,L10 and L11: Lower supervisory and technical occupations,79,87,-8
E01002506,L12: Semi-routine occupations,196,199,-3
E01002506,L13: Routine occupations,300,161,139
E01002506,L14.1 and L14.2: Never worked and long-term unemployed,287,187,100
E01002506,L15: Full-time students,148,188,-40
E01002506,"L4, L5 and L6: Lower managerial, administrative and professional occupations",163,171,-8
E01002506,L7: Intermediate occupations,145,145,0
E01002506,L8 and L9: Small employers and own account workers,176,100,76
E01002507,"L1, L2 and L3: Higher managerial, administrative and professional occupations",119,78,41
E01002507,L10 and L11: Lower supervisory and technical occupations,88,92,-4
E01002507,L12: Semi-routine occupations,164,197,-33
E01002507,L13: Routine occupations,246,157,89
E01002507,L14.1 and L14.2: Never worked and long-term unemployed,212,131,81
E01002507,L15: Full-time students,169,179,-10
E01002507,"L4, L5 and L6: Lower managerial, administrative and professional occupations",202,160,42
E01002507,L7: Intermediate occupations,162,129,33
E01002507,L8 and L9: Small employers and own account workers,163,88,75
E01002508,"L1, L2 and L3: Higher managerial, administrative and professional occupations",88,43,45
E01002508,L10 and L11: Lower supervisory and technical occupations,90,92,-2
E01002508,L12: Semi-routine occupations,234,180,54
E01002508,L13: Routine occupations,251,132,119
E01002508,L14.1 and L14.2: Never worked and long-term unemployed,318,194,124
E01002508,L15: Full-time students,172,193,-21
E01002508,"L4, L5 and L6: Lower managerial, administrative and professional occupations",190,165,25
E01002508,L7: Intermediate occupations,146,117,29
E01002508,L8 and L9: Small employers and own account workers,170,88,82
E01002509,"L1, L2 and L3: Higher managerial, administrative and professional occupations",213,136,77
E01002509,L10 and L11: Lower supervisory and technical occupations,59,61,-2
E01002509,L12: Semi-routine occupations,111,100,11
E01002509,L13: Routine occupations,92,59,33
E01002509,L14.1 and L14.2: Never worked and long-term unemployed,81,49,32
E01002509,L15: Full-time students,78,128,-50
E01002509,"L4, L5 and L6: Lower managerial, administrative and professional occupations",264,256,8
E01002509,L7: Intermediate occupations,176,151,25
E01002509,L8 and L9: Small employers and own account workers,149,107,42
E01002511,"L1, L2 and L3: Higher managerial, administrative and professional occupations",140,99,41
E01002511,L10 and L11: Lower supervisory and technical occupations,58,85,-27
E01002511,L12: Semi-routine occupations,141,119,22
E01002511,L13: Routine occupations,117,96,21
E01002511,L14.1 and L14.2: Never worked and long-term unemployed,142,69,73
E01002511,L15: Full-time students,103,121,-18
E01002511,"L4, L5 and L6: Lower managerial, administrative and professional occupations",263,246,17
E01002511,L7: Intermediate occupations,208,193,15
E01002511,L8 and L9: Small employers and own account workers,135,94,41
E01002512,"L1, L2 and L3: Higher managerial, administrative and professional occupations",409,239,170
E01002512,L10 and L11: Lower supervisory and technical occupations,50,62,-12
E01002512,L12: Semi-routine occupations,98,96,2
E01002512,L13: Routine occupations,88,56,32
E01002512,L14.1 and L14.2: Never worked and long-term unemployed,90,33,57
E01002512,L15: Full-time students,114,122,-8
E01002512,"L4, L5 and L6: Lower managerial, administrative and professional occupations",408,350,58
E01002512,L7: Intermediate occupations,219,188,31
E01002512,L8 and L9: Small employers and own account workers,195,136,59
E01002513,"L1, L2 and L3: Higher managerial, administrative and professional occupations",209,168,41
E01002513,L10 and L11: Lower supervisory and technical occupations,45,57,-12
E01002513,L12: Semi-routine occupations,98,98,0
E01002513,L13: Routine occupations,88,57,31
E01002513,L14.1 and L14.2: Never worked and long-term unemployed,116,39,77
E01002513,L15: Full-time students,67,82,-15
E01002513,"L4, L5 and L6: Lower managerial, administrative and professional occupations",303,273,30
E01002513,L7: Intermediate occupations,156,147,9
E01002513,L8 and L9: Small employers and own account workers,122,103,19
E01002514,"L1, L2 and L3: Higher managerial, administrative and professional occupations",303,254,49
E01002514,L10 and L11: Lower supervisory and technical occupations,74,82,-8
E01002514,L12: Semi-routine occupations,126,111,15
E01002514,L13: Routine occupations,122,89,33
E01002514,L14.1 and L14.2: Never worked and long-term unemployed,130,56,74
E01002514,L15: Full-time students,130,160,-30
E01002514,"L4, L5 and L6: Lower managerial, administrative and professional occupations",429,377,52
E01002514,L7: Intermediate occupations,190,222,-32
E01002514,L8 and L9: Small employers and own account workers,116,89,27
E01002516,"L1, L2 and L3: Higher managerial, administrative and professional occupations",242,186,56
E01002516,L10 and L11: Lower supervisory and technical occupations,40,55,-15
E01002516,L12: Semi-routine occupations,82,90,-8
E01002516,L13: Routine occupations,75,60,15
E01002516,L14.1 and L14.2: Never worked and long-term unemployed,112,38,74
E01002516,L15: Full-time students,76,88,-12
E01002516,"L4, L5 and L6: Lower managerial, administrative and professional occupations",263,260,3
E01002516,L7: Intermediate occupations,137,167,-30
E01002516,L8 and L9: Small employers and own account workers,186,137,49
E01002518,"L1, L2 and L3: Higher managerial, administrative and professional occupations",138,108,30
E01002518,L10 and L11: Lower supervisory and technical occupations,59,65,-6
E01002518,L12: Semi-routine occupations,88,96,-8
E01002518,L13: Routine occupations,94,56,38
E01002518,L14.1 and L14.2: Never worked and long-term unemployed,84,41,43
E01002518,L15: Full-time students,179,280,-101
E01002518,"L4, L5 and L6: Lower managerial, administrative and professional occupations",217,197,20
E01002518,L7: Intermediate occupations,149,134,15
E01002518,L8 and L9: Small employers and own account workers,102,83,19
E01002519,"L1, L2 and L3: Higher managerial, administrative and professional occupations",186,104,82
E01002519,L10 and L11: Lower supervisory and technical occupations,97,82,15
E01002519,L12: Semi-routine occupations,150,150,0
E01002519,L13: Routine occupations,202,147,55
E01002519,L14.1 and L14.2: Never worked and long-term unemployed,160,73,87
E01002519,L15: Full-time students,138,148,-10
E01002519,"L4, L5 and L6: Lower managerial, administrative and professional occupations",325,207,118
E01002519,L7: Intermediate occupations,192,170,22
E01002519,L8 and L9: Small employers and own account workers,183,90,93
E01002520,"L1, L2 and L3: Higher managerial, administrative and professional occupations",212,131,81
E01002520,L10 and L11: Lower supervisory and technical occupations,75,71,4
E01002520,L12: Semi-routine occupations,145,117,28
E01002520,L13: Routine occupations,144,90,54
E01002520,L14.1 and L14.2: Never worked and long-term unemployed,153,94,59
E01002520,L15: Full-time students,175,203,-28
E01002520,"L4, L5 and L6: Lower managerial, administrative and professional occupations",307,227,80
E01002520,L7: Intermediate occupations,160,156,4
E01002520,L8 and L9: Small employers and own account workers,181,111,70
E01002521,"L1, L2 and L3: Higher managerial, administrative and professional occupations",205,172,33
E01002521,L10 and L11: Lower supervisory and technical occupations,44,85,-41
E01002521,L12: Semi-routine occupations,150,123,27
E01002521,L13: Routine occupations,198,121,77
E01002521,L14.1 and L14.2: Never worked and long-term unemployed,225,84,141
E01002521,L15: Full-time students,184,149,35
E01002521,"L4, L5 and L6: Lower managerial, administrative and professional occupations",333,284,49
E01002521,L7: Intermediate occupations,183,200,-17
E01002521,L8 and L9: Small employers and own account workers,168,89,79
E01002523,"L1, L2 and L3: Higher managerial, administrative and professional occupations",174,135,39
E01002523,L10 and L11: Lower supervisory and technical occupations,52,72,-20
E01002523,L12: Semi-routine occupations,114,99,15
E01002523,L13: Routine occupations,109,84,25
E01002523,L14.1 and L14.2: Never worked and long-term unemployed,117,83,34
E01002523,L15: Full-time students,166,388,-222
E01002523,"L4, L5 and L6: Lower managerial, administrative and professional occupations",266,238,28
E01002523,L7: Intermediate occupations,132,130,2
E01002523,L8 and L9: Small employers and own account workers,133,57,76
E01002525,"L1, L2 and L3: Higher managerial, administrative and professional occupations",219,121,98
E01002525,L10 and L11: Lower supervisory and technical occupations,64,75,-11
E01002525,L12: Semi-routine occupations,140,132,8
E01002525,L13: Routine occupations,125,119,6
E01002525,L14.1 and L14.2: Never worked and long-term unemployed,169,59,110
E01002525,L15: Full-time students,77,104,-27
E01002525,"L4, L5 and L6: Lower managerial, administrative and professional occupations",284,287,-3
E01002525,L7: Intermediate occupations,192,200,-8
E01002525,L8 and L9: Small employers and own account workers,178,121,57
E01002526,"L1, L2 and L3: Higher managerial, administrative and professional occupations",340,73,267
E01002526,L10 and L11: Lower supervisory and technical occupations,124,113,11
E01002526,L12: Semi-routine occupations,240,230,10
E01002526,L13: Routine occupations,275,165,110
E01002526,L14.1 and L14.2: Never worked and long-term unemployed,264,124,140
E01002526,L15: Full-time students,192,165,27
E01002526,"L4, L5 and L6: Lower managerial, administrative and professional occupations",424,204,220
E01002526,L7: Intermediate occupations,239,153,86
E01002526,L8 and L9: Small employers and own account workers,205,107,98
E01002527,"L1, L2 and L3: Higher managerial, administrative and professional occupations",159,129,30
E01002527,L10 and L11: Lower supervisory and technical occupations,83,110,-27
E01002527,L12: Semi-routine occupations,134,149,-15
E01002527,L13: Routine occupations,154,134,20
E01002527,L14.1 and L14.2: Never worked and long-term unemployed,152,95,57
E01002527,L15: Full-time students,81,141,-60
E01002527,"L4, L5 and L6: Lower managerial, administrative and professional occupations",249,232,17
E01002527,L7: Intermediate occupations,126,189,-63
E01002527,L8 and L9: Small employers and own account workers,123,98,25
E01002528,"L1, L2 and L3: Higher managerial, administrative and professional occupations",113,64,49
E01002528,L10 and L11: Lower supervisory and technical occupations,89,93,-4
E01002528,L12: Semi-routine occupations,161,164,-3
E01002528,L13: Routine occupations,233,177,56
E01002528,L14.1 and L14.2: Never worked and long-term unemployed,204,128,76
E01002528,L15: Full-time students,137,129,8
E01002528,"L4, L5 and L6: Lower managerial, administrative and professional occupations",191,160,31
E01002528,L7: Intermediate occupations,179,170,9
E01002528,L8 and L9: Small employers and own account workers,160,111,49
E01002529,"L1, L2 and L3: Higher managerial, administrative and professional occupations",247,153,94
E01002529,L10 and L11: Lower supervisory and technical occupations,119,116,3
E01002529,L12: Semi-routine occupations,165,174,-9
E01002529,L13: Routine occupations,226,144,82
E01002529,L14.1 and L14.2: Never worked and long-term unemployed,186,101,85
E01002529,L15: Full-time students,180,194,-14
E01002529,"L4, L5 and L6: Lower managerial, administrative and professional occupations",357,307,50
E01002529,L7: Intermediate occupations,199,201,-2
E01002529,L8 and L9: Small employers and own account workers,238,146,92
E01002530,"L1, L2 and L3: Higher managerial, administrative and professional occupations",70,30,40
E01002530,L10 and L11: Lower supervisory and technical occupations,90,69,21
E01002530,L12: Semi-routine occupations,190,141,49
E01002530,L13: Routine occupations,222,120,102
E01002530,L14.1 and L14.2: Never worked and long-term unemployed,187,76,111
E01002530,L15: Full-time students,105,98,7
E01002530,"L4, L5 and L6: Lower managerial, administrative and professional occupations",176,122,54
E01002530,L7: Intermediate occupations,160,102,58
E01002530,L8 and L9: Small employers and own account workers,135,72,63
E01002531,"L1, L2 and L3: Higher managerial, administrative and professional occupations",178,108,70
E01002531,L10 and L11: Lower supervisory and technical occupations,90,102,-12
E01002531,L12: Semi-routine occupations,128,143,-15
E01002531,L13: Routine occupations,125,115,10
E01002531,L14.1 and L14.2: Never worked and long-term unemployed,171,76,95
E01002531,L15: Full-time students,68,113,-45
E01002531,"L4, L5 and L6: Lower managerial, administrative and professional occupations",281,263,18
E01002531,L7: Intermediate occupations,175,184,-9
E01002531,L8 and L9: Small employers and own account workers,186,128,58
E01002533,"L1, L2 and L3: Higher managerial, administrative and professional occupations",172,117,55
E01002533,L10 and L11: Lower supervisory and technical occupations,74,73,1
E01002533,L12: Semi-routine occupations,93,122,-29
E01002533,L13: Routine occupations,105,89,16
E01002533,L14.1 and L14.2: Never worked and long-term unemployed,76,36,40
E01002533,L15: Full-time students,75,76,-1
E01002533,"L4, L5 and L6: Lower managerial, administrative and professional occupations",281,266,15
E01002533,L7: Intermediate occupations,155,171,-16
E01002533,L8 and L9: Small employers and own account workers,139,111,28
E01002534,"L1, L2 and L3: Higher managerial, administrative and professional occupations",241,172,69
E01002534,L10 and L11: Lower supervisory and technical occupations,48,58,-10
E01002534,L12: Semi-routine occupations,89,83,6
E01002534,L13: Routine occupations,95,59,36
E01002534,L14.1 and L14.2: Never worked and long-term unemployed,79,37,42
E01002534,L15: Full-time students,64,73,-9
E01002534,"L4, L5 and L6: Lower managerial, administrative and professional occupations",293,269,24
E01002534,L7: Intermediate occupations,176,169,7
E01002534,L8 and L9: Small employers and own account workers,135,110,25
E01002535,"L1, L2 and L3: Higher managerial, administrative and professional occupations",410,254,156
E01002535,L10 and L11: Lower supervisory and technical occupations,68,62,6
E01002535,L12: Semi-routine occupations,120,86,34
E01002535,L13: Routine occupations,88,56,32
E01002535,L14.1 and L14.2: Never worked and long-term unemployed,137,42,95
E01002535,L15: Full-time students,142,75,67
E01002535,"L4, L5 and L6: Lower managerial, administrative and professional occupations",434,403,31
E01002535,L7: Intermediate occupations,241,216,25
E01002535,L8 and L9: Small employers and own account workers,228,146,82
E01002536,"L1, L2 and L3: Higher managerial, administrative and professional occupations",195,161,34
E01002536,L10 and L11: Lower supervisory and technical occupations,54,70,-16
E01002536,L12: Semi-routine occupations,87,88,-1
E01002536,L13: Routine occupations,72,36,36
E01002536,L14.1 and L14.2: Never worked and long-term unemployed,53,36,17
E01002536,L15: Full-time students,49,56,-7
E01002536,"L4, L5 and L6: Lower managerial, administrative and professional occupations",303,326,-23
E01002536,L7: Intermediate occupations,135,180,-45
E01002536,L8 and L9: Small employers and own account workers,100,68,32
E01002537,"L1, L2 and L3: Higher managerial, administrative and professional occupations",477,153,324
E01002537,L10 and L11: Lower supervisory and technical occupations,84,61,23
E01002537,L12: Semi-routine occupations,117,90,27
E01002537,L13: Routine occupations,115,63,52
E01002537,L14.1 and L14.2: Never worked and long-term unemployed,121,34,87
E01002537,L15: Full-time students,98,69,29
E01002537,"L4, L5 and L6: Lower managerial, administrative and professional occupations",517,333,184
E01002537,L7: Intermediate occupations,253,174,79
E01002537,L8 and L9: Small employers and own account workers,171,95,76
E01002538,"L1, L2 and L3: Higher managerial, administrative and professional occupations",204,145,59
E01002538,L10 and L11: Lower supervisory and technical occupations,99,83,16
E01002538,L12: Semi-routine occupations,126,142,-16
E01002538,L13: Routine occupations,95,79,16
E01002538,L14.1 and L14.2: Never worked and long-term unemployed,99,56,43
E01002538,L15: Full-time students,50,52,-2
E01002538,"L4, L5 and L6: Lower managerial, administrative and professional occupations",344,302,42
E01002538,L7: Intermediate occupations,209,208,1
E01002538,L8 and L9: Small employers and own account workers,161,127,34
E01002539,"L1, L2 and L3: Higher managerial, administrative and professional occupations",295,166,129
E01002539,L10 and L11: Lower supervisory and technical occupations,65,72,-7
E01002539,L12: Semi-routine occupations,117,98,19
E01002539,L13: Routine occupations,66,59,7
E01002539,L14.1 and L14.2: Never worked and long-term unemployed,114,29,85
E01002539,L15: Full-time students,68,67,1
E01002539,"L4, L5 and L6: Lower managerial, administrative and professional occupations",333,268,65
E01002539,L7: Intermediate occupations,193,192,1
E01002539,L8 and L9: Small employers and own account workers,152,128,24
E01002540,"L1, L2 and L3: Higher managerial, administrative and professional occupations",79,83,-4
E01002540,L10 and L11: Lower supervisory and technical occupations,63,94,-31
E01002540,L12: Semi-routine occupations,177,181,-4
E01002540,L13: Routine occupations,167,142,25
E01002540,L14.1 and L14.2: Never worked and long-term unemployed,221,147,74
E01002540,L15: Full-time students,127,112,15
E01002540,"L4, L5 and L6: Lower managerial, administrative and professional occupations",223,190,33
E01002540,L7: Intermediate occupations,130,176,-46
E01002540,L8 and L9: Small employers and own account workers,176,86,90
E01002541,"L1, L2 and L3: Higher managerial, administrative and professional occupations",183,162,21
E01002541,L10 and L11: Lower supervisory and technical occupations,90,88,2
E01002541,L12: Semi-routine occupations,187,176,11
E01002541,L13: Routine occupations,175,140,35
E01002541,L14.1 and L14.2: Never worked and long-term unemployed,159,90,69
E01002541,L15: Full-time students,124,106,18
E01002541,"L4, L5 and L6: Lower managerial, administrative and professional occupations",302,322,-20
E01002541,L7: Intermediate occupations,180,216,-36
E01002541,L8 and L9: Small employers and own account workers,214,151,63
E01002542,"L1, L2 and L3: Higher managerial, administrative and professional occupations",86,71,15
E01002542,L10 and L11: Lower supervisory and technical occupations,94,90,4
E01002542,L12: Semi-routine occupations,203,214,-11
E01002542,L13: Routine occupations,203,141,62
E01002542,L14.1 and L14.2: Never worked and long-term unemployed,281,179,102
E01002542,L15: Full-time students,158,146,12
E01002542,"L4, L5 and L6: Lower managerial, administrative and professional occupations",147,210,-63
E01002542,L7: Intermediate occupations,131,138,-7
E01002542,L8 and L9: Small employers and own account workers,179,114,65
E01002543,"L1, L2 and L3: Higher managerial, administrative and professional occupations",91,72,19
E01002543,L10 and L11: Lower supervisory and technical occupations,83,68,15
E01002543,L12: Semi-routine occupations,190,183,7
E01002543,L13: Routine occupations,207,155,52
E01002543,L14.1 and L14.2: Never worked and long-term unemployed,224,141,83
E01002543,L15: Full-time students,140,125,15
E01002543,"L4, L5 and L6: Lower managerial, administrative and professional occupations",199,175,24
E01002543,L7: Intermediate occupations,137,156,-19
E01002543,L8 and L9: Small employers and own account workers,150,85,65
E01002544,"L1, L2 and L3: Higher managerial, administrative and professional occupations",128,112,16
E01002544,L10 and L11: Lower supervisory and technical occupations,67,96,-29
E01002544,L12: Semi-routine occupations,135,164,-29
E01002544,L13: Routine occupations,155,106,49
E01002544,L14.1 and L14.2: Never worked and long-term unemployed,167,107,60
E01002544,L15: Full-time students,117,135,-18
E01002544,"L4, L5 and L6: Lower managerial, administrative and professional occupations",232,253,-21
E01002544,L7: Intermediate occupations,153,149,4
E01002544,L8 and L9: Small employers and own account workers,189,119,70
E01002545,"L1, L2 and L3: Higher managerial, administrative and professional occupations",54,48,6
E01002545,L10 and L11: Lower supervisory and technical occupations,57,65,-8
E01002545,L12: Semi-routine occupations,165,159,6
E01002545,L13: Routine occupations,145,104,41
E01002545,L14.1 and L14.2: Never worked and long-term unemployed,208,131,77
E01002545,L15: Full-time students,111,168,-57
E01002545,"L4, L5 and L6: Lower managerial, administrative and professional occupations",135,133,2
E01002545,L7: Intermediate occupations,113,116,-3
E01002545,L8 and L9: Small employers and own account workers,111,77,34
E01002546,"L1, L2 and L3: Higher managerial, administrative and professional occupations",89,51,38
E01002546,L10 and L11: Lower supervisory and technical occupations,67,97,-30
E01002546,L12: Semi-routine occupations,179,181,-2
E01002546,L13: Routine occupations,225,146,79
E01002546,L14.1 and L14.2: Never worked and long-term unemployed,213,105,108
E01002546,L15: Full-time students,152,171,-19
E01002546,"L4, L5 and L6: Lower managerial, administrative and professional occupations",144,164,-20
E01002546,L7: Intermediate occupations,136,142,-6
E01002546,L8 and L9: Small employers and own account workers,130,83,47
E01002547,"L1, L2 and L3: Higher managerial, administrative and professional occupations",79,63,16
E01002547,L10 and L11: Lower supervisory and technical occupations,52,69,-17
E01002547,L12: Semi-routine occupations,163,159,4
E01002547,L13: Routine occupations,214,119,95
E01002547,L14.1 and L14.2: Never worked and long-term unemployed,220,149,71
E01002547,L15: Full-time students,141,174,-33
E01002547,"L4, L5 and L6: Lower managerial, administrative and professional occupations",178,172,6
E01002547,L7: Intermediate occupations,110,140,-30
E01002547,L8 and L9: Small employers and own account workers,154,95,59
E01002548,"L1, L2 and L3: Higher managerial, administrative and professional occupations",143,78,65
E01002548,L10 and L11: Lower supervisory and technical occupations,83,97,-14
E01002548,L12: Semi-routine occupations,165,174,-9
E01002548,L13: Routine occupations,228,183,45
E01002548,L14.1 and L14.2: Never worked and long-term unemployed,226,102,124
E01002548,L15: Full-time students,91,90,1
E01002548,"L4, L5 and L6: Lower managerial, administrative and professional occupations",188,158,30
E01002548,L7: Intermediate occupations,183,154,29
E01002548,L8 and L9: Small employers and own account workers,151,78,73
E01002549,"L1, L2 and L3: Higher managerial, administrative and professional occupations",150,138,12
E01002549,L10 and L11: Lower supervisory and technical occupations,84,120,-36
E01002549,L12: Semi-routine occupations,159,221,-62
E01002549,L13: Routine occupations,165,153,12
E01002549,L14.1 and L14.2: Never worked and long-term unemployed,151,89,62
E01002549,L15: Full-time students,121,228,-107
E01002549,"L4, L5 and L6: Lower managerial, administrative and professional occupations",280,299,-19
E01002549,L7: Intermediate occupations,197,235,-38
E01002549,L8 and L9: Small employers and own account workers,152,129,23
E01002550,"L1, L2 and L3: Higher managerial, administrative and professional occupations",124,121,3
E01002550,L10 and L11: Lower supervisory and technical occupations,93,110,-17
E01002550,L12: Semi-routine occupations,150,169,-19
E01002550,L13: Routine occupations,190,176,14
E01002550,L14.1 and L14.2: Never worked and long-term unemployed,157,87,70
E01002550,L15: Full-time students,112,191,-79
E01002550,"L4, L5 and L6: Lower managerial, administrative and professional occupations",303,253,50
E01002550,L7: Intermediate occupations,158,184,-26
E01002550,L8 and L9: Small employers and own account workers,152,82,70
E01002551,"L1, L2 and L3: Higher managerial, administrative and professional occupations",129,62,67
E01002551,L10 and L11: Lower supervisory and technical occupations,85,87,-2
E01002551,L12: Semi-routine occupations,190,150,40
E01002551,L13: Routine occupations,205,130,75
E01002551,L14.1 and L14.2: Never worked and long-term unemployed,190,79,111
E01002551,L15: Full-time students,312,161,151
E01002551,"L4, L5 and L6: Lower managerial, administrative and professional occupations",263,190,73
E01002551,L7: Intermediate occupations,184,139,45
E01002551,L8 and L9: Small employers and own account workers,157,91,66
E01002552,"L1, L2 and L3: Higher managerial, administrative and professional occupations",116,80,36
E01002552,L10 and L11: Lower supervisory and technical occupations,74,97,-23
E01002552,L12: Semi-routine occupations,176,180,-4
E01002552,L13: Routine occupations,185,156,29
E01002552,L14.1 and L14.2: Never worked and long-term unemployed,138,89,49
E01002552,L15: Full-time students,122,163,-41
E01002552,"L4, L5 and L6: Lower managerial, administrative and professional occupations",221,160,61
E01002552,L7: Intermediate occupations,150,133,17
E01002552,L8 and L9: Small employers and own account workers,163,97,66
E01002553,"L1, L2 and L3: Higher managerial, administrative and professional occupations",102,52,50
E01002553,L10 and L11: Lower supervisory and technical occupations,83,90,-7
E01002553,L12: Semi-routine occupations,191,185,6
E01002553,L13: Routine occupations,192,176,16
E01002553,L14.1 and L14.2: Never worked and long-term unemployed,194,100,94
E01002553,L15: Full-time students,138,177,-39
E01002553,"L4, L5 and L6: Lower managerial, administrative and professional occupations",204,201,3
E01002553,L7: Intermediate occupations,172,156,16
E01002553,L8 and L9: Small employers and own account workers,131,90,41
E01002555,"L1, L2 and L3: Higher managerial, administrative and professional occupations",135,106,29
E01002555,L10 and L11: Lower supervisory and technical occupations,96,117,-21
E01002555,L12: Semi-routine occupations,194,212,-18
E01002555,L13: Routine occupations,261,166,95
E01002555,L14.1 and L14.2: Never worked and long-term unemployed,192,78,114
E01002555,L15: Full-time students,122,129,-7
E01002555,"L4, L5 and L6: Lower managerial, administrative and professional occupations",299,243,56
E01002555,L7: Intermediate occupations,239,240,-1
E01002555,L8 and L9: Small employers and own account workers,176,143,33
E01002556,"L1, L2 and L3: Higher managerial, administrative and professional occupations",96,75,21
E01002556,L10 and L11: Lower supervisory and technical occupations,94,109,-15
E01002556,L12: Semi-routine occupations,207,177,30
E01002556,L13: Routine occupations,232,151,81
E01002556,L14.1 and L14.2: Never worked and long-term unemployed,128,69,59
E01002556,L15: Full-time students,101,83,18
E01002556,"L4, L5 and L6: Lower managerial, administrative and professional occupations",241,220,21
E01002556,L7: Intermediate occupations,179,203,-24
E01002556,L8 and L9: Small employers and own account workers,165,103,62
E01002557,"L1, L2 and L3: Higher managerial, administrative and professional occupations",102,98,4
E01002557,L10 and L11: Lower supervisory and technical occupations,113,106,7
E01002557,L12: Semi-routine occupations,181,201,-20
E01002557,L13: Routine occupations,216,151,65
E01002557,L14.1 and L14.2: Never worked and long-term unemployed,168,80,88
E01002557,L15: Full-time students,112,100,12
E01002557,"L4, L5 and L6: Lower managerial, administrative and professional occupations",244,217,27
E01002557,L7: Intermediate occupations,237,218,19
E01002557,L8 and L9: Small employers and own account workers,233,122,111
E01002558,"L1, L2 and L3: Higher managerial, administrative and professional occupations",111,70,41
E01002558,L10 and L11: Lower supervisory and technical occupations,86,124,-38
E01002558,L12: Semi-routine occupations,223,203,20
E01002558,L13: Routine occupations,245,193,52
E01002558,L14.1 and L14.2: Never worked and long-term unemployed,222,133,89
E01002558,L15: Full-time students,147,116,31
E01002558,"L4, L5 and L6: Lower managerial, administrative and professional occupations",270,234,36
E01002558,L7: Intermediate occupations,240,236,4
E01002558,L8 and L9: Small employers and own account workers,158,88,70
E01002559,"L1, L2 and L3: Higher managerial, administrative and professional occupations",114,100,14
E01002559,L10 and L11: Lower supervisory and technical occupations,163,158,5
E01002559,L12: Semi-routine occupations,281,237,44
E01002559,L13: Routine occupations,287,208,79
E01002559,L14.1 and L14.2: Never worked and long-term unemployed,211,118,93
E01002559,L15: Full-time students,152,128,24
E01002559,"L4, L5 and L6: Lower managerial, administrative and professional occupations",338,311,27
E01002559,L7: Intermediate occupations,230,249,-19
E01002559,L8 and L9: Small employers and own account workers,205,148,57
E01002560,"L1, L2 and L3: Higher managerial, administrative and professional occupations",108,64,44
E01002560,L10 and L11: Lower supervisory and technical occupations,93,111,-18
E01002560,L12: Semi-routine occupations,226,186,40
E01002560,L13: Routine occupations,251,168,83
E01002560,L14.1 and L14.2: Never worked and long-term unemployed,212,99,113
E01002560,L15: Full-time students,127,119,8
E01002560,"L4, L5 and L6: Lower managerial, administrative and professional occupations",247,184,63
E01002560,L7: Intermediate occupations,172,183,-11
E01002560,L8 and L9: Small employers and own account workers,166,117,49
E01002561,"L1, L2 and L3: Higher managerial, administrative and professional occupations",69,34,35
E01002561,L10 and L11: Lower supervisory and technical occupations,75,86,-11
E01002561,L12: Semi-routine occupations,191,160,31
E01002561,L13: Routine occupations,198,137,61
E01002561,L14.1 and L14.2: Never worked and long-term unemployed,166,98,68
E01002561,L15: Full-time students,100,79,21
E01002561,"L4, L5 and L6: Lower managerial, administrative and professional occupations",212,141,71
E01002561,L7: Intermediate occupations,138,157,-19
E01002561,L8 and L9: Small employers and own account workers,90,65,25
E01002562,"L1, L2 and L3: Higher managerial, administrative and professional occupations",139,99,40
E01002562,L10 and L11: Lower supervisory and technical occupations,58,68,-10
E01002562,L12: Semi-routine occupations,117,128,-11
E01002562,L13: Routine occupations,117,112,5
E01002562,L14.1 and L14.2: Never worked and long-term unemployed,129,105,24
E01002562,L15: Full-time students,134,89,45
E01002562,"L4, L5 and L6: Lower managerial, administrative and professional occupations",236,193,43
E01002562,L7: Intermediate occupations,105,132,-27
E01002562,L8 and L9: Small employers and own account workers,142,140,2
E01002563,"L1, L2 and L3: Higher managerial, administrative and professional occupations",310,158,152
E01002563,L10 and L11: Lower supervisory and technical occupations,61,71,-10
E01002563,L12: Semi-routine occupations,94,106,-12
E01002563,L13: Routine occupations,93,74,19
E01002563,L14.1 and L14.2: Never worked and long-term unemployed,105,71,34
E01002563,L15: Full-time students,140,127,13
E01002563,"L4, L5 and L6: Lower managerial, administrative and professional occupations",383,345,38
E01002563,L7: Intermediate occupations,173,169,4
E01002563,L8 and L9: Small employers and own account workers,206,167,39
E01002564,"L1, L2 and L3: Higher managerial, administrative and professional occupations",192,110,82
E01002564,L10 and L11: Lower supervisory and technical occupations,61,110,-49
E01002564,L12: Semi-routine occupations,153,172,-19
E01002564,L13: Routine occupations,173,150,23
E01002564,L14.1 and L14.2: Never worked and long-term unemployed,175,123,52
E01002564,L15: Full-time students,141,122,19
E01002564,"L4, L5 and L6: Lower managerial, administrative and professional occupations",284,302,-18
E01002564,L7: Intermediate occupations,135,144,-9
E01002564,L8 and L9: Small employers and own account workers,182,153,29
E01002565,"L1, L2 and L3: Higher managerial, administrative and professional occupations",368,252,116
E01002565,L10 and L11: Lower supervisory and technical occupations,75,93,-18
E01002565,L12: Semi-routine occupations,139,159,-20
E01002565,L13: Routine occupations,161,112,49
E01002565,L14.1 and L14.2: Never worked and long-term unemployed,194,59,135
E01002565,L15: Full-time students,161,882,-721
E01002565,"L4, L5 and L6: Lower managerial, administrative and professional occupations",430,448,-18
E01002565,L7: Intermediate occupations,184,219,-35
E01002565,L8 and L9: Small employers and own account workers,264,197,67
E01002567,"L1, L2 and L3: Higher managerial, administrative and professional occupations",290,235,55
E01002567,L10 and L11: Lower supervisory and technical occupations,61,85,-24
E01002567,L12: Semi-routine occupations,114,101,13
E01002567,L13: Routine occupations,122,94,28
E01002567,L14.1 and L14.2: Never worked and long-term unemployed,108,53,55
E01002567,L15: Full-time students,67,64,3
E01002567,"L4, L5 and L6: Lower managerial, administrative and professional occupations",425,452,-27
E01002567,L7: Intermediate occupations,141,149,-8
E01002567,L8 and L9: Small employers and own account workers,179,145,34
E01002569,"L1, L2 and L3: Higher managerial, administrative and professional occupations",566,343,223
E01002569,L10 and L11: Lower supervisory and technical occupations,45,41,4
E01002569,L12: Semi-routine occupations,80,80,0
E01002569,L13: Routine occupations,71,57,14
E01002569,L14.1 and L14.2: Never worked and long-term unemployed,105,37,68
E01002569,L15: Full-time students,97,75,22
E01002569,"L4, L5 and L6: Lower managerial, administrative and professional occupations",474,486,-12
E01002569,L7: Intermediate occupations,134,149,-15
E01002569,L8 and L9: Small employers and own account workers,198,115,83
E01002570,"L1, L2 and L3: Higher managerial, administrative and professional occupations",344,304,40
E01002570,L10 and L11: Lower supervisory and technical occupations,41,60,-19
E01002570,L12: Semi-routine occupations,62,72,-10
E01002570,L13: Routine occupations,74,49,25
E01002570,L14.1 and L14.2: Never worked and long-term unemployed,140,64,76
E01002570,L15: Full-time students,96,109,-13
E01002570,"L4, L5 and L6: Lower managerial, administrative and professional occupations",356,443,-87
E01002570,L7: Intermediate occupations,112,127,-15
E01002570,L8 and L9: Small employers and own account workers,158,134,24
E01002571,"L1, L2 and L3: Higher managerial, administrative and professional occupations",359,289,70
E01002571,L10 and L11: Lower supervisory and technical occupations,22,23,-1
E01002571,L12: Semi-routine occupations,46,32,14
E01002571,L13: Routine occupations,24,27,-3
E01002571,L14.1 and L14.2: Never worked and long-term unemployed,40,19,21
E01002571,L15: Full-time students,52,67,-15
E01002571,"L4, L5 and L6: Lower managerial, administrative and professional occupations",290,335,-45
E01002571,L7: Intermediate occupations,83,94,-11
E01002571,L8 and L9: Small employers and own account workers,151,127,24
E01002572,"L1, L2 and L3: Higher managerial, administrative and professional occupations",157,110,47
E01002572,L10 and L11: Lower supervisory and technical occupations,48,79,-31
E01002572,L12: Semi-routine occupations,124,130,-6
E01002572,L13: Routine occupations,132,134,-2
E01002572,L14.1 and L14.2: Never worked and long-term unemployed,127,115,12
E01002572,L15: Full-time students,101,116,-15
E01002572,"L4, L5 and L6: Lower managerial, administrative and professional occupations",260,259,1
E01002572,L7: Intermediate occupations,120,159,-39
E01002572,L8 and L9: Small employers and own account workers,126,100,26
E01002573,"L1, L2 and L3: Higher managerial, administrative and professional occupations",419,359,60
E01002573,L10 and L11: Lower supervisory and technical occupations,22,23,-1
E01002573,L12: Semi-routine occupations,51,62,-11
E01002573,L13: Routine occupations,54,31,23
E01002573,L14.1 and L14.2: Never worked and long-term unemployed,46,36,10
E01002573,L15: Full-time students,103,94,9
E01002573,"L4, L5 and L6: Lower managerial, administrative and professional occupations",351,406,-55
E01002573,L7: Intermediate occupations,81,102,-21
E01002573,L8 and L9: Small employers and own account workers,141,117,24
E01002574,"L1, L2 and L3: Higher managerial, administrative and professional occupations",446,290,156
E01002574,L10 and L11: Lower supervisory and technical occupations,39,21,18
E01002574,L12: Semi-routine occupations,54,42,12
E01002574,L13: Routine occupations,38,32,6
E01002574,L14.1 and L14.2: Never worked and long-term unemployed,61,34,27
E01002574,L15: Full-time students,168,125,43
E01002574,"L4, L5 and L6: Lower managerial, administrative and professional occupations",344,413,-69
E01002574,L7: Intermediate occupations,120,118,2
E01002574,L8 and L9: Small employers and own account workers,153,115,38
E01002575,"L1, L2 and L3: Higher managerial, administrative and professional occupations",415,331,84
E01002575,L10 and L11: Lower supervisory and technical occupations,39,41,-2
E01002575,L12: Semi-routine occupations,53,56,-3
E01002575,L13: Routine occupations,77,49,28
E01002575,L14.1 and L14.2: Never worked and long-term unemployed,56,44,12
E01002575,L15: Full-time students,110,115,-5
E01002575,"L4, L5 and L6: Lower managerial, administrative and professional occupations",335,446,-111
E01002575,L7: Intermediate occupations,101,117,-16
E01002575,L8 and L9: Small employers and own account workers,160,117,43
E01002576,"L1, L2 and L3: Higher managerial, administrative and professional occupations",315,196,119
E01002576,L10 and L11: Lower supervisory and technical occupations,45,31,14
E01002576,L12: Semi-routine occupations,99,104,-5
E01002576,L13: Routine occupations,80,63,17
E01002576,L14.1 and L14.2: Never worked and long-term unemployed,109,57,52
E01002576,L15: Full-time students,106,79,27
E01002576,"L4, L5 and L6: Lower managerial, administrative and professional occupations",319,307,12
E01002576,L7: Intermediate occupations,121,100,21
E01002576,L8 and L9: Small employers and own account workers,150,109,41
E01002577,"L1, L2 and L3: Higher managerial, administrative and professional occupations",389,325,64
E01002577,L10 and L11: Lower supervisory and technical occupations,56,44,12
E01002577,L12: Semi-routine occupations,61,90,-29
E01002577,L13: Routine occupations,79,57,22
E01002577,L14.1 and L14.2: Never worked and long-term unemployed,86,62,24
E01002577,L15: Full-time students,85,108,-23
E01002577,"L4, L5 and L6: Lower managerial, administrative and professional occupations",351,500,-149
E01002577,L7: Intermediate occupations,88,140,-52
E01002577,L8 and L9: Small employers and own account workers,210,172,38
E01002578,"L1, L2 and L3: Higher managerial, administrative and professional occupations",349,268,81
E01002578,L10 and L11: Lower supervisory and technical occupations,27,28,-1
E01002578,L12: Semi-routine occupations,67,45,22
E01002578,L13: Routine occupations,46,50,-4
E01002578,L14.1 and L14.2: Never worked and long-term unemployed,74,37,37
E01002578,L15: Full-time students,102,97,5
E01002578,"L4, L5 and L6: Lower managerial, administrative and professional occupations",328,339,-11
E01002578,L7: Intermediate occupations,81,102,-21
E01002578,L8 and L9: Small employers and own account workers,149,137,12
E01002579,"L1, L2 and L3: Higher managerial, administrative and professional occupations",453,316,137
E01002579,L10 and L11: Lower supervisory and technical occupations,28,47,-19
E01002579,L12: Semi-routine occupations,62,63,-1
E01002579,L13: Routine occupations,42,42,0
E01002579,L14.1 and L14.2: Never worked and long-term unemployed,85,49,36
E01002579,L15: Full-time students,100,88,12
E01002579,"L4, L5 and L6: Lower managerial, administrative and professional occupations",354,467,-113
E01002579,L7: Intermediate occupations,104,106,-2
E01002579,L8 and L9: Small employers and own account workers,172,161,11
E01002580,"L1, L2 and L3: Higher managerial, administrative and professional occupations",293,222,71
E01002580,L10 and L11: Lower supervisory and technical occupations,34,38,-4
E01002580,L12: Semi-routine occupations,81,79,2
E01002580,L13: Routine occupations,92,52,40
E01002580,L14.1 and L14.2: Never worked and long-term unemployed,111,50,61
E01002580,L15: Full-time students,80,60,20
E01002580,"L4, L5 and L6: Lower managerial, administrative and professional occupations",267,345,-78
E01002580,L7: Intermediate occupations,79,121,-42
E01002580,L8 and L9: Small employers and own account workers,148,101,47
E01002581,"L1, L2 and L3: Higher managerial, administrative and professional occupations",403,364,39
E01002581,L10 and L11: Lower supervisory and technical occupations,39,37,2
E01002581,L12: Semi-routine occupations,78,85,-7
E01002581,L13: Routine occupations,73,65,8
E01002581,L14.1 and L14.2: Never worked and long-term unemployed,89,45,44
E01002581,L15: Full-time students,93,101,-8
E01002581,"L4, L5 and L6: Lower managerial, administrative and professional occupations",472,525,-53
E01002581,L7: Intermediate occupations,123,145,-22
E01002581,L8 and L9: Small employers and own account workers,174,125,49
E01002582,"L1, L2 and L3: Higher managerial, administrative and professional occupations",410,284,126
E01002582,L10 and L11: Lower supervisory and technical occupations,30,45,-15
E01002582,L12: Semi-routine occupations,57,59,-2
E01002582,L13: Routine occupations,38,48,-10
E01002582,L14.1 and L14.2: Never worked and long-term unemployed,60,47,13
E01002582,L15: Full-time students,78,81,-3
E01002582,"L4, L5 and L6: Lower managerial, administrative and professional occupations",378,463,-85
E01002582,L7: Intermediate occupations,84,107,-23
E01002582,L8 and L9: Small employers and own account workers,159,111,48
E01002583,"L1, L2 and L3: Higher managerial, administrative and professional occupations",125,65,60
E01002583,L10 and L11: Lower supervisory and technical occupations,89,65,24
E01002583,L12: Semi-routine occupations,148,120,28
E01002583,L13: Routine occupations,271,81,190
E01002583,L14.1 and L14.2: Never worked and long-term unemployed,211,104,107
E01002583,L15: Full-time students,129,103,26
E01002583,"L4, L5 and L6: Lower managerial, administrative and professional occupations",206,159,47
E01002583,L7: Intermediate occupations,172,129,43
E01002583,L8 and L9: Small employers and own account workers,121,86,35
E01002584,"L1, L2 and L3: Higher managerial, administrative and professional occupations",98,79,19
E01002584,L10 and L11: Lower supervisory and technical occupations,121,94,27
E01002584,L12: Semi-routine occupations,196,200,-4
E01002584,L13: Routine occupations,364,156,208
E01002584,L14.1 and L14.2: Never worked and long-term unemployed,294,139,155
E01002584,L15: Full-time students,135,177,-42
E01002584,"L4, L5 and L6: Lower managerial, administrative and professional occupations",192,178,14
E01002584,L7: Intermediate occupations,181,150,31
E01002584,L8 and L9: Small employers and own account workers,166,91,75
E01002585,"L1, L2 and L3: Higher managerial, administrative and professional occupations",91,58,33
E01002585,L10 and L11: Lower supervisory and technical occupations,98,95,3
E01002585,L12: Semi-routine occupations,170,177,-7
E01002585,L13: Routine occupations,314,181,133
E01002585,L14.1 and L14.2: Never worked and long-term unemployed,217,125,92
E01002585,L15: Full-time students,127,206,-79
E01002585,"L4, L5 and L6: Lower managerial, administrative and professional occupations",166,163,3
E01002585,L7: Intermediate occupations,156,125,31
E01002585,L8 and L9: Small employers and own account workers,150,116,34
E01002586,"L1, L2 and L3: Higher managerial, administrative and professional occupations",88,101,-13
E01002586,L10 and L11: Lower supervisory and technical occupations,108,142,-34
E01002586,L12: Semi-routine occupations,182,244,-62
E01002586,L13: Routine occupations,324,235,89
E01002586,L14.1 and L14.2: Never worked and long-term unemployed,188,132,56
E01002586,L15: Full-time students,111,226,-115
E01002586,"L4, L5 and L6: Lower managerial, administrative and professional occupations",182,226,-44
E01002586,L7: Intermediate occupations,161,216,-55
E01002586,L8 and L9: Small employers and own account workers,154,146,8
E01002587,"L1, L2 and L3: Higher managerial, administrative and professional occupations",130,108,22
E01002587,L10 and L11: Lower supervisory and technical occupations,103,104,-1
E01002587,L12: Semi-routine occupations,198,199,-1
E01002587,L13: Routine occupations,372,178,194
E01002587,L14.1 and L14.2: Never worked and long-term unemployed,286,156,130
E01002587,L15: Full-time students,149,209,-60
E01002587,"L4, L5 and L6: Lower managerial, administrative and professional occupations",270,213,57
E01002587,L7: Intermediate occupations,184,158,26
E01002587,L8 and L9: Small employers and own account workers,231,111,120
E01002588,"L1, L2 and L3: Higher managerial, administrative and professional occupations",87,44,43
E01002588,L10 and L11: Lower supervisory and technical occupations,78,77,1
E01002588,L12: Semi-routine occupations,196,204,-8
E01002588,L13: Routine occupations,247,157,90
E01002588,L14.1 and L14.2: Never worked and long-term unemployed,246,200,46
E01002588,L15: Full-time students,151,142,9
E01002588,"L4, L5 and L6: Lower managerial, administrative and professional occupations",195,139,56
E01002588,L7: Intermediate occupations,158,153,5
E01002588,L8 and L9: Small employers and own account workers,150,84,66
E01002589,"L1, L2 and L3: Higher managerial, administrative and professional occupations",146,68,78
E01002589,L10 and L11: Lower supervisory and technical occupations,109,106,3
E01002589,L12: Semi-routine occupations,274,230,44
E01002589,L13: Routine occupations,298,180,118
E01002589,L14.1 and L14.2: Never worked and long-term unemployed,293,191,102
E01002589,L15: Full-time students,215,170,45
E01002589,"L4, L5 and L6: Lower managerial, administrative and professional occupations",237,199,38
E01002589,L7: Intermediate occupations,205,188,17
E01002589,L8 and L9: Small employers and own account workers,182,104,78
E01002590,"L1, L2 and L3: Higher managerial, administrative and professional occupations",184,103,81
E01002590,L10 and L11: Lower supervisory and technical occupations,143,126,17
E01002590,L12: Semi-routine occupations,230,180,50
E01002590,L13: Routine occupations,262,157,105
E01002590,L14.1 and L14.2: Never worked and long-term unemployed,295,89,206
E01002590,L15: Full-time students,149,137,12
E01002590,"L4, L5 and L6: Lower managerial, administrative and professional occupations",348,233,115
E01002590,L7: Intermediate occupations,241,213,28
E01002590,L8 and L9: Small employers and own account workers,200,123,77
E01002591,"L1, L2 and L3: Higher managerial, administrative and professional occupations",103,54,49
E01002591,L10 and L11: Lower supervisory and technical occupations,108,109,-1
E01002591,L12: Semi-routine occupations,182,205,-23
E01002591,L13: Routine occupations,233,188,45
E01002591,L14.1 and L14.2: Never worked and long-term unemployed,165,77,88
E01002591,L15: Full-time students,130,125,5
E01002591,"L4, L5 and L6: Lower managerial, administrative and professional occupations",242,181,61
E01002591,L7: Intermediate occupations,182,196,-14
E01002591,L8 and L9: Small employers and own account workers,179,121,58
E01002592,"L1, L2 and L3: Higher managerial, administrative and professional occupations",104,76,28
E01002592,L10 and L11: Lower supervisory and technical occupations,114,124,-10
E01002592,L12: Semi-routine occupations,248,239,9
E01002592,L13: Routine occupations,286,188,98
E01002592,L14.1 and L14.2: Never worked and long-term unemployed,190,111,79
E01002592,L15: Full-time students,129,142,-13
E01002592,"L4, L5 and L6: Lower managerial, administrative and professional occupations",251,234,17
E01002592,L7: Intermediate occupations,189,206,-17
E01002592,L8 and L9: Small employers and own account workers,174,128,46
E01002593,"L1, L2 and L3: Higher managerial, administrative and professional occupations",136,93,43
E01002593,L10 and L11: Lower supervisory and technical occupations,95,134,-39
E01002593,L12: Semi-routine occupations,261,259,2
E01002593,L13: Routine occupations,305,166,139
E01002593,L14.1 and L14.2: Never worked and long-term unemployed,215,118,97
E01002593,L15: Full-time students,153,145,8
E01002593,"L4, L5 and L6: Lower managerial, administrative and professional occupations",301,272,29
E01002593,L7: Intermediate occupations,200,242,-42
E01002593,L8 and L9: Small employers and own account workers,212,130,82
E01002594,"L1, L2 and L3: Higher managerial, administrative and professional occupations",147,97,50
E01002594,L10 and L11: Lower supervisory and technical occupations,121,114,7
E01002594,L12: Semi-routine occupations,224,243,-19
E01002594,L13: Routine occupations,286,159,127
E01002594,L14.1 and L14.2: Never worked and long-term unemployed,234,113,121
E01002594,L15: Full-time students,150,139,11
E01002594,"L4, L5 and L6: Lower managerial, administrative and professional occupations",261,228,33
E01002594,L7: Intermediate occupations,211,221,-10
E01002594,L8 and L9: Small employers and own account workers,213,108,105
E01002595,"L1, L2 and L3: Higher managerial, administrative and professional occupations",104,62,42
E01002595,L10 and L11: Lower supervisory and technical occupations,120,105,15
E01002595,L12: Semi-routine occupations,270,259,11
E01002595,L13: Routine occupations,290,227,63
E01002595,L14.1 and L14.2: Never worked and long-term unemployed,184,105,79
E01002595,L15: Full-time students,153,138,15
E01002595,"L4, L5 and L6: Lower managerial, administrative and professional occupations",266,208,58
E01002595,L7: Intermediate occupations,202,220,-18
E01002595,L8 and L9: Small employers and own account workers,157,106,51
E01002596,"L1, L2 and L3: Higher managerial, administrative and professional occupations",128,100,28
E01002596,L10 and L11: Lower supervisory and technical occupations,97,107,-10
E01002596,L12: Semi-routine occupations,174,214,-40
E01002596,L13: Routine occupations,251,171,80
E01002596,L14.1 and L14.2: Never worked and long-term unemployed,232,178,54
E01002596,L15: Full-time students,164,134,30
E01002596,"L4, L5 and L6: Lower managerial, administrative and professional occupations",265,284,-19
E01002596,L7: Intermediate occupations,197,223,-26
E01002596,L8 and L9: Small employers and own account workers,164,104,60
E01002598,"L1, L2 and L3: Higher managerial, administrative and professional occupations",111,75,36
E01002598,L10 and L11: Lower supervisory and technical occupations,108,120,-12
E01002598,L12: Semi-routine occupations,176,206,-30
E01002598,L13: Routine occupations,262,197,65
E01002598,L14.1 and L14.2: Never worked and long-term unemployed,152,121,31
E01002598,L15: Full-time students,117,134,-17
E01002598,"L4, L5 and L6: Lower managerial, administrative and professional occupations",247,181,66
E01002598,L7: Intermediate occupations,192,179,13
E01002598,L8 and L9: Small employers and own account workers,148,115,33
E01002599,"L1, L2 and L3: Higher managerial, administrative and professional occupations",105,56,49
E01002599,L10 and L11: Lower supervisory and technical occupations,83,107,-24
E01002599,L12: Semi-routine occupations,184,185,-1
E01002599,L13: Routine occupations,156,133,23
E01002599,L14.1 and L14.2: Never worked and long-term unemployed,152,119,33
E01002599,L15: Full-time students,96,111,-15
E01002599,"L4, L5 and L6: Lower managerial, administrative and professional occupations",184,169,15
E01002599,L7: Intermediate occupations,166,177,-11
E01002599,L8 and L9: Small employers and own account workers,111,95,16
E01002600,"L1, L2 and L3: Higher managerial, administrative and professional occupations",68,49,19
E01002600,L10 and L11: Lower supervisory and technical occupations,92,101,-9
E01002600,L12: Semi-routine occupations,193,189,4
E01002600,L13: Routine occupations,198,174,24
E01002600,L14.1 and L14.2: Never worked and long-term unemployed,149,71,78
E01002600,L15: Full-time students,139,93,46
E01002600,"L4, L5 and L6: Lower managerial, administrative and professional occupations",192,152,40
E01002600,L7: Intermediate occupations,157,160,-3
E01002600,L8 and L9: Small employers and own account workers,129,107,22
E01002601,"L1, L2 and L3: Higher managerial, administrative and professional occupations",130,112,18
E01002601,L10 and L11: Lower supervisory and technical occupations,94,98,-4
E01002601,L12: Semi-routine occupations,151,169,-18
E01002601,L13: Routine occupations,165,123,42
E01002601,L14.1 and L14.2: Never worked and long-term unemployed,136,57,79
E01002601,L15: Full-time students,103,92,11
E01002601,"L4, L5 and L6: Lower managerial, administrative and professional occupations",301,237,64
E01002601,L7: Intermediate occupations,178,181,-3
E01002601,L8 and L9: Small employers and own account workers,172,136,36
E01002602,"L1, L2 and L3: Higher managerial, administrative and professional occupations",112,89,23
E01002602,L10 and L11: Lower supervisory and technical occupations,84,85,-1
E01002602,L12: Semi-routine occupations,127,160,-33
E01002602,L13: Routine occupations,142,111,31
E01002602,L14.1 and L14.2: Never worked and long-term unemployed,81,36,45
E01002602,L15: Full-time students,64,77,-13
E01002602,"L4, L5 and L6: Lower managerial, administrative and professional occupations",257,221,36
E01002602,L7: Intermediate occupations,171,202,-31
E01002602,L8 and L9: Small employers and own account workers,146,100,46
E01002603,"L1, L2 and L3: Higher managerial, administrative and professional occupations",118,115,3
E01002603,L10 and L11: Lower supervisory and technical occupations,74,94,-20
E01002603,L12: Semi-routine occupations,201,207,-6
E01002603,L13: Routine occupations,221,139,82
E01002603,L14.1 and L14.2: Never worked and long-term unemployed,167,120,47
E01002603,L15: Full-time students,117,114,3
E01002603,"L4, L5 and L6: Lower managerial, administrative and professional occupations",242,274,-32
E01002603,L7: Intermediate occupations,189,195,-6
E01002603,L8 and L9: Small employers and own account workers,175,104,71
E01002604,"L1, L2 and L3: Higher managerial, administrative and professional occupations",60,31,29
E01002604,L10 and L11: Lower supervisory and technical occupations,63,88,-25
E01002604,L12: Semi-routine occupations,154,198,-44
E01002604,L13: Routine occupations,191,147,44
E01002604,L14.1 and L14.2: Never worked and long-term unemployed,181,155,26
E01002604,L15: Full-time students,121,166,-45
E01002604,"L4, L5 and L6: Lower managerial, administrative and professional occupations",161,155,6
E01002604,L7: Intermediate occupations,120,115,5
E01002604,L8 and L9: Small employers and own account workers,168,94,74
E01002605,"L1, L2 and L3: Higher managerial, administrative and professional occupations",122,72,50
E01002605,L10 and L11: Lower supervisory and technical occupations,112,104,8
E01002605,L12: Semi-routine occupations,251,215,36
E01002605,L13: Routine occupations,229,171,58
E01002605,L14.1 and L14.2: Never worked and long-term unemployed,210,115,95
E01002605,L15: Full-time students,123,106,17
E01002605,"L4, L5 and L6: Lower managerial, administrative and professional occupations",257,215,42
E01002605,L7: Intermediate occupations,182,174,8
E01002605,L8 and L9: Small employers and own account workers,255,140,115
E01002606,"L1, L2 and L3: Higher managerial, administrative and professional occupations",68,31,37
E01002606,L10 and L11: Lower supervisory and technical occupations,86,107,-21
E01002606,L12: Semi-routine occupations,182,228,-46
E01002606,L13: Routine occupations,211,231,-20
E01002606,L14.1 and L14.2: Never worked and long-term unemployed,190,114,76
E01002606,L15: Full-time students,136,94,42
E01002606,"L4, L5 and L6: Lower managerial, administrative and professional occupations",169,141,28
E01002606,L7: Intermediate occupations,113,142,-29
E01002606,L8 and L9: Small employers and own account workers,148,95,53
E01002607,"L1, L2 and L3: Higher managerial, administrative and professional occupations",137,79,58
E01002607,L10 and L11: Lower supervisory and technical occupations,114,120,-6
E01002607,L12: Semi-routine occupations,278,211,67
E01002607,L13: Routine occupations,261,187,74
E01002607,L14.1 and L14.2: Never worked and long-term unemployed,177,93,84
E01002607,L15: Full-time students,140,138,2
E01002607,"L4, L5 and L6: Lower managerial, administrative and professional occupations",372,215,157
E01002607,L7: Intermediate occupations,185,191,-6
E01002607,L8 and L9: Small employers and own account workers,233,127,106
E01002608,"L1, L2 and L3: Higher managerial, administrative and professional occupations",112,70,42
E01002608,L10 and L11: Lower supervisory and technical occupations,96,94,2
E01002608,L12: Semi-routine occupations,179,187,-8
E01002608,L13: Routine occupations,225,162,63
E01002608,L14.1 and L14.2: Never worked and long-term unemployed,175,104,71
E01002608,L15: Full-time students,129,100,29
E01002608,"L4, L5 and L6: Lower managerial, administrative and professional occupations",211,191,20
E01002608,L7: Intermediate occupations,154,183,-29
E01002608,L8 and L9: Small employers and own account workers,172,105,67
E01002609,"L1, L2 and L3: Higher managerial, administrative and professional occupations",132,102,30
E01002609,L10 and L11: Lower supervisory and technical occupations,88,100,-12
E01002609,L12: Semi-routine occupations,153,198,-45
E01002609,L13: Routine occupations,158,123,35
E01002609,L14.1 and L14.2: Never worked and long-term unemployed,140,75,65
E01002609,L15: Full-time students,84,107,-23
E01002609,"L4, L5 and L6: Lower managerial, administrative and professional occupations",290,257,33
E01002609,L7: Intermediate occupations,181,190,-9
E01002609,L8 and L9: Small employers and own account workers,207,137,70
E01002610,"L1, L2 and L3: Higher managerial, administrative and professional occupations",112,71,41
E01002610,L10 and L11: Lower supervisory and technical occupations,80,87,-7
E01002610,L12: Semi-routine occupations,167,167,0
E01002610,L13: Routine occupations,202,150,52
E01002610,L14.1 and L14.2: Never worked and long-term unemployed,173,86,87
E01002610,L15: Full-time students,98,95,3
E01002610,"L4, L5 and L6: Lower managerial, administrative and professional occupations",202,179,23
E01002610,L7: Intermediate occupations,140,164,-24
E01002610,L8 and L9: Small employers and own account workers,151,97,54
E01002611,"L1, L2 and L3: Higher managerial, administrative and professional occupations",135,95,40
E01002611,L10 and L11: Lower supervisory and technical occupations,109,113,-4
E01002611,L12: Semi-routine occupations,204,199,5
E01002611,L13: Routine occupations,201,160,41
E01002611,L14.1 and L14.2: Never worked and long-term unemployed,164,84,80
E01002611,L15: Full-time students,185,113,72
E01002611,"L4, L5 and L6: Lower managerial, administrative and professional occupations",269,234,35
E01002611,L7: Intermediate occupations,189,187,2
E01002611,L8 and L9: Small employers and own account workers,190,125,65
E01002612,"L1, L2 and L3: Higher managerial, administrative and professional occupations",190,103,87
E01002612,L10 and L11: Lower supervisory and technical occupations,86,95,-9
E01002612,L12: Semi-routine occupations,200,195,5
E01002612,L13: Routine occupations,193,142,51
E01002612,L14.1 and L14.2: Never worked and long-term unemployed,164,101,63
E01002612,L15: Full-time students,132,94,38
E01002612,"L4, L5 and L6: Lower managerial, administrative and professional occupations",343,222,121
E01002612,L7: Intermediate occupations,201,171,30
E01002612,L8 and L9: Small employers and own account workers,164,96,68
E01002613,"L1, L2 and L3: Higher managerial, administrative and professional occupations",138,76,62
E01002613,L10 and L11: Lower supervisory and technical occupations,82,91,-9
E01002613,L12: Semi-routine occupations,179,199,-20
E01002613,L13: Routine occupations,211,155,56
E01002613,L14.1 and L14.2: Never worked and long-term unemployed,153,105,48
E01002613,L15: Full-time students,172,143,29
E01002613,"L4, L5 and L6: Lower managerial, administrative and professional occupations",241,227,14
E01002613,L7: Intermediate occupations,173,175,-2
E01002613,L8 and L9: Small employers and own account workers,199,116,83
E01002614,"L1, L2 and L3: Higher managerial, administrative and professional occupations",193,105,88
E01002614,L10 and L11: Lower supervisory and technical occupations,105,107,-2
E01002614,L12: Semi-routine occupations,168,167,1
E01002614,L13: Routine occupations,198,143,55
E01002614,L14.1 and L14.2: Never worked and long-term unemployed,147,66,81
E01002614,L15: Full-time students,92,104,-12
E01002614,"L4, L5 and L6: Lower managerial, administrative and professional occupations",291,284,7
E01002614,L7: Intermediate occupations,233,220,13
E01002614,L8 and L9: Small employers and own account workers,179,123,56
E01002615,"L1, L2 and L3: Higher managerial, administrative and professional occupations",78,53,25
E01002615,L10 and L11: Lower supervisory and technical occupations,84,88,-4
E01002615,L12: Semi-routine occupations,179,175,4
E01002615,L13: Routine occupations,208,160,48
E01002615,L14.1 and L14.2: Never worked and long-term unemployed,195,106,89
E01002615,L15: Full-time students,99,106,-7
E01002615,"L4, L5 and L6: Lower managerial, administrative and professional occupations",171,158,13
E01002615,L7: Intermediate occupations,133,138,-5
E01002615,L8 and L9: Small employers and own account workers,120,89,31
E01002616,"L1, L2 and L3: Higher managerial, administrative and professional occupations",114,62,52
E01002616,L10 and L11: Lower supervisory and technical occupations,88,87,1
E01002616,L12: Semi-routine occupations,173,147,26
E01002616,L13: Routine occupations,180,117,63
E01002616,L14.1 and L14.2: Never worked and long-term unemployed,105,51,54
E01002616,L15: Full-time students,100,67,33
E01002616,"L4, L5 and L6: Lower managerial, administrative and professional occupations",205,176,29
E01002616,L7: Intermediate occupations,191,188,3
E01002616,L8 and L9: Small employers and own account workers,140,83,57
E01002617,"L1, L2 and L3: Higher managerial, administrative and professional occupations",146,112,34
E01002617,L10 and L11: Lower supervisory and technical occupations,76,108,-32
E01002617,L12: Semi-routine occupations,119,150,-31
E01002617,L13: Routine occupations,141,119,22
E01002617,L14.1 and L14.2: Never worked and long-term unemployed,90,40,50
E01002617,L15: Full-time students,62,81,-19
E01002617,"L4, L5 and L6: Lower managerial, administrative and professional occupations",287,280,7
E01002617,L7: Intermediate occupations,194,197,-3
E01002617,L8 and L9: Small employers and own account workers,192,119,73
E01002618,"L1, L2 and L3: Higher managerial, administrative and professional occupations",176,116,60
E01002618,L10 and L11: Lower supervisory and technical occupations,58,76,-18
E01002618,L12: Semi-routine occupations,177,166,11
E01002618,L13: Routine occupations,186,83,103
E01002618,L14.1 and L14.2: Never worked and long-term unemployed,234,108,126
E01002618,L15: Full-time students,186,200,-14
E01002618,"L4, L5 and L6: Lower managerial, administrative and professional occupations",267,236,31
E01002618,L7: Intermediate occupations,178,223,-45
E01002618,L8 and L9: Small employers and own account workers,192,114,78
E01002619,"L1, L2 and L3: Higher managerial, administrative and professional occupations",156,118,38
E01002619,L10 and L11: Lower supervisory and technical occupations,93,86,7
E01002619,L12: Semi-routine occupations,169,193,-24
E01002619,L13: Routine occupations,261,148,113
E01002619,L14.1 and L14.2: Never worked and long-term unemployed,259,149,110
E01002619,L15: Full-time students,136,206,-70
E01002619,"L4, L5 and L6: Lower managerial, administrative and professional occupations",213,224,-11
E01002619,L7: Intermediate occupations,183,214,-31
E01002619,L8 and L9: Small employers and own account workers,216,110,106
E01002620,"L1, L2 and L3: Higher managerial, administrative and professional occupations",200,115,85
E01002620,L10 and L11: Lower supervisory and technical occupations,83,85,-2
E01002620,L12: Semi-routine occupations,240,199,41
E01002620,L13: Routine occupations,260,140,120
E01002620,L14.1 and L14.2: Never worked and long-term unemployed,304,147,157
E01002620,L15: Full-time students,186,151,35
E01002620,"L4, L5 and L6: Lower managerial, administrative and professional occupations",331,195,136
E01002620,L7: Intermediate occupations,221,150,71
E01002620,L8 and L9: Small employers and own account workers,201,113,88
E01002621,"L1, L2 and L3: Higher managerial, administrative and professional occupations",136,103,33
E01002621,L10 and L11: Lower supervisory and technical occupations,90,88,2
E01002621,L12: Semi-routine occupations,165,184,-19
E01002621,L13: Routine occupations,206,116,90
E01002621,L14.1 and L14.2: Never worked and long-term unemployed,229,151,78
E01002621,L15: Full-time students,141,169,-28
E01002621,"L4, L5 and L6: Lower managerial, administrative and professional occupations",235,256,-21
E01002621,L7: Intermediate occupations,158,172,-14
E01002621,L8 and L9: Small employers and own account workers,209,129,80
E01002622,"L1, L2 and L3: Higher managerial, administrative and professional occupations",147,115,32
E01002622,L10 and L11: Lower supervisory and technical occupations,87,94,-7
E01002622,L12: Semi-routine occupations,162,193,-31
E01002622,L13: Routine occupations,216,125,91
E01002622,L14.1 and L14.2: Never worked and long-term unemployed,194,110,84
E01002622,L15: Full-time students,154,179,-25
E01002622,"L4, L5 and L6: Lower managerial, administrative and professional occupations",220,226,-6
E01002622,L7: Intermediate occupations,192,190,2
E01002622,L8 and L9: Small employers and own account workers,163,85,78
E01002623,"L1, L2 and L3: Higher managerial, administrative and professional occupations",123,89,34
E01002623,L10 and L11: Lower supervisory and technical occupations,66,77,-11
E01002623,L12: Semi-routine occupations,230,172,58
E01002623,L13: Routine occupations,242,112,130
E01002623,L14.1 and L14.2: Never worked and long-term unemployed,286,135,151
E01002623,L15: Full-time students,130,159,-29
E01002623,"L4, L5 and L6: Lower managerial, administrative and professional occupations",208,187,21
E01002623,L7: Intermediate occupations,145,163,-18
E01002623,L8 and L9: Small employers and own account workers,150,114,36
E01002624,"L1, L2 and L3: Higher managerial, administrative and professional occupations",116,99,17
E01002624,L10 and L11: Lower supervisory and technical occupations,78,108,-30
E01002624,L12: Semi-routine occupations,194,149,45
E01002624,L13: Routine occupations,266,133,133
E01002624,L14.1 and L14.2: Never worked and long-term unemployed,193,118,75
E01002624,L15: Full-time students,142,135,7
E01002624,"L4, L5 and L6: Lower managerial, administrative and professional occupations",190,184,6
E01002624,L7: Intermediate occupations,129,141,-12
E01002624,L8 and L9: Small employers and own account workers,125,76,49
E01002625,"L1, L2 and L3: Higher managerial, administrative and professional occupations",109,86,23
E01002625,L10 and L11: Lower supervisory and technical occupations,68,92,-24
E01002625,L12: Semi-routine occupations,169,186,-17
E01002625,L13: Routine occupations,174,132,42
E01002625,L14.1 and L14.2: Never worked and long-term unemployed,223,124,99
E01002625,L15: Full-time students,136,184,-48
E01002625,"L4, L5 and L6: Lower managerial, administrative and professional occupations",227,203,24
E01002625,L7: Intermediate occupations,132,151,-19
E01002625,L8 and L9: Small employers and own account workers,173,131,42
E01002626,"L1, L2 and L3: Higher managerial, administrative and professional occupations",124,92,32
E01002626,L10 and L11: Lower supervisory and technical occupations,69,81,-12
E01002626,L12: Semi-routine occupations,138,193,-55
E01002626,L13: Routine occupations,158,122,36
E01002626,L14.1 and L14.2: Never worked and long-term unemployed,183,127,56
E01002626,L15: Full-time students,135,156,-21
E01002626,"L4, L5 and L6: Lower managerial, administrative and professional occupations",203,202,1
E01002626,L7: Intermediate occupations,156,159,-3
E01002626,L8 and L9: Small employers and own account workers,183,131,52
E01002627,"L1, L2 and L3: Higher managerial, administrative and professional occupations",99,89,10
E01002627,L10 and L11: Lower supervisory and technical occupations,61,61,0
E01002627,L12: Semi-routine occupations,178,177,1
E01002627,L13: Routine occupations,147,127,20
E01002627,L14.1 and L14.2: Never worked and long-term unemployed,242,187,55
E01002627,L15: Full-time students,131,141,-10
E01002627,"L4, L5 and L6: Lower managerial, administrative and professional occupations",187,180,7
E01002627,L7: Intermediate occupations,149,152,-3
E01002627,L8 and L9: Small employers and own account workers,132,105,27
E01002628,"L1, L2 and L3: Higher managerial, administrative and professional occupations",167,144,23
E01002628,L10 and L11: Lower supervisory and technical occupations,82,86,-4
E01002628,L12: Semi-routine occupations,173,194,-21
E01002628,L13: Routine occupations,182,97,85
E01002628,L14.1 and L14.2: Never worked and long-term unemployed,260,128,132
E01002628,L15: Full-time students,249,200,49
E01002628,"L4, L5 and L6: Lower managerial, administrative and professional occupations",290,291,-1
E01002628,L7: Intermediate occupations,177,189,-12
E01002628,L8 and L9: Small employers and own account workers,215,162,53
E01002629,"L1, L2 and L3: Higher managerial, administrative and professional occupations",244,177,67
E01002629,L10 and L11: Lower supervisory and technical occupations,85,73,12
E01002629,L12: Semi-routine occupations,232,198,34
E01002629,L13: Routine occupations,239,103,136
E01002629,L14.1 and L14.2: Never worked and long-term unemployed,228,143,85
E01002629,L15: Full-time students,169,186,-17
E01002629,"L4, L5 and L6: Lower managerial, administrative and professional occupations",398,305,93
E01002629,L7: Intermediate occupations,205,199,6
E01002629,L8 and L9: Small employers and own account workers,294,141,153
E01002630,"L1, L2 and L3: Higher managerial, administrative and professional occupations",186,169,17
E01002630,L10 and L11: Lower supervisory and technical occupations,65,70,-5
E01002630,L12: Semi-routine occupations,137,144,-7
E01002630,L13: Routine occupations,163,90,73
E01002630,L14.1 and L14.2: Never worked and long-term unemployed,238,113,125
E01002630,L15: Full-time students,363,147,216
E01002630,"L4, L5 and L6: Lower managerial, administrative and professional occupations",239,251,-12
E01002630,L7: Intermediate occupations,146,167,-21
E01002630,L8 and L9: Small employers and own account workers,193,143,50
E01002631,"L1, L2 and L3: Higher managerial, administrative and professional occupations",115,82,33
E01002631,L10 and L11: Lower supervisory and technical occupations,68,78,-10
E01002631,L12: Semi-routine occupations,178,159,19
E01002631,L13: Routine occupations,187,118,69
E01002631,L14.1 and L14.2: Never worked and long-term unemployed,272,125,147
E01002631,L15: Full-time students,136,159,-23
E01002631,"L4, L5 and L6: Lower managerial, administrative and professional occupations",206,205,1
E01002631,L7: Intermediate occupations,160,166,-6
E01002631,L8 and L9: Small employers and own account workers,129,103,26
E01002632,"L1, L2 and L3: Higher managerial, administrative and professional occupations",160,117,43
E01002632,L10 and L11: Lower supervisory and technical occupations,67,90,-23
E01002632,L12: Semi-routine occupations,164,186,-22
E01002632,L13: Routine occupations,204,142,62
E01002632,L14.1 and L14.2: Never worked and long-term unemployed,237,122,115
E01002632,L15: Full-time students,144,160,-16
E01002632,"L4, L5 and L6: Lower managerial, administrative and professional occupations",243,238,5
E01002632,L7: Intermediate occupations,182,190,-8
E01002632,L8 and L9: Small employers and own account workers,192,106,86
E01002633,"L1, L2 and L3: Higher managerial, administrative and professional occupations",99,38,61
E01002633,L10 and L11: Lower supervisory and technical occupations,87,86,1
E01002633,L12: Semi-routine occupations,228,185,43
E01002633,L13: Routine occupations,242,181,61
E01002633,L14.1 and L14.2: Never worked and long-term unemployed,305,153,152
E01002633,L15: Full-time students,209,159,50
E01002633,"L4, L5 and L6: Lower managerial, administrative and professional occupations",192,138,54
E01002633,L7: Intermediate occupations,134,136,-2
E01002633,L8 and L9: Small employers and own account workers,167,88,79
E01002634,"L1, L2 and L3: Higher managerial, administrative and professional occupations",53,40,13
E01002634,L10 and L11: Lower supervisory and technical occupations,72,91,-19
E01002634,L12: Semi-routine occupations,193,190,3
E01002634,L13: Routine occupations,180,150,30
E01002634,L14.1 and L14.2: Never worked and long-term unemployed,238,191,47
E01002634,L15: Full-time students,137,169,-32
E01002634,"L4, L5 and L6: Lower managerial, administrative and professional occupations",140,123,17
E01002634,L7: Intermediate occupations,132,142,-10
E01002634,L8 and L9: Small employers and own account workers,133,68,65
E01002635,"L1, L2 and L3: Higher managerial, administrative and professional occupations",137,107,30
E01002635,L10 and L11: Lower supervisory and technical occupations,71,91,-20
E01002635,L12: Semi-routine occupations,181,168,13
E01002635,L13: Routine occupations,204,142,62
E01002635,L14.1 and L14.2: Never worked and long-term unemployed,234,146,88
E01002635,L15: Full-time students,141,160,-19
E01002635,"L4, L5 and L6: Lower managerial, administrative and professional occupations",250,226,24
E01002635,L7: Intermediate occupations,177,182,-5
E01002635,L8 and L9: Small employers and own account workers,202,103,99
E01002636,"L1, L2 and L3: Higher managerial, administrative and professional occupations",142,111,31
E01002636,L10 and L11: Lower supervisory and technical occupations,97,116,-19
E01002636,L12: Semi-routine occupations,191,210,-19
E01002636,L13: Routine occupations,233,162,71
E01002636,L14.1 and L14.2: Never worked and long-term unemployed,220,175,45
E01002636,L15: Full-time students,168,173,-5
E01002636,"L4, L5 and L6: Lower managerial, administrative and professional occupations",259,244,15
E01002636,L7: Intermediate occupations,185,204,-19
E01002636,L8 and L9: Small employers and own account workers,201,125,76
E01002637,"L1, L2 and L3: Higher managerial, administrative and professional occupations",74,53,21
E01002637,L10 and L11: Lower supervisory and technical occupations,77,79,-2
E01002637,L12: Semi-routine occupations,171,188,-17
E01002637,L13: Routine occupations,259,159,100
E01002637,L14.1 and L14.2: Never worked and long-term unemployed,284,194,90
E01002637,L15: Full-time students,133,188,-55
E01002637,"L4, L5 and L6: Lower managerial, administrative and professional occupations",154,156,-2
E01002637,L7: Intermediate occupations,138,123,15
E01002637,L8 and L9: Small employers and own account workers,164,90,74
E01002638,"L1, L2 and L3: Higher managerial, administrative and professional occupations",86,63,23
E01002638,L10 and L11: Lower supervisory and technical occupations,77,89,-12
E01002638,L12: Semi-routine occupations,227,211,16
E01002638,L13: Routine occupations,234,130,104
E01002638,L14.1 and L14.2: Never worked and long-term unemployed,282,207,75
E01002638,L15: Full-time students,197,153,44
E01002638,"L4, L5 and L6: Lower managerial, administrative and professional occupations",180,172,8
E01002638,L7: Intermediate occupations,165,153,12
E01002638,L8 and L9: Small employers and own account workers,196,99,97
E01002639,"L1, L2 and L3: Higher managerial, administrative and professional occupations",131,131,0
E01002639,L10 and L11: Lower supervisory and technical occupations,77,88,-11
E01002639,L12: Semi-routine occupations,173,171,2
E01002639,L13: Routine occupations,200,132,68
E01002639,L14.1 and L14.2: Never worked and long-term unemployed,153,89,64
E01002639,L15: Full-time students,131,189,-58
E01002639,"L4, L5 and L6: Lower managerial, administrative and professional occupations",217,220,-3
E01002639,L7: Intermediate occupations,172,183,-11
E01002639,L8 and L9: Small employers and own account workers,211,132,79
E01002640,"L1, L2 and L3: Higher managerial, administrative and professional occupations",199,142,57
E01002640,L10 and L11: Lower supervisory and technical occupations,110,88,22
E01002640,L12: Semi-routine occupations,198,160,38
E01002640,L13: Routine occupations,253,112,141
E01002640,L14.1 and L14.2: Never worked and long-term unemployed,201,107,94
E01002640,L15: Full-time students,243,288,-45
E01002640,"L4, L5 and L6: Lower managerial, administrative and professional occupations",237,259,-22
E01002640,L7: Intermediate occupations,152,163,-11
E01002640,L8 and L9: Small employers and own account workers,270,130,140
E01002641,"L1, L2 and L3: Higher managerial, administrative and professional occupations",253,155,98
E01002641,L10 and L11: Lower supervisory and technical occupations,134,102,32
E01002641,L12: Semi-routine occupations,223,194,29
E01002641,L13: Routine occupations,274,140,134
E01002641,L14.1 and L14.2: Never worked and long-term unemployed,289,137,152
E01002641,L15: Full-time students,164,194,-30
E01002641,"L4, L5 and L6: Lower managerial, administrative and professional occupations",359,236,123
E01002641,L7: Intermediate occupations,217,179,38
E01002641,L8 and L9: Small employers and own account workers,246,148,98
E01002643,"L1, L2 and L3: Higher managerial, administrative and professional occupations",258,168,90
E01002643,L10 and L11: Lower supervisory and technical occupations,102,104,-2
E01002643,L12: Semi-routine occupations,235,213,22
E01002643,L13: Routine occupations,249,157,92
E01002643,L14.1 and L14.2: Never worked and long-term unemployed,268,141,127
E01002643,L15: Full-time students,171,198,-27
E01002643,"L4, L5 and L6: Lower managerial, administrative and professional occupations",388,347,41
E01002643,L7: Intermediate occupations,228,205,23
E01002643,L8 and L9: Small employers and own account workers,241,136,105
E01002645,"L1, L2 and L3: Higher managerial, administrative and professional occupations",152,122,30
E01002645,L10 and L11: Lower supervisory and technical occupations,148,107,41
E01002645,L12: Semi-routine occupations,211,223,-12
E01002645,L13: Routine occupations,273,160,113
E01002645,L14.1 and L14.2: Never worked and long-term unemployed,218,151,67
E01002645,L15: Full-time students,162,244,-82
E01002645,"L4, L5 and L6: Lower managerial, administrative and professional occupations",244,277,-33
E01002645,L7: Intermediate occupations,156,165,-9
E01002645,L8 and L9: Small employers and own account workers,222,150,72
E01002646,"L1, L2 and L3: Higher managerial, administrative and professional occupations",104,107,-3
E01002646,L10 and L11: Lower supervisory and technical occupations,94,105,-11
E01002646,L12: Semi-routine occupations,222,238,-16
E01002646,L13: Routine occupations,271,115,156
E01002646,L14.1 and L14.2: Never worked and long-term unemployed,285,208,77
E01002646,L15: Full-time students,196,186,10
E01002646,"L4, L5 and L6: Lower managerial, administrative and professional occupations",210,198,12
E01002646,L7: Intermediate occupations,170,160,10
E01002646,L8 and L9: Small employers and own account workers,185,104,81
E01002647,"L1, L2 and L3: Higher managerial, administrative and professional occupations",148,122,26
E01002647,L10 and L11: Lower supervisory and technical occupations,78,115,-37
E01002647,L12: Semi-routine occupations,167,238,-71
E01002647,L13: Routine occupations,235,141,94
E01002647,L14.1 and L14.2: Never worked and long-term unemployed,232,193,39
E01002647,L15: Full-time students,165,172,-7
E01002647,"L4, L5 and L6: Lower managerial, administrative and professional occupations",269,254,15
E01002647,L7: Intermediate occupations,161,192,-31
E01002647,L8 and L9: Small employers and own account workers,198,117,81
E01002649,"L1, L2 and L3: Higher managerial, administrative and professional occupations",170,133,37
E01002649,L10 and L11: Lower supervisory and technical occupations,101,124,-23
E01002649,L12: Semi-routine occupations,173,187,-14
E01002649,L13: Routine occupations,200,112,88
E01002649,L14.1 and L14.2: Never worked and long-term unemployed,179,121,58
E01002649,L15: Full-time students,128,216,-88
E01002649,"L4, L5 and L6: Lower managerial, administrative and professional occupations",239,238,1
E01002649,L7: Intermediate occupations,155,155,0
E01002649,L8 and L9: Small employers and own account workers,228,150,78
E01002650,"L1, L2 and L3: Higher managerial, administrative and professional occupations",167,161,6
E01002650,L10 and L11: Lower supervisory and technical occupations,72,87,-15
E01002650,L12: Semi-routine occupations,221,226,-5
E01002650,L13: Routine occupations,218,158,60
E01002650,L14.1 and L14.2: Never worked and long-term unemployed,270,168,102
E01002650,L15: Full-time students,164,192,-28
E01002650,"L4, L5 and L6: Lower managerial, administrative and professional occupations",270,320,-50
E01002650,L7: Intermediate occupations,239,215,24
E01002650,L8 and L9: Small employers and own account workers,248,157,91
E01002651,"L1, L2 and L3: Higher managerial, administrative and professional occupations",143,116,27
E01002651,L10 and L11: Lower supervisory and technical occupations,91,99,-8
E01002651,L12: Semi-routine occupations,157,188,-31
E01002651,L13: Routine occupations,232,117,115
E01002651,L14.1 and L14.2: Never worked and long-term unemployed,212,110,102
E01002651,L15: Full-time students,189,231,-42
E01002651,"L4, L5 and L6: Lower managerial, administrative and professional occupations",177,218,-41
E01002651,L7: Intermediate occupations,158,157,1
E01002651,L8 and L9: Small employers and own account workers,182,123,59
E01002652,"L1, L2 and L3: Higher managerial, administrative and professional occupations",153,100,53
E01002652,L10 and L11: Lower supervisory and technical occupations,85,96,-11
E01002652,L12: Semi-routine occupations,176,212,-36
E01002652,L13: Routine occupations,190,109,81
E01002652,L14.1 and L14.2: Never worked and long-term unemployed,226,143,83
E01002652,L15: Full-time students,163,192,-29
E01002652,"L4, L5 and L6: Lower managerial, administrative and professional occupations",253,232,21
E01002652,L7: Intermediate occupations,142,164,-22
E01002652,L8 and L9: Small employers and own account workers,215,125,90
E01002653,"L1, L2 and L3: Higher managerial, administrative and professional occupations",206,136,70
E01002653,L10 and L11: Lower supervisory and technical occupations,61,67,-6
E01002653,L12: Semi-routine occupations,145,149,-4
E01002653,L13: Routine occupations,165,112,53
E01002653,L14.1 and L14.2: Never worked and long-term unemployed,167,105,62
E01002653,L15: Full-time students,155,205,-50
E01002653,"L4, L5 and L6: Lower managerial, administrative and professional occupations",271,259,12
E01002653,L7: Intermediate occupations,181,191,-10
E01002653,L8 and L9: Small employers and own account workers,211,164,47
E01002654,"L1, L2 and L3: Higher managerial, administrative and professional occupations",183,126,57
E01002654,L10 and L11: Lower supervisory and technical occupations,91,104,-13
E01002654,L12: Semi-routine occupations,136,173,-37
E01002654,L13: Routine occupations,186,105,81
E01002654,L14.1 and L14.2: Never worked and long-term unemployed,122,74,48
E01002654,L15: Full-time students,137,139,-2
E01002654,"L4, L5 and L6: Lower managerial, administrative and professional occupations",283,288,-5
E01002654,L7: Intermediate occupations,201,198,3
E01002654,L8 and L9: Small employers and own account workers,231,153,78
E01002655,"L1, L2 and L3: Higher managerial, administrative and professional occupations",167,140,27
E01002655,L10 and L11: Lower supervisory and technical occupations,69,81,-12
E01002655,L12: Semi-routine occupations,138,171,-33
E01002655,L13: Routine occupations,140,110,30
E01002655,L14.1 and L14.2: Never worked and long-term unemployed,152,81,71
E01002655,L15: Full-time students,140,141,-1
E01002655,"L4, L5 and L6: Lower managerial, administrative and professional occupations",285,309,-24
E01002655,L7: Intermediate occupations,205,208,-3
E01002655,L8 and L9: Small employers and own account workers,233,170,63
E01002656,"L1, L2 and L3: Higher managerial, administrative and professional occupations",177,109,68
E01002656,L10 and L11: Lower supervisory and technical occupations,74,70,4
E01002656,L12: Semi-routine occupations,102,117,-15
E01002656,L13: Routine occupations,111,69,42
E01002656,L14.1 and L14.2: Never worked and long-term unemployed,75,53,22
E01002656,L15: Full-time students,75,90,-15
E01002656,"L4, L5 and L6: Lower managerial, administrative and professional occupations",248,223,25
E01002656,L7: Intermediate occupations,161,146,15
E01002656,L8 and L9: Small employers and own account workers,144,91,53
E01002657,"L1, L2 and L3: Higher managerial, administrative and professional occupations",232,169,63
E01002657,L10 and L11: Lower supervisory and technical occupations,74,87,-13
E01002657,L12: Semi-routine occupations,126,154,-28
E01002657,L13: Routine occupations,138,94,44
E01002657,L14.1 and L14.2: Never worked and long-term unemployed,123,66,57
E01002657,L15: Full-time students,132,138,-6
E01002657,"L4, L5 and L6: Lower managerial, administrative and professional occupations",353,347,6
E01002657,L7: Intermediate occupations,184,186,-2
E01002657,L8 and L9: Small employers and own account workers,210,138,72
E01002658,"L1, L2 and L3: Higher managerial, administrative and professional occupations",193,138,55
E01002658,L10 and L11: Lower supervisory and technical occupations,50,54,-4
E01002658,L12: Semi-routine occupations,72,83,-11
E01002658,L13: Routine occupations,86,49,37
E01002658,L14.1 and L14.2: Never worked and long-term unemployed,62,31,31
E01002658,L15: Full-time students,62,77,-15
E01002658,"L4, L5 and L6: Lower managerial, administrative and professional occupations",287,300,-13
E01002658,L7: Intermediate occupations,128,136,-8
E01002658,L8 and L9: Small employers and own account workers,160,120,40
E01002659,"L1, L2 and L3: Higher managerial, administrative and professional occupations",199,108,91
E01002659,L10 and L11: Lower supervisory and technical occupations,52,58,-6
E01002659,L12: Semi-routine occupations,113,134,-21
E01002659,L13: Routine occupations,105,90,15
E01002659,L14.1 and L14.2: Never worked and long-term unemployed,98,62,36
E01002659,L15: Full-time students,78,105,-27
E01002659,"L4, L5 and L6: Lower managerial, administrative and professional occupations",250,215,35
E01002659,L7: Intermediate occupations,114,138,-24
E01002659,L8 and L9: Small employers and own account workers,161,103,58
E01002660,"L1, L2 and L3: Higher managerial, administrative and professional occupations",133,101,32
E01002660,L10 and L11: Lower supervisory and technical occupations,123,94,29
E01002660,L12: Semi-routine occupations,177,214,-37
E01002660,L13: Routine occupations,313,152,161
E01002660,L14.1 and L14.2: Never worked and long-term unemployed,257,115,142
E01002660,L15: Full-time students,143,200,-57
E01002660,"L4, L5 and L6: Lower managerial, administrative and professional occupations",221,227,-6
E01002660,L7: Intermediate occupations,172,166,6
E01002660,L8 and L9: Small employers and own account workers,176,111,65
E01002661,"L1, L2 and L3: Higher managerial, administrative and professional occupations",131,101,30
E01002661,L10 and L11: Lower supervisory and technical occupations,117,107,10
E01002661,L12: Semi-routine occupations,233,250,-17
E01002661,L13: Routine occupations,444,149,295
E01002661,L14.1 and L14.2: Never worked and long-term unemployed,267,134,133
E01002661,L15: Full-time students,162,212,-50
E01002661,"L4, L5 and L6: Lower managerial, administrative and professional occupations",194,236,-42
E01002661,L7: Intermediate occupations,195,149,46
E01002661,L8 and L9: Small employers and own account workers,169,131,38
E01002662,"L1, L2 and L3: Higher managerial, administrative and professional occupations",266,182,84
E01002662,L10 and L11: Lower supervisory and technical occupations,114,107,7
E01002662,L12: Semi-routine occupations,227,190,37
E01002662,L13: Routine occupations,294,127,167
E01002662,L14.1 and L14.2: Never worked and long-term unemployed,234,125,109
E01002662,L15: Full-time students,166,240,-74
E01002662,"L4, L5 and L6: Lower managerial, administrative and professional occupations",362,305,57
E01002662,L7: Intermediate occupations,223,198,25
E01002662,L8 and L9: Small employers and own account workers,228,160,68
E01002663,"L1, L2 and L3: Higher managerial, administrative and professional occupations",114,121,-7
E01002663,L10 and L11: Lower supervisory and technical occupations,102,125,-23
E01002663,L12: Semi-routine occupations,222,332,-110
E01002663,L13: Routine occupations,293,206,87
E01002663,L14.1 and L14.2: Never worked and long-term unemployed,267,184,83
E01002663,L15: Full-time students,151,246,-95
E01002663,"L4, L5 and L6: Lower managerial, administrative and professional occupations",214,270,-56
E01002663,L7: Intermediate occupations,180,243,-63
E01002663,L8 and L9: Small employers and own account workers,199,143,56
E01002665,"L1, L2 and L3: Higher managerial, administrative and professional occupations",79,73,6
E01002665,L10 and L11: Lower supervisory and technical occupations,86,90,-4
E01002665,L12: Semi-routine occupations,166,184,-18
E01002665,L13: Routine occupations,232,145,87
E01002665,L14.1 and L14.2: Never worked and long-term unemployed,229,139,90
E01002665,L15: Full-time students,130,158,-28
E01002665,"L4, L5 and L6: Lower managerial, administrative and professional occupations",187,170,17
E01002665,L7: Intermediate occupations,148,152,-4
E01002665,L8 and L9: Small employers and own account workers,131,91,40
E01002666,"L1, L2 and L3: Higher managerial, administrative and professional occupations",104,70,34
E01002666,L10 and L11: Lower supervisory and technical occupations,84,81,3
E01002666,L12: Semi-routine occupations,157,165,-8
E01002666,L13: Routine occupations,244,118,126
E01002666,L14.1 and L14.2: Never worked and long-term unemployed,230,118,112
E01002666,L15: Full-time students,112,147,-35
E01002666,"L4, L5 and L6: Lower managerial, administrative and professional occupations",262,199,63
E01002666,L7: Intermediate occupations,191,254,-63
E01002666,L8 and L9: Small employers and own account workers,142,84,58
E01002667,"L1, L2 and L3: Higher managerial, administrative and professional occupations",329,171,158
E01002667,L10 and L11: Lower supervisory and technical occupations,70,64,6
E01002667,L12: Semi-routine occupations,127,114,13
E01002667,L13: Routine occupations,129,84,45
E01002667,L14.1 and L14.2: Never worked and long-term unemployed,162,89,73
E01002667,L15: Full-time students,131,100,31
E01002667,"L4, L5 and L6: Lower managerial, administrative and professional occupations",456,332,124
E01002667,L7: Intermediate occupations,163,136,27
E01002667,L8 and L9: Small employers and own account workers,216,105,111
E01002668,"L1, L2 and L3: Higher managerial, administrative and professional occupations",324,231,93
E01002668,L10 and L11: Lower supervisory and technical occupations,72,69,3
E01002668,L12: Semi-routine occupations,127,125,2
E01002668,L13: Routine occupations,163,91,72
E01002668,L14.1 and L14.2: Never worked and long-term unemployed,123,85,38
E01002668,L15: Full-time students,144,88,56
E01002668,"L4, L5 and L6: Lower managerial, administrative and professional occupations",446,477,-31
E01002668,L7: Intermediate occupations,215,222,-7
E01002668,L8 and L9: Small employers and own account workers,196,128,68
E01002669,"L1, L2 and L3: Higher managerial, administrative and professional occupations",147,86,61
E01002669,L10 and L11: Lower supervisory and technical occupations,82,73,9
E01002669,L12: Semi-routine occupations,192,199,-7
E01002669,L13: Routine occupations,189,145,44
E01002669,L14.1 and L14.2: Never worked and long-term unemployed,169,110,59
E01002669,L15: Full-time students,121,119,2
E01002669,"L4, L5 and L6: Lower managerial, administrative and professional occupations",271,255,16
E01002669,L7: Intermediate occupations,139,154,-15
E01002669,L8 and L9: Small employers and own account workers,191,149,42
E01002670,"L1, L2 and L3: Higher managerial, administrative and professional occupations",254,146,108
E01002670,L10 and L11: Lower supervisory and technical occupations,58,73,-15
E01002670,L12: Semi-routine occupations,140,134,6
E01002670,L13: Routine occupations,135,96,39
E01002670,L14.1 and L14.2: Never worked and long-term unemployed,120,76,44
E01002670,L15: Full-time students,106,135,-29
E01002670,"L4, L5 and L6: Lower managerial, administrative and professional occupations",350,329,21
E01002670,L7: Intermediate occupations,139,175,-36
E01002670,L8 and L9: Small employers and own account workers,215,144,71
E01002671,"L1, L2 and L3: Higher managerial, administrative and professional occupations",278,172,106
E01002671,L10 and L11: Lower supervisory and technical occupations,51,75,-24
E01002671,L12: Semi-routine occupations,107,117,-10
E01002671,L13: Routine occupations,114,113,1
E01002671,L14.1 and L14.2: Never worked and long-term unemployed,119,65,54
E01002671,L15: Full-time students,93,94,-1
E01002671,"L4, L5 and L6: Lower managerial, administrative and professional occupations",321,329,-8
E01002671,L7: Intermediate occupations,153,147,6
E01002671,L8 and L9: Small employers and own account workers,180,130,50
E01002672,"L1, L2 and L3: Higher managerial, administrative and professional occupations",145,118,27
E01002672,L10 and L11: Lower supervisory and technical occupations,67,67,0
E01002672,L12: Semi-routine occupations,168,157,11
E01002672,L13: Routine occupations,161,122,39
E01002672,L14.1 and L14.2: Never worked and long-term unemployed,121,127,-6
E01002672,L15: Full-time students,125,152,-27
E01002672,"L4, L5 and L6: Lower managerial, administrative and professional occupations",261,247,14
E01002672,L7: Intermediate occupations,122,123,-1
E01002672,L8 and L9: Small employers and own account workers,117,84,33
E01002673,"L1, L2 and L3: Higher managerial, administrative and professional occupations",45,41,4
E01002673,L10 and L11: Lower supervisory and technical occupations,54,76,-22
E01002673,L12: Semi-routine occupations,186,206,-20
E01002673,L13: Routine occupations,143,139,4
E01002673,L14.1 and L14.2: Never worked and long-term unemployed,238,182,56
E01002673,L15: Full-time students,150,139,11
E01002673,"L4, L5 and L6: Lower managerial, administrative and professional occupations",123,126,-3
E01002673,L7: Intermediate occupations,104,105,-1
E01002673,L8 and L9: Small employers and own account workers,99,88,11
E01002674,"L1, L2 and L3: Higher managerial, administrative and professional occupations",362,224,138
E01002674,L10 and L11: Lower supervisory and technical occupations,45,65,-20
E01002674,L12: Semi-routine occupations,120,89,31
E01002674,L13: Routine occupations,113,58,55
E01002674,L14.1 and L14.2: Never worked and long-term unemployed,142,67,75
E01002674,L15: Full-time students,107,111,-4
E01002674,"L4, L5 and L6: Lower managerial, administrative and professional occupations",360,352,8
E01002674,L7: Intermediate occupations,166,175,-9
E01002674,L8 and L9: Small employers and own account workers,224,144,80
E01002675,"L1, L2 and L3: Higher managerial, administrative and professional occupations",442,329,113
E01002675,L10 and L11: Lower supervisory and technical occupations,76,104,-28
E01002675,L12: Semi-routine occupations,156,165,-9
E01002675,L13: Routine occupations,112,100,12
E01002675,L14.1 and L14.2: Never worked and long-term unemployed,119,101,18
E01002675,L15: Full-time students,180,203,-23
E01002675,"L4, L5 and L6: Lower managerial, administrative and professional occupations",492,588,-96
E01002675,L7: Intermediate occupations,229,277,-48
E01002675,L8 and L9: Small employers and own account workers,223,193,30
E01002676,"L1, L2 and L3: Higher managerial, administrative and professional occupations",295,227,68
E01002676,L10 and L11: Lower supervisory and technical occupations,56,55,1
E01002676,L12: Semi-routine occupations,97,122,-25
E01002676,L13: Routine occupations,107,50,57
E01002676,L14.1 and L14.2: Never worked and long-term unemployed,112,80,32
E01002676,L15: Full-time students,105,166,-61
E01002676,"L4, L5 and L6: Lower managerial, administrative and professional occupations",284,322,-38
E01002676,L7: Intermediate occupations,171,177,-6
E01002676,L8 and L9: Small employers and own account workers,207,125,82
E01002677,"L1, L2 and L3: Higher managerial, administrative and professional occupations",320,130,190
E01002677,L10 and L11: Lower supervisory and technical occupations,80,60,20
E01002677,L12: Semi-routine occupations,121,94,27
E01002677,L13: Routine occupations,152,63,89
E01002677,L14.1 and L14.2: Never worked and long-term unemployed,137,76,61
E01002677,L15: Full-time students,126,92,34
E01002677,"L4, L5 and L6: Lower managerial, administrative and professional occupations",384,240,144
E01002677,L7: Intermediate occupations,153,127,26
E01002677,L8 and L9: Small employers and own account workers,199,95,104
E01002678,"L1, L2 and L3: Higher managerial, administrative and professional occupations",346,221,125
E01002678,L10 and L11: Lower supervisory and technical occupations,71,86,-15
E01002678,L12: Semi-routine occupations,105,131,-26
E01002678,L13: Routine occupations,131,62,69
E01002678,L14.1 and L14.2: Never worked and long-term unemployed,135,81,54
E01002678,L15: Full-time students,169,130,39
E01002678,"L4, L5 and L6: Lower managerial, administrative and professional occupations",348,366,-18
E01002678,L7: Intermediate occupations,185,180,5
E01002678,L8 and L9: Small employers and own account workers,217,194,23
E01002679,"L1, L2 and L3: Higher managerial, administrative and professional occupations",265,192,73
E01002679,L10 and L11: Lower supervisory and technical occupations,71,74,-3
E01002679,L12: Semi-routine occupations,108,113,-5
E01002679,L13: Routine occupations,151,92,59
E01002679,L14.1 and L14.2: Never worked and long-term unemployed,154,56,98
E01002679,L15: Full-time students,90,127,-37
E01002679,"L4, L5 and L6: Lower managerial, administrative and professional occupations",307,358,-51
E01002679,L7: Intermediate occupations,157,166,-9
E01002679,L8 and L9: Small employers and own account workers,219,187,32
E01002680,"L1, L2 and L3: Higher managerial, administrative and professional occupations",317,242,75
E01002680,L10 and L11: Lower supervisory and technical occupations,65,77,-12
E01002680,L12: Semi-routine occupations,112,155,-43
E01002680,L13: Routine occupations,110,78,32
E01002680,L14.1 and L14.2: Never worked and long-term unemployed,172,110,62
E01002680,L15: Full-time students,109,124,-15
E01002680,"L4, L5 and L6: Lower managerial, administrative and professional occupations",347,335,12
E01002680,L7: Intermediate occupations,221,191,30
E01002680,L8 and L9: Small employers and own account workers,235,200,35
E01002681,"L1, L2 and L3: Higher managerial, administrative and professional occupations",271,176,95
E01002681,L10 and L11: Lower supervisory and technical occupations,94,78,16
E01002681,L12: Semi-routine occupations,171,169,2
E01002681,L13: Routine occupations,163,161,2
E01002681,L14.1 and L14.2: Never worked and long-term unemployed,190,107,83
E01002681,L15: Full-time students,187,206,-19
E01002681,"L4, L5 and L6: Lower managerial, administrative and professional occupations",452,342,110
E01002681,L7: Intermediate occupations,183,181,2
E01002681,L8 and L9: Small employers and own account workers,224,138,86
E01002682,"L1, L2 and L3: Higher managerial, administrative and professional occupations",306,197,109
E01002682,L10 and L11: Lower supervisory and technical occupations,89,100,-11
E01002682,L12: Semi-routine occupations,145,171,-26
E01002682,L13: Routine occupations,185,149,36
E01002682,L14.1 and L14.2: Never worked and long-term unemployed,183,117,66
E01002682,L15: Full-time students,143,159,-16
E01002682,"L4, L5 and L6: Lower managerial, administrative and professional occupations",441,474,-33
E01002682,L7: Intermediate occupations,176,213,-37
E01002682,L8 and L9: Small employers and own account workers,200,151,49
E01002686,"L1, L2 and L3: Higher managerial, administrative and professional occupations",126,78,48
E01002686,L10 and L11: Lower supervisory and technical occupations,96,91,5
E01002686,L12: Semi-routine occupations,137,174,-37
E01002686,L13: Routine occupations,198,184,14
E01002686,L14.1 and L14.2: Never worked and long-term unemployed,195,132,63
E01002686,L15: Full-time students,125,155,-30
E01002686,"L4, L5 and L6: Lower managerial, administrative and professional occupations",209,173,36
E01002686,L7: Intermediate occupations,141,171,-30
E01002686,L8 and L9: Small employers and own account workers,177,165,12
E01002687,"L1, L2 and L3: Higher managerial, administrative and professional occupations",378,266,112
E01002687,L10 and L11: Lower supervisory and technical occupations,40,48,-8
E01002687,L12: Semi-routine occupations,67,50,17
E01002687,L13: Routine occupations,77,44,33
E01002687,L14.1 and L14.2: Never worked and long-term unemployed,82,35,47
E01002687,L15: Full-time students,71,57,14
E01002687,"L4, L5 and L6: Lower managerial, administrative and professional occupations",382,415,-33
E01002687,L7: Intermediate occupations,102,138,-36
E01002687,L8 and L9: Small employers and own account workers,162,100,62
E01002689,"L1, L2 and L3: Higher managerial, administrative and professional occupations",324,286,38
E01002689,L10 and L11: Lower supervisory and technical occupations,23,41,-18
E01002689,L12: Semi-routine occupations,70,78,-8
E01002689,L13: Routine occupations,86,59,27
E01002689,L14.1 and L14.2: Never worked and long-term unemployed,113,65,48
E01002689,L15: Full-time students,65,62,3
E01002689,"L4, L5 and L6: Lower managerial, administrative and professional occupations",309,379,-70
E01002689,L7: Intermediate occupations,117,125,-8
E01002689,L8 and L9: Small employers and own account workers,160,104,56
E01002690,"L1, L2 and L3: Higher managerial, administrative and professional occupations",335,287,48
E01002690,L10 and L11: Lower supervisory and technical occupations,38,50,-12
E01002690,L12: Semi-routine occupations,57,57,0
E01002690,L13: Routine occupations,56,46,10
E01002690,L14.1 and L14.2: Never worked and long-term unemployed,68,47,21
E01002690,L15: Full-time students,63,91,-28
E01002690,"L4, L5 and L6: Lower managerial, administrative and professional occupations",281,348,-67
E01002690,L7: Intermediate occupations,114,114,0
E01002690,L8 and L9: Small employers and own account workers,120,88,32
E01002691,"L1, L2 and L3: Higher managerial, administrative and professional occupations",259,197,62
E01002691,L10 and L11: Lower supervisory and technical occupations,52,65,-13
E01002691,L12: Semi-routine occupations,88,86,2
E01002691,L13: Routine occupations,86,68,18
E01002691,L14.1 and L14.2: Never worked and long-term unemployed,97,64,33
E01002691,L15: Full-time students,227,112,115
E01002691,"L4, L5 and L6: Lower managerial, administrative and professional occupations",315,314,1
E01002691,L7: Intermediate occupations,115,150,-35
E01002691,L8 and L9: Small employers and own account workers,199,156,43
E01002692,"L1, L2 and L3: Higher managerial, administrative and professional occupations",502,321,181
E01002692,L10 and L11: Lower supervisory and technical occupations,60,66,-6
E01002692,L12: Semi-routine occupations,115,98,17
E01002692,L13: Routine occupations,99,62,37
E01002692,L14.1 and L14.2: Never worked and long-term unemployed,140,81,59
E01002692,L15: Full-time students,100,90,10
E01002692,"L4, L5 and L6: Lower managerial, administrative and professional occupations",445,498,-53
E01002692,L7: Intermediate occupations,133,158,-25
E01002692,L8 and L9: Small employers and own account workers,165,95,70
E01002693,"L1, L2 and L3: Higher managerial, administrative and professional occupations",421,313,108
E01002693,L10 and L11: Lower supervisory and technical occupations,24,44,-20
E01002693,L12: Semi-routine occupations,70,82,-12
E01002693,L13: Routine occupations,90,53,37
E01002693,L14.1 and L14.2: Never worked and long-term unemployed,138,37,101
E01002693,L15: Full-time students,98,77,21
E01002693,"L4, L5 and L6: Lower managerial, administrative and professional occupations",395,391,4
E01002693,L7: Intermediate occupations,148,139,9
E01002693,L8 and L9: Small employers and own account workers,146,112,34
E01002694,"L1, L2 and L3: Higher managerial, administrative and professional occupations",163,126,37
E01002694,L10 and L11: Lower supervisory and technical occupations,53,48,5
E01002694,L12: Semi-routine occupations,155,147,8
E01002694,L13: Routine occupations,141,104,37
E01002694,L14.1 and L14.2: Never worked and long-term unemployed,234,159,75
E01002694,L15: Full-time students,150,155,-5
E01002694,"L4, L5 and L6: Lower managerial, administrative and professional occupations",219,197,22
E01002694,L7: Intermediate occupations,115,109,6
E01002694,L8 and L9: Small employers and own account workers,115,69,46
E01002695,"L1, L2 and L3: Higher managerial, administrative and professional occupations",399,305,94
E01002695,L10 and L11: Lower supervisory and technical occupations,43,45,-2
E01002695,L12: Semi-routine occupations,81,103,-22
E01002695,L13: Routine occupations,89,85,4
E01002695,L14.1 and L14.2: Never worked and long-term unemployed,128,93,35
E01002695,L15: Full-time students,121,147,-26
E01002695,"L4, L5 and L6: Lower managerial, administrative and professional occupations",272,344,-72
E01002695,L7: Intermediate occupations,103,133,-30
E01002695,L8 and L9: Small employers and own account workers,112,94,18
E01002696,"L1, L2 and L3: Higher managerial, administrative and professional occupations",576,476,100
E01002696,L10 and L11: Lower supervisory and technical occupations,35,41,-6
E01002696,L12: Semi-routine occupations,65,66,-1
E01002696,L13: Routine occupations,75,58,17
E01002696,L14.1 and L14.2: Never worked and long-term unemployed,100,97,3
E01002696,L15: Full-time students,128,110,18
E01002696,"L4, L5 and L6: Lower managerial, administrative and professional occupations",391,446,-55
E01002696,L7: Intermediate occupations,101,138,-37
E01002696,L8 and L9: Small employers and own account workers,103,103,0
E01002697,"L1, L2 and L3: Higher managerial, administrative and professional occupations",205,115,90
E01002697,L10 and L11: Lower supervisory and technical occupations,63,62,1
E01002697,L12: Semi-routine occupations,164,155,9
E01002697,L13: Routine occupations,195,90,105
E01002697,L14.1 and L14.2: Never worked and long-term unemployed,258,173,85
E01002697,L15: Full-time students,268,632,-364
E01002697,"L4, L5 and L6: Lower managerial, administrative and professional occupations",261,245,16
E01002697,L7: Intermediate occupations,129,95,34
E01002697,L8 and L9: Small employers and own account workers,133,76,57
E01002698,"L1, L2 and L3: Higher managerial, administrative and professional occupations",676,483,193
E01002698,L10 and L11: Lower supervisory and technical occupations,42,37,5
E01002698,L12: Semi-routine occupations,85,91,-6
E01002698,L13: Routine occupations,69,68,1
E01002698,L14.1 and L14.2: Never worked and long-term unemployed,127,104,23
E01002698,L15: Full-time students,94,136,-42
E01002698,"L4, L5 and L6: Lower managerial, administrative and professional occupations",415,545,-130
E01002698,L7: Intermediate occupations,99,155,-56
E01002698,L8 and L9: Small employers and own account workers,142,126,16
E01002699,"L1, L2 and L3: Higher managerial, administrative and professional occupations",389,290,99
E01002699,L10 and L11: Lower supervisory and technical occupations,25,31,-6
E01002699,L12: Semi-routine occupations,82,67,15
E01002699,L13: Routine occupations,83,54,29
E01002699,L14.1 and L14.2: Never worked and long-term unemployed,105,59,46
E01002699,L15: Full-time students,72,76,-4
E01002699,"L4, L5 and L6: Lower managerial, administrative and professional occupations",305,308,-3
E01002699,L7: Intermediate occupations,103,91,12
E01002699,L8 and L9: Small employers and own account workers,134,77,57
E01002700,"L1, L2 and L3: Higher managerial, administrative and professional occupations",474,458,16
E01002700,L10 and L11: Lower supervisory and technical occupations,18,36,-18
E01002700,L12: Semi-routine occupations,21,42,-21
E01002700,L13: Routine occupations,33,40,-7
E01002700,L14.1 and L14.2: Never worked and long-term unemployed,69,60,9
E01002700,L15: Full-time students,81,103,-22
E01002700,"L4, L5 and L6: Lower managerial, administrative and professional occupations",302,468,-166
E01002700,L7: Intermediate occupations,60,101,-41
E01002700,L8 and L9: Small employers and own account workers,107,122,-15
E01002701,"L1, L2 and L3: Higher managerial, administrative and professional occupations",220,162,58
E01002701,L10 and L11: Lower supervisory and technical occupations,47,53,-6
E01002701,L12: Semi-routine occupations,114,139,-25
E01002701,L13: Routine occupations,119,93,26
E01002701,L14.1 and L14.2: Never worked and long-term unemployed,136,120,16
E01002701,L15: Full-time students,173,240,-67
E01002701,"L4, L5 and L6: Lower managerial, administrative and professional occupations",241,259,-18
E01002701,L7: Intermediate occupations,112,110,2
E01002701,L8 and L9: Small employers and own account workers,105,85,20
E01002702,"L1, L2 and L3: Higher managerial, administrative and professional occupations",429,203,226
E01002702,L10 and L11: Lower supervisory and technical occupations,64,65,-1
E01002702,L12: Semi-routine occupations,160,117,43
E01002702,L13: Routine occupations,164,112,52
E01002702,L14.1 and L14.2: Never worked and long-term unemployed,256,168,88
E01002702,L15: Full-time students,371,389,-18
E01002702,"L4, L5 and L6: Lower managerial, administrative and professional occupations",307,274,33
E01002702,L7: Intermediate occupations,138,145,-7
E01002702,L8 and L9: Small employers and own account workers,147,81,66
E01002703,"L1, L2 and L3: Higher managerial, administrative and professional occupations",528,177,351
E01002703,L10 and L11: Lower supervisory and technical occupations,67,57,10
E01002703,L12: Semi-routine occupations,176,134,42
E01002703,L13: Routine occupations,160,99,61
E01002703,L14.1 and L14.2: Never worked and long-term unemployed,191,127,64
E01002703,L15: Full-time students,216,257,-41
E01002703,"L4, L5 and L6: Lower managerial, administrative and professional occupations",357,257,100
E01002703,L7: Intermediate occupations,132,106,26
E01002703,L8 and L9: Small employers and own account workers,129,82,47
E01002704,"L1, L2 and L3: Higher managerial, administrative and professional occupations",519,325,194
E01002704,L10 and L11: Lower supervisory and technical occupations,63,66,-3
E01002704,L12: Semi-routine occupations,120,152,-32
E01002704,L13: Routine occupations,138,108,30
E01002704,L14.1 and L14.2: Never worked and long-term unemployed,198,139,59
E01002704,L15: Full-time students,335,339,-4
E01002704,"L4, L5 and L6: Lower managerial, administrative and professional occupations",339,366,-27
E01002704,L7: Intermediate occupations,152,151,1
E01002704,L8 and L9: Small employers and own account workers,157,118,39
E01002706,"L1, L2 and L3: Higher managerial, administrative and professional occupations",342,280,62
E01002706,L10 and L11: Lower supervisory and technical occupations,53,61,-8
E01002706,L12: Semi-routine occupations,131,144,-13
E01002706,L13: Routine occupations,131,104,27
E01002706,L14.1 and L14.2: Never worked and long-term unemployed,168,126,42
E01002706,L15: Full-time students,255,216,39
E01002706,"L4, L5 and L6: Lower managerial, administrative and professional occupations",325,323,2
E01002706,L7: Intermediate occupations,140,155,-15
E01002706,L8 and L9: Small employers and own account workers,142,127,15
E01002707,"L1, L2 and L3: Higher managerial, administrative and professional occupations",413,350,63
E01002707,L10 and L11: Lower supervisory and technical occupations,43,48,-5
E01002707,L12: Semi-routine occupations,92,97,-5
E01002707,L13: Routine occupations,110,83,27
E01002707,L14.1 and L14.2: Never worked and long-term unemployed,159,90,69
E01002707,L15: Full-time students,216,261,-45
E01002707,"L4, L5 and L6: Lower managerial, administrative and professional occupations",303,342,-39
E01002707,L7: Intermediate occupations,123,139,-16
E01002707,L8 and L9: Small employers and own account workers,136,72,64
E01002708,"L1, L2 and L3: Higher managerial, administrative and professional occupations",406,203,203
E01002708,L10 and L11: Lower supervisory and technical occupations,54,75,-21
E01002708,L12: Semi-routine occupations,119,144,-25
E01002708,L13: Routine occupations,139,125,14
E01002708,L14.1 and L14.2: Never worked and long-term unemployed,197,99,98
E01002708,L15: Full-time students,235,399,-164
E01002708,"L4, L5 and L6: Lower managerial, administrative and professional occupations",351,319,32
E01002708,L7: Intermediate occupations,146,170,-24
E01002708,L8 and L9: Small employers and own account workers,142,98,44
E01002709,"L1, L2 and L3: Higher managerial, administrative and professional occupations",249,185,64
E01002709,L10 and L11: Lower supervisory and technical occupations,52,67,-15
E01002709,L12: Semi-routine occupations,115,139,-24
E01002709,L13: Routine occupations,122,108,14
E01002709,L14.1 and L14.2: Never worked and long-term unemployed,185,145,40
E01002709,L15: Full-time students,244,245,-1
E01002709,"L4, L5 and L6: Lower managerial, administrative and professional occupations",245,266,-21
E01002709,L7: Intermediate occupations,151,145,6
E01002709,L8 and L9: Small employers and own account workers,104,89,15
E01002710,"L1, L2 and L3: Higher managerial, administrative and professional occupations",219,173,46
E01002710,L10 and L11: Lower supervisory and technical occupations,41,61,-20
E01002710,L12: Semi-routine occupations,102,132,-30
E01002710,L13: Routine occupations,117,97,20
E01002710,L14.1 and L14.2: Never worked and long-term unemployed,171,171,0
E01002710,L15: Full-time students,238,167,71
E01002710,"L4, L5 and L6: Lower managerial, administrative and professional occupations",237,220,17
E01002710,L7: Intermediate occupations,122,146,-24
E01002710,L8 and L9: Small employers and own account workers,101,71,30
E01002711,"L1, L2 and L3: Higher managerial, administrative and professional occupations",433,360,73
E01002711,L10 and L11: Lower supervisory and technical occupations,48,57,-9
E01002711,L12: Semi-routine occupations,98,129,-31
E01002711,L13: Routine occupations,87,72,15
E01002711,L14.1 and L14.2: Never worked and long-term unemployed,159,114,45
E01002711,L15: Full-time students,453,278,175
E01002711,"L4, L5 and L6: Lower managerial, administrative and professional occupations",331,417,-86
E01002711,L7: Intermediate occupations,99,150,-51
E01002711,L8 and L9: Small employers and own account workers,122,121,1
E01002712,"L1, L2 and L3: Higher managerial, administrative and professional occupations",290,187,103
E01002712,L10 and L11: Lower supervisory and technical occupations,39,93,-54
E01002712,L12: Semi-routine occupations,74,148,-74
E01002712,L13: Routine occupations,89,212,-123
E01002712,L14.1 and L14.2: Never worked and long-term unemployed,94,255,-161
E01002712,L15: Full-time students,120,147,-27
E01002712,"L4, L5 and L6: Lower managerial, administrative and professional occupations",271,275,-4
E01002712,L7: Intermediate occupations,71,104,-33
E01002712,L8 and L9: Small employers and own account workers,92,141,-49
E01002713,"L1, L2 and L3: Higher managerial, administrative and professional occupations",295,95,200
E01002713,L10 and L11: Lower supervisory and technical occupations,119,62,57
E01002713,L12: Semi-routine occupations,243,172,71
E01002713,L13: Routine occupations,340,129,211
E01002713,L14.1 and L14.2: Never worked and long-term unemployed,398,150,248
E01002713,L15: Full-time students,221,119,102
E01002713,"L4, L5 and L6: Lower managerial, administrative and professional occupations",390,210,180
E01002713,L7: Intermediate occupations,184,142,42
E01002713,L8 and L9: Small employers and own account workers,224,91,133
E01002714,"L1, L2 and L3: Higher managerial, administrative and professional occupations",467,402,65
E01002714,L10 and L11: Lower supervisory and technical occupations,29,43,-14
E01002714,L12: Semi-routine occupations,50,72,-22
E01002714,L13: Routine occupations,50,58,-8
E01002714,L14.1 and L14.2: Never worked and long-term unemployed,92,46,46
E01002714,L15: Full-time students,119,158,-39
E01002714,"L4, L5 and L6: Lower managerial, administrative and professional occupations",335,426,-91
E01002714,L7: Intermediate occupations,80,108,-28
E01002714,L8 and L9: Small employers and own account workers,113,109,4
E01002715,"L1, L2 and L3: Higher managerial, administrative and professional occupations",156,80,76
E01002715,L10 and L11: Lower supervisory and technical occupations,67,54,13
E01002715,L12: Semi-routine occupations,154,133,21
E01002715,L13: Routine occupations,125,131,-6
E01002715,L14.1 and L14.2: Never worked and long-term unemployed,211,153,58
E01002715,L15: Full-time students,177,203,-26
E01002715,"L4, L5 and L6: Lower managerial, administrative and professional occupations",223,176,47
E01002715,L7: Intermediate occupations,111,105,6
E01002715,L8 and L9: Small employers and own account workers,87,73,14
E01002716,"L1, L2 and L3: Higher managerial, administrative and professional occupations",322,234,88
E01002716,L10 and L11: Lower supervisory and technical occupations,68,63,5
E01002716,L12: Semi-routine occupations,193,166,27
E01002716,L13: Routine occupations,177,157,20
E01002716,L14.1 and L14.2: Never worked and long-term unemployed,275,206,69
E01002716,L15: Full-time students,146,199,-53
E01002716,"L4, L5 and L6: Lower managerial, administrative and professional occupations",381,415,-34
E01002716,L7: Intermediate occupations,181,185,-4
E01002716,L8 and L9: Small employers and own account workers,145,111,34
E01002717,"L1, L2 and L3: Higher managerial, administrative and professional occupations",316,255,61
E01002717,L10 and L11: Lower supervisory and technical occupations,27,35,-8
E01002717,L12: Semi-routine occupations,67,87,-20
E01002717,L13: Routine occupations,57,75,-18
E01002717,L14.1 and L14.2: Never worked and long-term unemployed,89,67,22
E01002717,L15: Full-time students,68,74,-6
E01002717,"L4, L5 and L6: Lower managerial, administrative and professional occupations",217,280,-63
E01002717,L7: Intermediate occupations,72,103,-31
E01002717,L8 and L9: Small employers and own account workers,91,57,34
E01002718,"L1, L2 and L3: Higher managerial, administrative and professional occupations",477,406,71
E01002718,L10 and L11: Lower supervisory and technical occupations,29,46,-17
E01002718,L12: Semi-routine occupations,56,62,-6
E01002718,L13: Routine occupations,54,59,-5
E01002718,L14.1 and L14.2: Never worked and long-term unemployed,80,74,6
E01002718,L15: Full-time students,68,100,-32
E01002718,"L4, L5 and L6: Lower managerial, administrative and professional occupations",418,445,-27
E01002718,L7: Intermediate occupations,82,121,-39
E01002718,L8 and L9: Small employers and own account workers,135,104,31
E01002719,"L1, L2 and L3: Higher managerial, administrative and professional occupations",451,340,111
E01002719,L10 and L11: Lower supervisory and technical occupations,26,38,-12
E01002719,L12: Semi-routine occupations,48,68,-20
E01002719,L13: Routine occupations,62,74,-12
E01002719,L14.1 and L14.2: Never worked and long-term unemployed,75,41,34
E01002719,L15: Full-time students,76,73,3
E01002719,"L4, L5 and L6: Lower managerial, administrative and professional occupations",320,356,-36
E01002719,L7: Intermediate occupations,85,105,-20
E01002719,L8 and L9: Small employers and own account workers,102,82,20
E01002720,"L1, L2 and L3: Higher managerial, administrative and professional occupations",248,167,81
E01002720,L10 and L11: Lower supervisory and technical occupations,69,72,-3
E01002720,L12: Semi-routine occupations,163,195,-32
E01002720,L13: Routine occupations,181,186,-5
E01002720,L14.1 and L14.2: Never worked and long-term unemployed,253,226,27
E01002720,L15: Full-time students,161,199,-38
E01002720,"L4, L5 and L6: Lower managerial, administrative and professional occupations",314,331,-17
E01002720,L7: Intermediate occupations,156,187,-31
E01002720,L8 and L9: Small employers and own account workers,113,108,5
E01002721,"L1, L2 and L3: Higher managerial, administrative and professional occupations",400,295,105
E01002721,L10 and L11: Lower supervisory and technical occupations,34,39,-5
E01002721,L12: Semi-routine occupations,109,110,-1
E01002721,L13: Routine occupations,78,81,-3
E01002721,L14.1 and L14.2: Never worked and long-term unemployed,123,119,4
E01002721,L15: Full-time students,65,98,-33
E01002721,"L4, L5 and L6: Lower managerial, administrative and professional occupations",342,371,-29
E01002721,L7: Intermediate occupations,103,132,-29
E01002721,L8 and L9: Small employers and own account workers,132,101,31
E01002722,"L1, L2 and L3: Higher managerial, administrative and professional occupations",298,153,145
E01002722,L10 and L11: Lower supervisory and technical occupations,42,46,-4
E01002722,L12: Semi-routine occupations,87,99,-12
E01002722,L13: Routine occupations,95,73,22
E01002722,L14.1 and L14.2: Never worked and long-term unemployed,142,114,28
E01002722,L15: Full-time students,83,95,-12
E01002722,"L4, L5 and L6: Lower managerial, administrative and professional occupations",258,266,-8
E01002722,L7: Intermediate occupations,88,102,-14
E01002722,L8 and L9: Small employers and own account workers,110,84,26
E01002723,"L1, L2 and L3: Higher managerial, administrative and professional occupations",254,164,90
E01002723,L10 and L11: Lower supervisory and technical occupations,41,52,-11
E01002723,L12: Semi-routine occupations,121,123,-2
E01002723,L13: Routine occupations,97,104,-7
E01002723,L14.1 and L14.2: Never worked and long-term unemployed,148,94,54
E01002723,L15: Full-time students,272,233,39
E01002723,"L4, L5 and L6: Lower managerial, administrative and professional occupations",252,262,-10
E01002723,L7: Intermediate occupations,102,96,6
E01002723,L8 and L9: Small employers and own account workers,92,81,11
E01002724,"L1, L2 and L3: Higher managerial, administrative and professional occupations",598,509,89
E01002724,L10 and L11: Lower supervisory and technical occupations,32,35,-3
E01002724,L12: Semi-routine occupations,65,53,12
E01002724,L13: Routine occupations,62,46,16
E01002724,L14.1 and L14.2: Never worked and long-term unemployed,80,44,36
E01002724,L15: Full-time students,393,413,-20
E01002724,"L4, L5 and L6: Lower managerial, administrative and professional occupations",338,490,-152
E01002724,L7: Intermediate occupations,89,90,-1
E01002724,L8 and L9: Small employers and own account workers,107,115,-8
E01002725,"L1, L2 and L3: Higher managerial, administrative and professional occupations",164,137,27
E01002725,L10 and L11: Lower supervisory and technical occupations,51,47,4
E01002725,L12: Semi-routine occupations,83,103,-20
E01002725,L13: Routine occupations,120,105,15
E01002725,L14.1 and L14.2: Never worked and long-term unemployed,127,89,38
E01002725,L15: Full-time students,211,304,-93
E01002725,"L4, L5 and L6: Lower managerial, administrative and professional occupations",168,217,-49
E01002725,L7: Intermediate occupations,81,80,1
E01002725,L8 and L9: Small employers and own account workers,96,55,41
E01002726,"L1, L2 and L3: Higher managerial, administrative and professional occupations",328,322,6
E01002726,L10 and L11: Lower supervisory and technical occupations,37,61,-24
E01002726,L12: Semi-routine occupations,74,105,-31
E01002726,L13: Routine occupations,106,77,29
E01002726,L14.1 and L14.2: Never worked and long-term unemployed,173,114,59
E01002726,L15: Full-time students,176,166,10
E01002726,"L4, L5 and L6: Lower managerial, administrative and professional occupations",300,316,-16
E01002726,L7: Intermediate occupations,113,92,21
E01002726,L8 and L9: Small employers and own account workers,119,109,10
E01002727,"L1, L2 and L3: Higher managerial, administrative and professional occupations",429,368,61
E01002727,L10 and L11: Lower supervisory and technical occupations,36,41,-5
E01002727,L12: Semi-routine occupations,81,100,-19
E01002727,L13: Routine occupations,81,84,-3
E01002727,L14.1 and L14.2: Never worked and long-term unemployed,82,84,-2
E01002727,L15: Full-time students,101,106,-5
E01002727,"L4, L5 and L6: Lower managerial, administrative and professional occupations",351,380,-29
E01002727,L7: Intermediate occupations,91,113,-22
E01002727,L8 and L9: Small employers and own account workers,108,88,20
E01002728,"L1, L2 and L3: Higher managerial, administrative and professional occupations",168,132,36
E01002728,L10 and L11: Lower supervisory and technical occupations,26,38,-12
E01002728,L12: Semi-routine occupations,74,67,7
E01002728,L13: Routine occupations,60,60,0
E01002728,L14.1 and L14.2: Never worked and long-term unemployed,94,89,5
E01002728,L15: Full-time students,500,746,-246
E01002728,"L4, L5 and L6: Lower managerial, administrative and professional occupations",146,201,-55
E01002728,L7: Intermediate occupations,49,60,-11
E01002728,L8 and L9: Small employers and own account workers,62,47,15
E01002729,"L1, L2 and L3: Higher managerial, administrative and professional occupations",332,279,53
E01002729,L10 and L11: Lower supervisory and technical occupations,30,52,-22
E01002729,L12: Semi-routine occupations,79,89,-10
E01002729,L13: Routine occupations,83,73,10
E01002729,L14.1 and L14.2: Never worked and long-term unemployed,141,121,20
E01002729,L15: Full-time students,130,118,12
E01002729,"L4, L5 and L6: Lower managerial, administrative and professional occupations",265,342,-77
E01002729,L7: Intermediate occupations,123,105,18
E01002729,L8 and L9: Small employers and own account workers,135,110,25
E01002730,"L1, L2 and L3: Higher managerial, administrative and professional occupations",298,214,84
E01002730,L10 and L11: Lower supervisory and technical occupations,66,71,-5
E01002730,L12: Semi-routine occupations,107,149,-42
E01002730,L13: Routine occupations,130,93,37
E01002730,L14.1 and L14.2: Never worked and long-term unemployed,143,115,28
E01002730,L15: Full-time students,208,229,-21
E01002730,"L4, L5 and L6: Lower managerial, administrative and professional occupations",383,369,14
E01002730,L7: Intermediate occupations,106,148,-42
E01002730,L8 and L9: Small employers and own account workers,134,121,13
E01002732,"L1, L2 and L3: Higher managerial, administrative and professional occupations",195,152,43
E01002732,L10 and L11: Lower supervisory and technical occupations,78,87,-9
E01002732,L12: Semi-routine occupations,144,155,-11
E01002732,L13: Routine occupations,167,124,43
E01002732,L14.1 and L14.2: Never worked and long-term unemployed,267,251,16
E01002732,L15: Full-time students,151,176,-25
E01002732,"L4, L5 and L6: Lower managerial, administrative and professional occupations",283,277,6
E01002732,L7: Intermediate occupations,129,126,3
E01002732,L8 and L9: Small employers and own account workers,118,98,20
E01002733,"L1, L2 and L3: Higher managerial, administrative and professional occupations",344,358,-14
E01002733,L10 and L11: Lower supervisory and technical occupations,51,46,5
E01002733,L12: Semi-routine occupations,42,81,-39
E01002733,L13: Routine occupations,89,51,38
E01002733,L14.1 and L14.2: Never worked and long-term unemployed,92,69,23
E01002733,L15: Full-time students,103,173,-70
E01002733,"L4, L5 and L6: Lower managerial, administrative and professional occupations",335,499,-164
E01002733,L7: Intermediate occupations,89,133,-44
E01002733,L8 and L9: Small employers and own account workers,100,106,-6
E01002734,"L1, L2 and L3: Higher managerial, administrative and professional occupations",225,63,162
E01002734,L10 and L11: Lower supervisory and technical occupations,73,75,-2
E01002734,L12: Semi-routine occupations,164,148,16
E01002734,L13: Routine occupations,205,140,65
E01002734,L14.1 and L14.2: Never worked and long-term unemployed,269,230,39
E01002734,L15: Full-time students,286,152,134
E01002734,"L4, L5 and L6: Lower managerial, administrative and professional occupations",331,192,139
E01002734,L7: Intermediate occupations,185,98,87
E01002734,L8 and L9: Small employers and own account workers,151,82,69
E01002735,"L1, L2 and L3: Higher managerial, administrative and professional occupations",528,189,339
E01002735,L10 and L11: Lower supervisory and technical occupations,73,68,5
E01002735,L12: Semi-routine occupations,164,124,40
E01002735,L13: Routine occupations,193,96,97
E01002735,L14.1 and L14.2: Never worked and long-term unemployed,215,101,114
E01002735,L15: Full-time students,487,125,362
E01002735,"L4, L5 and L6: Lower managerial, administrative and professional occupations",587,392,195
E01002735,L7: Intermediate occupations,187,143,44
E01002735,L8 and L9: Small employers and own account workers,163,113,50
E01002736,"L1, L2 and L3: Higher managerial, administrative and professional occupations",111,69,42
E01002736,L10 and L11: Lower supervisory and technical occupations,55,51,4
E01002736,L12: Semi-routine occupations,114,160,-46
E01002736,L13: Routine occupations,125,129,-4
E01002736,L14.1 and L14.2: Never worked and long-term unemployed,272,186,86
E01002736,L15: Full-time students,130,114,16
E01002736,"L4, L5 and L6: Lower managerial, administrative and professional occupations",183,158,25
E01002736,L7: Intermediate occupations,93,89,4
E01002736,L8 and L9: Small employers and own account workers,95,67,28
E01002737,"L1, L2 and L3: Higher managerial, administrative and professional occupations",206,126,80
E01002737,L10 and L11: Lower supervisory and technical occupations,54,68,-14
E01002737,L12: Semi-routine occupations,157,168,-11
E01002737,L13: Routine occupations,199,123,76
E01002737,L14.1 and L14.2: Never worked and long-term unemployed,242,241,1
E01002737,L15: Full-time students,188,169,19
E01002737,"L4, L5 and L6: Lower managerial, administrative and professional occupations",248,259,-11
E01002737,L7: Intermediate occupations,142,118,24
E01002737,L8 and L9: Small employers and own account workers,119,97,22
E01002738,"L1, L2 and L3: Higher managerial, administrative and professional occupations",477,341,136
E01002738,L10 and L11: Lower supervisory and technical occupations,40,47,-7
E01002738,L12: Semi-routine occupations,92,90,2
E01002738,L13: Routine occupations,103,69,34
E01002738,L14.1 and L14.2: Never worked and long-term unemployed,130,113,17
E01002738,L15: Full-time students,131,94,37
E01002738,"L4, L5 and L6: Lower managerial, administrative and professional occupations",393,413,-20
E01002738,L7: Intermediate occupations,92,125,-33
E01002738,L8 and L9: Small employers and own account workers,143,105,38
E01002739,"L1, L2 and L3: Higher managerial, administrative and professional occupations",561,403,158
E01002739,L10 and L11: Lower supervisory and technical occupations,26,42,-16
E01002739,L12: Semi-routine occupations,52,85,-33
E01002739,L13: Routine occupations,57,47,10
E01002739,L14.1 and L14.2: Never worked and long-term unemployed,85,75,10
E01002739,L15: Full-time students,105,109,-4
E01002739,"L4, L5 and L6: Lower managerial, administrative and professional occupations",429,468,-39
E01002739,L7: Intermediate occupations,96,114,-18
E01002739,L8 and L9: Small employers and own account workers,115,108,7
E01002740,"L1, L2 and L3: Higher managerial, administrative and professional occupations",720,449,271
E01002740,L10 and L11: Lower supervisory and technical occupations,34,27,7
E01002740,L12: Semi-routine occupations,64,55,9
E01002740,L13: Routine occupations,85,42,43
E01002740,L14.1 and L14.2: Never worked and long-term unemployed,87,47,40
E01002740,L15: Full-time students,136,106,30
E01002740,"L4, L5 and L6: Lower managerial, administrative and professional occupations",514,518,-4
E01002740,L7: Intermediate occupations,107,104,3
E01002740,L8 and L9: Small employers and own account workers,124,113,11
E01002741,"L1, L2 and L3: Higher managerial, administrative and professional occupations",163,131,32
E01002741,L10 and L11: Lower supervisory and technical occupations,45,48,-3
E01002741,L12: Semi-routine occupations,124,133,-9
E01002741,L13: Routine occupations,125,89,36
E01002741,L14.1 and L14.2: Never worked and long-term unemployed,197,154,43
E01002741,L15: Full-time students,112,138,-26
E01002741,"L4, L5 and L6: Lower managerial, administrative and professional occupations",233,229,4
E01002741,L7: Intermediate occupations,116,105,11
E01002741,L8 and L9: Small employers and own account workers,121,77,44
E01002742,"L1, L2 and L3: Higher managerial, administrative and professional occupations",496,358,138
E01002742,L10 and L11: Lower supervisory and technical occupations,33,27,6
E01002742,L12: Semi-routine occupations,102,67,35
E01002742,L13: Routine occupations,80,53,27
E01002742,L14.1 and L14.2: Never worked and long-term unemployed,141,36,105
E01002742,L15: Full-time students,159,108,51
E01002742,"L4, L5 and L6: Lower managerial, administrative and professional occupations",362,446,-84
E01002742,L7: Intermediate occupations,129,93,36
E01002742,L8 and L9: Small employers and own account workers,139,83,56
E01002743,"L1, L2 and L3: Higher managerial, administrative and professional occupations",372,277,95
E01002743,L10 and L11: Lower supervisory and technical occupations,37,41,-4
E01002743,L12: Semi-routine occupations,80,90,-10
E01002743,L13: Routine occupations,73,62,11
E01002743,L14.1 and L14.2: Never worked and long-term unemployed,89,92,-3
E01002743,L15: Full-time students,72,154,-82
E01002743,"L4, L5 and L6: Lower managerial, administrative and professional occupations",347,359,-12
E01002743,L7: Intermediate occupations,87,78,9
E01002743,L8 and L9: Small employers and own account workers,91,86,5
E01002744,"L1, L2 and L3: Higher managerial, administrative and professional occupations",352,290,62
E01002744,L10 and L11: Lower supervisory and technical occupations,58,45,13
E01002744,L12: Semi-routine occupations,60,78,-18
E01002744,L13: Routine occupations,64,63,1
E01002744,L14.1 and L14.2: Never worked and long-term unemployed,83,70,13
E01002744,L15: Full-time students,55,83,-28
E01002744,"L4, L5 and L6: Lower managerial, administrative and professional occupations",304,392,-88
E01002744,L7: Intermediate occupations,87,110,-23
E01002744,L8 and L9: Small employers and own account workers,106,74,32
E01002745,"L1, L2 and L3: Higher managerial, administrative and professional occupations",389,334,55
E01002745,L10 and L11: Lower supervisory and technical occupations,20,34,-14
E01002745,L12: Semi-routine occupations,62,70,-8
E01002745,L13: Routine occupations,84,65,19
E01002745,L14.1 and L14.2: Never worked and long-term unemployed,78,65,13
E01002745,L15: Full-time students,98,112,-14
E01002745,"L4, L5 and L6: Lower managerial, administrative and professional occupations",317,338,-21
E01002745,L7: Intermediate occupations,73,95,-22
E01002745,L8 and L9: Small employers and own account workers,112,93,19
E01002747,"L1, L2 and L3: Higher managerial, administrative and professional occupations",375,275,100
E01002747,L10 and L11: Lower supervisory and technical occupations,50,39,11
E01002747,L12: Semi-routine occupations,55,100,-45
E01002747,L13: Routine occupations,87,58,29
E01002747,L14.1 and L14.2: Never worked and long-term unemployed,99,68,31
E01002747,L15: Full-time students,93,167,-74
E01002747,"L4, L5 and L6: Lower managerial, administrative and professional occupations",331,413,-82
E01002747,L7: Intermediate occupations,88,104,-16
E01002747,L8 and L9: Small employers and own account workers,101,109,-8
E01002748,"L1, L2 and L3: Higher managerial, administrative and professional occupations",246,156,90
E01002748,L10 and L11: Lower supervisory and technical occupations,57,56,1
E01002748,L12: Semi-routine occupations,108,109,-1
E01002748,L13: Routine occupations,113,86,27
E01002748,L14.1 and L14.2: Never worked and long-term unemployed,163,148,15
E01002748,L15: Full-time students,122,115,7
E01002748,"L4, L5 and L6: Lower managerial, administrative and professional occupations",283,302,-19
E01002748,L7: Intermediate occupations,115,97,18
E01002748,L8 and L9: Small employers and own account workers,123,73,50
E01002749,"L1, L2 and L3: Higher managerial, administrative and professional occupations",295,164,131
E01002749,L10 and L11: Lower supervisory and technical occupations,40,45,-5
E01002749,L12: Semi-routine occupations,87,81,6
E01002749,L13: Routine occupations,73,73,0
E01002749,L14.1 and L14.2: Never worked and long-term unemployed,121,75,46
E01002749,L15: Full-time students,108,119,-11
E01002749,"L4, L5 and L6: Lower managerial, administrative and professional occupations",295,253,42
E01002749,L7: Intermediate occupations,94,96,-2
E01002749,L8 and L9: Small employers and own account workers,89,66,23
E01002751,"L1, L2 and L3: Higher managerial, administrative and professional occupations",219,139,80
E01002751,L10 and L11: Lower supervisory and technical occupations,64,69,-5
E01002751,L12: Semi-routine occupations,144,164,-20
E01002751,L13: Routine occupations,154,131,23
E01002751,L14.1 and L14.2: Never worked and long-term unemployed,239,199,40
E01002751,L15: Full-time students,126,142,-16
E01002751,"L4, L5 and L6: Lower managerial, administrative and professional occupations",281,288,-7
E01002751,L7: Intermediate occupations,112,141,-29
E01002751,L8 and L9: Small employers and own account workers,126,117,9
E01002752,"L1, L2 and L3: Higher managerial, administrative and professional occupations",374,246,128
E01002752,L10 and L11: Lower supervisory and technical occupations,39,43,-4
E01002752,L12: Semi-routine occupations,83,100,-17
E01002752,L13: Routine occupations,92,68,24
E01002752,L14.1 and L14.2: Never worked and long-term unemployed,133,113,20
E01002752,L15: Full-time students,130,103,27
E01002752,"L4, L5 and L6: Lower managerial, administrative and professional occupations",336,304,32
E01002752,L7: Intermediate occupations,104,101,3
E01002752,L8 and L9: Small employers and own account workers,111,84,27
E01002753,"L1, L2 and L3: Higher managerial, administrative and professional occupations",218,139,79
E01002753,L10 and L11: Lower supervisory and technical occupations,44,46,-2
E01002753,L12: Semi-routine occupations,114,121,-7
E01002753,L13: Routine occupations,114,101,13
E01002753,L14.1 and L14.2: Never worked and long-term unemployed,158,120,38
E01002753,L15: Full-time students,132,145,-13
E01002753,"L4, L5 and L6: Lower managerial, administrative and professional occupations",264,254,10
E01002753,L7: Intermediate occupations,107,142,-35
E01002753,L8 and L9: Small employers and own account workers,96,86,10
E01002754,"L1, L2 and L3: Higher managerial, administrative and professional occupations",310,230,80
E01002754,L10 and L11: Lower supervisory and technical occupations,41,50,-9
E01002754,L12: Semi-routine occupations,82,71,11
E01002754,L13: Routine occupations,76,51,25
E01002754,L14.1 and L14.2: Never worked and long-term unemployed,93,79,14
E01002754,L15: Full-time students,128,114,14
E01002754,"L4, L5 and L6: Lower managerial, administrative and professional occupations",326,385,-59
E01002754,L7: Intermediate occupations,82,89,-7
E01002754,L8 and L9: Small employers and own account workers,126,107,19
E01002755,"L1, L2 and L3: Higher managerial, administrative and professional occupations",142,95,47
E01002755,L10 and L11: Lower supervisory and technical occupations,66,61,5
E01002755,L12: Semi-routine occupations,122,119,3
E01002755,L13: Routine occupations,100,89,11
E01002755,L14.1 and L14.2: Never worked and long-term unemployed,157,144,13
E01002755,L15: Full-time students,62,68,-6
E01002755,"L4, L5 and L6: Lower managerial, administrative and professional occupations",200,242,-42
E01002755,L7: Intermediate occupations,120,108,12
E01002755,L8 and L9: Small employers and own account workers,108,86,22
E01002756,"L1, L2 and L3: Higher managerial, administrative and professional occupations",263,196,67
E01002756,L10 and L11: Lower supervisory and technical occupations,39,37,2
E01002756,L12: Semi-routine occupations,69,74,-5
E01002756,L13: Routine occupations,78,67,11
E01002756,L14.1 and L14.2: Never worked and long-term unemployed,109,75,34
E01002756,L15: Full-time students,59,84,-25
E01002756,"L4, L5 and L6: Lower managerial, administrative and professional occupations",302,332,-30
E01002756,L7: Intermediate occupations,94,127,-33
E01002756,L8 and L9: Small employers and own account workers,90,95,-5
E01002757,"L1, L2 and L3: Higher managerial, administrative and professional occupations",244,182,62
E01002757,L10 and L11: Lower supervisory and technical occupations,40,39,1
E01002757,L12: Semi-routine occupations,75,81,-6
E01002757,L13: Routine occupations,77,70,7
E01002757,L14.1 and L14.2: Never worked and long-term unemployed,132,123,9
E01002757,L15: Full-time students,104,107,-3
E01002757,"L4, L5 and L6: Lower managerial, administrative and professional occupations",262,275,-13
E01002757,L7: Intermediate occupations,105,110,-5
E01002757,L8 and L9: Small employers and own account workers,109,101,8
E01002758,"L1, L2 and L3: Higher managerial, administrative and professional occupations",143,52,91
E01002758,L10 and L11: Lower supervisory and technical occupations,64,65,-1
E01002758,L12: Semi-routine occupations,145,105,40
E01002758,L13: Routine occupations,156,102,54
E01002758,L14.1 and L14.2: Never worked and long-term unemployed,219,201,18
E01002758,L15: Full-time students,132,111,21
E01002758,"L4, L5 and L6: Lower managerial, administrative and professional occupations",271,169,102
E01002758,L7: Intermediate occupations,99,92,7
E01002758,L8 and L9: Small employers and own account workers,119,63,56
E01002759,"L1, L2 and L3: Higher managerial, administrative and professional occupations",335,269,66
E01002759,L10 and L11: Lower supervisory and technical occupations,46,59,-13
E01002759,L12: Semi-routine occupations,80,92,-12
E01002759,L13: Routine occupations,74,59,15
E01002759,L14.1 and L14.2: Never worked and long-term unemployed,113,60,53
E01002759,L15: Full-time students,126,114,12
E01002759,"L4, L5 and L6: Lower managerial, administrative and professional occupations",303,393,-90
E01002759,L7: Intermediate occupations,104,129,-25
E01002759,L8 and L9: Small employers and own account workers,104,101,3
E01002760,"L1, L2 and L3: Higher managerial, administrative and professional occupations",213,82,131
E01002760,L10 and L11: Lower supervisory and technical occupations,51,67,-16
E01002760,L12: Semi-routine occupations,140,148,-8
E01002760,L13: Routine occupations,132,101,31
E01002760,L14.1 and L14.2: Never worked and long-term unemployed,205,170,35
E01002760,L15: Full-time students,156,152,4
E01002760,"L4, L5 and L6: Lower managerial, administrative and professional occupations",252,217,35
E01002760,L7: Intermediate occupations,129,132,-3
E01002760,L8 and L9: Small employers and own account workers,89,66,23
E01002762,"L1, L2 and L3: Higher managerial, administrative and professional occupations",446,341,105
E01002762,L10 and L11: Lower supervisory and technical occupations,59,71,-12
E01002762,L12: Semi-routine occupations,119,105,14
E01002762,L13: Routine occupations,101,100,1
E01002762,L14.1 and L14.2: Never worked and long-term unemployed,95,101,-6
E01002762,L15: Full-time students,170,192,-22
E01002762,"L4, L5 and L6: Lower managerial, administrative and professional occupations",434,539,-105
E01002762,L7: Intermediate occupations,119,132,-13
E01002762,L8 and L9: Small employers and own account workers,159,112,47
E01002763,"L1, L2 and L3: Higher managerial, administrative and professional occupations",171,108,63
E01002763,L10 and L11: Lower supervisory and technical occupations,41,51,-10
E01002763,L12: Semi-routine occupations,102,113,-11
E01002763,L13: Routine occupations,101,97,4
E01002763,L14.1 and L14.2: Never worked and long-term unemployed,114,86,28
E01002763,L15: Full-time students,158,320,-162
E01002763,"L4, L5 and L6: Lower managerial, administrative and professional occupations",225,246,-21
E01002763,L7: Intermediate occupations,109,112,-3
E01002763,L8 and L9: Small employers and own account workers,106,68,38
E01002764,"L1, L2 and L3: Higher managerial, administrative and professional occupations",236,180,56
E01002764,L10 and L11: Lower supervisory and technical occupations,54,73,-19
E01002764,L12: Semi-routine occupations,128,154,-26
E01002764,L13: Routine occupations,139,98,41
E01002764,L14.1 and L14.2: Never worked and long-term unemployed,222,136,86
E01002764,L15: Full-time students,194,175,19
E01002764,"L4, L5 and L6: Lower managerial, administrative and professional occupations",284,310,-26
E01002764,L7: Intermediate occupations,130,130,0
E01002764,L8 and L9: Small employers and own account workers,125,103,22
E01002765,"L1, L2 and L3: Higher managerial, administrative and professional occupations",369,135,234
E01002765,L10 and L11: Lower supervisory and technical occupations,89,93,-4
E01002765,L12: Semi-routine occupations,181,188,-7
E01002765,L13: Routine occupations,176,132,44
E01002765,L14.1 and L14.2: Never worked and long-term unemployed,300,218,82
E01002765,L15: Full-time students,646,527,119
E01002765,"L4, L5 and L6: Lower managerial, administrative and professional occupations",368,372,-4
E01002765,L7: Intermediate occupations,176,176,0
E01002765,L8 and L9: Small employers and own account workers,153,117,36
E01002766,"L1, L2 and L3: Higher managerial, administrative and professional occupations",258,71,187
E01002766,L10 and L11: Lower supervisory and technical occupations,62,76,-14
E01002766,L12: Semi-routine occupations,177,149,28
E01002766,L13: Routine occupations,225,134,91
E01002766,L14.1 and L14.2: Never worked and long-term unemployed,228,153,75
E01002766,L15: Full-time students,210,354,-144
E01002766,"L4, L5 and L6: Lower managerial, administrative and professional occupations",326,219,107
E01002766,L7: Intermediate occupations,155,138,17
E01002766,L8 and L9: Small employers and own account workers,145,72,73
E01002767,"L1, L2 and L3: Higher managerial, administrative and professional occupations",302,178,124
E01002767,L10 and L11: Lower supervisory and technical occupations,88,77,11
E01002767,L12: Semi-routine occupations,135,191,-56
E01002767,L13: Routine occupations,160,137,23
E01002767,L14.1 and L14.2: Never worked and long-term unemployed,211,161,50
E01002767,L15: Full-time students,271,206,65
E01002767,"L4, L5 and L6: Lower managerial, administrative and professional occupations",400,350,50
E01002767,L7: Intermediate occupations,164,210,-46
E01002767,L8 and L9: Small employers and own account workers,149,118,31
E01002768,"L1, L2 and L3: Higher managerial, administrative and professional occupations",343,196,147
E01002768,L10 and L11: Lower supervisory and technical occupations,42,53,-11
E01002768,L12: Semi-routine occupations,85,124,-39
E01002768,L13: Routine occupations,101,92,9
E01002768,L14.1 and L14.2: Never worked and long-term unemployed,155,84,71
E01002768,L15: Full-time students,67,96,-29
E01002768,"L4, L5 and L6: Lower managerial, administrative and professional occupations",313,374,-61
E01002768,L7: Intermediate occupations,140,156,-16
E01002768,L8 and L9: Small employers and own account workers,142,114,28
E01002769,"L1, L2 and L3: Higher managerial, administrative and professional occupations",372,292,80
E01002769,L10 and L11: Lower supervisory and technical occupations,28,54,-26
E01002769,L12: Semi-routine occupations,71,81,-10
E01002769,L13: Routine occupations,81,69,12
E01002769,L14.1 and L14.2: Never worked and long-term unemployed,129,64,65
E01002769,L15: Full-time students,283,494,-211
E01002769,"L4, L5 and L6: Lower managerial, administrative and professional occupations",340,438,-98
E01002769,L7: Intermediate occupations,116,110,6
E01002769,L8 and L9: Small employers and own account workers,127,100,27
E01002770,"L1, L2 and L3: Higher managerial, administrative and professional occupations",457,218,239
E01002770,L10 and L11: Lower supervisory and technical occupations,43,46,-3
E01002770,L12: Semi-routine occupations,92,121,-29
E01002770,L13: Routine occupations,75,63,12
E01002770,L14.1 and L14.2: Never worked and long-term unemployed,172,78,94
E01002770,L15: Full-time students,158,126,32
E01002770,"L4, L5 and L6: Lower managerial, administrative and professional occupations",382,353,29
E01002770,L7: Intermediate occupations,107,131,-24
E01002770,L8 and L9: Small employers and own account workers,141,90,51
E01002771,"L1, L2 and L3: Higher managerial, administrative and professional occupations",239,199,40
E01002771,L10 and L11: Lower supervisory and technical occupations,40,62,-22
E01002771,L12: Semi-routine occupations,96,138,-42
E01002771,L13: Routine occupations,108,97,11
E01002771,L14.1 and L14.2: Never worked and long-term unemployed,113,134,-21
E01002771,L15: Full-time students,135,134,1
E01002771,"L4, L5 and L6: Lower managerial, administrative and professional occupations",331,371,-40
E01002771,L7: Intermediate occupations,134,147,-13
E01002771,L8 and L9: Small employers and own account workers,111,101,10
E01002772,"L1, L2 and L3: Higher managerial, administrative and professional occupations",362,217,145
E01002772,L10 and L11: Lower supervisory and technical occupations,48,67,-19
E01002772,L12: Semi-routine occupations,119,118,1
E01002772,L13: Routine occupations,119,100,19
E01002772,L14.1 and L14.2: Never worked and long-term unemployed,168,124,44
E01002772,L15: Full-time students,148,182,-34
E01002772,"L4, L5 and L6: Lower managerial, administrative and professional occupations",428,407,21
E01002772,L7: Intermediate occupations,140,151,-11
E01002772,L8 and L9: Small employers and own account workers,127,115,12
E01002773,"L1, L2 and L3: Higher managerial, administrative and professional occupations",147,59,88
E01002773,L10 and L11: Lower supervisory and technical occupations,65,44,21
E01002773,L12: Semi-routine occupations,135,131,4
E01002773,L13: Routine occupations,162,113,49
E01002773,L14.1 and L14.2: Never worked and long-term unemployed,176,113,63
E01002773,L15: Full-time students,149,73,76
E01002773,"L4, L5 and L6: Lower managerial, administrative and professional occupations",234,151,83
E01002773,L7: Intermediate occupations,107,80,27
E01002773,L8 and L9: Small employers and own account workers,99,62,37
E01002774,"L1, L2 and L3: Higher managerial, administrative and professional occupations",355,224,131
E01002774,L10 and L11: Lower supervisory and technical occupations,54,69,-15
E01002774,L12: Semi-routine occupations,145,162,-17
E01002774,L13: Routine occupations,143,129,14
E01002774,L14.1 and L14.2: Never worked and long-term unemployed,160,148,12
E01002774,L15: Full-time students,127,167,-40
E01002774,"L4, L5 and L6: Lower managerial, administrative and professional occupations",505,494,11
E01002774,L7: Intermediate occupations,195,193,2
E01002774,L8 and L9: Small employers and own account workers,165,118,47
E01002775,"L1, L2 and L3: Higher managerial, administrative and professional occupations",396,308,88
E01002775,L10 and L11: Lower supervisory and technical occupations,32,43,-11
E01002775,L12: Semi-routine occupations,53,85,-32
E01002775,L13: Routine occupations,66,48,18
E01002775,L14.1 and L14.2: Never worked and long-term unemployed,92,68,24
E01002775,L15: Full-time students,77,76,1
E01002775,"L4, L5 and L6: Lower managerial, administrative and professional occupations",340,419,-79
E01002775,L7: Intermediate occupations,72,85,-13
E01002775,L8 and L9: Small employers and own account workers,105,97,8
E01002776,"L1, L2 and L3: Higher managerial, administrative and professional occupations",409,233,176
E01002776,L10 and L11: Lower supervisory and technical occupations,41,64,-23
E01002776,L12: Semi-routine occupations,110,115,-5
E01002776,L13: Routine occupations,112,70,42
E01002776,L14.1 and L14.2: Never worked and long-term unemployed,163,108,55
E01002776,L15: Full-time students,117,119,-2
E01002776,"L4, L5 and L6: Lower managerial, administrative and professional occupations",378,352,26
E01002776,L7: Intermediate occupations,94,100,-6
E01002776,L8 and L9: Small employers and own account workers,129,93,36
E01002777,"L1, L2 and L3: Higher managerial, administrative and professional occupations",363,280,83
E01002777,L10 and L11: Lower supervisory and technical occupations,46,49,-3
E01002777,L12: Semi-routine occupations,83,103,-20
E01002777,L13: Routine occupations,90,64,26
E01002777,L14.1 and L14.2: Never worked and long-term unemployed,138,96,42
E01002777,L15: Full-time students,80,92,-12
E01002777,"L4, L5 and L6: Lower managerial, administrative and professional occupations",401,437,-36
E01002777,L7: Intermediate occupations,108,148,-40
E01002777,L8 and L9: Small employers and own account workers,145,109,36
E01002778,"L1, L2 and L3: Higher managerial, administrative and professional occupations",190,103,87
E01002778,L10 and L11: Lower supervisory and technical occupations,54,62,-8
E01002778,L12: Semi-routine occupations,130,139,-9
E01002778,L13: Routine occupations,168,101,67
E01002778,L14.1 and L14.2: Never worked and long-term unemployed,255,187,68
E01002778,L15: Full-time students,217,182,35
E01002778,"L4, L5 and L6: Lower managerial, administrative and professional occupations",283,245,38
E01002778,L7: Intermediate occupations,110,118,-8
E01002778,L8 and L9: Small employers and own account workers,136,86,50
E01002779,"L1, L2 and L3: Higher managerial, administrative and professional occupations",373,303,70
E01002779,L10 and L11: Lower supervisory and technical occupations,40,57,-17
E01002779,L12: Semi-routine occupations,77,87,-10
E01002779,L13: Routine occupations,72,69,3
E01002779,L14.1 and L14.2: Never worked and long-term unemployed,98,101,-3
E01002779,L15: Full-time students,228,289,-61
E01002779,"L4, L5 and L6: Lower managerial, administrative and professional occupations",374,416,-42
E01002779,L7: Intermediate occupations,95,135,-40
E01002779,L8 and L9: Small employers and own account workers,137,106,31
E01002780,"L1, L2 and L3: Higher managerial, administrative and professional occupations",346,272,74
E01002780,L10 and L11: Lower supervisory and technical occupations,77,52,25
E01002780,L12: Semi-routine occupations,111,100,11
E01002780,L13: Routine occupations,119,94,25
E01002780,L14.1 and L14.2: Never worked and long-term unemployed,129,118,11
E01002780,L15: Full-time students,82,87,-5
E01002780,"L4, L5 and L6: Lower managerial, administrative and professional occupations",353,396,-43
E01002780,L7: Intermediate occupations,109,119,-10
E01002780,L8 and L9: Small employers and own account workers,153,89,64
E01002781,"L1, L2 and L3: Higher managerial, administrative and professional occupations",292,156,136
E01002781,L10 and L11: Lower supervisory and technical occupations,34,47,-13
E01002781,L12: Semi-routine occupations,109,102,7
E01002781,L13: Routine occupations,145,67,78
E01002781,L14.1 and L14.2: Never worked and long-term unemployed,204,115,89
E01002781,L15: Full-time students,101,115,-14
E01002781,"L4, L5 and L6: Lower managerial, administrative and professional occupations",370,268,102
E01002781,L7: Intermediate occupations,100,89,11
E01002781,L8 and L9: Small employers and own account workers,128,87,41
E01002782,"L1, L2 and L3: Higher managerial, administrative and professional occupations",126,90,36
E01002782,L10 and L11: Lower supervisory and technical occupations,47,38,9
E01002782,L12: Semi-routine occupations,104,134,-30
E01002782,L13: Routine occupations,121,101,20
E01002782,L14.1 and L14.2: Never worked and long-term unemployed,204,193,11
E01002782,L15: Full-time students,132,127,5
E01002782,"L4, L5 and L6: Lower managerial, administrative and professional occupations",195,198,-3
E01002782,L7: Intermediate occupations,93,97,-4
E01002782,L8 and L9: Small employers and own account workers,113,80,33
E01002783,"L1, L2 and L3: Higher managerial, administrative and professional occupations",223,126,97
E01002783,L10 and L11: Lower supervisory and technical occupations,56,49,7
E01002783,L12: Semi-routine occupations,122,123,-1
E01002783,L13: Routine occupations,137,123,14
E01002783,L14.1 and L14.2: Never worked and long-term unemployed,219,132,87
E01002783,L15: Full-time students,177,158,19
E01002783,"L4, L5 and L6: Lower managerial, administrative and professional occupations",256,285,-29
E01002783,L7: Intermediate occupations,126,112,14
E01002783,L8 and L9: Small employers and own account workers,109,77,32
E01002784,"L1, L2 and L3: Higher managerial, administrative and professional occupations",221,161,60
E01002784,L10 and L11: Lower supervisory and technical occupations,66,60,6
E01002784,L12: Semi-routine occupations,119,159,-40
E01002784,L13: Routine occupations,160,129,31
E01002784,L14.1 and L14.2: Never worked and long-term unemployed,187,159,28
E01002784,L15: Full-time students,144,187,-43
E01002784,"L4, L5 and L6: Lower managerial, administrative and professional occupations",311,293,18
E01002784,L7: Intermediate occupations,114,116,-2
E01002784,L8 and L9: Small employers and own account workers,126,89,37
E01002785,"L1, L2 and L3: Higher managerial, administrative and professional occupations",417,321,96
E01002785,L10 and L11: Lower supervisory and technical occupations,46,48,-2
E01002785,L12: Semi-routine occupations,71,99,-28
E01002785,L13: Routine occupations,96,73,23
E01002785,L14.1 and L14.2: Never worked and long-term unemployed,101,118,-17
E01002785,L15: Full-time students,153,138,15
E01002785,"L4, L5 and L6: Lower managerial, administrative and professional occupations",441,448,-7
E01002785,L7: Intermediate occupations,102,119,-17
E01002785,L8 and L9: Small employers and own account workers,160,133,27
E01002786,"L1, L2 and L3: Higher managerial, administrative and professional occupations",287,173,114
E01002786,L10 and L11: Lower supervisory and technical occupations,56,78,-22
E01002786,L12: Semi-routine occupations,143,130,13
E01002786,L13: Routine occupations,164,107,57
E01002786,L14.1 and L14.2: Never worked and long-term unemployed,211,150,61
E01002786,L15: Full-time students,167,179,-12
E01002786,"L4, L5 and L6: Lower managerial, administrative and professional occupations",358,346,12
E01002786,L7: Intermediate occupations,129,141,-12
E01002786,L8 and L9: Small employers and own account workers,99,90,9
E01002787,"L1, L2 and L3: Higher managerial, administrative and professional occupations",221,125,96
E01002787,L10 and L11: Lower supervisory and technical occupations,52,64,-12
E01002787,L12: Semi-routine occupations,92,158,-66
E01002787,L13: Routine occupations,146,148,-2
E01002787,L14.1 and L14.2: Never worked and long-term unemployed,116,199,-83
E01002787,L15: Full-time students,155,207,-52
E01002787,"L4, L5 and L6: Lower managerial, administrative and professional occupations",266,230,36
E01002787,L7: Intermediate occupations,95,141,-46
E01002787,L8 and L9: Small employers and own account workers,100,97,3
E01002788,"L1, L2 and L3: Higher managerial, administrative and professional occupations",452,343,109
E01002788,L10 and L11: Lower supervisory and technical occupations,44,47,-3
E01002788,L12: Semi-routine occupations,56,96,-40
E01002788,L13: Routine occupations,93,76,17
E01002788,L14.1 and L14.2: Never worked and long-term unemployed,93,94,-1
E01002788,L15: Full-time students,127,126,1
E01002788,"L4, L5 and L6: Lower managerial, administrative and professional occupations",451,527,-76
E01002788,L7: Intermediate occupations,108,139,-31
E01002788,L8 and L9: Small employers and own account workers,158,127,31
E01002789,"L1, L2 and L3: Higher managerial, administrative and professional occupations",493,393,100
E01002789,L10 and L11: Lower supervisory and technical occupations,22,31,-9
E01002789,L12: Semi-routine occupations,70,60,10
E01002789,L13: Routine occupations,74,48,26
E01002789,L14.1 and L14.2: Never worked and long-term unemployed,78,52,26
E01002789,L15: Full-time students,114,138,-24
E01002789,"L4, L5 and L6: Lower managerial, administrative and professional occupations",458,551,-93
E01002789,L7: Intermediate occupations,105,136,-31
E01002789,L8 and L9: Small employers and own account workers,151,129,22
E01002790,"L1, L2 and L3: Higher managerial, administrative and professional occupations",191,145,46
E01002790,L10 and L11: Lower supervisory and technical occupations,45,57,-12
E01002790,L12: Semi-routine occupations,106,127,-21
E01002790,L13: Routine occupations,108,113,-5
E01002790,L14.1 and L14.2: Never worked and long-term unemployed,185,94,91
E01002790,L15: Full-time students,90,94,-4
E01002790,"L4, L5 and L6: Lower managerial, administrative and professional occupations",209,255,-46
E01002790,L7: Intermediate occupations,120,157,-37
E01002790,L8 and L9: Small employers and own account workers,105,76,29
E01002791,"L1, L2 and L3: Higher managerial, administrative and professional occupations",542,322,220
E01002791,L10 and L11: Lower supervisory and technical occupations,27,40,-13
E01002791,L12: Semi-routine occupations,76,94,-18
E01002791,L13: Routine occupations,64,47,17
E01002791,L14.1 and L14.2: Never worked and long-term unemployed,105,71,34
E01002791,L15: Full-time students,116,69,47
E01002791,"L4, L5 and L6: Lower managerial, administrative and professional occupations",408,421,-13
E01002791,L7: Intermediate occupations,95,103,-8
E01002791,L8 and L9: Small employers and own account workers,135,88,47
E01002792,"L1, L2 and L3: Higher managerial, administrative and professional occupations",580,419,161
E01002792,L10 and L11: Lower supervisory and technical occupations,34,47,-13
E01002792,L12: Semi-routine occupations,74,104,-30
E01002792,L13: Routine occupations,57,50,7
E01002792,L14.1 and L14.2: Never worked and long-term unemployed,68,69,-1
E01002792,L15: Full-time students,129,125,4
E01002792,"L4, L5 and L6: Lower managerial, administrative and professional occupations",404,509,-105
E01002792,L7: Intermediate occupations,109,125,-16
E01002792,L8 and L9: Small employers and own account workers,138,111,27
E01002793,"L1, L2 and L3: Higher managerial, administrative and professional occupations",411,313,98
E01002793,L10 and L11: Lower supervisory and technical occupations,61,56,5
E01002793,L12: Semi-routine occupations,105,147,-42
E01002793,L13: Routine occupations,142,127,15
E01002793,L14.1 and L14.2: Never worked and long-term unemployed,173,142,31
E01002793,L15: Full-time students,134,111,23
E01002793,"L4, L5 and L6: Lower managerial, administrative and professional occupations",323,425,-102
E01002793,L7: Intermediate occupations,115,159,-44
E01002793,L8 and L9: Small employers and own account workers,128,82,46
E01002794,"L1, L2 and L3: Higher managerial, administrative and professional occupations",677,412,265
E01002794,L10 and L11: Lower supervisory and technical occupations,46,40,6
E01002794,L12: Semi-routine occupations,100,82,18
E01002794,L13: Routine occupations,65,58,7
E01002794,L14.1 and L14.2: Never worked and long-term unemployed,121,79,42
E01002794,L15: Full-time students,125,124,1
E01002794,"L4, L5 and L6: Lower managerial, administrative and professional occupations",450,477,-27
E01002794,L7: Intermediate occupations,90,106,-16
E01002794,L8 and L9: Small employers and own account workers,155,99,56
E01002795,"L1, L2 and L3: Higher managerial, administrative and professional occupations",476,374,102
E01002795,L10 and L11: Lower supervisory and technical occupations,60,51,9
E01002795,L12: Semi-routine occupations,108,133,-25
E01002795,L13: Routine occupations,75,111,-36
E01002795,L14.1 and L14.2: Never worked and long-term unemployed,178,139,39
E01002795,L15: Full-time students,161,160,1
E01002795,"L4, L5 and L6: Lower managerial, administrative and professional occupations",352,438,-86
E01002795,L7: Intermediate occupations,117,135,-18
E01002795,L8 and L9: Small employers and own account workers,128,102,26
E01002796,"L1, L2 and L3: Higher managerial, administrative and professional occupations",225,204,21
E01002796,L10 and L11: Lower supervisory and technical occupations,24,26,-2
E01002796,L12: Semi-routine occupations,70,67,3
E01002796,L13: Routine occupations,82,55,27
E01002796,L14.1 and L14.2: Never worked and long-term unemployed,118,64,54
E01002796,L15: Full-time students,79,81,-2
E01002796,"L4, L5 and L6: Lower managerial, administrative and professional occupations",214,269,-55
E01002796,L7: Intermediate occupations,76,67,9
E01002796,L8 and L9: Small employers and own account workers,64,56,8
E01002797,"L1, L2 and L3: Higher managerial, administrative and professional occupations",382,275,107
E01002797,L10 and L11: Lower supervisory and technical occupations,50,61,-11
E01002797,L12: Semi-routine occupations,131,146,-15
E01002797,L13: Routine occupations,136,102,34
E01002797,L14.1 and L14.2: Never worked and long-term unemployed,172,153,19
E01002797,L15: Full-time students,176,149,27
E01002797,"L4, L5 and L6: Lower managerial, administrative and professional occupations",287,383,-96
E01002797,L7: Intermediate occupations,135,178,-43
E01002797,L8 and L9: Small employers and own account workers,111,92,19
E01002798,"L1, L2 and L3: Higher managerial, administrative and professional occupations",644,476,168
E01002798,L10 and L11: Lower supervisory and technical occupations,45,55,-10
E01002798,L12: Semi-routine occupations,54,78,-24
E01002798,L13: Routine occupations,69,108,-39
E01002798,L14.1 and L14.2: Never worked and long-term unemployed,103,84,19
E01002798,L15: Full-time students,106,113,-7
E01002798,"L4, L5 and L6: Lower managerial, administrative and professional occupations",395,468,-73
E01002798,L7: Intermediate occupations,107,131,-24
E01002798,L8 and L9: Small employers and own account workers,137,127,10
E01002799,"L1, L2 and L3: Higher managerial, administrative and professional occupations",315,233,82
E01002799,L10 and L11: Lower supervisory and technical occupations,57,59,-2
E01002799,L12: Semi-routine occupations,144,142,2
E01002799,L13: Routine occupations,141,94,47
E01002799,L14.1 and L14.2: Never worked and long-term unemployed,179,169,10
E01002799,L15: Full-time students,197,115,82
E01002799,"L4, L5 and L6: Lower managerial, administrative and professional occupations",275,328,-53
E01002799,L7: Intermediate occupations,122,139,-17
E01002799,L8 and L9: Small employers and own account workers,137,102,35
E01002800,"L1, L2 and L3: Higher managerial, administrative and professional occupations",350,71,279
E01002800,L10 and L11: Lower supervisory and technical occupations,50,38,12
E01002800,L12: Semi-routine occupations,151,90,61
E01002800,L13: Routine occupations,147,93,54
E01002800,L14.1 and L14.2: Never worked and long-term unemployed,179,132,47
E01002800,L15: Full-time students,150,89,61
E01002800,"L4, L5 and L6: Lower managerial, administrative and professional occupations",269,113,156
E01002800,L7: Intermediate occupations,96,72,24
E01002800,L8 and L9: Small employers and own account workers,103,44,59
E01002801,"L1, L2 and L3: Higher managerial, administrative and professional occupations",507,436,71
E01002801,L10 and L11: Lower supervisory and technical occupations,18,26,-8
E01002801,L12: Semi-routine occupations,54,52,2
E01002801,L13: Routine occupations,54,47,7
E01002801,L14.1 and L14.2: Never worked and long-term unemployed,93,61,32
E01002801,L15: Full-time students,75,115,-40
E01002801,"L4, L5 and L6: Lower managerial, administrative and professional occupations",330,404,-74
E01002801,L7: Intermediate occupations,86,83,3
E01002801,L8 and L9: Small employers and own account workers,88,75,13
E01002802,"L1, L2 and L3: Higher managerial, administrative and professional occupations",510,386,124
E01002802,L10 and L11: Lower supervisory and technical occupations,30,36,-6
E01002802,L12: Semi-routine occupations,103,62,41
E01002802,L13: Routine occupations,82,46,36
E01002802,L14.1 and L14.2: Never worked and long-term unemployed,146,62,84
E01002802,L15: Full-time students,149,80,69
E01002802,"L4, L5 and L6: Lower managerial, administrative and professional occupations",338,365,-27
E01002802,L7: Intermediate occupations,101,83,18
E01002802,L8 and L9: Small employers and own account workers,120,94,26
E01002804,"L1, L2 and L3: Higher managerial, administrative and professional occupations",208,167,41
E01002804,L10 and L11: Lower supervisory and technical occupations,36,81,-45
E01002804,L12: Semi-routine occupations,113,181,-68
E01002804,L13: Routine occupations,99,122,-23
E01002804,L14.1 and L14.2: Never worked and long-term unemployed,168,187,-19
E01002804,L15: Full-time students,134,162,-28
E01002804,"L4, L5 and L6: Lower managerial, administrative and professional occupations",301,381,-80
E01002804,L7: Intermediate occupations,118,145,-27
E01002804,L8 and L9: Small employers and own account workers,102,105,-3
E01002805,"L1, L2 and L3: Higher managerial, administrative and professional occupations",313,229,84
E01002805,L10 and L11: Lower supervisory and technical occupations,38,63,-25
E01002805,L12: Semi-routine occupations,83,101,-18
E01002805,L13: Routine occupations,91,77,14
E01002805,L14.1 and L14.2: Never worked and long-term unemployed,98,95,3
E01002805,L15: Full-time students,56,99,-43
E01002805,"L4, L5 and L6: Lower managerial, administrative and professional occupations",402,412,-10
E01002805,L7: Intermediate occupations,82,155,-73
E01002805,L8 and L9: Small employers and own account workers,118,98,20
E01002806,"L1, L2 and L3: Higher managerial, administrative and professional occupations",386,199,187
E01002806,L10 and L11: Lower supervisory and technical occupations,40,52,-12
E01002806,L12: Semi-routine occupations,79,116,-37
E01002806,L13: Routine occupations,73,67,6
E01002806,L14.1 and L14.2: Never worked and long-term unemployed,125,97,28
E01002806,L15: Full-time students,95,99,-4
E01002806,"L4, L5 and L6: Lower managerial, administrative and professional occupations",367,426,-59
E01002806,L7: Intermediate occupations,102,132,-30
E01002806,L8 and L9: Small employers and own account workers,108,86,22
E01002807,"L1, L2 and L3: Higher managerial, administrative and professional occupations",209,145,64
E01002807,L10 and L11: Lower supervisory and technical occupations,60,66,-6
E01002807,L12: Semi-routine occupations,124,146,-22
E01002807,L13: Routine occupations,138,130,8
E01002807,L14.1 and L14.2: Never worked and long-term unemployed,180,144,36
E01002807,L15: Full-time students,153,143,10
E01002807,"L4, L5 and L6: Lower managerial, administrative and professional occupations",300,336,-36
E01002807,L7: Intermediate occupations,145,159,-14
E01002807,L8 and L9: Small employers and own account workers,126,97,29
E01002808,"L1, L2 and L3: Higher managerial, administrative and professional occupations",371,256,115
E01002808,L10 and L11: Lower supervisory and technical occupations,65,59,6
E01002808,L12: Semi-routine occupations,92,131,-39
E01002808,L13: Routine occupations,140,108,32
E01002808,L14.1 and L14.2: Never worked and long-term unemployed,170,139,31
E01002808,L15: Full-time students,128,140,-12
E01002808,"L4, L5 and L6: Lower managerial, administrative and professional occupations",390,473,-83
E01002808,L7: Intermediate occupations,135,135,0
E01002808,L8 and L9: Small employers and own account workers,126,115,11
E01002809,"L1, L2 and L3: Higher managerial, administrative and professional occupations",249,169,80
E01002809,L10 and L11: Lower supervisory and technical occupations,62,65,-3
E01002809,L12: Semi-routine occupations,140,98,42
E01002809,L13: Routine occupations,101,92,9
E01002809,L14.1 and L14.2: Never worked and long-term unemployed,176,137,39
E01002809,L15: Full-time students,101,169,-68
E01002809,"L4, L5 and L6: Lower managerial, administrative and professional occupations",365,329,36
E01002809,L7: Intermediate occupations,131,139,-8
E01002809,L8 and L9: Small employers and own account workers,110,102,8
E01002810,"L1, L2 and L3: Higher managerial, administrative and professional occupations",244,130,114
E01002810,L10 and L11: Lower supervisory and technical occupations,58,59,-1
E01002810,L12: Semi-routine occupations,135,117,18
E01002810,L13: Routine occupations,111,111,0
E01002810,L14.1 and L14.2: Never worked and long-term unemployed,194,142,52
E01002810,L15: Full-time students,101,118,-17
E01002810,"L4, L5 and L6: Lower managerial, administrative and professional occupations",401,360,41
E01002810,L7: Intermediate occupations,127,119,8
E01002810,L8 and L9: Small employers and own account workers,113,91,22
E01002811,"L1, L2 and L3: Higher managerial, administrative and professional occupations",209,125,84
E01002811,L10 and L11: Lower supervisory and technical occupations,55,62,-7
E01002811,L12: Semi-routine occupations,130,94,36
E01002811,L13: Routine occupations,172,121,51
E01002811,L14.1 and L14.2: Never worked and long-term unemployed,171,134,37
E01002811,L15: Full-time students,110,101,9
E01002811,"L4, L5 and L6: Lower managerial, administrative and professional occupations",294,279,15
E01002811,L7: Intermediate occupations,140,121,19
E01002811,L8 and L9: Small employers and own account workers,117,95,22
E01002812,"L1, L2 and L3: Higher managerial, administrative and professional occupations",439,378,61
E01002812,L10 and L11: Lower supervisory and technical occupations,16,39,-23
E01002812,L12: Semi-routine occupations,44,56,-12
E01002812,L13: Routine occupations,29,45,-16
E01002812,L14.1 and L14.2: Never worked and long-term unemployed,70,100,-30
E01002812,L15: Full-time students,290,258,32
E01002812,"L4, L5 and L6: Lower managerial, administrative and professional occupations",240,428,-188
E01002812,L7: Intermediate occupations,60,127,-67
E01002812,L8 and L9: Small employers and own account workers,126,120,6
E01002813,"L1, L2 and L3: Higher managerial, administrative and professional occupations",474,403,71
E01002813,L10 and L11: Lower supervisory and technical occupations,14,24,-10
E01002813,L12: Semi-routine occupations,33,38,-5
E01002813,L13: Routine occupations,23,34,-11
E01002813,L14.1 and L14.2: Never worked and long-term unemployed,70,56,14
E01002813,L15: Full-time students,124,91,33
E01002813,"L4, L5 and L6: Lower managerial, administrative and professional occupations",291,463,-172
E01002813,L7: Intermediate occupations,55,106,-51
E01002813,L8 and L9: Small employers and own account workers,175,161,14
E01002814,"L1, L2 and L3: Higher managerial, administrative and professional occupations",355,287,68
E01002814,L10 and L11: Lower supervisory and technical occupations,46,72,-26
E01002814,L12: Semi-routine occupations,136,146,-10
E01002814,L13: Routine occupations,102,72,30
E01002814,L14.1 and L14.2: Never worked and long-term unemployed,307,186,121
E01002814,L15: Full-time students,266,203,63
E01002814,"L4, L5 and L6: Lower managerial, administrative and professional occupations",324,336,-12
E01002814,L7: Intermediate occupations,130,120,10
E01002814,L8 and L9: Small employers and own account workers,185,126,59
E01002815,"L1, L2 and L3: Higher managerial, administrative and professional occupations",318,318,0
E01002815,L10 and L11: Lower supervisory and technical occupations,20,25,-5
E01002815,L12: Semi-routine occupations,31,48,-17
E01002815,L13: Routine occupations,30,41,-11
E01002815,L14.1 and L14.2: Never worked and long-term unemployed,128,79,49
E01002815,L15: Full-time students,138,158,-20
E01002815,"L4, L5 and L6: Lower managerial, administrative and professional occupations",203,305,-102
E01002815,L7: Intermediate occupations,79,91,-12
E01002815,L8 and L9: Small employers and own account workers,106,95,11
E01002816,"L1, L2 and L3: Higher managerial, administrative and professional occupations",320,287,33
E01002816,L10 and L11: Lower supervisory and technical occupations,9,28,-19
E01002816,L12: Semi-routine occupations,40,40,0
E01002816,L13: Routine occupations,17,21,-4
E01002816,L14.1 and L14.2: Never worked and long-term unemployed,77,58,19
E01002816,L15: Full-time students,82,120,-38
E01002816,"L4, L5 and L6: Lower managerial, administrative and professional occupations",181,344,-163
E01002816,L7: Intermediate occupations,51,74,-23
E01002816,L8 and L9: Small employers and own account workers,111,101,10
E01002817,"L1, L2 and L3: Higher managerial, administrative and professional occupations",401,295,106
E01002817,L10 and L11: Lower supervisory and technical occupations,16,18,-2
E01002817,L12: Semi-routine occupations,38,64,-26
E01002817,L13: Routine occupations,22,31,-9
E01002817,L14.1 and L14.2: Never worked and long-term unemployed,102,74,28
E01002817,L15: Full-time students,108,102,6
E01002817,"L4, L5 and L6: Lower managerial, administrative and professional occupations",254,422,-168
E01002817,L7: Intermediate occupations,75,71,4
E01002817,L8 and L9: Small employers and own account workers,133,138,-5
E01002818,"L1, L2 and L3: Higher managerial, administrative and professional occupations",360,376,-16
E01002818,L10 and L11: Lower supervisory and technical occupations,19,33,-14
E01002818,L12: Semi-routine occupations,68,94,-26
E01002818,L13: Routine occupations,42,40,2
E01002818,L14.1 and L14.2: Never worked and long-term unemployed,100,119,-19
E01002818,L15: Full-time students,251,214,37
E01002818,"L4, L5 and L6: Lower managerial, administrative and professional occupations",201,508,-307
E01002818,L7: Intermediate occupations,54,92,-38
E01002818,L8 and L9: Small employers and own account workers,132,209,-77
E01002819,"L1, L2 and L3: Higher managerial, administrative and professional occupations",343,320,23
E01002819,L10 and L11: Lower supervisory and technical occupations,4,19,-15
E01002819,L12: Semi-routine occupations,32,55,-23
E01002819,L13: Routine occupations,16,30,-14
E01002819,L14.1 and L14.2: Never worked and long-term unemployed,86,66,20
E01002819,L15: Full-time students,90,180,-90
E01002819,"L4, L5 and L6: Lower managerial, administrative and professional occupations",191,420,-229
E01002819,L7: Intermediate occupations,53,69,-16
E01002819,L8 and L9: Small employers and own account workers,124,150,-26
E01002821,"L1, L2 and L3: Higher managerial, administrative and professional occupations",338,306,32
E01002821,L10 and L11: Lower supervisory and technical occupations,10,14,-4
E01002821,L12: Semi-routine occupations,32,59,-27
E01002821,L13: Routine occupations,19,26,-7
E01002821,L14.1 and L14.2: Never worked and long-term unemployed,71,50,21
E01002821,L15: Full-time students,134,172,-38
E01002821,"L4, L5 and L6: Lower managerial, administrative and professional occupations",192,367,-175
E01002821,L7: Intermediate occupations,38,63,-25
E01002821,L8 and L9: Small employers and own account workers,130,101,29
E01002823,"L1, L2 and L3: Higher managerial, administrative and professional occupations",210,154,56
E01002823,L10 and L11: Lower supervisory and technical occupations,27,43,-16
E01002823,L12: Semi-routine occupations,116,112,4
E01002823,L13: Routine occupations,87,65,22
E01002823,L14.1 and L14.2: Never worked and long-term unemployed,120,92,28
E01002823,L15: Full-time students,107,92,15
E01002823,"L4, L5 and L6: Lower managerial, administrative and professional occupations",187,279,-92
E01002823,L7: Intermediate occupations,93,86,7
E01002823,L8 and L9: Small employers and own account workers,112,115,-3
E01002824,"L1, L2 and L3: Higher managerial, administrative and professional occupations",407,359,48
E01002824,L10 and L11: Lower supervisory and technical occupations,12,36,-24
E01002824,L12: Semi-routine occupations,57,50,7
E01002824,L13: Routine occupations,22,39,-17
E01002824,L14.1 and L14.2: Never worked and long-term unemployed,55,56,-1
E01002824,L15: Full-time students,116,92,24
E01002824,"L4, L5 and L6: Lower managerial, administrative and professional occupations",231,389,-158
E01002824,L7: Intermediate occupations,54,80,-26
E01002824,L8 and L9: Small employers and own account workers,110,98,12
E01002825,"L1, L2 and L3: Higher managerial, administrative and professional occupations",482,371,111
E01002825,L10 and L11: Lower supervisory and technical occupations,14,28,-14
E01002825,L12: Semi-routine occupations,56,86,-30
E01002825,L13: Routine occupations,38,41,-3
E01002825,L14.1 and L14.2: Never worked and long-term unemployed,136,115,21
E01002825,L15: Full-time students,167,143,24
E01002825,"L4, L5 and L6: Lower managerial, administrative and professional occupations",283,460,-177
E01002825,L7: Intermediate occupations,101,105,-4
E01002825,L8 and L9: Small employers and own account workers,156,137,19
E01002826,"L1, L2 and L3: Higher managerial, administrative and professional occupations",381,358,23
E01002826,L10 and L11: Lower supervisory and technical occupations,26,49,-23
E01002826,L12: Semi-routine occupations,37,62,-25
E01002826,L13: Routine occupations,25,39,-14
E01002826,L14.1 and L14.2: Never worked and long-term unemployed,81,60,21
E01002826,L15: Full-time students,83,103,-20
E01002826,"L4, L5 and L6: Lower managerial, administrative and professional occupations",238,424,-186
E01002826,L7: Intermediate occupations,78,80,-2
E01002826,L8 and L9: Small employers and own account workers,114,88,26
E01002827,"L1, L2 and L3: Higher managerial, administrative and professional occupations",517,418,99
E01002827,L10 and L11: Lower supervisory and technical occupations,30,25,5
E01002827,L12: Semi-routine occupations,53,44,9
E01002827,L13: Routine occupations,32,35,-3
E01002827,L14.1 and L14.2: Never worked and long-term unemployed,61,46,15
E01002827,L15: Full-time students,150,120,30
E01002827,"L4, L5 and L6: Lower managerial, administrative and professional occupations",330,560,-230
E01002827,L7: Intermediate occupations,75,77,-2
E01002827,L8 and L9: Small employers and own account workers,177,137,40
E01002828,"L1, L2 and L3: Higher managerial, administrative and professional occupations",343,301,42
E01002828,L10 and L11: Lower supervisory and technical occupations,12,19,-7
E01002828,L12: Semi-routine occupations,38,51,-13
E01002828,L13: Routine occupations,31,34,-3
E01002828,L14.1 and L14.2: Never worked and long-term unemployed,69,41,28
E01002828,L15: Full-time students,77,69,8
E01002828,"L4, L5 and L6: Lower managerial, administrative and professional occupations",231,361,-130
E01002828,L7: Intermediate occupations,62,75,-13
E01002828,L8 and L9: Small employers and own account workers,141,112,29
E01002829,"L1, L2 and L3: Higher managerial, administrative and professional occupations",243,217,26
E01002829,L10 and L11: Lower supervisory and technical occupations,38,66,-28
E01002829,L12: Semi-routine occupations,111,140,-29
E01002829,L13: Routine occupations,116,101,15
E01002829,L14.1 and L14.2: Never worked and long-term unemployed,136,111,25
E01002829,L15: Full-time students,66,123,-57
E01002829,"L4, L5 and L6: Lower managerial, administrative and professional occupations",282,463,-181
E01002829,L7: Intermediate occupations,106,111,-5
E01002829,L8 and L9: Small employers and own account workers,143,181,-38
E01002830,"L1, L2 and L3: Higher managerial, administrative and professional occupations",284,202,82
E01002830,L10 and L11: Lower supervisory and technical occupations,74,62,12
E01002830,L12: Semi-routine occupations,163,165,-2
E01002830,L13: Routine occupations,134,139,-5
E01002830,L14.1 and L14.2: Never worked and long-term unemployed,238,117,121
E01002830,L15: Full-time students,76,107,-31
E01002830,"L4, L5 and L6: Lower managerial, administrative and professional occupations",304,398,-94
E01002830,L7: Intermediate occupations,92,117,-25
E01002830,L8 and L9: Small employers and own account workers,157,137,20
E01002831,"L1, L2 and L3: Higher managerial, administrative and professional occupations",291,249,42
E01002831,L10 and L11: Lower supervisory and technical occupations,43,58,-15
E01002831,L12: Semi-routine occupations,144,150,-6
E01002831,L13: Routine occupations,113,119,-6
E01002831,L14.1 and L14.2: Never worked and long-term unemployed,175,153,22
E01002831,L15: Full-time students,130,113,17
E01002831,"L4, L5 and L6: Lower managerial, administrative and professional occupations",292,425,-133
E01002831,L7: Intermediate occupations,117,153,-36
E01002831,L8 and L9: Small employers and own account workers,198,179,19
E01002832,"L1, L2 and L3: Higher managerial, administrative and professional occupations",274,199,75
E01002832,L10 and L11: Lower supervisory and technical occupations,31,42,-11
E01002832,L12: Semi-routine occupations,114,114,0
E01002832,L13: Routine occupations,135,63,72
E01002832,L14.1 and L14.2: Never worked and long-term unemployed,156,94,62
E01002832,L15: Full-time students,101,95,6
E01002832,"L4, L5 and L6: Lower managerial, administrative and professional occupations",315,301,14
E01002832,L7: Intermediate occupations,127,88,39
E01002832,L8 and L9: Small employers and own account workers,154,117,37
E01002833,"L1, L2 and L3: Higher managerial, administrative and professional occupations",364,313,51
E01002833,L10 and L11: Lower supervisory and technical occupations,13,22,-9
E01002833,L12: Semi-routine occupations,49,58,-9
E01002833,L13: Routine occupations,46,47,-1
E01002833,L14.1 and L14.2: Never worked and long-term unemployed,49,53,-4
E01002833,L15: Full-time students,94,66,28
E01002833,"L4, L5 and L6: Lower managerial, administrative and professional occupations",246,440,-194
E01002833,L7: Intermediate occupations,59,82,-23
E01002833,L8 and L9: Small employers and own account workers,139,125,14
E01002834,"L1, L2 and L3: Higher managerial, administrative and professional occupations",364,306,58
E01002834,L10 and L11: Lower supervisory and technical occupations,8,23,-15
E01002834,L12: Semi-routine occupations,36,35,1
E01002834,L13: Routine occupations,28,30,-2
E01002834,L14.1 and L14.2: Never worked and long-term unemployed,86,53,33
E01002834,L15: Full-time students,137,173,-36
E01002834,"L4, L5 and L6: Lower managerial, administrative and professional occupations",186,358,-172
E01002834,L7: Intermediate occupations,72,85,-13
E01002834,L8 and L9: Small employers and own account workers,131,77,54
E01002835,"L1, L2 and L3: Higher managerial, administrative and professional occupations",430,369,61
E01002835,L10 and L11: Lower supervisory and technical occupations,8,15,-7
E01002835,L12: Semi-routine occupations,32,35,-3
E01002835,L13: Routine occupations,39,24,15
E01002835,L14.1 and L14.2: Never worked and long-term unemployed,67,48,19
E01002835,L15: Full-time students,198,176,22
E01002835,"L4, L5 and L6: Lower managerial, administrative and professional occupations",259,407,-148
E01002835,L7: Intermediate occupations,46,85,-39
E01002835,L8 and L9: Small employers and own account workers,123,102,21
E01002836,"L1, L2 and L3: Higher managerial, administrative and professional occupations",455,343,112
E01002836,L10 and L11: Lower supervisory and technical occupations,12,21,-9
E01002836,L12: Semi-routine occupations,30,39,-9
E01002836,L13: Routine occupations,32,23,9
E01002836,L14.1 and L14.2: Never worked and long-term unemployed,51,44,7
E01002836,L15: Full-time students,131,165,-34
E01002836,"L4, L5 and L6: Lower managerial, administrative and professional occupations",233,404,-171
E01002836,L7: Intermediate occupations,69,59,10
E01002836,L8 and L9: Small employers and own account workers,119,85,34
E01002837,"L1, L2 and L3: Higher managerial, administrative and professional occupations",337,309,28
E01002837,L10 and L11: Lower supervisory and technical occupations,12,13,-1
E01002837,L12: Semi-routine occupations,40,27,13
E01002837,L13: Routine occupations,23,24,-1
E01002837,L14.1 and L14.2: Never worked and long-term unemployed,63,41,22
E01002837,L15: Full-time students,86,132,-46
E01002837,"L4, L5 and L6: Lower managerial, administrative and professional occupations",180,370,-190
E01002837,L7: Intermediate occupations,25,66,-41
E01002837,L8 and L9: Small employers and own account workers,114,110,4
E01002839,"L1, L2 and L3: Higher managerial, administrative and professional occupations",392,342,50
E01002839,L10 and L11: Lower supervisory and technical occupations,14,30,-16
E01002839,L12: Semi-routine occupations,71,76,-5
E01002839,L13: Routine occupations,60,41,19
E01002839,L14.1 and L14.2: Never worked and long-term unemployed,158,114,44
E01002839,L15: Full-time students,185,227,-42
E01002839,"L4, L5 and L6: Lower managerial, administrative and professional occupations",275,371,-96
E01002839,L7: Intermediate occupations,119,72,47
E01002839,L8 and L9: Small employers and own account workers,151,86,65
E01002840,"L1, L2 and L3: Higher managerial, administrative and professional occupations",101,105,-4
E01002840,L10 and L11: Lower supervisory and technical occupations,26,37,-11
E01002840,L12: Semi-routine occupations,99,115,-16
E01002840,L13: Routine occupations,85,94,-9
E01002840,L14.1 and L14.2: Never worked and long-term unemployed,122,114,8
E01002840,L15: Full-time students,78,89,-11
E01002840,"L4, L5 and L6: Lower managerial, administrative and professional occupations",169,247,-78
E01002840,L7: Intermediate occupations,83,84,-1
E01002840,L8 and L9: Small employers and own account workers,114,99,15
E01002841,"L1, L2 and L3: Higher managerial, administrative and professional occupations",257,180,77
E01002841,L10 and L11: Lower supervisory and technical occupations,22,41,-19
E01002841,L12: Semi-routine occupations,69,109,-40
E01002841,L13: Routine occupations,72,49,23
E01002841,L14.1 and L14.2: Never worked and long-term unemployed,109,81,28
E01002841,L15: Full-time students,76,80,-4
E01002841,"L4, L5 and L6: Lower managerial, administrative and professional occupations",239,345,-106
E01002841,L7: Intermediate occupations,59,115,-56
E01002841,L8 and L9: Small employers and own account workers,150,130,20
E01002842,"L1, L2 and L3: Higher managerial, administrative and professional occupations",71,67,4
E01002842,L10 and L11: Lower supervisory and technical occupations,46,61,-15
E01002842,L12: Semi-routine occupations,96,147,-51
E01002842,L13: Routine occupations,99,100,-1
E01002842,L14.1 and L14.2: Never worked and long-term unemployed,185,168,17
E01002842,L15: Full-time students,99,87,12
E01002842,"L4, L5 and L6: Lower managerial, administrative and professional occupations",119,138,-19
E01002842,L7: Intermediate occupations,52,78,-26
E01002842,L8 and L9: Small employers and own account workers,71,71,0
E01002843,"L1, L2 and L3: Higher managerial, administrative and professional occupations",116,91,25
E01002843,L10 and L11: Lower supervisory and technical occupations,43,52,-9
E01002843,L12: Semi-routine occupations,146,134,12
E01002843,L13: Routine occupations,111,100,11
E01002843,L14.1 and L14.2: Never worked and long-term unemployed,181,105,76
E01002843,L15: Full-time students,103,83,20
E01002843,"L4, L5 and L6: Lower managerial, administrative and professional occupations",194,202,-8
E01002843,L7: Intermediate occupations,84,96,-12
E01002843,L8 and L9: Small employers and own account workers,121,91,30
E01002844,"L1, L2 and L3: Higher managerial, administrative and professional occupations",334,260,74
E01002844,L10 and L11: Lower supervisory and technical occupations,19,36,-17
E01002844,L12: Semi-routine occupations,54,79,-25
E01002844,L13: Routine occupations,61,32,29
E01002844,L14.1 and L14.2: Never worked and long-term unemployed,80,49,31
E01002844,L15: Full-time students,69,87,-18
E01002844,"L4, L5 and L6: Lower managerial, administrative and professional occupations",205,368,-163
E01002844,L7: Intermediate occupations,58,87,-29
E01002844,L8 and L9: Small employers and own account workers,133,105,28
E01002845,"L1, L2 and L3: Higher managerial, administrative and professional occupations",279,226,53
E01002845,L10 and L11: Lower supervisory and technical occupations,22,32,-10
E01002845,L12: Semi-routine occupations,54,85,-31
E01002845,L13: Routine occupations,44,57,-13
E01002845,L14.1 and L14.2: Never worked and long-term unemployed,108,76,32
E01002845,L15: Full-time students,120,92,28
E01002845,"L4, L5 and L6: Lower managerial, administrative and professional occupations",205,328,-123
E01002845,L7: Intermediate occupations,59,86,-27
E01002845,L8 and L9: Small employers and own account workers,132,106,26
E01002846,"L1, L2 and L3: Higher managerial, administrative and professional occupations",273,259,14
E01002846,L10 and L11: Lower supervisory and technical occupations,30,38,-8
E01002846,L12: Semi-routine occupations,53,85,-32
E01002846,L13: Routine occupations,68,66,2
E01002846,L14.1 and L14.2: Never worked and long-term unemployed,88,71,17
E01002846,L15: Full-time students,288,117,171
E01002846,"L4, L5 and L6: Lower managerial, administrative and professional occupations",210,347,-137
E01002846,L7: Intermediate occupations,86,83,3
E01002846,L8 and L9: Small employers and own account workers,103,89,14
E01002847,"L1, L2 and L3: Higher managerial, administrative and professional occupations",411,355,56
E01002847,L10 and L11: Lower supervisory and technical occupations,26,35,-9
E01002847,L12: Semi-routine occupations,43,74,-31
E01002847,L13: Routine occupations,47,66,-19
E01002847,L14.1 and L14.2: Never worked and long-term unemployed,116,58,58
E01002847,L15: Full-time students,168,175,-7
E01002847,"L4, L5 and L6: Lower managerial, administrative and professional occupations",265,432,-167
E01002847,L7: Intermediate occupations,70,85,-15
E01002847,L8 and L9: Small employers and own account workers,103,112,-9
E01002848,"L1, L2 and L3: Higher managerial, administrative and professional occupations",333,295,38
E01002848,L10 and L11: Lower supervisory and technical occupations,16,63,-47
E01002848,L12: Semi-routine occupations,58,104,-46
E01002848,L13: Routine occupations,70,68,2
E01002848,L14.1 and L14.2: Never worked and long-term unemployed,96,91,5
E01002848,L15: Full-time students,122,156,-34
E01002848,"L4, L5 and L6: Lower managerial, administrative and professional occupations",256,376,-120
E01002848,L7: Intermediate occupations,69,103,-34
E01002848,L8 and L9: Small employers and own account workers,100,92,8
E01002849,"L1, L2 and L3: Higher managerial, administrative and professional occupations",406,328,78
E01002849,L10 and L11: Lower supervisory and technical occupations,18,41,-23
E01002849,L12: Semi-routine occupations,50,66,-16
E01002849,L13: Routine occupations,51,41,10
E01002849,L14.1 and L14.2: Never worked and long-term unemployed,105,56,49
E01002849,L15: Full-time students,171,158,13
E01002849,"L4, L5 and L6: Lower managerial, administrative and professional occupations",281,391,-110
E01002849,L7: Intermediate occupations,84,79,5
E01002849,L8 and L9: Small employers and own account workers,121,99,22
E01002850,"L1, L2 and L3: Higher managerial, administrative and professional occupations",341,217,124
E01002850,L10 and L11: Lower supervisory and technical occupations,45,42,3
E01002850,L12: Semi-routine occupations,55,58,-3
E01002850,L13: Routine occupations,38,58,-20
E01002850,L14.1 and L14.2: Never worked and long-term unemployed,134,84,50
E01002850,L15: Full-time students,235,303,-68
E01002850,"L4, L5 and L6: Lower managerial, administrative and professional occupations",195,323,-128
E01002850,L7: Intermediate occupations,85,65,20
E01002850,L8 and L9: Small employers and own account workers,114,88,26
E01002851,"L1, L2 and L3: Higher managerial, administrative and professional occupations",239,206,33
E01002851,L10 and L11: Lower supervisory and technical occupations,50,80,-30
E01002851,L12: Semi-routine occupations,99,136,-37
E01002851,L13: Routine occupations,90,95,-5
E01002851,L14.1 and L14.2: Never worked and long-term unemployed,169,159,10
E01002851,L15: Full-time students,198,142,56
E01002851,"L4, L5 and L6: Lower managerial, administrative and professional occupations",206,344,-138
E01002851,L7: Intermediate occupations,77,115,-38
E01002851,L8 and L9: Small employers and own account workers,108,118,-10
E01002852,"L1, L2 and L3: Higher managerial, administrative and professional occupations",192,116,76
E01002852,L10 and L11: Lower supervisory and technical occupations,71,107,-36
E01002852,L12: Semi-routine occupations,177,218,-41
E01002852,L13: Routine occupations,202,189,13
E01002852,L14.1 and L14.2: Never worked and long-term unemployed,226,249,-23
E01002852,L15: Full-time students,471,148,323
E01002852,"L4, L5 and L6: Lower managerial, administrative and professional occupations",280,268,12
E01002852,L7: Intermediate occupations,119,170,-51
E01002852,L8 and L9: Small employers and own account workers,144,135,9
E01002853,"L1, L2 and L3: Higher managerial, administrative and professional occupations",144,65,79
E01002853,L10 and L11: Lower supervisory and technical occupations,65,51,14
E01002853,L12: Semi-routine occupations,103,96,7
E01002853,L13: Routine occupations,131,105,26
E01002853,L14.1 and L14.2: Never worked and long-term unemployed,225,151,74
E01002853,L15: Full-time students,128,91,37
E01002853,"L4, L5 and L6: Lower managerial, administrative and professional occupations",258,153,105
E01002853,L7: Intermediate occupations,97,55,42
E01002853,L8 and L9: Small employers and own account workers,111,70,41
E01002854,"L1, L2 and L3: Higher managerial, administrative and professional occupations",67,45,22
E01002854,L10 and L11: Lower supervisory and technical occupations,31,34,-3
E01002854,L12: Semi-routine occupations,106,125,-19
E01002854,L13: Routine occupations,121,90,31
E01002854,L14.1 and L14.2: Never worked and long-term unemployed,130,133,-3
E01002854,L15: Full-time students,105,89,16
E01002854,"L4, L5 and L6: Lower managerial, administrative and professional occupations",154,149,5
E01002854,L7: Intermediate occupations,91,76,15
E01002854,L8 and L9: Small employers and own account workers,107,64,43
E01002855,"L1, L2 and L3: Higher managerial, administrative and professional occupations",134,141,-7
E01002855,L10 and L11: Lower supervisory and technical occupations,54,75,-21
E01002855,L12: Semi-routine occupations,153,186,-33
E01002855,L13: Routine occupations,137,140,-3
E01002855,L14.1 and L14.2: Never worked and long-term unemployed,268,214,54
E01002855,L15: Full-time students,104,143,-39
E01002855,"L4, L5 and L6: Lower managerial, administrative and professional occupations",232,358,-126
E01002855,L7: Intermediate occupations,105,159,-54
E01002855,L8 and L9: Small employers and own account workers,175,141,34
E01002856,"L1, L2 and L3: Higher managerial, administrative and professional occupations",240,184,56
E01002856,L10 and L11: Lower supervisory and technical occupations,52,54,-2
E01002856,L12: Semi-routine occupations,114,122,-8
E01002856,L13: Routine occupations,83,77,6
E01002856,L14.1 and L14.2: Never worked and long-term unemployed,167,113,54
E01002856,L15: Full-time students,99,106,-7
E01002856,"L4, L5 and L6: Lower managerial, administrative and professional occupations",264,388,-124
E01002856,L7: Intermediate occupations,105,101,4
E01002856,L8 and L9: Small employers and own account workers,143,132,11
E01002857,"L1, L2 and L3: Higher managerial, administrative and professional occupations",75,33,42
E01002857,L10 and L11: Lower supervisory and technical occupations,59,56,3
E01002857,L12: Semi-routine occupations,176,126,50
E01002857,L13: Routine occupations,153,132,21
E01002857,L14.1 and L14.2: Never worked and long-term unemployed,185,140,45
E01002857,L15: Full-time students,101,88,13
E01002857,"L4, L5 and L6: Lower managerial, administrative and professional occupations",162,104,58
E01002857,L7: Intermediate occupations,123,74,49
E01002857,L8 and L9: Small employers and own account workers,125,60,65
E01002858,"L1, L2 and L3: Higher managerial, administrative and professional occupations",193,176,17
E01002858,L10 and L11: Lower supervisory and technical occupations,42,35,7
E01002858,L12: Semi-routine occupations,118,70,48
E01002858,L13: Routine occupations,83,57,26
E01002858,L14.1 and L14.2: Never worked and long-term unemployed,174,121,53
E01002858,L15: Full-time students,113,188,-75
E01002858,"L4, L5 and L6: Lower managerial, administrative and professional occupations",231,214,17
E01002858,L7: Intermediate occupations,85,71,14
E01002858,L8 and L9: Small employers and own account workers,112,78,34
E01002859,"L1, L2 and L3: Higher managerial, administrative and professional occupations",403,376,27
E01002859,L10 and L11: Lower supervisory and technical occupations,17,21,-4
E01002859,L12: Semi-routine occupations,62,89,-27
E01002859,L13: Routine occupations,33,31,2
E01002859,L14.1 and L14.2: Never worked and long-term unemployed,79,62,17
E01002859,L15: Full-time students,98,103,-5
E01002859,"L4, L5 and L6: Lower managerial, administrative and professional occupations",194,440,-246
E01002859,L7: Intermediate occupations,51,79,-28
E01002859,L8 and L9: Small employers and own account workers,164,131,33
E01002860,"L1, L2 and L3: Higher managerial, administrative and professional occupations",391,394,-3
E01002860,L10 and L11: Lower supervisory and technical occupations,8,15,-7
E01002860,L12: Semi-routine occupations,44,41,3
E01002860,L13: Routine occupations,15,26,-11
E01002860,L14.1 and L14.2: Never worked and long-term unemployed,54,55,-1
E01002860,L15: Full-time students,78,99,-21
E01002860,"L4, L5 and L6: Lower managerial, administrative and professional occupations",189,399,-210
E01002860,L7: Intermediate occupations,41,64,-23
E01002860,L8 and L9: Small employers and own account workers,139,128,11
E01002861,"L1, L2 and L3: Higher managerial, administrative and professional occupations",297,297,0
E01002861,L10 and L11: Lower supervisory and technical occupations,13,21,-8
E01002861,L12: Semi-routine occupations,77,59,18
E01002861,L13: Routine occupations,44,33,11
E01002861,L14.1 and L14.2: Never worked and long-term unemployed,102,73,29
E01002861,L15: Full-time students,82,65,17
E01002861,"L4, L5 and L6: Lower managerial, administrative and professional occupations",226,375,-149
E01002861,L7: Intermediate occupations,61,101,-40
E01002861,L8 and L9: Small employers and own account workers,126,97,29
E01002862,"L1, L2 and L3: Higher managerial, administrative and professional occupations",210,200,10
E01002862,L10 and L11: Lower supervisory and technical occupations,23,52,-29
E01002862,L12: Semi-routine occupations,82,127,-45
E01002862,L13: Routine occupations,58,78,-20
E01002862,L14.1 and L14.2: Never worked and long-term unemployed,122,104,18
E01002862,L15: Full-time students,149,141,8
E01002862,"L4, L5 and L6: Lower managerial, administrative and professional occupations",200,288,-88
E01002862,L7: Intermediate occupations,86,138,-52
E01002862,L8 and L9: Small employers and own account workers,95,132,-37
E01002863,"L1, L2 and L3: Higher managerial, administrative and professional occupations",288,292,-4
E01002863,L10 and L11: Lower supervisory and technical occupations,7,23,-16
E01002863,L12: Semi-routine occupations,59,82,-23
E01002863,L13: Routine occupations,26,37,-11
E01002863,L14.1 and L14.2: Never worked and long-term unemployed,95,73,22
E01002863,L15: Full-time students,95,83,12
E01002863,"L4, L5 and L6: Lower managerial, administrative and professional occupations",214,366,-152
E01002863,L7: Intermediate occupations,47,62,-15
E01002863,L8 and L9: Small employers and own account workers,135,146,-11
E01002864,"L1, L2 and L3: Higher managerial, administrative and professional occupations",366,234,132
E01002864,L10 and L11: Lower supervisory and technical occupations,51,13,38
E01002864,L12: Semi-routine occupations,50,61,-11
E01002864,L13: Routine occupations,56,41,15
E01002864,L14.1 and L14.2: Never worked and long-term unemployed,128,96,32
E01002864,L15: Full-time students,91,100,-9
E01002864,"L4, L5 and L6: Lower managerial, administrative and professional occupations",245,324,-79
E01002864,L7: Intermediate occupations,48,65,-17
E01002864,L8 and L9: Small employers and own account workers,132,108,24
E01002865,"L1, L2 and L3: Higher managerial, administrative and professional occupations",471,289,182
E01002865,L10 and L11: Lower supervisory and technical occupations,22,12,10
E01002865,L12: Semi-routine occupations,61,39,22
E01002865,L13: Routine occupations,29,31,-2
E01002865,L14.1 and L14.2: Never worked and long-term unemployed,98,102,-4
E01002865,L15: Full-time students,146,105,41
E01002865,"L4, L5 and L6: Lower managerial, administrative and professional occupations",212,263,-51
E01002865,L7: Intermediate occupations,49,78,-29
E01002865,L8 and L9: Small employers and own account workers,122,91,31
E01002866,"L1, L2 and L3: Higher managerial, administrative and professional occupations",340,272,68
E01002866,L10 and L11: Lower supervisory and technical occupations,36,37,-1
E01002866,L12: Semi-routine occupations,129,112,17
E01002866,L13: Routine occupations,85,67,18
E01002866,L14.1 and L14.2: Never worked and long-term unemployed,254,94,160
E01002866,L15: Full-time students,180,116,64
E01002866,"L4, L5 and L6: Lower managerial, administrative and professional occupations",324,492,-168
E01002866,L7: Intermediate occupations,102,103,-1
E01002866,L8 and L9: Small employers and own account workers,153,124,29
E01002867,"L1, L2 and L3: Higher managerial, administrative and professional occupations",403,310,93
E01002867,L10 and L11: Lower supervisory and technical occupations,37,58,-21
E01002867,L12: Semi-routine occupations,93,122,-29
E01002867,L13: Routine occupations,64,59,5
E01002867,L14.1 and L14.2: Never worked and long-term unemployed,187,146,41
E01002867,L15: Full-time students,138,200,-62
E01002867,"L4, L5 and L6: Lower managerial, administrative and professional occupations",334,415,-81
E01002867,L7: Intermediate occupations,81,115,-34
E01002867,L8 and L9: Small employers and own account workers,164,168,-4
E01002868,"L1, L2 and L3: Higher managerial, administrative and professional occupations",394,343,51
E01002868,L10 and L11: Lower supervisory and technical occupations,13,25,-12
E01002868,L12: Semi-routine occupations,31,58,-27
E01002868,L13: Routine occupations,51,31,20
E01002868,L14.1 and L14.2: Never worked and long-term unemployed,76,72,4
E01002868,L15: Full-time students,70,95,-25
E01002868,"L4, L5 and L6: Lower managerial, administrative and professional occupations",208,437,-229
E01002868,L7: Intermediate occupations,54,89,-35
E01002868,L8 and L9: Small employers and own account workers,163,122,41
E01002869,"L1, L2 and L3: Higher managerial, administrative and professional occupations",376,292,84
E01002869,L10 and L11: Lower supervisory and technical occupations,30,35,-5
E01002869,L12: Semi-routine occupations,114,64,50
E01002869,L13: Routine occupations,70,37,33
E01002869,L14.1 and L14.2: Never worked and long-term unemployed,135,92,43
E01002869,L15: Full-time students,162,98,64
E01002869,"L4, L5 and L6: Lower managerial, administrative and professional occupations",251,380,-129
E01002869,L7: Intermediate occupations,85,111,-26
E01002869,L8 and L9: Small employers and own account workers,156,108,48
E01002870,"L1, L2 and L3: Higher managerial, administrative and professional occupations",167,75,92
E01002870,L10 and L11: Lower supervisory and technical occupations,58,67,-9
E01002870,L12: Semi-routine occupations,133,135,-2
E01002870,L13: Routine occupations,158,111,47
E01002870,L14.1 and L14.2: Never worked and long-term unemployed,262,128,134
E01002870,L15: Full-time students,110,128,-18
E01002870,"L4, L5 and L6: Lower managerial, administrative and professional occupations",211,194,17
E01002870,L7: Intermediate occupations,124,109,15
E01002870,L8 and L9: Small employers and own account workers,157,117,40
E01002871,"L1, L2 and L3: Higher managerial, administrative and professional occupations",484,380,104
E01002871,L10 and L11: Lower supervisory and technical occupations,11,21,-10
E01002871,L12: Semi-routine occupations,61,44,17
E01002871,L13: Routine occupations,18,37,-19
E01002871,L14.1 and L14.2: Never worked and long-term unemployed,46,67,-21
E01002871,L15: Full-time students,140,82,58
E01002871,"L4, L5 and L6: Lower managerial, administrative and professional occupations",249,442,-193
E01002871,L7: Intermediate occupations,55,87,-32
E01002871,L8 and L9: Small employers and own account workers,157,142,15
E01002872,"L1, L2 and L3: Higher managerial, administrative and professional occupations",200,157,43
E01002872,L10 and L11: Lower supervisory and technical occupations,46,56,-10
E01002872,L12: Semi-routine occupations,105,133,-28
E01002872,L13: Routine occupations,107,98,9
E01002872,L14.1 and L14.2: Never worked and long-term unemployed,157,104,53
E01002872,L15: Full-time students,74,74,0
E01002872,"L4, L5 and L6: Lower managerial, administrative and professional occupations",212,215,-3
E01002872,L7: Intermediate occupations,109,97,12
E01002872,L8 and L9: Small employers and own account workers,125,82,43
E01002873,"L1, L2 and L3: Higher managerial, administrative and professional occupations",319,246,73
E01002873,L10 and L11: Lower supervisory and technical occupations,39,26,13
E01002873,L12: Semi-routine occupations,78,64,14
E01002873,L13: Routine occupations,59,43,16
E01002873,L14.1 and L14.2: Never worked and long-term unemployed,113,68,45
E01002873,L15: Full-time students,92,88,4
E01002873,"L4, L5 and L6: Lower managerial, administrative and professional occupations",257,312,-55
E01002873,L7: Intermediate occupations,113,87,26
E01002873,L8 and L9: Small employers and own account workers,139,111,28
E01002874,"L1, L2 and L3: Higher managerial, administrative and professional occupations",260,271,-11
E01002874,L10 and L11: Lower supervisory and technical occupations,25,26,-1
E01002874,L12: Semi-routine occupations,44,88,-44
E01002874,L13: Routine occupations,60,52,8
E01002874,L14.1 and L14.2: Never worked and long-term unemployed,93,67,26
E01002874,L15: Full-time students,80,108,-28
E01002874,"L4, L5 and L6: Lower managerial, administrative and professional occupations",223,350,-127
E01002874,L7: Intermediate occupations,70,81,-11
E01002874,L8 and L9: Small employers and own account workers,109,92,17
E01002875,"L1, L2 and L3: Higher managerial, administrative and professional occupations",362,294,68
E01002875,L10 and L11: Lower supervisory and technical occupations,10,15,-5
E01002875,L12: Semi-routine occupations,49,51,-2
E01002875,L13: Routine occupations,63,47,16
E01002875,L14.1 and L14.2: Never worked and long-term unemployed,63,54,9
E01002875,L15: Full-time students,55,73,-18
E01002875,"L4, L5 and L6: Lower managerial, administrative and professional occupations",232,342,-110
E01002875,L7: Intermediate occupations,72,82,-10
E01002875,L8 and L9: Small employers and own account workers,158,117,41
E01002876,"L1, L2 and L3: Higher managerial, administrative and professional occupations",279,229,50
E01002876,L10 and L11: Lower supervisory and technical occupations,66,46,20
E01002876,L12: Semi-routine occupations,85,106,-21
E01002876,L13: Routine occupations,131,73,58
E01002876,L14.1 and L14.2: Never worked and long-term unemployed,162,102,60
E01002876,L15: Full-time students,95,105,-10
E01002876,"L4, L5 and L6: Lower managerial, administrative and professional occupations",326,411,-85
E01002876,L7: Intermediate occupations,126,100,26
E01002876,L8 and L9: Small employers and own account workers,194,133,61
E01002877,"L1, L2 and L3: Higher managerial, administrative and professional occupations",192,98,94
E01002877,L10 and L11: Lower supervisory and technical occupations,67,72,-5
E01002877,L12: Semi-routine occupations,154,119,35
E01002877,L13: Routine occupations,184,135,49
E01002877,L14.1 and L14.2: Never worked and long-term unemployed,281,164,117
E01002877,L15: Full-time students,220,174,46
E01002877,"L4, L5 and L6: Lower managerial, administrative and professional occupations",311,222,89
E01002877,L7: Intermediate occupations,162,136,26
E01002877,L8 and L9: Small employers and own account workers,173,102,71
E01002878,"L1, L2 and L3: Higher managerial, administrative and professional occupations",262,204,58
E01002878,L10 and L11: Lower supervisory and technical occupations,41,50,-9
E01002878,L12: Semi-routine occupations,88,111,-23
E01002878,L13: Routine occupations,88,99,-11
E01002878,L14.1 and L14.2: Never worked and long-term unemployed,150,108,42
E01002878,L15: Full-time students,106,94,12
E01002878,"L4, L5 and L6: Lower managerial, administrative and professional occupations",298,398,-100
E01002878,L7: Intermediate occupations,103,133,-30
E01002878,L8 and L9: Small employers and own account workers,161,124,37
E01002879,"L1, L2 and L3: Higher managerial, administrative and professional occupations",145,125,20
E01002879,L10 and L11: Lower supervisory and technical occupations,59,66,-7
E01002879,L12: Semi-routine occupations,189,142,47
E01002879,L13: Routine occupations,191,126,65
E01002879,L14.1 and L14.2: Never worked and long-term unemployed,363,154,209
E01002879,L15: Full-time students,133,135,-2
E01002879,"L4, L5 and L6: Lower managerial, administrative and professional occupations",274,223,51
E01002879,L7: Intermediate occupations,130,106,24
E01002879,L8 and L9: Small employers and own account workers,97,78,19
E01002880,"L1, L2 and L3: Higher managerial, administrative and professional occupations",59,62,-3
E01002880,L10 and L11: Lower supervisory and technical occupations,40,91,-51
E01002880,L12: Semi-routine occupations,119,153,-34
E01002880,L13: Routine occupations,110,134,-24
E01002880,L14.1 and L14.2: Never worked and long-term unemployed,140,174,-34
E01002880,L15: Full-time students,185,139,46
E01002880,"L4, L5 and L6: Lower managerial, administrative and professional occupations",120,199,-79
E01002880,L7: Intermediate occupations,82,110,-28
E01002880,L8 and L9: Small employers and own account workers,84,80,4
E01002881,"L1, L2 and L3: Higher managerial, administrative and professional occupations",105,90,15
E01002881,L10 and L11: Lower supervisory and technical occupations,45,47,-2
E01002881,L12: Semi-routine occupations,109,120,-11
E01002881,L13: Routine occupations,139,113,26
E01002881,L14.1 and L14.2: Never worked and long-term unemployed,206,155,51
E01002881,L15: Full-time students,105,109,-4
E01002881,"L4, L5 and L6: Lower managerial, administrative and professional occupations",167,222,-55
E01002881,L7: Intermediate occupations,99,101,-2
E01002881,L8 and L9: Small employers and own account workers,136,82,54
E01002882,"L1, L2 and L3: Higher managerial, administrative and professional occupations",261,229,32
E01002882,L10 and L11: Lower supervisory and technical occupations,13,30,-17
E01002882,L12: Semi-routine occupations,46,76,-30
E01002882,L13: Routine occupations,37,40,-3
E01002882,L14.1 and L14.2: Never worked and long-term unemployed,64,61,3
E01002882,L15: Full-time students,86,56,30
E01002882,"L4, L5 and L6: Lower managerial, administrative and professional occupations",198,379,-181
E01002882,L7: Intermediate occupations,59,59,0
E01002882,L8 and L9: Small employers and own account workers,112,97,15
E01002883,"L1, L2 and L3: Higher managerial, administrative and professional occupations",425,368,57
E01002883,L10 and L11: Lower supervisory and technical occupations,23,17,6
E01002883,L12: Semi-routine occupations,43,53,-10
E01002883,L13: Routine occupations,57,43,14
E01002883,L14.1 and L14.2: Never worked and long-term unemployed,73,79,-6
E01002883,L15: Full-time students,111,127,-16
E01002883,"L4, L5 and L6: Lower managerial, administrative and professional occupations",289,464,-175
E01002883,L7: Intermediate occupations,82,109,-27
E01002883,L8 and L9: Small employers and own account workers,151,135,16
E01002884,"L1, L2 and L3: Higher managerial, administrative and professional occupations",351,267,84
E01002884,L10 and L11: Lower supervisory and technical occupations,26,28,-2
E01002884,L12: Semi-routine occupations,69,56,13
E01002884,L13: Routine occupations,67,44,23
E01002884,L14.1 and L14.2: Never worked and long-term unemployed,125,44,81
E01002884,L15: Full-time students,165,213,-48
E01002884,"L4, L5 and L6: Lower managerial, administrative and professional occupations",269,373,-104
E01002884,L7: Intermediate occupations,77,86,-9
E01002884,L8 and L9: Small employers and own account workers,118,108,10
E01002885,"L1, L2 and L3: Higher managerial, administrative and professional occupations",440,349,91
E01002885,L10 and L11: Lower supervisory and technical occupations,25,40,-15
E01002885,L12: Semi-routine occupations,48,90,-42
E01002885,L13: Routine occupations,48,49,-1
E01002885,L14.1 and L14.2: Never worked and long-term unemployed,49,50,-1
E01002885,L15: Full-time students,125,122,3
E01002885,"L4, L5 and L6: Lower managerial, administrative and professional occupations",276,440,-164
E01002885,L7: Intermediate occupations,57,118,-61
E01002885,L8 and L9: Small employers and own account workers,127,91,36
E01002886,"L1, L2 and L3: Higher managerial, administrative and professional occupations",393,357,36
E01002886,L10 and L11: Lower supervisory and technical occupations,24,21,3
E01002886,L12: Semi-routine occupations,58,53,5
E01002886,L13: Routine occupations,39,40,-1
E01002886,L14.1 and L14.2: Never worked and long-term unemployed,72,31,41
E01002886,L15: Full-time students,75,80,-5
E01002886,"L4, L5 and L6: Lower managerial, administrative and professional occupations",262,438,-176
E01002886,L7: Intermediate occupations,54,89,-35
E01002886,L8 and L9: Small employers and own account workers,142,121,21
E01002887,"L1, L2 and L3: Higher managerial, administrative and professional occupations",354,417,-63
E01002887,L10 and L11: Lower supervisory and technical occupations,6,17,-11
E01002887,L12: Semi-routine occupations,24,45,-21
E01002887,L13: Routine occupations,12,31,-19
E01002887,L14.1 and L14.2: Never worked and long-term unemployed,59,63,-4
E01002887,L15: Full-time students,149,200,-51
E01002887,"L4, L5 and L6: Lower managerial, administrative and professional occupations",170,435,-265
E01002887,L7: Intermediate occupations,39,85,-46
E01002887,L8 and L9: Small employers and own account workers,112,121,-9
E01002888,"L1, L2 and L3: Higher managerial, administrative and professional occupations",402,464,-62
E01002888,L10 and L11: Lower supervisory and technical occupations,19,26,-7
E01002888,L12: Semi-routine occupations,42,63,-21
E01002888,L13: Routine occupations,39,29,10
E01002888,L14.1 and L14.2: Never worked and long-term unemployed,69,70,-1
E01002888,L15: Full-time students,427,378,49
E01002888,"L4, L5 and L6: Lower managerial, administrative and professional occupations",220,518,-298
E01002888,L7: Intermediate occupations,49,134,-85
E01002888,L8 and L9: Small employers and own account workers,139,133,6
E01002889,"L1, L2 and L3: Higher managerial, administrative and professional occupations",388,250,138
E01002889,L10 and L11: Lower supervisory and technical occupations,13,11,2
E01002889,L12: Semi-routine occupations,56,32,24
E01002889,L13: Routine occupations,66,29,37
E01002889,L14.1 and L14.2: Never worked and long-term unemployed,274,46,228
E01002889,L15: Full-time students,160,206,-46
E01002889,"L4, L5 and L6: Lower managerial, administrative and professional occupations",213,317,-104
E01002889,L7: Intermediate occupations,65,57,8
E01002889,L8 and L9: Small employers and own account workers,169,88,81
E01002890,"L1, L2 and L3: Higher managerial, administrative and professional occupations",398,367,31
E01002890,L10 and L11: Lower supervisory and technical occupations,11,17,-6
E01002890,L12: Semi-routine occupations,44,52,-8
E01002890,L13: Routine occupations,26,35,-9
E01002890,L14.1 and L14.2: Never worked and long-term unemployed,76,65,11
E01002890,L15: Full-time students,110,103,7
E01002890,"L4, L5 and L6: Lower managerial, administrative and professional occupations",242,439,-197
E01002890,L7: Intermediate occupations,55,81,-26
E01002890,L8 and L9: Small employers and own account workers,142,118,24
E01002891,"L1, L2 and L3: Higher managerial, administrative and professional occupations",365,324,41
E01002891,L10 and L11: Lower supervisory and technical occupations,19,12,7
E01002891,L12: Semi-routine occupations,47,46,1
E01002891,L13: Routine occupations,33,42,-9
E01002891,L14.1 and L14.2: Never worked and long-term unemployed,98,82,16
E01002891,L15: Full-time students,134,148,-14
E01002891,"L4, L5 and L6: Lower managerial, administrative and professional occupations",191,344,-153
E01002891,L7: Intermediate occupations,38,55,-17
E01002891,L8 and L9: Small employers and own account workers,119,119,0
E01002892,"L1, L2 and L3: Higher managerial, administrative and professional occupations",392,351,41
E01002892,L10 and L11: Lower supervisory and technical occupations,11,11,0
E01002892,L12: Semi-routine occupations,34,38,-4
E01002892,L13: Routine occupations,26,38,-12
E01002892,L14.1 and L14.2: Never worked and long-term unemployed,75,44,31
E01002892,L15: Full-time students,202,242,-40
E01002892,"L4, L5 and L6: Lower managerial, administrative and professional occupations",197,387,-190
E01002892,L7: Intermediate occupations,39,103,-64
E01002892,L8 and L9: Small employers and own account workers,119,108,11
E01002893,"L1, L2 and L3: Higher managerial, administrative and professional occupations",406,364,42
E01002893,L10 and L11: Lower supervisory and technical occupations,39,37,2
E01002893,L12: Semi-routine occupations,87,93,-6
E01002893,L13: Routine occupations,71,48,23
E01002893,L14.1 and L14.2: Never worked and long-term unemployed,130,92,38
E01002893,L15: Full-time students,129,145,-16
E01002893,"L4, L5 and L6: Lower managerial, administrative and professional occupations",307,456,-149
E01002893,L7: Intermediate occupations,83,126,-43
E01002893,L8 and L9: Small employers and own account workers,165,143,22
E01002894,"L1, L2 and L3: Higher managerial, administrative and professional occupations",402,330,72
E01002894,L10 and L11: Lower supervisory and technical occupations,12,41,-29
E01002894,L12: Semi-routine occupations,45,40,5
E01002894,L13: Routine occupations,25,20,5
E01002894,L14.1 and L14.2: Never worked and long-term unemployed,81,64,17
E01002894,L15: Full-time students,237,104,133
E01002894,"L4, L5 and L6: Lower managerial, administrative and professional occupations",205,400,-195
E01002894,L7: Intermediate occupations,53,97,-44
E01002894,L8 and L9: Small employers and own account workers,107,101,6
E01002896,"L1, L2 and L3: Higher managerial, administrative and professional occupations",493,440,53
E01002896,L10 and L11: Lower supervisory and technical occupations,11,16,-5
E01002896,L12: Semi-routine occupations,49,55,-6
E01002896,L13: Routine occupations,28,41,-13
E01002896,L14.1 and L14.2: Never worked and long-term unemployed,89,48,41
E01002896,L15: Full-time students,160,114,46
E01002896,"L4, L5 and L6: Lower managerial, administrative and professional occupations",302,464,-162
E01002896,L7: Intermediate occupations,85,116,-31
E01002896,L8 and L9: Small employers and own account workers,154,151,3
E01002897,"L1, L2 and L3: Higher managerial, administrative and professional occupations",402,240,162
E01002897,L10 and L11: Lower supervisory and technical occupations,42,29,13
E01002897,L12: Semi-routine occupations,53,51,2
E01002897,L13: Routine occupations,60,37,23
E01002897,L14.1 and L14.2: Never worked and long-term unemployed,91,56,35
E01002897,L15: Full-time students,183,120,63
E01002897,"L4, L5 and L6: Lower managerial, administrative and professional occupations",290,366,-76
E01002897,L7: Intermediate occupations,77,89,-12
E01002897,L8 and L9: Small employers and own account workers,124,135,-11
E01002898,"L1, L2 and L3: Higher managerial, administrative and professional occupations",393,308,85
E01002898,L10 and L11: Lower supervisory and technical occupations,9,19,-10
E01002898,L12: Semi-routine occupations,78,45,33
E01002898,L13: Routine occupations,44,31,13
E01002898,L14.1 and L14.2: Never worked and long-term unemployed,143,50,93
E01002898,L15: Full-time students,219,85,134
E01002898,"L4, L5 and L6: Lower managerial, administrative and professional occupations",290,426,-136
E01002898,L7: Intermediate occupations,45,88,-43
E01002898,L8 and L9: Small employers and own account workers,177,126,51
E01002899,"L1, L2 and L3: Higher managerial, administrative and professional occupations",266,250,16
E01002899,L10 and L11: Lower supervisory and technical occupations,22,30,-8
E01002899,L12: Semi-routine occupations,82,101,-19
E01002899,L13: Routine occupations,68,50,18
E01002899,L14.1 and L14.2: Never worked and long-term unemployed,109,73,36
E01002899,L15: Full-time students,103,49,54
E01002899,"L4, L5 and L6: Lower managerial, administrative and professional occupations",215,302,-87
E01002899,L7: Intermediate occupations,74,110,-36
E01002899,L8 and L9: Small employers and own account workers,132,109,23
E01002900,"L1, L2 and L3: Higher managerial, administrative and professional occupations",478,308,170
E01002900,L10 and L11: Lower supervisory and technical occupations,28,9,19
E01002900,L12: Semi-routine occupations,134,53,81
E01002900,L13: Routine occupations,133,42,91
E01002900,L14.1 and L14.2: Never worked and long-term unemployed,81,49,32
E01002900,L15: Full-time students,74,84,-10
E01002900,"L4, L5 and L6: Lower managerial, administrative and professional occupations",369,393,-24
E01002900,L7: Intermediate occupations,66,70,-4
E01002900,L8 and L9: Small employers and own account workers,191,142,49
E01002901,"L1, L2 and L3: Higher managerial, administrative and professional occupations",271,180,91
E01002901,L10 and L11: Lower supervisory and technical occupations,36,26,10
E01002901,L12: Semi-routine occupations,48,61,-13
E01002901,L13: Routine occupations,63,29,34
E01002901,L14.1 and L14.2: Never worked and long-term unemployed,97,39,58
E01002901,L15: Full-time students,48,37,11
E01002901,"L4, L5 and L6: Lower managerial, administrative and professional occupations",207,266,-59
E01002901,L7: Intermediate occupations,77,57,20
E01002901,L8 and L9: Small employers and own account workers,111,81,30
E01002902,"L1, L2 and L3: Higher managerial, administrative and professional occupations",366,406,-40
E01002902,L10 and L11: Lower supervisory and technical occupations,29,39,-10
E01002902,L12: Semi-routine occupations,61,76,-15
E01002902,L13: Routine occupations,21,46,-25
E01002902,L14.1 and L14.2: Never worked and long-term unemployed,91,68,23
E01002902,L15: Full-time students,85,110,-25
E01002902,"L4, L5 and L6: Lower managerial, administrative and professional occupations",221,441,-220
E01002902,L7: Intermediate occupations,70,114,-44
E01002902,L8 and L9: Small employers and own account workers,147,113,34
E01002903,"L1, L2 and L3: Higher managerial, administrative and professional occupations",427,367,60
E01002903,L10 and L11: Lower supervisory and technical occupations,10,14,-4
E01002903,L12: Semi-routine occupations,44,57,-13
E01002903,L13: Routine occupations,34,22,12
E01002903,L14.1 and L14.2: Never worked and long-term unemployed,76,36,40
E01002903,L15: Full-time students,92,58,34
E01002903,"L4, L5 and L6: Lower managerial, administrative and professional occupations",214,400,-186
E01002903,L7: Intermediate occupations,49,83,-34
E01002903,L8 and L9: Small employers and own account workers,139,140,-1
E01002904,"L1, L2 and L3: Higher managerial, administrative and professional occupations",73,28,45
E01002904,L10 and L11: Lower supervisory and technical occupations,32,50,-18
E01002904,L12: Semi-routine occupations,128,128,0
E01002904,L13: Routine occupations,130,102,28
E01002904,L14.1 and L14.2: Never worked and long-term unemployed,223,159,64
E01002904,L15: Full-time students,130,91,39
E01002904,"L4, L5 and L6: Lower managerial, administrative and professional occupations",131,137,-6
E01002904,L7: Intermediate occupations,93,118,-25
E01002904,L8 and L9: Small employers and own account workers,113,66,47
E01002905,"L1, L2 and L3: Higher managerial, administrative and professional occupations",125,105,20
E01002905,L10 and L11: Lower supervisory and technical occupations,49,64,-15
E01002905,L12: Semi-routine occupations,169,155,14
E01002905,L13: Routine occupations,139,108,31
E01002905,L14.1 and L14.2: Never worked and long-term unemployed,250,169,81
E01002905,L15: Full-time students,161,122,39
E01002905,"L4, L5 and L6: Lower managerial, administrative and professional occupations",275,240,35
E01002905,L7: Intermediate occupations,100,135,-35
E01002905,L8 and L9: Small employers and own account workers,132,90,42
E01002906,"L1, L2 and L3: Higher managerial, administrative and professional occupations",191,151,40
E01002906,L10 and L11: Lower supervisory and technical occupations,61,65,-4
E01002906,L12: Semi-routine occupations,157,117,40
E01002906,L13: Routine occupations,152,109,43
E01002906,L14.1 and L14.2: Never worked and long-term unemployed,222,152,70
E01002906,L15: Full-time students,120,130,-10
E01002906,"L4, L5 and L6: Lower managerial, administrative and professional occupations",270,286,-16
E01002906,L7: Intermediate occupations,143,124,19
E01002906,L8 and L9: Small employers and own account workers,163,117,46
E01002907,"L1, L2 and L3: Higher managerial, administrative and professional occupations",57,38,19
E01002907,L10 and L11: Lower supervisory and technical occupations,37,45,-8
E01002907,L12: Semi-routine occupations,119,131,-12
E01002907,L13: Routine occupations,146,113,33
E01002907,L14.1 and L14.2: Never worked and long-term unemployed,196,173,23
E01002907,L15: Full-time students,144,130,14
E01002907,"L4, L5 and L6: Lower managerial, administrative and professional occupations",113,125,-12
E01002907,L7: Intermediate occupations,81,94,-13
E01002907,L8 and L9: Small employers and own account workers,90,73,17
E01002908,"L1, L2 and L3: Higher managerial, administrative and professional occupations",218,148,70
E01002908,L10 and L11: Lower supervisory and technical occupations,49,50,-1
E01002908,L12: Semi-routine occupations,91,100,-9
E01002908,L13: Routine occupations,94,64,30
E01002908,L14.1 and L14.2: Never worked and long-term unemployed,121,80,41
E01002908,L15: Full-time students,101,92,9
E01002908,"L4, L5 and L6: Lower managerial, administrative and professional occupations",254,298,-44
E01002908,L7: Intermediate occupations,87,97,-10
E01002908,L8 and L9: Small employers and own account workers,145,137,8
E01002909,"L1, L2 and L3: Higher managerial, administrative and professional occupations",393,308,85
E01002909,L10 and L11: Lower supervisory and technical occupations,60,70,-10
E01002909,L12: Semi-routine occupations,183,146,37
E01002909,L13: Routine occupations,145,93,52
E01002909,L14.1 and L14.2: Never worked and long-term unemployed,156,118,38
E01002909,L15: Full-time students,102,130,-28
E01002909,"L4, L5 and L6: Lower managerial, administrative and professional occupations",433,601,-168
E01002909,L7: Intermediate occupations,155,137,18
E01002909,L8 and L9: Small employers and own account workers,197,192,5
E01002910,"L1, L2 and L3: Higher managerial, administrative and professional occupations",323,260,63
E01002910,L10 and L11: Lower supervisory and technical occupations,3,16,-13
E01002910,L12: Semi-routine occupations,96,59,37
E01002910,L13: Routine occupations,89,39,50
E01002910,L14.1 and L14.2: Never worked and long-term unemployed,105,70,35
E01002910,L15: Full-time students,140,69,71
E01002910,"L4, L5 and L6: Lower managerial, administrative and professional occupations",226,363,-137
E01002910,L7: Intermediate occupations,69,91,-22
E01002910,L8 and L9: Small employers and own account workers,140,119,21
E01002911,"L1, L2 and L3: Higher managerial, administrative and professional occupations",366,334,32
E01002911,L10 and L11: Lower supervisory and technical occupations,19,17,2
E01002911,L12: Semi-routine occupations,46,51,-5
E01002911,L13: Routine occupations,21,28,-7
E01002911,L14.1 and L14.2: Never worked and long-term unemployed,91,56,35
E01002911,L15: Full-time students,66,86,-20
E01002911,"L4, L5 and L6: Lower managerial, administrative and professional occupations",240,505,-265
E01002911,L7: Intermediate occupations,56,87,-31
E01002911,L8 and L9: Small employers and own account workers,168,145,23
E01002912,"L1, L2 and L3: Higher managerial, administrative and professional occupations",328,319,9
E01002912,L10 and L11: Lower supervisory and technical occupations,17,31,-14
E01002912,L12: Semi-routine occupations,76,68,8
E01002912,L13: Routine occupations,79,37,42
E01002912,L14.1 and L14.2: Never worked and long-term unemployed,80,58,22
E01002912,L15: Full-time students,130,90,40
E01002912,"L4, L5 and L6: Lower managerial, administrative and professional occupations",391,508,-117
E01002912,L7: Intermediate occupations,72,105,-33
E01002912,L8 and L9: Small employers and own account workers,148,119,29
E01002913,"L1, L2 and L3: Higher managerial, administrative and professional occupations",438,315,123
E01002913,L10 and L11: Lower supervisory and technical occupations,32,41,-9
E01002913,L12: Semi-routine occupations,84,125,-41
E01002913,L13: Routine occupations,52,50,2
E01002913,L14.1 and L14.2: Never worked and long-term unemployed,148,114,34
E01002913,L15: Full-time students,139,141,-2
E01002913,"L4, L5 and L6: Lower managerial, administrative and professional occupations",344,484,-140
E01002913,L7: Intermediate occupations,88,89,-1
E01002913,L8 and L9: Small employers and own account workers,171,166,5
E01002914,"L1, L2 and L3: Higher managerial, administrative and professional occupations",332,318,14
E01002914,L10 and L11: Lower supervisory and technical occupations,8,19,-11
E01002914,L12: Semi-routine occupations,38,44,-6
E01002914,L13: Routine occupations,18,35,-17
E01002914,L14.1 and L14.2: Never worked and long-term unemployed,110,47,63
E01002914,L15: Full-time students,99,81,18
E01002914,"L4, L5 and L6: Lower managerial, administrative and professional occupations",193,453,-260
E01002914,L7: Intermediate occupations,68,78,-10
E01002914,L8 and L9: Small employers and own account workers,140,116,24
E01002915,"L1, L2 and L3: Higher managerial, administrative and professional occupations",172,136,36
E01002915,L10 and L11: Lower supervisory and technical occupations,44,48,-4
E01002915,L12: Semi-routine occupations,111,135,-24
E01002915,L13: Routine occupations,78,54,24
E01002915,L14.1 and L14.2: Never worked and long-term unemployed,92,41,51
E01002915,L15: Full-time students,90,78,12
E01002915,"L4, L5 and L6: Lower managerial, administrative and professional occupations",244,207,37
E01002915,L7: Intermediate occupations,140,156,-16
E01002915,L8 and L9: Small employers and own account workers,159,136,23
E01002916,"L1, L2 and L3: Higher managerial, administrative and professional occupations",257,148,109
E01002916,L10 and L11: Lower supervisory and technical occupations,32,45,-13
E01002916,L12: Semi-routine occupations,82,100,-18
E01002916,L13: Routine occupations,62,43,19
E01002916,L14.1 and L14.2: Never worked and long-term unemployed,78,42,36
E01002916,L15: Full-time students,123,123,0
E01002916,"L4, L5 and L6: Lower managerial, administrative and professional occupations",276,262,14
E01002916,L7: Intermediate occupations,151,164,-13
E01002916,L8 and L9: Small employers and own account workers,122,150,-28
E01002917,"L1, L2 and L3: Higher managerial, administrative and professional occupations",234,161,73
E01002917,L10 and L11: Lower supervisory and technical occupations,36,60,-24
E01002917,L12: Semi-routine occupations,104,99,5
E01002917,L13: Routine occupations,62,50,12
E01002917,L14.1 and L14.2: Never worked and long-term unemployed,52,25,27
E01002917,L15: Full-time students,88,90,-2
E01002917,"L4, L5 and L6: Lower managerial, administrative and professional occupations",290,243,47
E01002917,L7: Intermediate occupations,136,178,-42
E01002917,L8 and L9: Small employers and own account workers,143,113,30
E01002918,"L1, L2 and L3: Higher managerial, administrative and professional occupations",170,109,61
E01002918,L10 and L11: Lower supervisory and technical occupations,75,85,-10
E01002918,L12: Semi-routine occupations,184,203,-19
E01002918,L13: Routine occupations,150,120,30
E01002918,L14.1 and L14.2: Never worked and long-term unemployed,81,78,3
E01002918,L15: Full-time students,123,121,2
E01002918,"L4, L5 and L6: Lower managerial, administrative and professional occupations",266,236,30
E01002918,L7: Intermediate occupations,168,175,-7
E01002918,L8 and L9: Small employers and own account workers,188,96,92
E01002919,"L1, L2 and L3: Higher managerial, administrative and professional occupations",186,101,85
E01002919,L10 and L11: Lower supervisory and technical occupations,62,80,-18
E01002919,L12: Semi-routine occupations,192,165,27
E01002919,L13: Routine occupations,153,100,53
E01002919,L14.1 and L14.2: Never worked and long-term unemployed,167,96,71
E01002919,L15: Full-time students,188,147,41
E01002919,"L4, L5 and L6: Lower managerial, administrative and professional occupations",263,263,0
E01002919,L7: Intermediate occupations,181,159,22
E01002919,L8 and L9: Small employers and own account workers,204,145,59
E01002920,"L1, L2 and L3: Higher managerial, administrative and professional occupations",313,194,119
E01002920,L10 and L11: Lower supervisory and technical occupations,37,52,-15
E01002920,L12: Semi-routine occupations,76,94,-18
E01002920,L13: Routine occupations,68,47,21
E01002920,L14.1 and L14.2: Never worked and long-term unemployed,58,34,24
E01002920,L15: Full-time students,77,78,-1
E01002920,"L4, L5 and L6: Lower managerial, administrative and professional occupations",334,305,29
E01002920,L7: Intermediate occupations,145,172,-27
E01002920,L8 and L9: Small employers and own account workers,151,132,19
E01002921,"L1, L2 and L3: Higher managerial, administrative and professional occupations",347,235,112
E01002921,L10 and L11: Lower supervisory and technical occupations,54,45,9
E01002921,L12: Semi-routine occupations,107,83,24
E01002921,L13: Routine occupations,125,40,85
E01002921,L14.1 and L14.2: Never worked and long-term unemployed,104,44,60
E01002921,L15: Full-time students,101,168,-67
E01002921,"L4, L5 and L6: Lower managerial, administrative and professional occupations",373,422,-49
E01002921,L7: Intermediate occupations,119,140,-21
E01002921,L8 and L9: Small employers and own account workers,180,125,55
E01002922,"L1, L2 and L3: Higher managerial, administrative and professional occupations",389,318,71
E01002922,L10 and L11: Lower supervisory and technical occupations,35,43,-8
E01002922,L12: Semi-routine occupations,75,79,-4
E01002922,L13: Routine occupations,53,50,3
E01002922,L14.1 and L14.2: Never worked and long-term unemployed,54,35,19
E01002922,L15: Full-time students,89,141,-52
E01002922,"L4, L5 and L6: Lower managerial, administrative and professional occupations",375,439,-64
E01002922,L7: Intermediate occupations,140,188,-48
E01002922,L8 and L9: Small employers and own account workers,136,113,23
E01002923,"L1, L2 and L3: Higher managerial, administrative and professional occupations",171,119,52
E01002923,L10 and L11: Lower supervisory and technical occupations,56,46,10
E01002923,L12: Semi-routine occupations,153,139,14
E01002923,L13: Routine occupations,150,108,42
E01002923,L14.1 and L14.2: Never worked and long-term unemployed,188,80,108
E01002923,L15: Full-time students,206,264,-58
E01002923,"L4, L5 and L6: Lower managerial, administrative and professional occupations",250,207,43
E01002923,L7: Intermediate occupations,128,113,15
E01002923,L8 and L9: Small employers and own account workers,141,115,26
E01002924,"L1, L2 and L3: Higher managerial, administrative and professional occupations",374,228,146
E01002924,L10 and L11: Lower supervisory and technical occupations,20,29,-9
E01002924,L12: Semi-routine occupations,64,58,6
E01002924,L13: Routine occupations,33,22,11
E01002924,L14.1 and L14.2: Never worked and long-term unemployed,50,27,23
E01002924,L15: Full-time students,99,91,8
E01002924,"L4, L5 and L6: Lower managerial, administrative and professional occupations",344,340,4
E01002924,L7: Intermediate occupations,144,167,-23
E01002924,L8 and L9: Small employers and own account workers,107,98,9
E01002925,"L1, L2 and L3: Higher managerial, administrative and professional occupations",364,238,126
E01002925,L10 and L11: Lower supervisory and technical occupations,50,35,15
E01002925,L12: Semi-routine occupations,83,61,22
E01002925,L13: Routine occupations,76,46,30
E01002925,L14.1 and L14.2: Never worked and long-term unemployed,70,19,51
E01002925,L15: Full-time students,68,93,-25
E01002925,"L4, L5 and L6: Lower managerial, administrative and professional occupations",377,365,12
E01002925,L7: Intermediate occupations,132,110,22
E01002925,L8 and L9: Small employers and own account workers,128,99,29
E01002926,"L1, L2 and L3: Higher managerial, administrative and professional occupations",309,198,111
E01002926,L10 and L11: Lower supervisory and technical occupations,39,41,-2
E01002926,L12: Semi-routine occupations,63,91,-28
E01002926,L13: Routine occupations,52,40,12
E01002926,L14.1 and L14.2: Never worked and long-term unemployed,48,26,22
E01002926,L15: Full-time students,102,129,-27
E01002926,"L4, L5 and L6: Lower managerial, administrative and professional occupations",336,311,25
E01002926,L7: Intermediate occupations,134,157,-23
E01002926,L8 and L9: Small employers and own account workers,142,88,54
E01002927,"L1, L2 and L3: Higher managerial, administrative and professional occupations",255,151,104
E01002927,L10 and L11: Lower supervisory and technical occupations,60,54,6
E01002927,L12: Semi-routine occupations,147,130,17
E01002927,L13: Routine occupations,76,63,13
E01002927,L14.1 and L14.2: Never worked and long-term unemployed,124,51,73
E01002927,L15: Full-time students,97,146,-49
E01002927,"L4, L5 and L6: Lower managerial, administrative and professional occupations",312,276,36
E01002927,L7: Intermediate occupations,160,158,2
E01002927,L8 and L9: Small employers and own account workers,139,108,31
E01002928,"L1, L2 and L3: Higher managerial, administrative and professional occupations",281,188,93
E01002928,L10 and L11: Lower supervisory and technical occupations,68,40,28
E01002928,L12: Semi-routine occupations,143,100,43
E01002928,L13: Routine occupations,122,51,71
E01002928,L14.1 and L14.2: Never worked and long-term unemployed,173,85,88
E01002928,L15: Full-time students,107,125,-18
E01002928,"L4, L5 and L6: Lower managerial, administrative and professional occupations",340,303,37
E01002928,L7: Intermediate occupations,164,151,13
E01002928,L8 and L9: Small employers and own account workers,168,113,55
E01002929,"L1, L2 and L3: Higher managerial, administrative and professional occupations",403,279,124
E01002929,L10 and L11: Lower supervisory and technical occupations,25,20,5
E01002929,L12: Semi-routine occupations,55,71,-16
E01002929,L13: Routine occupations,38,23,15
E01002929,L14.1 and L14.2: Never worked and long-term unemployed,83,53,30
E01002929,L15: Full-time students,102,123,-21
E01002929,"L4, L5 and L6: Lower managerial, administrative and professional occupations",345,360,-15
E01002929,L7: Intermediate occupations,150,161,-11
E01002929,L8 and L9: Small employers and own account workers,151,121,30
E01002930,"L1, L2 and L3: Higher managerial, administrative and professional occupations",332,177,155
E01002930,L10 and L11: Lower supervisory and technical occupations,53,58,-5
E01002930,L12: Semi-routine occupations,145,124,21
E01002930,L13: Routine occupations,102,81,21
E01002930,L14.1 and L14.2: Never worked and long-term unemployed,131,80,51
E01002930,L15: Full-time students,119,132,-13
E01002930,"L4, L5 and L6: Lower managerial, administrative and professional occupations",350,339,11
E01002930,L7: Intermediate occupations,147,154,-7
E01002930,L8 and L9: Small employers and own account workers,213,121,92
E01002931,"L1, L2 and L3: Higher managerial, administrative and professional occupations",403,223,180
E01002931,L10 and L11: Lower supervisory and technical occupations,41,41,0
E01002931,L12: Semi-routine occupations,88,113,-25
E01002931,L13: Routine occupations,68,56,12
E01002931,L14.1 and L14.2: Never worked and long-term unemployed,103,68,35
E01002931,L15: Full-time students,108,138,-30
E01002931,"L4, L5 and L6: Lower managerial, administrative and professional occupations",407,401,6
E01002931,L7: Intermediate occupations,168,161,7
E01002931,L8 and L9: Small employers and own account workers,145,115,30
E01002932,"L1, L2 and L3: Higher managerial, administrative and professional occupations",133,104,29
E01002932,L10 and L11: Lower supervisory and technical occupations,60,89,-29
E01002932,L12: Semi-routine occupations,170,159,11
E01002932,L13: Routine occupations,157,107,50
E01002932,L14.1 and L14.2: Never worked and long-term unemployed,208,134,74
E01002932,L15: Full-time students,361,169,192
E01002932,"L4, L5 and L6: Lower managerial, administrative and professional occupations",244,231,13
E01002932,L7: Intermediate occupations,137,151,-14
E01002932,L8 and L9: Small employers and own account workers,151,112,39
E01002933,"L1, L2 and L3: Higher managerial, administrative and professional occupations",368,233,135
E01002933,L10 and L11: Lower supervisory and technical occupations,44,63,-19
E01002933,L12: Semi-routine occupations,128,120,8
E01002933,L13: Routine occupations,119,81,38
E01002933,L14.1 and L14.2: Never worked and long-term unemployed,116,70,46
E01002933,L15: Full-time students,145,152,-7
E01002933,"L4, L5 and L6: Lower managerial, administrative and professional occupations",364,405,-41
E01002933,L7: Intermediate occupations,139,131,8
E01002933,L8 and L9: Small employers and own account workers,140,122,18
E01002934,"L1, L2 and L3: Higher managerial, administrative and professional occupations",430,328,102
E01002934,L10 and L11: Lower supervisory and technical occupations,23,47,-24
E01002934,L12: Semi-routine occupations,64,100,-36
E01002934,L13: Routine occupations,54,37,17
E01002934,L14.1 and L14.2: Never worked and long-term unemployed,43,38,5
E01002934,L15: Full-time students,116,129,-13
E01002934,"L4, L5 and L6: Lower managerial, administrative and professional occupations",410,384,26
E01002934,L7: Intermediate occupations,125,145,-20
E01002934,L8 and L9: Small employers and own account workers,130,99,31
E01002935,"L1, L2 and L3: Higher managerial, administrative and professional occupations",363,283,80
E01002935,L10 and L11: Lower supervisory and technical occupations,43,65,-22
E01002935,L12: Semi-routine occupations,112,120,-8
E01002935,L13: Routine occupations,75,49,26
E01002935,L14.1 and L14.2: Never worked and long-term unemployed,85,34,51
E01002935,L15: Full-time students,127,280,-153
E01002935,"L4, L5 and L6: Lower managerial, administrative and professional occupations",428,408,20
E01002935,L7: Intermediate occupations,127,119,8
E01002935,L8 and L9: Small employers and own account workers,148,92,56
E01002937,"L1, L2 and L3: Higher managerial, administrative and professional occupations",432,266,166
E01002937,L10 and L11: Lower supervisory and technical occupations,25,30,-5
E01002937,L12: Semi-routine occupations,75,75,0
E01002937,L13: Routine occupations,47,35,12
E01002937,L14.1 and L14.2: Never worked and long-term unemployed,61,34,27
E01002937,L15: Full-time students,97,121,-24
E01002937,"L4, L5 and L6: Lower managerial, administrative and professional occupations",382,436,-54
E01002937,L7: Intermediate occupations,106,119,-13
E01002937,L8 and L9: Small employers and own account workers,130,107,23
E01002938,"L1, L2 and L3: Higher managerial, administrative and professional occupations",460,333,127
E01002938,L10 and L11: Lower supervisory and technical occupations,38,32,6
E01002938,L12: Semi-routine occupations,85,95,-10
E01002938,L13: Routine occupations,64,45,19
E01002938,L14.1 and L14.2: Never worked and long-term unemployed,63,40,23
E01002938,L15: Full-time students,108,106,2
E01002938,"L4, L5 and L6: Lower managerial, administrative and professional occupations",391,435,-44
E01002938,L7: Intermediate occupations,138,137,1
E01002938,L8 and L9: Small employers and own account workers,157,134,23
E01002939,"L1, L2 and L3: Higher managerial, administrative and professional occupations",152,104,48
E01002939,L10 and L11: Lower supervisory and technical occupations,85,82,3
E01002939,L12: Semi-routine occupations,150,170,-20
E01002939,L13: Routine occupations,143,109,34
E01002939,L14.1 and L14.2: Never worked and long-term unemployed,94,53,41
E01002939,L15: Full-time students,90,96,-6
E01002939,"L4, L5 and L6: Lower managerial, administrative and professional occupations",256,237,19
E01002939,L7: Intermediate occupations,153,186,-33
E01002939,L8 and L9: Small employers and own account workers,171,103,68
E01002940,"L1, L2 and L3: Higher managerial, administrative and professional occupations",147,86,61
E01002940,L10 and L11: Lower supervisory and technical occupations,78,76,2
E01002940,L12: Semi-routine occupations,152,177,-25
E01002940,L13: Routine occupations,143,98,45
E01002940,L14.1 and L14.2: Never worked and long-term unemployed,137,55,82
E01002940,L15: Full-time students,79,81,-2
E01002940,"L4, L5 and L6: Lower managerial, administrative and professional occupations",258,204,54
E01002940,L7: Intermediate occupations,194,216,-22
E01002940,L8 and L9: Small employers and own account workers,160,111,49
E01002941,"L1, L2 and L3: Higher managerial, administrative and professional occupations",202,125,77
E01002941,L10 and L11: Lower supervisory and technical occupations,50,66,-16
E01002941,L12: Semi-routine occupations,145,151,-6
E01002941,L13: Routine occupations,100,68,32
E01002941,L14.1 and L14.2: Never worked and long-term unemployed,91,39,52
E01002941,L15: Full-time students,70,84,-14
E01002941,"L4, L5 and L6: Lower managerial, administrative and professional occupations",317,243,74
E01002941,L7: Intermediate occupations,193,200,-7
E01002941,L8 and L9: Small employers and own account workers,169,114,55
E01002942,"L1, L2 and L3: Higher managerial, administrative and professional occupations",165,103,62
E01002942,L10 and L11: Lower supervisory and technical occupations,66,77,-11
E01002942,L12: Semi-routine occupations,97,110,-13
E01002942,L13: Routine occupations,105,72,33
E01002942,L14.1 and L14.2: Never worked and long-term unemployed,59,28,31
E01002942,L15: Full-time students,73,77,-4
E01002942,"L4, L5 and L6: Lower managerial, administrative and professional occupations",259,233,26
E01002942,L7: Intermediate occupations,157,187,-30
E01002942,L8 and L9: Small employers and own account workers,142,109,33
E01002943,"L1, L2 and L3: Higher managerial, administrative and professional occupations",146,83,63
E01002943,L10 and L11: Lower supervisory and technical occupations,74,83,-9
E01002943,L12: Semi-routine occupations,131,149,-18
E01002943,L13: Routine occupations,133,105,28
E01002943,L14.1 and L14.2: Never worked and long-term unemployed,69,51,18
E01002943,L15: Full-time students,67,93,-26
E01002943,"L4, L5 and L6: Lower managerial, administrative and professional occupations",253,207,46
E01002943,L7: Intermediate occupations,135,141,-6
E01002943,L8 and L9: Small employers and own account workers,150,124,26
E01002944,"L1, L2 and L3: Higher managerial, administrative and professional occupations",124,84,40
E01002944,L10 and L11: Lower supervisory and technical occupations,57,80,-23
E01002944,L12: Semi-routine occupations,123,134,-11
E01002944,L13: Routine occupations,112,94,18
E01002944,L14.1 and L14.2: Never worked and long-term unemployed,62,33,29
E01002944,L15: Full-time students,58,71,-13
E01002944,"L4, L5 and L6: Lower managerial, administrative and professional occupations",256,207,49
E01002944,L7: Intermediate occupations,157,181,-24
E01002944,L8 and L9: Small employers and own account workers,104,95,9
E01002945,"L1, L2 and L3: Higher managerial, administrative and professional occupations",177,103,74
E01002945,L10 and L11: Lower supervisory and technical occupations,72,85,-13
E01002945,L12: Semi-routine occupations,123,146,-23
E01002945,L13: Routine occupations,111,108,3
E01002945,L14.1 and L14.2: Never worked and long-term unemployed,46,35,11
E01002945,L15: Full-time students,69,53,16
E01002945,"L4, L5 and L6: Lower managerial, administrative and professional occupations",306,288,18
E01002945,L7: Intermediate occupations,211,205,6
E01002945,L8 and L9: Small employers and own account workers,149,131,18
E01002946,"L1, L2 and L3: Higher managerial, administrative and professional occupations",190,110,80
E01002946,L10 and L11: Lower supervisory and technical occupations,69,85,-16
E01002946,L12: Semi-routine occupations,102,137,-35
E01002946,L13: Routine occupations,120,91,29
E01002946,L14.1 and L14.2: Never worked and long-term unemployed,52,32,20
E01002946,L15: Full-time students,47,69,-22
E01002946,"L4, L5 and L6: Lower managerial, administrative and professional occupations",257,293,-36
E01002946,L7: Intermediate occupations,213,226,-13
E01002946,L8 and L9: Small employers and own account workers,176,101,75
E01002947,"L1, L2 and L3: Higher managerial, administrative and professional occupations",167,121,46
E01002947,L10 and L11: Lower supervisory and technical occupations,75,75,0
E01002947,L12: Semi-routine occupations,126,148,-22
E01002947,L13: Routine occupations,116,91,25
E01002947,L14.1 and L14.2: Never worked and long-term unemployed,62,25,37
E01002947,L15: Full-time students,93,89,4
E01002947,"L4, L5 and L6: Lower managerial, administrative and professional occupations",308,273,35
E01002947,L7: Intermediate occupations,201,218,-17
E01002947,L8 and L9: Small employers and own account workers,177,148,29
E01002948,"L1, L2 and L3: Higher managerial, administrative and professional occupations",239,176,63
E01002948,L10 and L11: Lower supervisory and technical occupations,77,79,-2
E01002948,L12: Semi-routine occupations,194,203,-9
E01002948,L13: Routine occupations,171,128,43
E01002948,L14.1 and L14.2: Never worked and long-term unemployed,135,75,60
E01002948,L15: Full-time students,127,112,15
E01002948,"L4, L5 and L6: Lower managerial, administrative and professional occupations",383,366,17
E01002948,L7: Intermediate occupations,232,216,16
E01002948,L8 and L9: Small employers and own account workers,229,137,92
E01002949,"L1, L2 and L3: Higher managerial, administrative and professional occupations",211,153,58
E01002949,L10 and L11: Lower supervisory and technical occupations,87,93,-6
E01002949,L12: Semi-routine occupations,161,171,-10
E01002949,L13: Routine occupations,117,71,46
E01002949,L14.1 and L14.2: Never worked and long-term unemployed,102,44,58
E01002949,L15: Full-time students,98,123,-25
E01002949,"L4, L5 and L6: Lower managerial, administrative and professional occupations",352,312,40
E01002949,L7: Intermediate occupations,196,232,-36
E01002949,L8 and L9: Small employers and own account workers,155,142,13
E01002950,"L1, L2 and L3: Higher managerial, administrative and professional occupations",164,117,47
E01002950,L10 and L11: Lower supervisory and technical occupations,61,57,4
E01002950,L12: Semi-routine occupations,160,176,-16
E01002950,L13: Routine occupations,164,122,42
E01002950,L14.1 and L14.2: Never worked and long-term unemployed,86,57,29
E01002950,L15: Full-time students,63,68,-5
E01002950,"L4, L5 and L6: Lower managerial, administrative and professional occupations",296,234,62
E01002950,L7: Intermediate occupations,169,200,-31
E01002950,L8 and L9: Small employers and own account workers,153,117,36
E01002951,"L1, L2 and L3: Higher managerial, administrative and professional occupations",331,263,68
E01002951,L10 and L11: Lower supervisory and technical occupations,30,23,7
E01002951,L12: Semi-routine occupations,42,62,-20
E01002951,L13: Routine occupations,26,25,1
E01002951,L14.1 and L14.2: Never worked and long-term unemployed,75,66,9
E01002951,L15: Full-time students,80,134,-54
E01002951,"L4, L5 and L6: Lower managerial, administrative and professional occupations",335,357,-22
E01002951,L7: Intermediate occupations,115,111,4
E01002951,L8 and L9: Small employers and own account workers,111,96,15
E01002952,"L1, L2 and L3: Higher managerial, administrative and professional occupations",360,261,99
E01002952,L10 and L11: Lower supervisory and technical occupations,12,18,-6
E01002952,L12: Semi-routine occupations,39,45,-6
E01002952,L13: Routine occupations,14,20,-6
E01002952,L14.1 and L14.2: Never worked and long-term unemployed,127,66,61
E01002952,L15: Full-time students,112,176,-64
E01002952,"L4, L5 and L6: Lower managerial, administrative and professional occupations",244,265,-21
E01002952,L7: Intermediate occupations,76,107,-31
E01002952,L8 and L9: Small employers and own account workers,160,136,24
E01002953,"L1, L2 and L3: Higher managerial, administrative and professional occupations",301,183,118
E01002953,L10 and L11: Lower supervisory and technical occupations,17,26,-9
E01002953,L12: Semi-routine occupations,37,39,-2
E01002953,L13: Routine occupations,45,36,9
E01002953,L14.1 and L14.2: Never worked and long-term unemployed,95,35,60
E01002953,L15: Full-time students,91,153,-62
E01002953,"L4, L5 and L6: Lower managerial, administrative and professional occupations",264,242,22
E01002953,L7: Intermediate occupations,113,96,17
E01002953,L8 and L9: Small employers and own account workers,159,137,22
E01002954,"L1, L2 and L3: Higher managerial, administrative and professional occupations",189,179,10
E01002954,L10 and L11: Lower supervisory and technical occupations,41,21,20
E01002954,L12: Semi-routine occupations,104,70,34
E01002954,L13: Routine occupations,66,32,34
E01002954,L14.1 and L14.2: Never worked and long-term unemployed,75,43,32
E01002954,L15: Full-time students,91,109,-18
E01002954,"L4, L5 and L6: Lower managerial, administrative and professional occupations",349,314,35
E01002954,L7: Intermediate occupations,94,89,5
E01002954,L8 and L9: Small employers and own account workers,118,73,45
E01002955,"L1, L2 and L3: Higher managerial, administrative and professional occupations",255,158,97
E01002955,L10 and L11: Lower supervisory and technical occupations,38,28,10
E01002955,L12: Semi-routine occupations,87,89,-2
E01002955,L13: Routine occupations,59,48,11
E01002955,L14.1 and L14.2: Never worked and long-term unemployed,116,66,50
E01002955,L15: Full-time students,153,202,-49
E01002955,"L4, L5 and L6: Lower managerial, administrative and professional occupations",242,237,5
E01002955,L7: Intermediate occupations,114,104,10
E01002955,L8 and L9: Small employers and own account workers,186,124,62
E01002956,"L1, L2 and L3: Higher managerial, administrative and professional occupations",241,156,85
E01002956,L10 and L11: Lower supervisory and technical occupations,25,31,-6
E01002956,L12: Semi-routine occupations,75,54,21
E01002956,L13: Routine occupations,48,44,4
E01002956,L14.1 and L14.2: Never worked and long-term unemployed,119,58,61
E01002956,L15: Full-time students,202,462,-260
E01002956,"L4, L5 and L6: Lower managerial, administrative and professional occupations",202,245,-43
E01002956,L7: Intermediate occupations,103,66,37
E01002956,L8 and L9: Small employers and own account workers,151,103,48
E01002957,"L1, L2 and L3: Higher managerial, administrative and professional occupations",143,95,48
E01002957,L10 and L11: Lower supervisory and technical occupations,55,47,8
E01002957,L12: Semi-routine occupations,121,138,-17
E01002957,L13: Routine occupations,101,88,13
E01002957,L14.1 and L14.2: Never worked and long-term unemployed,128,100,28
E01002957,L15: Full-time students,222,399,-177
E01002957,"L4, L5 and L6: Lower managerial, administrative and professional occupations",262,196,66
E01002957,L7: Intermediate occupations,116,94,22
E01002957,L8 and L9: Small employers and own account workers,123,101,22
E01002958,"L1, L2 and L3: Higher managerial, administrative and professional occupations",340,221,119
E01002958,L10 and L11: Lower supervisory and technical occupations,37,52,-15
E01002958,L12: Semi-routine occupations,84,98,-14
E01002958,L13: Routine occupations,62,49,13
E01002958,L14.1 and L14.2: Never worked and long-term unemployed,67,58,9
E01002958,L15: Full-time students,68,90,-22
E01002958,"L4, L5 and L6: Lower managerial, administrative and professional occupations",367,353,14
E01002958,L7: Intermediate occupations,150,184,-34
E01002958,L8 and L9: Small employers and own account workers,159,136,23
E01002959,"L1, L2 and L3: Higher managerial, administrative and professional occupations",388,267,121
E01002959,L10 and L11: Lower supervisory and technical occupations,9,15,-6
E01002959,L12: Semi-routine occupations,41,39,2
E01002959,L13: Routine occupations,24,15,9
E01002959,L14.1 and L14.2: Never worked and long-term unemployed,58,48,10
E01002959,L15: Full-time students,90,117,-27
E01002959,"L4, L5 and L6: Lower managerial, administrative and professional occupations",256,274,-18
E01002959,L7: Intermediate occupations,122,127,-5
E01002959,L8 and L9: Small employers and own account workers,119,110,9
E01002960,"L1, L2 and L3: Higher managerial, administrative and professional occupations",354,234,120
E01002960,L10 and L11: Lower supervisory and technical occupations,30,30,0
E01002960,L12: Semi-routine occupations,95,99,-4
E01002960,L13: Routine occupations,45,34,11
E01002960,L14.1 and L14.2: Never worked and long-term unemployed,91,53,38
E01002960,L15: Full-time students,105,185,-80
E01002960,"L4, L5 and L6: Lower managerial, administrative and professional occupations",321,304,17
E01002960,L7: Intermediate occupations,113,117,-4
E01002960,L8 and L9: Small employers and own account workers,132,103,29
E01002961,"L1, L2 and L3: Higher managerial, administrative and professional occupations",403,268,135
E01002961,L10 and L11: Lower supervisory and technical occupations,19,32,-13
E01002961,L12: Semi-routine occupations,85,85,0
E01002961,L13: Routine occupations,56,50,6
E01002961,L14.1 and L14.2: Never worked and long-term unemployed,78,51,27
E01002961,L15: Full-time students,116,150,-34
E01002961,"L4, L5 and L6: Lower managerial, administrative and professional occupations",339,372,-33
E01002961,L7: Intermediate occupations,143,145,-2
E01002961,L8 and L9: Small employers and own account workers,138,107,31
E01002962,"L1, L2 and L3: Higher managerial, administrative and professional occupations",201,114,87
E01002962,L10 and L11: Lower supervisory and technical occupations,72,67,5
E01002962,L12: Semi-routine occupations,134,156,-22
E01002962,L13: Routine occupations,114,96,18
E01002962,L14.1 and L14.2: Never worked and long-term unemployed,122,70,52
E01002962,L15: Full-time students,127,129,-2
E01002962,"L4, L5 and L6: Lower managerial, administrative and professional occupations",225,217,8
E01002962,L7: Intermediate occupations,140,135,5
E01002962,L8 and L9: Small employers and own account workers,135,119,16
E01002963,"L1, L2 and L3: Higher managerial, administrative and professional occupations",288,238,50
E01002963,L10 and L11: Lower supervisory and technical occupations,42,45,-3
E01002963,L12: Semi-routine occupations,111,108,3
E01002963,L13: Routine occupations,100,61,39
E01002963,L14.1 and L14.2: Never worked and long-term unemployed,114,52,62
E01002963,L15: Full-time students,105,153,-48
E01002963,"L4, L5 and L6: Lower managerial, administrative and professional occupations",349,318,31
E01002963,L7: Intermediate occupations,161,177,-16
E01002963,L8 and L9: Small employers and own account workers,189,129,60
E01002964,"L1, L2 and L3: Higher managerial, administrative and professional occupations",291,216,75
E01002964,L10 and L11: Lower supervisory and technical occupations,62,61,1
E01002964,L12: Semi-routine occupations,144,141,3
E01002964,L13: Routine occupations,159,90,69
E01002964,L14.1 and L14.2: Never worked and long-term unemployed,147,83,64
E01002964,L15: Full-time students,625,577,48
E01002964,"L4, L5 and L6: Lower managerial, administrative and professional occupations",397,397,0
E01002964,L7: Intermediate occupations,160,125,35
E01002964,L8 and L9: Small employers and own account workers,171,104,67
E01002965,"L1, L2 and L3: Higher managerial, administrative and professional occupations",408,314,94
E01002965,L10 and L11: Lower supervisory and technical occupations,46,64,-18
E01002965,L12: Semi-routine occupations,107,113,-6
E01002965,L13: Routine occupations,108,66,42
E01002965,L14.1 and L14.2: Never worked and long-term unemployed,152,62,90
E01002965,L15: Full-time students,534,575,-41
E01002965,"L4, L5 and L6: Lower managerial, administrative and professional occupations",462,450,12
E01002965,L7: Intermediate occupations,161,154,7
E01002965,L8 and L9: Small employers and own account workers,185,129,56
E01002966,"L1, L2 and L3: Higher managerial, administrative and professional occupations",359,273,86
E01002966,L10 and L11: Lower supervisory and technical occupations,47,50,-3
E01002966,L12: Semi-routine occupations,98,93,5
E01002966,L13: Routine occupations,76,50,26
E01002966,L14.1 and L14.2: Never worked and long-term unemployed,79,50,29
E01002966,L15: Full-time students,226,258,-32
E01002966,"L4, L5 and L6: Lower managerial, administrative and professional occupations",454,421,33
E01002966,L7: Intermediate occupations,120,146,-26
E01002966,L8 and L9: Small employers and own account workers,162,120,42
E01002967,"L1, L2 and L3: Higher managerial, administrative and professional occupations",514,407,107
E01002967,L10 and L11: Lower supervisory and technical occupations,42,30,12
E01002967,L12: Semi-routine occupations,82,77,5
E01002967,L13: Routine occupations,50,35,15
E01002967,L14.1 and L14.2: Never worked and long-term unemployed,66,42,24
E01002967,L15: Full-time students,133,157,-24
E01002967,"L4, L5 and L6: Lower managerial, administrative and professional occupations",443,514,-71
E01002967,L7: Intermediate occupations,142,152,-10
E01002967,L8 and L9: Small employers and own account workers,130,120,10
E01002968,"L1, L2 and L3: Higher managerial, administrative and professional occupations",495,325,170
E01002968,L10 and L11: Lower supervisory and technical occupations,77,55,22
E01002968,L12: Semi-routine occupations,137,102,35
E01002968,L13: Routine occupations,102,57,45
E01002968,L14.1 and L14.2: Never worked and long-term unemployed,116,86,30
E01002968,L15: Full-time students,704,812,-108
E01002968,"L4, L5 and L6: Lower managerial, administrative and professional occupations",558,509,49
E01002968,L7: Intermediate occupations,179,176,3
E01002968,L8 and L9: Small employers and own account workers,225,154,71
E01002969,"L1, L2 and L3: Higher managerial, administrative and professional occupations",75,55,20
E01002969,L10 and L11: Lower supervisory and technical occupations,56,90,-34
E01002969,L12: Semi-routine occupations,189,218,-29
E01002969,L13: Routine occupations,169,202,-33
E01002969,L14.1 and L14.2: Never worked and long-term unemployed,221,177,44
E01002969,L15: Full-time students,333,192,141
E01002969,"L4, L5 and L6: Lower managerial, administrative and professional occupations",145,164,-19
E01002969,L7: Intermediate occupations,89,104,-15
E01002969,L8 and L9: Small employers and own account workers,139,85,54
E01002970,"L1, L2 and L3: Higher managerial, administrative and professional occupations",199,100,99
E01002970,L10 and L11: Lower supervisory and technical occupations,64,65,-1
E01002970,L12: Semi-routine occupations,146,165,-19
E01002970,L13: Routine occupations,179,150,29
E01002970,L14.1 and L14.2: Never worked and long-term unemployed,140,75,65
E01002970,L15: Full-time students,152,206,-54
E01002970,"L4, L5 and L6: Lower managerial, administrative and professional occupations",282,210,72
E01002970,L7: Intermediate occupations,136,125,11
E01002970,L8 and L9: Small employers and own account workers,136,100,36
E01002971,"L1, L2 and L3: Higher managerial, administrative and professional occupations",329,226,103
E01002971,L10 and L11: Lower supervisory and technical occupations,42,68,-26
E01002971,L12: Semi-routine occupations,91,113,-22
E01002971,L13: Routine occupations,78,61,17
E01002971,L14.1 and L14.2: Never worked and long-term unemployed,90,46,44
E01002971,L15: Full-time students,162,222,-60
E01002971,"L4, L5 and L6: Lower managerial, administrative and professional occupations",364,365,-1
E01002971,L7: Intermediate occupations,120,121,-1
E01002971,L8 and L9: Small employers and own account workers,137,112,25
E01002972,"L1, L2 and L3: Higher managerial, administrative and professional occupations",277,219,58
E01002972,L10 and L11: Lower supervisory and technical occupations,65,57,8
E01002972,L12: Semi-routine occupations,132,117,15
E01002972,L13: Routine occupations,98,74,24
E01002972,L14.1 and L14.2: Never worked and long-term unemployed,124,60,64
E01002972,L15: Full-time students,227,342,-115
E01002972,"L4, L5 and L6: Lower managerial, administrative and professional occupations",420,374,46
E01002972,L7: Intermediate occupations,153,157,-4
E01002972,L8 and L9: Small employers and own account workers,144,88,56
E01002973,"L1, L2 and L3: Higher managerial, administrative and professional occupations",98,65,33
E01002973,L10 and L11: Lower supervisory and technical occupations,68,66,2
E01002973,L12: Semi-routine occupations,149,154,-5
E01002973,L13: Routine occupations,125,107,18
E01002973,L14.1 and L14.2: Never worked and long-term unemployed,154,90,64
E01002973,L15: Full-time students,188,170,18
E01002973,"L4, L5 and L6: Lower managerial, administrative and professional occupations",192,147,45
E01002973,L7: Intermediate occupations,114,120,-6
E01002973,L8 and L9: Small employers and own account workers,162,107,55
E01002974,"L1, L2 and L3: Higher managerial, administrative and professional occupations",342,207,135
E01002974,L10 and L11: Lower supervisory and technical occupations,44,59,-15
E01002974,L12: Semi-routine occupations,107,129,-22
E01002974,L13: Routine occupations,100,72,28
E01002974,L14.1 and L14.2: Never worked and long-term unemployed,130,82,48
E01002974,L15: Full-time students,257,256,1
E01002974,"L4, L5 and L6: Lower managerial, administrative and professional occupations",343,383,-40
E01002974,L7: Intermediate occupations,149,129,20
E01002974,L8 and L9: Small employers and own account workers,149,120,29
E01002975,"L1, L2 and L3: Higher managerial, administrative and professional occupations",199,149,50
E01002975,L10 and L11: Lower supervisory and technical occupations,40,47,-7
E01002975,L12: Semi-routine occupations,93,90,3
E01002975,L13: Routine occupations,73,54,19
E01002975,L14.1 and L14.2: Never worked and long-term unemployed,111,72,39
E01002975,L15: Full-time students,122,101,21
E01002975,"L4, L5 and L6: Lower managerial, administrative and professional occupations",253,218,35
E01002975,L7: Intermediate occupations,141,137,4
E01002975,L8 and L9: Small employers and own account workers,168,123,45
E01002976,"L1, L2 and L3: Higher managerial, administrative and professional occupations",278,173,105
E01002976,L10 and L11: Lower supervisory and technical occupations,57,65,-8
E01002976,L12: Semi-routine occupations,105,135,-30
E01002976,L13: Routine occupations,97,71,26
E01002976,L14.1 and L14.2: Never worked and long-term unemployed,82,28,54
E01002976,L15: Full-time students,81,75,6
E01002976,"L4, L5 and L6: Lower managerial, administrative and professional occupations",340,297,43
E01002976,L7: Intermediate occupations,171,210,-39
E01002976,L8 and L9: Small employers and own account workers,154,131,23
E01002977,"L1, L2 and L3: Higher managerial, administrative and professional occupations",180,99,81
E01002977,L10 and L11: Lower supervisory and technical occupations,57,65,-8
E01002977,L12: Semi-routine occupations,155,132,23
E01002977,L13: Routine occupations,120,101,19
E01002977,L14.1 and L14.2: Never worked and long-term unemployed,149,99,50
E01002977,L15: Full-time students,111,101,10
E01002977,"L4, L5 and L6: Lower managerial, administrative and professional occupations",246,240,6
E01002977,L7: Intermediate occupations,152,181,-29
E01002977,L8 and L9: Small employers and own account workers,174,150,24
E01002978,"L1, L2 and L3: Higher managerial, administrative and professional occupations",358,250,108
E01002978,L10 and L11: Lower supervisory and technical occupations,52,61,-9
E01002978,L12: Semi-routine occupations,101,105,-4
E01002978,L13: Routine occupations,57,48,9
E01002978,L14.1 and L14.2: Never worked and long-term unemployed,113,61,52
E01002978,L15: Full-time students,93,107,-14
E01002978,"L4, L5 and L6: Lower managerial, administrative and professional occupations",361,351,10
E01002978,L7: Intermediate occupations,216,209,7
E01002978,L8 and L9: Small employers and own account workers,174,145,29
E01002979,"L1, L2 and L3: Higher managerial, administrative and professional occupations",262,180,82
E01002979,L10 and L11: Lower supervisory and technical occupations,45,57,-12
E01002979,L12: Semi-routine occupations,104,89,15
E01002979,L13: Routine occupations,62,55,7
E01002979,L14.1 and L14.2: Never worked and long-term unemployed,109,44,65
E01002979,L15: Full-time students,65,76,-11
E01002979,"L4, L5 and L6: Lower managerial, administrative and professional occupations",311,338,-27
E01002979,L7: Intermediate occupations,165,202,-37
E01002979,L8 and L9: Small employers and own account workers,128,127,1
E01002980,"L1, L2 and L3: Higher managerial, administrative and professional occupations",198,130,68
E01002980,L10 and L11: Lower supervisory and technical occupations,34,44,-10
E01002980,L12: Semi-routine occupations,88,96,-8
E01002980,L13: Routine occupations,62,46,16
E01002980,L14.1 and L14.2: Never worked and long-term unemployed,115,71,44
E01002980,L15: Full-time students,99,110,-11
E01002980,"L4, L5 and L6: Lower managerial, administrative and professional occupations",257,232,25
E01002980,L7: Intermediate occupations,157,165,-8
E01002980,L8 and L9: Small employers and own account workers,173,155,18
E01002981,"L1, L2 and L3: Higher managerial, administrative and professional occupations",248,178,70
E01002981,L10 and L11: Lower supervisory and technical occupations,45,43,2
E01002981,L12: Semi-routine occupations,112,120,-8
E01002981,L13: Routine occupations,82,47,35
E01002981,L14.1 and L14.2: Never worked and long-term unemployed,99,64,35
E01002981,L15: Full-time students,101,133,-32
E01002981,"L4, L5 and L6: Lower managerial, administrative and professional occupations",303,251,52
E01002981,L7: Intermediate occupations,151,158,-7
E01002981,L8 and L9: Small employers and own account workers,174,124,50
E01002982,"L1, L2 and L3: Higher managerial, administrative and professional occupations",214,151,63
E01002982,L10 and L11: Lower supervisory and technical occupations,44,47,-3
E01002982,L12: Semi-routine occupations,124,96,28
E01002982,L13: Routine occupations,79,63,16
E01002982,L14.1 and L14.2: Never worked and long-term unemployed,106,57,49
E01002982,L15: Full-time students,82,100,-18
E01002982,"L4, L5 and L6: Lower managerial, administrative and professional occupations",264,200,64
E01002982,L7: Intermediate occupations,171,159,12
E01002982,L8 and L9: Small employers and own account workers,162,134,28
E01002983,"L1, L2 and L3: Higher managerial, administrative and professional occupations",348,228,120
E01002983,L10 and L11: Lower supervisory and technical occupations,41,44,-3
E01002983,L12: Semi-routine occupations,97,101,-4
E01002983,L13: Routine occupations,51,33,18
E01002983,L14.1 and L14.2: Never worked and long-term unemployed,101,50,51
E01002983,L15: Full-time students,101,124,-23
E01002983,"L4, L5 and L6: Lower managerial, administrative and professional occupations",281,294,-13
E01002983,L7: Intermediate occupations,189,190,-1
E01002983,L8 and L9: Small employers and own account workers,169,146,23
E01002984,"L1, L2 and L3: Higher managerial, administrative and professional occupations",248,169,79
E01002984,L10 and L11: Lower supervisory and technical occupations,38,38,0
E01002984,L12: Semi-routine occupations,93,88,5
E01002984,L13: Routine occupations,73,53,20
E01002984,L14.1 and L14.2: Never worked and long-term unemployed,151,72,79
E01002984,L15: Full-time students,92,83,9
E01002984,"L4, L5 and L6: Lower managerial, administrative and professional occupations",244,231,13
E01002984,L7: Intermediate occupations,106,127,-21
E01002984,L8 and L9: Small employers and own account workers,126,104,22
E01002985,"L1, L2 and L3: Higher managerial, administrative and professional occupations",181,145,36
E01002985,L10 and L11: Lower supervisory and technical occupations,63,61,2
E01002985,L12: Semi-routine occupations,152,167,-15
E01002985,L13: Routine occupations,107,58,49
E01002985,L14.1 and L14.2: Never worked and long-term unemployed,149,95,54
E01002985,L15: Full-time students,113,140,-27
E01002985,"L4, L5 and L6: Lower managerial, administrative and professional occupations",279,255,24
E01002985,L7: Intermediate occupations,143,146,-3
E01002985,L8 and L9: Small employers and own account workers,162,116,46
E01002986,"L1, L2 and L3: Higher managerial, administrative and professional occupations",228,147,81
E01002986,L10 and L11: Lower supervisory and technical occupations,33,45,-12
E01002986,L12: Semi-routine occupations,85,89,-4
E01002986,L13: Routine occupations,83,52,31
E01002986,L14.1 and L14.2: Never worked and long-term unemployed,132,53,79
E01002986,L15: Full-time students,73,87,-14
E01002986,"L4, L5 and L6: Lower managerial, administrative and professional occupations",225,212,13
E01002986,L7: Intermediate occupations,103,108,-5
E01002986,L8 and L9: Small employers and own account workers,138,129,9
E01002987,"L1, L2 and L3: Higher managerial, administrative and professional occupations",387,239,148
E01002987,L10 and L11: Lower supervisory and technical occupations,60,45,15
E01002987,L12: Semi-routine occupations,130,94,36
E01002987,L13: Routine occupations,104,72,32
E01002987,L14.1 and L14.2: Never worked and long-term unemployed,112,101,11
E01002987,L15: Full-time students,104,181,-77
E01002987,"L4, L5 and L6: Lower managerial, administrative and professional occupations",464,420,44
E01002987,L7: Intermediate occupations,155,146,9
E01002987,L8 and L9: Small employers and own account workers,174,113,61
E01002988,"L1, L2 and L3: Higher managerial, administrative and professional occupations",324,244,80
E01002988,L10 and L11: Lower supervisory and technical occupations,27,28,-1
E01002988,L12: Semi-routine occupations,47,69,-22
E01002988,L13: Routine occupations,50,43,7
E01002988,L14.1 and L14.2: Never worked and long-term unemployed,72,35,37
E01002988,L15: Full-time students,448,750,-302
E01002988,"L4, L5 and L6: Lower managerial, administrative and professional occupations",287,294,-7
E01002988,L7: Intermediate occupations,105,114,-9
E01002988,L8 and L9: Small employers and own account workers,96,75,21
E01002989,"L1, L2 and L3: Higher managerial, administrative and professional occupations",539,454,85
E01002989,L10 and L11: Lower supervisory and technical occupations,26,40,-14
E01002989,L12: Semi-routine occupations,72,73,-1
E01002989,L13: Routine occupations,47,39,8
E01002989,L14.1 and L14.2: Never worked and long-term unemployed,59,23,36
E01002989,L15: Full-time students,73,83,-10
E01002989,"L4, L5 and L6: Lower managerial, administrative and professional occupations",509,564,-55
E01002989,L7: Intermediate occupations,140,149,-9
E01002989,L8 and L9: Small employers and own account workers,131,110,21
E01002990,"L1, L2 and L3: Higher managerial, administrative and professional occupations",432,342,90
E01002990,L10 and L11: Lower supervisory and technical occupations,45,42,3
E01002990,L12: Semi-routine occupations,95,83,12
E01002990,L13: Routine occupations,64,48,16
E01002990,L14.1 and L14.2: Never worked and long-term unemployed,66,50,16
E01002990,L15: Full-time students,88,133,-45
E01002990,"L4, L5 and L6: Lower managerial, administrative and professional occupations",441,460,-19
E01002990,L7: Intermediate occupations,134,171,-37
E01002990,L8 and L9: Small employers and own account workers,120,108,12
E01002991,"L1, L2 and L3: Higher managerial, administrative and professional occupations",389,296,93
E01002991,L10 and L11: Lower supervisory and technical occupations,28,33,-5
E01002991,L12: Semi-routine occupations,66,78,-12
E01002991,L13: Routine occupations,48,33,15
E01002991,L14.1 and L14.2: Never worked and long-term unemployed,54,38,16
E01002991,L15: Full-time students,100,250,-150
E01002991,"L4, L5 and L6: Lower managerial, administrative and professional occupations",345,365,-20
E01002991,L7: Intermediate occupations,115,119,-4
E01002991,L8 and L9: Small employers and own account workers,134,105,29
E01002992,"L1, L2 and L3: Higher managerial, administrative and professional occupations",225,155,70
E01002992,L10 and L11: Lower supervisory and technical occupations,25,40,-15
E01002992,L12: Semi-routine occupations,62,72,-10
E01002992,L13: Routine occupations,49,36,13
E01002992,L14.1 and L14.2: Never worked and long-term unemployed,49,31,18
E01002992,L15: Full-time students,583,858,-275
E01002992,"L4, L5 and L6: Lower managerial, administrative and professional occupations",220,208,12
E01002992,L7: Intermediate occupations,84,85,-1
E01002992,L8 and L9: Small employers and own account workers,78,63,15
E01002993,"L1, L2 and L3: Higher managerial, administrative and professional occupations",359,277,82
E01002993,L10 and L11: Lower supervisory and technical occupations,44,47,-3
E01002993,L12: Semi-routine occupations,89,65,24
E01002993,L13: Routine occupations,62,50,12
E01002993,L14.1 and L14.2: Never worked and long-term unemployed,70,30,40
E01002993,L15: Full-time students,53,106,-53
E01002993,"L4, L5 and L6: Lower managerial, administrative and professional occupations",375,440,-65
E01002993,L7: Intermediate occupations,136,161,-25
E01002993,L8 and L9: Small employers and own account workers,131,86,45
E01002994,"L1, L2 and L3: Higher managerial, administrative and professional occupations",344,253,91
E01002994,L10 and L11: Lower supervisory and technical occupations,36,36,0
E01002994,L12: Semi-routine occupations,99,81,18
E01002994,L13: Routine occupations,40,26,14
E01002994,L14.1 and L14.2: Never worked and long-term unemployed,66,51,15
E01002994,L15: Full-time students,65,71,-6
E01002994,"L4, L5 and L6: Lower managerial, administrative and professional occupations",336,339,-3
E01002994,L7: Intermediate occupations,111,133,-22
E01002994,L8 and L9: Small employers and own account workers,128,89,39
E01002995,"L1, L2 and L3: Higher managerial, administrative and professional occupations",465,326,139
E01002995,L10 and L11: Lower supervisory and technical occupations,23,23,0
E01002995,L12: Semi-routine occupations,70,35,35
E01002995,L13: Routine occupations,43,21,22
E01002995,L14.1 and L14.2: Never worked and long-term unemployed,79,33,46
E01002995,L15: Full-time students,59,86,-27
E01002995,"L4, L5 and L6: Lower managerial, administrative and professional occupations",360,338,22
E01002995,L7: Intermediate occupations,100,114,-14
E01002995,L8 and L9: Small employers and own account workers,136,84,52
E01002996,"L1, L2 and L3: Higher managerial, administrative and professional occupations",292,231,61
E01002996,L10 and L11: Lower supervisory and technical occupations,49,48,1
E01002996,L12: Semi-routine occupations,87,74,13
E01002996,L13: Routine occupations,80,44,36
E01002996,L14.1 and L14.2: Never worked and long-term unemployed,48,27,21
E01002996,L15: Full-time students,94,109,-15
E01002996,"L4, L5 and L6: Lower managerial, administrative and professional occupations",328,340,-12
E01002996,L7: Intermediate occupations,101,124,-23
E01002996,L8 and L9: Small employers and own account workers,133,109,24
E01002997,"L1, L2 and L3: Higher managerial, administrative and professional occupations",359,252,107
E01002997,L10 and L11: Lower supervisory and technical occupations,25,24,1
E01002997,L12: Semi-routine occupations,59,61,-2
E01002997,L13: Routine occupations,44,52,-8
E01002997,L14.1 and L14.2: Never worked and long-term unemployed,80,61,19
E01002997,L15: Full-time students,73,96,-23
E01002997,"L4, L5 and L6: Lower managerial, administrative and professional occupations",337,337,0
E01002997,L7: Intermediate occupations,128,131,-3
E01002997,L8 and L9: Small employers and own account workers,127,100,27
E01002998,"L1, L2 and L3: Higher managerial, administrative and professional occupations",222,149,73
E01002998,L10 and L11: Lower supervisory and technical occupations,47,60,-13
E01002998,L12: Semi-routine occupations,106,126,-20
E01002998,L13: Routine occupations,106,83,23
E01002998,L14.1 and L14.2: Never worked and long-term unemployed,86,56,30
E01002998,L15: Full-time students,90,120,-30
E01002998,"L4, L5 and L6: Lower managerial, administrative and professional occupations",264,286,-22
E01002998,L7: Intermediate occupations,126,142,-16
E01002998,L8 and L9: Small employers and own account workers,143,91,52
E01002999,"L1, L2 and L3: Higher managerial, administrative and professional occupations",319,214,105
E01002999,L10 and L11: Lower supervisory and technical occupations,44,38,6
E01002999,L12: Semi-routine occupations,86,72,14
E01002999,L13: Routine occupations,92,53,39
E01002999,L14.1 and L14.2: Never worked and long-term unemployed,55,72,-17
E01002999,L15: Full-time students,114,166,-52
E01002999,"L4, L5 and L6: Lower managerial, administrative and professional occupations",332,362,-30
E01002999,L7: Intermediate occupations,117,139,-22
E01002999,L8 and L9: Small employers and own account workers,104,75,29
E01003000,"L1, L2 and L3: Higher managerial, administrative and professional occupations",243,89,154
E01003000,L10 and L11: Lower supervisory and technical occupations,76,67,9
E01003000,L12: Semi-routine occupations,165,188,-23
E01003000,L13: Routine occupations,113,112,1
E01003000,L14.1 and L14.2: Never worked and long-term unemployed,123,60,63
E01003000,L15: Full-time students,104,127,-23
E01003000,"L4, L5 and L6: Lower managerial, administrative and professional occupations",302,235,67
E01003000,L7: Intermediate occupations,168,156,12
E01003000,L8 and L9: Small employers and own account workers,166,119,47
E01003001,"L1, L2 and L3: Higher managerial, administrative and professional occupations",239,133,106
E01003001,L10 and L11: Lower supervisory and technical occupations,64,75,-11
E01003001,L12: Semi-routine occupations,174,180,-6
E01003001,L13: Routine occupations,118,90,28
E01003001,L14.1 and L14.2: Never worked and long-term unemployed,110,62,48
E01003001,L15: Full-time students,127,153,-26
E01003001,"L4, L5 and L6: Lower managerial, administrative and professional occupations",319,286,33
E01003001,L7: Intermediate occupations,188,211,-23
E01003001,L8 and L9: Small employers and own account workers,207,150,57
E01003002,"L1, L2 and L3: Higher managerial, administrative and professional occupations",260,187,73
E01003002,L10 and L11: Lower supervisory and technical occupations,73,68,5
E01003002,L12: Semi-routine occupations,127,155,-28
E01003002,L13: Routine occupations,133,85,48
E01003002,L14.1 and L14.2: Never worked and long-term unemployed,99,63,36
E01003002,L15: Full-time students,84,115,-31
E01003002,"L4, L5 and L6: Lower managerial, administrative and professional occupations",372,348,24
E01003002,L7: Intermediate occupations,151,162,-11
E01003002,L8 and L9: Small employers and own account workers,191,137,54
E01003003,"L1, L2 and L3: Higher managerial, administrative and professional occupations",205,121,84
E01003003,L10 and L11: Lower supervisory and technical occupations,51,61,-10
E01003003,L12: Semi-routine occupations,145,158,-13
E01003003,L13: Routine occupations,122,83,39
E01003003,L14.1 and L14.2: Never worked and long-term unemployed,121,77,44
E01003003,L15: Full-time students,128,139,-11
E01003003,"L4, L5 and L6: Lower managerial, administrative and professional occupations",294,266,28
E01003003,L7: Intermediate occupations,118,157,-39
E01003003,L8 and L9: Small employers and own account workers,207,114,93
E01003004,"L1, L2 and L3: Higher managerial, administrative and professional occupations",181,123,58
E01003004,L10 and L11: Lower supervisory and technical occupations,71,74,-3
E01003004,L12: Semi-routine occupations,114,138,-24
E01003004,L13: Routine occupations,94,70,24
E01003004,L14.1 and L14.2: Never worked and long-term unemployed,88,44,44
E01003004,L15: Full-time students,96,100,-4
E01003004,"L4, L5 and L6: Lower managerial, administrative and professional occupations",318,271,47
E01003004,L7: Intermediate occupations,156,196,-40
E01003004,L8 and L9: Small employers and own account workers,189,121,68
E01003005,"L1, L2 and L3: Higher managerial, administrative and professional occupations",179,107,72
E01003005,L10 and L11: Lower supervisory and technical occupations,56,81,-25
E01003005,L12: Semi-routine occupations,133,141,-8
E01003005,L13: Routine occupations,101,95,6
E01003005,L14.1 and L14.2: Never worked and long-term unemployed,66,29,37
E01003005,L15: Full-time students,74,63,11
E01003005,"L4, L5 and L6: Lower managerial, administrative and professional occupations",268,239,29
E01003005,L7: Intermediate occupations,185,195,-10
E01003005,L8 and L9: Small employers and own account workers,166,140,26
E01003006,"L1, L2 and L3: Higher managerial, administrative and professional occupations",327,220,107
E01003006,L10 and L11: Lower supervisory and technical occupations,16,34,-18
E01003006,L12: Semi-routine occupations,64,73,-9
E01003006,L13: Routine occupations,46,50,-4
E01003006,L14.1 and L14.2: Never worked and long-term unemployed,89,38,51
E01003006,L15: Full-time students,92,77,15
E01003006,"L4, L5 and L6: Lower managerial, administrative and professional occupations",278,310,-32
E01003006,L7: Intermediate occupations,140,119,21
E01003006,L8 and L9: Small employers and own account workers,158,111,47
E01003007,"L1, L2 and L3: Higher managerial, administrative and professional occupations",290,202,88
E01003007,L10 and L11: Lower supervisory and technical occupations,29,38,-9
E01003007,L12: Semi-routine occupations,82,73,9
E01003007,L13: Routine occupations,46,35,11
E01003007,L14.1 and L14.2: Never worked and long-term unemployed,72,33,39
E01003007,L15: Full-time students,91,89,2
E01003007,"L4, L5 and L6: Lower managerial, administrative and professional occupations",329,324,5
E01003007,L7: Intermediate occupations,144,124,20
E01003007,L8 and L9: Small employers and own account workers,145,111,34
E01003008,"L1, L2 and L3: Higher managerial, administrative and professional occupations",311,200,111
E01003008,L10 and L11: Lower supervisory and technical occupations,23,38,-15
E01003008,L12: Semi-routine occupations,51,67,-16
E01003008,L13: Routine occupations,36,24,12
E01003008,L14.1 and L14.2: Never worked and long-term unemployed,50,16,34
E01003008,L15: Full-time students,74,64,10
E01003008,"L4, L5 and L6: Lower managerial, administrative and professional occupations",297,314,-17
E01003008,L7: Intermediate occupations,116,145,-29
E01003008,L8 and L9: Small employers and own account workers,119,108,11
E01003009,"L1, L2 and L3: Higher managerial, administrative and professional occupations",366,273,93
E01003009,L10 and L11: Lower supervisory and technical occupations,49,46,3
E01003009,L12: Semi-routine occupations,89,98,-9
E01003009,L13: Routine occupations,77,72,5
E01003009,L14.1 and L14.2: Never worked and long-term unemployed,72,44,28
E01003009,L15: Full-time students,127,100,27
E01003009,"L4, L5 and L6: Lower managerial, administrative and professional occupations",383,386,-3
E01003009,L7: Intermediate occupations,164,171,-7
E01003009,L8 and L9: Small employers and own account workers,204,143,61
E01003010,"L1, L2 and L3: Higher managerial, administrative and professional occupations",333,228,105
E01003010,L10 and L11: Lower supervisory and technical occupations,21,30,-9
E01003010,L12: Semi-routine occupations,55,70,-15
E01003010,L13: Routine occupations,28,34,-6
E01003010,L14.1 and L14.2: Never worked and long-term unemployed,46,30,16
E01003010,L15: Full-time students,100,98,2
E01003010,"L4, L5 and L6: Lower managerial, administrative and professional occupations",304,351,-47
E01003010,L7: Intermediate occupations,119,130,-11
E01003010,L8 and L9: Small employers and own account workers,138,111,27
E01003011,"L1, L2 and L3: Higher managerial, administrative and professional occupations",410,290,120
E01003011,L10 and L11: Lower supervisory and technical occupations,26,34,-8
E01003011,L12: Semi-routine occupations,59,78,-19
E01003011,L13: Routine occupations,35,34,1
E01003011,L14.1 and L14.2: Never worked and long-term unemployed,77,44,33
E01003011,L15: Full-time students,95,130,-35
E01003011,"L4, L5 and L6: Lower managerial, administrative and professional occupations",373,427,-54
E01003011,L7: Intermediate occupations,134,126,8
E01003011,L8 and L9: Small employers and own account workers,128,113,15
E01003013,"L1, L2 and L3: Higher managerial, administrative and professional occupations",433,442,-9
E01003013,L10 and L11: Lower supervisory and technical occupations,28,43,-15
E01003013,L12: Semi-routine occupations,48,56,-8
E01003013,L13: Routine occupations,49,34,15
E01003013,L14.1 and L14.2: Never worked and long-term unemployed,42,29,13
E01003013,L15: Full-time students,824,290,534
E01003013,"L4, L5 and L6: Lower managerial, administrative and professional occupations",287,422,-135
E01003013,L7: Intermediate occupations,70,100,-30
E01003013,L8 and L9: Small employers and own account workers,68,62,6
E01003014,"L1, L2 and L3: Higher managerial, administrative and professional occupations",225,236,-11
E01003014,L10 and L11: Lower supervisory and technical occupations,60,61,-1
E01003014,L12: Semi-routine occupations,105,155,-50
E01003014,L13: Routine occupations,151,125,26
E01003014,L14.1 and L14.2: Never worked and long-term unemployed,140,104,36
E01003014,L15: Full-time students,156,295,-139
E01003014,"L4, L5 and L6: Lower managerial, administrative and professional occupations",267,351,-84
E01003014,L7: Intermediate occupations,107,146,-39
E01003014,L8 and L9: Small employers and own account workers,96,84,12
E01003015,"L1, L2 and L3: Higher managerial, administrative and professional occupations",221,124,97
E01003015,L10 and L11: Lower supervisory and technical occupations,52,50,2
E01003015,L12: Semi-routine occupations,149,110,39
E01003015,L13: Routine occupations,158,82,76
E01003015,L14.1 and L14.2: Never worked and long-term unemployed,170,109,61
E01003015,L15: Full-time students,157,141,16
E01003015,"L4, L5 and L6: Lower managerial, administrative and professional occupations",336,202,134
E01003015,L7: Intermediate occupations,107,89,18
E01003015,L8 and L9: Small employers and own account workers,115,61,54
E01003016,"L1, L2 and L3: Higher managerial, administrative and professional occupations",188,171,17
E01003016,L10 and L11: Lower supervisory and technical occupations,29,23,6
E01003016,L12: Semi-routine occupations,59,63,-4
E01003016,L13: Routine occupations,47,35,12
E01003016,L14.1 and L14.2: Never worked and long-term unemployed,87,65,22
E01003016,L15: Full-time students,406,558,-152
E01003016,"L4, L5 and L6: Lower managerial, administrative and professional occupations",167,210,-43
E01003016,L7: Intermediate occupations,63,69,-6
E01003016,L8 and L9: Small employers and own account workers,72,57,15
E01003017,"L1, L2 and L3: Higher managerial, administrative and professional occupations",293,241,52
E01003017,L10 and L11: Lower supervisory and technical occupations,53,83,-30
E01003017,L12: Semi-routine occupations,115,142,-27
E01003017,L13: Routine occupations,135,104,31
E01003017,L14.1 and L14.2: Never worked and long-term unemployed,114,84,30
E01003017,L15: Full-time students,207,142,65
E01003017,"L4, L5 and L6: Lower managerial, administrative and professional occupations",290,343,-53
E01003017,L7: Intermediate occupations,129,135,-6
E01003017,L8 and L9: Small employers and own account workers,118,115,3
E01003018,"L1, L2 and L3: Higher managerial, administrative and professional occupations",539,333,206
E01003018,L10 and L11: Lower supervisory and technical occupations,104,87,17
E01003018,L12: Semi-routine occupations,79,105,-26
E01003018,L13: Routine occupations,107,93,14
E01003018,L14.1 and L14.2: Never worked and long-term unemployed,73,79,-6
E01003018,L15: Full-time students,114,156,-42
E01003018,"L4, L5 and L6: Lower managerial, administrative and professional occupations",570,627,-57
E01003018,L7: Intermediate occupations,125,180,-55
E01003018,L8 and L9: Small employers and own account workers,128,133,-5
E01003019,"L1, L2 and L3: Higher managerial, administrative and professional occupations",639,433,206
E01003019,L10 and L11: Lower supervisory and technical occupations,41,66,-25
E01003019,L12: Semi-routine occupations,104,132,-28
E01003019,L13: Routine occupations,100,89,11
E01003019,L14.1 and L14.2: Never worked and long-term unemployed,92,71,21
E01003019,L15: Full-time students,85,126,-41
E01003019,"L4, L5 and L6: Lower managerial, administrative and professional occupations",537,600,-63
E01003019,L7: Intermediate occupations,135,177,-42
E01003019,L8 and L9: Small employers and own account workers,112,102,10
E01003020,"L1, L2 and L3: Higher managerial, administrative and professional occupations",415,237,178
E01003020,L10 and L11: Lower supervisory and technical occupations,44,70,-26
E01003020,L12: Semi-routine occupations,80,114,-34
E01003020,L13: Routine occupations,115,91,24
E01003020,L14.1 and L14.2: Never worked and long-term unemployed,117,103,14
E01003020,L15: Full-time students,129,125,4
E01003020,"L4, L5 and L6: Lower managerial, administrative and professional occupations",442,462,-20
E01003020,L7: Intermediate occupations,111,159,-48
E01003020,L8 and L9: Small employers and own account workers,116,83,33
E01003021,"L1, L2 and L3: Higher managerial, administrative and professional occupations",231,121,110
E01003021,L10 and L11: Lower supervisory and technical occupations,101,103,-2
E01003021,L12: Semi-routine occupations,209,176,33
E01003021,L13: Routine occupations,330,188,142
E01003021,L14.1 and L14.2: Never worked and long-term unemployed,284,232,52
E01003021,L15: Full-time students,121,126,-5
E01003021,"L4, L5 and L6: Lower managerial, administrative and professional occupations",303,268,35
E01003021,L7: Intermediate occupations,144,142,2
E01003021,L8 and L9: Small employers and own account workers,203,136,67
E01003022,"L1, L2 and L3: Higher managerial, administrative and professional occupations",358,242,116
E01003022,L10 and L11: Lower supervisory and technical occupations,51,73,-22
E01003022,L12: Semi-routine occupations,78,106,-28
E01003022,L13: Routine occupations,98,75,23
E01003022,L14.1 and L14.2: Never worked and long-term unemployed,106,80,26
E01003022,L15: Full-time students,71,138,-67
E01003022,"L4, L5 and L6: Lower managerial, administrative and professional occupations",398,440,-42
E01003022,L7: Intermediate occupations,116,167,-51
E01003022,L8 and L9: Small employers and own account workers,123,107,16
E01003023,"L1, L2 and L3: Higher managerial, administrative and professional occupations",462,286,176
E01003023,L10 and L11: Lower supervisory and technical occupations,97,109,-12
E01003023,L12: Semi-routine occupations,149,151,-2
E01003023,L13: Routine occupations,192,156,36
E01003023,L14.1 and L14.2: Never worked and long-term unemployed,162,105,57
E01003023,L15: Full-time students,187,174,13
E01003023,"L4, L5 and L6: Lower managerial, administrative and professional occupations",582,611,-29
E01003023,L7: Intermediate occupations,195,213,-18
E01003023,L8 and L9: Small employers and own account workers,192,165,27
E01003024,"L1, L2 and L3: Higher managerial, administrative and professional occupations",204,95,109
E01003024,L10 and L11: Lower supervisory and technical occupations,71,88,-17
E01003024,L12: Semi-routine occupations,170,148,22
E01003024,L13: Routine occupations,223,163,60
E01003024,L14.1 and L14.2: Never worked and long-term unemployed,142,139,3
E01003024,L15: Full-time students,142,167,-25
E01003024,"L4, L5 and L6: Lower managerial, administrative and professional occupations",254,268,-14
E01003024,L7: Intermediate occupations,164,168,-4
E01003024,L8 and L9: Small employers and own account workers,135,86,49
E01003025,"L1, L2 and L3: Higher managerial, administrative and professional occupations",280,183,97
E01003025,L10 and L11: Lower supervisory and technical occupations,85,84,1
E01003025,L12: Semi-routine occupations,167,167,0
E01003025,L13: Routine occupations,169,160,9
E01003025,L14.1 and L14.2: Never worked and long-term unemployed,133,133,0
E01003025,L15: Full-time students,143,166,-23
E01003025,"L4, L5 and L6: Lower managerial, administrative and professional occupations",424,398,26
E01003025,L7: Intermediate occupations,142,145,-3
E01003025,L8 and L9: Small employers and own account workers,152,126,26
E01003026,"L1, L2 and L3: Higher managerial, administrative and professional occupations",475,401,74
E01003026,L10 and L11: Lower supervisory and technical occupations,16,27,-11
E01003026,L12: Semi-routine occupations,49,41,8
E01003026,L13: Routine occupations,57,41,16
E01003026,L14.1 and L14.2: Never worked and long-term unemployed,66,26,40
E01003026,L15: Full-time students,60,65,-5
E01003026,"L4, L5 and L6: Lower managerial, administrative and professional occupations",375,457,-82
E01003026,L7: Intermediate occupations,88,120,-32
E01003026,L8 and L9: Small employers and own account workers,125,84,41
E01003027,"L1, L2 and L3: Higher managerial, administrative and professional occupations",491,370,121
E01003027,L10 and L11: Lower supervisory and technical occupations,21,18,3
E01003027,L12: Semi-routine occupations,23,31,-8
E01003027,L13: Routine occupations,23,27,-4
E01003027,L14.1 and L14.2: Never worked and long-term unemployed,33,33,0
E01003027,L15: Full-time students,58,70,-12
E01003027,"L4, L5 and L6: Lower managerial, administrative and professional occupations",321,345,-24
E01003027,L7: Intermediate occupations,72,72,0
E01003027,L8 and L9: Small employers and own account workers,102,74,28
E01003028,"L1, L2 and L3: Higher managerial, administrative and professional occupations",412,284,128
E01003028,L10 and L11: Lower supervisory and technical occupations,26,43,-17
E01003028,L12: Semi-routine occupations,53,69,-16
E01003028,L13: Routine occupations,73,44,29
E01003028,L14.1 and L14.2: Never worked and long-term unemployed,70,59,11
E01003028,L15: Full-time students,68,77,-9
E01003028,"L4, L5 and L6: Lower managerial, administrative and professional occupations",335,394,-59
E01003028,L7: Intermediate occupations,80,105,-25
E01003028,L8 and L9: Small employers and own account workers,99,69,30
E01003029,"L1, L2 and L3: Higher managerial, administrative and professional occupations",516,348,168
E01003029,L10 and L11: Lower supervisory and technical occupations,35,41,-6
E01003029,L12: Semi-routine occupations,82,90,-8
E01003029,L13: Routine occupations,95,71,24
E01003029,L14.1 and L14.2: Never worked and long-term unemployed,82,60,22
E01003029,L15: Full-time students,83,97,-14
E01003029,"L4, L5 and L6: Lower managerial, administrative and professional occupations",483,542,-59
E01003029,L7: Intermediate occupations,149,155,-6
E01003029,L8 and L9: Small employers and own account workers,100,99,1
E01003030,"L1, L2 and L3: Higher managerial, administrative and professional occupations",646,486,160
E01003030,L10 and L11: Lower supervisory and technical occupations,29,34,-5
E01003030,L12: Semi-routine occupations,37,43,-6
E01003030,L13: Routine occupations,39,31,8
E01003030,L14.1 and L14.2: Never worked and long-term unemployed,57,40,17
E01003030,L15: Full-time students,55,72,-17
E01003030,"L4, L5 and L6: Lower managerial, administrative and professional occupations",444,566,-122
E01003030,L7: Intermediate occupations,102,135,-33
E01003030,L8 and L9: Small employers and own account workers,119,108,11
E01003031,"L1, L2 and L3: Higher managerial, administrative and professional occupations",352,307,45
E01003031,L10 and L11: Lower supervisory and technical occupations,40,48,-8
E01003031,L12: Semi-routine occupations,90,109,-19
E01003031,L13: Routine occupations,80,81,-1
E01003031,L14.1 and L14.2: Never worked and long-term unemployed,105,91,14
E01003031,L15: Full-time students,127,117,10
E01003031,"L4, L5 and L6: Lower managerial, administrative and professional occupations",346,391,-45
E01003031,L7: Intermediate occupations,125,159,-34
E01003031,L8 and L9: Small employers and own account workers,86,88,-2
E01003032,"L1, L2 and L3: Higher managerial, administrative and professional occupations",360,245,115
E01003032,L10 and L11: Lower supervisory and technical occupations,43,67,-24
E01003032,L12: Semi-routine occupations,105,119,-14
E01003032,L13: Routine occupations,134,110,24
E01003032,L14.1 and L14.2: Never worked and long-term unemployed,119,104,15
E01003032,L15: Full-time students,131,143,-12
E01003032,"L4, L5 and L6: Lower managerial, administrative and professional occupations",363,390,-27
E01003032,L7: Intermediate occupations,138,155,-17
E01003032,L8 and L9: Small employers and own account workers,125,84,41
E01003033,"L1, L2 and L3: Higher managerial, administrative and professional occupations",439,351,88
E01003033,L10 and L11: Lower supervisory and technical occupations,25,24,1
E01003033,L12: Semi-routine occupations,54,51,3
E01003033,L13: Routine occupations,60,44,16
E01003033,L14.1 and L14.2: Never worked and long-term unemployed,68,43,25
E01003033,L15: Full-time students,74,94,-20
E01003033,"L4, L5 and L6: Lower managerial, administrative and professional occupations",355,372,-17
E01003033,L7: Intermediate occupations,103,99,4
E01003033,L8 and L9: Small employers and own account workers,132,97,35
E01003034,"L1, L2 and L3: Higher managerial, administrative and professional occupations",333,314,19
E01003034,L10 and L11: Lower supervisory and technical occupations,54,50,4
E01003034,L12: Semi-routine occupations,99,113,-14
E01003034,L13: Routine occupations,119,84,35
E01003034,L14.1 and L14.2: Never worked and long-term unemployed,102,82,20
E01003034,L15: Full-time students,94,101,-7
E01003034,"L4, L5 and L6: Lower managerial, administrative and professional occupations",331,424,-93
E01003034,L7: Intermediate occupations,127,121,6
E01003034,L8 and L9: Small employers and own account workers,111,95,16
E01003035,"L1, L2 and L3: Higher managerial, administrative and professional occupations",493,360,133
E01003035,L10 and L11: Lower supervisory and technical occupations,39,33,6
E01003035,L12: Semi-routine occupations,85,88,-3
E01003035,L13: Routine occupations,87,68,19
E01003035,L14.1 and L14.2: Never worked and long-term unemployed,116,54,62
E01003035,L15: Full-time students,78,83,-5
E01003035,"L4, L5 and L6: Lower managerial, administrative and professional occupations",416,466,-50
E01003035,L7: Intermediate occupations,121,144,-23
E01003035,L8 and L9: Small employers and own account workers,84,94,-10
E01003036,"L1, L2 and L3: Higher managerial, administrative and professional occupations",439,296,143
E01003036,L10 and L11: Lower supervisory and technical occupations,57,41,16
E01003036,L12: Semi-routine occupations,120,103,17
E01003036,L13: Routine occupations,88,67,21
E01003036,L14.1 and L14.2: Never worked and long-term unemployed,139,72,67
E01003036,L15: Full-time students,99,96,3
E01003036,"L4, L5 and L6: Lower managerial, administrative and professional occupations",402,430,-28
E01003036,L7: Intermediate occupations,127,114,13
E01003036,L8 and L9: Small employers and own account workers,124,92,32
E01003037,"L1, L2 and L3: Higher managerial, administrative and professional occupations",208,159,49
E01003037,L10 and L11: Lower supervisory and technical occupations,67,56,11
E01003037,L12: Semi-routine occupations,131,112,19
E01003037,L13: Routine occupations,131,102,29
E01003037,L14.1 and L14.2: Never worked and long-term unemployed,144,103,41
E01003037,L15: Full-time students,89,102,-13
E01003037,"L4, L5 and L6: Lower managerial, administrative and professional occupations",243,277,-34
E01003037,L7: Intermediate occupations,123,124,-1
E01003037,L8 and L9: Small employers and own account workers,104,65,39
E01003038,"L1, L2 and L3: Higher managerial, administrative and professional occupations",546,297,249
E01003038,L10 and L11: Lower supervisory and technical occupations,36,21,15
E01003038,L12: Semi-routine occupations,61,41,20
E01003038,L13: Routine occupations,67,36,31
E01003038,L14.1 and L14.2: Never worked and long-term unemployed,71,19,52
E01003038,L15: Full-time students,53,70,-17
E01003038,"L4, L5 and L6: Lower managerial, administrative and professional occupations",476,404,72
E01003038,L7: Intermediate occupations,94,93,1
E01003038,L8 and L9: Small employers and own account workers,111,80,31
E01003039,"L1, L2 and L3: Higher managerial, administrative and professional occupations",704,625,79
E01003039,L10 and L11: Lower supervisory and technical occupations,27,49,-22
E01003039,L12: Semi-routine occupations,55,75,-20
E01003039,L13: Routine occupations,56,48,8
E01003039,L14.1 and L14.2: Never worked and long-term unemployed,67,62,5
E01003039,L15: Full-time students,95,93,2
E01003039,"L4, L5 and L6: Lower managerial, administrative and professional occupations",533,708,-175
E01003039,L7: Intermediate occupations,117,152,-35
E01003039,L8 and L9: Small employers and own account workers,138,123,15
E01003040,"L1, L2 and L3: Higher managerial, administrative and professional occupations",380,281,99
E01003040,L10 and L11: Lower supervisory and technical occupations,21,26,-5
E01003040,L12: Semi-routine occupations,48,59,-11
E01003040,L13: Routine occupations,42,45,-3
E01003040,L14.1 and L14.2: Never worked and long-term unemployed,55,50,5
E01003040,L15: Full-time students,60,61,-1
E01003040,"L4, L5 and L6: Lower managerial, administrative and professional occupations",313,370,-57
E01003040,L7: Intermediate occupations,77,94,-17
E01003040,L8 and L9: Small employers and own account workers,80,58,22
E01003041,"L1, L2 and L3: Higher managerial, administrative and professional occupations",209,187,22
E01003041,L10 and L11: Lower supervisory and technical occupations,68,63,5
E01003041,L12: Semi-routine occupations,116,143,-27
E01003041,L13: Routine occupations,129,112,17
E01003041,L14.1 and L14.2: Never worked and long-term unemployed,170,105,65
E01003041,L15: Full-time students,112,111,1
E01003041,"L4, L5 and L6: Lower managerial, administrative and professional occupations",294,329,-35
E01003041,L7: Intermediate occupations,130,139,-9
E01003041,L8 and L9: Small employers and own account workers,81,50,31
E01003042,"L1, L2 and L3: Higher managerial, administrative and professional occupations",210,175,35
E01003042,L10 and L11: Lower supervisory and technical occupations,32,36,-4
E01003042,L12: Semi-routine occupations,89,84,5
E01003042,L13: Routine occupations,88,71,17
E01003042,L14.1 and L14.2: Never worked and long-term unemployed,81,51,30
E01003042,L15: Full-time students,95,51,44
E01003042,"L4, L5 and L6: Lower managerial, administrative and professional occupations",246,267,-21
E01003042,L7: Intermediate occupations,78,79,-1
E01003042,L8 and L9: Small employers and own account workers,76,63,13
E01003043,"L1, L2 and L3: Higher managerial, administrative and professional occupations",407,225,182
E01003043,L10 and L11: Lower supervisory and technical occupations,47,50,-3
E01003043,L12: Semi-routine occupations,80,90,-10
E01003043,L13: Routine occupations,85,81,4
E01003043,L14.1 and L14.2: Never worked and long-term unemployed,118,89,29
E01003043,L15: Full-time students,109,112,-3
E01003043,"L4, L5 and L6: Lower managerial, administrative and professional occupations",376,504,-128
E01003043,L7: Intermediate occupations,104,108,-4
E01003043,L8 and L9: Small employers and own account workers,105,86,19
E01003044,"L1, L2 and L3: Higher managerial, administrative and professional occupations",152,50,102
E01003044,L10 and L11: Lower supervisory and technical occupations,46,50,-4
E01003044,L12: Semi-routine occupations,136,144,-8
E01003044,L13: Routine occupations,132,123,9
E01003044,L14.1 and L14.2: Never worked and long-term unemployed,127,128,-1
E01003044,L15: Full-time students,131,121,10
E01003044,"L4, L5 and L6: Lower managerial, administrative and professional occupations",235,186,49
E01003044,L7: Intermediate occupations,96,92,4
E01003044,L8 and L9: Small employers and own account workers,87,67,20
E01003045,"L1, L2 and L3: Higher managerial, administrative and professional occupations",107,88,19
E01003045,L10 and L11: Lower supervisory and technical occupations,69,84,-15
E01003045,L12: Semi-routine occupations,193,176,17
E01003045,L13: Routine occupations,209,170,39
E01003045,L14.1 and L14.2: Never worked and long-term unemployed,285,217,68
E01003045,L15: Full-time students,258,210,48
E01003045,"L4, L5 and L6: Lower managerial, administrative and professional occupations",236,251,-15
E01003045,L7: Intermediate occupations,136,133,3
E01003045,L8 and L9: Small employers and own account workers,153,81,72
E01003046,"L1, L2 and L3: Higher managerial, administrative and professional occupations",139,72,67
E01003046,L10 and L11: Lower supervisory and technical occupations,65,74,-9
E01003046,L12: Semi-routine occupations,173,179,-6
E01003046,L13: Routine occupations,209,172,37
E01003046,L14.1 and L14.2: Never worked and long-term unemployed,150,173,-23
E01003046,L15: Full-time students,154,172,-18
E01003046,"L4, L5 and L6: Lower managerial, administrative and professional occupations",216,178,38
E01003046,L7: Intermediate occupations,143,120,23
E01003046,L8 and L9: Small employers and own account workers,129,93,36
E01003047,"L1, L2 and L3: Higher managerial, administrative and professional occupations",323,153,170
E01003047,L10 and L11: Lower supervisory and technical occupations,70,58,12
E01003047,L12: Semi-routine occupations,131,150,-19
E01003047,L13: Routine occupations,166,123,43
E01003047,L14.1 and L14.2: Never worked and long-term unemployed,148,131,17
E01003047,L15: Full-time students,178,151,27
E01003047,"L4, L5 and L6: Lower managerial, administrative and professional occupations",318,319,-1
E01003047,L7: Intermediate occupations,123,133,-10
E01003047,L8 and L9: Small employers and own account workers,123,92,31
E01003048,"L1, L2 and L3: Higher managerial, administrative and professional occupations",101,62,39
E01003048,L10 and L11: Lower supervisory and technical occupations,71,72,-1
E01003048,L12: Semi-routine occupations,186,174,12
E01003048,L13: Routine occupations,246,178,68
E01003048,L14.1 and L14.2: Never worked and long-term unemployed,206,188,18
E01003048,L15: Full-time students,168,191,-23
E01003048,"L4, L5 and L6: Lower managerial, administrative and professional occupations",177,174,3
E01003048,L7: Intermediate occupations,154,108,46
E01003048,L8 and L9: Small employers and own account workers,136,85,51
E01003049,"L1, L2 and L3: Higher managerial, administrative and professional occupations",226,102,124
E01003049,L10 and L11: Lower supervisory and technical occupations,57,71,-14
E01003049,L12: Semi-routine occupations,131,156,-25
E01003049,L13: Routine occupations,189,140,49
E01003049,L14.1 and L14.2: Never worked and long-term unemployed,171,146,25
E01003049,L15: Full-time students,170,164,6
E01003049,"L4, L5 and L6: Lower managerial, administrative and professional occupations",279,224,55
E01003049,L7: Intermediate occupations,122,141,-19
E01003049,L8 and L9: Small employers and own account workers,135,76,59
E01003050,"L1, L2 and L3: Higher managerial, administrative and professional occupations",407,253,154
E01003050,L10 and L11: Lower supervisory and technical occupations,38,46,-8
E01003050,L12: Semi-routine occupations,80,100,-20
E01003050,L13: Routine occupations,92,71,21
E01003050,L14.1 and L14.2: Never worked and long-term unemployed,109,106,3
E01003050,L15: Full-time students,111,139,-28
E01003050,"L4, L5 and L6: Lower managerial, administrative and professional occupations",411,472,-61
E01003050,L7: Intermediate occupations,119,124,-5
E01003050,L8 and L9: Small employers and own account workers,79,106,-27
E01003051,"L1, L2 and L3: Higher managerial, administrative and professional occupations",394,105,289
E01003051,L10 and L11: Lower supervisory and technical occupations,75,56,19
E01003051,L12: Semi-routine occupations,139,149,-10
E01003051,L13: Routine occupations,147,119,28
E01003051,L14.1 and L14.2: Never worked and long-term unemployed,161,151,10
E01003051,L15: Full-time students,178,193,-15
E01003051,"L4, L5 and L6: Lower managerial, administrative and professional occupations",419,302,117
E01003051,L7: Intermediate occupations,212,108,104
E01003051,L8 and L9: Small employers and own account workers,146,89,57
E01003052,"L1, L2 and L3: Higher managerial, administrative and professional occupations",177,65,112
E01003052,L10 and L11: Lower supervisory and technical occupations,81,73,8
E01003052,L12: Semi-routine occupations,242,193,49
E01003052,L13: Routine occupations,217,163,54
E01003052,L14.1 and L14.2: Never worked and long-term unemployed,251,184,67
E01003052,L15: Full-time students,237,213,24
E01003052,"L4, L5 and L6: Lower managerial, administrative and professional occupations",304,211,93
E01003052,L7: Intermediate occupations,180,124,56
E01003052,L8 and L9: Small employers and own account workers,144,108,36
E01003053,"L1, L2 and L3: Higher managerial, administrative and professional occupations",508,321,187
E01003053,L10 and L11: Lower supervisory and technical occupations,60,63,-3
E01003053,L12: Semi-routine occupations,90,91,-1
E01003053,L13: Routine occupations,146,98,48
E01003053,L14.1 and L14.2: Never worked and long-term unemployed,72,53,19
E01003053,L15: Full-time students,76,105,-29
E01003053,"L4, L5 and L6: Lower managerial, administrative and professional occupations",438,574,-136
E01003053,L7: Intermediate occupations,99,154,-55
E01003053,L8 and L9: Small employers and own account workers,90,73,17
E01003054,"L1, L2 and L3: Higher managerial, administrative and professional occupations",787,458,329
E01003054,L10 and L11: Lower supervisory and technical occupations,46,38,8
E01003054,L12: Semi-routine occupations,91,65,26
E01003054,L13: Routine occupations,68,59,9
E01003054,L14.1 and L14.2: Never worked and long-term unemployed,91,50,41
E01003054,L15: Full-time students,118,92,26
E01003054,"L4, L5 and L6: Lower managerial, administrative and professional occupations",629,679,-50
E01003054,L7: Intermediate occupations,158,161,-3
E01003054,L8 and L9: Small employers and own account workers,76,80,-4
E01003055,"L1, L2 and L3: Higher managerial, administrative and professional occupations",420,228,192
E01003055,L10 and L11: Lower supervisory and technical occupations,50,43,7
E01003055,L12: Semi-routine occupations,101,121,-20
E01003055,L13: Routine occupations,116,102,14
E01003055,L14.1 and L14.2: Never worked and long-term unemployed,151,101,50
E01003055,L15: Full-time students,76,84,-8
E01003055,"L4, L5 and L6: Lower managerial, administrative and professional occupations",349,430,-81
E01003055,L7: Intermediate occupations,100,131,-31
E01003055,L8 and L9: Small employers and own account workers,94,90,4
E01003056,"L1, L2 and L3: Higher managerial, administrative and professional occupations",463,360,103
E01003056,L10 and L11: Lower supervisory and technical occupations,51,70,-19
E01003056,L12: Semi-routine occupations,124,126,-2
E01003056,L13: Routine occupations,83,73,10
E01003056,L14.1 and L14.2: Never worked and long-term unemployed,93,94,-1
E01003056,L15: Full-time students,119,125,-6
E01003056,"L4, L5 and L6: Lower managerial, administrative and professional occupations",412,585,-173
E01003056,L7: Intermediate occupations,161,173,-12
E01003056,L8 and L9: Small employers and own account workers,96,76,20
E01003057,"L1, L2 and L3: Higher managerial, administrative and professional occupations",275,191,84
E01003057,L10 and L11: Lower supervisory and technical occupations,55,46,9
E01003057,L12: Semi-routine occupations,125,154,-29
E01003057,L13: Routine occupations,134,107,27
E01003057,L14.1 and L14.2: Never worked and long-term unemployed,151,116,35
E01003057,L15: Full-time students,136,132,4
E01003057,"L4, L5 and L6: Lower managerial, administrative and professional occupations",330,382,-52
E01003057,L7: Intermediate occupations,129,161,-32
E01003057,L8 and L9: Small employers and own account workers,104,68,36
E01003058,"L1, L2 and L3: Higher managerial, administrative and professional occupations",547,330,217
E01003058,L10 and L11: Lower supervisory and technical occupations,39,61,-22
E01003058,L12: Semi-routine occupations,100,103,-3
E01003058,L13: Routine occupations,126,88,38
E01003058,L14.1 and L14.2: Never worked and long-term unemployed,123,78,45
E01003058,L15: Full-time students,84,139,-55
E01003058,"L4, L5 and L6: Lower managerial, administrative and professional occupations",545,632,-87
E01003058,L7: Intermediate occupations,147,185,-38
E01003058,L8 and L9: Small employers and own account workers,107,89,18
E01003059,"L1, L2 and L3: Higher managerial, administrative and professional occupations",280,72,208
E01003059,L10 and L11: Lower supervisory and technical occupations,100,91,9
E01003059,L12: Semi-routine occupations,173,180,-7
E01003059,L13: Routine occupations,277,219,58
E01003059,L14.1 and L14.2: Never worked and long-term unemployed,279,133,146
E01003059,L15: Full-time students,145,163,-18
E01003059,"L4, L5 and L6: Lower managerial, administrative and professional occupations",342,174,168
E01003059,L7: Intermediate occupations,159,115,44
E01003059,L8 and L9: Small employers and own account workers,173,98,75
E01003060,"L1, L2 and L3: Higher managerial, administrative and professional occupations",213,49,164
E01003060,L10 and L11: Lower supervisory and technical occupations,55,90,-35
E01003060,L12: Semi-routine occupations,139,178,-39
E01003060,L13: Routine occupations,214,185,29
E01003060,L14.1 and L14.2: Never worked and long-term unemployed,140,156,-16
E01003060,L15: Full-time students,141,160,-19
E01003060,"L4, L5 and L6: Lower managerial, administrative and professional occupations",280,174,106
E01003060,L7: Intermediate occupations,106,101,5
E01003060,L8 and L9: Small employers and own account workers,127,83,44
E01003061,"L1, L2 and L3: Higher managerial, administrative and professional occupations",289,126,163
E01003061,L10 and L11: Lower supervisory and technical occupations,54,59,-5
E01003061,L12: Semi-routine occupations,81,105,-24
E01003061,L13: Routine occupations,188,167,21
E01003061,L14.1 and L14.2: Never worked and long-term unemployed,117,92,25
E01003061,L15: Full-time students,87,113,-26
E01003061,"L4, L5 and L6: Lower managerial, administrative and professional occupations",237,223,14
E01003061,L7: Intermediate occupations,66,82,-16
E01003061,L8 and L9: Small employers and own account workers,83,64,19
E01003062,"L1, L2 and L3: Higher managerial, administrative and professional occupations",357,206,151
E01003062,L10 and L11: Lower supervisory and technical occupations,63,63,0
E01003062,L12: Semi-routine occupations,106,117,-11
E01003062,L13: Routine occupations,108,108,0
E01003062,L14.1 and L14.2: Never worked and long-term unemployed,85,63,22
E01003062,L15: Full-time students,63,89,-26
E01003062,"L4, L5 and L6: Lower managerial, administrative and professional occupations",449,420,29
E01003062,L7: Intermediate occupations,160,154,6
E01003062,L8 and L9: Small employers and own account workers,143,120,23
E01003063,"L1, L2 and L3: Higher managerial, administrative and professional occupations",156,102,54
E01003063,L10 and L11: Lower supervisory and technical occupations,53,57,-4
E01003063,L12: Semi-routine occupations,108,144,-36
E01003063,L13: Routine occupations,134,113,21
E01003063,L14.1 and L14.2: Never worked and long-term unemployed,122,120,2
E01003063,L15: Full-time students,94,102,-8
E01003063,"L4, L5 and L6: Lower managerial, administrative and professional occupations",220,226,-6
E01003063,L7: Intermediate occupations,97,125,-28
E01003063,L8 and L9: Small employers and own account workers,116,72,44
E01003064,"L1, L2 and L3: Higher managerial, administrative and professional occupations",357,274,83
E01003064,L10 and L11: Lower supervisory and technical occupations,25,38,-13
E01003064,L12: Semi-routine occupations,54,82,-28
E01003064,L13: Routine occupations,70,39,31
E01003064,L14.1 and L14.2: Never worked and long-term unemployed,41,57,-16
E01003064,L15: Full-time students,56,85,-29
E01003064,"L4, L5 and L6: Lower managerial, administrative and professional occupations",311,405,-94
E01003064,L7: Intermediate occupations,97,120,-23
E01003064,L8 and L9: Small employers and own account workers,131,90,41
E01003065,"L1, L2 and L3: Higher managerial, administrative and professional occupations",159,75,84
E01003065,L10 and L11: Lower supervisory and technical occupations,64,58,6
E01003065,L12: Semi-routine occupations,129,143,-14
E01003065,L13: Routine occupations,129,110,19
E01003065,L14.1 and L14.2: Never worked and long-term unemployed,149,108,41
E01003065,L15: Full-time students,129,108,21
E01003065,"L4, L5 and L6: Lower managerial, administrative and professional occupations",240,210,30
E01003065,L7: Intermediate occupations,120,129,-9
E01003065,L8 and L9: Small employers and own account workers,106,93,13
E01003066,"L1, L2 and L3: Higher managerial, administrative and professional occupations",199,138,61
E01003066,L10 and L11: Lower supervisory and technical occupations,42,79,-37
E01003066,L12: Semi-routine occupations,134,131,3
E01003066,L13: Routine occupations,188,128,60
E01003066,L14.1 and L14.2: Never worked and long-term unemployed,190,127,63
E01003066,L15: Full-time students,136,149,-13
E01003066,"L4, L5 and L6: Lower managerial, administrative and professional occupations",329,256,73
E01003066,L7: Intermediate occupations,137,143,-6
E01003066,L8 and L9: Small employers and own account workers,171,103,68
E01003067,"L1, L2 and L3: Higher managerial, administrative and professional occupations",303,162,141
E01003067,L10 and L11: Lower supervisory and technical occupations,40,50,-10
E01003067,L12: Semi-routine occupations,78,93,-15
E01003067,L13: Routine occupations,85,63,22
E01003067,L14.1 and L14.2: Never worked and long-term unemployed,90,71,19
E01003067,L15: Full-time students,88,98,-10
E01003067,"L4, L5 and L6: Lower managerial, administrative and professional occupations",308,346,-38
E01003067,L7: Intermediate occupations,99,129,-30
E01003067,L8 and L9: Small employers and own account workers,118,105,13
E01003068,"L1, L2 and L3: Higher managerial, administrative and professional occupations",230,118,112
E01003068,L10 and L11: Lower supervisory and technical occupations,49,71,-22
E01003068,L12: Semi-routine occupations,94,126,-32
E01003068,L13: Routine occupations,114,87,27
E01003068,L14.1 and L14.2: Never worked and long-term unemployed,98,114,-16
E01003068,L15: Full-time students,91,81,10
E01003068,"L4, L5 and L6: Lower managerial, administrative and professional occupations",283,248,35
E01003068,L7: Intermediate occupations,129,137,-8
E01003068,L8 and L9: Small employers and own account workers,122,106,16
E01003069,"L1, L2 and L3: Higher managerial, administrative and professional occupations",169,88,81
E01003069,L10 and L11: Lower supervisory and technical occupations,37,46,-9
E01003069,L12: Semi-routine occupations,97,101,-4
E01003069,L13: Routine occupations,106,91,15
E01003069,L14.1 and L14.2: Never worked and long-term unemployed,104,100,4
E01003069,L15: Full-time students,96,91,5
E01003069,"L4, L5 and L6: Lower managerial, administrative and professional occupations",229,229,0
E01003069,L7: Intermediate occupations,110,111,-1
E01003069,L8 and L9: Small employers and own account workers,124,90,34
E01003070,"L1, L2 and L3: Higher managerial, administrative and professional occupations",157,107,50
E01003070,L10 and L11: Lower supervisory and technical occupations,64,51,13
E01003070,L12: Semi-routine occupations,143,132,11
E01003070,L13: Routine occupations,144,98,46
E01003070,L14.1 and L14.2: Never worked and long-term unemployed,150,143,7
E01003070,L15: Full-time students,100,127,-27
E01003070,"L4, L5 and L6: Lower managerial, administrative and professional occupations",230,222,8
E01003070,L7: Intermediate occupations,138,138,0
E01003070,L8 and L9: Small employers and own account workers,119,85,34
E01003071,"L1, L2 and L3: Higher managerial, administrative and professional occupations",623,405,218
E01003071,L10 and L11: Lower supervisory and technical occupations,53,74,-21
E01003071,L12: Semi-routine occupations,89,112,-23
E01003071,L13: Routine occupations,92,72,20
E01003071,L14.1 and L14.2: Never worked and long-term unemployed,95,88,7
E01003071,L15: Full-time students,152,136,16
E01003071,"L4, L5 and L6: Lower managerial, administrative and professional occupations",613,711,-98
E01003071,L7: Intermediate occupations,116,181,-65
E01003071,L8 and L9: Small employers and own account workers,150,133,17
E01003072,"L1, L2 and L3: Higher managerial, administrative and professional occupations",443,311,132
E01003072,L10 and L11: Lower supervisory and technical occupations,34,41,-7
E01003072,L12: Semi-routine occupations,79,88,-9
E01003072,L13: Routine occupations,71,67,4
E01003072,L14.1 and L14.2: Never worked and long-term unemployed,76,56,20
E01003072,L15: Full-time students,80,84,-4
E01003072,"L4, L5 and L6: Lower managerial, administrative and professional occupations",389,415,-26
E01003072,L7: Intermediate occupations,106,142,-36
E01003072,L8 and L9: Small employers and own account workers,150,132,18
E01003073,"L1, L2 and L3: Higher managerial, administrative and professional occupations",247,215,32
E01003073,L10 and L11: Lower supervisory and technical occupations,43,75,-32
E01003073,L12: Semi-routine occupations,122,152,-30
E01003073,L13: Routine occupations,117,102,15
E01003073,L14.1 and L14.2: Never worked and long-term unemployed,149,122,27
E01003073,L15: Full-time students,130,153,-23
E01003073,"L4, L5 and L6: Lower managerial, administrative and professional occupations",284,397,-113
E01003073,L7: Intermediate occupations,116,185,-69
E01003073,L8 and L9: Small employers and own account workers,104,102,2
E01003074,"L1, L2 and L3: Higher managerial, administrative and professional occupations",544,340,204
E01003074,L10 and L11: Lower supervisory and technical occupations,54,76,-22
E01003074,L12: Semi-routine occupations,108,127,-19
E01003074,L13: Routine occupations,118,92,26
E01003074,L14.1 and L14.2: Never worked and long-term unemployed,124,148,-24
E01003074,L15: Full-time students,110,119,-9
E01003074,"L4, L5 and L6: Lower managerial, administrative and professional occupations",612,647,-35
E01003074,L7: Intermediate occupations,170,177,-7
E01003074,L8 and L9: Small employers and own account workers,211,171,40
E01003075,"L1, L2 and L3: Higher managerial, administrative and professional occupations",134,54,80
E01003075,L10 and L11: Lower supervisory and technical occupations,59,91,-32
E01003075,L12: Semi-routine occupations,165,176,-11
E01003075,L13: Routine occupations,214,169,45
E01003075,L14.1 and L14.2: Never worked and long-term unemployed,175,139,36
E01003075,L15: Full-time students,162,174,-12
E01003075,"L4, L5 and L6: Lower managerial, administrative and professional occupations",229,155,74
E01003075,L7: Intermediate occupations,121,133,-12
E01003075,L8 and L9: Small employers and own account workers,115,89,26
E01003076,"L1, L2 and L3: Higher managerial, administrative and professional occupations",401,201,200
E01003076,L10 and L11: Lower supervisory and technical occupations,91,100,-9
E01003076,L12: Semi-routine occupations,179,120,59
E01003076,L13: Routine occupations,207,152,55
E01003076,L14.1 and L14.2: Never worked and long-term unemployed,171,77,94
E01003076,L15: Full-time students,304,219,85
E01003076,"L4, L5 and L6: Lower managerial, administrative and professional occupations",561,438,123
E01003076,L7: Intermediate occupations,160,151,9
E01003076,L8 and L9: Small employers and own account workers,187,123,64
E01003077,"L1, L2 and L3: Higher managerial, administrative and professional occupations",391,203,188
E01003077,L10 and L11: Lower supervisory and technical occupations,69,63,6
E01003077,L12: Semi-routine occupations,125,147,-22
E01003077,L13: Routine occupations,170,107,63
E01003077,L14.1 and L14.2: Never worked and long-term unemployed,100,82,18
E01003077,L15: Full-time students,126,224,-98
E01003077,"L4, L5 and L6: Lower managerial, administrative and professional occupations",435,406,29
E01003077,L7: Intermediate occupations,105,134,-29
E01003077,L8 and L9: Small employers and own account workers,108,100,8
E01003078,"L1, L2 and L3: Higher managerial, administrative and professional occupations",395,246,149
E01003078,L10 and L11: Lower supervisory and technical occupations,31,41,-10
E01003078,L12: Semi-routine occupations,65,55,10
E01003078,L13: Routine occupations,69,36,33
E01003078,L14.1 and L14.2: Never worked and long-term unemployed,58,37,21
E01003078,L15: Full-time students,98,78,20
E01003078,"L4, L5 and L6: Lower managerial, administrative and professional occupations",391,325,66
E01003078,L7: Intermediate occupations,97,105,-8
E01003078,L8 and L9: Small employers and own account workers,119,82,37
E01003079,"L1, L2 and L3: Higher managerial, administrative and professional occupations",228,138,90
E01003079,L10 and L11: Lower supervisory and technical occupations,59,61,-2
E01003079,L12: Semi-routine occupations,96,127,-31
E01003079,L13: Routine occupations,161,112,49
E01003079,L14.1 and L14.2: Never worked and long-term unemployed,101,112,-11
E01003079,L15: Full-time students,119,149,-30
E01003079,"L4, L5 and L6: Lower managerial, administrative and professional occupations",313,300,13
E01003079,L7: Intermediate occupations,108,141,-33
E01003079,L8 and L9: Small employers and own account workers,150,122,28
E01003080,"L1, L2 and L3: Higher managerial, administrative and professional occupations",257,160,97
E01003080,L10 and L11: Lower supervisory and technical occupations,45,47,-2
E01003080,L12: Semi-routine occupations,108,107,1
E01003080,L13: Routine occupations,84,100,-16
E01003080,L14.1 and L14.2: Never worked and long-term unemployed,79,97,-18
E01003080,L15: Full-time students,103,87,16
E01003080,"L4, L5 and L6: Lower managerial, administrative and professional occupations",370,380,-10
E01003080,L7: Intermediate occupations,121,136,-15
E01003080,L8 and L9: Small employers and own account workers,139,133,6
E01003081,"L1, L2 and L3: Higher managerial, administrative and professional occupations",301,141,160
E01003081,L10 and L11: Lower supervisory and technical occupations,61,88,-27
E01003081,L12: Semi-routine occupations,113,145,-32
E01003081,L13: Routine occupations,160,124,36
E01003081,L14.1 and L14.2: Never worked and long-term unemployed,149,111,38
E01003081,L15: Full-time students,102,146,-44
E01003081,"L4, L5 and L6: Lower managerial, administrative and professional occupations",319,340,-21
E01003081,L7: Intermediate occupations,139,138,1
E01003081,L8 and L9: Small employers and own account workers,159,130,29
E01003082,"L1, L2 and L3: Higher managerial, administrative and professional occupations",189,105,84
E01003082,L10 and L11: Lower supervisory and technical occupations,50,53,-3
E01003082,L12: Semi-routine occupations,79,115,-36
E01003082,L13: Routine occupations,108,107,1
E01003082,L14.1 and L14.2: Never worked and long-term unemployed,129,103,26
E01003082,L15: Full-time students,80,94,-14
E01003082,"L4, L5 and L6: Lower managerial, administrative and professional occupations",262,254,8
E01003082,L7: Intermediate occupations,113,101,12
E01003082,L8 and L9: Small employers and own account workers,113,100,13
E01003083,"L1, L2 and L3: Higher managerial, administrative and professional occupations",242,179,63
E01003083,L10 and L11: Lower supervisory and technical occupations,56,55,1
E01003083,L12: Semi-routine occupations,85,92,-7
E01003083,L13: Routine occupations,105,80,25
E01003083,L14.1 and L14.2: Never worked and long-term unemployed,120,75,45
E01003083,L15: Full-time students,98,93,5
E01003083,"L4, L5 and L6: Lower managerial, administrative and professional occupations",308,303,5
E01003083,L7: Intermediate occupations,94,132,-38
E01003083,L8 and L9: Small employers and own account workers,145,118,27
E01003084,"L1, L2 and L3: Higher managerial, administrative and professional occupations",303,192,111
E01003084,L10 and L11: Lower supervisory and technical occupations,34,51,-17
E01003084,L12: Semi-routine occupations,81,97,-16
E01003084,L13: Routine occupations,75,78,-3
E01003084,L14.1 and L14.2: Never worked and long-term unemployed,64,89,-25
E01003084,L15: Full-time students,87,79,8
E01003084,"L4, L5 and L6: Lower managerial, administrative and professional occupations",344,373,-29
E01003084,L7: Intermediate occupations,103,148,-45
E01003084,L8 and L9: Small employers and own account workers,141,124,17
E01003085,"L1, L2 and L3: Higher managerial, administrative and professional occupations",299,177,122
E01003085,L10 and L11: Lower supervisory and technical occupations,42,77,-35
E01003085,L12: Semi-routine occupations,96,150,-54
E01003085,L13: Routine occupations,103,130,-27
E01003085,L14.1 and L14.2: Never worked and long-term unemployed,118,110,8
E01003085,L15: Full-time students,89,160,-71
E01003085,"L4, L5 and L6: Lower managerial, administrative and professional occupations",345,369,-24
E01003085,L7: Intermediate occupations,136,199,-63
E01003085,L8 and L9: Small employers and own account workers,179,178,1
E01003086,"L1, L2 and L3: Higher managerial, administrative and professional occupations",153,79,74
E01003086,L10 and L11: Lower supervisory and technical occupations,57,54,3
E01003086,L12: Semi-routine occupations,145,143,2
E01003086,L13: Routine occupations,148,129,19
E01003086,L14.1 and L14.2: Never worked and long-term unemployed,160,154,6
E01003086,L15: Full-time students,105,129,-24
E01003086,"L4, L5 and L6: Lower managerial, administrative and professional occupations",239,199,40
E01003086,L7: Intermediate occupations,142,140,2
E01003086,L8 and L9: Small employers and own account workers,104,81,23
E01003087,"L1, L2 and L3: Higher managerial, administrative and professional occupations",94,60,34
E01003087,L10 and L11: Lower supervisory and technical occupations,67,38,29
E01003087,L12: Semi-routine occupations,130,125,5
E01003087,L13: Routine occupations,156,82,74
E01003087,L14.1 and L14.2: Never worked and long-term unemployed,216,103,113
E01003087,L15: Full-time students,132,91,41
E01003087,"L4, L5 and L6: Lower managerial, administrative and professional occupations",211,130,81
E01003087,L7: Intermediate occupations,124,89,35
E01003087,L8 and L9: Small employers and own account workers,132,60,72
E01003088,"L1, L2 and L3: Higher managerial, administrative and professional occupations",324,245,79
E01003088,L10 and L11: Lower supervisory and technical occupations,48,54,-6
E01003088,L12: Semi-routine occupations,94,134,-40
E01003088,L13: Routine occupations,151,109,42
E01003088,L14.1 and L14.2: Never worked and long-term unemployed,105,133,-28
E01003088,L15: Full-time students,93,155,-62
E01003088,"L4, L5 and L6: Lower managerial, administrative and professional occupations",287,404,-117
E01003088,L7: Intermediate occupations,109,161,-52
E01003088,L8 and L9: Small employers and own account workers,117,78,39
E01003089,"L1, L2 and L3: Higher managerial, administrative and professional occupations",247,92,155
E01003089,L10 and L11: Lower supervisory and technical occupations,99,102,-3
E01003089,L12: Semi-routine occupations,163,186,-23
E01003089,L13: Routine occupations,222,205,17
E01003089,L14.1 and L14.2: Never worked and long-term unemployed,166,149,17
E01003089,L15: Full-time students,171,256,-85
E01003089,"L4, L5 and L6: Lower managerial, administrative and professional occupations",274,238,36
E01003089,L7: Intermediate occupations,124,116,8
E01003089,L8 and L9: Small employers and own account workers,120,95,25
E01003090,"L1, L2 and L3: Higher managerial, administrative and professional occupations",668,368,300
E01003090,L10 and L11: Lower supervisory and technical occupations,73,67,6
E01003090,L12: Semi-routine occupations,107,132,-25
E01003090,L13: Routine occupations,122,98,24
E01003090,L14.1 and L14.2: Never worked and long-term unemployed,120,82,38
E01003090,L15: Full-time students,153,151,2
E01003090,"L4, L5 and L6: Lower managerial, administrative and professional occupations",639,617,22
E01003090,L7: Intermediate occupations,171,164,7
E01003090,L8 and L9: Small employers and own account workers,130,86,44
E01003091,"L1, L2 and L3: Higher managerial, administrative and professional occupations",313,161,152
E01003091,L10 and L11: Lower supervisory and technical occupations,40,52,-12
E01003091,L12: Semi-routine occupations,123,101,22
E01003091,L13: Routine occupations,173,120,53
E01003091,L14.1 and L14.2: Never worked and long-term unemployed,105,102,3
E01003091,L15: Full-time students,122,167,-45
E01003091,"L4, L5 and L6: Lower managerial, administrative and professional occupations",313,359,-46
E01003091,L7: Intermediate occupations,123,126,-3
E01003091,L8 and L9: Small employers and own account workers,112,92,20
E01003092,"L1, L2 and L3: Higher managerial, administrative and professional occupations",348,108,240
E01003092,L10 and L11: Lower supervisory and technical occupations,66,90,-24
E01003092,L12: Semi-routine occupations,172,172,0
E01003092,L13: Routine occupations,273,157,116
E01003092,L14.1 and L14.2: Never worked and long-term unemployed,225,149,76
E01003092,L15: Full-time students,180,162,18
E01003092,"L4, L5 and L6: Lower managerial, administrative and professional occupations",375,260,115
E01003092,L7: Intermediate occupations,145,136,9
E01003092,L8 and L9: Small employers and own account workers,144,92,52
E01003093,"L1, L2 and L3: Higher managerial, administrative and professional occupations",212,139,73
E01003093,L10 and L11: Lower supervisory and technical occupations,93,115,-22
E01003093,L12: Semi-routine occupations,244,226,18
E01003093,L13: Routine occupations,218,197,21
E01003093,L14.1 and L14.2: Never worked and long-term unemployed,258,205,53
E01003093,L15: Full-time students,202,221,-19
E01003093,"L4, L5 and L6: Lower managerial, administrative and professional occupations",311,319,-8
E01003093,L7: Intermediate occupations,195,161,34
E01003093,L8 and L9: Small employers and own account workers,117,90,27
E01003094,"L1, L2 and L3: Higher managerial, administrative and professional occupations",330,277,53
E01003094,L10 and L11: Lower supervisory and technical occupations,47,65,-18
E01003094,L12: Semi-routine occupations,90,130,-40
E01003094,L13: Routine occupations,97,112,-15
E01003094,L14.1 and L14.2: Never worked and long-term unemployed,125,112,13
E01003094,L15: Full-time students,88,128,-40
E01003094,"L4, L5 and L6: Lower managerial, administrative and professional occupations",366,473,-107
E01003094,L7: Intermediate occupations,84,159,-75
E01003094,L8 and L9: Small employers and own account workers,108,97,11
E01003095,"L1, L2 and L3: Higher managerial, administrative and professional occupations",487,346,141
E01003095,L10 and L11: Lower supervisory and technical occupations,41,44,-3
E01003095,L12: Semi-routine occupations,65,103,-38
E01003095,L13: Routine occupations,71,80,-9
E01003095,L14.1 and L14.2: Never worked and long-term unemployed,75,85,-10
E01003095,L15: Full-time students,87,124,-37
E01003095,"L4, L5 and L6: Lower managerial, administrative and professional occupations",400,465,-65
E01003095,L7: Intermediate occupations,89,129,-40
E01003095,L8 and L9: Small employers and own account workers,110,111,-1
E01003096,"L1, L2 and L3: Higher managerial, administrative and professional occupations",593,420,173
E01003096,L10 and L11: Lower supervisory and technical occupations,44,75,-31
E01003096,L12: Semi-routine occupations,80,96,-16
E01003096,L13: Routine occupations,129,89,40
E01003096,L14.1 and L14.2: Never worked and long-term unemployed,102,85,17
E01003096,L15: Full-time students,289,152,137
E01003096,"L4, L5 and L6: Lower managerial, administrative and professional occupations",498,694,-196
E01003096,L7: Intermediate occupations,127,163,-36
E01003096,L8 and L9: Small employers and own account workers,110,101,9
E01003097,"L1, L2 and L3: Higher managerial, administrative and professional occupations",188,91,97
E01003097,L10 and L11: Lower supervisory and technical occupations,72,88,-16
E01003097,L12: Semi-routine occupations,134,170,-36
E01003097,L13: Routine occupations,155,170,-15
E01003097,L14.1 and L14.2: Never worked and long-term unemployed,157,117,40
E01003097,L15: Full-time students,134,192,-58
E01003097,"L4, L5 and L6: Lower managerial, administrative and professional occupations",256,255,1
E01003097,L7: Intermediate occupations,142,136,6
E01003097,L8 and L9: Small employers and own account workers,114,100,14
E01003098,"L1, L2 and L3: Higher managerial, administrative and professional occupations",319,203,116
E01003098,L10 and L11: Lower supervisory and technical occupations,47,50,-3
E01003098,L12: Semi-routine occupations,106,85,21
E01003098,L13: Routine occupations,98,107,-9
E01003098,L14.1 and L14.2: Never worked and long-term unemployed,109,95,14
E01003098,L15: Full-time students,111,139,-28
E01003098,"L4, L5 and L6: Lower managerial, administrative and professional occupations",281,347,-66
E01003098,L7: Intermediate occupations,100,113,-13
E01003098,L8 and L9: Small employers and own account workers,117,80,37
E01003099,"L1, L2 and L3: Higher managerial, administrative and professional occupations",337,190,147
E01003099,L10 and L11: Lower supervisory and technical occupations,55,53,2
E01003099,L12: Semi-routine occupations,108,95,13
E01003099,L13: Routine occupations,162,132,30
E01003099,L14.1 and L14.2: Never worked and long-term unemployed,120,86,34
E01003099,L15: Full-time students,129,165,-36
E01003099,"L4, L5 and L6: Lower managerial, administrative and professional occupations",315,329,-14
E01003099,L7: Intermediate occupations,110,116,-6
E01003099,L8 and L9: Small employers and own account workers,122,105,17
E01003100,"L1, L2 and L3: Higher managerial, administrative and professional occupations",605,414,191
E01003100,L10 and L11: Lower supervisory and technical occupations,43,86,-43
E01003100,L12: Semi-routine occupations,81,88,-7
E01003100,L13: Routine occupations,114,99,15
E01003100,L14.1 and L14.2: Never worked and long-term unemployed,91,43,48
E01003100,L15: Full-time students,115,145,-30
E01003100,"L4, L5 and L6: Lower managerial, administrative and professional occupations",566,653,-87
E01003100,L7: Intermediate occupations,128,144,-16
E01003100,L8 and L9: Small employers and own account workers,124,98,26
E01003101,"L1, L2 and L3: Higher managerial, administrative and professional occupations",234,206,28
E01003101,L10 and L11: Lower supervisory and technical occupations,51,43,8
E01003101,L12: Semi-routine occupations,98,88,10
E01003101,L13: Routine occupations,166,129,37
E01003101,L14.1 and L14.2: Never worked and long-term unemployed,118,87,31
E01003101,L15: Full-time students,108,148,-40
E01003101,"L4, L5 and L6: Lower managerial, administrative and professional occupations",281,342,-61
E01003101,L7: Intermediate occupations,93,121,-28
E01003101,L8 and L9: Small employers and own account workers,95,81,14
E01003102,"L1, L2 and L3: Higher managerial, administrative and professional occupations",381,289,92
E01003102,L10 and L11: Lower supervisory and technical occupations,44,71,-27
E01003102,L12: Semi-routine occupations,105,89,16
E01003102,L13: Routine occupations,106,91,15
E01003102,L14.1 and L14.2: Never worked and long-term unemployed,140,79,61
E01003102,L15: Full-time students,141,128,13
E01003102,"L4, L5 and L6: Lower managerial, administrative and professional occupations",387,456,-69
E01003102,L7: Intermediate occupations,142,180,-38
E01003102,L8 and L9: Small employers and own account workers,124,84,40
E01003104,"L1, L2 and L3: Higher managerial, administrative and professional occupations",374,239,135
E01003104,L10 and L11: Lower supervisory and technical occupations,48,68,-20
E01003104,L12: Semi-routine occupations,131,124,7
E01003104,L13: Routine occupations,131,129,2
E01003104,L14.1 and L14.2: Never worked and long-term unemployed,106,59,47
E01003104,L15: Full-time students,129,159,-30
E01003104,"L4, L5 and L6: Lower managerial, administrative and professional occupations",378,411,-33
E01003104,L7: Intermediate occupations,124,110,14
E01003104,L8 and L9: Small employers and own account workers,111,71,40
E01003105,"L1, L2 and L3: Higher managerial, administrative and professional occupations",231,152,79
E01003105,L10 and L11: Lower supervisory and technical occupations,63,74,-11
E01003105,L12: Semi-routine occupations,131,135,-4
E01003105,L13: Routine occupations,181,112,69
E01003105,L14.1 and L14.2: Never worked and long-term unemployed,141,107,34
E01003105,L15: Full-time students,131,160,-29
E01003105,"L4, L5 and L6: Lower managerial, administrative and professional occupations",293,319,-26
E01003105,L7: Intermediate occupations,127,132,-5
E01003105,L8 and L9: Small employers and own account workers,127,76,51
E01003106,"L1, L2 and L3: Higher managerial, administrative and professional occupations",424,253,171
E01003106,L10 and L11: Lower supervisory and technical occupations,57,50,7
E01003106,L12: Semi-routine occupations,140,108,32
E01003106,L13: Routine occupations,158,66,92
E01003106,L14.1 and L14.2: Never worked and long-term unemployed,135,68,67
E01003106,L15: Full-time students,157,115,42
E01003106,"L4, L5 and L6: Lower managerial, administrative and professional occupations",427,413,14
E01003106,L7: Intermediate occupations,135,127,8
E01003106,L8 and L9: Small employers and own account workers,143,79,64
E01003107,"L1, L2 and L3: Higher managerial, administrative and professional occupations",521,425,96
E01003107,L10 and L11: Lower supervisory and technical occupations,41,70,-29
E01003107,L12: Semi-routine occupations,84,116,-32
E01003107,L13: Routine occupations,101,88,13
E01003107,L14.1 and L14.2: Never worked and long-term unemployed,87,78,9
E01003107,L15: Full-time students,100,180,-80
E01003107,"L4, L5 and L6: Lower managerial, administrative and professional occupations",450,610,-160
E01003107,L7: Intermediate occupations,136,162,-26
E01003107,L8 and L9: Small employers and own account workers,138,130,8
E01003108,"L1, L2 and L3: Higher managerial, administrative and professional occupations",191,149,42
E01003108,L10 and L11: Lower supervisory and technical occupations,60,63,-3
E01003108,L12: Semi-routine occupations,130,124,6
E01003108,L13: Routine occupations,148,114,34
E01003108,L14.1 and L14.2: Never worked and long-term unemployed,141,130,11
E01003108,L15: Full-time students,99,110,-11
E01003108,"L4, L5 and L6: Lower managerial, administrative and professional occupations",272,280,-8
E01003108,L7: Intermediate occupations,123,122,1
E01003108,L8 and L9: Small employers and own account workers,103,82,21
E01003110,"L1, L2 and L3: Higher managerial, administrative and professional occupations",522,389,133
E01003110,L10 and L11: Lower supervisory and technical occupations,43,53,-10
E01003110,L12: Semi-routine occupations,106,118,-12
E01003110,L13: Routine occupations,96,69,27
E01003110,L14.1 and L14.2: Never worked and long-term unemployed,113,79,34
E01003110,L15: Full-time students,131,147,-16
E01003110,"L4, L5 and L6: Lower managerial, administrative and professional occupations",501,477,24
E01003110,L7: Intermediate occupations,151,130,21
E01003110,L8 and L9: Small employers and own account workers,137,86,51
E01003111,"L1, L2 and L3: Higher managerial, administrative and professional occupations",147,70,77
E01003111,L10 and L11: Lower supervisory and technical occupations,79,78,1
E01003111,L12: Semi-routine occupations,181,190,-9
E01003111,L13: Routine occupations,249,165,84
E01003111,L14.1 and L14.2: Never worked and long-term unemployed,221,150,71
E01003111,L15: Full-time students,189,132,57
E01003111,"L4, L5 and L6: Lower managerial, administrative and professional occupations",200,173,27
E01003111,L7: Intermediate occupations,147,112,35
E01003111,L8 and L9: Small employers and own account workers,140,55,85
E01003112,"L1, L2 and L3: Higher managerial, administrative and professional occupations",246,161,85
E01003112,L10 and L11: Lower supervisory and technical occupations,65,67,-2
E01003112,L12: Semi-routine occupations,151,174,-23
E01003112,L13: Routine occupations,159,100,59
E01003112,L14.1 and L14.2: Never worked and long-term unemployed,182,103,79
E01003112,L15: Full-time students,124,180,-56
E01003112,"L4, L5 and L6: Lower managerial, administrative and professional occupations",272,239,33
E01003112,L7: Intermediate occupations,128,109,19
E01003112,L8 and L9: Small employers and own account workers,135,87,48
E01003113,"L1, L2 and L3: Higher managerial, administrative and professional occupations",293,228,65
E01003113,L10 and L11: Lower supervisory and technical occupations,42,66,-24
E01003113,L12: Semi-routine occupations,106,136,-30
E01003113,L13: Routine occupations,153,103,50
E01003113,L14.1 and L14.2: Never worked and long-term unemployed,108,130,-22
E01003113,L15: Full-time students,112,137,-25
E01003113,"L4, L5 and L6: Lower managerial, administrative and professional occupations",348,437,-89
E01003113,L7: Intermediate occupations,136,174,-38
E01003113,L8 and L9: Small employers and own account workers,190,177,13
E01003114,"L1, L2 and L3: Higher managerial, administrative and professional occupations",490,194,296
E01003114,L10 and L11: Lower supervisory and technical occupations,74,82,-8
E01003114,L12: Semi-routine occupations,108,126,-18
E01003114,L13: Routine occupations,158,108,50
E01003114,L14.1 and L14.2: Never worked and long-term unemployed,139,91,48
E01003114,L15: Full-time students,109,128,-19
E01003114,"L4, L5 and L6: Lower managerial, administrative and professional occupations",556,425,131
E01003114,L7: Intermediate occupations,187,166,21
E01003114,L8 and L9: Small employers and own account workers,210,145,65
E01003115,"L1, L2 and L3: Higher managerial, administrative and professional occupations",250,155,95
E01003115,L10 and L11: Lower supervisory and technical occupations,75,84,-9
E01003115,L12: Semi-routine occupations,96,115,-19
E01003115,L13: Routine occupations,122,83,39
E01003115,L14.1 and L14.2: Never worked and long-term unemployed,104,91,13
E01003115,L15: Full-time students,80,110,-30
E01003115,"L4, L5 and L6: Lower managerial, administrative and professional occupations",322,338,-16
E01003115,L7: Intermediate occupations,131,135,-4
E01003115,L8 and L9: Small employers and own account workers,136,144,-8
E01003116,"L1, L2 and L3: Higher managerial, administrative and professional occupations",331,209,122
E01003116,L10 and L11: Lower supervisory and technical occupations,55,43,12
E01003116,L12: Semi-routine occupations,91,88,3
E01003116,L13: Routine occupations,74,73,1
E01003116,L14.1 and L14.2: Never worked and long-term unemployed,126,82,44
E01003116,L15: Full-time students,116,110,6
E01003116,"L4, L5 and L6: Lower managerial, administrative and professional occupations",343,350,-7
E01003116,L7: Intermediate occupations,148,123,25
E01003116,L8 and L9: Small employers and own account workers,187,139,48
E01003117,"L1, L2 and L3: Higher managerial, administrative and professional occupations",339,233,106
E01003117,L10 and L11: Lower supervisory and technical occupations,62,85,-23
E01003117,L12: Semi-routine occupations,110,119,-9
E01003117,L13: Routine occupations,154,100,54
E01003117,L14.1 and L14.2: Never worked and long-term unemployed,115,110,5
E01003117,L15: Full-time students,85,110,-25
E01003117,"L4, L5 and L6: Lower managerial, administrative and professional occupations",428,457,-29
E01003117,L7: Intermediate occupations,117,173,-56
E01003117,L8 and L9: Small employers and own account workers,160,171,-11
E01003118,"L1, L2 and L3: Higher managerial, administrative and professional occupations",383,225,158
E01003118,L10 and L11: Lower supervisory and technical occupations,37,67,-30
E01003118,L12: Semi-routine occupations,98,92,6
E01003118,L13: Routine occupations,114,88,26
E01003118,L14.1 and L14.2: Never worked and long-term unemployed,140,96,44
E01003118,L15: Full-time students,119,105,14
E01003118,"L4, L5 and L6: Lower managerial, administrative and professional occupations",325,403,-78
E01003118,L7: Intermediate occupations,107,145,-38
E01003118,L8 and L9: Small employers and own account workers,149,154,-5
E01003119,"L1, L2 and L3: Higher managerial, administrative and professional occupations",377,216,161
E01003119,L10 and L11: Lower supervisory and technical occupations,67,70,-3
E01003119,L12: Semi-routine occupations,108,115,-7
E01003119,L13: Routine occupations,159,118,41
E01003119,L14.1 and L14.2: Never worked and long-term unemployed,166,106,60
E01003119,L15: Full-time students,110,151,-41
E01003119,"L4, L5 and L6: Lower managerial, administrative and professional occupations",401,409,-8
E01003119,L7: Intermediate occupations,118,156,-38
E01003119,L8 and L9: Small employers and own account workers,213,175,38
E01003120,"L1, L2 and L3: Higher managerial, administrative and professional occupations",313,163,150
E01003120,L10 and L11: Lower supervisory and technical occupations,71,121,-50
E01003120,L12: Semi-routine occupations,170,133,37
E01003120,L13: Routine occupations,261,168,93
E01003120,L14.1 and L14.2: Never worked and long-term unemployed,193,142,51
E01003120,L15: Full-time students,117,134,-17
E01003120,"L4, L5 and L6: Lower managerial, administrative and professional occupations",459,413,46
E01003120,L7: Intermediate occupations,188,170,18
E01003120,L8 and L9: Small employers and own account workers,311,169,142
E01003121,"L1, L2 and L3: Higher managerial, administrative and professional occupations",108,84,24
E01003121,L10 and L11: Lower supervisory and technical occupations,63,69,-6
E01003121,L12: Semi-routine occupations,152,178,-26
E01003121,L13: Routine occupations,207,172,35
E01003121,L14.1 and L14.2: Never worked and long-term unemployed,158,156,2
E01003121,L15: Full-time students,143,137,6
E01003121,"L4, L5 and L6: Lower managerial, administrative and professional occupations",203,191,12
E01003121,L7: Intermediate occupations,120,117,3
E01003121,L8 and L9: Small employers and own account workers,121,79,42
E01003122,"L1, L2 and L3: Higher managerial, administrative and professional occupations",446,245,201
E01003122,L10 and L11: Lower supervisory and technical occupations,55,71,-16
E01003122,L12: Semi-routine occupations,110,117,-7
E01003122,L13: Routine occupations,118,109,9
E01003122,L14.1 and L14.2: Never worked and long-term unemployed,131,102,29
E01003122,L15: Full-time students,139,165,-26
E01003122,"L4, L5 and L6: Lower managerial, administrative and professional occupations",402,428,-26
E01003122,L7: Intermediate occupations,137,150,-13
E01003122,L8 and L9: Small employers and own account workers,148,120,28
E01003123,"L1, L2 and L3: Higher managerial, administrative and professional occupations",364,247,117
E01003123,L10 and L11: Lower supervisory and technical occupations,63,59,4
E01003123,L12: Semi-routine occupations,86,83,3
E01003123,L13: Routine occupations,121,83,38
E01003123,L14.1 and L14.2: Never worked and long-term unemployed,79,51,28
E01003123,L15: Full-time students,85,90,-5
E01003123,"L4, L5 and L6: Lower managerial, administrative and professional occupations",394,412,-18
E01003123,L7: Intermediate occupations,100,102,-2
E01003123,L8 and L9: Small employers and own account workers,148,123,25
E01003124,"L1, L2 and L3: Higher managerial, administrative and professional occupations",185,130,55
E01003124,L10 and L11: Lower supervisory and technical occupations,62,61,1
E01003124,L12: Semi-routine occupations,107,111,-4
E01003124,L13: Routine occupations,166,154,12
E01003124,L14.1 and L14.2: Never worked and long-term unemployed,109,96,13
E01003124,L15: Full-time students,95,146,-51
E01003124,"L4, L5 and L6: Lower managerial, administrative and professional occupations",214,269,-55
E01003124,L7: Intermediate occupations,111,104,7
E01003124,L8 and L9: Small employers and own account workers,104,84,20
E01003125,"L1, L2 and L3: Higher managerial, administrative and professional occupations",114,59,55
E01003125,L10 and L11: Lower supervisory and technical occupations,89,85,4
E01003125,L12: Semi-routine occupations,173,176,-3
E01003125,L13: Routine occupations,279,202,77
E01003125,L14.1 and L14.2: Never worked and long-term unemployed,170,154,16
E01003125,L15: Full-time students,167,167,0
E01003125,"L4, L5 and L6: Lower managerial, administrative and professional occupations",197,164,33
E01003125,L7: Intermediate occupations,115,119,-4
E01003125,L8 and L9: Small employers and own account workers,122,96,26
E01003126,"L1, L2 and L3: Higher managerial, administrative and professional occupations",239,112,127
E01003126,L10 and L11: Lower supervisory and technical occupations,79,64,15
E01003126,L12: Semi-routine occupations,128,141,-13
E01003126,L13: Routine occupations,220,157,63
E01003126,L14.1 and L14.2: Never worked and long-term unemployed,144,117,27
E01003126,L15: Full-time students,144,150,-6
E01003126,"L4, L5 and L6: Lower managerial, administrative and professional occupations",257,230,27
E01003126,L7: Intermediate occupations,115,107,8
E01003126,L8 and L9: Small employers and own account workers,98,93,5
E01003127,"L1, L2 and L3: Higher managerial, administrative and professional occupations",400,243,157
E01003127,L10 and L11: Lower supervisory and technical occupations,65,64,1
E01003127,L12: Semi-routine occupations,160,122,38
E01003127,L13: Routine occupations,175,132,43
E01003127,L14.1 and L14.2: Never worked and long-term unemployed,110,113,-3
E01003127,L15: Full-time students,141,135,6
E01003127,"L4, L5 and L6: Lower managerial, administrative and professional occupations",398,351,47
E01003127,L7: Intermediate occupations,129,128,1
E01003127,L8 and L9: Small employers and own account workers,181,134,47
E01003128,"L1, L2 and L3: Higher managerial, administrative and professional occupations",199,83,116
E01003128,L10 and L11: Lower supervisory and technical occupations,49,82,-33
E01003128,L12: Semi-routine occupations,158,162,-4
E01003128,L13: Routine occupations,216,139,77
E01003128,L14.1 and L14.2: Never worked and long-term unemployed,158,121,37
E01003128,L15: Full-time students,111,124,-13
E01003128,"L4, L5 and L6: Lower managerial, administrative and professional occupations",229,226,3
E01003128,L7: Intermediate occupations,111,121,-10
E01003128,L8 and L9: Small employers and own account workers,112,85,27
E01003129,"L1, L2 and L3: Higher managerial, administrative and professional occupations",354,252,102
E01003129,L10 and L11: Lower supervisory and technical occupations,68,91,-23
E01003129,L12: Semi-routine occupations,106,138,-32
E01003129,L13: Routine occupations,195,143,52
E01003129,L14.1 and L14.2: Never worked and long-term unemployed,99,104,-5
E01003129,L15: Full-time students,146,168,-22
E01003129,"L4, L5 and L6: Lower managerial, administrative and professional occupations",385,399,-14
E01003129,L7: Intermediate occupations,114,134,-20
E01003129,L8 and L9: Small employers and own account workers,130,108,22
E01003130,"L1, L2 and L3: Higher managerial, administrative and professional occupations",328,236,92
E01003130,L10 and L11: Lower supervisory and technical occupations,51,87,-36
E01003130,L12: Semi-routine occupations,98,108,-10
E01003130,L13: Routine occupations,148,85,63
E01003130,L14.1 and L14.2: Never worked and long-term unemployed,122,83,39
E01003130,L15: Full-time students,113,99,14
E01003130,"L4, L5 and L6: Lower managerial, administrative and professional occupations",353,409,-56
E01003130,L7: Intermediate occupations,136,141,-5
E01003130,L8 and L9: Small employers and own account workers,181,136,45
E01003131,"L1, L2 and L3: Higher managerial, administrative and professional occupations",555,211,344
E01003131,L10 and L11: Lower supervisory and technical occupations,48,51,-3
E01003131,L12: Semi-routine occupations,88,85,3
E01003131,L13: Routine occupations,88,70,18
E01003131,L14.1 and L14.2: Never worked and long-term unemployed,90,51,39
E01003131,L15: Full-time students,101,104,-3
E01003131,"L4, L5 and L6: Lower managerial, administrative and professional occupations",507,324,183
E01003131,L7: Intermediate occupations,143,135,8
E01003131,L8 and L9: Small employers and own account workers,210,110,100
E01003132,"L1, L2 and L3: Higher managerial, administrative and professional occupations",140,82,58
E01003132,L10 and L11: Lower supervisory and technical occupations,56,66,-10
E01003132,L12: Semi-routine occupations,117,124,-7
E01003132,L13: Routine occupations,155,124,31
E01003132,L14.1 and L14.2: Never worked and long-term unemployed,201,119,82
E01003132,L15: Full-time students,111,118,-7
E01003132,"L4, L5 and L6: Lower managerial, administrative and professional occupations",220,177,43
E01003132,L7: Intermediate occupations,96,120,-24
E01003132,L8 and L9: Small employers and own account workers,120,103,17
E01003133,"L1, L2 and L3: Higher managerial, administrative and professional occupations",333,208,125
E01003133,L10 and L11: Lower supervisory and technical occupations,52,65,-13
E01003133,L12: Semi-routine occupations,77,116,-39
E01003133,L13: Routine occupations,136,97,39
E01003133,L14.1 and L14.2: Never worked and long-term unemployed,95,100,-5
E01003133,L15: Full-time students,92,102,-10
E01003133,"L4, L5 and L6: Lower managerial, administrative and professional occupations",304,398,-94
E01003133,L7: Intermediate occupations,112,137,-25
E01003133,L8 and L9: Small employers and own account workers,172,128,44
E01003134,"L1, L2 and L3: Higher managerial, administrative and professional occupations",291,170,121
E01003134,L10 and L11: Lower supervisory and technical occupations,36,57,-21
E01003134,L12: Semi-routine occupations,100,108,-8
E01003134,L13: Routine occupations,74,74,0
E01003134,L14.1 and L14.2: Never worked and long-term unemployed,93,90,3
E01003134,L15: Full-time students,124,84,40
E01003134,"L4, L5 and L6: Lower managerial, administrative and professional occupations",332,336,-4
E01003134,L7: Intermediate occupations,111,145,-34
E01003134,L8 and L9: Small employers and own account workers,161,120,41
E01003135,"L1, L2 and L3: Higher managerial, administrative and professional occupations",297,177,120
E01003135,L10 and L11: Lower supervisory and technical occupations,70,83,-13
E01003135,L12: Semi-routine occupations,126,119,7
E01003135,L13: Routine occupations,148,113,35
E01003135,L14.1 and L14.2: Never worked and long-term unemployed,148,108,40
E01003135,L15: Full-time students,184,97,87
E01003135,"L4, L5 and L6: Lower managerial, administrative and professional occupations",393,341,52
E01003135,L7: Intermediate occupations,119,143,-24
E01003135,L8 and L9: Small employers and own account workers,181,155,26
E01003136,"L1, L2 and L3: Higher managerial, administrative and professional occupations",243,156,87
E01003136,L10 and L11: Lower supervisory and technical occupations,71,56,15
E01003136,L12: Semi-routine occupations,111,125,-14
E01003136,L13: Routine occupations,155,88,67
E01003136,L14.1 and L14.2: Never worked and long-term unemployed,117,97,20
E01003136,L15: Full-time students,114,113,1
E01003136,"L4, L5 and L6: Lower managerial, administrative and professional occupations",344,360,-16
E01003136,L7: Intermediate occupations,134,140,-6
E01003136,L8 and L9: Small employers and own account workers,137,120,17
E01003137,"L1, L2 and L3: Higher managerial, administrative and professional occupations",174,82,92
E01003137,L10 and L11: Lower supervisory and technical occupations,48,74,-26
E01003137,L12: Semi-routine occupations,125,138,-13
E01003137,L13: Routine occupations,186,117,69
E01003137,L14.1 and L14.2: Never worked and long-term unemployed,128,117,11
E01003137,L15: Full-time students,152,111,41
E01003137,"L4, L5 and L6: Lower managerial, administrative and professional occupations",283,257,26
E01003137,L7: Intermediate occupations,106,141,-35
E01003137,L8 and L9: Small employers and own account workers,136,88,48
E01003138,"L1, L2 and L3: Higher managerial, administrative and professional occupations",496,312,184
E01003138,L10 and L11: Lower supervisory and technical occupations,20,38,-18
E01003138,L12: Semi-routine occupations,37,64,-27
E01003138,L13: Routine occupations,44,44,0
E01003138,L14.1 and L14.2: Never worked and long-term unemployed,43,45,-2
E01003138,L15: Full-time students,72,57,15
E01003138,"L4, L5 and L6: Lower managerial, administrative and professional occupations",350,475,-125
E01003138,L7: Intermediate occupations,87,123,-36
E01003138,L8 and L9: Small employers and own account workers,93,108,-15
E01003139,"L1, L2 and L3: Higher managerial, administrative and professional occupations",171,85,86
E01003139,L10 and L11: Lower supervisory and technical occupations,51,54,-3
E01003139,L12: Semi-routine occupations,97,93,4
E01003139,L13: Routine occupations,123,82,41
E01003139,L14.1 and L14.2: Never worked and long-term unemployed,104,84,20
E01003139,L15: Full-time students,92,103,-11
E01003139,"L4, L5 and L6: Lower managerial, administrative and professional occupations",237,154,83
E01003139,L7: Intermediate occupations,127,127,0
E01003139,L8 and L9: Small employers and own account workers,229,132,97
E01003140,"L1, L2 and L3: Higher managerial, administrative and professional occupations",167,98,69
E01003140,L10 and L11: Lower supervisory and technical occupations,43,72,-29
E01003140,L12: Semi-routine occupations,101,142,-41
E01003140,L13: Routine occupations,122,102,20
E01003140,L14.1 and L14.2: Never worked and long-term unemployed,114,98,16
E01003140,L15: Full-time students,117,144,-27
E01003140,"L4, L5 and L6: Lower managerial, administrative and professional occupations",221,270,-49
E01003140,L7: Intermediate occupations,155,180,-25
E01003140,L8 and L9: Small employers and own account workers,168,196,-28
E01003141,"L1, L2 and L3: Higher managerial, administrative and professional occupations",217,129,88
E01003141,L10 and L11: Lower supervisory and technical occupations,52,65,-13
E01003141,L12: Semi-routine occupations,123,153,-30
E01003141,L13: Routine occupations,157,104,53
E01003141,L14.1 and L14.2: Never worked and long-term unemployed,140,120,20
E01003141,L15: Full-time students,89,114,-25
E01003141,"L4, L5 and L6: Lower managerial, administrative and professional occupations",331,288,43
E01003141,L7: Intermediate occupations,156,169,-13
E01003141,L8 and L9: Small employers and own account workers,201,120,81
E01003142,"L1, L2 and L3: Higher managerial, administrative and professional occupations",156,75,81
E01003142,L10 and L11: Lower supervisory and technical occupations,47,55,-8
E01003142,L12: Semi-routine occupations,108,129,-21
E01003142,L13: Routine occupations,103,75,28
E01003142,L14.1 and L14.2: Never worked and long-term unemployed,99,91,8
E01003142,L15: Full-time students,103,121,-18
E01003142,"L4, L5 and L6: Lower managerial, administrative and professional occupations",207,141,66
E01003142,L7: Intermediate occupations,121,138,-17
E01003142,L8 and L9: Small employers and own account workers,177,136,41
E01003143,"L1, L2 and L3: Higher managerial, administrative and professional occupations",114,78,36
E01003143,L10 and L11: Lower supervisory and technical occupations,69,71,-2
E01003143,L12: Semi-routine occupations,131,112,19
E01003143,L13: Routine occupations,152,91,61
E01003143,L14.1 and L14.2: Never worked and long-term unemployed,168,100,68
E01003143,L15: Full-time students,102,144,-42
E01003143,"L4, L5 and L6: Lower managerial, administrative and professional occupations",231,179,52
E01003143,L7: Intermediate occupations,132,122,10
E01003143,L8 and L9: Small employers and own account workers,129,121,8
E01003144,"L1, L2 and L3: Higher managerial, administrative and professional occupations",338,196,142
E01003144,L10 and L11: Lower supervisory and technical occupations,41,36,5
E01003144,L12: Semi-routine occupations,72,73,-1
E01003144,L13: Routine occupations,79,59,20
E01003144,L14.1 and L14.2: Never worked and long-term unemployed,106,77,29
E01003144,L15: Full-time students,75,120,-45
E01003144,"L4, L5 and L6: Lower managerial, administrative and professional occupations",318,313,5
E01003144,L7: Intermediate occupations,111,129,-18
E01003144,L8 and L9: Small employers and own account workers,178,146,32
E01003145,"L1, L2 and L3: Higher managerial, administrative and professional occupations",246,150,96
E01003145,L10 and L11: Lower supervisory and technical occupations,57,65,-8
E01003145,L12: Semi-routine occupations,94,149,-55
E01003145,L13: Routine occupations,176,103,73
E01003145,L14.1 and L14.2: Never worked and long-term unemployed,129,108,21
E01003145,L15: Full-time students,90,99,-9
E01003145,"L4, L5 and L6: Lower managerial, administrative and professional occupations",328,354,-26
E01003145,L7: Intermediate occupations,97,162,-65
E01003145,L8 and L9: Small employers and own account workers,185,167,18
E01003146,"L1, L2 and L3: Higher managerial, administrative and professional occupations",197,93,104
E01003146,L10 and L11: Lower supervisory and technical occupations,60,80,-20
E01003146,L12: Semi-routine occupations,110,125,-15
E01003146,L13: Routine occupations,159,99,60
E01003146,L14.1 and L14.2: Never worked and long-term unemployed,107,103,4
E01003146,L15: Full-time students,128,140,-12
E01003146,"L4, L5 and L6: Lower managerial, administrative and professional occupations",292,176,116
E01003146,L7: Intermediate occupations,158,139,19
E01003146,L8 and L9: Small employers and own account workers,172,163,9
E01003147,"L1, L2 and L3: Higher managerial, administrative and professional occupations",309,186,123
E01003147,L10 and L11: Lower supervisory and technical occupations,88,78,10
E01003147,L12: Semi-routine occupations,143,149,-6
E01003147,L13: Routine occupations,231,119,112
E01003147,L14.1 and L14.2: Never worked and long-term unemployed,129,109,20
E01003147,L15: Full-time students,106,166,-60
E01003147,"L4, L5 and L6: Lower managerial, administrative and professional occupations",324,362,-38
E01003147,L7: Intermediate occupations,131,187,-56
E01003147,L8 and L9: Small employers and own account workers,239,178,61
E01003148,"L1, L2 and L3: Higher managerial, administrative and professional occupations",323,210,113
E01003148,L10 and L11: Lower supervisory and technical occupations,58,57,1
E01003148,L12: Semi-routine occupations,95,112,-17
E01003148,L13: Routine occupations,97,101,-4
E01003148,L14.1 and L14.2: Never worked and long-term unemployed,119,105,14
E01003148,L15: Full-time students,99,90,9
E01003148,"L4, L5 and L6: Lower managerial, administrative and professional occupations",412,400,12
E01003148,L7: Intermediate occupations,130,136,-6
E01003148,L8 and L9: Small employers and own account workers,181,149,32
E01003149,"L1, L2 and L3: Higher managerial, administrative and professional occupations",332,189,143
E01003149,L10 and L11: Lower supervisory and technical occupations,44,59,-15
E01003149,L12: Semi-routine occupations,87,98,-11
E01003149,L13: Routine occupations,90,82,8
E01003149,L14.1 and L14.2: Never worked and long-term unemployed,152,98,54
E01003149,L15: Full-time students,77,94,-17
E01003149,"L4, L5 and L6: Lower managerial, administrative and professional occupations",391,413,-22
E01003149,L7: Intermediate occupations,128,118,10
E01003149,L8 and L9: Small employers and own account workers,184,176,8
E01003150,"L1, L2 and L3: Higher managerial, administrative and professional occupations",257,149,108
E01003150,L10 and L11: Lower supervisory and technical occupations,81,72,9
E01003150,L12: Semi-routine occupations,149,147,2
E01003150,L13: Routine occupations,166,104,62
E01003150,L14.1 and L14.2: Never worked and long-term unemployed,155,124,31
E01003150,L15: Full-time students,97,108,-11
E01003150,"L4, L5 and L6: Lower managerial, administrative and professional occupations",336,322,14
E01003150,L7: Intermediate occupations,131,132,-1
E01003150,L8 and L9: Small employers and own account workers,212,117,95
E01003151,"L1, L2 and L3: Higher managerial, administrative and professional occupations",220,96,124
E01003151,L10 and L11: Lower supervisory and technical occupations,62,70,-8
E01003151,L12: Semi-routine occupations,183,156,27
E01003151,L13: Routine occupations,158,123,35
E01003151,L14.1 and L14.2: Never worked and long-term unemployed,189,175,14
E01003151,L15: Full-time students,164,152,12
E01003151,"L4, L5 and L6: Lower managerial, administrative and professional occupations",334,258,76
E01003151,L7: Intermediate occupations,142,174,-32
E01003151,L8 and L9: Small employers and own account workers,145,110,35
E01003152,"L1, L2 and L3: Higher managerial, administrative and professional occupations",417,242,175
E01003152,L10 and L11: Lower supervisory and technical occupations,54,85,-31
E01003152,L12: Semi-routine occupations,86,124,-38
E01003152,L13: Routine occupations,82,84,-2
E01003152,L14.1 and L14.2: Never worked and long-term unemployed,102,87,15
E01003152,L15: Full-time students,77,128,-51
E01003152,"L4, L5 and L6: Lower managerial, administrative and professional occupations",440,428,12
E01003152,L7: Intermediate occupations,117,154,-37
E01003152,L8 and L9: Small employers and own account workers,199,170,29
E01003153,"L1, L2 and L3: Higher managerial, administrative and professional occupations",456,239,217
E01003153,L10 and L11: Lower supervisory and technical occupations,97,141,-44
E01003153,L12: Semi-routine occupations,137,125,12
E01003153,L13: Routine occupations,179,128,51
E01003153,L14.1 and L14.2: Never worked and long-term unemployed,91,66,25
E01003153,L15: Full-time students,86,170,-84
E01003153,"L4, L5 and L6: Lower managerial, administrative and professional occupations",545,543,2
E01003153,L7: Intermediate occupations,167,178,-11
E01003153,L8 and L9: Small employers and own account workers,180,196,-16
E01003154,"L1, L2 and L3: Higher managerial, administrative and professional occupations",271,124,147
E01003154,L10 and L11: Lower supervisory and technical occupations,53,91,-38
E01003154,L12: Semi-routine occupations,155,142,13
E01003154,L13: Routine occupations,139,123,16
E01003154,L14.1 and L14.2: Never worked and long-term unemployed,142,137,5
E01003154,L15: Full-time students,144,161,-17
E01003154,"L4, L5 and L6: Lower managerial, administrative and professional occupations",333,301,32
E01003154,L7: Intermediate occupations,169,184,-15
E01003154,L8 and L9: Small employers and own account workers,150,125,25
E01003155,"L1, L2 and L3: Higher managerial, administrative and professional occupations",295,185,110
E01003155,L10 and L11: Lower supervisory and technical occupations,58,88,-30
E01003155,L12: Semi-routine occupations,112,128,-16
E01003155,L13: Routine occupations,118,99,19
E01003155,L14.1 and L14.2: Never worked and long-term unemployed,143,101,42
E01003155,L15: Full-time students,81,91,-10
E01003155,"L4, L5 and L6: Lower managerial, administrative and professional occupations",405,366,39
E01003155,L7: Intermediate occupations,145,191,-46
E01003155,L8 and L9: Small employers and own account workers,178,193,-15
E01003156,"L1, L2 and L3: Higher managerial, administrative and professional occupations",391,252,139
E01003156,L10 and L11: Lower supervisory and technical occupations,42,55,-13
E01003156,L12: Semi-routine occupations,91,75,16
E01003156,L13: Routine occupations,76,71,5
E01003156,L14.1 and L14.2: Never worked and long-term unemployed,74,60,14
E01003156,L15: Full-time students,63,95,-32
E01003156,"L4, L5 and L6: Lower managerial, administrative and professional occupations",382,390,-8
E01003156,L7: Intermediate occupations,111,118,-7
E01003156,L8 and L9: Small employers and own account workers,103,90,13
E01003157,"L1, L2 and L3: Higher managerial, administrative and professional occupations",473,337,136
E01003157,L10 and L11: Lower supervisory and technical occupations,19,31,-12
E01003157,L12: Semi-routine occupations,65,60,5
E01003157,L13: Routine occupations,39,54,-15
E01003157,L14.1 and L14.2: Never worked and long-term unemployed,53,68,-15
E01003157,L15: Full-time students,76,54,22
E01003157,"L4, L5 and L6: Lower managerial, administrative and professional occupations",340,394,-54
E01003157,L7: Intermediate occupations,80,111,-31
E01003157,L8 and L9: Small employers and own account workers,71,62,9
E01003158,"L1, L2 and L3: Higher managerial, administrative and professional occupations",566,412,154
E01003158,L10 and L11: Lower supervisory and technical occupations,22,43,-21
E01003158,L12: Semi-routine occupations,41,57,-16
E01003158,L13: Routine occupations,48,30,18
E01003158,L14.1 and L14.2: Never worked and long-term unemployed,50,25,25
E01003158,L15: Full-time students,45,45,0
E01003158,"L4, L5 and L6: Lower managerial, administrative and professional occupations",410,490,-80
E01003158,L7: Intermediate occupations,116,136,-20
E01003158,L8 and L9: Small employers and own account workers,80,81,-1
E01003159,"L1, L2 and L3: Higher managerial, administrative and professional occupations",302,99,203
E01003159,L10 and L11: Lower supervisory and technical occupations,75,67,8
E01003159,L12: Semi-routine occupations,136,127,9
E01003159,L13: Routine occupations,161,140,21
E01003159,L14.1 and L14.2: Never worked and long-term unemployed,161,94,67
E01003159,L15: Full-time students,114,130,-16
E01003159,"L4, L5 and L6: Lower managerial, administrative and professional occupations",352,269,83
E01003159,L7: Intermediate occupations,162,130,32
E01003159,L8 and L9: Small employers and own account workers,124,79,45
E01003160,"L1, L2 and L3: Higher managerial, administrative and professional occupations",151,51,100
E01003160,L10 and L11: Lower supervisory and technical occupations,56,71,-15
E01003160,L12: Semi-routine occupations,153,153,0
E01003160,L13: Routine occupations,188,147,41
E01003160,L14.1 and L14.2: Never worked and long-term unemployed,126,128,-2
E01003160,L15: Full-time students,136,149,-13
E01003160,"L4, L5 and L6: Lower managerial, administrative and professional occupations",223,164,59
E01003160,L7: Intermediate occupations,125,113,12
E01003160,L8 and L9: Small employers and own account workers,111,89,22
E01003161,"L1, L2 and L3: Higher managerial, administrative and professional occupations",387,230,157
E01003161,L10 and L11: Lower supervisory and technical occupations,31,25,6
E01003161,L12: Semi-routine occupations,52,53,-1
E01003161,L13: Routine occupations,56,46,10
E01003161,L14.1 and L14.2: Never worked and long-term unemployed,71,51,20
E01003161,L15: Full-time students,72,83,-11
E01003161,"L4, L5 and L6: Lower managerial, administrative and professional occupations",273,281,-8
E01003161,L7: Intermediate occupations,79,101,-22
E01003161,L8 and L9: Small employers and own account workers,78,61,17
E01003162,"L1, L2 and L3: Higher managerial, administrative and professional occupations",118,72,46
E01003162,L10 and L11: Lower supervisory and technical occupations,85,111,-26
E01003162,L12: Semi-routine occupations,188,242,-54
E01003162,L13: Routine occupations,301,235,66
E01003162,L14.1 and L14.2: Never worked and long-term unemployed,173,188,-15
E01003162,L15: Full-time students,143,197,-54
E01003162,"L4, L5 and L6: Lower managerial, administrative and professional occupations",245,209,36
E01003162,L7: Intermediate occupations,128,131,-3
E01003162,L8 and L9: Small employers and own account workers,141,111,30
E01003163,"L1, L2 and L3: Higher managerial, administrative and professional occupations",320,192,128
E01003163,L10 and L11: Lower supervisory and technical occupations,35,55,-20
E01003163,L12: Semi-routine occupations,78,102,-24
E01003163,L13: Routine occupations,96,47,49
E01003163,L14.1 and L14.2: Never worked and long-term unemployed,79,65,14
E01003163,L15: Full-time students,113,96,17
E01003163,"L4, L5 and L6: Lower managerial, administrative and professional occupations",341,337,4
E01003163,L7: Intermediate occupations,132,147,-15
E01003163,L8 and L9: Small employers and own account workers,134,113,21
E01003164,"L1, L2 and L3: Higher managerial, administrative and professional occupations",365,210,155
E01003164,L10 and L11: Lower supervisory and technical occupations,92,70,22
E01003164,L12: Semi-routine occupations,149,158,-9
E01003164,L13: Routine occupations,211,122,89
E01003164,L14.1 and L14.2: Never worked and long-term unemployed,131,121,10
E01003164,L15: Full-time students,204,157,47
E01003164,"L4, L5 and L6: Lower managerial, administrative and professional occupations",446,484,-38
E01003164,L7: Intermediate occupations,132,188,-56
E01003164,L8 and L9: Small employers and own account workers,169,135,34
E01003165,"L1, L2 and L3: Higher managerial, administrative and professional occupations",318,238,80
E01003165,L10 and L11: Lower supervisory and technical occupations,33,41,-8
E01003165,L12: Semi-routine occupations,84,98,-14
E01003165,L13: Routine occupations,87,57,30
E01003165,L14.1 and L14.2: Never worked and long-term unemployed,124,77,47
E01003165,L15: Full-time students,79,102,-23
E01003165,"L4, L5 and L6: Lower managerial, administrative and professional occupations",341,333,8
E01003165,L7: Intermediate occupations,110,125,-15
E01003165,L8 and L9: Small employers and own account workers,145,101,44
E01003166,"L1, L2 and L3: Higher managerial, administrative and professional occupations",441,295,146
E01003166,L10 and L11: Lower supervisory and technical occupations,83,90,-7
E01003166,L12: Semi-routine occupations,143,150,-7
E01003166,L13: Routine occupations,205,149,56
E01003166,L14.1 and L14.2: Never worked and long-term unemployed,222,125,97
E01003166,L15: Full-time students,127,136,-9
E01003166,"L4, L5 and L6: Lower managerial, administrative and professional occupations",518,493,25
E01003166,L7: Intermediate occupations,198,191,7
E01003166,L8 and L9: Small employers and own account workers,213,142,71
E01003167,"L1, L2 and L3: Higher managerial, administrative and professional occupations",445,276,169
E01003167,L10 and L11: Lower supervisory and technical occupations,26,41,-15
E01003167,L12: Semi-routine occupations,58,76,-18
E01003167,L13: Routine occupations,51,52,-1
E01003167,L14.1 and L14.2: Never worked and long-term unemployed,66,55,11
E01003167,L15: Full-time students,85,75,10
E01003167,"L4, L5 and L6: Lower managerial, administrative and professional occupations",434,451,-17
E01003167,L7: Intermediate occupations,105,129,-24
E01003167,L8 and L9: Small employers and own account workers,120,103,17
E01003168,"L1, L2 and L3: Higher managerial, administrative and professional occupations",143,80,63
E01003168,L10 and L11: Lower supervisory and technical occupations,55,59,-4
E01003168,L12: Semi-routine occupations,148,178,-30
E01003168,L13: Routine occupations,180,107,73
E01003168,L14.1 and L14.2: Never worked and long-term unemployed,166,132,34
E01003168,L15: Full-time students,113,151,-38
E01003168,"L4, L5 and L6: Lower managerial, administrative and professional occupations",249,221,28
E01003168,L7: Intermediate occupations,149,152,-3
E01003168,L8 and L9: Small employers and own account workers,148,79,69
E01003169,"L1, L2 and L3: Higher managerial, administrative and professional occupations",513,295,218
E01003169,L10 and L11: Lower supervisory and technical occupations,73,95,-22
E01003169,L12: Semi-routine occupations,123,152,-29
E01003169,L13: Routine occupations,133,129,4
E01003169,L14.1 and L14.2: Never worked and long-term unemployed,117,134,-17
E01003169,L15: Full-time students,138,160,-22
E01003169,"L4, L5 and L6: Lower managerial, administrative and professional occupations",536,604,-68
E01003169,L7: Intermediate occupations,150,208,-58
E01003169,L8 and L9: Small employers and own account workers,150,117,33
E01003170,"L1, L2 and L3: Higher managerial, administrative and professional occupations",501,321,180
E01003170,L10 and L11: Lower supervisory and technical occupations,41,30,11
E01003170,L12: Semi-routine occupations,70,81,-11
E01003170,L13: Routine occupations,46,50,-4
E01003170,L14.1 and L14.2: Never worked and long-term unemployed,68,51,17
E01003170,L15: Full-time students,94,74,20
E01003170,"L4, L5 and L6: Lower managerial, administrative and professional occupations",434,459,-25
E01003170,L7: Intermediate occupations,120,158,-38
E01003170,L8 and L9: Small employers and own account workers,125,111,14
E01003171,"L1, L2 and L3: Higher managerial, administrative and professional occupations",369,224,145
E01003171,L10 and L11: Lower supervisory and technical occupations,52,68,-16
E01003171,L12: Semi-routine occupations,96,93,3
E01003171,L13: Routine occupations,101,78,23
E01003171,L14.1 and L14.2: Never worked and long-term unemployed,75,97,-22
E01003171,L15: Full-time students,84,127,-43
E01003171,"L4, L5 and L6: Lower managerial, administrative and professional occupations",405,459,-54
E01003171,L7: Intermediate occupations,147,160,-13
E01003171,L8 and L9: Small employers and own account workers,96,101,-5
E01003172,"L1, L2 and L3: Higher managerial, administrative and professional occupations",265,144,121
E01003172,L10 and L11: Lower supervisory and technical occupations,56,71,-15
E01003172,L12: Semi-routine occupations,124,172,-48
E01003172,L13: Routine occupations,157,142,15
E01003172,L14.1 and L14.2: Never worked and long-term unemployed,146,147,-1
E01003172,L15: Full-time students,131,162,-31
E01003172,"L4, L5 and L6: Lower managerial, administrative and professional occupations",356,361,-5
E01003172,L7: Intermediate occupations,148,162,-14
E01003172,L8 and L9: Small employers and own account workers,102,99,3
E01003173,"L1, L2 and L3: Higher managerial, administrative and professional occupations",367,199,168
E01003173,L10 and L11: Lower supervisory and technical occupations,41,52,-11
E01003173,L12: Semi-routine occupations,76,111,-35
E01003173,L13: Routine occupations,108,70,38
E01003173,L14.1 and L14.2: Never worked and long-term unemployed,97,53,44
E01003173,L15: Full-time students,119,113,6
E01003173,"L4, L5 and L6: Lower managerial, administrative and professional occupations",397,442,-45
E01003173,L7: Intermediate occupations,103,149,-46
E01003173,L8 and L9: Small employers and own account workers,103,123,-20
E01003174,"L1, L2 and L3: Higher managerial, administrative and professional occupations",138,73,65
E01003174,L10 and L11: Lower supervisory and technical occupations,81,119,-38
E01003174,L12: Semi-routine occupations,168,190,-22
E01003174,L13: Routine occupations,254,187,67
E01003174,L14.1 and L14.2: Never worked and long-term unemployed,167,165,2
E01003174,L15: Full-time students,228,191,37
E01003174,"L4, L5 and L6: Lower managerial, administrative and professional occupations",274,259,15
E01003174,L7: Intermediate occupations,162,172,-10
E01003174,L8 and L9: Small employers and own account workers,145,86,59
E01003175,"L1, L2 and L3: Higher managerial, administrative and professional occupations",138,91,47
E01003175,L10 and L11: Lower supervisory and technical occupations,57,82,-25
E01003175,L12: Semi-routine occupations,146,156,-10
E01003175,L13: Routine occupations,161,125,36
E01003175,L14.1 and L14.2: Never worked and long-term unemployed,136,129,7
E01003175,L15: Full-time students,137,164,-27
E01003175,"L4, L5 and L6: Lower managerial, administrative and professional occupations",247,182,65
E01003175,L7: Intermediate occupations,136,144,-8
E01003175,L8 and L9: Small employers and own account workers,110,70,40
E01003176,"L1, L2 and L3: Higher managerial, administrative and professional occupations",172,108,64
E01003176,L10 and L11: Lower supervisory and technical occupations,76,89,-13
E01003176,L12: Semi-routine occupations,157,159,-2
E01003176,L13: Routine occupations,224,147,77
E01003176,L14.1 and L14.2: Never worked and long-term unemployed,189,162,27
E01003176,L15: Full-time students,166,148,18
E01003176,"L4, L5 and L6: Lower managerial, administrative and professional occupations",336,272,64
E01003176,L7: Intermediate occupations,113,134,-21
E01003176,L8 and L9: Small employers and own account workers,114,86,28
E01003177,"L1, L2 and L3: Higher managerial, administrative and professional occupations",357,199,158
E01003177,L10 and L11: Lower supervisory and technical occupations,42,57,-15
E01003177,L12: Semi-routine occupations,83,124,-41
E01003177,L13: Routine occupations,123,100,23
E01003177,L14.1 and L14.2: Never worked and long-term unemployed,100,93,7
E01003177,L15: Full-time students,95,125,-30
E01003177,"L4, L5 and L6: Lower managerial, administrative and professional occupations",394,422,-28
E01003177,L7: Intermediate occupations,90,113,-23
E01003177,L8 and L9: Small employers and own account workers,110,100,10
E01003178,"L1, L2 and L3: Higher managerial, administrative and professional occupations",409,255,154
E01003178,L10 and L11: Lower supervisory and technical occupations,38,60,-22
E01003178,L12: Semi-routine occupations,50,86,-36
E01003178,L13: Routine occupations,79,65,14
E01003178,L14.1 and L14.2: Never worked and long-term unemployed,76,74,2
E01003178,L15: Full-time students,65,96,-31
E01003178,"L4, L5 and L6: Lower managerial, administrative and professional occupations",425,472,-47
E01003178,L7: Intermediate occupations,99,141,-42
E01003178,L8 and L9: Small employers and own account workers,88,105,-17
E01003179,"L1, L2 and L3: Higher managerial, administrative and professional occupations",98,76,22
E01003179,L10 and L11: Lower supervisory and technical occupations,63,88,-25
E01003179,L12: Semi-routine occupations,141,158,-17
E01003179,L13: Routine occupations,250,156,94
E01003179,L14.1 and L14.2: Never worked and long-term unemployed,138,157,-19
E01003179,L15: Full-time students,137,201,-64
E01003179,"L4, L5 and L6: Lower managerial, administrative and professional occupations",201,194,7
E01003179,L7: Intermediate occupations,90,100,-10
E01003179,L8 and L9: Small employers and own account workers,113,75,38
E01003180,"L1, L2 and L3: Higher managerial, administrative and professional occupations",262,174,88
E01003180,L10 and L11: Lower supervisory and technical occupations,45,65,-20
E01003180,L12: Semi-routine occupations,110,113,-3
E01003180,L13: Routine occupations,134,85,49
E01003180,L14.1 and L14.2: Never worked and long-term unemployed,117,116,1
E01003180,L15: Full-time students,185,140,45
E01003180,"L4, L5 and L6: Lower managerial, administrative and professional occupations",326,308,18
E01003180,L7: Intermediate occupations,106,125,-19
E01003180,L8 and L9: Small employers and own account workers,89,86,3
E01003181,"L1, L2 and L3: Higher managerial, administrative and professional occupations",212,129,83
E01003181,L10 and L11: Lower supervisory and technical occupations,54,68,-14
E01003181,L12: Semi-routine occupations,120,128,-8
E01003181,L13: Routine occupations,140,98,42
E01003181,L14.1 and L14.2: Never worked and long-term unemployed,150,116,34
E01003181,L15: Full-time students,109,121,-12
E01003181,"L4, L5 and L6: Lower managerial, administrative and professional occupations",295,294,1
E01003181,L7: Intermediate occupations,130,125,5
E01003181,L8 and L9: Small employers and own account workers,121,92,29
E01003182,"L1, L2 and L3: Higher managerial, administrative and professional occupations",253,139,114
E01003182,L10 and L11: Lower supervisory and technical occupations,50,72,-22
E01003182,L12: Semi-routine occupations,111,123,-12
E01003182,L13: Routine occupations,146,132,14
E01003182,L14.1 and L14.2: Never worked and long-term unemployed,137,144,-7
E01003182,L15: Full-time students,146,203,-57
E01003182,"L4, L5 and L6: Lower managerial, administrative and professional occupations",365,357,8
E01003182,L7: Intermediate occupations,128,127,1
E01003182,L8 and L9: Small employers and own account workers,154,123,31
E01003183,"L1, L2 and L3: Higher managerial, administrative and professional occupations",168,112,56
E01003183,L10 and L11: Lower supervisory and technical occupations,67,71,-4
E01003183,L12: Semi-routine occupations,139,137,2
E01003183,L13: Routine occupations,208,110,98
E01003183,L14.1 and L14.2: Never worked and long-term unemployed,165,133,32
E01003183,L15: Full-time students,128,157,-29
E01003183,"L4, L5 and L6: Lower managerial, administrative and professional occupations",279,286,-7
E01003183,L7: Intermediate occupations,118,117,1
E01003183,L8 and L9: Small employers and own account workers,103,65,38
E01003184,"L1, L2 and L3: Higher managerial, administrative and professional occupations",158,54,104
E01003184,L10 and L11: Lower supervisory and technical occupations,37,51,-14
E01003184,L12: Semi-routine occupations,125,160,-35
E01003184,L13: Routine occupations,184,132,52
E01003184,L14.1 and L14.2: Never worked and long-term unemployed,137,136,1
E01003184,L15: Full-time students,126,146,-20
E01003184,"L4, L5 and L6: Lower managerial, administrative and professional occupations",187,156,31
E01003184,L7: Intermediate occupations,93,96,-3
E01003184,L8 and L9: Small employers and own account workers,105,48,57
E01003185,"L1, L2 and L3: Higher managerial, administrative and professional occupations",398,236,162
E01003185,L10 and L11: Lower supervisory and technical occupations,37,60,-23
E01003185,L12: Semi-routine occupations,103,105,-2
E01003185,L13: Routine occupations,215,123,92
E01003185,L14.1 and L14.2: Never worked and long-term unemployed,204,103,101
E01003185,L15: Full-time students,131,128,3
E01003185,"L4, L5 and L6: Lower managerial, administrative and professional occupations",377,402,-25
E01003185,L7: Intermediate occupations,122,119,3
E01003185,L8 and L9: Small employers and own account workers,112,67,45
E01003186,"L1, L2 and L3: Higher managerial, administrative and professional occupations",652,291,361
E01003186,L10 and L11: Lower supervisory and technical occupations,55,70,-15
E01003186,L12: Semi-routine occupations,109,113,-4
E01003186,L13: Routine occupations,133,93,40
E01003186,L14.1 and L14.2: Never worked and long-term unemployed,139,99,40
E01003186,L15: Full-time students,184,184,0
E01003186,"L4, L5 and L6: Lower managerial, administrative and professional occupations",553,509,44
E01003186,L7: Intermediate occupations,187,142,45
E01003186,L8 and L9: Small employers and own account workers,176,121,55
E01003187,"L1, L2 and L3: Higher managerial, administrative and professional occupations",517,84,433
E01003187,L10 and L11: Lower supervisory and technical occupations,47,75,-28
E01003187,L12: Semi-routine occupations,155,144,11
E01003187,L13: Routine occupations,144,134,10
E01003187,L14.1 and L14.2: Never worked and long-term unemployed,180,133,47
E01003187,L15: Full-time students,142,207,-65
E01003187,"L4, L5 and L6: Lower managerial, administrative and professional occupations",417,217,200
E01003187,L7: Intermediate occupations,169,135,34
E01003187,L8 and L9: Small employers and own account workers,135,71,64
E01003188,"L1, L2 and L3: Higher managerial, administrative and professional occupations",141,73,68
E01003188,L10 and L11: Lower supervisory and technical occupations,47,74,-27
E01003188,L12: Semi-routine occupations,116,150,-34
E01003188,L13: Routine occupations,149,101,48
E01003188,L14.1 and L14.2: Never worked and long-term unemployed,152,145,7
E01003188,L15: Full-time students,112,122,-10
E01003188,"L4, L5 and L6: Lower managerial, administrative and professional occupations",197,185,12
E01003188,L7: Intermediate occupations,98,110,-12
E01003188,L8 and L9: Small employers and own account workers,91,69,22
E01003189,"L1, L2 and L3: Higher managerial, administrative and professional occupations",88,57,31
E01003189,L10 and L11: Lower supervisory and technical occupations,70,67,3
E01003189,L12: Semi-routine occupations,174,187,-13
E01003189,L13: Routine occupations,158,131,27
E01003189,L14.1 and L14.2: Never worked and long-term unemployed,194,134,60
E01003189,L15: Full-time students,142,132,10
E01003189,"L4, L5 and L6: Lower managerial, administrative and professional occupations",251,176,75
E01003189,L7: Intermediate occupations,140,132,8
E01003189,L8 and L9: Small employers and own account workers,114,85,29
E01003190,"L1, L2 and L3: Higher managerial, administrative and professional occupations",160,66,94
E01003190,L10 and L11: Lower supervisory and technical occupations,84,81,3
E01003190,L12: Semi-routine occupations,278,236,42
E01003190,L13: Routine occupations,178,121,57
E01003190,L14.1 and L14.2: Never worked and long-term unemployed,214,147,67
E01003190,L15: Full-time students,161,131,30
E01003190,"L4, L5 and L6: Lower managerial, administrative and professional occupations",299,230,69
E01003190,L7: Intermediate occupations,176,171,5
E01003190,L8 and L9: Small employers and own account workers,170,101,69
E01003191,"L1, L2 and L3: Higher managerial, administrative and professional occupations",135,46,89
E01003191,L10 and L11: Lower supervisory and technical occupations,86,73,13
E01003191,L12: Semi-routine occupations,185,177,8
E01003191,L13: Routine occupations,144,115,29
E01003191,L14.1 and L14.2: Never worked and long-term unemployed,141,102,39
E01003191,L15: Full-time students,84,89,-5
E01003191,"L4, L5 and L6: Lower managerial, administrative and professional occupations",257,202,55
E01003191,L7: Intermediate occupations,120,150,-30
E01003191,L8 and L9: Small employers and own account workers,136,90,46
E01003192,"L1, L2 and L3: Higher managerial, administrative and professional occupations",112,48,64
E01003192,L10 and L11: Lower supervisory and technical occupations,67,89,-22
E01003192,L12: Semi-routine occupations,196,218,-22
E01003192,L13: Routine occupations,178,133,45
E01003192,L14.1 and L14.2: Never worked and long-term unemployed,229,158,71
E01003192,L15: Full-time students,152,106,46
E01003192,"L4, L5 and L6: Lower managerial, administrative and professional occupations",215,207,8
E01003192,L7: Intermediate occupations,130,128,2
E01003192,L8 and L9: Small employers and own account workers,120,77,43
E01003193,"L1, L2 and L3: Higher managerial, administrative and professional occupations",197,93,104
E01003193,L10 and L11: Lower supervisory and technical occupations,68,88,-20
E01003193,L12: Semi-routine occupations,136,156,-20
E01003193,L13: Routine occupations,113,119,-6
E01003193,L14.1 and L14.2: Never worked and long-term unemployed,149,94,55
E01003193,L15: Full-time students,117,88,29
E01003193,"L4, L5 and L6: Lower managerial, administrative and professional occupations",309,225,84
E01003193,L7: Intermediate occupations,156,171,-15
E01003193,L8 and L9: Small employers and own account workers,143,104,39
E01003194,"L1, L2 and L3: Higher managerial, administrative and professional occupations",149,84,65
E01003194,L10 and L11: Lower supervisory and technical occupations,76,72,4
E01003194,L12: Semi-routine occupations,169,203,-34
E01003194,L13: Routine occupations,156,107,49
E01003194,L14.1 and L14.2: Never worked and long-term unemployed,171,104,67
E01003194,L15: Full-time students,116,100,16
E01003194,"L4, L5 and L6: Lower managerial, administrative and professional occupations",266,250,16
E01003194,L7: Intermediate occupations,162,188,-26
E01003194,L8 and L9: Small employers and own account workers,150,110,40
E01003195,"L1, L2 and L3: Higher managerial, administrative and professional occupations",198,100,98
E01003195,L10 and L11: Lower supervisory and technical occupations,40,70,-30
E01003195,L12: Semi-routine occupations,115,113,2
E01003195,L13: Routine occupations,84,94,-10
E01003195,L14.1 and L14.2: Never worked and long-term unemployed,95,62,33
E01003195,L15: Full-time students,107,108,-1
E01003195,"L4, L5 and L6: Lower managerial, administrative and professional occupations",288,275,13
E01003195,L7: Intermediate occupations,146,185,-39
E01003195,L8 and L9: Small employers and own account workers,125,92,33
E01003196,"L1, L2 and L3: Higher managerial, administrative and professional occupations",107,68,39
E01003196,L10 and L11: Lower supervisory and technical occupations,66,70,-4
E01003196,L12: Semi-routine occupations,177,185,-8
E01003196,L13: Routine occupations,154,145,9
E01003196,L14.1 and L14.2: Never worked and long-term unemployed,183,102,81
E01003196,L15: Full-time students,122,120,2
E01003196,"L4, L5 and L6: Lower managerial, administrative and professional occupations",232,153,79
E01003196,L7: Intermediate occupations,157,184,-27
E01003196,L8 and L9: Small employers and own account workers,156,103,53
E01003197,"L1, L2 and L3: Higher managerial, administrative and professional occupations",102,62,40
E01003197,L10 and L11: Lower supervisory and technical occupations,51,70,-19
E01003197,L12: Semi-routine occupations,155,208,-53
E01003197,L13: Routine occupations,158,140,18
E01003197,L14.1 and L14.2: Never worked and long-term unemployed,210,146,64
E01003197,L15: Full-time students,138,126,12
E01003197,"L4, L5 and L6: Lower managerial, administrative and professional occupations",230,180,50
E01003197,L7: Intermediate occupations,152,141,11
E01003197,L8 and L9: Small employers and own account workers,124,83,41
E01003198,"L1, L2 and L3: Higher managerial, administrative and professional occupations",345,269,76
E01003198,L10 and L11: Lower supervisory and technical occupations,27,29,-2
E01003198,L12: Semi-routine occupations,81,83,-2
E01003198,L13: Routine occupations,56,57,-1
E01003198,L14.1 and L14.2: Never worked and long-term unemployed,71,54,17
E01003198,L15: Full-time students,79,68,11
E01003198,"L4, L5 and L6: Lower managerial, administrative and professional occupations",339,334,5
E01003198,L7: Intermediate occupations,112,83,29
E01003198,L8 and L9: Small employers and own account workers,105,74,31
E01003199,"L1, L2 and L3: Higher managerial, administrative and professional occupations",515,350,165
E01003199,L10 and L11: Lower supervisory and technical occupations,40,43,-3
E01003199,L12: Semi-routine occupations,100,83,17
E01003199,L13: Routine occupations,80,45,35
E01003199,L14.1 and L14.2: Never worked and long-term unemployed,94,55,39
E01003199,L15: Full-time students,110,90,20
E01003199,"L4, L5 and L6: Lower managerial, administrative and professional occupations",430,460,-30
E01003199,L7: Intermediate occupations,110,137,-27
E01003199,L8 and L9: Small employers and own account workers,147,95,52
E01003200,"L1, L2 and L3: Higher managerial, administrative and professional occupations",408,367,41
E01003200,L10 and L11: Lower supervisory and technical occupations,38,41,-3
E01003200,L12: Semi-routine occupations,62,57,5
E01003200,L13: Routine occupations,50,37,13
E01003200,L14.1 and L14.2: Never worked and long-term unemployed,69,25,44
E01003200,L15: Full-time students,91,91,0
E01003200,"L4, L5 and L6: Lower managerial, administrative and professional occupations",325,433,-108
E01003200,L7: Intermediate occupations,107,118,-11
E01003200,L8 and L9: Small employers and own account workers,115,82,33
E01003201,"L1, L2 and L3: Higher managerial, administrative and professional occupations",287,178,109
E01003201,L10 and L11: Lower supervisory and technical occupations,63,54,9
E01003201,L12: Semi-routine occupations,117,144,-27
E01003201,L13: Routine occupations,121,82,39
E01003201,L14.1 and L14.2: Never worked and long-term unemployed,149,93,56
E01003201,L15: Full-time students,143,131,12
E01003201,"L4, L5 and L6: Lower managerial, administrative and professional occupations",335,297,38
E01003201,L7: Intermediate occupations,105,144,-39
E01003201,L8 and L9: Small employers and own account workers,112,101,11
E01003202,"L1, L2 and L3: Higher managerial, administrative and professional occupations",381,325,56
E01003202,L10 and L11: Lower supervisory and technical occupations,34,32,2
E01003202,L12: Semi-routine occupations,50,46,4
E01003202,L13: Routine occupations,49,40,9
E01003202,L14.1 and L14.2: Never worked and long-term unemployed,51,21,30
E01003202,L15: Full-time students,47,61,-14
E01003202,"L4, L5 and L6: Lower managerial, administrative and professional occupations",444,451,-7
E01003202,L7: Intermediate occupations,137,150,-13
E01003202,L8 and L9: Small employers and own account workers,135,68,67
E01003203,"L1, L2 and L3: Higher managerial, administrative and professional occupations",238,233,5
E01003203,L10 and L11: Lower supervisory and technical occupations,68,58,10
E01003203,L12: Semi-routine occupations,167,151,16
E01003203,L13: Routine occupations,136,91,45
E01003203,L14.1 and L14.2: Never worked and long-term unemployed,196,89,107
E01003203,L15: Full-time students,138,119,19
E01003203,"L4, L5 and L6: Lower managerial, administrative and professional occupations",348,421,-73
E01003203,L7: Intermediate occupations,163,167,-4
E01003203,L8 and L9: Small employers and own account workers,149,95,54
E01003204,"L1, L2 and L3: Higher managerial, administrative and professional occupations",352,218,134
E01003204,L10 and L11: Lower supervisory and technical occupations,28,30,-2
E01003204,L12: Semi-routine occupations,95,84,11
E01003204,L13: Routine occupations,75,52,23
E01003204,L14.1 and L14.2: Never worked and long-term unemployed,107,99,8
E01003204,L15: Full-time students,128,96,32
E01003204,"L4, L5 and L6: Lower managerial, administrative and professional occupations",320,294,26
E01003204,L7: Intermediate occupations,105,109,-4
E01003204,L8 and L9: Small employers and own account workers,107,73,34
E01003205,"L1, L2 and L3: Higher managerial, administrative and professional occupations",232,56,176
E01003205,L10 and L11: Lower supervisory and technical occupations,36,33,3
E01003205,L12: Semi-routine occupations,111,153,-42
E01003205,L13: Routine occupations,100,88,12
E01003205,L14.1 and L14.2: Never worked and long-term unemployed,123,133,-10
E01003205,L15: Full-time students,128,167,-39
E01003205,"L4, L5 and L6: Lower managerial, administrative and professional occupations",225,138,87
E01003205,L7: Intermediate occupations,88,85,3
E01003205,L8 and L9: Small employers and own account workers,68,84,-16
E01003206,"L1, L2 and L3: Higher managerial, administrative and professional occupations",367,288,79
E01003206,L10 and L11: Lower supervisory and technical occupations,22,33,-11
E01003206,L12: Semi-routine occupations,66,69,-3
E01003206,L13: Routine occupations,49,48,1
E01003206,L14.1 and L14.2: Never worked and long-term unemployed,65,65,0
E01003206,L15: Full-time students,65,89,-24
E01003206,"L4, L5 and L6: Lower managerial, administrative and professional occupations",338,384,-46
E01003206,L7: Intermediate occupations,102,108,-6
E01003206,L8 and L9: Small employers and own account workers,111,125,-14
E01003207,"L1, L2 and L3: Higher managerial, administrative and professional occupations",305,51,254
E01003207,L10 and L11: Lower supervisory and technical occupations,88,58,30
E01003207,L12: Semi-routine occupations,187,159,28
E01003207,L13: Routine occupations,192,135,57
E01003207,L14.1 and L14.2: Never worked and long-term unemployed,222,102,120
E01003207,L15: Full-time students,305,208,97
E01003207,"L4, L5 and L6: Lower managerial, administrative and professional occupations",353,192,161
E01003207,L7: Intermediate occupations,160,96,64
E01003207,L8 and L9: Small employers and own account workers,154,68,86
E01003209,"L1, L2 and L3: Higher managerial, administrative and professional occupations",209,116,93
E01003209,L10 and L11: Lower supervisory and technical occupations,43,100,-57
E01003209,L12: Semi-routine occupations,132,186,-54
E01003209,L13: Routine occupations,140,100,40
E01003209,L14.1 and L14.2: Never worked and long-term unemployed,112,96,16
E01003209,L15: Full-time students,369,396,-27
E01003209,"L4, L5 and L6: Lower managerial, administrative and professional occupations",319,311,8
E01003209,L7: Intermediate occupations,111,195,-84
E01003209,L8 and L9: Small employers and own account workers,156,106,50
E01003210,"L1, L2 and L3: Higher managerial, administrative and professional occupations",324,206,118
E01003210,L10 and L11: Lower supervisory and technical occupations,44,71,-27
E01003210,L12: Semi-routine occupations,104,111,-7
E01003210,L13: Routine occupations,117,84,33
E01003210,L14.1 and L14.2: Never worked and long-term unemployed,127,98,29
E01003210,L15: Full-time students,99,185,-86
E01003210,"L4, L5 and L6: Lower managerial, administrative and professional occupations",421,443,-22
E01003210,L7: Intermediate occupations,112,142,-30
E01003210,L8 and L9: Small employers and own account workers,123,120,3
E01003211,"L1, L2 and L3: Higher managerial, administrative and professional occupations",310,228,82
E01003211,L10 and L11: Lower supervisory and technical occupations,37,56,-19
E01003211,L12: Semi-routine occupations,86,95,-9
E01003211,L13: Routine occupations,88,77,11
E01003211,L14.1 and L14.2: Never worked and long-term unemployed,77,74,3
E01003211,L15: Full-time students,103,115,-12
E01003211,"L4, L5 and L6: Lower managerial, administrative and professional occupations",393,409,-16
E01003211,L7: Intermediate occupations,131,136,-5
E01003211,L8 and L9: Small employers and own account workers,101,102,-1
E01003212,"L1, L2 and L3: Higher managerial, administrative and professional occupations",325,182,143
E01003212,L10 and L11: Lower supervisory and technical occupations,73,74,-1
E01003212,L12: Semi-routine occupations,104,150,-46
E01003212,L13: Routine occupations,139,91,48
E01003212,L14.1 and L14.2: Never worked and long-term unemployed,122,83,39
E01003212,L15: Full-time students,170,263,-93
E01003212,"L4, L5 and L6: Lower managerial, administrative and professional occupations",437,438,-1
E01003212,L7: Intermediate occupations,147,212,-65
E01003212,L8 and L9: Small employers and own account workers,169,126,43
E01003213,"L1, L2 and L3: Higher managerial, administrative and professional occupations",376,235,141
E01003213,L10 and L11: Lower supervisory and technical occupations,58,71,-13
E01003213,L12: Semi-routine occupations,88,129,-41
E01003213,L13: Routine occupations,75,76,-1
E01003213,L14.1 and L14.2: Never worked and long-term unemployed,103,83,20
E01003213,L15: Full-time students,186,229,-43
E01003213,"L4, L5 and L6: Lower managerial, administrative and professional occupations",442,513,-71
E01003213,L7: Intermediate occupations,124,143,-19
E01003213,L8 and L9: Small employers and own account workers,142,125,17
E01003214,"L1, L2 and L3: Higher managerial, administrative and professional occupations",254,135,119
E01003214,L10 and L11: Lower supervisory and technical occupations,65,81,-16
E01003214,L12: Semi-routine occupations,123,169,-46
E01003214,L13: Routine occupations,105,106,-1
E01003214,L14.1 and L14.2: Never worked and long-term unemployed,116,118,-2
E01003214,L15: Full-time students,129,178,-49
E01003214,"L4, L5 and L6: Lower managerial, administrative and professional occupations",403,345,58
E01003214,L7: Intermediate occupations,131,154,-23
E01003214,L8 and L9: Small employers and own account workers,150,90,60
E01003215,"L1, L2 and L3: Higher managerial, administrative and professional occupations",163,119,44
E01003215,L10 and L11: Lower supervisory and technical occupations,58,53,5
E01003215,L12: Semi-routine occupations,122,129,-7
E01003215,L13: Routine occupations,156,87,69
E01003215,L14.1 and L14.2: Never worked and long-term unemployed,105,75,30
E01003215,L15: Full-time students,552,643,-91
E01003215,"L4, L5 and L6: Lower managerial, administrative and professional occupations",279,328,-49
E01003215,L7: Intermediate occupations,95,127,-32
E01003215,L8 and L9: Small employers and own account workers,123,101,22
E01003216,"L1, L2 and L3: Higher managerial, administrative and professional occupations",250,149,101
E01003216,L10 and L11: Lower supervisory and technical occupations,53,56,-3
E01003216,L12: Semi-routine occupations,111,150,-39
E01003216,L13: Routine occupations,98,104,-6
E01003216,L14.1 and L14.2: Never worked and long-term unemployed,130,126,4
E01003216,L15: Full-time students,89,191,-102
E01003216,"L4, L5 and L6: Lower managerial, administrative and professional occupations",328,308,20
E01003216,L7: Intermediate occupations,150,169,-19
E01003216,L8 and L9: Small employers and own account workers,154,137,17
E01003217,"L1, L2 and L3: Higher managerial, administrative and professional occupations",233,109,124
E01003217,L10 and L11: Lower supervisory and technical occupations,53,69,-16
E01003217,L12: Semi-routine occupations,141,136,5
E01003217,L13: Routine occupations,124,80,44
E01003217,L14.1 and L14.2: Never worked and long-term unemployed,120,76,44
E01003217,L15: Full-time students,197,119,78
E01003217,"L4, L5 and L6: Lower managerial, administrative and professional occupations",307,293,14
E01003217,L7: Intermediate occupations,178,173,5
E01003217,L8 and L9: Small employers and own account workers,174,114,60
E01003218,"L1, L2 and L3: Higher managerial, administrative and professional occupations",190,105,85
E01003218,L10 and L11: Lower supervisory and technical occupations,46,59,-13
E01003218,L12: Semi-routine occupations,96,125,-29
E01003218,L13: Routine occupations,87,69,18
E01003218,L14.1 and L14.2: Never worked and long-term unemployed,108,69,39
E01003218,L15: Full-time students,121,122,-1
E01003218,"L4, L5 and L6: Lower managerial, administrative and professional occupations",307,292,15
E01003218,L7: Intermediate occupations,150,156,-6
E01003218,L8 and L9: Small employers and own account workers,127,95,32
E01003219,"L1, L2 and L3: Higher managerial, administrative and professional occupations",195,105,90
E01003219,L10 and L11: Lower supervisory and technical occupations,43,70,-27
E01003219,L12: Semi-routine occupations,127,132,-5
E01003219,L13: Routine occupations,140,88,52
E01003219,L14.1 and L14.2: Never worked and long-term unemployed,167,72,95
E01003219,L15: Full-time students,122,148,-26
E01003219,"L4, L5 and L6: Lower managerial, administrative and professional occupations",319,298,21
E01003219,L7: Intermediate occupations,166,180,-14
E01003219,L8 and L9: Small employers and own account workers,119,123,-4
E01003220,"L1, L2 and L3: Higher managerial, administrative and professional occupations",215,132,83
E01003220,L10 and L11: Lower supervisory and technical occupations,50,59,-9
E01003220,L12: Semi-routine occupations,133,147,-14
E01003220,L13: Routine occupations,135,64,71
E01003220,L14.1 and L14.2: Never worked and long-term unemployed,181,106,75
E01003220,L15: Full-time students,81,120,-39
E01003220,"L4, L5 and L6: Lower managerial, administrative and professional occupations",312,291,21
E01003220,L7: Intermediate occupations,137,148,-11
E01003220,L8 and L9: Small employers and own account workers,133,92,41
E01003221,"L1, L2 and L3: Higher managerial, administrative and professional occupations",254,148,106
E01003221,L10 and L11: Lower supervisory and technical occupations,72,69,3
E01003221,L12: Semi-routine occupations,186,164,22
E01003221,L13: Routine occupations,139,99,40
E01003221,L14.1 and L14.2: Never worked and long-term unemployed,225,140,85
E01003221,L15: Full-time students,103,149,-46
E01003221,"L4, L5 and L6: Lower managerial, administrative and professional occupations",356,335,21
E01003221,L7: Intermediate occupations,192,209,-17
E01003221,L8 and L9: Small employers and own account workers,169,115,54
E01003222,"L1, L2 and L3: Higher managerial, administrative and professional occupations",219,110,109
E01003222,L10 and L11: Lower supervisory and technical occupations,56,52,4
E01003222,L12: Semi-routine occupations,123,148,-25
E01003222,L13: Routine occupations,108,94,14
E01003222,L14.1 and L14.2: Never worked and long-term unemployed,121,112,9
E01003222,L15: Full-time students,75,137,-62
E01003222,"L4, L5 and L6: Lower managerial, administrative and professional occupations",306,272,34
E01003222,L7: Intermediate occupations,136,161,-25
E01003222,L8 and L9: Small employers and own account workers,140,95,45
E01003223,"L1, L2 and L3: Higher managerial, administrative and professional occupations",209,142,67
E01003223,L10 and L11: Lower supervisory and technical occupations,63,54,9
E01003223,L12: Semi-routine occupations,121,132,-11
E01003223,L13: Routine occupations,117,96,21
E01003223,L14.1 and L14.2: Never worked and long-term unemployed,153,86,67
E01003223,L15: Full-time students,109,149,-40
E01003223,"L4, L5 and L6: Lower managerial, administrative and professional occupations",321,279,42
E01003223,L7: Intermediate occupations,165,173,-8
E01003223,L8 and L9: Small employers and own account workers,167,138,29
E01003224,"L1, L2 and L3: Higher managerial, administrative and professional occupations",204,111,93
E01003224,L10 and L11: Lower supervisory and technical occupations,82,45,37
E01003224,L12: Semi-routine occupations,145,140,5
E01003224,L13: Routine occupations,130,83,47
E01003224,L14.1 and L14.2: Never worked and long-term unemployed,147,107,40
E01003224,L15: Full-time students,96,149,-53
E01003224,"L4, L5 and L6: Lower managerial, administrative and professional occupations",329,319,10
E01003224,L7: Intermediate occupations,109,184,-75
E01003224,L8 and L9: Small employers and own account workers,131,111,20
E01003225,"L1, L2 and L3: Higher managerial, administrative and professional occupations",317,160,157
E01003225,L10 and L11: Lower supervisory and technical occupations,44,68,-24
E01003225,L12: Semi-routine occupations,64,101,-37
E01003225,L13: Routine occupations,59,68,-9
E01003225,L14.1 and L14.2: Never worked and long-term unemployed,58,48,10
E01003225,L15: Full-time students,74,101,-27
E01003225,"L4, L5 and L6: Lower managerial, administrative and professional occupations",366,351,15
E01003225,L7: Intermediate occupations,122,138,-16
E01003225,L8 and L9: Small employers and own account workers,119,127,-8
E01003226,"L1, L2 and L3: Higher managerial, administrative and professional occupations",343,203,140
E01003226,L10 and L11: Lower supervisory and technical occupations,44,53,-9
E01003226,L12: Semi-routine occupations,84,117,-33
E01003226,L13: Routine occupations,99,82,17
E01003226,L14.1 and L14.2: Never worked and long-term unemployed,101,67,34
E01003226,L15: Full-time students,103,143,-40
E01003226,"L4, L5 and L6: Lower managerial, administrative and professional occupations",408,423,-15
E01003226,L7: Intermediate occupations,126,142,-16
E01003226,L8 and L9: Small employers and own account workers,163,135,28
E01003227,"L1, L2 and L3: Higher managerial, administrative and professional occupations",348,204,144
E01003227,L10 and L11: Lower supervisory and technical occupations,45,53,-8
E01003227,L12: Semi-routine occupations,76,99,-23
E01003227,L13: Routine occupations,58,60,-2
E01003227,L14.1 and L14.2: Never worked and long-term unemployed,70,73,-3
E01003227,L15: Full-time students,65,93,-28
E01003227,"L4, L5 and L6: Lower managerial, administrative and professional occupations",400,434,-34
E01003227,L7: Intermediate occupations,125,136,-11
E01003227,L8 and L9: Small employers and own account workers,133,125,8
E01003228,"L1, L2 and L3: Higher managerial, administrative and professional occupations",394,224,170
E01003228,L10 and L11: Lower supervisory and technical occupations,31,40,-9
E01003228,L12: Semi-routine occupations,67,85,-18
E01003228,L13: Routine occupations,48,49,-1
E01003228,L14.1 and L14.2: Never worked and long-term unemployed,50,68,-18
E01003228,L15: Full-time students,65,57,8
E01003228,"L4, L5 and L6: Lower managerial, administrative and professional occupations",387,415,-28
E01003228,L7: Intermediate occupations,111,136,-25
E01003228,L8 and L9: Small employers and own account workers,106,94,12
E01003229,"L1, L2 and L3: Higher managerial, administrative and professional occupations",200,106,94
E01003229,L10 and L11: Lower supervisory and technical occupations,61,58,3
E01003229,L12: Semi-routine occupations,143,132,11
E01003229,L13: Routine occupations,137,93,44
E01003229,L14.1 and L14.2: Never worked and long-term unemployed,132,126,6
E01003229,L15: Full-time students,96,103,-7
E01003229,"L4, L5 and L6: Lower managerial, administrative and professional occupations",306,279,27
E01003229,L7: Intermediate occupations,145,169,-24
E01003229,L8 and L9: Small employers and own account workers,135,90,45
E01003230,"L1, L2 and L3: Higher managerial, administrative and professional occupations",288,179,109
E01003230,L10 and L11: Lower supervisory and technical occupations,44,76,-32
E01003230,L12: Semi-routine occupations,157,181,-24
E01003230,L13: Routine occupations,127,91,36
E01003230,L14.1 and L14.2: Never worked and long-term unemployed,145,113,32
E01003230,L15: Full-time students,102,128,-26
E01003230,"L4, L5 and L6: Lower managerial, administrative and professional occupations",373,368,5
E01003230,L7: Intermediate occupations,173,200,-27
E01003230,L8 and L9: Small employers and own account workers,177,122,55
E01003231,"L1, L2 and L3: Higher managerial, administrative and professional occupations",267,160,107
E01003231,L10 and L11: Lower supervisory and technical occupations,59,59,0
E01003231,L12: Semi-routine occupations,90,112,-22
E01003231,L13: Routine occupations,100,75,25
E01003231,L14.1 and L14.2: Never worked and long-term unemployed,89,84,5
E01003231,L15: Full-time students,96,145,-49
E01003231,"L4, L5 and L6: Lower managerial, administrative and professional occupations",349,333,16
E01003231,L7: Intermediate occupations,103,149,-46
E01003231,L8 and L9: Small employers and own account workers,121,117,4
E01003232,"L1, L2 and L3: Higher managerial, administrative and professional occupations",326,173,153
E01003232,L10 and L11: Lower supervisory and technical occupations,48,58,-10
E01003232,L12: Semi-routine occupations,81,129,-48
E01003232,L13: Routine occupations,87,61,26
E01003232,L14.1 and L14.2: Never worked and long-term unemployed,84,64,20
E01003232,L15: Full-time students,104,123,-19
E01003232,"L4, L5 and L6: Lower managerial, administrative and professional occupations",361,372,-11
E01003232,L7: Intermediate occupations,124,174,-50
E01003232,L8 and L9: Small employers and own account workers,129,129,0
E01003233,"L1, L2 and L3: Higher managerial, administrative and professional occupations",281,147,134
E01003233,L10 and L11: Lower supervisory and technical occupations,46,51,-5
E01003233,L12: Semi-routine occupations,86,112,-26
E01003233,L13: Routine occupations,110,82,28
E01003233,L14.1 and L14.2: Never worked and long-term unemployed,119,89,30
E01003233,L15: Full-time students,175,123,52
E01003233,"L4, L5 and L6: Lower managerial, administrative and professional occupations",403,417,-14
E01003233,L7: Intermediate occupations,139,168,-29
E01003233,L8 and L9: Small employers and own account workers,130,108,22
E01003235,"L1, L2 and L3: Higher managerial, administrative and professional occupations",161,87,74
E01003235,L10 and L11: Lower supervisory and technical occupations,42,43,-1
E01003235,L12: Semi-routine occupations,110,134,-24
E01003235,L13: Routine occupations,113,88,25
E01003235,L14.1 and L14.2: Never worked and long-term unemployed,126,85,41
E01003235,L15: Full-time students,88,97,-9
E01003235,"L4, L5 and L6: Lower managerial, administrative and professional occupations",213,168,45
E01003235,L7: Intermediate occupations,115,133,-18
E01003235,L8 and L9: Small employers and own account workers,153,95,58
E01003236,"L1, L2 and L3: Higher managerial, administrative and professional occupations",109,61,48
E01003236,L10 and L11: Lower supervisory and technical occupations,77,66,11
E01003236,L12: Semi-routine occupations,176,155,21
E01003236,L13: Routine occupations,162,129,33
E01003236,L14.1 and L14.2: Never worked and long-term unemployed,154,118,36
E01003236,L15: Full-time students,106,98,8
E01003236,"L4, L5 and L6: Lower managerial, administrative and professional occupations",227,200,27
E01003236,L7: Intermediate occupations,130,126,4
E01003236,L8 and L9: Small employers and own account workers,175,108,67
E01003237,"L1, L2 and L3: Higher managerial, administrative and professional occupations",121,39,82
E01003237,L10 and L11: Lower supervisory and technical occupations,49,80,-31
E01003237,L12: Semi-routine occupations,154,187,-33
E01003237,L13: Routine occupations,179,128,51
E01003237,L14.1 and L14.2: Never worked and long-term unemployed,159,89,70
E01003237,L15: Full-time students,128,106,22
E01003237,"L4, L5 and L6: Lower managerial, administrative and professional occupations",222,181,41
E01003237,L7: Intermediate occupations,124,122,2
E01003237,L8 and L9: Small employers and own account workers,146,70,76
E01003238,"L1, L2 and L3: Higher managerial, administrative and professional occupations",92,45,47
E01003238,L10 and L11: Lower supervisory and technical occupations,70,72,-2
E01003238,L12: Semi-routine occupations,132,177,-45
E01003238,L13: Routine occupations,130,97,33
E01003238,L14.1 and L14.2: Never worked and long-term unemployed,152,104,48
E01003238,L15: Full-time students,103,86,17
E01003238,"L4, L5 and L6: Lower managerial, administrative and professional occupations",167,158,9
E01003238,L7: Intermediate occupations,131,143,-12
E01003238,L8 and L9: Small employers and own account workers,123,77,46
E01003239,"L1, L2 and L3: Higher managerial, administrative and professional occupations",86,39,47
E01003239,L10 and L11: Lower supervisory and technical occupations,70,63,7
E01003239,L12: Semi-routine occupations,156,171,-15
E01003239,L13: Routine occupations,158,109,49
E01003239,L14.1 and L14.2: Never worked and long-term unemployed,161,89,72
E01003239,L15: Full-time students,116,109,7
E01003239,"L4, L5 and L6: Lower managerial, administrative and professional occupations",179,160,19
E01003239,L7: Intermediate occupations,122,151,-29
E01003239,L8 and L9: Small employers and own account workers,142,73,69
E01003240,"L1, L2 and L3: Higher managerial, administrative and professional occupations",100,57,43
E01003240,L10 and L11: Lower supervisory and technical occupations,83,70,13
E01003240,L12: Semi-routine occupations,190,217,-27
E01003240,L13: Routine occupations,192,154,38
E01003240,L14.1 and L14.2: Never worked and long-term unemployed,241,121,120
E01003240,L15: Full-time students,169,104,65
E01003240,"L4, L5 and L6: Lower managerial, administrative and professional occupations",226,208,18
E01003240,L7: Intermediate occupations,150,197,-47
E01003240,L8 and L9: Small employers and own account workers,193,102,91
E01003241,"L1, L2 and L3: Higher managerial, administrative and professional occupations",111,73,38
E01003241,L10 and L11: Lower supervisory and technical occupations,56,55,1
E01003241,L12: Semi-routine occupations,167,157,10
E01003241,L13: Routine occupations,153,117,36
E01003241,L14.1 and L14.2: Never worked and long-term unemployed,166,131,35
E01003241,L15: Full-time students,107,103,4
E01003241,"L4, L5 and L6: Lower managerial, administrative and professional occupations",286,199,87
E01003241,L7: Intermediate occupations,165,151,14
E01003241,L8 and L9: Small employers and own account workers,143,130,13
E01003243,"L1, L2 and L3: Higher managerial, administrative and professional occupations",88,53,35
E01003243,L10 and L11: Lower supervisory and technical occupations,60,54,6
E01003243,L12: Semi-routine occupations,155,141,14
E01003243,L13: Routine occupations,161,103,58
E01003243,L14.1 and L14.2: Never worked and long-term unemployed,146,102,44
E01003243,L15: Full-time students,102,102,0
E01003243,"L4, L5 and L6: Lower managerial, administrative and professional occupations",197,151,46
E01003243,L7: Intermediate occupations,139,130,9
E01003243,L8 and L9: Small employers and own account workers,146,100,46
E01003244,"L1, L2 and L3: Higher managerial, administrative and professional occupations",147,64,83
E01003244,L10 and L11: Lower supervisory and technical occupations,86,92,-6
E01003244,L12: Semi-routine occupations,171,164,7
E01003244,L13: Routine occupations,195,116,79
E01003244,L14.1 and L14.2: Never worked and long-term unemployed,169,141,28
E01003244,L15: Full-time students,175,155,20
E01003244,"L4, L5 and L6: Lower managerial, administrative and professional occupations",256,167,89
E01003244,L7: Intermediate occupations,133,103,30
E01003244,L8 and L9: Small employers and own account workers,126,73,53
E01003245,"L1, L2 and L3: Higher managerial, administrative and professional occupations",142,67,75
E01003245,L10 and L11: Lower supervisory and technical occupations,47,63,-16
E01003245,L12: Semi-routine occupations,215,160,55
E01003245,L13: Routine occupations,142,104,38
E01003245,L14.1 and L14.2: Never worked and long-term unemployed,258,127,131
E01003245,L15: Full-time students,275,173,102
E01003245,"L4, L5 and L6: Lower managerial, administrative and professional occupations",246,172,74
E01003245,L7: Intermediate occupations,115,113,2
E01003245,L8 and L9: Small employers and own account workers,122,65,57
E01003246,"L1, L2 and L3: Higher managerial, administrative and professional occupations",395,76,319
E01003246,L10 and L11: Lower supervisory and technical occupations,59,83,-24
E01003246,L12: Semi-routine occupations,200,166,34
E01003246,L13: Routine occupations,185,111,74
E01003246,L14.1 and L14.2: Never worked and long-term unemployed,169,122,47
E01003246,L15: Full-time students,184,188,-4
E01003246,"L4, L5 and L6: Lower managerial, administrative and professional occupations",491,162,329
E01003246,L7: Intermediate occupations,173,105,68
E01003246,L8 and L9: Small employers and own account workers,133,75,58
E01003247,"L1, L2 and L3: Higher managerial, administrative and professional occupations",343,191,152
E01003247,L10 and L11: Lower supervisory and technical occupations,120,103,17
E01003247,L12: Semi-routine occupations,160,130,30
E01003247,L13: Routine occupations,152,141,11
E01003247,L14.1 and L14.2: Never worked and long-term unemployed,159,92,67
E01003247,L15: Full-time students,187,205,-18
E01003247,"L4, L5 and L6: Lower managerial, administrative and professional occupations",444,363,81
E01003247,L7: Intermediate occupations,148,146,2
E01003247,L8 and L9: Small employers and own account workers,162,105,57
E01003248,"L1, L2 and L3: Higher managerial, administrative and professional occupations",133,105,28
E01003248,L10 and L11: Lower supervisory and technical occupations,89,87,2
E01003248,L12: Semi-routine occupations,158,161,-3
E01003248,L13: Routine occupations,166,108,58
E01003248,L14.1 and L14.2: Never worked and long-term unemployed,155,147,8
E01003248,L15: Full-time students,139,151,-12
E01003248,"L4, L5 and L6: Lower managerial, administrative and professional occupations",226,212,14
E01003248,L7: Intermediate occupations,131,121,10
E01003248,L8 and L9: Small employers and own account workers,117,87,30
E01003249,"L1, L2 and L3: Higher managerial, administrative and professional occupations",272,199,73
E01003249,L10 and L11: Lower supervisory and technical occupations,84,98,-14
E01003249,L12: Semi-routine occupations,175,153,22
E01003249,L13: Routine occupations,143,127,16
E01003249,L14.1 and L14.2: Never worked and long-term unemployed,199,158,41
E01003249,L15: Full-time students,183,211,-28
E01003249,"L4, L5 and L6: Lower managerial, administrative and professional occupations",371,338,33
E01003249,L7: Intermediate occupations,192,183,9
E01003249,L8 and L9: Small employers and own account workers,131,84,47
E01003251,"L1, L2 and L3: Higher managerial, administrative and professional occupations",101,65,36
E01003251,L10 and L11: Lower supervisory and technical occupations,85,118,-33
E01003251,L12: Semi-routine occupations,170,222,-52
E01003251,L13: Routine occupations,192,153,39
E01003251,L14.1 and L14.2: Never worked and long-term unemployed,152,208,-56
E01003251,L15: Full-time students,210,211,-1
E01003251,"L4, L5 and L6: Lower managerial, administrative and professional occupations",219,199,20
E01003251,L7: Intermediate occupations,115,114,1
E01003251,L8 and L9: Small employers and own account workers,85,99,-14
E01003252,"L1, L2 and L3: Higher managerial, administrative and professional occupations",58,33,25
E01003252,L10 and L11: Lower supervisory and technical occupations,68,74,-6
E01003252,L12: Semi-routine occupations,190,178,12
E01003252,L13: Routine occupations,172,116,56
E01003252,L14.1 and L14.2: Never worked and long-term unemployed,187,189,-2
E01003252,L15: Full-time students,161,161,0
E01003252,"L4, L5 and L6: Lower managerial, administrative and professional occupations",153,114,39
E01003252,L7: Intermediate occupations,99,104,-5
E01003252,L8 and L9: Small employers and own account workers,103,69,34
E01003253,"L1, L2 and L3: Higher managerial, administrative and professional occupations",169,104,65
E01003253,L10 and L11: Lower supervisory and technical occupations,49,57,-8
E01003253,L12: Semi-routine occupations,130,139,-9
E01003253,L13: Routine occupations,131,126,5
E01003253,L14.1 and L14.2: Never worked and long-term unemployed,135,138,-3
E01003253,L15: Full-time students,141,149,-8
E01003253,"L4, L5 and L6: Lower managerial, administrative and professional occupations",249,189,60
E01003253,L7: Intermediate occupations,89,113,-24
E01003253,L8 and L9: Small employers and own account workers,104,94,10
E01003254,"L1, L2 and L3: Higher managerial, administrative and professional occupations",303,210,93
E01003254,L10 and L11: Lower supervisory and technical occupations,35,35,0
E01003254,L12: Semi-routine occupations,54,66,-12
E01003254,L13: Routine occupations,46,40,6
E01003254,L14.1 and L14.2: Never worked and long-term unemployed,62,44,18
E01003254,L15: Full-time students,68,72,-4
E01003254,"L4, L5 and L6: Lower managerial, administrative and professional occupations",353,393,-40
E01003254,L7: Intermediate occupations,83,107,-24
E01003254,L8 and L9: Small employers and own account workers,134,123,11
E01003255,"L1, L2 and L3: Higher managerial, administrative and professional occupations",387,251,136
E01003255,L10 and L11: Lower supervisory and technical occupations,57,69,-12
E01003255,L12: Semi-routine occupations,95,121,-26
E01003255,L13: Routine occupations,101,76,25
E01003255,L14.1 and L14.2: Never worked and long-term unemployed,75,87,-12
E01003255,L15: Full-time students,121,89,32
E01003255,"L4, L5 and L6: Lower managerial, administrative and professional occupations",565,555,10
E01003255,L7: Intermediate occupations,138,179,-41
E01003255,L8 and L9: Small employers and own account workers,164,142,22
E01003256,"L1, L2 and L3: Higher managerial, administrative and professional occupations",297,181,116
E01003256,L10 and L11: Lower supervisory and technical occupations,40,78,-38
E01003256,L12: Semi-routine occupations,147,155,-8
E01003256,L13: Routine occupations,142,117,25
E01003256,L14.1 and L14.2: Never worked and long-term unemployed,155,153,2
E01003256,L15: Full-time students,102,199,-97
E01003256,"L4, L5 and L6: Lower managerial, administrative and professional occupations",442,355,87
E01003256,L7: Intermediate occupations,170,185,-15
E01003256,L8 and L9: Small employers and own account workers,178,132,46
E01003257,"L1, L2 and L3: Higher managerial, administrative and professional occupations",277,150,127
E01003257,L10 and L11: Lower supervisory and technical occupations,49,57,-8
E01003257,L12: Semi-routine occupations,101,129,-28
E01003257,L13: Routine occupations,90,77,13
E01003257,L14.1 and L14.2: Never worked and long-term unemployed,89,84,5
E01003257,L15: Full-time students,87,96,-9
E01003257,"L4, L5 and L6: Lower managerial, administrative and professional occupations",345,295,50
E01003257,L7: Intermediate occupations,102,136,-34
E01003257,L8 and L9: Small employers and own account workers,127,128,-1
E01003258,"L1, L2 and L3: Higher managerial, administrative and professional occupations",128,65,63
E01003258,L10 and L11: Lower supervisory and technical occupations,54,71,-17
E01003258,L12: Semi-routine occupations,138,130,8
E01003258,L13: Routine occupations,136,98,38
E01003258,L14.1 and L14.2: Never worked and long-term unemployed,152,118,34
E01003258,L15: Full-time students,147,144,3
E01003258,"L4, L5 and L6: Lower managerial, administrative and professional occupations",214,197,17
E01003258,L7: Intermediate occupations,127,102,25
E01003258,L8 and L9: Small employers and own account workers,100,76,24
E01003259,"L1, L2 and L3: Higher managerial, administrative and professional occupations",301,200,101
E01003259,L10 and L11: Lower supervisory and technical occupations,55,57,-2
E01003259,L12: Semi-routine occupations,71,116,-45
E01003259,L13: Routine occupations,112,80,32
E01003259,L14.1 and L14.2: Never worked and long-term unemployed,93,67,26
E01003259,L15: Full-time students,81,108,-27
E01003259,"L4, L5 and L6: Lower managerial, administrative and professional occupations",385,378,7
E01003259,L7: Intermediate occupations,135,158,-23
E01003259,L8 and L9: Small employers and own account workers,136,93,43
E01003260,"L1, L2 and L3: Higher managerial, administrative and professional occupations",303,193,110
E01003260,L10 and L11: Lower supervisory and technical occupations,40,63,-23
E01003260,L12: Semi-routine occupations,92,97,-5
E01003260,L13: Routine occupations,90,62,28
E01003260,L14.1 and L14.2: Never worked and long-term unemployed,81,71,10
E01003260,L15: Full-time students,94,116,-22
E01003260,"L4, L5 and L6: Lower managerial, administrative and professional occupations",349,359,-10
E01003260,L7: Intermediate occupations,109,154,-45
E01003260,L8 and L9: Small employers and own account workers,160,131,29
E01003261,"L1, L2 and L3: Higher managerial, administrative and professional occupations",287,183,104
E01003261,L10 and L11: Lower supervisory and technical occupations,41,52,-11
E01003261,L12: Semi-routine occupations,80,81,-1
E01003261,L13: Routine occupations,62,44,18
E01003261,L14.1 and L14.2: Never worked and long-term unemployed,71,59,12
E01003261,L15: Full-time students,77,97,-20
E01003261,"L4, L5 and L6: Lower managerial, administrative and professional occupations",343,344,-1
E01003261,L7: Intermediate occupations,151,154,-3
E01003261,L8 and L9: Small employers and own account workers,125,101,24
E01003262,"L1, L2 and L3: Higher managerial, administrative and professional occupations",279,171,108
E01003262,L10 and L11: Lower supervisory and technical occupations,48,55,-7
E01003262,L12: Semi-routine occupations,95,89,6
E01003262,L13: Routine occupations,68,61,7
E01003262,L14.1 and L14.2: Never worked and long-term unemployed,80,52,28
E01003262,L15: Full-time students,64,78,-14
E01003262,"L4, L5 and L6: Lower managerial, administrative and professional occupations",384,307,77
E01003262,L7: Intermediate occupations,92,114,-22
E01003262,L8 and L9: Small employers and own account workers,122,78,44
E01003263,"L1, L2 and L3: Higher managerial, administrative and professional occupations",172,117,55
E01003263,L10 and L11: Lower supervisory and technical occupations,55,68,-13
E01003263,L12: Semi-routine occupations,153,146,7
E01003263,L13: Routine occupations,173,103,70
E01003263,L14.1 and L14.2: Never worked and long-term unemployed,149,103,46
E01003263,L15: Full-time students,109,79,30
E01003263,"L4, L5 and L6: Lower managerial, administrative and professional occupations",284,225,59
E01003263,L7: Intermediate occupations,162,162,0
E01003263,L8 and L9: Small employers and own account workers,156,135,21
E01003264,"L1, L2 and L3: Higher managerial, administrative and professional occupations",195,97,98
E01003264,L10 and L11: Lower supervisory and technical occupations,55,74,-19
E01003264,L12: Semi-routine occupations,141,132,9
E01003264,L13: Routine occupations,164,94,70
E01003264,L14.1 and L14.2: Never worked and long-term unemployed,153,82,71
E01003264,L15: Full-time students,71,103,-32
E01003264,"L4, L5 and L6: Lower managerial, administrative and professional occupations",290,279,11
E01003264,L7: Intermediate occupations,149,158,-9
E01003264,L8 and L9: Small employers and own account workers,144,121,23
E01003265,"L1, L2 and L3: Higher managerial, administrative and professional occupations",140,82,58
E01003265,L10 and L11: Lower supervisory and technical occupations,64,80,-16
E01003265,L12: Semi-routine occupations,170,147,23
E01003265,L13: Routine occupations,126,99,27
E01003265,L14.1 and L14.2: Never worked and long-term unemployed,141,117,24
E01003265,L15: Full-time students,92,114,-22
E01003265,"L4, L5 and L6: Lower managerial, administrative and professional occupations",258,239,19
E01003265,L7: Intermediate occupations,132,136,-4
E01003265,L8 and L9: Small employers and own account workers,150,104,46
E01003266,"L1, L2 and L3: Higher managerial, administrative and professional occupations",97,66,31
E01003266,L10 and L11: Lower supervisory and technical occupations,87,115,-28
E01003266,L12: Semi-routine occupations,201,239,-38
E01003266,L13: Routine occupations,172,149,23
E01003266,L14.1 and L14.2: Never worked and long-term unemployed,203,138,65
E01003266,L15: Full-time students,107,142,-35
E01003266,"L4, L5 and L6: Lower managerial, administrative and professional occupations",229,248,-19
E01003266,L7: Intermediate occupations,150,171,-21
E01003266,L8 and L9: Small employers and own account workers,132,138,-6
E01003267,"L1, L2 and L3: Higher managerial, administrative and professional occupations",107,42,65
E01003267,L10 and L11: Lower supervisory and technical occupations,57,76,-19
E01003267,L12: Semi-routine occupations,169,130,39
E01003267,L13: Routine occupations,164,113,51
E01003267,L14.1 and L14.2: Never worked and long-term unemployed,196,100,96
E01003267,L15: Full-time students,137,95,42
E01003267,"L4, L5 and L6: Lower managerial, administrative and professional occupations",237,126,111
E01003267,L7: Intermediate occupations,161,138,23
E01003267,L8 and L9: Small employers and own account workers,166,80,86
E01003268,"L1, L2 and L3: Higher managerial, administrative and professional occupations",247,125,122
E01003268,L10 and L11: Lower supervisory and technical occupations,50,73,-23
E01003268,L12: Semi-routine occupations,127,116,11
E01003268,L13: Routine occupations,124,76,48
E01003268,L14.1 and L14.2: Never worked and long-term unemployed,127,87,40
E01003268,L15: Full-time students,98,134,-36
E01003268,"L4, L5 and L6: Lower managerial, administrative and professional occupations",366,341,25
E01003268,L7: Intermediate occupations,171,193,-22
E01003268,L8 and L9: Small employers and own account workers,144,126,18
E01003269,"L1, L2 and L3: Higher managerial, administrative and professional occupations",178,137,41
E01003269,L10 and L11: Lower supervisory and technical occupations,71,62,9
E01003269,L12: Semi-routine occupations,146,143,3
E01003269,L13: Routine occupations,102,92,10
E01003269,L14.1 and L14.2: Never worked and long-term unemployed,109,83,26
E01003269,L15: Full-time students,84,107,-23
E01003269,"L4, L5 and L6: Lower managerial, administrative and professional occupations",285,295,-10
E01003269,L7: Intermediate occupations,138,135,3
E01003269,L8 and L9: Small employers and own account workers,168,114,54
E01003270,"L1, L2 and L3: Higher managerial, administrative and professional occupations",229,157,72
E01003270,L10 and L11: Lower supervisory and technical occupations,60,70,-10
E01003270,L12: Semi-routine occupations,122,138,-16
E01003270,L13: Routine occupations,77,70,7
E01003270,L14.1 and L14.2: Never worked and long-term unemployed,88,58,30
E01003270,L15: Full-time students,103,99,4
E01003270,"L4, L5 and L6: Lower managerial, administrative and professional occupations",355,343,12
E01003270,L7: Intermediate occupations,166,201,-35
E01003270,L8 and L9: Small employers and own account workers,170,128,42
E01003271,"L1, L2 and L3: Higher managerial, administrative and professional occupations",260,163,97
E01003271,L10 and L11: Lower supervisory and technical occupations,59,61,-2
E01003271,L12: Semi-routine occupations,99,138,-39
E01003271,L13: Routine occupations,106,74,32
E01003271,L14.1 and L14.2: Never worked and long-term unemployed,74,39,35
E01003271,L15: Full-time students,82,76,6
E01003271,"L4, L5 and L6: Lower managerial, administrative and professional occupations",328,343,-15
E01003271,L7: Intermediate occupations,142,218,-76
E01003271,L8 and L9: Small employers and own account workers,172,153,19
E01003272,"L1, L2 and L3: Higher managerial, administrative and professional occupations",370,202,168
E01003272,L10 and L11: Lower supervisory and technical occupations,52,84,-32
E01003272,L12: Semi-routine occupations,98,146,-48
E01003272,L13: Routine occupations,107,89,18
E01003272,L14.1 and L14.2: Never worked and long-term unemployed,108,67,41
E01003272,L15: Full-time students,147,300,-153
E01003272,"L4, L5 and L6: Lower managerial, administrative and professional occupations",484,433,51
E01003272,L7: Intermediate occupations,135,140,-5
E01003272,L8 and L9: Small employers and own account workers,147,131,16
E01003273,"L1, L2 and L3: Higher managerial, administrative and professional occupations",260,163,97
E01003273,L10 and L11: Lower supervisory and technical occupations,53,47,6
E01003273,L12: Semi-routine occupations,82,145,-63
E01003273,L13: Routine occupations,73,73,0
E01003273,L14.1 and L14.2: Never worked and long-term unemployed,99,129,-30
E01003273,L15: Full-time students,110,560,-450
E01003273,"L4, L5 and L6: Lower managerial, administrative and professional occupations",344,301,43
E01003273,L7: Intermediate occupations,114,120,-6
E01003273,L8 and L9: Small employers and own account workers,103,96,7
E01003274,"L1, L2 and L3: Higher managerial, administrative and professional occupations",277,179,98
E01003274,L10 and L11: Lower supervisory and technical occupations,48,57,-9
E01003274,L12: Semi-routine occupations,101,126,-25
E01003274,L13: Routine occupations,83,79,4
E01003274,L14.1 and L14.2: Never worked and long-term unemployed,85,84,1
E01003274,L15: Full-time students,102,129,-27
E01003274,"L4, L5 and L6: Lower managerial, administrative and professional occupations",370,415,-45
E01003274,L7: Intermediate occupations,100,153,-53
E01003274,L8 and L9: Small employers and own account workers,117,111,6
E01003275,"L1, L2 and L3: Higher managerial, administrative and professional occupations",177,93,84
E01003275,L10 and L11: Lower supervisory and technical occupations,71,62,9
E01003275,L12: Semi-routine occupations,150,138,12
E01003275,L13: Routine occupations,125,101,24
E01003275,L14.1 and L14.2: Never worked and long-term unemployed,171,116,55
E01003275,L15: Full-time students,91,162,-71
E01003275,"L4, L5 and L6: Lower managerial, administrative and professional occupations",292,271,21
E01003275,L7: Intermediate occupations,139,145,-6
E01003275,L8 and L9: Small employers and own account workers,154,108,46
E01003276,"L1, L2 and L3: Higher managerial, administrative and professional occupations",327,191,136
E01003276,L10 and L11: Lower supervisory and technical occupations,47,53,-6
E01003276,L12: Semi-routine occupations,106,143,-37
E01003276,L13: Routine occupations,85,84,1
E01003276,L14.1 and L14.2: Never worked and long-term unemployed,117,73,44
E01003276,L15: Full-time students,127,153,-26
E01003276,"L4, L5 and L6: Lower managerial, administrative and professional occupations",384,357,27
E01003276,L7: Intermediate occupations,144,191,-47
E01003276,L8 and L9: Small employers and own account workers,124,130,-6
E01003277,"L1, L2 and L3: Higher managerial, administrative and professional occupations",332,211,121
E01003277,L10 and L11: Lower supervisory and technical occupations,46,54,-8
E01003277,L12: Semi-routine occupations,103,121,-18
E01003277,L13: Routine occupations,87,57,30
E01003277,L14.1 and L14.2: Never worked and long-term unemployed,80,85,-5
E01003277,L15: Full-time students,105,141,-36
E01003277,"L4, L5 and L6: Lower managerial, administrative and professional occupations",422,454,-32
E01003277,L7: Intermediate occupations,101,133,-32
E01003277,L8 and L9: Small employers and own account workers,165,120,45
E01003278,"L1, L2 and L3: Higher managerial, administrative and professional occupations",313,186,127
E01003278,L10 and L11: Lower supervisory and technical occupations,54,121,-67
E01003278,L12: Semi-routine occupations,165,150,15
E01003278,L13: Routine occupations,161,118,43
E01003278,L14.1 and L14.2: Never worked and long-term unemployed,173,77,96
E01003278,L15: Full-time students,182,222,-40
E01003278,"L4, L5 and L6: Lower managerial, administrative and professional occupations",407,387,20
E01003278,L7: Intermediate occupations,126,178,-52
E01003278,L8 and L9: Small employers and own account workers,154,87,67
E01003279,"L1, L2 and L3: Higher managerial, administrative and professional occupations",293,178,115
E01003279,L10 and L11: Lower supervisory and technical occupations,39,60,-21
E01003279,L12: Semi-routine occupations,90,119,-29
E01003279,L13: Routine occupations,88,54,34
E01003279,L14.1 and L14.2: Never worked and long-term unemployed,67,55,12
E01003279,L15: Full-time students,91,148,-57
E01003279,"L4, L5 and L6: Lower managerial, administrative and professional occupations",352,399,-47
E01003279,L7: Intermediate occupations,93,142,-49
E01003279,L8 and L9: Small employers and own account workers,123,102,21
E01003280,"L1, L2 and L3: Higher managerial, administrative and professional occupations",179,107,72
E01003280,L10 and L11: Lower supervisory and technical occupations,53,54,-1
E01003280,L12: Semi-routine occupations,107,148,-41
E01003280,L13: Routine occupations,113,83,30
E01003280,L14.1 and L14.2: Never worked and long-term unemployed,141,95,46
E01003280,L15: Full-time students,158,122,36
E01003280,"L4, L5 and L6: Lower managerial, administrative and professional occupations",249,247,2
E01003280,L7: Intermediate occupations,122,176,-54
E01003280,L8 and L9: Small employers and own account workers,133,118,15
E01003281,"L1, L2 and L3: Higher managerial, administrative and professional occupations",274,171,103
E01003281,L10 and L11: Lower supervisory and technical occupations,50,48,2
E01003281,L12: Semi-routine occupations,73,92,-19
E01003281,L13: Routine occupations,75,63,12
E01003281,L14.1 and L14.2: Never worked and long-term unemployed,72,61,11
E01003281,L15: Full-time students,78,91,-13
E01003281,"L4, L5 and L6: Lower managerial, administrative and professional occupations",326,327,-1
E01003281,L7: Intermediate occupations,112,156,-44
E01003281,L8 and L9: Small employers and own account workers,101,106,-5
E01003282,"L1, L2 and L3: Higher managerial, administrative and professional occupations",385,262,123
E01003282,L10 and L11: Lower supervisory and technical occupations,101,113,-12
E01003282,L12: Semi-routine occupations,170,174,-4
E01003282,L13: Routine occupations,184,114,70
E01003282,L14.1 and L14.2: Never worked and long-term unemployed,174,120,54
E01003282,L15: Full-time students,141,163,-22
E01003282,"L4, L5 and L6: Lower managerial, administrative and professional occupations",523,666,-143
E01003282,L7: Intermediate occupations,161,208,-47
E01003282,L8 and L9: Small employers and own account workers,218,161,57
E01003283,"L1, L2 and L3: Higher managerial, administrative and professional occupations",474,332,142
E01003283,L10 and L11: Lower supervisory and technical occupations,46,62,-16
E01003283,L12: Semi-routine occupations,91,112,-21
E01003283,L13: Routine occupations,82,62,20
E01003283,L14.1 and L14.2: Never worked and long-term unemployed,85,58,27
E01003283,L15: Full-time students,95,115,-20
E01003283,"L4, L5 and L6: Lower managerial, administrative and professional occupations",498,549,-51
E01003283,L7: Intermediate occupations,121,141,-20
E01003283,L8 and L9: Small employers and own account workers,163,130,33
E01003284,"L1, L2 and L3: Higher managerial, administrative and professional occupations",378,215,163
E01003284,L10 and L11: Lower supervisory and technical occupations,55,75,-20
E01003284,L12: Semi-routine occupations,118,120,-2
E01003284,L13: Routine occupations,90,70,20
E01003284,L14.1 and L14.2: Never worked and long-term unemployed,122,76,46
E01003284,L15: Full-time students,93,117,-24
E01003284,"L4, L5 and L6: Lower managerial, administrative and professional occupations",384,423,-39
E01003284,L7: Intermediate occupations,140,158,-18
E01003284,L8 and L9: Small employers and own account workers,106,96,10
E01003285,"L1, L2 and L3: Higher managerial, administrative and professional occupations",275,222,53
E01003285,L10 and L11: Lower supervisory and technical occupations,59,58,1
E01003285,L12: Semi-routine occupations,92,106,-14
E01003285,L13: Routine occupations,106,60,46
E01003285,L14.1 and L14.2: Never worked and long-term unemployed,95,60,35
E01003285,L15: Full-time students,102,106,-4
E01003285,"L4, L5 and L6: Lower managerial, administrative and professional occupations",365,341,24
E01003285,L7: Intermediate occupations,154,192,-38
E01003285,L8 and L9: Small employers and own account workers,139,104,35
E01003286,"L1, L2 and L3: Higher managerial, administrative and professional occupations",138,106,32
E01003286,L10 and L11: Lower supervisory and technical occupations,68,53,15
E01003286,L12: Semi-routine occupations,156,183,-27
E01003286,L13: Routine occupations,123,102,21
E01003286,L14.1 and L14.2: Never worked and long-term unemployed,151,115,36
E01003286,L15: Full-time students,135,92,43
E01003286,"L4, L5 and L6: Lower managerial, administrative and professional occupations",302,251,51
E01003286,L7: Intermediate occupations,159,151,8
E01003286,L8 and L9: Small employers and own account workers,144,81,63
E01003287,"L1, L2 and L3: Higher managerial, administrative and professional occupations",459,306,153
E01003287,L10 and L11: Lower supervisory and technical occupations,39,47,-8
E01003287,L12: Semi-routine occupations,72,90,-18
E01003287,L13: Routine occupations,67,57,10
E01003287,L14.1 and L14.2: Never worked and long-term unemployed,82,66,16
E01003287,L15: Full-time students,78,114,-36
E01003287,"L4, L5 and L6: Lower managerial, administrative and professional occupations",434,491,-57
E01003287,L7: Intermediate occupations,115,162,-47
E01003287,L8 and L9: Small employers and own account workers,149,126,23
E01003288,"L1, L2 and L3: Higher managerial, administrative and professional occupations",239,112,127
E01003288,L10 and L11: Lower supervisory and technical occupations,93,87,6
E01003288,L12: Semi-routine occupations,191,194,-3
E01003288,L13: Routine occupations,211,126,85
E01003288,L14.1 and L14.2: Never worked and long-term unemployed,188,127,61
E01003288,L15: Full-time students,146,158,-12
E01003288,"L4, L5 and L6: Lower managerial, administrative and professional occupations",376,269,107
E01003288,L7: Intermediate occupations,188,163,25
E01003288,L8 and L9: Small employers and own account workers,158,95,63
E01003290,"L1, L2 and L3: Higher managerial, administrative and professional occupations",227,129,98
E01003290,L10 and L11: Lower supervisory and technical occupations,87,71,16
E01003290,L12: Semi-routine occupations,152,147,5
E01003290,L13: Routine occupations,209,133,76
E01003290,L14.1 and L14.2: Never worked and long-term unemployed,157,152,5
E01003290,L15: Full-time students,116,166,-50
E01003290,"L4, L5 and L6: Lower managerial, administrative and professional occupations",367,352,15
E01003290,L7: Intermediate occupations,124,136,-12
E01003290,L8 and L9: Small employers and own account workers,150,100,50
E01003291,"L1, L2 and L3: Higher managerial, administrative and professional occupations",119,79,40
E01003291,L10 and L11: Lower supervisory and technical occupations,59,79,-20
E01003291,L12: Semi-routine occupations,124,157,-33
E01003291,L13: Routine occupations,146,131,15
E01003291,L14.1 and L14.2: Never worked and long-term unemployed,184,156,28
E01003291,L15: Full-time students,125,107,18
E01003291,"L4, L5 and L6: Lower managerial, administrative and professional occupations",251,194,57
E01003291,L7: Intermediate occupations,108,99,9
E01003291,L8 and L9: Small employers and own account workers,113,67,46
E01003292,"L1, L2 and L3: Higher managerial, administrative and professional occupations",302,202,100
E01003292,L10 and L11: Lower supervisory and technical occupations,56,60,-4
E01003292,L12: Semi-routine occupations,104,127,-23
E01003292,L13: Routine occupations,164,86,78
E01003292,L14.1 and L14.2: Never worked and long-term unemployed,126,96,30
E01003292,L15: Full-time students,92,193,-101
E01003292,"L4, L5 and L6: Lower managerial, administrative and professional occupations",350,437,-87
E01003292,L7: Intermediate occupations,107,164,-57
E01003292,L8 and L9: Small employers and own account workers,148,134,14
E01003293,"L1, L2 and L3: Higher managerial, administrative and professional occupations",207,133,74
E01003293,L10 and L11: Lower supervisory and technical occupations,43,54,-11
E01003293,L12: Semi-routine occupations,133,148,-15
E01003293,L13: Routine occupations,112,89,23
E01003293,L14.1 and L14.2: Never worked and long-term unemployed,113,107,6
E01003293,L15: Full-time students,88,130,-42
E01003293,"L4, L5 and L6: Lower managerial, administrative and professional occupations",310,296,14
E01003293,L7: Intermediate occupations,120,128,-8
E01003293,L8 and L9: Small employers and own account workers,129,82,47
E01003295,"L1, L2 and L3: Higher managerial, administrative and professional occupations",244,130,114
E01003295,L10 and L11: Lower supervisory and technical occupations,65,49,16
E01003295,L12: Semi-routine occupations,123,116,7
E01003295,L13: Routine occupations,103,77,26
E01003295,L14.1 and L14.2: Never worked and long-term unemployed,185,93,92
E01003295,L15: Full-time students,79,156,-77
E01003295,"L4, L5 and L6: Lower managerial, administrative and professional occupations",357,219,138
E01003295,L7: Intermediate occupations,121,92,29
E01003295,L8 and L9: Small employers and own account workers,150,94,56
E01003297,"L1, L2 and L3: Higher managerial, administrative and professional occupations",183,105,78
E01003297,L10 and L11: Lower supervisory and technical occupations,96,99,-3
E01003297,L12: Semi-routine occupations,180,180,0
E01003297,L13: Routine occupations,178,101,77
E01003297,L14.1 and L14.2: Never worked and long-term unemployed,171,105,66
E01003297,L15: Full-time students,128,139,-11
E01003297,"L4, L5 and L6: Lower managerial, administrative and professional occupations",254,240,14
E01003297,L7: Intermediate occupations,95,130,-35
E01003297,L8 and L9: Small employers and own account workers,114,71,43
E01003298,"L1, L2 and L3: Higher managerial, administrative and professional occupations",94,72,22
E01003298,L10 and L11: Lower supervisory and technical occupations,49,54,-5
E01003298,L12: Semi-routine occupations,127,134,-7
E01003298,L13: Routine occupations,107,81,26
E01003298,L14.1 and L14.2: Never worked and long-term unemployed,127,124,3
E01003298,L15: Full-time students,140,168,-28
E01003298,"L4, L5 and L6: Lower managerial, administrative and professional occupations",194,148,46
E01003298,L7: Intermediate occupations,114,114,0
E01003298,L8 and L9: Small employers and own account workers,82,55,27
E01003299,"L1, L2 and L3: Higher managerial, administrative and professional occupations",216,99,117
E01003299,L10 and L11: Lower supervisory and technical occupations,55,44,11
E01003299,L12: Semi-routine occupations,125,132,-7
E01003299,L13: Routine occupations,200,141,59
E01003299,L14.1 and L14.2: Never worked and long-term unemployed,148,138,10
E01003299,L15: Full-time students,218,221,-3
E01003299,"L4, L5 and L6: Lower managerial, administrative and professional occupations",297,249,48
E01003299,L7: Intermediate occupations,124,120,4
E01003299,L8 and L9: Small employers and own account workers,141,94,47
E01003300,"L1, L2 and L3: Higher managerial, administrative and professional occupations",110,53,57
E01003300,L10 and L11: Lower supervisory and technical occupations,51,60,-9
E01003300,L12: Semi-routine occupations,125,164,-39
E01003300,L13: Routine occupations,162,109,53
E01003300,L14.1 and L14.2: Never worked and long-term unemployed,172,151,21
E01003300,L15: Full-time students,138,141,-3
E01003300,"L4, L5 and L6: Lower managerial, administrative and professional occupations",208,166,42
E01003300,L7: Intermediate occupations,93,95,-2
E01003300,L8 and L9: Small employers and own account workers,130,73,57
E01003301,"L1, L2 and L3: Higher managerial, administrative and professional occupations",334,171,163
E01003301,L10 and L11: Lower supervisory and technical occupations,117,99,18
E01003301,L12: Semi-routine occupations,170,162,8
E01003301,L13: Routine occupations,200,139,61
E01003301,L14.1 and L14.2: Never worked and long-term unemployed,200,102,98
E01003301,L15: Full-time students,384,471,-87
E01003301,"L4, L5 and L6: Lower managerial, administrative and professional occupations",495,307,188
E01003301,L7: Intermediate occupations,158,184,-26
E01003301,L8 and L9: Small employers and own account workers,162,132,30
E01003302,"L1, L2 and L3: Higher managerial, administrative and professional occupations",159,73,86
E01003302,L10 and L11: Lower supervisory and technical occupations,82,86,-4
E01003302,L12: Semi-routine occupations,183,183,0
E01003302,L13: Routine occupations,198,109,89
E01003302,L14.1 and L14.2: Never worked and long-term unemployed,186,128,58
E01003302,L15: Full-time students,167,146,21
E01003302,"L4, L5 and L6: Lower managerial, administrative and professional occupations",268,206,62
E01003302,L7: Intermediate occupations,137,130,7
E01003302,L8 and L9: Small employers and own account workers,112,90,22
E01003303,"L1, L2 and L3: Higher managerial, administrative and professional occupations",147,67,80
E01003303,L10 and L11: Lower supervisory and technical occupations,73,84,-11
E01003303,L12: Semi-routine occupations,141,149,-8
E01003303,L13: Routine occupations,176,130,46
E01003303,L14.1 and L14.2: Never worked and long-term unemployed,131,132,-1
E01003303,L15: Full-time students,259,318,-59
E01003303,"L4, L5 and L6: Lower managerial, administrative and professional occupations",271,168,103
E01003303,L7: Intermediate occupations,131,97,34
E01003303,L8 and L9: Small employers and own account workers,139,82,57
E01003304,"L1, L2 and L3: Higher managerial, administrative and professional occupations",312,112,200
E01003304,L10 and L11: Lower supervisory and technical occupations,88,117,-29
E01003304,L12: Semi-routine occupations,152,194,-42
E01003304,L13: Routine occupations,181,140,41
E01003304,L14.1 and L14.2: Never worked and long-term unemployed,183,162,21
E01003304,L15: Full-time students,189,243,-54
E01003304,"L4, L5 and L6: Lower managerial, administrative and professional occupations",481,323,158
E01003304,L7: Intermediate occupations,169,143,26
E01003304,L8 and L9: Small employers and own account workers,166,100,66
E01003305,"L1, L2 and L3: Higher managerial, administrative and professional occupations",233,78,155
E01003305,L10 and L11: Lower supervisory and technical occupations,51,54,-3
E01003305,L12: Semi-routine occupations,175,127,48
E01003305,L13: Routine occupations,170,101,69
E01003305,L14.1 and L14.2: Never worked and long-term unemployed,173,91,82
E01003305,L15: Full-time students,311,168,143
E01003305,"L4, L5 and L6: Lower managerial, administrative and professional occupations",365,186,179
E01003305,L7: Intermediate occupations,137,124,13
E01003305,L8 and L9: Small employers and own account workers,141,60,81
E01003307,"L1, L2 and L3: Higher managerial, administrative and professional occupations",270,148,122
E01003307,L10 and L11: Lower supervisory and technical occupations,51,61,-10
E01003307,L12: Semi-routine occupations,111,133,-22
E01003307,L13: Routine occupations,91,67,24
E01003307,L14.1 and L14.2: Never worked and long-term unemployed,93,64,29
E01003307,L15: Full-time students,81,85,-4
E01003307,"L4, L5 and L6: Lower managerial, administrative and professional occupations",355,328,27
E01003307,L7: Intermediate occupations,114,140,-26
E01003307,L8 and L9: Small employers and own account workers,125,99,26
E01003308,"L1, L2 and L3: Higher managerial, administrative and professional occupations",283,193,90
E01003308,L10 and L11: Lower supervisory and technical occupations,64,68,-4
E01003308,L12: Semi-routine occupations,98,129,-31
E01003308,L13: Routine occupations,90,112,-22
E01003308,L14.1 and L14.2: Never worked and long-term unemployed,131,115,16
E01003308,L15: Full-time students,105,130,-25
E01003308,"L4, L5 and L6: Lower managerial, administrative and professional occupations",374,362,12
E01003308,L7: Intermediate occupations,145,151,-6
E01003308,L8 and L9: Small employers and own account workers,147,99,48
E01003309,"L1, L2 and L3: Higher managerial, administrative and professional occupations",197,92,105
E01003309,L10 and L11: Lower supervisory and technical occupations,55,62,-7
E01003309,L12: Semi-routine occupations,108,158,-50
E01003309,L13: Routine occupations,148,94,54
E01003309,L14.1 and L14.2: Never worked and long-term unemployed,151,100,51
E01003309,L15: Full-time students,97,119,-22
E01003309,"L4, L5 and L6: Lower managerial, administrative and professional occupations",252,204,48
E01003309,L7: Intermediate occupations,122,129,-7
E01003309,L8 and L9: Small employers and own account workers,123,101,22
E01003310,"L1, L2 and L3: Higher managerial, administrative and professional occupations",272,125,147
E01003310,L10 and L11: Lower supervisory and technical occupations,41,63,-22
E01003310,L12: Semi-routine occupations,88,125,-37
E01003310,L13: Routine occupations,95,83,12
E01003310,L14.1 and L14.2: Never worked and long-term unemployed,156,108,48
E01003310,L15: Full-time students,92,134,-42
E01003310,"L4, L5 and L6: Lower managerial, administrative and professional occupations",365,344,21
E01003310,L7: Intermediate occupations,120,144,-24
E01003310,L8 and L9: Small employers and own account workers,114,104,10
E01003311,"L1, L2 and L3: Higher managerial, administrative and professional occupations",259,167,92
E01003311,L10 and L11: Lower supervisory and technical occupations,47,57,-10
E01003311,L12: Semi-routine occupations,101,98,3
E01003311,L13: Routine occupations,64,71,-7
E01003311,L14.1 and L14.2: Never worked and long-term unemployed,102,58,44
E01003311,L15: Full-time students,69,98,-29
E01003311,"L4, L5 and L6: Lower managerial, administrative and professional occupations",335,343,-8
E01003311,L7: Intermediate occupations,128,146,-18
E01003311,L8 and L9: Small employers and own account workers,134,112,22
E01003312,"L1, L2 and L3: Higher managerial, administrative and professional occupations",315,167,148
E01003312,L10 and L11: Lower supervisory and technical occupations,46,61,-15
E01003312,L12: Semi-routine occupations,88,140,-52
E01003312,L13: Routine occupations,116,76,40
E01003312,L14.1 and L14.2: Never worked and long-term unemployed,80,81,-1
E01003312,L15: Full-time students,80,95,-15
E01003312,"L4, L5 and L6: Lower managerial, administrative and professional occupations",378,441,-63
E01003312,L7: Intermediate occupations,153,183,-30
E01003312,L8 and L9: Small employers and own account workers,141,100,41
E01003313,"L1, L2 and L3: Higher managerial, administrative and professional occupations",146,89,57
E01003313,L10 and L11: Lower supervisory and technical occupations,48,45,3
E01003313,L12: Semi-routine occupations,117,143,-26
E01003313,L13: Routine occupations,78,84,-6
E01003313,L14.1 and L14.2: Never worked and long-term unemployed,126,105,21
E01003313,L15: Full-time students,112,112,0
E01003313,"L4, L5 and L6: Lower managerial, administrative and professional occupations",274,258,16
E01003313,L7: Intermediate occupations,112,140,-28
E01003313,L8 and L9: Small employers and own account workers,164,92,72
E01003314,"L1, L2 and L3: Higher managerial, administrative and professional occupations",314,195,119
E01003314,L10 and L11: Lower supervisory and technical occupations,49,41,8
E01003314,L12: Semi-routine occupations,73,103,-30
E01003314,L13: Routine occupations,69,68,1
E01003314,L14.1 and L14.2: Never worked and long-term unemployed,60,67,-7
E01003314,L15: Full-time students,73,76,-3
E01003314,"L4, L5 and L6: Lower managerial, administrative and professional occupations",363,402,-39
E01003314,L7: Intermediate occupations,110,156,-46
E01003314,L8 and L9: Small employers and own account workers,124,116,8
E01003315,"L1, L2 and L3: Higher managerial, administrative and professional occupations",244,162,82
E01003315,L10 and L11: Lower supervisory and technical occupations,43,35,8
E01003315,L12: Semi-routine occupations,77,96,-19
E01003315,L13: Routine occupations,66,49,17
E01003315,L14.1 and L14.2: Never worked and long-term unemployed,69,74,-5
E01003315,L15: Full-time students,65,69,-4
E01003315,"L4, L5 and L6: Lower managerial, administrative and professional occupations",307,309,-2
E01003315,L7: Intermediate occupations,101,113,-12
E01003315,L8 and L9: Small employers and own account workers,113,97,16
E01003316,"L1, L2 and L3: Higher managerial, administrative and professional occupations",288,162,126
E01003316,L10 and L11: Lower supervisory and technical occupations,33,49,-16
E01003316,L12: Semi-routine occupations,79,93,-14
E01003316,L13: Routine occupations,74,59,15
E01003316,L14.1 and L14.2: Never worked and long-term unemployed,68,61,7
E01003316,L15: Full-time students,74,87,-13
E01003316,"L4, L5 and L6: Lower managerial, administrative and professional occupations",354,333,21
E01003316,L7: Intermediate occupations,108,157,-49
E01003316,L8 and L9: Small employers and own account workers,121,108,13
E01003318,"L1, L2 and L3: Higher managerial, administrative and professional occupations",177,91,86
E01003318,L10 and L11: Lower supervisory and technical occupations,86,74,12
E01003318,L12: Semi-routine occupations,181,163,18
E01003318,L13: Routine occupations,171,92,79
E01003318,L14.1 and L14.2: Never worked and long-term unemployed,293,181,112
E01003318,L15: Full-time students,180,151,29
E01003318,"L4, L5 and L6: Lower managerial, administrative and professional occupations",293,260,33
E01003318,L7: Intermediate occupations,129,116,13
E01003318,L8 and L9: Small employers and own account workers,171,135,36
E01003319,"L1, L2 and L3: Higher managerial, administrative and professional occupations",160,113,47
E01003319,L10 and L11: Lower supervisory and technical occupations,78,85,-7
E01003319,L12: Semi-routine occupations,206,193,13
E01003319,L13: Routine occupations,158,89,69
E01003319,L14.1 and L14.2: Never worked and long-term unemployed,174,116,58
E01003319,L15: Full-time students,127,166,-39
E01003319,"L4, L5 and L6: Lower managerial, administrative and professional occupations",268,237,31
E01003319,L7: Intermediate occupations,146,167,-21
E01003319,L8 and L9: Small employers and own account workers,133,119,14
E01003320,"L1, L2 and L3: Higher managerial, administrative and professional occupations",165,72,93
E01003320,L10 and L11: Lower supervisory and technical occupations,57,58,-1
E01003320,L12: Semi-routine occupations,158,144,14
E01003320,L13: Routine occupations,151,103,48
E01003320,L14.1 and L14.2: Never worked and long-term unemployed,112,121,-9
E01003320,L15: Full-time students,119,130,-11
E01003320,"L4, L5 and L6: Lower managerial, administrative and professional occupations",265,203,62
E01003320,L7: Intermediate occupations,137,164,-27
E01003320,L8 and L9: Small employers and own account workers,119,93,26
E01003321,"L1, L2 and L3: Higher managerial, administrative and professional occupations",228,116,112
E01003321,L10 and L11: Lower supervisory and technical occupations,67,111,-44
E01003321,L12: Semi-routine occupations,132,187,-55
E01003321,L13: Routine occupations,136,119,17
E01003321,L14.1 and L14.2: Never worked and long-term unemployed,135,123,12
E01003321,L15: Full-time students,79,133,-54
E01003321,"L4, L5 and L6: Lower managerial, administrative and professional occupations",365,324,41
E01003321,L7: Intermediate occupations,128,167,-39
E01003321,L8 and L9: Small employers and own account workers,152,175,-23
E01003322,"L1, L2 and L3: Higher managerial, administrative and professional occupations",187,103,84
E01003322,L10 and L11: Lower supervisory and technical occupations,61,53,8
E01003322,L12: Semi-routine occupations,114,121,-7
E01003322,L13: Routine occupations,135,88,47
E01003322,L14.1 and L14.2: Never worked and long-term unemployed,129,81,48
E01003322,L15: Full-time students,87,143,-56
E01003322,"L4, L5 and L6: Lower managerial, administrative and professional occupations",347,243,104
E01003322,L7: Intermediate occupations,129,134,-5
E01003322,L8 and L9: Small employers and own account workers,162,112,50
E01003323,"L1, L2 and L3: Higher managerial, administrative and professional occupations",194,105,89
E01003323,L10 and L11: Lower supervisory and technical occupations,62,66,-4
E01003323,L12: Semi-routine occupations,135,129,6
E01003323,L13: Routine occupations,130,79,51
E01003323,L14.1 and L14.2: Never worked and long-term unemployed,126,109,17
E01003323,L15: Full-time students,63,145,-82
E01003323,"L4, L5 and L6: Lower managerial, administrative and professional occupations",321,275,46
E01003323,L7: Intermediate occupations,100,140,-40
E01003323,L8 and L9: Small employers and own account workers,116,83,33
E01003324,"L1, L2 and L3: Higher managerial, administrative and professional occupations",121,67,54
E01003324,L10 and L11: Lower supervisory and technical occupations,62,64,-2
E01003324,L12: Semi-routine occupations,159,169,-10
E01003324,L13: Routine occupations,162,108,54
E01003324,L14.1 and L14.2: Never worked and long-term unemployed,182,128,54
E01003324,L15: Full-time students,95,125,-30
E01003324,"L4, L5 and L6: Lower managerial, administrative and professional occupations",210,209,1
E01003324,L7: Intermediate occupations,109,111,-2
E01003324,L8 and L9: Small employers and own account workers,184,115,69
E01003325,"L1, L2 and L3: Higher managerial, administrative and professional occupations",182,111,71
E01003325,L10 and L11: Lower supervisory and technical occupations,59,81,-22
E01003325,L12: Semi-routine occupations,199,141,58
E01003325,L13: Routine occupations,154,101,53
E01003325,L14.1 and L14.2: Never worked and long-term unemployed,116,139,-23
E01003325,L15: Full-time students,122,127,-5
E01003325,"L4, L5 and L6: Lower managerial, administrative and professional occupations",272,265,7
E01003325,L7: Intermediate occupations,156,150,6
E01003325,L8 and L9: Small employers and own account workers,155,110,45
E01003326,"L1, L2 and L3: Higher managerial, administrative and professional occupations",225,105,120
E01003326,L10 and L11: Lower supervisory and technical occupations,42,67,-25
E01003326,L12: Semi-routine occupations,122,127,-5
E01003326,L13: Routine occupations,119,78,41
E01003326,L14.1 and L14.2: Never worked and long-term unemployed,145,76,69
E01003326,L15: Full-time students,53,116,-63
E01003326,"L4, L5 and L6: Lower managerial, administrative and professional occupations",350,265,85
E01003326,L7: Intermediate occupations,157,151,6
E01003326,L8 and L9: Small employers and own account workers,161,70,91
E01003327,"L1, L2 and L3: Higher managerial, administrative and professional occupations",279,202,77
E01003327,L10 and L11: Lower supervisory and technical occupations,35,68,-33
E01003327,L12: Semi-routine occupations,104,123,-19
E01003327,L13: Routine occupations,83,77,6
E01003327,L14.1 and L14.2: Never worked and long-term unemployed,96,88,8
E01003327,L15: Full-time students,82,255,-173
E01003327,"L4, L5 and L6: Lower managerial, administrative and professional occupations",368,351,17
E01003327,L7: Intermediate occupations,126,131,-5
E01003327,L8 and L9: Small employers and own account workers,165,113,52
E01003328,"L1, L2 and L3: Higher managerial, administrative and professional occupations",296,188,108
E01003328,L10 and L11: Lower supervisory and technical occupations,52,66,-14
E01003328,L12: Semi-routine occupations,112,123,-11
E01003328,L13: Routine occupations,108,84,24
E01003328,L14.1 and L14.2: Never worked and long-term unemployed,154,103,51
E01003328,L15: Full-time students,83,86,-3
E01003328,"L4, L5 and L6: Lower managerial, administrative and professional occupations",377,375,2
E01003328,L7: Intermediate occupations,153,169,-16
E01003328,L8 and L9: Small employers and own account workers,151,117,34
E01003329,"L1, L2 and L3: Higher managerial, administrative and professional occupations",243,145,98
E01003329,L10 and L11: Lower supervisory and technical occupations,44,58,-14
E01003329,L12: Semi-routine occupations,105,114,-9
E01003329,L13: Routine occupations,93,66,27
E01003329,L14.1 and L14.2: Never worked and long-term unemployed,76,72,4
E01003329,L15: Full-time students,91,99,-8
E01003329,"L4, L5 and L6: Lower managerial, administrative and professional occupations",381,338,43
E01003329,L7: Intermediate occupations,139,179,-40
E01003329,L8 and L9: Small employers and own account workers,120,130,-10
E01003330,"L1, L2 and L3: Higher managerial, administrative and professional occupations",190,98,92
E01003330,L10 and L11: Lower supervisory and technical occupations,49,76,-27
E01003330,L12: Semi-routine occupations,124,134,-10
E01003330,L13: Routine occupations,124,96,28
E01003330,L14.1 and L14.2: Never worked and long-term unemployed,112,109,3
E01003330,L15: Full-time students,95,78,17
E01003330,"L4, L5 and L6: Lower managerial, administrative and professional occupations",225,192,33
E01003330,L7: Intermediate occupations,138,153,-15
E01003330,L8 and L9: Small employers and own account workers,132,85,47
E01003331,"L1, L2 and L3: Higher managerial, administrative and professional occupations",205,99,106
E01003331,L10 and L11: Lower supervisory and technical occupations,37,50,-13
E01003331,L12: Semi-routine occupations,123,133,-10
E01003331,L13: Routine occupations,123,81,42
E01003331,L14.1 and L14.2: Never worked and long-term unemployed,150,88,62
E01003331,L15: Full-time students,105,91,14
E01003331,"L4, L5 and L6: Lower managerial, administrative and professional occupations",270,227,43
E01003331,L7: Intermediate occupations,115,138,-23
E01003331,L8 and L9: Small employers and own account workers,111,90,21
E01003332,"L1, L2 and L3: Higher managerial, administrative and professional occupations",205,158,47
E01003332,L10 and L11: Lower supervisory and technical occupations,58,50,8
E01003332,L12: Semi-routine occupations,117,123,-6
E01003332,L13: Routine occupations,119,98,21
E01003332,L14.1 and L14.2: Never worked and long-term unemployed,118,87,31
E01003332,L15: Full-time students,99,93,6
E01003332,"L4, L5 and L6: Lower managerial, administrative and professional occupations",309,275,34
E01003332,L7: Intermediate occupations,133,139,-6
E01003332,L8 and L9: Small employers and own account workers,113,92,21
E01003333,"L1, L2 and L3: Higher managerial, administrative and professional occupations",192,106,86
E01003333,L10 and L11: Lower supervisory and technical occupations,54,50,4
E01003333,L12: Semi-routine occupations,132,140,-8
E01003333,L13: Routine occupations,113,66,47
E01003333,L14.1 and L14.2: Never worked and long-term unemployed,119,81,38
E01003333,L15: Full-time students,84,156,-72
E01003333,"L4, L5 and L6: Lower managerial, administrative and professional occupations",313,317,-4
E01003333,L7: Intermediate occupations,130,161,-31
E01003333,L8 and L9: Small employers and own account workers,106,96,10
E01003334,"L1, L2 and L3: Higher managerial, administrative and professional occupations",231,164,67
E01003334,L10 and L11: Lower supervisory and technical occupations,68,80,-12
E01003334,L12: Semi-routine occupations,129,166,-37
E01003334,L13: Routine occupations,134,89,45
E01003334,L14.1 and L14.2: Never worked and long-term unemployed,140,105,35
E01003334,L15: Full-time students,126,76,50
E01003334,"L4, L5 and L6: Lower managerial, administrative and professional occupations",336,296,40
E01003334,L7: Intermediate occupations,152,174,-22
E01003334,L8 and L9: Small employers and own account workers,143,104,39
E01003335,"L1, L2 and L3: Higher managerial, administrative and professional occupations",151,97,54
E01003335,L10 and L11: Lower supervisory and technical occupations,61,49,12
E01003335,L12: Semi-routine occupations,142,130,12
E01003335,L13: Routine occupations,105,84,21
E01003335,L14.1 and L14.2: Never worked and long-term unemployed,140,108,32
E01003335,L15: Full-time students,108,105,3
E01003335,"L4, L5 and L6: Lower managerial, administrative and professional occupations",225,244,-19
E01003335,L7: Intermediate occupations,129,113,16
E01003335,L8 and L9: Small employers and own account workers,121,82,39
E01003336,"L1, L2 and L3: Higher managerial, administrative and professional occupations",116,53,63
E01003336,L10 and L11: Lower supervisory and technical occupations,51,55,-4
E01003336,L12: Semi-routine occupations,147,140,7
E01003336,L13: Routine occupations,176,123,53
E01003336,L14.1 and L14.2: Never worked and long-term unemployed,156,113,43
E01003336,L15: Full-time students,114,139,-25
E01003336,"L4, L5 and L6: Lower managerial, administrative and professional occupations",201,154,47
E01003336,L7: Intermediate occupations,107,130,-23
E01003336,L8 and L9: Small employers and own account workers,117,57,60
E01003337,"L1, L2 and L3: Higher managerial, administrative and professional occupations",74,40,34
E01003337,L10 and L11: Lower supervisory and technical occupations,48,72,-24
E01003337,L12: Semi-routine occupations,135,184,-49
E01003337,L13: Routine occupations,142,98,44
E01003337,L14.1 and L14.2: Never worked and long-term unemployed,162,120,42
E01003337,L15: Full-time students,125,127,-2
E01003337,"L4, L5 and L6: Lower managerial, administrative and professional occupations",187,171,16
E01003337,L7: Intermediate occupations,131,154,-23
E01003337,L8 and L9: Small employers and own account workers,94,115,-21
E01003338,"L1, L2 and L3: Higher managerial, administrative and professional occupations",171,63,108
E01003338,L10 and L11: Lower supervisory and technical occupations,105,101,4
E01003338,L12: Semi-routine occupations,177,193,-16
E01003338,L13: Routine occupations,253,137,116
E01003338,L14.1 and L14.2: Never worked and long-term unemployed,221,193,28
E01003338,L15: Full-time students,177,199,-22
E01003338,"L4, L5 and L6: Lower managerial, administrative and professional occupations",294,215,79
E01003338,L7: Intermediate occupations,144,143,1
E01003338,L8 and L9: Small employers and own account workers,112,84,28
E01003339,"L1, L2 and L3: Higher managerial, administrative and professional occupations",223,151,72
E01003339,L10 and L11: Lower supervisory and technical occupations,57,82,-25
E01003339,L12: Semi-routine occupations,148,136,12
E01003339,L13: Routine occupations,157,100,57
E01003339,L14.1 and L14.2: Never worked and long-term unemployed,126,93,33
E01003339,L15: Full-time students,148,244,-96
E01003339,"L4, L5 and L6: Lower managerial, administrative and professional occupations",307,302,5
E01003339,L7: Intermediate occupations,97,117,-20
E01003339,L8 and L9: Small employers and own account workers,150,145,5
E01003340,"L1, L2 and L3: Higher managerial, administrative and professional occupations",347,184,163
E01003340,L10 and L11: Lower supervisory and technical occupations,54,54,0
E01003340,L12: Semi-routine occupations,140,112,28
E01003340,L13: Routine occupations,155,104,51
E01003340,L14.1 and L14.2: Never worked and long-term unemployed,104,84,20
E01003340,L15: Full-time students,232,323,-91
E01003340,"L4, L5 and L6: Lower managerial, administrative and professional occupations",487,463,24
E01003340,L7: Intermediate occupations,144,174,-30
E01003340,L8 and L9: Small employers and own account workers,182,121,61
E01003341,"L1, L2 and L3: Higher managerial, administrative and professional occupations",283,208,75
E01003341,L10 and L11: Lower supervisory and technical occupations,30,54,-24
E01003341,L12: Semi-routine occupations,64,79,-15
E01003341,L13: Routine occupations,100,56,44
E01003341,L14.1 and L14.2: Never worked and long-term unemployed,74,56,18
E01003341,L15: Full-time students,88,159,-71
E01003341,"L4, L5 and L6: Lower managerial, administrative and professional occupations",332,342,-10
E01003341,L7: Intermediate occupations,101,100,1
E01003341,L8 and L9: Small employers and own account workers,106,123,-17
E01003342,"L1, L2 and L3: Higher managerial, administrative and professional occupations",314,172,142
E01003342,L10 and L11: Lower supervisory and technical occupations,35,74,-39
E01003342,L12: Semi-routine occupations,88,120,-32
E01003342,L13: Routine occupations,112,74,38
E01003342,L14.1 and L14.2: Never worked and long-term unemployed,82,87,-5
E01003342,L15: Full-time students,92,127,-35
E01003342,"L4, L5 and L6: Lower managerial, administrative and professional occupations",413,393,20
E01003342,L7: Intermediate occupations,129,162,-33
E01003342,L8 and L9: Small employers and own account workers,105,98,7
E01003343,"L1, L2 and L3: Higher managerial, administrative and professional occupations",237,119,118
E01003343,L10 and L11: Lower supervisory and technical occupations,43,45,-2
E01003343,L12: Semi-routine occupations,72,93,-21
E01003343,L13: Routine occupations,89,79,10
E01003343,L14.1 and L14.2: Never worked and long-term unemployed,87,82,5
E01003343,L15: Full-time students,101,141,-40
E01003343,"L4, L5 and L6: Lower managerial, administrative and professional occupations",329,291,38
E01003343,L7: Intermediate occupations,117,103,14
E01003343,L8 and L9: Small employers and own account workers,134,107,27
E01003344,"L1, L2 and L3: Higher managerial, administrative and professional occupations",254,195,59
E01003344,L10 and L11: Lower supervisory and technical occupations,47,59,-12
E01003344,L12: Semi-routine occupations,108,134,-26
E01003344,L13: Routine occupations,110,87,23
E01003344,L14.1 and L14.2: Never worked and long-term unemployed,114,90,24
E01003344,L15: Full-time students,132,237,-105
E01003344,"L4, L5 and L6: Lower managerial, administrative and professional occupations",393,349,44
E01003344,L7: Intermediate occupations,115,132,-17
E01003344,L8 and L9: Small employers and own account workers,126,121,5
E01003345,"L1, L2 and L3: Higher managerial, administrative and professional occupations",299,188,111
E01003345,L10 and L11: Lower supervisory and technical occupations,48,60,-12
E01003345,L12: Semi-routine occupations,95,131,-36
E01003345,L13: Routine occupations,106,89,17
E01003345,L14.1 and L14.2: Never worked and long-term unemployed,124,123,1
E01003345,L15: Full-time students,129,169,-40
E01003345,"L4, L5 and L6: Lower managerial, administrative and professional occupations",425,385,40
E01003345,L7: Intermediate occupations,145,175,-30
E01003345,L8 and L9: Small employers and own account workers,180,106,74
E01003346,"L1, L2 and L3: Higher managerial, administrative and professional occupations",109,53,56
E01003346,L10 and L11: Lower supervisory and technical occupations,64,86,-22
E01003346,L12: Semi-routine occupations,187,148,39
E01003346,L13: Routine occupations,151,122,29
E01003346,L14.1 and L14.2: Never worked and long-term unemployed,180,101,79
E01003346,L15: Full-time students,111,131,-20
E01003346,"L4, L5 and L6: Lower managerial, administrative and professional occupations",250,196,54
E01003346,L7: Intermediate occupations,158,139,19
E01003346,L8 and L9: Small employers and own account workers,153,85,68
E01003347,"L1, L2 and L3: Higher managerial, administrative and professional occupations",60,45,15
E01003347,L10 and L11: Lower supervisory and technical occupations,45,54,-9
E01003347,L12: Semi-routine occupations,187,223,-36
E01003347,L13: Routine occupations,149,127,22
E01003347,L14.1 and L14.2: Never worked and long-term unemployed,231,182,49
E01003347,L15: Full-time students,160,127,33
E01003347,"L4, L5 and L6: Lower managerial, administrative and professional occupations",160,162,-2
E01003347,L7: Intermediate occupations,139,114,25
E01003347,L8 and L9: Small employers and own account workers,114,78,36
E01003348,"L1, L2 and L3: Higher managerial, administrative and professional occupations",145,72,73
E01003348,L10 and L11: Lower supervisory and technical occupations,58,69,-11
E01003348,L12: Semi-routine occupations,182,143,39
E01003348,L13: Routine occupations,145,98,47
E01003348,L14.1 and L14.2: Never worked and long-term unemployed,164,93,71
E01003348,L15: Full-time students,139,115,24
E01003348,"L4, L5 and L6: Lower managerial, administrative and professional occupations",240,175,65
E01003348,L7: Intermediate occupations,166,143,23
E01003348,L8 and L9: Small employers and own account workers,158,119,39
E01003349,"L1, L2 and L3: Higher managerial, administrative and professional occupations",91,56,35
E01003349,L10 and L11: Lower supervisory and technical occupations,69,68,1
E01003349,L12: Semi-routine occupations,159,136,23
E01003349,L13: Routine occupations,124,98,26
E01003349,L14.1 and L14.2: Never worked and long-term unemployed,121,107,14
E01003349,L15: Full-time students,125,112,13
E01003349,"L4, L5 and L6: Lower managerial, administrative and professional occupations",188,152,36
E01003349,L7: Intermediate occupations,102,110,-8
E01003349,L8 and L9: Small employers and own account workers,156,82,74
E01003350,"L1, L2 and L3: Higher managerial, administrative and professional occupations",76,43,33
E01003350,L10 and L11: Lower supervisory and technical occupations,43,66,-23
E01003350,L12: Semi-routine occupations,155,151,4
E01003350,L13: Routine occupations,130,116,14
E01003350,L14.1 and L14.2: Never worked and long-term unemployed,116,96,20
E01003350,L15: Full-time students,142,103,39
E01003350,"L4, L5 and L6: Lower managerial, administrative and professional occupations",166,167,-1
E01003350,L7: Intermediate occupations,103,107,-4
E01003350,L8 and L9: Small employers and own account workers,118,93,25
E01003351,"L1, L2 and L3: Higher managerial, administrative and professional occupations",98,44,54
E01003351,L10 and L11: Lower supervisory and technical occupations,89,66,23
E01003351,L12: Semi-routine occupations,189,159,30
E01003351,L13: Routine occupations,151,108,43
E01003351,L14.1 and L14.2: Never worked and long-term unemployed,152,89,63
E01003351,L15: Full-time students,125,92,33
E01003351,"L4, L5 and L6: Lower managerial, administrative and professional occupations",202,166,36
E01003351,L7: Intermediate occupations,128,131,-3
E01003351,L8 and L9: Small employers and own account workers,133,90,43
E01003352,"L1, L2 and L3: Higher managerial, administrative and professional occupations",149,74,75
E01003352,L10 and L11: Lower supervisory and technical occupations,69,85,-16
E01003352,L12: Semi-routine occupations,212,193,19
E01003352,L13: Routine occupations,199,128,71
E01003352,L14.1 and L14.2: Never worked and long-term unemployed,244,144,100
E01003352,L15: Full-time students,181,123,58
E01003352,"L4, L5 and L6: Lower managerial, administrative and professional occupations",298,218,80
E01003352,L7: Intermediate occupations,190,163,27
E01003352,L8 and L9: Small employers and own account workers,187,121,66
E01003353,"L1, L2 and L3: Higher managerial, administrative and professional occupations",162,94,68
E01003353,L10 and L11: Lower supervisory and technical occupations,70,73,-3
E01003353,L12: Semi-routine occupations,139,166,-27
E01003353,L13: Routine occupations,115,101,14
E01003353,L14.1 and L14.2: Never worked and long-term unemployed,117,95,22
E01003353,L15: Full-time students,115,120,-5
E01003353,"L4, L5 and L6: Lower managerial, administrative and professional occupations",303,231,72
E01003353,L7: Intermediate occupations,181,202,-21
E01003353,L8 and L9: Small employers and own account workers,210,163,47
E01003354,"L1, L2 and L3: Higher managerial, administrative and professional occupations",190,119,71
E01003354,L10 and L11: Lower supervisory and technical occupations,62,73,-11
E01003354,L12: Semi-routine occupations,134,140,-6
E01003354,L13: Routine occupations,144,83,61
E01003354,L14.1 and L14.2: Never worked and long-term unemployed,157,93,64
E01003354,L15: Full-time students,154,133,21
E01003354,"L4, L5 and L6: Lower managerial, administrative and professional occupations",344,292,52
E01003354,L7: Intermediate occupations,159,162,-3
E01003354,L8 and L9: Small employers and own account workers,230,107,123
E01003355,"L1, L2 and L3: Higher managerial, administrative and professional occupations",506,374,132
E01003355,L10 and L11: Lower supervisory and technical occupations,37,44,-7
E01003355,L12: Semi-routine occupations,73,62,11
E01003355,L13: Routine occupations,92,37,55
E01003355,L14.1 and L14.2: Never worked and long-term unemployed,60,37,23
E01003355,L15: Full-time students,62,57,5
E01003355,"L4, L5 and L6: Lower managerial, administrative and professional occupations",422,443,-21
E01003355,L7: Intermediate occupations,138,158,-20
E01003355,L8 and L9: Small employers and own account workers,130,90,40
E01003356,"L1, L2 and L3: Higher managerial, administrative and professional occupations",453,343,110
E01003356,L10 and L11: Lower supervisory and technical occupations,42,44,-2
E01003356,L12: Semi-routine occupations,83,83,0
E01003356,L13: Routine occupations,54,35,19
E01003356,L14.1 and L14.2: Never worked and long-term unemployed,65,45,20
E01003356,L15: Full-time students,91,102,-11
E01003356,"L4, L5 and L6: Lower managerial, administrative and professional occupations",373,443,-70
E01003356,L7: Intermediate occupations,130,154,-24
E01003356,L8 and L9: Small employers and own account workers,172,105,67
E01003357,"L1, L2 and L3: Higher managerial, administrative and professional occupations",152,131,21
E01003357,L10 and L11: Lower supervisory and technical occupations,61,85,-24
E01003357,L12: Semi-routine occupations,196,193,3
E01003357,L13: Routine occupations,164,122,42
E01003357,L14.1 and L14.2: Never worked and long-term unemployed,174,121,53
E01003357,L15: Full-time students,132,156,-24
E01003357,"L4, L5 and L6: Lower managerial, administrative and professional occupations",243,266,-23
E01003357,L7: Intermediate occupations,149,163,-14
E01003357,L8 and L9: Small employers and own account workers,148,121,27
E01003358,"L1, L2 and L3: Higher managerial, administrative and professional occupations",503,455,48
E01003358,L10 and L11: Lower supervisory and technical occupations,37,39,-2
E01003358,L12: Semi-routine occupations,67,71,-4
E01003358,L13: Routine occupations,53,52,1
E01003358,L14.1 and L14.2: Never worked and long-term unemployed,81,57,24
E01003358,L15: Full-time students,75,104,-29
E01003358,"L4, L5 and L6: Lower managerial, administrative and professional occupations",390,496,-106
E01003358,L7: Intermediate occupations,140,151,-11
E01003358,L8 and L9: Small employers and own account workers,157,96,61
E01003359,"L1, L2 and L3: Higher managerial, administrative and professional occupations",380,265,115
E01003359,L10 and L11: Lower supervisory and technical occupations,29,59,-30
E01003359,L12: Semi-routine occupations,95,89,6
E01003359,L13: Routine occupations,101,76,25
E01003359,L14.1 and L14.2: Never worked and long-term unemployed,112,65,47
E01003359,L15: Full-time students,74,107,-33
E01003359,"L4, L5 and L6: Lower managerial, administrative and professional occupations",377,423,-46
E01003359,L7: Intermediate occupations,129,167,-38
E01003359,L8 and L9: Small employers and own account workers,165,105,60
E01003360,"L1, L2 and L3: Higher managerial, administrative and professional occupations",494,376,118
E01003360,L10 and L11: Lower supervisory and technical occupations,32,29,3
E01003360,L12: Semi-routine occupations,66,68,-2
E01003360,L13: Routine occupations,68,41,27
E01003360,L14.1 and L14.2: Never worked and long-term unemployed,53,28,25
E01003360,L15: Full-time students,69,70,-1
E01003360,"L4, L5 and L6: Lower managerial, administrative and professional occupations",452,471,-19
E01003360,L7: Intermediate occupations,108,151,-43
E01003360,L8 and L9: Small employers and own account workers,129,125,4
E01003361,"L1, L2 and L3: Higher managerial, administrative and professional occupations",245,163,82
E01003361,L10 and L11: Lower supervisory and technical occupations,57,54,3
E01003361,L12: Semi-routine occupations,116,114,2
E01003361,L13: Routine occupations,99,87,12
E01003361,L14.1 and L14.2: Never worked and long-term unemployed,96,55,41
E01003361,L15: Full-time students,90,126,-36
E01003361,"L4, L5 and L6: Lower managerial, administrative and professional occupations",280,331,-51
E01003361,L7: Intermediate occupations,144,173,-29
E01003361,L8 and L9: Small employers and own account workers,200,149,51
E01003362,"L1, L2 and L3: Higher managerial, administrative and professional occupations",244,136,108
E01003362,L10 and L11: Lower supervisory and technical occupations,37,40,-3
E01003362,L12: Semi-routine occupations,78,91,-13
E01003362,L13: Routine occupations,60,50,10
E01003362,L14.1 and L14.2: Never worked and long-term unemployed,59,40,19
E01003362,L15: Full-time students,81,93,-12
E01003362,"L4, L5 and L6: Lower managerial, administrative and professional occupations",292,253,39
E01003362,L7: Intermediate occupations,148,160,-12
E01003362,L8 and L9: Small employers and own account workers,128,134,-6
E01003363,"L1, L2 and L3: Higher managerial, administrative and professional occupations",264,137,127
E01003363,L10 and L11: Lower supervisory and technical occupations,44,66,-22
E01003363,L12: Semi-routine occupations,107,96,11
E01003363,L13: Routine occupations,79,65,14
E01003363,L14.1 and L14.2: Never worked and long-term unemployed,88,47,41
E01003363,L15: Full-time students,91,102,-11
E01003363,"L4, L5 and L6: Lower managerial, administrative and professional occupations",297,298,-1
E01003363,L7: Intermediate occupations,176,213,-37
E01003363,L8 and L9: Small employers and own account workers,181,146,35
E01003364,"L1, L2 and L3: Higher managerial, administrative and professional occupations",273,174,99
E01003364,L10 and L11: Lower supervisory and technical occupations,68,85,-17
E01003364,L12: Semi-routine occupations,129,103,26
E01003364,L13: Routine occupations,86,81,5
E01003364,L14.1 and L14.2: Never worked and long-term unemployed,88,33,55
E01003364,L15: Full-time students,112,98,14
E01003364,"L4, L5 and L6: Lower managerial, administrative and professional occupations",336,304,32
E01003364,L7: Intermediate occupations,189,243,-54
E01003364,L8 and L9: Small employers and own account workers,182,151,31
E01003365,"L1, L2 and L3: Higher managerial, administrative and professional occupations",245,137,108
E01003365,L10 and L11: Lower supervisory and technical occupations,46,54,-8
E01003365,L12: Semi-routine occupations,74,90,-16
E01003365,L13: Routine occupations,72,60,12
E01003365,L14.1 and L14.2: Never worked and long-term unemployed,75,55,20
E01003365,L15: Full-time students,82,111,-29
E01003365,"L4, L5 and L6: Lower managerial, administrative and professional occupations",290,256,34
E01003365,L7: Intermediate occupations,129,162,-33
E01003365,L8 and L9: Small employers and own account workers,181,120,61
E01003366,"L1, L2 and L3: Higher managerial, administrative and professional occupations",261,160,101
E01003366,L10 and L11: Lower supervisory and technical occupations,57,69,-12
E01003366,L12: Semi-routine occupations,121,141,-20
E01003366,L13: Routine occupations,132,101,31
E01003366,L14.1 and L14.2: Never worked and long-term unemployed,113,52,61
E01003366,L15: Full-time students,89,88,1
E01003366,"L4, L5 and L6: Lower managerial, administrative and professional occupations",309,285,24
E01003366,L7: Intermediate occupations,146,158,-12
E01003366,L8 and L9: Small employers and own account workers,199,124,75
E01003368,"L1, L2 and L3: Higher managerial, administrative and professional occupations",217,119,98
E01003368,L10 and L11: Lower supervisory and technical occupations,48,85,-37
E01003368,L12: Semi-routine occupations,121,173,-52
E01003368,L13: Routine occupations,114,111,3
E01003368,L14.1 and L14.2: Never worked and long-term unemployed,130,105,25
E01003368,L15: Full-time students,101,133,-32
E01003368,"L4, L5 and L6: Lower managerial, administrative and professional occupations",283,239,44
E01003368,L7: Intermediate occupations,144,128,16
E01003368,L8 and L9: Small employers and own account workers,238,161,77
E01003369,"L1, L2 and L3: Higher managerial, administrative and professional occupations",338,251,87
E01003369,L10 and L11: Lower supervisory and technical occupations,63,81,-18
E01003369,L12: Semi-routine occupations,87,115,-28
E01003369,L13: Routine occupations,102,106,-4
E01003369,L14.1 and L14.2: Never worked and long-term unemployed,75,55,20
E01003369,L15: Full-time students,82,106,-24
E01003369,"L4, L5 and L6: Lower managerial, administrative and professional occupations",381,388,-7
E01003369,L7: Intermediate occupations,125,175,-50
E01003369,L8 and L9: Small employers and own account workers,162,133,29
E01003370,"L1, L2 and L3: Higher managerial, administrative and professional occupations",352,247,105
E01003370,L10 and L11: Lower supervisory and technical occupations,74,87,-13
E01003370,L12: Semi-routine occupations,139,146,-7
E01003370,L13: Routine occupations,114,117,-3
E01003370,L14.1 and L14.2: Never worked and long-term unemployed,106,77,29
E01003370,L15: Full-time students,109,181,-72
E01003370,"L4, L5 and L6: Lower managerial, administrative and professional occupations",443,458,-15
E01003370,L7: Intermediate occupations,142,193,-51
E01003370,L8 and L9: Small employers and own account workers,208,162,46
E01003371,"L1, L2 and L3: Higher managerial, administrative and professional occupations",295,190,105
E01003371,L10 and L11: Lower supervisory and technical occupations,56,78,-22
E01003371,L12: Semi-routine occupations,98,98,0
E01003371,L13: Routine occupations,104,76,28
E01003371,L14.1 and L14.2: Never worked and long-term unemployed,89,47,42
E01003371,L15: Full-time students,101,157,-56
E01003371,"L4, L5 and L6: Lower managerial, administrative and professional occupations",346,354,-8
E01003371,L7: Intermediate occupations,131,150,-19
E01003371,L8 and L9: Small employers and own account workers,147,124,23
E01003372,"L1, L2 and L3: Higher managerial, administrative and professional occupations",173,108,65
E01003372,L10 and L11: Lower supervisory and technical occupations,43,70,-27
E01003372,L12: Semi-routine occupations,170,164,6
E01003372,L13: Routine occupations,139,112,27
E01003372,L14.1 and L14.2: Never worked and long-term unemployed,167,112,55
E01003372,L15: Full-time students,108,143,-35
E01003372,"L4, L5 and L6: Lower managerial, administrative and professional occupations",299,217,82
E01003372,L7: Intermediate occupations,121,134,-13
E01003372,L8 and L9: Small employers and own account workers,169,115,54
E01003373,"L1, L2 and L3: Higher managerial, administrative and professional occupations",70,49,21
E01003373,L10 and L11: Lower supervisory and technical occupations,62,66,-4
E01003373,L12: Semi-routine occupations,172,180,-8
E01003373,L13: Routine occupations,161,116,45
E01003373,L14.1 and L14.2: Never worked and long-term unemployed,138,125,13
E01003373,L15: Full-time students,105,118,-13
E01003373,"L4, L5 and L6: Lower managerial, administrative and professional occupations",194,136,58
E01003373,L7: Intermediate occupations,130,128,2
E01003373,L8 and L9: Small employers and own account workers,145,98,47
E01003374,"L1, L2 and L3: Higher managerial, administrative and professional occupations",151,69,82
E01003374,L10 and L11: Lower supervisory and technical occupations,47,44,3
E01003374,L12: Semi-routine occupations,167,142,25
E01003374,L13: Routine occupations,162,90,72
E01003374,L14.1 and L14.2: Never worked and long-term unemployed,203,145,58
E01003374,L15: Full-time students,89,91,-2
E01003374,"L4, L5 and L6: Lower managerial, administrative and professional occupations",262,196,66
E01003374,L7: Intermediate occupations,169,122,47
E01003374,L8 and L9: Small employers and own account workers,173,101,72
E01003375,"L1, L2 and L3: Higher managerial, administrative and professional occupations",133,87,46
E01003375,L10 and L11: Lower supervisory and technical occupations,87,87,0
E01003375,L12: Semi-routine occupations,148,133,15
E01003375,L13: Routine occupations,157,117,40
E01003375,L14.1 and L14.2: Never worked and long-term unemployed,166,82,84
E01003375,L15: Full-time students,103,110,-7
E01003375,"L4, L5 and L6: Lower managerial, administrative and professional occupations",266,250,16
E01003375,L7: Intermediate occupations,175,167,8
E01003375,L8 and L9: Small employers and own account workers,205,146,59
E01003376,"L1, L2 and L3: Higher managerial, administrative and professional occupations",118,59,59
E01003376,L10 and L11: Lower supervisory and technical occupations,66,87,-21
E01003376,L12: Semi-routine occupations,164,186,-22
E01003376,L13: Routine occupations,175,136,39
E01003376,L14.1 and L14.2: Never worked and long-term unemployed,138,118,20
E01003376,L15: Full-time students,94,148,-54
E01003376,"L4, L5 and L6: Lower managerial, administrative and professional occupations",230,191,39
E01003376,L7: Intermediate occupations,106,126,-20
E01003376,L8 and L9: Small employers and own account workers,169,137,32
E01003377,"L1, L2 and L3: Higher managerial, administrative and professional occupations",77,39,38
E01003377,L10 and L11: Lower supervisory and technical occupations,62,63,-1
E01003377,L12: Semi-routine occupations,167,176,-9
E01003377,L13: Routine occupations,153,133,20
E01003377,L14.1 and L14.2: Never worked and long-term unemployed,199,154,45
E01003377,L15: Full-time students,150,169,-19
E01003377,"L4, L5 and L6: Lower managerial, administrative and professional occupations",161,134,27
E01003377,L7: Intermediate occupations,135,136,-1
E01003377,L8 and L9: Small employers and own account workers,167,105,62
E01003378,"L1, L2 and L3: Higher managerial, administrative and professional occupations",154,103,51
E01003378,L10 and L11: Lower supervisory and technical occupations,83,97,-14
E01003378,L12: Semi-routine occupations,205,205,0
E01003378,L13: Routine occupations,200,159,41
E01003378,L14.1 and L14.2: Never worked and long-term unemployed,160,131,29
E01003378,L15: Full-time students,146,164,-18
E01003378,"L4, L5 and L6: Lower managerial, administrative and professional occupations",335,258,77
E01003378,L7: Intermediate occupations,168,165,3
E01003378,L8 and L9: Small employers and own account workers,288,160,128
E01003379,"L1, L2 and L3: Higher managerial, administrative and professional occupations",99,51,48
E01003379,L10 and L11: Lower supervisory and technical occupations,69,92,-23
E01003379,L12: Semi-routine occupations,219,195,24
E01003379,L13: Routine occupations,220,171,49
E01003379,L14.1 and L14.2: Never worked and long-term unemployed,209,157,52
E01003379,L15: Full-time students,162,125,37
E01003379,"L4, L5 and L6: Lower managerial, administrative and professional occupations",209,185,24
E01003379,L7: Intermediate occupations,149,138,11
E01003379,L8 and L9: Small employers and own account workers,201,107,94
E01003380,"L1, L2 and L3: Higher managerial, administrative and professional occupations",434,307,127
E01003380,L10 and L11: Lower supervisory and technical occupations,30,63,-33
E01003380,L12: Semi-routine occupations,69,83,-14
E01003380,L13: Routine occupations,54,62,-8
E01003380,L14.1 and L14.2: Never worked and long-term unemployed,56,30,26
E01003380,L15: Full-time students,56,73,-17
E01003380,"L4, L5 and L6: Lower managerial, administrative and professional occupations",351,377,-26
E01003380,L7: Intermediate occupations,131,168,-37
E01003380,L8 and L9: Small employers and own account workers,145,101,44
E01003381,"L1, L2 and L3: Higher managerial, administrative and professional occupations",411,250,161
E01003381,L10 and L11: Lower supervisory and technical occupations,30,51,-21
E01003381,L12: Semi-routine occupations,57,47,10
E01003381,L13: Routine occupations,65,30,35
E01003381,L14.1 and L14.2: Never worked and long-term unemployed,60,25,35
E01003381,L15: Full-time students,50,37,13
E01003381,"L4, L5 and L6: Lower managerial, administrative and professional occupations",368,370,-2
E01003381,L7: Intermediate occupations,115,135,-20
E01003381,L8 and L9: Small employers and own account workers,139,74,65
E01003382,"L1, L2 and L3: Higher managerial, administrative and professional occupations",461,317,144
E01003382,L10 and L11: Lower supervisory and technical occupations,38,54,-16
E01003382,L12: Semi-routine occupations,70,81,-11
E01003382,L13: Routine occupations,46,39,7
E01003382,L14.1 and L14.2: Never worked and long-term unemployed,54,34,20
E01003382,L15: Full-time students,57,59,-2
E01003382,"L4, L5 and L6: Lower managerial, administrative and professional occupations",389,481,-92
E01003382,L7: Intermediate occupations,134,177,-43
E01003382,L8 and L9: Small employers and own account workers,140,113,27
E01003383,"L1, L2 and L3: Higher managerial, administrative and professional occupations",445,392,53
E01003383,L10 and L11: Lower supervisory and technical occupations,35,39,-4
E01003383,L12: Semi-routine occupations,60,58,2
E01003383,L13: Routine occupations,51,30,21
E01003383,L14.1 and L14.2: Never worked and long-term unemployed,52,31,21
E01003383,L15: Full-time students,82,78,4
E01003383,"L4, L5 and L6: Lower managerial, administrative and professional occupations",388,432,-44
E01003383,L7: Intermediate occupations,88,129,-41
E01003383,L8 and L9: Small employers and own account workers,133,85,48
E01003384,"L1, L2 and L3: Higher managerial, administrative and professional occupations",493,391,102
E01003384,L10 and L11: Lower supervisory and technical occupations,43,39,4
E01003384,L12: Semi-routine occupations,33,54,-21
E01003384,L13: Routine occupations,44,33,11
E01003384,L14.1 and L14.2: Never worked and long-term unemployed,42,29,13
E01003384,L15: Full-time students,67,87,-20
E01003384,"L4, L5 and L6: Lower managerial, administrative and professional occupations",388,392,-4
E01003384,L7: Intermediate occupations,116,116,0
E01003384,L8 and L9: Small employers and own account workers,117,65,52
E01003385,"L1, L2 and L3: Higher managerial, administrative and professional occupations",489,373,116
E01003385,L10 and L11: Lower supervisory and technical occupations,23,32,-9
E01003385,L12: Semi-routine occupations,30,44,-14
E01003385,L13: Routine occupations,39,30,9
E01003385,L14.1 and L14.2: Never worked and long-term unemployed,56,33,23
E01003385,L15: Full-time students,72,79,-7
E01003385,"L4, L5 and L6: Lower managerial, administrative and professional occupations",302,380,-78
E01003385,L7: Intermediate occupations,98,128,-30
E01003385,L8 and L9: Small employers and own account workers,102,94,8
E01003386,"L1, L2 and L3: Higher managerial, administrative and professional occupations",143,91,52
E01003386,L10 and L11: Lower supervisory and technical occupations,93,83,10
E01003386,L12: Semi-routine occupations,209,212,-3
E01003386,L13: Routine occupations,181,145,36
E01003386,L14.1 and L14.2: Never worked and long-term unemployed,191,141,50
E01003386,L15: Full-time students,179,223,-44
E01003386,"L4, L5 and L6: Lower managerial, administrative and professional occupations",303,261,42
E01003386,L7: Intermediate occupations,167,200,-33
E01003386,L8 and L9: Small employers and own account workers,311,195,116
E01003387,"L1, L2 and L3: Higher managerial, administrative and professional occupations",152,66,86
E01003387,L10 and L11: Lower supervisory and technical occupations,80,85,-5
E01003387,L12: Semi-routine occupations,188,159,29
E01003387,L13: Routine occupations,188,132,56
E01003387,L14.1 and L14.2: Never worked and long-term unemployed,191,121,70
E01003387,L15: Full-time students,129,127,2
E01003387,"L4, L5 and L6: Lower managerial, administrative and professional occupations",297,187,110
E01003387,L7: Intermediate occupations,193,167,26
E01003387,L8 and L9: Small employers and own account workers,207,118,89
E01003388,"L1, L2 and L3: Higher managerial, administrative and professional occupations",107,53,54
E01003388,L10 and L11: Lower supervisory and technical occupations,75,86,-11
E01003388,L12: Semi-routine occupations,181,159,22
E01003388,L13: Routine occupations,181,119,62
E01003388,L14.1 and L14.2: Never worked and long-term unemployed,166,95,71
E01003388,L15: Full-time students,123,127,-4
E01003388,"L4, L5 and L6: Lower managerial, administrative and professional occupations",234,186,48
E01003388,L7: Intermediate occupations,145,162,-17
E01003388,L8 and L9: Small employers and own account workers,182,75,107
E01003389,"L1, L2 and L3: Higher managerial, administrative and professional occupations",127,78,49
E01003389,L10 and L11: Lower supervisory and technical occupations,76,98,-22
E01003389,L12: Semi-routine occupations,176,173,3
E01003389,L13: Routine occupations,155,121,34
E01003389,L14.1 and L14.2: Never worked and long-term unemployed,169,119,50
E01003389,L15: Full-time students,115,157,-42
E01003389,"L4, L5 and L6: Lower managerial, administrative and professional occupations",265,251,14
E01003389,L7: Intermediate occupations,125,143,-18
E01003389,L8 and L9: Small employers and own account workers,236,148,88
E01003390,"L1, L2 and L3: Higher managerial, administrative and professional occupations",83,42,41
E01003390,L10 and L11: Lower supervisory and technical occupations,60,75,-15
E01003390,L12: Semi-routine occupations,200,211,-11
E01003390,L13: Routine occupations,204,178,26
E01003390,L14.1 and L14.2: Never worked and long-term unemployed,162,150,12
E01003390,L15: Full-time students,147,138,9
E01003390,"L4, L5 and L6: Lower managerial, administrative and professional occupations",186,147,39
E01003390,L7: Intermediate occupations,130,122,8
E01003390,L8 and L9: Small employers and own account workers,152,88,64
E01003391,"L1, L2 and L3: Higher managerial, administrative and professional occupations",68,37,31
E01003391,L10 and L11: Lower supervisory and technical occupations,50,76,-26
E01003391,L12: Semi-routine occupations,145,183,-38
E01003391,L13: Routine occupations,132,107,25
E01003391,L14.1 and L14.2: Never worked and long-term unemployed,141,109,32
E01003391,L15: Full-time students,121,97,24
E01003391,"L4, L5 and L6: Lower managerial, administrative and professional occupations",132,161,-29
E01003391,L7: Intermediate occupations,90,102,-12
E01003391,L8 and L9: Small employers and own account workers,97,71,26
E01003392,"L1, L2 and L3: Higher managerial, administrative and professional occupations",150,94,56
E01003392,L10 and L11: Lower supervisory and technical occupations,54,55,-1
E01003392,L12: Semi-routine occupations,120,134,-14
E01003392,L13: Routine occupations,127,96,31
E01003392,L14.1 and L14.2: Never worked and long-term unemployed,105,74,31
E01003392,L15: Full-time students,97,125,-28
E01003392,"L4, L5 and L6: Lower managerial, administrative and professional occupations",231,172,59
E01003392,L7: Intermediate occupations,131,141,-10
E01003392,L8 and L9: Small employers and own account workers,157,118,39
E01003393,"L1, L2 and L3: Higher managerial, administrative and professional occupations",208,106,102
E01003393,L10 and L11: Lower supervisory and technical occupations,66,91,-25
E01003393,L12: Semi-routine occupations,119,146,-27
E01003393,L13: Routine occupations,136,103,33
E01003393,L14.1 and L14.2: Never worked and long-term unemployed,100,92,8
E01003393,L15: Full-time students,69,119,-50
E01003393,"L4, L5 and L6: Lower managerial, administrative and professional occupations",299,269,30
E01003393,L7: Intermediate occupations,121,113,8
E01003393,L8 and L9: Small employers and own account workers,207,195,12
E01003394,"L1, L2 and L3: Higher managerial, administrative and professional occupations",224,91,133
E01003394,L10 and L11: Lower supervisory and technical occupations,60,79,-19
E01003394,L12: Semi-routine occupations,176,196,-20
E01003394,L13: Routine occupations,179,136,43
E01003394,L14.1 and L14.2: Never worked and long-term unemployed,183,140,43
E01003394,L15: Full-time students,132,169,-37
E01003394,"L4, L5 and L6: Lower managerial, administrative and professional occupations",280,235,45
E01003394,L7: Intermediate occupations,148,175,-27
E01003394,L8 and L9: Small employers and own account workers,320,273,47
E01003395,"L1, L2 and L3: Higher managerial, administrative and professional occupations",179,89,90
E01003395,L10 and L11: Lower supervisory and technical occupations,50,66,-16
E01003395,L12: Semi-routine occupations,124,150,-26
E01003395,L13: Routine occupations,128,85,43
E01003395,L14.1 and L14.2: Never worked and long-term unemployed,115,81,34
E01003395,L15: Full-time students,107,135,-28
E01003395,"L4, L5 and L6: Lower managerial, administrative and professional occupations",257,222,35
E01003395,L7: Intermediate occupations,124,145,-21
E01003395,L8 and L9: Small employers and own account workers,260,140,120
E01003396,"L1, L2 and L3: Higher managerial, administrative and professional occupations",224,119,105
E01003396,L10 and L11: Lower supervisory and technical occupations,44,61,-17
E01003396,L12: Semi-routine occupations,98,135,-37
E01003396,L13: Routine occupations,104,98,6
E01003396,L14.1 and L14.2: Never worked and long-term unemployed,100,80,20
E01003396,L15: Full-time students,95,176,-81
E01003396,"L4, L5 and L6: Lower managerial, administrative and professional occupations",275,278,-3
E01003396,L7: Intermediate occupations,130,130,0
E01003396,L8 and L9: Small employers and own account workers,159,172,-13
E01003397,"L1, L2 and L3: Higher managerial, administrative and professional occupations",188,102,86
E01003397,L10 and L11: Lower supervisory and technical occupations,55,70,-15
E01003397,L12: Semi-routine occupations,124,139,-15
E01003397,L13: Routine occupations,102,112,-10
E01003397,L14.1 and L14.2: Never worked and long-term unemployed,130,86,44
E01003397,L15: Full-time students,105,165,-60
E01003397,"L4, L5 and L6: Lower managerial, administrative and professional occupations",279,227,52
E01003397,L7: Intermediate occupations,135,135,0
E01003397,L8 and L9: Small employers and own account workers,175,153,22
E01003398,"L1, L2 and L3: Higher managerial, administrative and professional occupations",204,96,108
E01003398,L10 and L11: Lower supervisory and technical occupations,60,80,-20
E01003398,L12: Semi-routine occupations,152,159,-7
E01003398,L13: Routine occupations,134,81,53
E01003398,L14.1 and L14.2: Never worked and long-term unemployed,172,112,60
E01003398,L15: Full-time students,124,158,-34
E01003398,"L4, L5 and L6: Lower managerial, administrative and professional occupations",342,264,78
E01003398,L7: Intermediate occupations,151,169,-18
E01003398,L8 and L9: Small employers and own account workers,220,172,48
E01003399,"L1, L2 and L3: Higher managerial, administrative and professional occupations",348,363,-15
E01003399,L10 and L11: Lower supervisory and technical occupations,35,34,1
E01003399,L12: Semi-routine occupations,56,77,-21
E01003399,L13: Routine occupations,46,39,7
E01003399,L14.1 and L14.2: Never worked and long-term unemployed,52,28,24
E01003399,L15: Full-time students,78,79,-1
E01003399,"L4, L5 and L6: Lower managerial, administrative and professional occupations",315,449,-134
E01003399,L7: Intermediate occupations,123,168,-45
E01003399,L8 and L9: Small employers and own account workers,146,92,54
E01003400,"L1, L2 and L3: Higher managerial, administrative and professional occupations",422,369,53
E01003400,L10 and L11: Lower supervisory and technical occupations,34,42,-8
E01003400,L12: Semi-routine occupations,50,47,3
E01003400,L13: Routine occupations,45,37,8
E01003400,L14.1 and L14.2: Never worked and long-term unemployed,47,26,21
E01003400,L15: Full-time students,57,73,-16
E01003400,"L4, L5 and L6: Lower managerial, administrative and professional occupations",325,401,-76
E01003400,L7: Intermediate occupations,112,118,-6
E01003400,L8 and L9: Small employers and own account workers,119,115,4
E01003401,"L1, L2 and L3: Higher managerial, administrative and professional occupations",439,342,97
E01003401,L10 and L11: Lower supervisory and technical occupations,23,23,0
E01003401,L12: Semi-routine occupations,48,35,13
E01003401,L13: Routine occupations,40,23,17
E01003401,L14.1 and L14.2: Never worked and long-term unemployed,54,32,22
E01003401,L15: Full-time students,44,60,-16
E01003401,"L4, L5 and L6: Lower managerial, administrative and professional occupations",295,353,-58
E01003401,L7: Intermediate occupations,94,104,-10
E01003401,L8 and L9: Small employers and own account workers,111,55,56
E01003402,"L1, L2 and L3: Higher managerial, administrative and professional occupations",466,410,56
E01003402,L10 and L11: Lower supervisory and technical occupations,32,15,17
E01003402,L12: Semi-routine occupations,56,35,21
E01003402,L13: Routine occupations,31,22,9
E01003402,L14.1 and L14.2: Never worked and long-term unemployed,78,37,41
E01003402,L15: Full-time students,69,73,-4
E01003402,"L4, L5 and L6: Lower managerial, administrative and professional occupations",288,385,-97
E01003402,L7: Intermediate occupations,90,127,-37
E01003402,L8 and L9: Small employers and own account workers,106,79,27
E01003403,"L1, L2 and L3: Higher managerial, administrative and professional occupations",436,359,77
E01003403,L10 and L11: Lower supervisory and technical occupations,19,28,-9
E01003403,L12: Semi-routine occupations,38,39,-1
E01003403,L13: Routine occupations,38,32,6
E01003403,L14.1 and L14.2: Never worked and long-term unemployed,90,37,53
E01003403,L15: Full-time students,50,63,-13
E01003403,"L4, L5 and L6: Lower managerial, administrative and professional occupations",321,395,-74
E01003403,L7: Intermediate occupations,117,110,7
E01003403,L8 and L9: Small employers and own account workers,148,96,52
E01003404,"L1, L2 and L3: Higher managerial, administrative and professional occupations",531,389,142
E01003404,L10 and L11: Lower supervisory and technical occupations,34,29,5
E01003404,L12: Semi-routine occupations,71,57,14
E01003404,L13: Routine occupations,63,29,34
E01003404,L14.1 and L14.2: Never worked and long-term unemployed,86,28,58
E01003404,L15: Full-time students,83,54,29
E01003404,"L4, L5 and L6: Lower managerial, administrative and professional occupations",438,359,79
E01003404,L7: Intermediate occupations,131,120,11
E01003404,L8 and L9: Small employers and own account workers,135,72,63
E01003405,"L1, L2 and L3: Higher managerial, administrative and professional occupations",198,68,130
E01003405,L10 and L11: Lower supervisory and technical occupations,104,81,23
E01003405,L12: Semi-routine occupations,222,217,5
E01003405,L13: Routine occupations,213,149,64
E01003405,L14.1 and L14.2: Never worked and long-term unemployed,234,132,102
E01003405,L15: Full-time students,163,133,30
E01003405,"L4, L5 and L6: Lower managerial, administrative and professional occupations",319,210,109
E01003405,L7: Intermediate occupations,204,148,56
E01003405,L8 and L9: Small employers and own account workers,245,116,129
E01003406,"L1, L2 and L3: Higher managerial, administrative and professional occupations",158,94,64
E01003406,L10 and L11: Lower supervisory and technical occupations,67,71,-4
E01003406,L12: Semi-routine occupations,150,159,-9
E01003406,L13: Routine occupations,145,101,44
E01003406,L14.1 and L14.2: Never worked and long-term unemployed,145,126,19
E01003406,L15: Full-time students,114,160,-46
E01003406,"L4, L5 and L6: Lower managerial, administrative and professional occupations",256,191,65
E01003406,L7: Intermediate occupations,147,165,-18
E01003406,L8 and L9: Small employers and own account workers,208,133,75
E01003407,"L1, L2 and L3: Higher managerial, administrative and professional occupations",227,179,48
E01003407,L10 and L11: Lower supervisory and technical occupations,74,68,6
E01003407,L12: Semi-routine occupations,129,140,-11
E01003407,L13: Routine occupations,154,124,30
E01003407,L14.1 and L14.2: Never worked and long-term unemployed,103,91,12
E01003407,L15: Full-time students,112,128,-16
E01003407,"L4, L5 and L6: Lower managerial, administrative and professional occupations",344,331,13
E01003407,L7: Intermediate occupations,166,178,-12
E01003407,L8 and L9: Small employers and own account workers,262,210,52
E01003408,"L1, L2 and L3: Higher managerial, administrative and professional occupations",294,227,67
E01003408,L10 and L11: Lower supervisory and technical occupations,78,88,-10
E01003408,L12: Semi-routine occupations,142,164,-22
E01003408,L13: Routine occupations,148,121,27
E01003408,L14.1 and L14.2: Never worked and long-term unemployed,92,92,0
E01003408,L15: Full-time students,89,95,-6
E01003408,"L4, L5 and L6: Lower managerial, administrative and professional occupations",368,375,-7
E01003408,L7: Intermediate occupations,164,199,-35
E01003408,L8 and L9: Small employers and own account workers,241,166,75
E01003409,"L1, L2 and L3: Higher managerial, administrative and professional occupations",131,62,69
E01003409,L10 and L11: Lower supervisory and technical occupations,59,77,-18
E01003409,L12: Semi-routine occupations,213,186,27
E01003409,L13: Routine occupations,168,110,58
E01003409,L14.1 and L14.2: Never worked and long-term unemployed,194,142,52
E01003409,L15: Full-time students,139,161,-22
E01003409,"L4, L5 and L6: Lower managerial, administrative and professional occupations",211,168,43
E01003409,L7: Intermediate occupations,146,151,-5
E01003409,L8 and L9: Small employers and own account workers,191,164,27
E01003410,"L1, L2 and L3: Higher managerial, administrative and professional occupations",141,117,24
E01003410,L10 and L11: Lower supervisory and technical occupations,70,71,-1
E01003410,L12: Semi-routine occupations,130,174,-44
E01003410,L13: Routine occupations,162,128,34
E01003410,L14.1 and L14.2: Never worked and long-term unemployed,161,100,61
E01003410,L15: Full-time students,94,110,-16
E01003410,"L4, L5 and L6: Lower managerial, administrative and professional occupations",224,248,-24
E01003410,L7: Intermediate occupations,124,135,-11
E01003410,L8 and L9: Small employers and own account workers,202,147,55
E01003411,"L1, L2 and L3: Higher managerial, administrative and professional occupations",205,95,110
E01003411,L10 and L11: Lower supervisory and technical occupations,79,80,-1
E01003411,L12: Semi-routine occupations,150,153,-3
E01003411,L13: Routine occupations,168,118,50
E01003411,L14.1 and L14.2: Never worked and long-term unemployed,135,97,38
E01003411,L15: Full-time students,119,138,-19
E01003411,"L4, L5 and L6: Lower managerial, administrative and professional occupations",273,260,13
E01003411,L7: Intermediate occupations,161,164,-3
E01003411,L8 and L9: Small employers and own account workers,240,156,84
E01003412,"L1, L2 and L3: Higher managerial, administrative and professional occupations",116,79,37
E01003412,L10 and L11: Lower supervisory and technical occupations,59,68,-9
E01003412,L12: Semi-routine occupations,159,165,-6
E01003412,L13: Routine occupations,159,126,33
E01003412,L14.1 and L14.2: Never worked and long-term unemployed,158,104,54
E01003412,L15: Full-time students,155,147,8
E01003412,"L4, L5 and L6: Lower managerial, administrative and professional occupations",237,196,41
E01003412,L7: Intermediate occupations,144,167,-23
E01003412,L8 and L9: Small employers and own account workers,204,146,58
E01003413,"L1, L2 and L3: Higher managerial, administrative and professional occupations",187,112,75
E01003413,L10 and L11: Lower supervisory and technical occupations,85,86,-1
E01003413,L12: Semi-routine occupations,168,150,18
E01003413,L13: Routine occupations,185,91,94
E01003413,L14.1 and L14.2: Never worked and long-term unemployed,137,118,19
E01003413,L15: Full-time students,120,145,-25
E01003413,"L4, L5 and L6: Lower managerial, administrative and professional occupations",321,295,26
E01003413,L7: Intermediate occupations,193,189,4
E01003413,L8 and L9: Small employers and own account workers,230,202,28
E01003414,"L1, L2 and L3: Higher managerial, administrative and professional occupations",155,90,65
E01003414,L10 and L11: Lower supervisory and technical occupations,65,65,0
E01003414,L12: Semi-routine occupations,143,141,2
E01003414,L13: Routine occupations,131,90,41
E01003414,L14.1 and L14.2: Never worked and long-term unemployed,147,87,60
E01003414,L15: Full-time students,111,173,-62
E01003414,"L4, L5 and L6: Lower managerial, administrative and professional occupations",282,225,57
E01003414,L7: Intermediate occupations,187,165,22
E01003414,L8 and L9: Small employers and own account workers,209,149,60
E01003415,"L1, L2 and L3: Higher managerial, administrative and professional occupations",229,86,143
E01003415,L10 and L11: Lower supervisory and technical occupations,70,79,-9
E01003415,L12: Semi-routine occupations,191,155,36
E01003415,L13: Routine occupations,176,104,72
E01003415,L14.1 and L14.2: Never worked and long-term unemployed,185,80,105
E01003415,L15: Full-time students,184,156,28
E01003415,"L4, L5 and L6: Lower managerial, administrative and professional occupations",347,204,143
E01003415,L7: Intermediate occupations,194,185,9
E01003415,L8 and L9: Small employers and own account workers,297,134,163
E01003416,"L1, L2 and L3: Higher managerial, administrative and professional occupations",142,80,62
E01003416,L10 and L11: Lower supervisory and technical occupations,81,81,0
E01003416,L12: Semi-routine occupations,142,144,-2
E01003416,L13: Routine occupations,121,99,22
E01003416,L14.1 and L14.2: Never worked and long-term unemployed,121,85,36
E01003416,L15: Full-time students,104,134,-30
E01003416,"L4, L5 and L6: Lower managerial, administrative and professional occupations",258,208,50
E01003416,L7: Intermediate occupations,153,186,-33
E01003416,L8 and L9: Small employers and own account workers,221,128,93
E01003417,"L1, L2 and L3: Higher managerial, administrative and professional occupations",176,94,82
E01003417,L10 and L11: Lower supervisory and technical occupations,83,88,-5
E01003417,L12: Semi-routine occupations,109,165,-56
E01003417,L13: Routine occupations,120,87,33
E01003417,L14.1 and L14.2: Never worked and long-term unemployed,84,37,47
E01003417,L15: Full-time students,62,89,-27
E01003417,"L4, L5 and L6: Lower managerial, administrative and professional occupations",289,264,25
E01003417,L7: Intermediate occupations,182,185,-3
E01003417,L8 and L9: Small employers and own account workers,162,136,26
E01003418,"L1, L2 and L3: Higher managerial, administrative and professional occupations",143,85,58
E01003418,L10 and L11: Lower supervisory and technical occupations,81,71,10
E01003418,L12: Semi-routine occupations,140,153,-13
E01003418,L13: Routine occupations,103,110,-7
E01003418,L14.1 and L14.2: Never worked and long-term unemployed,62,37,25
E01003418,L15: Full-time students,96,93,3
E01003418,"L4, L5 and L6: Lower managerial, administrative and professional occupations",246,228,18
E01003418,L7: Intermediate occupations,199,203,-4
E01003418,L8 and L9: Small employers and own account workers,152,103,49
E01003419,"L1, L2 and L3: Higher managerial, administrative and professional occupations",195,107,88
E01003419,L10 and L11: Lower supervisory and technical occupations,83,79,4
E01003419,L12: Semi-routine occupations,153,168,-15
E01003419,L13: Routine occupations,153,92,61
E01003419,L14.1 and L14.2: Never worked and long-term unemployed,114,61,53
E01003419,L15: Full-time students,94,101,-7
E01003419,"L4, L5 and L6: Lower managerial, administrative and professional occupations",284,286,-2
E01003419,L7: Intermediate occupations,210,217,-7
E01003419,L8 and L9: Small employers and own account workers,161,149,12
E01003420,"L1, L2 and L3: Higher managerial, administrative and professional occupations",143,83,60
E01003420,L10 and L11: Lower supervisory and technical occupations,75,71,4
E01003420,L12: Semi-routine occupations,115,125,-10
E01003420,L13: Routine occupations,100,88,12
E01003420,L14.1 and L14.2: Never worked and long-term unemployed,92,39,53
E01003420,L15: Full-time students,88,75,13
E01003420,"L4, L5 and L6: Lower managerial, administrative and professional occupations",260,217,43
E01003420,L7: Intermediate occupations,163,161,2
E01003420,L8 and L9: Small employers and own account workers,137,120,17
E01003421,"L1, L2 and L3: Higher managerial, administrative and professional occupations",204,136,68
E01003421,L10 and L11: Lower supervisory and technical occupations,60,70,-10
E01003421,L12: Semi-routine occupations,114,136,-22
E01003421,L13: Routine occupations,123,95,28
E01003421,L14.1 and L14.2: Never worked and long-term unemployed,95,52,43
E01003421,L15: Full-time students,78,72,6
E01003421,"L4, L5 and L6: Lower managerial, administrative and professional occupations",281,320,-39
E01003421,L7: Intermediate occupations,167,190,-23
E01003421,L8 and L9: Small employers and own account workers,175,135,40
E01003422,"L1, L2 and L3: Higher managerial, administrative and professional occupations",207,91,116
E01003422,L10 and L11: Lower supervisory and technical occupations,63,63,0
E01003422,L12: Semi-routine occupations,97,100,-3
E01003422,L13: Routine occupations,92,85,7
E01003422,L14.1 and L14.2: Never worked and long-term unemployed,101,38,63
E01003422,L15: Full-time students,71,90,-19
E01003422,"L4, L5 and L6: Lower managerial, administrative and professional occupations",247,231,16
E01003422,L7: Intermediate occupations,172,184,-12
E01003422,L8 and L9: Small employers and own account workers,152,126,26
E01003423,"L1, L2 and L3: Higher managerial, administrative and professional occupations",387,250,137
E01003423,L10 and L11: Lower supervisory and technical occupations,48,39,9
E01003423,L12: Semi-routine occupations,61,65,-4
E01003423,L13: Routine occupations,52,50,2
E01003423,L14.1 and L14.2: Never worked and long-term unemployed,68,24,44
E01003423,L15: Full-time students,83,87,-4
E01003423,"L4, L5 and L6: Lower managerial, administrative and professional occupations",349,402,-53
E01003423,L7: Intermediate occupations,115,142,-27
E01003423,L8 and L9: Small employers and own account workers,147,108,39
E01003424,"L1, L2 and L3: Higher managerial, administrative and professional occupations",389,263,126
E01003424,L10 and L11: Lower supervisory and technical occupations,30,17,13
E01003424,L12: Semi-routine occupations,52,49,3
E01003424,L13: Routine occupations,47,22,25
E01003424,L14.1 and L14.2: Never worked and long-term unemployed,40,19,21
E01003424,L15: Full-time students,74,80,-6
E01003424,"L4, L5 and L6: Lower managerial, administrative and professional occupations",335,371,-36
E01003424,L7: Intermediate occupations,126,158,-32
E01003424,L8 and L9: Small employers and own account workers,136,89,47
E01003425,"L1, L2 and L3: Higher managerial, administrative and professional occupations",333,227,106
E01003425,L10 and L11: Lower supervisory and technical occupations,25,32,-7
E01003425,L12: Semi-routine occupations,64,59,5
E01003425,L13: Routine occupations,38,45,-7
E01003425,L14.1 and L14.2: Never worked and long-term unemployed,49,26,23
E01003425,L15: Full-time students,66,95,-29
E01003425,"L4, L5 and L6: Lower managerial, administrative and professional occupations",277,297,-20
E01003425,L7: Intermediate occupations,157,150,7
E01003425,L8 and L9: Small employers and own account workers,151,113,38
E01003426,"L1, L2 and L3: Higher managerial, administrative and professional occupations",342,216,126
E01003426,L10 and L11: Lower supervisory and technical occupations,39,42,-3
E01003426,L12: Semi-routine occupations,91,105,-14
E01003426,L13: Routine occupations,85,44,41
E01003426,L14.1 and L14.2: Never worked and long-term unemployed,107,78,29
E01003426,L15: Full-time students,99,119,-20
E01003426,"L4, L5 and L6: Lower managerial, administrative and professional occupations",355,358,-3
E01003426,L7: Intermediate occupations,141,156,-15
E01003426,L8 and L9: Small employers and own account workers,203,135,68
E01003427,"L1, L2 and L3: Higher managerial, administrative and professional occupations",222,118,104
E01003427,L10 and L11: Lower supervisory and technical occupations,81,98,-17
E01003427,L12: Semi-routine occupations,139,139,0
E01003427,L13: Routine occupations,137,98,39
E01003427,L14.1 and L14.2: Never worked and long-term unemployed,167,123,44
E01003427,L15: Full-time students,128,155,-27
E01003427,"L4, L5 and L6: Lower managerial, administrative and professional occupations",321,300,21
E01003427,L7: Intermediate occupations,164,170,-6
E01003427,L8 and L9: Small employers and own account workers,214,156,58
E01003428,"L1, L2 and L3: Higher managerial, administrative and professional occupations",387,293,94
E01003428,L10 and L11: Lower supervisory and technical occupations,24,29,-5
E01003428,L12: Semi-routine occupations,68,50,18
E01003428,L13: Routine occupations,61,24,37
E01003428,L14.1 and L14.2: Never worked and long-term unemployed,78,39,39
E01003428,L15: Full-time students,74,77,-3
E01003428,"L4, L5 and L6: Lower managerial, administrative and professional occupations",299,383,-84
E01003428,L7: Intermediate occupations,104,127,-23
E01003428,L8 and L9: Small employers and own account workers,105,62,43
E01003429,"L1, L2 and L3: Higher managerial, administrative and professional occupations",147,67,80
E01003429,L10 and L11: Lower supervisory and technical occupations,82,71,11
E01003429,L12: Semi-routine occupations,127,134,-7
E01003429,L13: Routine occupations,137,104,33
E01003429,L14.1 and L14.2: Never worked and long-term unemployed,108,65,43
E01003429,L15: Full-time students,116,127,-11
E01003429,"L4, L5 and L6: Lower managerial, administrative and professional occupations",235,197,38
E01003429,L7: Intermediate occupations,149,172,-23
E01003429,L8 and L9: Small employers and own account workers,201,115,86
E01003430,"L1, L2 and L3: Higher managerial, administrative and professional occupations",81,48,33
E01003430,L10 and L11: Lower supervisory and technical occupations,60,55,5
E01003430,L12: Semi-routine occupations,197,192,5
E01003430,L13: Routine occupations,187,148,39
E01003430,L14.1 and L14.2: Never worked and long-term unemployed,142,97,45
E01003430,L15: Full-time students,146,114,32
E01003430,"L4, L5 and L6: Lower managerial, administrative and professional occupations",199,152,47
E01003430,L7: Intermediate occupations,134,108,26
E01003430,L8 and L9: Small employers and own account workers,132,96,36
E01003431,"L1, L2 and L3: Higher managerial, administrative and professional occupations",66,47,19
E01003431,L10 and L11: Lower supervisory and technical occupations,68,70,-2
E01003431,L12: Semi-routine occupations,216,193,23
E01003431,L13: Routine occupations,149,113,36
E01003431,L14.1 and L14.2: Never worked and long-term unemployed,147,113,34
E01003431,L15: Full-time students,147,129,18
E01003431,"L4, L5 and L6: Lower managerial, administrative and professional occupations",205,163,42
E01003431,L7: Intermediate occupations,149,148,1
E01003431,L8 and L9: Small employers and own account workers,164,90,74
E01003432,"L1, L2 and L3: Higher managerial, administrative and professional occupations",89,47,42
E01003432,L10 and L11: Lower supervisory and technical occupations,66,71,-5
E01003432,L12: Semi-routine occupations,174,155,19
E01003432,L13: Routine occupations,161,129,32
E01003432,L14.1 and L14.2: Never worked and long-term unemployed,160,117,43
E01003432,L15: Full-time students,174,148,26
E01003432,"L4, L5 and L6: Lower managerial, administrative and professional occupations",184,134,50
E01003432,L7: Intermediate occupations,151,156,-5
E01003432,L8 and L9: Small employers and own account workers,134,78,56
E01003433,"L1, L2 and L3: Higher managerial, administrative and professional occupations",93,66,27
E01003433,L10 and L11: Lower supervisory and technical occupations,62,78,-16
E01003433,L12: Semi-routine occupations,190,162,28
E01003433,L13: Routine occupations,165,115,50
E01003433,L14.1 and L14.2: Never worked and long-term unemployed,147,97,50
E01003433,L15: Full-time students,99,128,-29
E01003433,"L4, L5 and L6: Lower managerial, administrative and professional occupations",237,178,59
E01003433,L7: Intermediate occupations,145,155,-10
E01003433,L8 and L9: Small employers and own account workers,164,123,41
E01003434,"L1, L2 and L3: Higher managerial, administrative and professional occupations",128,75,53
E01003434,L10 and L11: Lower supervisory and technical occupations,47,63,-16
E01003434,L12: Semi-routine occupations,145,129,16
E01003434,L13: Routine occupations,135,79,56
E01003434,L14.1 and L14.2: Never worked and long-term unemployed,123,65,58
E01003434,L15: Full-time students,111,151,-40
E01003434,"L4, L5 and L6: Lower managerial, administrative and professional occupations",214,209,5
E01003434,L7: Intermediate occupations,157,168,-11
E01003434,L8 and L9: Small employers and own account workers,186,156,30
E01003435,"L1, L2 and L3: Higher managerial, administrative and professional occupations",184,78,106
E01003435,L10 and L11: Lower supervisory and technical occupations,76,40,36
E01003435,L12: Semi-routine occupations,175,124,51
E01003435,L13: Routine occupations,170,101,69
E01003435,L14.1 and L14.2: Never worked and long-term unemployed,136,55,81
E01003435,L15: Full-time students,140,110,30
E01003435,"L4, L5 and L6: Lower managerial, administrative and professional occupations",335,212,123
E01003435,L7: Intermediate occupations,212,150,62
E01003435,L8 and L9: Small employers and own account workers,190,98,92
E01003436,"L1, L2 and L3: Higher managerial, administrative and professional occupations",136,65,71
E01003436,L10 and L11: Lower supervisory and technical occupations,68,72,-4
E01003436,L12: Semi-routine occupations,161,154,7
E01003436,L13: Routine occupations,176,111,65
E01003436,L14.1 and L14.2: Never worked and long-term unemployed,150,85,65
E01003436,L15: Full-time students,86,112,-26
E01003436,"L4, L5 and L6: Lower managerial, administrative and professional occupations",230,204,26
E01003436,L7: Intermediate occupations,151,147,4
E01003436,L8 and L9: Small employers and own account workers,214,142,72
E01003437,"L1, L2 and L3: Higher managerial, administrative and professional occupations",210,133,77
E01003437,L10 and L11: Lower supervisory and technical occupations,86,62,24
E01003437,L12: Semi-routine occupations,184,192,-8
E01003437,L13: Routine occupations,171,108,63
E01003437,L14.1 and L14.2: Never worked and long-term unemployed,175,102,73
E01003437,L15: Full-time students,110,132,-22
E01003437,"L4, L5 and L6: Lower managerial, administrative and professional occupations",308,284,24
E01003437,L7: Intermediate occupations,181,185,-4
E01003437,L8 and L9: Small employers and own account workers,267,172,95
E01003438,"L1, L2 and L3: Higher managerial, administrative and professional occupations",128,72,56
E01003438,L10 and L11: Lower supervisory and technical occupations,89,76,13
E01003438,L12: Semi-routine occupations,194,186,8
E01003438,L13: Routine occupations,158,120,38
E01003438,L14.1 and L14.2: Never worked and long-term unemployed,155,102,53
E01003438,L15: Full-time students,121,131,-10
E01003438,"L4, L5 and L6: Lower managerial, administrative and professional occupations",236,212,24
E01003438,L7: Intermediate occupations,169,179,-10
E01003438,L8 and L9: Small employers and own account workers,183,118,65
E01003439,"L1, L2 and L3: Higher managerial, administrative and professional occupations",129,76,53
E01003439,L10 and L11: Lower supervisory and technical occupations,70,75,-5
E01003439,L12: Semi-routine occupations,153,146,7
E01003439,L13: Routine occupations,119,89,30
E01003439,L14.1 and L14.2: Never worked and long-term unemployed,121,111,10
E01003439,L15: Full-time students,109,125,-16
E01003439,"L4, L5 and L6: Lower managerial, administrative and professional occupations",219,183,36
E01003439,L7: Intermediate occupations,127,131,-4
E01003439,L8 and L9: Small employers and own account workers,228,140,88
E01003440,"L1, L2 and L3: Higher managerial, administrative and professional occupations",157,91,66
E01003440,L10 and L11: Lower supervisory and technical occupations,45,74,-29
E01003440,L12: Semi-routine occupations,148,151,-3
E01003440,L13: Routine occupations,136,92,44
E01003440,L14.1 and L14.2: Never worked and long-term unemployed,147,96,51
E01003440,L15: Full-time students,113,119,-6
E01003440,"L4, L5 and L6: Lower managerial, administrative and professional occupations",224,197,27
E01003440,L7: Intermediate occupations,144,176,-32
E01003440,L8 and L9: Small employers and own account workers,186,146,40
E01003441,"L1, L2 and L3: Higher managerial, administrative and professional occupations",148,109,39
E01003441,L10 and L11: Lower supervisory and technical occupations,72,89,-17
E01003441,L12: Semi-routine occupations,180,162,18
E01003441,L13: Routine occupations,157,121,36
E01003441,L14.1 and L14.2: Never worked and long-term unemployed,204,118,86
E01003441,L15: Full-time students,129,165,-36
E01003441,"L4, L5 and L6: Lower managerial, administrative and professional occupations",287,215,72
E01003441,L7: Intermediate occupations,162,175,-13
E01003441,L8 and L9: Small employers and own account workers,174,136,38
E01003442,"L1, L2 and L3: Higher managerial, administrative and professional occupations",481,380,101
E01003442,L10 and L11: Lower supervisory and technical occupations,19,17,2
E01003442,L12: Semi-routine occupations,55,37,18
E01003442,L13: Routine occupations,34,27,7
E01003442,L14.1 and L14.2: Never worked and long-term unemployed,61,39,22
E01003442,L15: Full-time students,107,72,35
E01003442,"L4, L5 and L6: Lower managerial, administrative and professional occupations",369,378,-9
E01003442,L7: Intermediate occupations,102,127,-25
E01003442,L8 and L9: Small employers and own account workers,127,113,14
E01003443,"L1, L2 and L3: Higher managerial, administrative and professional occupations",457,349,108
E01003443,L10 and L11: Lower supervisory and technical occupations,20,15,5
E01003443,L12: Semi-routine occupations,37,40,-3
E01003443,L13: Routine occupations,23,17,6
E01003443,L14.1 and L14.2: Never worked and long-term unemployed,51,24,27
E01003443,L15: Full-time students,75,70,5
E01003443,"L4, L5 and L6: Lower managerial, administrative and professional occupations",323,409,-86
E01003443,L7: Intermediate occupations,113,106,7
E01003443,L8 and L9: Small employers and own account workers,135,88,47
E01003444,"L1, L2 and L3: Higher managerial, administrative and professional occupations",411,316,95
E01003444,L10 and L11: Lower supervisory and technical occupations,30,35,-5
E01003444,L12: Semi-routine occupations,59,56,3
E01003444,L13: Routine occupations,55,33,22
E01003444,L14.1 and L14.2: Never worked and long-term unemployed,59,31,28
E01003444,L15: Full-time students,88,60,28
E01003444,"L4, L5 and L6: Lower managerial, administrative and professional occupations",360,380,-20
E01003444,L7: Intermediate occupations,118,122,-4
E01003444,L8 and L9: Small employers and own account workers,119,92,27
E01003445,"L1, L2 and L3: Higher managerial, administrative and professional occupations",383,281,102
E01003445,L10 and L11: Lower supervisory and technical occupations,34,39,-5
E01003445,L12: Semi-routine occupations,70,86,-16
E01003445,L13: Routine occupations,68,41,27
E01003445,L14.1 and L14.2: Never worked and long-term unemployed,97,47,50
E01003445,L15: Full-time students,93,88,5
E01003445,"L4, L5 and L6: Lower managerial, administrative and professional occupations",346,377,-31
E01003445,L7: Intermediate occupations,160,145,15
E01003445,L8 and L9: Small employers and own account workers,174,137,37
E01003446,"L1, L2 and L3: Higher managerial, administrative and professional occupations",425,316,109
E01003446,L10 and L11: Lower supervisory and technical occupations,63,68,-5
E01003446,L12: Semi-routine occupations,122,85,37
E01003446,L13: Routine occupations,96,61,35
E01003446,L14.1 and L14.2: Never worked and long-term unemployed,79,53,26
E01003446,L15: Full-time students,116,82,34
E01003446,"L4, L5 and L6: Lower managerial, administrative and professional occupations",442,396,46
E01003446,L7: Intermediate occupations,138,194,-56
E01003446,L8 and L9: Small employers and own account workers,151,110,41
E01003447,"L1, L2 and L3: Higher managerial, administrative and professional occupations",175,142,33
E01003447,L10 and L11: Lower supervisory and technical occupations,64,87,-23
E01003447,L12: Semi-routine occupations,142,157,-15
E01003447,L13: Routine occupations,116,83,33
E01003447,L14.1 and L14.2: Never worked and long-term unemployed,112,68,44
E01003447,L15: Full-time students,87,74,13
E01003447,"L4, L5 and L6: Lower managerial, administrative and professional occupations",289,273,16
E01003447,L7: Intermediate occupations,141,149,-8
E01003447,L8 and L9: Small employers and own account workers,163,119,44
E01003448,"L1, L2 and L3: Higher managerial, administrative and professional occupations",281,84,197
E01003448,L10 and L11: Lower supervisory and technical occupations,71,72,-1
E01003448,L12: Semi-routine occupations,207,163,44
E01003448,L13: Routine occupations,160,133,27
E01003448,L14.1 and L14.2: Never worked and long-term unemployed,164,113,51
E01003448,L15: Full-time students,151,118,33
E01003448,"L4, L5 and L6: Lower managerial, administrative and professional occupations",351,209,142
E01003448,L7: Intermediate occupations,193,167,26
E01003448,L8 and L9: Small employers and own account workers,255,154,101
E01003449,"L1, L2 and L3: Higher managerial, administrative and professional occupations",181,112,69
E01003449,L10 and L11: Lower supervisory and technical occupations,60,92,-32
E01003449,L12: Semi-routine occupations,202,146,56
E01003449,L13: Routine occupations,145,103,42
E01003449,L14.1 and L14.2: Never worked and long-term unemployed,178,128,50
E01003449,L15: Full-time students,145,133,12
E01003449,"L4, L5 and L6: Lower managerial, administrative and professional occupations",255,249,6
E01003449,L7: Intermediate occupations,147,153,-6
E01003449,L8 and L9: Small employers and own account workers,208,146,62
E01003450,"L1, L2 and L3: Higher managerial, administrative and professional occupations",111,64,47
E01003450,L10 and L11: Lower supervisory and technical occupations,79,72,7
E01003450,L12: Semi-routine occupations,176,155,21
E01003450,L13: Routine occupations,187,130,57
E01003450,L14.1 and L14.2: Never worked and long-term unemployed,156,102,54
E01003450,L15: Full-time students,117,108,9
E01003450,"L4, L5 and L6: Lower managerial, administrative and professional occupations",226,188,38
E01003450,L7: Intermediate occupations,160,168,-8
E01003450,L8 and L9: Small employers and own account workers,163,120,43
E01003451,"L1, L2 and L3: Higher managerial, administrative and professional occupations",193,98,95
E01003451,L10 and L11: Lower supervisory and technical occupations,89,82,7
E01003451,L12: Semi-routine occupations,170,139,31
E01003451,L13: Routine occupations,144,114,30
E01003451,L14.1 and L14.2: Never worked and long-term unemployed,112,55,57
E01003451,L15: Full-time students,123,130,-7
E01003451,"L4, L5 and L6: Lower managerial, administrative and professional occupations",289,267,22
E01003451,L7: Intermediate occupations,239,216,23
E01003451,L8 and L9: Small employers and own account workers,203,138,65
E01003452,"L1, L2 and L3: Higher managerial, administrative and professional occupations",150,103,47
E01003452,L10 and L11: Lower supervisory and technical occupations,99,86,13
E01003452,L12: Semi-routine occupations,288,233,55
E01003452,L13: Routine occupations,221,162,59
E01003452,L14.1 and L14.2: Never worked and long-term unemployed,204,94,110
E01003452,L15: Full-time students,127,151,-24
E01003452,"L4, L5 and L6: Lower managerial, administrative and professional occupations",277,250,27
E01003452,L7: Intermediate occupations,195,181,14
E01003452,L8 and L9: Small employers and own account workers,184,145,39
E01003453,"L1, L2 and L3: Higher managerial, administrative and professional occupations",161,96,65
E01003453,L10 and L11: Lower supervisory and technical occupations,62,76,-14
E01003453,L12: Semi-routine occupations,147,138,9
E01003453,L13: Routine occupations,153,133,20
E01003453,L14.1 and L14.2: Never worked and long-term unemployed,197,134,63
E01003453,L15: Full-time students,126,116,10
E01003453,"L4, L5 and L6: Lower managerial, administrative and professional occupations",257,204,53
E01003453,L7: Intermediate occupations,148,166,-18
E01003453,L8 and L9: Small employers and own account workers,228,131,97
E01003454,"L1, L2 and L3: Higher managerial, administrative and professional occupations",375,318,57
E01003454,L10 and L11: Lower supervisory and technical occupations,34,27,7
E01003454,L12: Semi-routine occupations,55,51,4
E01003454,L13: Routine occupations,45,26,19
E01003454,L14.1 and L14.2: Never worked and long-term unemployed,43,30,13
E01003454,L15: Full-time students,50,67,-17
E01003454,"L4, L5 and L6: Lower managerial, administrative and professional occupations",311,349,-38
E01003454,L7: Intermediate occupations,116,104,12
E01003454,L8 and L9: Small employers and own account workers,112,61,51
E01003455,"L1, L2 and L3: Higher managerial, administrative and professional occupations",358,296,62
E01003455,L10 and L11: Lower supervisory and technical occupations,44,57,-13
E01003455,L12: Semi-routine occupations,85,90,-5
E01003455,L13: Routine occupations,99,64,35
E01003455,L14.1 and L14.2: Never worked and long-term unemployed,56,51,5
E01003455,L15: Full-time students,76,74,2
E01003455,"L4, L5 and L6: Lower managerial, administrative and professional occupations",364,437,-73
E01003455,L7: Intermediate occupations,140,146,-6
E01003455,L8 and L9: Small employers and own account workers,148,86,62
E01003456,"L1, L2 and L3: Higher managerial, administrative and professional occupations",438,368,70
E01003456,L10 and L11: Lower supervisory and technical occupations,39,39,0
E01003456,L12: Semi-routine occupations,66,50,16
E01003456,L13: Routine occupations,48,60,-12
E01003456,L14.1 and L14.2: Never worked and long-term unemployed,74,49,25
E01003456,L15: Full-time students,77,94,-17
E01003456,"L4, L5 and L6: Lower managerial, administrative and professional occupations",388,395,-7
E01003456,L7: Intermediate occupations,108,142,-34
E01003456,L8 and L9: Small employers and own account workers,115,79,36
E01003457,"L1, L2 and L3: Higher managerial, administrative and professional occupations",503,376,127
E01003457,L10 and L11: Lower supervisory and technical occupations,17,30,-13
E01003457,L12: Semi-routine occupations,44,49,-5
E01003457,L13: Routine occupations,33,35,-2
E01003457,L14.1 and L14.2: Never worked and long-term unemployed,41,18,23
E01003457,L15: Full-time students,58,58,0
E01003457,"L4, L5 and L6: Lower managerial, administrative and professional occupations",315,422,-107
E01003457,L7: Intermediate occupations,87,121,-34
E01003457,L8 and L9: Small employers and own account workers,121,82,39
E01003458,"L1, L2 and L3: Higher managerial, administrative and professional occupations",495,372,123
E01003458,L10 and L11: Lower supervisory and technical occupations,30,51,-21
E01003458,L12: Semi-routine occupations,58,68,-10
E01003458,L13: Routine occupations,74,41,33
E01003458,L14.1 and L14.2: Never worked and long-term unemployed,52,40,12
E01003458,L15: Full-time students,79,50,29
E01003458,"L4, L5 and L6: Lower managerial, administrative and professional occupations",389,446,-57
E01003458,L7: Intermediate occupations,108,130,-22
E01003458,L8 and L9: Small employers and own account workers,117,83,34
E01003459,"L1, L2 and L3: Higher managerial, administrative and professional occupations",425,356,69
E01003459,L10 and L11: Lower supervisory and technical occupations,73,86,-13
E01003459,L12: Semi-routine occupations,138,138,0
E01003459,L13: Routine occupations,140,117,23
E01003459,L14.1 and L14.2: Never worked and long-term unemployed,121,80,41
E01003459,L15: Full-time students,91,98,-7
E01003459,"L4, L5 and L6: Lower managerial, administrative and professional occupations",437,475,-38
E01003459,L7: Intermediate occupations,175,197,-22
E01003459,L8 and L9: Small employers and own account workers,191,92,99
E01003460,"L1, L2 and L3: Higher managerial, administrative and professional occupations",393,326,67
E01003460,L10 and L11: Lower supervisory and technical occupations,27,23,4
E01003460,L12: Semi-routine occupations,59,37,22
E01003460,L13: Routine occupations,39,40,-1
E01003460,L14.1 and L14.2: Never worked and long-term unemployed,61,36,25
E01003460,L15: Full-time students,67,66,1
E01003460,"L4, L5 and L6: Lower managerial, administrative and professional occupations",315,354,-39
E01003460,L7: Intermediate occupations,95,112,-17
E01003460,L8 and L9: Small employers and own account workers,139,103,36
E01003461,"L1, L2 and L3: Higher managerial, administrative and professional occupations",486,430,56
E01003461,L10 and L11: Lower supervisory and technical occupations,15,12,3
E01003461,L12: Semi-routine occupations,25,37,-12
E01003461,L13: Routine occupations,24,15,9
E01003461,L14.1 and L14.2: Never worked and long-term unemployed,35,16,19
E01003461,L15: Full-time students,99,83,16
E01003461,"L4, L5 and L6: Lower managerial, administrative and professional occupations",366,419,-53
E01003461,L7: Intermediate occupations,79,104,-25
E01003461,L8 and L9: Small employers and own account workers,146,107,39
E01003462,"L1, L2 and L3: Higher managerial, administrative and professional occupations",390,308,82
E01003462,L10 and L11: Lower supervisory and technical occupations,25,19,6
E01003462,L12: Semi-routine occupations,39,26,13
E01003462,L13: Routine occupations,40,14,26
E01003462,L14.1 and L14.2: Never worked and long-term unemployed,71,26,45
E01003462,L15: Full-time students,74,76,-2
E01003462,"L4, L5 and L6: Lower managerial, administrative and professional occupations",272,350,-78
E01003462,L7: Intermediate occupations,85,90,-5
E01003462,L8 and L9: Small employers and own account workers,154,112,42
E01003463,"L1, L2 and L3: Higher managerial, administrative and professional occupations",389,242,147
E01003463,L10 and L11: Lower supervisory and technical occupations,14,16,-2
E01003463,L12: Semi-routine occupations,56,38,18
E01003463,L13: Routine occupations,38,20,18
E01003463,L14.1 and L14.2: Never worked and long-term unemployed,62,45,17
E01003463,L15: Full-time students,99,69,30
E01003463,"L4, L5 and L6: Lower managerial, administrative and professional occupations",273,288,-15
E01003463,L7: Intermediate occupations,90,86,4
E01003463,L8 and L9: Small employers and own account workers,154,100,54
E01003464,"L1, L2 and L3: Higher managerial, administrative and professional occupations",386,261,125
E01003464,L10 and L11: Lower supervisory and technical occupations,22,14,8
E01003464,L12: Semi-routine occupations,44,37,7
E01003464,L13: Routine occupations,37,21,16
E01003464,L14.1 and L14.2: Never worked and long-term unemployed,85,44,41
E01003464,L15: Full-time students,66,60,6
E01003464,"L4, L5 and L6: Lower managerial, administrative and professional occupations",272,309,-37
E01003464,L7: Intermediate occupations,98,80,18
E01003464,L8 and L9: Small employers and own account workers,160,104,56
E01003465,"L1, L2 and L3: Higher managerial, administrative and professional occupations",389,298,91
E01003465,L10 and L11: Lower supervisory and technical occupations,11,7,4
E01003465,L12: Semi-routine occupations,46,35,11
E01003465,L13: Routine occupations,27,18,9
E01003465,L14.1 and L14.2: Never worked and long-term unemployed,69,29,40
E01003465,L15: Full-time students,92,68,24
E01003465,"L4, L5 and L6: Lower managerial, administrative and professional occupations",223,268,-45
E01003465,L7: Intermediate occupations,70,73,-3
E01003465,L8 and L9: Small employers and own account workers,143,97,46
E01003466,"L1, L2 and L3: Higher managerial, administrative and professional occupations",358,222,136
E01003466,L10 and L11: Lower supervisory and technical occupations,42,54,-12
E01003466,L12: Semi-routine occupations,104,100,4
E01003466,L13: Routine occupations,55,49,6
E01003466,L14.1 and L14.2: Never worked and long-term unemployed,77,44,33
E01003466,L15: Full-time students,85,93,-8
E01003466,"L4, L5 and L6: Lower managerial, administrative and professional occupations",327,325,2
E01003466,L7: Intermediate occupations,140,172,-32
E01003466,L8 and L9: Small employers and own account workers,174,108,66
E01003467,"L1, L2 and L3: Higher managerial, administrative and professional occupations",355,211,144
E01003467,L10 and L11: Lower supervisory and technical occupations,50,51,-1
E01003467,L12: Semi-routine occupations,87,92,-5
E01003467,L13: Routine occupations,49,43,6
E01003467,L14.1 and L14.2: Never worked and long-term unemployed,104,31,73
E01003467,L15: Full-time students,91,93,-2
E01003467,"L4, L5 and L6: Lower managerial, administrative and professional occupations",355,367,-12
E01003467,L7: Intermediate occupations,153,183,-30
E01003467,L8 and L9: Small employers and own account workers,140,110,30
E01003468,"L1, L2 and L3: Higher managerial, administrative and professional occupations",367,223,144
E01003468,L10 and L11: Lower supervisory and technical occupations,36,39,-3
E01003468,L12: Semi-routine occupations,81,97,-16
E01003468,L13: Routine occupations,64,63,1
E01003468,L14.1 and L14.2: Never worked and long-term unemployed,70,39,31
E01003468,L15: Full-time students,76,91,-15
E01003468,"L4, L5 and L6: Lower managerial, administrative and professional occupations",337,343,-6
E01003468,L7: Intermediate occupations,159,189,-30
E01003468,L8 and L9: Small employers and own account workers,165,144,21
E01003469,"L1, L2 and L3: Higher managerial, administrative and professional occupations",206,122,84
E01003469,L10 and L11: Lower supervisory and technical occupations,44,69,-25
E01003469,L12: Semi-routine occupations,189,179,10
E01003469,L13: Routine occupations,105,63,42
E01003469,L14.1 and L14.2: Never worked and long-term unemployed,124,91,33
E01003469,L15: Full-time students,106,126,-20
E01003469,"L4, L5 and L6: Lower managerial, administrative and professional occupations",240,262,-22
E01003469,L7: Intermediate occupations,139,159,-20
E01003469,L8 and L9: Small employers and own account workers,171,117,54
E01003470,"L1, L2 and L3: Higher managerial, administrative and professional occupations",269,172,97
E01003470,L10 and L11: Lower supervisory and technical occupations,63,72,-9
E01003470,L12: Semi-routine occupations,176,157,19
E01003470,L13: Routine occupations,112,68,44
E01003470,L14.1 and L14.2: Never worked and long-term unemployed,125,83,42
E01003470,L15: Full-time students,193,165,28
E01003470,"L4, L5 and L6: Lower managerial, administrative and professional occupations",361,296,65
E01003470,L7: Intermediate occupations,174,178,-4
E01003470,L8 and L9: Small employers and own account workers,181,111,70
E01003471,"L1, L2 and L3: Higher managerial, administrative and professional occupations",307,194,113
E01003471,L10 and L11: Lower supervisory and technical occupations,43,63,-20
E01003471,L12: Semi-routine occupations,110,74,36
E01003471,L13: Routine occupations,97,55,42
E01003471,L14.1 and L14.2: Never worked and long-term unemployed,98,44,54
E01003471,L15: Full-time students,76,84,-8
E01003471,"L4, L5 and L6: Lower managerial, administrative and professional occupations",359,336,23
E01003471,L7: Intermediate occupations,153,184,-31
E01003471,L8 and L9: Small employers and own account workers,138,88,50
E01003472,"L1, L2 and L3: Higher managerial, administrative and professional occupations",393,293,100
E01003472,L10 and L11: Lower supervisory and technical occupations,15,16,-1
E01003472,L12: Semi-routine occupations,27,30,-3
E01003472,L13: Routine occupations,25,22,3
E01003472,L14.1 and L14.2: Never worked and long-term unemployed,32,26,6
E01003472,L15: Full-time students,45,51,-6
E01003472,"L4, L5 and L6: Lower managerial, administrative and professional occupations",283,330,-47
E01003472,L7: Intermediate occupations,79,97,-18
E01003472,L8 and L9: Small employers and own account workers,82,92,-10
E01003473,"L1, L2 and L3: Higher managerial, administrative and professional occupations",384,270,114
E01003473,L10 and L11: Lower supervisory and technical occupations,29,21,8
E01003473,L12: Semi-routine occupations,56,48,8
E01003473,L13: Routine occupations,45,28,17
E01003473,L14.1 and L14.2: Never worked and long-term unemployed,48,28,20
E01003473,L15: Full-time students,81,73,8
E01003473,"L4, L5 and L6: Lower managerial, administrative and professional occupations",315,353,-38
E01003473,L7: Intermediate occupations,98,123,-25
E01003473,L8 and L9: Small employers and own account workers,128,96,32
E01003474,"L1, L2 and L3: Higher managerial, administrative and professional occupations",418,279,139
E01003474,L10 and L11: Lower supervisory and technical occupations,9,14,-5
E01003474,L12: Semi-routine occupations,26,34,-8
E01003474,L13: Routine occupations,32,18,14
E01003474,L14.1 and L14.2: Never worked and long-term unemployed,29,16,13
E01003474,L15: Full-time students,95,103,-8
E01003474,"L4, L5 and L6: Lower managerial, administrative and professional occupations",265,360,-95
E01003474,L7: Intermediate occupations,69,96,-27
E01003474,L8 and L9: Small employers and own account workers,118,87,31
E01003476,"L1, L2 and L3: Higher managerial, administrative and professional occupations",291,235,56
E01003476,L10 and L11: Lower supervisory and technical occupations,29,34,-5
E01003476,L12: Semi-routine occupations,84,73,11
E01003476,L13: Routine occupations,72,53,19
E01003476,L14.1 and L14.2: Never worked and long-term unemployed,67,46,21
E01003476,L15: Full-time students,85,118,-33
E01003476,"L4, L5 and L6: Lower managerial, administrative and professional occupations",232,278,-46
E01003476,L7: Intermediate occupations,82,118,-36
E01003476,L8 and L9: Small employers and own account workers,105,90,15
E01003477,"L1, L2 and L3: Higher managerial, administrative and professional occupations",410,369,41
E01003477,L10 and L11: Lower supervisory and technical occupations,27,35,-8
E01003477,L12: Semi-routine occupations,60,74,-14
E01003477,L13: Routine occupations,52,39,13
E01003477,L14.1 and L14.2: Never worked and long-term unemployed,56,58,-2
E01003477,L15: Full-time students,104,98,6
E01003477,"L4, L5 and L6: Lower managerial, administrative and professional occupations",314,421,-107
E01003477,L7: Intermediate occupations,105,161,-56
E01003477,L8 and L9: Small employers and own account workers,131,107,24
E01003478,"L1, L2 and L3: Higher managerial, administrative and professional occupations",449,340,109
E01003478,L10 and L11: Lower supervisory and technical occupations,28,41,-13
E01003478,L12: Semi-routine occupations,62,44,18
E01003478,L13: Routine occupations,67,32,35
E01003478,L14.1 and L14.2: Never worked and long-term unemployed,60,18,42
E01003478,L15: Full-time students,88,71,17
E01003478,"L4, L5 and L6: Lower managerial, administrative and professional occupations",394,405,-11
E01003478,L7: Intermediate occupations,118,130,-12
E01003478,L8 and L9: Small employers and own account workers,142,101,41
E01003479,"L1, L2 and L3: Higher managerial, administrative and professional occupations",96,79,17
E01003479,L10 and L11: Lower supervisory and technical occupations,68,66,2
E01003479,L12: Semi-routine occupations,129,130,-1
E01003479,L13: Routine occupations,154,133,21
E01003479,L14.1 and L14.2: Never worked and long-term unemployed,146,111,35
E01003479,L15: Full-time students,125,123,2
E01003479,"L4, L5 and L6: Lower managerial, administrative and professional occupations",154,193,-39
E01003479,L7: Intermediate occupations,98,123,-25
E01003479,L8 and L9: Small employers and own account workers,231,160,71
E01003480,"L1, L2 and L3: Higher managerial, administrative and professional occupations",117,97,20
E01003480,L10 and L11: Lower supervisory and technical occupations,74,84,-10
E01003480,L12: Semi-routine occupations,149,162,-13
E01003480,L13: Routine occupations,165,165,0
E01003480,L14.1 and L14.2: Never worked and long-term unemployed,169,143,26
E01003480,L15: Full-time students,532,629,-97
E01003480,"L4, L5 and L6: Lower managerial, administrative and professional occupations",186,199,-13
E01003480,L7: Intermediate occupations,102,127,-25
E01003480,L8 and L9: Small employers and own account workers,220,156,64
E01003481,"L1, L2 and L3: Higher managerial, administrative and professional occupations",82,47,35
E01003481,L10 and L11: Lower supervisory and technical occupations,47,54,-7
E01003481,L12: Semi-routine occupations,106,119,-13
E01003481,L13: Routine occupations,136,123,13
E01003481,L14.1 and L14.2: Never worked and long-term unemployed,139,102,37
E01003481,L15: Full-time students,280,398,-118
E01003481,"L4, L5 and L6: Lower managerial, administrative and professional occupations",149,124,25
E01003481,L7: Intermediate occupations,84,105,-21
E01003481,L8 and L9: Small employers and own account workers,179,146,33
E01003483,"L1, L2 and L3: Higher managerial, administrative and professional occupations",126,47,79
E01003483,L10 and L11: Lower supervisory and technical occupations,63,65,-2
E01003483,L12: Semi-routine occupations,157,153,4
E01003483,L13: Routine occupations,123,104,19
E01003483,L14.1 and L14.2: Never worked and long-term unemployed,216,151,65
E01003483,L15: Full-time students,142,205,-63
E01003483,"L4, L5 and L6: Lower managerial, administrative and professional occupations",228,143,85
E01003483,L7: Intermediate occupations,150,131,19
E01003483,L8 and L9: Small employers and own account workers,161,104,57
E01003484,"L1, L2 and L3: Higher managerial, administrative and professional occupations",116,100,16
E01003484,L10 and L11: Lower supervisory and technical occupations,67,72,-5
E01003484,L12: Semi-routine occupations,116,126,-10
E01003484,L13: Routine occupations,191,115,76
E01003484,L14.1 and L14.2: Never worked and long-term unemployed,132,121,11
E01003484,L15: Full-time students,167,170,-3
E01003484,"L4, L5 and L6: Lower managerial, administrative and professional occupations",190,204,-14
E01003484,L7: Intermediate occupations,107,123,-16
E01003484,L8 and L9: Small employers and own account workers,298,190,108
E01003485,"L1, L2 and L3: Higher managerial, administrative and professional occupations",130,82,48
E01003485,L10 and L11: Lower supervisory and technical occupations,79,81,-2
E01003485,L12: Semi-routine occupations,138,142,-4
E01003485,L13: Routine occupations,157,94,63
E01003485,L14.1 and L14.2: Never worked and long-term unemployed,139,109,30
E01003485,L15: Full-time students,153,137,16
E01003485,"L4, L5 and L6: Lower managerial, administrative and professional occupations",174,181,-7
E01003485,L7: Intermediate occupations,114,127,-13
E01003485,L8 and L9: Small employers and own account workers,256,195,61
E01003486,"L1, L2 and L3: Higher managerial, administrative and professional occupations",71,29,42
E01003486,L10 and L11: Lower supervisory and technical occupations,34,50,-16
E01003486,L12: Semi-routine occupations,137,124,13
E01003486,L13: Routine occupations,120,98,22
E01003486,L14.1 and L14.2: Never worked and long-term unemployed,229,162,67
E01003486,L15: Full-time students,87,157,-70
E01003486,"L4, L5 and L6: Lower managerial, administrative and professional occupations",116,107,9
E01003486,L7: Intermediate occupations,110,100,10
E01003486,L8 and L9: Small employers and own account workers,90,50,40
E01003487,"L1, L2 and L3: Higher managerial, administrative and professional occupations",79,33,46
E01003487,L10 and L11: Lower supervisory and technical occupations,41,44,-3
E01003487,L12: Semi-routine occupations,118,138,-20
E01003487,L13: Routine occupations,111,92,19
E01003487,L14.1 and L14.2: Never worked and long-term unemployed,244,185,59
E01003487,L15: Full-time students,118,141,-23
E01003487,"L4, L5 and L6: Lower managerial, administrative and professional occupations",149,130,19
E01003487,L7: Intermediate occupations,104,123,-19
E01003487,L8 and L9: Small employers and own account workers,106,102,4
E01003488,"L1, L2 and L3: Higher managerial, administrative and professional occupations",84,79,5
E01003488,L10 and L11: Lower supervisory and technical occupations,55,87,-32
E01003488,L12: Semi-routine occupations,184,226,-42
E01003488,L13: Routine occupations,183,148,35
E01003488,L14.1 and L14.2: Never worked and long-term unemployed,370,315,55
E01003488,L15: Full-time students,184,223,-39
E01003488,"L4, L5 and L6: Lower managerial, administrative and professional occupations",190,155,35
E01003488,L7: Intermediate occupations,172,160,12
E01003488,L8 and L9: Small employers and own account workers,116,123,-7
E01003489,"L1, L2 and L3: Higher managerial, administrative and professional occupations",265,43,222
E01003489,L10 and L11: Lower supervisory and technical occupations,75,69,6
E01003489,L12: Semi-routine occupations,266,190,76
E01003489,L13: Routine occupations,206,121,85
E01003489,L14.1 and L14.2: Never worked and long-term unemployed,429,241,188
E01003489,L15: Full-time students,347,282,65
E01003489,"L4, L5 and L6: Lower managerial, administrative and professional occupations",339,125,214
E01003489,L7: Intermediate occupations,182,76,106
E01003489,L8 and L9: Small employers and own account workers,199,92,107
E01003490,"L1, L2 and L3: Higher managerial, administrative and professional occupations",95,58,37
E01003490,L10 and L11: Lower supervisory and technical occupations,56,74,-18
E01003490,L12: Semi-routine occupations,171,151,20
E01003490,L13: Routine occupations,176,109,67
E01003490,L14.1 and L14.2: Never worked and long-term unemployed,301,197,104
E01003490,L15: Full-time students,198,244,-46
E01003490,"L4, L5 and L6: Lower managerial, administrative and professional occupations",176,121,55
E01003490,L7: Intermediate occupations,144,97,47
E01003490,L8 and L9: Small employers and own account workers,172,88,84
E01003491,"L1, L2 and L3: Higher managerial, administrative and professional occupations",93,72,21
E01003491,L10 and L11: Lower supervisory and technical occupations,65,73,-8
E01003491,L12: Semi-routine occupations,195,225,-30
E01003491,L13: Routine occupations,182,125,57
E01003491,L14.1 and L14.2: Never worked and long-term unemployed,349,274,75
E01003491,L15: Full-time students,181,370,-189
E01003491,"L4, L5 and L6: Lower managerial, administrative and professional occupations",189,146,43
E01003491,L7: Intermediate occupations,123,128,-5
E01003491,L8 and L9: Small employers and own account workers,179,125,54
E01003492,"L1, L2 and L3: Higher managerial, administrative and professional occupations",90,68,22
E01003492,L10 and L11: Lower supervisory and technical occupations,72,90,-18
E01003492,L12: Semi-routine occupations,177,187,-10
E01003492,L13: Routine occupations,181,134,47
E01003492,L14.1 and L14.2: Never worked and long-term unemployed,263,226,37
E01003492,L15: Full-time students,224,295,-71
E01003492,"L4, L5 and L6: Lower managerial, administrative and professional occupations",208,173,35
E01003492,L7: Intermediate occupations,129,115,14
E01003492,L8 and L9: Small employers and own account workers,216,145,71
E01003494,"L1, L2 and L3: Higher managerial, administrative and professional occupations",123,85,38
E01003494,L10 and L11: Lower supervisory and technical occupations,73,95,-22
E01003494,L12: Semi-routine occupations,139,169,-30
E01003494,L13: Routine occupations,162,123,39
E01003494,L14.1 and L14.2: Never worked and long-term unemployed,220,178,42
E01003494,L15: Full-time students,188,249,-61
E01003494,"L4, L5 and L6: Lower managerial, administrative and professional occupations",270,220,50
E01003494,L7: Intermediate occupations,151,172,-21
E01003494,L8 and L9: Small employers and own account workers,245,128,117
E01003495,"L1, L2 and L3: Higher managerial, administrative and professional occupations",150,113,37
E01003495,L10 and L11: Lower supervisory and technical occupations,65,109,-44
E01003495,L12: Semi-routine occupations,133,179,-46
E01003495,L13: Routine occupations,158,132,26
E01003495,L14.1 and L14.2: Never worked and long-term unemployed,196,139,57
E01003495,L15: Full-time students,181,237,-56
E01003495,"L4, L5 and L6: Lower managerial, administrative and professional occupations",273,274,-1
E01003495,L7: Intermediate occupations,174,186,-12
E01003495,L8 and L9: Small employers and own account workers,207,144,63
E01003496,"L1, L2 and L3: Higher managerial, administrative and professional occupations",93,72,21
E01003496,L10 and L11: Lower supervisory and technical occupations,59,61,-2
E01003496,L12: Semi-routine occupations,124,149,-25
E01003496,L13: Routine occupations,132,99,33
E01003496,L14.1 and L14.2: Never worked and long-term unemployed,172,132,40
E01003496,L15: Full-time students,99,210,-111
E01003496,"L4, L5 and L6: Lower managerial, administrative and professional occupations",194,201,-7
E01003496,L7: Intermediate occupations,105,125,-20
E01003496,L8 and L9: Small employers and own account workers,123,97,26
E01003497,"L1, L2 and L3: Higher managerial, administrative and professional occupations",90,49,41
E01003497,L10 and L11: Lower supervisory and technical occupations,50,96,-46
E01003497,L12: Semi-routine occupations,169,208,-39
E01003497,L13: Routine occupations,203,174,29
E01003497,L14.1 and L14.2: Never worked and long-term unemployed,206,148,58
E01003497,L15: Full-time students,171,166,5
E01003497,"L4, L5 and L6: Lower managerial, administrative and professional occupations",177,147,30
E01003497,L7: Intermediate occupations,112,118,-6
E01003497,L8 and L9: Small employers and own account workers,164,169,-5
E01003498,"L1, L2 and L3: Higher managerial, administrative and professional occupations",109,52,57
E01003498,L10 and L11: Lower supervisory and technical occupations,73,89,-16
E01003498,L12: Semi-routine occupations,187,207,-20
E01003498,L13: Routine occupations,206,155,51
E01003498,L14.1 and L14.2: Never worked and long-term unemployed,215,168,47
E01003498,L15: Full-time students,191,218,-27
E01003498,"L4, L5 and L6: Lower managerial, administrative and professional occupations",220,179,41
E01003498,L7: Intermediate occupations,111,96,15
E01003498,L8 and L9: Small employers and own account workers,184,123,61
E01003499,"L1, L2 and L3: Higher managerial, administrative and professional occupations",98,46,52
E01003499,L10 and L11: Lower supervisory and technical occupations,82,107,-25
E01003499,L12: Semi-routine occupations,241,212,29
E01003499,L13: Routine occupations,275,201,74
E01003499,L14.1 and L14.2: Never worked and long-term unemployed,337,246,91
E01003499,L15: Full-time students,238,249,-11
E01003499,"L4, L5 and L6: Lower managerial, administrative and professional occupations",214,192,22
E01003499,L7: Intermediate occupations,164,123,41
E01003499,L8 and L9: Small employers and own account workers,190,171,19
E01003500,"L1, L2 and L3: Higher managerial, administrative and professional occupations",135,76,59
E01003500,L10 and L11: Lower supervisory and technical occupations,81,107,-26
E01003500,L12: Semi-routine occupations,187,188,-1
E01003500,L13: Routine occupations,205,166,39
E01003500,L14.1 and L14.2: Never worked and long-term unemployed,225,211,14
E01003500,L15: Full-time students,209,206,3
E01003500,"L4, L5 and L6: Lower managerial, administrative and professional occupations",266,213,53
E01003500,L7: Intermediate occupations,116,149,-33
E01003500,L8 and L9: Small employers and own account workers,231,176,55
E01003501,"L1, L2 and L3: Higher managerial, administrative and professional occupations",102,66,36
E01003501,L10 and L11: Lower supervisory and technical occupations,95,106,-11
E01003501,L12: Semi-routine occupations,197,199,-2
E01003501,L13: Routine occupations,320,201,119
E01003501,L14.1 and L14.2: Never worked and long-term unemployed,287,225,62
E01003501,L15: Full-time students,222,245,-23
E01003501,"L4, L5 and L6: Lower managerial, administrative and professional occupations",250,179,71
E01003501,L7: Intermediate occupations,159,147,12
E01003501,L8 and L9: Small employers and own account workers,232,144,88
E01003502,"L1, L2 and L3: Higher managerial, administrative and professional occupations",113,46,67
E01003502,L10 and L11: Lower supervisory and technical occupations,113,80,33
E01003502,L12: Semi-routine occupations,259,188,71
E01003502,L13: Routine occupations,265,186,79
E01003502,L14.1 and L14.2: Never worked and long-term unemployed,291,199,92
E01003502,L15: Full-time students,391,259,132
E01003502,"L4, L5 and L6: Lower managerial, administrative and professional occupations",239,178,61
E01003502,L7: Intermediate occupations,143,113,30
E01003502,L8 and L9: Small employers and own account workers,276,151,125
E01003503,"L1, L2 and L3: Higher managerial, administrative and professional occupations",455,46,409
E01003503,L10 and L11: Lower supervisory and technical occupations,116,81,35
E01003503,L12: Semi-routine occupations,230,182,48
E01003503,L13: Routine occupations,221,156,65
E01003503,L14.1 and L14.2: Never worked and long-term unemployed,268,214,54
E01003503,L15: Full-time students,229,186,43
E01003503,"L4, L5 and L6: Lower managerial, administrative and professional occupations",494,160,334
E01003503,L7: Intermediate occupations,201,106,95
E01003503,L8 and L9: Small employers and own account workers,208,110,98
E01003506,"L1, L2 and L3: Higher managerial, administrative and professional occupations",69,42,27
E01003506,L10 and L11: Lower supervisory and technical occupations,68,67,1
E01003506,L12: Semi-routine occupations,136,182,-46
E01003506,L13: Routine occupations,148,147,1
E01003506,L14.1 and L14.2: Never worked and long-term unemployed,171,143,28
E01003506,L15: Full-time students,137,177,-40
E01003506,"L4, L5 and L6: Lower managerial, administrative and professional occupations",139,108,31
E01003506,L7: Intermediate occupations,113,105,8
E01003506,L8 and L9: Small employers and own account workers,141,102,39
E01003507,"L1, L2 and L3: Higher managerial, administrative and professional occupations",115,60,55
E01003507,L10 and L11: Lower supervisory and technical occupations,82,96,-14
E01003507,L12: Semi-routine occupations,204,192,12
E01003507,L13: Routine occupations,245,192,53
E01003507,L14.1 and L14.2: Never worked and long-term unemployed,281,214,67
E01003507,L15: Full-time students,217,222,-5
E01003507,"L4, L5 and L6: Lower managerial, administrative and professional occupations",246,242,4
E01003507,L7: Intermediate occupations,148,143,5
E01003507,L8 and L9: Small employers and own account workers,256,181,75
E01003508,"L1, L2 and L3: Higher managerial, administrative and professional occupations",272,47,225
E01003508,L10 and L11: Lower supervisory and technical occupations,103,68,35
E01003508,L12: Semi-routine occupations,203,143,60
E01003508,L13: Routine occupations,234,151,83
E01003508,L14.1 and L14.2: Never worked and long-term unemployed,211,166,45
E01003508,L15: Full-time students,229,191,38
E01003508,"L4, L5 and L6: Lower managerial, administrative and professional occupations",331,140,191
E01003508,L7: Intermediate occupations,168,90,78
E01003508,L8 and L9: Small employers and own account workers,238,134,104
E01003509,"L1, L2 and L3: Higher managerial, administrative and professional occupations",90,67,23
E01003509,L10 and L11: Lower supervisory and technical occupations,63,96,-33
E01003509,L12: Semi-routine occupations,178,196,-18
E01003509,L13: Routine occupations,230,184,46
E01003509,L14.1 and L14.2: Never worked and long-term unemployed,210,175,35
E01003509,L15: Full-time students,155,170,-15
E01003509,"L4, L5 and L6: Lower managerial, administrative and professional occupations",203,188,15
E01003509,L7: Intermediate occupations,161,164,-3
E01003509,L8 and L9: Small employers and own account workers,264,203,61
E01003511,"L1, L2 and L3: Higher managerial, administrative and professional occupations",172,29,143
E01003511,L10 and L11: Lower supervisory and technical occupations,81,70,11
E01003511,L12: Semi-routine occupations,161,123,38
E01003511,L13: Routine occupations,187,116,71
E01003511,L14.1 and L14.2: Never worked and long-term unemployed,227,139,88
E01003511,L15: Full-time students,164,156,8
E01003511,"L4, L5 and L6: Lower managerial, administrative and professional occupations",247,112,135
E01003511,L7: Intermediate occupations,146,91,55
E01003511,L8 and L9: Small employers and own account workers,148,57,91
E01003512,"L1, L2 and L3: Higher managerial, administrative and professional occupations",99,50,49
E01003512,L10 and L11: Lower supervisory and technical occupations,95,76,19
E01003512,L12: Semi-routine occupations,166,188,-22
E01003512,L13: Routine occupations,204,188,16
E01003512,L14.1 and L14.2: Never worked and long-term unemployed,229,159,70
E01003512,L15: Full-time students,206,204,2
E01003512,"L4, L5 and L6: Lower managerial, administrative and professional occupations",232,170,62
E01003512,L7: Intermediate occupations,115,118,-3
E01003512,L8 and L9: Small employers and own account workers,257,176,81
E01003513,"L1, L2 and L3: Higher managerial, administrative and professional occupations",116,97,19
E01003513,L10 and L11: Lower supervisory and technical occupations,68,63,5
E01003513,L12: Semi-routine occupations,116,114,2
E01003513,L13: Routine occupations,128,129,-1
E01003513,L14.1 and L14.2: Never worked and long-term unemployed,117,98,19
E01003513,L15: Full-time students,137,182,-45
E01003513,"L4, L5 and L6: Lower managerial, administrative and professional occupations",194,176,18
E01003513,L7: Intermediate occupations,96,128,-32
E01003513,L8 and L9: Small employers and own account workers,236,184,52
E01003514,"L1, L2 and L3: Higher managerial, administrative and professional occupations",74,48,26
E01003514,L10 and L11: Lower supervisory and technical occupations,56,74,-18
E01003514,L12: Semi-routine occupations,136,141,-5
E01003514,L13: Routine occupations,186,135,51
E01003514,L14.1 and L14.2: Never worked and long-term unemployed,203,171,32
E01003514,L15: Full-time students,205,125,80
E01003514,"L4, L5 and L6: Lower managerial, administrative and professional occupations",169,124,45
E01003514,L7: Intermediate occupations,97,126,-29
E01003514,L8 and L9: Small employers and own account workers,172,142,30
E01003515,"L1, L2 and L3: Higher managerial, administrative and professional occupations",119,47,72
E01003515,L10 and L11: Lower supervisory and technical occupations,85,90,-5
E01003515,L12: Semi-routine occupations,191,193,-2
E01003515,L13: Routine occupations,231,165,66
E01003515,L14.1 and L14.2: Never worked and long-term unemployed,328,165,163
E01003515,L15: Full-time students,186,176,10
E01003515,"L4, L5 and L6: Lower managerial, administrative and professional occupations",221,181,40
E01003515,L7: Intermediate occupations,142,137,5
E01003515,L8 and L9: Small employers and own account workers,177,117,60
E01003516,"L1, L2 and L3: Higher managerial, administrative and professional occupations",69,52,17
E01003516,L10 and L11: Lower supervisory and technical occupations,63,82,-19
E01003516,L12: Semi-routine occupations,171,184,-13
E01003516,L13: Routine occupations,214,202,12
E01003516,L14.1 and L14.2: Never worked and long-term unemployed,227,193,34
E01003516,L15: Full-time students,211,182,29
E01003516,"L4, L5 and L6: Lower managerial, administrative and professional occupations",193,159,34
E01003516,L7: Intermediate occupations,135,122,13
E01003516,L8 and L9: Small employers and own account workers,191,151,40
E01003517,"L1, L2 and L3: Higher managerial, administrative and professional occupations",95,55,40
E01003517,L10 and L11: Lower supervisory and technical occupations,66,99,-33
E01003517,L12: Semi-routine occupations,188,176,12
E01003517,L13: Routine occupations,184,133,51
E01003517,L14.1 and L14.2: Never worked and long-term unemployed,255,143,112
E01003517,L15: Full-time students,166,206,-40
E01003517,"L4, L5 and L6: Lower managerial, administrative and professional occupations",183,151,32
E01003517,L7: Intermediate occupations,132,137,-5
E01003517,L8 and L9: Small employers and own account workers,158,131,27
E01003518,"L1, L2 and L3: Higher managerial, administrative and professional occupations",119,103,16
E01003518,L10 and L11: Lower supervisory and technical occupations,63,88,-25
E01003518,L12: Semi-routine occupations,125,141,-16
E01003518,L13: Routine occupations,143,143,0
E01003518,L14.1 and L14.2: Never worked and long-term unemployed,135,102,33
E01003518,L15: Full-time students,123,139,-16
E01003518,"L4, L5 and L6: Lower managerial, administrative and professional occupations",208,206,2
E01003518,L7: Intermediate occupations,118,115,3
E01003518,L8 and L9: Small employers and own account workers,224,172,52
E01003519,"L1, L2 and L3: Higher managerial, administrative and professional occupations",79,63,16
E01003519,L10 and L11: Lower supervisory and technical occupations,76,74,2
E01003519,L12: Semi-routine occupations,151,180,-29
E01003519,L13: Routine occupations,193,161,32
E01003519,L14.1 and L14.2: Never worked and long-term unemployed,135,124,11
E01003519,L15: Full-time students,198,200,-2
E01003519,"L4, L5 and L6: Lower managerial, administrative and professional occupations",151,153,-2
E01003519,L7: Intermediate occupations,86,105,-19
E01003519,L8 and L9: Small employers and own account workers,254,144,110
E01003520,"L1, L2 and L3: Higher managerial, administrative and professional occupations",93,80,13
E01003520,L10 and L11: Lower supervisory and technical occupations,64,61,3
E01003520,L12: Semi-routine occupations,188,210,-22
E01003520,L13: Routine occupations,172,116,56
E01003520,L14.1 and L14.2: Never worked and long-term unemployed,293,250,43
E01003520,L15: Full-time students,213,413,-200
E01003520,"L4, L5 and L6: Lower managerial, administrative and professional occupations",157,173,-16
E01003520,L7: Intermediate occupations,143,134,9
E01003520,L8 and L9: Small employers and own account workers,221,93,128
E01003521,"L1, L2 and L3: Higher managerial, administrative and professional occupations",150,177,-27
E01003521,L10 and L11: Lower supervisory and technical occupations,55,76,-21
E01003521,L12: Semi-routine occupations,217,310,-93
E01003521,L13: Routine occupations,184,127,57
E01003521,L14.1 and L14.2: Never worked and long-term unemployed,304,240,64
E01003521,L15: Full-time students,216,441,-225
E01003521,"L4, L5 and L6: Lower managerial, administrative and professional occupations",203,196,7
E01003521,L7: Intermediate occupations,129,118,11
E01003521,L8 and L9: Small employers and own account workers,247,119,128
E01003522,"L1, L2 and L3: Higher managerial, administrative and professional occupations",84,66,18
E01003522,L10 and L11: Lower supervisory and technical occupations,63,94,-31
E01003522,L12: Semi-routine occupations,170,206,-36
E01003522,L13: Routine occupations,171,92,79
E01003522,L14.1 and L14.2: Never worked and long-term unemployed,289,234,55
E01003522,L15: Full-time students,185,294,-109
E01003522,"L4, L5 and L6: Lower managerial, administrative and professional occupations",167,161,6
E01003522,L7: Intermediate occupations,113,131,-18
E01003522,L8 and L9: Small employers and own account workers,171,91,80
E01003523,"L1, L2 and L3: Higher managerial, administrative and professional occupations",85,59,26
E01003523,L10 and L11: Lower supervisory and technical occupations,116,97,19
E01003523,L12: Semi-routine occupations,202,207,-5
E01003523,L13: Routine occupations,192,130,62
E01003523,L14.1 and L14.2: Never worked and long-term unemployed,379,234,145
E01003523,L15: Full-time students,212,291,-79
E01003523,"L4, L5 and L6: Lower managerial, administrative and professional occupations",229,190,39
E01003523,L7: Intermediate occupations,166,128,38
E01003523,L8 and L9: Small employers and own account workers,323,129,194
E01003524,"L1, L2 and L3: Higher managerial, administrative and professional occupations",76,57,19
E01003524,L10 and L11: Lower supervisory and technical occupations,52,89,-37
E01003524,L12: Semi-routine occupations,223,211,12
E01003524,L13: Routine occupations,179,139,40
E01003524,L14.1 and L14.2: Never worked and long-term unemployed,293,287,6
E01003524,L15: Full-time students,203,360,-157
E01003524,"L4, L5 and L6: Lower managerial, administrative and professional occupations",152,145,7
E01003524,L7: Intermediate occupations,139,126,13
E01003524,L8 and L9: Small employers and own account workers,161,106,55
E01003525,"L1, L2 and L3: Higher managerial, administrative and professional occupations",91,89,2
E01003525,L10 and L11: Lower supervisory and technical occupations,76,104,-28
E01003525,L12: Semi-routine occupations,146,185,-39
E01003525,L13: Routine occupations,192,118,74
E01003525,L14.1 and L14.2: Never worked and long-term unemployed,309,267,42
E01003525,L15: Full-time students,244,297,-53
E01003525,"L4, L5 and L6: Lower managerial, administrative and professional occupations",190,186,4
E01003525,L7: Intermediate occupations,136,107,29
E01003525,L8 and L9: Small employers and own account workers,175,132,43
E01003526,"L1, L2 and L3: Higher managerial, administrative and professional occupations",100,71,29
E01003526,L10 and L11: Lower supervisory and technical occupations,48,75,-27
E01003526,L12: Semi-routine occupations,150,153,-3
E01003526,L13: Routine occupations,155,132,23
E01003526,L14.1 and L14.2: Never worked and long-term unemployed,284,284,0
E01003526,L15: Full-time students,190,268,-78
E01003526,"L4, L5 and L6: Lower managerial, administrative and professional occupations",197,175,22
E01003526,L7: Intermediate occupations,133,110,23
E01003526,L8 and L9: Small employers and own account workers,163,123,40
E01003527,"L1, L2 and L3: Higher managerial, administrative and professional occupations",130,76,54
E01003527,L10 and L11: Lower supervisory and technical occupations,61,78,-17
E01003527,L12: Semi-routine occupations,142,148,-6
E01003527,L13: Routine occupations,128,93,35
E01003527,L14.1 and L14.2: Never worked and long-term unemployed,183,150,33
E01003527,L15: Full-time students,176,187,-11
E01003527,"L4, L5 and L6: Lower managerial, administrative and professional occupations",238,216,22
E01003527,L7: Intermediate occupations,139,159,-20
E01003527,L8 and L9: Small employers and own account workers,186,132,54
E01003528,"L1, L2 and L3: Higher managerial, administrative and professional occupations",30,30,0
E01003528,L10 and L11: Lower supervisory and technical occupations,51,53,-2
E01003528,L12: Semi-routine occupations,140,137,3
E01003528,L13: Routine occupations,109,86,23
E01003528,L14.1 and L14.2: Never worked and long-term unemployed,182,171,11
E01003528,L15: Full-time students,119,193,-74
E01003528,"L4, L5 and L6: Lower managerial, administrative and professional occupations",130,106,24
E01003528,L7: Intermediate occupations,97,88,9
E01003528,L8 and L9: Small employers and own account workers,107,69,38
E01003529,"L1, L2 and L3: Higher managerial, administrative and professional occupations",168,113,55
E01003529,L10 and L11: Lower supervisory and technical occupations,83,87,-4
E01003529,L12: Semi-routine occupations,223,239,-16
E01003529,L13: Routine occupations,232,130,102
E01003529,L14.1 and L14.2: Never worked and long-term unemployed,432,358,74
E01003529,L15: Full-time students,197,375,-178
E01003529,"L4, L5 and L6: Lower managerial, administrative and professional occupations",229,205,24
E01003529,L7: Intermediate occupations,181,200,-19
E01003529,L8 and L9: Small employers and own account workers,199,143,56
E01003530,"L1, L2 and L3: Higher managerial, administrative and professional occupations",117,91,26
E01003530,L10 and L11: Lower supervisory and technical occupations,63,67,-4
E01003530,L12: Semi-routine occupations,120,167,-47
E01003530,L13: Routine occupations,195,112,83
E01003530,L14.1 and L14.2: Never worked and long-term unemployed,266,213,53
E01003530,L15: Full-time students,199,370,-171
E01003530,"L4, L5 and L6: Lower managerial, administrative and professional occupations",191,156,35
E01003530,L7: Intermediate occupations,130,127,3
E01003530,L8 and L9: Small employers and own account workers,225,82,143
E01003531,"L1, L2 and L3: Higher managerial, administrative and professional occupations",110,90,20
E01003531,L10 and L11: Lower supervisory and technical occupations,53,92,-39
E01003531,L12: Semi-routine occupations,185,186,-1
E01003531,L13: Routine occupations,201,115,86
E01003531,L14.1 and L14.2: Never worked and long-term unemployed,357,243,114
E01003531,L15: Full-time students,226,364,-138
E01003531,"L4, L5 and L6: Lower managerial, administrative and professional occupations",193,169,24
E01003531,L7: Intermediate occupations,201,155,46
E01003531,L8 and L9: Small employers and own account workers,165,112,53
E01003532,"L1, L2 and L3: Higher managerial, administrative and professional occupations",169,112,57
E01003532,L10 and L11: Lower supervisory and technical occupations,88,68,20
E01003532,L12: Semi-routine occupations,169,202,-33
E01003532,L13: Routine occupations,179,131,48
E01003532,L14.1 and L14.2: Never worked and long-term unemployed,302,263,39
E01003532,L15: Full-time students,298,327,-29
E01003532,"L4, L5 and L6: Lower managerial, administrative and professional occupations",246,174,72
E01003532,L7: Intermediate occupations,190,168,22
E01003532,L8 and L9: Small employers and own account workers,225,89,136
E01003533,"L1, L2 and L3: Higher managerial, administrative and professional occupations",114,58,56
E01003533,L10 and L11: Lower supervisory and technical occupations,74,75,-1
E01003533,L12: Semi-routine occupations,212,187,25
E01003533,L13: Routine occupations,176,107,69
E01003533,L14.1 and L14.2: Never worked and long-term unemployed,395,249,146
E01003533,L15: Full-time students,267,262,5
E01003533,"L4, L5 and L6: Lower managerial, administrative and professional occupations",205,167,38
E01003533,L7: Intermediate occupations,147,158,-11
E01003533,L8 and L9: Small employers and own account workers,173,111,62
E01003534,"L1, L2 and L3: Higher managerial, administrative and professional occupations",99,82,17
E01003534,L10 and L11: Lower supervisory and technical occupations,75,75,0
E01003534,L12: Semi-routine occupations,211,218,-7
E01003534,L13: Routine occupations,226,126,100
E01003534,L14.1 and L14.2: Never worked and long-term unemployed,372,327,45
E01003534,L15: Full-time students,234,371,-137
E01003534,"L4, L5 and L6: Lower managerial, administrative and professional occupations",196,209,-13
E01003534,L7: Intermediate occupations,164,166,-2
E01003534,L8 and L9: Small employers and own account workers,183,152,31
E01003535,"L1, L2 and L3: Higher managerial, administrative and professional occupations",63,44,19
E01003535,L10 and L11: Lower supervisory and technical occupations,60,75,-15
E01003535,L12: Semi-routine occupations,202,161,41
E01003535,L13: Routine occupations,168,116,52
E01003535,L14.1 and L14.2: Never worked and long-term unemployed,290,211,79
E01003535,L15: Full-time students,174,219,-45
E01003535,"L4, L5 and L6: Lower managerial, administrative and professional occupations",157,113,44
E01003535,L7: Intermediate occupations,130,133,-3
E01003535,L8 and L9: Small employers and own account workers,135,96,39
E01003536,"L1, L2 and L3: Higher managerial, administrative and professional occupations",90,58,32
E01003536,L10 and L11: Lower supervisory and technical occupations,68,65,3
E01003536,L12: Semi-routine occupations,193,175,18
E01003536,L13: Routine occupations,203,130,73
E01003536,L14.1 and L14.2: Never worked and long-term unemployed,211,182,29
E01003536,L15: Full-time students,198,212,-14
E01003536,"L4, L5 and L6: Lower managerial, administrative and professional occupations",218,175,43
E01003536,L7: Intermediate occupations,126,152,-26
E01003536,L8 and L9: Small employers and own account workers,211,126,85
E01003537,"L1, L2 and L3: Higher managerial, administrative and professional occupations",109,71,38
E01003537,L10 and L11: Lower supervisory and technical occupations,84,93,-9
E01003537,L12: Semi-routine occupations,173,206,-33
E01003537,L13: Routine occupations,213,150,63
E01003537,L14.1 and L14.2: Never worked and long-term unemployed,227,175,52
E01003537,L15: Full-time students,202,224,-22
E01003537,"L4, L5 and L6: Lower managerial, administrative and professional occupations",224,233,-9
E01003537,L7: Intermediate occupations,131,161,-30
E01003537,L8 and L9: Small employers and own account workers,239,159,80
E01003538,"L1, L2 and L3: Higher managerial, administrative and professional occupations",69,58,11
E01003538,L10 and L11: Lower supervisory and technical occupations,90,70,20
E01003538,L12: Semi-routine occupations,190,201,-11
E01003538,L13: Routine occupations,215,163,52
E01003538,L14.1 and L14.2: Never worked and long-term unemployed,288,228,60
E01003538,L15: Full-time students,206,223,-17
E01003538,"L4, L5 and L6: Lower managerial, administrative and professional occupations",215,203,12
E01003538,L7: Intermediate occupations,156,132,24
E01003538,L8 and L9: Small employers and own account workers,221,126,95
E01003539,"L1, L2 and L3: Higher managerial, administrative and professional occupations",122,90,32
E01003539,L10 and L11: Lower supervisory and technical occupations,79,90,-11
E01003539,L12: Semi-routine occupations,219,194,25
E01003539,L13: Routine occupations,220,164,56
E01003539,L14.1 and L14.2: Never worked and long-term unemployed,262,213,49
E01003539,L15: Full-time students,234,233,1
E01003539,"L4, L5 and L6: Lower managerial, administrative and professional occupations",229,206,23
E01003539,L7: Intermediate occupations,165,159,6
E01003539,L8 and L9: Small employers and own account workers,329,163,166
E01003540,"L1, L2 and L3: Higher managerial, administrative and professional occupations",102,45,57
E01003540,L10 and L11: Lower supervisory and technical occupations,80,85,-5
E01003540,L12: Semi-routine occupations,164,183,-19
E01003540,L13: Routine occupations,183,140,43
E01003540,L14.1 and L14.2: Never worked and long-term unemployed,277,196,81
E01003540,L15: Full-time students,179,212,-33
E01003540,"L4, L5 and L6: Lower managerial, administrative and professional occupations",185,149,36
E01003540,L7: Intermediate occupations,141,120,21
E01003540,L8 and L9: Small employers and own account workers,170,124,46
E01003541,"L1, L2 and L3: Higher managerial, administrative and professional occupations",92,45,47
E01003541,L10 and L11: Lower supervisory and technical occupations,70,71,-1
E01003541,L12: Semi-routine occupations,145,166,-21
E01003541,L13: Routine occupations,185,138,47
E01003541,L14.1 and L14.2: Never worked and long-term unemployed,220,146,74
E01003541,L15: Full-time students,186,231,-45
E01003541,"L4, L5 and L6: Lower managerial, administrative and professional occupations",202,190,12
E01003541,L7: Intermediate occupations,131,135,-4
E01003541,L8 and L9: Small employers and own account workers,245,137,108
E01003542,"L1, L2 and L3: Higher managerial, administrative and professional occupations",70,40,30
E01003542,L10 and L11: Lower supervisory and technical occupations,73,96,-23
E01003542,L12: Semi-routine occupations,219,191,28
E01003542,L13: Routine occupations,178,159,19
E01003542,L14.1 and L14.2: Never worked and long-term unemployed,299,204,95
E01003542,L15: Full-time students,270,196,74
E01003542,"L4, L5 and L6: Lower managerial, administrative and professional occupations",231,159,72
E01003542,L7: Intermediate occupations,153,140,13
E01003542,L8 and L9: Small employers and own account workers,178,107,71
E01003543,"L1, L2 and L3: Higher managerial, administrative and professional occupations",238,128,110
E01003543,L10 and L11: Lower supervisory and technical occupations,87,92,-5
E01003543,L12: Semi-routine occupations,165,219,-54
E01003543,L13: Routine occupations,180,191,-11
E01003543,L14.1 and L14.2: Never worked and long-term unemployed,214,186,28
E01003543,L15: Full-time students,192,289,-97
E01003543,"L4, L5 and L6: Lower managerial, administrative and professional occupations",368,392,-24
E01003543,L7: Intermediate occupations,177,167,10
E01003543,L8 and L9: Small employers and own account workers,244,204,40
E01003544,"L1, L2 and L3: Higher managerial, administrative and professional occupations",161,52,109
E01003544,L10 and L11: Lower supervisory and technical occupations,79,70,9
E01003544,L12: Semi-routine occupations,147,171,-24
E01003544,L13: Routine occupations,158,167,-9
E01003544,L14.1 and L14.2: Never worked and long-term unemployed,200,198,2
E01003544,L15: Full-time students,134,213,-79
E01003544,"L4, L5 and L6: Lower managerial, administrative and professional occupations",271,241,30
E01003544,L7: Intermediate occupations,110,129,-19
E01003544,L8 and L9: Small employers and own account workers,185,216,-31
E01003545,"L1, L2 and L3: Higher managerial, administrative and professional occupations",129,72,57
E01003545,L10 and L11: Lower supervisory and technical occupations,59,85,-26
E01003545,L12: Semi-routine occupations,161,148,13
E01003545,L13: Routine occupations,170,122,48
E01003545,L14.1 and L14.2: Never worked and long-term unemployed,180,145,35
E01003545,L15: Full-time students,159,229,-70
E01003545,"L4, L5 and L6: Lower managerial, administrative and professional occupations",228,212,16
E01003545,L7: Intermediate occupations,121,146,-25
E01003545,L8 and L9: Small employers and own account workers,217,116,101
E01003546,"L1, L2 and L3: Higher managerial, administrative and professional occupations",105,51,54
E01003546,L10 and L11: Lower supervisory and technical occupations,46,66,-20
E01003546,L12: Semi-routine occupations,152,217,-65
E01003546,L13: Routine occupations,157,104,53
E01003546,L14.1 and L14.2: Never worked and long-term unemployed,207,211,-4
E01003546,L15: Full-time students,157,257,-100
E01003546,"L4, L5 and L6: Lower managerial, administrative and professional occupations",248,220,28
E01003546,L7: Intermediate occupations,140,127,13
E01003546,L8 and L9: Small employers and own account workers,191,112,79
E01003547,"L1, L2 and L3: Higher managerial, administrative and professional occupations",210,140,70
E01003547,L10 and L11: Lower supervisory and technical occupations,71,69,2
E01003547,L12: Semi-routine occupations,137,152,-15
E01003547,L13: Routine occupations,135,112,23
E01003547,L14.1 and L14.2: Never worked and long-term unemployed,186,124,62
E01003547,L15: Full-time students,145,248,-103
E01003547,"L4, L5 and L6: Lower managerial, administrative and professional occupations",341,346,-5
E01003547,L7: Intermediate occupations,150,154,-4
E01003547,L8 and L9: Small employers and own account workers,235,139,96
E01003548,"L1, L2 and L3: Higher managerial, administrative and professional occupations",206,86,120
E01003548,L10 and L11: Lower supervisory and technical occupations,99,104,-5
E01003548,L12: Semi-routine occupations,183,180,3
E01003548,L13: Routine occupations,221,168,53
E01003548,L14.1 and L14.2: Never worked and long-term unemployed,207,170,37
E01003548,L15: Full-time students,207,434,-227
E01003548,"L4, L5 and L6: Lower managerial, administrative and professional occupations",312,286,26
E01003548,L7: Intermediate occupations,137,161,-24
E01003548,L8 and L9: Small employers and own account workers,309,248,61
E01003549,"L1, L2 and L3: Higher managerial, administrative and professional occupations",182,95,87
E01003549,L10 and L11: Lower supervisory and technical occupations,83,100,-17
E01003549,L12: Semi-routine occupations,184,205,-21
E01003549,L13: Routine occupations,190,167,23
E01003549,L14.1 and L14.2: Never worked and long-term unemployed,228,159,69
E01003549,L15: Full-time students,208,308,-100
E01003549,"L4, L5 and L6: Lower managerial, administrative and professional occupations",310,269,41
E01003549,L7: Intermediate occupations,132,182,-50
E01003549,L8 and L9: Small employers and own account workers,193,199,-6
E01003550,"L1, L2 and L3: Higher managerial, administrative and professional occupations",111,84,27
E01003550,L10 and L11: Lower supervisory and technical occupations,59,67,-8
E01003550,L12: Semi-routine occupations,132,171,-39
E01003550,L13: Routine occupations,170,117,53
E01003550,L14.1 and L14.2: Never worked and long-term unemployed,196,177,19
E01003550,L15: Full-time students,137,221,-84
E01003550,"L4, L5 and L6: Lower managerial, administrative and professional occupations",257,229,28
E01003550,L7: Intermediate occupations,103,135,-32
E01003550,L8 and L9: Small employers and own account workers,207,115,92
E01003551,"L1, L2 and L3: Higher managerial, administrative and professional occupations",103,82,21
E01003551,L10 and L11: Lower supervisory and technical occupations,79,64,15
E01003551,L12: Semi-routine occupations,124,157,-33
E01003551,L13: Routine occupations,188,107,81
E01003551,L14.1 and L14.2: Never worked and long-term unemployed,273,199,74
E01003551,L15: Full-time students,151,282,-131
E01003551,"L4, L5 and L6: Lower managerial, administrative and professional occupations",225,239,-14
E01003551,L7: Intermediate occupations,116,123,-7
E01003551,L8 and L9: Small employers and own account workers,246,129,117
E01003552,"L1, L2 and L3: Higher managerial, administrative and professional occupations",116,74,42
E01003552,L10 and L11: Lower supervisory and technical occupations,67,74,-7
E01003552,L12: Semi-routine occupations,132,163,-31
E01003552,L13: Routine occupations,131,105,26
E01003552,L14.1 and L14.2: Never worked and long-term unemployed,220,212,8
E01003552,L15: Full-time students,151,197,-46
E01003552,"L4, L5 and L6: Lower managerial, administrative and professional occupations",188,176,12
E01003552,L7: Intermediate occupations,98,100,-2
E01003552,L8 and L9: Small employers and own account workers,168,171,-3
E01003553,"L1, L2 and L3: Higher managerial, administrative and professional occupations",133,80,53
E01003553,L10 and L11: Lower supervisory and technical occupations,87,117,-30
E01003553,L12: Semi-routine occupations,180,175,5
E01003553,L13: Routine occupations,177,153,24
E01003553,L14.1 and L14.2: Never worked and long-term unemployed,253,176,77
E01003553,L15: Full-time students,214,283,-69
E01003553,"L4, L5 and L6: Lower managerial, administrative and professional occupations",246,201,45
E01003553,L7: Intermediate occupations,122,139,-17
E01003553,L8 and L9: Small employers and own account workers,187,148,39
E01003554,"L1, L2 and L3: Higher managerial, administrative and professional occupations",213,123,90
E01003554,L10 and L11: Lower supervisory and technical occupations,84,75,9
E01003554,L12: Semi-routine occupations,154,172,-18
E01003554,L13: Routine occupations,171,161,10
E01003554,L14.1 and L14.2: Never worked and long-term unemployed,199,139,60
E01003554,L15: Full-time students,162,261,-99
E01003554,"L4, L5 and L6: Lower managerial, administrative and professional occupations",294,297,-3
E01003554,L7: Intermediate occupations,120,120,0
E01003554,L8 and L9: Small employers and own account workers,247,190,57
E01003555,"L1, L2 and L3: Higher managerial, administrative and professional occupations",149,103,46
E01003555,L10 and L11: Lower supervisory and technical occupations,38,65,-27
E01003555,L12: Semi-routine occupations,130,172,-42
E01003555,L13: Routine occupations,117,107,10
E01003555,L14.1 and L14.2: Never worked and long-term unemployed,266,209,57
E01003555,L15: Full-time students,174,249,-75
E01003555,"L4, L5 and L6: Lower managerial, administrative and professional occupations",267,248,19
E01003555,L7: Intermediate occupations,116,109,7
E01003555,L8 and L9: Small employers and own account workers,222,157,65
E01003556,"L1, L2 and L3: Higher managerial, administrative and professional occupations",100,57,43
E01003556,L10 and L11: Lower supervisory and technical occupations,61,65,-4
E01003556,L12: Semi-routine occupations,157,170,-13
E01003556,L13: Routine occupations,182,111,71
E01003556,L14.1 and L14.2: Never worked and long-term unemployed,328,174,154
E01003556,L15: Full-time students,200,509,-309
E01003556,"L4, L5 and L6: Lower managerial, administrative and professional occupations",185,188,-3
E01003556,L7: Intermediate occupations,105,110,-5
E01003556,L8 and L9: Small employers and own account workers,157,118,39
E01003557,"L1, L2 and L3: Higher managerial, administrative and professional occupations",126,104,22
E01003557,L10 and L11: Lower supervisory and technical occupations,64,84,-20
E01003557,L12: Semi-routine occupations,172,194,-22
E01003557,L13: Routine occupations,157,139,18
E01003557,L14.1 and L14.2: Never worked and long-term unemployed,280,266,14
E01003557,L15: Full-time students,156,251,-95
E01003557,"L4, L5 and L6: Lower managerial, administrative and professional occupations",263,210,53
E01003557,L7: Intermediate occupations,124,153,-29
E01003557,L8 and L9: Small employers and own account workers,212,182,30
E01003558,"L1, L2 and L3: Higher managerial, administrative and professional occupations",70,44,26
E01003558,L10 and L11: Lower supervisory and technical occupations,63,61,2
E01003558,L12: Semi-routine occupations,157,144,13
E01003558,L13: Routine occupations,157,131,26
E01003558,L14.1 and L14.2: Never worked and long-term unemployed,269,221,48
E01003558,L15: Full-time students,142,262,-120
E01003558,"L4, L5 and L6: Lower managerial, administrative and professional occupations",168,133,35
E01003558,L7: Intermediate occupations,99,75,24
E01003558,L8 and L9: Small employers and own account workers,165,120,45
E01003559,"L1, L2 and L3: Higher managerial, administrative and professional occupations",288,251,37
E01003559,L10 and L11: Lower supervisory and technical occupations,83,118,-35
E01003559,L12: Semi-routine occupations,194,192,2
E01003559,L13: Routine occupations,227,187,40
E01003559,L14.1 and L14.2: Never worked and long-term unemployed,216,160,56
E01003559,L15: Full-time students,198,296,-98
E01003559,"L4, L5 and L6: Lower managerial, administrative and professional occupations",378,487,-109
E01003559,L7: Intermediate occupations,181,209,-28
E01003559,L8 and L9: Small employers and own account workers,239,224,15
E01003560,"L1, L2 and L3: Higher managerial, administrative and professional occupations",94,42,52
E01003560,L10 and L11: Lower supervisory and technical occupations,49,64,-15
E01003560,L12: Semi-routine occupations,171,188,-17
E01003560,L13: Routine occupations,169,124,45
E01003560,L14.1 and L14.2: Never worked and long-term unemployed,245,225,20
E01003560,L15: Full-time students,205,339,-134
E01003560,"L4, L5 and L6: Lower managerial, administrative and professional occupations",136,140,-4
E01003560,L7: Intermediate occupations,109,117,-8
E01003560,L8 and L9: Small employers and own account workers,146,109,37
E01003561,"L1, L2 and L3: Higher managerial, administrative and professional occupations",93,64,29
E01003561,L10 and L11: Lower supervisory and technical occupations,68,76,-8
E01003561,L12: Semi-routine occupations,143,196,-53
E01003561,L13: Routine occupations,151,113,38
E01003561,L14.1 and L14.2: Never worked and long-term unemployed,240,229,11
E01003561,L15: Full-time students,184,352,-168
E01003561,"L4, L5 and L6: Lower managerial, administrative and professional occupations",157,147,10
E01003561,L7: Intermediate occupations,120,142,-22
E01003561,L8 and L9: Small employers and own account workers,148,115,33
E01003562,"L1, L2 and L3: Higher managerial, administrative and professional occupations",99,57,42
E01003562,L10 and L11: Lower supervisory and technical occupations,69,90,-21
E01003562,L12: Semi-routine occupations,229,245,-16
E01003562,L13: Routine occupations,209,172,37
E01003562,L14.1 and L14.2: Never worked and long-term unemployed,329,299,30
E01003562,L15: Full-time students,199,398,-199
E01003562,"L4, L5 and L6: Lower managerial, administrative and professional occupations",203,189,14
E01003562,L7: Intermediate occupations,146,143,3
E01003562,L8 and L9: Small employers and own account workers,198,139,59
E01003563,"L1, L2 and L3: Higher managerial, administrative and professional occupations",113,73,40
E01003563,L10 and L11: Lower supervisory and technical occupations,69,70,-1
E01003563,L12: Semi-routine occupations,244,174,70
E01003563,L13: Routine occupations,160,139,21
E01003563,L14.1 and L14.2: Never worked and long-term unemployed,360,311,49
E01003563,L15: Full-time students,198,328,-130
E01003563,"L4, L5 and L6: Lower managerial, administrative and professional occupations",261,169,92
E01003563,L7: Intermediate occupations,171,112,59
E01003563,L8 and L9: Small employers and own account workers,201,131,70
E01003564,"L1, L2 and L3: Higher managerial, administrative and professional occupations",102,90,12
E01003564,L10 and L11: Lower supervisory and technical occupations,83,76,7
E01003564,L12: Semi-routine occupations,243,282,-39
E01003564,L13: Routine occupations,212,154,58
E01003564,L14.1 and L14.2: Never worked and long-term unemployed,333,296,37
E01003564,L15: Full-time students,254,448,-194
E01003564,"L4, L5 and L6: Lower managerial, administrative and professional occupations",223,221,2
E01003564,L7: Intermediate occupations,146,130,16
E01003564,L8 and L9: Small employers and own account workers,216,150,66
E01003565,"L1, L2 and L3: Higher managerial, administrative and professional occupations",96,62,34
E01003565,L10 and L11: Lower supervisory and technical occupations,52,77,-25
E01003565,L12: Semi-routine occupations,181,165,16
E01003565,L13: Routine occupations,155,100,55
E01003565,L14.1 and L14.2: Never worked and long-term unemployed,348,270,78
E01003565,L15: Full-time students,276,361,-85
E01003565,"L4, L5 and L6: Lower managerial, administrative and professional occupations",152,134,18
E01003565,L7: Intermediate occupations,136,120,16
E01003565,L8 and L9: Small employers and own account workers,173,111,62
E01003566,"L1, L2 and L3: Higher managerial, administrative and professional occupations",76,67,9
E01003566,L10 and L11: Lower supervisory and technical occupations,53,74,-21
E01003566,L12: Semi-routine occupations,174,175,-1
E01003566,L13: Routine occupations,158,113,45
E01003566,L14.1 and L14.2: Never worked and long-term unemployed,329,254,75
E01003566,L15: Full-time students,225,300,-75
E01003566,"L4, L5 and L6: Lower managerial, administrative and professional occupations",113,135,-22
E01003566,L7: Intermediate occupations,124,115,9
E01003566,L8 and L9: Small employers and own account workers,175,92,83
E01003567,"L1, L2 and L3: Higher managerial, administrative and professional occupations",89,57,32
E01003567,L10 and L11: Lower supervisory and technical occupations,72,78,-6
E01003567,L12: Semi-routine occupations,168,192,-24
E01003567,L13: Routine occupations,176,114,62
E01003567,L14.1 and L14.2: Never worked and long-term unemployed,278,266,12
E01003567,L15: Full-time students,237,290,-53
E01003567,"L4, L5 and L6: Lower managerial, administrative and professional occupations",154,148,6
E01003567,L7: Intermediate occupations,108,103,5
E01003567,L8 and L9: Small employers and own account workers,174,126,48
E01003568,"L1, L2 and L3: Higher managerial, administrative and professional occupations",112,89,23
E01003568,L10 and L11: Lower supervisory and technical occupations,90,74,16
E01003568,L12: Semi-routine occupations,215,216,-1
E01003568,L13: Routine occupations,206,144,62
E01003568,L14.1 and L14.2: Never worked and long-term unemployed,391,298,93
E01003568,L15: Full-time students,428,411,17
E01003568,"L4, L5 and L6: Lower managerial, administrative and professional occupations",294,228,66
E01003568,L7: Intermediate occupations,155,172,-17
E01003568,L8 and L9: Small employers and own account workers,222,130,92
E01003569,"L1, L2 and L3: Higher managerial, administrative and professional occupations",149,73,76
E01003569,L10 and L11: Lower supervisory and technical occupations,67,73,-6
E01003569,L12: Semi-routine occupations,223,168,55
E01003569,L13: Routine occupations,208,136,72
E01003569,L14.1 and L14.2: Never worked and long-term unemployed,404,278,126
E01003569,L15: Full-time students,142,397,-255
E01003569,"L4, L5 and L6: Lower managerial, administrative and professional occupations",212,154,58
E01003569,L7: Intermediate occupations,146,114,32
E01003569,L8 and L9: Small employers and own account workers,341,127,214
E01003570,"L1, L2 and L3: Higher managerial, administrative and professional occupations",96,62,34
E01003570,L10 and L11: Lower supervisory and technical occupations,64,87,-23
E01003570,L12: Semi-routine occupations,183,217,-34
E01003570,L13: Routine occupations,190,128,62
E01003570,L14.1 and L14.2: Never worked and long-term unemployed,270,290,-20
E01003570,L15: Full-time students,175,320,-145
E01003570,"L4, L5 and L6: Lower managerial, administrative and professional occupations",171,168,3
E01003570,L7: Intermediate occupations,126,139,-13
E01003570,L8 and L9: Small employers and own account workers,176,160,16
E01003571,"L1, L2 and L3: Higher managerial, administrative and professional occupations",92,66,26
E01003571,L10 and L11: Lower supervisory and technical occupations,71,76,-5
E01003571,L12: Semi-routine occupations,202,217,-15
E01003571,L13: Routine occupations,170,121,49
E01003571,L14.1 and L14.2: Never worked and long-term unemployed,409,320,89
E01003571,L15: Full-time students,243,444,-201
E01003571,"L4, L5 and L6: Lower managerial, administrative and professional occupations",195,187,8
E01003571,L7: Intermediate occupations,159,132,27
E01003571,L8 and L9: Small employers and own account workers,210,143,67
E01003572,"L1, L2 and L3: Higher managerial, administrative and professional occupations",84,41,43
E01003572,L10 and L11: Lower supervisory and technical occupations,58,83,-25
E01003572,L12: Semi-routine occupations,128,175,-47
E01003572,L13: Routine occupations,165,108,57
E01003572,L14.1 and L14.2: Never worked and long-term unemployed,266,247,19
E01003572,L15: Full-time students,171,306,-135
E01003572,"L4, L5 and L6: Lower managerial, administrative and professional occupations",176,139,37
E01003572,L7: Intermediate occupations,116,110,6
E01003572,L8 and L9: Small employers and own account workers,141,90,51
E01003573,"L1, L2 and L3: Higher managerial, administrative and professional occupations",108,74,34
E01003573,L10 and L11: Lower supervisory and technical occupations,81,78,3
E01003573,L12: Semi-routine occupations,204,233,-29
E01003573,L13: Routine occupations,190,138,52
E01003573,L14.1 and L14.2: Never worked and long-term unemployed,383,298,85
E01003573,L15: Full-time students,231,368,-137
E01003573,"L4, L5 and L6: Lower managerial, administrative and professional occupations",167,162,5
E01003573,L7: Intermediate occupations,146,129,17
E01003573,L8 and L9: Small employers and own account workers,238,139,99
E01003574,"L1, L2 and L3: Higher managerial, administrative and professional occupations",111,120,-9
E01003574,L10 and L11: Lower supervisory and technical occupations,77,116,-39
E01003574,L12: Semi-routine occupations,207,267,-60
E01003574,L13: Routine occupations,220,180,40
E01003574,L14.1 and L14.2: Never worked and long-term unemployed,435,328,107
E01003574,L15: Full-time students,230,449,-219
E01003574,"L4, L5 and L6: Lower managerial, administrative and professional occupations",275,230,45
E01003574,L7: Intermediate occupations,172,177,-5
E01003574,L8 and L9: Small employers and own account workers,240,150,90
E01003575,"L1, L2 and L3: Higher managerial, administrative and professional occupations",71,52,19
E01003575,L10 and L11: Lower supervisory and technical occupations,43,59,-16
E01003575,L12: Semi-routine occupations,156,144,12
E01003575,L13: Routine occupations,121,110,11
E01003575,L14.1 and L14.2: Never worked and long-term unemployed,233,232,1
E01003575,L15: Full-time students,177,212,-35
E01003575,"L4, L5 and L6: Lower managerial, administrative and professional occupations",156,147,9
E01003575,L7: Intermediate occupations,109,111,-2
E01003575,L8 and L9: Small employers and own account workers,175,110,65
E01003576,"L1, L2 and L3: Higher managerial, administrative and professional occupations",51,48,3
E01003576,L10 and L11: Lower supervisory and technical occupations,64,88,-24
E01003576,L12: Semi-routine occupations,183,202,-19
E01003576,L13: Routine occupations,155,126,29
E01003576,L14.1 and L14.2: Never worked and long-term unemployed,272,250,22
E01003576,L15: Full-time students,177,258,-81
E01003576,"L4, L5 and L6: Lower managerial, administrative and professional occupations",158,138,20
E01003576,L7: Intermediate occupations,113,112,1
E01003576,L8 and L9: Small employers and own account workers,138,87,51
E01003577,"L1, L2 and L3: Higher managerial, administrative and professional occupations",89,41,48
E01003577,L10 and L11: Lower supervisory and technical occupations,63,70,-7
E01003577,L12: Semi-routine occupations,222,168,54
E01003577,L13: Routine occupations,199,145,54
E01003577,L14.1 and L14.2: Never worked and long-term unemployed,307,257,50
E01003577,L15: Full-time students,289,224,65
E01003577,"L4, L5 and L6: Lower managerial, administrative and professional occupations",221,136,85
E01003577,L7: Intermediate occupations,154,125,29
E01003577,L8 and L9: Small employers and own account workers,183,70,113
E01003578,"L1, L2 and L3: Higher managerial, administrative and professional occupations",74,41,33
E01003578,L10 and L11: Lower supervisory and technical occupations,56,78,-22
E01003578,L12: Semi-routine occupations,152,191,-39
E01003578,L13: Routine occupations,178,144,34
E01003578,L14.1 and L14.2: Never worked and long-term unemployed,288,226,62
E01003578,L15: Full-time students,204,332,-128
E01003578,"L4, L5 and L6: Lower managerial, administrative and professional occupations",144,147,-3
E01003578,L7: Intermediate occupations,106,102,4
E01003578,L8 and L9: Small employers and own account workers,208,134,74
E01003579,"L1, L2 and L3: Higher managerial, administrative and professional occupations",83,58,25
E01003579,L10 and L11: Lower supervisory and technical occupations,58,60,-2
E01003579,L12: Semi-routine occupations,159,182,-23
E01003579,L13: Routine occupations,145,141,4
E01003579,L14.1 and L14.2: Never worked and long-term unemployed,329,261,68
E01003579,L15: Full-time students,205,261,-56
E01003579,"L4, L5 and L6: Lower managerial, administrative and professional occupations",181,152,29
E01003579,L7: Intermediate occupations,121,106,15
E01003579,L8 and L9: Small employers and own account workers,157,106,51
E01003580,"L1, L2 and L3: Higher managerial, administrative and professional occupations",53,40,13
E01003580,L10 and L11: Lower supervisory and technical occupations,59,71,-12
E01003580,L12: Semi-routine occupations,180,170,10
E01003580,L13: Routine occupations,183,136,47
E01003580,L14.1 and L14.2: Never worked and long-term unemployed,270,202,68
E01003580,L15: Full-time students,248,219,29
E01003580,"L4, L5 and L6: Lower managerial, administrative and professional occupations",162,166,-4
E01003580,L7: Intermediate occupations,115,114,1
E01003580,L8 and L9: Small employers and own account workers,204,108,96
E01003581,"L1, L2 and L3: Higher managerial, administrative and professional occupations",78,60,18
E01003581,L10 and L11: Lower supervisory and technical occupations,58,70,-12
E01003581,L12: Semi-routine occupations,142,186,-44
E01003581,L13: Routine occupations,142,111,31
E01003581,L14.1 and L14.2: Never worked and long-term unemployed,287,260,27
E01003581,L15: Full-time students,177,291,-114
E01003581,"L4, L5 and L6: Lower managerial, administrative and professional occupations",163,141,22
E01003581,L7: Intermediate occupations,118,104,14
E01003581,L8 and L9: Small employers and own account workers,176,129,47
E01003582,"L1, L2 and L3: Higher managerial, administrative and professional occupations",63,48,15
E01003582,L10 and L11: Lower supervisory and technical occupations,43,66,-23
E01003582,L12: Semi-routine occupations,141,156,-15
E01003582,L13: Routine occupations,138,110,28
E01003582,L14.1 and L14.2: Never worked and long-term unemployed,229,195,34
E01003582,L15: Full-time students,172,238,-66
E01003582,"L4, L5 and L6: Lower managerial, administrative and professional occupations",138,128,10
E01003582,L7: Intermediate occupations,96,107,-11
E01003582,L8 and L9: Small employers and own account workers,136,84,52
E01003583,"L1, L2 and L3: Higher managerial, administrative and professional occupations",67,63,4
E01003583,L10 and L11: Lower supervisory and technical occupations,48,79,-31
E01003583,L12: Semi-routine occupations,138,170,-32
E01003583,L13: Routine occupations,158,130,28
E01003583,L14.1 and L14.2: Never worked and long-term unemployed,310,257,53
E01003583,L15: Full-time students,260,254,6
E01003583,"L4, L5 and L6: Lower managerial, administrative and professional occupations",181,136,45
E01003583,L7: Intermediate occupations,104,130,-26
E01003583,L8 and L9: Small employers and own account workers,240,133,107
E01003584,"L1, L2 and L3: Higher managerial, administrative and professional occupations",203,142,61
E01003584,L10 and L11: Lower supervisory and technical occupations,54,67,-13
E01003584,L12: Semi-routine occupations,129,149,-20
E01003584,L13: Routine occupations,140,112,28
E01003584,L14.1 and L14.2: Never worked and long-term unemployed,275,251,24
E01003584,L15: Full-time students,142,273,-131
E01003584,"L4, L5 and L6: Lower managerial, administrative and professional occupations",276,243,33
E01003584,L7: Intermediate occupations,132,137,-5
E01003584,L8 and L9: Small employers and own account workers,177,159,18
E01003585,"L1, L2 and L3: Higher managerial, administrative and professional occupations",78,40,38
E01003585,L10 and L11: Lower supervisory and technical occupations,64,65,-1
E01003585,L12: Semi-routine occupations,153,148,5
E01003585,L13: Routine occupations,136,99,37
E01003585,L14.1 and L14.2: Never worked and long-term unemployed,260,261,-1
E01003585,L15: Full-time students,179,242,-63
E01003585,"L4, L5 and L6: Lower managerial, administrative and professional occupations",156,124,32
E01003585,L7: Intermediate occupations,102,107,-5
E01003585,L8 and L9: Small employers and own account workers,143,101,42
E01003586,"L1, L2 and L3: Higher managerial, administrative and professional occupations",101,74,27
E01003586,L10 and L11: Lower supervisory and technical occupations,76,64,12
E01003586,L12: Semi-routine occupations,138,197,-59
E01003586,L13: Routine occupations,178,106,72
E01003586,L14.1 and L14.2: Never worked and long-term unemployed,264,246,18
E01003586,L15: Full-time students,217,296,-79
E01003586,"L4, L5 and L6: Lower managerial, administrative and professional occupations",171,146,25
E01003586,L7: Intermediate occupations,118,127,-9
E01003586,L8 and L9: Small employers and own account workers,163,118,45
E01003587,"L1, L2 and L3: Higher managerial, administrative and professional occupations",116,125,-9
E01003587,L10 and L11: Lower supervisory and technical occupations,80,92,-12
E01003587,L12: Semi-routine occupations,227,239,-12
E01003587,L13: Routine occupations,204,139,65
E01003587,L14.1 and L14.2: Never worked and long-term unemployed,375,282,93
E01003587,L15: Full-time students,197,354,-157
E01003587,"L4, L5 and L6: Lower managerial, administrative and professional occupations",262,233,29
E01003587,L7: Intermediate occupations,136,169,-33
E01003587,L8 and L9: Small employers and own account workers,212,167,45
E01003588,"L1, L2 and L3: Higher managerial, administrative and professional occupations",61,48,13
E01003588,L10 and L11: Lower supervisory and technical occupations,39,77,-38
E01003588,L12: Semi-routine occupations,149,208,-59
E01003588,L13: Routine occupations,160,110,50
E01003588,L14.1 and L14.2: Never worked and long-term unemployed,244,230,14
E01003588,L15: Full-time students,170,332,-162
E01003588,"L4, L5 and L6: Lower managerial, administrative and professional occupations",125,128,-3
E01003588,L7: Intermediate occupations,101,102,-1
E01003588,L8 and L9: Small employers and own account workers,168,78,90
E01003589,"L1, L2 and L3: Higher managerial, administrative and professional occupations",97,77,20
E01003589,L10 and L11: Lower supervisory and technical occupations,59,61,-2
E01003589,L12: Semi-routine occupations,180,172,8
E01003589,L13: Routine occupations,157,122,35
E01003589,L14.1 and L14.2: Never worked and long-term unemployed,264,249,15
E01003589,L15: Full-time students,192,272,-80
E01003589,"L4, L5 and L6: Lower managerial, administrative and professional occupations",182,164,18
E01003589,L7: Intermediate occupations,101,120,-19
E01003589,L8 and L9: Small employers and own account workers,195,123,72
E01003590,"L1, L2 and L3: Higher managerial, administrative and professional occupations",90,81,9
E01003590,L10 and L11: Lower supervisory and technical occupations,59,44,15
E01003590,L12: Semi-routine occupations,146,161,-15
E01003590,L13: Routine occupations,126,94,32
E01003590,L14.1 and L14.2: Never worked and long-term unemployed,244,194,50
E01003590,L15: Full-time students,122,145,-23
E01003590,"L4, L5 and L6: Lower managerial, administrative and professional occupations",195,167,28
E01003590,L7: Intermediate occupations,127,111,16
E01003590,L8 and L9: Small employers and own account workers,114,71,43
E01003591,"L1, L2 and L3: Higher managerial, administrative and professional occupations",89,73,16
E01003591,L10 and L11: Lower supervisory and technical occupations,65,80,-15
E01003591,L12: Semi-routine occupations,202,191,11
E01003591,L13: Routine occupations,233,152,81
E01003591,L14.1 and L14.2: Never worked and long-term unemployed,326,316,10
E01003591,L15: Full-time students,238,369,-131
E01003591,"L4, L5 and L6: Lower managerial, administrative and professional occupations",202,142,60
E01003591,L7: Intermediate occupations,135,113,22
E01003591,L8 and L9: Small employers and own account workers,190,144,46
E01003592,"L1, L2 and L3: Higher managerial, administrative and professional occupations",138,55,83
E01003592,L10 and L11: Lower supervisory and technical occupations,75,128,-53
E01003592,L12: Semi-routine occupations,139,196,-57
E01003592,L13: Routine occupations,167,169,-2
E01003592,L14.1 and L14.2: Never worked and long-term unemployed,267,176,91
E01003592,L15: Full-time students,199,249,-50
E01003592,"L4, L5 and L6: Lower managerial, administrative and professional occupations",220,157,63
E01003592,L7: Intermediate occupations,109,104,5
E01003592,L8 and L9: Small employers and own account workers,196,130,66
E01003593,"L1, L2 and L3: Higher managerial, administrative and professional occupations",93,41,52
E01003593,L10 and L11: Lower supervisory and technical occupations,63,77,-14
E01003593,L12: Semi-routine occupations,151,164,-13
E01003593,L13: Routine occupations,127,110,17
E01003593,L14.1 and L14.2: Never worked and long-term unemployed,195,201,-6
E01003593,L15: Full-time students,133,219,-86
E01003593,"L4, L5 and L6: Lower managerial, administrative and professional occupations",186,132,54
E01003593,L7: Intermediate occupations,115,107,8
E01003593,L8 and L9: Small employers and own account workers,161,101,60
E01003594,"L1, L2 and L3: Higher managerial, administrative and professional occupations",109,57,52
E01003594,L10 and L11: Lower supervisory and technical occupations,76,76,0
E01003594,L12: Semi-routine occupations,131,170,-39
E01003594,L13: Routine occupations,165,134,31
E01003594,L14.1 and L14.2: Never worked and long-term unemployed,250,196,54
E01003594,L15: Full-time students,187,236,-49
E01003594,"L4, L5 and L6: Lower managerial, administrative and professional occupations",187,179,8
E01003594,L7: Intermediate occupations,123,135,-12
E01003594,L8 and L9: Small employers and own account workers,233,117,116
E01003595,"L1, L2 and L3: Higher managerial, administrative and professional occupations",95,44,51
E01003595,L10 and L11: Lower supervisory and technical occupations,63,72,-9
E01003595,L12: Semi-routine occupations,213,175,38
E01003595,L13: Routine occupations,183,138,45
E01003595,L14.1 and L14.2: Never worked and long-term unemployed,224,167,57
E01003595,L15: Full-time students,167,195,-28
E01003595,"L4, L5 and L6: Lower managerial, administrative and professional occupations",196,128,68
E01003595,L7: Intermediate occupations,114,107,7
E01003595,L8 and L9: Small employers and own account workers,204,112,92
E01003596,"L1, L2 and L3: Higher managerial, administrative and professional occupations",99,75,24
E01003596,L10 and L11: Lower supervisory and technical occupations,49,69,-20
E01003596,L12: Semi-routine occupations,131,196,-65
E01003596,L13: Routine occupations,124,110,14
E01003596,L14.1 and L14.2: Never worked and long-term unemployed,213,184,29
E01003596,L15: Full-time students,153,213,-60
E01003596,"L4, L5 and L6: Lower managerial, administrative and professional occupations",190,184,6
E01003596,L7: Intermediate occupations,149,106,43
E01003596,L8 and L9: Small employers and own account workers,181,154,27
E01003597,"L1, L2 and L3: Higher managerial, administrative and professional occupations",92,51,41
E01003597,L10 and L11: Lower supervisory and technical occupations,75,59,16
E01003597,L12: Semi-routine occupations,190,160,30
E01003597,L13: Routine occupations,141,129,12
E01003597,L14.1 and L14.2: Never worked and long-term unemployed,388,204,184
E01003597,L15: Full-time students,138,210,-72
E01003597,"L4, L5 and L6: Lower managerial, administrative and professional occupations",297,175,122
E01003597,L7: Intermediate occupations,135,127,8
E01003597,L8 and L9: Small employers and own account workers,186,106,80
E01003598,"L1, L2 and L3: Higher managerial, administrative and professional occupations",94,44,50
E01003598,L10 and L11: Lower supervisory and technical occupations,57,76,-19
E01003598,L12: Semi-routine occupations,188,159,29
E01003598,L13: Routine occupations,196,126,70
E01003598,L14.1 and L14.2: Never worked and long-term unemployed,239,251,-12
E01003598,L15: Full-time students,213,244,-31
E01003598,"L4, L5 and L6: Lower managerial, administrative and professional occupations",218,201,17
E01003598,L7: Intermediate occupations,126,126,0
E01003598,L8 and L9: Small employers and own account workers,142,107,35
E01003599,"L1, L2 and L3: Higher managerial, administrative and professional occupations",71,38,33
E01003599,L10 and L11: Lower supervisory and technical occupations,66,86,-20
E01003599,L12: Semi-routine occupations,176,153,23
E01003599,L13: Routine occupations,137,117,20
E01003599,L14.1 and L14.2: Never worked and long-term unemployed,210,189,21
E01003599,L15: Full-time students,224,264,-40
E01003599,"L4, L5 and L6: Lower managerial, administrative and professional occupations",150,135,15
E01003599,L7: Intermediate occupations,88,90,-2
E01003599,L8 and L9: Small employers and own account workers,147,101,46
E01003600,"L1, L2 and L3: Higher managerial, administrative and professional occupations",99,60,39
E01003600,L10 and L11: Lower supervisory and technical occupations,76,98,-22
E01003600,L12: Semi-routine occupations,165,190,-25
E01003600,L13: Routine occupations,158,172,-14
E01003600,L14.1 and L14.2: Never worked and long-term unemployed,210,200,10
E01003600,L15: Full-time students,151,206,-55
E01003600,"L4, L5 and L6: Lower managerial, administrative and professional occupations",185,172,13
E01003600,L7: Intermediate occupations,100,136,-36
E01003600,L8 and L9: Small employers and own account workers,164,102,62
E01003601,"L1, L2 and L3: Higher managerial, administrative and professional occupations",111,60,51
E01003601,L10 and L11: Lower supervisory and technical occupations,89,98,-9
E01003601,L12: Semi-routine occupations,197,233,-36
E01003601,L13: Routine occupations,243,177,66
E01003601,L14.1 and L14.2: Never worked and long-term unemployed,297,223,74
E01003601,L15: Full-time students,199,246,-47
E01003601,"L4, L5 and L6: Lower managerial, administrative and professional occupations",215,193,22
E01003601,L7: Intermediate occupations,145,145,0
E01003601,L8 and L9: Small employers and own account workers,214,128,86
E01003602,"L1, L2 and L3: Higher managerial, administrative and professional occupations",117,72,45
E01003602,L10 and L11: Lower supervisory and technical occupations,70,104,-34
E01003602,L12: Semi-routine occupations,184,196,-12
E01003602,L13: Routine occupations,229,171,58
E01003602,L14.1 and L14.2: Never worked and long-term unemployed,211,195,16
E01003602,L15: Full-time students,315,253,62
E01003602,"L4, L5 and L6: Lower managerial, administrative and professional occupations",217,180,37
E01003602,L7: Intermediate occupations,122,138,-16
E01003602,L8 and L9: Small employers and own account workers,267,194,73
E01003603,"L1, L2 and L3: Higher managerial, administrative and professional occupations",122,69,53
E01003603,L10 and L11: Lower supervisory and technical occupations,69,89,-20
E01003603,L12: Semi-routine occupations,155,179,-24
E01003603,L13: Routine occupations,189,151,38
E01003603,L14.1 and L14.2: Never worked and long-term unemployed,185,189,-4
E01003603,L15: Full-time students,177,209,-32
E01003603,"L4, L5 and L6: Lower managerial, administrative and professional occupations",236,212,24
E01003603,L7: Intermediate occupations,117,140,-23
E01003603,L8 and L9: Small employers and own account workers,183,148,35
E01003604,"L1, L2 and L3: Higher managerial, administrative and professional occupations",94,58,36
E01003604,L10 and L11: Lower supervisory and technical occupations,87,94,-7
E01003604,L12: Semi-routine occupations,221,247,-26
E01003604,L13: Routine occupations,197,227,-30
E01003604,L14.1 and L14.2: Never worked and long-term unemployed,259,217,42
E01003604,L15: Full-time students,223,260,-37
E01003604,"L4, L5 and L6: Lower managerial, administrative and professional occupations",242,237,5
E01003604,L7: Intermediate occupations,147,141,6
E01003604,L8 and L9: Small employers and own account workers,266,166,100
E01003605,"L1, L2 and L3: Higher managerial, administrative and professional occupations",95,56,39
E01003605,L10 and L11: Lower supervisory and technical occupations,67,98,-31
E01003605,L12: Semi-routine occupations,178,193,-15
E01003605,L13: Routine occupations,224,175,49
E01003605,L14.1 and L14.2: Never worked and long-term unemployed,294,232,62
E01003605,L15: Full-time students,174,329,-155
E01003605,"L4, L5 and L6: Lower managerial, administrative and professional occupations",219,169,50
E01003605,L7: Intermediate occupations,153,133,20
E01003605,L8 and L9: Small employers and own account workers,187,131,56
E01003607,"L1, L2 and L3: Higher managerial, administrative and professional occupations",110,57,53
E01003607,L10 and L11: Lower supervisory and technical occupations,96,82,14
E01003607,L12: Semi-routine occupations,170,141,29
E01003607,L13: Routine occupations,154,131,23
E01003607,L14.1 and L14.2: Never worked and long-term unemployed,213,161,52
E01003607,L15: Full-time students,160,220,-60
E01003607,"L4, L5 and L6: Lower managerial, administrative and professional occupations",212,162,50
E01003607,L7: Intermediate occupations,142,134,8
E01003607,L8 and L9: Small employers and own account workers,199,128,71
E01003608,"L1, L2 and L3: Higher managerial, administrative and professional occupations",150,98,52
E01003608,L10 and L11: Lower supervisory and technical occupations,77,110,-33
E01003608,L12: Semi-routine occupations,136,168,-32
E01003608,L13: Routine occupations,168,155,13
E01003608,L14.1 and L14.2: Never worked and long-term unemployed,168,154,14
E01003608,L15: Full-time students,143,217,-74
E01003608,"L4, L5 and L6: Lower managerial, administrative and professional occupations",290,274,16
E01003608,L7: Intermediate occupations,156,177,-21
E01003608,L8 and L9: Small employers and own account workers,274,146,128
E01003611,"L1, L2 and L3: Higher managerial, administrative and professional occupations",87,68,19
E01003611,L10 and L11: Lower supervisory and technical occupations,77,70,7
E01003611,L12: Semi-routine occupations,206,186,20
E01003611,L13: Routine occupations,227,135,92
E01003611,L14.1 and L14.2: Never worked and long-term unemployed,202,175,27
E01003611,L15: Full-time students,174,195,-21
E01003611,"L4, L5 and L6: Lower managerial, administrative and professional occupations",200,175,25
E01003611,L7: Intermediate occupations,131,128,3
E01003611,L8 and L9: Small employers and own account workers,136,83,53
E01003615,"L1, L2 and L3: Higher managerial, administrative and professional occupations",131,87,44
E01003615,L10 and L11: Lower supervisory and technical occupations,74,79,-5
E01003615,L12: Semi-routine occupations,119,167,-48
E01003615,L13: Routine occupations,162,147,15
E01003615,L14.1 and L14.2: Never worked and long-term unemployed,222,150,72
E01003615,L15: Full-time students,164,243,-79
E01003615,"L4, L5 and L6: Lower managerial, administrative and professional occupations",212,206,6
E01003615,L7: Intermediate occupations,107,140,-33
E01003615,L8 and L9: Small employers and own account workers,196,213,-17
E01003616,"L1, L2 and L3: Higher managerial, administrative and professional occupations",156,111,45
E01003616,L10 and L11: Lower supervisory and technical occupations,56,61,-5
E01003616,L12: Semi-routine occupations,159,167,-8
E01003616,L13: Routine occupations,206,125,81
E01003616,L14.1 and L14.2: Never worked and long-term unemployed,200,161,39
E01003616,L15: Full-time students,163,246,-83
E01003616,"L4, L5 and L6: Lower managerial, administrative and professional occupations",230,206,24
E01003616,L7: Intermediate occupations,155,126,29
E01003616,L8 and L9: Small employers and own account workers,217,165,52
E01003618,"L1, L2 and L3: Higher managerial, administrative and professional occupations",285,157,128
E01003618,L10 and L11: Lower supervisory and technical occupations,84,104,-20
E01003618,L12: Semi-routine occupations,168,190,-22
E01003618,L13: Routine occupations,183,152,31
E01003618,L14.1 and L14.2: Never worked and long-term unemployed,200,155,45
E01003618,L15: Full-time students,271,311,-40
E01003618,"L4, L5 and L6: Lower managerial, administrative and professional occupations",328,389,-61
E01003618,L7: Intermediate occupations,131,167,-36
E01003618,L8 and L9: Small employers and own account workers,282,203,79
E01003619,"L1, L2 and L3: Higher managerial, administrative and professional occupations",279,222,57
E01003619,L10 and L11: Lower supervisory and technical occupations,73,86,-13
E01003619,L12: Semi-routine occupations,209,186,23
E01003619,L13: Routine occupations,199,125,74
E01003619,L14.1 and L14.2: Never worked and long-term unemployed,238,208,30
E01003619,L15: Full-time students,295,342,-47
E01003619,"L4, L5 and L6: Lower managerial, administrative and professional occupations",349,401,-52
E01003619,L7: Intermediate occupations,186,200,-14
E01003619,L8 and L9: Small employers and own account workers,168,115,53
E01003621,"L1, L2 and L3: Higher managerial, administrative and professional occupations",82,47,35
E01003621,L10 and L11: Lower supervisory and technical occupations,52,68,-16
E01003621,L12: Semi-routine occupations,133,184,-51
E01003621,L13: Routine occupations,150,110,40
E01003621,L14.1 and L14.2: Never worked and long-term unemployed,228,194,34
E01003621,L15: Full-time students,162,238,-76
E01003621,"L4, L5 and L6: Lower managerial, administrative and professional occupations",138,120,18
E01003621,L7: Intermediate occupations,108,115,-7
E01003621,L8 and L9: Small employers and own account workers,187,101,86
E01003622,"L1, L2 and L3: Higher managerial, administrative and professional occupations",76,47,29
E01003622,L10 and L11: Lower supervisory and technical occupations,50,68,-18
E01003622,L12: Semi-routine occupations,173,166,7
E01003622,L13: Routine occupations,146,90,56
E01003622,L14.1 and L14.2: Never worked and long-term unemployed,253,200,53
E01003622,L15: Full-time students,199,224,-25
E01003622,"L4, L5 and L6: Lower managerial, administrative and professional occupations",153,123,30
E01003622,L7: Intermediate occupations,107,108,-1
E01003622,L8 and L9: Small employers and own account workers,163,94,69
E01003623,"L1, L2 and L3: Higher managerial, administrative and professional occupations",84,33,51
E01003623,L10 and L11: Lower supervisory and technical occupations,56,54,2
E01003623,L12: Semi-routine occupations,158,158,0
E01003623,L13: Routine occupations,150,127,23
E01003623,L14.1 and L14.2: Never worked and long-term unemployed,255,231,24
E01003623,L15: Full-time students,208,255,-47
E01003623,"L4, L5 and L6: Lower managerial, administrative and professional occupations",164,129,35
E01003623,L7: Intermediate occupations,121,103,18
E01003623,L8 and L9: Small employers and own account workers,150,92,58
E01003624,"L1, L2 and L3: Higher managerial, administrative and professional occupations",66,54,12
E01003624,L10 and L11: Lower supervisory and technical occupations,62,64,-2
E01003624,L12: Semi-routine occupations,160,138,22
E01003624,L13: Routine occupations,137,113,24
E01003624,L14.1 and L14.2: Never worked and long-term unemployed,235,180,55
E01003624,L15: Full-time students,158,204,-46
E01003624,"L4, L5 and L6: Lower managerial, administrative and professional occupations",169,147,22
E01003624,L7: Intermediate occupations,112,119,-7
E01003624,L8 and L9: Small employers and own account workers,173,91,82
E01003625,"L1, L2 and L3: Higher managerial, administrative and professional occupations",104,61,43
E01003625,L10 and L11: Lower supervisory and technical occupations,58,62,-4
E01003625,L12: Semi-routine occupations,150,187,-37
E01003625,L13: Routine occupations,132,114,18
E01003625,L14.1 and L14.2: Never worked and long-term unemployed,224,243,-19
E01003625,L15: Full-time students,162,234,-72
E01003625,"L4, L5 and L6: Lower managerial, administrative and professional occupations",151,143,8
E01003625,L7: Intermediate occupations,109,97,12
E01003625,L8 and L9: Small employers and own account workers,183,98,85
E01003626,"L1, L2 and L3: Higher managerial, administrative and professional occupations",78,70,8
E01003626,L10 and L11: Lower supervisory and technical occupations,45,63,-18
E01003626,L12: Semi-routine occupations,171,176,-5
E01003626,L13: Routine occupations,154,102,52
E01003626,L14.1 and L14.2: Never worked and long-term unemployed,229,175,54
E01003626,L15: Full-time students,198,270,-72
E01003626,"L4, L5 and L6: Lower managerial, administrative and professional occupations",150,140,10
E01003626,L7: Intermediate occupations,115,104,11
E01003626,L8 and L9: Small employers and own account workers,218,104,114
E01003627,"L1, L2 and L3: Higher managerial, administrative and professional occupations",86,68,18
E01003627,L10 and L11: Lower supervisory and technical occupations,48,64,-16
E01003627,L12: Semi-routine occupations,165,189,-24
E01003627,L13: Routine occupations,132,100,32
E01003627,L14.1 and L14.2: Never worked and long-term unemployed,231,215,16
E01003627,L15: Full-time students,144,237,-93
E01003627,"L4, L5 and L6: Lower managerial, administrative and professional occupations",161,154,7
E01003627,L7: Intermediate occupations,95,103,-8
E01003627,L8 and L9: Small employers and own account workers,138,102,36
E01003628,"L1, L2 and L3: Higher managerial, administrative and professional occupations",80,80,0
E01003628,L10 and L11: Lower supervisory and technical occupations,48,63,-15
E01003628,L12: Semi-routine occupations,156,188,-32
E01003628,L13: Routine occupations,155,116,39
E01003628,L14.1 and L14.2: Never worked and long-term unemployed,212,213,-1
E01003628,L15: Full-time students,199,238,-39
E01003628,"L4, L5 and L6: Lower managerial, administrative and professional occupations",162,155,7
E01003628,L7: Intermediate occupations,102,90,12
E01003628,L8 and L9: Small employers and own account workers,206,87,119
E01003629,"L1, L2 and L3: Higher managerial, administrative and professional occupations",87,72,15
E01003629,L10 and L11: Lower supervisory and technical occupations,57,73,-16
E01003629,L12: Semi-routine occupations,198,183,15
E01003629,L13: Routine occupations,188,110,78
E01003629,L14.1 and L14.2: Never worked and long-term unemployed,234,226,8
E01003629,L15: Full-time students,201,232,-31
E01003629,"L4, L5 and L6: Lower managerial, administrative and professional occupations",174,137,37
E01003629,L7: Intermediate occupations,93,91,2
E01003629,L8 and L9: Small employers and own account workers,264,67,197
E01003630,"L1, L2 and L3: Higher managerial, administrative and professional occupations",132,67,65
E01003630,L10 and L11: Lower supervisory and technical occupations,74,88,-14
E01003630,L12: Semi-routine occupations,193,225,-32
E01003630,L13: Routine occupations,190,144,46
E01003630,L14.1 and L14.2: Never worked and long-term unemployed,272,181,91
E01003630,L15: Full-time students,135,269,-134
E01003630,"L4, L5 and L6: Lower managerial, administrative and professional occupations",224,238,-14
E01003630,L7: Intermediate occupations,126,129,-3
E01003630,L8 and L9: Small employers and own account workers,174,152,22
E01003631,"L1, L2 and L3: Higher managerial, administrative and professional occupations",140,111,29
E01003631,L10 and L11: Lower supervisory and technical occupations,72,102,-30
E01003631,L12: Semi-routine occupations,162,203,-41
E01003631,L13: Routine occupations,194,137,57
E01003631,L14.1 and L14.2: Never worked and long-term unemployed,183,162,21
E01003631,L15: Full-time students,219,221,-2
E01003631,"L4, L5 and L6: Lower managerial, administrative and professional occupations",283,212,71
E01003631,L7: Intermediate occupations,133,145,-12
E01003631,L8 and L9: Small employers and own account workers,191,138,53
E01003632,"L1, L2 and L3: Higher managerial, administrative and professional occupations",187,107,80
E01003632,L10 and L11: Lower supervisory and technical occupations,109,88,21
E01003632,L12: Semi-routine occupations,192,249,-57
E01003632,L13: Routine occupations,263,184,79
E01003632,L14.1 and L14.2: Never worked and long-term unemployed,251,164,87
E01003632,L15: Full-time students,226,274,-48
E01003632,"L4, L5 and L6: Lower managerial, administrative and professional occupations",325,272,53
E01003632,L7: Intermediate occupations,167,168,-1
E01003632,L8 and L9: Small employers and own account workers,314,212,102
E01003633,"L1, L2 and L3: Higher managerial, administrative and professional occupations",91,63,28
E01003633,L10 and L11: Lower supervisory and technical occupations,84,97,-13
E01003633,L12: Semi-routine occupations,202,197,5
E01003633,L13: Routine occupations,201,144,57
E01003633,L14.1 and L14.2: Never worked and long-term unemployed,237,194,43
E01003633,L15: Full-time students,174,248,-74
E01003633,"L4, L5 and L6: Lower managerial, administrative and professional occupations",190,151,39
E01003633,L7: Intermediate occupations,132,133,-1
E01003633,L8 and L9: Small employers and own account workers,143,100,43
E01003634,"L1, L2 and L3: Higher managerial, administrative and professional occupations",118,62,56
E01003634,L10 and L11: Lower supervisory and technical occupations,82,80,2
E01003634,L12: Semi-routine occupations,156,192,-36
E01003634,L13: Routine occupations,171,136,35
E01003634,L14.1 and L14.2: Never worked and long-term unemployed,233,198,35
E01003634,L15: Full-time students,164,250,-86
E01003634,"L4, L5 and L6: Lower managerial, administrative and professional occupations",224,194,30
E01003634,L7: Intermediate occupations,106,114,-8
E01003634,L8 and L9: Small employers and own account workers,159,127,32
E01003635,"L1, L2 and L3: Higher managerial, administrative and professional occupations",161,114,47
E01003635,L10 and L11: Lower supervisory and technical occupations,73,100,-27
E01003635,L12: Semi-routine occupations,135,180,-45
E01003635,L13: Routine occupations,202,123,79
E01003635,L14.1 and L14.2: Never worked and long-term unemployed,163,133,30
E01003635,L15: Full-time students,144,250,-106
E01003635,"L4, L5 and L6: Lower managerial, administrative and professional occupations",276,269,7
E01003635,L7: Intermediate occupations,127,183,-56
E01003635,L8 and L9: Small employers and own account workers,273,226,47
E01003636,"L1, L2 and L3: Higher managerial, administrative and professional occupations",141,78,63
E01003636,L10 and L11: Lower supervisory and technical occupations,95,99,-4
E01003636,L12: Semi-routine occupations,172,177,-5
E01003636,L13: Routine occupations,178,114,64
E01003636,L14.1 and L14.2: Never worked and long-term unemployed,272,205,67
E01003636,L15: Full-time students,216,273,-57
E01003636,"L4, L5 and L6: Lower managerial, administrative and professional occupations",327,220,107
E01003636,L7: Intermediate occupations,150,131,19
E01003636,L8 and L9: Small employers and own account workers,183,129,54
E01003637,"L1, L2 and L3: Higher managerial, administrative and professional occupations",127,88,39
E01003637,L10 and L11: Lower supervisory and technical occupations,82,100,-18
E01003637,L12: Semi-routine occupations,156,149,7
E01003637,L13: Routine occupations,198,128,70
E01003637,L14.1 and L14.2: Never worked and long-term unemployed,190,141,49
E01003637,L15: Full-time students,147,298,-151
E01003637,"L4, L5 and L6: Lower managerial, administrative and professional occupations",254,223,31
E01003637,L7: Intermediate occupations,136,133,3
E01003637,L8 and L9: Small employers and own account workers,295,158,137
E01003638,"L1, L2 and L3: Higher managerial, administrative and professional occupations",264,116,148
E01003638,L10 and L11: Lower supervisory and technical occupations,51,68,-17
E01003638,L12: Semi-routine occupations,132,127,5
E01003638,L13: Routine occupations,102,62,40
E01003638,L14.1 and L14.2: Never worked and long-term unemployed,171,98,73
E01003638,L15: Full-time students,111,181,-70
E01003638,"L4, L5 and L6: Lower managerial, administrative and professional occupations",285,228,57
E01003638,L7: Intermediate occupations,187,174,13
E01003638,L8 and L9: Small employers and own account workers,199,122,77
E01003639,"L1, L2 and L3: Higher managerial, administrative and professional occupations",251,129,122
E01003639,L10 and L11: Lower supervisory and technical occupations,42,66,-24
E01003639,L12: Semi-routine occupations,201,166,35
E01003639,L13: Routine occupations,138,95,43
E01003639,L14.1 and L14.2: Never worked and long-term unemployed,216,135,81
E01003639,L15: Full-time students,160,120,40
E01003639,"L4, L5 and L6: Lower managerial, administrative and professional occupations",269,248,21
E01003639,L7: Intermediate occupations,165,166,-1
E01003639,L8 and L9: Small employers and own account workers,292,124,168
E01003640,"L1, L2 and L3: Higher managerial, administrative and professional occupations",211,133,78
E01003640,L10 and L11: Lower supervisory and technical occupations,48,67,-19
E01003640,L12: Semi-routine occupations,130,139,-9
E01003640,L13: Routine occupations,103,73,30
E01003640,L14.1 and L14.2: Never worked and long-term unemployed,143,81,62
E01003640,L15: Full-time students,169,136,33
E01003640,"L4, L5 and L6: Lower managerial, administrative and professional occupations",323,317,6
E01003640,L7: Intermediate occupations,183,175,8
E01003640,L8 and L9: Small employers and own account workers,204,138,66
E01003641,"L1, L2 and L3: Higher managerial, administrative and professional occupations",220,136,84
E01003641,L10 and L11: Lower supervisory and technical occupations,64,57,7
E01003641,L12: Semi-routine occupations,190,144,46
E01003641,L13: Routine occupations,136,72,64
E01003641,L14.1 and L14.2: Never worked and long-term unemployed,152,105,47
E01003641,L15: Full-time students,140,162,-22
E01003641,"L4, L5 and L6: Lower managerial, administrative and professional occupations",315,260,55
E01003641,L7: Intermediate occupations,214,181,33
E01003641,L8 and L9: Small employers and own account workers,213,106,107
E01003642,"L1, L2 and L3: Higher managerial, administrative and professional occupations",200,116,84
E01003642,L10 and L11: Lower supervisory and technical occupations,46,57,-11
E01003642,L12: Semi-routine occupations,158,152,6
E01003642,L13: Routine occupations,104,78,26
E01003642,L14.1 and L14.2: Never worked and long-term unemployed,173,112,61
E01003642,L15: Full-time students,149,147,2
E01003642,"L4, L5 and L6: Lower managerial, administrative and professional occupations",250,230,20
E01003642,L7: Intermediate occupations,166,160,6
E01003642,L8 and L9: Small employers and own account workers,187,120,67
E01003643,"L1, L2 and L3: Higher managerial, administrative and professional occupations",246,149,97
E01003643,L10 and L11: Lower supervisory and technical occupations,49,44,5
E01003643,L12: Semi-routine occupations,195,155,40
E01003643,L13: Routine occupations,128,94,34
E01003643,L14.1 and L14.2: Never worked and long-term unemployed,221,99,122
E01003643,L15: Full-time students,155,141,14
E01003643,"L4, L5 and L6: Lower managerial, administrative and professional occupations",322,243,79
E01003643,L7: Intermediate occupations,220,193,27
E01003643,L8 and L9: Small employers and own account workers,236,121,115
E01003644,"L1, L2 and L3: Higher managerial, administrative and professional occupations",173,130,43
E01003644,L10 and L11: Lower supervisory and technical occupations,38,40,-2
E01003644,L12: Semi-routine occupations,121,131,-10
E01003644,L13: Routine occupations,99,69,30
E01003644,L14.1 and L14.2: Never worked and long-term unemployed,144,100,44
E01003644,L15: Full-time students,145,138,7
E01003644,"L4, L5 and L6: Lower managerial, administrative and professional occupations",248,224,24
E01003644,L7: Intermediate occupations,161,187,-26
E01003644,L8 and L9: Small employers and own account workers,174,106,68
E01003645,"L1, L2 and L3: Higher managerial, administrative and professional occupations",390,293,97
E01003645,L10 and L11: Lower supervisory and technical occupations,75,82,-7
E01003645,L12: Semi-routine occupations,207,205,2
E01003645,L13: Routine occupations,147,93,54
E01003645,L14.1 and L14.2: Never worked and long-term unemployed,266,186,80
E01003645,L15: Full-time students,196,181,15
E01003645,"L4, L5 and L6: Lower managerial, administrative and professional occupations",358,381,-23
E01003645,L7: Intermediate occupations,196,244,-48
E01003645,L8 and L9: Small employers and own account workers,260,173,87
E01003646,"L1, L2 and L3: Higher managerial, administrative and professional occupations",230,123,107
E01003646,L10 and L11: Lower supervisory and technical occupations,48,51,-3
E01003646,L12: Semi-routine occupations,118,131,-13
E01003646,L13: Routine occupations,118,72,46
E01003646,L14.1 and L14.2: Never worked and long-term unemployed,204,132,72
E01003646,L15: Full-time students,173,200,-27
E01003646,"L4, L5 and L6: Lower managerial, administrative and professional occupations",278,247,31
E01003646,L7: Intermediate occupations,157,158,-1
E01003646,L8 and L9: Small employers and own account workers,228,147,81
E01003647,"L1, L2 and L3: Higher managerial, administrative and professional occupations",258,222,36
E01003647,L10 and L11: Lower supervisory and technical occupations,46,38,8
E01003647,L12: Semi-routine occupations,146,145,1
E01003647,L13: Routine occupations,95,58,37
E01003647,L14.1 and L14.2: Never worked and long-term unemployed,195,120,75
E01003647,L15: Full-time students,154,161,-7
E01003647,"L4, L5 and L6: Lower managerial, administrative and professional occupations",297,277,20
E01003647,L7: Intermediate occupations,174,175,-1
E01003647,L8 and L9: Small employers and own account workers,183,106,77
E01003648,"L1, L2 and L3: Higher managerial, administrative and professional occupations",235,136,99
E01003648,L10 and L11: Lower supervisory and technical occupations,24,39,-15
E01003648,L12: Semi-routine occupations,102,89,13
E01003648,L13: Routine occupations,67,38,29
E01003648,L14.1 and L14.2: Never worked and long-term unemployed,104,70,34
E01003648,L15: Full-time students,88,103,-15
E01003648,"L4, L5 and L6: Lower managerial, administrative and professional occupations",258,272,-14
E01003648,L7: Intermediate occupations,181,158,23
E01003648,L8 and L9: Small employers and own account workers,171,135,36
E01003649,"L1, L2 and L3: Higher managerial, administrative and professional occupations",227,146,81
E01003649,L10 and L11: Lower supervisory and technical occupations,28,29,-1
E01003649,L12: Semi-routine occupations,133,108,25
E01003649,L13: Routine occupations,79,57,22
E01003649,L14.1 and L14.2: Never worked and long-term unemployed,155,91,64
E01003649,L15: Full-time students,153,168,-15
E01003649,"L4, L5 and L6: Lower managerial, administrative and professional occupations",237,278,-41
E01003649,L7: Intermediate occupations,177,171,6
E01003649,L8 and L9: Small employers and own account workers,170,151,19
E01003650,"L1, L2 and L3: Higher managerial, administrative and professional occupations",210,111,99
E01003650,L10 and L11: Lower supervisory and technical occupations,33,50,-17
E01003650,L12: Semi-routine occupations,129,116,13
E01003650,L13: Routine occupations,103,67,36
E01003650,L14.1 and L14.2: Never worked and long-term unemployed,184,93,91
E01003650,L15: Full-time students,152,105,47
E01003650,"L4, L5 and L6: Lower managerial, administrative and professional occupations",224,227,-3
E01003650,L7: Intermediate occupations,153,142,11
E01003650,L8 and L9: Small employers and own account workers,217,120,97
E01003651,"L1, L2 and L3: Higher managerial, administrative and professional occupations",196,170,26
E01003651,L10 and L11: Lower supervisory and technical occupations,16,33,-17
E01003651,L12: Semi-routine occupations,97,93,4
E01003651,L13: Routine occupations,75,44,31
E01003651,L14.1 and L14.2: Never worked and long-term unemployed,141,86,55
E01003651,L15: Full-time students,127,145,-18
E01003651,"L4, L5 and L6: Lower managerial, administrative and professional occupations",272,213,59
E01003651,L7: Intermediate occupations,165,176,-11
E01003651,L8 and L9: Small employers and own account workers,166,117,49
E01003652,"L1, L2 and L3: Higher managerial, administrative and professional occupations",241,150,91
E01003652,L10 and L11: Lower supervisory and technical occupations,39,33,6
E01003652,L12: Semi-routine occupations,107,97,10
E01003652,L13: Routine occupations,75,48,27
E01003652,L14.1 and L14.2: Never worked and long-term unemployed,135,88,47
E01003652,L15: Full-time students,142,164,-22
E01003652,"L4, L5 and L6: Lower managerial, administrative and professional occupations",235,260,-25
E01003652,L7: Intermediate occupations,138,164,-26
E01003652,L8 and L9: Small employers and own account workers,178,103,75
E01003653,"L1, L2 and L3: Higher managerial, administrative and professional occupations",205,142,63
E01003653,L10 and L11: Lower supervisory and technical occupations,55,49,6
E01003653,L12: Semi-routine occupations,158,125,33
E01003653,L13: Routine occupations,94,54,40
E01003653,L14.1 and L14.2: Never worked and long-term unemployed,205,113,92
E01003653,L15: Full-time students,145,127,18
E01003653,"L4, L5 and L6: Lower managerial, administrative and professional occupations",260,196,64
E01003653,L7: Intermediate occupations,151,135,16
E01003653,L8 and L9: Small employers and own account workers,320,112,208
E01003654,"L1, L2 and L3: Higher managerial, administrative and professional occupations",232,145,87
E01003654,L10 and L11: Lower supervisory and technical occupations,48,66,-18
E01003654,L12: Semi-routine occupations,104,116,-12
E01003654,L13: Routine occupations,105,83,22
E01003654,L14.1 and L14.2: Never worked and long-term unemployed,128,66,62
E01003654,L15: Full-time students,117,104,13
E01003654,"L4, L5 and L6: Lower managerial, administrative and professional occupations",292,254,38
E01003654,L7: Intermediate occupations,151,167,-16
E01003654,L8 and L9: Small employers and own account workers,173,129,44
E01003655,"L1, L2 and L3: Higher managerial, administrative and professional occupations",306,179,127
E01003655,L10 and L11: Lower supervisory and technical occupations,41,59,-18
E01003655,L12: Semi-routine occupations,86,97,-11
E01003655,L13: Routine occupations,60,68,-8
E01003655,L14.1 and L14.2: Never worked and long-term unemployed,85,51,34
E01003655,L15: Full-time students,64,78,-14
E01003655,"L4, L5 and L6: Lower managerial, administrative and professional occupations",339,299,40
E01003655,L7: Intermediate occupations,150,186,-36
E01003655,L8 and L9: Small employers and own account workers,176,138,38
E01003656,"L1, L2 and L3: Higher managerial, administrative and professional occupations",148,83,65
E01003656,L10 and L11: Lower supervisory and technical occupations,58,55,3
E01003656,L12: Semi-routine occupations,125,126,-1
E01003656,L13: Routine occupations,124,99,25
E01003656,L14.1 and L14.2: Never worked and long-term unemployed,126,69,57
E01003656,L15: Full-time students,89,92,-3
E01003656,"L4, L5 and L6: Lower managerial, administrative and professional occupations",262,235,27
E01003656,L7: Intermediate occupations,138,173,-35
E01003656,L8 and L9: Small employers and own account workers,192,146,46
E01003657,"L1, L2 and L3: Higher managerial, administrative and professional occupations",270,177,93
E01003657,L10 and L11: Lower supervisory and technical occupations,93,90,3
E01003657,L12: Semi-routine occupations,153,186,-33
E01003657,L13: Routine occupations,119,108,11
E01003657,L14.1 and L14.2: Never worked and long-term unemployed,121,84,37
E01003657,L15: Full-time students,117,95,22
E01003657,"L4, L5 and L6: Lower managerial, administrative and professional occupations",398,360,38
E01003657,L7: Intermediate occupations,240,255,-15
E01003657,L8 and L9: Small employers and own account workers,266,213,53
E01003658,"L1, L2 and L3: Higher managerial, administrative and professional occupations",162,117,45
E01003658,L10 and L11: Lower supervisory and technical occupations,61,67,-6
E01003658,L12: Semi-routine occupations,145,146,-1
E01003658,L13: Routine occupations,130,112,18
E01003658,L14.1 and L14.2: Never worked and long-term unemployed,165,113,52
E01003658,L15: Full-time students,126,111,15
E01003658,"L4, L5 and L6: Lower managerial, administrative and professional occupations",268,225,43
E01003658,L7: Intermediate occupations,144,147,-3
E01003658,L8 and L9: Small employers and own account workers,193,146,47
E01003659,"L1, L2 and L3: Higher managerial, administrative and professional occupations",218,126,92
E01003659,L10 and L11: Lower supervisory and technical occupations,58,72,-14
E01003659,L12: Semi-routine occupations,104,121,-17
E01003659,L13: Routine occupations,104,83,21
E01003659,L14.1 and L14.2: Never worked and long-term unemployed,95,69,26
E01003659,L15: Full-time students,93,105,-12
E01003659,"L4, L5 and L6: Lower managerial, administrative and professional occupations",308,280,28
E01003659,L7: Intermediate occupations,180,213,-33
E01003659,L8 and L9: Small employers and own account workers,205,131,74
E01003660,"L1, L2 and L3: Higher managerial, administrative and professional occupations",262,178,84
E01003660,L10 and L11: Lower supervisory and technical occupations,57,66,-9
E01003660,L12: Semi-routine occupations,111,126,-15
E01003660,L13: Routine occupations,76,73,3
E01003660,L14.1 and L14.2: Never worked and long-term unemployed,76,50,26
E01003660,L15: Full-time students,78,94,-16
E01003660,"L4, L5 and L6: Lower managerial, administrative and professional occupations",340,327,13
E01003660,L7: Intermediate occupations,177,220,-43
E01003660,L8 and L9: Small employers and own account workers,229,158,71
E01003661,"L1, L2 and L3: Higher managerial, administrative and professional occupations",209,108,101
E01003661,L10 and L11: Lower supervisory and technical occupations,66,65,1
E01003661,L12: Semi-routine occupations,189,164,25
E01003661,L13: Routine occupations,175,101,74
E01003661,L14.1 and L14.2: Never worked and long-term unemployed,219,116,103
E01003661,L15: Full-time students,194,177,17
E01003661,"L4, L5 and L6: Lower managerial, administrative and professional occupations",268,280,-12
E01003661,L7: Intermediate occupations,189,230,-41
E01003661,L8 and L9: Small employers and own account workers,193,144,49
E01003662,"L1, L2 and L3: Higher managerial, administrative and professional occupations",155,102,53
E01003662,L10 and L11: Lower supervisory and technical occupations,68,79,-11
E01003662,L12: Semi-routine occupations,176,177,-1
E01003662,L13: Routine occupations,154,87,67
E01003662,L14.1 and L14.2: Never worked and long-term unemployed,217,139,78
E01003662,L15: Full-time students,165,147,18
E01003662,"L4, L5 and L6: Lower managerial, administrative and professional occupations",289,280,9
E01003662,L7: Intermediate occupations,173,198,-25
E01003662,L8 and L9: Small employers and own account workers,220,116,104
E01003663,"L1, L2 and L3: Higher managerial, administrative and professional occupations",189,96,93
E01003663,L10 and L11: Lower supervisory and technical occupations,60,59,1
E01003663,L12: Semi-routine occupations,171,152,19
E01003663,L13: Routine occupations,106,87,19
E01003663,L14.1 and L14.2: Never worked and long-term unemployed,209,88,121
E01003663,L15: Full-time students,163,134,29
E01003663,"L4, L5 and L6: Lower managerial, administrative and professional occupations",273,219,54
E01003663,L7: Intermediate occupations,195,187,8
E01003663,L8 and L9: Small employers and own account workers,166,106,60
E01003664,"L1, L2 and L3: Higher managerial, administrative and professional occupations",173,122,51
E01003664,L10 and L11: Lower supervisory and technical occupations,55,60,-5
E01003664,L12: Semi-routine occupations,148,138,10
E01003664,L13: Routine occupations,110,89,21
E01003664,L14.1 and L14.2: Never worked and long-term unemployed,148,98,50
E01003664,L15: Full-time students,182,128,54
E01003664,"L4, L5 and L6: Lower managerial, administrative and professional occupations",283,284,-1
E01003664,L7: Intermediate occupations,181,180,1
E01003664,L8 and L9: Small employers and own account workers,147,119,28
E01003665,"L1, L2 and L3: Higher managerial, administrative and professional occupations",169,117,52
E01003665,L10 and L11: Lower supervisory and technical occupations,49,51,-2
E01003665,L12: Semi-routine occupations,115,114,1
E01003665,L13: Routine occupations,99,82,17
E01003665,L14.1 and L14.2: Never worked and long-term unemployed,126,93,33
E01003665,L15: Full-time students,125,141,-16
E01003665,"L4, L5 and L6: Lower managerial, administrative and professional occupations",269,238,31
E01003665,L7: Intermediate occupations,169,173,-4
E01003665,L8 and L9: Small employers and own account workers,182,122,60
E01003666,"L1, L2 and L3: Higher managerial, administrative and professional occupations",194,150,44
E01003666,L10 and L11: Lower supervisory and technical occupations,88,75,13
E01003666,L12: Semi-routine occupations,249,177,72
E01003666,L13: Routine occupations,194,109,85
E01003666,L14.1 and L14.2: Never worked and long-term unemployed,238,170,68
E01003666,L15: Full-time students,217,148,69
E01003666,"L4, L5 and L6: Lower managerial, administrative and professional occupations",360,353,7
E01003666,L7: Intermediate occupations,275,227,48
E01003666,L8 and L9: Small employers and own account workers,241,126,115
E01003668,"L1, L2 and L3: Higher managerial, administrative and professional occupations",381,265,116
E01003668,L10 and L11: Lower supervisory and technical occupations,43,43,0
E01003668,L12: Semi-routine occupations,74,74,0
E01003668,L13: Routine occupations,66,46,20
E01003668,L14.1 and L14.2: Never worked and long-term unemployed,109,48,61
E01003668,L15: Full-time students,69,56,13
E01003668,"L4, L5 and L6: Lower managerial, administrative and professional occupations",354,435,-81
E01003668,L7: Intermediate occupations,147,155,-8
E01003668,L8 and L9: Small employers and own account workers,218,104,114
E01003669,"L1, L2 and L3: Higher managerial, administrative and professional occupations",317,235,82
E01003669,L10 and L11: Lower supervisory and technical occupations,32,25,7
E01003669,L12: Semi-routine occupations,82,77,5
E01003669,L13: Routine occupations,51,39,12
E01003669,L14.1 and L14.2: Never worked and long-term unemployed,54,17,37
E01003669,L15: Full-time students,86,82,4
E01003669,"L4, L5 and L6: Lower managerial, administrative and professional occupations",333,374,-41
E01003669,L7: Intermediate occupations,141,165,-24
E01003669,L8 and L9: Small employers and own account workers,143,148,-5
E01003670,"L1, L2 and L3: Higher managerial, administrative and professional occupations",289,201,88
E01003670,L10 and L11: Lower supervisory and technical occupations,33,46,-13
E01003670,L12: Semi-routine occupations,96,105,-9
E01003670,L13: Routine occupations,76,48,28
E01003670,L14.1 and L14.2: Never worked and long-term unemployed,77,36,41
E01003670,L15: Full-time students,89,81,8
E01003670,"L4, L5 and L6: Lower managerial, administrative and professional occupations",287,303,-16
E01003670,L7: Intermediate occupations,147,153,-6
E01003670,L8 and L9: Small employers and own account workers,126,106,20
E01003671,"L1, L2 and L3: Higher managerial, administrative and professional occupations",366,198,168
E01003671,L10 and L11: Lower supervisory and technical occupations,30,41,-11
E01003671,L12: Semi-routine occupations,63,76,-13
E01003671,L13: Routine occupations,49,42,7
E01003671,L14.1 and L14.2: Never worked and long-term unemployed,55,31,24
E01003671,L15: Full-time students,79,87,-8
E01003671,"L4, L5 and L6: Lower managerial, administrative and professional occupations",311,333,-22
E01003671,L7: Intermediate occupations,139,181,-42
E01003671,L8 and L9: Small employers and own account workers,140,137,3
E01003672,"L1, L2 and L3: Higher managerial, administrative and professional occupations",282,166,116
E01003672,L10 and L11: Lower supervisory and technical occupations,50,35,15
E01003672,L12: Semi-routine occupations,103,78,25
E01003672,L13: Routine occupations,94,54,40
E01003672,L14.1 and L14.2: Never worked and long-term unemployed,123,64,59
E01003672,L15: Full-time students,88,79,9
E01003672,"L4, L5 and L6: Lower managerial, administrative and professional occupations",304,288,16
E01003672,L7: Intermediate occupations,141,152,-11
E01003672,L8 and L9: Small employers and own account workers,165,92,73
E01003673,"L1, L2 and L3: Higher managerial, administrative and professional occupations",403,329,74
E01003673,L10 and L11: Lower supervisory and technical occupations,37,38,-1
E01003673,L12: Semi-routine occupations,107,94,13
E01003673,L13: Routine occupations,95,48,47
E01003673,L14.1 and L14.2: Never worked and long-term unemployed,74,52,22
E01003673,L15: Full-time students,114,73,41
E01003673,"L4, L5 and L6: Lower managerial, administrative and professional occupations",407,445,-38
E01003673,L7: Intermediate occupations,148,206,-58
E01003673,L8 and L9: Small employers and own account workers,167,118,49
E01003674,"L1, L2 and L3: Higher managerial, administrative and professional occupations",518,376,142
E01003674,L10 and L11: Lower supervisory and technical occupations,74,76,-2
E01003674,L12: Semi-routine occupations,119,110,9
E01003674,L13: Routine occupations,116,49,67
E01003674,L14.1 and L14.2: Never worked and long-term unemployed,120,69,51
E01003674,L15: Full-time students,108,109,-1
E01003674,"L4, L5 and L6: Lower managerial, administrative and professional occupations",466,507,-41
E01003674,L7: Intermediate occupations,200,241,-41
E01003674,L8 and L9: Small employers and own account workers,234,156,78
E01003675,"L1, L2 and L3: Higher managerial, administrative and professional occupations",210,170,40
E01003675,L10 and L11: Lower supervisory and technical occupations,35,44,-9
E01003675,L12: Semi-routine occupations,123,103,20
E01003675,L13: Routine occupations,102,51,51
E01003675,L14.1 and L14.2: Never worked and long-term unemployed,176,102,74
E01003675,L15: Full-time students,171,151,20
E01003675,"L4, L5 and L6: Lower managerial, administrative and professional occupations",243,215,28
E01003675,L7: Intermediate occupations,160,159,1
E01003675,L8 and L9: Small employers and own account workers,175,134,41
E01003676,"L1, L2 and L3: Higher managerial, administrative and professional occupations",243,173,70
E01003676,L10 and L11: Lower supervisory and technical occupations,28,46,-18
E01003676,L12: Semi-routine occupations,152,123,29
E01003676,L13: Routine occupations,107,58,49
E01003676,L14.1 and L14.2: Never worked and long-term unemployed,187,100,87
E01003676,L15: Full-time students,183,168,15
E01003676,"L4, L5 and L6: Lower managerial, administrative and professional occupations",259,260,-1
E01003676,L7: Intermediate occupations,170,154,16
E01003676,L8 and L9: Small employers and own account workers,212,121,91
E01003677,"L1, L2 and L3: Higher managerial, administrative and professional occupations",267,146,121
E01003677,L10 and L11: Lower supervisory and technical occupations,37,49,-12
E01003677,L12: Semi-routine occupations,107,96,11
E01003677,L13: Routine occupations,74,54,20
E01003677,L14.1 and L14.2: Never worked and long-term unemployed,149,89,60
E01003677,L15: Full-time students,220,149,71
E01003677,"L4, L5 and L6: Lower managerial, administrative and professional occupations",277,225,52
E01003677,L7: Intermediate occupations,158,148,10
E01003677,L8 and L9: Small employers and own account workers,210,140,70
E01003678,"L1, L2 and L3: Higher managerial, administrative and professional occupations",242,184,58
E01003678,L10 and L11: Lower supervisory and technical occupations,31,32,-1
E01003678,L12: Semi-routine occupations,105,117,-12
E01003678,L13: Routine occupations,72,47,25
E01003678,L14.1 and L14.2: Never worked and long-term unemployed,127,75,52
E01003678,L15: Full-time students,167,153,14
E01003678,"L4, L5 and L6: Lower managerial, administrative and professional occupations",249,246,3
E01003678,L7: Intermediate occupations,161,155,6
E01003678,L8 and L9: Small employers and own account workers,192,142,50
E01003679,"L1, L2 and L3: Higher managerial, administrative and professional occupations",238,169,69
E01003679,L10 and L11: Lower supervisory and technical occupations,33,42,-9
E01003679,L12: Semi-routine occupations,98,96,2
E01003679,L13: Routine occupations,84,54,30
E01003679,L14.1 and L14.2: Never worked and long-term unemployed,154,101,53
E01003679,L15: Full-time students,176,147,29
E01003679,"L4, L5 and L6: Lower managerial, administrative and professional occupations",288,245,43
E01003679,L7: Intermediate occupations,139,183,-44
E01003679,L8 and L9: Small employers and own account workers,212,158,54
E01003680,"L1, L2 and L3: Higher managerial, administrative and professional occupations",192,131,61
E01003680,L10 and L11: Lower supervisory and technical occupations,29,41,-12
E01003680,L12: Semi-routine occupations,126,132,-6
E01003680,L13: Routine occupations,85,40,45
E01003680,L14.1 and L14.2: Never worked and long-term unemployed,140,79,61
E01003680,L15: Full-time students,149,171,-22
E01003680,"L4, L5 and L6: Lower managerial, administrative and professional occupations",273,234,39
E01003680,L7: Intermediate occupations,155,179,-24
E01003680,L8 and L9: Small employers and own account workers,198,152,46
E01003681,"L1, L2 and L3: Higher managerial, administrative and professional occupations",245,148,97
E01003681,L10 and L11: Lower supervisory and technical occupations,46,40,6
E01003681,L12: Semi-routine occupations,146,129,17
E01003681,L13: Routine occupations,126,82,44
E01003681,L14.1 and L14.2: Never worked and long-term unemployed,224,121,103
E01003681,L15: Full-time students,202,162,40
E01003681,"L4, L5 and L6: Lower managerial, administrative and professional occupations",278,246,32
E01003681,L7: Intermediate occupations,186,181,5
E01003681,L8 and L9: Small employers and own account workers,221,169,52
E01003682,"L1, L2 and L3: Higher managerial, administrative and professional occupations",233,160,73
E01003682,L10 and L11: Lower supervisory and technical occupations,42,49,-7
E01003682,L12: Semi-routine occupations,118,117,1
E01003682,L13: Routine occupations,98,62,36
E01003682,L14.1 and L14.2: Never worked and long-term unemployed,196,99,97
E01003682,L15: Full-time students,178,155,23
E01003682,"L4, L5 and L6: Lower managerial, administrative and professional occupations",252,256,-4
E01003682,L7: Intermediate occupations,170,166,4
E01003682,L8 and L9: Small employers and own account workers,211,142,69
E01003683,"L1, L2 and L3: Higher managerial, administrative and professional occupations",98,75,23
E01003683,L10 and L11: Lower supervisory and technical occupations,68,57,11
E01003683,L12: Semi-routine occupations,189,180,9
E01003683,L13: Routine occupations,202,125,77
E01003683,L14.1 and L14.2: Never worked and long-term unemployed,264,269,-5
E01003683,L15: Full-time students,186,257,-71
E01003683,"L4, L5 and L6: Lower managerial, administrative and professional occupations",207,177,30
E01003683,L7: Intermediate occupations,147,129,18
E01003683,L8 and L9: Small employers and own account workers,236,151,85
E01003684,"L1, L2 and L3: Higher managerial, administrative and professional occupations",113,74,39
E01003684,L10 and L11: Lower supervisory and technical occupations,38,59,-21
E01003684,L12: Semi-routine occupations,157,159,-2
E01003684,L13: Routine occupations,148,88,60
E01003684,L14.1 and L14.2: Never worked and long-term unemployed,230,188,42
E01003684,L15: Full-time students,173,192,-19
E01003684,"L4, L5 and L6: Lower managerial, administrative and professional occupations",194,173,21
E01003684,L7: Intermediate occupations,132,118,14
E01003684,L8 and L9: Small employers and own account workers,186,129,57
E01003685,"L1, L2 and L3: Higher managerial, administrative and professional occupations",85,86,-1
E01003685,L10 and L11: Lower supervisory and technical occupations,52,62,-10
E01003685,L12: Semi-routine occupations,199,164,35
E01003685,L13: Routine occupations,148,107,41
E01003685,L14.1 and L14.2: Never worked and long-term unemployed,269,193,76
E01003685,L15: Full-time students,195,295,-100
E01003685,"L4, L5 and L6: Lower managerial, administrative and professional occupations",183,142,41
E01003685,L7: Intermediate occupations,139,113,26
E01003685,L8 and L9: Small employers and own account workers,214,139,75
E01003686,"L1, L2 and L3: Higher managerial, administrative and professional occupations",124,91,33
E01003686,L10 and L11: Lower supervisory and technical occupations,63,63,0
E01003686,L12: Semi-routine occupations,158,175,-17
E01003686,L13: Routine occupations,163,97,66
E01003686,L14.1 and L14.2: Never worked and long-term unemployed,347,219,128
E01003686,L15: Full-time students,156,227,-71
E01003686,"L4, L5 and L6: Lower managerial, administrative and professional occupations",214,195,19
E01003686,L7: Intermediate occupations,124,151,-27
E01003686,L8 and L9: Small employers and own account workers,213,125,88
E01003688,"L1, L2 and L3: Higher managerial, administrative and professional occupations",95,88,7
E01003688,L10 and L11: Lower supervisory and technical occupations,47,43,4
E01003688,L12: Semi-routine occupations,129,155,-26
E01003688,L13: Routine occupations,117,94,23
E01003688,L14.1 and L14.2: Never worked and long-term unemployed,285,253,32
E01003688,L15: Full-time students,177,217,-40
E01003688,"L4, L5 and L6: Lower managerial, administrative and professional occupations",179,189,-10
E01003688,L7: Intermediate occupations,143,114,29
E01003688,L8 and L9: Small employers and own account workers,200,163,37
E01003689,"L1, L2 and L3: Higher managerial, administrative and professional occupations",262,76,186
E01003689,L10 and L11: Lower supervisory and technical occupations,55,48,7
E01003689,L12: Semi-routine occupations,163,135,28
E01003689,L13: Routine occupations,165,82,83
E01003689,L14.1 and L14.2: Never worked and long-term unemployed,379,233,146
E01003689,L15: Full-time students,187,171,16
E01003689,"L4, L5 and L6: Lower managerial, administrative and professional occupations",221,130,91
E01003689,L7: Intermediate occupations,135,114,21
E01003689,L8 and L9: Small employers and own account workers,192,90,102
E01003690,"L1, L2 and L3: Higher managerial, administrative and professional occupations",326,190,136
E01003690,L10 and L11: Lower supervisory and technical occupations,36,44,-8
E01003690,L12: Semi-routine occupations,162,122,40
E01003690,L13: Routine occupations,112,61,51
E01003690,L14.1 and L14.2: Never worked and long-term unemployed,248,129,119
E01003690,L15: Full-time students,135,152,-17
E01003690,"L4, L5 and L6: Lower managerial, administrative and professional occupations",283,243,40
E01003690,L7: Intermediate occupations,164,118,46
E01003690,L8 and L9: Small employers and own account workers,265,152,113
E01003691,"L1, L2 and L3: Higher managerial, administrative and professional occupations",155,108,47
E01003691,L10 and L11: Lower supervisory and technical occupations,31,61,-30
E01003691,L12: Semi-routine occupations,124,112,12
E01003691,L13: Routine occupations,76,42,34
E01003691,L14.1 and L14.2: Never worked and long-term unemployed,195,147,48
E01003691,L15: Full-time students,154,140,14
E01003691,"L4, L5 and L6: Lower managerial, administrative and professional occupations",243,190,53
E01003691,L7: Intermediate occupations,132,116,16
E01003691,L8 and L9: Small employers and own account workers,160,116,44
E01003692,"L1, L2 and L3: Higher managerial, administrative and professional occupations",209,155,54
E01003692,L10 and L11: Lower supervisory and technical occupations,49,45,4
E01003692,L12: Semi-routine occupations,102,104,-2
E01003692,L13: Routine occupations,87,57,30
E01003692,L14.1 and L14.2: Never worked and long-term unemployed,169,149,20
E01003692,L15: Full-time students,146,145,1
E01003692,"L4, L5 and L6: Lower managerial, administrative and professional occupations",232,215,17
E01003692,L7: Intermediate occupations,137,145,-8
E01003692,L8 and L9: Small employers and own account workers,159,118,41
E01003693,"L1, L2 and L3: Higher managerial, administrative and professional occupations",204,162,42
E01003693,L10 and L11: Lower supervisory and technical occupations,25,35,-10
E01003693,L12: Semi-routine occupations,98,95,3
E01003693,L13: Routine occupations,74,76,-2
E01003693,L14.1 and L14.2: Never worked and long-term unemployed,181,127,54
E01003693,L15: Full-time students,164,158,6
E01003693,"L4, L5 and L6: Lower managerial, administrative and professional occupations",239,215,24
E01003693,L7: Intermediate occupations,152,144,8
E01003693,L8 and L9: Small employers and own account workers,197,160,37
E01003694,"L1, L2 and L3: Higher managerial, administrative and professional occupations",184,139,45
E01003694,L10 and L11: Lower supervisory and technical occupations,32,43,-11
E01003694,L12: Semi-routine occupations,107,105,2
E01003694,L13: Routine occupations,95,62,33
E01003694,L14.1 and L14.2: Never worked and long-term unemployed,184,130,54
E01003694,L15: Full-time students,133,133,0
E01003694,"L4, L5 and L6: Lower managerial, administrative and professional occupations",211,228,-17
E01003694,L7: Intermediate occupations,128,120,8
E01003694,L8 and L9: Small employers and own account workers,146,125,21
E01003695,"L1, L2 and L3: Higher managerial, administrative and professional occupations",151,139,12
E01003695,L10 and L11: Lower supervisory and technical occupations,43,55,-12
E01003695,L12: Semi-routine occupations,96,116,-20
E01003695,L13: Routine occupations,113,49,64
E01003695,L14.1 and L14.2: Never worked and long-term unemployed,210,165,45
E01003695,L15: Full-time students,99,131,-32
E01003695,"L4, L5 and L6: Lower managerial, administrative and professional occupations",194,211,-17
E01003695,L7: Intermediate occupations,108,146,-38
E01003695,L8 and L9: Small employers and own account workers,188,153,35
E01003696,"L1, L2 and L3: Higher managerial, administrative and professional occupations",167,131,36
E01003696,L10 and L11: Lower supervisory and technical occupations,53,36,17
E01003696,L12: Semi-routine occupations,118,126,-8
E01003696,L13: Routine occupations,126,73,53
E01003696,L14.1 and L14.2: Never worked and long-term unemployed,211,113,98
E01003696,L15: Full-time students,175,302,-127
E01003696,"L4, L5 and L6: Lower managerial, administrative and professional occupations",245,230,15
E01003696,L7: Intermediate occupations,160,172,-12
E01003696,L8 and L9: Small employers and own account workers,232,194,38
E01003697,"L1, L2 and L3: Higher managerial, administrative and professional occupations",206,166,40
E01003697,L10 and L11: Lower supervisory and technical occupations,48,44,4
E01003697,L12: Semi-routine occupations,112,129,-17
E01003697,L13: Routine occupations,100,63,37
E01003697,L14.1 and L14.2: Never worked and long-term unemployed,170,100,70
E01003697,L15: Full-time students,168,160,8
E01003697,"L4, L5 and L6: Lower managerial, administrative and professional occupations",257,233,24
E01003697,L7: Intermediate occupations,155,138,17
E01003697,L8 and L9: Small employers and own account workers,188,148,40
E01003698,"L1, L2 and L3: Higher managerial, administrative and professional occupations",175,118,57
E01003698,L10 and L11: Lower supervisory and technical occupations,41,43,-2
E01003698,L12: Semi-routine occupations,99,134,-35
E01003698,L13: Routine occupations,103,65,38
E01003698,L14.1 and L14.2: Never worked and long-term unemployed,79,56,23
E01003698,L15: Full-time students,91,75,16
E01003698,"L4, L5 and L6: Lower managerial, administrative and professional occupations",267,228,39
E01003698,L7: Intermediate occupations,145,177,-32
E01003698,L8 and L9: Small employers and own account workers,175,132,43
E01003699,"L1, L2 and L3: Higher managerial, administrative and professional occupations",177,110,67
E01003699,L10 and L11: Lower supervisory and technical occupations,49,53,-4
E01003699,L12: Semi-routine occupations,122,111,11
E01003699,L13: Routine occupations,110,85,25
E01003699,L14.1 and L14.2: Never worked and long-term unemployed,96,40,56
E01003699,L15: Full-time students,72,67,5
E01003699,"L4, L5 and L6: Lower managerial, administrative and professional occupations",253,267,-14
E01003699,L7: Intermediate occupations,143,162,-19
E01003699,L8 and L9: Small employers and own account workers,210,147,63
E01003700,"L1, L2 and L3: Higher managerial, administrative and professional occupations",243,174,69
E01003700,L10 and L11: Lower supervisory and technical occupations,74,83,-9
E01003700,L12: Semi-routine occupations,205,203,2
E01003700,L13: Routine occupations,162,110,52
E01003700,L14.1 and L14.2: Never worked and long-term unemployed,224,127,97
E01003700,L15: Full-time students,183,158,25
E01003700,"L4, L5 and L6: Lower managerial, administrative and professional occupations",358,328,30
E01003700,L7: Intermediate occupations,209,260,-51
E01003700,L8 and L9: Small employers and own account workers,355,198,157
E01003701,"L1, L2 and L3: Higher managerial, administrative and professional occupations",214,129,85
E01003701,L10 and L11: Lower supervisory and technical occupations,50,64,-14
E01003701,L12: Semi-routine occupations,151,151,0
E01003701,L13: Routine occupations,119,93,26
E01003701,L14.1 and L14.2: Never worked and long-term unemployed,179,102,77
E01003701,L15: Full-time students,170,139,31
E01003701,"L4, L5 and L6: Lower managerial, administrative and professional occupations",280,235,45
E01003701,L7: Intermediate occupations,193,214,-21
E01003701,L8 and L9: Small employers and own account workers,259,135,124
E01003702,"L1, L2 and L3: Higher managerial, administrative and professional occupations",249,116,133
E01003702,L10 and L11: Lower supervisory and technical occupations,76,67,9
E01003702,L12: Semi-routine occupations,138,136,2
E01003702,L13: Routine occupations,138,111,27
E01003702,L14.1 and L14.2: Never worked and long-term unemployed,133,73,60
E01003702,L15: Full-time students,146,82,64
E01003702,"L4, L5 and L6: Lower managerial, administrative and professional occupations",348,257,91
E01003702,L7: Intermediate occupations,253,205,48
E01003702,L8 and L9: Small employers and own account workers,320,179,141
E01003703,"L1, L2 and L3: Higher managerial, administrative and professional occupations",373,282,91
E01003703,L10 and L11: Lower supervisory and technical occupations,93,66,27
E01003703,L12: Semi-routine occupations,169,179,-10
E01003703,L13: Routine occupations,136,126,10
E01003703,L14.1 and L14.2: Never worked and long-term unemployed,215,114,101
E01003703,L15: Full-time students,204,152,52
E01003703,"L4, L5 and L6: Lower managerial, administrative and professional occupations",408,436,-28
E01003703,L7: Intermediate occupations,222,259,-37
E01003703,L8 and L9: Small employers and own account workers,297,239,58
E01003704,"L1, L2 and L3: Higher managerial, administrative and professional occupations",141,77,64
E01003704,L10 and L11: Lower supervisory and technical occupations,76,83,-7
E01003704,L12: Semi-routine occupations,156,143,13
E01003704,L13: Routine occupations,145,117,28
E01003704,L14.1 and L14.2: Never worked and long-term unemployed,198,100,98
E01003704,L15: Full-time students,183,112,71
E01003704,"L4, L5 and L6: Lower managerial, administrative and professional occupations",248,250,-2
E01003704,L7: Intermediate occupations,142,200,-58
E01003704,L8 and L9: Small employers and own account workers,270,136,134
E01003705,"L1, L2 and L3: Higher managerial, administrative and professional occupations",283,183,100
E01003705,L10 and L11: Lower supervisory and technical occupations,91,87,4
E01003705,L12: Semi-routine occupations,155,175,-20
E01003705,L13: Routine occupations,170,115,55
E01003705,L14.1 and L14.2: Never worked and long-term unemployed,168,108,60
E01003705,L15: Full-time students,179,165,14
E01003705,"L4, L5 and L6: Lower managerial, administrative and professional occupations",346,311,35
E01003705,L7: Intermediate occupations,197,233,-36
E01003705,L8 and L9: Small employers and own account workers,321,199,122
E01003706,"L1, L2 and L3: Higher managerial, administrative and professional occupations",139,97,42
E01003706,L10 and L11: Lower supervisory and technical occupations,67,53,14
E01003706,L12: Semi-routine occupations,148,123,25
E01003706,L13: Routine occupations,111,78,33
E01003706,L14.1 and L14.2: Never worked and long-term unemployed,139,90,49
E01003706,L15: Full-time students,129,95,34
E01003706,"L4, L5 and L6: Lower managerial, administrative and professional occupations",255,220,35
E01003706,L7: Intermediate occupations,134,170,-36
E01003706,L8 and L9: Small employers and own account workers,193,133,60
E01003707,"L1, L2 and L3: Higher managerial, administrative and professional occupations",163,89,74
E01003707,L10 and L11: Lower supervisory and technical occupations,46,50,-4
E01003707,L12: Semi-routine occupations,93,110,-17
E01003707,L13: Routine occupations,84,52,32
E01003707,L14.1 and L14.2: Never worked and long-term unemployed,137,86,51
E01003707,L15: Full-time students,113,107,6
E01003707,"L4, L5 and L6: Lower managerial, administrative and professional occupations",222,199,23
E01003707,L7: Intermediate occupations,181,168,13
E01003707,L8 and L9: Small employers and own account workers,183,120,63
E01003708,"L1, L2 and L3: Higher managerial, administrative and professional occupations",182,69,113
E01003708,L10 and L11: Lower supervisory and technical occupations,61,49,12
E01003708,L12: Semi-routine occupations,186,139,47
E01003708,L13: Routine occupations,136,104,32
E01003708,L14.1 and L14.2: Never worked and long-term unemployed,211,131,80
E01003708,L15: Full-time students,190,112,78
E01003708,"L4, L5 and L6: Lower managerial, administrative and professional occupations",256,156,100
E01003708,L7: Intermediate occupations,156,136,20
E01003708,L8 and L9: Small employers and own account workers,198,116,82
E01003709,"L1, L2 and L3: Higher managerial, administrative and professional occupations",215,116,99
E01003709,L10 and L11: Lower supervisory and technical occupations,68,60,8
E01003709,L12: Semi-routine occupations,137,160,-23
E01003709,L13: Routine occupations,91,62,29
E01003709,L14.1 and L14.2: Never worked and long-term unemployed,154,82,72
E01003709,L15: Full-time students,130,119,11
E01003709,"L4, L5 and L6: Lower managerial, administrative and professional occupations",242,241,1
E01003709,L7: Intermediate occupations,187,168,19
E01003709,L8 and L9: Small employers and own account workers,176,142,34
E01003710,"L1, L2 and L3: Higher managerial, administrative and professional occupations",177,121,56
E01003710,L10 and L11: Lower supervisory and technical occupations,27,54,-27
E01003710,L12: Semi-routine occupations,123,142,-19
E01003710,L13: Routine occupations,80,57,23
E01003710,L14.1 and L14.2: Never worked and long-term unemployed,138,79,59
E01003710,L15: Full-time students,110,126,-16
E01003710,"L4, L5 and L6: Lower managerial, administrative and professional occupations",246,213,33
E01003710,L7: Intermediate occupations,163,153,10
E01003710,L8 and L9: Small employers and own account workers,196,169,27
E01003711,"L1, L2 and L3: Higher managerial, administrative and professional occupations",208,137,71
E01003711,L10 and L11: Lower supervisory and technical occupations,47,60,-13
E01003711,L12: Semi-routine occupations,136,132,4
E01003711,L13: Routine occupations,113,109,4
E01003711,L14.1 and L14.2: Never worked and long-term unemployed,162,90,72
E01003711,L15: Full-time students,156,115,41
E01003711,"L4, L5 and L6: Lower managerial, administrative and professional occupations",297,238,59
E01003711,L7: Intermediate occupations,199,191,8
E01003711,L8 and L9: Small employers and own account workers,208,178,30
E01003712,"L1, L2 and L3: Higher managerial, administrative and professional occupations",97,55,42
E01003712,L10 and L11: Lower supervisory and technical occupations,37,46,-9
E01003712,L12: Semi-routine occupations,149,126,23
E01003712,L13: Routine occupations,117,90,27
E01003712,L14.1 and L14.2: Never worked and long-term unemployed,202,126,76
E01003712,L15: Full-time students,130,121,9
E01003712,"L4, L5 and L6: Lower managerial, administrative and professional occupations",165,143,22
E01003712,L7: Intermediate occupations,145,128,17
E01003712,L8 and L9: Small employers and own account workers,126,102,24
E01003713,"L1, L2 and L3: Higher managerial, administrative and professional occupations",141,91,50
E01003713,L10 and L11: Lower supervisory and technical occupations,50,45,5
E01003713,L12: Semi-routine occupations,151,158,-7
E01003713,L13: Routine occupations,142,85,57
E01003713,L14.1 and L14.2: Never worked and long-term unemployed,241,182,59
E01003713,L15: Full-time students,201,216,-15
E01003713,"L4, L5 and L6: Lower managerial, administrative and professional occupations",205,212,-7
E01003713,L7: Intermediate occupations,153,141,12
E01003713,L8 and L9: Small employers and own account workers,187,120,67
E01003714,"L1, L2 and L3: Higher managerial, administrative and professional occupations",142,109,33
E01003714,L10 and L11: Lower supervisory and technical occupations,64,70,-6
E01003714,L12: Semi-routine occupations,194,200,-6
E01003714,L13: Routine occupations,188,121,67
E01003714,L14.1 and L14.2: Never worked and long-term unemployed,277,218,59
E01003714,L15: Full-time students,199,204,-5
E01003714,"L4, L5 and L6: Lower managerial, administrative and professional occupations",240,215,25
E01003714,L7: Intermediate occupations,219,203,16
E01003714,L8 and L9: Small employers and own account workers,314,165,149
E01003715,"L1, L2 and L3: Higher managerial, administrative and professional occupations",157,108,49
E01003715,L10 and L11: Lower supervisory and technical occupations,54,50,4
E01003715,L12: Semi-routine occupations,186,177,9
E01003715,L13: Routine occupations,155,113,42
E01003715,L14.1 and L14.2: Never worked and long-term unemployed,240,216,24
E01003715,L15: Full-time students,169,277,-108
E01003715,"L4, L5 and L6: Lower managerial, administrative and professional occupations",307,226,81
E01003715,L7: Intermediate occupations,165,148,17
E01003715,L8 and L9: Small employers and own account workers,281,143,138
E01003716,"L1, L2 and L3: Higher managerial, administrative and professional occupations",208,129,79
E01003716,L10 and L11: Lower supervisory and technical occupations,50,56,-6
E01003716,L12: Semi-routine occupations,123,153,-30
E01003716,L13: Routine occupations,136,88,48
E01003716,L14.1 and L14.2: Never worked and long-term unemployed,227,156,71
E01003716,L15: Full-time students,141,137,4
E01003716,"L4, L5 and L6: Lower managerial, administrative and professional occupations",268,246,22
E01003716,L7: Intermediate occupations,125,141,-16
E01003716,L8 and L9: Small employers and own account workers,173,138,35
E01003718,"L1, L2 and L3: Higher managerial, administrative and professional occupations",174,157,17
E01003718,L10 and L11: Lower supervisory and technical occupations,56,74,-18
E01003718,L12: Semi-routine occupations,147,151,-4
E01003718,L13: Routine occupations,144,76,68
E01003718,L14.1 and L14.2: Never worked and long-term unemployed,233,209,24
E01003718,L15: Full-time students,141,129,12
E01003718,"L4, L5 and L6: Lower managerial, administrative and professional occupations",245,252,-7
E01003718,L7: Intermediate occupations,137,157,-20
E01003718,L8 and L9: Small employers and own account workers,205,127,78
E01003719,"L1, L2 and L3: Higher managerial, administrative and professional occupations",191,127,64
E01003719,L10 and L11: Lower supervisory and technical occupations,59,71,-12
E01003719,L12: Semi-routine occupations,181,160,21
E01003719,L13: Routine occupations,149,104,45
E01003719,L14.1 and L14.2: Never worked and long-term unemployed,345,220,125
E01003719,L15: Full-time students,197,188,9
E01003719,"L4, L5 and L6: Lower managerial, administrative and professional occupations",295,288,7
E01003719,L7: Intermediate occupations,173,164,9
E01003719,L8 and L9: Small employers and own account workers,237,146,91
E01003720,"L1, L2 and L3: Higher managerial, administrative and professional occupations",114,68,46
E01003720,L10 and L11: Lower supervisory and technical occupations,86,91,-5
E01003720,L12: Semi-routine occupations,222,184,38
E01003720,L13: Routine occupations,191,162,29
E01003720,L14.1 and L14.2: Never worked and long-term unemployed,184,119,65
E01003720,L15: Full-time students,119,103,16
E01003720,"L4, L5 and L6: Lower managerial, administrative and professional occupations",219,211,8
E01003720,L7: Intermediate occupations,180,185,-5
E01003720,L8 and L9: Small employers and own account workers,254,137,117
E01003721,"L1, L2 and L3: Higher managerial, administrative and professional occupations",169,110,59
E01003721,L10 and L11: Lower supervisory and technical occupations,71,64,7
E01003721,L12: Semi-routine occupations,155,161,-6
E01003721,L13: Routine occupations,133,80,53
E01003721,L14.1 and L14.2: Never worked and long-term unemployed,175,91,84
E01003721,L15: Full-time students,135,113,22
E01003721,"L4, L5 and L6: Lower managerial, administrative and professional occupations",244,221,23
E01003721,L7: Intermediate occupations,163,175,-12
E01003721,L8 and L9: Small employers and own account workers,251,114,137
E01003722,"L1, L2 and L3: Higher managerial, administrative and professional occupations",218,90,128
E01003722,L10 and L11: Lower supervisory and technical occupations,93,93,0
E01003722,L12: Semi-routine occupations,166,188,-22
E01003722,L13: Routine occupations,177,128,49
E01003722,L14.1 and L14.2: Never worked and long-term unemployed,202,109,93
E01003722,L15: Full-time students,165,126,39
E01003722,"L4, L5 and L6: Lower managerial, administrative and professional occupations",295,217,78
E01003722,L7: Intermediate occupations,202,157,45
E01003722,L8 and L9: Small employers and own account workers,282,148,134
E01003723,"L1, L2 and L3: Higher managerial, administrative and professional occupations",130,61,69
E01003723,L10 and L11: Lower supervisory and technical occupations,79,92,-13
E01003723,L12: Semi-routine occupations,188,191,-3
E01003723,L13: Routine occupations,164,141,23
E01003723,L14.1 and L14.2: Never worked and long-term unemployed,173,91,82
E01003723,L15: Full-time students,122,105,17
E01003723,"L4, L5 and L6: Lower managerial, administrative and professional occupations",260,197,63
E01003723,L7: Intermediate occupations,168,168,0
E01003723,L8 and L9: Small employers and own account workers,227,142,85
E01003724,"L1, L2 and L3: Higher managerial, administrative and professional occupations",166,97,69
E01003724,L10 and L11: Lower supervisory and technical occupations,43,55,-12
E01003724,L12: Semi-routine occupations,124,123,1
E01003724,L13: Routine occupations,77,73,4
E01003724,L14.1 and L14.2: Never worked and long-term unemployed,93,52,41
E01003724,L15: Full-time students,100,83,17
E01003724,"L4, L5 and L6: Lower managerial, administrative and professional occupations",248,202,46
E01003724,L7: Intermediate occupations,127,143,-16
E01003724,L8 and L9: Small employers and own account workers,201,136,65
E01003725,"L1, L2 and L3: Higher managerial, administrative and professional occupations",161,67,94
E01003725,L10 and L11: Lower supervisory and technical occupations,84,54,30
E01003725,L12: Semi-routine occupations,124,144,-20
E01003725,L13: Routine occupations,145,102,43
E01003725,L14.1 and L14.2: Never worked and long-term unemployed,119,102,17
E01003725,L15: Full-time students,101,80,21
E01003725,"L4, L5 and L6: Lower managerial, administrative and professional occupations",241,223,18
E01003725,L7: Intermediate occupations,156,161,-5
E01003725,L8 and L9: Small employers and own account workers,204,124,80
E01003726,"L1, L2 and L3: Higher managerial, administrative and professional occupations",300,62,238
E01003726,L10 and L11: Lower supervisory and technical occupations,93,76,17
E01003726,L12: Semi-routine occupations,162,149,13
E01003726,L13: Routine occupations,166,101,65
E01003726,L14.1 and L14.2: Never worked and long-term unemployed,181,114,67
E01003726,L15: Full-time students,133,103,30
E01003726,"L4, L5 and L6: Lower managerial, administrative and professional occupations",397,188,209
E01003726,L7: Intermediate occupations,225,134,91
E01003726,L8 and L9: Small employers and own account workers,254,121,133
E01003727,"L1, L2 and L3: Higher managerial, administrative and professional occupations",112,57,55
E01003727,L10 and L11: Lower supervisory and technical occupations,86,92,-6
E01003727,L12: Semi-routine occupations,156,167,-11
E01003727,L13: Routine occupations,170,130,40
E01003727,L14.1 and L14.2: Never worked and long-term unemployed,181,98,83
E01003727,L15: Full-time students,105,96,9
E01003727,"L4, L5 and L6: Lower managerial, administrative and professional occupations",225,192,33
E01003727,L7: Intermediate occupations,130,156,-26
E01003727,L8 and L9: Small employers and own account workers,217,121,96
E01003729,"L1, L2 and L3: Higher managerial, administrative and professional occupations",93,58,35
E01003729,L10 and L11: Lower supervisory and technical occupations,53,58,-5
E01003729,L12: Semi-routine occupations,156,144,12
E01003729,L13: Routine occupations,128,101,27
E01003729,L14.1 and L14.2: Never worked and long-term unemployed,284,265,19
E01003729,L15: Full-time students,182,237,-55
E01003729,"L4, L5 and L6: Lower managerial, administrative and professional occupations",143,137,6
E01003729,L7: Intermediate occupations,120,92,28
E01003729,L8 and L9: Small employers and own account workers,166,98,68
E01003730,"L1, L2 and L3: Higher managerial, administrative and professional occupations",82,45,37
E01003730,L10 and L11: Lower supervisory and technical occupations,38,51,-13
E01003730,L12: Semi-routine occupations,158,155,3
E01003730,L13: Routine occupations,156,87,69
E01003730,L14.1 and L14.2: Never worked and long-term unemployed,286,264,22
E01003730,L15: Full-time students,188,209,-21
E01003730,"L4, L5 and L6: Lower managerial, administrative and professional occupations",164,132,32
E01003730,L7: Intermediate occupations,137,93,44
E01003730,L8 and L9: Small employers and own account workers,183,93,90
E01003731,"L1, L2 and L3: Higher managerial, administrative and professional occupations",78,53,25
E01003731,L10 and L11: Lower supervisory and technical occupations,64,68,-4
E01003731,L12: Semi-routine occupations,123,120,3
E01003731,L13: Routine occupations,82,76,6
E01003731,L14.1 and L14.2: Never worked and long-term unemployed,194,180,14
E01003731,L15: Full-time students,157,193,-36
E01003731,"L4, L5 and L6: Lower managerial, administrative and professional occupations",158,133,25
E01003731,L7: Intermediate occupations,113,108,5
E01003731,L8 and L9: Small employers and own account workers,119,94,25
E01003732,"L1, L2 and L3: Higher managerial, administrative and professional occupations",76,65,11
E01003732,L10 and L11: Lower supervisory and technical occupations,70,38,32
E01003732,L12: Semi-routine occupations,172,103,69
E01003732,L13: Routine occupations,129,62,67
E01003732,L14.1 and L14.2: Never worked and long-term unemployed,295,246,49
E01003732,L15: Full-time students,141,129,12
E01003732,"L4, L5 and L6: Lower managerial, administrative and professional occupations",141,157,-16
E01003732,L7: Intermediate occupations,101,95,6
E01003732,L8 and L9: Small employers and own account workers,162,95,67
E01003733,"L1, L2 and L3: Higher managerial, administrative and professional occupations",98,75,23
E01003733,L10 and L11: Lower supervisory and technical occupations,40,50,-10
E01003733,L12: Semi-routine occupations,156,183,-27
E01003733,L13: Routine occupations,167,90,77
E01003733,L14.1 and L14.2: Never worked and long-term unemployed,228,195,33
E01003733,L15: Full-time students,195,273,-78
E01003733,"L4, L5 and L6: Lower managerial, administrative and professional occupations",191,174,17
E01003733,L7: Intermediate occupations,117,114,3
E01003733,L8 and L9: Small employers and own account workers,184,100,84
E01003734,"L1, L2 and L3: Higher managerial, administrative and professional occupations",72,104,-32
E01003734,L10 and L11: Lower supervisory and technical occupations,59,46,13
E01003734,L12: Semi-routine occupations,157,147,10
E01003734,L13: Routine occupations,156,86,70
E01003734,L14.1 and L14.2: Never worked and long-term unemployed,247,174,73
E01003734,L15: Full-time students,190,208,-18
E01003734,"L4, L5 and L6: Lower managerial, administrative and professional occupations",177,164,13
E01003734,L7: Intermediate occupations,133,146,-13
E01003734,L8 and L9: Small employers and own account workers,173,115,58
E01003735,"L1, L2 and L3: Higher managerial, administrative and professional occupations",95,80,15
E01003735,L10 and L11: Lower supervisory and technical occupations,68,60,8
E01003735,L12: Semi-routine occupations,169,233,-64
E01003735,L13: Routine occupations,166,123,43
E01003735,L14.1 and L14.2: Never worked and long-term unemployed,336,316,20
E01003735,L15: Full-time students,261,246,15
E01003735,"L4, L5 and L6: Lower managerial, administrative and professional occupations",196,185,11
E01003735,L7: Intermediate occupations,128,132,-4
E01003735,L8 and L9: Small employers and own account workers,168,72,96
E01003736,"L1, L2 and L3: Higher managerial, administrative and professional occupations",92,98,-6
E01003736,L10 and L11: Lower supervisory and technical occupations,57,36,21
E01003736,L12: Semi-routine occupations,176,151,25
E01003736,L13: Routine occupations,153,77,76
E01003736,L14.1 and L14.2: Never worked and long-term unemployed,283,192,91
E01003736,L15: Full-time students,135,164,-29
E01003736,"L4, L5 and L6: Lower managerial, administrative and professional occupations",160,157,3
E01003736,L7: Intermediate occupations,112,98,14
E01003736,L8 and L9: Small employers and own account workers,254,130,124
E01003737,"L1, L2 and L3: Higher managerial, administrative and professional occupations",276,146,130
E01003737,L10 and L11: Lower supervisory and technical occupations,75,58,17
E01003737,L12: Semi-routine occupations,158,106,52
E01003737,L13: Routine occupations,118,78,40
E01003737,L14.1 and L14.2: Never worked and long-term unemployed,228,111,117
E01003737,L15: Full-time students,310,163,147
E01003737,"L4, L5 and L6: Lower managerial, administrative and professional occupations",336,215,121
E01003737,L7: Intermediate occupations,255,168,87
E01003737,L8 and L9: Small employers and own account workers,379,206,173
E01003738,"L1, L2 and L3: Higher managerial, administrative and professional occupations",190,115,75
E01003738,L10 and L11: Lower supervisory and technical occupations,60,60,0
E01003738,L12: Semi-routine occupations,163,184,-21
E01003738,L13: Routine occupations,163,82,81
E01003738,L14.1 and L14.2: Never worked and long-term unemployed,238,152,86
E01003738,L15: Full-time students,249,218,31
E01003738,"L4, L5 and L6: Lower managerial, administrative and professional occupations",329,280,49
E01003738,L7: Intermediate occupations,219,226,-7
E01003738,L8 and L9: Small employers and own account workers,242,180,62
E01003739,"L1, L2 and L3: Higher managerial, administrative and professional occupations",208,146,62
E01003739,L10 and L11: Lower supervisory and technical occupations,46,68,-22
E01003739,L12: Semi-routine occupations,191,170,21
E01003739,L13: Routine occupations,162,103,59
E01003739,L14.1 and L14.2: Never worked and long-term unemployed,280,183,97
E01003739,L15: Full-time students,234,207,27
E01003739,"L4, L5 and L6: Lower managerial, administrative and professional occupations",292,293,-1
E01003739,L7: Intermediate occupations,189,193,-4
E01003739,L8 and L9: Small employers and own account workers,206,149,57
E01003740,"L1, L2 and L3: Higher managerial, administrative and professional occupations",193,160,33
E01003740,L10 and L11: Lower supervisory and technical occupations,59,72,-13
E01003740,L12: Semi-routine occupations,195,163,32
E01003740,L13: Routine occupations,134,100,34
E01003740,L14.1 and L14.2: Never worked and long-term unemployed,254,163,91
E01003740,L15: Full-time students,174,179,-5
E01003740,"L4, L5 and L6: Lower managerial, administrative and professional occupations",289,254,35
E01003740,L7: Intermediate occupations,182,197,-15
E01003740,L8 and L9: Small employers and own account workers,274,163,111
E01003741,"L1, L2 and L3: Higher managerial, administrative and professional occupations",170,101,69
E01003741,L10 and L11: Lower supervisory and technical occupations,65,55,10
E01003741,L12: Semi-routine occupations,147,160,-13
E01003741,L13: Routine occupations,126,94,32
E01003741,L14.1 and L14.2: Never worked and long-term unemployed,230,115,115
E01003741,L15: Full-time students,156,159,-3
E01003741,"L4, L5 and L6: Lower managerial, administrative and professional occupations",242,217,25
E01003741,L7: Intermediate occupations,212,199,13
E01003741,L8 and L9: Small employers and own account workers,205,107,98
E01003742,"L1, L2 and L3: Higher managerial, administrative and professional occupations",157,109,48
E01003742,L10 and L11: Lower supervisory and technical occupations,59,63,-4
E01003742,L12: Semi-routine occupations,197,170,27
E01003742,L13: Routine occupations,174,103,71
E01003742,L14.1 and L14.2: Never worked and long-term unemployed,303,183,120
E01003742,L15: Full-time students,251,198,53
E01003742,"L4, L5 and L6: Lower managerial, administrative and professional occupations",237,218,19
E01003742,L7: Intermediate occupations,156,194,-38
E01003742,L8 and L9: Small employers and own account workers,249,196,53
E01003743,"L1, L2 and L3: Higher managerial, administrative and professional occupations",122,68,54
E01003743,L10 and L11: Lower supervisory and technical occupations,54,49,5
E01003743,L12: Semi-routine occupations,154,136,18
E01003743,L13: Routine occupations,134,84,50
E01003743,L14.1 and L14.2: Never worked and long-term unemployed,236,201,35
E01003743,L15: Full-time students,189,229,-40
E01003743,"L4, L5 and L6: Lower managerial, administrative and professional occupations",203,178,25
E01003743,L7: Intermediate occupations,130,140,-10
E01003743,L8 and L9: Small employers and own account workers,234,127,107
E01003744,"L1, L2 and L3: Higher managerial, administrative and professional occupations",283,204,79
E01003744,L10 and L11: Lower supervisory and technical occupations,28,36,-8
E01003744,L12: Semi-routine occupations,74,74,0
E01003744,L13: Routine occupations,52,40,12
E01003744,L14.1 and L14.2: Never worked and long-term unemployed,82,30,52
E01003744,L15: Full-time students,65,64,1
E01003744,"L4, L5 and L6: Lower managerial, administrative and professional occupations",269,277,-8
E01003744,L7: Intermediate occupations,170,170,0
E01003744,L8 and L9: Small employers and own account workers,174,102,72
E01003745,"L1, L2 and L3: Higher managerial, administrative and professional occupations",340,245,95
E01003745,L10 and L11: Lower supervisory and technical occupations,26,15,11
E01003745,L12: Semi-routine occupations,55,56,-1
E01003745,L13: Routine occupations,36,20,16
E01003745,L14.1 and L14.2: Never worked and long-term unemployed,53,24,29
E01003745,L15: Full-time students,105,101,4
E01003745,"L4, L5 and L6: Lower managerial, administrative and professional occupations",268,291,-23
E01003745,L7: Intermediate occupations,118,138,-20
E01003745,L8 and L9: Small employers and own account workers,157,153,4
E01003746,"L1, L2 and L3: Higher managerial, administrative and professional occupations",321,218,103
E01003746,L10 and L11: Lower supervisory and technical occupations,19,36,-17
E01003746,L12: Semi-routine occupations,95,52,43
E01003746,L13: Routine occupations,52,36,16
E01003746,L14.1 and L14.2: Never worked and long-term unemployed,79,28,51
E01003746,L15: Full-time students,71,75,-4
E01003746,"L4, L5 and L6: Lower managerial, administrative and professional occupations",339,303,36
E01003746,L7: Intermediate occupations,147,150,-3
E01003746,L8 and L9: Small employers and own account workers,201,144,57
E01003747,"L1, L2 and L3: Higher managerial, administrative and professional occupations",345,211,134
E01003747,L10 and L11: Lower supervisory and technical occupations,21,30,-9
E01003747,L12: Semi-routine occupations,62,56,6
E01003747,L13: Routine occupations,28,23,5
E01003747,L14.1 and L14.2: Never worked and long-term unemployed,57,32,25
E01003747,L15: Full-time students,74,68,6
E01003747,"L4, L5 and L6: Lower managerial, administrative and professional occupations",254,250,4
E01003747,L7: Intermediate occupations,122,136,-14
E01003747,L8 and L9: Small employers and own account workers,125,116,9
E01003748,"L1, L2 and L3: Higher managerial, administrative and professional occupations",411,272,139
E01003748,L10 and L11: Lower supervisory and technical occupations,21,30,-9
E01003748,L12: Semi-routine occupations,78,53,25
E01003748,L13: Routine occupations,67,37,30
E01003748,L14.1 and L14.2: Never worked and long-term unemployed,87,48,39
E01003748,L15: Full-time students,82,90,-8
E01003748,"L4, L5 and L6: Lower managerial, administrative and professional occupations",299,281,18
E01003748,L7: Intermediate occupations,147,155,-8
E01003748,L8 and L9: Small employers and own account workers,167,119,48
E01003749,"L1, L2 and L3: Higher managerial, administrative and professional occupations",285,217,68
E01003749,L10 and L11: Lower supervisory and technical occupations,48,53,-5
E01003749,L12: Semi-routine occupations,87,84,3
E01003749,L13: Routine occupations,85,43,42
E01003749,L14.1 and L14.2: Never worked and long-term unemployed,125,60,65
E01003749,L15: Full-time students,100,71,29
E01003749,"L4, L5 and L6: Lower managerial, administrative and professional occupations",361,376,-15
E01003749,L7: Intermediate occupations,149,163,-14
E01003749,L8 and L9: Small employers and own account workers,185,148,37
E01003750,"L1, L2 and L3: Higher managerial, administrative and professional occupations",325,237,88
E01003750,L10 and L11: Lower supervisory and technical occupations,60,43,17
E01003750,L12: Semi-routine occupations,142,114,28
E01003750,L13: Routine occupations,83,48,35
E01003750,L14.1 and L14.2: Never worked and long-term unemployed,143,48,95
E01003750,L15: Full-time students,85,70,15
E01003750,"L4, L5 and L6: Lower managerial, administrative and professional occupations",350,368,-18
E01003750,L7: Intermediate occupations,180,161,19
E01003750,L8 and L9: Small employers and own account workers,215,115,100
E01003751,"L1, L2 and L3: Higher managerial, administrative and professional occupations",201,144,57
E01003751,L10 and L11: Lower supervisory and technical occupations,52,46,6
E01003751,L12: Semi-routine occupations,164,157,7
E01003751,L13: Routine occupations,157,79,78
E01003751,L14.1 and L14.2: Never worked and long-term unemployed,246,154,92
E01003751,L15: Full-time students,221,187,34
E01003751,"L4, L5 and L6: Lower managerial, administrative and professional occupations",290,238,52
E01003751,L7: Intermediate occupations,177,203,-26
E01003751,L8 and L9: Small employers and own account workers,277,145,132
E01003752,"L1, L2 and L3: Higher managerial, administrative and professional occupations",349,265,84
E01003752,L10 and L11: Lower supervisory and technical occupations,52,72,-20
E01003752,L12: Semi-routine occupations,169,183,-14
E01003752,L13: Routine occupations,136,83,53
E01003752,L14.1 and L14.2: Never worked and long-term unemployed,260,214,46
E01003752,L15: Full-time students,300,224,76
E01003752,"L4, L5 and L6: Lower managerial, administrative and professional occupations",447,406,41
E01003752,L7: Intermediate occupations,242,272,-30
E01003752,L8 and L9: Small employers and own account workers,266,186,80
E01003753,"L1, L2 and L3: Higher managerial, administrative and professional occupations",198,163,35
E01003753,L10 and L11: Lower supervisory and technical occupations,52,47,5
E01003753,L12: Semi-routine occupations,144,151,-7
E01003753,L13: Routine occupations,127,68,59
E01003753,L14.1 and L14.2: Never worked and long-term unemployed,202,161,41
E01003753,L15: Full-time students,178,207,-29
E01003753,"L4, L5 and L6: Lower managerial, administrative and professional occupations",263,261,2
E01003753,L7: Intermediate occupations,174,217,-43
E01003753,L8 and L9: Small employers and own account workers,207,125,82
E01003754,"L1, L2 and L3: Higher managerial, administrative and professional occupations",209,135,74
E01003754,L10 and L11: Lower supervisory and technical occupations,36,49,-13
E01003754,L12: Semi-routine occupations,152,118,34
E01003754,L13: Routine occupations,100,57,43
E01003754,L14.1 and L14.2: Never worked and long-term unemployed,180,136,44
E01003754,L15: Full-time students,145,176,-31
E01003754,"L4, L5 and L6: Lower managerial, administrative and professional occupations",260,200,60
E01003754,L7: Intermediate occupations,146,158,-12
E01003754,L8 and L9: Small employers and own account workers,186,114,72
E01003755,"L1, L2 and L3: Higher managerial, administrative and professional occupations",202,135,67
E01003755,L10 and L11: Lower supervisory and technical occupations,49,56,-7
E01003755,L12: Semi-routine occupations,180,169,11
E01003755,L13: Routine occupations,165,82,83
E01003755,L14.1 and L14.2: Never worked and long-term unemployed,204,163,41
E01003755,L15: Full-time students,262,226,36
E01003755,"L4, L5 and L6: Lower managerial, administrative and professional occupations",308,229,79
E01003755,L7: Intermediate occupations,211,179,32
E01003755,L8 and L9: Small employers and own account workers,223,139,84
E01003756,"L1, L2 and L3: Higher managerial, administrative and professional occupations",208,141,67
E01003756,L10 and L11: Lower supervisory and technical occupations,56,75,-19
E01003756,L12: Semi-routine occupations,200,191,9
E01003756,L13: Routine occupations,165,95,70
E01003756,L14.1 and L14.2: Never worked and long-term unemployed,277,171,106
E01003756,L15: Full-time students,242,249,-7
E01003756,"L4, L5 and L6: Lower managerial, administrative and professional occupations",328,246,82
E01003756,L7: Intermediate occupations,223,183,40
E01003756,L8 and L9: Small employers and own account workers,229,149,80
E01003757,"L1, L2 and L3: Higher managerial, administrative and professional occupations",151,91,60
E01003757,L10 and L11: Lower supervisory and technical occupations,77,52,25
E01003757,L12: Semi-routine occupations,160,135,25
E01003757,L13: Routine occupations,162,106,56
E01003757,L14.1 and L14.2: Never worked and long-term unemployed,275,134,141
E01003757,L15: Full-time students,201,150,51
E01003757,"L4, L5 and L6: Lower managerial, administrative and professional occupations",262,177,85
E01003757,L7: Intermediate occupations,157,120,37
E01003757,L8 and L9: Small employers and own account workers,225,101,124
E01003759,"L1, L2 and L3: Higher managerial, administrative and professional occupations",333,209,124
E01003759,L10 and L11: Lower supervisory and technical occupations,33,39,-6
E01003759,L12: Semi-routine occupations,66,85,-19
E01003759,L13: Routine occupations,62,60,2
E01003759,L14.1 and L14.2: Never worked and long-term unemployed,81,39,42
E01003759,L15: Full-time students,91,88,3
E01003759,"L4, L5 and L6: Lower managerial, administrative and professional occupations",309,287,22
E01003759,L7: Intermediate occupations,128,160,-32
E01003759,L8 and L9: Small employers and own account workers,138,120,18
E01003760,"L1, L2 and L3: Higher managerial, administrative and professional occupations",247,154,93
E01003760,L10 and L11: Lower supervisory and technical occupations,54,84,-30
E01003760,L12: Semi-routine occupations,121,135,-14
E01003760,L13: Routine occupations,111,97,14
E01003760,L14.1 and L14.2: Never worked and long-term unemployed,116,93,23
E01003760,L15: Full-time students,142,133,9
E01003760,"L4, L5 and L6: Lower managerial, administrative and professional occupations",320,281,39
E01003760,L7: Intermediate occupations,156,162,-6
E01003760,L8 and L9: Small employers and own account workers,247,169,78
E01003761,"L1, L2 and L3: Higher managerial, administrative and professional occupations",90,59,31
E01003761,L10 and L11: Lower supervisory and technical occupations,68,78,-10
E01003761,L12: Semi-routine occupations,152,191,-39
E01003761,L13: Routine occupations,197,150,47
E01003761,L14.1 and L14.2: Never worked and long-term unemployed,236,198,38
E01003761,L15: Full-time students,190,110,80
E01003761,"L4, L5 and L6: Lower managerial, administrative and professional occupations",151,159,-8
E01003761,L7: Intermediate occupations,95,111,-16
E01003761,L8 and L9: Small employers and own account workers,166,98,68
E01003762,"L1, L2 and L3: Higher managerial, administrative and professional occupations",282,190,92
E01003762,L10 and L11: Lower supervisory and technical occupations,45,52,-7
E01003762,L12: Semi-routine occupations,86,103,-17
E01003762,L13: Routine occupations,84,58,26
E01003762,L14.1 and L14.2: Never worked and long-term unemployed,90,57,33
E01003762,L15: Full-time students,91,95,-4
E01003762,"L4, L5 and L6: Lower managerial, administrative and professional occupations",352,383,-31
E01003762,L7: Intermediate occupations,149,174,-25
E01003762,L8 and L9: Small employers and own account workers,191,119,72
E01003763,"L1, L2 and L3: Higher managerial, administrative and professional occupations",246,173,73
E01003763,L10 and L11: Lower supervisory and technical occupations,55,57,-2
E01003763,L12: Semi-routine occupations,125,121,4
E01003763,L13: Routine occupations,79,65,14
E01003763,L14.1 and L14.2: Never worked and long-term unemployed,141,85,56
E01003763,L15: Full-time students,127,115,12
E01003763,"L4, L5 and L6: Lower managerial, administrative and professional occupations",348,303,45
E01003763,L7: Intermediate occupations,198,212,-14
E01003763,L8 and L9: Small employers and own account workers,255,186,69
E01003764,"L1, L2 and L3: Higher managerial, administrative and professional occupations",359,256,103
E01003764,L10 and L11: Lower supervisory and technical occupations,55,64,-9
E01003764,L12: Semi-routine occupations,113,113,0
E01003764,L13: Routine occupations,88,63,25
E01003764,L14.1 and L14.2: Never worked and long-term unemployed,121,94,27
E01003764,L15: Full-time students,116,88,28
E01003764,"L4, L5 and L6: Lower managerial, administrative and professional occupations",433,467,-34
E01003764,L7: Intermediate occupations,164,191,-27
E01003764,L8 and L9: Small employers and own account workers,225,159,66
E01003765,"L1, L2 and L3: Higher managerial, administrative and professional occupations",359,200,159
E01003765,L10 and L11: Lower supervisory and technical occupations,50,58,-8
E01003765,L12: Semi-routine occupations,117,86,31
E01003765,L13: Routine occupations,97,47,50
E01003765,L14.1 and L14.2: Never worked and long-term unemployed,105,42,63
E01003765,L15: Full-time students,112,88,24
E01003765,"L4, L5 and L6: Lower managerial, administrative and professional occupations",368,384,-16
E01003765,L7: Intermediate occupations,156,165,-9
E01003765,L8 and L9: Small employers and own account workers,179,116,63
E01003766,"L1, L2 and L3: Higher managerial, administrative and professional occupations",176,98,78
E01003766,L10 and L11: Lower supervisory and technical occupations,52,80,-28
E01003766,L12: Semi-routine occupations,177,171,6
E01003766,L13: Routine occupations,161,106,55
E01003766,L14.1 and L14.2: Never worked and long-term unemployed,270,221,49
E01003766,L15: Full-time students,193,191,2
E01003766,"L4, L5 and L6: Lower managerial, administrative and professional occupations",259,209,50
E01003766,L7: Intermediate occupations,153,161,-8
E01003766,L8 and L9: Small employers and own account workers,216,139,77
E01003767,"L1, L2 and L3: Higher managerial, administrative and professional occupations",132,90,42
E01003767,L10 and L11: Lower supervisory and technical occupations,54,62,-8
E01003767,L12: Semi-routine occupations,183,165,18
E01003767,L13: Routine occupations,167,107,60
E01003767,L14.1 and L14.2: Never worked and long-term unemployed,237,191,46
E01003767,L15: Full-time students,235,271,-36
E01003767,"L4, L5 and L6: Lower managerial, administrative and professional occupations",222,179,43
E01003767,L7: Intermediate occupations,119,160,-41
E01003767,L8 and L9: Small employers and own account workers,283,123,160
E01003768,"L1, L2 and L3: Higher managerial, administrative and professional occupations",139,107,32
E01003768,L10 and L11: Lower supervisory and technical occupations,59,61,-2
E01003768,L12: Semi-routine occupations,151,160,-9
E01003768,L13: Routine occupations,156,105,51
E01003768,L14.1 and L14.2: Never worked and long-term unemployed,311,191,120
E01003768,L15: Full-time students,133,227,-94
E01003768,"L4, L5 and L6: Lower managerial, administrative and professional occupations",202,213,-11
E01003768,L7: Intermediate occupations,118,130,-12
E01003768,L8 and L9: Small employers and own account workers,219,126,93
E01003769,"L1, L2 and L3: Higher managerial, administrative and professional occupations",110,92,18
E01003769,L10 and L11: Lower supervisory and technical occupations,52,68,-16
E01003769,L12: Semi-routine occupations,161,152,9
E01003769,L13: Routine occupations,177,83,94
E01003769,L14.1 and L14.2: Never worked and long-term unemployed,312,198,114
E01003769,L15: Full-time students,176,185,-9
E01003769,"L4, L5 and L6: Lower managerial, administrative and professional occupations",174,196,-22
E01003769,L7: Intermediate occupations,106,130,-24
E01003769,L8 and L9: Small employers and own account workers,198,128,70
E01003770,"L1, L2 and L3: Higher managerial, administrative and professional occupations",267,248,19
E01003770,L10 and L11: Lower supervisory and technical occupations,65,66,-1
E01003770,L12: Semi-routine occupations,197,175,22
E01003770,L13: Routine occupations,158,95,63
E01003770,L14.1 and L14.2: Never worked and long-term unemployed,334,233,101
E01003770,L15: Full-time students,286,260,26
E01003770,"L4, L5 and L6: Lower managerial, administrative and professional occupations",422,376,46
E01003770,L7: Intermediate occupations,214,235,-21
E01003770,L8 and L9: Small employers and own account workers,278,143,135
E01003771,"L1, L2 and L3: Higher managerial, administrative and professional occupations",157,143,14
E01003771,L10 and L11: Lower supervisory and technical occupations,49,53,-4
E01003771,L12: Semi-routine occupations,113,151,-38
E01003771,L13: Routine occupations,119,104,15
E01003771,L14.1 and L14.2: Never worked and long-term unemployed,227,183,44
E01003771,L15: Full-time students,152,161,-9
E01003771,"L4, L5 and L6: Lower managerial, administrative and professional occupations",213,246,-33
E01003771,L7: Intermediate occupations,142,161,-19
E01003771,L8 and L9: Small employers and own account workers,187,130,57
E01003772,"L1, L2 and L3: Higher managerial, administrative and professional occupations",176,97,79
E01003772,L10 and L11: Lower supervisory and technical occupations,41,48,-7
E01003772,L12: Semi-routine occupations,147,174,-27
E01003772,L13: Routine occupations,121,84,37
E01003772,L14.1 and L14.2: Never worked and long-term unemployed,199,150,49
E01003772,L15: Full-time students,139,173,-34
E01003772,"L4, L5 and L6: Lower managerial, administrative and professional occupations",213,237,-24
E01003772,L7: Intermediate occupations,150,158,-8
E01003772,L8 and L9: Small employers and own account workers,194,104,90
E01003773,"L1, L2 and L3: Higher managerial, administrative and professional occupations",184,140,44
E01003773,L10 and L11: Lower supervisory and technical occupations,42,50,-8
E01003773,L12: Semi-routine occupations,131,119,12
E01003773,L13: Routine occupations,100,85,15
E01003773,L14.1 and L14.2: Never worked and long-term unemployed,189,125,64
E01003773,L15: Full-time students,146,144,2
E01003773,"L4, L5 and L6: Lower managerial, administrative and professional occupations",257,238,19
E01003773,L7: Intermediate occupations,147,168,-21
E01003773,L8 and L9: Small employers and own account workers,171,111,60
E01003774,"L1, L2 and L3: Higher managerial, administrative and professional occupations",395,332,63
E01003774,L10 and L11: Lower supervisory and technical occupations,34,46,-12
E01003774,L12: Semi-routine occupations,77,70,7
E01003774,L13: Routine occupations,66,33,33
E01003774,L14.1 and L14.2: Never worked and long-term unemployed,104,44,60
E01003774,L15: Full-time students,64,78,-14
E01003774,"L4, L5 and L6: Lower managerial, administrative and professional occupations",473,470,3
E01003774,L7: Intermediate occupations,169,175,-6
E01003774,L8 and L9: Small employers and own account workers,157,117,40
E01003775,"L1, L2 and L3: Higher managerial, administrative and professional occupations",344,279,65
E01003775,L10 and L11: Lower supervisory and technical occupations,32,29,3
E01003775,L12: Semi-routine occupations,84,68,16
E01003775,L13: Routine occupations,56,33,23
E01003775,L14.1 and L14.2: Never worked and long-term unemployed,107,70,37
E01003775,L15: Full-time students,103,83,20
E01003775,"L4, L5 and L6: Lower managerial, administrative and professional occupations",280,378,-98
E01003775,L7: Intermediate occupations,140,173,-33
E01003775,L8 and L9: Small employers and own account workers,219,146,73
E01003776,"L1, L2 and L3: Higher managerial, administrative and professional occupations",247,194,53
E01003776,L10 and L11: Lower supervisory and technical occupations,60,50,10
E01003776,L12: Semi-routine occupations,136,122,14
E01003776,L13: Routine occupations,127,65,62
E01003776,L14.1 and L14.2: Never worked and long-term unemployed,151,70,81
E01003776,L15: Full-time students,59,66,-7
E01003776,"L4, L5 and L6: Lower managerial, administrative and professional occupations",350,331,19
E01003776,L7: Intermediate occupations,175,145,30
E01003776,L8 and L9: Small employers and own account workers,187,110,77
E01003777,"L1, L2 and L3: Higher managerial, administrative and professional occupations",455,343,112
E01003777,L10 and L11: Lower supervisory and technical occupations,31,35,-4
E01003777,L12: Semi-routine occupations,88,62,26
E01003777,L13: Routine occupations,49,30,19
E01003777,L14.1 and L14.2: Never worked and long-term unemployed,115,47,68
E01003777,L15: Full-time students,68,80,-12
E01003777,"L4, L5 and L6: Lower managerial, administrative and professional occupations",412,476,-64
E01003777,L7: Intermediate occupations,150,197,-47
E01003777,L8 and L9: Small employers and own account workers,185,129,56
E01003778,"L1, L2 and L3: Higher managerial, administrative and professional occupations",478,326,152
E01003778,L10 and L11: Lower supervisory and technical occupations,39,39,0
E01003778,L12: Semi-routine occupations,84,87,-3
E01003778,L13: Routine occupations,72,45,27
E01003778,L14.1 and L14.2: Never worked and long-term unemployed,74,46,28
E01003778,L15: Full-time students,91,87,4
E01003778,"L4, L5 and L6: Lower managerial, administrative and professional occupations",459,495,-36
E01003778,L7: Intermediate occupations,143,161,-18
E01003778,L8 and L9: Small employers and own account workers,199,146,53
E01003779,"L1, L2 and L3: Higher managerial, administrative and professional occupations",338,203,135
E01003779,L10 and L11: Lower supervisory and technical occupations,45,51,-6
E01003779,L12: Semi-routine occupations,72,93,-21
E01003779,L13: Routine occupations,72,47,25
E01003779,L14.1 and L14.2: Never worked and long-term unemployed,113,50,63
E01003779,L15: Full-time students,71,79,-8
E01003779,"L4, L5 and L6: Lower managerial, administrative and professional occupations",372,342,30
E01003779,L7: Intermediate occupations,128,142,-14
E01003779,L8 and L9: Small employers and own account workers,163,113,50
E01003780,"L1, L2 and L3: Higher managerial, administrative and professional occupations",340,266,74
E01003780,L10 and L11: Lower supervisory and technical occupations,29,30,-1
E01003780,L12: Semi-routine occupations,53,59,-6
E01003780,L13: Routine occupations,43,34,9
E01003780,L14.1 and L14.2: Never worked and long-term unemployed,103,48,55
E01003780,L15: Full-time students,86,107,-21
E01003780,"L4, L5 and L6: Lower managerial, administrative and professional occupations",334,276,58
E01003780,L7: Intermediate occupations,135,145,-10
E01003780,L8 and L9: Small employers and own account workers,167,143,24
E01003781,"L1, L2 and L3: Higher managerial, administrative and professional occupations",207,176,31
E01003781,L10 and L11: Lower supervisory and technical occupations,67,54,13
E01003781,L12: Semi-routine occupations,168,122,46
E01003781,L13: Routine occupations,100,62,38
E01003781,L14.1 and L14.2: Never worked and long-term unemployed,230,167,63
E01003781,L15: Full-time students,225,161,64
E01003781,"L4, L5 and L6: Lower managerial, administrative and professional occupations",235,221,14
E01003781,L7: Intermediate occupations,165,145,20
E01003781,L8 and L9: Small employers and own account workers,218,115,103
E01003782,"L1, L2 and L3: Higher managerial, administrative and professional occupations",127,118,9
E01003782,L10 and L11: Lower supervisory and technical occupations,48,43,5
E01003782,L12: Semi-routine occupations,115,146,-31
E01003782,L13: Routine occupations,118,95,23
E01003782,L14.1 and L14.2: Never worked and long-term unemployed,229,213,16
E01003782,L15: Full-time students,113,169,-56
E01003782,"L4, L5 and L6: Lower managerial, administrative and professional occupations",191,186,5
E01003782,L7: Intermediate occupations,116,133,-17
E01003782,L8 and L9: Small employers and own account workers,190,137,53
E01003783,"L1, L2 and L3: Higher managerial, administrative and professional occupations",185,194,-9
E01003783,L10 and L11: Lower supervisory and technical occupations,73,70,3
E01003783,L12: Semi-routine occupations,189,166,23
E01003783,L13: Routine occupations,204,102,102
E01003783,L14.1 and L14.2: Never worked and long-term unemployed,362,325,37
E01003783,L15: Full-time students,191,260,-69
E01003783,"L4, L5 and L6: Lower managerial, administrative and professional occupations",261,238,23
E01003783,L7: Intermediate occupations,206,159,47
E01003783,L8 and L9: Small employers and own account workers,222,119,103
E01003784,"L1, L2 and L3: Higher managerial, administrative and professional occupations",180,132,48
E01003784,L10 and L11: Lower supervisory and technical occupations,71,37,34
E01003784,L12: Semi-routine occupations,122,136,-14
E01003784,L13: Routine occupations,160,87,73
E01003784,L14.1 and L14.2: Never worked and long-term unemployed,248,179,69
E01003784,L15: Full-time students,147,166,-19
E01003784,"L4, L5 and L6: Lower managerial, administrative and professional occupations",262,254,8
E01003784,L7: Intermediate occupations,145,152,-7
E01003784,L8 and L9: Small employers and own account workers,222,123,99
E01003785,"L1, L2 and L3: Higher managerial, administrative and professional occupations",172,177,-5
E01003785,L10 and L11: Lower supervisory and technical occupations,57,66,-9
E01003785,L12: Semi-routine occupations,157,155,2
E01003785,L13: Routine occupations,131,67,64
E01003785,L14.1 and L14.2: Never worked and long-term unemployed,315,199,116
E01003785,L15: Full-time students,160,165,-5
E01003785,"L4, L5 and L6: Lower managerial, administrative and professional occupations",218,237,-19
E01003785,L7: Intermediate occupations,131,170,-39
E01003785,L8 and L9: Small employers and own account workers,229,125,104
E01003786,"L1, L2 and L3: Higher managerial, administrative and professional occupations",184,120,64
E01003786,L10 and L11: Lower supervisory and technical occupations,45,41,4
E01003786,L12: Semi-routine occupations,93,84,9
E01003786,L13: Routine occupations,87,59,28
E01003786,L14.1 and L14.2: Never worked and long-term unemployed,147,105,42
E01003786,L15: Full-time students,144,166,-22
E01003786,"L4, L5 and L6: Lower managerial, administrative and professional occupations",273,232,41
E01003786,L7: Intermediate occupations,121,138,-17
E01003786,L8 and L9: Small employers and own account workers,148,89,59
E01003787,"L1, L2 and L3: Higher managerial, administrative and professional occupations",156,143,13
E01003787,L10 and L11: Lower supervisory and technical occupations,30,46,-16
E01003787,L12: Semi-routine occupations,125,112,13
E01003787,L13: Routine occupations,88,63,25
E01003787,L14.1 and L14.2: Never worked and long-term unemployed,190,153,37
E01003787,L15: Full-time students,111,133,-22
E01003787,"L4, L5 and L6: Lower managerial, administrative and professional occupations",250,219,31
E01003787,L7: Intermediate occupations,127,141,-14
E01003787,L8 and L9: Small employers and own account workers,182,86,96
E01003788,"L1, L2 and L3: Higher managerial, administrative and professional occupations",155,163,-8
E01003788,L10 and L11: Lower supervisory and technical occupations,39,56,-17
E01003788,L12: Semi-routine occupations,135,132,3
E01003788,L13: Routine occupations,121,111,10
E01003788,L14.1 and L14.2: Never worked and long-term unemployed,288,185,103
E01003788,L15: Full-time students,137,155,-18
E01003788,"L4, L5 and L6: Lower managerial, administrative and professional occupations",235,248,-13
E01003788,L7: Intermediate occupations,103,151,-48
E01003788,L8 and L9: Small employers and own account workers,182,130,52
E01003789,"L1, L2 and L3: Higher managerial, administrative and professional occupations",314,228,86
E01003789,L10 and L11: Lower supervisory and technical occupations,37,34,3
E01003789,L12: Semi-routine occupations,57,87,-30
E01003789,L13: Routine occupations,40,54,-14
E01003789,L14.1 and L14.2: Never worked and long-term unemployed,71,30,41
E01003789,L15: Full-time students,54,68,-14
E01003789,"L4, L5 and L6: Lower managerial, administrative and professional occupations",313,354,-41
E01003789,L7: Intermediate occupations,156,140,16
E01003789,L8 and L9: Small employers and own account workers,131,107,24
E01003790,"L1, L2 and L3: Higher managerial, administrative and professional occupations",228,156,72
E01003790,L10 and L11: Lower supervisory and technical occupations,53,38,15
E01003790,L12: Semi-routine occupations,79,74,5
E01003790,L13: Routine occupations,72,64,8
E01003790,L14.1 and L14.2: Never worked and long-term unemployed,118,70,48
E01003790,L15: Full-time students,105,94,11
E01003790,"L4, L5 and L6: Lower managerial, administrative and professional occupations",274,310,-36
E01003790,L7: Intermediate occupations,99,119,-20
E01003790,L8 and L9: Small employers and own account workers,164,105,59
E01003791,"L1, L2 and L3: Higher managerial, administrative and professional occupations",325,170,155
E01003791,L10 and L11: Lower supervisory and technical occupations,28,38,-10
E01003791,L12: Semi-routine occupations,64,84,-20
E01003791,L13: Routine occupations,42,44,-2
E01003791,L14.1 and L14.2: Never worked and long-term unemployed,96,54,42
E01003791,L15: Full-time students,57,77,-20
E01003791,"L4, L5 and L6: Lower managerial, administrative and professional occupations",298,366,-68
E01003791,L7: Intermediate occupations,114,138,-24
E01003791,L8 and L9: Small employers and own account workers,154,153,1
E01003792,"L1, L2 and L3: Higher managerial, administrative and professional occupations",299,186,113
E01003792,L10 and L11: Lower supervisory and technical occupations,25,31,-6
E01003792,L12: Semi-routine occupations,50,54,-4
E01003792,L13: Routine occupations,47,35,12
E01003792,L14.1 and L14.2: Never worked and long-term unemployed,87,46,41
E01003792,L15: Full-time students,84,106,-22
E01003792,"L4, L5 and L6: Lower managerial, administrative and professional occupations",324,360,-36
E01003792,L7: Intermediate occupations,112,133,-21
E01003792,L8 and L9: Small employers and own account workers,114,91,23
E01003793,"L1, L2 and L3: Higher managerial, administrative and professional occupations",197,147,50
E01003793,L10 and L11: Lower supervisory and technical occupations,45,59,-14
E01003793,L12: Semi-routine occupations,88,121,-33
E01003793,L13: Routine occupations,89,85,4
E01003793,L14.1 and L14.2: Never worked and long-term unemployed,141,89,52
E01003793,L15: Full-time students,90,90,0
E01003793,"L4, L5 and L6: Lower managerial, administrative and professional occupations",309,261,48
E01003793,L7: Intermediate occupations,142,154,-12
E01003793,L8 and L9: Small employers and own account workers,164,124,40
E01003794,"L1, L2 and L3: Higher managerial, administrative and professional occupations",310,184,126
E01003794,L10 and L11: Lower supervisory and technical occupations,29,33,-4
E01003794,L12: Semi-routine occupations,63,74,-11
E01003794,L13: Routine occupations,52,58,-6
E01003794,L14.1 and L14.2: Never worked and long-term unemployed,89,64,25
E01003794,L15: Full-time students,72,79,-7
E01003794,"L4, L5 and L6: Lower managerial, administrative and professional occupations",329,298,31
E01003794,L7: Intermediate occupations,122,137,-15
E01003794,L8 and L9: Small employers and own account workers,129,105,24
E01003795,"L1, L2 and L3: Higher managerial, administrative and professional occupations",263,175,88
E01003795,L10 and L11: Lower supervisory and technical occupations,23,25,-2
E01003795,L12: Semi-routine occupations,45,55,-10
E01003795,L13: Routine occupations,26,26,0
E01003795,L14.1 and L14.2: Never worked and long-term unemployed,52,23,29
E01003795,L15: Full-time students,71,70,1
E01003795,"L4, L5 and L6: Lower managerial, administrative and professional occupations",259,278,-19
E01003795,L7: Intermediate occupations,104,110,-6
E01003795,L8 and L9: Small employers and own account workers,124,86,38
E01003796,"L1, L2 and L3: Higher managerial, administrative and professional occupations",340,231,109
E01003796,L10 and L11: Lower supervisory and technical occupations,35,34,1
E01003796,L12: Semi-routine occupations,94,93,1
E01003796,L13: Routine occupations,65,53,12
E01003796,L14.1 and L14.2: Never worked and long-term unemployed,82,55,27
E01003796,L15: Full-time students,90,107,-17
E01003796,"L4, L5 and L6: Lower managerial, administrative and professional occupations",298,336,-38
E01003796,L7: Intermediate occupations,144,140,4
E01003796,L8 and L9: Small employers and own account workers,128,115,13
E01003797,"L1, L2 and L3: Higher managerial, administrative and professional occupations",393,285,108
E01003797,L10 and L11: Lower supervisory and technical occupations,9,10,-1
E01003797,L12: Semi-routine occupations,33,31,2
E01003797,L13: Routine occupations,23,17,6
E01003797,L14.1 and L14.2: Never worked and long-term unemployed,48,29,19
E01003797,L15: Full-time students,107,77,30
E01003797,"L4, L5 and L6: Lower managerial, administrative and professional occupations",301,340,-39
E01003797,L7: Intermediate occupations,86,79,7
E01003797,L8 and L9: Small employers and own account workers,145,90,55
E01003798,"L1, L2 and L3: Higher managerial, administrative and professional occupations",384,303,81
E01003798,L10 and L11: Lower supervisory and technical occupations,19,18,1
E01003798,L12: Semi-routine occupations,52,51,1
E01003798,L13: Routine occupations,32,28,4
E01003798,L14.1 and L14.2: Never worked and long-term unemployed,80,37,43
E01003798,L15: Full-time students,76,77,-1
E01003798,"L4, L5 and L6: Lower managerial, administrative and professional occupations",277,367,-90
E01003798,L7: Intermediate occupations,81,99,-18
E01003798,L8 and L9: Small employers and own account workers,164,125,39
E01003799,"L1, L2 and L3: Higher managerial, administrative and professional occupations",402,312,90
E01003799,L10 and L11: Lower supervisory and technical occupations,18,27,-9
E01003799,L12: Semi-routine occupations,35,45,-10
E01003799,L13: Routine occupations,40,34,6
E01003799,L14.1 and L14.2: Never worked and long-term unemployed,31,27,4
E01003799,L15: Full-time students,68,74,-6
E01003799,"L4, L5 and L6: Lower managerial, administrative and professional occupations",380,452,-72
E01003799,L7: Intermediate occupations,107,95,12
E01003799,L8 and L9: Small employers and own account workers,160,112,48
E01003800,"L1, L2 and L3: Higher managerial, administrative and professional occupations",300,208,92
E01003800,L10 and L11: Lower supervisory and technical occupations,30,40,-10
E01003800,L12: Semi-routine occupations,70,78,-8
E01003800,L13: Routine occupations,60,64,-4
E01003800,L14.1 and L14.2: Never worked and long-term unemployed,93,49,44
E01003800,L15: Full-time students,117,96,21
E01003800,"L4, L5 and L6: Lower managerial, administrative and professional occupations",299,338,-39
E01003800,L7: Intermediate occupations,103,119,-16
E01003800,L8 and L9: Small employers and own account workers,150,127,23
E01003801,"L1, L2 and L3: Higher managerial, administrative and professional occupations",390,277,113
E01003801,L10 and L11: Lower supervisory and technical occupations,12,24,-12
E01003801,L12: Semi-routine occupations,24,42,-18
E01003801,L13: Routine occupations,20,31,-11
E01003801,L14.1 and L14.2: Never worked and long-term unemployed,35,25,10
E01003801,L15: Full-time students,125,75,50
E01003801,"L4, L5 and L6: Lower managerial, administrative and professional occupations",269,353,-84
E01003801,L7: Intermediate occupations,73,88,-15
E01003801,L8 and L9: Small employers and own account workers,119,95,24
E01003802,"L1, L2 and L3: Higher managerial, administrative and professional occupations",420,340,80
E01003802,L10 and L11: Lower supervisory and technical occupations,13,10,3
E01003802,L12: Semi-routine occupations,31,43,-12
E01003802,L13: Routine occupations,19,13,6
E01003802,L14.1 and L14.2: Never worked and long-term unemployed,90,38,52
E01003802,L15: Full-time students,76,67,9
E01003802,"L4, L5 and L6: Lower managerial, administrative and professional occupations",290,336,-46
E01003802,L7: Intermediate occupations,70,93,-23
E01003802,L8 and L9: Small employers and own account workers,143,93,50
E01003803,"L1, L2 and L3: Higher managerial, administrative and professional occupations",201,112,89
E01003803,L10 and L11: Lower supervisory and technical occupations,41,64,-23
E01003803,L12: Semi-routine occupations,125,131,-6
E01003803,L13: Routine occupations,97,97,0
E01003803,L14.1 and L14.2: Never worked and long-term unemployed,145,83,62
E01003803,L15: Full-time students,97,109,-12
E01003803,"L4, L5 and L6: Lower managerial, administrative and professional occupations",254,238,16
E01003803,L7: Intermediate occupations,104,131,-27
E01003803,L8 and L9: Small employers and own account workers,173,118,55
E01003804,"L1, L2 and L3: Higher managerial, administrative and professional occupations",413,340,73
E01003804,L10 and L11: Lower supervisory and technical occupations,27,31,-4
E01003804,L12: Semi-routine occupations,60,51,9
E01003804,L13: Routine occupations,51,23,28
E01003804,L14.1 and L14.2: Never worked and long-term unemployed,48,29,19
E01003804,L15: Full-time students,89,76,13
E01003804,"L4, L5 and L6: Lower managerial, administrative and professional occupations",410,425,-15
E01003804,L7: Intermediate occupations,148,117,31
E01003804,L8 and L9: Small employers and own account workers,170,164,6
E01003805,"L1, L2 and L3: Higher managerial, administrative and professional occupations",450,324,126
E01003805,L10 and L11: Lower supervisory and technical occupations,4,23,-19
E01003805,L12: Semi-routine occupations,38,30,8
E01003805,L13: Routine occupations,19,21,-2
E01003805,L14.1 and L14.2: Never worked and long-term unemployed,43,18,25
E01003805,L15: Full-time students,103,75,28
E01003805,"L4, L5 and L6: Lower managerial, administrative and professional occupations",347,409,-62
E01003805,L7: Intermediate occupations,109,100,9
E01003805,L8 and L9: Small employers and own account workers,173,99,74
E01003806,"L1, L2 and L3: Higher managerial, administrative and professional occupations",405,299,106
E01003806,L10 and L11: Lower supervisory and technical occupations,8,11,-3
E01003806,L12: Semi-routine occupations,29,35,-6
E01003806,L13: Routine occupations,29,15,14
E01003806,L14.1 and L14.2: Never worked and long-term unemployed,43,22,21
E01003806,L15: Full-time students,97,109,-12
E01003806,"L4, L5 and L6: Lower managerial, administrative and professional occupations",303,359,-56
E01003806,L7: Intermediate occupations,85,81,4
E01003806,L8 and L9: Small employers and own account workers,118,105,13
E01003807,"L1, L2 and L3: Higher managerial, administrative and professional occupations",433,332,101
E01003807,L10 and L11: Lower supervisory and technical occupations,44,47,-3
E01003807,L12: Semi-routine occupations,85,85,0
E01003807,L13: Routine occupations,78,49,29
E01003807,L14.1 and L14.2: Never worked and long-term unemployed,76,31,45
E01003807,L15: Full-time students,90,89,1
E01003807,"L4, L5 and L6: Lower managerial, administrative and professional occupations",432,443,-11
E01003807,L7: Intermediate occupations,155,138,17
E01003807,L8 and L9: Small employers and own account workers,178,152,26
E01003808,"L1, L2 and L3: Higher managerial, administrative and professional occupations",477,329,148
E01003808,L10 and L11: Lower supervisory and technical occupations,23,24,-1
E01003808,L12: Semi-routine occupations,65,62,3
E01003808,L13: Routine occupations,48,34,14
E01003808,L14.1 and L14.2: Never worked and long-term unemployed,61,36,25
E01003808,L15: Full-time students,69,78,-9
E01003808,"L4, L5 and L6: Lower managerial, administrative and professional occupations",420,518,-98
E01003808,L7: Intermediate occupations,111,117,-6
E01003808,L8 and L9: Small employers and own account workers,151,129,22
E01003809,"L1, L2 and L3: Higher managerial, administrative and professional occupations",464,322,142
E01003809,L10 and L11: Lower supervisory and technical occupations,24,20,4
E01003809,L12: Semi-routine occupations,38,50,-12
E01003809,L13: Routine occupations,44,36,8
E01003809,L14.1 and L14.2: Never worked and long-term unemployed,55,20,35
E01003809,L15: Full-time students,71,75,-4
E01003809,"L4, L5 and L6: Lower managerial, administrative and professional occupations",347,450,-103
E01003809,L7: Intermediate occupations,111,101,10
E01003809,L8 and L9: Small employers and own account workers,171,134,37
E01003810,"L1, L2 and L3: Higher managerial, administrative and professional occupations",364,256,108
E01003810,L10 and L11: Lower supervisory and technical occupations,17,46,-29
E01003810,L12: Semi-routine occupations,76,81,-5
E01003810,L13: Routine occupations,55,47,8
E01003810,L14.1 and L14.2: Never worked and long-term unemployed,47,35,12
E01003810,L15: Full-time students,66,77,-11
E01003810,"L4, L5 and L6: Lower managerial, administrative and professional occupations",364,384,-20
E01003810,L7: Intermediate occupations,112,127,-15
E01003810,L8 and L9: Small employers and own account workers,138,116,22
E01003811,"L1, L2 and L3: Higher managerial, administrative and professional occupations",393,270,123
E01003811,L10 and L11: Lower supervisory and technical occupations,22,33,-11
E01003811,L12: Semi-routine occupations,69,60,9
E01003811,L13: Routine occupations,51,41,10
E01003811,L14.1 and L14.2: Never worked and long-term unemployed,48,17,31
E01003811,L15: Full-time students,91,68,23
E01003811,"L4, L5 and L6: Lower managerial, administrative and professional occupations",393,431,-38
E01003811,L7: Intermediate occupations,121,111,10
E01003811,L8 and L9: Small employers and own account workers,160,96,64
E01003812,"L1, L2 and L3: Higher managerial, administrative and professional occupations",364,246,118
E01003812,L10 and L11: Lower supervisory and technical occupations,40,65,-25
E01003812,L12: Semi-routine occupations,75,104,-29
E01003812,L13: Routine occupations,74,65,9
E01003812,L14.1 and L14.2: Never worked and long-term unemployed,67,40,27
E01003812,L15: Full-time students,117,117,0
E01003812,"L4, L5 and L6: Lower managerial, administrative and professional occupations",439,463,-24
E01003812,L7: Intermediate occupations,132,159,-27
E01003812,L8 and L9: Small employers and own account workers,149,118,31
E01003813,"L1, L2 and L3: Higher managerial, administrative and professional occupations",366,228,138
E01003813,L10 and L11: Lower supervisory and technical occupations,33,29,4
E01003813,L12: Semi-routine occupations,78,56,22
E01003813,L13: Routine occupations,37,28,9
E01003813,L14.1 and L14.2: Never worked and long-term unemployed,57,34,23
E01003813,L15: Full-time students,79,101,-22
E01003813,"L4, L5 and L6: Lower managerial, administrative and professional occupations",364,422,-58
E01003813,L7: Intermediate occupations,119,141,-22
E01003813,L8 and L9: Small employers and own account workers,156,111,45
E01003814,"L1, L2 and L3: Higher managerial, administrative and professional occupations",393,239,154
E01003814,L10 and L11: Lower supervisory and technical occupations,41,41,0
E01003814,L12: Semi-routine occupations,84,66,18
E01003814,L13: Routine occupations,74,38,36
E01003814,L14.1 and L14.2: Never worked and long-term unemployed,102,37,65
E01003814,L15: Full-time students,87,69,18
E01003814,"L4, L5 and L6: Lower managerial, administrative and professional occupations",429,432,-3
E01003814,L7: Intermediate occupations,144,159,-15
E01003814,L8 and L9: Small employers and own account workers,171,118,53
E01003815,"L1, L2 and L3: Higher managerial, administrative and professional occupations",359,225,134
E01003815,L10 and L11: Lower supervisory and technical occupations,46,55,-9
E01003815,L12: Semi-routine occupations,99,101,-2
E01003815,L13: Routine occupations,83,66,17
E01003815,L14.1 and L14.2: Never worked and long-term unemployed,91,54,37
E01003815,L15: Full-time students,77,73,4
E01003815,"L4, L5 and L6: Lower managerial, administrative and professional occupations",504,447,57
E01003815,L7: Intermediate occupations,166,190,-24
E01003815,L8 and L9: Small employers and own account workers,183,117,66
E01003816,"L1, L2 and L3: Higher managerial, administrative and professional occupations",389,279,110
E01003816,L10 and L11: Lower supervisory and technical occupations,36,47,-11
E01003816,L12: Semi-routine occupations,77,71,6
E01003816,L13: Routine occupations,54,49,5
E01003816,L14.1 and L14.2: Never worked and long-term unemployed,77,43,34
E01003816,L15: Full-time students,106,88,18
E01003816,"L4, L5 and L6: Lower managerial, administrative and professional occupations",321,309,12
E01003816,L7: Intermediate occupations,100,131,-31
E01003816,L8 and L9: Small employers and own account workers,157,101,56
E01003817,"L1, L2 and L3: Higher managerial, administrative and professional occupations",365,262,103
E01003817,L10 and L11: Lower supervisory and technical occupations,42,73,-31
E01003817,L12: Semi-routine occupations,113,105,8
E01003817,L13: Routine occupations,83,100,-17
E01003817,L14.1 and L14.2: Never worked and long-term unemployed,116,92,24
E01003817,L15: Full-time students,81,62,19
E01003817,"L4, L5 and L6: Lower managerial, administrative and professional occupations",382,425,-43
E01003817,L7: Intermediate occupations,159,114,45
E01003817,L8 and L9: Small employers and own account workers,225,185,40
E01003818,"L1, L2 and L3: Higher managerial, administrative and professional occupations",292,188,104
E01003818,L10 and L11: Lower supervisory and technical occupations,27,51,-24
E01003818,L12: Semi-routine occupations,78,94,-16
E01003818,L13: Routine occupations,58,49,9
E01003818,L14.1 and L14.2: Never worked and long-term unemployed,61,44,17
E01003818,L15: Full-time students,69,78,-9
E01003818,"L4, L5 and L6: Lower managerial, administrative and professional occupations",358,340,18
E01003818,L7: Intermediate occupations,126,144,-18
E01003818,L8 and L9: Small employers and own account workers,157,128,29
E01003819,"L1, L2 and L3: Higher managerial, administrative and professional occupations",202,140,62
E01003819,L10 and L11: Lower supervisory and technical occupations,68,77,-9
E01003819,L12: Semi-routine occupations,153,180,-27
E01003819,L13: Routine occupations,137,116,21
E01003819,L14.1 and L14.2: Never worked and long-term unemployed,147,97,50
E01003819,L15: Full-time students,89,88,1
E01003819,"L4, L5 and L6: Lower managerial, administrative and professional occupations",295,255,40
E01003819,L7: Intermediate occupations,121,152,-31
E01003819,L8 and L9: Small employers and own account workers,159,114,45
E01003820,"L1, L2 and L3: Higher managerial, administrative and professional occupations",325,205,120
E01003820,L10 and L11: Lower supervisory and technical occupations,68,70,-2
E01003820,L12: Semi-routine occupations,122,160,-38
E01003820,L13: Routine occupations,113,94,19
E01003820,L14.1 and L14.2: Never worked and long-term unemployed,116,66,50
E01003820,L15: Full-time students,133,96,37
E01003820,"L4, L5 and L6: Lower managerial, administrative and professional occupations",356,385,-29
E01003820,L7: Intermediate occupations,144,170,-26
E01003820,L8 and L9: Small employers and own account workers,159,131,28
E01003821,"L1, L2 and L3: Higher managerial, administrative and professional occupations",516,379,137
E01003821,L10 and L11: Lower supervisory and technical occupations,17,30,-13
E01003821,L12: Semi-routine occupations,33,50,-17
E01003821,L13: Routine occupations,36,33,3
E01003821,L14.1 and L14.2: Never worked and long-term unemployed,67,37,30
E01003821,L15: Full-time students,63,56,7
E01003821,"L4, L5 and L6: Lower managerial, administrative and professional occupations",353,407,-54
E01003821,L7: Intermediate occupations,83,92,-9
E01003821,L8 and L9: Small employers and own account workers,185,112,73
E01003822,"L1, L2 and L3: Higher managerial, administrative and professional occupations",353,219,134
E01003822,L10 and L11: Lower supervisory and technical occupations,23,23,0
E01003822,L12: Semi-routine occupations,49,71,-22
E01003822,L13: Routine occupations,27,26,1
E01003822,L14.1 and L14.2: Never worked and long-term unemployed,66,26,40
E01003822,L15: Full-time students,95,85,10
E01003822,"L4, L5 and L6: Lower managerial, administrative and professional occupations",362,330,32
E01003822,L7: Intermediate occupations,117,136,-19
E01003822,L8 and L9: Small employers and own account workers,131,106,25
E01003823,"L1, L2 and L3: Higher managerial, administrative and professional occupations",396,277,119
E01003823,L10 and L11: Lower supervisory and technical occupations,37,49,-12
E01003823,L12: Semi-routine occupations,65,73,-8
E01003823,L13: Routine occupations,55,42,13
E01003823,L14.1 and L14.2: Never worked and long-term unemployed,70,38,32
E01003823,L15: Full-time students,85,73,12
E01003823,"L4, L5 and L6: Lower managerial, administrative and professional occupations",455,387,68
E01003823,L7: Intermediate occupations,152,167,-15
E01003823,L8 and L9: Small employers and own account workers,182,172,10
E01003824,"L1, L2 and L3: Higher managerial, administrative and professional occupations",405,238,167
E01003824,L10 and L11: Lower supervisory and technical occupations,39,38,1
E01003824,L12: Semi-routine occupations,59,83,-24
E01003824,L13: Routine occupations,50,40,10
E01003824,L14.1 and L14.2: Never worked and long-term unemployed,50,22,28
E01003824,L15: Full-time students,76,75,1
E01003824,"L4, L5 and L6: Lower managerial, administrative and professional occupations",351,406,-55
E01003824,L7: Intermediate occupations,119,129,-10
E01003824,L8 and L9: Small employers and own account workers,137,122,15
E01003825,"L1, L2 and L3: Higher managerial, administrative and professional occupations",356,241,115
E01003825,L10 and L11: Lower supervisory and technical occupations,40,55,-15
E01003825,L12: Semi-routine occupations,84,127,-43
E01003825,L13: Routine occupations,82,61,21
E01003825,L14.1 and L14.2: Never worked and long-term unemployed,41,26,15
E01003825,L15: Full-time students,79,91,-12
E01003825,"L4, L5 and L6: Lower managerial, administrative and professional occupations",380,376,4
E01003825,L7: Intermediate occupations,149,179,-30
E01003825,L8 and L9: Small employers and own account workers,149,110,39
E01003826,"L1, L2 and L3: Higher managerial, administrative and professional occupations",247,157,90
E01003826,L10 and L11: Lower supervisory and technical occupations,60,71,-11
E01003826,L12: Semi-routine occupations,160,154,6
E01003826,L13: Routine occupations,139,109,30
E01003826,L14.1 and L14.2: Never worked and long-term unemployed,127,68,59
E01003826,L15: Full-time students,62,83,-21
E01003826,"L4, L5 and L6: Lower managerial, administrative and professional occupations",327,294,33
E01003826,L7: Intermediate occupations,159,166,-7
E01003826,L8 and L9: Small employers and own account workers,142,133,9
E01003827,"L1, L2 and L3: Higher managerial, administrative and professional occupations",365,221,144
E01003827,L10 and L11: Lower supervisory and technical occupations,50,58,-8
E01003827,L12: Semi-routine occupations,121,119,2
E01003827,L13: Routine occupations,76,57,19
E01003827,L14.1 and L14.2: Never worked and long-term unemployed,64,18,46
E01003827,L15: Full-time students,82,70,12
E01003827,"L4, L5 and L6: Lower managerial, administrative and professional occupations",415,450,-35
E01003827,L7: Intermediate occupations,160,178,-18
E01003827,L8 and L9: Small employers and own account workers,230,145,85
E01003828,"L1, L2 and L3: Higher managerial, administrative and professional occupations",337,213,124
E01003828,L10 and L11: Lower supervisory and technical occupations,37,50,-13
E01003828,L12: Semi-routine occupations,69,79,-10
E01003828,L13: Routine occupations,56,42,14
E01003828,L14.1 and L14.2: Never worked and long-term unemployed,36,20,16
E01003828,L15: Full-time students,78,82,-4
E01003828,"L4, L5 and L6: Lower managerial, administrative and professional occupations",337,353,-16
E01003828,L7: Intermediate occupations,140,156,-16
E01003828,L8 and L9: Small employers and own account workers,140,110,30
E01003829,"L1, L2 and L3: Higher managerial, administrative and professional occupations",200,114,86
E01003829,L10 and L11: Lower supervisory and technical occupations,70,89,-19
E01003829,L12: Semi-routine occupations,117,147,-30
E01003829,L13: Routine occupations,143,113,30
E01003829,L14.1 and L14.2: Never worked and long-term unemployed,120,86,34
E01003829,L15: Full-time students,96,100,-4
E01003829,"L4, L5 and L6: Lower managerial, administrative and professional occupations",253,263,-10
E01003829,L7: Intermediate occupations,156,196,-40
E01003829,L8 and L9: Small employers and own account workers,185,112,73
E01003830,"L1, L2 and L3: Higher managerial, administrative and professional occupations",361,209,152
E01003830,L10 and L11: Lower supervisory and technical occupations,37,66,-29
E01003830,L12: Semi-routine occupations,123,100,23
E01003830,L13: Routine occupations,83,66,17
E01003830,L14.1 and L14.2: Never worked and long-term unemployed,81,52,29
E01003830,L15: Full-time students,100,110,-10
E01003830,"L4, L5 and L6: Lower managerial, administrative and professional occupations",378,366,12
E01003830,L7: Intermediate occupations,156,167,-11
E01003830,L8 and L9: Small employers and own account workers,171,137,34
E01003831,"L1, L2 and L3: Higher managerial, administrative and professional occupations",249,187,62
E01003831,L10 and L11: Lower supervisory and technical occupations,51,63,-12
E01003831,L12: Semi-routine occupations,103,106,-3
E01003831,L13: Routine occupations,83,70,13
E01003831,L14.1 and L14.2: Never worked and long-term unemployed,79,45,34
E01003831,L15: Full-time students,83,58,25
E01003831,"L4, L5 and L6: Lower managerial, administrative and professional occupations",349,326,23
E01003831,L7: Intermediate occupations,185,197,-12
E01003831,L8 and L9: Small employers and own account workers,148,102,46
E01003832,"L1, L2 and L3: Higher managerial, administrative and professional occupations",155,117,38
E01003832,L10 and L11: Lower supervisory and technical occupations,64,76,-12
E01003832,L12: Semi-routine occupations,139,137,2
E01003832,L13: Routine occupations,153,114,39
E01003832,L14.1 and L14.2: Never worked and long-term unemployed,165,89,76
E01003832,L15: Full-time students,70,74,-4
E01003832,"L4, L5 and L6: Lower managerial, administrative and professional occupations",208,212,-4
E01003832,L7: Intermediate occupations,149,150,-1
E01003832,L8 and L9: Small employers and own account workers,118,96,22
E01003833,"L1, L2 and L3: Higher managerial, administrative and professional occupations",192,116,76
E01003833,L10 and L11: Lower supervisory and technical occupations,50,65,-15
E01003833,L12: Semi-routine occupations,131,116,15
E01003833,L13: Routine occupations,109,81,28
E01003833,L14.1 and L14.2: Never worked and long-term unemployed,84,52,32
E01003833,L15: Full-time students,73,54,19
E01003833,"L4, L5 and L6: Lower managerial, administrative and professional occupations",303,294,9
E01003833,L7: Intermediate occupations,139,163,-24
E01003833,L8 and L9: Small employers and own account workers,128,88,40
E01003834,"L1, L2 and L3: Higher managerial, administrative and professional occupations",362,280,82
E01003834,L10 and L11: Lower supervisory and technical occupations,35,34,1
E01003834,L12: Semi-routine occupations,81,72,9
E01003834,L13: Routine occupations,54,26,28
E01003834,L14.1 and L14.2: Never worked and long-term unemployed,62,33,29
E01003834,L15: Full-time students,74,285,-211
E01003834,"L4, L5 and L6: Lower managerial, administrative and professional occupations",421,372,49
E01003834,L7: Intermediate occupations,131,139,-8
E01003834,L8 and L9: Small employers and own account workers,149,111,38
E01003835,"L1, L2 and L3: Higher managerial, administrative and professional occupations",421,257,164
E01003835,L10 and L11: Lower supervisory and technical occupations,16,25,-9
E01003835,L12: Semi-routine occupations,44,55,-11
E01003835,L13: Routine occupations,25,31,-6
E01003835,L14.1 and L14.2: Never worked and long-term unemployed,38,27,11
E01003835,L15: Full-time students,113,88,25
E01003835,"L4, L5 and L6: Lower managerial, administrative and professional occupations",338,358,-20
E01003835,L7: Intermediate occupations,107,102,5
E01003835,L8 and L9: Small employers and own account workers,169,119,50
E01003836,"L1, L2 and L3: Higher managerial, administrative and professional occupations",282,208,74
E01003836,L10 and L11: Lower supervisory and technical occupations,33,47,-14
E01003836,L12: Semi-routine occupations,86,84,2
E01003836,L13: Routine occupations,65,50,15
E01003836,L14.1 and L14.2: Never worked and long-term unemployed,78,53,25
E01003836,L15: Full-time students,102,109,-7
E01003836,"L4, L5 and L6: Lower managerial, administrative and professional occupations",255,312,-57
E01003836,L7: Intermediate occupations,89,100,-11
E01003836,L8 and L9: Small employers and own account workers,117,71,46
E01003837,"L1, L2 and L3: Higher managerial, administrative and professional occupations",488,333,155
E01003837,L10 and L11: Lower supervisory and technical occupations,28,26,2
E01003837,L12: Semi-routine occupations,73,71,2
E01003837,L13: Routine occupations,42,28,14
E01003837,L14.1 and L14.2: Never worked and long-term unemployed,127,45,82
E01003837,L15: Full-time students,127,82,45
E01003837,"L4, L5 and L6: Lower managerial, administrative and professional occupations",462,437,25
E01003837,L7: Intermediate occupations,138,134,4
E01003837,L8 and L9: Small employers and own account workers,198,117,81
E01003838,"L1, L2 and L3: Higher managerial, administrative and professional occupations",414,316,98
E01003838,L10 and L11: Lower supervisory and technical occupations,30,50,-20
E01003838,L12: Semi-routine occupations,70,81,-11
E01003838,L13: Routine occupations,60,48,12
E01003838,L14.1 and L14.2: Never worked and long-term unemployed,53,45,8
E01003838,L15: Full-time students,107,88,19
E01003838,"L4, L5 and L6: Lower managerial, administrative and professional occupations",400,446,-46
E01003838,L7: Intermediate occupations,154,142,12
E01003838,L8 and L9: Small employers and own account workers,138,102,36
E01003839,"L1, L2 and L3: Higher managerial, administrative and professional occupations",476,279,197
E01003839,L10 and L11: Lower supervisory and technical occupations,45,57,-12
E01003839,L12: Semi-routine occupations,146,115,31
E01003839,L13: Routine occupations,103,68,35
E01003839,L14.1 and L14.2: Never worked and long-term unemployed,134,70,64
E01003839,L15: Full-time students,123,90,33
E01003839,"L4, L5 and L6: Lower managerial, administrative and professional occupations",489,439,50
E01003839,L7: Intermediate occupations,167,152,15
E01003839,L8 and L9: Small employers and own account workers,184,120,64
E01003840,"L1, L2 and L3: Higher managerial, administrative and professional occupations",208,131,77
E01003840,L10 and L11: Lower supervisory and technical occupations,69,73,-4
E01003840,L12: Semi-routine occupations,161,128,33
E01003840,L13: Routine occupations,117,93,24
E01003840,L14.1 and L14.2: Never worked and long-term unemployed,135,85,50
E01003840,L15: Full-time students,97,109,-12
E01003840,"L4, L5 and L6: Lower managerial, administrative and professional occupations",277,261,16
E01003840,L7: Intermediate occupations,152,161,-9
E01003840,L8 and L9: Small employers and own account workers,203,133,70
E01003841,"L1, L2 and L3: Higher managerial, administrative and professional occupations",128,97,31
E01003841,L10 and L11: Lower supervisory and technical occupations,86,102,-16
E01003841,L12: Semi-routine occupations,192,196,-4
E01003841,L13: Routine occupations,200,122,78
E01003841,L14.1 and L14.2: Never worked and long-term unemployed,206,129,77
E01003841,L15: Full-time students,172,165,7
E01003841,"L4, L5 and L6: Lower managerial, administrative and professional occupations",265,264,1
E01003841,L7: Intermediate occupations,191,177,14
E01003841,L8 and L9: Small employers and own account workers,199,137,62
E01003842,"L1, L2 and L3: Higher managerial, administrative and professional occupations",210,130,80
E01003842,L10 and L11: Lower supervisory and technical occupations,65,65,0
E01003842,L12: Semi-routine occupations,137,150,-13
E01003842,L13: Routine occupations,141,126,15
E01003842,L14.1 and L14.2: Never worked and long-term unemployed,125,64,61
E01003842,L15: Full-time students,109,110,-1
E01003842,"L4, L5 and L6: Lower managerial, administrative and professional occupations",297,287,10
E01003842,L7: Intermediate occupations,147,188,-41
E01003842,L8 and L9: Small employers and own account workers,115,95,20
E01003843,"L1, L2 and L3: Higher managerial, administrative and professional occupations",179,130,49
E01003843,L10 and L11: Lower supervisory and technical occupations,76,98,-22
E01003843,L12: Semi-routine occupations,181,191,-10
E01003843,L13: Routine occupations,189,139,50
E01003843,L14.1 and L14.2: Never worked and long-term unemployed,227,108,119
E01003843,L15: Full-time students,160,144,16
E01003843,"L4, L5 and L6: Lower managerial, administrative and professional occupations",328,292,36
E01003843,L7: Intermediate occupations,200,202,-2
E01003843,L8 and L9: Small employers and own account workers,221,153,68
E01003844,"L1, L2 and L3: Higher managerial, administrative and professional occupations",275,174,101
E01003844,L10 and L11: Lower supervisory and technical occupations,38,53,-15
E01003844,L12: Semi-routine occupations,72,82,-10
E01003844,L13: Routine occupations,61,50,11
E01003844,L14.1 and L14.2: Never worked and long-term unemployed,85,41,44
E01003844,L15: Full-time students,76,95,-19
E01003844,"L4, L5 and L6: Lower managerial, administrative and professional occupations",296,296,0
E01003844,L7: Intermediate occupations,151,181,-30
E01003844,L8 and L9: Small employers and own account workers,131,98,33
E01003845,"L1, L2 and L3: Higher managerial, administrative and professional occupations",271,147,124
E01003845,L10 and L11: Lower supervisory and technical occupations,53,76,-23
E01003845,L12: Semi-routine occupations,134,128,6
E01003845,L13: Routine occupations,94,76,18
E01003845,L14.1 and L14.2: Never worked and long-term unemployed,106,68,38
E01003845,L15: Full-time students,100,96,4
E01003845,"L4, L5 and L6: Lower managerial, administrative and professional occupations",323,266,57
E01003845,L7: Intermediate occupations,182,189,-7
E01003845,L8 and L9: Small employers and own account workers,159,144,15
E01003846,"L1, L2 and L3: Higher managerial, administrative and professional occupations",495,353,142
E01003846,L10 and L11: Lower supervisory and technical occupations,20,13,7
E01003846,L12: Semi-routine occupations,32,39,-7
E01003846,L13: Routine occupations,23,22,1
E01003846,L14.1 and L14.2: Never worked and long-term unemployed,43,19,24
E01003846,L15: Full-time students,100,116,-16
E01003846,"L4, L5 and L6: Lower managerial, administrative and professional occupations",338,407,-69
E01003846,L7: Intermediate occupations,108,115,-7
E01003846,L8 and L9: Small employers and own account workers,174,129,45
E01003847,"L1, L2 and L3: Higher managerial, administrative and professional occupations",471,328,143
E01003847,L10 and L11: Lower supervisory and technical occupations,24,27,-3
E01003847,L12: Semi-routine occupations,55,50,5
E01003847,L13: Routine occupations,37,21,16
E01003847,L14.1 and L14.2: Never worked and long-term unemployed,58,26,32
E01003847,L15: Full-time students,77,74,3
E01003847,"L4, L5 and L6: Lower managerial, administrative and professional occupations",442,454,-12
E01003847,L7: Intermediate occupations,122,139,-17
E01003847,L8 and L9: Small employers and own account workers,177,119,58
E01003848,"L1, L2 and L3: Higher managerial, administrative and professional occupations",488,345,143
E01003848,L10 and L11: Lower supervisory and technical occupations,48,52,-4
E01003848,L12: Semi-routine occupations,71,79,-8
E01003848,L13: Routine occupations,58,53,5
E01003848,L14.1 and L14.2: Never worked and long-term unemployed,75,43,32
E01003848,L15: Full-time students,97,67,30
E01003848,"L4, L5 and L6: Lower managerial, administrative and professional occupations",406,457,-51
E01003848,L7: Intermediate occupations,130,149,-19
E01003848,L8 and L9: Small employers and own account workers,158,141,17
E01003849,"L1, L2 and L3: Higher managerial, administrative and professional occupations",452,324,128
E01003849,L10 and L11: Lower supervisory and technical occupations,11,28,-17
E01003849,L12: Semi-routine occupations,44,41,3
E01003849,L13: Routine occupations,41,23,18
E01003849,L14.1 and L14.2: Never worked and long-term unemployed,45,31,14
E01003849,L15: Full-time students,66,49,17
E01003849,"L4, L5 and L6: Lower managerial, administrative and professional occupations",368,408,-40
E01003849,L7: Intermediate occupations,100,101,-1
E01003849,L8 and L9: Small employers and own account workers,130,117,13
E01003851,"L1, L2 and L3: Higher managerial, administrative and professional occupations",476,384,92
E01003851,L10 and L11: Lower supervisory and technical occupations,13,15,-2
E01003851,L12: Semi-routine occupations,27,42,-15
E01003851,L13: Routine occupations,25,26,-1
E01003851,L14.1 and L14.2: Never worked and long-term unemployed,78,16,62
E01003851,L15: Full-time students,84,75,9
E01003851,"L4, L5 and L6: Lower managerial, administrative and professional occupations",370,410,-40
E01003851,L7: Intermediate occupations,84,88,-4
E01003851,L8 and L9: Small employers and own account workers,163,115,48
E01003852,"L1, L2 and L3: Higher managerial, administrative and professional occupations",337,243,94
E01003852,L10 and L11: Lower supervisory and technical occupations,36,34,2
E01003852,L12: Semi-routine occupations,59,56,3
E01003852,L13: Routine occupations,42,31,11
E01003852,L14.1 and L14.2: Never worked and long-term unemployed,70,34,36
E01003852,L15: Full-time students,58,66,-8
E01003852,"L4, L5 and L6: Lower managerial, administrative and professional occupations",306,351,-45
E01003852,L7: Intermediate occupations,105,102,3
E01003852,L8 and L9: Small employers and own account workers,142,94,48
E01003853,"L1, L2 and L3: Higher managerial, administrative and professional occupations",335,240,95
E01003853,L10 and L11: Lower supervisory and technical occupations,24,39,-15
E01003853,L12: Semi-routine occupations,61,59,2
E01003853,L13: Routine occupations,52,49,3
E01003853,L14.1 and L14.2: Never worked and long-term unemployed,72,58,14
E01003853,L15: Full-time students,74,64,10
E01003853,"L4, L5 and L6: Lower managerial, administrative and professional occupations",295,374,-79
E01003853,L7: Intermediate occupations,84,98,-14
E01003853,L8 and L9: Small employers and own account workers,152,116,36
E01003854,"L1, L2 and L3: Higher managerial, administrative and professional occupations",360,251,109
E01003854,L10 and L11: Lower supervisory and technical occupations,25,31,-6
E01003854,L12: Semi-routine occupations,49,52,-3
E01003854,L13: Routine occupations,45,38,7
E01003854,L14.1 and L14.2: Never worked and long-term unemployed,66,30,36
E01003854,L15: Full-time students,63,64,-1
E01003854,"L4, L5 and L6: Lower managerial, administrative and professional occupations",299,392,-93
E01003854,L7: Intermediate occupations,81,76,5
E01003854,L8 and L9: Small employers and own account workers,153,124,29
E01003855,"L1, L2 and L3: Higher managerial, administrative and professional occupations",346,219,127
E01003855,L10 and L11: Lower supervisory and technical occupations,37,52,-15
E01003855,L12: Semi-routine occupations,109,129,-20
E01003855,L13: Routine occupations,116,77,39
E01003855,L14.1 and L14.2: Never worked and long-term unemployed,130,61,69
E01003855,L15: Full-time students,95,101,-6
E01003855,"L4, L5 and L6: Lower managerial, administrative and professional occupations",419,418,1
E01003855,L7: Intermediate occupations,139,134,5
E01003855,L8 and L9: Small employers and own account workers,159,118,41
E01003856,"L1, L2 and L3: Higher managerial, administrative and professional occupations",411,309,102
E01003856,L10 and L11: Lower supervisory and technical occupations,34,23,11
E01003856,L12: Semi-routine occupations,61,55,6
E01003856,L13: Routine occupations,48,47,1
E01003856,L14.1 and L14.2: Never worked and long-term unemployed,58,34,24
E01003856,L15: Full-time students,54,47,7
E01003856,"L4, L5 and L6: Lower managerial, administrative and professional occupations",360,483,-123
E01003856,L7: Intermediate occupations,117,119,-2
E01003856,L8 and L9: Small employers and own account workers,144,120,24
E01003857,"L1, L2 and L3: Higher managerial, administrative and professional occupations",484,314,170
E01003857,L10 and L11: Lower supervisory and technical occupations,21,34,-13
E01003857,L12: Semi-routine occupations,53,59,-6
E01003857,L13: Routine occupations,53,38,15
E01003857,L14.1 and L14.2: Never worked and long-term unemployed,50,32,18
E01003857,L15: Full-time students,78,62,16
E01003857,"L4, L5 and L6: Lower managerial, administrative and professional occupations",403,508,-105
E01003857,L7: Intermediate occupations,97,119,-22
E01003857,L8 and L9: Small employers and own account workers,163,124,39
E01003858,"L1, L2 and L3: Higher managerial, administrative and professional occupations",475,312,163
E01003858,L10 and L11: Lower supervisory and technical occupations,17,23,-6
E01003858,L12: Semi-routine occupations,35,31,4
E01003858,L13: Routine occupations,28,27,1
E01003858,L14.1 and L14.2: Never worked and long-term unemployed,35,26,9
E01003858,L15: Full-time students,56,65,-9
E01003858,"L4, L5 and L6: Lower managerial, administrative and professional occupations",370,497,-127
E01003858,L7: Intermediate occupations,75,86,-11
E01003858,L8 and L9: Small employers and own account workers,152,138,14
E01003859,"L1, L2 and L3: Higher managerial, administrative and professional occupations",393,261,132
E01003859,L10 and L11: Lower supervisory and technical occupations,15,31,-16
E01003859,L12: Semi-routine occupations,55,54,1
E01003859,L13: Routine occupations,28,35,-7
E01003859,L14.1 and L14.2: Never worked and long-term unemployed,48,27,21
E01003859,L15: Full-time students,85,74,11
E01003859,"L4, L5 and L6: Lower managerial, administrative and professional occupations",327,428,-101
E01003859,L7: Intermediate occupations,109,99,10
E01003859,L8 and L9: Small employers and own account workers,168,107,61
E01003860,"L1, L2 and L3: Higher managerial, administrative and professional occupations",574,426,148
E01003860,L10 and L11: Lower supervisory and technical occupations,27,27,0
E01003860,L12: Semi-routine occupations,48,58,-10
E01003860,L13: Routine occupations,33,27,6
E01003860,L14.1 and L14.2: Never worked and long-term unemployed,32,32,0
E01003860,L15: Full-time students,60,71,-11
E01003860,"L4, L5 and L6: Lower managerial, administrative and professional occupations",416,521,-105
E01003860,L7: Intermediate occupations,112,117,-5
E01003860,L8 and L9: Small employers and own account workers,124,110,14
E01003861,"L1, L2 and L3: Higher managerial, administrative and professional occupations",582,450,132
E01003861,L10 and L11: Lower supervisory and technical occupations,42,43,-1
E01003861,L12: Semi-routine occupations,65,70,-5
E01003861,L13: Routine occupations,61,33,28
E01003861,L14.1 and L14.2: Never worked and long-term unemployed,62,34,28
E01003861,L15: Full-time students,83,75,8
E01003861,"L4, L5 and L6: Lower managerial, administrative and professional occupations",413,476,-63
E01003861,L7: Intermediate occupations,116,130,-14
E01003861,L8 and L9: Small employers and own account workers,178,94,84
E01003862,"L1, L2 and L3: Higher managerial, administrative and professional occupations",338,236,102
E01003862,L10 and L11: Lower supervisory and technical occupations,44,44,0
E01003862,L12: Semi-routine occupations,112,91,21
E01003862,L13: Routine occupations,78,61,17
E01003862,L14.1 and L14.2: Never worked and long-term unemployed,122,47,75
E01003862,L15: Full-time students,102,56,46
E01003862,"L4, L5 and L6: Lower managerial, administrative and professional occupations",382,327,55
E01003862,L7: Intermediate occupations,138,95,43
E01003862,L8 and L9: Small employers and own account workers,168,77,91
E01003863,"L1, L2 and L3: Higher managerial, administrative and professional occupations",293,233,60
E01003863,L10 and L11: Lower supervisory and technical occupations,31,43,-12
E01003863,L12: Semi-routine occupations,81,78,3
E01003863,L13: Routine occupations,79,56,23
E01003863,L14.1 and L14.2: Never worked and long-term unemployed,95,38,57
E01003863,L15: Full-time students,60,62,-2
E01003863,"L4, L5 and L6: Lower managerial, administrative and professional occupations",258,263,-5
E01003863,L7: Intermediate occupations,93,121,-28
E01003863,L8 and L9: Small employers and own account workers,153,96,57
E01003864,"L1, L2 and L3: Higher managerial, administrative and professional occupations",423,333,90
E01003864,L10 and L11: Lower supervisory and technical occupations,16,29,-13
E01003864,L12: Semi-routine occupations,44,53,-9
E01003864,L13: Routine occupations,34,22,12
E01003864,L14.1 and L14.2: Never worked and long-term unemployed,66,35,31
E01003864,L15: Full-time students,71,69,2
E01003864,"L4, L5 and L6: Lower managerial, administrative and professional occupations",310,403,-93
E01003864,L7: Intermediate occupations,87,102,-15
E01003864,L8 and L9: Small employers and own account workers,131,75,56
E01003865,"L1, L2 and L3: Higher managerial, administrative and professional occupations",297,160,137
E01003865,L10 and L11: Lower supervisory and technical occupations,41,38,3
E01003865,L12: Semi-routine occupations,80,79,1
E01003865,L13: Routine occupations,61,58,3
E01003865,L14.1 and L14.2: Never worked and long-term unemployed,72,44,28
E01003865,L15: Full-time students,55,65,-10
E01003865,"L4, L5 and L6: Lower managerial, administrative and professional occupations",270,287,-17
E01003865,L7: Intermediate occupations,111,114,-3
E01003865,L8 and L9: Small employers and own account workers,141,95,46
E01003866,"L1, L2 and L3: Higher managerial, administrative and professional occupations",481,333,148
E01003866,L10 and L11: Lower supervisory and technical occupations,20,18,2
E01003866,L12: Semi-routine occupations,35,33,2
E01003866,L13: Routine occupations,23,18,5
E01003866,L14.1 and L14.2: Never worked and long-term unemployed,37,15,22
E01003866,L15: Full-time students,75,62,13
E01003866,"L4, L5 and L6: Lower managerial, administrative and professional occupations",398,460,-62
E01003866,L7: Intermediate occupations,89,88,1
E01003866,L8 and L9: Small employers and own account workers,129,94,35
E01003867,"L1, L2 and L3: Higher managerial, administrative and professional occupations",300,220,80
E01003867,L10 and L11: Lower supervisory and technical occupations,35,43,-8
E01003867,L12: Semi-routine occupations,72,90,-18
E01003867,L13: Routine occupations,68,41,27
E01003867,L14.1 and L14.2: Never worked and long-term unemployed,88,43,45
E01003867,L15: Full-time students,116,118,-2
E01003867,"L4, L5 and L6: Lower managerial, administrative and professional occupations",316,325,-9
E01003867,L7: Intermediate occupations,128,124,4
E01003867,L8 and L9: Small employers and own account workers,134,102,32
E01003868,"L1, L2 and L3: Higher managerial, administrative and professional occupations",435,340,95
E01003868,L10 and L11: Lower supervisory and technical occupations,33,21,12
E01003868,L12: Semi-routine occupations,45,45,0
E01003868,L13: Routine occupations,26,15,11
E01003868,L14.1 and L14.2: Never worked and long-term unemployed,26,16,10
E01003868,L15: Full-time students,69,51,18
E01003868,"L4, L5 and L6: Lower managerial, administrative and professional occupations",379,461,-82
E01003868,L7: Intermediate occupations,92,97,-5
E01003868,L8 and L9: Small employers and own account workers,120,89,31
E01003869,"L1, L2 and L3: Higher managerial, administrative and professional occupations",422,326,96
E01003869,L10 and L11: Lower supervisory and technical occupations,24,33,-9
E01003869,L12: Semi-routine occupations,53,59,-6
E01003869,L13: Routine occupations,35,33,2
E01003869,L14.1 and L14.2: Never worked and long-term unemployed,61,30,31
E01003869,L15: Full-time students,76,81,-5
E01003869,"L4, L5 and L6: Lower managerial, administrative and professional occupations",407,465,-58
E01003869,L7: Intermediate occupations,109,133,-24
E01003869,L8 and L9: Small employers and own account workers,142,105,37
E01003870,"L1, L2 and L3: Higher managerial, administrative and professional occupations",569,372,197
E01003870,L10 and L11: Lower supervisory and technical occupations,41,41,0
E01003870,L12: Semi-routine occupations,62,60,2
E01003870,L13: Routine occupations,46,29,17
E01003870,L14.1 and L14.2: Never worked and long-term unemployed,60,42,18
E01003870,L15: Full-time students,115,105,10
E01003870,"L4, L5 and L6: Lower managerial, administrative and professional occupations",437,467,-30
E01003870,L7: Intermediate occupations,137,137,0
E01003870,L8 and L9: Small employers and own account workers,162,100,62
E01003871,"L1, L2 and L3: Higher managerial, administrative and professional occupations",409,318,91
E01003871,L10 and L11: Lower supervisory and technical occupations,23,26,-3
E01003871,L12: Semi-routine occupations,51,46,5
E01003871,L13: Routine occupations,35,26,9
E01003871,L14.1 and L14.2: Never worked and long-term unemployed,55,28,27
E01003871,L15: Full-time students,114,60,54
E01003871,"L4, L5 and L6: Lower managerial, administrative and professional occupations",403,438,-35
E01003871,L7: Intermediate occupations,132,112,20
E01003871,L8 and L9: Small employers and own account workers,137,117,20
E01003872,"L1, L2 and L3: Higher managerial, administrative and professional occupations",443,317,126
E01003872,L10 and L11: Lower supervisory and technical occupations,28,27,1
E01003872,L12: Semi-routine occupations,51,42,9
E01003872,L13: Routine occupations,35,19,16
E01003872,L14.1 and L14.2: Never worked and long-term unemployed,34,18,16
E01003872,L15: Full-time students,91,56,35
E01003872,"L4, L5 and L6: Lower managerial, administrative and professional occupations",340,412,-72
E01003872,L7: Intermediate occupations,91,117,-26
E01003872,L8 and L9: Small employers and own account workers,160,94,66
E01003873,"L1, L2 and L3: Higher managerial, administrative and professional occupations",526,410,116
E01003873,L10 and L11: Lower supervisory and technical occupations,23,23,0
E01003873,L12: Semi-routine occupations,54,56,-2
E01003873,L13: Routine occupations,35,10,25
E01003873,L14.1 and L14.2: Never worked and long-term unemployed,48,39,9
E01003873,L15: Full-time students,64,57,7
E01003873,"L4, L5 and L6: Lower managerial, administrative and professional occupations",374,444,-70
E01003873,L7: Intermediate occupations,92,111,-19
E01003873,L8 and L9: Small employers and own account workers,134,99,35
E01003874,"L1, L2 and L3: Higher managerial, administrative and professional occupations",487,410,77
E01003874,L10 and L11: Lower supervisory and technical occupations,16,27,-11
E01003874,L12: Semi-routine occupations,38,26,12
E01003874,L13: Routine occupations,36,20,16
E01003874,L14.1 and L14.2: Never worked and long-term unemployed,43,41,2
E01003874,L15: Full-time students,46,42,4
E01003874,"L4, L5 and L6: Lower managerial, administrative and professional occupations",377,471,-94
E01003874,L7: Intermediate occupations,92,103,-11
E01003874,L8 and L9: Small employers and own account workers,137,95,42
E01003875,"L1, L2 and L3: Higher managerial, administrative and professional occupations",448,320,128
E01003875,L10 and L11: Lower supervisory and technical occupations,18,17,1
E01003875,L12: Semi-routine occupations,49,40,9
E01003875,L13: Routine occupations,33,36,-3
E01003875,L14.1 and L14.2: Never worked and long-term unemployed,68,33,35
E01003875,L15: Full-time students,98,85,13
E01003875,"L4, L5 and L6: Lower managerial, administrative and professional occupations",306,387,-81
E01003875,L7: Intermediate occupations,100,119,-19
E01003875,L8 and L9: Small employers and own account workers,169,86,83
E01003876,"L1, L2 and L3: Higher managerial, administrative and professional occupations",550,407,143
E01003876,L10 and L11: Lower supervisory and technical occupations,44,27,17
E01003876,L12: Semi-routine occupations,58,47,11
E01003876,L13: Routine occupations,37,28,9
E01003876,L14.1 and L14.2: Never worked and long-term unemployed,72,28,44
E01003876,L15: Full-time students,94,74,20
E01003876,"L4, L5 and L6: Lower managerial, administrative and professional occupations",462,457,5
E01003876,L7: Intermediate occupations,121,121,0
E01003876,L8 and L9: Small employers and own account workers,194,114,80
E01003877,"L1, L2 and L3: Higher managerial, administrative and professional occupations",499,373,126
E01003877,L10 and L11: Lower supervisory and technical occupations,17,15,2
E01003877,L12: Semi-routine occupations,21,34,-13
E01003877,L13: Routine occupations,28,12,16
E01003877,L14.1 and L14.2: Never worked and long-term unemployed,41,14,27
E01003877,L15: Full-time students,55,53,2
E01003877,"L4, L5 and L6: Lower managerial, administrative and professional occupations",332,414,-82
E01003877,L7: Intermediate occupations,74,91,-17
E01003877,L8 and L9: Small employers and own account workers,124,76,48
E01003878,"L1, L2 and L3: Higher managerial, administrative and professional occupations",276,204,72
E01003878,L10 and L11: Lower supervisory and technical occupations,41,39,2
E01003878,L12: Semi-routine occupations,107,123,-16
E01003878,L13: Routine occupations,78,59,19
E01003878,L14.1 and L14.2: Never worked and long-term unemployed,124,50,74
E01003878,L15: Full-time students,91,75,16
E01003878,"L4, L5 and L6: Lower managerial, administrative and professional occupations",268,277,-9
E01003878,L7: Intermediate occupations,123,119,4
E01003878,L8 and L9: Small employers and own account workers,131,86,45
E01003879,"L1, L2 and L3: Higher managerial, administrative and professional occupations",401,359,42
E01003879,L10 and L11: Lower supervisory and technical occupations,9,17,-8
E01003879,L12: Semi-routine occupations,20,30,-10
E01003879,L13: Routine occupations,23,15,8
E01003879,L14.1 and L14.2: Never worked and long-term unemployed,44,18,26
E01003879,L15: Full-time students,117,262,-145
E01003879,"L4, L5 and L6: Lower managerial, administrative and professional occupations",302,386,-84
E01003879,L7: Intermediate occupations,83,72,11
E01003879,L8 and L9: Small employers and own account workers,127,86,41
E01003880,"L1, L2 and L3: Higher managerial, administrative and professional occupations",371,287,84
E01003880,L10 and L11: Lower supervisory and technical occupations,24,36,-12
E01003880,L12: Semi-routine occupations,51,25,26
E01003880,L13: Routine occupations,33,22,11
E01003880,L14.1 and L14.2: Never worked and long-term unemployed,61,22,39
E01003880,L15: Full-time students,95,73,22
E01003880,"L4, L5 and L6: Lower managerial, administrative and professional occupations",340,387,-47
E01003880,L7: Intermediate occupations,102,120,-18
E01003880,L8 and L9: Small employers and own account workers,142,105,37
E01003881,"L1, L2 and L3: Higher managerial, administrative and professional occupations",296,238,58
E01003881,L10 and L11: Lower supervisory and technical occupations,10,21,-11
E01003881,L12: Semi-routine occupations,33,44,-11
E01003881,L13: Routine occupations,26,16,10
E01003881,L14.1 and L14.2: Never worked and long-term unemployed,52,28,24
E01003881,L15: Full-time students,731,755,-24
E01003881,"L4, L5 and L6: Lower managerial, administrative and professional occupations",263,292,-29
E01003881,L7: Intermediate occupations,75,86,-11
E01003881,L8 and L9: Small employers and own account workers,97,79,18
E01003882,"L1, L2 and L3: Higher managerial, administrative and professional occupations",500,357,143
E01003882,L10 and L11: Lower supervisory and technical occupations,43,36,7
E01003882,L12: Semi-routine occupations,72,53,19
E01003882,L13: Routine occupations,52,38,14
E01003882,L14.1 and L14.2: Never worked and long-term unemployed,47,24,23
E01003882,L15: Full-time students,99,90,9
E01003882,"L4, L5 and L6: Lower managerial, administrative and professional occupations",466,483,-17
E01003882,L7: Intermediate occupations,139,137,2
E01003882,L8 and L9: Small employers and own account workers,162,120,42
E01003883,"L1, L2 and L3: Higher managerial, administrative and professional occupations",518,342,176
E01003883,L10 and L11: Lower supervisory and technical occupations,32,57,-25
E01003883,L12: Semi-routine occupations,64,57,7
E01003883,L13: Routine occupations,49,50,-1
E01003883,L14.1 and L14.2: Never worked and long-term unemployed,65,23,42
E01003883,L15: Full-time students,61,57,4
E01003883,"L4, L5 and L6: Lower managerial, administrative and professional occupations",464,561,-97
E01003883,L7: Intermediate occupations,135,143,-8
E01003883,L8 and L9: Small employers and own account workers,147,119,28
E01003884,"L1, L2 and L3: Higher managerial, administrative and professional occupations",399,294,105
E01003884,L10 and L11: Lower supervisory and technical occupations,30,29,1
E01003884,L12: Semi-routine occupations,72,73,-1
E01003884,L13: Routine occupations,60,39,21
E01003884,L14.1 and L14.2: Never worked and long-term unemployed,75,38,37
E01003884,L15: Full-time students,124,102,22
E01003884,"L4, L5 and L6: Lower managerial, administrative and professional occupations",377,387,-10
E01003884,L7: Intermediate occupations,129,128,1
E01003884,L8 and L9: Small employers and own account workers,142,119,23
E01003885,"L1, L2 and L3: Higher managerial, administrative and professional occupations",351,286,65
E01003885,L10 and L11: Lower supervisory and technical occupations,37,22,15
E01003885,L12: Semi-routine occupations,59,54,5
E01003885,L13: Routine occupations,54,32,22
E01003885,L14.1 and L14.2: Never worked and long-term unemployed,56,18,38
E01003885,L15: Full-time students,117,84,33
E01003885,"L4, L5 and L6: Lower managerial, administrative and professional occupations",353,378,-25
E01003885,L7: Intermediate occupations,120,122,-2
E01003885,L8 and L9: Small employers and own account workers,114,102,12
E01003886,"L1, L2 and L3: Higher managerial, administrative and professional occupations",397,315,82
E01003886,L10 and L11: Lower supervisory and technical occupations,37,36,1
E01003886,L12: Semi-routine occupations,59,63,-4
E01003886,L13: Routine occupations,44,26,18
E01003886,L14.1 and L14.2: Never worked and long-term unemployed,58,28,30
E01003886,L15: Full-time students,94,96,-2
E01003886,"L4, L5 and L6: Lower managerial, administrative and professional occupations",383,451,-68
E01003886,L7: Intermediate occupations,99,122,-23
E01003886,L8 and L9: Small employers and own account workers,138,97,41
E01003887,"L1, L2 and L3: Higher managerial, administrative and professional occupations",450,347,103
E01003887,L10 and L11: Lower supervisory and technical occupations,35,40,-5
E01003887,L12: Semi-routine occupations,55,52,3
E01003887,L13: Routine occupations,57,37,20
E01003887,L14.1 and L14.2: Never worked and long-term unemployed,48,23,25
E01003887,L15: Full-time students,121,95,26
E01003887,"L4, L5 and L6: Lower managerial, administrative and professional occupations",422,440,-18
E01003887,L7: Intermediate occupations,130,142,-12
E01003887,L8 and L9: Small employers and own account workers,174,118,56
E01003888,"L1, L2 and L3: Higher managerial, administrative and professional occupations",365,253,112
E01003888,L10 and L11: Lower supervisory and technical occupations,61,59,2
E01003888,L12: Semi-routine occupations,128,118,10
E01003888,L13: Routine occupations,102,66,36
E01003888,L14.1 and L14.2: Never worked and long-term unemployed,142,49,93
E01003888,L15: Full-time students,159,129,30
E01003888,"L4, L5 and L6: Lower managerial, administrative and professional occupations",420,457,-37
E01003888,L7: Intermediate occupations,142,153,-11
E01003888,L8 and L9: Small employers and own account workers,167,107,60
E01003889,"L1, L2 and L3: Higher managerial, administrative and professional occupations",446,352,94
E01003889,L10 and L11: Lower supervisory and technical occupations,28,28,0
E01003889,L12: Semi-routine occupations,71,49,22
E01003889,L13: Routine occupations,42,37,5
E01003889,L14.1 and L14.2: Never worked and long-term unemployed,41,24,17
E01003889,L15: Full-time students,67,66,1
E01003889,"L4, L5 and L6: Lower managerial, administrative and professional occupations",398,478,-80
E01003889,L7: Intermediate occupations,135,153,-18
E01003889,L8 and L9: Small employers and own account workers,153,107,46
E01003890,"L1, L2 and L3: Higher managerial, administrative and professional occupations",415,292,123
E01003890,L10 and L11: Lower supervisory and technical occupations,18,31,-13
E01003890,L12: Semi-routine occupations,53,50,3
E01003890,L13: Routine occupations,41,32,9
E01003890,L14.1 and L14.2: Never worked and long-term unemployed,56,25,31
E01003890,L15: Full-time students,108,118,-10
E01003890,"L4, L5 and L6: Lower managerial, administrative and professional occupations",352,378,-26
E01003890,L7: Intermediate occupations,125,116,9
E01003890,L8 and L9: Small employers and own account workers,147,104,43
E01003891,"L1, L2 and L3: Higher managerial, administrative and professional occupations",467,328,139
E01003891,L10 and L11: Lower supervisory and technical occupations,30,40,-10
E01003891,L12: Semi-routine occupations,69,52,17
E01003891,L13: Routine occupations,31,32,-1
E01003891,L14.1 and L14.2: Never worked and long-term unemployed,84,28,56
E01003891,L15: Full-time students,72,101,-29
E01003891,"L4, L5 and L6: Lower managerial, administrative and professional occupations",402,460,-58
E01003891,L7: Intermediate occupations,154,148,6
E01003891,L8 and L9: Small employers and own account workers,179,133,46
E01003892,"L1, L2 and L3: Higher managerial, administrative and professional occupations",629,486,143
E01003892,L10 and L11: Lower supervisory and technical occupations,24,23,1
E01003892,L12: Semi-routine occupations,44,33,11
E01003892,L13: Routine occupations,36,22,14
E01003892,L14.1 and L14.2: Never worked and long-term unemployed,75,42,33
E01003892,L15: Full-time students,106,55,51
E01003892,"L4, L5 and L6: Lower managerial, administrative and professional occupations",431,555,-124
E01003892,L7: Intermediate occupations,130,138,-8
E01003892,L8 and L9: Small employers and own account workers,189,116,73
E01003893,"L1, L2 and L3: Higher managerial, administrative and professional occupations",425,336,89
E01003893,L10 and L11: Lower supervisory and technical occupations,27,23,4
E01003893,L12: Semi-routine occupations,49,50,-1
E01003893,L13: Routine occupations,47,24,23
E01003893,L14.1 and L14.2: Never worked and long-term unemployed,56,29,27
E01003893,L15: Full-time students,83,71,12
E01003893,"L4, L5 and L6: Lower managerial, administrative and professional occupations",390,424,-34
E01003893,L7: Intermediate occupations,131,116,15
E01003893,L8 and L9: Small employers and own account workers,170,139,31
E01003894,"L1, L2 and L3: Higher managerial, administrative and professional occupations",485,381,104
E01003894,L10 and L11: Lower supervisory and technical occupations,22,24,-2
E01003894,L12: Semi-routine occupations,55,48,7
E01003894,L13: Routine occupations,34,32,2
E01003894,L14.1 and L14.2: Never worked and long-term unemployed,44,29,15
E01003894,L15: Full-time students,88,61,27
E01003894,"L4, L5 and L6: Lower managerial, administrative and professional occupations",382,458,-76
E01003894,L7: Intermediate occupations,105,113,-8
E01003894,L8 and L9: Small employers and own account workers,159,119,40
E01003895,"L1, L2 and L3: Higher managerial, administrative and professional occupations",429,330,99
E01003895,L10 and L11: Lower supervisory and technical occupations,36,30,6
E01003895,L12: Semi-routine occupations,68,48,20
E01003895,L13: Routine occupations,43,26,17
E01003895,L14.1 and L14.2: Never worked and long-term unemployed,50,34,16
E01003895,L15: Full-time students,87,74,13
E01003895,"L4, L5 and L6: Lower managerial, administrative and professional occupations",389,468,-79
E01003895,L7: Intermediate occupations,111,141,-30
E01003895,L8 and L9: Small employers and own account workers,152,117,35
E01003896,"L1, L2 and L3: Higher managerial, administrative and professional occupations",464,327,137
E01003896,L10 and L11: Lower supervisory and technical occupations,40,41,-1
E01003896,L12: Semi-routine occupations,75,51,24
E01003896,L13: Routine occupations,80,38,42
E01003896,L14.1 and L14.2: Never worked and long-term unemployed,46,35,11
E01003896,L15: Full-time students,118,143,-25
E01003896,"L4, L5 and L6: Lower managerial, administrative and professional occupations",467,488,-21
E01003896,L7: Intermediate occupations,116,114,2
E01003896,L8 and L9: Small employers and own account workers,170,105,65
E01003897,"L1, L2 and L3: Higher managerial, administrative and professional occupations",494,368,126
E01003897,L10 and L11: Lower supervisory and technical occupations,37,38,-1
E01003897,L12: Semi-routine occupations,62,73,-11
E01003897,L13: Routine occupations,87,45,42
E01003897,L14.1 and L14.2: Never worked and long-term unemployed,78,37,41
E01003897,L15: Full-time students,148,158,-10
E01003897,"L4, L5 and L6: Lower managerial, administrative and professional occupations",426,478,-52
E01003897,L7: Intermediate occupations,119,135,-16
E01003897,L8 and L9: Small employers and own account workers,135,94,41
E01003898,"L1, L2 and L3: Higher managerial, administrative and professional occupations",405,296,109
E01003898,L10 and L11: Lower supervisory and technical occupations,33,32,1
E01003898,L12: Semi-routine occupations,70,45,25
E01003898,L13: Routine occupations,40,36,4
E01003898,L14.1 and L14.2: Never worked and long-term unemployed,57,20,37
E01003898,L15: Full-time students,71,51,20
E01003898,"L4, L5 and L6: Lower managerial, administrative and professional occupations",402,413,-11
E01003898,L7: Intermediate occupations,110,129,-19
E01003898,L8 and L9: Small employers and own account workers,150,106,44
E01003899,"L1, L2 and L3: Higher managerial, administrative and professional occupations",292,233,59
E01003899,L10 and L11: Lower supervisory and technical occupations,28,36,-8
E01003899,L12: Semi-routine occupations,58,78,-20
E01003899,L13: Routine occupations,61,35,26
E01003899,L14.1 and L14.2: Never worked and long-term unemployed,43,17,26
E01003899,L15: Full-time students,66,49,17
E01003899,"L4, L5 and L6: Lower managerial, administrative and professional occupations",342,375,-33
E01003899,L7: Intermediate occupations,117,108,9
E01003899,L8 and L9: Small employers and own account workers,130,101,29
E01003900,"L1, L2 and L3: Higher managerial, administrative and professional occupations",238,136,102
E01003900,L10 and L11: Lower supervisory and technical occupations,41,55,-14
E01003900,L12: Semi-routine occupations,114,134,-20
E01003900,L13: Routine occupations,131,83,48
E01003900,L14.1 and L14.2: Never worked and long-term unemployed,108,70,38
E01003900,L15: Full-time students,113,115,-2
E01003900,"L4, L5 and L6: Lower managerial, administrative and professional occupations",309,269,40
E01003900,L7: Intermediate occupations,117,134,-17
E01003900,L8 and L9: Small employers and own account workers,165,123,42
E01003901,"L1, L2 and L3: Higher managerial, administrative and professional occupations",314,216,98
E01003901,L10 and L11: Lower supervisory and technical occupations,37,53,-16
E01003901,L12: Semi-routine occupations,88,97,-9
E01003901,L13: Routine occupations,61,44,17
E01003901,L14.1 and L14.2: Never worked and long-term unemployed,52,26,26
E01003901,L15: Full-time students,123,86,37
E01003901,"L4, L5 and L6: Lower managerial, administrative and professional occupations",374,377,-3
E01003901,L7: Intermediate occupations,154,131,23
E01003901,L8 and L9: Small employers and own account workers,140,119,21
E01003902,"L1, L2 and L3: Higher managerial, administrative and professional occupations",244,143,101
E01003902,L10 and L11: Lower supervisory and technical occupations,44,43,1
E01003902,L12: Semi-routine occupations,48,82,-34
E01003902,L13: Routine occupations,66,48,18
E01003902,L14.1 and L14.2: Never worked and long-term unemployed,48,23,25
E01003902,L15: Full-time students,76,70,6
E01003902,"L4, L5 and L6: Lower managerial, administrative and professional occupations",262,278,-16
E01003902,L7: Intermediate occupations,129,140,-11
E01003902,L8 and L9: Small employers and own account workers,127,101,26
E01003903,"L1, L2 and L3: Higher managerial, administrative and professional occupations",221,141,80
E01003903,L10 and L11: Lower supervisory and technical occupations,36,51,-15
E01003903,L12: Semi-routine occupations,113,115,-2
E01003903,L13: Routine occupations,92,88,4
E01003903,L14.1 and L14.2: Never worked and long-term unemployed,90,77,13
E01003903,L15: Full-time students,121,130,-9
E01003903,"L4, L5 and L6: Lower managerial, administrative and professional occupations",280,282,-2
E01003903,L7: Intermediate occupations,144,154,-10
E01003903,L8 and L9: Small employers and own account workers,177,134,43
E01003904,"L1, L2 and L3: Higher managerial, administrative and professional occupations",322,211,111
E01003904,L10 and L11: Lower supervisory and technical occupations,33,43,-10
E01003904,L12: Semi-routine occupations,79,91,-12
E01003904,L13: Routine occupations,67,51,16
E01003904,L14.1 and L14.2: Never worked and long-term unemployed,71,33,38
E01003904,L15: Full-time students,73,94,-21
E01003904,"L4, L5 and L6: Lower managerial, administrative and professional occupations",316,373,-57
E01003904,L7: Intermediate occupations,127,129,-2
E01003904,L8 and L9: Small employers and own account workers,128,94,34
E01003905,"L1, L2 and L3: Higher managerial, administrative and professional occupations",204,147,57
E01003905,L10 and L11: Lower supervisory and technical occupations,33,49,-16
E01003905,L12: Semi-routine occupations,59,91,-32
E01003905,L13: Routine occupations,62,55,7
E01003905,L14.1 and L14.2: Never worked and long-term unemployed,59,30,29
E01003905,L15: Full-time students,70,89,-19
E01003905,"L4, L5 and L6: Lower managerial, administrative and professional occupations",275,335,-60
E01003905,L7: Intermediate occupations,127,171,-44
E01003905,L8 and L9: Small employers and own account workers,150,89,61
E01003906,"L1, L2 and L3: Higher managerial, administrative and professional occupations",250,157,93
E01003906,L10 and L11: Lower supervisory and technical occupations,48,63,-15
E01003906,L12: Semi-routine occupations,114,134,-20
E01003906,L13: Routine occupations,100,80,20
E01003906,L14.1 and L14.2: Never worked and long-term unemployed,103,51,52
E01003906,L15: Full-time students,67,79,-12
E01003906,"L4, L5 and L6: Lower managerial, administrative and professional occupations",346,320,26
E01003906,L7: Intermediate occupations,153,178,-25
E01003906,L8 and L9: Small employers and own account workers,191,111,80
E01003907,"L1, L2 and L3: Higher managerial, administrative and professional occupations",197,128,69
E01003907,L10 and L11: Lower supervisory and technical occupations,64,78,-14
E01003907,L12: Semi-routine occupations,132,136,-4
E01003907,L13: Routine occupations,151,120,31
E01003907,L14.1 and L14.2: Never worked and long-term unemployed,132,71,61
E01003907,L15: Full-time students,98,135,-37
E01003907,"L4, L5 and L6: Lower managerial, administrative and professional occupations",259,286,-27
E01003907,L7: Intermediate occupations,152,161,-9
E01003907,L8 and L9: Small employers and own account workers,141,106,35
E01003908,"L1, L2 and L3: Higher managerial, administrative and professional occupations",284,186,98
E01003908,L10 and L11: Lower supervisory and technical occupations,52,51,1
E01003908,L12: Semi-routine occupations,93,115,-22
E01003908,L13: Routine occupations,97,60,37
E01003908,L14.1 and L14.2: Never worked and long-term unemployed,116,53,63
E01003908,L15: Full-time students,111,138,-27
E01003908,"L4, L5 and L6: Lower managerial, administrative and professional occupations",340,398,-58
E01003908,L7: Intermediate occupations,196,196,0
E01003908,L8 and L9: Small employers and own account workers,202,127,75
E01003909,"L1, L2 and L3: Higher managerial, administrative and professional occupations",280,189,91
E01003909,L10 and L11: Lower supervisory and technical occupations,46,60,-14
E01003909,L12: Semi-routine occupations,90,126,-36
E01003909,L13: Routine occupations,76,84,-8
E01003909,L14.1 and L14.2: Never worked and long-term unemployed,94,49,45
E01003909,L15: Full-time students,102,125,-23
E01003909,"L4, L5 and L6: Lower managerial, administrative and professional occupations",336,355,-19
E01003909,L7: Intermediate occupations,150,194,-44
E01003909,L8 and L9: Small employers and own account workers,158,122,36
E01003910,"L1, L2 and L3: Higher managerial, administrative and professional occupations",286,162,124
E01003910,L10 and L11: Lower supervisory and technical occupations,44,49,-5
E01003910,L12: Semi-routine occupations,89,77,12
E01003910,L13: Routine occupations,85,49,36
E01003910,L14.1 and L14.2: Never worked and long-term unemployed,56,26,30
E01003910,L15: Full-time students,68,74,-6
E01003910,"L4, L5 and L6: Lower managerial, administrative and professional occupations",376,313,63
E01003910,L7: Intermediate occupations,160,137,23
E01003910,L8 and L9: Small employers and own account workers,162,92,70
E01003911,"L1, L2 and L3: Higher managerial, administrative and professional occupations",212,120,92
E01003911,L10 and L11: Lower supervisory and technical occupations,81,91,-10
E01003911,L12: Semi-routine occupations,149,194,-45
E01003911,L13: Routine occupations,179,150,29
E01003911,L14.1 and L14.2: Never worked and long-term unemployed,180,140,40
E01003911,L15: Full-time students,311,192,119
E01003911,"L4, L5 and L6: Lower managerial, administrative and professional occupations",317,333,-16
E01003911,L7: Intermediate occupations,129,132,-3
E01003911,L8 and L9: Small employers and own account workers,120,99,21
E01003912,"L1, L2 and L3: Higher managerial, administrative and professional occupations",72,40,32
E01003912,L10 and L11: Lower supervisory and technical occupations,69,63,6
E01003912,L12: Semi-routine occupations,166,189,-23
E01003912,L13: Routine occupations,207,143,64
E01003912,L14.1 and L14.2: Never worked and long-term unemployed,207,152,55
E01003912,L15: Full-time students,365,188,177
E01003912,"L4, L5 and L6: Lower managerial, administrative and professional occupations",164,151,13
E01003912,L7: Intermediate occupations,111,107,4
E01003912,L8 and L9: Small employers and own account workers,95,62,33
E01003913,"L1, L2 and L3: Higher managerial, administrative and professional occupations",407,251,156
E01003913,L10 and L11: Lower supervisory and technical occupations,45,63,-18
E01003913,L12: Semi-routine occupations,94,108,-14
E01003913,L13: Routine occupations,178,88,90
E01003913,L14.1 and L14.2: Never worked and long-term unemployed,93,81,12
E01003913,L15: Full-time students,178,228,-50
E01003913,"L4, L5 and L6: Lower managerial, administrative and professional occupations",493,458,35
E01003913,L7: Intermediate occupations,123,134,-11
E01003913,L8 and L9: Small employers and own account workers,149,83,66
E01003914,"L1, L2 and L3: Higher managerial, administrative and professional occupations",411,222,189
E01003914,L10 and L11: Lower supervisory and technical occupations,49,70,-21
E01003914,L12: Semi-routine occupations,104,135,-31
E01003914,L13: Routine occupations,122,105,17
E01003914,L14.1 and L14.2: Never worked and long-term unemployed,99,97,2
E01003914,L15: Full-time students,184,201,-17
E01003914,"L4, L5 and L6: Lower managerial, administrative and professional occupations",436,401,35
E01003914,L7: Intermediate occupations,104,125,-21
E01003914,L8 and L9: Small employers and own account workers,116,108,8
E01003915,"L1, L2 and L3: Higher managerial, administrative and professional occupations",231,135,96
E01003915,L10 and L11: Lower supervisory and technical occupations,69,77,-8
E01003915,L12: Semi-routine occupations,156,184,-28
E01003915,L13: Routine occupations,222,149,73
E01003915,L14.1 and L14.2: Never worked and long-term unemployed,145,150,-5
E01003915,L15: Full-time students,137,222,-85
E01003915,"L4, L5 and L6: Lower managerial, administrative and professional occupations",352,356,-4
E01003915,L7: Intermediate occupations,136,144,-8
E01003915,L8 and L9: Small employers and own account workers,141,94,47
E01003916,"L1, L2 and L3: Higher managerial, administrative and professional occupations",325,151,174
E01003916,L10 and L11: Lower supervisory and technical occupations,80,92,-12
E01003916,L12: Semi-routine occupations,156,168,-12
E01003916,L13: Routine occupations,244,159,85
E01003916,L14.1 and L14.2: Never worked and long-term unemployed,140,143,-3
E01003916,L15: Full-time students,361,407,-46
E01003916,"L4, L5 and L6: Lower managerial, administrative and professional occupations",438,361,77
E01003916,L7: Intermediate occupations,140,171,-31
E01003916,L8 and L9: Small employers and own account workers,175,110,65
E01003917,"L1, L2 and L3: Higher managerial, administrative and professional occupations",262,140,122
E01003917,L10 and L11: Lower supervisory and technical occupations,58,96,-38
E01003917,L12: Semi-routine occupations,131,149,-18
E01003917,L13: Routine occupations,195,164,31
E01003917,L14.1 and L14.2: Never worked and long-term unemployed,174,137,37
E01003917,L15: Full-time students,120,168,-48
E01003917,"L4, L5 and L6: Lower managerial, administrative and professional occupations",404,338,66
E01003917,L7: Intermediate occupations,112,124,-12
E01003917,L8 and L9: Small employers and own account workers,144,97,47
E01003918,"L1, L2 and L3: Higher managerial, administrative and professional occupations",176,63,113
E01003918,L10 and L11: Lower supervisory and technical occupations,53,100,-47
E01003918,L12: Semi-routine occupations,132,162,-30
E01003918,L13: Routine occupations,142,135,7
E01003918,L14.1 and L14.2: Never worked and long-term unemployed,173,154,19
E01003918,L15: Full-time students,104,174,-70
E01003918,"L4, L5 and L6: Lower managerial, administrative and professional occupations",252,191,61
E01003918,L7: Intermediate occupations,103,123,-20
E01003918,L8 and L9: Small employers and own account workers,87,71,16
E01003919,"L1, L2 and L3: Higher managerial, administrative and professional occupations",273,161,112
E01003919,L10 and L11: Lower supervisory and technical occupations,37,61,-24
E01003919,L12: Semi-routine occupations,106,149,-43
E01003919,L13: Routine occupations,128,112,16
E01003919,L14.1 and L14.2: Never worked and long-term unemployed,124,98,26
E01003919,L15: Full-time students,151,232,-81
E01003919,"L4, L5 and L6: Lower managerial, administrative and professional occupations",335,368,-33
E01003919,L7: Intermediate occupations,101,142,-41
E01003919,L8 and L9: Small employers and own account workers,115,103,12
E01003920,"L1, L2 and L3: Higher managerial, administrative and professional occupations",222,86,136
E01003920,L10 and L11: Lower supervisory and technical occupations,77,103,-26
E01003920,L12: Semi-routine occupations,192,188,4
E01003920,L13: Routine occupations,265,166,99
E01003920,L14.1 and L14.2: Never worked and long-term unemployed,162,154,8
E01003920,L15: Full-time students,192,191,1
E01003920,"L4, L5 and L6: Lower managerial, administrative and professional occupations",328,212,116
E01003920,L7: Intermediate occupations,170,135,35
E01003920,L8 and L9: Small employers and own account workers,123,83,40
E01003921,"L1, L2 and L3: Higher managerial, administrative and professional occupations",370,85,285
E01003921,L10 and L11: Lower supervisory and technical occupations,66,79,-13
E01003921,L12: Semi-routine occupations,142,186,-44
E01003921,L13: Routine occupations,199,159,40
E01003921,L14.1 and L14.2: Never worked and long-term unemployed,146,127,19
E01003921,L15: Full-time students,141,138,3
E01003921,"L4, L5 and L6: Lower managerial, administrative and professional occupations",370,175,195
E01003921,L7: Intermediate occupations,128,136,-8
E01003921,L8 and L9: Small employers and own account workers,118,79,39
E01003922,"L1, L2 and L3: Higher managerial, administrative and professional occupations",235,104,131
E01003922,L10 and L11: Lower supervisory and technical occupations,76,93,-17
E01003922,L12: Semi-routine occupations,198,174,24
E01003922,L13: Routine occupations,258,170,88
E01003922,L14.1 and L14.2: Never worked and long-term unemployed,186,150,36
E01003922,L15: Full-time students,167,188,-21
E01003922,"L4, L5 and L6: Lower managerial, administrative and professional occupations",411,311,100
E01003922,L7: Intermediate occupations,133,152,-19
E01003922,L8 and L9: Small employers and own account workers,142,111,31
E01003923,"L1, L2 and L3: Higher managerial, administrative and professional occupations",263,176,87
E01003923,L10 and L11: Lower supervisory and technical occupations,63,60,3
E01003923,L12: Semi-routine occupations,110,129,-19
E01003923,L13: Routine occupations,164,134,30
E01003923,L14.1 and L14.2: Never worked and long-term unemployed,113,108,5
E01003923,L15: Full-time students,145,173,-28
E01003923,"L4, L5 and L6: Lower managerial, administrative and professional occupations",325,393,-68
E01003923,L7: Intermediate occupations,120,139,-19
E01003923,L8 and L9: Small employers and own account workers,135,90,45
E01003924,"L1, L2 and L3: Higher managerial, administrative and professional occupations",118,73,45
E01003924,L10 and L11: Lower supervisory and technical occupations,93,106,-13
E01003924,L12: Semi-routine occupations,201,248,-47
E01003924,L13: Routine occupations,284,215,69
E01003924,L14.1 and L14.2: Never worked and long-term unemployed,234,160,74
E01003924,L15: Full-time students,157,192,-35
E01003924,"L4, L5 and L6: Lower managerial, administrative and professional occupations",237,200,37
E01003924,L7: Intermediate occupations,132,129,3
E01003924,L8 and L9: Small employers and own account workers,151,110,41
E01003925,"L1, L2 and L3: Higher managerial, administrative and professional occupations",252,59,193
E01003925,L10 and L11: Lower supervisory and technical occupations,87,56,31
E01003925,L12: Semi-routine occupations,152,125,27
E01003925,L13: Routine occupations,247,133,114
E01003925,L14.1 and L14.2: Never worked and long-term unemployed,204,113,91
E01003925,L15: Full-time students,152,148,4
E01003925,"L4, L5 and L6: Lower managerial, administrative and professional occupations",320,152,168
E01003925,L7: Intermediate occupations,136,108,28
E01003925,L8 and L9: Small employers and own account workers,130,59,71
E01003926,"L1, L2 and L3: Higher managerial, administrative and professional occupations",141,61,80
E01003926,L10 and L11: Lower supervisory and technical occupations,66,71,-5
E01003926,L12: Semi-routine occupations,127,144,-17
E01003926,L13: Routine occupations,142,114,28
E01003926,L14.1 and L14.2: Never worked and long-term unemployed,120,108,12
E01003926,L15: Full-time students,166,182,-16
E01003926,"L4, L5 and L6: Lower managerial, administrative and professional occupations",206,182,24
E01003926,L7: Intermediate occupations,115,117,-2
E01003926,L8 and L9: Small employers and own account workers,93,72,21
E01003929,"L1, L2 and L3: Higher managerial, administrative and professional occupations",626,507,119
E01003929,L10 and L11: Lower supervisory and technical occupations,48,56,-8
E01003929,L12: Semi-routine occupations,77,113,-36
E01003929,L13: Routine occupations,90,98,-8
E01003929,L14.1 and L14.2: Never worked and long-term unemployed,125,83,42
E01003929,L15: Full-time students,177,223,-46
E01003929,"L4, L5 and L6: Lower managerial, administrative and professional occupations",417,549,-132
E01003929,L7: Intermediate occupations,115,153,-38
E01003929,L8 and L9: Small employers and own account workers,116,101,15
E01003930,"L1, L2 and L3: Higher managerial, administrative and professional occupations",375,124,251
E01003930,L10 and L11: Lower supervisory and technical occupations,34,45,-11
E01003930,L12: Semi-routine occupations,92,82,10
E01003930,L13: Routine occupations,90,75,15
E01003930,L14.1 and L14.2: Never worked and long-term unemployed,131,89,42
E01003930,L15: Full-time students,558,562,-4
E01003930,"L4, L5 and L6: Lower managerial, administrative and professional occupations",230,190,40
E01003930,L7: Intermediate occupations,111,78,33
E01003930,L8 and L9: Small employers and own account workers,105,63,42
E01003932,"L1, L2 and L3: Higher managerial, administrative and professional occupations",205,127,78
E01003932,L10 and L11: Lower supervisory and technical occupations,63,77,-14
E01003932,L12: Semi-routine occupations,111,130,-19
E01003932,L13: Routine occupations,118,87,31
E01003932,L14.1 and L14.2: Never worked and long-term unemployed,158,176,-18
E01003932,L15: Full-time students,181,262,-81
E01003932,"L4, L5 and L6: Lower managerial, administrative and professional occupations",260,250,10
E01003932,L7: Intermediate occupations,102,134,-32
E01003932,L8 and L9: Small employers and own account workers,79,66,13
E01003933,"L1, L2 and L3: Higher managerial, administrative and professional occupations",552,193,359
E01003933,L10 and L11: Lower supervisory and technical occupations,51,55,-4
E01003933,L12: Semi-routine occupations,81,96,-15
E01003933,L13: Routine occupations,140,60,80
E01003933,L14.1 and L14.2: Never worked and long-term unemployed,179,114,65
E01003933,L15: Full-time students,454,570,-116
E01003933,"L4, L5 and L6: Lower managerial, administrative and professional occupations",420,279,141
E01003933,L7: Intermediate occupations,125,99,26
E01003933,L8 and L9: Small employers and own account workers,129,49,80
E01003934,"L1, L2 and L3: Higher managerial, administrative and professional occupations",638,263,375
E01003934,L10 and L11: Lower supervisory and technical occupations,29,52,-23
E01003934,L12: Semi-routine occupations,79,84,-5
E01003934,L13: Routine occupations,82,47,35
E01003934,L14.1 and L14.2: Never worked and long-term unemployed,105,60,45
E01003934,L15: Full-time students,219,120,99
E01003934,"L4, L5 and L6: Lower managerial, administrative and professional occupations",397,343,54
E01003934,L7: Intermediate occupations,123,93,30
E01003934,L8 and L9: Small employers and own account workers,152,103,49
E01003935,"L1, L2 and L3: Higher managerial, administrative and professional occupations",174,147,27
E01003935,L10 and L11: Lower supervisory and technical occupations,28,40,-12
E01003935,L12: Semi-routine occupations,67,66,1
E01003935,L13: Routine occupations,75,40,35
E01003935,L14.1 and L14.2: Never worked and long-term unemployed,91,61,30
E01003935,L15: Full-time students,422,454,-32
E01003935,"L4, L5 and L6: Lower managerial, administrative and professional occupations",149,212,-63
E01003935,L7: Intermediate occupations,63,107,-44
E01003935,L8 and L9: Small employers and own account workers,73,41,32
E01003936,"L1, L2 and L3: Higher managerial, administrative and professional occupations",510,394,116
E01003936,L10 and L11: Lower supervisory and technical occupations,17,16,1
E01003936,L12: Semi-routine occupations,30,25,5
E01003936,L13: Routine occupations,21,18,3
E01003936,L14.1 and L14.2: Never worked and long-term unemployed,24,19,5
E01003936,L15: Full-time students,487,758,-271
E01003936,"L4, L5 and L6: Lower managerial, administrative and professional occupations",269,363,-94
E01003936,L7: Intermediate occupations,91,89,2
E01003936,L8 and L9: Small employers and own account workers,74,49,25
E01003937,"L1, L2 and L3: Higher managerial, administrative and professional occupations",376,325,51
E01003937,L10 and L11: Lower supervisory and technical occupations,30,53,-23
E01003937,L12: Semi-routine occupations,71,84,-13
E01003937,L13: Routine occupations,118,59,59
E01003937,L14.1 and L14.2: Never worked and long-term unemployed,68,69,-1
E01003937,L15: Full-time students,252,232,20
E01003937,"L4, L5 and L6: Lower managerial, administrative and professional occupations",308,373,-65
E01003937,L7: Intermediate occupations,94,124,-30
E01003937,L8 and L9: Small employers and own account workers,89,63,26
E01003938,"L1, L2 and L3: Higher managerial, administrative and professional occupations",248,216,32
E01003938,L10 and L11: Lower supervisory and technical occupations,60,69,-9
E01003938,L12: Semi-routine occupations,123,146,-23
E01003938,L13: Routine occupations,121,97,24
E01003938,L14.1 and L14.2: Never worked and long-term unemployed,153,121,32
E01003938,L15: Full-time students,341,228,113
E01003938,"L4, L5 and L6: Lower managerial, administrative and professional occupations",251,359,-108
E01003938,L7: Intermediate occupations,129,137,-8
E01003938,L8 and L9: Small employers and own account workers,99,73,26
E01003939,"L1, L2 and L3: Higher managerial, administrative and professional occupations",491,373,118
E01003939,L10 and L11: Lower supervisory and technical occupations,46,48,-2
E01003939,L12: Semi-routine occupations,70,95,-25
E01003939,L13: Routine occupations,96,73,23
E01003939,L14.1 and L14.2: Never worked and long-term unemployed,95,80,15
E01003939,L15: Full-time students,508,236,272
E01003939,"L4, L5 and L6: Lower managerial, administrative and professional occupations",305,481,-176
E01003939,L7: Intermediate occupations,105,133,-28
E01003939,L8 and L9: Small employers and own account workers,77,74,3
E01003940,"L1, L2 and L3: Higher managerial, administrative and professional occupations",149,126,23
E01003940,L10 and L11: Lower supervisory and technical occupations,48,64,-16
E01003940,L12: Semi-routine occupations,134,130,4
E01003940,L13: Routine occupations,130,102,28
E01003940,L14.1 and L14.2: Never worked and long-term unemployed,157,110,47
E01003940,L15: Full-time students,211,205,6
E01003940,"L4, L5 and L6: Lower managerial, administrative and professional occupations",232,209,23
E01003940,L7: Intermediate occupations,116,100,16
E01003940,L8 and L9: Small employers and own account workers,133,61,72
E01003941,"L1, L2 and L3: Higher managerial, administrative and professional occupations",599,443,156
E01003941,L10 and L11: Lower supervisory and technical occupations,57,56,1
E01003941,L12: Semi-routine occupations,101,110,-9
E01003941,L13: Routine occupations,123,63,60
E01003941,L14.1 and L14.2: Never worked and long-term unemployed,104,92,12
E01003941,L15: Full-time students,156,246,-90
E01003941,"L4, L5 and L6: Lower managerial, administrative and professional occupations",363,406,-43
E01003941,L7: Intermediate occupations,119,125,-6
E01003941,L8 and L9: Small employers and own account workers,118,104,14
E01003942,"L1, L2 and L3: Higher managerial, administrative and professional occupations",182,108,74
E01003942,L10 and L11: Lower supervisory and technical occupations,66,62,4
E01003942,L12: Semi-routine occupations,127,113,14
E01003942,L13: Routine occupations,130,82,48
E01003942,L14.1 and L14.2: Never worked and long-term unemployed,144,97,47
E01003942,L15: Full-time students,375,441,-66
E01003942,"L4, L5 and L6: Lower managerial, administrative and professional occupations",219,199,20
E01003942,L7: Intermediate occupations,147,121,26
E01003942,L8 and L9: Small employers and own account workers,79,52,27
E01003943,"L1, L2 and L3: Higher managerial, administrative and professional occupations",145,85,60
E01003943,L10 and L11: Lower supervisory and technical occupations,57,61,-4
E01003943,L12: Semi-routine occupations,159,145,14
E01003943,L13: Routine occupations,181,119,62
E01003943,L14.1 and L14.2: Never worked and long-term unemployed,141,104,37
E01003943,L15: Full-time students,189,196,-7
E01003943,"L4, L5 and L6: Lower managerial, administrative and professional occupations",201,165,36
E01003943,L7: Intermediate occupations,98,89,9
E01003943,L8 and L9: Small employers and own account workers,74,53,21
E01003945,"L1, L2 and L3: Higher managerial, administrative and professional occupations",407,303,104
E01003945,L10 and L11: Lower supervisory and technical occupations,36,41,-5
E01003945,L12: Semi-routine occupations,83,75,8
E01003945,L13: Routine occupations,73,56,17
E01003945,L14.1 and L14.2: Never worked and long-term unemployed,85,37,48
E01003945,L15: Full-time students,77,84,-7
E01003945,"L4, L5 and L6: Lower managerial, administrative and professional occupations",367,408,-41
E01003945,L7: Intermediate occupations,97,126,-29
E01003945,L8 and L9: Small employers and own account workers,143,117,26
E01003946,"L1, L2 and L3: Higher managerial, administrative and professional occupations",357,285,72
E01003946,L10 and L11: Lower supervisory and technical occupations,65,39,26
E01003946,L12: Semi-routine occupations,82,70,12
E01003946,L13: Routine occupations,95,52,43
E01003946,L14.1 and L14.2: Never worked and long-term unemployed,102,95,7
E01003946,L15: Full-time students,129,101,28
E01003946,"L4, L5 and L6: Lower managerial, administrative and professional occupations",380,362,18
E01003946,L7: Intermediate occupations,122,137,-15
E01003946,L8 and L9: Small employers and own account workers,154,89,65
E01003947,"L1, L2 and L3: Higher managerial, administrative and professional occupations",86,94,-8
E01003947,L10 and L11: Lower supervisory and technical occupations,47,53,-6
E01003947,L12: Semi-routine occupations,150,144,6
E01003947,L13: Routine occupations,123,110,13
E01003947,L14.1 and L14.2: Never worked and long-term unemployed,181,126,55
E01003947,L15: Full-time students,140,124,16
E01003947,"L4, L5 and L6: Lower managerial, administrative and professional occupations",193,179,14
E01003947,L7: Intermediate occupations,119,124,-5
E01003947,L8 and L9: Small employers and own account workers,122,73,49
E01003948,"L1, L2 and L3: Higher managerial, administrative and professional occupations",382,245,137
E01003948,L10 and L11: Lower supervisory and technical occupations,40,58,-18
E01003948,L12: Semi-routine occupations,80,94,-14
E01003948,L13: Routine occupations,57,48,9
E01003948,L14.1 and L14.2: Never worked and long-term unemployed,106,87,19
E01003948,L15: Full-time students,73,58,15
E01003948,"L4, L5 and L6: Lower managerial, administrative and professional occupations",404,396,8
E01003948,L7: Intermediate occupations,123,127,-4
E01003948,L8 and L9: Small employers and own account workers,143,106,37
E01003949,"L1, L2 and L3: Higher managerial, administrative and professional occupations",386,306,80
E01003949,L10 and L11: Lower supervisory and technical occupations,56,56,0
E01003949,L12: Semi-routine occupations,97,96,1
E01003949,L13: Routine occupations,79,65,14
E01003949,L14.1 and L14.2: Never worked and long-term unemployed,88,65,23
E01003949,L15: Full-time students,86,85,1
E01003949,"L4, L5 and L6: Lower managerial, administrative and professional occupations",432,484,-52
E01003949,L7: Intermediate occupations,152,168,-16
E01003949,L8 and L9: Small employers and own account workers,169,148,21
E01003950,"L1, L2 and L3: Higher managerial, administrative and professional occupations",211,119,92
E01003950,L10 and L11: Lower supervisory and technical occupations,57,71,-14
E01003950,L12: Semi-routine occupations,159,179,-20
E01003950,L13: Routine occupations,160,114,46
E01003950,L14.1 and L14.2: Never worked and long-term unemployed,180,153,27
E01003950,L15: Full-time students,220,164,56
E01003950,"L4, L5 and L6: Lower managerial, administrative and professional occupations",353,354,-1
E01003950,L7: Intermediate occupations,139,161,-22
E01003950,L8 and L9: Small employers and own account workers,123,106,17
E01003951,"L1, L2 and L3: Higher managerial, administrative and professional occupations",313,268,45
E01003951,L10 and L11: Lower supervisory and technical occupations,28,32,-4
E01003951,L12: Semi-routine occupations,43,58,-15
E01003951,L13: Routine occupations,42,46,-4
E01003951,L14.1 and L14.2: Never worked and long-term unemployed,93,52,41
E01003951,L15: Full-time students,164,186,-22
E01003951,"L4, L5 and L6: Lower managerial, administrative and professional occupations",300,294,6
E01003951,L7: Intermediate occupations,90,88,2
E01003951,L8 and L9: Small employers and own account workers,127,94,33
E01003952,"L1, L2 and L3: Higher managerial, administrative and professional occupations",375,250,125
E01003952,L10 and L11: Lower supervisory and technical occupations,34,47,-13
E01003952,L12: Semi-routine occupations,70,95,-25
E01003952,L13: Routine occupations,84,61,23
E01003952,L14.1 and L14.2: Never worked and long-term unemployed,66,53,13
E01003952,L15: Full-time students,66,100,-34
E01003952,"L4, L5 and L6: Lower managerial, administrative and professional occupations",403,461,-58
E01003952,L7: Intermediate occupations,100,127,-27
E01003952,L8 and L9: Small employers and own account workers,138,101,37
E01003953,"L1, L2 and L3: Higher managerial, administrative and professional occupations",511,374,137
E01003953,L10 and L11: Lower supervisory and technical occupations,46,60,-14
E01003953,L12: Semi-routine occupations,76,135,-59
E01003953,L13: Routine occupations,81,79,2
E01003953,L14.1 and L14.2: Never worked and long-term unemployed,95,88,7
E01003953,L15: Full-time students,66,114,-48
E01003953,"L4, L5 and L6: Lower managerial, administrative and professional occupations",570,606,-36
E01003953,L7: Intermediate occupations,126,150,-24
E01003953,L8 and L9: Small employers and own account workers,153,128,25
E01003954,"L1, L2 and L3: Higher managerial, administrative and professional occupations",403,225,178
E01003954,L10 and L11: Lower supervisory and technical occupations,42,53,-11
E01003954,L12: Semi-routine occupations,61,91,-30
E01003954,L13: Routine occupations,60,71,-11
E01003954,L14.1 and L14.2: Never worked and long-term unemployed,64,46,18
E01003954,L15: Full-time students,46,71,-25
E01003954,"L4, L5 and L6: Lower managerial, administrative and professional occupations",397,430,-33
E01003954,L7: Intermediate occupations,80,140,-60
E01003954,L8 and L9: Small employers and own account workers,98,103,-5
E01003955,"L1, L2 and L3: Higher managerial, administrative and professional occupations",441,257,184
E01003955,L10 and L11: Lower supervisory and technical occupations,57,50,7
E01003955,L12: Semi-routine occupations,86,87,-1
E01003955,L13: Routine occupations,94,84,10
E01003955,L14.1 and L14.2: Never worked and long-term unemployed,129,80,49
E01003955,L15: Full-time students,58,101,-43
E01003955,"L4, L5 and L6: Lower managerial, administrative and professional occupations",444,517,-73
E01003955,L7: Intermediate occupations,117,158,-41
E01003955,L8 and L9: Small employers and own account workers,117,120,-3
E01003956,"L1, L2 and L3: Higher managerial, administrative and professional occupations",497,308,189
E01003956,L10 and L11: Lower supervisory and technical occupations,37,45,-8
E01003956,L12: Semi-routine occupations,50,98,-48
E01003956,L13: Routine occupations,59,51,8
E01003956,L14.1 and L14.2: Never worked and long-term unemployed,90,41,49
E01003956,L15: Full-time students,76,68,8
E01003956,"L4, L5 and L6: Lower managerial, administrative and professional occupations",420,449,-29
E01003956,L7: Intermediate occupations,97,144,-47
E01003956,L8 and L9: Small employers and own account workers,140,114,26
E01003957,"L1, L2 and L3: Higher managerial, administrative and professional occupations",429,270,159
E01003957,L10 and L11: Lower supervisory and technical occupations,35,54,-19
E01003957,L12: Semi-routine occupations,64,102,-38
E01003957,L13: Routine occupations,86,74,12
E01003957,L14.1 and L14.2: Never worked and long-term unemployed,64,54,10
E01003957,L15: Full-time students,69,108,-39
E01003957,"L4, L5 and L6: Lower managerial, administrative and professional occupations",404,421,-17
E01003957,L7: Intermediate occupations,125,147,-22
E01003957,L8 and L9: Small employers and own account workers,145,116,29
E01003958,"L1, L2 and L3: Higher managerial, administrative and professional occupations",352,229,123
E01003958,L10 and L11: Lower supervisory and technical occupations,56,38,18
E01003958,L12: Semi-routine occupations,113,125,-12
E01003958,L13: Routine occupations,109,68,41
E01003958,L14.1 and L14.2: Never worked and long-term unemployed,160,55,105
E01003958,L15: Full-time students,133,82,51
E01003958,"L4, L5 and L6: Lower managerial, administrative and professional occupations",364,400,-36
E01003958,L7: Intermediate occupations,108,148,-40
E01003958,L8 and L9: Small employers and own account workers,182,121,61
E01003960,"L1, L2 and L3: Higher managerial, administrative and professional occupations",332,193,139
E01003960,L10 and L11: Lower supervisory and technical occupations,47,83,-36
E01003960,L12: Semi-routine occupations,130,133,-3
E01003960,L13: Routine occupations,101,88,13
E01003960,L14.1 and L14.2: Never worked and long-term unemployed,121,99,22
E01003960,L15: Full-time students,273,340,-67
E01003960,"L4, L5 and L6: Lower managerial, administrative and professional occupations",336,322,14
E01003960,L7: Intermediate occupations,127,133,-6
E01003960,L8 and L9: Small employers and own account workers,102,94,8
E01003961,"L1, L2 and L3: Higher managerial, administrative and professional occupations",129,93,36
E01003961,L10 and L11: Lower supervisory and technical occupations,82,110,-28
E01003961,L12: Semi-routine occupations,204,233,-29
E01003961,L13: Routine occupations,285,212,73
E01003961,L14.1 and L14.2: Never worked and long-term unemployed,245,167,78
E01003961,L15: Full-time students,222,252,-30
E01003961,"L4, L5 and L6: Lower managerial, administrative and professional occupations",240,226,14
E01003961,L7: Intermediate occupations,142,152,-10
E01003961,L8 and L9: Small employers and own account workers,143,89,54
E01003963,"L1, L2 and L3: Higher managerial, administrative and professional occupations",94,76,18
E01003963,L10 and L11: Lower supervisory and technical occupations,61,91,-30
E01003963,L12: Semi-routine occupations,167,163,4
E01003963,L13: Routine occupations,188,133,55
E01003963,L14.1 and L14.2: Never worked and long-term unemployed,183,161,22
E01003963,L15: Full-time students,200,205,-5
E01003963,"L4, L5 and L6: Lower managerial, administrative and professional occupations",246,175,71
E01003963,L7: Intermediate occupations,139,127,12
E01003963,L8 and L9: Small employers and own account workers,106,89,17
E01003966,"L1, L2 and L3: Higher managerial, administrative and professional occupations",158,80,78
E01003966,L10 and L11: Lower supervisory and technical occupations,107,108,-1
E01003966,L12: Semi-routine occupations,188,168,20
E01003966,L13: Routine occupations,393,171,222
E01003966,L14.1 and L14.2: Never worked and long-term unemployed,217,185,32
E01003966,L15: Full-time students,235,328,-93
E01003966,"L4, L5 and L6: Lower managerial, administrative and professional occupations",253,202,51
E01003966,L7: Intermediate occupations,119,156,-37
E01003966,L8 and L9: Small employers and own account workers,143,101,42
E01003969,"L1, L2 and L3: Higher managerial, administrative and professional occupations",378,165,213
E01003969,L10 and L11: Lower supervisory and technical occupations,94,72,22
E01003969,L12: Semi-routine occupations,146,166,-20
E01003969,L13: Routine occupations,319,156,163
E01003969,L14.1 and L14.2: Never worked and long-term unemployed,183,80,103
E01003969,L15: Full-time students,206,261,-55
E01003969,"L4, L5 and L6: Lower managerial, administrative and professional occupations",451,346,105
E01003969,L7: Intermediate occupations,163,136,27
E01003969,L8 and L9: Small employers and own account workers,200,134,66
E01003971,"L1, L2 and L3: Higher managerial, administrative and professional occupations",147,52,95
E01003971,L10 and L11: Lower supervisory and technical occupations,29,89,-60
E01003971,L12: Semi-routine occupations,96,193,-97
E01003971,L13: Routine occupations,119,161,-42
E01003971,L14.1 and L14.2: Never worked and long-term unemployed,170,207,-37
E01003971,L15: Full-time students,152,178,-26
E01003971,"L4, L5 and L6: Lower managerial, administrative and professional occupations",191,139,52
E01003971,L7: Intermediate occupations,99,88,11
E01003971,L8 and L9: Small employers and own account workers,66,86,-20
E01003972,"L1, L2 and L3: Higher managerial, administrative and professional occupations",178,86,92
E01003972,L10 and L11: Lower supervisory and technical occupations,53,77,-24
E01003972,L12: Semi-routine occupations,113,165,-52
E01003972,L13: Routine occupations,138,125,13
E01003972,L14.1 and L14.2: Never worked and long-term unemployed,114,111,3
E01003972,L15: Full-time students,138,189,-51
E01003972,"L4, L5 and L6: Lower managerial, administrative and professional occupations",217,246,-29
E01003972,L7: Intermediate occupations,102,145,-43
E01003972,L8 and L9: Small employers and own account workers,93,107,-14
E01003973,"L1, L2 and L3: Higher managerial, administrative and professional occupations",154,78,76
E01003973,L10 and L11: Lower supervisory and technical occupations,71,95,-24
E01003973,L12: Semi-routine occupations,152,182,-30
E01003973,L13: Routine occupations,219,139,80
E01003973,L14.1 and L14.2: Never worked and long-term unemployed,146,109,37
E01003973,L15: Full-time students,121,154,-33
E01003973,"L4, L5 and L6: Lower managerial, administrative and professional occupations",253,206,47
E01003973,L7: Intermediate occupations,146,157,-11
E01003973,L8 and L9: Small employers and own account workers,99,101,-2
E01003975,"L1, L2 and L3: Higher managerial, administrative and professional occupations",255,124,131
E01003975,L10 and L11: Lower supervisory and technical occupations,54,73,-19
E01003975,L12: Semi-routine occupations,138,165,-27
E01003975,L13: Routine occupations,173,125,48
E01003975,L14.1 and L14.2: Never worked and long-term unemployed,149,130,19
E01003975,L15: Full-time students,171,182,-11
E01003975,"L4, L5 and L6: Lower managerial, administrative and professional occupations",253,205,48
E01003975,L7: Intermediate occupations,146,120,26
E01003975,L8 and L9: Small employers and own account workers,89,51,38
E01003976,"L1, L2 and L3: Higher managerial, administrative and professional occupations",651,327,324
E01003976,L10 and L11: Lower supervisory and technical occupations,65,68,-3
E01003976,L12: Semi-routine occupations,152,161,-9
E01003976,L13: Routine occupations,132,108,24
E01003976,L14.1 and L14.2: Never worked and long-term unemployed,140,135,5
E01003976,L15: Full-time students,197,193,4
E01003976,"L4, L5 and L6: Lower managerial, administrative and professional occupations",382,337,45
E01003976,L7: Intermediate occupations,148,150,-2
E01003976,L8 and L9: Small employers and own account workers,135,97,38
E01003977,"L1, L2 and L3: Higher managerial, administrative and professional occupations",258,105,153
E01003977,L10 and L11: Lower supervisory and technical occupations,80,89,-9
E01003977,L12: Semi-routine occupations,146,168,-22
E01003977,L13: Routine occupations,178,141,37
E01003977,L14.1 and L14.2: Never worked and long-term unemployed,183,141,42
E01003977,L15: Full-time students,162,159,3
E01003977,"L4, L5 and L6: Lower managerial, administrative and professional occupations",287,236,51
E01003977,L7: Intermediate occupations,135,182,-47
E01003977,L8 and L9: Small employers and own account workers,140,100,40
E01003979,"L1, L2 and L3: Higher managerial, administrative and professional occupations",385,257,128
E01003979,L10 and L11: Lower supervisory and technical occupations,52,56,-4
E01003979,L12: Semi-routine occupations,139,123,16
E01003979,L13: Routine occupations,170,100,70
E01003979,L14.1 and L14.2: Never worked and long-term unemployed,251,102,149
E01003979,L15: Full-time students,166,261,-95
E01003979,"L4, L5 and L6: Lower managerial, administrative and professional occupations",342,341,1
E01003979,L7: Intermediate occupations,124,119,5
E01003979,L8 and L9: Small employers and own account workers,117,83,34
E01003980,"L1, L2 and L3: Higher managerial, administrative and professional occupations",201,110,91
E01003980,L10 and L11: Lower supervisory and technical occupations,72,74,-2
E01003980,L12: Semi-routine occupations,169,192,-23
E01003980,L13: Routine occupations,233,169,64
E01003980,L14.1 and L14.2: Never worked and long-term unemployed,221,128,93
E01003980,L15: Full-time students,281,432,-151
E01003980,"L4, L5 and L6: Lower managerial, administrative and professional occupations",307,280,27
E01003980,L7: Intermediate occupations,111,136,-25
E01003980,L8 and L9: Small employers and own account workers,134,87,47
E01003981,"L1, L2 and L3: Higher managerial, administrative and professional occupations",278,249,29
E01003981,L10 and L11: Lower supervisory and technical occupations,43,54,-11
E01003981,L12: Semi-routine occupations,98,111,-13
E01003981,L13: Routine occupations,85,84,1
E01003981,L14.1 and L14.2: Never worked and long-term unemployed,106,58,48
E01003981,L15: Full-time students,326,410,-84
E01003981,"L4, L5 and L6: Lower managerial, administrative and professional occupations",219,288,-69
E01003981,L7: Intermediate occupations,92,113,-21
E01003981,L8 and L9: Small employers and own account workers,81,88,-7
E01003983,"L1, L2 and L3: Higher managerial, administrative and professional occupations",92,52,40
E01003983,L10 and L11: Lower supervisory and technical occupations,60,81,-21
E01003983,L12: Semi-routine occupations,178,225,-47
E01003983,L13: Routine occupations,202,182,20
E01003983,L14.1 and L14.2: Never worked and long-term unemployed,196,189,7
E01003983,L15: Full-time students,181,259,-78
E01003983,"L4, L5 and L6: Lower managerial, administrative and professional occupations",206,190,16
E01003983,L7: Intermediate occupations,127,144,-17
E01003983,L8 and L9: Small employers and own account workers,122,76,46
E01003984,"L1, L2 and L3: Higher managerial, administrative and professional occupations",369,103,266
E01003984,L10 and L11: Lower supervisory and technical occupations,69,105,-36
E01003984,L12: Semi-routine occupations,157,215,-58
E01003984,L13: Routine occupations,228,187,41
E01003984,L14.1 and L14.2: Never worked and long-term unemployed,206,153,53
E01003984,L15: Full-time students,137,237,-100
E01003984,"L4, L5 and L6: Lower managerial, administrative and professional occupations",446,368,78
E01003984,L7: Intermediate occupations,183,124,59
E01003984,L8 and L9: Small employers and own account workers,154,112,42
E01003986,"L1, L2 and L3: Higher managerial, administrative and professional occupations",165,48,117
E01003986,L10 and L11: Lower supervisory and technical occupations,87,74,13
E01003986,L12: Semi-routine occupations,130,152,-22
E01003986,L13: Routine occupations,187,120,67
E01003986,L14.1 and L14.2: Never worked and long-term unemployed,182,125,57
E01003986,L15: Full-time students,102,108,-6
E01003986,"L4, L5 and L6: Lower managerial, administrative and professional occupations",204,111,93
E01003986,L7: Intermediate occupations,118,93,25
E01003986,L8 and L9: Small employers and own account workers,103,52,51
E01003987,"L1, L2 and L3: Higher managerial, administrative and professional occupations",170,83,87
E01003987,L10 and L11: Lower supervisory and technical occupations,64,91,-27
E01003987,L12: Semi-routine occupations,168,201,-33
E01003987,L13: Routine occupations,176,149,27
E01003987,L14.1 and L14.2: Never worked and long-term unemployed,206,137,69
E01003987,L15: Full-time students,143,191,-48
E01003987,"L4, L5 and L6: Lower managerial, administrative and professional occupations",281,190,91
E01003987,L7: Intermediate occupations,144,167,-23
E01003987,L8 and L9: Small employers and own account workers,159,87,72
E01003988,"L1, L2 and L3: Higher managerial, administrative and professional occupations",149,107,42
E01003988,L10 and L11: Lower supervisory and technical occupations,77,113,-36
E01003988,L12: Semi-routine occupations,195,273,-78
E01003988,L13: Routine occupations,262,213,49
E01003988,L14.1 and L14.2: Never worked and long-term unemployed,226,180,46
E01003988,L15: Full-time students,234,219,15
E01003988,"L4, L5 and L6: Lower managerial, administrative and professional occupations",280,265,15
E01003988,L7: Intermediate occupations,151,147,4
E01003988,L8 and L9: Small employers and own account workers,161,111,50
E01003989,"L1, L2 and L3: Higher managerial, administrative and professional occupations",241,38,203
E01003989,L10 and L11: Lower supervisory and technical occupations,80,84,-4
E01003989,L12: Semi-routine occupations,187,189,-2
E01003989,L13: Routine occupations,239,160,79
E01003989,L14.1 and L14.2: Never worked and long-term unemployed,210,183,27
E01003989,L15: Full-time students,202,258,-56
E01003989,"L4, L5 and L6: Lower managerial, administrative and professional occupations",332,222,110
E01003989,L7: Intermediate occupations,142,114,28
E01003989,L8 and L9: Small employers and own account workers,147,116,31
E01003990,"L1, L2 and L3: Higher managerial, administrative and professional occupations",145,69,76
E01003990,L10 and L11: Lower supervisory and technical occupations,93,109,-16
E01003990,L12: Semi-routine occupations,224,225,-1
E01003990,L13: Routine occupations,254,162,92
E01003990,L14.1 and L14.2: Never worked and long-term unemployed,265,176,89
E01003990,L15: Full-time students,259,240,19
E01003990,"L4, L5 and L6: Lower managerial, administrative and professional occupations",307,258,49
E01003990,L7: Intermediate occupations,170,179,-9
E01003990,L8 and L9: Small employers and own account workers,154,109,45
E01003991,"L1, L2 and L3: Higher managerial, administrative and professional occupations",103,58,45
E01003991,L10 and L11: Lower supervisory and technical occupations,45,67,-22
E01003991,L12: Semi-routine occupations,130,137,-7
E01003991,L13: Routine occupations,153,110,43
E01003991,L14.1 and L14.2: Never worked and long-term unemployed,151,103,48
E01003991,L15: Full-time students,146,129,17
E01003991,"L4, L5 and L6: Lower managerial, administrative and professional occupations",175,131,44
E01003991,L7: Intermediate occupations,100,109,-9
E01003991,L8 and L9: Small employers and own account workers,81,81,0
E01003992,"L1, L2 and L3: Higher managerial, administrative and professional occupations",137,62,75
E01003992,L10 and L11: Lower supervisory and technical occupations,45,72,-27
E01003992,L12: Semi-routine occupations,149,143,6
E01003992,L13: Routine occupations,190,125,65
E01003992,L14.1 and L14.2: Never worked and long-term unemployed,155,112,43
E01003992,L15: Full-time students,157,198,-41
E01003992,"L4, L5 and L6: Lower managerial, administrative and professional occupations",194,192,2
E01003992,L7: Intermediate occupations,125,102,23
E01003992,L8 and L9: Small employers and own account workers,80,63,17
E01003993,"L1, L2 and L3: Higher managerial, administrative and professional occupations",123,57,66
E01003993,L10 and L11: Lower supervisory and technical occupations,75,82,-7
E01003993,L12: Semi-routine occupations,194,184,10
E01003993,L13: Routine occupations,221,159,62
E01003993,L14.1 and L14.2: Never worked and long-term unemployed,189,128,61
E01003993,L15: Full-time students,225,199,26
E01003993,"L4, L5 and L6: Lower managerial, administrative and professional occupations",273,208,65
E01003993,L7: Intermediate occupations,156,141,15
E01003993,L8 and L9: Small employers and own account workers,130,72,58
E01003994,"L1, L2 and L3: Higher managerial, administrative and professional occupations",379,125,254
E01003994,L10 and L11: Lower supervisory and technical occupations,66,86,-20
E01003994,L12: Semi-routine occupations,129,139,-10
E01003994,L13: Routine occupations,182,118,64
E01003994,L14.1 and L14.2: Never worked and long-term unemployed,169,117,52
E01003994,L15: Full-time students,123,207,-84
E01003994,"L4, L5 and L6: Lower managerial, administrative and professional occupations",326,187,139
E01003994,L7: Intermediate occupations,141,126,15
E01003994,L8 and L9: Small employers and own account workers,105,110,-5
E01003995,"L1, L2 and L3: Higher managerial, administrative and professional occupations",206,127,79
E01003995,L10 and L11: Lower supervisory and technical occupations,54,77,-23
E01003995,L12: Semi-routine occupations,103,105,-2
E01003995,L13: Routine occupations,122,112,10
E01003995,L14.1 and L14.2: Never worked and long-term unemployed,158,109,49
E01003995,L15: Full-time students,76,102,-26
E01003995,"L4, L5 and L6: Lower managerial, administrative and professional occupations",231,271,-40
E01003995,L7: Intermediate occupations,110,104,6
E01003995,L8 and L9: Small employers and own account workers,99,68,31
E01003997,"L1, L2 and L3: Higher managerial, administrative and professional occupations",195,101,94
E01003997,L10 and L11: Lower supervisory and technical occupations,44,51,-7
E01003997,L12: Semi-routine occupations,85,101,-16
E01003997,L13: Routine occupations,100,70,30
E01003997,L14.1 and L14.2: Never worked and long-term unemployed,111,90,21
E01003997,L15: Full-time students,108,173,-65
E01003997,"L4, L5 and L6: Lower managerial, administrative and professional occupations",221,219,2
E01003997,L7: Intermediate occupations,107,98,9
E01003997,L8 and L9: Small employers and own account workers,87,60,27
E01003998,"L1, L2 and L3: Higher managerial, administrative and professional occupations",305,229,76
E01003998,L10 and L11: Lower supervisory and technical occupations,49,64,-15
E01003998,L12: Semi-routine occupations,91,96,-5
E01003998,L13: Routine occupations,100,67,33
E01003998,L14.1 and L14.2: Never worked and long-term unemployed,126,79,47
E01003998,L15: Full-time students,84,111,-27
E01003998,"L4, L5 and L6: Lower managerial, administrative and professional occupations",319,275,44
E01003998,L7: Intermediate occupations,92,107,-15
E01003998,L8 and L9: Small employers and own account workers,88,86,2
E01003999,"L1, L2 and L3: Higher managerial, administrative and professional occupations",204,143,61
E01003999,L10 and L11: Lower supervisory and technical occupations,51,60,-9
E01003999,L12: Semi-routine occupations,126,133,-7
E01003999,L13: Routine occupations,123,109,14
E01003999,L14.1 and L14.2: Never worked and long-term unemployed,121,108,13
E01003999,L15: Full-time students,180,118,62
E01003999,"L4, L5 and L6: Lower managerial, administrative and professional occupations",242,266,-24
E01003999,L7: Intermediate occupations,103,113,-10
E01003999,L8 and L9: Small employers and own account workers,79,68,11
E01004000,"L1, L2 and L3: Higher managerial, administrative and professional occupations",275,127,148
E01004000,L10 and L11: Lower supervisory and technical occupations,57,80,-23
E01004000,L12: Semi-routine occupations,154,184,-30
E01004000,L13: Routine occupations,158,135,23
E01004000,L14.1 and L14.2: Never worked and long-term unemployed,203,136,67
E01004000,L15: Full-time students,149,181,-32
E01004000,"L4, L5 and L6: Lower managerial, administrative and professional occupations",387,318,69
E01004000,L7: Intermediate occupations,141,176,-35
E01004000,L8 and L9: Small employers and own account workers,107,132,-25
E01004001,"L1, L2 and L3: Higher managerial, administrative and professional occupations",150,82,68
E01004001,L10 and L11: Lower supervisory and technical occupations,60,76,-16
E01004001,L12: Semi-routine occupations,161,186,-25
E01004001,L13: Routine occupations,161,142,19
E01004001,L14.1 and L14.2: Never worked and long-term unemployed,262,139,123
E01004001,L15: Full-time students,126,152,-26
E01004001,"L4, L5 and L6: Lower managerial, administrative and professional occupations",270,235,35
E01004001,L7: Intermediate occupations,158,124,34
E01004001,L8 and L9: Small employers and own account workers,123,103,20
E01004002,"L1, L2 and L3: Higher managerial, administrative and professional occupations",300,180,120
E01004002,L10 and L11: Lower supervisory and technical occupations,54,62,-8
E01004002,L12: Semi-routine occupations,75,107,-32
E01004002,L13: Routine occupations,79,75,4
E01004002,L14.1 and L14.2: Never worked and long-term unemployed,87,106,-19
E01004002,L15: Full-time students,73,113,-40
E01004002,"L4, L5 and L6: Lower managerial, administrative and professional occupations",389,350,39
E01004002,L7: Intermediate occupations,124,142,-18
E01004002,L8 and L9: Small employers and own account workers,137,117,20
E01004003,"L1, L2 and L3: Higher managerial, administrative and professional occupations",156,83,73
E01004003,L10 and L11: Lower supervisory and technical occupations,88,104,-16
E01004003,L12: Semi-routine occupations,199,179,20
E01004003,L13: Routine occupations,227,145,82
E01004003,L14.1 and L14.2: Never worked and long-term unemployed,173,174,-1
E01004003,L15: Full-time students,145,144,1
E01004003,"L4, L5 and L6: Lower managerial, administrative and professional occupations",296,233,63
E01004003,L7: Intermediate occupations,116,155,-39
E01004003,L8 and L9: Small employers and own account workers,106,95,11
E01004004,"L1, L2 and L3: Higher managerial, administrative and professional occupations",389,218,171
E01004004,L10 and L11: Lower supervisory and technical occupations,90,112,-22
E01004004,L12: Semi-routine occupations,191,196,-5
E01004004,L13: Routine occupations,172,196,-24
E01004004,L14.1 and L14.2: Never worked and long-term unemployed,222,180,42
E01004004,L15: Full-time students,186,241,-55
E01004004,"L4, L5 and L6: Lower managerial, administrative and professional occupations",503,439,64
E01004004,L7: Intermediate occupations,215,211,4
E01004004,L8 and L9: Small employers and own account workers,207,174,33
E01004005,"L1, L2 and L3: Higher managerial, administrative and professional occupations",295,113,182
E01004005,L10 and L11: Lower supervisory and technical occupations,76,100,-24
E01004005,L12: Semi-routine occupations,195,228,-33
E01004005,L13: Routine occupations,234,211,23
E01004005,L14.1 and L14.2: Never worked and long-term unemployed,257,229,28
E01004005,L15: Full-time students,136,180,-44
E01004005,"L4, L5 and L6: Lower managerial, administrative and professional occupations",389,250,139
E01004005,L7: Intermediate occupations,169,142,27
E01004005,L8 and L9: Small employers and own account workers,142,125,17
E01004006,"L1, L2 and L3: Higher managerial, administrative and professional occupations",283,142,141
E01004006,L10 and L11: Lower supervisory and technical occupations,39,95,-56
E01004006,L12: Semi-routine occupations,152,196,-44
E01004006,L13: Routine occupations,123,169,-46
E01004006,L14.1 and L14.2: Never worked and long-term unemployed,167,177,-10
E01004006,L15: Full-time students,147,211,-64
E01004006,"L4, L5 and L6: Lower managerial, administrative and professional occupations",374,310,64
E01004006,L7: Intermediate occupations,136,138,-2
E01004006,L8 and L9: Small employers and own account workers,139,125,14
E01004007,"L1, L2 and L3: Higher managerial, administrative and professional occupations",84,32,52
E01004007,L10 and L11: Lower supervisory and technical occupations,58,56,2
E01004007,L12: Semi-routine occupations,177,118,59
E01004007,L13: Routine occupations,165,100,65
E01004007,L14.1 and L14.2: Never worked and long-term unemployed,147,111,36
E01004007,L15: Full-time students,126,179,-53
E01004007,"L4, L5 and L6: Lower managerial, administrative and professional occupations",191,139,52
E01004007,L7: Intermediate occupations,97,96,1
E01004007,L8 and L9: Small employers and own account workers,71,51,20
E01004008,"L1, L2 and L3: Higher managerial, administrative and professional occupations",153,90,63
E01004008,L10 and L11: Lower supervisory and technical occupations,97,83,14
E01004008,L12: Semi-routine occupations,202,245,-43
E01004008,L13: Routine occupations,213,169,44
E01004008,L14.1 and L14.2: Never worked and long-term unemployed,220,207,13
E01004008,L15: Full-time students,200,267,-67
E01004008,"L4, L5 and L6: Lower managerial, administrative and professional occupations",301,249,52
E01004008,L7: Intermediate occupations,155,171,-16
E01004008,L8 and L9: Small employers and own account workers,137,117,20
E01004010,"L1, L2 and L3: Higher managerial, administrative and professional occupations",156,88,68
E01004010,L10 and L11: Lower supervisory and technical occupations,57,80,-23
E01004010,L12: Semi-routine occupations,128,149,-21
E01004010,L13: Routine occupations,170,140,30
E01004010,L14.1 and L14.2: Never worked and long-term unemployed,152,136,16
E01004010,L15: Full-time students,153,169,-16
E01004010,"L4, L5 and L6: Lower managerial, administrative and professional occupations",191,187,4
E01004010,L7: Intermediate occupations,107,96,11
E01004010,L8 and L9: Small employers and own account workers,123,94,29
E01004011,"L1, L2 and L3: Higher managerial, administrative and professional occupations",174,63,111
E01004011,L10 and L11: Lower supervisory and technical occupations,82,85,-3
E01004011,L12: Semi-routine occupations,215,219,-4
E01004011,L13: Routine occupations,203,151,52
E01004011,L14.1 and L14.2: Never worked and long-term unemployed,227,195,32
E01004011,L15: Full-time students,223,258,-35
E01004011,"L4, L5 and L6: Lower managerial, administrative and professional occupations",296,225,71
E01004011,L7: Intermediate occupations,173,195,-22
E01004011,L8 and L9: Small employers and own account workers,135,83,52
E01004012,"L1, L2 and L3: Higher managerial, administrative and professional occupations",255,162,93
E01004012,L10 and L11: Lower supervisory and technical occupations,99,141,-42
E01004012,L12: Semi-routine occupations,188,232,-44
E01004012,L13: Routine occupations,276,173,103
E01004012,L14.1 and L14.2: Never worked and long-term unemployed,200,196,4
E01004012,L15: Full-time students,222,262,-40
E01004012,"L4, L5 and L6: Lower managerial, administrative and professional occupations",400,387,13
E01004012,L7: Intermediate occupations,184,168,16
E01004012,L8 and L9: Small employers and own account workers,156,116,40
E01004013,"L1, L2 and L3: Higher managerial, administrative and professional occupations",197,81,116
E01004013,L10 and L11: Lower supervisory and technical occupations,62,62,0
E01004013,L12: Semi-routine occupations,157,173,-16
E01004013,L13: Routine occupations,181,141,40
E01004013,L14.1 and L14.2: Never worked and long-term unemployed,189,158,31
E01004013,L15: Full-time students,103,213,-110
E01004013,"L4, L5 and L6: Lower managerial, administrative and professional occupations",311,208,103
E01004013,L7: Intermediate occupations,162,118,44
E01004013,L8 and L9: Small employers and own account workers,87,64,23
E01004014,"L1, L2 and L3: Higher managerial, administrative and professional occupations",142,66,76
E01004014,L10 and L11: Lower supervisory and technical occupations,90,95,-5
E01004014,L12: Semi-routine occupations,196,191,5
E01004014,L13: Routine occupations,227,159,68
E01004014,L14.1 and L14.2: Never worked and long-term unemployed,270,175,95
E01004014,L15: Full-time students,213,205,8
E01004014,"L4, L5 and L6: Lower managerial, administrative and professional occupations",250,194,56
E01004014,L7: Intermediate occupations,122,119,3
E01004014,L8 and L9: Small employers and own account workers,111,79,32
E01004015,"L1, L2 and L3: Higher managerial, administrative and professional occupations",347,219,128
E01004015,L10 and L11: Lower supervisory and technical occupations,33,48,-15
E01004015,L12: Semi-routine occupations,91,88,3
E01004015,L13: Routine occupations,60,55,5
E01004015,L14.1 and L14.2: Never worked and long-term unemployed,92,52,40
E01004015,L15: Full-time students,302,88,214
E01004015,"L4, L5 and L6: Lower managerial, administrative and professional occupations",341,383,-42
E01004015,L7: Intermediate occupations,90,139,-49
E01004015,L8 and L9: Small employers and own account workers,121,108,13
E01004016,"L1, L2 and L3: Higher managerial, administrative and professional occupations",448,204,244
E01004016,L10 and L11: Lower supervisory and technical occupations,66,85,-19
E01004016,L12: Semi-routine occupations,128,139,-11
E01004016,L13: Routine occupations,151,125,26
E01004016,L14.1 and L14.2: Never worked and long-term unemployed,105,115,-10
E01004016,L15: Full-time students,136,125,11
E01004016,"L4, L5 and L6: Lower managerial, administrative and professional occupations",585,417,168
E01004016,L7: Intermediate occupations,169,155,14
E01004016,L8 and L9: Small employers and own account workers,187,139,48
E01004017,"L1, L2 and L3: Higher managerial, administrative and professional occupations",327,172,155
E01004017,L10 and L11: Lower supervisory and technical occupations,42,49,-7
E01004017,L12: Semi-routine occupations,75,84,-9
E01004017,L13: Routine occupations,78,64,14
E01004017,L14.1 and L14.2: Never worked and long-term unemployed,76,62,14
E01004017,L15: Full-time students,74,91,-17
E01004017,"L4, L5 and L6: Lower managerial, administrative and professional occupations",375,389,-14
E01004017,L7: Intermediate occupations,100,132,-32
E01004017,L8 and L9: Small employers and own account workers,161,132,29
E01004018,"L1, L2 and L3: Higher managerial, administrative and professional occupations",454,265,189
E01004018,L10 and L11: Lower supervisory and technical occupations,40,54,-14
E01004018,L12: Semi-routine occupations,69,100,-31
E01004018,L13: Routine occupations,63,63,0
E01004018,L14.1 and L14.2: Never worked and long-term unemployed,68,55,13
E01004018,L15: Full-time students,66,104,-38
E01004018,"L4, L5 and L6: Lower managerial, administrative and professional occupations",483,519,-36
E01004018,L7: Intermediate occupations,95,158,-63
E01004018,L8 and L9: Small employers and own account workers,153,141,12
E01004019,"L1, L2 and L3: Higher managerial, administrative and professional occupations",356,189,167
E01004019,L10 and L11: Lower supervisory and technical occupations,72,95,-23
E01004019,L12: Semi-routine occupations,138,211,-73
E01004019,L13: Routine occupations,148,138,10
E01004019,L14.1 and L14.2: Never worked and long-term unemployed,170,145,25
E01004019,L15: Full-time students,133,197,-64
E01004019,"L4, L5 and L6: Lower managerial, administrative and professional occupations",382,457,-75
E01004019,L7: Intermediate occupations,144,173,-29
E01004019,L8 and L9: Small employers and own account workers,177,147,30
E01004020,"L1, L2 and L3: Higher managerial, administrative and professional occupations",168,132,36
E01004020,L10 and L11: Lower supervisory and technical occupations,58,74,-16
E01004020,L12: Semi-routine occupations,175,163,12
E01004020,L13: Routine occupations,149,138,11
E01004020,L14.1 and L14.2: Never worked and long-term unemployed,119,156,-37
E01004020,L15: Full-time students,159,166,-7
E01004020,"L4, L5 and L6: Lower managerial, administrative and professional occupations",266,319,-53
E01004020,L7: Intermediate occupations,131,169,-38
E01004020,L8 and L9: Small employers and own account workers,122,117,5
E01004021,"L1, L2 and L3: Higher managerial, administrative and professional occupations",550,378,172
E01004021,L10 and L11: Lower supervisory and technical occupations,42,82,-40
E01004021,L12: Semi-routine occupations,59,113,-54
E01004021,L13: Routine occupations,75,80,-5
E01004021,L14.1 and L14.2: Never worked and long-term unemployed,83,68,15
E01004021,L15: Full-time students,96,141,-45
E01004021,"L4, L5 and L6: Lower managerial, administrative and professional occupations",602,601,1
E01004021,L7: Intermediate occupations,149,191,-42
E01004021,L8 and L9: Small employers and own account workers,137,113,24
E01004023,"L1, L2 and L3: Higher managerial, administrative and professional occupations",236,153,83
E01004023,L10 and L11: Lower supervisory and technical occupations,82,87,-5
E01004023,L12: Semi-routine occupations,124,157,-33
E01004023,L13: Routine occupations,198,121,77
E01004023,L14.1 and L14.2: Never worked and long-term unemployed,131,100,31
E01004023,L15: Full-time students,91,104,-13
E01004023,"L4, L5 and L6: Lower managerial, administrative and professional occupations",283,241,42
E01004023,L7: Intermediate occupations,132,133,-1
E01004023,L8 and L9: Small employers and own account workers,111,76,35
E01004024,"L1, L2 and L3: Higher managerial, administrative and professional occupations",174,97,77
E01004024,L10 and L11: Lower supervisory and technical occupations,91,90,1
E01004024,L12: Semi-routine occupations,209,225,-16
E01004024,L13: Routine occupations,213,176,37
E01004024,L14.1 and L14.2: Never worked and long-term unemployed,223,137,86
E01004024,L15: Full-time students,167,243,-76
E01004024,"L4, L5 and L6: Lower managerial, administrative and professional occupations",286,211,75
E01004024,L7: Intermediate occupations,142,141,1
E01004024,L8 and L9: Small employers and own account workers,123,98,25
E01004028,"L1, L2 and L3: Higher managerial, administrative and professional occupations",446,179,267
E01004028,L10 and L11: Lower supervisory and technical occupations,74,87,-13
E01004028,L12: Semi-routine occupations,183,143,40
E01004028,L13: Routine occupations,176,104,72
E01004028,L14.1 and L14.2: Never worked and long-term unemployed,195,115,80
E01004028,L15: Full-time students,193,158,35
E01004028,"L4, L5 and L6: Lower managerial, administrative and professional occupations",426,284,142
E01004028,L7: Intermediate occupations,194,142,52
E01004028,L8 and L9: Small employers and own account workers,123,75,48
E01004029,"L1, L2 and L3: Higher managerial, administrative and professional occupations",622,413,209
E01004029,L10 and L11: Lower supervisory and technical occupations,65,59,6
E01004029,L12: Semi-routine occupations,84,93,-9
E01004029,L13: Routine occupations,81,79,2
E01004029,L14.1 and L14.2: Never worked and long-term unemployed,94,56,38
E01004029,L15: Full-time students,134,207,-73
E01004029,"L4, L5 and L6: Lower managerial, administrative and professional occupations",432,450,-18
E01004029,L7: Intermediate occupations,134,158,-24
E01004029,L8 and L9: Small employers and own account workers,95,72,23
E01004030,"L1, L2 and L3: Higher managerial, administrative and professional occupations",286,172,114
E01004030,L10 and L11: Lower supervisory and technical occupations,48,56,-8
E01004030,L12: Semi-routine occupations,113,108,5
E01004030,L13: Routine occupations,113,118,-5
E01004030,L14.1 and L14.2: Never worked and long-term unemployed,91,72,19
E01004030,L15: Full-time students,76,135,-59
E01004030,"L4, L5 and L6: Lower managerial, administrative and professional occupations",304,356,-52
E01004030,L7: Intermediate occupations,118,137,-19
E01004030,L8 and L9: Small employers and own account workers,123,83,40
E01004031,"L1, L2 and L3: Higher managerial, administrative and professional occupations",630,233,397
E01004031,L10 and L11: Lower supervisory and technical occupations,67,58,9
E01004031,L12: Semi-routine occupations,150,109,41
E01004031,L13: Routine occupations,168,100,68
E01004031,L14.1 and L14.2: Never worked and long-term unemployed,175,92,83
E01004031,L15: Full-time students,281,255,26
E01004031,"L4, L5 and L6: Lower managerial, administrative and professional occupations",495,335,160
E01004031,L7: Intermediate occupations,154,142,12
E01004031,L8 and L9: Small employers and own account workers,140,90,50
E01004032,"L1, L2 and L3: Higher managerial, administrative and professional occupations",499,419,80
E01004032,L10 and L11: Lower supervisory and technical occupations,33,52,-19
E01004032,L12: Semi-routine occupations,48,73,-25
E01004032,L13: Routine occupations,65,43,22
E01004032,L14.1 and L14.2: Never worked and long-term unemployed,34,53,-19
E01004032,L15: Full-time students,90,209,-119
E01004032,"L4, L5 and L6: Lower managerial, administrative and professional occupations",373,411,-38
E01004032,L7: Intermediate occupations,86,158,-72
E01004032,L8 and L9: Small employers and own account workers,95,92,3
E01004033,"L1, L2 and L3: Higher managerial, administrative and professional occupations",525,138,387
E01004033,L10 and L11: Lower supervisory and technical occupations,67,72,-5
E01004033,L12: Semi-routine occupations,166,149,17
E01004033,L13: Routine occupations,187,93,94
E01004033,L14.1 and L14.2: Never worked and long-term unemployed,218,122,96
E01004033,L15: Full-time students,188,152,36
E01004033,"L4, L5 and L6: Lower managerial, administrative and professional occupations",381,234,147
E01004033,L7: Intermediate occupations,164,129,35
E01004033,L8 and L9: Small employers and own account workers,125,67,58
E01004034,"L1, L2 and L3: Higher managerial, administrative and professional occupations",174,100,74
E01004034,L10 and L11: Lower supervisory and technical occupations,64,85,-21
E01004034,L12: Semi-routine occupations,135,151,-16
E01004034,L13: Routine occupations,151,122,29
E01004034,L14.1 and L14.2: Never worked and long-term unemployed,133,114,19
E01004034,L15: Full-time students,182,155,27
E01004034,"L4, L5 and L6: Lower managerial, administrative and professional occupations",211,213,-2
E01004034,L7: Intermediate occupations,125,100,25
E01004034,L8 and L9: Small employers and own account workers,117,75,42
E01004035,"L1, L2 and L3: Higher managerial, administrative and professional occupations",139,74,65
E01004035,L10 and L11: Lower supervisory and technical occupations,67,94,-27
E01004035,L12: Semi-routine occupations,130,187,-57
E01004035,L13: Routine occupations,167,134,33
E01004035,L14.1 and L14.2: Never worked and long-term unemployed,140,149,-9
E01004035,L15: Full-time students,102,124,-22
E01004035,"L4, L5 and L6: Lower managerial, administrative and professional occupations",215,180,35
E01004035,L7: Intermediate occupations,105,143,-38
E01004035,L8 and L9: Small employers and own account workers,104,87,17
E01004036,"L1, L2 and L3: Higher managerial, administrative and professional occupations",182,118,64
E01004036,L10 and L11: Lower supervisory and technical occupations,91,101,-10
E01004036,L12: Semi-routine occupations,159,212,-53
E01004036,L13: Routine occupations,204,163,41
E01004036,L14.1 and L14.2: Never worked and long-term unemployed,177,196,-19
E01004036,L15: Full-time students,208,274,-66
E01004036,"L4, L5 and L6: Lower managerial, administrative and professional occupations",333,265,68
E01004036,L7: Intermediate occupations,137,155,-18
E01004036,L8 and L9: Small employers and own account workers,165,147,18
E01004037,"L1, L2 and L3: Higher managerial, administrative and professional occupations",255,153,102
E01004037,L10 and L11: Lower supervisory and technical occupations,85,86,-1
E01004037,L12: Semi-routine occupations,141,162,-21
E01004037,L13: Routine occupations,213,163,50
E01004037,L14.1 and L14.2: Never worked and long-term unemployed,151,153,-2
E01004037,L15: Full-time students,163,199,-36
E01004037,"L4, L5 and L6: Lower managerial, administrative and professional occupations",306,308,-2
E01004037,L7: Intermediate occupations,136,177,-41
E01004037,L8 and L9: Small employers and own account workers,157,127,30
E01004038,"L1, L2 and L3: Higher managerial, administrative and professional occupations",323,161,162
E01004038,L10 and L11: Lower supervisory and technical occupations,70,140,-70
E01004038,L12: Semi-routine occupations,176,200,-24
E01004038,L13: Routine occupations,220,166,54
E01004038,L14.1 and L14.2: Never worked and long-term unemployed,173,164,9
E01004038,L15: Full-time students,213,226,-13
E01004038,"L4, L5 and L6: Lower managerial, administrative and professional occupations",417,345,72
E01004038,L7: Intermediate occupations,191,210,-19
E01004038,L8 and L9: Small employers and own account workers,175,134,41
E01004039,"L1, L2 and L3: Higher managerial, administrative and professional occupations",209,181,28
E01004039,L10 and L11: Lower supervisory and technical occupations,36,116,-80
E01004039,L12: Semi-routine occupations,115,178,-63
E01004039,L13: Routine occupations,166,148,18
E01004039,L14.1 and L14.2: Never worked and long-term unemployed,136,143,-7
E01004039,L15: Full-time students,178,299,-121
E01004039,"L4, L5 and L6: Lower managerial, administrative and professional occupations",262,276,-14
E01004039,L7: Intermediate occupations,90,149,-59
E01004039,L8 and L9: Small employers and own account workers,118,111,7
E01004040,"L1, L2 and L3: Higher managerial, administrative and professional occupations",122,56,66
E01004040,L10 and L11: Lower supervisory and technical occupations,77,60,17
E01004040,L12: Semi-routine occupations,181,122,59
E01004040,L13: Routine occupations,182,111,71
E01004040,L14.1 and L14.2: Never worked and long-term unemployed,246,106,140
E01004040,L15: Full-time students,192,152,40
E01004040,"L4, L5 and L6: Lower managerial, administrative and professional occupations",222,160,62
E01004040,L7: Intermediate occupations,157,104,53
E01004040,L8 and L9: Small employers and own account workers,95,47,48
E01004041,"L1, L2 and L3: Higher managerial, administrative and professional occupations",136,72,64
E01004041,L10 and L11: Lower supervisory and technical occupations,81,111,-30
E01004041,L12: Semi-routine occupations,149,170,-21
E01004041,L13: Routine occupations,243,142,101
E01004041,L14.1 and L14.2: Never worked and long-term unemployed,144,135,9
E01004041,L15: Full-time students,138,174,-36
E01004041,"L4, L5 and L6: Lower managerial, administrative and professional occupations",195,224,-29
E01004041,L7: Intermediate occupations,110,143,-33
E01004041,L8 and L9: Small employers and own account workers,101,77,24
E01004042,"L1, L2 and L3: Higher managerial, administrative and professional occupations",197,72,125
E01004042,L10 and L11: Lower supervisory and technical occupations,93,80,13
E01004042,L12: Semi-routine occupations,177,188,-11
E01004042,L13: Routine occupations,211,187,24
E01004042,L14.1 and L14.2: Never worked and long-term unemployed,224,155,69
E01004042,L15: Full-time students,161,164,-3
E01004042,"L4, L5 and L6: Lower managerial, administrative and professional occupations",266,196,70
E01004042,L7: Intermediate occupations,160,145,15
E01004042,L8 and L9: Small employers and own account workers,146,127,19
E01004043,"L1, L2 and L3: Higher managerial, administrative and professional occupations",239,133,106
E01004043,L10 and L11: Lower supervisory and technical occupations,45,68,-23
E01004043,L12: Semi-routine occupations,84,126,-42
E01004043,L13: Routine occupations,135,112,23
E01004043,L14.1 and L14.2: Never worked and long-term unemployed,139,72,67
E01004043,L15: Full-time students,95,140,-45
E01004043,"L4, L5 and L6: Lower managerial, administrative and professional occupations",233,211,22
E01004043,L7: Intermediate occupations,107,134,-27
E01004043,L8 and L9: Small employers and own account workers,111,96,15
E01004044,"L1, L2 and L3: Higher managerial, administrative and professional occupations",117,64,53
E01004044,L10 and L11: Lower supervisory and technical occupations,56,79,-23
E01004044,L12: Semi-routine occupations,117,146,-29
E01004044,L13: Routine occupations,161,136,25
E01004044,L14.1 and L14.2: Never worked and long-term unemployed,160,103,57
E01004044,L15: Full-time students,132,160,-28
E01004044,"L4, L5 and L6: Lower managerial, administrative and professional occupations",201,158,43
E01004044,L7: Intermediate occupations,106,105,1
E01004044,L8 and L9: Small employers and own account workers,86,65,21
E01004045,"L1, L2 and L3: Higher managerial, administrative and professional occupations",126,82,44
E01004045,L10 and L11: Lower supervisory and technical occupations,61,63,-2
E01004045,L12: Semi-routine occupations,151,155,-4
E01004045,L13: Routine occupations,148,109,39
E01004045,L14.1 and L14.2: Never worked and long-term unemployed,156,135,21
E01004045,L15: Full-time students,127,149,-22
E01004045,"L4, L5 and L6: Lower managerial, administrative and professional occupations",226,184,42
E01004045,L7: Intermediate occupations,120,123,-3
E01004045,L8 and L9: Small employers and own account workers,99,78,21
E01004046,"L1, L2 and L3: Higher managerial, administrative and professional occupations",377,268,109
E01004046,L10 and L11: Lower supervisory and technical occupations,27,36,-9
E01004046,L12: Semi-routine occupations,65,82,-17
E01004046,L13: Routine occupations,55,71,-16
E01004046,L14.1 and L14.2: Never worked and long-term unemployed,94,76,18
E01004046,L15: Full-time students,73,102,-29
E01004046,"L4, L5 and L6: Lower managerial, administrative and professional occupations",379,440,-61
E01004046,L7: Intermediate occupations,97,112,-15
E01004046,L8 and L9: Small employers and own account workers,98,93,5
E01004047,"L1, L2 and L3: Higher managerial, administrative and professional occupations",120,76,44
E01004047,L10 and L11: Lower supervisory and technical occupations,62,79,-17
E01004047,L12: Semi-routine occupations,156,142,14
E01004047,L13: Routine occupations,215,138,77
E01004047,L14.1 and L14.2: Never worked and long-term unemployed,131,121,10
E01004047,L15: Full-time students,172,189,-17
E01004047,"L4, L5 and L6: Lower managerial, administrative and professional occupations",293,190,103
E01004047,L7: Intermediate occupations,102,119,-17
E01004047,L8 and L9: Small employers and own account workers,91,74,17
E01004048,"L1, L2 and L3: Higher managerial, administrative and professional occupations",310,217,93
E01004048,L10 and L11: Lower supervisory and technical occupations,45,47,-2
E01004048,L12: Semi-routine occupations,87,109,-22
E01004048,L13: Routine occupations,94,58,36
E01004048,L14.1 and L14.2: Never worked and long-term unemployed,72,56,16
E01004048,L15: Full-time students,88,140,-52
E01004048,"L4, L5 and L6: Lower managerial, administrative and professional occupations",373,335,38
E01004048,L7: Intermediate occupations,93,150,-57
E01004048,L8 and L9: Small employers and own account workers,104,102,2
E01004049,"L1, L2 and L3: Higher managerial, administrative and professional occupations",188,97,91
E01004049,L10 and L11: Lower supervisory and technical occupations,48,59,-11
E01004049,L12: Semi-routine occupations,101,119,-18
E01004049,L13: Routine occupations,116,87,29
E01004049,L14.1 and L14.2: Never worked and long-term unemployed,85,93,-8
E01004049,L15: Full-time students,95,447,-352
E01004049,"L4, L5 and L6: Lower managerial, administrative and professional occupations",234,238,-4
E01004049,L7: Intermediate occupations,100,82,18
E01004049,L8 and L9: Small employers and own account workers,62,71,-9
E01004050,"L1, L2 and L3: Higher managerial, administrative and professional occupations",409,273,136
E01004050,L10 and L11: Lower supervisory and technical occupations,25,37,-12
E01004050,L12: Semi-routine occupations,54,63,-9
E01004050,L13: Routine occupations,46,45,1
E01004050,L14.1 and L14.2: Never worked and long-term unemployed,65,57,8
E01004050,L15: Full-time students,88,134,-46
E01004050,"L4, L5 and L6: Lower managerial, administrative and professional occupations",355,412,-57
E01004050,L7: Intermediate occupations,65,97,-32
E01004050,L8 and L9: Small employers and own account workers,116,106,10
E01004051,"L1, L2 and L3: Higher managerial, administrative and professional occupations",316,258,58
E01004051,L10 and L11: Lower supervisory and technical occupations,23,34,-11
E01004051,L12: Semi-routine occupations,61,62,-1
E01004051,L13: Routine occupations,54,33,21
E01004051,L14.1 and L14.2: Never worked and long-term unemployed,49,35,14
E01004051,L15: Full-time students,64,140,-76
E01004051,"L4, L5 and L6: Lower managerial, administrative and professional occupations",349,351,-2
E01004051,L7: Intermediate occupations,84,92,-8
E01004051,L8 and L9: Small employers and own account workers,91,90,1
E01004052,"L1, L2 and L3: Higher managerial, administrative and professional occupations",428,308,120
E01004052,L10 and L11: Lower supervisory and technical occupations,41,40,1
E01004052,L12: Semi-routine occupations,89,86,3
E01004052,L13: Routine occupations,73,79,-6
E01004052,L14.1 and L14.2: Never worked and long-term unemployed,69,59,10
E01004052,L15: Full-time students,94,110,-16
E01004052,"L4, L5 and L6: Lower managerial, administrative and professional occupations",430,456,-26
E01004052,L7: Intermediate occupations,127,139,-12
E01004052,L8 and L9: Small employers and own account workers,116,134,-18
E01004053,"L1, L2 and L3: Higher managerial, administrative and professional occupations",610,487,123
E01004053,L10 and L11: Lower supervisory and technical occupations,48,60,-12
E01004053,L12: Semi-routine occupations,70,60,10
E01004053,L13: Routine occupations,66,47,19
E01004053,L14.1 and L14.2: Never worked and long-term unemployed,55,45,10
E01004053,L15: Full-time students,75,143,-68
E01004053,"L4, L5 and L6: Lower managerial, administrative and professional occupations",434,514,-80
E01004053,L7: Intermediate occupations,159,147,12
E01004053,L8 and L9: Small employers and own account workers,137,111,26
E01004054,"L1, L2 and L3: Higher managerial, administrative and professional occupations",496,448,48
E01004054,L10 and L11: Lower supervisory and technical occupations,53,54,-1
E01004054,L12: Semi-routine occupations,69,61,8
E01004054,L13: Routine occupations,42,39,3
E01004054,L14.1 and L14.2: Never worked and long-term unemployed,42,47,-5
E01004054,L15: Full-time students,80,112,-32
E01004054,"L4, L5 and L6: Lower managerial, administrative and professional occupations",343,464,-121
E01004054,L7: Intermediate occupations,114,140,-26
E01004054,L8 and L9: Small employers and own account workers,121,95,26
E01004055,"L1, L2 and L3: Higher managerial, administrative and professional occupations",159,88,71
E01004055,L10 and L11: Lower supervisory and technical occupations,48,61,-13
E01004055,L12: Semi-routine occupations,131,167,-36
E01004055,L13: Routine occupations,149,126,23
E01004055,L14.1 and L14.2: Never worked and long-term unemployed,128,99,29
E01004055,L15: Full-time students,61,98,-37
E01004055,"L4, L5 and L6: Lower managerial, administrative and professional occupations",186,158,28
E01004055,L7: Intermediate occupations,126,118,8
E01004055,L8 and L9: Small employers and own account workers,103,63,40
E01004056,"L1, L2 and L3: Higher managerial, administrative and professional occupations",555,398,157
E01004056,L10 and L11: Lower supervisory and technical occupations,76,74,2
E01004056,L12: Semi-routine occupations,149,132,17
E01004056,L13: Routine occupations,144,86,58
E01004056,L14.1 and L14.2: Never worked and long-term unemployed,166,110,56
E01004056,L15: Full-time students,109,221,-112
E01004056,"L4, L5 and L6: Lower managerial, administrative and professional occupations",447,450,-3
E01004056,L7: Intermediate occupations,176,168,8
E01004056,L8 and L9: Small employers and own account workers,165,113,52
E01004057,"L1, L2 and L3: Higher managerial, administrative and professional occupations",518,230,288
E01004057,L10 and L11: Lower supervisory and technical occupations,51,64,-13
E01004057,L12: Semi-routine occupations,146,118,28
E01004057,L13: Routine occupations,98,80,18
E01004057,L14.1 and L14.2: Never worked and long-term unemployed,138,71,67
E01004057,L15: Full-time students,146,107,39
E01004057,"L4, L5 and L6: Lower managerial, administrative and professional occupations",404,335,69
E01004057,L7: Intermediate occupations,165,151,14
E01004057,L8 and L9: Small employers and own account workers,153,97,56
E01004058,"L1, L2 and L3: Higher managerial, administrative and professional occupations",537,455,82
E01004058,L10 and L11: Lower supervisory and technical occupations,52,47,5
E01004058,L12: Semi-routine occupations,47,50,-3
E01004058,L13: Routine occupations,61,38,23
E01004058,L14.1 and L14.2: Never worked and long-term unemployed,57,29,28
E01004058,L15: Full-time students,98,133,-35
E01004058,"L4, L5 and L6: Lower managerial, administrative and professional occupations",464,566,-102
E01004058,L7: Intermediate occupations,114,144,-30
E01004058,L8 and L9: Small employers and own account workers,127,108,19
E01004059,"L1, L2 and L3: Higher managerial, administrative and professional occupations",660,401,259
E01004059,L10 and L11: Lower supervisory and technical occupations,62,40,22
E01004059,L12: Semi-routine occupations,64,53,11
E01004059,L13: Routine occupations,69,25,44
E01004059,L14.1 and L14.2: Never worked and long-term unemployed,69,39,30
E01004059,L15: Full-time students,134,200,-66
E01004059,"L4, L5 and L6: Lower managerial, administrative and professional occupations",493,446,47
E01004059,L7: Intermediate occupations,127,142,-15
E01004059,L8 and L9: Small employers and own account workers,118,57,61
E01004060,"L1, L2 and L3: Higher managerial, administrative and professional occupations",368,229,139
E01004060,L10 and L11: Lower supervisory and technical occupations,74,73,1
E01004060,L12: Semi-routine occupations,137,136,1
E01004060,L13: Routine occupations,146,114,32
E01004060,L14.1 and L14.2: Never worked and long-term unemployed,194,115,79
E01004060,L15: Full-time students,177,183,-6
E01004060,"L4, L5 and L6: Lower managerial, administrative and professional occupations",363,335,28
E01004060,L7: Intermediate occupations,108,146,-38
E01004060,L8 and L9: Small employers and own account workers,135,103,32
E01004061,"L1, L2 and L3: Higher managerial, administrative and professional occupations",381,237,144
E01004061,L10 and L11: Lower supervisory and technical occupations,38,56,-18
E01004061,L12: Semi-routine occupations,86,129,-43
E01004061,L13: Routine occupations,83,72,11
E01004061,L14.1 and L14.2: Never worked and long-term unemployed,66,86,-20
E01004061,L15: Full-time students,92,141,-49
E01004061,"L4, L5 and L6: Lower managerial, administrative and professional occupations",430,442,-12
E01004061,L7: Intermediate occupations,106,137,-31
E01004061,L8 and L9: Small employers and own account workers,139,128,11
E01004062,"L1, L2 and L3: Higher managerial, administrative and professional occupations",371,163,208
E01004062,L10 and L11: Lower supervisory and technical occupations,71,87,-16
E01004062,L12: Semi-routine occupations,126,163,-37
E01004062,L13: Routine occupations,168,126,42
E01004062,L14.1 and L14.2: Never worked and long-term unemployed,150,120,30
E01004062,L15: Full-time students,158,147,11
E01004062,"L4, L5 and L6: Lower managerial, administrative and professional occupations",470,355,115
E01004062,L7: Intermediate occupations,145,150,-5
E01004062,L8 and L9: Small employers and own account workers,165,143,22
E01004063,"L1, L2 and L3: Higher managerial, administrative and professional occupations",410,247,163
E01004063,L10 and L11: Lower supervisory and technical occupations,47,69,-22
E01004063,L12: Semi-routine occupations,93,116,-23
E01004063,L13: Routine occupations,116,111,5
E01004063,L14.1 and L14.2: Never worked and long-term unemployed,102,101,1
E01004063,L15: Full-time students,102,152,-50
E01004063,"L4, L5 and L6: Lower managerial, administrative and professional occupations",470,475,-5
E01004063,L7: Intermediate occupations,131,159,-28
E01004063,L8 and L9: Small employers and own account workers,140,140,0
E01004064,"L1, L2 and L3: Higher managerial, administrative and professional occupations",273,117,156
E01004064,L10 and L11: Lower supervisory and technical occupations,51,67,-16
E01004064,L12: Semi-routine occupations,168,201,-33
E01004064,L13: Routine occupations,198,141,57
E01004064,L14.1 and L14.2: Never worked and long-term unemployed,149,157,-8
E01004064,L15: Full-time students,105,168,-63
E01004064,"L4, L5 and L6: Lower managerial, administrative and professional occupations",371,320,51
E01004064,L7: Intermediate occupations,128,141,-13
E01004064,L8 and L9: Small employers and own account workers,146,124,22
E01004065,"L1, L2 and L3: Higher managerial, administrative and professional occupations",360,230,130
E01004065,L10 and L11: Lower supervisory and technical occupations,31,51,-20
E01004065,L12: Semi-routine occupations,74,93,-19
E01004065,L13: Routine occupations,99,62,37
E01004065,L14.1 and L14.2: Never worked and long-term unemployed,81,62,19
E01004065,L15: Full-time students,55,99,-44
E01004065,"L4, L5 and L6: Lower managerial, administrative and professional occupations",358,400,-42
E01004065,L7: Intermediate occupations,96,107,-11
E01004065,L8 and L9: Small employers and own account workers,118,94,24
E01004066,"L1, L2 and L3: Higher managerial, administrative and professional occupations",271,178,93
E01004066,L10 and L11: Lower supervisory and technical occupations,68,90,-22
E01004066,L12: Semi-routine occupations,146,169,-23
E01004066,L13: Routine occupations,175,138,37
E01004066,L14.1 and L14.2: Never worked and long-term unemployed,138,150,-12
E01004066,L15: Full-time students,154,231,-77
E01004066,"L4, L5 and L6: Lower managerial, administrative and professional occupations",391,400,-9
E01004066,L7: Intermediate occupations,159,131,28
E01004066,L8 and L9: Small employers and own account workers,166,129,37
E01004067,"L1, L2 and L3: Higher managerial, administrative and professional occupations",196,118,78
E01004067,L10 and L11: Lower supervisory and technical occupations,96,104,-8
E01004067,L12: Semi-routine occupations,180,222,-42
E01004067,L13: Routine occupations,273,192,81
E01004067,L14.1 and L14.2: Never worked and long-term unemployed,190,203,-13
E01004067,L15: Full-time students,210,255,-45
E01004067,"L4, L5 and L6: Lower managerial, administrative and professional occupations",354,312,42
E01004067,L7: Intermediate occupations,161,141,20
E01004067,L8 and L9: Small employers and own account workers,165,94,71
E01004068,"L1, L2 and L3: Higher managerial, administrative and professional occupations",227,115,112
E01004068,L10 and L11: Lower supervisory and technical occupations,61,84,-23
E01004068,L12: Semi-routine occupations,164,210,-46
E01004068,L13: Routine occupations,173,142,31
E01004068,L14.1 and L14.2: Never worked and long-term unemployed,211,174,37
E01004068,L15: Full-time students,163,175,-12
E01004068,"L4, L5 and L6: Lower managerial, administrative and professional occupations",310,293,17
E01004068,L7: Intermediate occupations,152,156,-4
E01004068,L8 and L9: Small employers and own account workers,147,103,44
E01004069,"L1, L2 and L3: Higher managerial, administrative and professional occupations",404,299,105
E01004069,L10 and L11: Lower supervisory and technical occupations,13,21,-8
E01004069,L12: Semi-routine occupations,31,42,-11
E01004069,L13: Routine occupations,19,18,1
E01004069,L14.1 and L14.2: Never worked and long-term unemployed,51,19,32
E01004069,L15: Full-time students,72,88,-16
E01004069,"L4, L5 and L6: Lower managerial, administrative and professional occupations",254,322,-68
E01004069,L7: Intermediate occupations,64,80,-16
E01004069,L8 and L9: Small employers and own account workers,97,100,-3
E01004070,"L1, L2 and L3: Higher managerial, administrative and professional occupations",493,371,122
E01004070,L10 and L11: Lower supervisory and technical occupations,34,49,-15
E01004070,L12: Semi-routine occupations,81,98,-17
E01004070,L13: Routine occupations,86,71,15
E01004070,L14.1 and L14.2: Never worked and long-term unemployed,87,59,28
E01004070,L15: Full-time students,111,124,-13
E01004070,"L4, L5 and L6: Lower managerial, administrative and professional occupations",385,450,-65
E01004070,L7: Intermediate occupations,103,118,-15
E01004070,L8 and L9: Small employers and own account workers,125,98,27
E01004071,"L1, L2 and L3: Higher managerial, administrative and professional occupations",291,215,76
E01004071,L10 and L11: Lower supervisory and technical occupations,31,43,-12
E01004071,L12: Semi-routine occupations,83,87,-4
E01004071,L13: Routine occupations,85,72,13
E01004071,L14.1 and L14.2: Never worked and long-term unemployed,100,77,23
E01004071,L15: Full-time students,79,106,-27
E01004071,"L4, L5 and L6: Lower managerial, administrative and professional occupations",335,376,-41
E01004071,L7: Intermediate occupations,96,114,-18
E01004071,L8 and L9: Small employers and own account workers,133,108,25
E01004072,"L1, L2 and L3: Higher managerial, administrative and professional occupations",473,231,242
E01004072,L10 and L11: Lower supervisory and technical occupations,27,36,-9
E01004072,L12: Semi-routine occupations,56,51,5
E01004072,L13: Routine occupations,56,41,15
E01004072,L14.1 and L14.2: Never worked and long-term unemployed,64,37,27
E01004072,L15: Full-time students,102,100,2
E01004072,"L4, L5 and L6: Lower managerial, administrative and professional occupations",348,365,-17
E01004072,L7: Intermediate occupations,88,80,8
E01004072,L8 and L9: Small employers and own account workers,118,89,29
E01004073,"L1, L2 and L3: Higher managerial, administrative and professional occupations",498,406,92
E01004073,L10 and L11: Lower supervisory and technical occupations,22,36,-14
E01004073,L12: Semi-routine occupations,63,77,-14
E01004073,L13: Routine occupations,55,52,3
E01004073,L14.1 and L14.2: Never worked and long-term unemployed,67,45,22
E01004073,L15: Full-time students,92,86,6
E01004073,"L4, L5 and L6: Lower managerial, administrative and professional occupations",379,454,-75
E01004073,L7: Intermediate occupations,111,118,-7
E01004073,L8 and L9: Small employers and own account workers,130,110,20
E01004074,"L1, L2 and L3: Higher managerial, administrative and professional occupations",484,392,92
E01004074,L10 and L11: Lower supervisory and technical occupations,19,20,-1
E01004074,L12: Semi-routine occupations,26,66,-40
E01004074,L13: Routine occupations,46,26,20
E01004074,L14.1 and L14.2: Never worked and long-term unemployed,49,28,21
E01004074,L15: Full-time students,115,143,-28
E01004074,"L4, L5 and L6: Lower managerial, administrative and professional occupations",354,410,-56
E01004074,L7: Intermediate occupations,112,87,25
E01004074,L8 and L9: Small employers and own account workers,141,119,22
E01004075,"L1, L2 and L3: Higher managerial, administrative and professional occupations",551,478,73
E01004075,L10 and L11: Lower supervisory and technical occupations,12,28,-16
E01004075,L12: Semi-routine occupations,27,47,-20
E01004075,L13: Routine occupations,25,22,3
E01004075,L14.1 and L14.2: Never worked and long-term unemployed,37,32,5
E01004075,L15: Full-time students,107,107,0
E01004075,"L4, L5 and L6: Lower managerial, administrative and professional occupations",345,530,-185
E01004075,L7: Intermediate occupations,75,115,-40
E01004075,L8 and L9: Small employers and own account workers,126,127,-1
E01004076,"L1, L2 and L3: Higher managerial, administrative and professional occupations",148,108,40
E01004076,L10 and L11: Lower supervisory and technical occupations,80,69,11
E01004076,L12: Semi-routine occupations,137,128,9
E01004076,L13: Routine occupations,113,108,5
E01004076,L14.1 and L14.2: Never worked and long-term unemployed,102,49,53
E01004076,L15: Full-time students,91,73,18
E01004076,"L4, L5 and L6: Lower managerial, administrative and professional occupations",249,231,18
E01004076,L7: Intermediate occupations,214,193,21
E01004076,L8 and L9: Small employers and own account workers,156,109,47
E01004077,"L1, L2 and L3: Higher managerial, administrative and professional occupations",169,106,63
E01004077,L10 and L11: Lower supervisory and technical occupations,59,59,0
E01004077,L12: Semi-routine occupations,141,156,-15
E01004077,L13: Routine occupations,124,110,14
E01004077,L14.1 and L14.2: Never worked and long-term unemployed,92,51,41
E01004077,L15: Full-time students,80,83,-3
E01004077,"L4, L5 and L6: Lower managerial, administrative and professional occupations",291,239,52
E01004077,L7: Intermediate occupations,192,184,8
E01004077,L8 and L9: Small employers and own account workers,169,148,21
E01004078,"L1, L2 and L3: Higher managerial, administrative and professional occupations",137,94,43
E01004078,L10 and L11: Lower supervisory and technical occupations,81,86,-5
E01004078,L12: Semi-routine occupations,139,153,-14
E01004078,L13: Routine occupations,134,127,7
E01004078,L14.1 and L14.2: Never worked and long-term unemployed,106,66,40
E01004078,L15: Full-time students,87,77,10
E01004078,"L4, L5 and L6: Lower managerial, administrative and professional occupations",317,257,60
E01004078,L7: Intermediate occupations,179,198,-19
E01004078,L8 and L9: Small employers and own account workers,169,124,45
E01004079,"L1, L2 and L3: Higher managerial, administrative and professional occupations",210,125,85
E01004079,L10 and L11: Lower supervisory and technical occupations,54,60,-6
E01004079,L12: Semi-routine occupations,101,93,8
E01004079,L13: Routine occupations,63,59,4
E01004079,L14.1 and L14.2: Never worked and long-term unemployed,53,23,30
E01004079,L15: Full-time students,75,82,-7
E01004079,"L4, L5 and L6: Lower managerial, administrative and professional occupations",287,264,23
E01004079,L7: Intermediate occupations,196,199,-3
E01004079,L8 and L9: Small employers and own account workers,124,140,-16
E01004080,"L1, L2 and L3: Higher managerial, administrative and professional occupations",182,113,69
E01004080,L10 and L11: Lower supervisory and technical occupations,56,54,2
E01004080,L12: Semi-routine occupations,108,93,15
E01004080,L13: Routine occupations,81,60,21
E01004080,L14.1 and L14.2: Never worked and long-term unemployed,74,33,41
E01004080,L15: Full-time students,72,84,-12
E01004080,"L4, L5 and L6: Lower managerial, administrative and professional occupations",258,240,18
E01004080,L7: Intermediate occupations,179,188,-9
E01004080,L8 and L9: Small employers and own account workers,140,117,23
E01004081,"L1, L2 and L3: Higher managerial, administrative and professional occupations",199,122,77
E01004081,L10 and L11: Lower supervisory and technical occupations,59,69,-10
E01004081,L12: Semi-routine occupations,144,146,-2
E01004081,L13: Routine occupations,92,59,33
E01004081,L14.1 and L14.2: Never worked and long-term unemployed,83,54,29
E01004081,L15: Full-time students,80,63,17
E01004081,"L4, L5 and L6: Lower managerial, administrative and professional occupations",285,261,24
E01004081,L7: Intermediate occupations,175,195,-20
E01004081,L8 and L9: Small employers and own account workers,134,101,33
E01004082,"L1, L2 and L3: Higher managerial, administrative and professional occupations",162,117,45
E01004082,L10 and L11: Lower supervisory and technical occupations,53,67,-14
E01004082,L12: Semi-routine occupations,105,133,-28
E01004082,L13: Routine occupations,91,74,17
E01004082,L14.1 and L14.2: Never worked and long-term unemployed,79,29,50
E01004082,L15: Full-time students,111,82,29
E01004082,"L4, L5 and L6: Lower managerial, administrative and professional occupations",221,223,-2
E01004082,L7: Intermediate occupations,212,220,-8
E01004082,L8 and L9: Small employers and own account workers,111,100,11
E01004083,"L1, L2 and L3: Higher managerial, administrative and professional occupations",80,39,41
E01004083,L10 and L11: Lower supervisory and technical occupations,66,82,-16
E01004083,L12: Semi-routine occupations,160,169,-9
E01004083,L13: Routine occupations,176,146,30
E01004083,L14.1 and L14.2: Never worked and long-term unemployed,159,86,73
E01004083,L15: Full-time students,114,94,20
E01004083,"L4, L5 and L6: Lower managerial, administrative and professional occupations",184,153,31
E01004083,L7: Intermediate occupations,132,168,-36
E01004083,L8 and L9: Small employers and own account workers,119,85,34
E01004084,"L1, L2 and L3: Higher managerial, administrative and professional occupations",304,170,134
E01004084,L10 and L11: Lower supervisory and technical occupations,31,36,-5
E01004084,L12: Semi-routine occupations,73,84,-11
E01004084,L13: Routine occupations,41,36,5
E01004084,L14.1 and L14.2: Never worked and long-term unemployed,64,32,32
E01004084,L15: Full-time students,81,97,-16
E01004084,"L4, L5 and L6: Lower managerial, administrative and professional occupations",290,326,-36
E01004084,L7: Intermediate occupations,174,176,-2
E01004084,L8 and L9: Small employers and own account workers,165,134,31
E01004085,"L1, L2 and L3: Higher managerial, administrative and professional occupations",327,193,134
E01004085,L10 and L11: Lower supervisory and technical occupations,45,47,-2
E01004085,L12: Semi-routine occupations,80,95,-15
E01004085,L13: Routine occupations,79,42,37
E01004085,L14.1 and L14.2: Never worked and long-term unemployed,74,44,30
E01004085,L15: Full-time students,77,97,-20
E01004085,"L4, L5 and L6: Lower managerial, administrative and professional occupations",310,325,-15
E01004085,L7: Intermediate occupations,174,204,-30
E01004085,L8 and L9: Small employers and own account workers,160,137,23
E01004086,"L1, L2 and L3: Higher managerial, administrative and professional occupations",233,120,113
E01004086,L10 and L11: Lower supervisory and technical occupations,72,73,-1
E01004086,L12: Semi-routine occupations,160,163,-3
E01004086,L13: Routine occupations,124,84,40
E01004086,L14.1 and L14.2: Never worked and long-term unemployed,115,70,45
E01004086,L15: Full-time students,97,102,-5
E01004086,"L4, L5 and L6: Lower managerial, administrative and professional occupations",333,258,75
E01004086,L7: Intermediate occupations,200,192,8
E01004086,L8 and L9: Small employers and own account workers,183,124,59
E01004087,"L1, L2 and L3: Higher managerial, administrative and professional occupations",262,176,86
E01004087,L10 and L11: Lower supervisory and technical occupations,44,58,-14
E01004087,L12: Semi-routine occupations,75,101,-26
E01004087,L13: Routine occupations,48,41,7
E01004087,L14.1 and L14.2: Never worked and long-term unemployed,76,33,43
E01004087,L15: Full-time students,97,84,13
E01004087,"L4, L5 and L6: Lower managerial, administrative and professional occupations",309,253,56
E01004087,L7: Intermediate occupations,200,209,-9
E01004087,L8 and L9: Small employers and own account workers,185,151,34
E01004088,"L1, L2 and L3: Higher managerial, administrative and professional occupations",51,31,20
E01004088,L10 and L11: Lower supervisory and technical occupations,94,88,6
E01004088,L12: Semi-routine occupations,242,232,10
E01004088,L13: Routine occupations,252,204,48
E01004088,L14.1 and L14.2: Never worked and long-term unemployed,200,146,54
E01004088,L15: Full-time students,139,117,22
E01004088,"L4, L5 and L6: Lower managerial, administrative and professional occupations",191,159,32
E01004088,L7: Intermediate occupations,152,172,-20
E01004088,L8 and L9: Small employers and own account workers,139,101,38
E01004089,"L1, L2 and L3: Higher managerial, administrative and professional occupations",81,34,47
E01004089,L10 and L11: Lower supervisory and technical occupations,40,68,-28
E01004089,L12: Semi-routine occupations,128,161,-33
E01004089,L13: Routine occupations,132,105,27
E01004089,L14.1 and L14.2: Never worked and long-term unemployed,116,75,41
E01004089,L15: Full-time students,100,81,19
E01004089,"L4, L5 and L6: Lower managerial, administrative and professional occupations",174,129,45
E01004089,L7: Intermediate occupations,115,148,-33
E01004089,L8 and L9: Small employers and own account workers,118,79,39
E01004090,"L1, L2 and L3: Higher managerial, administrative and professional occupations",84,70,14
E01004090,L10 and L11: Lower supervisory and technical occupations,51,56,-5
E01004090,L12: Semi-routine occupations,165,130,35
E01004090,L13: Routine occupations,142,111,31
E01004090,L14.1 and L14.2: Never worked and long-term unemployed,128,93,35
E01004090,L15: Full-time students,75,54,21
E01004090,"L4, L5 and L6: Lower managerial, administrative and professional occupations",143,138,5
E01004090,L7: Intermediate occupations,111,111,0
E01004090,L8 and L9: Small employers and own account workers,116,68,48
E01004091,"L1, L2 and L3: Higher managerial, administrative and professional occupations",279,176,103
E01004091,L10 and L11: Lower supervisory and technical occupations,28,38,-10
E01004091,L12: Semi-routine occupations,63,71,-8
E01004091,L13: Routine occupations,42,41,1
E01004091,L14.1 and L14.2: Never worked and long-term unemployed,56,13,43
E01004091,L15: Full-time students,64,77,-13
E01004091,"L4, L5 and L6: Lower managerial, administrative and professional occupations",269,278,-9
E01004091,L7: Intermediate occupations,152,154,-2
E01004091,L8 and L9: Small employers and own account workers,118,123,-5
E01004092,"L1, L2 and L3: Higher managerial, administrative and professional occupations",328,223,105
E01004092,L10 and L11: Lower supervisory and technical occupations,36,35,1
E01004092,L12: Semi-routine occupations,80,79,1
E01004092,L13: Routine occupations,44,32,12
E01004092,L14.1 and L14.2: Never worked and long-term unemployed,99,25,74
E01004092,L15: Full-time students,72,108,-36
E01004092,"L4, L5 and L6: Lower managerial, administrative and professional occupations",285,310,-25
E01004092,L7: Intermediate occupations,158,161,-3
E01004092,L8 and L9: Small employers and own account workers,153,125,28
E01004093,"L1, L2 and L3: Higher managerial, administrative and professional occupations",350,239,111
E01004093,L10 and L11: Lower supervisory and technical occupations,27,54,-27
E01004093,L12: Semi-routine occupations,66,77,-11
E01004093,L13: Routine occupations,58,26,32
E01004093,L14.1 and L14.2: Never worked and long-term unemployed,114,30,84
E01004093,L15: Full-time students,63,68,-5
E01004093,"L4, L5 and L6: Lower managerial, administrative and professional occupations",332,335,-3
E01004093,L7: Intermediate occupations,139,182,-43
E01004093,L8 and L9: Small employers and own account workers,128,94,34
E01004094,"L1, L2 and L3: Higher managerial, administrative and professional occupations",289,194,95
E01004094,L10 and L11: Lower supervisory and technical occupations,54,46,8
E01004094,L12: Semi-routine occupations,125,107,18
E01004094,L13: Routine occupations,100,55,45
E01004094,L14.1 and L14.2: Never worked and long-term unemployed,65,23,42
E01004094,L15: Full-time students,85,93,-8
E01004094,"L4, L5 and L6: Lower managerial, administrative and professional occupations",380,346,34
E01004094,L7: Intermediate occupations,172,200,-28
E01004094,L8 and L9: Small employers and own account workers,175,135,40
E01004095,"L1, L2 and L3: Higher managerial, administrative and professional occupations",364,268,96
E01004095,L10 and L11: Lower supervisory and technical occupations,39,40,-1
E01004095,L12: Semi-routine occupations,54,72,-18
E01004095,L13: Routine occupations,55,41,14
E01004095,L14.1 and L14.2: Never worked and long-term unemployed,72,44,28
E01004095,L15: Full-time students,64,60,4
E01004095,"L4, L5 and L6: Lower managerial, administrative and professional occupations",342,337,5
E01004095,L7: Intermediate occupations,156,199,-43
E01004095,L8 and L9: Small employers and own account workers,138,98,40
E01004096,"L1, L2 and L3: Higher managerial, administrative and professional occupations",204,171,33
E01004096,L10 and L11: Lower supervisory and technical occupations,60,62,-2
E01004096,L12: Semi-routine occupations,126,100,26
E01004096,L13: Routine occupations,113,63,50
E01004096,L14.1 and L14.2: Never worked and long-term unemployed,105,60,45
E01004096,L15: Full-time students,57,60,-3
E01004096,"L4, L5 and L6: Lower managerial, administrative and professional occupations",302,307,-5
E01004096,L7: Intermediate occupations,162,180,-18
E01004096,L8 and L9: Small employers and own account workers,133,99,34
E01004097,"L1, L2 and L3: Higher managerial, administrative and professional occupations",264,148,116
E01004097,L10 and L11: Lower supervisory and technical occupations,50,64,-14
E01004097,L12: Semi-routine occupations,87,99,-12
E01004097,L13: Routine occupations,82,70,12
E01004097,L14.1 and L14.2: Never worked and long-term unemployed,48,37,11
E01004097,L15: Full-time students,75,100,-25
E01004097,"L4, L5 and L6: Lower managerial, administrative and professional occupations",352,357,-5
E01004097,L7: Intermediate occupations,183,228,-45
E01004097,L8 and L9: Small employers and own account workers,150,134,16
E01004098,"L1, L2 and L3: Higher managerial, administrative and professional occupations",264,153,111
E01004098,L10 and L11: Lower supervisory and technical occupations,29,32,-3
E01004098,L12: Semi-routine occupations,72,69,3
E01004098,L13: Routine occupations,52,33,19
E01004098,L14.1 and L14.2: Never worked and long-term unemployed,46,43,3
E01004098,L15: Full-time students,50,64,-14
E01004098,"L4, L5 and L6: Lower managerial, administrative and professional occupations",306,289,17
E01004098,L7: Intermediate occupations,112,131,-19
E01004098,L8 and L9: Small employers and own account workers,111,83,28
E01004099,"L1, L2 and L3: Higher managerial, administrative and professional occupations",248,157,91
E01004099,L10 and L11: Lower supervisory and technical occupations,58,47,11
E01004099,L12: Semi-routine occupations,112,106,6
E01004099,L13: Routine occupations,95,69,26
E01004099,L14.1 and L14.2: Never worked and long-term unemployed,85,34,51
E01004099,L15: Full-time students,61,56,5
E01004099,"L4, L5 and L6: Lower managerial, administrative and professional occupations",349,330,19
E01004099,L7: Intermediate occupations,164,171,-7
E01004099,L8 and L9: Small employers and own account workers,134,114,20
E01004100,"L1, L2 and L3: Higher managerial, administrative and professional occupations",220,135,85
E01004100,L10 and L11: Lower supervisory and technical occupations,46,58,-12
E01004100,L12: Semi-routine occupations,96,94,2
E01004100,L13: Routine occupations,45,64,-19
E01004100,L14.1 and L14.2: Never worked and long-term unemployed,63,27,36
E01004100,L15: Full-time students,81,80,1
E01004100,"L4, L5 and L6: Lower managerial, administrative and professional occupations",290,252,38
E01004100,L7: Intermediate occupations,174,168,6
E01004100,L8 and L9: Small employers and own account workers,156,112,44
E01004101,"L1, L2 and L3: Higher managerial, administrative and professional occupations",220,111,109
E01004101,L10 and L11: Lower supervisory and technical occupations,42,60,-18
E01004101,L12: Semi-routine occupations,106,104,2
E01004101,L13: Routine occupations,72,59,13
E01004101,L14.1 and L14.2: Never worked and long-term unemployed,68,30,38
E01004101,L15: Full-time students,66,78,-12
E01004101,"L4, L5 and L6: Lower managerial, administrative and professional occupations",290,268,22
E01004101,L7: Intermediate occupations,162,179,-17
E01004101,L8 and L9: Small employers and own account workers,109,104,5
E01004102,"L1, L2 and L3: Higher managerial, administrative and professional occupations",294,143,151
E01004102,L10 and L11: Lower supervisory and technical occupations,45,66,-21
E01004102,L12: Semi-routine occupations,79,78,1
E01004102,L13: Routine occupations,53,59,-6
E01004102,L14.1 and L14.2: Never worked and long-term unemployed,80,53,27
E01004102,L15: Full-time students,66,59,7
E01004102,"L4, L5 and L6: Lower managerial, administrative and professional occupations",313,275,38
E01004102,L7: Intermediate occupations,133,149,-16
E01004102,L8 and L9: Small employers and own account workers,134,118,16
E01004103,"L1, L2 and L3: Higher managerial, administrative and professional occupations",245,179,66
E01004103,L10 and L11: Lower supervisory and technical occupations,58,80,-22
E01004103,L12: Semi-routine occupations,132,93,39
E01004103,L13: Routine occupations,99,63,36
E01004103,L14.1 and L14.2: Never worked and long-term unemployed,80,50,30
E01004103,L15: Full-time students,75,72,3
E01004103,"L4, L5 and L6: Lower managerial, administrative and professional occupations",357,375,-18
E01004103,L7: Intermediate occupations,194,215,-21
E01004103,L8 and L9: Small employers and own account workers,164,111,53
E01004104,"L1, L2 and L3: Higher managerial, administrative and professional occupations",284,174,110
E01004104,L10 and L11: Lower supervisory and technical occupations,32,53,-21
E01004104,L12: Semi-routine occupations,76,90,-14
E01004104,L13: Routine occupations,59,27,32
E01004104,L14.1 and L14.2: Never worked and long-term unemployed,71,21,50
E01004104,L15: Full-time students,87,78,9
E01004104,"L4, L5 and L6: Lower managerial, administrative and professional occupations",325,323,2
E01004104,L7: Intermediate occupations,170,193,-23
E01004104,L8 and L9: Small employers and own account workers,130,125,5
E01004105,"L1, L2 and L3: Higher managerial, administrative and professional occupations",345,228,117
E01004105,L10 and L11: Lower supervisory and technical occupations,53,54,-1
E01004105,L12: Semi-routine occupations,81,110,-29
E01004105,L13: Routine occupations,80,59,21
E01004105,L14.1 and L14.2: Never worked and long-term unemployed,80,38,42
E01004105,L15: Full-time students,81,111,-30
E01004105,"L4, L5 and L6: Lower managerial, administrative and professional occupations",386,373,13
E01004105,L7: Intermediate occupations,187,214,-27
E01004105,L8 and L9: Small employers and own account workers,144,145,-1
E01004106,"L1, L2 and L3: Higher managerial, administrative and professional occupations",407,258,149
E01004106,L10 and L11: Lower supervisory and technical occupations,22,22,0
E01004106,L12: Semi-routine occupations,89,80,9
E01004106,L13: Routine occupations,40,30,10
E01004106,L14.1 and L14.2: Never worked and long-term unemployed,60,21,39
E01004106,L15: Full-time students,98,115,-17
E01004106,"L4, L5 and L6: Lower managerial, administrative and professional occupations",311,349,-38
E01004106,L7: Intermediate occupations,164,154,10
E01004106,L8 and L9: Small employers and own account workers,150,126,24
E01004107,"L1, L2 and L3: Higher managerial, administrative and professional occupations",189,115,74
E01004107,L10 and L11: Lower supervisory and technical occupations,60,94,-34
E01004107,L12: Semi-routine occupations,120,132,-12
E01004107,L13: Routine occupations,114,75,39
E01004107,L14.1 and L14.2: Never worked and long-term unemployed,91,56,35
E01004107,L15: Full-time students,82,84,-2
E01004107,"L4, L5 and L6: Lower managerial, administrative and professional occupations",268,252,16
E01004107,L7: Intermediate occupations,177,179,-2
E01004107,L8 and L9: Small employers and own account workers,162,116,46
E01004108,"L1, L2 and L3: Higher managerial, administrative and professional occupations",337,160,177
E01004108,L10 and L11: Lower supervisory and technical occupations,53,66,-13
E01004108,L12: Semi-routine occupations,98,89,9
E01004108,L13: Routine occupations,76,52,24
E01004108,L14.1 and L14.2: Never worked and long-term unemployed,86,51,35
E01004108,L15: Full-time students,121,95,26
E01004108,"L4, L5 and L6: Lower managerial, administrative and professional occupations",378,290,88
E01004108,L7: Intermediate occupations,198,183,15
E01004108,L8 and L9: Small employers and own account workers,208,174,34
E01004109,"L1, L2 and L3: Higher managerial, administrative and professional occupations",187,116,71
E01004109,L10 and L11: Lower supervisory and technical occupations,75,74,1
E01004109,L12: Semi-routine occupations,139,127,12
E01004109,L13: Routine occupations,138,95,43
E01004109,L14.1 and L14.2: Never worked and long-term unemployed,97,46,51
E01004109,L15: Full-time students,106,87,19
E01004109,"L4, L5 and L6: Lower managerial, administrative and professional occupations",270,264,6
E01004109,L7: Intermediate occupations,182,228,-46
E01004109,L8 and L9: Small employers and own account workers,151,133,18
E01004110,"L1, L2 and L3: Higher managerial, administrative and professional occupations",279,204,75
E01004110,L10 and L11: Lower supervisory and technical occupations,67,71,-4
E01004110,L12: Semi-routine occupations,150,126,24
E01004110,L13: Routine occupations,129,68,61
E01004110,L14.1 and L14.2: Never worked and long-term unemployed,113,50,63
E01004110,L15: Full-time students,110,86,24
E01004110,"L4, L5 and L6: Lower managerial, administrative and professional occupations",390,362,28
E01004110,L7: Intermediate occupations,194,213,-19
E01004110,L8 and L9: Small employers and own account workers,224,163,61
E01004111,"L1, L2 and L3: Higher managerial, administrative and professional occupations",254,148,106
E01004111,L10 and L11: Lower supervisory and technical occupations,54,42,12
E01004111,L12: Semi-routine occupations,117,130,-13
E01004111,L13: Routine occupations,88,57,31
E01004111,L14.1 and L14.2: Never worked and long-term unemployed,93,34,59
E01004111,L15: Full-time students,94,77,17
E01004111,"L4, L5 and L6: Lower managerial, administrative and professional occupations",309,263,46
E01004111,L7: Intermediate occupations,195,167,28
E01004111,L8 and L9: Small employers and own account workers,142,109,33
E01004112,"L1, L2 and L3: Higher managerial, administrative and professional occupations",372,238,134
E01004112,L10 and L11: Lower supervisory and technical occupations,30,37,-7
E01004112,L12: Semi-routine occupations,70,76,-6
E01004112,L13: Routine occupations,56,26,30
E01004112,L14.1 and L14.2: Never worked and long-term unemployed,55,23,32
E01004112,L15: Full-time students,82,73,9
E01004112,"L4, L5 and L6: Lower managerial, administrative and professional occupations",353,344,9
E01004112,L7: Intermediate occupations,183,188,-5
E01004112,L8 and L9: Small employers and own account workers,161,136,25
E01004114,"L1, L2 and L3: Higher managerial, administrative and professional occupations",441,292,149
E01004114,L10 and L11: Lower supervisory and technical occupations,29,28,1
E01004114,L12: Semi-routine occupations,74,65,9
E01004114,L13: Routine occupations,35,25,10
E01004114,L14.1 and L14.2: Never worked and long-term unemployed,123,38,85
E01004114,L15: Full-time students,113,87,26
E01004114,"L4, L5 and L6: Lower managerial, administrative and professional occupations",321,334,-13
E01004114,L7: Intermediate occupations,155,176,-21
E01004114,L8 and L9: Small employers and own account workers,225,167,58
E01004115,"L1, L2 and L3: Higher managerial, administrative and professional occupations",206,118,88
E01004115,L10 and L11: Lower supervisory and technical occupations,62,84,-22
E01004115,L12: Semi-routine occupations,146,146,0
E01004115,L13: Routine occupations,86,74,12
E01004115,L14.1 and L14.2: Never worked and long-term unemployed,85,49,36
E01004115,L15: Full-time students,104,91,13
E01004115,"L4, L5 and L6: Lower managerial, administrative and professional occupations",333,285,48
E01004115,L7: Intermediate occupations,217,243,-26
E01004115,L8 and L9: Small employers and own account workers,205,149,56
E01004116,"L1, L2 and L3: Higher managerial, administrative and professional occupations",243,144,99
E01004116,L10 and L11: Lower supervisory and technical occupations,61,61,0
E01004116,L12: Semi-routine occupations,117,115,2
E01004116,L13: Routine occupations,92,49,43
E01004116,L14.1 and L14.2: Never worked and long-term unemployed,84,26,58
E01004116,L15: Full-time students,73,81,-8
E01004116,"L4, L5 and L6: Lower managerial, administrative and professional occupations",275,269,6
E01004116,L7: Intermediate occupations,197,191,6
E01004116,L8 and L9: Small employers and own account workers,185,141,44
E01004117,"L1, L2 and L3: Higher managerial, administrative and professional occupations",211,116,95
E01004117,L10 and L11: Lower supervisory and technical occupations,59,73,-14
E01004117,L12: Semi-routine occupations,86,124,-38
E01004117,L13: Routine occupations,85,71,14
E01004117,L14.1 and L14.2: Never worked and long-term unemployed,50,17,33
E01004117,L15: Full-time students,60,91,-31
E01004117,"L4, L5 and L6: Lower managerial, administrative and professional occupations",277,245,32
E01004117,L7: Intermediate occupations,174,203,-29
E01004117,L8 and L9: Small employers and own account workers,153,129,24
E01004118,"L1, L2 and L3: Higher managerial, administrative and professional occupations",180,117,63
E01004118,L10 and L11: Lower supervisory and technical occupations,75,82,-7
E01004118,L12: Semi-routine occupations,134,143,-9
E01004118,L13: Routine occupations,131,97,34
E01004118,L14.1 and L14.2: Never worked and long-term unemployed,102,46,56
E01004118,L15: Full-time students,115,94,21
E01004118,"L4, L5 and L6: Lower managerial, administrative and professional occupations",304,298,6
E01004118,L7: Intermediate occupations,207,214,-7
E01004118,L8 and L9: Small employers and own account workers,179,135,44
E01004119,"L1, L2 and L3: Higher managerial, administrative and professional occupations",165,97,68
E01004119,L10 and L11: Lower supervisory and technical occupations,71,81,-10
E01004119,L12: Semi-routine occupations,103,120,-17
E01004119,L13: Routine occupations,86,58,28
E01004119,L14.1 and L14.2: Never worked and long-term unemployed,66,25,41
E01004119,L15: Full-time students,59,98,-39
E01004119,"L4, L5 and L6: Lower managerial, administrative and professional occupations",254,220,34
E01004119,L7: Intermediate occupations,165,198,-33
E01004119,L8 and L9: Small employers and own account workers,156,163,-7
E01004120,"L1, L2 and L3: Higher managerial, administrative and professional occupations",214,127,87
E01004120,L10 and L11: Lower supervisory and technical occupations,58,68,-10
E01004120,L12: Semi-routine occupations,100,117,-17
E01004120,L13: Routine occupations,76,59,17
E01004120,L14.1 and L14.2: Never worked and long-term unemployed,78,17,61
E01004120,L15: Full-time students,65,113,-48
E01004120,"L4, L5 and L6: Lower managerial, administrative and professional occupations",266,282,-16
E01004120,L7: Intermediate occupations,207,210,-3
E01004120,L8 and L9: Small employers and own account workers,162,140,22
E01004121,"L1, L2 and L3: Higher managerial, administrative and professional occupations",251,161,90
E01004121,L10 and L11: Lower supervisory and technical occupations,48,57,-9
E01004121,L12: Semi-routine occupations,114,121,-7
E01004121,L13: Routine occupations,77,79,-2
E01004121,L14.1 and L14.2: Never worked and long-term unemployed,73,55,18
E01004121,L15: Full-time students,66,72,-6
E01004121,"L4, L5 and L6: Lower managerial, administrative and professional occupations",299,279,20
E01004121,L7: Intermediate occupations,151,208,-57
E01004121,L8 and L9: Small employers and own account workers,155,121,34
E01004122,"L1, L2 and L3: Higher managerial, administrative and professional occupations",248,137,111
E01004122,L10 and L11: Lower supervisory and technical occupations,43,56,-13
E01004122,L12: Semi-routine occupations,94,86,8
E01004122,L13: Routine occupations,63,49,14
E01004122,L14.1 and L14.2: Never worked and long-term unemployed,54,36,18
E01004122,L15: Full-time students,60,74,-14
E01004122,"L4, L5 and L6: Lower managerial, administrative and professional occupations",257,281,-24
E01004122,L7: Intermediate occupations,163,174,-11
E01004122,L8 and L9: Small employers and own account workers,145,110,35
E01004123,"L1, L2 and L3: Higher managerial, administrative and professional occupations",142,84,58
E01004123,L10 and L11: Lower supervisory and technical occupations,105,98,7
E01004123,L12: Semi-routine occupations,242,228,14
E01004123,L13: Routine occupations,220,180,40
E01004123,L14.1 and L14.2: Never worked and long-term unemployed,167,116,51
E01004123,L15: Full-time students,168,180,-12
E01004123,"L4, L5 and L6: Lower managerial, administrative and professional occupations",307,292,15
E01004123,L7: Intermediate occupations,217,215,2
E01004123,L8 and L9: Small employers and own account workers,189,157,32
E01004124,"L1, L2 and L3: Higher managerial, administrative and professional occupations",112,60,52
E01004124,L10 and L11: Lower supervisory and technical occupations,98,99,-1
E01004124,L12: Semi-routine occupations,209,199,10
E01004124,L13: Routine occupations,192,148,44
E01004124,L14.1 and L14.2: Never worked and long-term unemployed,153,108,45
E01004124,L15: Full-time students,119,115,4
E01004124,"L4, L5 and L6: Lower managerial, administrative and professional occupations",253,210,43
E01004124,L7: Intermediate occupations,190,203,-13
E01004124,L8 and L9: Small employers and own account workers,207,152,55
E01004125,"L1, L2 and L3: Higher managerial, administrative and professional occupations",87,53,34
E01004125,L10 and L11: Lower supervisory and technical occupations,76,81,-5
E01004125,L12: Semi-routine occupations,150,200,-50
E01004125,L13: Routine occupations,167,147,20
E01004125,L14.1 and L14.2: Never worked and long-term unemployed,142,73,69
E01004125,L15: Full-time students,79,113,-34
E01004125,"L4, L5 and L6: Lower managerial, administrative and professional occupations",235,200,35
E01004125,L7: Intermediate occupations,170,137,33
E01004125,L8 and L9: Small employers and own account workers,136,84,52
E01004126,"L1, L2 and L3: Higher managerial, administrative and professional occupations",84,41,43
E01004126,L10 and L11: Lower supervisory and technical occupations,80,101,-21
E01004126,L12: Semi-routine occupations,162,179,-17
E01004126,L13: Routine occupations,173,159,14
E01004126,L14.1 and L14.2: Never worked and long-term unemployed,131,72,59
E01004126,L15: Full-time students,115,100,15
E01004126,"L4, L5 and L6: Lower managerial, administrative and professional occupations",210,156,54
E01004126,L7: Intermediate occupations,156,141,15
E01004126,L8 and L9: Small employers and own account workers,112,75,37
E01004127,"L1, L2 and L3: Higher managerial, administrative and professional occupations",138,79,59
E01004127,L10 and L11: Lower supervisory and technical occupations,98,94,4
E01004127,L12: Semi-routine occupations,144,170,-26
E01004127,L13: Routine occupations,158,138,20
E01004127,L14.1 and L14.2: Never worked and long-term unemployed,129,73,56
E01004127,L15: Full-time students,103,99,4
E01004127,"L4, L5 and L6: Lower managerial, administrative and professional occupations",268,212,56
E01004127,L7: Intermediate occupations,188,187,1
E01004127,L8 and L9: Small employers and own account workers,176,105,71
E01004128,"L1, L2 and L3: Higher managerial, administrative and professional occupations",101,62,39
E01004128,L10 and L11: Lower supervisory and technical occupations,68,92,-24
E01004128,L12: Semi-routine occupations,162,157,5
E01004128,L13: Routine occupations,123,135,-12
E01004128,L14.1 and L14.2: Never worked and long-term unemployed,107,62,45
E01004128,L15: Full-time students,88,96,-8
E01004128,"L4, L5 and L6: Lower managerial, administrative and professional occupations",228,202,26
E01004128,L7: Intermediate occupations,157,179,-22
E01004128,L8 and L9: Small employers and own account workers,132,103,29
E01004129,"L1, L2 and L3: Higher managerial, administrative and professional occupations",89,57,32
E01004129,L10 and L11: Lower supervisory and technical occupations,91,118,-27
E01004129,L12: Semi-routine occupations,224,212,12
E01004129,L13: Routine occupations,187,162,25
E01004129,L14.1 and L14.2: Never worked and long-term unemployed,189,114,75
E01004129,L15: Full-time students,122,97,25
E01004129,"L4, L5 and L6: Lower managerial, administrative and professional occupations",258,195,63
E01004129,L7: Intermediate occupations,179,174,5
E01004129,L8 and L9: Small employers and own account workers,146,114,32
E01004130,"L1, L2 and L3: Higher managerial, administrative and professional occupations",188,96,92
E01004130,L10 and L11: Lower supervisory and technical occupations,63,79,-16
E01004130,L12: Semi-routine occupations,150,162,-12
E01004130,L13: Routine occupations,122,114,8
E01004130,L14.1 and L14.2: Never worked and long-term unemployed,112,36,76
E01004130,L15: Full-time students,84,82,2
E01004130,"L4, L5 and L6: Lower managerial, administrative and professional occupations",291,287,4
E01004130,L7: Intermediate occupations,232,193,39
E01004130,L8 and L9: Small employers and own account workers,192,121,71
E01004131,"L1, L2 and L3: Higher managerial, administrative and professional occupations",182,94,88
E01004131,L10 and L11: Lower supervisory and technical occupations,69,71,-2
E01004131,L12: Semi-routine occupations,213,142,71
E01004131,L13: Routine occupations,108,66,42
E01004131,L14.1 and L14.2: Never worked and long-term unemployed,97,48,49
E01004131,L15: Full-time students,100,126,-26
E01004131,"L4, L5 and L6: Lower managerial, administrative and professional occupations",296,241,55
E01004131,L7: Intermediate occupations,223,236,-13
E01004131,L8 and L9: Small employers and own account workers,188,140,48
E01004132,"L1, L2 and L3: Higher managerial, administrative and professional occupations",162,86,76
E01004132,L10 and L11: Lower supervisory and technical occupations,61,69,-8
E01004132,L12: Semi-routine occupations,122,158,-36
E01004132,L13: Routine occupations,82,78,4
E01004132,L14.1 and L14.2: Never worked and long-term unemployed,51,35,16
E01004132,L15: Full-time students,98,79,19
E01004132,"L4, L5 and L6: Lower managerial, administrative and professional occupations",269,235,34
E01004132,L7: Intermediate occupations,181,195,-14
E01004132,L8 and L9: Small employers and own account workers,147,138,9
E01004133,"L1, L2 and L3: Higher managerial, administrative and professional occupations",171,105,66
E01004133,L10 and L11: Lower supervisory and technical occupations,62,62,0
E01004133,L12: Semi-routine occupations,130,123,7
E01004133,L13: Routine occupations,92,67,25
E01004133,L14.1 and L14.2: Never worked and long-term unemployed,73,26,47
E01004133,L15: Full-time students,79,88,-9
E01004133,"L4, L5 and L6: Lower managerial, administrative and professional occupations",275,247,28
E01004133,L7: Intermediate occupations,195,204,-9
E01004133,L8 and L9: Small employers and own account workers,154,132,22
E01004134,"L1, L2 and L3: Higher managerial, administrative and professional occupations",172,108,64
E01004134,L10 and L11: Lower supervisory and technical occupations,57,74,-17
E01004134,L12: Semi-routine occupations,128,129,-1
E01004134,L13: Routine occupations,110,75,35
E01004134,L14.1 and L14.2: Never worked and long-term unemployed,124,39,85
E01004134,L15: Full-time students,96,87,9
E01004134,"L4, L5 and L6: Lower managerial, administrative and professional occupations",262,230,32
E01004134,L7: Intermediate occupations,171,176,-5
E01004134,L8 and L9: Small employers and own account workers,182,151,31
E01004135,"L1, L2 and L3: Higher managerial, administrative and professional occupations",142,93,49
E01004135,L10 and L11: Lower supervisory and technical occupations,60,85,-25
E01004135,L12: Semi-routine occupations,123,145,-22
E01004135,L13: Routine occupations,116,61,55
E01004135,L14.1 and L14.2: Never worked and long-term unemployed,94,45,49
E01004135,L15: Full-time students,80,98,-18
E01004135,"L4, L5 and L6: Lower managerial, administrative and professional occupations",236,238,-2
E01004135,L7: Intermediate occupations,170,191,-21
E01004135,L8 and L9: Small employers and own account workers,143,125,18
E01004136,"L1, L2 and L3: Higher managerial, administrative and professional occupations",135,91,44
E01004136,L10 and L11: Lower supervisory and technical occupations,74,94,-20
E01004136,L12: Semi-routine occupations,160,158,2
E01004136,L13: Routine occupations,108,104,4
E01004136,L14.1 and L14.2: Never worked and long-term unemployed,89,36,53
E01004136,L15: Full-time students,98,106,-8
E01004136,"L4, L5 and L6: Lower managerial, administrative and professional occupations",277,209,68
E01004136,L7: Intermediate occupations,186,221,-35
E01004136,L8 and L9: Small employers and own account workers,171,153,18
E01004137,"L1, L2 and L3: Higher managerial, administrative and professional occupations",472,189,283
E01004137,L10 and L11: Lower supervisory and technical occupations,70,56,14
E01004137,L12: Semi-routine occupations,141,101,40
E01004137,L13: Routine occupations,122,78,44
E01004137,L14.1 and L14.2: Never worked and long-term unemployed,97,45,52
E01004137,L15: Full-time students,97,50,47
E01004137,"L4, L5 and L6: Lower managerial, administrative and professional occupations",534,327,207
E01004137,L7: Intermediate occupations,270,202,68
E01004137,L8 and L9: Small employers and own account workers,228,108,120
E01004138,"L1, L2 and L3: Higher managerial, administrative and professional occupations",214,160,54
E01004138,L10 and L11: Lower supervisory and technical occupations,70,81,-11
E01004138,L12: Semi-routine occupations,134,147,-13
E01004138,L13: Routine occupations,121,81,40
E01004138,L14.1 and L14.2: Never worked and long-term unemployed,83,59,24
E01004138,L15: Full-time students,83,70,13
E01004138,"L4, L5 and L6: Lower managerial, administrative and professional occupations",342,285,57
E01004138,L7: Intermediate occupations,175,179,-4
E01004138,L8 and L9: Small employers and own account workers,169,133,36
E01004139,"L1, L2 and L3: Higher managerial, administrative and professional occupations",213,141,72
E01004139,L10 and L11: Lower supervisory and technical occupations,41,67,-26
E01004139,L12: Semi-routine occupations,117,90,27
E01004139,L13: Routine occupations,83,69,14
E01004139,L14.1 and L14.2: Never worked and long-term unemployed,88,49,39
E01004139,L15: Full-time students,65,66,-1
E01004139,"L4, L5 and L6: Lower managerial, administrative and professional occupations",292,260,32
E01004139,L7: Intermediate occupations,168,167,1
E01004139,L8 and L9: Small employers and own account workers,153,129,24
E01004140,"L1, L2 and L3: Higher managerial, administrative and professional occupations",115,80,35
E01004140,L10 and L11: Lower supervisory and technical occupations,114,100,14
E01004140,L12: Semi-routine occupations,204,173,31
E01004140,L13: Routine occupations,168,114,54
E01004140,L14.1 and L14.2: Never worked and long-term unemployed,164,99,65
E01004140,L15: Full-time students,112,87,25
E01004140,"L4, L5 and L6: Lower managerial, administrative and professional occupations",234,211,23
E01004140,L7: Intermediate occupations,149,142,7
E01004140,L8 and L9: Small employers and own account workers,184,124,60
E01004141,"L1, L2 and L3: Higher managerial, administrative and professional occupations",138,92,46
E01004141,L10 and L11: Lower supervisory and technical occupations,57,83,-26
E01004141,L12: Semi-routine occupations,173,162,11
E01004141,L13: Routine occupations,164,93,71
E01004141,L14.1 and L14.2: Never worked and long-term unemployed,123,66,57
E01004141,L15: Full-time students,116,93,23
E01004141,"L4, L5 and L6: Lower managerial, administrative and professional occupations",265,270,-5
E01004141,L7: Intermediate occupations,187,159,28
E01004141,L8 and L9: Small employers and own account workers,146,119,27
E01004143,"L1, L2 and L3: Higher managerial, administrative and professional occupations",172,131,41
E01004143,L10 and L11: Lower supervisory and technical occupations,59,72,-13
E01004143,L12: Semi-routine occupations,128,125,3
E01004143,L13: Routine occupations,113,70,43
E01004143,L14.1 and L14.2: Never worked and long-term unemployed,78,60,18
E01004143,L15: Full-time students,82,65,17
E01004143,"L4, L5 and L6: Lower managerial, administrative and professional occupations",294,267,27
E01004143,L7: Intermediate occupations,153,160,-7
E01004143,L8 and L9: Small employers and own account workers,133,124,9
E01004144,"L1, L2 and L3: Higher managerial, administrative and professional occupations",218,145,73
E01004144,L10 and L11: Lower supervisory and technical occupations,74,73,1
E01004144,L12: Semi-routine occupations,111,124,-13
E01004144,L13: Routine occupations,99,58,41
E01004144,L14.1 and L14.2: Never worked and long-term unemployed,102,62,40
E01004144,L15: Full-time students,86,98,-12
E01004144,"L4, L5 and L6: Lower managerial, administrative and professional occupations",351,293,58
E01004144,L7: Intermediate occupations,206,211,-5
E01004144,L8 and L9: Small employers and own account workers,190,132,58
E01004145,"L1, L2 and L3: Higher managerial, administrative and professional occupations",241,137,104
E01004145,L10 and L11: Lower supervisory and technical occupations,90,106,-16
E01004145,L12: Semi-routine occupations,190,187,3
E01004145,L13: Routine occupations,125,121,4
E01004145,L14.1 and L14.2: Never worked and long-term unemployed,148,71,77
E01004145,L15: Full-time students,150,136,14
E01004145,"L4, L5 and L6: Lower managerial, administrative and professional occupations",373,346,27
E01004145,L7: Intermediate occupations,218,279,-61
E01004145,L8 and L9: Small employers and own account workers,227,160,67
E01004146,"L1, L2 and L3: Higher managerial, administrative and professional occupations",206,118,88
E01004146,L10 and L11: Lower supervisory and technical occupations,67,77,-10
E01004146,L12: Semi-routine occupations,173,141,32
E01004146,L13: Routine occupations,147,98,49
E01004146,L14.1 and L14.2: Never worked and long-term unemployed,106,59,47
E01004146,L15: Full-time students,121,97,24
E01004146,"L4, L5 and L6: Lower managerial, administrative and professional occupations",355,273,82
E01004146,L7: Intermediate occupations,181,193,-12
E01004146,L8 and L9: Small employers and own account workers,199,128,71
E01004147,"L1, L2 and L3: Higher managerial, administrative and professional occupations",180,117,63
E01004147,L10 and L11: Lower supervisory and technical occupations,66,71,-5
E01004147,L12: Semi-routine occupations,145,137,8
E01004147,L13: Routine occupations,120,81,39
E01004147,L14.1 and L14.2: Never worked and long-term unemployed,110,52,58
E01004147,L15: Full-time students,78,90,-12
E01004147,"L4, L5 and L6: Lower managerial, administrative and professional occupations",272,273,-1
E01004147,L7: Intermediate occupations,209,209,0
E01004147,L8 and L9: Small employers and own account workers,132,97,35
E01004148,"L1, L2 and L3: Higher managerial, administrative and professional occupations",134,85,49
E01004148,L10 and L11: Lower supervisory and technical occupations,72,73,-1
E01004148,L12: Semi-routine occupations,166,186,-20
E01004148,L13: Routine occupations,146,93,53
E01004148,L14.1 and L14.2: Never worked and long-term unemployed,140,65,75
E01004148,L15: Full-time students,93,85,8
E01004148,"L4, L5 and L6: Lower managerial, administrative and professional occupations",260,246,14
E01004148,L7: Intermediate occupations,144,159,-15
E01004148,L8 and L9: Small employers and own account workers,168,108,60
E01004149,"L1, L2 and L3: Higher managerial, administrative and professional occupations",193,145,48
E01004149,L10 and L11: Lower supervisory and technical occupations,60,72,-12
E01004149,L12: Semi-routine occupations,153,153,0
E01004149,L13: Routine occupations,139,99,40
E01004149,L14.1 and L14.2: Never worked and long-term unemployed,117,60,57
E01004149,L15: Full-time students,76,65,11
E01004149,"L4, L5 and L6: Lower managerial, administrative and professional occupations",316,305,11
E01004149,L7: Intermediate occupations,215,196,19
E01004149,L8 and L9: Small employers and own account workers,214,146,68
E01004150,"L1, L2 and L3: Higher managerial, administrative and professional occupations",257,161,96
E01004150,L10 and L11: Lower supervisory and technical occupations,67,69,-2
E01004150,L12: Semi-routine occupations,173,138,35
E01004150,L13: Routine occupations,164,96,68
E01004150,L14.1 and L14.2: Never worked and long-term unemployed,160,55,105
E01004150,L15: Full-time students,75,56,19
E01004150,"L4, L5 and L6: Lower managerial, administrative and professional occupations",334,313,21
E01004150,L7: Intermediate occupations,230,167,63
E01004150,L8 and L9: Small employers and own account workers,186,82,104
E01004151,"L1, L2 and L3: Higher managerial, administrative and professional occupations",324,238,86
E01004151,L10 and L11: Lower supervisory and technical occupations,59,67,-8
E01004151,L12: Semi-routine occupations,149,126,23
E01004151,L13: Routine occupations,100,63,37
E01004151,L14.1 and L14.2: Never worked and long-term unemployed,169,71,98
E01004151,L15: Full-time students,63,68,-5
E01004151,"L4, L5 and L6: Lower managerial, administrative and professional occupations",373,375,-2
E01004151,L7: Intermediate occupations,183,179,4
E01004151,L8 and L9: Small employers and own account workers,167,126,41
E01004152,"L1, L2 and L3: Higher managerial, administrative and professional occupations",252,195,57
E01004152,L10 and L11: Lower supervisory and technical occupations,69,62,7
E01004152,L12: Semi-routine occupations,136,138,-2
E01004152,L13: Routine occupations,104,84,20
E01004152,L14.1 and L14.2: Never worked and long-term unemployed,140,53,87
E01004152,L15: Full-time students,60,58,2
E01004152,"L4, L5 and L6: Lower managerial, administrative and professional occupations",306,265,41
E01004152,L7: Intermediate occupations,197,180,17
E01004152,L8 and L9: Small employers and own account workers,175,102,73
E01004153,"L1, L2 and L3: Higher managerial, administrative and professional occupations",300,247,53
E01004153,L10 and L11: Lower supervisory and technical occupations,55,62,-7
E01004153,L12: Semi-routine occupations,127,128,-1
E01004153,L13: Routine occupations,113,67,46
E01004153,L14.1 and L14.2: Never worked and long-term unemployed,110,58,52
E01004153,L15: Full-time students,70,71,-1
E01004153,"L4, L5 and L6: Lower managerial, administrative and professional occupations",336,356,-20
E01004153,L7: Intermediate occupations,207,198,9
E01004153,L8 and L9: Small employers and own account workers,183,110,73
E01004154,"L1, L2 and L3: Higher managerial, administrative and professional occupations",330,223,107
E01004154,L10 and L11: Lower supervisory and technical occupations,29,42,-13
E01004154,L12: Semi-routine occupations,72,76,-4
E01004154,L13: Routine occupations,50,29,21
E01004154,L14.1 and L14.2: Never worked and long-term unemployed,62,28,34
E01004154,L15: Full-time students,57,82,-25
E01004154,"L4, L5 and L6: Lower managerial, administrative and professional occupations",308,331,-23
E01004154,L7: Intermediate occupations,155,152,3
E01004154,L8 and L9: Small employers and own account workers,124,93,31
E01004155,"L1, L2 and L3: Higher managerial, administrative and professional occupations",301,231,70
E01004155,L10 and L11: Lower supervisory and technical occupations,67,61,6
E01004155,L12: Semi-routine occupations,118,109,9
E01004155,L13: Routine occupations,109,77,32
E01004155,L14.1 and L14.2: Never worked and long-term unemployed,109,41,68
E01004155,L15: Full-time students,63,51,12
E01004155,"L4, L5 and L6: Lower managerial, administrative and professional occupations",367,359,8
E01004155,L7: Intermediate occupations,194,170,24
E01004155,L8 and L9: Small employers and own account workers,183,113,70
E01004156,"L1, L2 and L3: Higher managerial, administrative and professional occupations",313,230,83
E01004156,L10 and L11: Lower supervisory and technical occupations,60,70,-10
E01004156,L12: Semi-routine occupations,152,99,53
E01004156,L13: Routine occupations,102,67,35
E01004156,L14.1 and L14.2: Never worked and long-term unemployed,156,66,90
E01004156,L15: Full-time students,79,62,17
E01004156,"L4, L5 and L6: Lower managerial, administrative and professional occupations",390,366,24
E01004156,L7: Intermediate occupations,185,221,-36
E01004156,L8 and L9: Small employers and own account workers,192,114,78
E01004157,"L1, L2 and L3: Higher managerial, administrative and professional occupations",283,153,130
E01004157,L10 and L11: Lower supervisory and technical occupations,29,38,-9
E01004157,L12: Semi-routine occupations,64,74,-10
E01004157,L13: Routine occupations,30,27,3
E01004157,L14.1 and L14.2: Never worked and long-term unemployed,50,30,20
E01004157,L15: Full-time students,62,83,-21
E01004157,"L4, L5 and L6: Lower managerial, administrative and professional occupations",264,261,3
E01004157,L7: Intermediate occupations,136,155,-19
E01004157,L8 and L9: Small employers and own account workers,120,106,14
E01004158,"L1, L2 and L3: Higher managerial, administrative and professional occupations",283,199,84
E01004158,L10 and L11: Lower supervisory and technical occupations,55,43,12
E01004158,L12: Semi-routine occupations,115,91,24
E01004158,L13: Routine occupations,83,53,30
E01004158,L14.1 and L14.2: Never worked and long-term unemployed,91,42,49
E01004158,L15: Full-time students,72,70,2
E01004158,"L4, L5 and L6: Lower managerial, administrative and professional occupations",338,352,-14
E01004158,L7: Intermediate occupations,171,181,-10
E01004158,L8 and L9: Small employers and own account workers,139,93,46
E01004159,"L1, L2 and L3: Higher managerial, administrative and professional occupations",166,93,73
E01004159,L10 and L11: Lower supervisory and technical occupations,78,81,-3
E01004159,L12: Semi-routine occupations,145,146,-1
E01004159,L13: Routine occupations,118,98,20
E01004159,L14.1 and L14.2: Never worked and long-term unemployed,68,44,24
E01004159,L15: Full-time students,63,89,-26
E01004159,"L4, L5 and L6: Lower managerial, administrative and professional occupations",273,241,32
E01004159,L7: Intermediate occupations,186,189,-3
E01004159,L8 and L9: Small employers and own account workers,187,140,47
E01004160,"L1, L2 and L3: Higher managerial, administrative and professional occupations",252,157,95
E01004160,L10 and L11: Lower supervisory and technical occupations,42,65,-23
E01004160,L12: Semi-routine occupations,114,111,3
E01004160,L13: Routine occupations,95,72,23
E01004160,L14.1 and L14.2: Never worked and long-term unemployed,55,47,8
E01004160,L15: Full-time students,86,75,11
E01004160,"L4, L5 and L6: Lower managerial, administrative and professional occupations",309,317,-8
E01004160,L7: Intermediate occupations,168,197,-29
E01004160,L8 and L9: Small employers and own account workers,174,147,27
E01004161,"L1, L2 and L3: Higher managerial, administrative and professional occupations",194,143,51
E01004161,L10 and L11: Lower supervisory and technical occupations,56,65,-9
E01004161,L12: Semi-routine occupations,109,107,2
E01004161,L13: Routine occupations,87,65,22
E01004161,L14.1 and L14.2: Never worked and long-term unemployed,66,39,27
E01004161,L15: Full-time students,79,49,30
E01004161,"L4, L5 and L6: Lower managerial, administrative and professional occupations",273,288,-15
E01004161,L7: Intermediate occupations,192,183,9
E01004161,L8 and L9: Small employers and own account workers,142,137,5
E01004162,"L1, L2 and L3: Higher managerial, administrative and professional occupations",225,188,37
E01004162,L10 and L11: Lower supervisory and technical occupations,66,62,4
E01004162,L12: Semi-routine occupations,112,111,1
E01004162,L13: Routine occupations,121,69,52
E01004162,L14.1 and L14.2: Never worked and long-term unemployed,111,59,52
E01004162,L15: Full-time students,89,76,13
E01004162,"L4, L5 and L6: Lower managerial, administrative and professional occupations",302,318,-16
E01004162,L7: Intermediate occupations,160,193,-33
E01004162,L8 and L9: Small employers and own account workers,168,81,87
E01004163,"L1, L2 and L3: Higher managerial, administrative and professional occupations",156,81,75
E01004163,L10 and L11: Lower supervisory and technical occupations,80,89,-9
E01004163,L12: Semi-routine occupations,146,145,1
E01004163,L13: Routine occupations,127,118,9
E01004163,L14.1 and L14.2: Never worked and long-term unemployed,83,42,41
E01004163,L15: Full-time students,71,80,-9
E01004163,"L4, L5 and L6: Lower managerial, administrative and professional occupations",310,226,84
E01004163,L7: Intermediate occupations,196,217,-21
E01004163,L8 and L9: Small employers and own account workers,206,149,57
E01004164,"L1, L2 and L3: Higher managerial, administrative and professional occupations",184,119,65
E01004164,L10 and L11: Lower supervisory and technical occupations,58,73,-15
E01004164,L12: Semi-routine occupations,103,155,-52
E01004164,L13: Routine occupations,95,90,5
E01004164,L14.1 and L14.2: Never worked and long-term unemployed,72,43,29
E01004164,L15: Full-time students,56,61,-5
E01004164,"L4, L5 and L6: Lower managerial, administrative and professional occupations",307,246,61
E01004164,L7: Intermediate occupations,185,229,-44
E01004164,L8 and L9: Small employers and own account workers,136,120,16
E01004165,"L1, L2 and L3: Higher managerial, administrative and professional occupations",187,113,74
E01004165,L10 and L11: Lower supervisory and technical occupations,70,96,-26
E01004165,L12: Semi-routine occupations,139,154,-15
E01004165,L13: Routine occupations,140,112,28
E01004165,L14.1 and L14.2: Never worked and long-term unemployed,110,67,43
E01004165,L15: Full-time students,97,90,7
E01004165,"L4, L5 and L6: Lower managerial, administrative and professional occupations",333,262,71
E01004165,L7: Intermediate occupations,171,218,-47
E01004165,L8 and L9: Small employers and own account workers,163,144,19
E01004166,"L1, L2 and L3: Higher managerial, administrative and professional occupations",211,111,100
E01004166,L10 and L11: Lower supervisory and technical occupations,57,66,-9
E01004166,L12: Semi-routine occupations,119,103,16
E01004166,L13: Routine occupations,69,70,-1
E01004166,L14.1 and L14.2: Never worked and long-term unemployed,75,42,33
E01004166,L15: Full-time students,50,78,-28
E01004166,"L4, L5 and L6: Lower managerial, administrative and professional occupations",331,324,7
E01004166,L7: Intermediate occupations,218,185,33
E01004166,L8 and L9: Small employers and own account workers,129,102,27
E01004167,"L1, L2 and L3: Higher managerial, administrative and professional occupations",122,66,56
E01004167,L10 and L11: Lower supervisory and technical occupations,69,55,14
E01004167,L12: Semi-routine occupations,147,128,19
E01004167,L13: Routine occupations,153,121,32
E01004167,L14.1 and L14.2: Never worked and long-term unemployed,120,56,64
E01004167,L15: Full-time students,133,92,41
E01004167,"L4, L5 and L6: Lower managerial, administrative and professional occupations",194,167,27
E01004167,L7: Intermediate occupations,148,156,-8
E01004167,L8 and L9: Small employers and own account workers,152,106,46
E01004168,"L1, L2 and L3: Higher managerial, administrative and professional occupations",162,76,86
E01004168,L10 and L11: Lower supervisory and technical occupations,75,77,-2
E01004168,L12: Semi-routine occupations,118,163,-45
E01004168,L13: Routine occupations,118,91,27
E01004168,L14.1 and L14.2: Never worked and long-term unemployed,72,29,43
E01004168,L15: Full-time students,71,98,-27
E01004168,"L4, L5 and L6: Lower managerial, administrative and professional occupations",301,247,54
E01004168,L7: Intermediate occupations,215,236,-21
E01004168,L8 and L9: Small employers and own account workers,149,150,-1
E01004169,"L1, L2 and L3: Higher managerial, administrative and professional occupations",174,65,109
E01004169,L10 and L11: Lower supervisory and technical occupations,71,54,17
E01004169,L12: Semi-routine occupations,123,111,12
E01004169,L13: Routine occupations,124,69,55
E01004169,L14.1 and L14.2: Never worked and long-term unemployed,87,57,30
E01004169,L15: Full-time students,81,56,25
E01004169,"L4, L5 and L6: Lower managerial, administrative and professional occupations",304,183,121
E01004169,L7: Intermediate occupations,171,143,28
E01004169,L8 and L9: Small employers and own account workers,141,82,59
E01004170,"L1, L2 and L3: Higher managerial, administrative and professional occupations",301,170,131
E01004170,L10 and L11: Lower supervisory and technical occupations,73,65,8
E01004170,L12: Semi-routine occupations,157,134,23
E01004170,L13: Routine occupations,129,80,49
E01004170,L14.1 and L14.2: Never worked and long-term unemployed,82,54,28
E01004170,L15: Full-time students,99,92,7
E01004170,"L4, L5 and L6: Lower managerial, administrative and professional occupations",463,357,106
E01004170,L7: Intermediate occupations,226,257,-31
E01004170,L8 and L9: Small employers and own account workers,185,127,58
E01004171,"L1, L2 and L3: Higher managerial, administrative and professional occupations",214,104,110
E01004171,L10 and L11: Lower supervisory and technical occupations,70,72,-2
E01004171,L12: Semi-routine occupations,115,111,4
E01004171,L13: Routine occupations,94,52,42
E01004171,L14.1 and L14.2: Never worked and long-term unemployed,85,33,52
E01004171,L15: Full-time students,69,89,-20
E01004171,"L4, L5 and L6: Lower managerial, administrative and professional occupations",301,264,37
E01004171,L7: Intermediate occupations,169,204,-35
E01004171,L8 and L9: Small employers and own account workers,142,135,7
E01004172,"L1, L2 and L3: Higher managerial, administrative and professional occupations",168,115,53
E01004172,L10 and L11: Lower supervisory and technical occupations,76,73,3
E01004172,L12: Semi-routine occupations,160,141,19
E01004172,L13: Routine occupations,125,101,24
E01004172,L14.1 and L14.2: Never worked and long-term unemployed,109,61,48
E01004172,L15: Full-time students,95,68,27
E01004172,"L4, L5 and L6: Lower managerial, administrative and professional occupations",311,276,35
E01004172,L7: Intermediate occupations,202,239,-37
E01004172,L8 and L9: Small employers and own account workers,201,98,103
E01004173,"L1, L2 and L3: Higher managerial, administrative and professional occupations",171,96,75
E01004173,L10 and L11: Lower supervisory and technical occupations,53,51,2
E01004173,L12: Semi-routine occupations,129,121,8
E01004173,L13: Routine occupations,89,80,9
E01004173,L14.1 and L14.2: Never worked and long-term unemployed,90,46,44
E01004173,L15: Full-time students,98,69,29
E01004173,"L4, L5 and L6: Lower managerial, administrative and professional occupations",255,266,-11
E01004173,L7: Intermediate occupations,146,179,-33
E01004173,L8 and L9: Small employers and own account workers,105,107,-2
E01004174,"L1, L2 and L3: Higher managerial, administrative and professional occupations",201,121,80
E01004174,L10 and L11: Lower supervisory and technical occupations,59,68,-9
E01004174,L12: Semi-routine occupations,121,109,12
E01004174,L13: Routine occupations,82,61,21
E01004174,L14.1 and L14.2: Never worked and long-term unemployed,80,35,45
E01004174,L15: Full-time students,95,74,21
E01004174,"L4, L5 and L6: Lower managerial, administrative and professional occupations",331,295,36
E01004174,L7: Intermediate occupations,164,191,-27
E01004174,L8 and L9: Small employers and own account workers,130,106,24
E01004175,"L1, L2 and L3: Higher managerial, administrative and professional occupations",185,107,78
E01004175,L10 and L11: Lower supervisory and technical occupations,72,78,-6
E01004175,L12: Semi-routine occupations,113,162,-49
E01004175,L13: Routine occupations,133,82,51
E01004175,L14.1 and L14.2: Never worked and long-term unemployed,85,49,36
E01004175,L15: Full-time students,83,83,0
E01004175,"L4, L5 and L6: Lower managerial, administrative and professional occupations",336,285,51
E01004175,L7: Intermediate occupations,233,227,6
E01004175,L8 and L9: Small employers and own account workers,162,119,43
E01004176,"L1, L2 and L3: Higher managerial, administrative and professional occupations",188,139,49
E01004176,L10 and L11: Lower supervisory and technical occupations,68,67,1
E01004176,L12: Semi-routine occupations,107,115,-8
E01004176,L13: Routine occupations,87,73,14
E01004176,L14.1 and L14.2: Never worked and long-term unemployed,62,42,20
E01004176,L15: Full-time students,70,69,1
E01004176,"L4, L5 and L6: Lower managerial, administrative and professional occupations",312,263,49
E01004176,L7: Intermediate occupations,166,204,-38
E01004176,L8 and L9: Small employers and own account workers,140,101,39
E01004177,"L1, L2 and L3: Higher managerial, administrative and professional occupations",175,111,64
E01004177,L10 and L11: Lower supervisory and technical occupations,60,73,-13
E01004177,L12: Semi-routine occupations,159,149,10
E01004177,L13: Routine occupations,138,78,60
E01004177,L14.1 and L14.2: Never worked and long-term unemployed,155,83,72
E01004177,L15: Full-time students,76,68,8
E01004177,"L4, L5 and L6: Lower managerial, administrative and professional occupations",328,264,64
E01004177,L7: Intermediate occupations,236,172,64
E01004177,L8 and L9: Small employers and own account workers,143,125,18
E01004178,"L1, L2 and L3: Higher managerial, administrative and professional occupations",216,161,55
E01004178,L10 and L11: Lower supervisory and technical occupations,102,112,-10
E01004178,L12: Semi-routine occupations,187,183,4
E01004178,L13: Routine occupations,166,100,66
E01004178,L14.1 and L14.2: Never worked and long-term unemployed,175,80,95
E01004178,L15: Full-time students,108,89,19
E01004178,"L4, L5 and L6: Lower managerial, administrative and professional occupations",443,369,74
E01004178,L7: Intermediate occupations,242,252,-10
E01004178,L8 and L9: Small employers and own account workers,188,151,37
E01004179,"L1, L2 and L3: Higher managerial, administrative and professional occupations",286,175,111
E01004179,L10 and L11: Lower supervisory and technical occupations,48,45,3
E01004179,L12: Semi-routine occupations,86,114,-28
E01004179,L13: Routine occupations,76,66,10
E01004179,L14.1 and L14.2: Never worked and long-term unemployed,63,33,30
E01004179,L15: Full-time students,70,87,-17
E01004179,"L4, L5 and L6: Lower managerial, administrative and professional occupations",341,322,19
E01004179,L7: Intermediate occupations,175,182,-7
E01004179,L8 and L9: Small employers and own account workers,151,140,11
E01004180,"L1, L2 and L3: Higher managerial, administrative and professional occupations",346,206,140
E01004180,L10 and L11: Lower supervisory and technical occupations,27,50,-23
E01004180,L12: Semi-routine occupations,82,97,-15
E01004180,L13: Routine occupations,57,45,12
E01004180,L14.1 and L14.2: Never worked and long-term unemployed,104,50,54
E01004180,L15: Full-time students,98,115,-17
E01004180,"L4, L5 and L6: Lower managerial, administrative and professional occupations",358,327,31
E01004180,L7: Intermediate occupations,202,206,-4
E01004180,L8 and L9: Small employers and own account workers,193,152,41
E01004181,"L1, L2 and L3: Higher managerial, administrative and professional occupations",205,168,37
E01004181,L10 and L11: Lower supervisory and technical occupations,60,68,-8
E01004181,L12: Semi-routine occupations,165,128,37
E01004181,L13: Routine occupations,120,83,37
E01004181,L14.1 and L14.2: Never worked and long-term unemployed,120,69,51
E01004181,L15: Full-time students,78,59,19
E01004181,"L4, L5 and L6: Lower managerial, administrative and professional occupations",340,324,16
E01004181,L7: Intermediate occupations,185,213,-28
E01004181,L8 and L9: Small employers and own account workers,132,122,10
E01004182,"L1, L2 and L3: Higher managerial, administrative and professional occupations",146,91,55
E01004182,L10 and L11: Lower supervisory and technical occupations,55,75,-20
E01004182,L12: Semi-routine occupations,146,143,3
E01004182,L13: Routine occupations,141,98,43
E01004182,L14.1 and L14.2: Never worked and long-term unemployed,135,75,60
E01004182,L15: Full-time students,106,88,18
E01004182,"L4, L5 and L6: Lower managerial, administrative and professional occupations",250,225,25
E01004182,L7: Intermediate occupations,194,187,7
E01004182,L8 and L9: Small employers and own account workers,146,95,51
E01004183,"L1, L2 and L3: Higher managerial, administrative and professional occupations",85,54,31
E01004183,L10 and L11: Lower supervisory and technical occupations,83,121,-38
E01004183,L12: Semi-routine occupations,205,209,-4
E01004183,L13: Routine occupations,188,162,26
E01004183,L14.1 and L14.2: Never worked and long-term unemployed,120,83,37
E01004183,L15: Full-time students,103,124,-21
E01004183,"L4, L5 and L6: Lower managerial, administrative and professional occupations",250,207,43
E01004183,L7: Intermediate occupations,166,150,16
E01004183,L8 and L9: Small employers and own account workers,172,113,59
E01004184,"L1, L2 and L3: Higher managerial, administrative and professional occupations",85,52,33
E01004184,L10 and L11: Lower supervisory and technical occupations,78,92,-14
E01004184,L12: Semi-routine occupations,160,165,-5
E01004184,L13: Routine occupations,160,141,19
E01004184,L14.1 and L14.2: Never worked and long-term unemployed,126,87,39
E01004184,L15: Full-time students,90,100,-10
E01004184,"L4, L5 and L6: Lower managerial, administrative and professional occupations",198,177,21
E01004184,L7: Intermediate occupations,171,158,13
E01004184,L8 and L9: Small employers and own account workers,158,99,59
E01004185,"L1, L2 and L3: Higher managerial, administrative and professional occupations",208,60,148
E01004185,L10 and L11: Lower supervisory and technical occupations,66,72,-6
E01004185,L12: Semi-routine occupations,184,166,18
E01004185,L13: Routine occupations,172,122,50
E01004185,L14.1 and L14.2: Never worked and long-term unemployed,154,106,48
E01004185,L15: Full-time students,144,109,35
E01004185,"L4, L5 and L6: Lower managerial, administrative and professional occupations",310,168,142
E01004185,L7: Intermediate occupations,173,150,23
E01004185,L8 and L9: Small employers and own account workers,172,94,78
E01004186,"L1, L2 and L3: Higher managerial, administrative and professional occupations",178,146,32
E01004186,L10 and L11: Lower supervisory and technical occupations,68,93,-25
E01004186,L12: Semi-routine occupations,136,171,-35
E01004186,L13: Routine occupations,131,98,33
E01004186,L14.1 and L14.2: Never worked and long-term unemployed,92,58,34
E01004186,L15: Full-time students,71,82,-11
E01004186,"L4, L5 and L6: Lower managerial, administrative and professional occupations",317,292,25
E01004186,L7: Intermediate occupations,189,263,-74
E01004186,L8 and L9: Small employers and own account workers,169,122,47
E01004187,"L1, L2 and L3: Higher managerial, administrative and professional occupations",112,54,58
E01004187,L10 and L11: Lower supervisory and technical occupations,63,73,-10
E01004187,L12: Semi-routine occupations,165,156,9
E01004187,L13: Routine occupations,158,128,30
E01004187,L14.1 and L14.2: Never worked and long-term unemployed,102,51,51
E01004187,L15: Full-time students,90,91,-1
E01004187,"L4, L5 and L6: Lower managerial, administrative and professional occupations",265,225,40
E01004187,L7: Intermediate occupations,191,196,-5
E01004187,L8 and L9: Small employers and own account workers,182,150,32
E01004189,"L1, L2 and L3: Higher managerial, administrative and professional occupations",98,64,34
E01004189,L10 and L11: Lower supervisory and technical occupations,99,110,-11
E01004189,L12: Semi-routine occupations,217,211,6
E01004189,L13: Routine occupations,208,171,37
E01004189,L14.1 and L14.2: Never worked and long-term unemployed,210,98,112
E01004189,L15: Full-time students,107,99,8
E01004189,"L4, L5 and L6: Lower managerial, administrative and professional occupations",283,231,52
E01004189,L7: Intermediate occupations,198,205,-7
E01004189,L8 and L9: Small employers and own account workers,208,124,84
E01004190,"L1, L2 and L3: Higher managerial, administrative and professional occupations",238,137,101
E01004190,L10 and L11: Lower supervisory and technical occupations,44,56,-12
E01004190,L12: Semi-routine occupations,101,113,-12
E01004190,L13: Routine occupations,59,47,12
E01004190,L14.1 and L14.2: Never worked and long-term unemployed,64,26,38
E01004190,L15: Full-time students,63,101,-38
E01004190,"L4, L5 and L6: Lower managerial, administrative and professional occupations",276,254,22
E01004190,L7: Intermediate occupations,161,180,-19
E01004190,L8 and L9: Small employers and own account workers,135,124,11
E01004191,"L1, L2 and L3: Higher managerial, administrative and professional occupations",232,110,122
E01004191,L10 and L11: Lower supervisory and technical occupations,74,81,-7
E01004191,L12: Semi-routine occupations,129,140,-11
E01004191,L13: Routine occupations,118,94,24
E01004191,L14.1 and L14.2: Never worked and long-term unemployed,109,46,63
E01004191,L15: Full-time students,102,74,28
E01004191,"L4, L5 and L6: Lower managerial, administrative and professional occupations",302,271,31
E01004191,L7: Intermediate occupations,205,221,-16
E01004191,L8 and L9: Small employers and own account workers,210,145,65
E01004192,"L1, L2 and L3: Higher managerial, administrative and professional occupations",283,198,85
E01004192,L10 and L11: Lower supervisory and technical occupations,52,82,-30
E01004192,L12: Semi-routine occupations,114,128,-14
E01004192,L13: Routine occupations,102,108,-6
E01004192,L14.1 and L14.2: Never worked and long-term unemployed,100,58,42
E01004192,L15: Full-time students,93,87,6
E01004192,"L4, L5 and L6: Lower managerial, administrative and professional occupations",353,396,-43
E01004192,L7: Intermediate occupations,178,229,-51
E01004192,L8 and L9: Small employers and own account workers,188,155,33
E01004193,"L1, L2 and L3: Higher managerial, administrative and professional occupations",426,260,166
E01004193,L10 and L11: Lower supervisory and technical occupations,86,106,-20
E01004193,L12: Semi-routine occupations,164,178,-14
E01004193,L13: Routine occupations,160,99,61
E01004193,L14.1 and L14.2: Never worked and long-term unemployed,146,59,87
E01004193,L15: Full-time students,143,80,63
E01004193,"L4, L5 and L6: Lower managerial, administrative and professional occupations",487,431,56
E01004193,L7: Intermediate occupations,257,256,1
E01004193,L8 and L9: Small employers and own account workers,229,156,73
E01004194,"L1, L2 and L3: Higher managerial, administrative and professional occupations",185,118,67
E01004194,L10 and L11: Lower supervisory and technical occupations,68,79,-11
E01004194,L12: Semi-routine occupations,141,116,25
E01004194,L13: Routine occupations,105,64,41
E01004194,L14.1 and L14.2: Never worked and long-term unemployed,96,29,67
E01004194,L15: Full-time students,59,46,13
E01004194,"L4, L5 and L6: Lower managerial, administrative and professional occupations",259,244,15
E01004194,L7: Intermediate occupations,194,194,0
E01004194,L8 and L9: Small employers and own account workers,151,105,46
E01004195,"L1, L2 and L3: Higher managerial, administrative and professional occupations",225,129,96
E01004195,L10 and L11: Lower supervisory and technical occupations,68,84,-16
E01004195,L12: Semi-routine occupations,119,127,-8
E01004195,L13: Routine occupations,117,85,32
E01004195,L14.1 and L14.2: Never worked and long-term unemployed,98,54,44
E01004195,L15: Full-time students,78,90,-12
E01004195,"L4, L5 and L6: Lower managerial, administrative and professional occupations",307,309,-2
E01004195,L7: Intermediate occupations,150,174,-24
E01004195,L8 and L9: Small employers and own account workers,186,140,46
E01004196,"L1, L2 and L3: Higher managerial, administrative and professional occupations",241,107,134
E01004196,L10 and L11: Lower supervisory and technical occupations,49,68,-19
E01004196,L12: Semi-routine occupations,121,123,-2
E01004196,L13: Routine occupations,81,58,23
E01004196,L14.1 and L14.2: Never worked and long-term unemployed,69,46,23
E01004196,L15: Full-time students,66,75,-9
E01004196,"L4, L5 and L6: Lower managerial, administrative and professional occupations",303,280,23
E01004196,L7: Intermediate occupations,171,190,-19
E01004196,L8 and L9: Small employers and own account workers,154,129,25
E01004198,"L1, L2 and L3: Higher managerial, administrative and professional occupations",127,81,46
E01004198,L10 and L11: Lower supervisory and technical occupations,53,72,-19
E01004198,L12: Semi-routine occupations,121,139,-18
E01004198,L13: Routine occupations,140,108,32
E01004198,L14.1 and L14.2: Never worked and long-term unemployed,239,208,31
E01004198,L15: Full-time students,116,130,-14
E01004198,"L4, L5 and L6: Lower managerial, administrative and professional occupations",181,229,-48
E01004198,L7: Intermediate occupations,138,119,19
E01004198,L8 and L9: Small employers and own account workers,103,73,30
E01004199,"L1, L2 and L3: Higher managerial, administrative and professional occupations",136,53,83
E01004199,L10 and L11: Lower supervisory and technical occupations,49,71,-22
E01004199,L12: Semi-routine occupations,135,126,9
E01004199,L13: Routine occupations,129,112,17
E01004199,L14.1 and L14.2: Never worked and long-term unemployed,291,235,56
E01004199,L15: Full-time students,161,148,13
E01004199,"L4, L5 and L6: Lower managerial, administrative and professional occupations",211,185,26
E01004199,L7: Intermediate occupations,114,104,10
E01004199,L8 and L9: Small employers and own account workers,106,73,33
E01004200,"L1, L2 and L3: Higher managerial, administrative and professional occupations",345,186,159
E01004200,L10 and L11: Lower supervisory and technical occupations,21,42,-21
E01004200,L12: Semi-routine occupations,54,95,-41
E01004200,L13: Routine occupations,54,58,-4
E01004200,L14.1 and L14.2: Never worked and long-term unemployed,111,91,20
E01004200,L15: Full-time students,294,377,-83
E01004200,"L4, L5 and L6: Lower managerial, administrative and professional occupations",324,345,-21
E01004200,L7: Intermediate occupations,70,110,-40
E01004200,L8 and L9: Small employers and own account workers,86,76,10
E01004201,"L1, L2 and L3: Higher managerial, administrative and professional occupations",245,142,103
E01004201,L10 and L11: Lower supervisory and technical occupations,58,48,10
E01004201,L12: Semi-routine occupations,118,130,-12
E01004201,L13: Routine occupations,112,72,40
E01004201,L14.1 and L14.2: Never worked and long-term unemployed,166,148,18
E01004201,L15: Full-time students,120,139,-19
E01004201,"L4, L5 and L6: Lower managerial, administrative and professional occupations",324,295,29
E01004201,L7: Intermediate occupations,123,131,-8
E01004201,L8 and L9: Small employers and own account workers,119,79,40
E01004202,"L1, L2 and L3: Higher managerial, administrative and professional occupations",361,217,144
E01004202,L10 and L11: Lower supervisory and technical occupations,38,45,-7
E01004202,L12: Semi-routine occupations,131,101,30
E01004202,L13: Routine occupations,101,81,20
E01004202,L14.1 and L14.2: Never worked and long-term unemployed,188,179,9
E01004202,L15: Full-time students,143,157,-14
E01004202,"L4, L5 and L6: Lower managerial, administrative and professional occupations",440,395,45
E01004202,L7: Intermediate occupations,109,124,-15
E01004202,L8 and L9: Small employers and own account workers,138,107,31
E01004203,"L1, L2 and L3: Higher managerial, administrative and professional occupations",265,177,88
E01004203,L10 and L11: Lower supervisory and technical occupations,62,83,-21
E01004203,L12: Semi-routine occupations,124,136,-12
E01004203,L13: Routine occupations,145,110,35
E01004203,L14.1 and L14.2: Never worked and long-term unemployed,212,137,75
E01004203,L15: Full-time students,170,179,-9
E01004203,"L4, L5 and L6: Lower managerial, administrative and professional occupations",303,366,-63
E01004203,L7: Intermediate occupations,120,157,-37
E01004203,L8 and L9: Small employers and own account workers,143,79,64
E01004204,"L1, L2 and L3: Higher managerial, administrative and professional occupations",190,81,109
E01004204,L10 and L11: Lower supervisory and technical occupations,44,65,-21
E01004204,L12: Semi-routine occupations,146,125,21
E01004204,L13: Routine occupations,152,111,41
E01004204,L14.1 and L14.2: Never worked and long-term unemployed,253,227,26
E01004204,L15: Full-time students,150,164,-14
E01004204,"L4, L5 and L6: Lower managerial, administrative and professional occupations",290,193,97
E01004204,L7: Intermediate occupations,168,102,66
E01004204,L8 and L9: Small employers and own account workers,146,77,69
E01004205,"L1, L2 and L3: Higher managerial, administrative and professional occupations",218,69,149
E01004205,L10 and L11: Lower supervisory and technical occupations,58,78,-20
E01004205,L12: Semi-routine occupations,169,195,-26
E01004205,L13: Routine occupations,163,120,43
E01004205,L14.1 and L14.2: Never worked and long-term unemployed,354,368,-14
E01004205,L15: Full-time students,220,278,-58
E01004205,"L4, L5 and L6: Lower managerial, administrative and professional occupations",273,217,56
E01004205,L7: Intermediate occupations,143,131,12
E01004205,L8 and L9: Small employers and own account workers,114,85,29
E01004206,"L1, L2 and L3: Higher managerial, administrative and professional occupations",82,52,30
E01004206,L10 and L11: Lower supervisory and technical occupations,57,71,-14
E01004206,L12: Semi-routine occupations,125,123,2
E01004206,L13: Routine occupations,143,109,34
E01004206,L14.1 and L14.2: Never worked and long-term unemployed,302,236,66
E01004206,L15: Full-time students,142,220,-78
E01004206,"L4, L5 and L6: Lower managerial, administrative and professional occupations",150,150,0
E01004206,L7: Intermediate occupations,95,110,-15
E01004206,L8 and L9: Small employers and own account workers,95,60,35
E01004207,"L1, L2 and L3: Higher managerial, administrative and professional occupations",167,72,95
E01004207,L10 and L11: Lower supervisory and technical occupations,35,66,-31
E01004207,L12: Semi-routine occupations,109,111,-2
E01004207,L13: Routine occupations,101,83,18
E01004207,L14.1 and L14.2: Never worked and long-term unemployed,168,146,22
E01004207,L15: Full-time students,174,286,-112
E01004207,"L4, L5 and L6: Lower managerial, administrative and professional occupations",221,177,44
E01004207,L7: Intermediate occupations,93,93,0
E01004207,L8 and L9: Small employers and own account workers,82,66,16
E01004208,"L1, L2 and L3: Higher managerial, administrative and professional occupations",347,270,77
E01004208,L10 and L11: Lower supervisory and technical occupations,76,72,4
E01004208,L12: Semi-routine occupations,111,95,16
E01004208,L13: Routine occupations,102,67,35
E01004208,L14.1 and L14.2: Never worked and long-term unemployed,170,157,13
E01004208,L15: Full-time students,311,399,-88
E01004208,"L4, L5 and L6: Lower managerial, administrative and professional occupations",358,421,-63
E01004208,L7: Intermediate occupations,113,140,-27
E01004208,L8 and L9: Small employers and own account workers,139,100,39
E01004209,"L1, L2 and L3: Higher managerial, administrative and professional occupations",92,44,48
E01004209,L10 and L11: Lower supervisory and technical occupations,56,72,-16
E01004209,L12: Semi-routine occupations,118,115,3
E01004209,L13: Routine occupations,86,76,10
E01004209,L14.1 and L14.2: Never worked and long-term unemployed,227,224,3
E01004209,L15: Full-time students,146,129,17
E01004209,"L4, L5 and L6: Lower managerial, administrative and professional occupations",134,154,-20
E01004209,L7: Intermediate occupations,85,93,-8
E01004209,L8 and L9: Small employers and own account workers,71,44,27
E01004211,"L1, L2 and L3: Higher managerial, administrative and professional occupations",329,200,129
E01004211,L10 and L11: Lower supervisory and technical occupations,35,42,-7
E01004211,L12: Semi-routine occupations,89,94,-5
E01004211,L13: Routine occupations,83,55,28
E01004211,L14.1 and L14.2: Never worked and long-term unemployed,164,133,31
E01004211,L15: Full-time students,136,165,-29
E01004211,"L4, L5 and L6: Lower managerial, administrative and professional occupations",352,399,-47
E01004211,L7: Intermediate occupations,118,127,-9
E01004211,L8 and L9: Small employers and own account workers,101,92,9
E01004212,"L1, L2 and L3: Higher managerial, administrative and professional occupations",366,136,230
E01004212,L10 and L11: Lower supervisory and technical occupations,68,62,6
E01004212,L12: Semi-routine occupations,144,110,34
E01004212,L13: Routine occupations,93,76,17
E01004212,L14.1 and L14.2: Never worked and long-term unemployed,215,164,51
E01004212,L15: Full-time students,419,460,-41
E01004212,"L4, L5 and L6: Lower managerial, administrative and professional occupations",305,248,57
E01004212,L7: Intermediate occupations,120,107,13
E01004212,L8 and L9: Small employers and own account workers,131,88,43
E01004214,"L1, L2 and L3: Higher managerial, administrative and professional occupations",129,61,68
E01004214,L10 and L11: Lower supervisory and technical occupations,64,76,-12
E01004214,L12: Semi-routine occupations,137,150,-13
E01004214,L13: Routine occupations,133,136,-3
E01004214,L14.1 and L14.2: Never worked and long-term unemployed,243,218,25
E01004214,L15: Full-time students,129,149,-20
E01004214,"L4, L5 and L6: Lower managerial, administrative and professional occupations",165,162,3
E01004214,L7: Intermediate occupations,124,121,3
E01004214,L8 and L9: Small employers and own account workers,115,90,25
E01004216,"L1, L2 and L3: Higher managerial, administrative and professional occupations",381,291,90
E01004216,L10 and L11: Lower supervisory and technical occupations,55,70,-15
E01004216,L12: Semi-routine occupations,90,78,12
E01004216,L13: Routine occupations,92,58,34
E01004216,L14.1 and L14.2: Never worked and long-term unemployed,146,91,55
E01004216,L15: Full-time students,138,163,-25
E01004216,"L4, L5 and L6: Lower managerial, administrative and professional occupations",276,332,-56
E01004216,L7: Intermediate occupations,128,140,-12
E01004216,L8 and L9: Small employers and own account workers,140,86,54
E01004217,"L1, L2 and L3: Higher managerial, administrative and professional occupations",350,215,135
E01004217,L10 and L11: Lower supervisory and technical occupations,58,94,-36
E01004217,L12: Semi-routine occupations,141,128,13
E01004217,L13: Routine occupations,135,98,37
E01004217,L14.1 and L14.2: Never worked and long-term unemployed,192,147,45
E01004217,L15: Full-time students,168,109,59
E01004217,"L4, L5 and L6: Lower managerial, administrative and professional occupations",320,281,39
E01004217,L7: Intermediate occupations,152,184,-32
E01004217,L8 and L9: Small employers and own account workers,163,91,72
E01004218,"L1, L2 and L3: Higher managerial, administrative and professional occupations",437,308,129
E01004218,L10 and L11: Lower supervisory and technical occupations,44,58,-14
E01004218,L12: Semi-routine occupations,118,105,13
E01004218,L13: Routine occupations,116,76,40
E01004218,L14.1 and L14.2: Never worked and long-term unemployed,173,101,72
E01004218,L15: Full-time students,138,165,-27
E01004218,"L4, L5 and L6: Lower managerial, administrative and professional occupations",319,344,-25
E01004218,L7: Intermediate occupations,143,166,-23
E01004218,L8 and L9: Small employers and own account workers,125,101,24
E01004219,"L1, L2 and L3: Higher managerial, administrative and professional occupations",492,240,252
E01004219,L10 and L11: Lower supervisory and technical occupations,80,91,-11
E01004219,L12: Semi-routine occupations,166,180,-14
E01004219,L13: Routine occupations,138,110,28
E01004219,L14.1 and L14.2: Never worked and long-term unemployed,308,293,15
E01004219,L15: Full-time students,252,223,29
E01004219,"L4, L5 and L6: Lower managerial, administrative and professional occupations",368,329,39
E01004219,L7: Intermediate occupations,168,161,7
E01004219,L8 and L9: Small employers and own account workers,114,95,19
E01004221,"L1, L2 and L3: Higher managerial, administrative and professional occupations",404,330,74
E01004221,L10 and L11: Lower supervisory and technical occupations,66,67,-1
E01004221,L12: Semi-routine occupations,121,101,20
E01004221,L13: Routine occupations,109,71,38
E01004221,L14.1 and L14.2: Never worked and long-term unemployed,193,141,52
E01004221,L15: Full-time students,176,158,18
E01004221,"L4, L5 and L6: Lower managerial, administrative and professional occupations",299,405,-106
E01004221,L7: Intermediate occupations,128,170,-42
E01004221,L8 and L9: Small employers and own account workers,128,94,34
E01004222,"L1, L2 and L3: Higher managerial, administrative and professional occupations",261,132,129
E01004222,L10 and L11: Lower supervisory and technical occupations,90,116,-26
E01004222,L12: Semi-routine occupations,224,207,17
E01004222,L13: Routine occupations,257,190,67
E01004222,L14.1 and L14.2: Never worked and long-term unemployed,406,296,110
E01004222,L15: Full-time students,233,216,17
E01004222,"L4, L5 and L6: Lower managerial, administrative and professional occupations",401,321,80
E01004222,L7: Intermediate occupations,195,187,8
E01004222,L8 and L9: Small employers and own account workers,176,132,44
E01004223,"L1, L2 and L3: Higher managerial, administrative and professional occupations",194,137,57
E01004223,L10 and L11: Lower supervisory and technical occupations,82,86,-4
E01004223,L12: Semi-routine occupations,179,210,-31
E01004223,L13: Routine occupations,174,137,37
E01004223,L14.1 and L14.2: Never worked and long-term unemployed,285,187,98
E01004223,L15: Full-time students,147,145,2
E01004223,"L4, L5 and L6: Lower managerial, administrative and professional occupations",365,346,19
E01004223,L7: Intermediate occupations,166,168,-2
E01004223,L8 and L9: Small employers and own account workers,160,121,39
E01004226,"L1, L2 and L3: Higher managerial, administrative and professional occupations",304,103,201
E01004226,L10 and L11: Lower supervisory and technical occupations,76,81,-5
E01004226,L12: Semi-routine occupations,146,153,-7
E01004226,L13: Routine occupations,162,134,28
E01004226,L14.1 and L14.2: Never worked and long-term unemployed,227,171,56
E01004226,L15: Full-time students,245,183,62
E01004226,"L4, L5 and L6: Lower managerial, administrative and professional occupations",372,234,138
E01004226,L7: Intermediate occupations,170,126,44
E01004226,L8 and L9: Small employers and own account workers,167,79,88
E01004228,"L1, L2 and L3: Higher managerial, administrative and professional occupations",387,253,134
E01004228,L10 and L11: Lower supervisory and technical occupations,51,58,-7
E01004228,L12: Semi-routine occupations,115,130,-15
E01004228,L13: Routine occupations,116,96,20
E01004228,L14.1 and L14.2: Never worked and long-term unemployed,149,107,42
E01004228,L15: Full-time students,158,141,17
E01004228,"L4, L5 and L6: Lower managerial, administrative and professional occupations",425,439,-14
E01004228,L7: Intermediate occupations,124,163,-39
E01004228,L8 and L9: Small employers and own account workers,155,106,49
E01004229,"L1, L2 and L3: Higher managerial, administrative and professional occupations",168,119,49
E01004229,L10 and L11: Lower supervisory and technical occupations,51,57,-6
E01004229,L12: Semi-routine occupations,92,132,-40
E01004229,L13: Routine occupations,118,83,35
E01004229,L14.1 and L14.2: Never worked and long-term unemployed,162,140,22
E01004229,L15: Full-time students,145,198,-53
E01004229,"L4, L5 and L6: Lower managerial, administrative and professional occupations",232,239,-7
E01004229,L7: Intermediate occupations,120,120,0
E01004229,L8 and L9: Small employers and own account workers,105,63,42
E01004230,"L1, L2 and L3: Higher managerial, administrative and professional occupations",314,165,149
E01004230,L10 and L11: Lower supervisory and technical occupations,70,86,-16
E01004230,L12: Semi-routine occupations,157,154,3
E01004230,L13: Routine occupations,168,135,33
E01004230,L14.1 and L14.2: Never worked and long-term unemployed,183,186,-3
E01004230,L15: Full-time students,197,209,-12
E01004230,"L4, L5 and L6: Lower managerial, administrative and professional occupations",403,383,20
E01004230,L7: Intermediate occupations,136,169,-33
E01004230,L8 and L9: Small employers and own account workers,136,113,23
E01004231,"L1, L2 and L3: Higher managerial, administrative and professional occupations",157,75,82
E01004231,L10 and L11: Lower supervisory and technical occupations,60,86,-26
E01004231,L12: Semi-routine occupations,143,153,-10
E01004231,L13: Routine occupations,166,112,54
E01004231,L14.1 and L14.2: Never worked and long-term unemployed,216,214,2
E01004231,L15: Full-time students,209,223,-14
E01004231,"L4, L5 and L6: Lower managerial, administrative and professional occupations",184,181,3
E01004231,L7: Intermediate occupations,107,125,-18
E01004231,L8 and L9: Small employers and own account workers,94,80,14
E01004232,"L1, L2 and L3: Higher managerial, administrative and professional occupations",402,268,134
E01004232,L10 and L11: Lower supervisory and technical occupations,23,57,-34
E01004232,L12: Semi-routine occupations,96,88,8
E01004232,L13: Routine occupations,69,60,9
E01004232,L14.1 and L14.2: Never worked and long-term unemployed,149,90,59
E01004232,L15: Full-time students,99,256,-157
E01004232,"L4, L5 and L6: Lower managerial, administrative and professional occupations",403,404,-1
E01004232,L7: Intermediate occupations,90,116,-26
E01004232,L8 and L9: Small employers and own account workers,117,80,37
E01004233,"L1, L2 and L3: Higher managerial, administrative and professional occupations",291,97,194
E01004233,L10 and L11: Lower supervisory and technical occupations,106,63,43
E01004233,L12: Semi-routine occupations,147,175,-28
E01004233,L13: Routine occupations,201,131,70
E01004233,L14.1 and L14.2: Never worked and long-term unemployed,282,204,78
E01004233,L15: Full-time students,192,155,37
E01004233,"L4, L5 and L6: Lower managerial, administrative and professional occupations",323,242,81
E01004233,L7: Intermediate occupations,156,124,32
E01004233,L8 and L9: Small employers and own account workers,133,108,25
E01004234,"L1, L2 and L3: Higher managerial, administrative and professional occupations",480,306,174
E01004234,L10 and L11: Lower supervisory and technical occupations,72,55,17
E01004234,L12: Semi-routine occupations,115,127,-12
E01004234,L13: Routine occupations,146,106,40
E01004234,L14.1 and L14.2: Never worked and long-term unemployed,134,103,31
E01004234,L15: Full-time students,134,230,-96
E01004234,"L4, L5 and L6: Lower managerial, administrative and professional occupations",592,546,46
E01004234,L7: Intermediate occupations,215,177,38
E01004234,L8 and L9: Small employers and own account workers,191,130,61
E01004235,"L1, L2 and L3: Higher managerial, administrative and professional occupations",67,48,19
E01004235,L10 and L11: Lower supervisory and technical occupations,50,60,-10
E01004235,L12: Semi-routine occupations,130,145,-15
E01004235,L13: Routine occupations,135,91,44
E01004235,L14.1 and L14.2: Never worked and long-term unemployed,194,176,18
E01004235,L15: Full-time students,118,145,-27
E01004235,"L4, L5 and L6: Lower managerial, administrative and professional occupations",137,139,-2
E01004235,L7: Intermediate occupations,86,82,4
E01004235,L8 and L9: Small employers and own account workers,77,49,28
E01004236,"L1, L2 and L3: Higher managerial, administrative and professional occupations",81,45,36
E01004236,L10 and L11: Lower supervisory and technical occupations,51,72,-21
E01004236,L12: Semi-routine occupations,141,160,-19
E01004236,L13: Routine occupations,129,100,29
E01004236,L14.1 and L14.2: Never worked and long-term unemployed,264,262,2
E01004236,L15: Full-time students,196,221,-25
E01004236,"L4, L5 and L6: Lower managerial, administrative and professional occupations",139,124,15
E01004236,L7: Intermediate occupations,113,94,19
E01004236,L8 and L9: Small employers and own account workers,96,69,27
E01004237,"L1, L2 and L3: Higher managerial, administrative and professional occupations",152,74,78
E01004237,L10 and L11: Lower supervisory and technical occupations,62,55,7
E01004237,L12: Semi-routine occupations,104,90,14
E01004237,L13: Routine occupations,82,75,7
E01004237,L14.1 and L14.2: Never worked and long-term unemployed,164,119,45
E01004237,L15: Full-time students,111,118,-7
E01004237,"L4, L5 and L6: Lower managerial, administrative and professional occupations",245,183,62
E01004237,L7: Intermediate occupations,132,87,45
E01004237,L8 and L9: Small employers and own account workers,93,55,38
E01004239,"L1, L2 and L3: Higher managerial, administrative and professional occupations",98,54,44
E01004239,L10 and L11: Lower supervisory and technical occupations,53,84,-31
E01004239,L12: Semi-routine occupations,162,162,0
E01004239,L13: Routine occupations,153,115,38
E01004239,L14.1 and L14.2: Never worked and long-term unemployed,311,218,93
E01004239,L15: Full-time students,160,172,-12
E01004239,"L4, L5 and L6: Lower managerial, administrative and professional occupations",161,142,19
E01004239,L7: Intermediate occupations,134,127,7
E01004239,L8 and L9: Small employers and own account workers,103,78,25
E01004240,"L1, L2 and L3: Higher managerial, administrative and professional occupations",113,66,47
E01004240,L10 and L11: Lower supervisory and technical occupations,64,86,-22
E01004240,L12: Semi-routine occupations,151,161,-10
E01004240,L13: Routine occupations,144,124,20
E01004240,L14.1 and L14.2: Never worked and long-term unemployed,250,240,10
E01004240,L15: Full-time students,203,200,3
E01004240,"L4, L5 and L6: Lower managerial, administrative and professional occupations",169,160,9
E01004240,L7: Intermediate occupations,119,119,0
E01004240,L8 and L9: Small employers and own account workers,93,70,23
E01004241,"L1, L2 and L3: Higher managerial, administrative and professional occupations",78,45,33
E01004241,L10 and L11: Lower supervisory and technical occupations,58,71,-13
E01004241,L12: Semi-routine occupations,141,140,1
E01004241,L13: Routine occupations,109,121,-12
E01004241,L14.1 and L14.2: Never worked and long-term unemployed,288,237,51
E01004241,L15: Full-time students,184,200,-16
E01004241,"L4, L5 and L6: Lower managerial, administrative and professional occupations",171,145,26
E01004241,L7: Intermediate occupations,120,91,29
E01004241,L8 and L9: Small employers and own account workers,99,74,25
E01004243,"L1, L2 and L3: Higher managerial, administrative and professional occupations",138,49,89
E01004243,L10 and L11: Lower supervisory and technical occupations,60,83,-23
E01004243,L12: Semi-routine occupations,101,158,-57
E01004243,L13: Routine occupations,102,105,-3
E01004243,L14.1 and L14.2: Never worked and long-term unemployed,184,273,-89
E01004243,L15: Full-time students,225,181,44
E01004243,"L4, L5 and L6: Lower managerial, administrative and professional occupations",151,174,-23
E01004243,L7: Intermediate occupations,61,103,-42
E01004243,L8 and L9: Small employers and own account workers,136,86,50
E01004244,"L1, L2 and L3: Higher managerial, administrative and professional occupations",126,76,50
E01004244,L10 and L11: Lower supervisory and technical occupations,89,75,14
E01004244,L12: Semi-routine occupations,175,178,-3
E01004244,L13: Routine occupations,180,136,44
E01004244,L14.1 and L14.2: Never worked and long-term unemployed,308,250,58
E01004244,L15: Full-time students,275,166,109
E01004244,"L4, L5 and L6: Lower managerial, administrative and professional occupations",245,180,65
E01004244,L7: Intermediate occupations,149,118,31
E01004244,L8 and L9: Small employers and own account workers,137,85,52
E01004245,"L1, L2 and L3: Higher managerial, administrative and professional occupations",449,32,417
E01004245,L10 and L11: Lower supervisory and technical occupations,131,69,62
E01004245,L12: Semi-routine occupations,200,103,97
E01004245,L13: Routine occupations,163,89,74
E01004245,L14.1 and L14.2: Never worked and long-term unemployed,298,242,56
E01004245,L15: Full-time students,305,171,134
E01004245,"L4, L5 and L6: Lower managerial, administrative and professional occupations",427,110,317
E01004245,L7: Intermediate occupations,204,109,95
E01004245,L8 and L9: Small employers and own account workers,143,63,80
E01004247,"L1, L2 and L3: Higher managerial, administrative and professional occupations",219,77,142
E01004247,L10 and L11: Lower supervisory and technical occupations,113,106,7
E01004247,L12: Semi-routine occupations,208,173,35
E01004247,L13: Routine occupations,259,138,121
E01004247,L14.1 and L14.2: Never worked and long-term unemployed,348,292,56
E01004247,L15: Full-time students,237,221,16
E01004247,"L4, L5 and L6: Lower managerial, administrative and professional occupations",305,178,127
E01004247,L7: Intermediate occupations,168,116,52
E01004247,L8 and L9: Small employers and own account workers,146,82,64
E01004248,"L1, L2 and L3: Higher managerial, administrative and professional occupations",134,31,103
E01004248,L10 and L11: Lower supervisory and technical occupations,49,44,5
E01004248,L12: Semi-routine occupations,140,124,16
E01004248,L13: Routine occupations,144,97,47
E01004248,L14.1 and L14.2: Never worked and long-term unemployed,259,183,76
E01004248,L15: Full-time students,202,125,77
E01004248,"L4, L5 and L6: Lower managerial, administrative and professional occupations",215,98,117
E01004248,L7: Intermediate occupations,120,86,34
E01004248,L8 and L9: Small employers and own account workers,94,51,43
E01004249,"L1, L2 and L3: Higher managerial, administrative and professional occupations",138,71,67
E01004249,L10 and L11: Lower supervisory and technical occupations,90,103,-13
E01004249,L12: Semi-routine occupations,261,181,80
E01004249,L13: Routine occupations,204,155,49
E01004249,L14.1 and L14.2: Never worked and long-term unemployed,368,275,93
E01004249,L15: Full-time students,205,179,26
E01004249,"L4, L5 and L6: Lower managerial, administrative and professional occupations",244,208,36
E01004249,L7: Intermediate occupations,161,142,19
E01004249,L8 and L9: Small employers and own account workers,163,115,48
E01004251,"L1, L2 and L3: Higher managerial, administrative and professional occupations",298,119,179
E01004251,L10 and L11: Lower supervisory and technical occupations,66,97,-31
E01004251,L12: Semi-routine occupations,213,181,32
E01004251,L13: Routine occupations,201,127,74
E01004251,L14.1 and L14.2: Never worked and long-term unemployed,310,261,49
E01004251,L15: Full-time students,218,193,25
E01004251,"L4, L5 and L6: Lower managerial, administrative and professional occupations",308,224,84
E01004251,L7: Intermediate occupations,167,159,8
E01004251,L8 and L9: Small employers and own account workers,157,110,47
E01004255,"L1, L2 and L3: Higher managerial, administrative and professional occupations",178,125,53
E01004255,L10 and L11: Lower supervisory and technical occupations,50,85,-35
E01004255,L12: Semi-routine occupations,132,157,-25
E01004255,L13: Routine occupations,139,93,46
E01004255,L14.1 and L14.2: Never worked and long-term unemployed,247,243,4
E01004255,L15: Full-time students,132,139,-7
E01004255,"L4, L5 and L6: Lower managerial, administrative and professional occupations",217,193,24
E01004255,L7: Intermediate occupations,104,110,-6
E01004255,L8 and L9: Small employers and own account workers,99,79,20
E01004256,"L1, L2 and L3: Higher managerial, administrative and professional occupations",126,77,49
E01004256,L10 and L11: Lower supervisory and technical occupations,66,97,-31
E01004256,L12: Semi-routine occupations,143,156,-13
E01004256,L13: Routine occupations,119,117,2
E01004256,L14.1 and L14.2: Never worked and long-term unemployed,282,245,37
E01004256,L15: Full-time students,145,172,-27
E01004256,"L4, L5 and L6: Lower managerial, administrative and professional occupations",193,167,26
E01004256,L7: Intermediate occupations,114,118,-4
E01004256,L8 and L9: Small employers and own account workers,107,75,32
E01004257,"L1, L2 and L3: Higher managerial, administrative and professional occupations",154,56,98
E01004257,L10 and L11: Lower supervisory and technical occupations,82,90,-8
E01004257,L12: Semi-routine occupations,175,174,1
E01004257,L13: Routine occupations,192,108,84
E01004257,L14.1 and L14.2: Never worked and long-term unemployed,339,267,72
E01004257,L15: Full-time students,234,199,35
E01004257,"L4, L5 and L6: Lower managerial, administrative and professional occupations",221,154,67
E01004257,L7: Intermediate occupations,131,120,11
E01004257,L8 and L9: Small employers and own account workers,136,90,46
E01004258,"L1, L2 and L3: Higher managerial, administrative and professional occupations",421,312,109
E01004258,L10 and L11: Lower supervisory and technical occupations,33,43,-10
E01004258,L12: Semi-routine occupations,64,75,-11
E01004258,L13: Routine occupations,85,77,8
E01004258,L14.1 and L14.2: Never worked and long-term unemployed,135,102,33
E01004258,L15: Full-time students,92,101,-9
E01004258,"L4, L5 and L6: Lower managerial, administrative and professional occupations",257,344,-87
E01004258,L7: Intermediate occupations,89,103,-14
E01004258,L8 and L9: Small employers and own account workers,92,74,18
E01004259,"L1, L2 and L3: Higher managerial, administrative and professional occupations",336,213,123
E01004259,L10 and L11: Lower supervisory and technical occupations,55,75,-20
E01004259,L12: Semi-routine occupations,107,120,-13
E01004259,L13: Routine occupations,98,95,3
E01004259,L14.1 and L14.2: Never worked and long-term unemployed,136,112,24
E01004259,L15: Full-time students,127,159,-32
E01004259,"L4, L5 and L6: Lower managerial, administrative and professional occupations",365,419,-54
E01004259,L7: Intermediate occupations,127,139,-12
E01004259,L8 and L9: Small employers and own account workers,116,92,24
E01004260,"L1, L2 and L3: Higher managerial, administrative and professional occupations",190,123,67
E01004260,L10 and L11: Lower supervisory and technical occupations,47,78,-31
E01004260,L12: Semi-routine occupations,122,158,-36
E01004260,L13: Routine occupations,106,117,-11
E01004260,L14.1 and L14.2: Never worked and long-term unemployed,228,192,36
E01004260,L15: Full-time students,205,170,35
E01004260,"L4, L5 and L6: Lower managerial, administrative and professional occupations",232,239,-7
E01004260,L7: Intermediate occupations,135,131,4
E01004260,L8 and L9: Small employers and own account workers,100,74,26
E01004263,"L1, L2 and L3: Higher managerial, administrative and professional occupations",96,59,37
E01004263,L10 and L11: Lower supervisory and technical occupations,63,52,11
E01004263,L12: Semi-routine occupations,106,147,-41
E01004263,L13: Routine occupations,122,103,19
E01004263,L14.1 and L14.2: Never worked and long-term unemployed,188,160,28
E01004263,L15: Full-time students,160,157,3
E01004263,"L4, L5 and L6: Lower managerial, administrative and professional occupations",162,146,16
E01004263,L7: Intermediate occupations,121,118,3
E01004263,L8 and L9: Small employers and own account workers,95,62,33
E01004264,"L1, L2 and L3: Higher managerial, administrative and professional occupations",56,58,-2
E01004264,L10 and L11: Lower supervisory and technical occupations,58,56,2
E01004264,L12: Semi-routine occupations,115,100,15
E01004264,L13: Routine occupations,121,90,31
E01004264,L14.1 and L14.2: Never worked and long-term unemployed,255,258,-3
E01004264,L15: Full-time students,212,246,-34
E01004264,"L4, L5 and L6: Lower managerial, administrative and professional occupations",131,123,8
E01004264,L7: Intermediate occupations,86,80,6
E01004264,L8 and L9: Small employers and own account workers,74,58,16
E01004266,"L1, L2 and L3: Higher managerial, administrative and professional occupations",201,148,53
E01004266,L10 and L11: Lower supervisory and technical occupations,45,55,-10
E01004266,L12: Semi-routine occupations,92,121,-29
E01004266,L13: Routine occupations,108,93,15
E01004266,L14.1 and L14.2: Never worked and long-term unemployed,144,134,10
E01004266,L15: Full-time students,106,147,-41
E01004266,"L4, L5 and L6: Lower managerial, administrative and professional occupations",275,301,-26
E01004266,L7: Intermediate occupations,131,134,-3
E01004266,L8 and L9: Small employers and own account workers,104,60,44
E01004267,"L1, L2 and L3: Higher managerial, administrative and professional occupations",303,207,96
E01004267,L10 and L11: Lower supervisory and technical occupations,54,71,-17
E01004267,L12: Semi-routine occupations,172,129,43
E01004267,L13: Routine occupations,136,71,65
E01004267,L14.1 and L14.2: Never worked and long-term unemployed,282,187,95
E01004267,L15: Full-time students,181,236,-55
E01004267,"L4, L5 and L6: Lower managerial, administrative and professional occupations",394,324,70
E01004267,L7: Intermediate occupations,181,127,54
E01004267,L8 and L9: Small employers and own account workers,122,79,43
E01004268,"L1, L2 and L3: Higher managerial, administrative and professional occupations",144,82,62
E01004268,L10 and L11: Lower supervisory and technical occupations,68,95,-27
E01004268,L12: Semi-routine occupations,158,136,22
E01004268,L13: Routine occupations,123,137,-14
E01004268,L14.1 and L14.2: Never worked and long-term unemployed,300,281,19
E01004268,L15: Full-time students,176,172,4
E01004268,"L4, L5 and L6: Lower managerial, administrative and professional occupations",248,202,46
E01004268,L7: Intermediate occupations,114,113,1
E01004268,L8 and L9: Small employers and own account workers,114,72,42
E01004270,"L1, L2 and L3: Higher managerial, administrative and professional occupations",411,214,197
E01004270,L10 and L11: Lower supervisory and technical occupations,70,68,2
E01004270,L12: Semi-routine occupations,139,153,-14
E01004270,L13: Routine occupations,147,109,38
E01004270,L14.1 and L14.2: Never worked and long-term unemployed,232,199,33
E01004270,L15: Full-time students,349,454,-105
E01004270,"L4, L5 and L6: Lower managerial, administrative and professional occupations",412,417,-5
E01004270,L7: Intermediate occupations,158,149,9
E01004270,L8 and L9: Small employers and own account workers,127,93,34
E01004271,"L1, L2 and L3: Higher managerial, administrative and professional occupations",350,45,305
E01004271,L10 and L11: Lower supervisory and technical occupations,77,65,12
E01004271,L12: Semi-routine occupations,177,153,24
E01004271,L13: Routine occupations,146,92,54
E01004271,L14.1 and L14.2: Never worked and long-term unemployed,239,198,41
E01004271,L15: Full-time students,220,155,65
E01004271,"L4, L5 and L6: Lower managerial, administrative and professional occupations",374,162,212
E01004271,L7: Intermediate occupations,149,124,25
E01004271,L8 and L9: Small employers and own account workers,134,62,72
E01004272,"L1, L2 and L3: Higher managerial, administrative and professional occupations",227,53,174
E01004272,L10 and L11: Lower supervisory and technical occupations,80,108,-28
E01004272,L12: Semi-routine occupations,217,195,22
E01004272,L13: Routine occupations,212,135,77
E01004272,L14.1 and L14.2: Never worked and long-term unemployed,372,346,26
E01004272,L15: Full-time students,201,234,-33
E01004272,"L4, L5 and L6: Lower managerial, administrative and professional occupations",316,151,165
E01004272,L7: Intermediate occupations,216,115,101
E01004272,L8 and L9: Small employers and own account workers,198,65,133
E01004274,"L1, L2 and L3: Higher managerial, administrative and professional occupations",245,200,45
E01004274,L10 and L11: Lower supervisory and technical occupations,61,73,-12
E01004274,L12: Semi-routine occupations,162,144,18
E01004274,L13: Routine occupations,142,87,55
E01004274,L14.1 and L14.2: Never worked and long-term unemployed,241,269,-28
E01004274,L15: Full-time students,173,226,-53
E01004274,"L4, L5 and L6: Lower managerial, administrative and professional occupations",262,291,-29
E01004274,L7: Intermediate occupations,168,130,38
E01004274,L8 and L9: Small employers and own account workers,122,77,45
E01004275,"L1, L2 and L3: Higher managerial, administrative and professional occupations",384,296,88
E01004275,L10 and L11: Lower supervisory and technical occupations,78,78,0
E01004275,L12: Semi-routine occupations,142,122,20
E01004275,L13: Routine occupations,134,103,31
E01004275,L14.1 and L14.2: Never worked and long-term unemployed,232,105,127
E01004275,L15: Full-time students,219,161,58
E01004275,"L4, L5 and L6: Lower managerial, administrative and professional occupations",335,371,-36
E01004275,L7: Intermediate occupations,167,144,23
E01004275,L8 and L9: Small employers and own account workers,162,94,68
E01004276,"L1, L2 and L3: Higher managerial, administrative and professional occupations",731,640,91
E01004276,L10 and L11: Lower supervisory and technical occupations,44,38,6
E01004276,L12: Semi-routine occupations,55,58,-3
E01004276,L13: Routine occupations,66,21,45
E01004276,L14.1 and L14.2: Never worked and long-term unemployed,74,40,34
E01004276,L15: Full-time students,124,151,-27
E01004276,"L4, L5 and L6: Lower managerial, administrative and professional occupations",426,642,-216
E01004276,L7: Intermediate occupations,122,154,-32
E01004276,L8 and L9: Small employers and own account workers,121,97,24
E01004277,"L1, L2 and L3: Higher managerial, administrative and professional occupations",654,569,85
E01004277,L10 and L11: Lower supervisory and technical occupations,41,16,25
E01004277,L12: Semi-routine occupations,41,37,4
E01004277,L13: Routine occupations,35,17,18
E01004277,L14.1 and L14.2: Never worked and long-term unemployed,87,54,33
E01004277,L15: Full-time students,97,95,2
E01004277,"L4, L5 and L6: Lower managerial, administrative and professional occupations",324,502,-178
E01004277,L7: Intermediate occupations,75,121,-46
E01004277,L8 and L9: Small employers and own account workers,95,63,32
E01004280,"L1, L2 and L3: Higher managerial, administrative and professional occupations",327,241,86
E01004280,L10 and L11: Lower supervisory and technical occupations,54,62,-8
E01004280,L12: Semi-routine occupations,150,129,21
E01004280,L13: Routine occupations,111,79,32
E01004280,L14.1 and L14.2: Never worked and long-term unemployed,222,186,36
E01004280,L15: Full-time students,166,132,34
E01004280,"L4, L5 and L6: Lower managerial, administrative and professional occupations",268,289,-21
E01004280,L7: Intermediate occupations,133,140,-7
E01004280,L8 and L9: Small employers and own account workers,121,65,56
E01004281,"L1, L2 and L3: Higher managerial, administrative and professional occupations",509,428,81
E01004281,L10 and L11: Lower supervisory and technical occupations,41,53,-12
E01004281,L12: Semi-routine occupations,112,69,43
E01004281,L13: Routine occupations,86,39,47
E01004281,L14.1 and L14.2: Never worked and long-term unemployed,155,91,64
E01004281,L15: Full-time students,178,165,13
E01004281,"L4, L5 and L6: Lower managerial, administrative and professional occupations",336,457,-121
E01004281,L7: Intermediate occupations,151,152,-1
E01004281,L8 and L9: Small employers and own account workers,125,70,55
E01004283,"L1, L2 and L3: Higher managerial, administrative and professional occupations",162,103,59
E01004283,L10 and L11: Lower supervisory and technical occupations,93,109,-16
E01004283,L12: Semi-routine occupations,185,172,13
E01004283,L13: Routine occupations,145,145,0
E01004283,L14.1 and L14.2: Never worked and long-term unemployed,316,278,38
E01004283,L15: Full-time students,278,375,-97
E01004283,"L4, L5 and L6: Lower managerial, administrative and professional occupations",307,244,63
E01004283,L7: Intermediate occupations,150,162,-12
E01004283,L8 and L9: Small employers and own account workers,126,107,19
E01004286,"L1, L2 and L3: Higher managerial, administrative and professional occupations",264,151,113
E01004286,L10 and L11: Lower supervisory and technical occupations,57,89,-32
E01004286,L12: Semi-routine occupations,199,165,34
E01004286,L13: Routine occupations,162,132,30
E01004286,L14.1 and L14.2: Never worked and long-term unemployed,382,348,34
E01004286,L15: Full-time students,236,218,18
E01004286,"L4, L5 and L6: Lower managerial, administrative and professional occupations",316,286,30
E01004286,L7: Intermediate occupations,201,192,9
E01004286,L8 and L9: Small employers and own account workers,153,89,64
E01004287,"L1, L2 and L3: Higher managerial, administrative and professional occupations",180,124,56
E01004287,L10 and L11: Lower supervisory and technical occupations,92,96,-4
E01004287,L12: Semi-routine occupations,162,186,-24
E01004287,L13: Routine occupations,164,158,6
E01004287,L14.1 and L14.2: Never worked and long-term unemployed,378,235,143
E01004287,L15: Full-time students,204,245,-41
E01004287,"L4, L5 and L6: Lower managerial, administrative and professional occupations",256,244,12
E01004287,L7: Intermediate occupations,156,158,-2
E01004287,L8 and L9: Small employers and own account workers,139,98,41
E01004288,"L1, L2 and L3: Higher managerial, administrative and professional occupations",119,72,47
E01004288,L10 and L11: Lower supervisory and technical occupations,53,54,-1
E01004288,L12: Semi-routine occupations,142,152,-10
E01004288,L13: Routine occupations,138,96,42
E01004288,L14.1 and L14.2: Never worked and long-term unemployed,316,221,95
E01004288,L15: Full-time students,189,148,41
E01004288,"L4, L5 and L6: Lower managerial, administrative and professional occupations",193,154,39
E01004288,L7: Intermediate occupations,133,103,30
E01004288,L8 and L9: Small employers and own account workers,114,71,43
E01004289,"L1, L2 and L3: Higher managerial, administrative and professional occupations",177,103,74
E01004289,L10 and L11: Lower supervisory and technical occupations,80,60,20
E01004289,L12: Semi-routine occupations,179,129,50
E01004289,L13: Routine occupations,153,107,46
E01004289,L14.1 and L14.2: Never worked and long-term unemployed,264,203,61
E01004289,L15: Full-time students,252,326,-74
E01004289,"L4, L5 and L6: Lower managerial, administrative and professional occupations",241,217,24
E01004289,L7: Intermediate occupations,138,146,-8
E01004289,L8 and L9: Small employers and own account workers,107,95,12
E01004290,"L1, L2 and L3: Higher managerial, administrative and professional occupations",289,161,128
E01004290,L10 and L11: Lower supervisory and technical occupations,74,57,17
E01004290,L12: Semi-routine occupations,124,88,36
E01004290,L13: Routine occupations,141,49,92
E01004290,L14.1 and L14.2: Never worked and long-term unemployed,216,76,140
E01004290,L15: Full-time students,203,207,-4
E01004290,"L4, L5 and L6: Lower managerial, administrative and professional occupations",316,225,91
E01004290,L7: Intermediate occupations,108,98,10
E01004290,L8 and L9: Small employers and own account workers,123,73,50
E01004291,"L1, L2 and L3: Higher managerial, administrative and professional occupations",664,508,156
E01004291,L10 and L11: Lower supervisory and technical occupations,37,43,-6
E01004291,L12: Semi-routine occupations,62,65,-3
E01004291,L13: Routine occupations,46,46,0
E01004291,L14.1 and L14.2: Never worked and long-term unemployed,90,82,8
E01004291,L15: Full-time students,166,82,84
E01004291,"L4, L5 and L6: Lower managerial, administrative and professional occupations",401,540,-139
E01004291,L7: Intermediate occupations,113,137,-24
E01004291,L8 and L9: Small employers and own account workers,125,98,27
E01004292,"L1, L2 and L3: Higher managerial, administrative and professional occupations",620,537,83
E01004292,L10 and L11: Lower supervisory and technical occupations,30,34,-4
E01004292,L12: Semi-routine occupations,39,48,-9
E01004292,L13: Routine occupations,47,23,24
E01004292,L14.1 and L14.2: Never worked and long-term unemployed,65,58,7
E01004292,L15: Full-time students,95,125,-30
E01004292,"L4, L5 and L6: Lower managerial, administrative and professional occupations",401,499,-98
E01004292,L7: Intermediate occupations,90,149,-59
E01004292,L8 and L9: Small employers and own account workers,80,73,7
E01004293,"L1, L2 and L3: Higher managerial, administrative and professional occupations",718,666,52
E01004293,L10 and L11: Lower supervisory and technical occupations,52,51,1
E01004293,L12: Semi-routine occupations,76,75,1
E01004293,L13: Routine occupations,66,43,23
E01004293,L14.1 and L14.2: Never worked and long-term unemployed,122,90,32
E01004293,L15: Full-time students,83,115,-32
E01004293,"L4, L5 and L6: Lower managerial, administrative and professional occupations",453,584,-131
E01004293,L7: Intermediate occupations,114,147,-33
E01004293,L8 and L9: Small employers and own account workers,109,93,16
E01004295,"L1, L2 and L3: Higher managerial, administrative and professional occupations",208,61,147
E01004295,L10 and L11: Lower supervisory and technical occupations,87,72,15
E01004295,L12: Semi-routine occupations,143,150,-7
E01004295,L13: Routine occupations,117,83,34
E01004295,L14.1 and L14.2: Never worked and long-term unemployed,264,228,36
E01004295,L15: Full-time students,180,138,42
E01004295,"L4, L5 and L6: Lower managerial, administrative and professional occupations",209,152,57
E01004295,L7: Intermediate occupations,119,89,30
E01004295,L8 and L9: Small employers and own account workers,120,57,63
E01004296,"L1, L2 and L3: Higher managerial, administrative and professional occupations",564,217,347
E01004296,L10 and L11: Lower supervisory and technical occupations,43,50,-7
E01004296,L12: Semi-routine occupations,153,136,17
E01004296,L13: Routine occupations,130,81,49
E01004296,L14.1 and L14.2: Never worked and long-term unemployed,246,163,83
E01004296,L15: Full-time students,193,139,54
E01004296,"L4, L5 and L6: Lower managerial, administrative and professional occupations",413,268,145
E01004296,L7: Intermediate occupations,162,127,35
E01004296,L8 and L9: Small employers and own account workers,146,70,76
E01004297,"L1, L2 and L3: Higher managerial, administrative and professional occupations",627,558,69
E01004297,L10 and L11: Lower supervisory and technical occupations,26,38,-12
E01004297,L12: Semi-routine occupations,76,67,9
E01004297,L13: Routine occupations,53,45,8
E01004297,L14.1 and L14.2: Never worked and long-term unemployed,118,69,49
E01004297,L15: Full-time students,86,109,-23
E01004297,"L4, L5 and L6: Lower managerial, administrative and professional occupations",442,477,-35
E01004297,L7: Intermediate occupations,127,130,-3
E01004297,L8 and L9: Small employers and own account workers,116,84,32
E01004298,"L1, L2 and L3: Higher managerial, administrative and professional occupations",147,112,35
E01004298,L10 and L11: Lower supervisory and technical occupations,51,75,-24
E01004298,L12: Semi-routine occupations,152,134,18
E01004298,L13: Routine occupations,116,87,29
E01004298,L14.1 and L14.2: Never worked and long-term unemployed,273,275,-2
E01004298,L15: Full-time students,144,174,-30
E01004298,"L4, L5 and L6: Lower managerial, administrative and professional occupations",202,221,-19
E01004298,L7: Intermediate occupations,99,99,0
E01004298,L8 and L9: Small employers and own account workers,83,68,15
E01004300,"L1, L2 and L3: Higher managerial, administrative and professional occupations",106,70,36
E01004300,L10 and L11: Lower supervisory and technical occupations,45,65,-20
E01004300,L12: Semi-routine occupations,131,124,7
E01004300,L13: Routine occupations,105,99,6
E01004300,L14.1 and L14.2: Never worked and long-term unemployed,206,161,45
E01004300,L15: Full-time students,150,130,20
E01004300,"L4, L5 and L6: Lower managerial, administrative and professional occupations",181,167,14
E01004300,L7: Intermediate occupations,109,87,22
E01004300,L8 and L9: Small employers and own account workers,100,63,37
E01004301,"L1, L2 and L3: Higher managerial, administrative and professional occupations",150,83,67
E01004301,L10 and L11: Lower supervisory and technical occupations,38,51,-13
E01004301,L12: Semi-routine occupations,114,98,16
E01004301,L13: Routine occupations,108,67,41
E01004301,L14.1 and L14.2: Never worked and long-term unemployed,238,192,46
E01004301,L15: Full-time students,148,160,-12
E01004301,"L4, L5 and L6: Lower managerial, administrative and professional occupations",169,154,15
E01004301,L7: Intermediate occupations,86,69,17
E01004301,L8 and L9: Small employers and own account workers,85,58,27
E01004302,"L1, L2 and L3: Higher managerial, administrative and professional occupations",148,111,37
E01004302,L10 and L11: Lower supervisory and technical occupations,75,82,-7
E01004302,L12: Semi-routine occupations,133,170,-37
E01004302,L13: Routine occupations,109,88,21
E01004302,L14.1 and L14.2: Never worked and long-term unemployed,243,289,-46
E01004302,L15: Full-time students,146,234,-88
E01004302,"L4, L5 and L6: Lower managerial, administrative and professional occupations",187,216,-29
E01004302,L7: Intermediate occupations,97,109,-12
E01004302,L8 and L9: Small employers and own account workers,90,65,25
E01004303,"L1, L2 and L3: Higher managerial, administrative and professional occupations",403,286,117
E01004303,L10 and L11: Lower supervisory and technical occupations,67,87,-20
E01004303,L12: Semi-routine occupations,232,158,74
E01004303,L13: Routine occupations,159,107,52
E01004303,L14.1 and L14.2: Never worked and long-term unemployed,358,211,147
E01004303,L15: Full-time students,342,281,61
E01004303,"L4, L5 and L6: Lower managerial, administrative and professional occupations",395,370,25
E01004303,L7: Intermediate occupations,135,179,-44
E01004303,L8 and L9: Small employers and own account workers,150,100,50
E01004304,"L1, L2 and L3: Higher managerial, administrative and professional occupations",174,102,72
E01004304,L10 and L11: Lower supervisory and technical occupations,84,87,-3
E01004304,L12: Semi-routine occupations,185,161,24
E01004304,L13: Routine occupations,165,102,63
E01004304,L14.1 and L14.2: Never worked and long-term unemployed,376,301,75
E01004304,L15: Full-time students,242,229,13
E01004304,"L4, L5 and L6: Lower managerial, administrative and professional occupations",193,226,-33
E01004304,L7: Intermediate occupations,124,121,3
E01004304,L8 and L9: Small employers and own account workers,120,89,31
E01004305,"L1, L2 and L3: Higher managerial, administrative and professional occupations",168,92,76
E01004305,L10 and L11: Lower supervisory and technical occupations,83,70,13
E01004305,L12: Semi-routine occupations,131,155,-24
E01004305,L13: Routine occupations,147,146,1
E01004305,L14.1 and L14.2: Never worked and long-term unemployed,262,245,17
E01004305,L15: Full-time students,183,215,-32
E01004305,"L4, L5 and L6: Lower managerial, administrative and professional occupations",227,225,2
E01004305,L7: Intermediate occupations,125,135,-10
E01004305,L8 and L9: Small employers and own account workers,120,96,24
E01004306,"L1, L2 and L3: Higher managerial, administrative and professional occupations",322,256,66
E01004306,L10 and L11: Lower supervisory and technical occupations,51,49,2
E01004306,L12: Semi-routine occupations,121,103,18
E01004306,L13: Routine occupations,99,72,27
E01004306,L14.1 and L14.2: Never worked and long-term unemployed,269,208,61
E01004306,L15: Full-time students,198,190,8
E01004306,"L4, L5 and L6: Lower managerial, administrative and professional occupations",293,365,-72
E01004306,L7: Intermediate occupations,89,136,-47
E01004306,L8 and L9: Small employers and own account workers,111,107,4
E01004307,"L1, L2 and L3: Higher managerial, administrative and professional occupations",704,471,233
E01004307,L10 and L11: Lower supervisory and technical occupations,37,37,0
E01004307,L12: Semi-routine occupations,64,83,-19
E01004307,L13: Routine occupations,50,44,6
E01004307,L14.1 and L14.2: Never worked and long-term unemployed,98,101,-3
E01004307,L15: Full-time students,679,517,162
E01004307,"L4, L5 and L6: Lower managerial, administrative and professional occupations",356,541,-185
E01004307,L7: Intermediate occupations,88,137,-49
E01004307,L8 and L9: Small employers and own account workers,124,100,24
E01004308,"L1, L2 and L3: Higher managerial, administrative and professional occupations",203,105,98
E01004308,L10 and L11: Lower supervisory and technical occupations,39,50,-11
E01004308,L12: Semi-routine occupations,103,118,-15
E01004308,L13: Routine occupations,89,67,22
E01004308,L14.1 and L14.2: Never worked and long-term unemployed,234,193,41
E01004308,L15: Full-time students,143,194,-51
E01004308,"L4, L5 and L6: Lower managerial, administrative and professional occupations",197,272,-75
E01004308,L7: Intermediate occupations,101,104,-3
E01004308,L8 and L9: Small employers and own account workers,94,58,36
E01004309,"L1, L2 and L3: Higher managerial, administrative and professional occupations",345,196,149
E01004309,L10 and L11: Lower supervisory and technical occupations,69,107,-38
E01004309,L12: Semi-routine occupations,204,216,-12
E01004309,L13: Routine occupations,175,147,28
E01004309,L14.1 and L14.2: Never worked and long-term unemployed,402,497,-95
E01004309,L15: Full-time students,468,507,-39
E01004309,"L4, L5 and L6: Lower managerial, administrative and professional occupations",350,399,-49
E01004309,L7: Intermediate occupations,172,165,7
E01004309,L8 and L9: Small employers and own account workers,141,86,55
E01004310,"L1, L2 and L3: Higher managerial, administrative and professional occupations",350,220,130
E01004310,L10 and L11: Lower supervisory and technical occupations,58,89,-31
E01004310,L12: Semi-routine occupations,145,135,10
E01004310,L13: Routine occupations,94,109,-15
E01004310,L14.1 and L14.2: Never worked and long-term unemployed,289,294,-5
E01004310,L15: Full-time students,251,223,28
E01004310,"L4, L5 and L6: Lower managerial, administrative and professional occupations",321,322,-1
E01004310,L7: Intermediate occupations,133,162,-29
E01004310,L8 and L9: Small employers and own account workers,97,93,4
E01004311,"L1, L2 and L3: Higher managerial, administrative and professional occupations",281,101,180
E01004311,L10 and L11: Lower supervisory and technical occupations,46,61,-15
E01004311,L12: Semi-routine occupations,132,124,8
E01004311,L13: Routine occupations,123,105,18
E01004311,L14.1 and L14.2: Never worked and long-term unemployed,231,168,63
E01004311,L15: Full-time students,137,137,0
E01004311,"L4, L5 and L6: Lower managerial, administrative and professional occupations",293,226,67
E01004311,L7: Intermediate occupations,102,119,-17
E01004311,L8 and L9: Small employers and own account workers,129,97,32
E01004312,"L1, L2 and L3: Higher managerial, administrative and professional occupations",144,98,46
E01004312,L10 and L11: Lower supervisory and technical occupations,55,50,5
E01004312,L12: Semi-routine occupations,120,137,-17
E01004312,L13: Routine occupations,117,121,-4
E01004312,L14.1 and L14.2: Never worked and long-term unemployed,225,219,6
E01004312,L15: Full-time students,135,155,-20
E01004312,"L4, L5 and L6: Lower managerial, administrative and professional occupations",207,202,5
E01004312,L7: Intermediate occupations,114,130,-16
E01004312,L8 and L9: Small employers and own account workers,85,87,-2
E01004313,"L1, L2 and L3: Higher managerial, administrative and professional occupations",278,162,116
E01004313,L10 and L11: Lower supervisory and technical occupations,84,76,8
E01004313,L12: Semi-routine occupations,150,150,0
E01004313,L13: Routine occupations,123,114,9
E01004313,L14.1 and L14.2: Never worked and long-term unemployed,234,201,33
E01004313,L15: Full-time students,258,211,47
E01004313,"L4, L5 and L6: Lower managerial, administrative and professional occupations",298,361,-63
E01004313,L7: Intermediate occupations,133,144,-11
E01004313,L8 and L9: Small employers and own account workers,165,85,80
E01004315,"L1, L2 and L3: Higher managerial, administrative and professional occupations",219,187,32
E01004315,L10 and L11: Lower supervisory and technical occupations,45,83,-38
E01004315,L12: Semi-routine occupations,94,143,-49
E01004315,L13: Routine occupations,100,93,7
E01004315,L14.1 and L14.2: Never worked and long-term unemployed,196,179,17
E01004315,L15: Full-time students,138,149,-11
E01004315,"L4, L5 and L6: Lower managerial, administrative and professional occupations",293,311,-18
E01004315,L7: Intermediate occupations,119,110,9
E01004315,L8 and L9: Small employers and own account workers,131,112,19
E01004316,"L1, L2 and L3: Higher managerial, administrative and professional occupations",194,106,88
E01004316,L10 and L11: Lower supervisory and technical occupations,28,46,-18
E01004316,L12: Semi-routine occupations,68,80,-12
E01004316,L13: Routine occupations,60,59,1
E01004316,L14.1 and L14.2: Never worked and long-term unemployed,123,142,-19
E01004316,L15: Full-time students,97,127,-30
E01004316,"L4, L5 and L6: Lower managerial, administrative and professional occupations",168,227,-59
E01004316,L7: Intermediate occupations,88,65,23
E01004316,L8 and L9: Small employers and own account workers,53,67,-14
E01004319,"L1, L2 and L3: Higher managerial, administrative and professional occupations",290,102,188
E01004319,L10 and L11: Lower supervisory and technical occupations,72,65,7
E01004319,L12: Semi-routine occupations,197,162,35
E01004319,L13: Routine occupations,130,95,35
E01004319,L14.1 and L14.2: Never worked and long-term unemployed,426,327,99
E01004319,L15: Full-time students,280,254,26
E01004319,"L4, L5 and L6: Lower managerial, administrative and professional occupations",316,225,91
E01004319,L7: Intermediate occupations,142,106,36
E01004319,L8 and L9: Small employers and own account workers,134,75,59
E01004321,"L1, L2 and L3: Higher managerial, administrative and professional occupations",297,149,148
E01004321,L10 and L11: Lower supervisory and technical occupations,60,67,-7
E01004321,L12: Semi-routine occupations,151,129,22
E01004321,L13: Routine occupations,116,67,49
E01004321,L14.1 and L14.2: Never worked and long-term unemployed,322,291,31
E01004321,L15: Full-time students,267,269,-2
E01004321,"L4, L5 and L6: Lower managerial, administrative and professional occupations",318,281,37
E01004321,L7: Intermediate occupations,119,105,14
E01004321,L8 and L9: Small employers and own account workers,95,87,8
E01004322,"L1, L2 and L3: Higher managerial, administrative and professional occupations",151,89,62
E01004322,L10 and L11: Lower supervisory and technical occupations,46,60,-14
E01004322,L12: Semi-routine occupations,94,87,7
E01004322,L13: Routine occupations,87,69,18
E01004322,L14.1 and L14.2: Never worked and long-term unemployed,160,133,27
E01004322,L15: Full-time students,264,262,2
E01004322,"L4, L5 and L6: Lower managerial, administrative and professional occupations",182,184,-2
E01004322,L7: Intermediate occupations,101,74,27
E01004322,L8 and L9: Small employers and own account workers,72,39,33
E01004323,"L1, L2 and L3: Higher managerial, administrative and professional occupations",172,106,66
E01004323,L10 and L11: Lower supervisory and technical occupations,40,61,-21
E01004323,L12: Semi-routine occupations,119,95,24
E01004323,L13: Routine occupations,100,88,12
E01004323,L14.1 and L14.2: Never worked and long-term unemployed,206,190,16
E01004323,L15: Full-time students,170,181,-11
E01004323,"L4, L5 and L6: Lower managerial, administrative and professional occupations",248,251,-3
E01004323,L7: Intermediate occupations,94,107,-13
E01004323,L8 and L9: Small employers and own account workers,103,64,39
E01004324,"L1, L2 and L3: Higher managerial, administrative and professional occupations",125,76,49
E01004324,L10 and L11: Lower supervisory and technical occupations,41,46,-5
E01004324,L12: Semi-routine occupations,133,146,-13
E01004324,L13: Routine occupations,140,105,35
E01004324,L14.1 and L14.2: Never worked and long-term unemployed,248,234,14
E01004324,L15: Full-time students,209,189,20
E01004324,"L4, L5 and L6: Lower managerial, administrative and professional occupations",165,162,3
E01004324,L7: Intermediate occupations,119,118,1
E01004324,L8 and L9: Small employers and own account workers,87,61,26
E01004326,"L1, L2 and L3: Higher managerial, administrative and professional occupations",232,110,122
E01004326,L10 and L11: Lower supervisory and technical occupations,68,71,-3
E01004326,L12: Semi-routine occupations,112,113,-1
E01004326,L13: Routine occupations,146,71,75
E01004326,L14.1 and L14.2: Never worked and long-term unemployed,238,145,93
E01004326,L15: Full-time students,187,199,-12
E01004326,"L4, L5 and L6: Lower managerial, administrative and professional occupations",314,230,84
E01004326,L7: Intermediate occupations,121,101,20
E01004326,L8 and L9: Small employers and own account workers,107,84,23
E01004327,"L1, L2 and L3: Higher managerial, administrative and professional occupations",117,48,69
E01004327,L10 and L11: Lower supervisory and technical occupations,36,57,-21
E01004327,L12: Semi-routine occupations,143,121,22
E01004327,L13: Routine occupations,134,102,32
E01004327,L14.1 and L14.2: Never worked and long-term unemployed,155,91,64
E01004327,L15: Full-time students,125,130,-5
E01004327,"L4, L5 and L6: Lower managerial, administrative and professional occupations",210,159,51
E01004327,L7: Intermediate occupations,88,102,-14
E01004327,L8 and L9: Small employers and own account workers,144,109,35
E01004328,"L1, L2 and L3: Higher managerial, administrative and professional occupations",196,78,118
E01004328,L10 and L11: Lower supervisory and technical occupations,69,79,-10
E01004328,L12: Semi-routine occupations,126,161,-35
E01004328,L13: Routine occupations,166,123,43
E01004328,L14.1 and L14.2: Never worked and long-term unemployed,141,119,22
E01004328,L15: Full-time students,136,236,-100
E01004328,"L4, L5 and L6: Lower managerial, administrative and professional occupations",276,286,-10
E01004328,L7: Intermediate occupations,116,128,-12
E01004328,L8 and L9: Small employers and own account workers,251,229,22
E01004329,"L1, L2 and L3: Higher managerial, administrative and professional occupations",187,87,100
E01004329,L10 and L11: Lower supervisory and technical occupations,62,92,-30
E01004329,L12: Semi-routine occupations,160,155,5
E01004329,L13: Routine occupations,158,138,20
E01004329,L14.1 and L14.2: Never worked and long-term unemployed,115,156,-41
E01004329,L15: Full-time students,140,341,-201
E01004329,"L4, L5 and L6: Lower managerial, administrative and professional occupations",282,224,58
E01004329,L7: Intermediate occupations,107,129,-22
E01004329,L8 and L9: Small employers and own account workers,236,164,72
E01004330,"L1, L2 and L3: Higher managerial, administrative and professional occupations",193,98,95
E01004330,L10 and L11: Lower supervisory and technical occupations,47,65,-18
E01004330,L12: Semi-routine occupations,115,183,-68
E01004330,L13: Routine occupations,135,105,30
E01004330,L14.1 and L14.2: Never worked and long-term unemployed,121,96,25
E01004330,L15: Full-time students,124,259,-135
E01004330,"L4, L5 and L6: Lower managerial, administrative and professional occupations",307,254,53
E01004330,L7: Intermediate occupations,128,127,1
E01004330,L8 and L9: Small employers and own account workers,208,247,-39
E01004331,"L1, L2 and L3: Higher managerial, administrative and professional occupations",163,80,83
E01004331,L10 and L11: Lower supervisory and technical occupations,64,78,-14
E01004331,L12: Semi-routine occupations,118,156,-38
E01004331,L13: Routine occupations,125,112,13
E01004331,L14.1 and L14.2: Never worked and long-term unemployed,132,140,-8
E01004331,L15: Full-time students,123,297,-174
E01004331,"L4, L5 and L6: Lower managerial, administrative and professional occupations",291,256,35
E01004331,L7: Intermediate occupations,97,119,-22
E01004331,L8 and L9: Small employers and own account workers,188,150,38
E01004332,"L1, L2 and L3: Higher managerial, administrative and professional occupations",155,70,85
E01004332,L10 and L11: Lower supervisory and technical occupations,71,76,-5
E01004332,L12: Semi-routine occupations,128,143,-15
E01004332,L13: Routine occupations,192,145,47
E01004332,L14.1 and L14.2: Never worked and long-term unemployed,171,160,11
E01004332,L15: Full-time students,229,233,-4
E01004332,"L4, L5 and L6: Lower managerial, administrative and professional occupations",260,220,40
E01004332,L7: Intermediate occupations,137,135,2
E01004332,L8 and L9: Small employers and own account workers,245,197,48
E01004333,"L1, L2 and L3: Higher managerial, administrative and professional occupations",165,112,53
E01004333,L10 and L11: Lower supervisory and technical occupations,59,88,-29
E01004333,L12: Semi-routine occupations,122,136,-14
E01004333,L13: Routine occupations,139,114,25
E01004333,L14.1 and L14.2: Never worked and long-term unemployed,189,154,35
E01004333,L15: Full-time students,135,167,-32
E01004333,"L4, L5 and L6: Lower managerial, administrative and professional occupations",201,248,-47
E01004333,L7: Intermediate occupations,119,115,4
E01004333,L8 and L9: Small employers and own account workers,151,148,3
E01004334,"L1, L2 and L3: Higher managerial, administrative and professional occupations",87,26,61
E01004334,L10 and L11: Lower supervisory and technical occupations,68,79,-11
E01004334,L12: Semi-routine occupations,154,152,2
E01004334,L13: Routine occupations,189,159,30
E01004334,L14.1 and L14.2: Never worked and long-term unemployed,204,164,40
E01004334,L15: Full-time students,135,130,5
E01004334,"L4, L5 and L6: Lower managerial, administrative and professional occupations",203,145,58
E01004334,L7: Intermediate occupations,118,94,24
E01004334,L8 and L9: Small employers and own account workers,325,107,218
E01004335,"L1, L2 and L3: Higher managerial, administrative and professional occupations",102,41,61
E01004335,L10 and L11: Lower supervisory and technical occupations,86,98,-12
E01004335,L12: Semi-routine occupations,179,184,-5
E01004335,L13: Routine occupations,173,155,18
E01004335,L14.1 and L14.2: Never worked and long-term unemployed,223,212,11
E01004335,L15: Full-time students,134,219,-85
E01004335,"L4, L5 and L6: Lower managerial, administrative and professional occupations",190,143,47
E01004335,L7: Intermediate occupations,139,95,44
E01004335,L8 and L9: Small employers and own account workers,130,91,39
E01004336,"L1, L2 and L3: Higher managerial, administrative and professional occupations",128,63,65
E01004336,L10 and L11: Lower supervisory and technical occupations,107,107,0
E01004336,L12: Semi-routine occupations,126,194,-68
E01004336,L13: Routine occupations,157,103,54
E01004336,L14.1 and L14.2: Never worked and long-term unemployed,166,157,9
E01004336,L15: Full-time students,113,324,-211
E01004336,"L4, L5 and L6: Lower managerial, administrative and professional occupations",215,207,8
E01004336,L7: Intermediate occupations,117,121,-4
E01004336,L8 and L9: Small employers and own account workers,215,162,53
E01004337,"L1, L2 and L3: Higher managerial, administrative and professional occupations",155,68,87
E01004337,L10 and L11: Lower supervisory and technical occupations,64,90,-26
E01004337,L12: Semi-routine occupations,143,164,-21
E01004337,L13: Routine occupations,144,200,-56
E01004337,L14.1 and L14.2: Never worked and long-term unemployed,191,172,19
E01004337,L15: Full-time students,185,193,-8
E01004337,"L4, L5 and L6: Lower managerial, administrative and professional occupations",234,188,46
E01004337,L7: Intermediate occupations,114,110,4
E01004337,L8 and L9: Small employers and own account workers,199,251,-52
E01004338,"L1, L2 and L3: Higher managerial, administrative and professional occupations",161,80,81
E01004338,L10 and L11: Lower supervisory and technical occupations,99,97,2
E01004338,L12: Semi-routine occupations,140,169,-29
E01004338,L13: Routine occupations,198,133,65
E01004338,L14.1 and L14.2: Never worked and long-term unemployed,163,132,31
E01004338,L15: Full-time students,172,214,-42
E01004338,"L4, L5 and L6: Lower managerial, administrative and professional occupations",301,274,27
E01004338,L7: Intermediate occupations,116,148,-32
E01004338,L8 and L9: Small employers and own account workers,378,204,174
E01004339,"L1, L2 and L3: Higher managerial, administrative and professional occupations",235,108,127
E01004339,L10 and L11: Lower supervisory and technical occupations,56,130,-74
E01004339,L12: Semi-routine occupations,125,146,-21
E01004339,L13: Routine occupations,146,108,38
E01004339,L14.1 and L14.2: Never worked and long-term unemployed,121,127,-6
E01004339,L15: Full-time students,99,166,-67
E01004339,"L4, L5 and L6: Lower managerial, administrative and professional occupations",312,289,23
E01004339,L7: Intermediate occupations,157,126,31
E01004339,L8 and L9: Small employers and own account workers,227,164,63
E01004340,"L1, L2 and L3: Higher managerial, administrative and professional occupations",125,70,55
E01004340,L10 and L11: Lower supervisory and technical occupations,77,103,-26
E01004340,L12: Semi-routine occupations,185,193,-8
E01004340,L13: Routine occupations,186,152,34
E01004340,L14.1 and L14.2: Never worked and long-term unemployed,213,199,14
E01004340,L15: Full-time students,177,190,-13
E01004340,"L4, L5 and L6: Lower managerial, administrative and professional occupations",258,207,51
E01004340,L7: Intermediate occupations,130,155,-25
E01004340,L8 and L9: Small employers and own account workers,190,137,53
E01004341,"L1, L2 and L3: Higher managerial, administrative and professional occupations",149,59,90
E01004341,L10 and L11: Lower supervisory and technical occupations,91,87,4
E01004341,L12: Semi-routine occupations,190,165,25
E01004341,L13: Routine occupations,203,141,62
E01004341,L14.1 and L14.2: Never worked and long-term unemployed,241,205,36
E01004341,L15: Full-time students,156,191,-35
E01004341,"L4, L5 and L6: Lower managerial, administrative and professional occupations",243,209,34
E01004341,L7: Intermediate occupations,145,118,27
E01004341,L8 and L9: Small employers and own account workers,187,120,67
E01004342,"L1, L2 and L3: Higher managerial, administrative and professional occupations",223,95,128
E01004342,L10 and L11: Lower supervisory and technical occupations,68,74,-6
E01004342,L12: Semi-routine occupations,144,181,-37
E01004342,L13: Routine occupations,139,142,-3
E01004342,L14.1 and L14.2: Never worked and long-term unemployed,154,163,-9
E01004342,L15: Full-time students,149,299,-150
E01004342,"L4, L5 and L6: Lower managerial, administrative and professional occupations",348,276,72
E01004342,L7: Intermediate occupations,151,135,16
E01004342,L8 and L9: Small employers and own account workers,222,194,28
E01004343,"L1, L2 and L3: Higher managerial, administrative and professional occupations",257,116,141
E01004343,L10 and L11: Lower supervisory and technical occupations,68,75,-7
E01004343,L12: Semi-routine occupations,108,122,-14
E01004343,L13: Routine occupations,102,90,12
E01004343,L14.1 and L14.2: Never worked and long-term unemployed,105,64,41
E01004343,L15: Full-time students,110,119,-9
E01004343,"L4, L5 and L6: Lower managerial, administrative and professional occupations",334,312,22
E01004343,L7: Intermediate occupations,173,233,-60
E01004343,L8 and L9: Small employers and own account workers,215,179,36
E01004344,"L1, L2 and L3: Higher managerial, administrative and professional occupations",135,80,55
E01004344,L10 and L11: Lower supervisory and technical occupations,50,79,-29
E01004344,L12: Semi-routine occupations,162,176,-14
E01004344,L13: Routine occupations,154,98,56
E01004344,L14.1 and L14.2: Never worked and long-term unemployed,181,158,23
E01004344,L15: Full-time students,147,138,9
E01004344,"L4, L5 and L6: Lower managerial, administrative and professional occupations",259,233,26
E01004344,L7: Intermediate occupations,162,148,14
E01004344,L8 and L9: Small employers and own account workers,178,167,11
E01004345,"L1, L2 and L3: Higher managerial, administrative and professional occupations",181,100,81
E01004345,L10 and L11: Lower supervisory and technical occupations,77,84,-7
E01004345,L12: Semi-routine occupations,118,181,-63
E01004345,L13: Routine occupations,140,135,5
E01004345,L14.1 and L14.2: Never worked and long-term unemployed,134,133,1
E01004345,L15: Full-time students,124,169,-45
E01004345,"L4, L5 and L6: Lower managerial, administrative and professional occupations",274,231,43
E01004345,L7: Intermediate occupations,143,160,-17
E01004345,L8 and L9: Small employers and own account workers,226,179,47
E01004346,"L1, L2 and L3: Higher managerial, administrative and professional occupations",185,91,94
E01004346,L10 and L11: Lower supervisory and technical occupations,62,73,-11
E01004346,L12: Semi-routine occupations,108,120,-12
E01004346,L13: Routine occupations,120,97,23
E01004346,L14.1 and L14.2: Never worked and long-term unemployed,107,111,-4
E01004346,L15: Full-time students,154,112,42
E01004346,"L4, L5 and L6: Lower managerial, administrative and professional occupations",307,267,40
E01004346,L7: Intermediate occupations,149,156,-7
E01004346,L8 and L9: Small employers and own account workers,181,138,43
E01004347,"L1, L2 and L3: Higher managerial, administrative and professional occupations",306,150,156
E01004347,L10 and L11: Lower supervisory and technical occupations,63,84,-21
E01004347,L12: Semi-routine occupations,120,153,-33
E01004347,L13: Routine occupations,126,108,18
E01004347,L14.1 and L14.2: Never worked and long-term unemployed,134,113,21
E01004347,L15: Full-time students,100,111,-11
E01004347,"L4, L5 and L6: Lower managerial, administrative and professional occupations",437,390,47
E01004347,L7: Intermediate occupations,140,194,-54
E01004347,L8 and L9: Small employers and own account workers,220,175,45
E01004348,"L1, L2 and L3: Higher managerial, administrative and professional occupations",391,192,199
E01004348,L10 and L11: Lower supervisory and technical occupations,88,130,-42
E01004348,L12: Semi-routine occupations,193,232,-39
E01004348,L13: Routine occupations,183,185,-2
E01004348,L14.1 and L14.2: Never worked and long-term unemployed,202,190,12
E01004348,L15: Full-time students,208,187,21
E01004348,"L4, L5 and L6: Lower managerial, administrative and professional occupations",554,397,157
E01004348,L7: Intermediate occupations,190,212,-22
E01004348,L8 and L9: Small employers and own account workers,312,256,56
E01004349,"L1, L2 and L3: Higher managerial, administrative and professional occupations",114,73,41
E01004349,L10 and L11: Lower supervisory and technical occupations,38,73,-35
E01004349,L12: Semi-routine occupations,135,137,-2
E01004349,L13: Routine occupations,141,113,28
E01004349,L14.1 and L14.2: Never worked and long-term unemployed,129,83,46
E01004349,L15: Full-time students,97,105,-8
E01004349,"L4, L5 and L6: Lower managerial, administrative and professional occupations",248,171,77
E01004349,L7: Intermediate occupations,158,162,-4
E01004349,L8 and L9: Small employers and own account workers,142,101,41
E01004350,"L1, L2 and L3: Higher managerial, administrative and professional occupations",139,102,37
E01004350,L10 and L11: Lower supervisory and technical occupations,95,89,6
E01004350,L12: Semi-routine occupations,164,137,27
E01004350,L13: Routine occupations,192,102,90
E01004350,L14.1 and L14.2: Never worked and long-term unemployed,218,76,142
E01004350,L15: Full-time students,91,68,23
E01004350,"L4, L5 and L6: Lower managerial, administrative and professional occupations",314,189,125
E01004350,L7: Intermediate occupations,194,188,6
E01004350,L8 and L9: Small employers and own account workers,194,147,47
E01004351,"L1, L2 and L3: Higher managerial, administrative and professional occupations",194,111,83
E01004351,L10 and L11: Lower supervisory and technical occupations,46,65,-19
E01004351,L12: Semi-routine occupations,125,109,16
E01004351,L13: Routine occupations,94,90,4
E01004351,L14.1 and L14.2: Never worked and long-term unemployed,104,45,59
E01004351,L15: Full-time students,65,85,-20
E01004351,"L4, L5 and L6: Lower managerial, administrative and professional occupations",291,257,34
E01004351,L7: Intermediate occupations,212,211,1
E01004351,L8 and L9: Small employers and own account workers,203,157,46
E01004352,"L1, L2 and L3: Higher managerial, administrative and professional occupations",344,256,88
E01004352,L10 and L11: Lower supervisory and technical occupations,52,50,2
E01004352,L12: Semi-routine occupations,120,90,30
E01004352,L13: Routine occupations,101,49,52
E01004352,L14.1 and L14.2: Never worked and long-term unemployed,125,36,89
E01004352,L15: Full-time students,72,95,-23
E01004352,"L4, L5 and L6: Lower managerial, administrative and professional occupations",401,392,9
E01004352,L7: Intermediate occupations,189,244,-55
E01004352,L8 and L9: Small employers and own account workers,220,168,52
E01004353,"L1, L2 and L3: Higher managerial, administrative and professional occupations",285,207,78
E01004353,L10 and L11: Lower supervisory and technical occupations,61,54,7
E01004353,L12: Semi-routine occupations,124,97,27
E01004353,L13: Routine occupations,107,83,24
E01004353,L14.1 and L14.2: Never worked and long-term unemployed,101,67,34
E01004353,L15: Full-time students,74,89,-15
E01004353,"L4, L5 and L6: Lower managerial, administrative and professional occupations",400,332,68
E01004353,L7: Intermediate occupations,198,233,-35
E01004353,L8 and L9: Small employers and own account workers,181,174,7
E01004354,"L1, L2 and L3: Higher managerial, administrative and professional occupations",283,177,106
E01004354,L10 and L11: Lower supervisory and technical occupations,73,51,22
E01004354,L12: Semi-routine occupations,118,131,-13
E01004354,L13: Routine occupations,103,80,23
E01004354,L14.1 and L14.2: Never worked and long-term unemployed,101,47,54
E01004354,L15: Full-time students,97,80,17
E01004354,"L4, L5 and L6: Lower managerial, administrative and professional occupations",354,354,0
E01004354,L7: Intermediate occupations,185,230,-45
E01004354,L8 and L9: Small employers and own account workers,218,143,75
E01004355,"L1, L2 and L3: Higher managerial, administrative and professional occupations",168,107,61
E01004355,L10 and L11: Lower supervisory and technical occupations,57,53,4
E01004355,L12: Semi-routine occupations,102,137,-35
E01004355,L13: Routine occupations,116,85,31
E01004355,L14.1 and L14.2: Never worked and long-term unemployed,137,90,47
E01004355,L15: Full-time students,93,110,-17
E01004355,"L4, L5 and L6: Lower managerial, administrative and professional occupations",274,256,18
E01004355,L7: Intermediate occupations,164,202,-38
E01004355,L8 and L9: Small employers and own account workers,190,124,66
E01004356,"L1, L2 and L3: Higher managerial, administrative and professional occupations",149,71,78
E01004356,L10 and L11: Lower supervisory and technical occupations,57,81,-24
E01004356,L12: Semi-routine occupations,139,130,9
E01004356,L13: Routine occupations,137,105,32
E01004356,L14.1 and L14.2: Never worked and long-term unemployed,139,97,42
E01004356,L15: Full-time students,107,130,-23
E01004356,"L4, L5 and L6: Lower managerial, administrative and professional occupations",270,233,37
E01004356,L7: Intermediate occupations,173,189,-16
E01004356,L8 and L9: Small employers and own account workers,194,139,55
E01004357,"L1, L2 and L3: Higher managerial, administrative and professional occupations",176,113,63
E01004357,L10 and L11: Lower supervisory and technical occupations,60,64,-4
E01004357,L12: Semi-routine occupations,132,112,20
E01004357,L13: Routine occupations,99,90,9
E01004357,L14.1 and L14.2: Never worked and long-term unemployed,123,79,44
E01004357,L15: Full-time students,138,93,45
E01004357,"L4, L5 and L6: Lower managerial, administrative and professional occupations",258,216,42
E01004357,L7: Intermediate occupations,148,171,-23
E01004357,L8 and L9: Small employers and own account workers,179,167,12
E01004358,"L1, L2 and L3: Higher managerial, administrative and professional occupations",254,145,109
E01004358,L10 and L11: Lower supervisory and technical occupations,52,57,-5
E01004358,L12: Semi-routine occupations,128,121,7
E01004358,L13: Routine occupations,112,92,20
E01004358,L14.1 and L14.2: Never worked and long-term unemployed,140,58,82
E01004358,L15: Full-time students,91,86,5
E01004358,"L4, L5 and L6: Lower managerial, administrative and professional occupations",367,316,51
E01004358,L7: Intermediate occupations,207,198,9
E01004358,L8 and L9: Small employers and own account workers,237,127,110
E01004359,"L1, L2 and L3: Higher managerial, administrative and professional occupations",243,137,106
E01004359,L10 and L11: Lower supervisory and technical occupations,58,64,-6
E01004359,L12: Semi-routine occupations,122,103,19
E01004359,L13: Routine occupations,98,88,10
E01004359,L14.1 and L14.2: Never worked and long-term unemployed,82,57,25
E01004359,L15: Full-time students,97,123,-26
E01004359,"L4, L5 and L6: Lower managerial, administrative and professional occupations",328,301,27
E01004359,L7: Intermediate occupations,171,228,-57
E01004359,L8 and L9: Small employers and own account workers,170,145,25
E01004360,"L1, L2 and L3: Higher managerial, administrative and professional occupations",150,102,48
E01004360,L10 and L11: Lower supervisory and technical occupations,41,54,-13
E01004360,L12: Semi-routine occupations,108,96,12
E01004360,L13: Routine occupations,58,70,-12
E01004360,L14.1 and L14.2: Never worked and long-term unemployed,66,51,15
E01004360,L15: Full-time students,70,84,-14
E01004360,"L4, L5 and L6: Lower managerial, administrative and professional occupations",273,237,36
E01004360,L7: Intermediate occupations,177,167,10
E01004360,L8 and L9: Small employers and own account workers,154,119,35
E01004361,"L1, L2 and L3: Higher managerial, administrative and professional occupations",139,95,44
E01004361,L10 and L11: Lower supervisory and technical occupations,53,51,2
E01004361,L12: Semi-routine occupations,87,108,-21
E01004361,L13: Routine occupations,75,70,5
E01004361,L14.1 and L14.2: Never worked and long-term unemployed,76,52,24
E01004361,L15: Full-time students,67,85,-18
E01004361,"L4, L5 and L6: Lower managerial, administrative and professional occupations",251,224,27
E01004361,L7: Intermediate occupations,162,162,0
E01004361,L8 and L9: Small employers and own account workers,209,152,57
E01004362,"L1, L2 and L3: Higher managerial, administrative and professional occupations",267,175,92
E01004362,L10 and L11: Lower supervisory and technical occupations,43,56,-13
E01004362,L12: Semi-routine occupations,70,97,-27
E01004362,L13: Routine occupations,94,96,-2
E01004362,L14.1 and L14.2: Never worked and long-term unemployed,106,114,-8
E01004362,L15: Full-time students,96,138,-42
E01004362,"L4, L5 and L6: Lower managerial, administrative and professional occupations",370,336,34
E01004362,L7: Intermediate occupations,106,127,-21
E01004362,L8 and L9: Small employers and own account workers,155,146,9
E01004363,"L1, L2 and L3: Higher managerial, administrative and professional occupations",171,93,78
E01004363,L10 and L11: Lower supervisory and technical occupations,49,56,-7
E01004363,L12: Semi-routine occupations,97,124,-27
E01004363,L13: Routine occupations,116,114,2
E01004363,L14.1 and L14.2: Never worked and long-term unemployed,119,87,32
E01004363,L15: Full-time students,102,146,-44
E01004363,"L4, L5 and L6: Lower managerial, administrative and professional occupations",310,256,54
E01004363,L7: Intermediate occupations,118,153,-35
E01004363,L8 and L9: Small employers and own account workers,200,155,45
E01004364,"L1, L2 and L3: Higher managerial, administrative and professional occupations",155,79,76
E01004364,L10 and L11: Lower supervisory and technical occupations,57,64,-7
E01004364,L12: Semi-routine occupations,153,154,-1
E01004364,L13: Routine occupations,138,129,9
E01004364,L14.1 and L14.2: Never worked and long-term unemployed,240,171,69
E01004364,L15: Full-time students,162,206,-44
E01004364,"L4, L5 and L6: Lower managerial, administrative and professional occupations",287,195,92
E01004364,L7: Intermediate occupations,153,137,16
E01004364,L8 and L9: Small employers and own account workers,186,109,77
E01004365,"L1, L2 and L3: Higher managerial, administrative and professional occupations",155,61,94
E01004365,L10 and L11: Lower supervisory and technical occupations,117,83,34
E01004365,L12: Semi-routine occupations,214,217,-3
E01004365,L13: Routine occupations,246,173,73
E01004365,L14.1 and L14.2: Never worked and long-term unemployed,316,248,68
E01004365,L15: Full-time students,171,352,-181
E01004365,"L4, L5 and L6: Lower managerial, administrative and professional occupations",266,210,56
E01004365,L7: Intermediate occupations,182,193,-11
E01004365,L8 and L9: Small employers and own account workers,318,268,50
E01004366,"L1, L2 and L3: Higher managerial, administrative and professional occupations",245,137,108
E01004366,L10 and L11: Lower supervisory and technical occupations,68,71,-3
E01004366,L12: Semi-routine occupations,120,150,-30
E01004366,L13: Routine occupations,140,99,41
E01004366,L14.1 and L14.2: Never worked and long-term unemployed,160,188,-28
E01004366,L15: Full-time students,126,188,-62
E01004366,"L4, L5 and L6: Lower managerial, administrative and professional occupations",368,302,66
E01004366,L7: Intermediate occupations,159,168,-9
E01004366,L8 and L9: Small employers and own account workers,217,137,80
E01004367,"L1, L2 and L3: Higher managerial, administrative and professional occupations",140,76,64
E01004367,L10 and L11: Lower supervisory and technical occupations,68,63,5
E01004367,L12: Semi-routine occupations,125,149,-24
E01004367,L13: Routine occupations,133,106,27
E01004367,L14.1 and L14.2: Never worked and long-term unemployed,172,175,-3
E01004367,L15: Full-time students,105,141,-36
E01004367,"L4, L5 and L6: Lower managerial, administrative and professional occupations",239,201,38
E01004367,L7: Intermediate occupations,122,133,-11
E01004367,L8 and L9: Small employers and own account workers,163,175,-12
E01004368,"L1, L2 and L3: Higher managerial, administrative and professional occupations",230,136,94
E01004368,L10 and L11: Lower supervisory and technical occupations,76,75,1
E01004368,L12: Semi-routine occupations,127,146,-19
E01004368,L13: Routine occupations,143,123,20
E01004368,L14.1 and L14.2: Never worked and long-term unemployed,256,138,118
E01004368,L15: Full-time students,221,190,31
E01004368,"L4, L5 and L6: Lower managerial, administrative and professional occupations",364,349,15
E01004368,L7: Intermediate occupations,175,166,9
E01004368,L8 and L9: Small employers and own account workers,266,182,84
E01004369,"L1, L2 and L3: Higher managerial, administrative and professional occupations",225,101,124
E01004369,L10 and L11: Lower supervisory and technical occupations,62,80,-18
E01004369,L12: Semi-routine occupations,115,121,-6
E01004369,L13: Routine occupations,152,132,20
E01004369,L14.1 and L14.2: Never worked and long-term unemployed,114,127,-13
E01004369,L15: Full-time students,116,174,-58
E01004369,"L4, L5 and L6: Lower managerial, administrative and professional occupations",309,261,48
E01004369,L7: Intermediate occupations,98,135,-37
E01004369,L8 and L9: Small employers and own account workers,231,197,34
E01004370,"L1, L2 and L3: Higher managerial, administrative and professional occupations",292,114,178
E01004370,L10 and L11: Lower supervisory and technical occupations,84,64,20
E01004370,L12: Semi-routine occupations,134,155,-21
E01004370,L13: Routine occupations,121,129,-8
E01004370,L14.1 and L14.2: Never worked and long-term unemployed,137,111,26
E01004370,L15: Full-time students,104,189,-85
E01004370,"L4, L5 and L6: Lower managerial, administrative and professional occupations",438,285,153
E01004370,L7: Intermediate occupations,137,137,0
E01004370,L8 and L9: Small employers and own account workers,251,163,88
E01004371,"L1, L2 and L3: Higher managerial, administrative and professional occupations",214,157,57
E01004371,L10 and L11: Lower supervisory and technical occupations,54,77,-23
E01004371,L12: Semi-routine occupations,97,136,-39
E01004371,L13: Routine occupations,105,104,1
E01004371,L14.1 and L14.2: Never worked and long-term unemployed,139,137,2
E01004371,L15: Full-time students,94,166,-72
E01004371,"L4, L5 and L6: Lower managerial, administrative and professional occupations",325,305,20
E01004371,L7: Intermediate occupations,114,165,-51
E01004371,L8 and L9: Small employers and own account workers,188,130,58
E01004372,"L1, L2 and L3: Higher managerial, administrative and professional occupations",249,153,96
E01004372,L10 and L11: Lower supervisory and technical occupations,61,91,-30
E01004372,L12: Semi-routine occupations,90,125,-35
E01004372,L13: Routine occupations,99,146,-47
E01004372,L14.1 and L14.2: Never worked and long-term unemployed,93,116,-23
E01004372,L15: Full-time students,86,113,-27
E01004372,"L4, L5 and L6: Lower managerial, administrative and professional occupations",409,332,77
E01004372,L7: Intermediate occupations,87,150,-63
E01004372,L8 and L9: Small employers and own account workers,195,172,23
E01004373,"L1, L2 and L3: Higher managerial, administrative and professional occupations",188,63,125
E01004373,L10 and L11: Lower supervisory and technical occupations,67,101,-34
E01004373,L12: Semi-routine occupations,122,161,-39
E01004373,L13: Routine occupations,169,158,11
E01004373,L14.1 and L14.2: Never worked and long-term unemployed,187,151,36
E01004373,L15: Full-time students,117,207,-90
E01004373,"L4, L5 and L6: Lower managerial, administrative and professional occupations",286,214,72
E01004373,L7: Intermediate occupations,119,134,-15
E01004373,L8 and L9: Small employers and own account workers,195,187,8
E01004374,"L1, L2 and L3: Higher managerial, administrative and professional occupations",238,141,97
E01004374,L10 and L11: Lower supervisory and technical occupations,75,83,-8
E01004374,L12: Semi-routine occupations,123,175,-52
E01004374,L13: Routine occupations,165,129,36
E01004374,L14.1 and L14.2: Never worked and long-term unemployed,148,117,31
E01004374,L15: Full-time students,139,182,-43
E01004374,"L4, L5 and L6: Lower managerial, administrative and professional occupations",352,326,26
E01004374,L7: Intermediate occupations,137,146,-9
E01004374,L8 and L9: Small employers and own account workers,239,171,68
E01004375,"L1, L2 and L3: Higher managerial, administrative and professional occupations",201,96,105
E01004375,L10 and L11: Lower supervisory and technical occupations,67,93,-26
E01004375,L12: Semi-routine occupations,166,151,15
E01004375,L13: Routine occupations,147,147,0
E01004375,L14.1 and L14.2: Never worked and long-term unemployed,169,161,8
E01004375,L15: Full-time students,125,198,-73
E01004375,"L4, L5 and L6: Lower managerial, administrative and professional occupations",338,257,81
E01004375,L7: Intermediate occupations,132,135,-3
E01004375,L8 and L9: Small employers and own account workers,265,209,56
E01004376,"L1, L2 and L3: Higher managerial, administrative and professional occupations",191,128,63
E01004376,L10 and L11: Lower supervisory and technical occupations,82,105,-23
E01004376,L12: Semi-routine occupations,128,185,-57
E01004376,L13: Routine occupations,164,144,20
E01004376,L14.1 and L14.2: Never worked and long-term unemployed,179,170,9
E01004376,L15: Full-time students,157,266,-109
E01004376,"L4, L5 and L6: Lower managerial, administrative and professional occupations",316,255,61
E01004376,L7: Intermediate occupations,134,155,-21
E01004376,L8 and L9: Small employers and own account workers,262,229,33
E01004377,"L1, L2 and L3: Higher managerial, administrative and professional occupations",235,163,72
E01004377,L10 and L11: Lower supervisory and technical occupations,40,68,-28
E01004377,L12: Semi-routine occupations,125,117,8
E01004377,L13: Routine occupations,114,88,26
E01004377,L14.1 and L14.2: Never worked and long-term unemployed,127,98,29
E01004377,L15: Full-time students,110,139,-29
E01004377,"L4, L5 and L6: Lower managerial, administrative and professional occupations",322,297,25
E01004377,L7: Intermediate occupations,145,157,-12
E01004377,L8 and L9: Small employers and own account workers,226,142,84
E01004378,"L1, L2 and L3: Higher managerial, administrative and professional occupations",225,130,95
E01004378,L10 and L11: Lower supervisory and technical occupations,84,72,12
E01004378,L12: Semi-routine occupations,132,123,9
E01004378,L13: Routine occupations,128,128,0
E01004378,L14.1 and L14.2: Never worked and long-term unemployed,158,137,21
E01004378,L15: Full-time students,107,132,-25
E01004378,"L4, L5 and L6: Lower managerial, administrative and professional occupations",318,309,9
E01004378,L7: Intermediate occupations,126,154,-28
E01004378,L8 and L9: Small employers and own account workers,189,169,20
E01004379,"L1, L2 and L3: Higher managerial, administrative and professional occupations",298,125,173
E01004379,L10 and L11: Lower supervisory and technical occupations,64,56,8
E01004379,L12: Semi-routine occupations,109,103,6
E01004379,L13: Routine occupations,108,70,38
E01004379,L14.1 and L14.2: Never worked and long-term unemployed,101,40,61
E01004379,L15: Full-time students,83,93,-10
E01004379,"L4, L5 and L6: Lower managerial, administrative and professional occupations",436,268,168
E01004379,L7: Intermediate occupations,169,189,-20
E01004379,L8 and L9: Small employers and own account workers,183,116,67
E01004380,"L1, L2 and L3: Higher managerial, administrative and professional occupations",220,140,80
E01004380,L10 and L11: Lower supervisory and technical occupations,67,68,-1
E01004380,L12: Semi-routine occupations,108,101,7
E01004380,L13: Routine occupations,151,76,75
E01004380,L14.1 and L14.2: Never worked and long-term unemployed,120,56,64
E01004380,L15: Full-time students,132,83,49
E01004380,"L4, L5 and L6: Lower managerial, administrative and professional occupations",290,272,18
E01004380,L7: Intermediate occupations,157,168,-11
E01004380,L8 and L9: Small employers and own account workers,164,130,34
E01004381,"L1, L2 and L3: Higher managerial, administrative and professional occupations",295,163,132
E01004381,L10 and L11: Lower supervisory and technical occupations,69,67,2
E01004381,L12: Semi-routine occupations,106,118,-12
E01004381,L13: Routine occupations,116,78,38
E01004381,L14.1 and L14.2: Never worked and long-term unemployed,89,71,18
E01004381,L15: Full-time students,117,129,-12
E01004381,"L4, L5 and L6: Lower managerial, administrative and professional occupations",404,367,37
E01004381,L7: Intermediate occupations,186,182,4
E01004381,L8 and L9: Small employers and own account workers,204,151,53
E01004382,"L1, L2 and L3: Higher managerial, administrative and professional occupations",146,63,83
E01004382,L10 and L11: Lower supervisory and technical occupations,57,67,-10
E01004382,L12: Semi-routine occupations,170,143,27
E01004382,L13: Routine occupations,141,93,48
E01004382,L14.1 and L14.2: Never worked and long-term unemployed,157,132,25
E01004382,L15: Full-time students,132,129,3
E01004382,"L4, L5 and L6: Lower managerial, administrative and professional occupations",235,203,32
E01004382,L7: Intermediate occupations,120,150,-30
E01004382,L8 and L9: Small employers and own account workers,144,110,34
E01004383,"L1, L2 and L3: Higher managerial, administrative and professional occupations",219,112,107
E01004383,L10 and L11: Lower supervisory and technical occupations,49,55,-6
E01004383,L12: Semi-routine occupations,101,119,-18
E01004383,L13: Routine occupations,101,80,21
E01004383,L14.1 and L14.2: Never worked and long-term unemployed,80,71,9
E01004383,L15: Full-time students,102,108,-6
E01004383,"L4, L5 and L6: Lower managerial, administrative and professional occupations",348,273,75
E01004383,L7: Intermediate occupations,170,189,-19
E01004383,L8 and L9: Small employers and own account workers,153,149,4
E01004384,"L1, L2 and L3: Higher managerial, administrative and professional occupations",111,73,38
E01004384,L10 and L11: Lower supervisory and technical occupations,63,93,-30
E01004384,L12: Semi-routine occupations,175,171,4
E01004384,L13: Routine occupations,192,170,22
E01004384,L14.1 and L14.2: Never worked and long-term unemployed,287,138,149
E01004384,L15: Full-time students,127,106,21
E01004384,"L4, L5 and L6: Lower managerial, administrative and professional occupations",269,211,58
E01004384,L7: Intermediate occupations,165,168,-3
E01004384,L8 and L9: Small employers and own account workers,204,118,86
E01004385,"L1, L2 and L3: Higher managerial, administrative and professional occupations",196,100,96
E01004385,L10 and L11: Lower supervisory and technical occupations,47,62,-15
E01004385,L12: Semi-routine occupations,125,110,15
E01004385,L13: Routine occupations,91,71,20
E01004385,L14.1 and L14.2: Never worked and long-term unemployed,129,90,39
E01004385,L15: Full-time students,96,76,20
E01004385,"L4, L5 and L6: Lower managerial, administrative and professional occupations",260,207,53
E01004385,L7: Intermediate occupations,146,126,20
E01004385,L8 and L9: Small employers and own account workers,133,121,12
E01004386,"L1, L2 and L3: Higher managerial, administrative and professional occupations",252,147,105
E01004386,L10 and L11: Lower supervisory and technical occupations,57,69,-12
E01004386,L12: Semi-routine occupations,94,102,-8
E01004386,L13: Routine occupations,92,75,17
E01004386,L14.1 and L14.2: Never worked and long-term unemployed,75,41,34
E01004386,L15: Full-time students,69,95,-26
E01004386,"L4, L5 and L6: Lower managerial, administrative and professional occupations",363,303,60
E01004386,L7: Intermediate occupations,179,230,-51
E01004386,L8 and L9: Small employers and own account workers,209,162,47
E01004387,"L1, L2 and L3: Higher managerial, administrative and professional occupations",254,155,99
E01004387,L10 and L11: Lower supervisory and technical occupations,44,51,-7
E01004387,L12: Semi-routine occupations,96,97,-1
E01004387,L13: Routine occupations,80,72,8
E01004387,L14.1 and L14.2: Never worked and long-term unemployed,59,35,24
E01004387,L15: Full-time students,77,102,-25
E01004387,"L4, L5 and L6: Lower managerial, administrative and professional occupations",297,296,1
E01004387,L7: Intermediate occupations,148,208,-60
E01004387,L8 and L9: Small employers and own account workers,135,106,29
E01004388,"L1, L2 and L3: Higher managerial, administrative and professional occupations",200,145,55
E01004388,L10 and L11: Lower supervisory and technical occupations,44,68,-24
E01004388,L12: Semi-routine occupations,91,111,-20
E01004388,L13: Routine occupations,106,80,26
E01004388,L14.1 and L14.2: Never worked and long-term unemployed,158,75,83
E01004388,L15: Full-time students,64,82,-18
E01004388,"L4, L5 and L6: Lower managerial, administrative and professional occupations",315,274,41
E01004388,L7: Intermediate occupations,153,151,2
E01004388,L8 and L9: Small employers and own account workers,183,124,59
E01004389,"L1, L2 and L3: Higher managerial, administrative and professional occupations",142,67,75
E01004389,L10 and L11: Lower supervisory and technical occupations,78,66,12
E01004389,L12: Semi-routine occupations,155,164,-9
E01004389,L13: Routine occupations,144,133,11
E01004389,L14.1 and L14.2: Never worked and long-term unemployed,161,94,67
E01004389,L15: Full-time students,84,76,8
E01004389,"L4, L5 and L6: Lower managerial, administrative and professional occupations",264,219,45
E01004389,L7: Intermediate occupations,154,167,-13
E01004389,L8 and L9: Small employers and own account workers,207,162,45
E01004390,"L1, L2 and L3: Higher managerial, administrative and professional occupations",111,60,51
E01004390,L10 and L11: Lower supervisory and technical occupations,62,88,-26
E01004390,L12: Semi-routine occupations,154,162,-8
E01004390,L13: Routine occupations,145,143,2
E01004390,L14.1 and L14.2: Never worked and long-term unemployed,156,111,45
E01004390,L15: Full-time students,102,82,20
E01004390,"L4, L5 and L6: Lower managerial, administrative and professional occupations",226,176,50
E01004390,L7: Intermediate occupations,170,158,12
E01004390,L8 and L9: Small employers and own account workers,153,132,21
E01004391,"L1, L2 and L3: Higher managerial, administrative and professional occupations",337,144,193
E01004391,L10 and L11: Lower supervisory and technical occupations,74,92,-18
E01004391,L12: Semi-routine occupations,108,160,-52
E01004391,L13: Routine occupations,155,114,41
E01004391,L14.1 and L14.2: Never worked and long-term unemployed,147,125,22
E01004391,L15: Full-time students,233,118,115
E01004391,"L4, L5 and L6: Lower managerial, administrative and professional occupations",493,344,149
E01004391,L7: Intermediate occupations,147,177,-30
E01004391,L8 and L9: Small employers and own account workers,207,155,52
E01004392,"L1, L2 and L3: Higher managerial, administrative and professional occupations",293,136,157
E01004392,L10 and L11: Lower supervisory and technical occupations,94,83,11
E01004392,L12: Semi-routine occupations,177,187,-10
E01004392,L13: Routine occupations,167,140,27
E01004392,L14.1 and L14.2: Never worked and long-term unemployed,221,206,15
E01004392,L15: Full-time students,142,237,-95
E01004392,"L4, L5 and L6: Lower managerial, administrative and professional occupations",485,416,69
E01004392,L7: Intermediate occupations,175,159,16
E01004392,L8 and L9: Small employers and own account workers,277,229,48
E01004393,"L1, L2 and L3: Higher managerial, administrative and professional occupations",157,133,24
E01004393,L10 and L11: Lower supervisory and technical occupations,64,205,-141
E01004393,L12: Semi-routine occupations,118,149,-31
E01004393,L13: Routine occupations,166,159,7
E01004393,L14.1 and L14.2: Never worked and long-term unemployed,143,131,12
E01004393,L15: Full-time students,138,332,-194
E01004393,"L4, L5 and L6: Lower managerial, administrative and professional occupations",296,342,-46
E01004393,L7: Intermediate occupations,122,274,-152
E01004393,L8 and L9: Small employers and own account workers,174,197,-23
E01004394,"L1, L2 and L3: Higher managerial, administrative and professional occupations",239,104,135
E01004394,L10 and L11: Lower supervisory and technical occupations,64,81,-17
E01004394,L12: Semi-routine occupations,158,181,-23
E01004394,L13: Routine occupations,152,122,30
E01004394,L14.1 and L14.2: Never worked and long-term unemployed,239,172,67
E01004394,L15: Full-time students,129,130,-1
E01004394,"L4, L5 and L6: Lower managerial, administrative and professional occupations",324,274,50
E01004394,L7: Intermediate occupations,157,157,0
E01004394,L8 and L9: Small employers and own account workers,183,129,54
E01004395,"L1, L2 and L3: Higher managerial, administrative and professional occupations",268,119,149
E01004395,L10 and L11: Lower supervisory and technical occupations,62,59,3
E01004395,L12: Semi-routine occupations,112,131,-19
E01004395,L13: Routine occupations,101,116,-15
E01004395,L14.1 and L14.2: Never worked and long-term unemployed,90,86,4
E01004395,L15: Full-time students,84,93,-9
E01004395,"L4, L5 and L6: Lower managerial, administrative and professional occupations",345,273,72
E01004395,L7: Intermediate occupations,118,122,-4
E01004395,L8 and L9: Small employers and own account workers,159,161,-2
E01004396,"L1, L2 and L3: Higher managerial, administrative and professional occupations",226,96,130
E01004396,L10 and L11: Lower supervisory and technical occupations,88,84,4
E01004396,L12: Semi-routine occupations,144,160,-16
E01004396,L13: Routine occupations,150,125,25
E01004396,L14.1 and L14.2: Never worked and long-term unemployed,176,159,17
E01004396,L15: Full-time students,110,128,-18
E01004396,"L4, L5 and L6: Lower managerial, administrative and professional occupations",356,266,90
E01004396,L7: Intermediate occupations,114,135,-21
E01004396,L8 and L9: Small employers and own account workers,209,187,22
E01004397,"L1, L2 and L3: Higher managerial, administrative and professional occupations",375,175,200
E01004397,L10 and L11: Lower supervisory and technical occupations,105,106,-1
E01004397,L12: Semi-routine occupations,193,190,3
E01004397,L13: Routine occupations,212,153,59
E01004397,L14.1 and L14.2: Never worked and long-term unemployed,256,203,53
E01004397,L15: Full-time students,199,238,-39
E01004397,"L4, L5 and L6: Lower managerial, administrative and professional occupations",577,432,145
E01004397,L7: Intermediate occupations,212,202,10
E01004397,L8 and L9: Small employers and own account workers,280,171,109
E01004398,"L1, L2 and L3: Higher managerial, administrative and professional occupations",123,58,65
E01004398,L10 and L11: Lower supervisory and technical occupations,73,80,-7
E01004398,L12: Semi-routine occupations,190,199,-9
E01004398,L13: Routine occupations,185,172,13
E01004398,L14.1 and L14.2: Never worked and long-term unemployed,293,212,81
E01004398,L15: Full-time students,175,194,-19
E01004398,"L4, L5 and L6: Lower managerial, administrative and professional occupations",258,202,56
E01004398,L7: Intermediate occupations,146,151,-5
E01004398,L8 and L9: Small employers and own account workers,188,144,44
E01004399,"L1, L2 and L3: Higher managerial, administrative and professional occupations",98,44,54
E01004399,L10 and L11: Lower supervisory and technical occupations,61,64,-3
E01004399,L12: Semi-routine occupations,167,173,-6
E01004399,L13: Routine occupations,166,148,18
E01004399,L14.1 and L14.2: Never worked and long-term unemployed,236,192,44
E01004399,L15: Full-time students,207,176,31
E01004399,"L4, L5 and L6: Lower managerial, administrative and professional occupations",211,156,55
E01004399,L7: Intermediate occupations,138,122,16
E01004399,L8 and L9: Small employers and own account workers,169,134,35
E01004400,"L1, L2 and L3: Higher managerial, administrative and professional occupations",172,68,104
E01004400,L10 and L11: Lower supervisory and technical occupations,70,82,-12
E01004400,L12: Semi-routine occupations,135,173,-38
E01004400,L13: Routine occupations,146,132,14
E01004400,L14.1 and L14.2: Never worked and long-term unemployed,158,139,19
E01004400,L15: Full-time students,160,149,11
E01004400,"L4, L5 and L6: Lower managerial, administrative and professional occupations",299,242,57
E01004400,L7: Intermediate occupations,125,116,9
E01004400,L8 and L9: Small employers and own account workers,211,166,45
E01004401,"L1, L2 and L3: Higher managerial, administrative and professional occupations",265,113,152
E01004401,L10 and L11: Lower supervisory and technical occupations,76,85,-9
E01004401,L12: Semi-routine occupations,176,177,-1
E01004401,L13: Routine occupations,164,162,2
E01004401,L14.1 and L14.2: Never worked and long-term unemployed,170,129,41
E01004401,L15: Full-time students,140,195,-55
E01004401,"L4, L5 and L6: Lower managerial, administrative and professional occupations",423,317,106
E01004401,L7: Intermediate occupations,166,168,-2
E01004401,L8 and L9: Small employers and own account workers,268,231,37
E01004402,"L1, L2 and L3: Higher managerial, administrative and professional occupations",157,71,86
E01004402,L10 and L11: Lower supervisory and technical occupations,64,73,-9
E01004402,L12: Semi-routine occupations,152,162,-10
E01004402,L13: Routine occupations,147,130,17
E01004402,L14.1 and L14.2: Never worked and long-term unemployed,187,177,10
E01004402,L15: Full-time students,142,148,-6
E01004402,"L4, L5 and L6: Lower managerial, administrative and professional occupations",283,219,64
E01004402,L7: Intermediate occupations,135,131,4
E01004402,L8 and L9: Small employers and own account workers,183,156,27
E01004403,"L1, L2 and L3: Higher managerial, administrative and professional occupations",318,58,260
E01004403,L10 and L11: Lower supervisory and technical occupations,81,75,6
E01004403,L12: Semi-routine occupations,187,183,4
E01004403,L13: Routine occupations,193,127,66
E01004403,L14.1 and L14.2: Never worked and long-term unemployed,209,186,23
E01004403,L15: Full-time students,174,133,41
E01004403,"L4, L5 and L6: Lower managerial, administrative and professional occupations",411,248,163
E01004403,L7: Intermediate occupations,168,118,50
E01004403,L8 and L9: Small employers and own account workers,218,139,79
E01004404,"L1, L2 and L3: Higher managerial, administrative and professional occupations",285,98,187
E01004404,L10 and L11: Lower supervisory and technical occupations,92,100,-8
E01004404,L12: Semi-routine occupations,228,180,48
E01004404,L13: Routine occupations,213,187,26
E01004404,L14.1 and L14.2: Never worked and long-term unemployed,257,186,71
E01004404,L15: Full-time students,231,140,91
E01004404,"L4, L5 and L6: Lower managerial, administrative and professional occupations",369,274,95
E01004404,L7: Intermediate occupations,196,163,33
E01004404,L8 and L9: Small employers and own account workers,245,183,62
E01004405,"L1, L2 and L3: Higher managerial, administrative and professional occupations",232,106,126
E01004405,L10 and L11: Lower supervisory and technical occupations,55,70,-15
E01004405,L12: Semi-routine occupations,116,121,-5
E01004405,L13: Routine occupations,125,136,-11
E01004405,L14.1 and L14.2: Never worked and long-term unemployed,166,166,0
E01004405,L15: Full-time students,125,135,-10
E01004405,"L4, L5 and L6: Lower managerial, administrative and professional occupations",296,237,59
E01004405,L7: Intermediate occupations,89,114,-25
E01004405,L8 and L9: Small employers and own account workers,161,131,30
E01004406,"L1, L2 and L3: Higher managerial, administrative and professional occupations",218,128,90
E01004406,L10 and L11: Lower supervisory and technical occupations,74,86,-12
E01004406,L12: Semi-routine occupations,157,154,3
E01004406,L13: Routine occupations,148,126,22
E01004406,L14.1 and L14.2: Never worked and long-term unemployed,162,153,9
E01004406,L15: Full-time students,98,187,-89
E01004406,"L4, L5 and L6: Lower managerial, administrative and professional occupations",314,264,50
E01004406,L7: Intermediate occupations,120,134,-14
E01004406,L8 and L9: Small employers and own account workers,215,192,23
E01004407,"L1, L2 and L3: Higher managerial, administrative and professional occupations",60,27,33
E01004407,L10 and L11: Lower supervisory and technical occupations,67,57,10
E01004407,L12: Semi-routine occupations,158,159,-1
E01004407,L13: Routine occupations,180,129,51
E01004407,L14.1 and L14.2: Never worked and long-term unemployed,231,280,-49
E01004407,L15: Full-time students,151,149,2
E01004407,"L4, L5 and L6: Lower managerial, administrative and professional occupations",179,122,57
E01004407,L7: Intermediate occupations,105,104,1
E01004407,L8 and L9: Small employers and own account workers,143,75,68
E01004408,"L1, L2 and L3: Higher managerial, administrative and professional occupations",265,155,110
E01004408,L10 and L11: Lower supervisory and technical occupations,45,64,-19
E01004408,L12: Semi-routine occupations,104,143,-39
E01004408,L13: Routine occupations,122,88,34
E01004408,L14.1 and L14.2: Never worked and long-term unemployed,133,141,-8
E01004408,L15: Full-time students,114,132,-18
E01004408,"L4, L5 and L6: Lower managerial, administrative and professional occupations",353,310,43
E01004408,L7: Intermediate occupations,119,120,-1
E01004408,L8 and L9: Small employers and own account workers,179,136,43
E01004409,"L1, L2 and L3: Higher managerial, administrative and professional occupations",250,134,116
E01004409,L10 and L11: Lower supervisory and technical occupations,46,58,-12
E01004409,L12: Semi-routine occupations,137,118,19
E01004409,L13: Routine occupations,121,108,13
E01004409,L14.1 and L14.2: Never worked and long-term unemployed,173,127,46
E01004409,L15: Full-time students,64,116,-52
E01004409,"L4, L5 and L6: Lower managerial, administrative and professional occupations",347,326,21
E01004409,L7: Intermediate occupations,99,128,-29
E01004409,L8 and L9: Small employers and own account workers,161,158,3
E01004410,"L1, L2 and L3: Higher managerial, administrative and professional occupations",222,97,125
E01004410,L10 and L11: Lower supervisory and technical occupations,51,61,-10
E01004410,L12: Semi-routine occupations,141,167,-26
E01004410,L13: Routine occupations,166,136,30
E01004410,L14.1 and L14.2: Never worked and long-term unemployed,184,182,2
E01004410,L15: Full-time students,104,129,-25
E01004410,"L4, L5 and L6: Lower managerial, administrative and professional occupations",318,322,-4
E01004410,L7: Intermediate occupations,129,133,-4
E01004410,L8 and L9: Small employers and own account workers,182,118,64
E01004411,"L1, L2 and L3: Higher managerial, administrative and professional occupations",316,147,169
E01004411,L10 and L11: Lower supervisory and technical occupations,75,86,-11
E01004411,L12: Semi-routine occupations,126,177,-51
E01004411,L13: Routine occupations,136,100,36
E01004411,L14.1 and L14.2: Never worked and long-term unemployed,147,119,28
E01004411,L15: Full-time students,138,179,-41
E01004411,"L4, L5 and L6: Lower managerial, administrative and professional occupations",358,273,85
E01004411,L7: Intermediate occupations,101,150,-49
E01004411,L8 and L9: Small employers and own account workers,233,171,62
E01004412,"L1, L2 and L3: Higher managerial, administrative and professional occupations",343,185,158
E01004412,L10 and L11: Lower supervisory and technical occupations,39,57,-18
E01004412,L12: Semi-routine occupations,110,106,4
E01004412,L13: Routine occupations,84,104,-20
E01004412,L14.1 and L14.2: Never worked and long-term unemployed,107,93,14
E01004412,L15: Full-time students,102,124,-22
E01004412,"L4, L5 and L6: Lower managerial, administrative and professional occupations",381,357,24
E01004412,L7: Intermediate occupations,114,146,-32
E01004412,L8 and L9: Small employers and own account workers,183,150,33
E01004413,"L1, L2 and L3: Higher managerial, administrative and professional occupations",118,51,67
E01004413,L10 and L11: Lower supervisory and technical occupations,61,77,-16
E01004413,L12: Semi-routine occupations,154,152,2
E01004413,L13: Routine occupations,137,137,0
E01004413,L14.1 and L14.2: Never worked and long-term unemployed,183,107,76
E01004413,L15: Full-time students,82,83,-1
E01004413,"L4, L5 and L6: Lower managerial, administrative and professional occupations",235,203,32
E01004413,L7: Intermediate occupations,164,179,-15
E01004413,L8 and L9: Small employers and own account workers,153,99,54
E01004414,"L1, L2 and L3: Higher managerial, administrative and professional occupations",142,72,70
E01004414,L10 and L11: Lower supervisory and technical occupations,69,78,-9
E01004414,L12: Semi-routine occupations,139,126,13
E01004414,L13: Routine occupations,147,109,38
E01004414,L14.1 and L14.2: Never worked and long-term unemployed,159,73,86
E01004414,L15: Full-time students,115,109,6
E01004414,"L4, L5 and L6: Lower managerial, administrative and professional occupations",257,238,19
E01004414,L7: Intermediate occupations,162,194,-32
E01004414,L8 and L9: Small employers and own account workers,250,141,109
E01004415,"L1, L2 and L3: Higher managerial, administrative and professional occupations",119,70,49
E01004415,L10 and L11: Lower supervisory and technical occupations,58,68,-10
E01004415,L12: Semi-routine occupations,142,135,7
E01004415,L13: Routine occupations,150,108,42
E01004415,L14.1 and L14.2: Never worked and long-term unemployed,158,90,68
E01004415,L15: Full-time students,92,114,-22
E01004415,"L4, L5 and L6: Lower managerial, administrative and professional occupations",234,225,9
E01004415,L7: Intermediate occupations,173,189,-16
E01004415,L8 and L9: Small employers and own account workers,186,139,47
E01004416,"L1, L2 and L3: Higher managerial, administrative and professional occupations",216,106,110
E01004416,L10 and L11: Lower supervisory and technical occupations,47,71,-24
E01004416,L12: Semi-routine occupations,126,147,-21
E01004416,L13: Routine occupations,119,83,36
E01004416,L14.1 and L14.2: Never worked and long-term unemployed,143,86,57
E01004416,L15: Full-time students,87,111,-24
E01004416,"L4, L5 and L6: Lower managerial, administrative and professional occupations",366,294,72
E01004416,L7: Intermediate occupations,178,194,-16
E01004416,L8 and L9: Small employers and own account workers,198,151,47
E01004417,"L1, L2 and L3: Higher managerial, administrative and professional occupations",172,90,82
E01004417,L10 and L11: Lower supervisory and technical occupations,76,62,14
E01004417,L12: Semi-routine occupations,170,171,-1
E01004417,L13: Routine occupations,161,122,39
E01004417,L14.1 and L14.2: Never worked and long-term unemployed,152,78,74
E01004417,L15: Full-time students,107,93,14
E01004417,"L4, L5 and L6: Lower managerial, administrative and professional occupations",284,211,73
E01004417,L7: Intermediate occupations,175,193,-18
E01004417,L8 and L9: Small employers and own account workers,228,159,69
E01004418,"L1, L2 and L3: Higher managerial, administrative and professional occupations",148,84,64
E01004418,L10 and L11: Lower supervisory and technical occupations,64,88,-24
E01004418,L12: Semi-routine occupations,154,144,10
E01004418,L13: Routine occupations,143,122,21
E01004418,L14.1 and L14.2: Never worked and long-term unemployed,125,99,26
E01004418,L15: Full-time students,105,116,-11
E01004418,"L4, L5 and L6: Lower managerial, administrative and professional occupations",283,217,66
E01004418,L7: Intermediate occupations,181,188,-7
E01004418,L8 and L9: Small employers and own account workers,202,136,66
E01004419,"L1, L2 and L3: Higher managerial, administrative and professional occupations",243,59,184
E01004419,L10 and L11: Lower supervisory and technical occupations,92,59,33
E01004419,L12: Semi-routine occupations,196,89,107
E01004419,L13: Routine occupations,163,122,41
E01004419,L14.1 and L14.2: Never worked and long-term unemployed,191,82,109
E01004419,L15: Full-time students,156,97,59
E01004419,"L4, L5 and L6: Lower managerial, administrative and professional occupations",439,229,210
E01004419,L7: Intermediate occupations,210,144,66
E01004419,L8 and L9: Small employers and own account workers,288,112,176
E01004420,"L1, L2 and L3: Higher managerial, administrative and professional occupations",160,97,63
E01004420,L10 and L11: Lower supervisory and technical occupations,97,109,-12
E01004420,L12: Semi-routine occupations,191,209,-18
E01004420,L13: Routine occupations,217,163,54
E01004420,L14.1 and L14.2: Never worked and long-term unemployed,329,284,45
E01004420,L15: Full-time students,152,244,-92
E01004420,"L4, L5 and L6: Lower managerial, administrative and professional occupations",258,214,44
E01004420,L7: Intermediate occupations,162,141,21
E01004420,L8 and L9: Small employers and own account workers,297,194,103
E01004421,"L1, L2 and L3: Higher managerial, administrative and professional occupations",164,90,74
E01004421,L10 and L11: Lower supervisory and technical occupations,62,75,-13
E01004421,L12: Semi-routine occupations,171,176,-5
E01004421,L13: Routine occupations,182,141,41
E01004421,L14.1 and L14.2: Never worked and long-term unemployed,333,247,86
E01004421,L15: Full-time students,145,240,-95
E01004421,"L4, L5 and L6: Lower managerial, administrative and professional occupations",255,204,51
E01004421,L7: Intermediate occupations,143,150,-7
E01004421,L8 and L9: Small employers and own account workers,279,170,109
E01004422,"L1, L2 and L3: Higher managerial, administrative and professional occupations",315,69,246
E01004422,L10 and L11: Lower supervisory and technical occupations,88,75,13
E01004422,L12: Semi-routine occupations,189,161,28
E01004422,L13: Routine occupations,222,125,97
E01004422,L14.1 and L14.2: Never worked and long-term unemployed,192,132,60
E01004422,L15: Full-time students,156,138,18
E01004422,"L4, L5 and L6: Lower managerial, administrative and professional occupations",460,192,268
E01004422,L7: Intermediate occupations,160,147,13
E01004422,L8 and L9: Small employers and own account workers,305,147,158
E01004423,"L1, L2 and L3: Higher managerial, administrative and professional occupations",127,53,74
E01004423,L10 and L11: Lower supervisory and technical occupations,70,73,-3
E01004423,L12: Semi-routine occupations,175,165,10
E01004423,L13: Routine occupations,184,117,67
E01004423,L14.1 and L14.2: Never worked and long-term unemployed,291,203,88
E01004423,L15: Full-time students,145,144,1
E01004423,"L4, L5 and L6: Lower managerial, administrative and professional occupations",260,165,95
E01004423,L7: Intermediate occupations,146,89,57
E01004423,L8 and L9: Small employers and own account workers,257,128,129
E01004424,"L1, L2 and L3: Higher managerial, administrative and professional occupations",166,62,104
E01004424,L10 and L11: Lower supervisory and technical occupations,84,79,5
E01004424,L12: Semi-routine occupations,170,157,13
E01004424,L13: Routine occupations,184,140,44
E01004424,L14.1 and L14.2: Never worked and long-term unemployed,273,210,63
E01004424,L15: Full-time students,195,194,1
E01004424,"L4, L5 and L6: Lower managerial, administrative and professional occupations",300,177,123
E01004424,L7: Intermediate occupations,148,122,26
E01004424,L8 and L9: Small employers and own account workers,232,171,61
E01004425,"L1, L2 and L3: Higher managerial, administrative and professional occupations",223,103,120
E01004425,L10 and L11: Lower supervisory and technical occupations,59,116,-57
E01004425,L12: Semi-routine occupations,135,205,-70
E01004425,L13: Routine occupations,135,157,-22
E01004425,L14.1 and L14.2: Never worked and long-term unemployed,145,158,-13
E01004425,L15: Full-time students,122,149,-27
E01004425,"L4, L5 and L6: Lower managerial, administrative and professional occupations",393,268,125
E01004425,L7: Intermediate occupations,137,183,-46
E01004425,L8 and L9: Small employers and own account workers,220,160,60
E01004426,"L1, L2 and L3: Higher managerial, administrative and professional occupations",150,73,77
E01004426,L10 and L11: Lower supervisory and technical occupations,74,103,-29
E01004426,L12: Semi-routine occupations,134,169,-35
E01004426,L13: Routine occupations,147,171,-24
E01004426,L14.1 and L14.2: Never worked and long-term unemployed,209,196,13
E01004426,L15: Full-time students,154,200,-46
E01004426,"L4, L5 and L6: Lower managerial, administrative and professional occupations",276,250,26
E01004426,L7: Intermediate occupations,173,192,-19
E01004426,L8 and L9: Small employers and own account workers,180,168,12
E01004427,"L1, L2 and L3: Higher managerial, administrative and professional occupations",191,82,109
E01004427,L10 and L11: Lower supervisory and technical occupations,84,92,-8
E01004427,L12: Semi-routine occupations,148,179,-31
E01004427,L13: Routine occupations,157,213,-56
E01004427,L14.1 and L14.2: Never worked and long-term unemployed,122,153,-31
E01004427,L15: Full-time students,136,141,-5
E01004427,"L4, L5 and L6: Lower managerial, administrative and professional occupations",338,291,47
E01004427,L7: Intermediate occupations,129,158,-29
E01004427,L8 and L9: Small employers and own account workers,272,218,54
E01004428,"L1, L2 and L3: Higher managerial, administrative and professional occupations",86,41,45
E01004428,L10 and L11: Lower supervisory and technical occupations,93,76,17
E01004428,L12: Semi-routine occupations,177,174,3
E01004428,L13: Routine occupations,211,137,74
E01004428,L14.1 and L14.2: Never worked and long-term unemployed,277,205,72
E01004428,L15: Full-time students,182,184,-2
E01004428,"L4, L5 and L6: Lower managerial, administrative and professional occupations",273,156,117
E01004428,L7: Intermediate occupations,176,134,42
E01004428,L8 and L9: Small employers and own account workers,151,101,50
E01004429,"L1, L2 and L3: Higher managerial, administrative and professional occupations",172,85,87
E01004429,L10 and L11: Lower supervisory and technical occupations,64,78,-14
E01004429,L12: Semi-routine occupations,160,165,-5
E01004429,L13: Routine occupations,143,120,23
E01004429,L14.1 and L14.2: Never worked and long-term unemployed,175,158,17
E01004429,L15: Full-time students,149,181,-32
E01004429,"L4, L5 and L6: Lower managerial, administrative and professional occupations",261,227,34
E01004429,L7: Intermediate occupations,153,162,-9
E01004429,L8 and L9: Small employers and own account workers,177,177,0
E01004430,"L1, L2 and L3: Higher managerial, administrative and professional occupations",351,147,204
E01004430,L10 and L11: Lower supervisory and technical occupations,144,137,7
E01004430,L12: Semi-routine occupations,186,211,-25
E01004430,L13: Routine occupations,214,149,65
E01004430,L14.1 and L14.2: Never worked and long-term unemployed,193,165,28
E01004430,L15: Full-time students,172,292,-120
E01004430,"L4, L5 and L6: Lower managerial, administrative and professional occupations",518,317,201
E01004430,L7: Intermediate occupations,206,171,35
E01004430,L8 and L9: Small employers and own account workers,275,228,47
E01004432,"L1, L2 and L3: Higher managerial, administrative and professional occupations",175,91,84
E01004432,L10 and L11: Lower supervisory and technical occupations,69,62,7
E01004432,L12: Semi-routine occupations,148,174,-26
E01004432,L13: Routine occupations,165,118,47
E01004432,L14.1 and L14.2: Never worked and long-term unemployed,156,126,30
E01004432,L15: Full-time students,127,142,-15
E01004432,"L4, L5 and L6: Lower managerial, administrative and professional occupations",310,230,80
E01004432,L7: Intermediate occupations,135,152,-17
E01004432,L8 and L9: Small employers and own account workers,232,168,64
E01004434,"L1, L2 and L3: Higher managerial, administrative and professional occupations",137,81,56
E01004434,L10 and L11: Lower supervisory and technical occupations,68,80,-12
E01004434,L12: Semi-routine occupations,190,196,-6
E01004434,L13: Routine occupations,210,142,68
E01004434,L14.1 and L14.2: Never worked and long-term unemployed,227,192,35
E01004434,L15: Full-time students,210,201,9
E01004434,"L4, L5 and L6: Lower managerial, administrative and professional occupations",295,242,53
E01004434,L7: Intermediate occupations,134,163,-29
E01004434,L8 and L9: Small employers and own account workers,205,185,20
E01004435,"L1, L2 and L3: Higher managerial, administrative and professional occupations",161,92,69
E01004435,L10 and L11: Lower supervisory and technical occupations,79,80,-1
E01004435,L12: Semi-routine occupations,144,176,-32
E01004435,L13: Routine occupations,190,135,55
E01004435,L14.1 and L14.2: Never worked and long-term unemployed,240,165,75
E01004435,L15: Full-time students,167,185,-18
E01004435,"L4, L5 and L6: Lower managerial, administrative and professional occupations",322,240,82
E01004435,L7: Intermediate occupations,171,166,5
E01004435,L8 and L9: Small employers and own account workers,237,190,47
E01004436,"L1, L2 and L3: Higher managerial, administrative and professional occupations",237,150,87
E01004436,L10 and L11: Lower supervisory and technical occupations,44,60,-16
E01004436,L12: Semi-routine occupations,106,126,-20
E01004436,L13: Routine occupations,96,86,10
E01004436,L14.1 and L14.2: Never worked and long-term unemployed,155,179,-24
E01004436,L15: Full-time students,101,149,-48
E01004436,"L4, L5 and L6: Lower managerial, administrative and professional occupations",301,322,-21
E01004436,L7: Intermediate occupations,96,142,-46
E01004436,L8 and L9: Small employers and own account workers,147,129,18
E01004437,"L1, L2 and L3: Higher managerial, administrative and professional occupations",231,148,83
E01004437,L10 and L11: Lower supervisory and technical occupations,60,93,-33
E01004437,L12: Semi-routine occupations,129,140,-11
E01004437,L13: Routine occupations,112,126,-14
E01004437,L14.1 and L14.2: Never worked and long-term unemployed,165,175,-10
E01004437,L15: Full-time students,109,180,-71
E01004437,"L4, L5 and L6: Lower managerial, administrative and professional occupations",331,329,2
E01004437,L7: Intermediate occupations,124,151,-27
E01004437,L8 and L9: Small employers and own account workers,201,148,53
E01004438,"L1, L2 and L3: Higher managerial, administrative and professional occupations",308,210,98
E01004438,L10 and L11: Lower supervisory and technical occupations,74,91,-17
E01004438,L12: Semi-routine occupations,135,177,-42
E01004438,L13: Routine occupations,158,122,36
E01004438,L14.1 and L14.2: Never worked and long-term unemployed,154,134,20
E01004438,L15: Full-time students,128,274,-146
E01004438,"L4, L5 and L6: Lower managerial, administrative and professional occupations",457,381,76
E01004438,L7: Intermediate occupations,164,167,-3
E01004438,L8 and L9: Small employers and own account workers,226,150,76
E01004439,"L1, L2 and L3: Higher managerial, administrative and professional occupations",217,143,74
E01004439,L10 and L11: Lower supervisory and technical occupations,54,61,-7
E01004439,L12: Semi-routine occupations,134,114,20
E01004439,L13: Routine occupations,127,93,34
E01004439,L14.1 and L14.2: Never worked and long-term unemployed,130,118,12
E01004439,L15: Full-time students,91,149,-58
E01004439,"L4, L5 and L6: Lower managerial, administrative and professional occupations",303,310,-7
E01004439,L7: Intermediate occupations,138,140,-2
E01004439,L8 and L9: Small employers and own account workers,165,147,18
E01004440,"L1, L2 and L3: Higher managerial, administrative and professional occupations",280,162,118
E01004440,L10 and L11: Lower supervisory and technical occupations,69,111,-42
E01004440,L12: Semi-routine occupations,141,142,-1
E01004440,L13: Routine occupations,156,116,40
E01004440,L14.1 and L14.2: Never worked and long-term unemployed,155,179,-24
E01004440,L15: Full-time students,150,205,-55
E01004440,"L4, L5 and L6: Lower managerial, administrative and professional occupations",417,410,7
E01004440,L7: Intermediate occupations,156,217,-61
E01004440,L8 and L9: Small employers and own account workers,198,191,7
E01004441,"L1, L2 and L3: Higher managerial, administrative and professional occupations",276,173,103
E01004441,L10 and L11: Lower supervisory and technical occupations,46,64,-18
E01004441,L12: Semi-routine occupations,91,111,-20
E01004441,L13: Routine occupations,69,73,-4
E01004441,L14.1 and L14.2: Never worked and long-term unemployed,109,97,12
E01004441,L15: Full-time students,88,124,-36
E01004441,"L4, L5 and L6: Lower managerial, administrative and professional occupations",329,353,-24
E01004441,L7: Intermediate occupations,102,165,-63
E01004441,L8 and L9: Small employers and own account workers,158,161,-3
E01004442,"L1, L2 and L3: Higher managerial, administrative and professional occupations",257,216,41
E01004442,L10 and L11: Lower supervisory and technical occupations,49,51,-2
E01004442,L12: Semi-routine occupations,94,105,-11
E01004442,L13: Routine occupations,84,67,17
E01004442,L14.1 and L14.2: Never worked and long-term unemployed,87,122,-35
E01004442,L15: Full-time students,68,207,-139
E01004442,"L4, L5 and L6: Lower managerial, administrative and professional occupations",357,372,-15
E01004442,L7: Intermediate occupations,129,151,-22
E01004442,L8 and L9: Small employers and own account workers,156,130,26
E01004443,"L1, L2 and L3: Higher managerial, administrative and professional occupations",318,142,176
E01004443,L10 and L11: Lower supervisory and technical occupations,57,90,-33
E01004443,L12: Semi-routine occupations,153,166,-13
E01004443,L13: Routine occupations,147,145,2
E01004443,L14.1 and L14.2: Never worked and long-term unemployed,241,238,3
E01004443,L15: Full-time students,138,235,-97
E01004443,"L4, L5 and L6: Lower managerial, administrative and professional occupations",382,277,105
E01004443,L7: Intermediate occupations,155,148,7
E01004443,L8 and L9: Small employers and own account workers,227,190,37
E01004444,"L1, L2 and L3: Higher managerial, administrative and professional occupations",359,127,232
E01004444,L10 and L11: Lower supervisory and technical occupations,114,106,8
E01004444,L12: Semi-routine occupations,219,248,-29
E01004444,L13: Routine occupations,235,210,25
E01004444,L14.1 and L14.2: Never worked and long-term unemployed,277,283,-6
E01004444,L15: Full-time students,208,279,-71
E01004444,"L4, L5 and L6: Lower managerial, administrative and professional occupations",502,323,179
E01004444,L7: Intermediate occupations,171,211,-40
E01004444,L8 and L9: Small employers and own account workers,242,273,-31
E01004445,"L1, L2 and L3: Higher managerial, administrative and professional occupations",232,74,158
E01004445,L10 and L11: Lower supervisory and technical occupations,60,61,-1
E01004445,L12: Semi-routine occupations,152,72,80
E01004445,L13: Routine occupations,175,87,88
E01004445,L14.1 and L14.2: Never worked and long-term unemployed,178,81,97
E01004445,L15: Full-time students,129,96,33
E01004445,"L4, L5 and L6: Lower managerial, administrative and professional occupations",328,156,172
E01004445,L7: Intermediate occupations,145,84,61
E01004445,L8 and L9: Small employers and own account workers,256,117,139
E01004446,"L1, L2 and L3: Higher managerial, administrative and professional occupations",308,110,198
E01004446,L10 and L11: Lower supervisory and technical occupations,69,86,-17
E01004446,L12: Semi-routine occupations,153,172,-19
E01004446,L13: Routine occupations,253,111,142
E01004446,L14.1 and L14.2: Never worked and long-term unemployed,166,149,17
E01004446,L15: Full-time students,117,177,-60
E01004446,"L4, L5 and L6: Lower managerial, administrative and professional occupations",390,256,134
E01004446,L7: Intermediate occupations,164,179,-15
E01004446,L8 and L9: Small employers and own account workers,322,193,129
E01004447,"L1, L2 and L3: Higher managerial, administrative and professional occupations",273,132,141
E01004447,L10 and L11: Lower supervisory and technical occupations,72,62,10
E01004447,L12: Semi-routine occupations,112,162,-50
E01004447,L13: Routine occupations,120,108,12
E01004447,L14.1 and L14.2: Never worked and long-term unemployed,150,152,-2
E01004447,L15: Full-time students,110,165,-55
E01004447,"L4, L5 and L6: Lower managerial, administrative and professional occupations",349,312,37
E01004447,L7: Intermediate occupations,124,156,-32
E01004447,L8 and L9: Small employers and own account workers,194,198,-4
E01004448,"L1, L2 and L3: Higher managerial, administrative and professional occupations",235,86,149
E01004448,L10 and L11: Lower supervisory and technical occupations,55,110,-55
E01004448,L12: Semi-routine occupations,140,140,0
E01004448,L13: Routine occupations,134,124,10
E01004448,L14.1 and L14.2: Never worked and long-term unemployed,167,163,4
E01004448,L15: Full-time students,118,103,15
E01004448,"L4, L5 and L6: Lower managerial, administrative and professional occupations",332,291,41
E01004448,L7: Intermediate occupations,135,156,-21
E01004448,L8 and L9: Small employers and own account workers,218,186,32
E01004449,"L1, L2 and L3: Higher managerial, administrative and professional occupations",97,39,58
E01004449,L10 and L11: Lower supervisory and technical occupations,73,78,-5
E01004449,L12: Semi-routine occupations,166,196,-30
E01004449,L13: Routine occupations,191,142,49
E01004449,L14.1 and L14.2: Never worked and long-term unemployed,268,224,44
E01004449,L15: Full-time students,188,198,-10
E01004449,"L4, L5 and L6: Lower managerial, administrative and professional occupations",208,157,51
E01004449,L7: Intermediate occupations,134,113,21
E01004449,L8 and L9: Small employers and own account workers,171,114,57
E01004450,"L1, L2 and L3: Higher managerial, administrative and professional occupations",160,101,59
E01004450,L10 and L11: Lower supervisory and technical occupations,60,78,-18
E01004450,L12: Semi-routine occupations,166,154,12
E01004450,L13: Routine occupations,138,80,58
E01004450,L14.1 and L14.2: Never worked and long-term unemployed,110,45,65
E01004450,L15: Full-time students,109,111,-2
E01004450,"L4, L5 and L6: Lower managerial, administrative and professional occupations",283,230,53
E01004450,L7: Intermediate occupations,181,212,-31
E01004450,L8 and L9: Small employers and own account workers,183,149,34
E01004451,"L1, L2 and L3: Higher managerial, administrative and professional occupations",150,102,48
E01004451,L10 and L11: Lower supervisory and technical occupations,90,90,0
E01004451,L12: Semi-routine occupations,176,142,34
E01004451,L13: Routine occupations,118,103,15
E01004451,L14.1 and L14.2: Never worked and long-term unemployed,143,65,78
E01004451,L15: Full-time students,136,124,12
E01004451,"L4, L5 and L6: Lower managerial, administrative and professional occupations",278,270,8
E01004451,L7: Intermediate occupations,172,213,-41
E01004451,L8 and L9: Small employers and own account workers,232,175,57
E01004452,"L1, L2 and L3: Higher managerial, administrative and professional occupations",130,73,57
E01004452,L10 and L11: Lower supervisory and technical occupations,66,84,-18
E01004452,L12: Semi-routine occupations,182,172,10
E01004452,L13: Routine occupations,170,95,75
E01004452,L14.1 and L14.2: Never worked and long-term unemployed,155,100,55
E01004452,L15: Full-time students,112,96,16
E01004452,"L4, L5 and L6: Lower managerial, administrative and professional occupations",262,219,43
E01004452,L7: Intermediate occupations,171,192,-21
E01004452,L8 and L9: Small employers and own account workers,261,134,127
E01004453,"L1, L2 and L3: Higher managerial, administrative and professional occupations",136,82,54
E01004453,L10 and L11: Lower supervisory and technical occupations,64,78,-14
E01004453,L12: Semi-routine occupations,155,154,1
E01004453,L13: Routine occupations,167,91,76
E01004453,L14.1 and L14.2: Never worked and long-term unemployed,150,94,56
E01004453,L15: Full-time students,102,124,-22
E01004453,"L4, L5 and L6: Lower managerial, administrative and professional occupations",234,230,4
E01004453,L7: Intermediate occupations,171,186,-15
E01004453,L8 and L9: Small employers and own account workers,224,164,60
E01004454,"L1, L2 and L3: Higher managerial, administrative and professional occupations",121,82,39
E01004454,L10 and L11: Lower supervisory and technical occupations,77,87,-10
E01004454,L12: Semi-routine occupations,169,154,15
E01004454,L13: Routine occupations,155,105,50
E01004454,L14.1 and L14.2: Never worked and long-term unemployed,153,96,57
E01004454,L15: Full-time students,130,117,13
E01004454,"L4, L5 and L6: Lower managerial, administrative and professional occupations",277,215,62
E01004454,L7: Intermediate occupations,184,207,-23
E01004454,L8 and L9: Small employers and own account workers,221,137,84
E01004455,"L1, L2 and L3: Higher managerial, administrative and professional occupations",121,65,56
E01004455,L10 and L11: Lower supervisory and technical occupations,61,58,3
E01004455,L12: Semi-routine occupations,145,142,3
E01004455,L13: Routine occupations,151,120,31
E01004455,L14.1 and L14.2: Never worked and long-term unemployed,226,152,74
E01004455,L15: Full-time students,129,114,15
E01004455,"L4, L5 and L6: Lower managerial, administrative and professional occupations",217,183,34
E01004455,L7: Intermediate occupations,152,149,3
E01004455,L8 and L9: Small employers and own account workers,207,141,66
E01004456,"L1, L2 and L3: Higher managerial, administrative and professional occupations",58,46,12
E01004456,L10 and L11: Lower supervisory and technical occupations,60,84,-24
E01004456,L12: Semi-routine occupations,181,178,3
E01004456,L13: Routine occupations,168,139,29
E01004456,L14.1 and L14.2: Never worked and long-term unemployed,232,164,68
E01004456,L15: Full-time students,173,166,7
E01004456,"L4, L5 and L6: Lower managerial, administrative and professional occupations",183,141,42
E01004456,L7: Intermediate occupations,145,132,13
E01004456,L8 and L9: Small employers and own account workers,150,84,66
E01004457,"L1, L2 and L3: Higher managerial, administrative and professional occupations",303,142,161
E01004457,L10 and L11: Lower supervisory and technical occupations,62,54,8
E01004457,L12: Semi-routine occupations,109,153,-44
E01004457,L13: Routine occupations,132,119,13
E01004457,L14.1 and L14.2: Never worked and long-term unemployed,137,132,5
E01004457,L15: Full-time students,94,148,-54
E01004457,"L4, L5 and L6: Lower managerial, administrative and professional occupations",420,361,59
E01004457,L7: Intermediate occupations,116,142,-26
E01004457,L8 and L9: Small employers and own account workers,178,179,-1
E01004458,"L1, L2 and L3: Higher managerial, administrative and professional occupations",242,107,135
E01004458,L10 and L11: Lower supervisory and technical occupations,60,80,-20
E01004458,L12: Semi-routine occupations,161,164,-3
E01004458,L13: Routine occupations,141,137,4
E01004458,L14.1 and L14.2: Never worked and long-term unemployed,195,157,38
E01004458,L15: Full-time students,152,141,11
E01004458,"L4, L5 and L6: Lower managerial, administrative and professional occupations",320,266,54
E01004458,L7: Intermediate occupations,133,159,-26
E01004458,L8 and L9: Small employers and own account workers,236,189,47
E01004459,"L1, L2 and L3: Higher managerial, administrative and professional occupations",66,29,37
E01004459,L10 and L11: Lower supervisory and technical occupations,53,53,0
E01004459,L12: Semi-routine occupations,170,144,26
E01004459,L13: Routine occupations,157,116,41
E01004459,L14.1 and L14.2: Never worked and long-term unemployed,246,209,37
E01004459,L15: Full-time students,173,154,19
E01004459,"L4, L5 and L6: Lower managerial, administrative and professional occupations",177,147,30
E01004459,L7: Intermediate occupations,102,87,15
E01004459,L8 and L9: Small employers and own account workers,99,89,10
E01004460,"L1, L2 and L3: Higher managerial, administrative and professional occupations",244,120,124
E01004460,L10 and L11: Lower supervisory and technical occupations,67,75,-8
E01004460,L12: Semi-routine occupations,147,169,-22
E01004460,L13: Routine occupations,151,102,49
E01004460,L14.1 and L14.2: Never worked and long-term unemployed,141,186,-45
E01004460,L15: Full-time students,180,194,-14
E01004460,"L4, L5 and L6: Lower managerial, administrative and professional occupations",319,261,58
E01004460,L7: Intermediate occupations,121,154,-33
E01004460,L8 and L9: Small employers and own account workers,239,153,86
E01004462,"L1, L2 and L3: Higher managerial, administrative and professional occupations",274,107,167
E01004462,L10 and L11: Lower supervisory and technical occupations,75,74,1
E01004462,L12: Semi-routine occupations,123,136,-13
E01004462,L13: Routine occupations,147,118,29
E01004462,L14.1 and L14.2: Never worked and long-term unemployed,172,163,9
E01004462,L15: Full-time students,116,151,-35
E01004462,"L4, L5 and L6: Lower managerial, administrative and professional occupations",482,307,175
E01004462,L7: Intermediate occupations,155,152,3
E01004462,L8 and L9: Small employers and own account workers,246,154,92
E01004463,"L1, L2 and L3: Higher managerial, administrative and professional occupations",354,173,181
E01004463,L10 and L11: Lower supervisory and technical occupations,51,71,-20
E01004463,L12: Semi-routine occupations,99,140,-41
E01004463,L13: Routine occupations,104,105,-1
E01004463,L14.1 and L14.2: Never worked and long-term unemployed,87,101,-14
E01004463,L15: Full-time students,92,93,-1
E01004463,"L4, L5 and L6: Lower managerial, administrative and professional occupations",503,472,31
E01004463,L7: Intermediate occupations,125,187,-62
E01004463,L8 and L9: Small employers and own account workers,178,183,-5
E01004464,"L1, L2 and L3: Higher managerial, administrative and professional occupations",177,58,119
E01004464,L10 and L11: Lower supervisory and technical occupations,57,69,-12
E01004464,L12: Semi-routine occupations,131,151,-20
E01004464,L13: Routine occupations,133,130,3
E01004464,L14.1 and L14.2: Never worked and long-term unemployed,164,160,4
E01004464,L15: Full-time students,121,143,-22
E01004464,"L4, L5 and L6: Lower managerial, administrative and professional occupations",255,191,64
E01004464,L7: Intermediate occupations,106,98,8
E01004464,L8 and L9: Small employers and own account workers,129,105,24
E01004465,"L1, L2 and L3: Higher managerial, administrative and professional occupations",232,111,121
E01004465,L10 and L11: Lower supervisory and technical occupations,49,64,-15
E01004465,L12: Semi-routine occupations,89,101,-12
E01004465,L13: Routine occupations,105,80,25
E01004465,L14.1 and L14.2: Never worked and long-term unemployed,96,106,-10
E01004465,L15: Full-time students,101,107,-6
E01004465,"L4, L5 and L6: Lower managerial, administrative and professional occupations",333,293,40
E01004465,L7: Intermediate occupations,92,127,-35
E01004465,L8 and L9: Small employers and own account workers,147,107,40
E01004466,"L1, L2 and L3: Higher managerial, administrative and professional occupations",349,186,163
E01004466,L10 and L11: Lower supervisory and technical occupations,39,52,-13
E01004466,L12: Semi-routine occupations,71,119,-48
E01004466,L13: Routine occupations,84,71,13
E01004466,L14.1 and L14.2: Never worked and long-term unemployed,108,88,20
E01004466,L15: Full-time students,64,80,-16
E01004466,"L4, L5 and L6: Lower managerial, administrative and professional occupations",375,383,-8
E01004466,L7: Intermediate occupations,110,134,-24
E01004466,L8 and L9: Small employers and own account workers,163,133,30
E01004467,"L1, L2 and L3: Higher managerial, administrative and professional occupations",207,80,127
E01004467,L10 and L11: Lower supervisory and technical occupations,92,79,13
E01004467,L12: Semi-routine occupations,203,188,15
E01004467,L13: Routine occupations,193,204,-11
E01004467,L14.1 and L14.2: Never worked and long-term unemployed,239,159,80
E01004467,L15: Full-time students,157,164,-7
E01004467,"L4, L5 and L6: Lower managerial, administrative and professional occupations",323,279,44
E01004467,L7: Intermediate occupations,139,193,-54
E01004467,L8 and L9: Small employers and own account workers,231,184,47
E01004468,"L1, L2 and L3: Higher managerial, administrative and professional occupations",304,187,117
E01004468,L10 and L11: Lower supervisory and technical occupations,45,54,-9
E01004468,L12: Semi-routine occupations,87,102,-15
E01004468,L13: Routine occupations,82,77,5
E01004468,L14.1 and L14.2: Never worked and long-term unemployed,101,72,29
E01004468,L15: Full-time students,101,101,0
E01004468,"L4, L5 and L6: Lower managerial, administrative and professional occupations",370,318,52
E01004468,L7: Intermediate occupations,114,153,-39
E01004468,L8 and L9: Small employers and own account workers,209,142,67
E01004469,"L1, L2 and L3: Higher managerial, administrative and professional occupations",133,88,45
E01004469,L10 and L11: Lower supervisory and technical occupations,64,57,7
E01004469,L12: Semi-routine occupations,152,138,14
E01004469,L13: Routine occupations,154,117,37
E01004469,L14.1 and L14.2: Never worked and long-term unemployed,206,199,7
E01004469,L15: Full-time students,209,131,78
E01004469,"L4, L5 and L6: Lower managerial, administrative and professional occupations",235,160,75
E01004469,L7: Intermediate occupations,133,129,4
E01004469,L8 and L9: Small employers and own account workers,162,121,41
E01004470,"L1, L2 and L3: Higher managerial, administrative and professional occupations",199,94,105
E01004470,L10 and L11: Lower supervisory and technical occupations,44,58,-14
E01004470,L12: Semi-routine occupations,107,124,-17
E01004470,L13: Routine occupations,122,119,3
E01004470,L14.1 and L14.2: Never worked and long-term unemployed,144,130,14
E01004470,L15: Full-time students,122,126,-4
E01004470,"L4, L5 and L6: Lower managerial, administrative and professional occupations",269,214,55
E01004470,L7: Intermediate occupations,109,130,-21
E01004470,L8 and L9: Small employers and own account workers,170,117,53
E01004471,"L1, L2 and L3: Higher managerial, administrative and professional occupations",189,93,96
E01004471,L10 and L11: Lower supervisory and technical occupations,50,59,-9
E01004471,L12: Semi-routine occupations,124,149,-25
E01004471,L13: Routine occupations,142,133,9
E01004471,L14.1 and L14.2: Never worked and long-term unemployed,165,164,1
E01004471,L15: Full-time students,123,126,-3
E01004471,"L4, L5 and L6: Lower managerial, administrative and professional occupations",284,242,42
E01004471,L7: Intermediate occupations,113,123,-10
E01004471,L8 and L9: Small employers and own account workers,173,129,44
E01004472,"L1, L2 and L3: Higher managerial, administrative and professional occupations",621,485,136
E01004472,L10 and L11: Lower supervisory and technical occupations,18,43,-25
E01004472,L12: Semi-routine occupations,55,72,-17
E01004472,L13: Routine occupations,57,55,2
E01004472,L14.1 and L14.2: Never worked and long-term unemployed,56,56,0
E01004472,L15: Full-time students,67,76,-9
E01004472,"L4, L5 and L6: Lower managerial, administrative and professional occupations",424,591,-167
E01004472,L7: Intermediate occupations,114,165,-51
E01004472,L8 and L9: Small employers and own account workers,112,106,6
E01004473,"L1, L2 and L3: Higher managerial, administrative and professional occupations",572,417,155
E01004473,L10 and L11: Lower supervisory and technical occupations,40,40,0
E01004473,L12: Semi-routine occupations,67,83,-16
E01004473,L13: Routine occupations,70,59,11
E01004473,L14.1 and L14.2: Never worked and long-term unemployed,111,44,67
E01004473,L15: Full-time students,69,70,-1
E01004473,"L4, L5 and L6: Lower managerial, administrative and professional occupations",420,492,-72
E01004473,L7: Intermediate occupations,100,143,-43
E01004473,L8 and L9: Small employers and own account workers,89,74,15
E01004474,"L1, L2 and L3: Higher managerial, administrative and professional occupations",654,435,219
E01004474,L10 and L11: Lower supervisory and technical occupations,42,56,-14
E01004474,L12: Semi-routine occupations,91,89,2
E01004474,L13: Routine occupations,86,64,22
E01004474,L14.1 and L14.2: Never worked and long-term unemployed,81,69,12
E01004474,L15: Full-time students,74,78,-4
E01004474,"L4, L5 and L6: Lower managerial, administrative and professional occupations",490,590,-100
E01004474,L7: Intermediate occupations,164,189,-25
E01004474,L8 and L9: Small employers and own account workers,124,86,38
E01004475,"L1, L2 and L3: Higher managerial, administrative and professional occupations",432,344,88
E01004475,L10 and L11: Lower supervisory and technical occupations,28,33,-5
E01004475,L12: Semi-routine occupations,70,71,-1
E01004475,L13: Routine occupations,47,39,8
E01004475,L14.1 and L14.2: Never worked and long-term unemployed,88,56,32
E01004475,L15: Full-time students,67,49,18
E01004475,"L4, L5 and L6: Lower managerial, administrative and professional occupations",346,383,-37
E01004475,L7: Intermediate occupations,112,123,-11
E01004475,L8 and L9: Small employers and own account workers,88,80,8
E01004476,"L1, L2 and L3: Higher managerial, administrative and professional occupations",561,297,264
E01004476,L10 and L11: Lower supervisory and technical occupations,37,31,6
E01004476,L12: Semi-routine occupations,74,64,10
E01004476,L13: Routine occupations,78,43,35
E01004476,L14.1 and L14.2: Never worked and long-term unemployed,90,55,35
E01004476,L15: Full-time students,95,66,29
E01004476,"L4, L5 and L6: Lower managerial, administrative and professional occupations",473,453,20
E01004476,L7: Intermediate occupations,116,124,-8
E01004476,L8 and L9: Small employers and own account workers,115,67,48
E01004477,"L1, L2 and L3: Higher managerial, administrative and professional occupations",556,392,164
E01004477,L10 and L11: Lower supervisory and technical occupations,21,14,7
E01004477,L12: Semi-routine occupations,41,29,12
E01004477,L13: Routine occupations,44,38,6
E01004477,L14.1 and L14.2: Never worked and long-term unemployed,46,20,26
E01004477,L15: Full-time students,64,59,5
E01004477,"L4, L5 and L6: Lower managerial, administrative and professional occupations",302,456,-154
E01004477,L7: Intermediate occupations,83,90,-7
E01004477,L8 and L9: Small employers and own account workers,113,96,17
E01004478,"L1, L2 and L3: Higher managerial, administrative and professional occupations",461,357,104
E01004478,L10 and L11: Lower supervisory and technical occupations,14,17,-3
E01004478,L12: Semi-routine occupations,33,39,-6
E01004478,L13: Routine occupations,25,25,0
E01004478,L14.1 and L14.2: Never worked and long-term unemployed,46,33,13
E01004478,L15: Full-time students,82,60,22
E01004478,"L4, L5 and L6: Lower managerial, administrative and professional occupations",296,388,-92
E01004478,L7: Intermediate occupations,65,82,-17
E01004478,L8 and L9: Small employers and own account workers,116,76,40
E01004479,"L1, L2 and L3: Higher managerial, administrative and professional occupations",504,344,160
E01004479,L10 and L11: Lower supervisory and technical occupations,18,22,-4
E01004479,L12: Semi-routine occupations,33,57,-24
E01004479,L13: Routine occupations,29,25,4
E01004479,L14.1 and L14.2: Never worked and long-term unemployed,57,35,22
E01004479,L15: Full-time students,69,72,-3
E01004479,"L4, L5 and L6: Lower managerial, administrative and professional occupations",319,409,-90
E01004479,L7: Intermediate occupations,93,105,-12
E01004479,L8 and L9: Small employers and own account workers,117,98,19
E01004480,"L1, L2 and L3: Higher managerial, administrative and professional occupations",644,464,180
E01004480,L10 and L11: Lower supervisory and technical occupations,26,42,-16
E01004480,L12: Semi-routine occupations,68,44,24
E01004480,L13: Routine occupations,40,34,6
E01004480,L14.1 and L14.2: Never worked and long-term unemployed,44,35,9
E01004480,L15: Full-time students,39,70,-31
E01004480,"L4, L5 and L6: Lower managerial, administrative and professional occupations",438,539,-101
E01004480,L7: Intermediate occupations,103,118,-15
E01004480,L8 and L9: Small employers and own account workers,96,72,24
E01004481,"L1, L2 and L3: Higher managerial, administrative and professional occupations",432,317,115
E01004481,L10 and L11: Lower supervisory and technical occupations,37,57,-20
E01004481,L12: Semi-routine occupations,83,89,-6
E01004481,L13: Routine occupations,70,72,-2
E01004481,L14.1 and L14.2: Never worked and long-term unemployed,74,61,13
E01004481,L15: Full-time students,77,101,-24
E01004481,"L4, L5 and L6: Lower managerial, administrative and professional occupations",475,492,-17
E01004481,L7: Intermediate occupations,131,178,-47
E01004481,L8 and L9: Small employers and own account workers,91,93,-2
E01004482,"L1, L2 and L3: Higher managerial, administrative and professional occupations",345,244,101
E01004482,L10 and L11: Lower supervisory and technical occupations,27,44,-17
E01004482,L12: Semi-routine occupations,72,100,-28
E01004482,L13: Routine occupations,73,55,18
E01004482,L14.1 and L14.2: Never worked and long-term unemployed,91,56,35
E01004482,L15: Full-time students,76,120,-44
E01004482,"L4, L5 and L6: Lower managerial, administrative and professional occupations",395,378,17
E01004482,L7: Intermediate occupations,141,147,-6
E01004482,L8 and L9: Small employers and own account workers,119,106,13
E01004483,"L1, L2 and L3: Higher managerial, administrative and professional occupations",559,449,110
E01004483,L10 and L11: Lower supervisory and technical occupations,53,68,-15
E01004483,L12: Semi-routine occupations,103,102,1
E01004483,L13: Routine occupations,77,59,18
E01004483,L14.1 and L14.2: Never worked and long-term unemployed,75,65,10
E01004483,L15: Full-time students,99,83,16
E01004483,"L4, L5 and L6: Lower managerial, administrative and professional occupations",545,601,-56
E01004483,L7: Intermediate occupations,152,209,-57
E01004483,L8 and L9: Small employers and own account workers,155,110,45
E01004484,"L1, L2 and L3: Higher managerial, administrative and professional occupations",433,313,120
E01004484,L10 and L11: Lower supervisory and technical occupations,27,36,-9
E01004484,L12: Semi-routine occupations,51,70,-19
E01004484,L13: Routine occupations,67,53,14
E01004484,L14.1 and L14.2: Never worked and long-term unemployed,67,62,5
E01004484,L15: Full-time students,59,77,-18
E01004484,"L4, L5 and L6: Lower managerial, administrative and professional occupations",402,445,-43
E01004484,L7: Intermediate occupations,99,141,-42
E01004484,L8 and L9: Small employers and own account workers,93,87,6
E01004485,"L1, L2 and L3: Higher managerial, administrative and professional occupations",500,322,178
E01004485,L10 and L11: Lower supervisory and technical occupations,34,44,-10
E01004485,L12: Semi-routine occupations,83,72,11
E01004485,L13: Routine occupations,69,49,20
E01004485,L14.1 and L14.2: Never worked and long-term unemployed,92,59,33
E01004485,L15: Full-time students,60,88,-28
E01004485,"L4, L5 and L6: Lower managerial, administrative and professional occupations",411,420,-9
E01004485,L7: Intermediate occupations,120,149,-29
E01004485,L8 and L9: Small employers and own account workers,136,128,8
E01004486,"L1, L2 and L3: Higher managerial, administrative and professional occupations",467,342,125
E01004486,L10 and L11: Lower supervisory and technical occupations,35,39,-4
E01004486,L12: Semi-routine occupations,52,60,-8
E01004486,L13: Routine occupations,68,45,23
E01004486,L14.1 and L14.2: Never worked and long-term unemployed,52,44,8
E01004486,L15: Full-time students,38,61,-23
E01004486,"L4, L5 and L6: Lower managerial, administrative and professional occupations",346,442,-96
E01004486,L7: Intermediate occupations,108,133,-25
E01004486,L8 and L9: Small employers and own account workers,107,95,12
E01004487,"L1, L2 and L3: Higher managerial, administrative and professional occupations",449,308,141
E01004487,L10 and L11: Lower supervisory and technical occupations,26,33,-7
E01004487,L12: Semi-routine occupations,66,69,-3
E01004487,L13: Routine occupations,64,46,18
E01004487,L14.1 and L14.2: Never worked and long-term unemployed,92,107,-15
E01004487,L15: Full-time students,71,72,-1
E01004487,"L4, L5 and L6: Lower managerial, administrative and professional occupations",322,412,-90
E01004487,L7: Intermediate occupations,108,142,-34
E01004487,L8 and L9: Small employers and own account workers,114,92,22
E01004488,"L1, L2 and L3: Higher managerial, administrative and professional occupations",373,275,98
E01004488,L10 and L11: Lower supervisory and technical occupations,19,29,-10
E01004488,L12: Semi-routine occupations,58,92,-34
E01004488,L13: Routine occupations,41,61,-20
E01004488,L14.1 and L14.2: Never worked and long-term unemployed,78,68,10
E01004488,L15: Full-time students,57,91,-34
E01004488,"L4, L5 and L6: Lower managerial, administrative and professional occupations",269,383,-114
E01004488,L7: Intermediate occupations,102,106,-4
E01004488,L8 and L9: Small employers and own account workers,90,92,-2
E01004489,"L1, L2 and L3: Higher managerial, administrative and professional occupations",351,255,96
E01004489,L10 and L11: Lower supervisory and technical occupations,30,38,-8
E01004489,L12: Semi-routine occupations,50,72,-22
E01004489,L13: Routine occupations,69,61,8
E01004489,L14.1 and L14.2: Never worked and long-term unemployed,87,43,44
E01004489,L15: Full-time students,67,75,-8
E01004489,"L4, L5 and L6: Lower managerial, administrative and professional occupations",273,360,-87
E01004489,L7: Intermediate occupations,85,130,-45
E01004489,L8 and L9: Small employers and own account workers,89,82,7
E01004490,"L1, L2 and L3: Higher managerial, administrative and professional occupations",472,322,150
E01004490,L10 and L11: Lower supervisory and technical occupations,31,28,3
E01004490,L12: Semi-routine occupations,48,70,-22
E01004490,L13: Routine occupations,49,42,7
E01004490,L14.1 and L14.2: Never worked and long-term unemployed,27,31,-4
E01004490,L15: Full-time students,62,68,-6
E01004490,"L4, L5 and L6: Lower managerial, administrative and professional occupations",352,426,-74
E01004490,L7: Intermediate occupations,95,120,-25
E01004490,L8 and L9: Small employers and own account workers,107,83,24
E01004491,"L1, L2 and L3: Higher managerial, administrative and professional occupations",362,197,165
E01004491,L10 and L11: Lower supervisory and technical occupations,42,54,-12
E01004491,L12: Semi-routine occupations,115,97,18
E01004491,L13: Routine occupations,110,78,32
E01004491,L14.1 and L14.2: Never worked and long-term unemployed,126,94,32
E01004491,L15: Full-time students,444,441,3
E01004491,"L4, L5 and L6: Lower managerial, administrative and professional occupations",680,551,129
E01004491,L7: Intermediate occupations,186,174,12
E01004491,L8 and L9: Small employers and own account workers,109,84,25
E01004492,"L1, L2 and L3: Higher managerial, administrative and professional occupations",388,293,95
E01004492,L10 and L11: Lower supervisory and technical occupations,44,62,-18
E01004492,L12: Semi-routine occupations,74,97,-23
E01004492,L13: Routine occupations,101,72,29
E01004492,L14.1 and L14.2: Never worked and long-term unemployed,101,74,27
E01004492,L15: Full-time students,103,119,-16
E01004492,"L4, L5 and L6: Lower managerial, administrative and professional occupations",371,416,-45
E01004492,L7: Intermediate occupations,128,170,-42
E01004492,L8 and L9: Small employers and own account workers,132,120,12
E01004493,"L1, L2 and L3: Higher managerial, administrative and professional occupations",478,313,165
E01004493,L10 and L11: Lower supervisory and technical occupations,41,52,-11
E01004493,L12: Semi-routine occupations,103,84,19
E01004493,L13: Routine occupations,104,71,33
E01004493,L14.1 and L14.2: Never worked and long-term unemployed,104,76,28
E01004493,L15: Full-time students,72,83,-11
E01004493,"L4, L5 and L6: Lower managerial, administrative and professional occupations",437,502,-65
E01004493,L7: Intermediate occupations,145,167,-22
E01004493,L8 and L9: Small employers and own account workers,117,121,-4
E01004494,"L1, L2 and L3: Higher managerial, administrative and professional occupations",413,266,147
E01004494,L10 and L11: Lower supervisory and technical occupations,53,55,-2
E01004494,L12: Semi-routine occupations,116,106,10
E01004494,L13: Routine occupations,101,71,30
E01004494,L14.1 and L14.2: Never worked and long-term unemployed,102,83,19
E01004494,L15: Full-time students,62,89,-27
E01004494,"L4, L5 and L6: Lower managerial, administrative and professional occupations",417,450,-33
E01004494,L7: Intermediate occupations,122,155,-33
E01004494,L8 and L9: Small employers and own account workers,128,102,26
E01004495,"L1, L2 and L3: Higher managerial, administrative and professional occupations",224,155,69
E01004495,L10 and L11: Lower supervisory and technical occupations,35,43,-8
E01004495,L12: Semi-routine occupations,135,124,11
E01004495,L13: Routine occupations,101,106,-5
E01004495,L14.1 and L14.2: Never worked and long-term unemployed,172,139,33
E01004495,L15: Full-time students,160,160,0
E01004495,"L4, L5 and L6: Lower managerial, administrative and professional occupations",267,261,6
E01004495,L7: Intermediate occupations,118,107,11
E01004495,L8 and L9: Small employers and own account workers,105,89,16
E01004496,"L1, L2 and L3: Higher managerial, administrative and professional occupations",655,466,189
E01004496,L10 and L11: Lower supervisory and technical occupations,44,51,-7
E01004496,L12: Semi-routine occupations,64,98,-34
E01004496,L13: Routine occupations,58,67,-9
E01004496,L14.1 and L14.2: Never worked and long-term unemployed,76,63,13
E01004496,L15: Full-time students,62,70,-8
E01004496,"L4, L5 and L6: Lower managerial, administrative and professional occupations",538,625,-87
E01004496,L7: Intermediate occupations,129,166,-37
E01004496,L8 and L9: Small employers and own account workers,97,137,-40
E01004497,"L1, L2 and L3: Higher managerial, administrative and professional occupations",328,216,112
E01004497,L10 and L11: Lower supervisory and technical occupations,34,41,-7
E01004497,L12: Semi-routine occupations,64,99,-35
E01004497,L13: Routine occupations,47,60,-13
E01004497,L14.1 and L14.2: Never worked and long-term unemployed,89,50,39
E01004497,L15: Full-time students,75,71,4
E01004497,"L4, L5 and L6: Lower managerial, administrative and professional occupations",293,293,0
E01004497,L7: Intermediate occupations,88,133,-45
E01004497,L8 and L9: Small employers and own account workers,120,99,21
E01004498,"L1, L2 and L3: Higher managerial, administrative and professional occupations",598,397,201
E01004498,L10 and L11: Lower supervisory and technical occupations,29,54,-25
E01004498,L12: Semi-routine occupations,57,61,-4
E01004498,L13: Routine occupations,37,47,-10
E01004498,L14.1 and L14.2: Never worked and long-term unemployed,45,37,8
E01004498,L15: Full-time students,50,81,-31
E01004498,"L4, L5 and L6: Lower managerial, administrative and professional occupations",393,490,-97
E01004498,L7: Intermediate occupations,107,158,-51
E01004498,L8 and L9: Small employers and own account workers,94,108,-14
E01004499,"L1, L2 and L3: Higher managerial, administrative and professional occupations",485,377,108
E01004499,L10 and L11: Lower supervisory and technical occupations,30,45,-15
E01004499,L12: Semi-routine occupations,70,62,8
E01004499,L13: Routine occupations,56,35,21
E01004499,L14.1 and L14.2: Never worked and long-term unemployed,66,47,19
E01004499,L15: Full-time students,88,78,10
E01004499,"L4, L5 and L6: Lower managerial, administrative and professional occupations",392,447,-55
E01004499,L7: Intermediate occupations,104,136,-32
E01004499,L8 and L9: Small employers and own account workers,101,94,7
E01004500,"L1, L2 and L3: Higher managerial, administrative and professional occupations",570,353,217
E01004500,L10 and L11: Lower supervisory and technical occupations,47,50,-3
E01004500,L12: Semi-routine occupations,89,82,7
E01004500,L13: Routine occupations,95,46,49
E01004500,L14.1 and L14.2: Never worked and long-term unemployed,93,46,47
E01004500,L15: Full-time students,99,70,29
E01004500,"L4, L5 and L6: Lower managerial, administrative and professional occupations",460,486,-26
E01004500,L7: Intermediate occupations,150,160,-10
E01004500,L8 and L9: Small employers and own account workers,147,67,80
E01004501,"L1, L2 and L3: Higher managerial, administrative and professional occupations",315,288,27
E01004501,L10 and L11: Lower supervisory and technical occupations,46,39,7
E01004501,L12: Semi-routine occupations,117,97,20
E01004501,L13: Routine occupations,76,74,2
E01004501,L14.1 and L14.2: Never worked and long-term unemployed,129,70,59
E01004501,L15: Full-time students,87,73,14
E01004501,"L4, L5 and L6: Lower managerial, administrative and professional occupations",287,381,-94
E01004501,L7: Intermediate occupations,130,163,-33
E01004501,L8 and L9: Small employers and own account workers,129,82,47
E01004502,"L1, L2 and L3: Higher managerial, administrative and professional occupations",492,366,126
E01004502,L10 and L11: Lower supervisory and technical occupations,38,46,-8
E01004502,L12: Semi-routine occupations,57,59,-2
E01004502,L13: Routine occupations,51,41,10
E01004502,L14.1 and L14.2: Never worked and long-term unemployed,71,27,44
E01004502,L15: Full-time students,67,88,-21
E01004502,"L4, L5 and L6: Lower managerial, administrative and professional occupations",383,437,-54
E01004502,L7: Intermediate occupations,96,120,-24
E01004502,L8 and L9: Small employers and own account workers,109,95,14
E01004503,"L1, L2 and L3: Higher managerial, administrative and professional occupations",437,336,101
E01004503,L10 and L11: Lower supervisory and technical occupations,38,46,-8
E01004503,L12: Semi-routine occupations,89,83,6
E01004503,L13: Routine occupations,68,52,16
E01004503,L14.1 and L14.2: Never worked and long-term unemployed,95,69,26
E01004503,L15: Full-time students,94,91,3
E01004503,"L4, L5 and L6: Lower managerial, administrative and professional occupations",393,442,-49
E01004503,L7: Intermediate occupations,120,146,-26
E01004503,L8 and L9: Small employers and own account workers,139,83,56
E01004504,"L1, L2 and L3: Higher managerial, administrative and professional occupations",362,278,84
E01004504,L10 and L11: Lower supervisory and technical occupations,20,22,-2
E01004504,L12: Semi-routine occupations,55,54,1
E01004504,L13: Routine occupations,47,40,7
E01004504,L14.1 and L14.2: Never worked and long-term unemployed,74,69,5
E01004504,L15: Full-time students,83,86,-3
E01004504,"L4, L5 and L6: Lower managerial, administrative and professional occupations",311,368,-57
E01004504,L7: Intermediate occupations,109,97,12
E01004504,L8 and L9: Small employers and own account workers,147,120,27
E01004505,"L1, L2 and L3: Higher managerial, administrative and professional occupations",452,358,94
E01004505,L10 and L11: Lower supervisory and technical occupations,45,40,5
E01004505,L12: Semi-routine occupations,62,52,10
E01004505,L13: Routine occupations,66,34,32
E01004505,L14.1 and L14.2: Never worked and long-term unemployed,77,41,36
E01004505,L15: Full-time students,72,59,13
E01004505,"L4, L5 and L6: Lower managerial, administrative and professional occupations",376,483,-107
E01004505,L7: Intermediate occupations,96,159,-63
E01004505,L8 and L9: Small employers and own account workers,143,103,40
E01004506,"L1, L2 and L3: Higher managerial, administrative and professional occupations",741,541,200
E01004506,L10 and L11: Lower supervisory and technical occupations,55,44,11
E01004506,L12: Semi-routine occupations,77,80,-3
E01004506,L13: Routine occupations,75,39,36
E01004506,L14.1 and L14.2: Never worked and long-term unemployed,103,46,57
E01004506,L15: Full-time students,85,79,6
E01004506,"L4, L5 and L6: Lower managerial, administrative and professional occupations",537,546,-9
E01004506,L7: Intermediate occupations,164,151,13
E01004506,L8 and L9: Small employers and own account workers,147,79,68
E01004507,"L1, L2 and L3: Higher managerial, administrative and professional occupations",817,473,344
E01004507,L10 and L11: Lower supervisory and technical occupations,52,42,10
E01004507,L12: Semi-routine occupations,95,85,10
E01004507,L13: Routine occupations,84,52,32
E01004507,L14.1 and L14.2: Never worked and long-term unemployed,98,38,60
E01004507,L15: Full-time students,123,79,44
E01004507,"L4, L5 and L6: Lower managerial, administrative and professional occupations",606,534,72
E01004507,L7: Intermediate occupations,194,161,33
E01004507,L8 and L9: Small employers and own account workers,159,100,59
E01004508,"L1, L2 and L3: Higher managerial, administrative and professional occupations",664,513,151
E01004508,L10 and L11: Lower supervisory and technical occupations,46,48,-2
E01004508,L12: Semi-routine occupations,84,85,-1
E01004508,L13: Routine occupations,82,54,28
E01004508,L14.1 and L14.2: Never worked and long-term unemployed,64,51,13
E01004508,L15: Full-time students,83,100,-17
E01004508,"L4, L5 and L6: Lower managerial, administrative and professional occupations",530,596,-66
E01004508,L7: Intermediate occupations,141,178,-37
E01004508,L8 and L9: Small employers and own account workers,134,129,5
E01004510,"L1, L2 and L3: Higher managerial, administrative and professional occupations",542,388,154
E01004510,L10 and L11: Lower supervisory and technical occupations,42,36,6
E01004510,L12: Semi-routine occupations,74,87,-13
E01004510,L13: Routine occupations,63,59,4
E01004510,L14.1 and L14.2: Never worked and long-term unemployed,87,50,37
E01004510,L15: Full-time students,84,57,27
E01004510,"L4, L5 and L6: Lower managerial, administrative and professional occupations",463,669,-206
E01004510,L7: Intermediate occupations,125,223,-98
E01004510,L8 and L9: Small employers and own account workers,161,117,44
E01004511,"L1, L2 and L3: Higher managerial, administrative and professional occupations",478,442,36
E01004511,L10 and L11: Lower supervisory and technical occupations,27,43,-16
E01004511,L12: Semi-routine occupations,51,55,-4
E01004511,L13: Routine occupations,54,51,3
E01004511,L14.1 and L14.2: Never worked and long-term unemployed,38,12,26
E01004511,L15: Full-time students,69,69,0
E01004511,"L4, L5 and L6: Lower managerial, administrative and professional occupations",438,523,-85
E01004511,L7: Intermediate occupations,91,144,-53
E01004511,L8 and L9: Small employers and own account workers,106,104,2
E01004512,"L1, L2 and L3: Higher managerial, administrative and professional occupations",403,272,131
E01004512,L10 and L11: Lower supervisory and technical occupations,34,37,-3
E01004512,L12: Semi-routine occupations,57,51,6
E01004512,L13: Routine occupations,46,52,-6
E01004512,L14.1 and L14.2: Never worked and long-term unemployed,66,41,25
E01004512,L15: Full-time students,55,67,-12
E01004512,"L4, L5 and L6: Lower managerial, administrative and professional occupations",297,414,-117
E01004512,L7: Intermediate occupations,92,99,-7
E01004512,L8 and L9: Small employers and own account workers,129,107,22
E01004513,"L1, L2 and L3: Higher managerial, administrative and professional occupations",360,277,83
E01004513,L10 and L11: Lower supervisory and technical occupations,64,73,-9
E01004513,L12: Semi-routine occupations,104,133,-29
E01004513,L13: Routine occupations,151,106,45
E01004513,L14.1 and L14.2: Never worked and long-term unemployed,135,93,42
E01004513,L15: Full-time students,120,110,10
E01004513,"L4, L5 and L6: Lower managerial, administrative and professional occupations",409,385,24
E01004513,L7: Intermediate occupations,152,170,-18
E01004513,L8 and L9: Small employers and own account workers,134,119,15
E01004514,"L1, L2 and L3: Higher managerial, administrative and professional occupations",508,426,82
E01004514,L10 and L11: Lower supervisory and technical occupations,32,36,-4
E01004514,L12: Semi-routine occupations,53,70,-17
E01004514,L13: Routine occupations,74,57,17
E01004514,L14.1 and L14.2: Never worked and long-term unemployed,61,42,19
E01004514,L15: Full-time students,60,53,7
E01004514,"L4, L5 and L6: Lower managerial, administrative and professional occupations",473,533,-60
E01004514,L7: Intermediate occupations,125,111,14
E01004514,L8 and L9: Small employers and own account workers,156,107,49
E01004515,"L1, L2 and L3: Higher managerial, administrative and professional occupations",433,341,92
E01004515,L10 and L11: Lower supervisory and technical occupations,55,51,4
E01004515,L12: Semi-routine occupations,100,101,-1
E01004515,L13: Routine occupations,84,68,16
E01004515,L14.1 and L14.2: Never worked and long-term unemployed,84,70,14
E01004515,L15: Full-time students,102,93,9
E01004515,"L4, L5 and L6: Lower managerial, administrative and professional occupations",413,487,-74
E01004515,L7: Intermediate occupations,134,156,-22
E01004515,L8 and L9: Small employers and own account workers,115,71,44
E01004516,"L1, L2 and L3: Higher managerial, administrative and professional occupations",240,156,84
E01004516,L10 and L11: Lower supervisory and technical occupations,34,45,-11
E01004516,L12: Semi-routine occupations,69,86,-17
E01004516,L13: Routine occupations,48,59,-11
E01004516,L14.1 and L14.2: Never worked and long-term unemployed,94,63,31
E01004516,L15: Full-time students,321,304,17
E01004516,"L4, L5 and L6: Lower managerial, administrative and professional occupations",364,359,5
E01004516,L7: Intermediate occupations,96,135,-39
E01004516,L8 and L9: Small employers and own account workers,155,117,38
E01004517,"L1, L2 and L3: Higher managerial, administrative and professional occupations",366,164,202
E01004517,L10 and L11: Lower supervisory and technical occupations,56,88,-32
E01004517,L12: Semi-routine occupations,131,160,-29
E01004517,L13: Routine occupations,178,96,82
E01004517,L14.1 and L14.2: Never worked and long-term unemployed,131,117,14
E01004517,L15: Full-time students,152,133,19
E01004517,"L4, L5 and L6: Lower managerial, administrative and professional occupations",477,402,75
E01004517,L7: Intermediate occupations,131,145,-14
E01004517,L8 and L9: Small employers and own account workers,250,203,47
E01004518,"L1, L2 and L3: Higher managerial, administrative and professional occupations",298,203,95
E01004518,L10 and L11: Lower supervisory and technical occupations,53,45,8
E01004518,L12: Semi-routine occupations,88,106,-18
E01004518,L13: Routine occupations,109,73,36
E01004518,L14.1 and L14.2: Never worked and long-term unemployed,106,93,13
E01004518,L15: Full-time students,101,104,-3
E01004518,"L4, L5 and L6: Lower managerial, administrative and professional occupations",357,372,-15
E01004518,L7: Intermediate occupations,121,138,-17
E01004518,L8 and L9: Small employers and own account workers,168,150,18
E01004519,"L1, L2 and L3: Higher managerial, administrative and professional occupations",270,172,98
E01004519,L10 and L11: Lower supervisory and technical occupations,37,57,-20
E01004519,L12: Semi-routine occupations,116,131,-15
E01004519,L13: Routine occupations,111,100,11
E01004519,L14.1 and L14.2: Never worked and long-term unemployed,119,88,31
E01004519,L15: Full-time students,120,134,-14
E01004519,"L4, L5 and L6: Lower managerial, administrative and professional occupations",320,312,8
E01004519,L7: Intermediate occupations,130,122,8
E01004519,L8 and L9: Small employers and own account workers,181,155,26
E01004520,"L1, L2 and L3: Higher managerial, administrative and professional occupations",192,72,120
E01004520,L10 and L11: Lower supervisory and technical occupations,45,38,7
E01004520,L12: Semi-routine occupations,103,132,-29
E01004520,L13: Routine occupations,71,79,-8
E01004520,L14.1 and L14.2: Never worked and long-term unemployed,95,79,16
E01004520,L15: Full-time students,160,110,50
E01004520,"L4, L5 and L6: Lower managerial, administrative and professional occupations",226,253,-27
E01004520,L7: Intermediate occupations,112,117,-5
E01004520,L8 and L9: Small employers and own account workers,122,85,37
E01004521,"L1, L2 and L3: Higher managerial, administrative and professional occupations",335,175,160
E01004521,L10 and L11: Lower supervisory and technical occupations,55,68,-13
E01004521,L12: Semi-routine occupations,133,148,-15
E01004521,L13: Routine occupations,115,90,25
E01004521,L14.1 and L14.2: Never worked and long-term unemployed,128,133,-5
E01004521,L15: Full-time students,103,144,-41
E01004521,"L4, L5 and L6: Lower managerial, administrative and professional occupations",393,402,-9
E01004521,L7: Intermediate occupations,143,149,-6
E01004521,L8 and L9: Small employers and own account workers,185,143,42
E01004522,"L1, L2 and L3: Higher managerial, administrative and professional occupations",231,129,102
E01004522,L10 and L11: Lower supervisory and technical occupations,89,61,28
E01004522,L12: Semi-routine occupations,86,114,-28
E01004522,L13: Routine occupations,103,80,23
E01004522,L14.1 and L14.2: Never worked and long-term unemployed,159,105,54
E01004522,L15: Full-time students,99,116,-17
E01004522,"L4, L5 and L6: Lower managerial, administrative and professional occupations",340,301,39
E01004522,L7: Intermediate occupations,119,134,-15
E01004522,L8 and L9: Small employers and own account workers,168,159,9
E01004523,"L1, L2 and L3: Higher managerial, administrative and professional occupations",282,156,126
E01004523,L10 and L11: Lower supervisory and technical occupations,33,44,-11
E01004523,L12: Semi-routine occupations,96,103,-7
E01004523,L13: Routine occupations,87,66,21
E01004523,L14.1 and L14.2: Never worked and long-term unemployed,118,70,48
E01004523,L15: Full-time students,86,107,-21
E01004523,"L4, L5 and L6: Lower managerial, administrative and professional occupations",329,355,-26
E01004523,L7: Intermediate occupations,114,134,-20
E01004523,L8 and L9: Small employers and own account workers,191,137,54
E01004524,"L1, L2 and L3: Higher managerial, administrative and professional occupations",133,87,46
E01004524,L10 and L11: Lower supervisory and technical occupations,71,60,11
E01004524,L12: Semi-routine occupations,181,152,29
E01004524,L13: Routine occupations,189,110,79
E01004524,L14.1 and L14.2: Never worked and long-term unemployed,195,165,30
E01004524,L15: Full-time students,112,125,-13
E01004524,"L4, L5 and L6: Lower managerial, administrative and professional occupations",255,232,23
E01004524,L7: Intermediate occupations,160,132,28
E01004524,L8 and L9: Small employers and own account workers,158,134,24
E01004525,"L1, L2 and L3: Higher managerial, administrative and professional occupations",301,162,139
E01004525,L10 and L11: Lower supervisory and technical occupations,35,73,-38
E01004525,L12: Semi-routine occupations,109,146,-37
E01004525,L13: Routine occupations,134,117,17
E01004525,L14.1 and L14.2: Never worked and long-term unemployed,128,120,8
E01004525,L15: Full-time students,180,233,-53
E01004525,"L4, L5 and L6: Lower managerial, administrative and professional occupations",415,351,64
E01004525,L7: Intermediate occupations,145,152,-7
E01004525,L8 and L9: Small employers and own account workers,154,143,11
E01004526,"L1, L2 and L3: Higher managerial, administrative and professional occupations",341,201,140
E01004526,L10 and L11: Lower supervisory and technical occupations,39,92,-53
E01004526,L12: Semi-routine occupations,94,127,-33
E01004526,L13: Routine occupations,92,102,-10
E01004526,L14.1 and L14.2: Never worked and long-term unemployed,125,112,13
E01004526,L15: Full-time students,132,130,2
E01004526,"L4, L5 and L6: Lower managerial, administrative and professional occupations",372,321,51
E01004526,L7: Intermediate occupations,142,107,35
E01004526,L8 and L9: Small employers and own account workers,144,106,38
E01004527,"L1, L2 and L3: Higher managerial, administrative and professional occupations",327,145,182
E01004527,L10 and L11: Lower supervisory and technical occupations,39,51,-12
E01004527,L12: Semi-routine occupations,97,120,-23
E01004527,L13: Routine occupations,88,87,1
E01004527,L14.1 and L14.2: Never worked and long-term unemployed,120,100,20
E01004527,L15: Full-time students,123,165,-42
E01004527,"L4, L5 and L6: Lower managerial, administrative and professional occupations",362,332,30
E01004527,L7: Intermediate occupations,123,117,6
E01004527,L8 and L9: Small employers and own account workers,125,143,-18
E01004528,"L1, L2 and L3: Higher managerial, administrative and professional occupations",188,124,64
E01004528,L10 and L11: Lower supervisory and technical occupations,58,42,16
E01004528,L12: Semi-routine occupations,130,131,-1
E01004528,L13: Routine occupations,124,78,46
E01004528,L14.1 and L14.2: Never worked and long-term unemployed,176,118,58
E01004528,L15: Full-time students,109,122,-13
E01004528,"L4, L5 and L6: Lower managerial, administrative and professional occupations",288,280,8
E01004528,L7: Intermediate occupations,136,127,9
E01004528,L8 and L9: Small employers and own account workers,141,125,16
E01004529,"L1, L2 and L3: Higher managerial, administrative and professional occupations",446,234,212
E01004529,L10 and L11: Lower supervisory and technical occupations,55,85,-30
E01004529,L12: Semi-routine occupations,115,172,-57
E01004529,L13: Routine occupations,110,95,15
E01004529,L14.1 and L14.2: Never worked and long-term unemployed,118,95,23
E01004529,L15: Full-time students,97,133,-36
E01004529,"L4, L5 and L6: Lower managerial, administrative and professional occupations",505,481,24
E01004529,L7: Intermediate occupations,139,203,-64
E01004529,L8 and L9: Small employers and own account workers,180,168,12
E01004530,"L1, L2 and L3: Higher managerial, administrative and professional occupations",375,205,170
E01004530,L10 and L11: Lower supervisory and technical occupations,51,61,-10
E01004530,L12: Semi-routine occupations,74,125,-51
E01004530,L13: Routine occupations,86,93,-7
E01004530,L14.1 and L14.2: Never worked and long-term unemployed,141,106,35
E01004530,L15: Full-time students,132,184,-52
E01004530,"L4, L5 and L6: Lower managerial, administrative and professional occupations",376,438,-62
E01004530,L7: Intermediate occupations,140,151,-11
E01004530,L8 and L9: Small employers and own account workers,151,148,3
E01004531,"L1, L2 and L3: Higher managerial, administrative and professional occupations",322,148,174
E01004531,L10 and L11: Lower supervisory and technical occupations,45,57,-12
E01004531,L12: Semi-routine occupations,127,141,-14
E01004531,L13: Routine occupations,96,93,3
E01004531,L14.1 and L14.2: Never worked and long-term unemployed,144,102,42
E01004531,L15: Full-time students,129,140,-11
E01004531,"L4, L5 and L6: Lower managerial, administrative and professional occupations",314,319,-5
E01004531,L7: Intermediate occupations,131,157,-26
E01004531,L8 and L9: Small employers and own account workers,109,111,-2
E01004532,"L1, L2 and L3: Higher managerial, administrative and professional occupations",369,203,166
E01004532,L10 and L11: Lower supervisory and technical occupations,25,44,-19
E01004532,L12: Semi-routine occupations,77,112,-35
E01004532,L13: Routine occupations,76,78,-2
E01004532,L14.1 and L14.2: Never worked and long-term unemployed,87,74,13
E01004532,L15: Full-time students,47,80,-33
E01004532,"L4, L5 and L6: Lower managerial, administrative and professional occupations",319,372,-53
E01004532,L7: Intermediate occupations,83,119,-36
E01004532,L8 and L9: Small employers and own account workers,104,84,20
E01004533,"L1, L2 and L3: Higher managerial, administrative and professional occupations",278,136,142
E01004533,L10 and L11: Lower supervisory and technical occupations,31,44,-13
E01004533,L12: Semi-routine occupations,94,115,-21
E01004533,L13: Routine occupations,81,81,0
E01004533,L14.1 and L14.2: Never worked and long-term unemployed,132,100,32
E01004533,L15: Full-time students,67,117,-50
E01004533,"L4, L5 and L6: Lower managerial, administrative and professional occupations",275,248,27
E01004533,L7: Intermediate occupations,102,114,-12
E01004533,L8 and L9: Small employers and own account workers,118,102,16
E01004534,"L1, L2 and L3: Higher managerial, administrative and professional occupations",595,380,215
E01004534,L10 and L11: Lower supervisory and technical occupations,41,53,-12
E01004534,L12: Semi-routine occupations,60,76,-16
E01004534,L13: Routine occupations,59,69,-10
E01004534,L14.1 and L14.2: Never worked and long-term unemployed,74,37,37
E01004534,L15: Full-time students,76,49,27
E01004534,"L4, L5 and L6: Lower managerial, administrative and professional occupations",459,618,-159
E01004534,L7: Intermediate occupations,110,151,-41
E01004534,L8 and L9: Small employers and own account workers,158,145,13
E01004535,"L1, L2 and L3: Higher managerial, administrative and professional occupations",80,60,20
E01004535,L10 and L11: Lower supervisory and technical occupations,59,81,-22
E01004535,L12: Semi-routine occupations,173,165,8
E01004535,L13: Routine occupations,165,140,25
E01004535,L14.1 and L14.2: Never worked and long-term unemployed,212,187,25
E01004535,L15: Full-time students,174,157,17
E01004535,"L4, L5 and L6: Lower managerial, administrative and professional occupations",210,209,1
E01004535,L7: Intermediate occupations,120,145,-25
E01004535,L8 and L9: Small employers and own account workers,140,86,54
E01004536,"L1, L2 and L3: Higher managerial, administrative and professional occupations",321,277,44
E01004536,L10 and L11: Lower supervisory and technical occupations,60,91,-31
E01004536,L12: Semi-routine occupations,149,145,4
E01004536,L13: Routine occupations,146,95,51
E01004536,L14.1 and L14.2: Never worked and long-term unemployed,152,124,28
E01004536,L15: Full-time students,502,159,343
E01004536,"L4, L5 and L6: Lower managerial, administrative and professional occupations",406,514,-108
E01004536,L7: Intermediate occupations,152,174,-22
E01004536,L8 and L9: Small employers and own account workers,140,109,31
E01004537,"L1, L2 and L3: Higher managerial, administrative and professional occupations",270,111,159
E01004537,L10 and L11: Lower supervisory and technical occupations,67,81,-14
E01004537,L12: Semi-routine occupations,183,192,-9
E01004537,L13: Routine occupations,177,150,27
E01004537,L14.1 and L14.2: Never worked and long-term unemployed,196,153,43
E01004537,L15: Full-time students,160,166,-6
E01004537,"L4, L5 and L6: Lower managerial, administrative and professional occupations",382,317,65
E01004537,L7: Intermediate occupations,165,181,-16
E01004537,L8 and L9: Small employers and own account workers,134,90,44
E01004538,"L1, L2 and L3: Higher managerial, administrative and professional occupations",394,178,216
E01004538,L10 and L11: Lower supervisory and technical occupations,79,95,-16
E01004538,L12: Semi-routine occupations,183,194,-11
E01004538,L13: Routine occupations,181,144,37
E01004538,L14.1 and L14.2: Never worked and long-term unemployed,219,122,97
E01004538,L15: Full-time students,163,146,17
E01004538,"L4, L5 and L6: Lower managerial, administrative and professional occupations",480,385,95
E01004538,L7: Intermediate occupations,183,176,7
E01004538,L8 and L9: Small employers and own account workers,183,106,77
E01004539,"L1, L2 and L3: Higher managerial, administrative and professional occupations",176,99,77
E01004539,L10 and L11: Lower supervisory and technical occupations,58,119,-61
E01004539,L12: Semi-routine occupations,204,200,4
E01004539,L13: Routine occupations,198,193,5
E01004539,L14.1 and L14.2: Never worked and long-term unemployed,183,170,13
E01004539,L15: Full-time students,190,173,17
E01004539,"L4, L5 and L6: Lower managerial, administrative and professional occupations",241,258,-17
E01004539,L7: Intermediate occupations,193,144,49
E01004539,L8 and L9: Small employers and own account workers,166,114,52
E01004540,"L1, L2 and L3: Higher managerial, administrative and professional occupations",472,259,213
E01004540,L10 and L11: Lower supervisory and technical occupations,85,81,4
E01004540,L12: Semi-routine occupations,193,147,46
E01004540,L13: Routine occupations,145,121,24
E01004540,L14.1 and L14.2: Never worked and long-term unemployed,138,105,33
E01004540,L15: Full-time students,103,117,-14
E01004540,"L4, L5 and L6: Lower managerial, administrative and professional occupations",429,502,-73
E01004540,L7: Intermediate occupations,175,190,-15
E01004540,L8 and L9: Small employers and own account workers,177,135,42
E01004541,"L1, L2 and L3: Higher managerial, administrative and professional occupations",212,124,88
E01004541,L10 and L11: Lower supervisory and technical occupations,47,62,-15
E01004541,L12: Semi-routine occupations,159,184,-25
E01004541,L13: Routine occupations,182,140,42
E01004541,L14.1 and L14.2: Never worked and long-term unemployed,195,136,59
E01004541,L15: Full-time students,135,137,-2
E01004541,"L4, L5 and L6: Lower managerial, administrative and professional occupations",244,233,11
E01004541,L7: Intermediate occupations,128,160,-32
E01004541,L8 and L9: Small employers and own account workers,122,91,31
E01004542,"L1, L2 and L3: Higher managerial, administrative and professional occupations",502,388,114
E01004542,L10 and L11: Lower supervisory and technical occupations,14,26,-12
E01004542,L12: Semi-routine occupations,35,53,-18
E01004542,L13: Routine occupations,59,35,24
E01004542,L14.1 and L14.2: Never worked and long-term unemployed,34,33,1
E01004542,L15: Full-time students,92,56,36
E01004542,"L4, L5 and L6: Lower managerial, administrative and professional occupations",331,424,-93
E01004542,L7: Intermediate occupations,95,128,-33
E01004542,L8 and L9: Small employers and own account workers,109,91,18
E01004543,"L1, L2 and L3: Higher managerial, administrative and professional occupations",566,406,160
E01004543,L10 and L11: Lower supervisory and technical occupations,26,33,-7
E01004543,L12: Semi-routine occupations,43,57,-14
E01004543,L13: Routine occupations,51,45,6
E01004543,L14.1 and L14.2: Never worked and long-term unemployed,42,22,20
E01004543,L15: Full-time students,95,76,19
E01004543,"L4, L5 and L6: Lower managerial, administrative and professional occupations",409,518,-109
E01004543,L7: Intermediate occupations,77,107,-30
E01004543,L8 and L9: Small employers and own account workers,169,100,69
E01004544,"L1, L2 and L3: Higher managerial, administrative and professional occupations",455,346,109
E01004544,L10 and L11: Lower supervisory and technical occupations,12,27,-15
E01004544,L12: Semi-routine occupations,43,70,-27
E01004544,L13: Routine occupations,57,40,17
E01004544,L14.1 and L14.2: Never worked and long-term unemployed,75,39,36
E01004544,L15: Full-time students,78,70,8
E01004544,"L4, L5 and L6: Lower managerial, administrative and professional occupations",342,403,-61
E01004544,L7: Intermediate occupations,106,90,16
E01004544,L8 and L9: Small employers and own account workers,92,80,12
E01004545,"L1, L2 and L3: Higher managerial, administrative and professional occupations",690,414,276
E01004545,L10 and L11: Lower supervisory and technical occupations,47,37,10
E01004545,L12: Semi-routine occupations,68,61,7
E01004545,L13: Routine occupations,64,39,25
E01004545,L14.1 and L14.2: Never worked and long-term unemployed,47,25,22
E01004545,L15: Full-time students,60,66,-6
E01004545,"L4, L5 and L6: Lower managerial, administrative and professional occupations",568,566,2
E01004545,L7: Intermediate occupations,140,145,-5
E01004545,L8 and L9: Small employers and own account workers,110,61,49
E01004546,"L1, L2 and L3: Higher managerial, administrative and professional occupations",498,346,152
E01004546,L10 and L11: Lower supervisory and technical occupations,17,31,-14
E01004546,L12: Semi-routine occupations,44,43,1
E01004546,L13: Routine occupations,45,33,12
E01004546,L14.1 and L14.2: Never worked and long-term unemployed,39,49,-10
E01004546,L15: Full-time students,52,47,5
E01004546,"L4, L5 and L6: Lower managerial, administrative and professional occupations",385,481,-96
E01004546,L7: Intermediate occupations,101,108,-7
E01004546,L8 and L9: Small employers and own account workers,90,103,-13
E01004547,"L1, L2 and L3: Higher managerial, administrative and professional occupations",347,239,108
E01004547,L10 and L11: Lower supervisory and technical occupations,35,39,-4
E01004547,L12: Semi-routine occupations,66,89,-23
E01004547,L13: Routine occupations,44,62,-18
E01004547,L14.1 and L14.2: Never worked and long-term unemployed,147,86,61
E01004547,L15: Full-time students,72,75,-3
E01004547,"L4, L5 and L6: Lower managerial, administrative and professional occupations",296,303,-7
E01004547,L7: Intermediate occupations,96,99,-3
E01004547,L8 and L9: Small employers and own account workers,131,80,51
E01004548,"L1, L2 and L3: Higher managerial, administrative and professional occupations",488,352,136
E01004548,L10 and L11: Lower supervisory and technical occupations,42,60,-18
E01004548,L12: Semi-routine occupations,103,127,-24
E01004548,L13: Routine occupations,91,76,15
E01004548,L14.1 and L14.2: Never worked and long-term unemployed,114,85,29
E01004548,L15: Full-time students,103,123,-20
E01004548,"L4, L5 and L6: Lower managerial, administrative and professional occupations",513,622,-109
E01004548,L7: Intermediate occupations,198,194,4
E01004548,L8 and L9: Small employers and own account workers,150,121,29
E01004549,"L1, L2 and L3: Higher managerial, administrative and professional occupations",435,283,152
E01004549,L10 and L11: Lower supervisory and technical occupations,35,41,-6
E01004549,L12: Semi-routine occupations,66,99,-33
E01004549,L13: Routine occupations,62,75,-13
E01004549,L14.1 and L14.2: Never worked and long-term unemployed,107,65,42
E01004549,L15: Full-time students,72,77,-5
E01004549,"L4, L5 and L6: Lower managerial, administrative and professional occupations",378,414,-36
E01004549,L7: Intermediate occupations,115,154,-39
E01004549,L8 and L9: Small employers and own account workers,146,103,43
E01004550,"L1, L2 and L3: Higher managerial, administrative and professional occupations",345,272,73
E01004550,L10 and L11: Lower supervisory and technical occupations,22,24,-2
E01004550,L12: Semi-routine occupations,51,58,-7
E01004550,L13: Routine occupations,42,46,-4
E01004550,L14.1 and L14.2: Never worked and long-term unemployed,74,53,21
E01004550,L15: Full-time students,69,69,0
E01004550,"L4, L5 and L6: Lower managerial, administrative and professional occupations",298,326,-28
E01004550,L7: Intermediate occupations,87,80,7
E01004550,L8 and L9: Small employers and own account workers,120,86,34
E01004551,"L1, L2 and L3: Higher managerial, administrative and professional occupations",457,341,116
E01004551,L10 and L11: Lower supervisory and technical occupations,51,54,-3
E01004551,L12: Semi-routine occupations,71,118,-47
E01004551,L13: Routine occupations,78,107,-29
E01004551,L14.1 and L14.2: Never worked and long-term unemployed,74,63,11
E01004551,L15: Full-time students,81,90,-9
E01004551,"L4, L5 and L6: Lower managerial, administrative and professional occupations",392,528,-136
E01004551,L7: Intermediate occupations,121,167,-46
E01004551,L8 and L9: Small employers and own account workers,93,84,9
E01004552,"L1, L2 and L3: Higher managerial, administrative and professional occupations",719,623,96
E01004552,L10 and L11: Lower supervisory and technical occupations,41,36,5
E01004552,L12: Semi-routine occupations,57,75,-18
E01004552,L13: Routine occupations,60,42,18
E01004552,L14.1 and L14.2: Never worked and long-term unemployed,50,35,15
E01004552,L15: Full-time students,58,66,-8
E01004552,"L4, L5 and L6: Lower managerial, administrative and professional occupations",542,667,-125
E01004552,L7: Intermediate occupations,124,152,-28
E01004552,L8 and L9: Small employers and own account workers,133,103,30
E01004553,"L1, L2 and L3: Higher managerial, administrative and professional occupations",547,431,116
E01004553,L10 and L11: Lower supervisory and technical occupations,34,39,-5
E01004553,L12: Semi-routine occupations,67,69,-2
E01004553,L13: Routine occupations,46,35,11
E01004553,L14.1 and L14.2: Never worked and long-term unemployed,54,44,10
E01004553,L15: Full-time students,63,41,22
E01004553,"L4, L5 and L6: Lower managerial, administrative and professional occupations",442,485,-43
E01004553,L7: Intermediate occupations,111,122,-11
E01004553,L8 and L9: Small employers and own account workers,129,107,22
E01004554,"L1, L2 and L3: Higher managerial, administrative and professional occupations",555,454,101
E01004554,L10 and L11: Lower supervisory and technical occupations,23,18,5
E01004554,L12: Semi-routine occupations,29,46,-17
E01004554,L13: Routine occupations,33,31,2
E01004554,L14.1 and L14.2: Never worked and long-term unemployed,37,18,19
E01004554,L15: Full-time students,72,40,32
E01004554,"L4, L5 and L6: Lower managerial, administrative and professional occupations",357,457,-100
E01004554,L7: Intermediate occupations,85,99,-14
E01004554,L8 and L9: Small employers and own account workers,120,77,43
E01004555,"L1, L2 and L3: Higher managerial, administrative and professional occupations",485,395,90
E01004555,L10 and L11: Lower supervisory and technical occupations,16,23,-7
E01004555,L12: Semi-routine occupations,28,34,-6
E01004555,L13: Routine occupations,25,36,-11
E01004555,L14.1 and L14.2: Never worked and long-term unemployed,46,28,18
E01004555,L15: Full-time students,78,53,25
E01004555,"L4, L5 and L6: Lower managerial, administrative and professional occupations",374,420,-46
E01004555,L7: Intermediate occupations,79,80,-1
E01004555,L8 and L9: Small employers and own account workers,121,109,12
E01004556,"L1, L2 and L3: Higher managerial, administrative and professional occupations",520,390,130
E01004556,L10 and L11: Lower supervisory and technical occupations,13,19,-6
E01004556,L12: Semi-routine occupations,23,43,-20
E01004556,L13: Routine occupations,27,22,5
E01004556,L14.1 and L14.2: Never worked and long-term unemployed,31,22,9
E01004556,L15: Full-time students,58,38,20
E01004556,"L4, L5 and L6: Lower managerial, administrative and professional occupations",298,436,-138
E01004556,L7: Intermediate occupations,80,78,2
E01004556,L8 and L9: Small employers and own account workers,112,100,12
E01004557,"L1, L2 and L3: Higher managerial, administrative and professional occupations",465,345,120
E01004557,L10 and L11: Lower supervisory and technical occupations,24,24,0
E01004557,L12: Semi-routine occupations,65,48,17
E01004557,L13: Routine occupations,69,41,28
E01004557,L14.1 and L14.2: Never worked and long-term unemployed,61,42,19
E01004557,L15: Full-time students,111,40,71
E01004557,"L4, L5 and L6: Lower managerial, administrative and professional occupations",329,403,-74
E01004557,L7: Intermediate occupations,104,111,-7
E01004557,L8 and L9: Small employers and own account workers,99,102,-3
E01004558,"L1, L2 and L3: Higher managerial, administrative and professional occupations",514,380,134
E01004558,L10 and L11: Lower supervisory and technical occupations,27,32,-5
E01004558,L12: Semi-routine occupations,51,40,11
E01004558,L13: Routine occupations,45,33,12
E01004558,L14.1 and L14.2: Never worked and long-term unemployed,66,38,28
E01004558,L15: Full-time students,89,50,39
E01004558,"L4, L5 and L6: Lower managerial, administrative and professional occupations",378,476,-98
E01004558,L7: Intermediate occupations,85,88,-3
E01004558,L8 and L9: Small employers and own account workers,132,114,18
E01004559,"L1, L2 and L3: Higher managerial, administrative and professional occupations",423,331,92
E01004559,L10 and L11: Lower supervisory and technical occupations,16,9,7
E01004559,L12: Semi-routine occupations,54,28,26
E01004559,L13: Routine occupations,57,36,21
E01004559,L14.1 and L14.2: Never worked and long-term unemployed,73,23,50
E01004559,L15: Full-time students,82,61,21
E01004559,"L4, L5 and L6: Lower managerial, administrative and professional occupations",247,334,-87
E01004559,L7: Intermediate occupations,67,84,-17
E01004559,L8 and L9: Small employers and own account workers,111,79,32
E01004560,"L1, L2 and L3: Higher managerial, administrative and professional occupations",517,394,123
E01004560,L10 and L11: Lower supervisory and technical occupations,36,58,-22
E01004560,L12: Semi-routine occupations,98,107,-9
E01004560,L13: Routine occupations,102,73,29
E01004560,L14.1 and L14.2: Never worked and long-term unemployed,87,73,14
E01004560,L15: Full-time students,109,99,10
E01004560,"L4, L5 and L6: Lower managerial, administrative and professional occupations",400,555,-155
E01004560,L7: Intermediate occupations,110,144,-34
E01004560,L8 and L9: Small employers and own account workers,176,158,18
E01004563,"L1, L2 and L3: Higher managerial, administrative and professional occupations",250,168,82
E01004563,L10 and L11: Lower supervisory and technical occupations,72,77,-5
E01004563,L12: Semi-routine occupations,200,205,-5
E01004563,L13: Routine occupations,216,180,36
E01004563,L14.1 and L14.2: Never worked and long-term unemployed,202,136,66
E01004563,L15: Full-time students,163,185,-22
E01004563,"L4, L5 and L6: Lower managerial, administrative and professional occupations",322,322,0
E01004563,L7: Intermediate occupations,146,154,-8
E01004563,L8 and L9: Small employers and own account workers,187,124,63
E01004564,"L1, L2 and L3: Higher managerial, administrative and professional occupations",475,380,95
E01004564,L10 and L11: Lower supervisory and technical occupations,51,67,-16
E01004564,L12: Semi-routine occupations,101,126,-25
E01004564,L13: Routine occupations,117,117,0
E01004564,L14.1 and L14.2: Never worked and long-term unemployed,95,74,21
E01004564,L15: Full-time students,111,133,-22
E01004564,"L4, L5 and L6: Lower managerial, administrative and professional occupations",439,591,-152
E01004564,L7: Intermediate occupations,146,203,-57
E01004564,L8 and L9: Small employers and own account workers,126,101,25
E01004565,"L1, L2 and L3: Higher managerial, administrative and professional occupations",442,280,162
E01004565,L10 and L11: Lower supervisory and technical occupations,40,31,9
E01004565,L12: Semi-routine occupations,92,90,2
E01004565,L13: Routine occupations,72,55,17
E01004565,L14.1 and L14.2: Never worked and long-term unemployed,97,51,46
E01004565,L15: Full-time students,90,70,20
E01004565,"L4, L5 and L6: Lower managerial, administrative and professional occupations",399,412,-13
E01004565,L7: Intermediate occupations,113,124,-11
E01004565,L8 and L9: Small employers and own account workers,124,72,52
E01004566,"L1, L2 and L3: Higher managerial, administrative and professional occupations",483,394,89
E01004566,L10 and L11: Lower supervisory and technical occupations,38,28,10
E01004566,L12: Semi-routine occupations,80,52,28
E01004566,L13: Routine occupations,95,46,49
E01004566,L14.1 and L14.2: Never worked and long-term unemployed,74,35,39
E01004566,L15: Full-time students,53,64,-11
E01004566,"L4, L5 and L6: Lower managerial, administrative and professional occupations",366,450,-84
E01004566,L7: Intermediate occupations,123,117,6
E01004566,L8 and L9: Small employers and own account workers,138,113,25
E01004567,"L1, L2 and L3: Higher managerial, administrative and professional occupations",242,170,72
E01004567,L10 and L11: Lower supervisory and technical occupations,88,100,-12
E01004567,L12: Semi-routine occupations,239,241,-2
E01004567,L13: Routine occupations,229,227,2
E01004567,L14.1 and L14.2: Never worked and long-term unemployed,237,170,67
E01004567,L15: Full-time students,203,213,-10
E01004567,"L4, L5 and L6: Lower managerial, administrative and professional occupations",341,350,-9
E01004567,L7: Intermediate occupations,151,171,-20
E01004567,L8 and L9: Small employers and own account workers,158,103,55
E01004568,"L1, L2 and L3: Higher managerial, administrative and professional occupations",57,37,20
E01004568,L10 and L11: Lower supervisory and technical occupations,42,45,-3
E01004568,L12: Semi-routine occupations,101,93,8
E01004568,L13: Routine occupations,98,84,14
E01004568,L14.1 and L14.2: Never worked and long-term unemployed,133,113,20
E01004568,L15: Full-time students,668,706,-38
E01004568,"L4, L5 and L6: Lower managerial, administrative and professional occupations",99,107,-8
E01004568,L7: Intermediate occupations,70,80,-10
E01004568,L8 and L9: Small employers and own account workers,125,78,47
E01004569,"L1, L2 and L3: Higher managerial, administrative and professional occupations",217,137,80
E01004569,L10 and L11: Lower supervisory and technical occupations,53,58,-5
E01004569,L12: Semi-routine occupations,151,157,-6
E01004569,L13: Routine occupations,159,103,56
E01004569,L14.1 and L14.2: Never worked and long-term unemployed,272,154,118
E01004569,L15: Full-time students,466,743,-277
E01004569,"L4, L5 and L6: Lower managerial, administrative and professional occupations",264,306,-42
E01004569,L7: Intermediate occupations,107,126,-19
E01004569,L8 and L9: Small employers and own account workers,233,158,75
E01004570,"L1, L2 and L3: Higher managerial, administrative and professional occupations",91,48,43
E01004570,L10 and L11: Lower supervisory and technical occupations,82,105,-23
E01004570,L12: Semi-routine occupations,181,208,-27
E01004570,L13: Routine occupations,201,173,28
E01004570,L14.1 and L14.2: Never worked and long-term unemployed,198,127,71
E01004570,L15: Full-time students,196,386,-190
E01004570,"L4, L5 and L6: Lower managerial, administrative and professional occupations",204,160,44
E01004570,L7: Intermediate occupations,135,107,28
E01004570,L8 and L9: Small employers and own account workers,203,109,94
E01004571,"L1, L2 and L3: Higher managerial, administrative and professional occupations",115,95,20
E01004571,L10 and L11: Lower supervisory and technical occupations,79,104,-25
E01004571,L12: Semi-routine occupations,156,199,-43
E01004571,L13: Routine occupations,191,164,27
E01004571,L14.1 and L14.2: Never worked and long-term unemployed,192,152,40
E01004571,L15: Full-time students,190,352,-162
E01004571,"L4, L5 and L6: Lower managerial, administrative and professional occupations",252,235,17
E01004571,L7: Intermediate occupations,123,124,-1
E01004571,L8 and L9: Small employers and own account workers,186,137,49
E01004572,"L1, L2 and L3: Higher managerial, administrative and professional occupations",252,160,92
E01004572,L10 and L11: Lower supervisory and technical occupations,56,46,10
E01004572,L12: Semi-routine occupations,123,109,14
E01004572,L13: Routine occupations,130,63,67
E01004572,L14.1 and L14.2: Never worked and long-term unemployed,92,68,24
E01004572,L15: Full-time students,141,78,63
E01004572,"L4, L5 and L6: Lower managerial, administrative and professional occupations",254,267,-13
E01004572,L7: Intermediate occupations,119,77,42
E01004572,L8 and L9: Small employers and own account workers,173,110,63
E01004573,"L1, L2 and L3: Higher managerial, administrative and professional occupations",145,108,37
E01004573,L10 and L11: Lower supervisory and technical occupations,64,73,-9
E01004573,L12: Semi-routine occupations,150,149,1
E01004573,L13: Routine occupations,165,99,66
E01004573,L14.1 and L14.2: Never worked and long-term unemployed,115,92,23
E01004573,L15: Full-time students,127,163,-36
E01004573,"L4, L5 and L6: Lower managerial, administrative and professional occupations",268,256,12
E01004573,L7: Intermediate occupations,125,115,10
E01004573,L8 and L9: Small employers and own account workers,215,193,22
E01004574,"L1, L2 and L3: Higher managerial, administrative and professional occupations",81,55,26
E01004574,L10 and L11: Lower supervisory and technical occupations,59,73,-14
E01004574,L12: Semi-routine occupations,180,199,-19
E01004574,L13: Routine occupations,178,118,60
E01004574,L14.1 and L14.2: Never worked and long-term unemployed,184,167,17
E01004574,L15: Full-time students,393,263,130
E01004574,"L4, L5 and L6: Lower managerial, administrative and professional occupations",169,151,18
E01004574,L7: Intermediate occupations,119,109,10
E01004574,L8 and L9: Small employers and own account workers,171,111,60
E01004575,"L1, L2 and L3: Higher managerial, administrative and professional occupations",157,113,44
E01004575,L10 and L11: Lower supervisory and technical occupations,64,95,-31
E01004575,L12: Semi-routine occupations,127,142,-15
E01004575,L13: Routine occupations,144,125,19
E01004575,L14.1 and L14.2: Never worked and long-term unemployed,205,109,96
E01004575,L15: Full-time students,374,326,48
E01004575,"L4, L5 and L6: Lower managerial, administrative and professional occupations",216,191,25
E01004575,L7: Intermediate occupations,159,119,40
E01004575,L8 and L9: Small employers and own account workers,148,135,13
E01004576,"L1, L2 and L3: Higher managerial, administrative and professional occupations",166,83,83
E01004576,L10 and L11: Lower supervisory and technical occupations,48,61,-13
E01004576,L12: Semi-routine occupations,136,155,-19
E01004576,L13: Routine occupations,147,104,43
E01004576,L14.1 and L14.2: Never worked and long-term unemployed,171,84,87
E01004576,L15: Full-time students,124,191,-67
E01004576,"L4, L5 and L6: Lower managerial, administrative and professional occupations",183,198,-15
E01004576,L7: Intermediate occupations,95,106,-11
E01004576,L8 and L9: Small employers and own account workers,150,162,-12
E01004577,"L1, L2 and L3: Higher managerial, administrative and professional occupations",433,329,104
E01004577,L10 and L11: Lower supervisory and technical occupations,45,51,-6
E01004577,L12: Semi-routine occupations,95,109,-14
E01004577,L13: Routine occupations,101,97,4
E01004577,L14.1 and L14.2: Never worked and long-term unemployed,110,51,59
E01004577,L15: Full-time students,115,133,-18
E01004577,"L4, L5 and L6: Lower managerial, administrative and professional occupations",376,494,-118
E01004577,L7: Intermediate occupations,133,154,-21
E01004577,L8 and L9: Small employers and own account workers,168,141,27
E01004579,"L1, L2 and L3: Higher managerial, administrative and professional occupations",425,288,137
E01004579,L10 and L11: Lower supervisory and technical occupations,69,53,16
E01004579,L12: Semi-routine occupations,117,103,14
E01004579,L13: Routine occupations,78,75,3
E01004579,L14.1 and L14.2: Never worked and long-term unemployed,122,72,50
E01004579,L15: Full-time students,88,63,25
E01004579,"L4, L5 and L6: Lower managerial, administrative and professional occupations",396,399,-3
E01004579,L7: Intermediate occupations,126,119,7
E01004579,L8 and L9: Small employers and own account workers,160,107,53
E01004580,"L1, L2 and L3: Higher managerial, administrative and professional occupations",436,285,151
E01004580,L10 and L11: Lower supervisory and technical occupations,65,93,-28
E01004580,L12: Semi-routine occupations,130,131,-1
E01004580,L13: Routine occupations,110,109,1
E01004580,L14.1 and L14.2: Never worked and long-term unemployed,138,81,57
E01004580,L15: Full-time students,137,174,-37
E01004580,"L4, L5 and L6: Lower managerial, administrative and professional occupations",467,539,-72
E01004580,L7: Intermediate occupations,149,172,-23
E01004580,L8 and L9: Small employers and own account workers,138,117,21
E01004581,"L1, L2 and L3: Higher managerial, administrative and professional occupations",355,296,59
E01004581,L10 and L11: Lower supervisory and technical occupations,65,74,-9
E01004581,L12: Semi-routine occupations,99,103,-4
E01004581,L13: Routine occupations,92,94,-2
E01004581,L14.1 and L14.2: Never worked and long-term unemployed,108,78,30
E01004581,L15: Full-time students,102,149,-47
E01004581,"L4, L5 and L6: Lower managerial, administrative and professional occupations",451,490,-39
E01004581,L7: Intermediate occupations,134,154,-20
E01004581,L8 and L9: Small employers and own account workers,156,113,43
E01004582,"L1, L2 and L3: Higher managerial, administrative and professional occupations",491,415,76
E01004582,L10 and L11: Lower supervisory and technical occupations,56,58,-2
E01004582,L12: Semi-routine occupations,111,105,6
E01004582,L13: Routine occupations,93,88,5
E01004582,L14.1 and L14.2: Never worked and long-term unemployed,139,77,62
E01004582,L15: Full-time students,155,172,-17
E01004582,"L4, L5 and L6: Lower managerial, administrative and professional occupations",518,517,1
E01004582,L7: Intermediate occupations,134,150,-16
E01004582,L8 and L9: Small employers and own account workers,239,159,80
E01004583,"L1, L2 and L3: Higher managerial, administrative and professional occupations",335,319,16
E01004583,L10 and L11: Lower supervisory and technical occupations,31,60,-29
E01004583,L12: Semi-routine occupations,108,95,13
E01004583,L13: Routine occupations,94,64,30
E01004583,L14.1 and L14.2: Never worked and long-term unemployed,145,63,82
E01004583,L15: Full-time students,86,104,-18
E01004583,"L4, L5 and L6: Lower managerial, administrative and professional occupations",396,424,-28
E01004583,L7: Intermediate occupations,138,127,11
E01004583,L8 and L9: Small employers and own account workers,175,137,38
E01004584,"L1, L2 and L3: Higher managerial, administrative and professional occupations",134,57,77
E01004584,L10 and L11: Lower supervisory and technical occupations,78,85,-7
E01004584,L12: Semi-routine occupations,156,176,-20
E01004584,L13: Routine occupations,186,139,47
E01004584,L14.1 and L14.2: Never worked and long-term unemployed,183,155,28
E01004584,L15: Full-time students,145,191,-46
E01004584,"L4, L5 and L6: Lower managerial, administrative and professional occupations",240,233,7
E01004584,L7: Intermediate occupations,147,137,10
E01004584,L8 and L9: Small employers and own account workers,115,64,51
E01004585,"L1, L2 and L3: Higher managerial, administrative and professional occupations",562,423,139
E01004585,L10 and L11: Lower supervisory and technical occupations,45,44,1
E01004585,L12: Semi-routine occupations,76,84,-8
E01004585,L13: Routine occupations,62,67,-5
E01004585,L14.1 and L14.2: Never worked and long-term unemployed,55,47,8
E01004585,L15: Full-time students,73,92,-19
E01004585,"L4, L5 and L6: Lower managerial, administrative and professional occupations",504,588,-84
E01004585,L7: Intermediate occupations,132,157,-25
E01004585,L8 and L9: Small employers and own account workers,108,93,15
E01004586,"L1, L2 and L3: Higher managerial, administrative and professional occupations",672,552,120
E01004586,L10 and L11: Lower supervisory and technical occupations,33,34,-1
E01004586,L12: Semi-routine occupations,57,68,-11
E01004586,L13: Routine occupations,48,36,12
E01004586,L14.1 and L14.2: Never worked and long-term unemployed,39,34,5
E01004586,L15: Full-time students,89,72,17
E01004586,"L4, L5 and L6: Lower managerial, administrative and professional occupations",522,561,-39
E01004586,L7: Intermediate occupations,116,148,-32
E01004586,L8 and L9: Small employers and own account workers,108,92,16
E01004587,"L1, L2 and L3: Higher managerial, administrative and professional occupations",583,448,135
E01004587,L10 and L11: Lower supervisory and technical occupations,22,35,-13
E01004587,L12: Semi-routine occupations,56,56,0
E01004587,L13: Routine occupations,59,41,18
E01004587,L14.1 and L14.2: Never worked and long-term unemployed,49,39,10
E01004587,L15: Full-time students,78,47,31
E01004587,"L4, L5 and L6: Lower managerial, administrative and professional occupations",387,523,-136
E01004587,L7: Intermediate occupations,104,142,-38
E01004587,L8 and L9: Small employers and own account workers,147,108,39
E01004588,"L1, L2 and L3: Higher managerial, administrative and professional occupations",762,570,192
E01004588,L10 and L11: Lower supervisory and technical occupations,34,37,-3
E01004588,L12: Semi-routine occupations,42,68,-26
E01004588,L13: Routine occupations,57,41,16
E01004588,L14.1 and L14.2: Never worked and long-term unemployed,46,41,5
E01004588,L15: Full-time students,71,73,-2
E01004588,"L4, L5 and L6: Lower managerial, administrative and professional occupations",565,587,-22
E01004588,L7: Intermediate occupations,111,156,-45
E01004588,L8 and L9: Small employers and own account workers,100,84,16
E01004589,"L1, L2 and L3: Higher managerial, administrative and professional occupations",589,435,154
E01004589,L10 and L11: Lower supervisory and technical occupations,26,26,0
E01004589,L12: Semi-routine occupations,45,40,5
E01004589,L13: Routine occupations,36,27,9
E01004589,L14.1 and L14.2: Never worked and long-term unemployed,41,20,21
E01004589,L15: Full-time students,73,74,-1
E01004589,"L4, L5 and L6: Lower managerial, administrative and professional occupations",435,541,-106
E01004589,L7: Intermediate occupations,105,141,-36
E01004589,L8 and L9: Small employers and own account workers,123,99,24
E01004590,"L1, L2 and L3: Higher managerial, administrative and professional occupations",298,196,102
E01004590,L10 and L11: Lower supervisory and technical occupations,58,90,-32
E01004590,L12: Semi-routine occupations,145,125,20
E01004590,L13: Routine occupations,157,113,44
E01004590,L14.1 and L14.2: Never worked and long-term unemployed,167,95,72
E01004590,L15: Full-time students,96,106,-10
E01004590,"L4, L5 and L6: Lower managerial, administrative and professional occupations",356,350,6
E01004590,L7: Intermediate occupations,148,167,-19
E01004590,L8 and L9: Small employers and own account workers,151,137,14
E01004591,"L1, L2 and L3: Higher managerial, administrative and professional occupations",449,318,131
E01004591,L10 and L11: Lower supervisory and technical occupations,78,67,11
E01004591,L12: Semi-routine occupations,101,115,-14
E01004591,L13: Routine occupations,123,71,52
E01004591,L14.1 and L14.2: Never worked and long-term unemployed,133,79,54
E01004591,L15: Full-time students,115,95,20
E01004591,"L4, L5 and L6: Lower managerial, administrative and professional occupations",403,468,-65
E01004591,L7: Intermediate occupations,140,202,-62
E01004591,L8 and L9: Small employers and own account workers,121,88,33
E01004592,"L1, L2 and L3: Higher managerial, administrative and professional occupations",318,224,94
E01004592,L10 and L11: Lower supervisory and technical occupations,45,73,-28
E01004592,L12: Semi-routine occupations,123,126,-3
E01004592,L13: Routine occupations,111,100,11
E01004592,L14.1 and L14.2: Never worked and long-term unemployed,125,70,55
E01004592,L15: Full-time students,70,74,-4
E01004592,"L4, L5 and L6: Lower managerial, administrative and professional occupations",351,378,-27
E01004592,L7: Intermediate occupations,159,150,9
E01004592,L8 and L9: Small employers and own account workers,131,113,18
E01004593,"L1, L2 and L3: Higher managerial, administrative and professional occupations",430,318,112
E01004593,L10 and L11: Lower supervisory and technical occupations,41,72,-31
E01004593,L12: Semi-routine occupations,85,91,-6
E01004593,L13: Routine occupations,100,69,31
E01004593,L14.1 and L14.2: Never worked and long-term unemployed,88,54,34
E01004593,L15: Full-time students,65,64,1
E01004593,"L4, L5 and L6: Lower managerial, administrative and professional occupations",425,535,-110
E01004593,L7: Intermediate occupations,162,163,-1
E01004593,L8 and L9: Small employers and own account workers,166,146,20
E01004594,"L1, L2 and L3: Higher managerial, administrative and professional occupations",430,275,155
E01004594,L10 and L11: Lower supervisory and technical occupations,31,28,3
E01004594,L12: Semi-routine occupations,46,71,-25
E01004594,L13: Routine occupations,38,32,6
E01004594,L14.1 and L14.2: Never worked and long-term unemployed,63,47,16
E01004594,L15: Full-time students,68,104,-36
E01004594,"L4, L5 and L6: Lower managerial, administrative and professional occupations",398,429,-31
E01004594,L7: Intermediate occupations,141,139,2
E01004594,L8 and L9: Small employers and own account workers,132,125,7
E01004595,"L1, L2 and L3: Higher managerial, administrative and professional occupations",454,352,102
E01004595,L10 and L11: Lower supervisory and technical occupations,31,39,-8
E01004595,L12: Semi-routine occupations,69,69,0
E01004595,L13: Routine occupations,73,52,21
E01004595,L14.1 and L14.2: Never worked and long-term unemployed,88,42,46
E01004595,L15: Full-time students,76,77,-1
E01004595,"L4, L5 and L6: Lower managerial, administrative and professional occupations",431,520,-89
E01004595,L7: Intermediate occupations,117,163,-46
E01004595,L8 and L9: Small employers and own account workers,157,128,29
E01004596,"L1, L2 and L3: Higher managerial, administrative and professional occupations",434,346,88
E01004596,L10 and L11: Lower supervisory and technical occupations,22,27,-5
E01004596,L12: Semi-routine occupations,45,55,-10
E01004596,L13: Routine occupations,40,42,-2
E01004596,L14.1 and L14.2: Never worked and long-term unemployed,46,22,24
E01004596,L15: Full-time students,71,75,-4
E01004596,"L4, L5 and L6: Lower managerial, administrative and professional occupations",375,423,-48
E01004596,L7: Intermediate occupations,108,114,-6
E01004596,L8 and L9: Small employers and own account workers,132,120,12
E01004597,"L1, L2 and L3: Higher managerial, administrative and professional occupations",434,358,76
E01004597,L10 and L11: Lower supervisory and technical occupations,38,52,-14
E01004597,L12: Semi-routine occupations,75,93,-18
E01004597,L13: Routine occupations,72,51,21
E01004597,L14.1 and L14.2: Never worked and long-term unemployed,110,47,63
E01004597,L15: Full-time students,101,64,37
E01004597,"L4, L5 and L6: Lower managerial, administrative and professional occupations",397,469,-72
E01004597,L7: Intermediate occupations,137,145,-8
E01004597,L8 and L9: Small employers and own account workers,139,85,54
E01004598,"L1, L2 and L3: Higher managerial, administrative and professional occupations",717,419,298
E01004598,L10 and L11: Lower supervisory and technical occupations,37,55,-18
E01004598,L12: Semi-routine occupations,66,63,3
E01004598,L13: Routine occupations,47,51,-4
E01004598,L14.1 and L14.2: Never worked and long-term unemployed,48,37,11
E01004598,L15: Full-time students,95,55,40
E01004598,"L4, L5 and L6: Lower managerial, administrative and professional occupations",564,581,-17
E01004598,L7: Intermediate occupations,116,161,-45
E01004598,L8 and L9: Small employers and own account workers,103,90,13
E01004599,"L1, L2 and L3: Higher managerial, administrative and professional occupations",459,308,151
E01004599,L10 and L11: Lower supervisory and technical occupations,11,30,-19
E01004599,L12: Semi-routine occupations,38,40,-2
E01004599,L13: Routine occupations,34,32,2
E01004599,L14.1 and L14.2: Never worked and long-term unemployed,43,24,19
E01004599,L15: Full-time students,55,51,4
E01004599,"L4, L5 and L6: Lower managerial, administrative and professional occupations",323,392,-69
E01004599,L7: Intermediate occupations,93,113,-20
E01004599,L8 and L9: Small employers and own account workers,112,96,16
E01004601,"L1, L2 and L3: Higher managerial, administrative and professional occupations",553,341,212
E01004601,L10 and L11: Lower supervisory and technical occupations,71,75,-4
E01004601,L12: Semi-routine occupations,140,151,-11
E01004601,L13: Routine occupations,115,71,44
E01004601,L14.1 and L14.2: Never worked and long-term unemployed,161,112,49
E01004601,L15: Full-time students,117,136,-19
E01004601,"L4, L5 and L6: Lower managerial, administrative and professional occupations",543,556,-13
E01004601,L7: Intermediate occupations,181,177,4
E01004601,L8 and L9: Small employers and own account workers,192,135,57
E01004602,"L1, L2 and L3: Higher managerial, administrative and professional occupations",495,401,94
E01004602,L10 and L11: Lower supervisory and technical occupations,24,50,-26
E01004602,L12: Semi-routine occupations,36,65,-29
E01004602,L13: Routine occupations,39,39,0
E01004602,L14.1 and L14.2: Never worked and long-term unemployed,44,28,16
E01004602,L15: Full-time students,94,58,36
E01004602,"L4, L5 and L6: Lower managerial, administrative and professional occupations",443,491,-48
E01004602,L7: Intermediate occupations,98,125,-27
E01004602,L8 and L9: Small employers and own account workers,133,119,14
E01004604,"L1, L2 and L3: Higher managerial, administrative and professional occupations",471,372,99
E01004604,L10 and L11: Lower supervisory and technical occupations,20,16,4
E01004604,L12: Semi-routine occupations,28,30,-2
E01004604,L13: Routine occupations,36,24,12
E01004604,L14.1 and L14.2: Never worked and long-term unemployed,48,28,20
E01004604,L15: Full-time students,76,69,7
E01004604,"L4, L5 and L6: Lower managerial, administrative and professional occupations",343,418,-75
E01004604,L7: Intermediate occupations,96,119,-23
E01004604,L8 and L9: Small employers and own account workers,128,124,4
E01004605,"L1, L2 and L3: Higher managerial, administrative and professional occupations",416,316,100
E01004605,L10 and L11: Lower supervisory and technical occupations,52,41,11
E01004605,L12: Semi-routine occupations,77,92,-15
E01004605,L13: Routine occupations,74,53,21
E01004605,L14.1 and L14.2: Never worked and long-term unemployed,83,51,32
E01004605,L15: Full-time students,95,76,19
E01004605,"L4, L5 and L6: Lower managerial, administrative and professional occupations",405,446,-41
E01004605,L7: Intermediate occupations,127,140,-13
E01004605,L8 and L9: Small employers and own account workers,147,124,23
E01004606,"L1, L2 and L3: Higher managerial, administrative and professional occupations",540,435,105
E01004606,L10 and L11: Lower supervisory and technical occupations,28,26,2
E01004606,L12: Semi-routine occupations,40,50,-10
E01004606,L13: Routine occupations,28,30,-2
E01004606,L14.1 and L14.2: Never worked and long-term unemployed,31,20,11
E01004606,L15: Full-time students,55,57,-2
E01004606,"L4, L5 and L6: Lower managerial, administrative and professional occupations",438,537,-99
E01004606,L7: Intermediate occupations,114,129,-15
E01004606,L8 and L9: Small employers and own account workers,139,114,25
E01004607,"L1, L2 and L3: Higher managerial, administrative and professional occupations",469,379,90
E01004607,L10 and L11: Lower supervisory and technical occupations,29,37,-8
E01004607,L12: Semi-routine occupations,34,53,-19
E01004607,L13: Routine occupations,31,34,-3
E01004607,L14.1 and L14.2: Never worked and long-term unemployed,61,28,33
E01004607,L15: Full-time students,80,76,4
E01004607,"L4, L5 and L6: Lower managerial, administrative and professional occupations",410,487,-77
E01004607,L7: Intermediate occupations,87,122,-35
E01004607,L8 and L9: Small employers and own account workers,152,114,38
E01004608,"L1, L2 and L3: Higher managerial, administrative and professional occupations",471,391,80
E01004608,L10 and L11: Lower supervisory and technical occupations,33,39,-6
E01004608,L12: Semi-routine occupations,93,85,8
E01004608,L13: Routine occupations,81,50,31
E01004608,L14.1 and L14.2: Never worked and long-term unemployed,84,50,34
E01004608,L15: Full-time students,62,53,9
E01004608,"L4, L5 and L6: Lower managerial, administrative and professional occupations",401,489,-88
E01004608,L7: Intermediate occupations,121,143,-22
E01004608,L8 and L9: Small employers and own account workers,115,91,24
E01004609,"L1, L2 and L3: Higher managerial, administrative and professional occupations",690,553,137
E01004609,L10 and L11: Lower supervisory and technical occupations,39,54,-15
E01004609,L12: Semi-routine occupations,66,67,-1
E01004609,L13: Routine occupations,70,51,19
E01004609,L14.1 and L14.2: Never worked and long-term unemployed,80,34,46
E01004609,L15: Full-time students,85,95,-10
E01004609,"L4, L5 and L6: Lower managerial, administrative and professional occupations",568,704,-136
E01004609,L7: Intermediate occupations,132,186,-54
E01004609,L8 and L9: Small employers and own account workers,170,110,60
E01004610,"L1, L2 and L3: Higher managerial, administrative and professional occupations",389,158,231
E01004610,L10 and L11: Lower supervisory and technical occupations,59,69,-10
E01004610,L12: Semi-routine occupations,111,173,-62
E01004610,L13: Routine occupations,97,100,-3
E01004610,L14.1 and L14.2: Never worked and long-term unemployed,139,105,34
E01004610,L15: Full-time students,130,310,-180
E01004610,"L4, L5 and L6: Lower managerial, administrative and professional occupations",449,340,109
E01004610,L7: Intermediate occupations,164,158,6
E01004610,L8 and L9: Small employers and own account workers,193,131,62
E01004611,"L1, L2 and L3: Higher managerial, administrative and professional occupations",337,204,133
E01004611,L10 and L11: Lower supervisory and technical occupations,28,53,-25
E01004611,L12: Semi-routine occupations,77,108,-31
E01004611,L13: Routine occupations,86,56,30
E01004611,L14.1 and L14.2: Never worked and long-term unemployed,98,94,4
E01004611,L15: Full-time students,79,119,-40
E01004611,"L4, L5 and L6: Lower managerial, administrative and professional occupations",364,357,7
E01004611,L7: Intermediate occupations,149,140,9
E01004611,L8 and L9: Small employers and own account workers,93,97,-4
E01004612,"L1, L2 and L3: Higher managerial, administrative and professional occupations",233,160,73
E01004612,L10 and L11: Lower supervisory and technical occupations,45,49,-4
E01004612,L12: Semi-routine occupations,87,137,-50
E01004612,L13: Routine occupations,99,70,29
E01004612,L14.1 and L14.2: Never worked and long-term unemployed,146,149,-3
E01004612,L15: Full-time students,173,190,-17
E01004612,"L4, L5 and L6: Lower managerial, administrative and professional occupations",322,314,8
E01004612,L7: Intermediate occupations,130,152,-22
E01004612,L8 and L9: Small employers and own account workers,138,127,11
E01004613,"L1, L2 and L3: Higher managerial, administrative and professional occupations",221,112,109
E01004613,L10 and L11: Lower supervisory and technical occupations,61,67,-6
E01004613,L12: Semi-routine occupations,122,149,-27
E01004613,L13: Routine occupations,122,96,26
E01004613,L14.1 and L14.2: Never worked and long-term unemployed,192,126,66
E01004613,L15: Full-time students,141,213,-72
E01004613,"L4, L5 and L6: Lower managerial, administrative and professional occupations",292,233,59
E01004613,L7: Intermediate occupations,124,121,3
E01004613,L8 and L9: Small employers and own account workers,129,98,31
E01004614,"L1, L2 and L3: Higher managerial, administrative and professional occupations",357,189,168
E01004614,L10 and L11: Lower supervisory and technical occupations,42,76,-34
E01004614,L12: Semi-routine occupations,128,145,-17
E01004614,L13: Routine occupations,151,122,29
E01004614,L14.1 and L14.2: Never worked and long-term unemployed,155,110,45
E01004614,L15: Full-time students,179,363,-184
E01004614,"L4, L5 and L6: Lower managerial, administrative and professional occupations",420,392,28
E01004614,L7: Intermediate occupations,132,156,-24
E01004614,L8 and L9: Small employers and own account workers,145,142,3
E01004615,"L1, L2 and L3: Higher managerial, administrative and professional occupations",156,106,50
E01004615,L10 and L11: Lower supervisory and technical occupations,41,68,-27
E01004615,L12: Semi-routine occupations,123,155,-32
E01004615,L13: Routine occupations,127,112,15
E01004615,L14.1 and L14.2: Never worked and long-term unemployed,179,143,36
E01004615,L15: Full-time students,136,205,-69
E01004615,"L4, L5 and L6: Lower managerial, administrative and professional occupations",266,257,9
E01004615,L7: Intermediate occupations,126,131,-5
E01004615,L8 and L9: Small employers and own account workers,136,107,29
E01004616,"L1, L2 and L3: Higher managerial, administrative and professional occupations",361,194,167
E01004616,L10 and L11: Lower supervisory and technical occupations,57,68,-11
E01004616,L12: Semi-routine occupations,117,160,-43
E01004616,L13: Routine occupations,110,121,-11
E01004616,L14.1 and L14.2: Never worked and long-term unemployed,97,138,-41
E01004616,L15: Full-time students,169,345,-176
E01004616,"L4, L5 and L6: Lower managerial, administrative and professional occupations",434,443,-9
E01004616,L7: Intermediate occupations,150,176,-26
E01004616,L8 and L9: Small employers and own account workers,180,148,32
E01004617,"L1, L2 and L3: Higher managerial, administrative and professional occupations",273,135,138
E01004617,L10 and L11: Lower supervisory and technical occupations,56,54,2
E01004617,L12: Semi-routine occupations,117,142,-25
E01004617,L13: Routine occupations,122,101,21
E01004617,L14.1 and L14.2: Never worked and long-term unemployed,109,110,-1
E01004617,L15: Full-time students,384,327,57
E01004617,"L4, L5 and L6: Lower managerial, administrative and professional occupations",395,279,116
E01004617,L7: Intermediate occupations,126,137,-11
E01004617,L8 and L9: Small employers and own account workers,106,84,22
E01004618,"L1, L2 and L3: Higher managerial, administrative and professional occupations",416,257,159
E01004618,L10 and L11: Lower supervisory and technical occupations,27,40,-13
E01004618,L12: Semi-routine occupations,44,73,-29
E01004618,L13: Routine occupations,55,51,4
E01004618,L14.1 and L14.2: Never worked and long-term unemployed,63,65,-2
E01004618,L15: Full-time students,81,139,-58
E01004618,"L4, L5 and L6: Lower managerial, administrative and professional occupations",365,345,20
E01004618,L7: Intermediate occupations,122,136,-14
E01004618,L8 and L9: Small employers and own account workers,90,108,-18
E01004619,"L1, L2 and L3: Higher managerial, administrative and professional occupations",377,295,82
E01004619,L10 and L11: Lower supervisory and technical occupations,9,29,-20
E01004619,L12: Semi-routine occupations,41,45,-4
E01004619,L13: Routine occupations,27,33,-6
E01004619,L14.1 and L14.2: Never worked and long-term unemployed,46,31,15
E01004619,L15: Full-time students,72,66,6
E01004619,"L4, L5 and L6: Lower managerial, administrative and professional occupations",303,358,-55
E01004619,L7: Intermediate occupations,76,82,-6
E01004619,L8 and L9: Small employers and own account workers,112,89,23
E01004620,"L1, L2 and L3: Higher managerial, administrative and professional occupations",397,295,102
E01004620,L10 and L11: Lower supervisory and technical occupations,79,39,40
E01004620,L12: Semi-routine occupations,55,83,-28
E01004620,L13: Routine occupations,59,52,7
E01004620,L14.1 and L14.2: Never worked and long-term unemployed,66,49,17
E01004620,L15: Full-time students,48,69,-21
E01004620,"L4, L5 and L6: Lower managerial, administrative and professional occupations",363,426,-63
E01004620,L7: Intermediate occupations,117,138,-21
E01004620,L8 and L9: Small employers and own account workers,171,126,45
E01004621,"L1, L2 and L3: Higher managerial, administrative and professional occupations",408,301,107
E01004621,L10 and L11: Lower supervisory and technical occupations,26,36,-10
E01004621,L12: Semi-routine occupations,70,81,-11
E01004621,L13: Routine occupations,81,60,21
E01004621,L14.1 and L14.2: Never worked and long-term unemployed,80,60,20
E01004621,L15: Full-time students,89,83,6
E01004621,"L4, L5 and L6: Lower managerial, administrative and professional occupations",394,435,-41
E01004621,L7: Intermediate occupations,112,138,-26
E01004621,L8 and L9: Small employers and own account workers,146,125,21
E01004622,"L1, L2 and L3: Higher managerial, administrative and professional occupations",263,212,51
E01004622,L10 and L11: Lower supervisory and technical occupations,62,151,-89
E01004622,L12: Semi-routine occupations,92,177,-85
E01004622,L13: Routine occupations,212,222,-10
E01004622,L14.1 and L14.2: Never worked and long-term unemployed,235,298,-63
E01004622,L15: Full-time students,85,87,-2
E01004622,"L4, L5 and L6: Lower managerial, administrative and professional occupations",325,429,-104
E01004622,L7: Intermediate occupations,118,138,-20
E01004622,L8 and L9: Small employers and own account workers,289,327,-38
E01004623,"L1, L2 and L3: Higher managerial, administrative and professional occupations",421,348,73
E01004623,L10 and L11: Lower supervisory and technical occupations,37,33,4
E01004623,L12: Semi-routine occupations,62,70,-8
E01004623,L13: Routine occupations,70,53,17
E01004623,L14.1 and L14.2: Never worked and long-term unemployed,64,46,18
E01004623,L15: Full-time students,73,66,7
E01004623,"L4, L5 and L6: Lower managerial, administrative and professional occupations",416,451,-35
E01004623,L7: Intermediate occupations,126,138,-12
E01004623,L8 and L9: Small employers and own account workers,157,111,46
E01004624,"L1, L2 and L3: Higher managerial, administrative and professional occupations",377,282,95
E01004624,L10 and L11: Lower supervisory and technical occupations,32,44,-12
E01004624,L12: Semi-routine occupations,64,81,-17
E01004624,L13: Routine occupations,75,61,14
E01004624,L14.1 and L14.2: Never worked and long-term unemployed,89,59,30
E01004624,L15: Full-time students,80,101,-21
E01004624,"L4, L5 and L6: Lower managerial, administrative and professional occupations",327,367,-40
E01004624,L7: Intermediate occupations,130,162,-32
E01004624,L8 and L9: Small employers and own account workers,116,98,18
E01004625,"L1, L2 and L3: Higher managerial, administrative and professional occupations",343,236,107
E01004625,L10 and L11: Lower supervisory and technical occupations,19,20,-1
E01004625,L12: Semi-routine occupations,34,49,-15
E01004625,L13: Routine occupations,24,13,11
E01004625,L14.1 and L14.2: Never worked and long-term unemployed,27,20,7
E01004625,L15: Full-time students,52,73,-21
E01004625,"L4, L5 and L6: Lower managerial, administrative and professional occupations",280,365,-85
E01004625,L7: Intermediate occupations,87,81,6
E01004625,L8 and L9: Small employers and own account workers,137,105,32
E01004626,"L1, L2 and L3: Higher managerial, administrative and professional occupations",552,353,199
E01004626,L10 and L11: Lower supervisory and technical occupations,28,42,-14
E01004626,L12: Semi-routine occupations,56,86,-30
E01004626,L13: Routine occupations,42,58,-16
E01004626,L14.1 and L14.2: Never worked and long-term unemployed,55,57,-2
E01004626,L15: Full-time students,66,84,-18
E01004626,"L4, L5 and L6: Lower managerial, administrative and professional occupations",437,495,-58
E01004626,L7: Intermediate occupations,120,148,-28
E01004626,L8 and L9: Small employers and own account workers,146,118,28
E01004627,"L1, L2 and L3: Higher managerial, administrative and professional occupations",390,305,85
E01004627,L10 and L11: Lower supervisory and technical occupations,25,34,-9
E01004627,L12: Semi-routine occupations,52,58,-6
E01004627,L13: Routine occupations,58,52,6
E01004627,L14.1 and L14.2: Never worked and long-term unemployed,69,39,30
E01004627,L15: Full-time students,64,76,-12
E01004627,"L4, L5 and L6: Lower managerial, administrative and professional occupations",340,401,-61
E01004627,L7: Intermediate occupations,112,130,-18
E01004627,L8 and L9: Small employers and own account workers,133,127,6
E01004628,"L1, L2 and L3: Higher managerial, administrative and professional occupations",422,350,72
E01004628,L10 and L11: Lower supervisory and technical occupations,72,89,-17
E01004628,L12: Semi-routine occupations,157,162,-5
E01004628,L13: Routine occupations,161,95,66
E01004628,L14.1 and L14.2: Never worked and long-term unemployed,184,151,33
E01004628,L15: Full-time students,114,141,-27
E01004628,"L4, L5 and L6: Lower managerial, administrative and professional occupations",509,540,-31
E01004628,L7: Intermediate occupations,133,213,-80
E01004628,L8 and L9: Small employers and own account workers,197,139,58
E01004629,"L1, L2 and L3: Higher managerial, administrative and professional occupations",390,260,130
E01004629,L10 and L11: Lower supervisory and technical occupations,30,35,-5
E01004629,L12: Semi-routine occupations,63,68,-5
E01004629,L13: Routine occupations,42,51,-9
E01004629,L14.1 and L14.2: Never worked and long-term unemployed,82,55,27
E01004629,L15: Full-time students,100,118,-18
E01004629,"L4, L5 and L6: Lower managerial, administrative and professional occupations",348,363,-15
E01004629,L7: Intermediate occupations,103,120,-17
E01004629,L8 and L9: Small employers and own account workers,131,122,9
E01004630,"L1, L2 and L3: Higher managerial, administrative and professional occupations",154,81,73
E01004630,L10 and L11: Lower supervisory and technical occupations,56,82,-26
E01004630,L12: Semi-routine occupations,167,174,-7
E01004630,L13: Routine occupations,140,142,-2
E01004630,L14.1 and L14.2: Never worked and long-term unemployed,188,135,53
E01004630,L15: Full-time students,145,157,-12
E01004630,"L4, L5 and L6: Lower managerial, administrative and professional occupations",212,240,-28
E01004630,L7: Intermediate occupations,134,150,-16
E01004630,L8 and L9: Small employers and own account workers,150,102,48
E01004631,"L1, L2 and L3: Higher managerial, administrative and professional occupations",290,157,133
E01004631,L10 and L11: Lower supervisory and technical occupations,66,84,-18
E01004631,L12: Semi-routine occupations,119,131,-12
E01004631,L13: Routine occupations,122,77,45
E01004631,L14.1 and L14.2: Never worked and long-term unemployed,151,90,61
E01004631,L15: Full-time students,128,102,26
E01004631,"L4, L5 and L6: Lower managerial, administrative and professional occupations",335,251,84
E01004631,L7: Intermediate occupations,127,142,-15
E01004631,L8 and L9: Small employers and own account workers,186,99,87
E01004632,"L1, L2 and L3: Higher managerial, administrative and professional occupations",283,230,53
E01004632,L10 and L11: Lower supervisory and technical occupations,36,32,4
E01004632,L12: Semi-routine occupations,89,85,4
E01004632,L13: Routine occupations,76,51,25
E01004632,L14.1 and L14.2: Never worked and long-term unemployed,84,43,41
E01004632,L15: Full-time students,93,83,10
E01004632,"L4, L5 and L6: Lower managerial, administrative and professional occupations",294,344,-50
E01004632,L7: Intermediate occupations,108,148,-40
E01004632,L8 and L9: Small employers and own account workers,159,126,33
E01004633,"L1, L2 and L3: Higher managerial, administrative and professional occupations",129,90,39
E01004633,L10 and L11: Lower supervisory and technical occupations,55,78,-23
E01004633,L12: Semi-routine occupations,153,146,7
E01004633,L13: Routine occupations,152,118,34
E01004633,L14.1 and L14.2: Never worked and long-term unemployed,174,122,52
E01004633,L15: Full-time students,141,150,-9
E01004633,"L4, L5 and L6: Lower managerial, administrative and professional occupations",202,256,-54
E01004633,L7: Intermediate occupations,116,131,-15
E01004633,L8 and L9: Small employers and own account workers,148,104,44
E01004634,"L1, L2 and L3: Higher managerial, administrative and professional occupations",295,265,30
E01004634,L10 and L11: Lower supervisory and technical occupations,48,47,1
E01004634,L12: Semi-routine occupations,69,84,-15
E01004634,L13: Routine occupations,74,63,11
E01004634,L14.1 and L14.2: Never worked and long-term unemployed,115,72,43
E01004634,L15: Full-time students,84,65,19
E01004634,"L4, L5 and L6: Lower managerial, administrative and professional occupations",293,361,-68
E01004634,L7: Intermediate occupations,121,125,-4
E01004634,L8 and L9: Small employers and own account workers,140,125,15
E01004635,"L1, L2 and L3: Higher managerial, administrative and professional occupations",287,254,33
E01004635,L10 and L11: Lower supervisory and technical occupations,52,48,4
E01004635,L12: Semi-routine occupations,116,96,20
E01004635,L13: Routine occupations,84,71,13
E01004635,L14.1 and L14.2: Never worked and long-term unemployed,129,97,32
E01004635,L15: Full-time students,125,98,27
E01004635,"L4, L5 and L6: Lower managerial, administrative and professional occupations",298,347,-49
E01004635,L7: Intermediate occupations,123,151,-28
E01004635,L8 and L9: Small employers and own account workers,151,132,19
E01004636,"L1, L2 and L3: Higher managerial, administrative and professional occupations",251,213,38
E01004636,L10 and L11: Lower supervisory and technical occupations,38,44,-6
E01004636,L12: Semi-routine occupations,91,88,3
E01004636,L13: Routine occupations,94,71,23
E01004636,L14.1 and L14.2: Never worked and long-term unemployed,111,67,44
E01004636,L15: Full-time students,109,81,28
E01004636,"L4, L5 and L6: Lower managerial, administrative and professional occupations",242,360,-118
E01004636,L7: Intermediate occupations,102,126,-24
E01004636,L8 and L9: Small employers and own account workers,154,84,70
E01004637,"L1, L2 and L3: Higher managerial, administrative and professional occupations",212,189,23
E01004637,L10 and L11: Lower supervisory and technical occupations,55,47,8
E01004637,L12: Semi-routine occupations,98,121,-23
E01004637,L13: Routine occupations,103,74,29
E01004637,L14.1 and L14.2: Never worked and long-term unemployed,106,84,22
E01004637,L15: Full-time students,100,103,-3
E01004637,"L4, L5 and L6: Lower managerial, administrative and professional occupations",247,297,-50
E01004637,L7: Intermediate occupations,112,118,-6
E01004637,L8 and L9: Small employers and own account workers,177,100,77
E01004638,"L1, L2 and L3: Higher managerial, administrative and professional occupations",401,314,87
E01004638,L10 and L11: Lower supervisory and technical occupations,20,21,-1
E01004638,L12: Semi-routine occupations,52,32,20
E01004638,L13: Routine occupations,40,29,11
E01004638,L14.1 and L14.2: Never worked and long-term unemployed,40,46,-6
E01004638,L15: Full-time students,99,72,27
E01004638,"L4, L5 and L6: Lower managerial, administrative and professional occupations",235,328,-93
E01004638,L7: Intermediate occupations,79,92,-13
E01004638,L8 and L9: Small employers and own account workers,146,112,34
E01004639,"L1, L2 and L3: Higher managerial, administrative and professional occupations",384,282,102
E01004639,L10 and L11: Lower supervisory and technical occupations,38,49,-11
E01004639,L12: Semi-routine occupations,76,104,-28
E01004639,L13: Routine occupations,92,58,34
E01004639,L14.1 and L14.2: Never worked and long-term unemployed,86,55,31
E01004639,L15: Full-time students,99,107,-8
E01004639,"L4, L5 and L6: Lower managerial, administrative and professional occupations",384,450,-66
E01004639,L7: Intermediate occupations,126,163,-37
E01004639,L8 and L9: Small employers and own account workers,155,116,39
E01004640,"L1, L2 and L3: Higher managerial, administrative and professional occupations",501,400,101
E01004640,L10 and L11: Lower supervisory and technical occupations,23,38,-15
E01004640,L12: Semi-routine occupations,53,33,20
E01004640,L13: Routine occupations,28,38,-10
E01004640,L14.1 and L14.2: Never worked and long-term unemployed,55,42,13
E01004640,L15: Full-time students,70,95,-25
E01004640,"L4, L5 and L6: Lower managerial, administrative and professional occupations",430,519,-89
E01004640,L7: Intermediate occupations,130,145,-15
E01004640,L8 and L9: Small employers and own account workers,132,105,27
E01004641,"L1, L2 and L3: Higher managerial, administrative and professional occupations",383,270,113
E01004641,L10 and L11: Lower supervisory and technical occupations,42,64,-22
E01004641,L12: Semi-routine occupations,132,130,2
E01004641,L13: Routine occupations,97,97,0
E01004641,L14.1 and L14.2: Never worked and long-term unemployed,126,61,65
E01004641,L15: Full-time students,118,145,-27
E01004641,"L4, L5 and L6: Lower managerial, administrative and professional occupations",343,373,-30
E01004641,L7: Intermediate occupations,168,152,16
E01004641,L8 and L9: Small employers and own account workers,152,151,1
E01004642,"L1, L2 and L3: Higher managerial, administrative and professional occupations",320,159,161
E01004642,L10 and L11: Lower supervisory and technical occupations,66,60,6
E01004642,L12: Semi-routine occupations,167,147,20
E01004642,L13: Routine occupations,146,94,52
E01004642,L14.1 and L14.2: Never worked and long-term unemployed,125,78,47
E01004642,L15: Full-time students,131,282,-151
E01004642,"L4, L5 and L6: Lower managerial, administrative and professional occupations",421,315,106
E01004642,L7: Intermediate occupations,161,162,-1
E01004642,L8 and L9: Small employers and own account workers,154,101,53
E01004643,"L1, L2 and L3: Higher managerial, administrative and professional occupations",422,226,196
E01004643,L10 and L11: Lower supervisory and technical occupations,65,75,-10
E01004643,L12: Semi-routine occupations,136,154,-18
E01004643,L13: Routine occupations,131,112,19
E01004643,L14.1 and L14.2: Never worked and long-term unemployed,201,129,72
E01004643,L15: Full-time students,142,142,0
E01004643,"L4, L5 and L6: Lower managerial, administrative and professional occupations",409,376,33
E01004643,L7: Intermediate occupations,139,152,-13
E01004643,L8 and L9: Small employers and own account workers,191,133,58
E01004644,"L1, L2 and L3: Higher managerial, administrative and professional occupations",497,231,266
E01004644,L10 and L11: Lower supervisory and technical occupations,92,69,23
E01004644,L12: Semi-routine occupations,130,119,11
E01004644,L13: Routine occupations,126,95,31
E01004644,L14.1 and L14.2: Never worked and long-term unemployed,160,80,80
E01004644,L15: Full-time students,172,173,-1
E01004644,"L4, L5 and L6: Lower managerial, administrative and professional occupations",453,391,62
E01004644,L7: Intermediate occupations,164,164,0
E01004644,L8 and L9: Small employers and own account workers,269,127,142
E01004645,"L1, L2 and L3: Higher managerial, administrative and professional occupations",181,135,46
E01004645,L10 and L11: Lower supervisory and technical occupations,76,80,-4
E01004645,L12: Semi-routine occupations,175,165,10
E01004645,L13: Routine occupations,199,126,73
E01004645,L14.1 and L14.2: Never worked and long-term unemployed,242,160,82
E01004645,L15: Full-time students,159,146,13
E01004645,"L4, L5 and L6: Lower managerial, administrative and professional occupations",282,319,-37
E01004645,L7: Intermediate occupations,162,167,-5
E01004645,L8 and L9: Small employers and own account workers,198,125,73
E01004646,"L1, L2 and L3: Higher managerial, administrative and professional occupations",372,260,112
E01004646,L10 and L11: Lower supervisory and technical occupations,25,27,-2
E01004646,L12: Semi-routine occupations,65,53,12
E01004646,L13: Routine occupations,43,39,4
E01004646,L14.1 and L14.2: Never worked and long-term unemployed,165,99,66
E01004646,L15: Full-time students,216,122,94
E01004646,"L4, L5 and L6: Lower managerial, administrative and professional occupations",258,320,-62
E01004646,L7: Intermediate occupations,113,98,15
E01004646,L8 and L9: Small employers and own account workers,144,98,46
E01004647,"L1, L2 and L3: Higher managerial, administrative and professional occupations",302,245,57
E01004647,L10 and L11: Lower supervisory and technical occupations,23,39,-16
E01004647,L12: Semi-routine occupations,73,69,4
E01004647,L13: Routine occupations,66,53,13
E01004647,L14.1 and L14.2: Never worked and long-term unemployed,139,99,40
E01004647,L15: Full-time students,97,95,2
E01004647,"L4, L5 and L6: Lower managerial, administrative and professional occupations",245,305,-60
E01004647,L7: Intermediate occupations,88,83,5
E01004647,L8 and L9: Small employers and own account workers,124,93,31
E01004648,"L1, L2 and L3: Higher managerial, administrative and professional occupations",640,468,172
E01004648,L10 and L11: Lower supervisory and technical occupations,39,35,4
E01004648,L12: Semi-routine occupations,105,93,12
E01004648,L13: Routine occupations,71,63,8
E01004648,L14.1 and L14.2: Never worked and long-term unemployed,173,138,35
E01004648,L15: Full-time students,162,152,10
E01004648,"L4, L5 and L6: Lower managerial, administrative and professional occupations",429,569,-140
E01004648,L7: Intermediate occupations,128,170,-42
E01004648,L8 and L9: Small employers and own account workers,172,152,20
E01004649,"L1, L2 and L3: Higher managerial, administrative and professional occupations",417,293,124
E01004649,L10 and L11: Lower supervisory and technical occupations,14,22,-8
E01004649,L12: Semi-routine occupations,51,70,-19
E01004649,L13: Routine occupations,28,35,-7
E01004649,L14.1 and L14.2: Never worked and long-term unemployed,118,103,15
E01004649,L15: Full-time students,107,129,-22
E01004649,"L4, L5 and L6: Lower managerial, administrative and professional occupations",211,346,-135
E01004649,L7: Intermediate occupations,63,161,-98
E01004649,L8 and L9: Small employers and own account workers,124,89,35
E01004650,"L1, L2 and L3: Higher managerial, administrative and professional occupations",563,449,114
E01004650,L10 and L11: Lower supervisory and technical occupations,16,23,-7
E01004650,L12: Semi-routine occupations,62,56,6
E01004650,L13: Routine occupations,26,43,-17
E01004650,L14.1 and L14.2: Never worked and long-term unemployed,114,105,9
E01004650,L15: Full-time students,153,126,27
E01004650,"L4, L5 and L6: Lower managerial, administrative and professional occupations",355,487,-132
E01004650,L7: Intermediate occupations,89,111,-22
E01004650,L8 and L9: Small employers and own account workers,148,136,12
E01004651,"L1, L2 and L3: Higher managerial, administrative and professional occupations",627,461,166
E01004651,L10 and L11: Lower supervisory and technical occupations,26,25,1
E01004651,L12: Semi-routine occupations,48,67,-19
E01004651,L13: Routine occupations,38,31,7
E01004651,L14.1 and L14.2: Never worked and long-term unemployed,115,105,10
E01004651,L15: Full-time students,146,185,-39
E01004651,"L4, L5 and L6: Lower managerial, administrative and professional occupations",332,491,-159
E01004651,L7: Intermediate occupations,99,147,-48
E01004651,L8 and L9: Small employers and own account workers,133,98,35
E01004652,"L1, L2 and L3: Higher managerial, administrative and professional occupations",456,406,50
E01004652,L10 and L11: Lower supervisory and technical occupations,33,53,-20
E01004652,L12: Semi-routine occupations,82,72,10
E01004652,L13: Routine occupations,57,62,-5
E01004652,L14.1 and L14.2: Never worked and long-term unemployed,146,120,26
E01004652,L15: Full-time students,236,256,-20
E01004652,"L4, L5 and L6: Lower managerial, administrative and professional occupations",275,405,-130
E01004652,L7: Intermediate occupations,75,118,-43
E01004652,L8 and L9: Small employers and own account workers,109,93,16
E01004653,"L1, L2 and L3: Higher managerial, administrative and professional occupations",506,392,114
E01004653,L10 and L11: Lower supervisory and technical occupations,29,28,1
E01004653,L12: Semi-routine occupations,93,56,37
E01004653,L13: Routine occupations,94,46,48
E01004653,L14.1 and L14.2: Never worked and long-term unemployed,153,62,91
E01004653,L15: Full-time students,143,99,44
E01004653,"L4, L5 and L6: Lower managerial, administrative and professional occupations",397,535,-138
E01004653,L7: Intermediate occupations,89,113,-24
E01004653,L8 and L9: Small employers and own account workers,209,130,79
E01004654,"L1, L2 and L3: Higher managerial, administrative and professional occupations",776,523,253
E01004654,L10 and L11: Lower supervisory and technical occupations,63,42,21
E01004654,L12: Semi-routine occupations,116,80,36
E01004654,L13: Routine occupations,93,63,30
E01004654,L14.1 and L14.2: Never worked and long-term unemployed,120,76,44
E01004654,L15: Full-time students,176,174,2
E01004654,"L4, L5 and L6: Lower managerial, administrative and professional occupations",431,661,-230
E01004654,L7: Intermediate occupations,156,138,18
E01004654,L8 and L9: Small employers and own account workers,230,181,49
E01004656,"L1, L2 and L3: Higher managerial, administrative and professional occupations",554,411,143
E01004656,L10 and L11: Lower supervisory and technical occupations,30,45,-15
E01004656,L12: Semi-routine occupations,86,118,-32
E01004656,L13: Routine occupations,69,103,-34
E01004656,L14.1 and L14.2: Never worked and long-term unemployed,169,136,33
E01004656,L15: Full-time students,202,136,66
E01004656,"L4, L5 and L6: Lower managerial, administrative and professional occupations",376,517,-141
E01004656,L7: Intermediate occupations,112,149,-37
E01004656,L8 and L9: Small employers and own account workers,146,158,-12
E01004657,"L1, L2 and L3: Higher managerial, administrative and professional occupations",419,339,80
E01004657,L10 and L11: Lower supervisory and technical occupations,48,24,24
E01004657,L12: Semi-routine occupations,55,59,-4
E01004657,L13: Routine occupations,41,40,1
E01004657,L14.1 and L14.2: Never worked and long-term unemployed,46,57,-11
E01004657,L15: Full-time students,92,128,-36
E01004657,"L4, L5 and L6: Lower managerial, administrative and professional occupations",239,412,-173
E01004657,L7: Intermediate occupations,45,65,-20
E01004657,L8 and L9: Small employers and own account workers,117,131,-14
E01004658,"L1, L2 and L3: Higher managerial, administrative and professional occupations",423,245,178
E01004658,L10 and L11: Lower supervisory and technical occupations,10,40,-30
E01004658,L12: Semi-routine occupations,79,58,21
E01004658,L13: Routine occupations,37,53,-16
E01004658,L14.1 and L14.2: Never worked and long-term unemployed,127,152,-25
E01004658,L15: Full-time students,334,369,-35
E01004658,"L4, L5 and L6: Lower managerial, administrative and professional occupations",231,264,-33
E01004658,L7: Intermediate occupations,45,65,-20
E01004658,L8 and L9: Small employers and own account workers,109,82,27
E01004659,"L1, L2 and L3: Higher managerial, administrative and professional occupations",471,424,47
E01004659,L10 and L11: Lower supervisory and technical occupations,15,32,-17
E01004659,L12: Semi-routine occupations,53,56,-3
E01004659,L13: Routine occupations,29,35,-6
E01004659,L14.1 and L14.2: Never worked and long-term unemployed,90,79,11
E01004659,L15: Full-time students,365,291,74
E01004659,"L4, L5 and L6: Lower managerial, administrative and professional occupations",293,438,-145
E01004659,L7: Intermediate occupations,84,95,-11
E01004659,L8 and L9: Small employers and own account workers,110,110,0
E01004660,"L1, L2 and L3: Higher managerial, administrative and professional occupations",437,378,59
E01004660,L10 and L11: Lower supervisory and technical occupations,12,16,-4
E01004660,L12: Semi-routine occupations,39,52,-13
E01004660,L13: Routine occupations,24,30,-6
E01004660,L14.1 and L14.2: Never worked and long-term unemployed,84,100,-16
E01004660,L15: Full-time students,225,247,-22
E01004660,"L4, L5 and L6: Lower managerial, administrative and professional occupations",239,416,-177
E01004660,L7: Intermediate occupations,72,104,-32
E01004660,L8 and L9: Small employers and own account workers,110,105,5
E01004661,"L1, L2 and L3: Higher managerial, administrative and professional occupations",543,325,218
E01004661,L10 and L11: Lower supervisory and technical occupations,31,40,-9
E01004661,L12: Semi-routine occupations,76,96,-20
E01004661,L13: Routine occupations,87,65,22
E01004661,L14.1 and L14.2: Never worked and long-term unemployed,181,161,20
E01004661,L15: Full-time students,301,282,19
E01004661,"L4, L5 and L6: Lower managerial, administrative and professional occupations",328,402,-74
E01004661,L7: Intermediate occupations,93,102,-9
E01004661,L8 and L9: Small employers and own account workers,130,103,27
E01004662,"L1, L2 and L3: Higher managerial, administrative and professional occupations",418,460,-42
E01004662,L10 and L11: Lower supervisory and technical occupations,17,35,-18
E01004662,L12: Semi-routine occupations,39,67,-28
E01004662,L13: Routine occupations,8,51,-43
E01004662,L14.1 and L14.2: Never worked and long-term unemployed,67,73,-6
E01004662,L15: Full-time students,231,264,-33
E01004662,"L4, L5 and L6: Lower managerial, administrative and professional occupations",280,470,-190
E01004662,L7: Intermediate occupations,57,111,-54
E01004662,L8 and L9: Small employers and own account workers,92,114,-22
E01004663,"L1, L2 and L3: Higher managerial, administrative and professional occupations",394,340,54
E01004663,L10 and L11: Lower supervisory and technical occupations,21,41,-20
E01004663,L12: Semi-routine occupations,63,81,-18
E01004663,L13: Routine occupations,31,46,-15
E01004663,L14.1 and L14.2: Never worked and long-term unemployed,161,108,53
E01004663,L15: Full-time students,172,138,34
E01004663,"L4, L5 and L6: Lower managerial, administrative and professional occupations",226,335,-109
E01004663,L7: Intermediate occupations,74,104,-30
E01004663,L8 and L9: Small employers and own account workers,125,128,-3
E01004665,"L1, L2 and L3: Higher managerial, administrative and professional occupations",114,75,39
E01004665,L10 and L11: Lower supervisory and technical occupations,48,53,-5
E01004665,L12: Semi-routine occupations,109,137,-28
E01004665,L13: Routine occupations,111,97,14
E01004665,L14.1 and L14.2: Never worked and long-term unemployed,240,180,60
E01004665,L15: Full-time students,144,136,8
E01004665,"L4, L5 and L6: Lower managerial, administrative and professional occupations",185,142,43
E01004665,L7: Intermediate occupations,119,86,33
E01004665,L8 and L9: Small employers and own account workers,105,92,13
E01004668,"L1, L2 and L3: Higher managerial, administrative and professional occupations",253,203,50
E01004668,L10 and L11: Lower supervisory and technical occupations,35,48,-13
E01004668,L12: Semi-routine occupations,86,115,-29
E01004668,L13: Routine occupations,127,74,53
E01004668,L14.1 and L14.2: Never worked and long-term unemployed,132,85,47
E01004668,L15: Full-time students,137,84,53
E01004668,"L4, L5 and L6: Lower managerial, administrative and professional occupations",207,244,-37
E01004668,L7: Intermediate occupations,88,93,-5
E01004668,L8 and L9: Small employers and own account workers,127,77,50
E01004669,"L1, L2 and L3: Higher managerial, administrative and professional occupations",232,140,92
E01004669,L10 and L11: Lower supervisory and technical occupations,51,74,-23
E01004669,L12: Semi-routine occupations,134,164,-30
E01004669,L13: Routine occupations,134,113,21
E01004669,L14.1 and L14.2: Never worked and long-term unemployed,238,143,95
E01004669,L15: Full-time students,150,147,3
E01004669,"L4, L5 and L6: Lower managerial, administrative and professional occupations",237,210,27
E01004669,L7: Intermediate occupations,121,136,-15
E01004669,L8 and L9: Small employers and own account workers,130,82,48
E01004670,"L1, L2 and L3: Higher managerial, administrative and professional occupations",130,60,70
E01004670,L10 and L11: Lower supervisory and technical occupations,80,103,-23
E01004670,L12: Semi-routine occupations,254,242,12
E01004670,L13: Routine occupations,240,159,81
E01004670,L14.1 and L14.2: Never worked and long-term unemployed,664,529,135
E01004670,L15: Full-time students,325,276,49
E01004670,"L4, L5 and L6: Lower managerial, administrative and professional occupations",232,188,44
E01004670,L7: Intermediate occupations,162,122,40
E01004670,L8 and L9: Small employers and own account workers,134,100,34
E01004674,"L1, L2 and L3: Higher managerial, administrative and professional occupations",199,161,38
E01004674,L10 and L11: Lower supervisory and technical occupations,59,79,-20
E01004674,L12: Semi-routine occupations,155,148,7
E01004674,L13: Routine occupations,159,150,9
E01004674,L14.1 and L14.2: Never worked and long-term unemployed,273,285,-12
E01004674,L15: Full-time students,126,173,-47
E01004674,"L4, L5 and L6: Lower managerial, administrative and professional occupations",278,275,3
E01004674,L7: Intermediate occupations,181,156,25
E01004674,L8 and L9: Small employers and own account workers,174,92,82
E01004675,"L1, L2 and L3: Higher managerial, administrative and professional occupations",295,229,66
E01004675,L10 and L11: Lower supervisory and technical occupations,73,85,-12
E01004675,L12: Semi-routine occupations,211,181,30
E01004675,L13: Routine occupations,165,138,27
E01004675,L14.1 and L14.2: Never worked and long-term unemployed,339,276,63
E01004675,L15: Full-time students,215,178,37
E01004675,"L4, L5 and L6: Lower managerial, administrative and professional occupations",371,414,-43
E01004675,L7: Intermediate occupations,168,130,38
E01004675,L8 and L9: Small employers and own account workers,150,129,21
E01004676,"L1, L2 and L3: Higher managerial, administrative and professional occupations",302,259,43
E01004676,L10 and L11: Lower supervisory and technical occupations,34,58,-24
E01004676,L12: Semi-routine occupations,112,122,-10
E01004676,L13: Routine occupations,103,85,18
E01004676,L14.1 and L14.2: Never worked and long-term unemployed,105,130,-25
E01004676,L15: Full-time students,99,122,-23
E01004676,"L4, L5 and L6: Lower managerial, administrative and professional occupations",297,373,-76
E01004676,L7: Intermediate occupations,90,99,-9
E01004676,L8 and L9: Small employers and own account workers,146,101,45
E01004677,"L1, L2 and L3: Higher managerial, administrative and professional occupations",308,224,84
E01004677,L10 and L11: Lower supervisory and technical occupations,58,76,-18
E01004677,L12: Semi-routine occupations,116,145,-29
E01004677,L13: Routine occupations,106,111,-5
E01004677,L14.1 and L14.2: Never worked and long-term unemployed,160,151,9
E01004677,L15: Full-time students,90,125,-35
E01004677,"L4, L5 and L6: Lower managerial, administrative and professional occupations",365,415,-50
E01004677,L7: Intermediate occupations,126,160,-34
E01004677,L8 and L9: Small employers and own account workers,135,105,30
E01004678,"L1, L2 and L3: Higher managerial, administrative and professional occupations",255,204,51
E01004678,L10 and L11: Lower supervisory and technical occupations,67,83,-16
E01004678,L12: Semi-routine occupations,135,156,-21
E01004678,L13: Routine occupations,161,110,51
E01004678,L14.1 and L14.2: Never worked and long-term unemployed,258,196,62
E01004678,L15: Full-time students,220,159,61
E01004678,"L4, L5 and L6: Lower managerial, administrative and professional occupations",294,392,-98
E01004678,L7: Intermediate occupations,147,142,5
E01004678,L8 and L9: Small employers and own account workers,134,100,34
E01004679,"L1, L2 and L3: Higher managerial, administrative and professional occupations",250,187,63
E01004679,L10 and L11: Lower supervisory and technical occupations,71,64,7
E01004679,L12: Semi-routine occupations,146,190,-44
E01004679,L13: Routine occupations,168,145,23
E01004679,L14.1 and L14.2: Never worked and long-term unemployed,276,228,48
E01004679,L15: Full-time students,177,173,4
E01004679,"L4, L5 and L6: Lower managerial, administrative and professional occupations",298,344,-46
E01004679,L7: Intermediate occupations,145,134,11
E01004679,L8 and L9: Small employers and own account workers,157,140,17
E01004680,"L1, L2 and L3: Higher managerial, administrative and professional occupations",387,295,92
E01004680,L10 and L11: Lower supervisory and technical occupations,6,19,-13
E01004680,L12: Semi-routine occupations,59,44,15
E01004680,L13: Routine occupations,20,35,-15
E01004680,L14.1 and L14.2: Never worked and long-term unemployed,92,78,14
E01004680,L15: Full-time students,155,113,42
E01004680,"L4, L5 and L6: Lower managerial, administrative and professional occupations",238,386,-148
E01004680,L7: Intermediate occupations,49,82,-33
E01004680,L8 and L9: Small employers and own account workers,113,134,-21
E01004681,"L1, L2 and L3: Higher managerial, administrative and professional occupations",566,569,-3
E01004681,L10 and L11: Lower supervisory and technical occupations,35,53,-18
E01004681,L12: Semi-routine occupations,79,90,-11
E01004681,L13: Routine occupations,55,31,24
E01004681,L14.1 and L14.2: Never worked and long-term unemployed,138,123,15
E01004681,L15: Full-time students,199,196,3
E01004681,"L4, L5 and L6: Lower managerial, administrative and professional occupations",357,549,-192
E01004681,L7: Intermediate occupations,80,116,-36
E01004681,L8 and L9: Small employers and own account workers,167,135,32
E01004682,"L1, L2 and L3: Higher managerial, administrative and professional occupations",301,352,-51
E01004682,L10 and L11: Lower supervisory and technical occupations,19,30,-11
E01004682,L12: Semi-routine occupations,38,55,-17
E01004682,L13: Routine occupations,33,41,-8
E01004682,L14.1 and L14.2: Never worked and long-term unemployed,78,81,-3
E01004682,L15: Full-time students,333,321,12
E01004682,"L4, L5 and L6: Lower managerial, administrative and professional occupations",236,345,-109
E01004682,L7: Intermediate occupations,42,72,-30
E01004682,L8 and L9: Small employers and own account workers,109,89,20
E01004683,"L1, L2 and L3: Higher managerial, administrative and professional occupations",433,395,38
E01004683,L10 and L11: Lower supervisory and technical occupations,73,19,54
E01004683,L12: Semi-routine occupations,70,63,7
E01004683,L13: Routine occupations,28,26,2
E01004683,L14.1 and L14.2: Never worked and long-term unemployed,93,95,-2
E01004683,L15: Full-time students,162,132,30
E01004683,"L4, L5 and L6: Lower managerial, administrative and professional occupations",224,401,-177
E01004683,L7: Intermediate occupations,52,76,-24
E01004683,L8 and L9: Small employers and own account workers,157,134,23
E01004684,"L1, L2 and L3: Higher managerial, administrative and professional occupations",266,188,78
E01004684,L10 and L11: Lower supervisory and technical occupations,8,42,-34
E01004684,L12: Semi-routine occupations,43,56,-13
E01004684,L13: Routine occupations,40,47,-7
E01004684,L14.1 and L14.2: Never worked and long-term unemployed,160,199,-39
E01004684,L15: Full-time students,365,355,10
E01004684,"L4, L5 and L6: Lower managerial, administrative and professional occupations",130,214,-84
E01004684,L7: Intermediate occupations,47,72,-25
E01004684,L8 and L9: Small employers and own account workers,84,101,-17
E01004686,"L1, L2 and L3: Higher managerial, administrative and professional occupations",301,245,56
E01004686,L10 and L11: Lower supervisory and technical occupations,28,33,-5
E01004686,L12: Semi-routine occupations,56,69,-13
E01004686,L13: Routine occupations,73,88,-15
E01004686,L14.1 and L14.2: Never worked and long-term unemployed,235,258,-23
E01004686,L15: Full-time students,169,157,12
E01004686,"L4, L5 and L6: Lower managerial, administrative and professional occupations",212,211,1
E01004686,L7: Intermediate occupations,68,85,-17
E01004686,L8 and L9: Small employers and own account workers,118,91,27
E01004687,"L1, L2 and L3: Higher managerial, administrative and professional occupations",417,333,84
E01004687,L10 and L11: Lower supervisory and technical occupations,18,19,-1
E01004687,L12: Semi-routine occupations,42,98,-56
E01004687,L13: Routine occupations,28,65,-37
E01004687,L14.1 and L14.2: Never worked and long-term unemployed,71,77,-6
E01004687,L15: Full-time students,140,99,41
E01004687,"L4, L5 and L6: Lower managerial, administrative and professional occupations",215,394,-179
E01004687,L7: Intermediate occupations,39,83,-44
E01004687,L8 and L9: Small employers and own account workers,193,148,45
E01004690,"L1, L2 and L3: Higher managerial, administrative and professional occupations",250,271,-21
E01004690,L10 and L11: Lower supervisory and technical occupations,30,30,0
E01004690,L12: Semi-routine occupations,53,75,-22
E01004690,L13: Routine occupations,73,48,25
E01004690,L14.1 and L14.2: Never worked and long-term unemployed,93,71,22
E01004690,L15: Full-time students,96,104,-8
E01004690,"L4, L5 and L6: Lower managerial, administrative and professional occupations",147,314,-167
E01004690,L7: Intermediate occupations,36,73,-37
E01004690,L8 and L9: Small employers and own account workers,137,103,34
E01004691,"L1, L2 and L3: Higher managerial, administrative and professional occupations",293,291,2
E01004691,L10 and L11: Lower supervisory and technical occupations,15,37,-22
E01004691,L12: Semi-routine occupations,39,77,-38
E01004691,L13: Routine occupations,75,42,33
E01004691,L14.1 and L14.2: Never worked and long-term unemployed,82,112,-30
E01004691,L15: Full-time students,96,150,-54
E01004691,"L4, L5 and L6: Lower managerial, administrative and professional occupations",228,334,-106
E01004691,L7: Intermediate occupations,69,74,-5
E01004691,L8 and L9: Small employers and own account workers,118,139,-21
E01004692,"L1, L2 and L3: Higher managerial, administrative and professional occupations",234,267,-33
E01004692,L10 and L11: Lower supervisory and technical occupations,9,29,-20
E01004692,L12: Semi-routine occupations,61,51,10
E01004692,L13: Routine occupations,43,38,5
E01004692,L14.1 and L14.2: Never worked and long-term unemployed,117,119,-2
E01004692,L15: Full-time students,115,294,-179
E01004692,"L4, L5 and L6: Lower managerial, administrative and professional occupations",135,301,-166
E01004692,L7: Intermediate occupations,30,70,-40
E01004692,L8 and L9: Small employers and own account workers,114,97,17
E01004693,"L1, L2 and L3: Higher managerial, administrative and professional occupations",349,330,19
E01004693,L10 and L11: Lower supervisory and technical occupations,10,20,-10
E01004693,L12: Semi-routine occupations,41,50,-9
E01004693,L13: Routine occupations,26,21,5
E01004693,L14.1 and L14.2: Never worked and long-term unemployed,76,52,24
E01004693,L15: Full-time students,163,102,61
E01004693,"L4, L5 and L6: Lower managerial, administrative and professional occupations",209,387,-178
E01004693,L7: Intermediate occupations,43,72,-29
E01004693,L8 and L9: Small employers and own account workers,106,106,0
E01004694,"L1, L2 and L3: Higher managerial, administrative and professional occupations",453,406,47
E01004694,L10 and L11: Lower supervisory and technical occupations,31,34,-3
E01004694,L12: Semi-routine occupations,52,87,-35
E01004694,L13: Routine occupations,60,54,6
E01004694,L14.1 and L14.2: Never worked and long-term unemployed,106,73,33
E01004694,L15: Full-time students,172,223,-51
E01004694,"L4, L5 and L6: Lower managerial, administrative and professional occupations",310,482,-172
E01004694,L7: Intermediate occupations,59,102,-43
E01004694,L8 and L9: Small employers and own account workers,117,104,13
E01004695,"L1, L2 and L3: Higher managerial, administrative and professional occupations",278,280,-2
E01004695,L10 and L11: Lower supervisory and technical occupations,9,24,-15
E01004695,L12: Semi-routine occupations,42,44,-2
E01004695,L13: Routine occupations,27,21,6
E01004695,L14.1 and L14.2: Never worked and long-term unemployed,92,56,36
E01004695,L15: Full-time students,246,232,14
E01004695,"L4, L5 and L6: Lower managerial, administrative and professional occupations",188,327,-139
E01004695,L7: Intermediate occupations,44,58,-14
E01004695,L8 and L9: Small employers and own account workers,73,90,-17
E01004696,"L1, L2 and L3: Higher managerial, administrative and professional occupations",199,173,26
E01004696,L10 and L11: Lower supervisory and technical occupations,44,50,-6
E01004696,L12: Semi-routine occupations,102,118,-16
E01004696,L13: Routine occupations,104,84,20
E01004696,L14.1 and L14.2: Never worked and long-term unemployed,216,172,44
E01004696,L15: Full-time students,121,142,-21
E01004696,"L4, L5 and L6: Lower managerial, administrative and professional occupations",219,240,-21
E01004696,L7: Intermediate occupations,111,104,7
E01004696,L8 and L9: Small employers and own account workers,123,88,35
E01004697,"L1, L2 and L3: Higher managerial, administrative and professional occupations",366,355,11
E01004697,L10 and L11: Lower supervisory and technical occupations,31,31,0
E01004697,L12: Semi-routine occupations,73,69,4
E01004697,L13: Routine occupations,60,34,26
E01004697,L14.1 and L14.2: Never worked and long-term unemployed,95,84,11
E01004697,L15: Full-time students,112,138,-26
E01004697,"L4, L5 and L6: Lower managerial, administrative and professional occupations",232,367,-135
E01004697,L7: Intermediate occupations,79,89,-10
E01004697,L8 and L9: Small employers and own account workers,146,113,33
E01004698,"L1, L2 and L3: Higher managerial, administrative and professional occupations",368,335,33
E01004698,L10 and L11: Lower supervisory and technical occupations,24,45,-21
E01004698,L12: Semi-routine occupations,73,89,-16
E01004698,L13: Routine occupations,68,64,4
E01004698,L14.1 and L14.2: Never worked and long-term unemployed,119,60,59
E01004698,L15: Full-time students,149,219,-70
E01004698,"L4, L5 and L6: Lower managerial, administrative and professional occupations",239,333,-94
E01004698,L7: Intermediate occupations,93,98,-5
E01004698,L8 and L9: Small employers and own account workers,85,119,-34
E01004699,"L1, L2 and L3: Higher managerial, administrative and professional occupations",540,556,-16
E01004699,L10 and L11: Lower supervisory and technical occupations,26,53,-27
E01004699,L12: Semi-routine occupations,60,94,-34
E01004699,L13: Routine occupations,67,81,-14
E01004699,L14.1 and L14.2: Never worked and long-term unemployed,115,125,-10
E01004699,L15: Full-time students,156,250,-94
E01004699,"L4, L5 and L6: Lower managerial, administrative and professional occupations",359,581,-222
E01004699,L7: Intermediate occupations,80,123,-43
E01004699,L8 and L9: Small employers and own account workers,159,134,25
E01004700,"L1, L2 and L3: Higher managerial, administrative and professional occupations",454,391,63
E01004700,L10 and L11: Lower supervisory and technical occupations,23,43,-20
E01004700,L12: Semi-routine occupations,55,53,2
E01004700,L13: Routine occupations,59,63,-4
E01004700,L14.1 and L14.2: Never worked and long-term unemployed,56,72,-16
E01004700,L15: Full-time students,200,176,24
E01004700,"L4, L5 and L6: Lower managerial, administrative and professional occupations",282,476,-194
E01004700,L7: Intermediate occupations,66,104,-38
E01004700,L8 and L9: Small employers and own account workers,139,111,28
E01004701,"L1, L2 and L3: Higher managerial, administrative and professional occupations",520,382,138
E01004701,L10 and L11: Lower supervisory and technical occupations,15,22,-7
E01004701,L12: Semi-routine occupations,33,53,-20
E01004701,L13: Routine occupations,32,39,-7
E01004701,L14.1 and L14.2: Never worked and long-term unemployed,121,83,38
E01004701,L15: Full-time students,89,75,14
E01004701,"L4, L5 and L6: Lower managerial, administrative and professional occupations",302,423,-121
E01004701,L7: Intermediate occupations,46,97,-51
E01004701,L8 and L9: Small employers and own account workers,159,122,37
E01004702,"L1, L2 and L3: Higher managerial, administrative and professional occupations",276,160,116
E01004702,L10 and L11: Lower supervisory and technical occupations,66,91,-25
E01004702,L12: Semi-routine occupations,227,216,11
E01004702,L13: Routine occupations,229,140,89
E01004702,L14.1 and L14.2: Never worked and long-term unemployed,539,385,154
E01004702,L15: Full-time students,326,291,35
E01004702,"L4, L5 and L6: Lower managerial, administrative and professional occupations",335,303,32
E01004702,L7: Intermediate occupations,172,164,8
E01004702,L8 and L9: Small employers and own account workers,172,98,74
E01004703,"L1, L2 and L3: Higher managerial, administrative and professional occupations",554,469,85
E01004703,L10 and L11: Lower supervisory and technical occupations,29,36,-7
E01004703,L12: Semi-routine occupations,61,72,-11
E01004703,L13: Routine occupations,42,41,1
E01004703,L14.1 and L14.2: Never worked and long-term unemployed,122,135,-13
E01004703,L15: Full-time students,183,142,41
E01004703,"L4, L5 and L6: Lower managerial, administrative and professional occupations",369,594,-225
E01004703,L7: Intermediate occupations,71,91,-20
E01004703,L8 and L9: Small employers and own account workers,228,170,58
E01004705,"L1, L2 and L3: Higher managerial, administrative and professional occupations",415,360,55
E01004705,L10 and L11: Lower supervisory and technical occupations,19,18,1
E01004705,L12: Semi-routine occupations,24,19,5
E01004705,L13: Routine occupations,32,15,17
E01004705,L14.1 and L14.2: Never worked and long-term unemployed,49,63,-14
E01004705,L15: Full-time students,69,84,-15
E01004705,"L4, L5 and L6: Lower managerial, administrative and professional occupations",245,417,-172
E01004705,L7: Intermediate occupations,53,79,-26
E01004705,L8 and L9: Small employers and own account workers,142,110,32
E01004706,"L1, L2 and L3: Higher managerial, administrative and professional occupations",538,479,59
E01004706,L10 and L11: Lower supervisory and technical occupations,20,29,-9
E01004706,L12: Semi-routine occupations,35,41,-6
E01004706,L13: Routine occupations,20,24,-4
E01004706,L14.1 and L14.2: Never worked and long-term unemployed,62,51,11
E01004706,L15: Full-time students,78,65,13
E01004706,"L4, L5 and L6: Lower managerial, administrative and professional occupations",311,448,-137
E01004706,L7: Intermediate occupations,98,84,14
E01004706,L8 and L9: Small employers and own account workers,118,97,21
E01004707,"L1, L2 and L3: Higher managerial, administrative and professional occupations",678,552,126
E01004707,L10 and L11: Lower supervisory and technical occupations,28,21,7
E01004707,L12: Semi-routine occupations,43,52,-9
E01004707,L13: Routine occupations,41,34,7
E01004707,L14.1 and L14.2: Never worked and long-term unemployed,48,103,-55
E01004707,L15: Full-time students,148,131,17
E01004707,"L4, L5 and L6: Lower managerial, administrative and professional occupations",364,566,-202
E01004707,L7: Intermediate occupations,87,97,-10
E01004707,L8 and L9: Small employers and own account workers,122,148,-26
E01004708,"L1, L2 and L3: Higher managerial, administrative and professional occupations",319,276,43
E01004708,L10 and L11: Lower supervisory and technical occupations,41,56,-15
E01004708,L12: Semi-routine occupations,92,108,-16
E01004708,L13: Routine occupations,104,66,38
E01004708,L14.1 and L14.2: Never worked and long-term unemployed,149,117,32
E01004708,L15: Full-time students,97,107,-10
E01004708,"L4, L5 and L6: Lower managerial, administrative and professional occupations",346,382,-36
E01004708,L7: Intermediate occupations,94,106,-12
E01004708,L8 and L9: Small employers and own account workers,100,123,-23
E01004709,"L1, L2 and L3: Higher managerial, administrative and professional occupations",333,218,115
E01004709,L10 and L11: Lower supervisory and technical occupations,43,39,4
E01004709,L12: Semi-routine occupations,101,94,7
E01004709,L13: Routine occupations,68,66,2
E01004709,L14.1 and L14.2: Never worked and long-term unemployed,192,123,69
E01004709,L15: Full-time students,175,110,65
E01004709,"L4, L5 and L6: Lower managerial, administrative and professional occupations",274,312,-38
E01004709,L7: Intermediate occupations,100,90,10
E01004709,L8 and L9: Small employers and own account workers,149,94,55
E01004710,"L1, L2 and L3: Higher managerial, administrative and professional occupations",237,122,115
E01004710,L10 and L11: Lower supervisory and technical occupations,86,50,36
E01004710,L12: Semi-routine occupations,128,140,-12
E01004710,L13: Routine occupations,149,74,75
E01004710,L14.1 and L14.2: Never worked and long-term unemployed,261,193,68
E01004710,L15: Full-time students,159,142,17
E01004710,"L4, L5 and L6: Lower managerial, administrative and professional occupations",284,196,88
E01004710,L7: Intermediate occupations,126,120,6
E01004710,L8 and L9: Small employers and own account workers,161,96,65
E01004711,"L1, L2 and L3: Higher managerial, administrative and professional occupations",262,191,71
E01004711,L10 and L11: Lower supervisory and technical occupations,58,56,2
E01004711,L12: Semi-routine occupations,150,141,9
E01004711,L13: Routine occupations,144,91,53
E01004711,L14.1 and L14.2: Never worked and long-term unemployed,288,171,117
E01004711,L15: Full-time students,156,136,20
E01004711,"L4, L5 and L6: Lower managerial, administrative and professional occupations",268,285,-17
E01004711,L7: Intermediate occupations,121,130,-9
E01004711,L8 and L9: Small employers and own account workers,145,89,56
E01004712,"L1, L2 and L3: Higher managerial, administrative and professional occupations",450,398,52
E01004712,L10 and L11: Lower supervisory and technical occupations,13,32,-19
E01004712,L12: Semi-routine occupations,35,40,-5
E01004712,L13: Routine occupations,27,39,-12
E01004712,L14.1 and L14.2: Never worked and long-term unemployed,112,61,51
E01004712,L15: Full-time students,233,295,-62
E01004712,"L4, L5 and L6: Lower managerial, administrative and professional occupations",264,409,-145
E01004712,L7: Intermediate occupations,67,94,-27
E01004712,L8 and L9: Small employers and own account workers,114,100,14
E01004713,"L1, L2 and L3: Higher managerial, administrative and professional occupations",519,517,2
E01004713,L10 and L11: Lower supervisory and technical occupations,15,9,6
E01004713,L12: Semi-routine occupations,26,59,-33
E01004713,L13: Routine occupations,29,22,7
E01004713,L14.1 and L14.2: Never worked and long-term unemployed,46,47,-1
E01004713,L15: Full-time students,104,120,-16
E01004713,"L4, L5 and L6: Lower managerial, administrative and professional occupations",231,519,-288
E01004713,L7: Intermediate occupations,47,112,-65
E01004713,L8 and L9: Small employers and own account workers,131,149,-18
E01004714,"L1, L2 and L3: Higher managerial, administrative and professional occupations",532,544,-12
E01004714,L10 and L11: Lower supervisory and technical occupations,19,32,-13
E01004714,L12: Semi-routine occupations,42,70,-28
E01004714,L13: Routine occupations,36,52,-16
E01004714,L14.1 and L14.2: Never worked and long-term unemployed,127,94,33
E01004714,L15: Full-time students,193,249,-56
E01004714,"L4, L5 and L6: Lower managerial, administrative and professional occupations",333,538,-205
E01004714,L7: Intermediate occupations,63,123,-60
E01004714,L8 and L9: Small employers and own account workers,142,162,-20
E01004715,"L1, L2 and L3: Higher managerial, administrative and professional occupations",307,173,134
E01004715,L10 and L11: Lower supervisory and technical occupations,28,39,-11
E01004715,L12: Semi-routine occupations,80,71,9
E01004715,L13: Routine occupations,65,38,27
E01004715,L14.1 and L14.2: Never worked and long-term unemployed,144,78,66
E01004715,L15: Full-time students,449,192,257
E01004715,"L4, L5 and L6: Lower managerial, administrative and professional occupations",296,265,31
E01004715,L7: Intermediate occupations,100,82,18
E01004715,L8 and L9: Small employers and own account workers,167,55,112
E01004716,"L1, L2 and L3: Higher managerial, administrative and professional occupations",347,411,-64
E01004716,L10 and L11: Lower supervisory and technical occupations,9,25,-16
E01004716,L12: Semi-routine occupations,35,58,-23
E01004716,L13: Routine occupations,22,24,-2
E01004716,L14.1 and L14.2: Never worked and long-term unemployed,66,73,-7
E01004716,L15: Full-time students,87,469,-382
E01004716,"L4, L5 and L6: Lower managerial, administrative and professional occupations",191,441,-250
E01004716,L7: Intermediate occupations,63,87,-24
E01004716,L8 and L9: Small employers and own account workers,99,134,-35
E01004717,"L1, L2 and L3: Higher managerial, administrative and professional occupations",456,432,24
E01004717,L10 and L11: Lower supervisory and technical occupations,21,25,-4
E01004717,L12: Semi-routine occupations,41,40,1
E01004717,L13: Routine occupations,29,12,17
E01004717,L14.1 and L14.2: Never worked and long-term unemployed,49,33,16
E01004717,L15: Full-time students,162,170,-8
E01004717,"L4, L5 and L6: Lower managerial, administrative and professional occupations",241,433,-192
E01004717,L7: Intermediate occupations,51,78,-27
E01004717,L8 and L9: Small employers and own account workers,113,103,10
E01004718,"L1, L2 and L3: Higher managerial, administrative and professional occupations",212,156,56
E01004718,L10 and L11: Lower supervisory and technical occupations,55,94,-39
E01004718,L12: Semi-routine occupations,175,163,12
E01004718,L13: Routine occupations,148,132,16
E01004718,L14.1 and L14.2: Never worked and long-term unemployed,250,204,46
E01004718,L15: Full-time students,176,168,8
E01004718,"L4, L5 and L6: Lower managerial, administrative and professional occupations",302,361,-59
E01004718,L7: Intermediate occupations,138,130,8
E01004718,L8 and L9: Small employers and own account workers,138,97,41
E01004719,"L1, L2 and L3: Higher managerial, administrative and professional occupations",197,145,52
E01004719,L10 and L11: Lower supervisory and technical occupations,50,77,-27
E01004719,L12: Semi-routine occupations,165,178,-13
E01004719,L13: Routine occupations,126,135,-9
E01004719,L14.1 and L14.2: Never worked and long-term unemployed,248,177,71
E01004719,L15: Full-time students,122,111,11
E01004719,"L4, L5 and L6: Lower managerial, administrative and professional occupations",290,320,-30
E01004719,L7: Intermediate occupations,127,151,-24
E01004719,L8 and L9: Small employers and own account workers,209,97,112
E01004720,"L1, L2 and L3: Higher managerial, administrative and professional occupations",228,128,100
E01004720,L10 and L11: Lower supervisory and technical occupations,85,90,-5
E01004720,L12: Semi-routine occupations,196,166,30
E01004720,L13: Routine occupations,181,151,30
E01004720,L14.1 and L14.2: Never worked and long-term unemployed,273,211,62
E01004720,L15: Full-time students,172,136,36
E01004720,"L4, L5 and L6: Lower managerial, administrative and professional occupations",339,297,42
E01004720,L7: Intermediate occupations,189,140,49
E01004720,L8 and L9: Small employers and own account workers,188,108,80
E01004721,"L1, L2 and L3: Higher managerial, administrative and professional occupations",146,94,52
E01004721,L10 and L11: Lower supervisory and technical occupations,57,89,-32
E01004721,L12: Semi-routine occupations,181,196,-15
E01004721,L13: Routine occupations,194,182,12
E01004721,L14.1 and L14.2: Never worked and long-term unemployed,297,270,27
E01004721,L15: Full-time students,123,160,-37
E01004721,"L4, L5 and L6: Lower managerial, administrative and professional occupations",229,262,-33
E01004721,L7: Intermediate occupations,118,140,-22
E01004721,L8 and L9: Small employers and own account workers,152,104,48
E01004722,"L1, L2 and L3: Higher managerial, administrative and professional occupations",184,76,108
E01004722,L10 and L11: Lower supervisory and technical occupations,95,124,-29
E01004722,L12: Semi-routine occupations,249,232,17
E01004722,L13: Routine occupations,210,213,-3
E01004722,L14.1 and L14.2: Never worked and long-term unemployed,473,391,82
E01004722,L15: Full-time students,346,280,66
E01004722,"L4, L5 and L6: Lower managerial, administrative and professional occupations",290,222,68
E01004722,L7: Intermediate occupations,157,129,28
E01004722,L8 and L9: Small employers and own account workers,159,102,57
E01004723,"L1, L2 and L3: Higher managerial, administrative and professional occupations",324,220,104
E01004723,L10 and L11: Lower supervisory and technical occupations,67,110,-43
E01004723,L12: Semi-routine occupations,200,210,-10
E01004723,L13: Routine occupations,182,137,45
E01004723,L14.1 and L14.2: Never worked and long-term unemployed,249,238,11
E01004723,L15: Full-time students,191,187,4
E01004723,"L4, L5 and L6: Lower managerial, administrative and professional occupations",333,383,-50
E01004723,L7: Intermediate occupations,167,166,1
E01004723,L8 and L9: Small employers and own account workers,166,106,60
E01004724,"L1, L2 and L3: Higher managerial, administrative and professional occupations",501,308,193
E01004724,L10 and L11: Lower supervisory and technical occupations,33,33,0
E01004724,L12: Semi-routine occupations,63,73,-10
E01004724,L13: Routine occupations,79,65,14
E01004724,L14.1 and L14.2: Never worked and long-term unemployed,151,119,32
E01004724,L15: Full-time students,210,137,73
E01004724,"L4, L5 and L6: Lower managerial, administrative and professional occupations",338,393,-55
E01004724,L7: Intermediate occupations,115,118,-3
E01004724,L8 and L9: Small employers and own account workers,170,119,51
E01004725,"L1, L2 and L3: Higher managerial, administrative and professional occupations",221,162,59
E01004725,L10 and L11: Lower supervisory and technical occupations,22,36,-14
E01004725,L12: Semi-routine occupations,82,93,-11
E01004725,L13: Routine occupations,39,58,-19
E01004725,L14.1 and L14.2: Never worked and long-term unemployed,165,174,-9
E01004725,L15: Full-time students,246,214,32
E01004725,"L4, L5 and L6: Lower managerial, administrative and professional occupations",163,230,-67
E01004725,L7: Intermediate occupations,74,100,-26
E01004725,L8 and L9: Small employers and own account workers,102,103,-1
E01004726,"L1, L2 and L3: Higher managerial, administrative and professional occupations",462,354,108
E01004726,L10 and L11: Lower supervisory and technical occupations,17,21,-4
E01004726,L12: Semi-routine occupations,73,75,-2
E01004726,L13: Routine occupations,46,41,5
E01004726,L14.1 and L14.2: Never worked and long-term unemployed,139,123,16
E01004726,L15: Full-time students,206,143,63
E01004726,"L4, L5 and L6: Lower managerial, administrative and professional occupations",267,386,-119
E01004726,L7: Intermediate occupations,61,104,-43
E01004726,L8 and L9: Small employers and own account workers,170,123,47
E01004727,"L1, L2 and L3: Higher managerial, administrative and professional occupations",470,448,22
E01004727,L10 and L11: Lower supervisory and technical occupations,14,33,-19
E01004727,L12: Semi-routine occupations,48,56,-8
E01004727,L13: Routine occupations,48,27,21
E01004727,L14.1 and L14.2: Never worked and long-term unemployed,124,110,14
E01004727,L15: Full-time students,195,376,-181
E01004727,"L4, L5 and L6: Lower managerial, administrative and professional occupations",226,426,-200
E01004727,L7: Intermediate occupations,97,103,-6
E01004727,L8 and L9: Small employers and own account workers,132,105,27
E01004728,"L1, L2 and L3: Higher managerial, administrative and professional occupations",382,215,167
E01004728,L10 and L11: Lower supervisory and technical occupations,28,44,-16
E01004728,L12: Semi-routine occupations,60,81,-21
E01004728,L13: Routine occupations,74,58,16
E01004728,L14.1 and L14.2: Never worked and long-term unemployed,137,118,19
E01004728,L15: Full-time students,146,150,-4
E01004728,"L4, L5 and L6: Lower managerial, administrative and professional occupations",263,323,-60
E01004728,L7: Intermediate occupations,80,113,-33
E01004728,L8 and L9: Small employers and own account workers,131,92,39
E01004729,"L1, L2 and L3: Higher managerial, administrative and professional occupations",278,211,67
E01004729,L10 and L11: Lower supervisory and technical occupations,29,44,-15
E01004729,L12: Semi-routine occupations,103,95,8
E01004729,L13: Routine occupations,96,80,16
E01004729,L14.1 and L14.2: Never worked and long-term unemployed,252,130,122
E01004729,L15: Full-time students,116,130,-14
E01004729,"L4, L5 and L6: Lower managerial, administrative and professional occupations",254,290,-36
E01004729,L7: Intermediate occupations,83,104,-21
E01004729,L8 and L9: Small employers and own account workers,98,114,-16
E01004730,"L1, L2 and L3: Higher managerial, administrative and professional occupations",388,308,80
E01004730,L10 and L11: Lower supervisory and technical occupations,13,30,-17
E01004730,L12: Semi-routine occupations,43,58,-15
E01004730,L13: Routine occupations,27,31,-4
E01004730,L14.1 and L14.2: Never worked and long-term unemployed,157,117,40
E01004730,L15: Full-time students,151,119,32
E01004730,"L4, L5 and L6: Lower managerial, administrative and professional occupations",264,340,-76
E01004730,L7: Intermediate occupations,85,99,-14
E01004730,L8 and L9: Small employers and own account workers,152,125,27
E01004731,"L1, L2 and L3: Higher managerial, administrative and professional occupations",689,486,203
E01004731,L10 and L11: Lower supervisory and technical occupations,64,67,-3
E01004731,L12: Semi-routine occupations,69,77,-8
E01004731,L13: Routine occupations,93,54,39
E01004731,L14.1 and L14.2: Never worked and long-term unemployed,109,79,30
E01004731,L15: Full-time students,163,118,45
E01004731,"L4, L5 and L6: Lower managerial, administrative and professional occupations",375,480,-105
E01004731,L7: Intermediate occupations,95,126,-31
E01004731,L8 and L9: Small employers and own account workers,124,88,36
E01004732,"L1, L2 and L3: Higher managerial, administrative and professional occupations",155,129,26
E01004732,L10 and L11: Lower supervisory and technical occupations,44,76,-32
E01004732,L12: Semi-routine occupations,117,153,-36
E01004732,L13: Routine occupations,115,121,-6
E01004732,L14.1 and L14.2: Never worked and long-term unemployed,227,173,54
E01004732,L15: Full-time students,97,106,-9
E01004732,"L4, L5 and L6: Lower managerial, administrative and professional occupations",178,225,-47
E01004732,L7: Intermediate occupations,101,104,-3
E01004732,L8 and L9: Small employers and own account workers,104,66,38
E01004733,"L1, L2 and L3: Higher managerial, administrative and professional occupations",670,432,238
E01004733,L10 and L11: Lower supervisory and technical occupations,36,29,7
E01004733,L12: Semi-routine occupations,64,63,1
E01004733,L13: Routine occupations,50,58,-8
E01004733,L14.1 and L14.2: Never worked and long-term unemployed,101,95,6
E01004733,L15: Full-time students,339,259,80
E01004733,"L4, L5 and L6: Lower managerial, administrative and professional occupations",371,515,-144
E01004733,L7: Intermediate occupations,97,134,-37
E01004733,L8 and L9: Small employers and own account workers,119,79,40
E01004734,"L1, L2 and L3: Higher managerial, administrative and professional occupations",386,285,101
E01004734,L10 and L11: Lower supervisory and technical occupations,61,102,-41
E01004734,L12: Semi-routine occupations,101,98,3
E01004734,L13: Routine occupations,71,104,-33
E01004734,L14.1 and L14.2: Never worked and long-term unemployed,175,127,48
E01004734,L15: Full-time students,223,281,-58
E01004734,"L4, L5 and L6: Lower managerial, administrative and professional occupations",326,476,-150
E01004734,L7: Intermediate occupations,100,108,-8
E01004734,L8 and L9: Small employers and own account workers,155,154,1
E01004735,"L1, L2 and L3: Higher managerial, administrative and professional occupations",428,320,108
E01004735,L10 and L11: Lower supervisory and technical occupations,45,51,-6
E01004735,L12: Semi-routine occupations,80,106,-26
E01004735,L13: Routine occupations,87,78,9
E01004735,L14.1 and L14.2: Never worked and long-term unemployed,159,86,73
E01004735,L15: Full-time students,392,345,47
E01004735,"L4, L5 and L6: Lower managerial, administrative and professional occupations",352,404,-52
E01004735,L7: Intermediate occupations,128,133,-5
E01004735,L8 and L9: Small employers and own account workers,149,117,32
E01004736,"L1, L2 and L3: Higher managerial, administrative and professional occupations",348,357,-9
E01004736,L10 and L11: Lower supervisory and technical occupations,29,54,-25
E01004736,L12: Semi-routine occupations,59,50,9
E01004736,L13: Routine occupations,42,40,2
E01004736,L14.1 and L14.2: Never worked and long-term unemployed,77,47,30
E01004736,L15: Full-time students,259,266,-7
E01004736,"L4, L5 and L6: Lower managerial, administrative and professional occupations",265,433,-168
E01004736,L7: Intermediate occupations,184,229,-45
E01004736,L8 and L9: Small employers and own account workers,126,113,13
E01004737,"L1, L2 and L3: Higher managerial, administrative and professional occupations",215,216,-1
E01004737,L10 and L11: Lower supervisory and technical occupations,37,58,-21
E01004737,L12: Semi-routine occupations,94,97,-3
E01004737,L13: Routine occupations,93,63,30
E01004737,L14.1 and L14.2: Never worked and long-term unemployed,106,70,36
E01004737,L15: Full-time students,57,67,-10
E01004737,"L4, L5 and L6: Lower managerial, administrative and professional occupations",180,239,-59
E01004737,L7: Intermediate occupations,98,104,-6
E01004737,L8 and L9: Small employers and own account workers,115,66,49
E01004740,"L1, L2 and L3: Higher managerial, administrative and professional occupations",175,190,-15
E01004740,L10 and L11: Lower supervisory and technical occupations,71,57,14
E01004740,L12: Semi-routine occupations,99,137,-38
E01004740,L13: Routine occupations,103,79,24
E01004740,L14.1 and L14.2: Never worked and long-term unemployed,177,115,62
E01004740,L15: Full-time students,95,87,8
E01004740,"L4, L5 and L6: Lower managerial, administrative and professional occupations",197,265,-68
E01004740,L7: Intermediate occupations,109,127,-18
E01004740,L8 and L9: Small employers and own account workers,119,83,36
E01004741,"L1, L2 and L3: Higher managerial, administrative and professional occupations",305,209,96
E01004741,L10 and L11: Lower supervisory and technical occupations,35,42,-7
E01004741,L12: Semi-routine occupations,70,96,-26
E01004741,L13: Routine occupations,75,65,10
E01004741,L14.1 and L14.2: Never worked and long-term unemployed,113,64,49
E01004741,L15: Full-time students,79,99,-20
E01004741,"L4, L5 and L6: Lower managerial, administrative and professional occupations",265,279,-14
E01004741,L7: Intermediate occupations,98,92,6
E01004741,L8 and L9: Small employers and own account workers,81,72,9
E01004742,"L1, L2 and L3: Higher managerial, administrative and professional occupations",441,365,76
E01004742,L10 and L11: Lower supervisory and technical occupations,27,32,-5
E01004742,L12: Semi-routine occupations,59,51,8
E01004742,L13: Routine occupations,60,34,26
E01004742,L14.1 and L14.2: Never worked and long-term unemployed,62,48,14
E01004742,L15: Full-time students,82,81,1
E01004742,"L4, L5 and L6: Lower managerial, administrative and professional occupations",248,446,-198
E01004742,L7: Intermediate occupations,75,106,-31
E01004742,L8 and L9: Small employers and own account workers,106,70,36
E01004743,"L1, L2 and L3: Higher managerial, administrative and professional occupations",294,216,78
E01004743,L10 and L11: Lower supervisory and technical occupations,43,60,-17
E01004743,L12: Semi-routine occupations,120,86,34
E01004743,L13: Routine occupations,113,76,37
E01004743,L14.1 and L14.2: Never worked and long-term unemployed,133,102,31
E01004743,L15: Full-time students,142,116,26
E01004743,"L4, L5 and L6: Lower managerial, administrative and professional occupations",245,287,-42
E01004743,L7: Intermediate occupations,91,98,-7
E01004743,L8 and L9: Small employers and own account workers,110,65,45
E01004744,"L1, L2 and L3: Higher managerial, administrative and professional occupations",236,179,57
E01004744,L10 and L11: Lower supervisory and technical occupations,46,39,7
E01004744,L12: Semi-routine occupations,88,97,-9
E01004744,L13: Routine occupations,67,70,-3
E01004744,L14.1 and L14.2: Never worked and long-term unemployed,203,59,144
E01004744,L15: Full-time students,137,83,54
E01004744,"L4, L5 and L6: Lower managerial, administrative and professional occupations",275,348,-73
E01004744,L7: Intermediate occupations,118,128,-10
E01004744,L8 and L9: Small employers and own account workers,106,46,60
E01004746,"L1, L2 and L3: Higher managerial, administrative and professional occupations",175,163,12
E01004746,L10 and L11: Lower supervisory and technical occupations,38,57,-19
E01004746,L12: Semi-routine occupations,107,124,-17
E01004746,L13: Routine occupations,118,104,14
E01004746,L14.1 and L14.2: Never worked and long-term unemployed,149,103,46
E01004746,L15: Full-time students,97,83,14
E01004746,"L4, L5 and L6: Lower managerial, administrative and professional occupations",201,230,-29
E01004746,L7: Intermediate occupations,104,128,-24
E01004746,L8 and L9: Small employers and own account workers,93,84,9
E01004747,"L1, L2 and L3: Higher managerial, administrative and professional occupations",526,464,62
E01004747,L10 and L11: Lower supervisory and technical occupations,40,63,-23
E01004747,L12: Semi-routine occupations,148,99,49
E01004747,L13: Routine occupations,94,60,34
E01004747,L14.1 and L14.2: Never worked and long-term unemployed,206,153,53
E01004747,L15: Full-time students,244,169,75
E01004747,"L4, L5 and L6: Lower managerial, administrative and professional occupations",422,576,-154
E01004747,L7: Intermediate occupations,126,148,-22
E01004747,L8 and L9: Small employers and own account workers,156,87,69
E01004748,"L1, L2 and L3: Higher managerial, administrative and professional occupations",364,329,35
E01004748,L10 and L11: Lower supervisory and technical occupations,18,26,-8
E01004748,L12: Semi-routine occupations,26,66,-40
E01004748,L13: Routine occupations,20,21,-1
E01004748,L14.1 and L14.2: Never worked and long-term unemployed,73,49,24
E01004748,L15: Full-time students,189,185,4
E01004748,"L4, L5 and L6: Lower managerial, administrative and professional occupations",214,342,-128
E01004748,L7: Intermediate occupations,58,82,-24
E01004748,L8 and L9: Small employers and own account workers,80,83,-3
E01004749,"L1, L2 and L3: Higher managerial, administrative and professional occupations",634,514,120
E01004749,L10 and L11: Lower supervisory and technical occupations,49,42,7
E01004749,L12: Semi-routine occupations,76,95,-19
E01004749,L13: Routine occupations,71,66,5
E01004749,L14.1 and L14.2: Never worked and long-term unemployed,141,107,34
E01004749,L15: Full-time students,259,293,-34
E01004749,"L4, L5 and L6: Lower managerial, administrative and professional occupations",408,603,-195
E01004749,L7: Intermediate occupations,113,158,-45
E01004749,L8 and L9: Small employers and own account workers,203,165,38
E01004750,"L1, L2 and L3: Higher managerial, administrative and professional occupations",333,307,26
E01004750,L10 and L11: Lower supervisory and technical occupations,32,76,-44
E01004750,L12: Semi-routine occupations,95,132,-37
E01004750,L13: Routine occupations,103,100,3
E01004750,L14.1 and L14.2: Never worked and long-term unemployed,201,102,99
E01004750,L15: Full-time students,182,119,63
E01004750,"L4, L5 and L6: Lower managerial, administrative and professional occupations",270,351,-81
E01004750,L7: Intermediate occupations,79,137,-58
E01004750,L8 and L9: Small employers and own account workers,124,101,23
E01004751,"L1, L2 and L3: Higher managerial, administrative and professional occupations",501,483,18
E01004751,L10 and L11: Lower supervisory and technical occupations,27,32,-5
E01004751,L12: Semi-routine occupations,47,51,-4
E01004751,L13: Routine occupations,37,48,-11
E01004751,L14.1 and L14.2: Never worked and long-term unemployed,338,63,275
E01004751,L15: Full-time students,95,92,3
E01004751,"L4, L5 and L6: Lower managerial, administrative and professional occupations",301,495,-194
E01004751,L7: Intermediate occupations,84,104,-20
E01004751,L8 and L9: Small employers and own account workers,140,107,33
E01004752,"L1, L2 and L3: Higher managerial, administrative and professional occupations",287,320,-33
E01004752,L10 and L11: Lower supervisory and technical occupations,56,55,1
E01004752,L12: Semi-routine occupations,84,102,-18
E01004752,L13: Routine occupations,113,93,20
E01004752,L14.1 and L14.2: Never worked and long-term unemployed,129,101,28
E01004752,L15: Full-time students,99,118,-19
E01004752,"L4, L5 and L6: Lower managerial, administrative and professional occupations",283,363,-80
E01004752,L7: Intermediate occupations,94,143,-49
E01004752,L8 and L9: Small employers and own account workers,83,91,-8
E01004753,"L1, L2 and L3: Higher managerial, administrative and professional occupations",456,419,37
E01004753,L10 and L11: Lower supervisory and technical occupations,46,48,-2
E01004753,L12: Semi-routine occupations,130,129,1
E01004753,L13: Routine occupations,56,74,-18
E01004753,L14.1 and L14.2: Never worked and long-term unemployed,181,69,112
E01004753,L15: Full-time students,84,99,-15
E01004753,"L4, L5 and L6: Lower managerial, administrative and professional occupations",371,468,-97
E01004753,L7: Intermediate occupations,150,189,-39
E01004753,L8 and L9: Small employers and own account workers,145,110,35
E01004754,"L1, L2 and L3: Higher managerial, administrative and professional occupations",184,83,101
E01004754,L10 and L11: Lower supervisory and technical occupations,64,66,-2
E01004754,L12: Semi-routine occupations,159,154,5
E01004754,L13: Routine occupations,156,116,40
E01004754,L14.1 and L14.2: Never worked and long-term unemployed,359,212,147
E01004754,L15: Full-time students,237,139,98
E01004754,"L4, L5 and L6: Lower managerial, administrative and professional occupations",172,155,17
E01004754,L7: Intermediate occupations,137,76,61
E01004754,L8 and L9: Small employers and own account workers,105,66,39
E01004755,"L1, L2 and L3: Higher managerial, administrative and professional occupations",320,167,153
E01004755,L10 and L11: Lower supervisory and technical occupations,58,68,-10
E01004755,L12: Semi-routine occupations,164,140,24
E01004755,L13: Routine occupations,133,85,48
E01004755,L14.1 and L14.2: Never worked and long-term unemployed,396,253,143
E01004755,L15: Full-time students,222,147,75
E01004755,"L4, L5 and L6: Lower managerial, administrative and professional occupations",444,332,112
E01004755,L7: Intermediate occupations,160,117,43
E01004755,L8 and L9: Small employers and own account workers,162,78,84
E01004756,"L1, L2 and L3: Higher managerial, administrative and professional occupations",305,397,-92
E01004756,L10 and L11: Lower supervisory and technical occupations,39,79,-40
E01004756,L12: Semi-routine occupations,74,156,-82
E01004756,L13: Routine occupations,84,103,-19
E01004756,L14.1 and L14.2: Never worked and long-term unemployed,136,202,-66
E01004756,L15: Full-time students,137,170,-33
E01004756,"L4, L5 and L6: Lower managerial, administrative and professional occupations",274,457,-183
E01004756,L7: Intermediate occupations,119,138,-19
E01004756,L8 and L9: Small employers and own account workers,151,129,22
E01004757,"L1, L2 and L3: Higher managerial, administrative and professional occupations",153,114,39
E01004757,L10 and L11: Lower supervisory and technical occupations,61,46,15
E01004757,L12: Semi-routine occupations,120,128,-8
E01004757,L13: Routine occupations,132,105,27
E01004757,L14.1 and L14.2: Never worked and long-term unemployed,237,235,2
E01004757,L15: Full-time students,184,173,11
E01004757,"L4, L5 and L6: Lower managerial, administrative and professional occupations",213,177,36
E01004757,L7: Intermediate occupations,119,95,24
E01004757,L8 and L9: Small employers and own account workers,118,67,51
E01004760,"L1, L2 and L3: Higher managerial, administrative and professional occupations",249,237,12
E01004760,L10 and L11: Lower supervisory and technical occupations,33,48,-15
E01004760,L12: Semi-routine occupations,146,112,34
E01004760,L13: Routine occupations,129,84,45
E01004760,L14.1 and L14.2: Never worked and long-term unemployed,157,148,9
E01004760,L15: Full-time students,158,88,70
E01004760,"L4, L5 and L6: Lower managerial, administrative and professional occupations",317,330,-13
E01004760,L7: Intermediate occupations,119,113,6
E01004760,L8 and L9: Small employers and own account workers,160,110,50
E01004761,"L1, L2 and L3: Higher managerial, administrative and professional occupations",360,427,-67
E01004761,L10 and L11: Lower supervisory and technical occupations,22,45,-23
E01004761,L12: Semi-routine occupations,60,96,-36
E01004761,L13: Routine occupations,29,49,-20
E01004761,L14.1 and L14.2: Never worked and long-term unemployed,110,95,15
E01004761,L15: Full-time students,104,173,-69
E01004761,"L4, L5 and L6: Lower managerial, administrative and professional occupations",224,522,-298
E01004761,L7: Intermediate occupations,64,79,-15
E01004761,L8 and L9: Small employers and own account workers,144,192,-48
E01004762,"L1, L2 and L3: Higher managerial, administrative and professional occupations",344,352,-8
E01004762,L10 and L11: Lower supervisory and technical occupations,30,56,-26
E01004762,L12: Semi-routine occupations,114,148,-34
E01004762,L13: Routine occupations,100,82,18
E01004762,L14.1 and L14.2: Never worked and long-term unemployed,169,137,32
E01004762,L15: Full-time students,134,182,-48
E01004762,"L4, L5 and L6: Lower managerial, administrative and professional occupations",264,436,-172
E01004762,L7: Intermediate occupations,64,131,-67
E01004762,L8 and L9: Small employers and own account workers,190,205,-15
E01004763,"L1, L2 and L3: Higher managerial, administrative and professional occupations",538,427,111
E01004763,L10 and L11: Lower supervisory and technical occupations,38,72,-34
E01004763,L12: Semi-routine occupations,70,84,-14
E01004763,L13: Routine occupations,66,58,8
E01004763,L14.1 and L14.2: Never worked and long-term unemployed,131,103,28
E01004763,L15: Full-time students,375,317,58
E01004763,"L4, L5 and L6: Lower managerial, administrative and professional occupations",440,696,-256
E01004763,L7: Intermediate occupations,98,113,-15
E01004763,L8 and L9: Small employers and own account workers,136,153,-17
E01004765,"L1, L2 and L3: Higher managerial, administrative and professional occupations",491,411,80
E01004765,L10 and L11: Lower supervisory and technical occupations,40,55,-15
E01004765,L12: Semi-routine occupations,84,76,8
E01004765,L13: Routine occupations,65,74,-9
E01004765,L14.1 and L14.2: Never worked and long-term unemployed,143,123,20
E01004765,L15: Full-time students,315,215,100
E01004765,"L4, L5 and L6: Lower managerial, administrative and professional occupations",335,537,-202
E01004765,L7: Intermediate occupations,78,110,-32
E01004765,L8 and L9: Small employers and own account workers,181,161,20
E01032512,"L1, L2 and L3: Higher managerial, administrative and professional occupations",195,141,54
E01032512,L10 and L11: Lower supervisory and technical occupations,77,104,-27
E01032512,L12: Semi-routine occupations,185,212,-27
E01032512,L13: Routine occupations,178,159,19
E01032512,L14.1 and L14.2: Never worked and long-term unemployed,430,397,33
E01032512,L15: Full-time students,273,204,69
E01032512,"L4, L5 and L6: Lower managerial, administrative and professional occupations",235,285,-50
E01032512,L7: Intermediate occupations,150,135,15
E01032512,L8 and L9: Small employers and own account workers,149,109,40
E01032513,"L1, L2 and L3: Higher managerial, administrative and professional occupations",108,99,9
E01032513,L10 and L11: Lower supervisory and technical occupations,45,48,-3
E01032513,L12: Semi-routine occupations,90,105,-15
E01032513,L13: Routine occupations,130,97,33
E01032513,L14.1 and L14.2: Never worked and long-term unemployed,181,155,26
E01032513,L15: Full-time students,112,91,21
E01032513,"L4, L5 and L6: Lower managerial, administrative and professional occupations",171,174,-3
E01032513,L7: Intermediate occupations,74,85,-11
E01032513,L8 and L9: Small employers and own account workers,85,73,12
E01032562,"L1, L2 and L3: Higher managerial, administrative and professional occupations",105,63,42
E01032562,L10 and L11: Lower supervisory and technical occupations,56,72,-16
E01032562,L12: Semi-routine occupations,184,175,9
E01032562,L13: Routine occupations,137,108,29
E01032562,L14.1 and L14.2: Never worked and long-term unemployed,121,92,29
E01032562,L15: Full-time students,109,89,20
E01032562,"L4, L5 and L6: Lower managerial, administrative and professional occupations",218,175,43
E01032562,L7: Intermediate occupations,133,161,-28
E01032562,L8 and L9: Small employers and own account workers,126,86,40
E01032563,"L1, L2 and L3: Higher managerial, administrative and professional occupations",271,177,94
E01032563,L10 and L11: Lower supervisory and technical occupations,35,37,-2
E01032563,L12: Semi-routine occupations,70,69,1
E01032563,L13: Routine occupations,47,48,-1
E01032563,L14.1 and L14.2: Never worked and long-term unemployed,75,39,36
E01032563,L15: Full-time students,60,49,11
E01032563,"L4, L5 and L6: Lower managerial, administrative and professional occupations",310,273,37
E01032563,L7: Intermediate occupations,127,145,-18
E01032563,L8 and L9: Small employers and own account workers,193,165,28
E01032564,"L1, L2 and L3: Higher managerial, administrative and professional occupations",59,46,13
E01032564,L10 and L11: Lower supervisory and technical occupations,47,56,-9
E01032564,L12: Semi-routine occupations,132,151,-19
E01032564,L13: Routine occupations,128,89,39
E01032564,L14.1 and L14.2: Never worked and long-term unemployed,113,105,8
E01032564,L15: Full-time students,114,94,20
E01032564,"L4, L5 and L6: Lower managerial, administrative and professional occupations",194,136,58
E01032564,L7: Intermediate occupations,109,128,-19
E01032564,L8 and L9: Small employers and own account workers,102,61,41
E01032565,"L1, L2 and L3: Higher managerial, administrative and professional occupations",111,50,61
E01032565,L10 and L11: Lower supervisory and technical occupations,61,71,-10
E01032565,L12: Semi-routine occupations,170,125,45
E01032565,L13: Routine occupations,152,95,57
E01032565,L14.1 and L14.2: Never worked and long-term unemployed,142,88,54
E01032565,L15: Full-time students,88,108,-20
E01032565,"L4, L5 and L6: Lower managerial, administrative and professional occupations",182,168,14
E01032565,L7: Intermediate occupations,125,131,-6
E01032565,L8 and L9: Small employers and own account workers,109,90,19
E01032566,"L1, L2 and L3: Higher managerial, administrative and professional occupations",165,77,88
E01032566,L10 and L11: Lower supervisory and technical occupations,95,75,20
E01032566,L12: Semi-routine occupations,170,170,0
E01032566,L13: Routine occupations,191,124,67
E01032566,L14.1 and L14.2: Never worked and long-term unemployed,138,87,51
E01032566,L15: Full-time students,104,92,12
E01032566,"L4, L5 and L6: Lower managerial, administrative and professional occupations",283,241,42
E01032566,L7: Intermediate occupations,213,228,-15
E01032566,L8 and L9: Small employers and own account workers,151,118,33
E01032567,"L1, L2 and L3: Higher managerial, administrative and professional occupations",146,76,70
E01032567,L10 and L11: Lower supervisory and technical occupations,77,78,-1
E01032567,L12: Semi-routine occupations,172,162,10
E01032567,L13: Routine occupations,140,121,19
E01032567,L14.1 and L14.2: Never worked and long-term unemployed,110,89,21
E01032567,L15: Full-time students,92,149,-57
E01032567,"L4, L5 and L6: Lower managerial, administrative and professional occupations",271,233,38
E01032567,L7: Intermediate occupations,189,206,-17
E01032567,L8 and L9: Small employers and own account workers,140,108,32
E01032568,"L1, L2 and L3: Higher managerial, administrative and professional occupations",174,106,68
E01032568,L10 and L11: Lower supervisory and technical occupations,62,54,8
E01032568,L12: Semi-routine occupations,139,148,-9
E01032568,L13: Routine occupations,119,104,15
E01032568,L14.1 and L14.2: Never worked and long-term unemployed,120,50,70
E01032568,L15: Full-time students,81,72,9
E01032568,"L4, L5 and L6: Lower managerial, administrative and professional occupations",248,228,20
E01032568,L7: Intermediate occupations,160,195,-35
E01032568,L8 and L9: Small employers and own account workers,135,102,33
E01032569,"L1, L2 and L3: Higher managerial, administrative and professional occupations",99,51,48
E01032569,L10 and L11: Lower supervisory and technical occupations,67,81,-14
E01032569,L12: Semi-routine occupations,199,203,-4
E01032569,L13: Routine occupations,155,140,15
E01032569,L14.1 and L14.2: Never worked and long-term unemployed,174,126,48
E01032569,L15: Full-time students,114,156,-42
E01032569,"L4, L5 and L6: Lower managerial, administrative and professional occupations",211,173,38
E01032569,L7: Intermediate occupations,145,151,-6
E01032569,L8 and L9: Small employers and own account workers,141,99,42
E01032570,"L1, L2 and L3: Higher managerial, administrative and professional occupations",197,138,59
E01032570,L10 and L11: Lower supervisory and technical occupations,73,69,4
E01032570,L12: Semi-routine occupations,138,123,15
E01032570,L13: Routine occupations,95,55,40
E01032570,L14.1 and L14.2: Never worked and long-term unemployed,90,33,57
E01032570,L15: Full-time students,70,81,-11
E01032570,"L4, L5 and L6: Lower managerial, administrative and professional occupations",315,277,38
E01032570,L7: Intermediate occupations,228,202,26
E01032570,L8 and L9: Small employers and own account workers,208,146,62
E01032572,"L1, L2 and L3: Higher managerial, administrative and professional occupations",373,322,51
E01032572,L10 and L11: Lower supervisory and technical occupations,61,43,18
E01032572,L12: Semi-routine occupations,87,87,0
E01032572,L13: Routine occupations,65,56,9
E01032572,L14.1 and L14.2: Never worked and long-term unemployed,98,47,51
E01032572,L15: Full-time students,91,64,27
E01032572,"L4, L5 and L6: Lower managerial, administrative and professional occupations",340,447,-107
E01032572,L7: Intermediate occupations,116,126,-10
E01032572,L8 and L9: Small employers and own account workers,163,108,55
E01032573,"L1, L2 and L3: Higher managerial, administrative and professional occupations",497,456,41
E01032573,L10 and L11: Lower supervisory and technical occupations,34,48,-14
E01032573,L12: Semi-routine occupations,80,60,20
E01032573,L13: Routine occupations,57,39,18
E01032573,L14.1 and L14.2: Never worked and long-term unemployed,83,41,42
E01032573,L15: Full-time students,116,90,26
E01032573,"L4, L5 and L6: Lower managerial, administrative and professional occupations",431,544,-113
E01032573,L7: Intermediate occupations,112,163,-51
E01032573,L8 and L9: Small employers and own account workers,171,136,35
E01032574,"L1, L2 and L3: Higher managerial, administrative and professional occupations",84,61,23
E01032574,L10 and L11: Lower supervisory and technical occupations,71,76,-5
E01032574,L12: Semi-routine occupations,185,164,21
E01032574,L13: Routine occupations,187,149,38
E01032574,L14.1 and L14.2: Never worked and long-term unemployed,224,185,39
E01032574,L15: Full-time students,184,205,-21
E01032574,"L4, L5 and L6: Lower managerial, administrative and professional occupations",284,237,47
E01032574,L7: Intermediate occupations,153,163,-10
E01032574,L8 and L9: Small employers and own account workers,194,148,46
E01032575,"L1, L2 and L3: Higher managerial, administrative and professional occupations",71,66,5
E01032575,L10 and L11: Lower supervisory and technical occupations,55,66,-11
E01032575,L12: Semi-routine occupations,180,173,7
E01032575,L13: Routine occupations,251,142,109
E01032575,L14.1 and L14.2: Never worked and long-term unemployed,272,269,3
E01032575,L15: Full-time students,238,181,57
E01032575,"L4, L5 and L6: Lower managerial, administrative and professional occupations",241,180,61
E01032575,L7: Intermediate occupations,151,100,51
E01032575,L8 and L9: Small employers and own account workers,174,119,55
E01032576,"L1, L2 and L3: Higher managerial, administrative and professional occupations",220,180,40
E01032576,L10 and L11: Lower supervisory and technical occupations,48,57,-9
E01032576,L12: Semi-routine occupations,137,138,-1
E01032576,L13: Routine occupations,84,63,21
E01032576,L14.1 and L14.2: Never worked and long-term unemployed,118,87,31
E01032576,L15: Full-time students,116,121,-5
E01032576,"L4, L5 and L6: Lower managerial, administrative and professional occupations",277,286,-9
E01032576,L7: Intermediate occupations,165,180,-15
E01032576,L8 and L9: Small employers and own account workers,177,110,67
E01032577,"L1, L2 and L3: Higher managerial, administrative and professional occupations",206,129,77
E01032577,L10 and L11: Lower supervisory and technical occupations,74,79,-5
E01032577,L12: Semi-routine occupations,109,144,-35
E01032577,L13: Routine occupations,120,94,26
E01032577,L14.1 and L14.2: Never worked and long-term unemployed,110,56,54
E01032577,L15: Full-time students,104,105,-1
E01032577,"L4, L5 and L6: Lower managerial, administrative and professional occupations",315,275,40
E01032577,L7: Intermediate occupations,210,212,-2
E01032577,L8 and L9: Small employers and own account workers,154,131,23
E01032579,"L1, L2 and L3: Higher managerial, administrative and professional occupations",318,68,250
E01032579,L10 and L11: Lower supervisory and technical occupations,91,69,22
E01032579,L12: Semi-routine occupations,130,167,-37
E01032579,L13: Routine occupations,176,89,87
E01032579,L14.1 and L14.2: Never worked and long-term unemployed,175,118,57
E01032579,L15: Full-time students,214,179,35
E01032579,"L4, L5 and L6: Lower managerial, administrative and professional occupations",461,252,209
E01032579,L7: Intermediate occupations,121,118,3
E01032579,L8 and L9: Small employers and own account workers,123,82,41
E01032580,"L1, L2 and L3: Higher managerial, administrative and professional occupations",58,48,10
E01032580,L10 and L11: Lower supervisory and technical occupations,54,61,-7
E01032580,L12: Semi-routine occupations,159,169,-10
E01032580,L13: Routine occupations,139,88,51
E01032580,L14.1 and L14.2: Never worked and long-term unemployed,178,116,62
E01032580,L15: Full-time students,119,144,-25
E01032580,"L4, L5 and L6: Lower managerial, administrative and professional occupations",149,116,33
E01032580,L7: Intermediate occupations,124,106,18
E01032580,L8 and L9: Small employers and own account workers,143,113,30
E01032581,"L1, L2 and L3: Higher managerial, administrative and professional occupations",124,79,45
E01032581,L10 and L11: Lower supervisory and technical occupations,54,58,-4
E01032581,L12: Semi-routine occupations,157,159,-2
E01032581,L13: Routine occupations,169,128,41
E01032581,L14.1 and L14.2: Never worked and long-term unemployed,187,140,47
E01032581,L15: Full-time students,187,152,35
E01032581,"L4, L5 and L6: Lower managerial, administrative and professional occupations",229,231,-2
E01032581,L7: Intermediate occupations,168,179,-11
E01032581,L8 and L9: Small employers and own account workers,210,102,108
E01032582,"L1, L2 and L3: Higher managerial, administrative and professional occupations",476,274,202
E01032582,L10 and L11: Lower supervisory and technical occupations,61,81,-20
E01032582,L12: Semi-routine occupations,132,155,-23
E01032582,L13: Routine occupations,148,118,30
E01032582,L14.1 and L14.2: Never worked and long-term unemployed,123,105,18
E01032582,L15: Full-time students,383,222,161
E01032582,"L4, L5 and L6: Lower managerial, administrative and professional occupations",418,392,26
E01032582,L7: Intermediate occupations,149,151,-2
E01032582,L8 and L9: Small employers and own account workers,128,89,39
E01032583,"L1, L2 and L3: Higher managerial, administrative and professional occupations",424,212,212
E01032583,L10 and L11: Lower supervisory and technical occupations,51,54,-3
E01032583,L12: Semi-routine occupations,127,118,9
E01032583,L13: Routine occupations,115,101,14
E01032583,L14.1 and L14.2: Never worked and long-term unemployed,134,105,29
E01032583,L15: Full-time students,299,306,-7
E01032583,"L4, L5 and L6: Lower managerial, administrative and professional occupations",344,293,51
E01032583,L7: Intermediate occupations,132,102,30
E01032583,L8 and L9: Small employers and own account workers,126,68,58
E01032584,"L1, L2 and L3: Higher managerial, administrative and professional occupations",226,163,63
E01032584,L10 and L11: Lower supervisory and technical occupations,34,47,-13
E01032584,L12: Semi-routine occupations,98,96,2
E01032584,L13: Routine occupations,81,74,7
E01032584,L14.1 and L14.2: Never worked and long-term unemployed,113,82,31
E01032584,L15: Full-time students,229,180,49
E01032584,"L4, L5 and L6: Lower managerial, administrative and professional occupations",233,246,-13
E01032584,L7: Intermediate occupations,91,99,-8
E01032584,L8 and L9: Small employers and own account workers,76,58,18
E01032623,"L1, L2 and L3: Higher managerial, administrative and professional occupations",459,292,167
E01032623,L10 and L11: Lower supervisory and technical occupations,26,36,-10
E01032623,L12: Semi-routine occupations,71,82,-11
E01032623,L13: Routine occupations,33,31,2
E01032623,L14.1 and L14.2: Never worked and long-term unemployed,102,37,65
E01032623,L15: Full-time students,99,111,-12
E01032623,"L4, L5 and L6: Lower managerial, administrative and professional occupations",346,342,4
E01032623,L7: Intermediate occupations,159,164,-5
E01032623,L8 and L9: Small employers and own account workers,204,159,45
E01032637,"L1, L2 and L3: Higher managerial, administrative and professional occupations",448,498,-50
E01032637,L10 and L11: Lower supervisory and technical occupations,11,7,4
E01032637,L12: Semi-routine occupations,12,10,2
E01032637,L13: Routine occupations,7,3,4
E01032637,L14.1 and L14.2: Never worked and long-term unemployed,24,12,12
E01032637,L15: Full-time students,177,209,-32
E01032637,"L4, L5 and L6: Lower managerial, administrative and professional occupations",233,317,-84
E01032637,L7: Intermediate occupations,43,87,-44
E01032637,L8 and L9: Small employers and own account workers,62,44,18
E01032638,"L1, L2 and L3: Higher managerial, administrative and professional occupations",523,449,74
E01032638,L10 and L11: Lower supervisory and technical occupations,10,14,-4
E01032638,L12: Semi-routine occupations,16,15,1
E01032638,L13: Routine occupations,16,15,1
E01032638,L14.1 and L14.2: Never worked and long-term unemployed,13,9,4
E01032638,L15: Full-time students,52,49,3
E01032638,"L4, L5 and L6: Lower managerial, administrative and professional occupations",272,404,-132
E01032638,L7: Intermediate occupations,59,71,-12
E01032638,L8 and L9: Small employers and own account workers,75,67,8
E01032639,"L1, L2 and L3: Higher managerial, administrative and professional occupations",438,216,222
E01032639,L10 and L11: Lower supervisory and technical occupations,49,69,-20
E01032639,L12: Semi-routine occupations,82,99,-17
E01032639,L13: Routine occupations,93,92,1
E01032639,L14.1 and L14.2: Never worked and long-term unemployed,76,74,2
E01032639,L15: Full-time students,450,342,108
E01032639,"L4, L5 and L6: Lower managerial, administrative and professional occupations",351,348,3
E01032639,L7: Intermediate occupations,97,123,-26
E01032639,L8 and L9: Small employers and own account workers,99,71,28
E01032640,"L1, L2 and L3: Higher managerial, administrative and professional occupations",570,514,56
E01032640,L10 and L11: Lower supervisory and technical occupations,10,24,-14
E01032640,L12: Semi-routine occupations,16,15,1
E01032640,L13: Routine occupations,14,25,-11
E01032640,L14.1 and L14.2: Never worked and long-term unemployed,17,25,-8
E01032640,L15: Full-time students,48,52,-4
E01032640,"L4, L5 and L6: Lower managerial, administrative and professional occupations",202,401,-199
E01032640,L7: Intermediate occupations,29,64,-35
E01032640,L8 and L9: Small employers and own account workers,75,52,23
E01032646,"L1, L2 and L3: Higher managerial, administrative and professional occupations",541,469,72
E01032646,L10 and L11: Lower supervisory and technical occupations,22,37,-15
E01032646,L12: Semi-routine occupations,70,77,-7
E01032646,L13: Routine occupations,43,48,-5
E01032646,L14.1 and L14.2: Never worked and long-term unemployed,65,42,23
E01032646,L15: Full-time students,116,123,-7
E01032646,"L4, L5 and L6: Lower managerial, administrative and professional occupations",324,430,-106
E01032646,L7: Intermediate occupations,80,94,-14
E01032646,L8 and L9: Small employers and own account workers,110,88,22
E01032719,"L1, L2 and L3: Higher managerial, administrative and professional occupations",287,125,162
E01032719,L10 and L11: Lower supervisory and technical occupations,60,70,-10
E01032719,L12: Semi-routine occupations,106,112,-6
E01032719,L13: Routine occupations,127,85,42
E01032719,L14.1 and L14.2: Never worked and long-term unemployed,95,92,3
E01032719,L15: Full-time students,183,187,-4
E01032719,"L4, L5 and L6: Lower managerial, administrative and professional occupations",212,180,32
E01032719,L7: Intermediate occupations,74,72,2
E01032719,L8 and L9: Small employers and own account workers,104,58,46
E01032739,"L1, L2 and L3: Higher managerial, administrative and professional occupations",668,376,292
E01032739,L10 and L11: Lower supervisory and technical occupations,25,13,12
E01032739,L12: Semi-routine occupations,47,23,24
E01032739,L13: Routine occupations,23,11,12
E01032739,L14.1 and L14.2: Never worked and long-term unemployed,97,13,84
E01032739,L15: Full-time students,171,75,96
E01032739,"L4, L5 and L6: Lower managerial, administrative and professional occupations",353,337,16
E01032739,L7: Intermediate occupations,71,72,-1
E01032739,L8 and L9: Small employers and own account workers,90,51,39
E01032740,"L1, L2 and L3: Higher managerial, administrative and professional occupations",608,446,162
E01032740,L10 and L11: Lower supervisory and technical occupations,16,19,-3
E01032740,L12: Semi-routine occupations,22,17,5
E01032740,L13: Routine occupations,35,12,23
E01032740,L14.1 and L14.2: Never worked and long-term unemployed,41,23,18
E01032740,L15: Full-time students,221,90,131
E01032740,"L4, L5 and L6: Lower managerial, administrative and professional occupations",269,320,-51
E01032740,L7: Intermediate occupations,41,54,-13
E01032740,L8 and L9: Small employers and own account workers,84,63,21
E01032741,"L1, L2 and L3: Higher managerial, administrative and professional occupations",168,136,32
E01032741,L10 and L11: Lower supervisory and technical occupations,70,52,18
E01032741,L12: Semi-routine occupations,117,89,28
E01032741,L13: Routine occupations,123,69,54
E01032741,L14.1 and L14.2: Never worked and long-term unemployed,141,48,93
E01032741,L15: Full-time students,76,42,34
E01032741,"L4, L5 and L6: Lower managerial, administrative and professional occupations",266,234,32
E01032741,L7: Intermediate occupations,122,156,-34
E01032741,L8 and L9: Small employers and own account workers,134,67,67
E01032742,"L1, L2 and L3: Higher managerial, administrative and professional occupations",214,132,82
E01032742,L10 and L11: Lower supervisory and technical occupations,50,51,-1
E01032742,L12: Semi-routine occupations,131,85,46
E01032742,L13: Routine occupations,121,67,54
E01032742,L14.1 and L14.2: Never worked and long-term unemployed,161,62,99
E01032742,L15: Full-time students,78,39,39
E01032742,"L4, L5 and L6: Lower managerial, administrative and professional occupations",346,238,108
E01032742,L7: Intermediate occupations,190,192,-2
E01032742,L8 and L9: Small employers and own account workers,167,82,85
E01032743,"L1, L2 and L3: Higher managerial, administrative and professional occupations",133,147,-14
E01032743,L10 and L11: Lower supervisory and technical occupations,69,85,-16
E01032743,L12: Semi-routine occupations,187,161,26
E01032743,L13: Routine occupations,184,126,58
E01032743,L14.1 and L14.2: Never worked and long-term unemployed,248,180,68
E01032743,L15: Full-time students,190,175,15
E01032743,"L4, L5 and L6: Lower managerial, administrative and professional occupations",281,289,-8
E01032743,L7: Intermediate occupations,160,166,-6
E01032743,L8 and L9: Small employers and own account workers,233,144,89
E01032744,"L1, L2 and L3: Higher managerial, administrative and professional occupations",81,65,16
E01032744,L10 and L11: Lower supervisory and technical occupations,63,67,-4
E01032744,L12: Semi-routine occupations,143,149,-6
E01032744,L13: Routine occupations,158,116,42
E01032744,L14.1 and L14.2: Never worked and long-term unemployed,259,131,128
E01032744,L15: Full-time students,111,117,-6
E01032744,"L4, L5 and L6: Lower managerial, administrative and professional occupations",184,167,17
E01032744,L7: Intermediate occupations,113,111,2
E01032744,L8 and L9: Small employers and own account workers,150,90,60
E01032764,"L1, L2 and L3: Higher managerial, administrative and professional occupations",585,196,389
E01032764,L10 and L11: Lower supervisory and technical occupations,70,48,22
E01032764,L12: Semi-routine occupations,140,99,41
E01032764,L13: Routine occupations,129,76,53
E01032764,L14.1 and L14.2: Never worked and long-term unemployed,205,80,125
E01032764,L15: Full-time students,165,101,64
E01032764,"L4, L5 and L6: Lower managerial, administrative and professional occupations",489,351,138
E01032764,L7: Intermediate occupations,129,107,22
E01032764,L8 and L9: Small employers and own account workers,140,54,86
E01032765,"L1, L2 and L3: Higher managerial, administrative and professional occupations",274,135,139
E01032765,L10 and L11: Lower supervisory and technical occupations,58,45,13
E01032765,L12: Semi-routine occupations,122,95,27
E01032765,L13: Routine occupations,120,75,45
E01032765,L14.1 and L14.2: Never worked and long-term unemployed,220,97,123
E01032765,L15: Full-time students,120,145,-25
E01032765,"L4, L5 and L6: Lower managerial, administrative and professional occupations",309,226,83
E01032765,L7: Intermediate occupations,163,123,40
E01032765,L8 and L9: Small employers and own account workers,101,53,48
E01032767,"L1, L2 and L3: Higher managerial, administrative and professional occupations",657,523,134
E01032767,L10 and L11: Lower supervisory and technical occupations,29,33,-4
E01032767,L12: Semi-routine occupations,52,45,7
E01032767,L13: Routine occupations,61,21,40
E01032767,L14.1 and L14.2: Never worked and long-term unemployed,75,51,24
E01032767,L15: Full-time students,210,187,23
E01032767,"L4, L5 and L6: Lower managerial, administrative and professional occupations",293,495,-202
E01032767,L7: Intermediate occupations,69,110,-41
E01032767,L8 and L9: Small employers and own account workers,59,44,15
E01032768,"L1, L2 and L3: Higher managerial, administrative and professional occupations",543,452,91
E01032768,L10 and L11: Lower supervisory and technical occupations,9,17,-8
E01032768,L12: Semi-routine occupations,51,29,22
E01032768,L13: Routine occupations,33,20,13
E01032768,L14.1 and L14.2: Never worked and long-term unemployed,48,40,8
E01032768,L15: Full-time students,50,79,-29
E01032768,"L4, L5 and L6: Lower managerial, administrative and professional occupations",327,395,-68
E01032768,L7: Intermediate occupations,56,101,-45
E01032768,L8 and L9: Small employers and own account workers,72,39,33
E01032769,"L1, L2 and L3: Higher managerial, administrative and professional occupations",382,295,87
E01032769,L10 and L11: Lower supervisory and technical occupations,44,34,10
E01032769,L12: Semi-routine occupations,71,53,18
E01032769,L13: Routine occupations,43,29,14
E01032769,L14.1 and L14.2: Never worked and long-term unemployed,96,87,9
E01032769,L15: Full-time students,72,68,4
E01032769,"L4, L5 and L6: Lower managerial, administrative and professional occupations",243,318,-75
E01032769,L7: Intermediate occupations,95,98,-3
E01032769,L8 and L9: Small employers and own account workers,86,60,26
E01032770,"L1, L2 and L3: Higher managerial, administrative and professional occupations",776,314,462
E01032770,L10 and L11: Lower supervisory and technical occupations,37,43,-6
E01032770,L12: Semi-routine occupations,98,58,40
E01032770,L13: Routine occupations,73,37,36
E01032770,L14.1 and L14.2: Never worked and long-term unemployed,123,98,25
E01032770,L15: Full-time students,165,77,88
E01032770,"L4, L5 and L6: Lower managerial, administrative and professional occupations",377,252,125
E01032770,L7: Intermediate occupations,144,82,62
E01032770,L8 and L9: Small employers and own account workers,99,43,56
E01032771,"L1, L2 and L3: Higher managerial, administrative and professional occupations",541,284,257
E01032771,L10 and L11: Lower supervisory and technical occupations,20,33,-13
E01032771,L12: Semi-routine occupations,66,47,19
E01032771,L13: Routine occupations,35,23,12
E01032771,L14.1 and L14.2: Never worked and long-term unemployed,114,88,26
E01032771,L15: Full-time students,167,110,57
E01032771,"L4, L5 and L6: Lower managerial, administrative and professional occupations",249,231,18
E01032771,L7: Intermediate occupations,95,74,21
E01032771,L8 and L9: Small employers and own account workers,78,24,54
E01032772,"L1, L2 and L3: Higher managerial, administrative and professional occupations",591,186,405
E01032772,L10 and L11: Lower supervisory and technical occupations,50,39,11
E01032772,L12: Semi-routine occupations,124,66,58
E01032772,L13: Routine occupations,94,41,53
E01032772,L14.1 and L14.2: Never worked and long-term unemployed,235,113,122
E01032772,L15: Full-time students,315,168,147
E01032772,"L4, L5 and L6: Lower managerial, administrative and professional occupations",329,207,122
E01032772,L7: Intermediate occupations,134,71,63
E01032772,L8 and L9: Small employers and own account workers,126,52,74
E01032774,"L1, L2 and L3: Higher managerial, administrative and professional occupations",384,212,172
E01032774,L10 and L11: Lower supervisory and technical occupations,51,64,-13
E01032774,L12: Semi-routine occupations,123,99,24
E01032774,L13: Routine occupations,91,45,46
E01032774,L14.1 and L14.2: Never worked and long-term unemployed,179,116,63
E01032774,L15: Full-time students,136,98,38
E01032774,"L4, L5 and L6: Lower managerial, administrative and professional occupations",276,200,76
E01032774,L7: Intermediate occupations,106,115,-9
E01032774,L8 and L9: Small employers and own account workers,103,50,53
E01032775,"L1, L2 and L3: Higher managerial, administrative and professional occupations",455,235,220
E01032775,L10 and L11: Lower supervisory and technical occupations,22,20,2
E01032775,L12: Semi-routine occupations,35,30,5
E01032775,L13: Routine occupations,35,19,16
E01032775,L14.1 and L14.2: Never worked and long-term unemployed,63,32,31
E01032775,L15: Full-time students,59,61,-2
E01032775,"L4, L5 and L6: Lower managerial, administrative and professional occupations",225,241,-16
E01032775,L7: Intermediate occupations,46,69,-23
E01032775,L8 and L9: Small employers and own account workers,71,49,22
E01032776,"L1, L2 and L3: Higher managerial, administrative and professional occupations",729,318,411
E01032776,L10 and L11: Lower supervisory and technical occupations,39,22,17
E01032776,L12: Semi-routine occupations,75,25,50
E01032776,L13: Routine occupations,65,19,46
E01032776,L14.1 and L14.2: Never worked and long-term unemployed,130,43,87
E01032776,L15: Full-time students,191,123,68
E01032776,"L4, L5 and L6: Lower managerial, administrative and professional occupations",375,301,74
E01032776,L7: Intermediate occupations,119,80,39
E01032776,L8 and L9: Small employers and own account workers,102,42,60
E01032777,"L1, L2 and L3: Higher managerial, administrative and professional occupations",305,197,108
E01032777,L10 and L11: Lower supervisory and technical occupations,39,33,6
E01032777,L12: Semi-routine occupations,93,65,28
E01032777,L13: Routine occupations,70,34,36
E01032777,L14.1 and L14.2: Never worked and long-term unemployed,105,76,29
E01032777,L15: Full-time students,77,112,-35
E01032777,"L4, L5 and L6: Lower managerial, administrative and professional occupations",235,273,-38
E01032777,L7: Intermediate occupations,84,110,-26
E01032777,L8 and L9: Small employers and own account workers,63,41,22
E01032779,"L1, L2 and L3: Higher managerial, administrative and professional occupations",494,266,228
E01032779,L10 and L11: Lower supervisory and technical occupations,21,17,4
E01032779,L12: Semi-routine occupations,50,39,11
E01032779,L13: Routine occupations,26,35,-9
E01032779,L14.1 and L14.2: Never worked and long-term unemployed,73,51,22
E01032779,L15: Full-time students,105,82,23
E01032779,"L4, L5 and L6: Lower managerial, administrative and professional occupations",230,298,-68
E01032779,L7: Intermediate occupations,84,65,19
E01032779,L8 and L9: Small employers and own account workers,71,39,32
E01032780,"L1, L2 and L3: Higher managerial, administrative and professional occupations",743,448,295
E01032780,L10 and L11: Lower supervisory and technical occupations,40,18,22
E01032780,L12: Semi-routine occupations,64,56,8
E01032780,L13: Routine occupations,61,20,41
E01032780,L14.1 and L14.2: Never worked and long-term unemployed,131,41,90
E01032780,L15: Full-time students,159,111,48
E01032780,"L4, L5 and L6: Lower managerial, administrative and professional occupations",386,395,-9
E01032780,L7: Intermediate occupations,110,75,35
E01032780,L8 and L9: Small employers and own account workers,101,45,56
E01032781,"L1, L2 and L3: Higher managerial, administrative and professional occupations",538,479,59
E01032781,L10 and L11: Lower supervisory and technical occupations,32,38,-6
E01032781,L12: Semi-routine occupations,73,59,14
E01032781,L13: Routine occupations,75,35,40
E01032781,L14.1 and L14.2: Never worked and long-term unemployed,143,71,72
E01032781,L15: Full-time students,131,110,21
E01032781,"L4, L5 and L6: Lower managerial, administrative and professional occupations",285,463,-178
E01032781,L7: Intermediate occupations,92,152,-60
E01032781,L8 and L9: Small employers and own account workers,80,67,13
E01032782,"L1, L2 and L3: Higher managerial, administrative and professional occupations",724,271,453
E01032782,L10 and L11: Lower supervisory and technical occupations,29,35,-6
E01032782,L12: Semi-routine occupations,105,87,18
E01032782,L13: Routine occupations,86,52,34
E01032782,L14.1 and L14.2: Never worked and long-term unemployed,165,132,33
E01032782,L15: Full-time students,266,211,55
E01032782,"L4, L5 and L6: Lower managerial, administrative and professional occupations",345,318,27
E01032782,L7: Intermediate occupations,105,107,-2
E01032782,L8 and L9: Small employers and own account workers,122,52,70
E01032783,"L1, L2 and L3: Higher managerial, administrative and professional occupations",272,361,-89
E01032783,L10 and L11: Lower supervisory and technical occupations,47,45,2
E01032783,L12: Semi-routine occupations,82,93,-11
E01032783,L13: Routine occupations,83,49,34
E01032783,L14.1 and L14.2: Never worked and long-term unemployed,132,114,18
E01032783,L15: Full-time students,137,135,2
E01032783,"L4, L5 and L6: Lower managerial, administrative and professional occupations",186,393,-207
E01032783,L7: Intermediate occupations,110,140,-30
E01032783,L8 and L9: Small employers and own account workers,80,82,-2
E01032784,"L1, L2 and L3: Higher managerial, administrative and professional occupations",382,253,129
E01032784,L10 and L11: Lower supervisory and technical occupations,45,68,-23
E01032784,L12: Semi-routine occupations,92,95,-3
E01032784,L13: Routine occupations,110,67,43
E01032784,L14.1 and L14.2: Never worked and long-term unemployed,123,110,13
E01032784,L15: Full-time students,168,220,-52
E01032784,"L4, L5 and L6: Lower managerial, administrative and professional occupations",363,416,-53
E01032784,L7: Intermediate occupations,117,160,-43
E01032784,L8 and L9: Small employers and own account workers,81,65,16
E01032785,"L1, L2 and L3: Higher managerial, administrative and professional occupations",594,249,345
E01032785,L10 and L11: Lower supervisory and technical occupations,62,38,24
E01032785,L12: Semi-routine occupations,122,68,54
E01032785,L13: Routine occupations,66,33,33
E01032785,L14.1 and L14.2: Never worked and long-term unemployed,152,82,70
E01032785,L15: Full-time students,162,78,84
E01032785,"L4, L5 and L6: Lower managerial, administrative and professional occupations",508,400,108
E01032785,L7: Intermediate occupations,115,109,6
E01032785,L8 and L9: Small employers and own account workers,141,51,90
E01032786,"L1, L2 and L3: Higher managerial, administrative and professional occupations",180,112,68
E01032786,L10 and L11: Lower supervisory and technical occupations,48,64,-16
E01032786,L12: Semi-routine occupations,116,127,-11
E01032786,L13: Routine occupations,117,101,16
E01032786,L14.1 and L14.2: Never worked and long-term unemployed,184,135,49
E01032786,L15: Full-time students,128,110,18
E01032786,"L4, L5 and L6: Lower managerial, administrative and professional occupations",223,276,-53
E01032786,L7: Intermediate occupations,100,113,-13
E01032786,L8 and L9: Small employers and own account workers,110,80,30
E01032787,"L1, L2 and L3: Higher managerial, administrative and professional occupations",222,95,127
E01032787,L10 and L11: Lower supervisory and technical occupations,97,117,-20
E01032787,L12: Semi-routine occupations,225,204,21
E01032787,L13: Routine occupations,198,148,50
E01032787,L14.1 and L14.2: Never worked and long-term unemployed,366,380,-14
E01032787,L15: Full-time students,247,311,-64
E01032787,"L4, L5 and L6: Lower managerial, administrative and professional occupations",279,308,-29
E01032787,L7: Intermediate occupations,161,170,-9
E01032787,L8 and L9: Small employers and own account workers,143,109,34
E01032788,"L1, L2 and L3: Higher managerial, administrative and professional occupations",355,144,211
E01032788,L10 and L11: Lower supervisory and technical occupations,39,37,2
E01032788,L12: Semi-routine occupations,89,85,4
E01032788,L13: Routine occupations,72,55,17
E01032788,L14.1 and L14.2: Never worked and long-term unemployed,104,74,30
E01032788,L15: Full-time students,84,68,16
E01032788,"L4, L5 and L6: Lower managerial, administrative and professional occupations",321,254,67
E01032788,L7: Intermediate occupations,101,96,5
E01032788,L8 and L9: Small employers and own account workers,155,63,92
E01032789,"L1, L2 and L3: Higher managerial, administrative and professional occupations",262,205,57
E01032789,L10 and L11: Lower supervisory and technical occupations,20,20,0
E01032789,L12: Semi-routine occupations,46,44,2
E01032789,L13: Routine occupations,41,21,20
E01032789,L14.1 and L14.2: Never worked and long-term unemployed,90,57,33
E01032789,L15: Full-time students,95,109,-14
E01032789,"L4, L5 and L6: Lower managerial, administrative and professional occupations",258,309,-51
E01032789,L7: Intermediate occupations,86,90,-4
E01032789,L8 and L9: Small employers and own account workers,86,73,13
E01032790,"L1, L2 and L3: Higher managerial, administrative and professional occupations",205,186,19
E01032790,L10 and L11: Lower supervisory and technical occupations,15,21,-6
E01032790,L12: Semi-routine occupations,49,43,6
E01032790,L13: Routine occupations,49,24,25
E01032790,L14.1 and L14.2: Never worked and long-term unemployed,81,81,0
E01032790,L15: Full-time students,127,108,19
E01032790,"L4, L5 and L6: Lower managerial, administrative and professional occupations",194,210,-16
E01032790,L7: Intermediate occupations,77,57,20
E01032790,L8 and L9: Small employers and own account workers,107,96,11
E01032803,"L1, L2 and L3: Higher managerial, administrative and professional occupations",595,480,115
E01032803,L10 and L11: Lower supervisory and technical occupations,23,21,2
E01032803,L12: Semi-routine occupations,52,33,19
E01032803,L13: Routine occupations,56,29,27
E01032803,L14.1 and L14.2: Never worked and long-term unemployed,55,26,29
E01032803,L15: Full-time students,105,122,-17
E01032803,"L4, L5 and L6: Lower managerial, administrative and professional occupations",303,356,-53
E01032803,L7: Intermediate occupations,84,92,-8
E01032803,L8 and L9: Small employers and own account workers,78,48,30
E01032834,"L1, L2 and L3: Higher managerial, administrative and professional occupations",517,470,47
E01032834,L10 and L11: Lower supervisory and technical occupations,16,15,1
E01032834,L12: Semi-routine occupations,20,25,-5
E01032834,L13: Routine occupations,7,10,-3
E01032834,L14.1 and L14.2: Never worked and long-term unemployed,26,10,16
E01032834,L15: Full-time students,49,39,10
E01032834,"L4, L5 and L6: Lower managerial, administrative and professional occupations",235,352,-117
E01032834,L7: Intermediate occupations,58,75,-17
E01032834,L8 and L9: Small employers and own account workers,56,68,-12
E01033000,"L1, L2 and L3: Higher managerial, administrative and professional occupations",66,55,11
E01033000,L10 and L11: Lower supervisory and technical occupations,80,95,-15
E01033000,L12: Semi-routine occupations,165,197,-32
E01033000,L13: Routine occupations,227,189,38
E01033000,L14.1 and L14.2: Never worked and long-term unemployed,169,133,36
E01033000,L15: Full-time students,122,111,11
E01033000,"L4, L5 and L6: Lower managerial, administrative and professional occupations",205,187,18
E01033000,L7: Intermediate occupations,125,163,-38
E01033000,L8 and L9: Small employers and own account workers,129,78,51
E01033030,"L1, L2 and L3: Higher managerial, administrative and professional occupations",326,311,15
E01033030,L10 and L11: Lower supervisory and technical occupations,47,57,-10
E01033030,L12: Semi-routine occupations,115,106,9
E01033030,L13: Routine occupations,119,72,47
E01033030,L14.1 and L14.2: Never worked and long-term unemployed,137,125,12
E01033030,L15: Full-time students,76,73,3
E01033030,"L4, L5 and L6: Lower managerial, administrative and professional occupations",299,328,-29
E01033030,L7: Intermediate occupations,147,175,-28
E01033030,L8 and L9: Small employers and own account workers,95,72,23
E01033081,"L1, L2 and L3: Higher managerial, administrative and professional occupations",302,216,86
E01033081,L10 and L11: Lower supervisory and technical occupations,42,34,8
E01033081,L12: Semi-routine occupations,102,66,36
E01033081,L13: Routine occupations,86,56,30
E01033081,L14.1 and L14.2: Never worked and long-term unemployed,128,67,61
E01033081,L15: Full-time students,68,65,3
E01033081,"L4, L5 and L6: Lower managerial, administrative and professional occupations",345,319,26
E01033081,L7: Intermediate occupations,122,107,15
E01033081,L8 and L9: Small employers and own account workers,122,90,32
E01033082,"L1, L2 and L3: Higher managerial, administrative and professional occupations",193,164,29
E01033082,L10 and L11: Lower supervisory and technical occupations,56,54,2
E01033082,L12: Semi-routine occupations,71,82,-11
E01033082,L13: Routine occupations,93,67,26
E01033082,L14.1 and L14.2: Never worked and long-term unemployed,92,64,28
E01033082,L15: Full-time students,43,41,2
E01033082,"L4, L5 and L6: Lower managerial, administrative and professional occupations",243,251,-8
E01033082,L7: Intermediate occupations,107,134,-27
E01033082,L8 and L9: Small employers and own account workers,155,97,58
E01033083,"L1, L2 and L3: Higher managerial, administrative and professional occupations",387,297,90
E01033083,L10 and L11: Lower supervisory and technical occupations,110,49,61
E01033083,L12: Semi-routine occupations,108,105,3
E01033083,L13: Routine occupations,162,46,116
E01033083,L14.1 and L14.2: Never worked and long-term unemployed,195,126,69
E01033083,L15: Full-time students,133,137,-4
E01033083,"L4, L5 and L6: Lower managerial, administrative and professional occupations",303,340,-37
E01033083,L7: Intermediate occupations,153,132,21
E01033083,L8 and L9: Small employers and own account workers,101,65,36
E01033084,"L1, L2 and L3: Higher managerial, administrative and professional occupations",154,134,20
E01033084,L10 and L11: Lower supervisory and technical occupations,86,96,-10
E01033084,L12: Semi-routine occupations,157,159,-2
E01033084,L13: Routine occupations,212,122,90
E01033084,L14.1 and L14.2: Never worked and long-term unemployed,201,121,80
E01033084,L15: Full-time students,161,207,-46
E01033084,"L4, L5 and L6: Lower managerial, administrative and professional occupations",219,256,-37
E01033084,L7: Intermediate occupations,126,124,2
E01033084,L8 and L9: Small employers and own account workers,163,107,56
E01033086,"L1, L2 and L3: Higher managerial, administrative and professional occupations",85,36,49
E01033086,L10 and L11: Lower supervisory and technical occupations,36,39,-3
E01033086,L12: Semi-routine occupations,109,106,3
E01033086,L13: Routine occupations,115,78,37
E01033086,L14.1 and L14.2: Never worked and long-term unemployed,170,159,11
E01033086,L15: Full-time students,98,91,7
E01033086,"L4, L5 and L6: Lower managerial, administrative and professional occupations",156,118,38
E01033086,L7: Intermediate occupations,92,90,2
E01033086,L8 and L9: Small employers and own account workers,98,69,29
E01033098,"L1, L2 and L3: Higher managerial, administrative and professional occupations",646,230,416
E01033098,L10 and L11: Lower supervisory and technical occupations,20,14,6
E01033098,L12: Semi-routine occupations,48,33,15
E01033098,L13: Routine occupations,22,11,11
E01033098,L14.1 and L14.2: Never worked and long-term unemployed,62,31,31
E01033098,L15: Full-time students,128,188,-60
E01033098,"L4, L5 and L6: Lower managerial, administrative and professional occupations",383,295,88
E01033098,L7: Intermediate occupations,67,64,3
E01033098,L8 and L9: Small employers and own account workers,140,60,80
E01033099,"L1, L2 and L3: Higher managerial, administrative and professional occupations",465,150,315
E01033099,L10 and L11: Lower supervisory and technical occupations,36,42,-6
E01033099,L12: Semi-routine occupations,104,86,18
E01033099,L13: Routine occupations,111,63,48
E01033099,L14.1 and L14.2: Never worked and long-term unemployed,90,48,42
E01033099,L15: Full-time students,96,86,10
E01033099,"L4, L5 and L6: Lower managerial, administrative and professional occupations",449,239,210
E01033099,L7: Intermediate occupations,135,87,48
E01033099,L8 and L9: Small employers and own account workers,136,62,74
E01033100,"L1, L2 and L3: Higher managerial, administrative and professional occupations",406,101,305
E01033100,L10 and L11: Lower supervisory and technical occupations,91,79,12
E01033100,L12: Semi-routine occupations,154,130,24
E01033100,L13: Routine occupations,120,109,11
E01033100,L14.1 and L14.2: Never worked and long-term unemployed,134,70,64
E01033100,L15: Full-time students,121,82,39
E01033100,"L4, L5 and L6: Lower managerial, administrative and professional occupations",363,281,82
E01033100,L7: Intermediate occupations,133,112,21
E01033100,L8 and L9: Small employers and own account workers,150,86,64
E01033132,"L1, L2 and L3: Higher managerial, administrative and professional occupations",628,172,456
E01033132,L10 and L11: Lower supervisory and technical occupations,55,41,14
E01033132,L12: Semi-routine occupations,93,54,39
E01033132,L13: Routine occupations,81,48,33
E01033132,L14.1 and L14.2: Never worked and long-term unemployed,91,50,41
E01033132,L15: Full-time students,140,143,-3
E01033132,"L4, L5 and L6: Lower managerial, administrative and professional occupations",442,271,171
E01033132,L7: Intermediate occupations,86,75,11
E01033132,L8 and L9: Small employers and own account workers,180,50,130
E01033133,"L1, L2 and L3: Higher managerial, administrative and professional occupations",398,295,103
E01033133,L10 and L11: Lower supervisory and technical occupations,25,43,-18
E01033133,L12: Semi-routine occupations,48,39,9
E01033133,L13: Routine occupations,32,32,0
E01033133,L14.1 and L14.2: Never worked and long-term unemployed,58,32,26
E01033133,L15: Full-time students,44,66,-22
E01033133,"L4, L5 and L6: Lower managerial, administrative and professional occupations",271,369,-98
E01033133,L7: Intermediate occupations,82,93,-11
E01033133,L8 and L9: Small employers and own account workers,101,74,27
E01033135,"L1, L2 and L3: Higher managerial, administrative and professional occupations",398,303,95
E01033135,L10 and L11: Lower supervisory and technical occupations,17,15,2
E01033135,L12: Semi-routine occupations,35,23,12
E01033135,L13: Routine occupations,18,11,7
E01033135,L14.1 and L14.2: Never worked and long-term unemployed,26,13,13
E01033135,L15: Full-time students,35,39,-4
E01033135,"L4, L5 and L6: Lower managerial, administrative and professional occupations",309,347,-38
E01033135,L7: Intermediate occupations,70,74,-4
E01033135,L8 and L9: Small employers and own account workers,58,49,9
E01033146,"L1, L2 and L3: Higher managerial, administrative and professional occupations",66,37,29
E01033146,L10 and L11: Lower supervisory and technical occupations,61,81,-20
E01033146,L12: Semi-routine occupations,151,172,-21
E01033146,L13: Routine occupations,146,116,30
E01033146,L14.1 and L14.2: Never worked and long-term unemployed,210,202,8
E01033146,L15: Full-time students,127,150,-23
E01033146,"L4, L5 and L6: Lower managerial, administrative and professional occupations",159,134,25
E01033146,L7: Intermediate occupations,101,111,-10
E01033146,L8 and L9: Small employers and own account workers,116,80,36
E01033148,"L1, L2 and L3: Higher managerial, administrative and professional occupations",156,115,41
E01033148,L10 and L11: Lower supervisory and technical occupations,50,67,-17
E01033148,L12: Semi-routine occupations,171,151,20
E01033148,L13: Routine occupations,231,115,116
E01033148,L14.1 and L14.2: Never worked and long-term unemployed,255,205,50
E01033148,L15: Full-time students,216,177,39
E01033148,"L4, L5 and L6: Lower managerial, administrative and professional occupations",260,210,50
E01033148,L7: Intermediate occupations,114,135,-21
E01033148,L8 and L9: Small employers and own account workers,221,120,101
E01033150,"L1, L2 and L3: Higher managerial, administrative and professional occupations",101,115,-14
E01033150,L10 and L11: Lower supervisory and technical occupations,40,63,-23
E01033150,L12: Semi-routine occupations,143,145,-2
E01033150,L13: Routine occupations,149,97,52
E01033150,L14.1 and L14.2: Never worked and long-term unemployed,188,145,43
E01033150,L15: Full-time students,92,107,-15
E01033150,"L4, L5 and L6: Lower managerial, administrative and professional occupations",225,252,-27
E01033150,L7: Intermediate occupations,118,130,-12
E01033150,L8 and L9: Small employers and own account workers,103,91,12
E01033151,"L1, L2 and L3: Higher managerial, administrative and professional occupations",50,32,18
E01033151,L10 and L11: Lower supervisory and technical occupations,56,57,-1
E01033151,L12: Semi-routine occupations,150,157,-7
E01033151,L13: Routine occupations,142,116,26
E01033151,L14.1 and L14.2: Never worked and long-term unemployed,203,203,0
E01033151,L15: Full-time students,167,158,9
E01033151,"L4, L5 and L6: Lower managerial, administrative and professional occupations",122,114,8
E01033151,L7: Intermediate occupations,87,82,5
E01033151,L8 and L9: Small employers and own account workers,84,78,6
E01033208,"L1, L2 and L3: Higher managerial, administrative and professional occupations",521,413,108
E01033208,L10 and L11: Lower supervisory and technical occupations,31,29,2
E01033208,L12: Semi-routine occupations,72,71,1
E01033208,L13: Routine occupations,55,48,7
E01033208,L14.1 and L14.2: Never worked and long-term unemployed,77,75,2
E01033208,L15: Full-time students,203,233,-30
E01033208,"L4, L5 and L6: Lower managerial, administrative and professional occupations",346,416,-70
E01033208,L7: Intermediate occupations,88,137,-49
E01033208,L8 and L9: Small employers and own account workers,132,71,61
E01033320,"L1, L2 and L3: Higher managerial, administrative and professional occupations",255,141,114
E01033320,L10 and L11: Lower supervisory and technical occupations,52,42,10
E01033320,L12: Semi-routine occupations,105,126,-21
E01033320,L13: Routine occupations,92,82,10
E01033320,L14.1 and L14.2: Never worked and long-term unemployed,106,123,-17
E01033320,L15: Full-time students,111,105,6
E01033320,"L4, L5 and L6: Lower managerial, administrative and professional occupations",311,343,-32
E01033320,L7: Intermediate occupations,129,139,-10
E01033320,L8 and L9: Small employers and own account workers,124,66,58
E01033322,"L1, L2 and L3: Higher managerial, administrative and professional occupations",266,210,56
E01033322,L10 and L11: Lower supervisory and technical occupations,40,46,-6
E01033322,L12: Semi-routine occupations,79,72,7
E01033322,L13: Routine occupations,66,51,15
E01033322,L14.1 and L14.2: Never worked and long-term unemployed,76,69,7
E01033322,L15: Full-time students,37,62,-25
E01033322,"L4, L5 and L6: Lower managerial, administrative and professional occupations",277,345,-68
E01033322,L7: Intermediate occupations,89,133,-44
E01033322,L8 and L9: Small employers and own account workers,88,62,26
E01033324,"L1, L2 and L3: Higher managerial, administrative and professional occupations",225,146,79
E01033324,L10 and L11: Lower supervisory and technical occupations,45,55,-10
E01033324,L12: Semi-routine occupations,117,166,-49
E01033324,L13: Routine occupations,100,89,11
E01033324,L14.1 and L14.2: Never worked and long-term unemployed,147,97,50
E01033324,L15: Full-time students,97,173,-76
E01033324,"L4, L5 and L6: Lower managerial, administrative and professional occupations",297,296,1
E01033324,L7: Intermediate occupations,124,133,-9
E01033324,L8 and L9: Small employers and own account workers,120,87,33
E01033325,"L1, L2 and L3: Higher managerial, administrative and professional occupations",378,382,-4
E01033325,L10 and L11: Lower supervisory and technical occupations,36,32,4
E01033325,L12: Semi-routine occupations,67,42,25
E01033325,L13: Routine occupations,65,22,43
E01033325,L14.1 and L14.2: Never worked and long-term unemployed,55,31,24
E01033325,L15: Full-time students,93,72,21
E01033325,"L4, L5 and L6: Lower managerial, administrative and professional occupations",367,403,-36
E01033325,L7: Intermediate occupations,89,113,-24
E01033325,L8 and L9: Small employers and own account workers,74,37,37
E01033327,"L1, L2 and L3: Higher managerial, administrative and professional occupations",410,153,257
E01033327,L10 and L11: Lower supervisory and technical occupations,70,74,-4
E01033327,L12: Semi-routine occupations,105,105,0
E01033327,L13: Routine occupations,169,75,94
E01033327,L14.1 and L14.2: Never worked and long-term unemployed,194,95,99
E01033327,L15: Full-time students,122,144,-22
E01033327,"L4, L5 and L6: Lower managerial, administrative and professional occupations",469,339,130
E01033327,L7: Intermediate occupations,193,151,42
E01033327,L8 and L9: Small employers and own account workers,156,104,52
E01033341,"L1, L2 and L3: Higher managerial, administrative and professional occupations",127,82,45
E01033341,L10 and L11: Lower supervisory and technical occupations,60,53,7
E01033341,L12: Semi-routine occupations,111,124,-13
E01033341,L13: Routine occupations,121,81,40
E01033341,L14.1 and L14.2: Never worked and long-term unemployed,127,102,25
E01033341,L15: Full-time students,89,111,-22
E01033341,"L4, L5 and L6: Lower managerial, administrative and professional occupations",240,244,-4
E01033341,L7: Intermediate occupations,104,102,2
E01033341,L8 and L9: Small employers and own account workers,84,65,19
E01033455,"L1, L2 and L3: Higher managerial, administrative and professional occupations",45,40,5
E01033455,L10 and L11: Lower supervisory and technical occupations,67,69,-2
E01033455,L12: Semi-routine occupations,95,130,-35
E01033455,L13: Routine occupations,155,125,30
E01033455,L14.1 and L14.2: Never worked and long-term unemployed,145,139,6
E01033455,L15: Full-time students,89,79,10
E01033455,"L4, L5 and L6: Lower managerial, administrative and professional occupations",106,124,-18
E01033455,L7: Intermediate occupations,67,76,-9
E01033455,L8 and L9: Small employers and own account workers,135,120,15
E01033456,"L1, L2 and L3: Higher managerial, administrative and professional occupations",124,53,71
E01033456,L10 and L11: Lower supervisory and technical occupations,67,101,-34
E01033456,L12: Semi-routine occupations,250,221,29
E01033456,L13: Routine occupations,258,190,68
E01033456,L14.1 and L14.2: Never worked and long-term unemployed,361,269,92
E01033456,L15: Full-time students,357,250,107
E01033456,"L4, L5 and L6: Lower managerial, administrative and professional occupations",265,180,85
E01033456,L7: Intermediate occupations,177,130,47
E01033456,L8 and L9: Small employers and own account workers,168,97,71
E01033457,"L1, L2 and L3: Higher managerial, administrative and professional occupations",146,183,-37
E01033457,L10 and L11: Lower supervisory and technical occupations,100,73,27
E01033457,L12: Semi-routine occupations,127,136,-9
E01033457,L13: Routine occupations,278,119,159
E01033457,L14.1 and L14.2: Never worked and long-term unemployed,186,95,91
E01033457,L15: Full-time students,123,157,-34
E01033457,"L4, L5 and L6: Lower managerial, administrative and professional occupations",254,260,-6
E01033457,L7: Intermediate occupations,158,128,30
E01033457,L8 and L9: Small employers and own account workers,232,176,56
E01033463,"L1, L2 and L3: Higher managerial, administrative and professional occupations",320,256,64
E01033463,L10 and L11: Lower supervisory and technical occupations,71,97,-26
E01033463,L12: Semi-routine occupations,216,228,-12
E01033463,L13: Routine occupations,241,151,90
E01033463,L14.1 and L14.2: Never worked and long-term unemployed,286,183,103
E01033463,L15: Full-time students,228,309,-81
E01033463,"L4, L5 and L6: Lower managerial, administrative and professional occupations",475,353,122
E01033463,L7: Intermediate occupations,285,278,7
E01033463,L8 and L9: Small employers and own account workers,531,313,218
E01033485,"L1, L2 and L3: Higher managerial, administrative and professional occupations",120,85,35
E01033485,L10 and L11: Lower supervisory and technical occupations,54,87,-33
E01033485,L12: Semi-routine occupations,173,173,0
E01033485,L13: Routine occupations,206,196,10
E01033485,L14.1 and L14.2: Never worked and long-term unemployed,185,216,-31
E01033485,L15: Full-time students,146,207,-61
E01033485,"L4, L5 and L6: Lower managerial, administrative and professional occupations",198,236,-38
E01033485,L7: Intermediate occupations,102,131,-29
E01033485,L8 and L9: Small employers and own account workers,175,150,25
E01033486,"L1, L2 and L3: Higher managerial, administrative and professional occupations",158,129,29
E01033486,L10 and L11: Lower supervisory and technical occupations,36,39,-3
E01033486,L12: Semi-routine occupations,89,101,-12
E01033486,L13: Routine occupations,64,56,8
E01033486,L14.1 and L14.2: Never worked and long-term unemployed,92,95,-3
E01033486,L15: Full-time students,135,112,23
E01033486,"L4, L5 and L6: Lower managerial, administrative and professional occupations",167,173,-6
E01033486,L7: Intermediate occupations,64,77,-13
E01033486,L8 and L9: Small employers and own account workers,76,48,28
E01033487,"L1, L2 and L3: Higher managerial, administrative and professional occupations",417,305,112
E01033487,L10 and L11: Lower supervisory and technical occupations,11,23,-12
E01033487,L12: Semi-routine occupations,43,37,6
E01033487,L13: Routine occupations,31,21,10
E01033487,L14.1 and L14.2: Never worked and long-term unemployed,32,30,2
E01033487,L15: Full-time students,93,145,-52
E01033487,"L4, L5 and L6: Lower managerial, administrative and professional occupations",332,381,-49
E01033487,L7: Intermediate occupations,59,78,-19
E01033487,L8 and L9: Small employers and own account workers,41,35,6
E01033488,"L1, L2 and L3: Higher managerial, administrative and professional occupations",260,132,128
E01033488,L10 and L11: Lower supervisory and technical occupations,48,41,7
E01033488,L12: Semi-routine occupations,83,93,-10
E01033488,L13: Routine occupations,93,71,22
E01033488,L14.1 and L14.2: Never worked and long-term unemployed,120,97,23
E01033488,L15: Full-time students,375,143,232
E01033488,"L4, L5 and L6: Lower managerial, administrative and professional occupations",306,270,36
E01033488,L7: Intermediate occupations,107,83,24
E01033488,L8 and L9: Small employers and own account workers,63,42,21
E01033489,"L1, L2 and L3: Higher managerial, administrative and professional occupations",524,429,95
E01033489,L10 and L11: Lower supervisory and technical occupations,16,9,7
E01033489,L12: Semi-routine occupations,41,29,12
E01033489,L13: Routine occupations,29,19,10
E01033489,L14.1 and L14.2: Never worked and long-term unemployed,41,32,9
E01033489,L15: Full-time students,350,739,-389
E01033489,"L4, L5 and L6: Lower managerial, administrative and professional occupations",235,362,-127
E01033489,L7: Intermediate occupations,48,44,4
E01033489,L8 and L9: Small employers and own account workers,76,84,-8
E01033490,"L1, L2 and L3: Higher managerial, administrative and professional occupations",316,250,66
E01033490,L10 and L11: Lower supervisory and technical occupations,23,24,-1
E01033490,L12: Semi-routine occupations,49,68,-19
E01033490,L13: Routine occupations,47,38,9
E01033490,L14.1 and L14.2: Never worked and long-term unemployed,106,80,26
E01033490,L15: Full-time students,364,589,-225
E01033490,"L4, L5 and L6: Lower managerial, administrative and professional occupations",216,262,-46
E01033490,L7: Intermediate occupations,55,86,-31
E01033490,L8 and L9: Small employers and own account workers,82,66,16
E01033491,"L1, L2 and L3: Higher managerial, administrative and professional occupations",432,265,167
E01033491,L10 and L11: Lower supervisory and technical occupations,72,63,9
E01033491,L12: Semi-routine occupations,106,139,-33
E01033491,L13: Routine occupations,128,108,20
E01033491,L14.1 and L14.2: Never worked and long-term unemployed,137,102,35
E01033491,L15: Full-time students,138,161,-23
E01033491,"L4, L5 and L6: Lower managerial, administrative and professional occupations",446,398,48
E01033491,L7: Intermediate occupations,106,124,-18
E01033491,L8 and L9: Small employers and own account workers,138,89,49
E01033493,"L1, L2 and L3: Higher managerial, administrative and professional occupations",569,457,112
E01033493,L10 and L11: Lower supervisory and technical occupations,7,18,-11
E01033493,L12: Semi-routine occupations,20,27,-7
E01033493,L13: Routine occupations,23,11,12
E01033493,L14.1 and L14.2: Never worked and long-term unemployed,26,18,8
E01033493,L15: Full-time students,42,95,-53
E01033493,"L4, L5 and L6: Lower managerial, administrative and professional occupations",378,451,-73
E01033493,L7: Intermediate occupations,74,99,-25
E01033493,L8 and L9: Small employers and own account workers,58,53,5
E01033494,"L1, L2 and L3: Higher managerial, administrative and professional occupations",415,325,90
E01033494,L10 and L11: Lower supervisory and technical occupations,38,44,-6
E01033494,L12: Semi-routine occupations,41,67,-26
E01033494,L13: Routine occupations,42,63,-21
E01033494,L14.1 and L14.2: Never worked and long-term unemployed,84,50,34
E01033494,L15: Full-time students,84,98,-14
E01033494,"L4, L5 and L6: Lower managerial, administrative and professional occupations",351,413,-62
E01033494,L7: Intermediate occupations,84,97,-13
E01033494,L8 and L9: Small employers and own account workers,136,79,57
E01033569,"L1, L2 and L3: Higher managerial, administrative and professional occupations",396,252,144
E01033569,L10 and L11: Lower supervisory and technical occupations,45,34,11
E01033569,L12: Semi-routine occupations,87,72,15
E01033569,L13: Routine occupations,66,41,25
E01033569,L14.1 and L14.2: Never worked and long-term unemployed,108,46,62
E01033569,L15: Full-time students,157,286,-129
E01033569,"L4, L5 and L6: Lower managerial, administrative and professional occupations",351,384,-33
E01033569,L7: Intermediate occupations,119,123,-4
E01033569,L8 and L9: Small employers and own account workers,140,97,43
E01033570,"L1, L2 and L3: Higher managerial, administrative and professional occupations",521,336,185
E01033570,L10 and L11: Lower supervisory and technical occupations,28,26,2
E01033570,L12: Semi-routine occupations,60,62,-2
E01033570,L13: Routine occupations,41,39,2
E01033570,L14.1 and L14.2: Never worked and long-term unemployed,111,56,55
E01033570,L15: Full-time students,105,77,28
E01033570,"L4, L5 and L6: Lower managerial, administrative and professional occupations",377,408,-31
E01033570,L7: Intermediate occupations,110,95,15
E01033570,L8 and L9: Small employers and own account workers,142,83,59
E01033571,"L1, L2 and L3: Higher managerial, administrative and professional occupations",332,230,102
E01033571,L10 and L11: Lower supervisory and technical occupations,44,27,17
E01033571,L12: Semi-routine occupations,76,68,8
E01033571,L13: Routine occupations,56,57,-1
E01033571,L14.1 and L14.2: Never worked and long-term unemployed,86,44,42
E01033571,L15: Full-time students,85,90,-5
E01033571,"L4, L5 and L6: Lower managerial, administrative and professional occupations",300,326,-26
E01033571,L7: Intermediate occupations,111,126,-15
E01033571,L8 and L9: Small employers and own account workers,139,105,34
E01033579,"L1, L2 and L3: Higher managerial, administrative and professional occupations",499,215,284
E01033579,L10 and L11: Lower supervisory and technical occupations,69,64,5
E01033579,L12: Semi-routine occupations,87,51,36
E01033579,L13: Routine occupations,105,51,54
E01033579,L14.1 and L14.2: Never worked and long-term unemployed,96,58,38
E01033579,L15: Full-time students,165,237,-72
E01033579,"L4, L5 and L6: Lower managerial, administrative and professional occupations",422,279,143
E01033579,L7: Intermediate occupations,135,128,7
E01033579,L8 and L9: Small employers and own account workers,122,57,65
E01033580,"L1, L2 and L3: Higher managerial, administrative and professional occupations",338,310,28
E01033580,L10 and L11: Lower supervisory and technical occupations,51,65,-14
E01033580,L12: Semi-routine occupations,70,88,-18
E01033580,L13: Routine occupations,65,70,-5
E01033580,L14.1 and L14.2: Never worked and long-term unemployed,48,52,-4
E01033580,L15: Full-time students,78,105,-27
E01033580,"L4, L5 and L6: Lower managerial, administrative and professional occupations",292,415,-123
E01033580,L7: Intermediate occupations,91,150,-59
E01033580,L8 and L9: Small employers and own account workers,152,91,61
E01033581,"L1, L2 and L3: Higher managerial, administrative and professional occupations",138,106,32
E01033581,L10 and L11: Lower supervisory and technical occupations,72,75,-3
E01033581,L12: Semi-routine occupations,189,185,4
E01033581,L13: Routine occupations,165,140,25
E01033581,L14.1 and L14.2: Never worked and long-term unemployed,164,158,6
E01033581,L15: Full-time students,155,177,-22
E01033581,"L4, L5 and L6: Lower managerial, administrative and professional occupations",227,218,9
E01033581,L7: Intermediate occupations,137,134,3
E01033581,L8 and L9: Small employers and own account workers,227,129,98
E01033582,"L1, L2 and L3: Higher managerial, administrative and professional occupations",231,225,6
E01033582,L10 and L11: Lower supervisory and technical occupations,52,36,16
E01033582,L12: Semi-routine occupations,94,60,34
E01033582,L13: Routine occupations,111,41,70
E01033582,L14.1 and L14.2: Never worked and long-term unemployed,76,57,19
E01033582,L15: Full-time students,110,129,-19
E01033582,"L4, L5 and L6: Lower managerial, administrative and professional occupations",242,335,-93
E01033582,L7: Intermediate occupations,98,117,-19
E01033582,L8 and L9: Small employers and own account workers,190,161,29
E01033584,"L1, L2 and L3: Higher managerial, administrative and professional occupations",87,58,29
E01033584,L10 and L11: Lower supervisory and technical occupations,77,61,16
E01033584,L12: Semi-routine occupations,157,139,18
E01033584,L13: Routine occupations,171,142,29
E01033584,L14.1 and L14.2: Never worked and long-term unemployed,219,160,59
E01033584,L15: Full-time students,187,180,7
E01033584,"L4, L5 and L6: Lower managerial, administrative and professional occupations",165,154,11
E01033584,L7: Intermediate occupations,114,102,12
E01033584,L8 and L9: Small employers and own account workers,151,113,38
E01033586,"L1, L2 and L3: Higher managerial, administrative and professional occupations",325,107,218
E01033586,L10 and L11: Lower supervisory and technical occupations,85,64,21
E01033586,L12: Semi-routine occupations,168,127,41
E01033586,L13: Routine occupations,149,98,51
E01033586,L14.1 and L14.2: Never worked and long-term unemployed,188,115,73
E01033586,L15: Full-time students,199,156,43
E01033586,"L4, L5 and L6: Lower managerial, administrative and professional occupations",364,214,150
E01033586,L7: Intermediate occupations,156,125,31
E01033586,L8 and L9: Small employers and own account workers,155,97,58
E01033587,"L1, L2 and L3: Higher managerial, administrative and professional occupations",246,95,151
E01033587,L10 and L11: Lower supervisory and technical occupations,80,67,13
E01033587,L12: Semi-routine occupations,175,142,33
E01033587,L13: Routine occupations,167,142,25
E01033587,L14.1 and L14.2: Never worked and long-term unemployed,181,155,26
E01033587,L15: Full-time students,201,105,96
E01033587,"L4, L5 and L6: Lower managerial, administrative and professional occupations",357,196,161
E01033587,L7: Intermediate occupations,175,123,52
E01033587,L8 and L9: Small employers and own account workers,201,115,86
E01033589,"L1, L2 and L3: Higher managerial, administrative and professional occupations",279,261,18
E01033589,L10 and L11: Lower supervisory and technical occupations,48,26,22
E01033589,L12: Semi-routine occupations,98,49,49
E01033589,L13: Routine occupations,92,27,65
E01033589,L14.1 and L14.2: Never worked and long-term unemployed,254,134,120
E01033589,L15: Full-time students,117,141,-24
E01033589,"L4, L5 and L6: Lower managerial, administrative and professional occupations",205,244,-39
E01033589,L7: Intermediate occupations,99,93,6
E01033589,L8 and L9: Small employers and own account workers,130,81,49
E01033590,"L1, L2 and L3: Higher managerial, administrative and professional occupations",85,92,-7
E01033590,L10 and L11: Lower supervisory and technical occupations,37,46,-9
E01033590,L12: Semi-routine occupations,86,75,11
E01033590,L13: Routine occupations,90,50,40
E01033590,L14.1 and L14.2: Never worked and long-term unemployed,112,107,5
E01033590,L15: Full-time students,111,91,20
E01033590,"L4, L5 and L6: Lower managerial, administrative and professional occupations",157,180,-23
E01033590,L7: Intermediate occupations,75,102,-27
E01033590,L8 and L9: Small employers and own account workers,96,54,42
E01033591,"L1, L2 and L3: Higher managerial, administrative and professional occupations",222,120,102
E01033591,L10 and L11: Lower supervisory and technical occupations,97,67,30
E01033591,L12: Semi-routine occupations,216,168,48
E01033591,L13: Routine occupations,212,97,115
E01033591,L14.1 and L14.2: Never worked and long-term unemployed,366,299,67
E01033591,L15: Full-time students,281,275,6
E01033591,"L4, L5 and L6: Lower managerial, administrative and professional occupations",311,206,105
E01033591,L7: Intermediate occupations,183,181,2
E01033591,L8 and L9: Small employers and own account workers,317,160,157
E01033592,"L1, L2 and L3: Higher managerial, administrative and professional occupations",174,108,66
E01033592,L10 and L11: Lower supervisory and technical occupations,53,85,-32
E01033592,L12: Semi-routine occupations,158,163,-5
E01033592,L13: Routine occupations,117,91,26
E01033592,L14.1 and L14.2: Never worked and long-term unemployed,158,122,36
E01033592,L15: Full-time students,178,169,9
E01033592,"L4, L5 and L6: Lower managerial, administrative and professional occupations",325,329,-4
E01033592,L7: Intermediate occupations,174,189,-15
E01033592,L8 and L9: Small employers and own account workers,178,126,52
E01033593,"L1, L2 and L3: Higher managerial, administrative and professional occupations",443,165,278
E01033593,L10 and L11: Lower supervisory and technical occupations,27,20,7
E01033593,L12: Semi-routine occupations,63,51,12
E01033593,L13: Routine occupations,42,34,8
E01033593,L14.1 and L14.2: Never worked and long-term unemployed,176,147,29
E01033593,L15: Full-time students,281,185,96
E01033593,"L4, L5 and L6: Lower managerial, administrative and professional occupations",271,212,59
E01033593,L7: Intermediate occupations,73,47,26
E01033593,L8 and L9: Small employers and own account workers,112,49,63
E01033594,"L1, L2 and L3: Higher managerial, administrative and professional occupations",328,201,127
E01033594,L10 and L11: Lower supervisory and technical occupations,32,37,-5
E01033594,L12: Semi-routine occupations,70,65,5
E01033594,L13: Routine occupations,61,78,-17
E01033594,L14.1 and L14.2: Never worked and long-term unemployed,120,126,-6
E01033594,L15: Full-time students,340,197,143
E01033594,"L4, L5 and L6: Lower managerial, administrative and professional occupations",227,276,-49
E01033594,L7: Intermediate occupations,78,94,-16
E01033594,L8 and L9: Small employers and own account workers,129,102,27
E01033597,"L1, L2 and L3: Higher managerial, administrative and professional occupations",199,129,70
E01033597,L10 and L11: Lower supervisory and technical occupations,21,24,-3
E01033597,L12: Semi-routine occupations,81,48,33
E01033597,L13: Routine occupations,53,26,27
E01033597,L14.1 and L14.2: Never worked and long-term unemployed,115,42,73
E01033597,L15: Full-time students,62,67,-5
E01033597,"L4, L5 and L6: Lower managerial, administrative and professional occupations",165,163,2
E01033597,L7: Intermediate occupations,71,51,20
E01033597,L8 and L9: Small employers and own account workers,108,51,57
E01033598,"L1, L2 and L3: Higher managerial, administrative and professional occupations",113,68,45
E01033598,L10 and L11: Lower supervisory and technical occupations,57,36,21
E01033598,L12: Semi-routine occupations,136,113,23
E01033598,L13: Routine occupations,106,95,11
E01033598,L14.1 and L14.2: Never worked and long-term unemployed,286,222,64
E01033598,L15: Full-time students,207,118,89
E01033598,"L4, L5 and L6: Lower managerial, administrative and professional occupations",127,133,-6
E01033598,L7: Intermediate occupations,67,66,1
E01033598,L8 and L9: Small employers and own account workers,57,36,21
E01033599,"L1, L2 and L3: Higher managerial, administrative and professional occupations",142,124,18
E01033599,L10 and L11: Lower supervisory and technical occupations,46,48,-2
E01033599,L12: Semi-routine occupations,100,121,-21
E01033599,L13: Routine occupations,103,118,-15
E01033599,L14.1 and L14.2: Never worked and long-term unemployed,166,144,22
E01033599,L15: Full-time students,176,144,32
E01033599,"L4, L5 and L6: Lower managerial, administrative and professional occupations",143,206,-63
E01033599,L7: Intermediate occupations,94,97,-3
E01033599,L8 and L9: Small employers and own account workers,93,60,33
E01033601,"L1, L2 and L3: Higher managerial, administrative and professional occupations",104,60,44
E01033601,L10 and L11: Lower supervisory and technical occupations,86,77,9
E01033601,L12: Semi-routine occupations,217,140,77
E01033601,L13: Routine occupations,159,115,44
E01033601,L14.1 and L14.2: Never worked and long-term unemployed,310,189,121
E01033601,L15: Full-time students,201,136,65
E01033601,"L4, L5 and L6: Lower managerial, administrative and professional occupations",241,208,33
E01033601,L7: Intermediate occupations,167,97,70
E01033601,L8 and L9: Small employers and own account workers,106,73,33
E01033602,"L1, L2 and L3: Higher managerial, administrative and professional occupations",81,70,11
E01033602,L10 and L11: Lower supervisory and technical occupations,57,54,3
E01033602,L12: Semi-routine occupations,131,160,-29
E01033602,L13: Routine occupations,142,113,29
E01033602,L14.1 and L14.2: Never worked and long-term unemployed,297,267,30
E01033602,L15: Full-time students,198,174,24
E01033602,"L4, L5 and L6: Lower managerial, administrative and professional occupations",146,149,-3
E01033602,L7: Intermediate occupations,96,75,21
E01033602,L8 and L9: Small employers and own account workers,81,54,27
E01033603,"L1, L2 and L3: Higher managerial, administrative and professional occupations",261,181,80
E01033603,L10 and L11: Lower supervisory and technical occupations,31,45,-14
E01033603,L12: Semi-routine occupations,74,108,-34
E01033603,L13: Routine occupations,77,69,8
E01033603,L14.1 and L14.2: Never worked and long-term unemployed,154,165,-11
E01033603,L15: Full-time students,180,159,21
E01033603,"L4, L5 and L6: Lower managerial, administrative and professional occupations",164,222,-58
E01033603,L7: Intermediate occupations,80,91,-11
E01033603,L8 and L9: Small employers and own account workers,93,68,25
E01033604,"L1, L2 and L3: Higher managerial, administrative and professional occupations",126,79,47
E01033604,L10 and L11: Lower supervisory and technical occupations,56,87,-31
E01033604,L12: Semi-routine occupations,101,110,-9
E01033604,L13: Routine occupations,134,100,34
E01033604,L14.1 and L14.2: Never worked and long-term unemployed,205,161,44
E01033604,L15: Full-time students,133,162,-29
E01033604,"L4, L5 and L6: Lower managerial, administrative and professional occupations",135,155,-20
E01033604,L7: Intermediate occupations,56,84,-28
E01033604,L8 and L9: Small employers and own account workers,82,72,10
E01033605,"L1, L2 and L3: Higher managerial, administrative and professional occupations",136,105,31
E01033605,L10 and L11: Lower supervisory and technical occupations,44,89,-45
E01033605,L12: Semi-routine occupations,156,165,-9
E01033605,L13: Routine occupations,129,164,-35
E01033605,L14.1 and L14.2: Never worked and long-term unemployed,331,312,19
E01033605,L15: Full-time students,194,169,25
E01033605,"L4, L5 and L6: Lower managerial, administrative and professional occupations",189,231,-42
E01033605,L7: Intermediate occupations,94,115,-21
E01033605,L8 and L9: Small employers and own account workers,96,102,-6
E01033699,"L1, L2 and L3: Higher managerial, administrative and professional occupations",346,136,210
E01033699,L10 and L11: Lower supervisory and technical occupations,49,62,-13
E01033699,L12: Semi-routine occupations,67,72,-5
E01033699,L13: Routine occupations,64,87,-23
E01033699,L14.1 and L14.2: Never worked and long-term unemployed,97,85,12
E01033699,L15: Full-time students,70,102,-32
E01033699,"L4, L5 and L6: Lower managerial, administrative and professional occupations",373,323,50
E01033699,L7: Intermediate occupations,79,80,-1
E01033699,L8 and L9: Small employers and own account workers,133,122,11
E01033700,"L1, L2 and L3: Higher managerial, administrative and professional occupations",729,236,493
E01033700,L10 and L11: Lower supervisory and technical occupations,65,57,8
E01033700,L12: Semi-routine occupations,112,94,18
E01033700,L13: Routine occupations,114,91,23
E01033700,L14.1 and L14.2: Never worked and long-term unemployed,151,109,42
E01033700,L15: Full-time students,114,113,1
E01033700,"L4, L5 and L6: Lower managerial, administrative and professional occupations",642,427,215
E01033700,L7: Intermediate occupations,139,113,26
E01033700,L8 and L9: Small employers and own account workers,184,121,63
E01033702,"L1, L2 and L3: Higher managerial, administrative and professional occupations",151,71,80
E01033702,L10 and L11: Lower supervisory and technical occupations,38,34,4
E01033702,L12: Semi-routine occupations,88,99,-11
E01033702,L13: Routine occupations,63,51,12
E01033702,L14.1 and L14.2: Never worked and long-term unemployed,156,124,32
E01033702,L15: Full-time students,106,82,24
E01033702,"L4, L5 and L6: Lower managerial, administrative and professional occupations",263,188,75
E01033702,L7: Intermediate occupations,98,89,9
E01033702,L8 and L9: Small employers and own account workers,99,101,-2
E01033703,"L1, L2 and L3: Higher managerial, administrative and professional occupations",188,89,99
E01033703,L10 and L11: Lower supervisory and technical occupations,52,44,8
E01033703,L12: Semi-routine occupations,91,117,-26
E01033703,L13: Routine occupations,82,104,-22
E01033703,L14.1 and L14.2: Never worked and long-term unemployed,153,145,8
E01033703,L15: Full-time students,126,121,5
E01033703,"L4, L5 and L6: Lower managerial, administrative and professional occupations",285,271,14
E01033703,L7: Intermediate occupations,100,101,-1
E01033703,L8 and L9: Small employers and own account workers,139,122,17
E01033704,"L1, L2 and L3: Higher managerial, administrative and professional occupations",623,283,340
E01033704,L10 and L11: Lower supervisory and technical occupations,62,57,5
E01033704,L12: Semi-routine occupations,90,64,26
E01033704,L13: Routine occupations,88,65,23
E01033704,L14.1 and L14.2: Never worked and long-term unemployed,115,72,43
E01033704,L15: Full-time students,162,118,44
E01033704,"L4, L5 and L6: Lower managerial, administrative and professional occupations",624,479,145
E01033704,L7: Intermediate occupations,97,98,-1
E01033704,L8 and L9: Small employers and own account workers,227,140,87
E01033705,"L1, L2 and L3: Higher managerial, administrative and professional occupations",173,74,99
E01033705,L10 and L11: Lower supervisory and technical occupations,44,43,1
E01033705,L12: Semi-routine occupations,89,113,-24
E01033705,L13: Routine occupations,82,98,-16
E01033705,L14.1 and L14.2: Never worked and long-term unemployed,180,132,48
E01033705,L15: Full-time students,129,146,-17
E01033705,"L4, L5 and L6: Lower managerial, administrative and professional occupations",253,224,29
E01033705,L7: Intermediate occupations,86,98,-12
E01033705,L8 and L9: Small employers and own account workers,94,84,10
E01033706,"L1, L2 and L3: Higher managerial, administrative and professional occupations",483,377,106
E01033706,L10 and L11: Lower supervisory and technical occupations,23,41,-18
E01033706,L12: Semi-routine occupations,57,59,-2
E01033706,L13: Routine occupations,41,42,-1
E01033706,L14.1 and L14.2: Never worked and long-term unemployed,58,46,12
E01033706,L15: Full-time students,185,179,6
E01033706,"L4, L5 and L6: Lower managerial, administrative and professional occupations",328,447,-119
E01033706,L7: Intermediate occupations,79,87,-8
E01033706,L8 and L9: Small employers and own account workers,93,124,-31
E01033708,"L1, L2 and L3: Higher managerial, administrative and professional occupations",591,395,196
E01033708,L10 and L11: Lower supervisory and technical occupations,25,35,-10
E01033708,L12: Semi-routine occupations,50,35,15
E01033708,L13: Routine occupations,54,40,14
E01033708,L14.1 and L14.2: Never worked and long-term unemployed,72,37,35
E01033708,L15: Full-time students,353,240,113
E01033708,"L4, L5 and L6: Lower managerial, administrative and professional occupations",434,521,-87
E01033708,L7: Intermediate occupations,64,75,-11
E01033708,L8 and L9: Small employers and own account workers,142,150,-8
E01033709,"L1, L2 and L3: Higher managerial, administrative and professional occupations",360,204,156
E01033709,L10 and L11: Lower supervisory and technical occupations,53,65,-12
E01033709,L12: Semi-routine occupations,109,109,0
E01033709,L13: Routine occupations,122,81,41
E01033709,L14.1 and L14.2: Never worked and long-term unemployed,123,87,36
E01033709,L15: Full-time students,156,218,-62
E01033709,"L4, L5 and L6: Lower managerial, administrative and professional occupations",356,395,-39
E01033709,L7: Intermediate occupations,139,157,-18
E01033709,L8 and L9: Small employers and own account workers,122,81,41
E01033710,"L1, L2 and L3: Higher managerial, administrative and professional occupations",185,95,90
E01033710,L10 and L11: Lower supervisory and technical occupations,37,38,-1
E01033710,L12: Semi-routine occupations,52,78,-26
E01033710,L13: Routine occupations,85,76,9
E01033710,L14.1 and L14.2: Never worked and long-term unemployed,82,99,-17
E01033710,L15: Full-time students,70,83,-13
E01033710,"L4, L5 and L6: Lower managerial, administrative and professional occupations",242,214,28
E01033710,L7: Intermediate occupations,51,75,-24
E01033710,L8 and L9: Small employers and own account workers,95,95,0
E01033711,"L1, L2 and L3: Higher managerial, administrative and professional occupations",550,181,369
E01033711,L10 and L11: Lower supervisory and technical occupations,26,17,9
E01033711,L12: Semi-routine occupations,49,55,-6
E01033711,L13: Routine occupations,51,43,8
E01033711,L14.1 and L14.2: Never worked and long-term unemployed,69,30,39
E01033711,L15: Full-time students,559,275,284
E01033711,"L4, L5 and L6: Lower managerial, administrative and professional occupations",360,278,82
E01033711,L7: Intermediate occupations,70,74,-4
E01033711,L8 and L9: Small employers and own account workers,88,63,25
E01033712,"L1, L2 and L3: Higher managerial, administrative and professional occupations",283,148,135
E01033712,L10 and L11: Lower supervisory and technical occupations,55,57,-2
E01033712,L12: Semi-routine occupations,98,99,-1
E01033712,L13: Routine occupations,96,75,21
E01033712,L14.1 and L14.2: Never worked and long-term unemployed,114,131,-17
E01033712,L15: Full-time students,99,145,-46
E01033712,"L4, L5 and L6: Lower managerial, administrative and professional occupations",320,351,-31
E01033712,L7: Intermediate occupations,83,127,-44
E01033712,L8 and L9: Small employers and own account workers,135,134,1
E01033713,"L1, L2 and L3: Higher managerial, administrative and professional occupations",292,132,160
E01033713,L10 and L11: Lower supervisory and technical occupations,36,49,-13
E01033713,L12: Semi-routine occupations,75,94,-19
E01033713,L13: Routine occupations,74,99,-25
E01033713,L14.1 and L14.2: Never worked and long-term unemployed,100,155,-55
E01033713,L15: Full-time students,69,86,-17
E01033713,"L4, L5 and L6: Lower managerial, administrative and professional occupations",320,257,63
E01033713,L7: Intermediate occupations,87,107,-20
E01033713,L8 and L9: Small employers and own account workers,92,95,-3
E01033727,"L1, L2 and L3: Higher managerial, administrative and professional occupations",429,182,247
E01033727,L10 and L11: Lower supervisory and technical occupations,56,60,-4
E01033727,L12: Semi-routine occupations,166,157,9
E01033727,L13: Routine occupations,117,121,-4
E01033727,L14.1 and L14.2: Never worked and long-term unemployed,181,165,16
E01033727,L15: Full-time students,686,869,-183
E01033727,"L4, L5 and L6: Lower managerial, administrative and professional occupations",440,303,137
E01033727,L7: Intermediate occupations,139,136,3
E01033727,L8 and L9: Small employers and own account workers,129,109,20
E01033728,"L1, L2 and L3: Higher managerial, administrative and professional occupations",563,354,209
E01033728,L10 and L11: Lower supervisory and technical occupations,40,21,19
E01033728,L12: Semi-routine occupations,66,37,29
E01033728,L13: Routine occupations,60,18,42
E01033728,L14.1 and L14.2: Never worked and long-term unemployed,60,19,41
E01033728,L15: Full-time students,105,119,-14
E01033728,"L4, L5 and L6: Lower managerial, administrative and professional occupations",427,365,62
E01033728,L7: Intermediate occupations,102,86,16
E01033728,L8 and L9: Small employers and own account workers,120,50,70
E01033729,"L1, L2 and L3: Higher managerial, administrative and professional occupations",115,68,47
E01033729,L10 and L11: Lower supervisory and technical occupations,72,72,0
E01033729,L12: Semi-routine occupations,180,223,-43
E01033729,L13: Routine occupations,156,146,10
E01033729,L14.1 and L14.2: Never worked and long-term unemployed,214,142,72
E01033729,L15: Full-time students,686,1255,-569
E01033729,"L4, L5 and L6: Lower managerial, administrative and professional occupations",266,182,84
E01033729,L7: Intermediate occupations,162,187,-25
E01033729,L8 and L9: Small employers and own account workers,167,125,42
E01033732,"L1, L2 and L3: Higher managerial, administrative and professional occupations",269,199,70
E01033732,L10 and L11: Lower supervisory and technical occupations,23,26,-3
E01033732,L12: Semi-routine occupations,63,61,2
E01033732,L13: Routine occupations,60,28,32
E01033732,L14.1 and L14.2: Never worked and long-term unemployed,41,46,-5
E01033732,L15: Full-time students,83,94,-11
E01033732,"L4, L5 and L6: Lower managerial, administrative and professional occupations",209,256,-47
E01033732,L7: Intermediate occupations,73,96,-23
E01033732,L8 and L9: Small employers and own account workers,54,36,18
E01033734,"L1, L2 and L3: Higher managerial, administrative and professional occupations",331,230,101
E01033734,L10 and L11: Lower supervisory and technical occupations,38,30,8
E01033734,L12: Semi-routine occupations,81,67,14
E01033734,L13: Routine occupations,66,35,31
E01033734,L14.1 and L14.2: Never worked and long-term unemployed,78,73,5
E01033734,L15: Full-time students,109,119,-10
E01033734,"L4, L5 and L6: Lower managerial, administrative and professional occupations",328,307,21
E01033734,L7: Intermediate occupations,114,102,12
E01033734,L8 and L9: Small employers and own account workers,85,56,29
E01033735,"L1, L2 and L3: Higher managerial, administrative and professional occupations",136,97,39
E01033735,L10 and L11: Lower supervisory and technical occupations,51,70,-19
E01033735,L12: Semi-routine occupations,107,89,18
E01033735,L13: Routine occupations,108,76,32
E01033735,L14.1 and L14.2: Never worked and long-term unemployed,119,70,49
E01033735,L15: Full-time students,101,142,-41
E01033735,"L4, L5 and L6: Lower managerial, administrative and professional occupations",205,169,36
E01033735,L7: Intermediate occupations,81,85,-4
E01033735,L8 and L9: Small employers and own account workers,127,69,58
E01033736,"L1, L2 and L3: Higher managerial, administrative and professional occupations",783,289,494
E01033736,L10 and L11: Lower supervisory and technical occupations,42,33,9
E01033736,L12: Semi-routine occupations,90,40,50
E01033736,L13: Routine occupations,72,18,54
E01033736,L14.1 and L14.2: Never worked and long-term unemployed,68,32,36
E01033736,L15: Full-time students,103,63,40
E01033736,"L4, L5 and L6: Lower managerial, administrative and professional occupations",562,373,189
E01033736,L7: Intermediate occupations,166,104,62
E01033736,L8 and L9: Small employers and own account workers,160,49,111
E01033737,"L1, L2 and L3: Higher managerial, administrative and professional occupations",216,59,157
E01033737,L10 and L11: Lower supervisory and technical occupations,87,69,18
E01033737,L12: Semi-routine occupations,212,147,65
E01033737,L13: Routine occupations,174,144,30
E01033737,L14.1 and L14.2: Never worked and long-term unemployed,179,146,33
E01033737,L15: Full-time students,144,169,-25
E01033737,"L4, L5 and L6: Lower managerial, administrative and professional occupations",266,140,126
E01033737,L7: Intermediate occupations,139,102,37
E01033737,L8 and L9: Small employers and own account workers,131,73,58
E01033738,"L1, L2 and L3: Higher managerial, administrative and professional occupations",371,139,232
E01033738,L10 and L11: Lower supervisory and technical occupations,68,38,30
E01033738,L12: Semi-routine occupations,109,73,36
E01033738,L13: Routine occupations,124,47,77
E01033738,L14.1 and L14.2: Never worked and long-term unemployed,89,34,55
E01033738,L15: Full-time students,136,139,-3
E01033738,"L4, L5 and L6: Lower managerial, administrative and professional occupations",360,202,158
E01033738,L7: Intermediate occupations,118,79,39
E01033738,L8 and L9: Small employers and own account workers,141,78,63
E01033739,"L1, L2 and L3: Higher managerial, administrative and professional occupations",146,88,58
E01033739,L10 and L11: Lower supervisory and technical occupations,42,60,-18
E01033739,L12: Semi-routine occupations,146,141,5
E01033739,L13: Routine occupations,100,76,24
E01033739,L14.1 and L14.2: Never worked and long-term unemployed,157,97,60
E01033739,L15: Full-time students,126,147,-21
E01033739,"L4, L5 and L6: Lower managerial, administrative and professional occupations",222,196,26
E01033739,L7: Intermediate occupations,154,122,32
E01033739,L8 and L9: Small employers and own account workers,165,120,45
E01033740,"L1, L2 and L3: Higher managerial, administrative and professional occupations",140,127,13
E01033740,L10 and L11: Lower supervisory and technical occupations,49,57,-8
E01033740,L12: Semi-routine occupations,124,132,-8
E01033740,L13: Routine occupations,131,101,30
E01033740,L14.1 and L14.2: Never worked and long-term unemployed,125,78,47
E01033740,L15: Full-time students,136,135,1
E01033740,"L4, L5 and L6: Lower managerial, administrative and professional occupations",244,223,21
E01033740,L7: Intermediate occupations,105,115,-10
E01033740,L8 and L9: Small employers and own account workers,127,109,18
E01033741,"L1, L2 and L3: Higher managerial, administrative and professional occupations",181,144,37
E01033741,L10 and L11: Lower supervisory and technical occupations,119,133,-14
E01033741,L12: Semi-routine occupations,290,254,36
E01033741,L13: Routine occupations,301,186,115
E01033741,L14.1 and L14.2: Never worked and long-term unemployed,463,381,82
E01033741,L15: Full-time students,160,166,-6
E01033741,"L4, L5 and L6: Lower managerial, administrative and professional occupations",303,276,27
E01033741,L7: Intermediate occupations,168,153,15
E01033741,L8 and L9: Small employers and own account workers,278,208,70
E01033742,"L1, L2 and L3: Higher managerial, administrative and professional occupations",208,180,28
E01033742,L10 and L11: Lower supervisory and technical occupations,48,51,-3
E01033742,L12: Semi-routine occupations,95,97,-2
E01033742,L13: Routine occupations,109,66,43
E01033742,L14.1 and L14.2: Never worked and long-term unemployed,89,112,-23
E01033742,L15: Full-time students,74,96,-22
E01033742,"L4, L5 and L6: Lower managerial, administrative and professional occupations",223,271,-48
E01033742,L7: Intermediate occupations,107,117,-10
E01033742,L8 and L9: Small employers and own account workers,122,99,23
E01033743,"L1, L2 and L3: Higher managerial, administrative and professional occupations",132,120,12
E01033743,L10 and L11: Lower supervisory and technical occupations,59,62,-3
E01033743,L12: Semi-routine occupations,183,154,29
E01033743,L13: Routine occupations,145,99,46
E01033743,L14.1 and L14.2: Never worked and long-term unemployed,167,130,37
E01033743,L15: Full-time students,204,191,13
E01033743,"L4, L5 and L6: Lower managerial, administrative and professional occupations",244,242,2
E01033743,L7: Intermediate occupations,157,160,-3
E01033743,L8 and L9: Small employers and own account workers,136,104,32
E01033744,"L1, L2 and L3: Higher managerial, administrative and professional occupations",130,95,35
E01033744,L10 and L11: Lower supervisory and technical occupations,63,76,-13
E01033744,L12: Semi-routine occupations,159,186,-27
E01033744,L13: Routine occupations,181,137,44
E01033744,L14.1 and L14.2: Never worked and long-term unemployed,169,151,18
E01033744,L15: Full-time students,101,152,-51
E01033744,"L4, L5 and L6: Lower managerial, administrative and professional occupations",228,232,-4
E01033744,L7: Intermediate occupations,135,148,-13
E01033744,L8 and L9: Small employers and own account workers,165,100,65
E01033745,"L1, L2 and L3: Higher managerial, administrative and professional occupations",120,103,17
E01033745,L10 and L11: Lower supervisory and technical occupations,67,66,1
E01033745,L12: Semi-routine occupations,160,154,6
E01033745,L13: Routine occupations,125,105,20
E01033745,L14.1 and L14.2: Never worked and long-term unemployed,126,111,15
E01033745,L15: Full-time students,153,171,-18
E01033745,"L4, L5 and L6: Lower managerial, administrative and professional occupations",249,217,32
E01033745,L7: Intermediate occupations,137,153,-16
E01033745,L8 and L9: Small employers and own account workers,143,124,19
E01033746,"L1, L2 and L3: Higher managerial, administrative and professional occupations",379,312,67
E01033746,L10 and L11: Lower supervisory and technical occupations,27,38,-11
E01033746,L12: Semi-routine occupations,89,72,17
E01033746,L13: Routine occupations,79,65,14
E01033746,L14.1 and L14.2: Never worked and long-term unemployed,87,59,28
E01033746,L15: Full-time students,67,70,-3
E01033746,"L4, L5 and L6: Lower managerial, administrative and professional occupations",277,357,-80
E01033746,L7: Intermediate occupations,107,87,20
E01033746,L8 and L9: Small employers and own account workers,100,69,31
E01033784,"L1, L2 and L3: Higher managerial, administrative and professional occupations",184,113,71
E01033784,L10 and L11: Lower supervisory and technical occupations,40,57,-17
E01033784,L12: Semi-routine occupations,121,130,-9
E01033784,L13: Routine occupations,100,70,30
E01033784,L14.1 and L14.2: Never worked and long-term unemployed,84,34,50
E01033784,L15: Full-time students,59,44,15
E01033784,"L4, L5 and L6: Lower managerial, administrative and professional occupations",288,240,48
E01033784,L7: Intermediate occupations,204,215,-11
E01033784,L8 and L9: Small employers and own account workers,164,102,62
E01033785,"L1, L2 and L3: Higher managerial, administrative and professional occupations",270,22,248
E01033785,L10 and L11: Lower supervisory and technical occupations,38,14,24
E01033785,L12: Semi-routine occupations,79,22,57
E01033785,L13: Routine occupations,50,14,36
E01033785,L14.1 and L14.2: Never worked and long-term unemployed,56,20,36
E01033785,L15: Full-time students,41,23,18
E01033785,"L4, L5 and L6: Lower managerial, administrative and professional occupations",302,48,254
E01033785,L7: Intermediate occupations,152,29,123
E01033785,L8 and L9: Small employers and own account workers,119,24,95
E01033786,"L1, L2 and L3: Higher managerial, administrative and professional occupations",198,13,185
E01033786,L10 and L11: Lower supervisory and technical occupations,30,16,14
E01033786,L12: Semi-routine occupations,78,29,49
E01033786,L13: Routine occupations,65,10,55
E01033786,L14.1 and L14.2: Never worked and long-term unemployed,81,4,77
E01033786,L15: Full-time students,75,8,67
E01033786,"L4, L5 and L6: Lower managerial, administrative and professional occupations",239,48,191
E01033786,L7: Intermediate occupations,114,34,80
E01033786,L8 and L9: Small employers and own account workers,108,13,95
E01033787,"L1, L2 and L3: Higher managerial, administrative and professional occupations",189,61,128
E01033787,L10 and L11: Lower supervisory and technical occupations,42,27,15
E01033787,L12: Semi-routine occupations,83,25,58
E01033787,L13: Routine occupations,73,26,47
E01033787,L14.1 and L14.2: Never worked and long-term unemployed,74,24,50
E01033787,L15: Full-time students,101,40,61
E01033787,"L4, L5 and L6: Lower managerial, administrative and professional occupations",312,90,222
E01033787,L7: Intermediate occupations,122,44,78
E01033787,L8 and L9: Small employers and own account workers,97,21,76
E01033788,"L1, L2 and L3: Higher managerial, administrative and professional occupations",121,64,57
E01033788,L10 and L11: Lower supervisory and technical occupations,59,68,-9
E01033788,L12: Semi-routine occupations,126,121,5
E01033788,L13: Routine occupations,130,86,44
E01033788,L14.1 and L14.2: Never worked and long-term unemployed,129,43,86
E01033788,L15: Full-time students,99,74,25
E01033788,"L4, L5 and L6: Lower managerial, administrative and professional occupations",253,184,69
E01033788,L7: Intermediate occupations,149,154,-5
E01033788,L8 and L9: Small employers and own account workers,140,92,48
E01033789,"L1, L2 and L3: Higher managerial, administrative and professional occupations",246,11,235
E01033789,L10 and L11: Lower supervisory and technical occupations,48,24,24
E01033789,L12: Semi-routine occupations,125,41,84
E01033789,L13: Routine occupations,97,22,75
E01033789,L14.1 and L14.2: Never worked and long-term unemployed,87,4,83
E01033789,L15: Full-time students,109,17,92
E01033789,"L4, L5 and L6: Lower managerial, administrative and professional occupations",314,40,274
E01033789,L7: Intermediate occupations,129,49,80
E01033789,L8 and L9: Small employers and own account workers,93,16,77
E01033790,"L1, L2 and L3: Higher managerial, administrative and professional occupations",78,47,31
E01033790,L10 and L11: Lower supervisory and technical occupations,66,79,-13
E01033790,L12: Semi-routine occupations,137,148,-11
E01033790,L13: Routine occupations,153,120,33
E01033790,L14.1 and L14.2: Never worked and long-term unemployed,105,77,28
E01033790,L15: Full-time students,96,78,18
E01033790,"L4, L5 and L6: Lower managerial, administrative and professional occupations",170,132,38
E01033790,L7: Intermediate occupations,122,128,-6
E01033790,L8 and L9: Small employers and own account workers,89,73,16
E01033791,"L1, L2 and L3: Higher managerial, administrative and professional occupations",100,32,68
E01033791,L10 and L11: Lower supervisory and technical occupations,82,50,32
E01033791,L12: Semi-routine occupations,143,96,47
E01033791,L13: Routine occupations,156,77,79
E01033791,L14.1 and L14.2: Never worked and long-term unemployed,113,29,84
E01033791,L15: Full-time students,64,38,26
E01033791,"L4, L5 and L6: Lower managerial, administrative and professional occupations",198,110,88
E01033791,L7: Intermediate occupations,130,88,42
E01033791,L8 and L9: Small employers and own account workers,86,60,26
E01033792,"L1, L2 and L3: Higher managerial, administrative and professional occupations",200,121,79
E01033792,L10 and L11: Lower supervisory and technical occupations,76,69,7
E01033792,L12: Semi-routine occupations,104,109,-5
E01033792,L13: Routine occupations,83,57,26
E01033792,L14.1 and L14.2: Never worked and long-term unemployed,75,42,33
E01033792,L15: Full-time students,70,55,15
E01033792,"L4, L5 and L6: Lower managerial, administrative and professional occupations",239,228,11
E01033792,L7: Intermediate occupations,175,187,-12
E01033792,L8 and L9: Small employers and own account workers,101,87,14
E01033862,"L1, L2 and L3: Higher managerial, administrative and professional occupations",383,153,230
E01033862,L10 and L11: Lower supervisory and technical occupations,19,28,-9
E01033862,L12: Semi-routine occupations,51,33,18
E01033862,L13: Routine occupations,52,24,28
E01033862,L14.1 and L14.2: Never worked and long-term unemployed,53,38,15
E01033862,L15: Full-time students,266,86,180
E01033862,"L4, L5 and L6: Lower managerial, administrative and professional occupations",292,190,102
E01033862,L7: Intermediate occupations,66,56,10
E01033862,L8 and L9: Small employers and own account workers,99,41,58
E01033863,"L1, L2 and L3: Higher managerial, administrative and professional occupations",124,116,8
E01033863,L10 and L11: Lower supervisory and technical occupations,48,69,-21
E01033863,L12: Semi-routine occupations,126,121,5
E01033863,L13: Routine occupations,152,136,16
E01033863,L14.1 and L14.2: Never worked and long-term unemployed,134,119,15
E01033863,L15: Full-time students,125,140,-15
E01033863,"L4, L5 and L6: Lower managerial, administrative and professional occupations",216,252,-36
E01033863,L7: Intermediate occupations,96,110,-14
E01033863,L8 and L9: Small employers and own account workers,105,80,25
E01033864,"L1, L2 and L3: Higher managerial, administrative and professional occupations",107,71,36
E01033864,L10 and L11: Lower supervisory and technical occupations,40,57,-17
E01033864,L12: Semi-routine occupations,114,100,14
E01033864,L13: Routine occupations,108,101,7
E01033864,L14.1 and L14.2: Never worked and long-term unemployed,135,94,41
E01033864,L15: Full-time students,74,80,-6
E01033864,"L4, L5 and L6: Lower managerial, administrative and professional occupations",165,155,10
E01033864,L7: Intermediate occupations,74,68,6
E01033864,L8 and L9: Small employers and own account workers,72,53,19
E01033865,"L1, L2 and L3: Higher managerial, administrative and professional occupations",344,94,250
E01033865,L10 and L11: Lower supervisory and technical occupations,26,33,-7
E01033865,L12: Semi-routine occupations,46,45,1
E01033865,L13: Routine occupations,53,44,9
E01033865,L14.1 and L14.2: Never worked and long-term unemployed,118,46,72
E01033865,L15: Full-time students,451,47,404
E01033865,"L4, L5 and L6: Lower managerial, administrative and professional occupations",254,158,96
E01033865,L7: Intermediate occupations,76,44,32
E01033865,L8 and L9: Small employers and own account workers,77,43,34
E01033866,"L1, L2 and L3: Higher managerial, administrative and professional occupations",379,0,379
E01033866,L10 and L11: Lower supervisory and technical occupations,15,0,15
E01033866,L12: Semi-routine occupations,31,0,31
E01033866,L13: Routine occupations,24,0,24
E01033866,L14.1 and L14.2: Never worked and long-term unemployed,40,0,40
E01033866,L15: Full-time students,253,0,253
E01033866,"L4, L5 and L6: Lower managerial, administrative and professional occupations",201,0,201
E01033866,L7: Intermediate occupations,56,0,56
E01033866,L8 and L9: Small employers and own account workers,50,0,50
E01033867,"L1, L2 and L3: Higher managerial, administrative and professional occupations",290,200,90
E01033867,L10 and L11: Lower supervisory and technical occupations,33,42,-9
E01033867,L12: Semi-routine occupations,81,80,1
E01033867,L13: Routine occupations,81,70,11
E01033867,L14.1 and L14.2: Never worked and long-term unemployed,83,66,17
E01033867,L15: Full-time students,443,464,-21
E01033867,"L4, L5 and L6: Lower managerial, administrative and professional occupations",238,251,-13
E01033867,L7: Intermediate occupations,87,91,-4
E01033867,L8 and L9: Small employers and own account workers,65,55,10
E01033868,"L1, L2 and L3: Higher managerial, administrative and professional occupations",396,231,165
E01033868,L10 and L11: Lower supervisory and technical occupations,18,31,-13
E01033868,L12: Semi-routine occupations,22,37,-15
E01033868,L13: Routine occupations,27,22,5
E01033868,L14.1 and L14.2: Never worked and long-term unemployed,28,19,9
E01033868,L15: Full-time students,516,80,436
E01033868,"L4, L5 and L6: Lower managerial, administrative and professional occupations",225,254,-29
E01033868,L7: Intermediate occupations,41,47,-6
E01033868,L8 and L9: Small employers and own account workers,61,44,17
E01033869,"L1, L2 and L3: Higher managerial, administrative and professional occupations",211,119,92
E01033869,L10 and L11: Lower supervisory and technical occupations,52,44,8
E01033869,L12: Semi-routine occupations,108,98,10
E01033869,L13: Routine occupations,104,53,51
E01033869,L14.1 and L14.2: Never worked and long-term unemployed,96,46,50
E01033869,L15: Full-time students,125,107,18
E01033869,"L4, L5 and L6: Lower managerial, administrative and professional occupations",226,229,-3
E01033869,L7: Intermediate occupations,112,86,26
E01033869,L8 and L9: Small employers and own account workers,93,42,51
E01033870,"L1, L2 and L3: Higher managerial, administrative and professional occupations",564,135,429
E01033870,L10 and L11: Lower supervisory and technical occupations,46,19,27
E01033870,L12: Semi-routine occupations,71,43,28
E01033870,L13: Routine occupations,109,31,78
E01033870,L14.1 and L14.2: Never worked and long-term unemployed,80,36,44
E01033870,L15: Full-time students,116,112,4
E01033870,"L4, L5 and L6: Lower managerial, administrative and professional occupations",365,149,216
E01033870,L7: Intermediate occupations,97,24,73
E01033870,L8 and L9: Small employers and own account workers,103,23,80
E01033871,"L1, L2 and L3: Higher managerial, administrative and professional occupations",315,212,103
E01033871,L10 and L11: Lower supervisory and technical occupations,67,53,14
E01033871,L12: Semi-routine occupations,94,98,-4
E01033871,L13: Routine occupations,124,99,25
E01033871,L14.1 and L14.2: Never worked and long-term unemployed,111,84,27
E01033871,L15: Full-time students,113,141,-28
E01033871,"L4, L5 and L6: Lower managerial, administrative and professional occupations",243,280,-37
E01033871,L7: Intermediate occupations,116,152,-36
E01033871,L8 and L9: Small employers and own account workers,90,62,28
E01033872,"L1, L2 and L3: Higher managerial, administrative and professional occupations",290,186,104
E01033872,L10 and L11: Lower supervisory and technical occupations,43,44,-1
E01033872,L12: Semi-routine occupations,85,79,6
E01033872,L13: Routine occupations,86,66,20
E01033872,L14.1 and L14.2: Never worked and long-term unemployed,107,60,47
E01033872,L15: Full-time students,91,113,-22
E01033872,"L4, L5 and L6: Lower managerial, administrative and professional occupations",237,250,-13
E01033872,L7: Intermediate occupations,84,81,3
E01033872,L8 and L9: Small employers and own account workers,99,58,41
E01033873,"L1, L2 and L3: Higher managerial, administrative and professional occupations",162,140,22
E01033873,L10 and L11: Lower supervisory and technical occupations,43,63,-20
E01033873,L12: Semi-routine occupations,122,138,-16
E01033873,L13: Routine occupations,152,146,6
E01033873,L14.1 and L14.2: Never worked and long-term unemployed,158,167,-9
E01033873,L15: Full-time students,373,332,41
E01033873,"L4, L5 and L6: Lower managerial, administrative and professional occupations",244,235,9
E01033873,L7: Intermediate occupations,96,101,-5
E01033873,L8 and L9: Small employers and own account workers,108,68,40
E01033874,"L1, L2 and L3: Higher managerial, administrative and professional occupations",365,0,365
E01033874,L10 and L11: Lower supervisory and technical occupations,14,0,14
E01033874,L12: Semi-routine occupations,22,0,22
E01033874,L13: Routine occupations,20,0,20
E01033874,L14.1 and L14.2: Never worked and long-term unemployed,36,0,36
E01033874,L15: Full-time students,322,0,322
E01033874,"L4, L5 and L6: Lower managerial, administrative and professional occupations",217,0,217
E01033874,L7: Intermediate occupations,35,0,35
E01033874,L8 and L9: Small employers and own account workers,42,0,42
E01033875,"L1, L2 and L3: Higher managerial, administrative and professional occupations",269,30,239
E01033875,L10 and L11: Lower supervisory and technical occupations,37,24,13
E01033875,L12: Semi-routine occupations,72,65,7
E01033875,L13: Routine occupations,93,49,44
E01033875,L14.1 and L14.2: Never worked and long-term unemployed,115,73,42
E01033875,L15: Full-time students,93,69,24
E01033875,"L4, L5 and L6: Lower managerial, administrative and professional occupations",253,95,158
E01033875,L7: Intermediate occupations,82,57,25
E01033875,L8 and L9: Small employers and own account workers,68,42,26
E01033876,"L1, L2 and L3: Higher managerial, administrative and professional occupations",390,59,331
E01033876,L10 and L11: Lower supervisory and technical occupations,32,24,8
E01033876,L12: Semi-routine occupations,41,45,-4
E01033876,L13: Routine occupations,53,25,28
E01033876,L14.1 and L14.2: Never worked and long-term unemployed,55,20,35
E01033876,L15: Full-time students,175,64,111
E01033876,"L4, L5 and L6: Lower managerial, administrative and professional occupations",286,114,172
E01033876,L7: Intermediate occupations,74,46,28
E01033876,L8 and L9: Small employers and own account workers,52,27,25
E01033877,"L1, L2 and L3: Higher managerial, administrative and professional occupations",288,71,217
E01033877,L10 and L11: Lower supervisory and technical occupations,54,67,-13
E01033877,L12: Semi-routine occupations,101,77,24
E01033877,L13: Routine occupations,139,75,64
E01033877,L14.1 and L14.2: Never worked and long-term unemployed,153,66,87
E01033877,L15: Full-time students,119,153,-34
E01033877,"L4, L5 and L6: Lower managerial, administrative and professional occupations",272,159,113
E01033877,L7: Intermediate occupations,96,68,28
E01033877,L8 and L9: Small employers and own account workers,96,73,23
E01033878,"L1, L2 and L3: Higher managerial, administrative and professional occupations",115,46,69
E01033878,L10 and L11: Lower supervisory and technical occupations,42,39,3
E01033878,L12: Semi-routine occupations,77,112,-35
E01033878,L13: Routine occupations,153,90,63
E01033878,L14.1 and L14.2: Never worked and long-term unemployed,94,93,1
E01033878,L15: Full-time students,146,126,20
E01033878,"L4, L5 and L6: Lower managerial, administrative and professional occupations",152,148,4
E01033878,L7: Intermediate occupations,72,72,0
E01033878,L8 and L9: Small employers and own account workers,50,48,2
E01033879,"L1, L2 and L3: Higher managerial, administrative and professional occupations",100,87,13
E01033879,L10 and L11: Lower supervisory and technical occupations,97,151,-54
E01033879,L12: Semi-routine occupations,242,343,-101
E01033879,L13: Routine occupations,303,251,52
E01033879,L14.1 and L14.2: Never worked and long-term unemployed,305,285,20
E01033879,L15: Full-time students,293,295,-2
E01033879,"L4, L5 and L6: Lower managerial, administrative and professional occupations",255,248,7
E01033879,L7: Intermediate occupations,170,176,-6
E01033879,L8 and L9: Small employers and own account workers,132,113,19
E01033880,"L1, L2 and L3: Higher managerial, administrative and professional occupations",192,76,116
E01033880,L10 and L11: Lower supervisory and technical occupations,106,52,54
E01033880,L12: Semi-routine occupations,141,88,53
E01033880,L13: Routine occupations,424,89,335
E01033880,L14.1 and L14.2: Never worked and long-term unemployed,156,60,96
E01033880,L15: Full-time students,114,107,7
E01033880,"L4, L5 and L6: Lower managerial, administrative and professional occupations",316,150,166
E01033880,L7: Intermediate occupations,90,65,25
E01033880,L8 and L9: Small employers and own account workers,178,61,117
E01033881,"L1, L2 and L3: Higher managerial, administrative and professional occupations",161,116,45
E01033881,L10 and L11: Lower supervisory and technical occupations,72,168,-96
E01033881,L12: Semi-routine occupations,178,377,-199
E01033881,L13: Routine occupations,220,303,-83
E01033881,L14.1 and L14.2: Never worked and long-term unemployed,227,319,-92
E01033881,L15: Full-time students,206,340,-134
E01033881,"L4, L5 and L6: Lower managerial, administrative and professional occupations",225,315,-90
E01033881,L7: Intermediate occupations,127,242,-115
E01033881,L8 and L9: Small employers and own account workers,109,148,-39
E01033882,"L1, L2 and L3: Higher managerial, administrative and professional occupations",170,60,110
E01033882,L10 and L11: Lower supervisory and technical occupations,60,84,-24
E01033882,L12: Semi-routine occupations,118,147,-29
E01033882,L13: Routine occupations,139,116,23
E01033882,L14.1 and L14.2: Never worked and long-term unemployed,132,130,2
E01033882,L15: Full-time students,171,183,-12
E01033882,"L4, L5 and L6: Lower managerial, administrative and professional occupations",236,178,58
E01033882,L7: Intermediate occupations,81,104,-23
E01033882,L8 and L9: Small employers and own account workers,107,100,7
E01033883,"L1, L2 and L3: Higher managerial, administrative and professional occupations",202,31,171
E01033883,L10 and L11: Lower supervisory and technical occupations,47,52,-5
E01033883,L12: Semi-routine occupations,160,130,30
E01033883,L13: Routine occupations,120,85,35
E01033883,L14.1 and L14.2: Never worked and long-term unemployed,150,108,42
E01033883,L15: Full-time students,135,138,-3
E01033883,"L4, L5 and L6: Lower managerial, administrative and professional occupations",272,119,153
E01033883,L7: Intermediate occupations,147,79,68
E01033883,L8 and L9: Small employers and own account workers,79,36,43
E01033884,"L1, L2 and L3: Higher managerial, administrative and professional occupations",368,165,203
E01033884,L10 and L11: Lower supervisory and technical occupations,29,23,6
E01033884,L12: Semi-routine occupations,59,27,32
E01033884,L13: Routine occupations,43,30,13
E01033884,L14.1 and L14.2: Never worked and long-term unemployed,53,26,27
E01033884,L15: Full-time students,122,68,54
E01033884,"L4, L5 and L6: Lower managerial, administrative and professional occupations",201,181,20
E01033884,L7: Intermediate occupations,67,39,28
E01033884,L8 and L9: Small employers and own account workers,59,47,12
E01033885,"L1, L2 and L3: Higher managerial, administrative and professional occupations",258,220,38
E01033885,L10 and L11: Lower supervisory and technical occupations,64,46,18
E01033885,L12: Semi-routine occupations,96,110,-14
E01033885,L13: Routine occupations,119,76,43
E01033885,L14.1 and L14.2: Never worked and long-term unemployed,100,82,18
E01033885,L15: Full-time students,143,164,-21
E01033885,"L4, L5 and L6: Lower managerial, administrative and professional occupations",209,248,-39
E01033885,L7: Intermediate occupations,85,135,-50
E01033885,L8 and L9: Small employers and own account workers,64,78,-14
E01033911,"L1, L2 and L3: Higher managerial, administrative and professional occupations",357,183,174
E01033911,L10 and L11: Lower supervisory and technical occupations,38,34,4
E01033911,L12: Semi-routine occupations,88,98,-10
E01033911,L13: Routine occupations,53,54,-1
E01033911,L14.1 and L14.2: Never worked and long-term unemployed,104,85,19
E01033911,L15: Full-time students,114,110,4
E01033911,"L4, L5 and L6: Lower managerial, administrative and professional occupations",357,257,100
E01033911,L7: Intermediate occupations,130,120,10
E01033911,L8 and L9: Small employers and own account workers,268,207,61
E01033912,"L1, L2 and L3: Higher managerial, administrative and professional occupations",410,54,356
E01033912,L10 and L11: Lower supervisory and technical occupations,24,26,-2
E01033912,L12: Semi-routine occupations,79,33,46
E01033912,L13: Routine occupations,50,18,32
E01033912,L14.1 and L14.2: Never worked and long-term unemployed,107,55,52
E01033912,L15: Full-time students,115,65,50
E01033912,"L4, L5 and L6: Lower managerial, administrative and professional occupations",261,105,156
E01033912,L7: Intermediate occupations,78,30,48
E01033912,L8 and L9: Small employers and own account workers,136,27,109
E01033913,"L1, L2 and L3: Higher managerial, administrative and professional occupations",85,95,-10
E01033913,L10 and L11: Lower supervisory and technical occupations,47,47,0
E01033913,L12: Semi-routine occupations,97,108,-11
E01033913,L13: Routine occupations,125,79,46
E01033913,L14.1 and L14.2: Never worked and long-term unemployed,207,122,85
E01033913,L15: Full-time students,153,116,37
E01033913,"L4, L5 and L6: Lower managerial, administrative and professional occupations",154,189,-35
E01033913,L7: Intermediate occupations,112,108,4
E01033913,L8 and L9: Small employers and own account workers,166,95,71
E01033914,"L1, L2 and L3: Higher managerial, administrative and professional occupations",78,33,45
E01033914,L10 and L11: Lower supervisory and technical occupations,64,59,5
E01033914,L12: Semi-routine occupations,172,164,8
E01033914,L13: Routine occupations,195,131,64
E01033914,L14.1 and L14.2: Never worked and long-term unemployed,202,140,62
E01033914,L15: Full-time students,135,132,3
E01033914,"L4, L5 and L6: Lower managerial, administrative and professional occupations",176,141,35
E01033914,L7: Intermediate occupations,128,91,37
E01033914,L8 and L9: Small employers and own account workers,196,107,89
E01033915,"L1, L2 and L3: Higher managerial, administrative and professional occupations",174,0,174
E01033915,L10 and L11: Lower supervisory and technical occupations,25,0,25
E01033915,L12: Semi-routine occupations,87,0,87
E01033915,L13: Routine occupations,67,0,67
E01033915,L14.1 and L14.2: Never worked and long-term unemployed,181,0,181
E01033915,L15: Full-time students,140,0,140
E01033915,"L4, L5 and L6: Lower managerial, administrative and professional occupations",163,0,163
E01033915,L7: Intermediate occupations,72,0,72
E01033915,L8 and L9: Small employers and own account workers,123,0,123
E01033916,"L1, L2 and L3: Higher managerial, administrative and professional occupations",119,130,-11
E01033916,L10 and L11: Lower supervisory and technical occupations,75,74,1
E01033916,L12: Semi-routine occupations,132,135,-3
E01033916,L13: Routine occupations,143,106,37
E01033916,L14.1 and L14.2: Never worked and long-term unemployed,270,105,165
E01033916,L15: Full-time students,174,137,37
E01033916,"L4, L5 and L6: Lower managerial, administrative and professional occupations",211,237,-26
E01033916,L7: Intermediate occupations,113,106,7
E01033916,L8 and L9: Small employers and own account workers,239,200,39
E01033917,"L1, L2 and L3: Higher managerial, administrative and professional occupations",282,81,201
E01033917,L10 and L11: Lower supervisory and technical occupations,53,30,23
E01033917,L12: Semi-routine occupations,89,49,40
E01033917,L13: Routine occupations,60,27,33
E01033917,L14.1 and L14.2: Never worked and long-term unemployed,122,53,69
E01033917,L15: Full-time students,110,106,4
E01033917,"L4, L5 and L6: Lower managerial, administrative and professional occupations",271,147,124
E01033917,L7: Intermediate occupations,113,51,62
E01033917,L8 and L9: Small employers and own account workers,138,32,106
E01033918,"L1, L2 and L3: Higher managerial, administrative and professional occupations",281,78,203
E01033918,L10 and L11: Lower supervisory and technical occupations,27,9,18
E01033918,L12: Semi-routine occupations,65,14,51
E01033918,L13: Routine occupations,58,17,41
E01033918,L14.1 and L14.2: Never worked and long-term unemployed,104,34,70
E01033918,L15: Full-time students,374,526,-152
E01033918,"L4, L5 and L6: Lower managerial, administrative and professional occupations",250,85,165
E01033918,L7: Intermediate occupations,86,27,59
E01033918,L8 and L9: Small employers and own account workers,106,35,71
E01033919,"L1, L2 and L3: Higher managerial, administrative and professional occupations",312,20,292
E01033919,L10 and L11: Lower supervisory and technical occupations,23,0,23
E01033919,L12: Semi-routine occupations,46,11,35
E01033919,L13: Routine occupations,34,1,33
E01033919,L14.1 and L14.2: Never worked and long-term unemployed,90,15,75
E01033919,L15: Full-time students,125,33,92
E01033919,"L4, L5 and L6: Lower managerial, administrative and professional occupations",289,28,261
E01033919,L7: Intermediate occupations,97,8,89
E01033919,L8 and L9: Small employers and own account workers,117,16,101
E01033920,"L1, L2 and L3: Higher managerial, administrative and professional occupations",296,23,273
E01033920,L10 and L11: Lower supervisory and technical occupations,51,24,27
E01033920,L12: Semi-routine occupations,68,27,41
E01033920,L13: Routine occupations,77,21,56
E01033920,L14.1 and L14.2: Never worked and long-term unemployed,112,27,85
E01033920,L15: Full-time students,103,26,77
E01033920,"L4, L5 and L6: Lower managerial, administrative and professional occupations",295,47,248
E01033920,L7: Intermediate occupations,120,37,83
E01033920,L8 and L9: Small employers and own account workers,145,64,81
E01033921,"L1, L2 and L3: Higher managerial, administrative and professional occupations",280,0,280
E01033921,L10 and L11: Lower supervisory and technical occupations,46,0,46
E01033921,L12: Semi-routine occupations,88,0,88
E01033921,L13: Routine occupations,89,0,89
E01033921,L14.1 and L14.2: Never worked and long-term unemployed,119,0,119
E01033921,L15: Full-time students,148,0,148
E01033921,"L4, L5 and L6: Lower managerial, administrative and professional occupations",269,0,269
E01033921,L7: Intermediate occupations,108,0,108
E01033921,L8 and L9: Small employers and own account workers,143,0,143
E01033922,"L1, L2 and L3: Higher managerial, administrative and professional occupations",304,27,277
E01033922,L10 and L11: Lower supervisory and technical occupations,42,13,29
E01033922,L12: Semi-routine occupations,89,26,63
E01033922,L13: Routine occupations,99,16,83
E01033922,L14.1 and L14.2: Never worked and long-term unemployed,104,16,88
E01033922,L15: Full-time students,152,49,103
E01033922,"L4, L5 and L6: Lower managerial, administrative and professional occupations",294,25,269
E01033922,L7: Intermediate occupations,91,17,74
E01033922,L8 and L9: Small employers and own account workers,179,33,146
E01033923,"L1, L2 and L3: Higher managerial, administrative and professional occupations",151,52,99
E01033923,L10 and L11: Lower supervisory and technical occupations,40,21,19
E01033923,L12: Semi-routine occupations,104,50,54
E01033923,L13: Routine occupations,113,35,78
E01033923,L14.1 and L14.2: Never worked and long-term unemployed,169,53,116
E01033923,L15: Full-time students,135,45,90
E01033923,"L4, L5 and L6: Lower managerial, administrative and professional occupations",224,86,138
E01033923,L7: Intermediate occupations,110,51,59
E01033923,L8 and L9: Small employers and own account workers,157,58,99
E01033924,"L1, L2 and L3: Higher managerial, administrative and professional occupations",82,53,29
E01033924,L10 and L11: Lower supervisory and technical occupations,54,53,1
E01033924,L12: Semi-routine occupations,138,149,-11
E01033924,L13: Routine occupations,135,98,37
E01033924,L14.1 and L14.2: Never worked and long-term unemployed,222,116,106
E01033924,L15: Full-time students,138,164,-26
E01033924,"L4, L5 and L6: Lower managerial, administrative and professional occupations",149,156,-7
E01033924,L7: Intermediate occupations,119,92,27
E01033924,L8 and L9: Small employers and own account workers,159,89,70
E01033925,"L1, L2 and L3: Higher managerial, administrative and professional occupations",207,80,127
E01033925,L10 and L11: Lower supervisory and technical occupations,58,53,5
E01033925,L12: Semi-routine occupations,108,82,26
E01033925,L13: Routine occupations,98,62,36
E01033925,L14.1 and L14.2: Never worked and long-term unemployed,158,62,96
E01033925,L15: Full-time students,167,96,71
E01033925,"L4, L5 and L6: Lower managerial, administrative and professional occupations",261,132,129
E01033925,L7: Intermediate occupations,132,102,30
E01033925,L8 and L9: Small employers and own account workers,216,138,78
E01033926,"L1, L2 and L3: Higher managerial, administrative and professional occupations",143,67,76
E01033926,L10 and L11: Lower supervisory and technical occupations,91,133,-42
E01033926,L12: Semi-routine occupations,230,359,-129
E01033926,L13: Routine occupations,268,274,-6
E01033926,L14.1 and L14.2: Never worked and long-term unemployed,327,399,-72
E01033926,L15: Full-time students,223,276,-53
E01033926,"L4, L5 and L6: Lower managerial, administrative and professional occupations",268,239,29
E01033926,L7: Intermediate occupations,159,188,-29
E01033926,L8 and L9: Small employers and own account workers,175,138,37
E01033927,"L1, L2 and L3: Higher managerial, administrative and professional occupations",168,127,41
E01033927,L10 and L11: Lower supervisory and technical occupations,60,49,11
E01033927,L12: Semi-routine occupations,115,102,13
E01033927,L13: Routine occupations,125,49,76
E01033927,L14.1 and L14.2: Never worked and long-term unemployed,138,74,64
E01033927,L15: Full-time students,107,162,-55
E01033927,"L4, L5 and L6: Lower managerial, administrative and professional occupations",234,262,-28
E01033927,L7: Intermediate occupations,102,106,-4
E01033927,L8 and L9: Small employers and own account workers,238,108,130
E01033928,"L1, L2 and L3: Higher managerial, administrative and professional occupations",169,178,-9
E01033928,L10 and L11: Lower supervisory and technical occupations,49,38,11
E01033928,L12: Semi-routine occupations,93,81,12
E01033928,L13: Routine occupations,81,53,28
E01033928,L14.1 and L14.2: Never worked and long-term unemployed,112,42,70
E01033928,L15: Full-time students,90,89,1
E01033928,"L4, L5 and L6: Lower managerial, administrative and professional occupations",208,236,-28
E01033928,L7: Intermediate occupations,90,102,-12
E01033928,L8 and L9: Small employers and own account workers,177,83,94
E01033929,"L1, L2 and L3: Higher managerial, administrative and professional occupations",256,24,232
E01033929,L10 and L11: Lower supervisory and technical occupations,43,13,30
E01033929,L12: Semi-routine occupations,85,22,63
E01033929,L13: Routine occupations,54,25,29
E01033929,L14.1 and L14.2: Never worked and long-term unemployed,98,33,65
E01033929,L15: Full-time students,112,41,71
E01033929,"L4, L5 and L6: Lower managerial, administrative and professional occupations",230,48,182
E01033929,L7: Intermediate occupations,95,41,54
E01033929,L8 and L9: Small employers and own account workers,89,23,66
E01033930,"L1, L2 and L3: Higher managerial, administrative and professional occupations",135,81,54
E01033930,L10 and L11: Lower supervisory and technical occupations,61,82,-21
E01033930,L12: Semi-routine occupations,159,139,20
E01033930,L13: Routine occupations,183,106,77
E01033930,L14.1 and L14.2: Never worked and long-term unemployed,188,163,25
E01033930,L15: Full-time students,159,179,-20
E01033930,"L4, L5 and L6: Lower managerial, administrative and professional occupations",213,208,5
E01033930,L7: Intermediate occupations,198,142,56
E01033930,L8 and L9: Small employers and own account workers,241,198,43
E01033931,"L1, L2 and L3: Higher managerial, administrative and professional occupations",88,97,-9
E01033931,L10 and L11: Lower supervisory and technical occupations,49,49,0
E01033931,L12: Semi-routine occupations,119,114,5
E01033931,L13: Routine occupations,145,75,70
E01033931,L14.1 and L14.2: Never worked and long-term unemployed,159,109,50
E01033931,L15: Full-time students,122,111,11
E01033931,"L4, L5 and L6: Lower managerial, administrative and professional occupations",179,156,23
E01033931,L7: Intermediate occupations,76,89,-13
E01033931,L8 and L9: Small employers and own account workers,119,86,33
E01033932,"L1, L2 and L3: Higher managerial, administrative and professional occupations",86,70,16
E01033932,L10 and L11: Lower supervisory and technical occupations,67,50,17
E01033932,L12: Semi-routine occupations,137,166,-29
E01033932,L13: Routine occupations,154,100,54
E01033932,L14.1 and L14.2: Never worked and long-term unemployed,263,180,83
E01033932,L15: Full-time students,158,208,-50
E01033932,"L4, L5 and L6: Lower managerial, administrative and professional occupations",195,148,47
E01033932,L7: Intermediate occupations,146,127,19
E01033932,L8 and L9: Small employers and own account workers,146,95,51
E01033933,"L1, L2 and L3: Higher managerial, administrative and professional occupations",63,57,6
E01033933,L10 and L11: Lower supervisory and technical occupations,49,67,-18
E01033933,L12: Semi-routine occupations,105,158,-53
E01033933,L13: Routine occupations,132,173,-41
E01033933,L14.1 and L14.2: Never worked and long-term unemployed,234,165,69
E01033933,L15: Full-time students,173,164,9
E01033933,"L4, L5 and L6: Lower managerial, administrative and professional occupations",117,176,-59
E01033933,L7: Intermediate occupations,93,116,-23
E01033933,L8 and L9: Small employers and own account workers,136,176,-40
E01033934,"L1, L2 and L3: Higher managerial, administrative and professional occupations",69,42,27
E01033934,L10 and L11: Lower supervisory and technical occupations,36,39,-3
E01033934,L12: Semi-routine occupations,117,97,20
E01033934,L13: Routine occupations,160,94,66
E01033934,L14.1 and L14.2: Never worked and long-term unemployed,217,115,102
E01033934,L15: Full-time students,191,104,87
E01033934,"L4, L5 and L6: Lower managerial, administrative and professional occupations",163,104,59
E01033934,L7: Intermediate occupations,101,85,16
E01033934,L8 and L9: Small employers and own account workers,185,113,72
E01033935,"L1, L2 and L3: Higher managerial, administrative and professional occupations",111,61,50
E01033935,L10 and L11: Lower supervisory and technical occupations,130,66,64
E01033935,L12: Semi-routine occupations,180,214,-34
E01033935,L13: Routine occupations,338,159,179
E01033935,L14.1 and L14.2: Never worked and long-term unemployed,199,149,50
E01033935,L15: Full-time students,129,256,-127
E01033935,"L4, L5 and L6: Lower managerial, administrative and professional occupations",225,156,69
E01033935,L7: Intermediate occupations,105,119,-14
E01033935,L8 and L9: Small employers and own account workers,211,100,111
E01033936,"L1, L2 and L3: Higher managerial, administrative and professional occupations",170,56,114
E01033936,L10 and L11: Lower supervisory and technical occupations,84,39,45
E01033936,L12: Semi-routine occupations,147,88,59
E01033936,L13: Routine occupations,250,61,189
E01033936,L14.1 and L14.2: Never worked and long-term unemployed,143,76,67
E01033936,L15: Full-time students,146,89,57
E01033936,"L4, L5 and L6: Lower managerial, administrative and professional occupations",227,92,135
E01033936,L7: Intermediate occupations,114,53,61
E01033936,L8 and L9: Small employers and own account workers,76,45,31
E01033937,"L1, L2 and L3: Higher managerial, administrative and professional occupations",67,28,39
E01033937,L10 and L11: Lower supervisory and technical occupations,39,42,-3
E01033937,L12: Semi-routine occupations,129,119,10
E01033937,L13: Routine occupations,110,105,5
E01033937,L14.1 and L14.2: Never worked and long-term unemployed,168,118,50
E01033937,L15: Full-time students,84,95,-11
E01033937,"L4, L5 and L6: Lower managerial, administrative and professional occupations",135,77,58
E01033937,L7: Intermediate occupations,90,80,10
E01033937,L8 and L9: Small employers and own account workers,104,70,34
E01033938,"L1, L2 and L3: Higher managerial, administrative and professional occupations",64,15,49
E01033938,L10 and L11: Lower supervisory and technical occupations,38,36,2
E01033938,L12: Semi-routine occupations,117,58,59
E01033938,L13: Routine occupations,103,56,47
E01033938,L14.1 and L14.2: Never worked and long-term unemployed,177,84,93
E01033938,L15: Full-time students,113,76,37
E01033938,"L4, L5 and L6: Lower managerial, administrative and professional occupations",192,72,120
E01033938,L7: Intermediate occupations,85,43,42
E01033938,L8 and L9: Small employers and own account workers,91,17,74
E01033939,"L1, L2 and L3: Higher managerial, administrative and professional occupations",321,40,281
E01033939,L10 and L11: Lower supervisory and technical occupations,43,11,32
E01033939,L12: Semi-routine occupations,107,18,89
E01033939,L13: Routine occupations,68,13,55
E01033939,L14.1 and L14.2: Never worked and long-term unemployed,203,28,175
E01033939,L15: Full-time students,125,25,100
E01033939,"L4, L5 and L6: Lower managerial, administrative and professional occupations",333,56,277
E01033939,L7: Intermediate occupations,116,24,92
E01033939,L8 and L9: Small employers and own account workers,150,23,127
E01033940,"L1, L2 and L3: Higher managerial, administrative and professional occupations",442,0,442
E01033940,L10 and L11: Lower supervisory and technical occupations,40,0,40
E01033940,L12: Semi-routine occupations,49,0,49
E01033940,L13: Routine occupations,55,0,55
E01033940,L14.1 and L14.2: Never worked and long-term unemployed,107,0,107
E01033940,L15: Full-time students,962,0,962
E01033940,"L4, L5 and L6: Lower managerial, administrative and professional occupations",301,0,301
E01033940,L7: Intermediate occupations,87,0,87
E01033940,L8 and L9: Small employers and own account workers,67,0,67
E01033941,"L1, L2 and L3: Higher managerial, administrative and professional occupations",301,177,124
E01033941,L10 and L11: Lower supervisory and technical occupations,44,68,-24
E01033941,L12: Semi-routine occupations,88,103,-15
E01033941,L13: Routine occupations,86,95,-9
E01033941,L14.1 and L14.2: Never worked and long-term unemployed,167,181,-14
E01033941,L15: Full-time students,113,177,-64
E01033941,"L4, L5 and L6: Lower managerial, administrative and professional occupations",252,230,22
E01033941,L7: Intermediate occupations,85,104,-19
E01033941,L8 and L9: Small employers and own account workers,101,72,29
E01033942,"L1, L2 and L3: Higher managerial, administrative and professional occupations",358,0,358
E01033942,L10 and L11: Lower supervisory and technical occupations,23,0,23
E01033942,L12: Semi-routine occupations,43,0,43
E01033942,L13: Routine occupations,73,0,73
E01033942,L14.1 and L14.2: Never worked and long-term unemployed,75,0,75
E01033942,L15: Full-time students,461,0,461
E01033942,"L4, L5 and L6: Lower managerial, administrative and professional occupations",285,0,285
E01033942,L7: Intermediate occupations,75,0,75
E01033942,L8 and L9: Small employers and own account workers,61,0,61
E01033943,"L1, L2 and L3: Higher managerial, administrative and professional occupations",287,54,233
E01033943,L10 and L11: Lower supervisory and technical occupations,78,48,30
E01033943,L12: Semi-routine occupations,144,119,25
E01033943,L13: Routine occupations,181,117,64
E01033943,L14.1 and L14.2: Never worked and long-term unemployed,153,107,46
E01033943,L15: Full-time students,586,160,426
E01033943,"L4, L5 and L6: Lower managerial, administrative and professional occupations",327,139,188
E01033943,L7: Intermediate occupations,108,77,31
E01033943,L8 and L9: Small employers and own account workers,317,117,200
E01033944,"L1, L2 and L3: Higher managerial, administrative and professional occupations",178,19,159
E01033944,L10 and L11: Lower supervisory and technical occupations,66,14,52
E01033944,L12: Semi-routine occupations,146,39,107
E01033944,L13: Routine occupations,144,36,108
E01033944,L14.1 and L14.2: Never worked and long-term unemployed,239,45,194
E01033944,L15: Full-time students,713,79,634
E01033944,"L4, L5 and L6: Lower managerial, administrative and professional occupations",300,35,265
E01033944,L7: Intermediate occupations,140,25,115
E01033944,L8 and L9: Small employers and own account workers,119,26,93
E01033945,"L1, L2 and L3: Higher managerial, administrative and professional occupations",288,203,85
E01033945,L10 and L11: Lower supervisory and technical occupations,31,38,-7
E01033945,L12: Semi-routine occupations,96,76,20
E01033945,L13: Routine occupations,80,62,18
E01033945,L14.1 and L14.2: Never worked and long-term unemployed,110,106,4
E01033945,L15: Full-time students,74,110,-36
E01033945,"L4, L5 and L6: Lower managerial, administrative and professional occupations",297,343,-46
E01033945,L7: Intermediate occupations,99,120,-21
E01033945,L8 and L9: Small employers and own account workers,90,61,29
E01033946,"L1, L2 and L3: Higher managerial, administrative and professional occupations",363,64,299
E01033946,L10 and L11: Lower supervisory and technical occupations,34,23,11
E01033946,L12: Semi-routine occupations,57,26,31
E01033946,L13: Routine occupations,49,16,33
E01033946,L14.1 and L14.2: Never worked and long-term unemployed,58,23,35
E01033946,L15: Full-time students,63,22,41
E01033946,"L4, L5 and L6: Lower managerial, administrative and professional occupations",350,116,234
E01033946,L7: Intermediate occupations,75,41,34
E01033946,L8 and L9: Small employers and own account workers,101,23,78
E01034026,"L1, L2 and L3: Higher managerial, administrative and professional occupations",264,120,144
E01034026,L10 and L11: Lower supervisory and technical occupations,59,33,26
E01034026,L12: Semi-routine occupations,55,55,0
E01034026,L13: Routine occupations,74,31,43
E01034026,L14.1 and L14.2: Never worked and long-term unemployed,59,70,-11
E01034026,L15: Full-time students,1447,183,1264
E01034026,"L4, L5 and L6: Lower managerial, administrative and professional occupations",247,201,46
E01034026,L7: Intermediate occupations,94,74,20
E01034026,L8 and L9: Small employers and own account workers,73,38,35
E01034027,"L1, L2 and L3: Higher managerial, administrative and professional occupations",194,134,60
E01034027,L10 and L11: Lower supervisory and technical occupations,88,94,-6
E01034027,L12: Semi-routine occupations,178,155,23
E01034027,L13: Routine occupations,179,129,50
E01034027,L14.1 and L14.2: Never worked and long-term unemployed,167,173,-6
E01034027,L15: Full-time students,751,217,534
E01034027,"L4, L5 and L6: Lower managerial, administrative and professional occupations",272,348,-76
E01034027,L7: Intermediate occupations,153,167,-14
E01034027,L8 and L9: Small employers and own account workers,193,163,30
E01034028,"L1, L2 and L3: Higher managerial, administrative and professional occupations",194,177,17
E01034028,L10 and L11: Lower supervisory and technical occupations,33,54,-21
E01034028,L12: Semi-routine occupations,76,77,-1
E01034028,L13: Routine occupations,104,61,43
E01034028,L14.1 and L14.2: Never worked and long-term unemployed,93,87,6
E01034028,L15: Full-time students,55,82,-27
E01034028,"L4, L5 and L6: Lower managerial, administrative and professional occupations",226,250,-24
E01034028,L7: Intermediate occupations,124,105,19
E01034028,L8 and L9: Small employers and own account workers,149,97,52
E01034029,"L1, L2 and L3: Higher managerial, administrative and professional occupations",346,225,121
E01034029,L10 and L11: Lower supervisory and technical occupations,39,38,1
E01034029,L12: Semi-routine occupations,64,55,9
E01034029,L13: Routine occupations,75,46,29
E01034029,L14.1 and L14.2: Never worked and long-term unemployed,104,66,38
E01034029,L15: Full-time students,124,90,34
E01034029,"L4, L5 and L6: Lower managerial, administrative and professional occupations",329,289,40
E01034029,L7: Intermediate occupations,109,80,29
E01034029,L8 and L9: Small employers and own account workers,93,72,21
E01034030,"L1, L2 and L3: Higher managerial, administrative and professional occupations",326,349,-23
E01034030,L10 and L11: Lower supervisory and technical occupations,61,64,-3
E01034030,L12: Semi-routine occupations,100,102,-2
E01034030,L13: Routine occupations,100,75,25
E01034030,L14.1 and L14.2: Never worked and long-term unemployed,145,65,80
E01034030,L15: Full-time students,157,128,29
E01034030,"L4, L5 and L6: Lower managerial, administrative and professional occupations",412,554,-142
E01034030,L7: Intermediate occupations,150,169,-19
E01034030,L8 and L9: Small employers and own account workers,164,119,45
E01034031,"L1, L2 and L3: Higher managerial, administrative and professional occupations",380,0,380
E01034031,L10 and L11: Lower supervisory and technical occupations,18,0,18
E01034031,L12: Semi-routine occupations,46,0,46
E01034031,L13: Routine occupations,49,0,49
E01034031,L14.1 and L14.2: Never worked and long-term unemployed,102,0,102
E01034031,L15: Full-time students,47,0,47
E01034031,"L4, L5 and L6: Lower managerial, administrative and professional occupations",270,0,270
E01034031,L7: Intermediate occupations,69,0,69
E01034031,L8 and L9: Small employers and own account workers,70,0,70
E01034032,"L1, L2 and L3: Higher managerial, administrative and professional occupations",220,127,93
E01034032,L10 and L11: Lower supervisory and technical occupations,49,47,2
E01034032,L12: Semi-routine occupations,100,110,-10
E01034032,L13: Routine occupations,134,96,38
E01034032,L14.1 and L14.2: Never worked and long-term unemployed,169,104,65
E01034032,L15: Full-time students,142,65,77
E01034032,"L4, L5 and L6: Lower managerial, administrative and professional occupations",322,236,86
E01034032,L7: Intermediate occupations,150,115,35
E01034032,L8 and L9: Small employers and own account workers,205,137,68
E01034033,"L1, L2 and L3: Higher managerial, administrative and professional occupations",434,218,216
E01034033,L10 and L11: Lower supervisory and technical occupations,37,30,7
E01034033,L12: Semi-routine occupations,85,54,31
E01034033,L13: Routine occupations,68,35,33
E01034033,L14.1 and L14.2: Never worked and long-term unemployed,80,51,29
E01034033,L15: Full-time students,67,52,15
E01034033,"L4, L5 and L6: Lower managerial, administrative and professional occupations",419,241,178
E01034033,L7: Intermediate occupations,125,84,41
E01034033,L8 and L9: Small employers and own account workers,161,82,79
E01034034,"L1, L2 and L3: Higher managerial, administrative and professional occupations",262,135,127
E01034034,L10 and L11: Lower supervisory and technical occupations,41,49,-8
E01034034,L12: Semi-routine occupations,84,43,41
E01034034,L13: Routine occupations,92,37,55
E01034034,L14.1 and L14.2: Never worked and long-term unemployed,104,57,47
E01034034,L15: Full-time students,93,77,16
E01034034,"L4, L5 and L6: Lower managerial, administrative and professional occupations",320,209,111
E01034034,L7: Intermediate occupations,136,96,40
E01034034,L8 and L9: Small employers and own account workers,131,83,48
E01034035,"L1, L2 and L3: Higher managerial, administrative and professional occupations",298,165,133
E01034035,L10 and L11: Lower supervisory and technical occupations,41,63,-22
E01034035,L12: Semi-routine occupations,70,78,-8
E01034035,L13: Routine occupations,86,59,27
E01034035,L14.1 and L14.2: Never worked and long-term unemployed,63,44,19
E01034035,L15: Full-time students,63,74,-11
E01034035,"L4, L5 and L6: Lower managerial, administrative and professional occupations",350,361,-11
E01034035,L7: Intermediate occupations,122,136,-14
E01034035,L8 and L9: Small employers and own account workers,150,130,20
E01034036,"L1, L2 and L3: Higher managerial, administrative and professional occupations",139,102,37
E01034036,L10 and L11: Lower supervisory and technical occupations,89,59,30
E01034036,L12: Semi-routine occupations,180,129,51
E01034036,L13: Routine occupations,188,78,110
E01034036,L14.1 and L14.2: Never worked and long-term unemployed,222,91,131
E01034036,L15: Full-time students,108,184,-76
E01034036,"L4, L5 and L6: Lower managerial, administrative and professional occupations",216,138,78
E01034036,L7: Intermediate occupations,114,93,21
E01034036,L8 and L9: Small employers and own account workers,112,54,58
E01034037,"L1, L2 and L3: Higher managerial, administrative and professional occupations",185,83,102
E01034037,L10 and L11: Lower supervisory and technical occupations,89,38,51
E01034037,L12: Semi-routine occupations,154,78,76
E01034037,L13: Routine occupations,171,68,103
E01034037,L14.1 and L14.2: Never worked and long-term unemployed,163,46,117
E01034037,L15: Full-time students,133,55,78
E01034037,"L4, L5 and L6: Lower managerial, administrative and professional occupations",250,108,142
E01034037,L7: Intermediate occupations,149,82,67
E01034037,L8 and L9: Small employers and own account workers,141,46,95
E01034038,"L1, L2 and L3: Higher managerial, administrative and professional occupations",124,36,88
E01034038,L10 and L11: Lower supervisory and technical occupations,85,33,52
E01034038,L12: Semi-routine occupations,160,41,119
E01034038,L13: Routine occupations,141,35,106
E01034038,L14.1 and L14.2: Never worked and long-term unemployed,196,28,168
E01034038,L15: Full-time students,145,49,96
E01034038,"L4, L5 and L6: Lower managerial, administrative and professional occupations",203,49,154
E01034038,L7: Intermediate occupations,145,42,103
E01034038,L8 and L9: Small employers and own account workers,132,33,99
E01034039,"L1, L2 and L3: Higher managerial, administrative and professional occupations",99,65,34
E01034039,L10 and L11: Lower supervisory and technical occupations,87,43,44
E01034039,L12: Semi-routine occupations,161,88,73
E01034039,L13: Routine occupations,160,69,91
E01034039,L14.1 and L14.2: Never worked and long-term unemployed,212,66,146
E01034039,L15: Full-time students,91,104,-13
E01034039,"L4, L5 and L6: Lower managerial, administrative and professional occupations",185,128,57
E01034039,L7: Intermediate occupations,129,65,64
E01034039,L8 and L9: Small employers and own account workers,98,49,49
E01034040,"L1, L2 and L3: Higher managerial, administrative and professional occupations",121,91,30
E01034040,L10 and L11: Lower supervisory and technical occupations,82,74,8
E01034040,L12: Semi-routine occupations,156,169,-13
E01034040,L13: Routine occupations,187,98,89
E01034040,L14.1 and L14.2: Never worked and long-term unemployed,183,102,81
E01034040,L15: Full-time students,134,154,-20
E01034040,"L4, L5 and L6: Lower managerial, administrative and professional occupations",152,164,-12
E01034040,L7: Intermediate occupations,114,88,26
E01034040,L8 and L9: Small employers and own account workers,163,101,62
E01034041,"L1, L2 and L3: Higher managerial, administrative and professional occupations",109,94,15
E01034041,L10 and L11: Lower supervisory and technical occupations,65,67,-2
E01034041,L12: Semi-routine occupations,146,142,4
E01034041,L13: Routine occupations,172,88,84
E01034041,L14.1 and L14.2: Never worked and long-term unemployed,137,79,58
E01034041,L15: Full-time students,112,133,-21
E01034041,"L4, L5 and L6: Lower managerial, administrative and professional occupations",161,178,-17
E01034041,L7: Intermediate occupations,113,124,-11
E01034041,L8 and L9: Small employers and own account workers,154,83,71
E01034042,"L1, L2 and L3: Higher managerial, administrative and professional occupations",179,44,135
E01034042,L10 and L11: Lower supervisory and technical occupations,46,37,9
E01034042,L12: Semi-routine occupations,112,71,41
E01034042,L13: Routine occupations,99,57,42
E01034042,L14.1 and L14.2: Never worked and long-term unemployed,104,60,44
E01034042,L15: Full-time students,47,53,-6
E01034042,"L4, L5 and L6: Lower managerial, administrative and professional occupations",203,64,139
E01034042,L7: Intermediate occupations,90,61,29
E01034042,L8 and L9: Small employers and own account workers,79,47,32
E01034043,"L1, L2 and L3: Higher managerial, administrative and professional occupations",240,74,166
E01034043,L10 and L11: Lower supervisory and technical occupations,30,25,5
E01034043,L12: Semi-routine occupations,98,86,12
E01034043,L13: Routine occupations,102,89,13
E01034043,L14.1 and L14.2: Never worked and long-term unemployed,146,86,60
E01034043,L15: Full-time students,79,67,12
E01034043,"L4, L5 and L6: Lower managerial, administrative and professional occupations",229,125,104
E01034043,L7: Intermediate occupations,90,80,10
E01034043,L8 and L9: Small employers and own account workers,126,60,66
E01034044,"L1, L2 and L3: Higher managerial, administrative and professional occupations",293,78,215
E01034044,L10 and L11: Lower supervisory and technical occupations,29,21,8
E01034044,L12: Semi-routine occupations,60,41,19
E01034044,L13: Routine occupations,42,24,18
E01034044,L14.1 and L14.2: Never worked and long-term unemployed,102,25,77
E01034044,L15: Full-time students,53,24,29
E01034044,"L4, L5 and L6: Lower managerial, administrative and professional occupations",253,125,128
E01034044,L7: Intermediate occupations,73,50,23
E01034044,L8 and L9: Small employers and own account workers,107,44,63
E01034045,"L1, L2 and L3: Higher managerial, administrative and professional occupations",353,126,227
E01034045,L10 and L11: Lower supervisory and technical occupations,47,26,21
E01034045,L12: Semi-routine occupations,105,56,49
E01034045,L13: Routine occupations,74,45,29
E01034045,L14.1 and L14.2: Never worked and long-term unemployed,102,50,52
E01034045,L15: Full-time students,116,53,63
E01034045,"L4, L5 and L6: Lower managerial, administrative and professional occupations",408,210,198
E01034045,L7: Intermediate occupations,146,82,64
E01034045,L8 and L9: Small employers and own account workers,119,38,81
E01034046,"L1, L2 and L3: Higher managerial, administrative and professional occupations",96,84,12
E01034046,L10 and L11: Lower supervisory and technical occupations,95,91,4
E01034046,L12: Semi-routine occupations,180,208,-28
E01034046,L13: Routine occupations,205,152,53
E01034046,L14.1 and L14.2: Never worked and long-term unemployed,233,182,51
E01034046,L15: Full-time students,137,129,8
E01034046,"L4, L5 and L6: Lower managerial, administrative and professional occupations",218,220,-2
E01034046,L7: Intermediate occupations,159,138,21
E01034046,L8 and L9: Small employers and own account workers,166,139,27
E01034139,"L1, L2 and L3: Higher managerial, administrative and professional occupations",113,44,69
E01034139,L10 and L11: Lower supervisory and technical occupations,75,38,37
E01034139,L12: Semi-routine occupations,179,139,40
E01034139,L13: Routine occupations,164,66,98
E01034139,L14.1 and L14.2: Never worked and long-term unemployed,196,137,59
E01034139,L15: Full-time students,137,146,-9
E01034139,"L4, L5 and L6: Lower managerial, administrative and professional occupations",234,159,75
E01034139,L7: Intermediate occupations,133,111,22
E01034139,L8 and L9: Small employers and own account workers,163,82,81
E01034140,"L1, L2 and L3: Higher managerial, administrative and professional occupations",138,104,34
E01034140,L10 and L11: Lower supervisory and technical occupations,35,56,-21
E01034140,L12: Semi-routine occupations,99,152,-53
E01034140,L13: Routine occupations,87,90,-3
E01034140,L14.1 and L14.2: Never worked and long-term unemployed,101,98,3
E01034140,L15: Full-time students,82,115,-33
E01034140,"L4, L5 and L6: Lower managerial, administrative and professional occupations",202,267,-65
E01034140,L7: Intermediate occupations,96,129,-33
E01034140,L8 and L9: Small employers and own account workers,106,95,11
E01034141,"L1, L2 and L3: Higher managerial, administrative and professional occupations",209,65,144
E01034141,L10 and L11: Lower supervisory and technical occupations,41,21,20
E01034141,L12: Semi-routine occupations,130,56,74
E01034141,L13: Routine occupations,104,26,78
E01034141,L14.1 and L14.2: Never worked and long-term unemployed,80,23,57
E01034141,L15: Full-time students,67,36,31
E01034141,"L4, L5 and L6: Lower managerial, administrative and professional occupations",239,89,150
E01034141,L7: Intermediate occupations,105,57,48
E01034141,L8 and L9: Small employers and own account workers,110,16,94
E01034142,"L1, L2 and L3: Higher managerial, administrative and professional occupations",167,151,16
E01034142,L10 and L11: Lower supervisory and technical occupations,50,45,5
E01034142,L12: Semi-routine occupations,105,106,-1
E01034142,L13: Routine occupations,111,53,58
E01034142,L14.1 and L14.2: Never worked and long-term unemployed,185,80,105
E01034142,L15: Full-time students,76,59,17
E01034142,"L4, L5 and L6: Lower managerial, administrative and professional occupations",254,196,58
E01034142,L7: Intermediate occupations,90,124,-34
E01034142,L8 and L9: Small employers and own account workers,119,52,67
E01034143,"L1, L2 and L3: Higher managerial, administrative and professional occupations",227,37,190
E01034143,L10 and L11: Lower supervisory and technical occupations,47,10,37
E01034143,L12: Semi-routine occupations,118,33,85
E01034143,L13: Routine occupations,66,10,56
E01034143,L14.1 and L14.2: Never worked and long-term unemployed,82,19,63
E01034143,L15: Full-time students,82,26,56
E01034143,"L4, L5 and L6: Lower managerial, administrative and professional occupations",297,51,246
E01034143,L7: Intermediate occupations,117,22,95
E01034143,L8 and L9: Small employers and own account workers,80,8,72
E01034144,"L1, L2 and L3: Higher managerial, administrative and professional occupations",175,41,134
E01034144,L10 and L11: Lower supervisory and technical occupations,49,34,15
E01034144,L12: Semi-routine occupations,120,69,51
E01034144,L13: Routine occupations,109,56,53
E01034144,L14.1 and L14.2: Never worked and long-term unemployed,79,40,39
E01034144,L15: Full-time students,73,34,39
E01034144,"L4, L5 and L6: Lower managerial, administrative and professional occupations",237,92,145
E01034144,L7: Intermediate occupations,100,75,25
E01034144,L8 and L9: Small employers and own account workers,113,42,71
E01034145,"L1, L2 and L3: Higher managerial, administrative and professional occupations",103,81,22
E01034145,L10 and L11: Lower supervisory and technical occupations,51,66,-15
E01034145,L12: Semi-routine occupations,153,145,8
E01034145,L13: Routine occupations,113,71,42
E01034145,L14.1 and L14.2: Never worked and long-term unemployed,113,90,23
E01034145,L15: Full-time students,103,88,15
E01034145,"L4, L5 and L6: Lower managerial, administrative and professional occupations",172,170,2
E01034145,L7: Intermediate occupations,99,122,-23
E01034145,L8 and L9: Small employers and own account workers,109,64,45
E01034146,"L1, L2 and L3: Higher managerial, administrative and professional occupations",197,81,116
E01034146,L10 and L11: Lower supervisory and technical occupations,52,39,13
E01034146,L12: Semi-routine occupations,99,74,25
E01034146,L13: Routine occupations,82,34,48
E01034146,L14.1 and L14.2: Never worked and long-term unemployed,64,25,39
E01034146,L15: Full-time students,81,28,53
E01034146,"L4, L5 and L6: Lower managerial, administrative and professional occupations",260,174,86
E01034146,L7: Intermediate occupations,121,87,34
E01034146,L8 and L9: Small employers and own account workers,85,30,55
E01034147,"L1, L2 and L3: Higher managerial, administrative and professional occupations",318,0,318
E01034147,L10 and L11: Lower supervisory and technical occupations,21,0,21
E01034147,L12: Semi-routine occupations,70,0,70
E01034147,L13: Routine occupations,42,0,42
E01034147,L14.1 and L14.2: Never worked and long-term unemployed,60,0,60
E01034147,L15: Full-time students,64,0,64
E01034147,"L4, L5 and L6: Lower managerial, administrative and professional occupations",303,0,303
E01034147,L7: Intermediate occupations,89,0,89
E01034147,L8 and L9: Small employers and own account workers,56,0,56
E01034148,"L1, L2 and L3: Higher managerial, administrative and professional occupations",409,0,409
E01034148,L10 and L11: Lower supervisory and technical occupations,46,0,46
E01034148,L12: Semi-routine occupations,80,0,80
E01034148,L13: Routine occupations,67,0,67
E01034148,L14.1 and L14.2: Never worked and long-term unemployed,161,0,161
E01034148,L15: Full-time students,111,0,111
E01034148,"L4, L5 and L6: Lower managerial, administrative and professional occupations",374,0,374
E01034148,L7: Intermediate occupations,124,0,124
E01034148,L8 and L9: Small employers and own account workers,96,0,96
E01034149,"L1, L2 and L3: Higher managerial, administrative and professional occupations",362,264,98
E01034149,L10 and L11: Lower supervisory and technical occupations,86,77,9
E01034149,L12: Semi-routine occupations,169,130,39
E01034149,L13: Routine occupations,109,102,7
E01034149,L14.1 and L14.2: Never worked and long-term unemployed,145,125,20
E01034149,L15: Full-time students,69,89,-20
E01034149,"L4, L5 and L6: Lower managerial, administrative and professional occupations",438,372,66
E01034149,L7: Intermediate occupations,224,200,24
E01034149,L8 and L9: Small employers and own account workers,168,98,70
E01034150,"L1, L2 and L3: Higher managerial, administrative and professional occupations",199,78,121
E01034150,L10 and L11: Lower supervisory and technical occupations,46,36,10
E01034150,L12: Semi-routine occupations,102,59,43
E01034150,L13: Routine occupations,92,36,56
E01034150,L14.1 and L14.2: Never worked and long-term unemployed,104,26,78
E01034150,L15: Full-time students,60,58,2
E01034150,"L4, L5 and L6: Lower managerial, administrative and professional occupations",266,160,106
E01034150,L7: Intermediate occupations,105,67,38
E01034150,L8 and L9: Small employers and own account workers,101,50,51
E01034151,"L1, L2 and L3: Higher managerial, administrative and professional occupations",256,72,184
E01034151,L10 and L11: Lower supervisory and technical occupations,21,28,-7
E01034151,L12: Semi-routine occupations,74,46,28
E01034151,L13: Routine occupations,55,22,33
E01034151,L14.1 and L14.2: Never worked and long-term unemployed,70,30,40
E01034151,L15: Full-time students,79,41,38
E01034151,"L4, L5 and L6: Lower managerial, administrative and professional occupations",271,141,130
E01034151,L7: Intermediate occupations,89,55,34
E01034151,L8 and L9: Small employers and own account workers,74,27,47
E01034152,"L1, L2 and L3: Higher managerial, administrative and professional occupations",167,93,74
E01034152,L10 and L11: Lower supervisory and technical occupations,70,66,4
E01034152,L12: Semi-routine occupations,136,123,13
E01034152,L13: Routine occupations,110,77,33
E01034152,L14.1 and L14.2: Never worked and long-term unemployed,141,114,27
E01034152,L15: Full-time students,92,79,13
E01034152,"L4, L5 and L6: Lower managerial, administrative and professional occupations",243,210,33
E01034152,L7: Intermediate occupations,129,142,-13
E01034152,L8 and L9: Small employers and own account workers,147,116,31
E01034153,"L1, L2 and L3: Higher managerial, administrative and professional occupations",147,117,30
E01034153,L10 and L11: Lower supervisory and technical occupations,64,71,-7
E01034153,L12: Semi-routine occupations,128,114,14
E01034153,L13: Routine occupations,92,76,16
E01034153,L14.1 and L14.2: Never worked and long-term unemployed,70,42,28
E01034153,L15: Full-time students,66,61,5
E01034153,"L4, L5 and L6: Lower managerial, administrative and professional occupations",231,242,-11
E01034153,L7: Intermediate occupations,160,183,-23
E01034153,L8 and L9: Small employers and own account workers,129,92,37
E01034154,"L1, L2 and L3: Higher managerial, administrative and professional occupations",308,13,295
E01034154,L10 and L11: Lower supervisory and technical occupations,42,16,26
E01034154,L12: Semi-routine occupations,65,25,40
E01034154,L13: Routine occupations,62,20,42
E01034154,L14.1 and L14.2: Never worked and long-term unemployed,49,23,26
E01034154,L15: Full-time students,61,28,33
E01034154,"L4, L5 and L6: Lower managerial, administrative and professional occupations",348,36,312
E01034154,L7: Intermediate occupations,159,34,125
E01034154,L8 and L9: Small employers and own account workers,89,30,59
E01034155,"L1, L2 and L3: Higher managerial, administrative and professional occupations",211,61,150
E01034155,L10 and L11: Lower supervisory and technical occupations,81,71,10
E01034155,L12: Semi-routine occupations,167,161,6
E01034155,L13: Routine occupations,145,95,50
E01034155,L14.1 and L14.2: Never worked and long-term unemployed,182,56,126
E01034155,L15: Full-time students,116,51,65
E01034155,"L4, L5 and L6: Lower managerial, administrative and professional occupations",323,168,155
E01034155,L7: Intermediate occupations,162,142,20
E01034155,L8 and L9: Small employers and own account workers,168,92,76
E01034156,"L1, L2 and L3: Higher managerial, administrative and professional occupations",255,80,175
E01034156,L10 and L11: Lower supervisory and technical occupations,60,38,22
E01034156,L12: Semi-routine occupations,73,66,7
E01034156,L13: Routine occupations,97,42,55
E01034156,L14.1 and L14.2: Never worked and long-term unemployed,87,43,44
E01034156,L15: Full-time students,64,44,20
E01034156,"L4, L5 and L6: Lower managerial, administrative and professional occupations",291,207,84
E01034156,L7: Intermediate occupations,107,94,13
E01034156,L8 and L9: Small employers and own account workers,101,35,66
E01034173,"L1, L2 and L3: Higher managerial, administrative and professional occupations",109,94,15
E01034173,L10 and L11: Lower supervisory and technical occupations,74,122,-48
E01034173,L12: Semi-routine occupations,183,356,-173
E01034173,L13: Routine occupations,191,256,-65
E01034173,L14.1 and L14.2: Never worked and long-term unemployed,267,326,-59
E01034173,L15: Full-time students,158,328,-170
E01034173,"L4, L5 and L6: Lower managerial, administrative and professional occupations",221,301,-80
E01034173,L7: Intermediate occupations,124,176,-52
E01034173,L8 and L9: Small employers and own account workers,115,156,-41
E01034174,"L1, L2 and L3: Higher managerial, administrative and professional occupations",316,26,290
E01034174,L10 and L11: Lower supervisory and technical occupations,30,15,15
E01034174,L12: Semi-routine occupations,67,27,40
E01034174,L13: Routine occupations,60,18,42
E01034174,L14.1 and L14.2: Never worked and long-term unemployed,124,28,96
E01034174,L15: Full-time students,50,26,24
E01034174,"L4, L5 and L6: Lower managerial, administrative and professional occupations",217,68,149
E01034174,L7: Intermediate occupations,76,37,39
E01034174,L8 and L9: Small employers and own account workers,99,27,72
E01034175,"L1, L2 and L3: Higher managerial, administrative and professional occupations",429,11,418
E01034175,L10 and L11: Lower supervisory and technical occupations,44,7,37
E01034175,L12: Semi-routine occupations,42,50,-8
E01034175,L13: Routine occupations,40,28,12
E01034175,L14.1 and L14.2: Never worked and long-term unemployed,39,56,-17
E01034175,L15: Full-time students,42,40,2
E01034175,"L4, L5 and L6: Lower managerial, administrative and professional occupations",336,35,301
E01034175,L7: Intermediate occupations,82,26,56
E01034175,L8 and L9: Small employers and own account workers,82,35,47
E01034176,"L1, L2 and L3: Higher managerial, administrative and professional occupations",136,67,69
E01034176,L10 and L11: Lower supervisory and technical occupations,110,79,31
E01034176,L12: Semi-routine occupations,146,163,-17
E01034176,L13: Routine occupations,201,146,55
E01034176,L14.1 and L14.2: Never worked and long-term unemployed,228,124,104
E01034176,L15: Full-time students,193,141,52
E01034176,"L4, L5 and L6: Lower managerial, administrative and professional occupations",238,175,63
E01034176,L7: Intermediate occupations,161,148,13
E01034176,L8 and L9: Small employers and own account workers,176,95,81
E01034177,"L1, L2 and L3: Higher managerial, administrative and professional occupations",264,0,264
E01034177,L10 and L11: Lower supervisory and technical occupations,37,0,37
E01034177,L12: Semi-routine occupations,108,0,108
E01034177,L13: Routine occupations,84,0,84
E01034177,L14.1 and L14.2: Never worked and long-term unemployed,124,0,124
E01034177,L15: Full-time students,124,0,124
E01034177,"L4, L5 and L6: Lower managerial, administrative and professional occupations",280,0,280
E01034177,L7: Intermediate occupations,112,0,112
E01034177,L8 and L9: Small employers and own account workers,101,0,101
E01034178,"L1, L2 and L3: Higher managerial, administrative and professional occupations",557,0,557
E01034178,L10 and L11: Lower supervisory and technical occupations,29,0,29
E01034178,L12: Semi-routine occupations,86,0,86
E01034178,L13: Routine occupations,59,0,59
E01034178,L14.1 and L14.2: Never worked and long-term unemployed,90,0,90
E01034178,L15: Full-time students,112,0,112
E01034178,"L4, L5 and L6: Lower managerial, administrative and professional occupations",314,0,314
E01034178,L7: Intermediate occupations,92,0,92
E01034178,L8 and L9: Small employers and own account workers,61,0,61
E01034179,"L1, L2 and L3: Higher managerial, administrative and professional occupations",264,64,200
E01034179,L10 and L11: Lower supervisory and technical occupations,33,39,-6
E01034179,L12: Semi-routine occupations,89,73,16
E01034179,L13: Routine occupations,70,46,24
E01034179,L14.1 and L14.2: Never worked and long-term unemployed,91,77,14
E01034179,L15: Full-time students,296,324,-28
E01034179,"L4, L5 and L6: Lower managerial, administrative and professional occupations",224,112,112
E01034179,L7: Intermediate occupations,80,57,23
E01034179,L8 and L9: Small employers and own account workers,69,39,30
E01034180,"L1, L2 and L3: Higher managerial, administrative and professional occupations",104,93,11
E01034180,L10 and L11: Lower supervisory and technical occupations,38,46,-8
E01034180,L12: Semi-routine occupations,123,119,4
E01034180,L13: Routine occupations,98,80,18
E01034180,L14.1 and L14.2: Never worked and long-term unemployed,138,123,15
E01034180,L15: Full-time students,138,162,-24
E01034180,"L4, L5 and L6: Lower managerial, administrative and professional occupations",160,185,-25
E01034180,L7: Intermediate occupations,87,103,-16
E01034180,L8 and L9: Small employers and own account workers,83,66,17
E01034181,"L1, L2 and L3: Higher managerial, administrative and professional occupations",555,134,421
E01034181,L10 and L11: Lower supervisory and technical occupations,40,16,24
E01034181,L12: Semi-routine occupations,59,38,21
E01034181,L13: Routine occupations,36,20,16
E01034181,L14.1 and L14.2: Never worked and long-term unemployed,39,18,21
E01034181,L15: Full-time students,368,25,343
E01034181,"L4, L5 and L6: Lower managerial, administrative and professional occupations",326,182,144
E01034181,L7: Intermediate occupations,100,66,34
E01034181,L8 and L9: Small employers and own account workers,56,20,36
E01034182,"L1, L2 and L3: Higher managerial, administrative and professional occupations",447,98,349
E01034182,L10 and L11: Lower supervisory and technical occupations,34,14,20
E01034182,L12: Semi-routine occupations,73,29,44
E01034182,L13: Routine occupations,48,34,14
E01034182,L14.1 and L14.2: Never worked and long-term unemployed,76,46,30
E01034182,L15: Full-time students,93,34,59
E01034182,"L4, L5 and L6: Lower managerial, administrative and professional occupations",280,157,123
E01034182,L7: Intermediate occupations,84,51,33
E01034182,L8 and L9: Small employers and own account workers,78,31,47
E01034183,"L1, L2 and L3: Higher managerial, administrative and professional occupations",440,88,352
E01034183,L10 and L11: Lower supervisory and technical occupations,19,21,-2
E01034183,L12: Semi-routine occupations,74,42,32
E01034183,L13: Routine occupations,38,30,8
E01034183,L14.1 and L14.2: Never worked and long-term unemployed,87,22,65
E01034183,L15: Full-time students,90,51,39
E01034183,"L4, L5 and L6: Lower managerial, administrative and professional occupations",313,122,191
E01034183,L7: Intermediate occupations,91,41,50
E01034183,L8 and L9: Small employers and own account workers,64,38,26
E01034184,"L1, L2 and L3: Higher managerial, administrative and professional occupations",353,71,282
E01034184,L10 and L11: Lower supervisory and technical occupations,27,4,23
E01034184,L12: Semi-routine occupations,70,4,66
E01034184,L13: Routine occupations,52,2,50
E01034184,L14.1 and L14.2: Never worked and long-term unemployed,66,6,60
E01034184,L15: Full-time students,73,21,52
E01034184,"L4, L5 and L6: Lower managerial, administrative and professional occupations",226,92,134
E01034184,L7: Intermediate occupations,72,24,48
E01034184,L8 and L9: Small employers and own account workers,51,17,34
E01034185,"L1, L2 and L3: Higher managerial, administrative and professional occupations",360,148,212
E01034185,L10 and L11: Lower supervisory and technical occupations,37,30,7
E01034185,L12: Semi-routine occupations,54,39,15
E01034185,L13: Routine occupations,55,26,29
E01034185,L14.1 and L14.2: Never worked and long-term unemployed,51,21,30
E01034185,L15: Full-time students,57,53,4
E01034185,"L4, L5 and L6: Lower managerial, administrative and professional occupations",254,202,52
E01034185,L7: Intermediate occupations,74,62,12
E01034185,L8 and L9: Small employers and own account workers,81,57,24
E01034186,"L1, L2 and L3: Higher managerial, administrative and professional occupations",470,80,390
E01034186,L10 and L11: Lower supervisory and technical occupations,35,5,30
E01034186,L12: Semi-routine occupations,41,8,33
E01034186,L13: Routine occupations,44,3,41
E01034186,L14.1 and L14.2: Never worked and long-term unemployed,46,1,45
E01034186,L15: Full-time students,63,20,43
E01034186,"L4, L5 and L6: Lower managerial, administrative and professional occupations",367,77,290
E01034186,L7: Intermediate occupations,103,21,82
E01034186,L8 and L9: Small employers and own account workers,77,8,69
E01034187,"L1, L2 and L3: Higher managerial, administrative and professional occupations",242,90,152
E01034187,L10 and L11: Lower supervisory and technical occupations,44,27,17
E01034187,L12: Semi-routine occupations,71,64,7
E01034187,L13: Routine occupations,67,30,37
E01034187,L14.1 and L14.2: Never worked and long-term unemployed,130,27,103
E01034187,L15: Full-time students,61,68,-7
E01034187,"L4, L5 and L6: Lower managerial, administrative and professional occupations",303,211,92
E01034187,L7: Intermediate occupations,108,97,11
E01034187,L8 and L9: Small employers and own account workers,81,39,42
E01034188,"L1, L2 and L3: Higher managerial, administrative and professional occupations",463,0,463
E01034188,L10 and L11: Lower supervisory and technical occupations,21,0,21
E01034188,L12: Semi-routine occupations,64,0,64
E01034188,L13: Routine occupations,46,0,46
E01034188,L14.1 and L14.2: Never worked and long-term unemployed,65,0,65
E01034188,L15: Full-time students,95,0,95
E01034188,"L4, L5 and L6: Lower managerial, administrative and professional occupations",256,0,256
E01034188,L7: Intermediate occupations,76,0,76
E01034188,L8 and L9: Small employers and own account workers,70,0,70
E01034189,"L1, L2 and L3: Higher managerial, administrative and professional occupations",473,0,473
E01034189,L10 and L11: Lower supervisory and technical occupations,21,0,21
E01034189,L12: Semi-routine occupations,34,0,34
E01034189,L13: Routine occupations,29,0,29
E01034189,L14.1 and L14.2: Never worked and long-term unemployed,61,0,61
E01034189,L15: Full-time students,52,0,52
E01034189,"L4, L5 and L6: Lower managerial, administrative and professional occupations",249,0,249
E01034189,L7: Intermediate occupations,61,0,61
E01034189,L8 and L9: Small employers and own account workers,41,0,41
E01034190,"L1, L2 and L3: Higher managerial, administrative and professional occupations",169,106,63
E01034190,L10 and L11: Lower supervisory and technical occupations,59,60,-1
E01034190,L12: Semi-routine occupations,169,156,13
E01034190,L13: Routine occupations,135,113,22
E01034190,L14.1 and L14.2: Never worked and long-term unemployed,160,147,13
E01034190,L15: Full-time students,151,184,-33
E01034190,"L4, L5 and L6: Lower managerial, administrative and professional occupations",230,200,30
E01034190,L7: Intermediate occupations,136,104,32
E01034190,L8 and L9: Small employers and own account workers,148,93,55
E01034191,"L1, L2 and L3: Higher managerial, administrative and professional occupations",551,16,535
E01034191,L10 and L11: Lower supervisory and technical occupations,27,9,18
E01034191,L12: Semi-routine occupations,73,33,40
E01034191,L13: Routine occupations,40,28,12
E01034191,L14.1 and L14.2: Never worked and long-term unemployed,88,30,58
E01034191,L15: Full-time students,92,32,60
E01034191,"L4, L5 and L6: Lower managerial, administrative and professional occupations",312,45,267
E01034191,L7: Intermediate occupations,98,29,69
E01034191,L8 and L9: Small employers and own account workers,81,13,68
E01034192,"L1, L2 and L3: Higher managerial, administrative and professional occupations",527,269,258
E01034192,L10 and L11: Lower supervisory and technical occupations,72,57,15
E01034192,L12: Semi-routine occupations,141,152,-11
E01034192,L13: Routine occupations,142,98,44
E01034192,L14.1 and L14.2: Never worked and long-term unemployed,153,95,58
E01034192,L15: Full-time students,113,142,-29
E01034192,"L4, L5 and L6: Lower managerial, administrative and professional occupations",429,385,44
E01034192,L7: Intermediate occupations,164,137,27
E01034192,L8 and L9: Small employers and own account workers,162,105,57
E01034193,"L1, L2 and L3: Higher managerial, administrative and professional occupations",418,0,418
E01034193,L10 and L11: Lower supervisory and technical occupations,20,0,20
E01034193,L12: Semi-routine occupations,56,0,56
E01034193,L13: Routine occupations,54,0,54
E01034193,L14.1 and L14.2: Never worked and long-term unemployed,75,0,75
E01034193,L15: Full-time students,115,0,115
E01034193,"L4, L5 and L6: Lower managerial, administrative and professional occupations",271,0,271
E01034193,L7: Intermediate occupations,93,0,93
E01034193,L8 and L9: Small employers and own account workers,90,0,90
E01034194,"L1, L2 and L3: Higher managerial, administrative and professional occupations",420,113,307
E01034194,L10 and L11: Lower supervisory and technical occupations,29,4,25
E01034194,L12: Semi-routine occupations,54,15,39
E01034194,L13: Routine occupations,45,4,41
E01034194,L14.1 and L14.2: Never worked and long-term unemployed,53,8,45
E01034194,L15: Full-time students,89,19,70
E01034194,"L4, L5 and L6: Lower managerial, administrative and professional occupations",281,108,173
E01034194,L7: Intermediate occupations,74,24,50
E01034194,L8 and L9: Small employers and own account workers,64,17,47
E01034195,"L1, L2 and L3: Higher managerial, administrative and professional occupations",254,0,254
E01034195,L10 and L11: Lower supervisory and technical occupations,30,0,30
E01034195,L12: Semi-routine occupations,64,0,64
E01034195,L13: Routine occupations,35,0,35
E01034195,L14.1 and L14.2: Never worked and long-term unemployed,57,0,57
E01034195,L15: Full-time students,264,0,264
E01034195,"L4, L5 and L6: Lower managerial, administrative and professional occupations",206,0,206
E01034195,L7: Intermediate occupations,64,0,64
E01034195,L8 and L9: Small employers and own account workers,41,0,41
E01034196,"L1, L2 and L3: Higher managerial, administrative and professional occupations",393,233,160
E01034196,L10 and L11: Lower supervisory and technical occupations,25,6,19
E01034196,L12: Semi-routine occupations,59,16,43
E01034196,L13: Routine occupations,38,9,29
E01034196,L14.1 and L14.2: Never worked and long-term unemployed,51,31,20
E01034196,L15: Full-time students,89,58,31
E01034196,"L4, L5 and L6: Lower managerial, administrative and professional occupations",263,203,60
E01034196,L7: Intermediate occupations,75,56,19
E01034196,L8 and L9: Small employers and own account workers,77,41,36
E01034198,"L1, L2 and L3: Higher managerial, administrative and professional occupations",218,165,53
E01034198,L10 and L11: Lower supervisory and technical occupations,96,119,-23
E01034198,L12: Semi-routine occupations,207,256,-49
E01034198,L13: Routine occupations,229,181,48
E01034198,L14.1 and L14.2: Never worked and long-term unemployed,191,220,-29
E01034198,L15: Full-time students,197,304,-107
E01034198,"L4, L5 and L6: Lower managerial, administrative and professional occupations",335,339,-4
E01034198,L7: Intermediate occupations,165,199,-34
E01034198,L8 and L9: Small employers and own account workers,207,197,10
E01034199,"L1, L2 and L3: Higher managerial, administrative and professional occupations",150,137,13
E01034199,L10 and L11: Lower supervisory and technical occupations,78,90,-12
E01034199,L12: Semi-routine occupations,179,181,-2
E01034199,L13: Routine occupations,182,111,71
E01034199,L14.1 and L14.2: Never worked and long-term unemployed,208,136,72
E01034199,L15: Full-time students,150,214,-64
E01034199,"L4, L5 and L6: Lower managerial, administrative and professional occupations",213,285,-72
E01034199,L7: Intermediate occupations,131,131,0
E01034199,L8 and L9: Small employers and own account workers,165,108,57
E01034200,"L1, L2 and L3: Higher managerial, administrative and professional occupations",382,120,262
E01034200,L10 and L11: Lower supervisory and technical occupations,53,42,11
E01034200,L12: Semi-routine occupations,80,81,-1
E01034200,L13: Routine occupations,79,61,18
E01034200,L14.1 and L14.2: Never worked and long-term unemployed,127,57,70
E01034200,L15: Full-time students,177,161,16
E01034200,"L4, L5 and L6: Lower managerial, administrative and professional occupations",307,197,110
E01034200,L7: Intermediate occupations,74,67,7
E01034200,L8 and L9: Small employers and own account workers,90,63,27
E01034201,"L1, L2 and L3: Higher managerial, administrative and professional occupations",72,21,51
E01034201,L10 and L11: Lower supervisory and technical occupations,54,28,26
E01034201,L12: Semi-routine occupations,115,86,29
E01034201,L13: Routine occupations,141,61,80
E01034201,L14.1 and L14.2: Never worked and long-term unemployed,142,108,34
E01034201,L15: Full-time students,136,113,23
E01034201,"L4, L5 and L6: Lower managerial, administrative and professional occupations",160,78,82
E01034201,L7: Intermediate occupations,100,63,37
E01034201,L8 and L9: Small employers and own account workers,139,61,78
E01034202,"L1, L2 and L3: Higher managerial, administrative and professional occupations",106,41,65
E01034202,L10 and L11: Lower supervisory and technical occupations,45,60,-15
E01034202,L12: Semi-routine occupations,162,128,34
E01034202,L13: Routine occupations,149,93,56
E01034202,L14.1 and L14.2: Never worked and long-term unemployed,162,123,39
E01034202,L15: Full-time students,161,181,-20
E01034202,"L4, L5 and L6: Lower managerial, administrative and professional occupations",166,138,28
E01034202,L7: Intermediate occupations,107,82,25
E01034202,L8 and L9: Small employers and own account workers,228,82,146
E01034203,"L1, L2 and L3: Higher managerial, administrative and professional occupations",162,9,153
E01034203,L10 and L11: Lower supervisory and technical occupations,54,9,45
E01034203,L12: Semi-routine occupations,144,49,95
E01034203,L13: Routine occupations,142,36,106
E01034203,L14.1 and L14.2: Never worked and long-term unemployed,109,46,63
E01034203,L15: Full-time students,76,68,8
E01034203,"L4, L5 and L6: Lower managerial, administrative and professional occupations",204,47,157
E01034203,L7: Intermediate occupations,82,24,58
E01034203,L8 and L9: Small employers and own account workers,100,31,69
E01034204,"L1, L2 and L3: Higher managerial, administrative and professional occupations",76,57,19
E01034204,L10 and L11: Lower supervisory and technical occupations,43,91,-48
E01034204,L12: Semi-routine occupations,190,185,5
E01034204,L13: Routine occupations,164,156,8
E01034204,L14.1 and L14.2: Never worked and long-term unemployed,287,201,86
E01034204,L15: Full-time students,201,283,-82
E01034204,"L4, L5 and L6: Lower managerial, administrative and professional occupations",212,162,50
E01034204,L7: Intermediate occupations,102,132,-30
E01034204,L8 and L9: Small employers and own account workers,224,122,102
E01034205,"L1, L2 and L3: Higher managerial, administrative and professional occupations",109,86,23
E01034205,L10 and L11: Lower supervisory and technical occupations,53,67,-14
E01034205,L12: Semi-routine occupations,109,105,4
E01034205,L13: Routine occupations,144,103,41
E01034205,L14.1 and L14.2: Never worked and long-term unemployed,132,147,-15
E01034205,L15: Full-time students,116,154,-38
E01034205,"L4, L5 and L6: Lower managerial, administrative and professional occupations",184,181,3
E01034205,L7: Intermediate occupations,114,93,21
E01034205,L8 and L9: Small employers and own account workers,219,189,30
E01034206,"L1, L2 and L3: Higher managerial, administrative and professional occupations",249,9,240
E01034206,L10 and L11: Lower supervisory and technical occupations,61,8,53
E01034206,L12: Semi-routine occupations,109,42,67
E01034206,L13: Routine occupations,113,24,89
E01034206,L14.1 and L14.2: Never worked and long-term unemployed,173,59,114
E01034206,L15: Full-time students,169,50,119
E01034206,"L4, L5 and L6: Lower managerial, administrative and professional occupations",270,25,245
E01034206,L7: Intermediate occupations,115,31,84
E01034206,L8 and L9: Small employers and own account workers,130,12,118
E01034207,"L1, L2 and L3: Higher managerial, administrative and professional occupations",401,142,259
E01034207,L10 and L11: Lower supervisory and technical occupations,44,22,22
E01034207,L12: Semi-routine occupations,85,29,56
E01034207,L13: Routine occupations,64,22,42
E01034207,L14.1 and L14.2: Never worked and long-term unemployed,46,30,16
E01034207,L15: Full-time students,90,111,-21
E01034207,"L4, L5 and L6: Lower managerial, administrative and professional occupations",336,185,151
E01034207,L7: Intermediate occupations,100,77,23
E01034207,L8 and L9: Small employers and own account workers,106,35,71
E01034208,"L1, L2 and L3: Higher managerial, administrative and professional occupations",92,44,48
E01034208,L10 and L11: Lower supervisory and technical occupations,72,95,-23
E01034208,L12: Semi-routine occupations,208,202,6
E01034208,L13: Routine occupations,190,215,-25
E01034208,L14.1 and L14.2: Never worked and long-term unemployed,249,199,50
E01034208,L15: Full-time students,203,236,-33
E01034208,"L4, L5 and L6: Lower managerial, administrative and professional occupations",177,151,26
E01034208,L7: Intermediate occupations,125,134,-9
E01034208,L8 and L9: Small employers and own account workers,152,145,7
E01034209,"L1, L2 and L3: Higher managerial, administrative and professional occupations",444,69,375
E01034209,L10 and L11: Lower supervisory and technical occupations,36,17,19
E01034209,L12: Semi-routine occupations,56,31,25
E01034209,L13: Routine occupations,73,14,59
E01034209,L14.1 and L14.2: Never worked and long-term unemployed,76,23,53
E01034209,L15: Full-time students,102,85,17
E01034209,"L4, L5 and L6: Lower managerial, administrative and professional occupations",311,129,182
E01034209,L7: Intermediate occupations,110,46,64
E01034209,L8 and L9: Small employers and own account workers,99,33,66
E01034210,"L1, L2 and L3: Higher managerial, administrative and professional occupations",398,148,250
E01034210,L10 and L11: Lower supervisory and technical occupations,47,33,14
E01034210,L12: Semi-routine occupations,99,65,34
E01034210,L13: Routine occupations,108,72,36
E01034210,L14.1 and L14.2: Never worked and long-term unemployed,94,67,27
E01034210,L15: Full-time students,112,104,8
E01034210,"L4, L5 and L6: Lower managerial, administrative and professional occupations",283,200,83
E01034210,L7: Intermediate occupations,98,82,16
E01034210,L8 and L9: Small employers and own account workers,102,65,37
E01034211,"L1, L2 and L3: Higher managerial, administrative and professional occupations",530,47,483
E01034211,L10 and L11: Lower supervisory and technical occupations,23,14,9
E01034211,L12: Semi-routine occupations,57,21,36
E01034211,L13: Routine occupations,41,22,19
E01034211,L14.1 and L14.2: Never worked and long-term unemployed,49,18,31
E01034211,L15: Full-time students,107,36,71
E01034211,"L4, L5 and L6: Lower managerial, administrative and professional occupations",362,59,303
E01034211,L7: Intermediate occupations,86,25,61
E01034211,L8 and L9: Small employers and own account workers,94,20,74
E01034212,"L1, L2 and L3: Higher managerial, administrative and professional occupations",634,574,60
E01034212,L10 and L11: Lower supervisory and technical occupations,89,52,37
E01034212,L12: Semi-routine occupations,97,87,10
E01034212,L13: Routine occupations,60,28,32
E01034212,L14.1 and L14.2: Never worked and long-term unemployed,94,72,22
E01034212,L15: Full-time students,106,255,-149
E01034212,"L4, L5 and L6: Lower managerial, administrative and professional occupations",401,582,-181
E01034212,L7: Intermediate occupations,115,166,-51
E01034212,L8 and L9: Small employers and own account workers,121,162,-41
E01034213,"L1, L2 and L3: Higher managerial, administrative and professional occupations",472,0,472
E01034213,L10 and L11: Lower supervisory and technical occupations,34,0,34
E01034213,L12: Semi-routine occupations,62,0,62
E01034213,L13: Routine occupations,66,0,66
E01034213,L14.1 and L14.2: Never worked and long-term unemployed,84,0,84
E01034213,L15: Full-time students,108,0,108
E01034213,"L4, L5 and L6: Lower managerial, administrative and professional occupations",346,0,346
E01034213,L7: Intermediate occupations,82,0,82
E01034213,L8 and L9: Small employers and own account workers,79,0,79
E01034214,"L1, L2 and L3: Higher managerial, administrative and professional occupations",522,0,522
E01034214,L10 and L11: Lower supervisory and technical occupations,27,0,27
E01034214,L12: Semi-routine occupations,46,0,46
E01034214,L13: Routine occupations,47,0,47
E01034214,L14.1 and L14.2: Never worked and long-term unemployed,68,0,68
E01034214,L15: Full-time students,144,0,144
E01034214,"L4, L5 and L6: Lower managerial, administrative and professional occupations",367,0,367
E01034214,L7: Intermediate occupations,83,0,83
E01034214,L8 and L9: Small employers and own account workers,66,0,66
E01034215,"L1, L2 and L3: Higher managerial, administrative and professional occupations",452,0,452
E01034215,L10 and L11: Lower supervisory and technical occupations,23,0,23
E01034215,L12: Semi-routine occupations,67,0,67
E01034215,L13: Routine occupations,49,0,49
E01034215,L14.1 and L14.2: Never worked and long-term unemployed,73,0,73
E01034215,L15: Full-time students,152,0,152
E01034215,"L4, L5 and L6: Lower managerial, administrative and professional occupations",302,0,302
E01034215,L7: Intermediate occupations,101,0,101
E01034215,L8 and L9: Small employers and own account workers,74,0,74
E01034216,"L1, L2 and L3: Higher managerial, administrative and professional occupations",470,0,470
E01034216,L10 and L11: Lower supervisory and technical occupations,37,0,37
E01034216,L12: Semi-routine occupations,66,0,66
E01034216,L13: Routine occupations,54,0,54
E01034216,L14.1 and L14.2: Never worked and long-term unemployed,78,0,78
E01034216,L15: Full-time students,175,0,175
E01034216,"L4, L5 and L6: Lower managerial, administrative and professional occupations",382,0,382
E01034216,L7: Intermediate occupations,98,0,98
E01034216,L8 and L9: Small employers and own account workers,80,0,80
E01034217,"L1, L2 and L3: Higher managerial, administrative and professional occupations",508,0,508
E01034217,L10 and L11: Lower supervisory and technical occupations,32,0,32
E01034217,L12: Semi-routine occupations,44,0,44
E01034217,L13: Routine occupations,37,0,37
E01034217,L14.1 and L14.2: Never worked and long-term unemployed,77,0,77
E01034217,L15: Full-time students,575,0,575
E01034217,"L4, L5 and L6: Lower managerial, administrative and professional occupations",409,0,409
E01034217,L7: Intermediate occupations,91,0,91
E01034217,L8 and L9: Small employers and own account workers,75,0,75
E01034218,"L1, L2 and L3: Higher managerial, administrative and professional occupations",265,58,207
E01034218,L10 and L11: Lower supervisory and technical occupations,59,53,6
E01034218,L12: Semi-routine occupations,144,99,45
E01034218,L13: Routine occupations,122,84,38
E01034218,L14.1 and L14.2: Never worked and long-term unemployed,167,96,71
E01034218,L15: Full-time students,165,124,41
E01034218,"L4, L5 and L6: Lower managerial, administrative and professional occupations",291,154,137
E01034218,L7: Intermediate occupations,93,64,29
E01034218,L8 and L9: Small employers and own account workers,159,120,39
E01034219,"L1, L2 and L3: Higher managerial, administrative and professional occupations",534,0,534
E01034219,L10 and L11: Lower supervisory and technical occupations,22,0,22
E01034219,L12: Semi-routine occupations,60,0,60
E01034219,L13: Routine occupations,49,0,49
E01034219,L14.1 and L14.2: Never worked and long-term unemployed,58,0,58
E01034219,L15: Full-time students,430,0,430
E01034219,"L4, L5 and L6: Lower managerial, administrative and professional occupations",323,0,323
E01034219,L7: Intermediate occupations,89,0,89
E01034219,L8 and L9: Small employers and own account workers,54,0,54
E01034220,"L1, L2 and L3: Higher managerial, administrative and professional occupations",472,17,455
E01034220,L10 and L11: Lower supervisory and technical occupations,13,12,1
E01034220,L12: Semi-routine occupations,27,11,16
E01034220,L13: Routine occupations,21,7,14
E01034220,L14.1 and L14.2: Never worked and long-term unemployed,30,3,27
E01034220,L15: Full-time students,240,13,227
E01034220,"L4, L5 and L6: Lower managerial, administrative and professional occupations",244,26,218
E01034220,L7: Intermediate occupations,80,17,63
E01034220,L8 and L9: Small employers and own account workers,55,12,43
E01034221,"L1, L2 and L3: Higher managerial, administrative and professional occupations",267,162,105
E01034221,L10 and L11: Lower supervisory and technical occupations,81,94,-13
E01034221,L12: Semi-routine occupations,97,145,-48
E01034221,L13: Routine occupations,124,120,4
E01034221,L14.1 and L14.2: Never worked and long-term unemployed,122,145,-23
E01034221,L15: Full-time students,342,268,74
E01034221,"L4, L5 and L6: Lower managerial, administrative and professional occupations",284,329,-45
E01034221,L7: Intermediate occupations,115,158,-43
E01034221,L8 and L9: Small employers and own account workers,108,119,-11
E01034222,"L1, L2 and L3: Higher managerial, administrative and professional occupations",351,101,250
E01034222,L10 and L11: Lower supervisory and technical occupations,46,27,19
E01034222,L12: Semi-routine occupations,85,37,48
E01034222,L13: Routine occupations,84,13,71
E01034222,L14.1 and L14.2: Never worked and long-term unemployed,112,28,84
E01034222,L15: Full-time students,155,111,44
E01034222,"L4, L5 and L6: Lower managerial, administrative and professional occupations",292,132,160
E01034222,L7: Intermediate occupations,114,51,63
E01034222,L8 and L9: Small employers and own account workers,76,20,56
E01034223,"L1, L2 and L3: Higher managerial, administrative and professional occupations",356,66,290
E01034223,L10 and L11: Lower supervisory and technical occupations,38,24,14
E01034223,L12: Semi-routine occupations,82,48,34
E01034223,L13: Routine occupations,71,49,22
E01034223,L14.1 and L14.2: Never worked and long-term unemployed,81,61,20
E01034223,L15: Full-time students,98,122,-24
E01034223,"L4, L5 and L6: Lower managerial, administrative and professional occupations",341,103,238
E01034223,L7: Intermediate occupations,85,50,35
E01034223,L8 and L9: Small employers and own account workers,55,36,19
E01034224,"L1, L2 and L3: Higher managerial, administrative and professional occupations",159,71,88
E01034224,L10 and L11: Lower supervisory and technical occupations,64,66,-2
E01034224,L12: Semi-routine occupations,158,110,48
E01034224,L13: Routine occupations,160,85,75
E01034224,L14.1 and L14.2: Never worked and long-term unemployed,174,117,57
E01034224,L15: Full-time students,177,132,45
E01034224,"L4, L5 and L6: Lower managerial, administrative and professional occupations",225,195,30
E01034224,L7: Intermediate occupations,114,127,-13
E01034224,L8 and L9: Small employers and own account workers,139,91,48
E01034225,"L1, L2 and L3: Higher managerial, administrative and professional occupations",259,99,160
E01034225,L10 and L11: Lower supervisory and technical occupations,63,33,30
E01034225,L12: Semi-routine occupations,114,82,32
E01034225,L13: Routine occupations,111,69,42
E01034225,L14.1 and L14.2: Never worked and long-term unemployed,112,74,38
E01034225,L15: Full-time students,115,115,0
E01034225,"L4, L5 and L6: Lower managerial, administrative and professional occupations",248,159,89
E01034225,L7: Intermediate occupations,91,96,-5
E01034225,L8 and L9: Small employers and own account workers,102,58,44
E01034226,"L1, L2 and L3: Higher managerial, administrative and professional occupations",298,53,245
E01034226,L10 and L11: Lower supervisory and technical occupations,49,13,36
E01034226,L12: Semi-routine occupations,76,9,67
E01034226,L13: Routine occupations,75,12,63
E01034226,L14.1 and L14.2: Never worked and long-term unemployed,74,7,67
E01034226,L15: Full-time students,109,31,78
E01034226,"L4, L5 and L6: Lower managerial, administrative and professional occupations",291,78,213
E01034226,L7: Intermediate occupations,90,25,65
E01034226,L8 and L9: Small employers and own account workers,90,14,76
E01034227,"L1, L2 and L3: Higher managerial, administrative and professional occupations",206,0,206
E01034227,L10 and L11: Lower supervisory and technical occupations,45,0,45
E01034227,L12: Semi-routine occupations,102,0,102
E01034227,L13: Routine occupations,73,0,73
E01034227,L14.1 and L14.2: Never worked and long-term unemployed,96,0,96
E01034227,L15: Full-time students,121,0,121
E01034227,"L4, L5 and L6: Lower managerial, administrative and professional occupations",268,0,268
E01034227,L7: Intermediate occupations,112,0,112
E01034227,L8 and L9: Small employers and own account workers,68,0,68
E01034228,"L1, L2 and L3: Higher managerial, administrative and professional occupations",493,118,375
E01034228,L10 and L11: Lower supervisory and technical occupations,17,12,5
E01034228,L12: Semi-routine occupations,34,13,21
E01034228,L13: Routine occupations,36,12,24
E01034228,L14.1 and L14.2: Never worked and long-term unemployed,52,19,33
E01034228,L15: Full-time students,80,33,47
E01034228,"L4, L5 and L6: Lower managerial, administrative and professional occupations",312,103,209
E01034228,L7: Intermediate occupations,74,20,54
E01034228,L8 and L9: Small employers and own account workers,68,28,40
E01034229,"L1, L2 and L3: Higher managerial, administrative and professional occupations",306,70,236
E01034229,L10 and L11: Lower supervisory and technical occupations,53,36,17
E01034229,L12: Semi-routine occupations,84,77,7
E01034229,L13: Routine occupations,82,56,26
E01034229,L14.1 and L14.2: Never worked and long-term unemployed,81,56,25
E01034229,L15: Full-time students,99,102,-3
E01034229,"L4, L5 and L6: Lower managerial, administrative and professional occupations",291,134,157
E01034229,L7: Intermediate occupations,94,99,-5
E01034229,L8 and L9: Small employers and own account workers,113,65,48
E01034230,"L1, L2 and L3: Higher managerial, administrative and professional occupations",475,0,475
E01034230,L10 and L11: Lower supervisory and technical occupations,29,0,29
E01034230,L12: Semi-routine occupations,34,0,34
E01034230,L13: Routine occupations,29,0,29
E01034230,L14.1 and L14.2: Never worked and long-term unemployed,50,0,50
E01034230,L15: Full-time students,69,0,69
E01034230,"L4, L5 and L6: Lower managerial, administrative and professional occupations",335,0,335
E01034230,L7: Intermediate occupations,91,0,91
E01034230,L8 and L9: Small employers and own account workers,54,0,54
E01034231,"L1, L2 and L3: Higher managerial, administrative and professional occupations",537,41,496
E01034231,L10 and L11: Lower supervisory and technical occupations,20,3,17
E01034231,L12: Semi-routine occupations,31,2,29
E01034231,L13: Routine occupations,21,2,19
E01034231,L14.1 and L14.2: Never worked and long-term unemployed,48,9,39
E01034231,L15: Full-time students,68,10,58
E01034231,"L4, L5 and L6: Lower managerial, administrative and professional occupations",316,60,256
E01034231,L7: Intermediate occupations,60,7,53
E01034231,L8 and L9: Small employers and own account workers,80,6,74
E01034383,"L1, L2 and L3: Higher managerial, administrative and professional occupations",167,82,85
E01034383,L10 and L11: Lower supervisory and technical occupations,53,62,-9
E01034383,L12: Semi-routine occupations,100,113,-13
E01034383,L13: Routine occupations,95,71,24
E01034383,L14.1 and L14.2: Never worked and long-term unemployed,77,61,16
E01034383,L15: Full-time students,103,97,6
E01034383,"L4, L5 and L6: Lower managerial, administrative and professional occupations",254,198,56
E01034383,L7: Intermediate occupations,121,115,6
E01034383,L8 and L9: Small employers and own account workers,113,97,16
E01034384,"L1, L2 and L3: Higher managerial, administrative and professional occupations",254,44,210
E01034384,L10 and L11: Lower supervisory and technical occupations,25,35,-10
E01034384,L12: Semi-routine occupations,80,44,36
E01034384,L13: Routine occupations,56,42,14
E01034384,L14.1 and L14.2: Never worked and long-term unemployed,49,25,24
E01034384,L15: Full-time students,63,40,23
E01034384,"L4, L5 and L6: Lower managerial, administrative and professional occupations",312,108,204
E01034384,L7: Intermediate occupations,106,68,38
E01034384,L8 and L9: Small employers and own account workers,95,37,58
E01034385,"L1, L2 and L3: Higher managerial, administrative and professional occupations",286,171,115
E01034385,L10 and L11: Lower supervisory and technical occupations,39,22,17
E01034385,L12: Semi-routine occupations,67,67,0
E01034385,L13: Routine occupations,55,29,26
E01034385,L14.1 and L14.2: Never worked and long-term unemployed,71,28,43
E01034385,L15: Full-time students,86,64,22
E01034385,"L4, L5 and L6: Lower managerial, administrative and professional occupations",294,253,41
E01034385,L7: Intermediate occupations,158,139,19
E01034385,L8 and L9: Small employers and own account workers,137,78,59
E01034386,"L1, L2 and L3: Higher managerial, administrative and professional occupations",311,73,238
E01034386,L10 and L11: Lower supervisory and technical occupations,31,17,14
E01034386,L12: Semi-routine occupations,54,37,17
E01034386,L13: Routine occupations,54,29,25
E01034386,L14.1 and L14.2: Never worked and long-term unemployed,67,16,51
E01034386,L15: Full-time students,53,33,20
E01034386,"L4, L5 and L6: Lower managerial, administrative and professional occupations",314,92,222
E01034386,L7: Intermediate occupations,101,50,51
E01034386,L8 and L9: Small employers and own account workers,81,28,53
E01034387,"L1, L2 and L3: Higher managerial, administrative and professional occupations",673,87,586
E01034387,L10 and L11: Lower supervisory and technical occupations,28,11,17
E01034387,L12: Semi-routine occupations,51,27,24
E01034387,L13: Routine occupations,51,26,25
E01034387,L14.1 and L14.2: Never worked and long-term unemployed,56,25,31
E01034387,L15: Full-time students,87,53,34
E01034387,"L4, L5 and L6: Lower managerial, administrative and professional occupations",363,123,240
E01034387,L7: Intermediate occupations,85,46,39
E01034387,L8 and L9: Small employers and own account workers,73,21,52
E01034388,"L1, L2 and L3: Higher managerial, administrative and professional occupations",388,12,376
E01034388,L10 and L11: Lower supervisory and technical occupations,37,18,19
E01034388,L12: Semi-routine occupations,53,35,18
E01034388,L13: Routine occupations,78,27,51
E01034388,L14.1 and L14.2: Never worked and long-term unemployed,73,20,53
E01034388,L15: Full-time students,92,23,69
E01034388,"L4, L5 and L6: Lower managerial, administrative and professional occupations",283,64,219
E01034388,L7: Intermediate occupations,81,22,59
E01034388,L8 and L9: Small employers and own account workers,56,17,39
E01034389,"L1, L2 and L3: Higher managerial, administrative and professional occupations",262,66,196
E01034389,L10 and L11: Lower supervisory and technical occupations,56,50,6
E01034389,L12: Semi-routine occupations,142,102,40
E01034389,L13: Routine occupations,143,63,80
E01034389,L14.1 and L14.2: Never worked and long-term unemployed,156,100,56
E01034389,L15: Full-time students,130,102,28
E01034389,"L4, L5 and L6: Lower managerial, administrative and professional occupations",267,140,127
E01034389,L7: Intermediate occupations,93,65,28
E01034389,L8 and L9: Small employers and own account workers,111,33,78
E01034390,"L1, L2 and L3: Higher managerial, administrative and professional occupations",308,14,294
E01034390,L10 and L11: Lower supervisory and technical occupations,31,12,19
E01034390,L12: Semi-routine occupations,84,24,60
E01034390,L13: Routine occupations,82,16,66
E01034390,L14.1 and L14.2: Never worked and long-term unemployed,80,33,47
E01034390,L15: Full-time students,89,43,46
E01034390,"L4, L5 and L6: Lower managerial, administrative and professional occupations",355,24,331
E01034390,L7: Intermediate occupations,86,33,53
E01034390,L8 and L9: Small employers and own account workers,96,13,83
E01034391,"L1, L2 and L3: Higher managerial, administrative and professional occupations",281,121,160
E01034391,L10 and L11: Lower supervisory and technical occupations,46,65,-19
E01034391,L12: Semi-routine occupations,98,127,-29
E01034391,L13: Routine occupations,78,45,33
E01034391,L14.1 and L14.2: Never worked and long-term unemployed,94,86,8
E01034391,L15: Full-time students,74,133,-59
E01034391,"L4, L5 and L6: Lower managerial, administrative and professional occupations",331,301,30
E01034391,L7: Intermediate occupations,133,148,-15
E01034391,L8 and L9: Small employers and own account workers,136,110,26
E01034392,"L1, L2 and L3: Higher managerial, administrative and professional occupations",213,132,81
E01034392,L10 and L11: Lower supervisory and technical occupations,56,48,8
E01034392,L12: Semi-routine occupations,115,96,19
E01034392,L13: Routine occupations,85,47,38
E01034392,L14.1 and L14.2: Never worked and long-term unemployed,126,80,46
E01034392,L15: Full-time students,379,91,288
E01034392,"L4, L5 and L6: Lower managerial, administrative and professional occupations",282,215,67
E01034392,L7: Intermediate occupations,106,79,27
E01034392,L8 and L9: Small employers and own account workers,111,59,52
E01034393,"L1, L2 and L3: Higher managerial, administrative and professional occupations",415,96,319
E01034393,L10 and L11: Lower supervisory and technical occupations,31,19,12
E01034393,L12: Semi-routine occupations,51,8,43
E01034393,L13: Routine occupations,33,6,27
E01034393,L14.1 and L14.2: Never worked and long-term unemployed,36,12,24
E01034393,L15: Full-time students,29,45,-16
E01034393,"L4, L5 and L6: Lower managerial, administrative and professional occupations",286,117,169
E01034393,L7: Intermediate occupations,84,32,52
E01034393,L8 and L9: Small employers and own account workers,57,7,50
E01034394,"L1, L2 and L3: Higher managerial, administrative and professional occupations",434,29,405
E01034394,L10 and L11: Lower supervisory and technical occupations,41,10,31
E01034394,L12: Semi-routine occupations,33,14,19
E01034394,L13: Routine occupations,53,7,46
E01034394,L14.1 and L14.2: Never worked and long-term unemployed,53,13,40
E01034394,L15: Full-time students,72,4,68
E01034394,"L4, L5 and L6: Lower managerial, administrative and professional occupations",322,37,285
E01034394,L7: Intermediate occupations,66,10,56
E01034394,L8 and L9: Small employers and own account workers,69,12,57
E01034395,"L1, L2 and L3: Higher managerial, administrative and professional occupations",203,22,181
E01034395,L10 and L11: Lower supervisory and technical occupations,49,14,35
E01034395,L12: Semi-routine occupations,140,48,92
E01034395,L13: Routine occupations,112,34,78
E01034395,L14.1 and L14.2: Never worked and long-term unemployed,128,47,81
E01034395,L15: Full-time students,173,37,136
E01034395,"L4, L5 and L6: Lower managerial, administrative and professional occupations",293,61,232
E01034395,L7: Intermediate occupations,114,42,72
E01034395,L8 and L9: Small employers and own account workers,87,19,68
E01034469,"L1, L2 and L3: Higher managerial, administrative and professional occupations",181,13,168
E01034469,L10 and L11: Lower supervisory and technical occupations,37,13,24
E01034469,L12: Semi-routine occupations,122,39,83
E01034469,L13: Routine occupations,88,22,66
E01034469,L14.1 and L14.2: Never worked and long-term unemployed,113,10,103
E01034469,L15: Full-time students,96,22,74
E01034469,"L4, L5 and L6: Lower managerial, administrative and professional occupations",240,32,208
E01034469,L7: Intermediate occupations,143,41,102
E01034469,L8 and L9: Small employers and own account workers,125,20,105
E01034470,"L1, L2 and L3: Higher managerial, administrative and professional occupations",68,43,25
E01034470,L10 and L11: Lower supervisory and technical occupations,63,66,-3
E01034470,L12: Semi-routine occupations,136,152,-16
E01034470,L13: Routine occupations,144,112,32
E01034470,L14.1 and L14.2: Never worked and long-term unemployed,146,96,50
E01034470,L15: Full-time students,84,105,-21
E01034470,"L4, L5 and L6: Lower managerial, administrative and professional occupations",171,178,-7
E01034470,L7: Intermediate occupations,121,130,-9
E01034470,L8 and L9: Small employers and own account workers,159,96,63
E01034471,"L1, L2 and L3: Higher managerial, administrative and professional occupations",127,41,86
E01034471,L10 and L11: Lower supervisory and technical occupations,65,38,27
E01034471,L12: Semi-routine occupations,190,113,77
E01034471,L13: Routine occupations,267,66,201
E01034471,L14.1 and L14.2: Never worked and long-term unemployed,199,73,126
E01034471,L15: Full-time students,334,69,265
E01034471,"L4, L5 and L6: Lower managerial, administrative and professional occupations",287,102,185
E01034471,L7: Intermediate occupations,179,60,119
E01034471,L8 and L9: Small employers and own account workers,248,73,175
E01034472,"L1, L2 and L3: Higher managerial, administrative and professional occupations",110,19,91
E01034472,L10 and L11: Lower supervisory and technical occupations,51,11,40
E01034472,L12: Semi-routine occupations,128,23,105
E01034472,L13: Routine occupations,154,17,137
E01034472,L14.1 and L14.2: Never worked and long-term unemployed,160,9,151
E01034472,L15: Full-time students,147,4,143
E01034472,"L4, L5 and L6: Lower managerial, administrative and professional occupations",255,57,198
E01034472,L7: Intermediate occupations,101,33,68
E01034472,L8 and L9: Small employers and own account workers,169,17,152
E01034473,"L1, L2 and L3: Higher managerial, administrative and professional occupations",108,78,30
E01034473,L10 and L11: Lower supervisory and technical occupations,33,34,-1
E01034473,L12: Semi-routine occupations,97,62,35
E01034473,L13: Routine occupations,117,45,72
E01034473,L14.1 and L14.2: Never worked and long-term unemployed,151,67,84
E01034473,L15: Full-time students,95,124,-29
E01034473,"L4, L5 and L6: Lower managerial, administrative and professional occupations",121,124,-3
E01034473,L7: Intermediate occupations,83,63,20
E01034473,L8 and L9: Small employers and own account workers,134,62,72
E01034474,"L1, L2 and L3: Higher managerial, administrative and professional occupations",285,189,96
E01034474,L10 and L11: Lower supervisory and technical occupations,63,76,-13
E01034474,L12: Semi-routine occupations,159,148,11
E01034474,L13: Routine occupations,176,111,65
E01034474,L14.1 and L14.2: Never worked and long-term unemployed,253,213,40
E01034474,L15: Full-time students,153,263,-110
E01034474,"L4, L5 and L6: Lower managerial, administrative and professional occupations",264,281,-17
E01034474,L7: Intermediate occupations,120,126,-6
E01034474,L8 and L9: Small employers and own account workers,166,93,73
E01034475,"L1, L2 and L3: Higher managerial, administrative and professional occupations",72,46,26
E01034475,L10 and L11: Lower supervisory and technical occupations,56,68,-12
E01034475,L12: Semi-routine occupations,162,160,2
E01034475,L13: Routine occupations,179,112,67
E01034475,L14.1 and L14.2: Never worked and long-term unemployed,231,145,86
E01034475,L15: Full-time students,172,131,41
E01034475,"L4, L5 and L6: Lower managerial, administrative and professional occupations",199,146,53
E01034475,L7: Intermediate occupations,123,122,1
E01034475,L8 and L9: Small employers and own account workers,197,110,87
E01034476,"L1, L2 and L3: Higher managerial, administrative and professional occupations",109,26,83
E01034476,L10 and L11: Lower supervisory and technical occupations,65,14,51
E01034476,L12: Semi-routine occupations,124,63,61
E01034476,L13: Routine occupations,121,37,84
E01034476,L14.1 and L14.2: Never worked and long-term unemployed,174,69,105
E01034476,L15: Full-time students,166,43,123
E01034476,"L4, L5 and L6: Lower managerial, administrative and professional occupations",231,81,150
E01034476,L7: Intermediate occupations,126,43,83
E01034476,L8 and L9: Small employers and own account workers,128,31,97
E01034477,"L1, L2 and L3: Higher managerial, administrative and professional occupations",137,30,107
E01034477,L10 and L11: Lower supervisory and technical occupations,38,22,16
E01034477,L12: Semi-routine occupations,115,40,75
E01034477,L13: Routine occupations,114,33,81
E01034477,L14.1 and L14.2: Never worked and long-term unemployed,102,23,79
E01034477,L15: Full-time students,123,35,88
E01034477,"L4, L5 and L6: Lower managerial, administrative and professional occupations",197,81,116
E01034477,L7: Intermediate occupations,119,34,85
E01034477,L8 and L9: Small employers and own account workers,131,28,103
E01034478,"L1, L2 and L3: Higher managerial, administrative and professional occupations",165,0,165
E01034478,L10 and L11: Lower supervisory and technical occupations,48,0,48
E01034478,L12: Semi-routine occupations,70,0,70
E01034478,L13: Routine occupations,70,0,70
E01034478,L14.1 and L14.2: Never worked and long-term unemployed,46,0,46
E01034478,L15: Full-time students,44,0,44
E01034478,"L4, L5 and L6: Lower managerial, administrative and professional occupations",222,0,222
E01034478,L7: Intermediate occupations,102,0,102
E01034478,L8 and L9: Small employers and own account workers,94,0,94
E01034479,"L1, L2 and L3: Higher managerial, administrative and professional occupations",82,80,2
E01034479,L10 and L11: Lower supervisory and technical occupations,76,125,-49
E01034479,L12: Semi-routine occupations,187,305,-118
E01034479,L13: Routine occupations,180,256,-76
E01034479,L14.1 and L14.2: Never worked and long-term unemployed,222,411,-189
E01034479,L15: Full-time students,232,288,-56
E01034479,"L4, L5 and L6: Lower managerial, administrative and professional occupations",204,254,-50
E01034479,L7: Intermediate occupations,136,231,-95
E01034479,L8 and L9: Small employers and own account workers,172,207,-35
E01034480,"L1, L2 and L3: Higher managerial, administrative and professional occupations",91,146,-55
E01034480,L10 and L11: Lower supervisory and technical occupations,33,45,-12
E01034480,L12: Semi-routine occupations,110,124,-14
E01034480,L13: Routine occupations,70,67,3
E01034480,L14.1 and L14.2: Never worked and long-term unemployed,171,157,14
E01034480,L15: Full-time students,167,149,18
E01034480,"L4, L5 and L6: Lower managerial, administrative and professional occupations",138,209,-71
E01034480,L7: Intermediate occupations,94,131,-37
E01034480,L8 and L9: Small employers and own account workers,100,92,8
E01034481,"L1, L2 and L3: Higher managerial, administrative and professional occupations",87,70,17
E01034481,L10 and L11: Lower supervisory and technical occupations,43,49,-6
E01034481,L12: Semi-routine occupations,116,109,7
E01034481,L13: Routine occupations,92,62,30
E01034481,L14.1 and L14.2: Never worked and long-term unemployed,216,154,62
E01034481,L15: Full-time students,281,179,102
E01034481,"L4, L5 and L6: Lower managerial, administrative and professional occupations",180,129,51
E01034481,L7: Intermediate occupations,100,129,-29
E01034481,L8 and L9: Small employers and own account workers,141,69,72
E01034482,"L1, L2 and L3: Higher managerial, administrative and professional occupations",235,92,143
E01034482,L10 and L11: Lower supervisory and technical occupations,16,9,7
E01034482,L12: Semi-routine occupations,54,17,37
E01034482,L13: Routine occupations,33,7,26
E01034482,L14.1 and L14.2: Never worked and long-term unemployed,110,44,66
E01034482,L15: Full-time students,60,40,20
E01034482,"L4, L5 and L6: Lower managerial, administrative and professional occupations",148,57,91
E01034482,L7: Intermediate occupations,68,22,46
E01034482,L8 and L9: Small employers and own account workers,61,17,44
E01034483,"L1, L2 and L3: Higher managerial, administrative and professional occupations",132,31,101
E01034483,L10 and L11: Lower supervisory and technical occupations,31,8,23
E01034483,L12: Semi-routine occupations,112,36,76
E01034483,L13: Routine occupations,72,28,44
E01034483,L14.1 and L14.2: Never worked and long-term unemployed,141,47,94
E01034483,L15: Full-time students,110,45,65
E01034483,"L4, L5 and L6: Lower managerial, administrative and professional occupations",207,76,131
E01034483,L7: Intermediate occupations,93,31,62
E01034483,L8 and L9: Small employers and own account workers,69,18,51
E01034484,"L1, L2 and L3: Higher managerial, administrative and professional occupations",99,61,38
E01034484,L10 and L11: Lower supervisory and technical occupations,43,51,-8
E01034484,L12: Semi-routine occupations,148,158,-10
E01034484,L13: Routine occupations,128,66,62
E01034484,L14.1 and L14.2: Never worked and long-term unemployed,230,202,28
E01034484,L15: Full-time students,184,253,-69
E01034484,"L4, L5 and L6: Lower managerial, administrative and professional occupations",180,153,27
E01034484,L7: Intermediate occupations,124,107,17
E01034484,L8 and L9: Small employers and own account workers,193,97,96
E01034485,"L1, L2 and L3: Higher managerial, administrative and professional occupations",283,130,153
E01034485,L10 and L11: Lower supervisory and technical occupations,60,94,-34
E01034485,L12: Semi-routine occupations,143,179,-36
E01034485,L13: Routine occupations,140,134,6
E01034485,L14.1 and L14.2: Never worked and long-term unemployed,133,145,-12
E01034485,L15: Full-time students,120,161,-41
E01034485,"L4, L5 and L6: Lower managerial, administrative and professional occupations",403,352,51
E01034485,L7: Intermediate occupations,140,183,-43
E01034485,L8 and L9: Small employers and own account workers,268,231,37
E01034486,"L1, L2 and L3: Higher managerial, administrative and professional occupations",461,0,461
E01034486,L10 and L11: Lower supervisory and technical occupations,30,0,30
E01034486,L12: Semi-routine occupations,43,0,43
E01034486,L13: Routine occupations,32,0,32
E01034486,L14.1 and L14.2: Never worked and long-term unemployed,19,0,19
E01034486,L15: Full-time students,301,0,301
E01034486,"L4, L5 and L6: Lower managerial, administrative and professional occupations",479,0,479
E01034486,L7: Intermediate occupations,98,0,98
E01034486,L8 and L9: Small employers and own account workers,69,0,69
E01034487,"L1, L2 and L3: Higher managerial, administrative and professional occupations",70,19,51
E01034487,L10 and L11: Lower supervisory and technical occupations,44,56,-12
E01034487,L12: Semi-routine occupations,115,77,38
E01034487,L13: Routine occupations,85,59,26
E01034487,L14.1 and L14.2: Never worked and long-term unemployed,169,111,58
E01034487,L15: Full-time students,115,121,-6
E01034487,"L4, L5 and L6: Lower managerial, administrative and professional occupations",159,62,97
E01034487,L7: Intermediate occupations,92,55,37
E01034487,L8 and L9: Small employers and own account workers,121,61,60
E01034488,"L1, L2 and L3: Higher managerial, administrative and professional occupations",74,45,29
E01034488,L10 and L11: Lower supervisory and technical occupations,57,64,-7
E01034488,L12: Semi-routine occupations,164,188,-24
E01034488,L13: Routine occupations,189,122,67
E01034488,L14.1 and L14.2: Never worked and long-term unemployed,282,222,60
E01034488,L15: Full-time students,231,156,75
E01034488,"L4, L5 and L6: Lower managerial, administrative and professional occupations",179,138,41
E01034488,L7: Intermediate occupations,102,106,-4
E01034488,L8 and L9: Small employers and own account workers,144,97,47
E01034576,"L1, L2 and L3: Higher managerial, administrative and professional occupations",343,142,201
E01034576,L10 and L11: Lower supervisory and technical occupations,13,15,-2
E01034576,L12: Semi-routine occupations,54,16,38
E01034576,L13: Routine occupations,21,7,14
E01034576,L14.1 and L14.2: Never worked and long-term unemployed,81,18,63
E01034576,L15: Full-time students,84,61,23
E01034576,"L4, L5 and L6: Lower managerial, administrative and professional occupations",261,186,75
E01034576,L7: Intermediate occupations,75,44,31
E01034576,L8 and L9: Small employers and own account workers,92,37,55
E01034577,"L1, L2 and L3: Higher managerial, administrative and professional occupations",276,113,163
E01034577,L10 and L11: Lower supervisory and technical occupations,25,23,2
E01034577,L12: Semi-routine occupations,63,42,21
E01034577,L13: Routine occupations,54,36,18
E01034577,L14.1 and L14.2: Never worked and long-term unemployed,96,34,62
E01034577,L15: Full-time students,120,118,2
E01034577,"L4, L5 and L6: Lower managerial, administrative and professional occupations",274,178,96
E01034577,L7: Intermediate occupations,100,61,39
E01034577,L8 and L9: Small employers and own account workers,79,30,49
E01034578,"L1, L2 and L3: Higher managerial, administrative and professional occupations",151,134,17
E01034578,L10 and L11: Lower supervisory and technical occupations,41,44,-3
E01034578,L12: Semi-routine occupations,95,58,37
E01034578,L13: Routine occupations,52,41,11
E01034578,L14.1 and L14.2: Never worked and long-term unemployed,68,28,40
E01034578,L15: Full-time students,64,57,7
E01034578,"L4, L5 and L6: Lower managerial, administrative and professional occupations",181,198,-17
E01034578,L7: Intermediate occupations,87,95,-8
E01034578,L8 and L9: Small employers and own account workers,108,75,33
E01034579,"L1, L2 and L3: Higher managerial, administrative and professional occupations",427,239,188
E01034579,L10 and L11: Lower supervisory and technical occupations,56,39,17
E01034579,L12: Semi-routine occupations,107,84,23
E01034579,L13: Routine occupations,86,49,37
E01034579,L14.1 and L14.2: Never worked and long-term unemployed,86,55,31
E01034579,L15: Full-time students,89,67,22
E01034579,"L4, L5 and L6: Lower managerial, administrative and professional occupations",429,350,79
E01034579,L7: Intermediate occupations,154,127,27
E01034579,L8 and L9: Small employers and own account workers,119,64,55
E01034580,"L1, L2 and L3: Higher managerial, administrative and professional occupations",250,104,146
E01034580,L10 and L11: Lower supervisory and technical occupations,49,48,1
E01034580,L12: Semi-routine occupations,110,94,16
E01034580,L13: Routine occupations,91,57,34
E01034580,L14.1 and L14.2: Never worked and long-term unemployed,135,48,87
E01034580,L15: Full-time students,96,230,-134
E01034580,"L4, L5 and L6: Lower managerial, administrative and professional occupations",330,166,164
E01034580,L7: Intermediate occupations,117,119,-2
E01034580,L8 and L9: Small employers and own account workers,131,93,38
E01034581,"L1, L2 and L3: Higher managerial, administrative and professional occupations",357,247,110
E01034581,L10 and L11: Lower supervisory and technical occupations,55,56,-1
E01034581,L12: Semi-routine occupations,75,71,4
E01034581,L13: Routine occupations,65,42,23
E01034581,L14.1 and L14.2: Never worked and long-term unemployed,50,28,22
E01034581,L15: Full-time students,59,58,1
E01034581,"L4, L5 and L6: Lower managerial, administrative and professional occupations",381,367,14
E01034581,L7: Intermediate occupations,138,104,34
E01034581,L8 and L9: Small employers and own account workers,107,82,25
E01034589,"L1, L2 and L3: Higher managerial, administrative and professional occupations",317,268,49
E01034589,L10 and L11: Lower supervisory and technical occupations,38,45,-7
E01034589,L12: Semi-routine occupations,125,113,12
E01034589,L13: Routine occupations,108,70,38
E01034589,L14.1 and L14.2: Never worked and long-term unemployed,152,116,36
E01034589,L15: Full-time students,173,194,-21
E01034589,"L4, L5 and L6: Lower managerial, administrative and professional occupations",325,298,27
E01034589,L7: Intermediate occupations,191,202,-11
E01034589,L8 and L9: Small employers and own account workers,225,172,53
E01034590,"L1, L2 and L3: Higher managerial, administrative and professional occupations",334,0,334
E01034590,L10 and L11: Lower supervisory and technical occupations,26,0,26
E01034590,L12: Semi-routine occupations,60,0,60
E01034590,L13: Routine occupations,31,0,31
E01034590,L14.1 and L14.2: Never worked and long-term unemployed,95,0,95
E01034590,L15: Full-time students,79,0,79
E01034590,"L4, L5 and L6: Lower managerial, administrative and professional occupations",251,0,251
E01034590,L7: Intermediate occupations,95,0,95
E01034590,L8 and L9: Small employers and own account workers,115,0,115
E01034591,"L1, L2 and L3: Higher managerial, administrative and professional occupations",111,45,66
E01034591,L10 and L11: Lower supervisory and technical occupations,58,26,32
E01034591,L12: Semi-routine occupations,139,92,47
E01034591,L13: Routine occupations,176,60,116
E01034591,L14.1 and L14.2: Never worked and long-term unemployed,189,88,101
E01034591,L15: Full-time students,133,98,35
E01034591,"L4, L5 and L6: Lower managerial, administrative and professional occupations",211,131,80
E01034591,L7: Intermediate occupations,130,97,33
E01034591,L8 and L9: Small employers and own account workers,264,75,189
E01034592,"L1, L2 and L3: Higher managerial, administrative and professional occupations",78,79,-1
E01034592,L10 and L11: Lower supervisory and technical occupations,31,53,-22
E01034592,L12: Semi-routine occupations,107,102,5
E01034592,L13: Routine occupations,95,53,42
E01034592,L14.1 and L14.2: Never worked and long-term unemployed,174,102,72
E01034592,L15: Full-time students,83,91,-8
E01034592,"L4, L5 and L6: Lower managerial, administrative and professional occupations",133,170,-37
E01034592,L7: Intermediate occupations,110,99,11
E01034592,L8 and L9: Small employers and own account workers,121,72,49
E01034593,"L1, L2 and L3: Higher managerial, administrative and professional occupations",218,133,85
E01034593,L10 and L11: Lower supervisory and technical occupations,40,40,0
E01034593,L12: Semi-routine occupations,93,95,-2
E01034593,L13: Routine occupations,70,60,10
E01034593,L14.1 and L14.2: Never worked and long-term unemployed,123,60,63
E01034593,L15: Full-time students,96,71,25
E01034593,"L4, L5 and L6: Lower managerial, administrative and professional occupations",248,236,12
E01034593,L7: Intermediate occupations,141,124,17
E01034593,L8 and L9: Small employers and own account workers,157,111,46
E01034594,"L1, L2 and L3: Higher managerial, administrative and professional occupations",283,81,202
E01034594,L10 and L11: Lower supervisory and technical occupations,32,29,3
E01034594,L12: Semi-routine occupations,61,44,17
E01034594,L13: Routine occupations,57,19,38
E01034594,L14.1 and L14.2: Never worked and long-term unemployed,66,41,25
E01034594,L15: Full-time students,88,68,20
E01034594,"L4, L5 and L6: Lower managerial, administrative and professional occupations",279,127,152
E01034594,L7: Intermediate occupations,125,87,38
E01034594,L8 and L9: Small employers and own account workers,166,66,100
E01034595,"L1, L2 and L3: Higher managerial, administrative and professional occupations",201,214,-13
E01034595,L10 and L11: Lower supervisory and technical occupations,25,31,-6
E01034595,L12: Semi-routine occupations,85,72,13
E01034595,L13: Routine occupations,75,37,38
E01034595,L14.1 and L14.2: Never worked and long-term unemployed,132,74,58
E01034595,L15: Full-time students,77,91,-14
E01034595,"L4, L5 and L6: Lower managerial, administrative and professional occupations",228,233,-5
E01034595,L7: Intermediate occupations,101,113,-12
E01034595,L8 and L9: Small employers and own account workers,156,86,70
E01034596,"L1, L2 and L3: Higher managerial, administrative and professional occupations",317,139,178
E01034596,L10 and L11: Lower supervisory and technical occupations,28,12,16
E01034596,L12: Semi-routine occupations,50,35,15
E01034596,L13: Routine occupations,45,15,30
E01034596,L14.1 and L14.2: Never worked and long-term unemployed,88,32,56
E01034596,L15: Full-time students,76,51,25
E01034596,"L4, L5 and L6: Lower managerial, administrative and professional occupations",266,139,127
E01034596,L7: Intermediate occupations,80,45,35
E01034596,L8 and L9: Small employers and own account workers,73,25,48
E01034597,"L1, L2 and L3: Higher managerial, administrative and professional occupations",253,132,121
E01034597,L10 and L11: Lower supervisory and technical occupations,36,25,11
E01034597,L12: Semi-routine occupations,77,51,26
E01034597,L13: Routine occupations,67,30,37
E01034597,L14.1 and L14.2: Never worked and long-term unemployed,171,62,109
E01034597,L15: Full-time students,139,125,14
E01034597,"L4, L5 and L6: Lower managerial, administrative and professional occupations",239,152,87
E01034597,L7: Intermediate occupations,106,80,26
E01034597,L8 and L9: Small employers and own account workers,94,64,30
E01034598,"L1, L2 and L3: Higher managerial, administrative and professional occupations",357,0,357
E01034598,L10 and L11: Lower supervisory and technical occupations,19,0,19
E01034598,L12: Semi-routine occupations,49,0,49
E01034598,L13: Routine occupations,32,0,32
E01034598,L14.1 and L14.2: Never worked and long-term unemployed,99,0,99
E01034598,L15: Full-time students,91,0,91
E01034598,"L4, L5 and L6: Lower managerial, administrative and professional occupations",276,0,276
E01034598,L7: Intermediate occupations,83,0,83
E01034598,L8 and L9: Small employers and own account workers,77,0,77
E01034599,"L1, L2 and L3: Higher managerial, administrative and professional occupations",120,137,-17
E01034599,L10 and L11: Lower supervisory and technical occupations,58,57,1
E01034599,L12: Semi-routine occupations,142,170,-28
E01034599,L13: Routine occupations,146,104,42
E01034599,L14.1 and L14.2: Never worked and long-term unemployed,179,129,50
E01034599,L15: Full-time students,142,151,-9
E01034599,"L4, L5 and L6: Lower managerial, administrative and professional occupations",208,244,-36
E01034599,L7: Intermediate occupations,162,162,0
E01034599,L8 and L9: Small employers and own account workers,180,119,61
E01034600,"L1, L2 and L3: Higher managerial, administrative and professional occupations",220,107,113
E01034600,L10 and L11: Lower supervisory and technical occupations,58,43,15
E01034600,L12: Semi-routine occupations,146,105,41
E01034600,L13: Routine occupations,145,52,93
E01034600,L14.1 and L14.2: Never worked and long-term unemployed,195,78,117
E01034600,L15: Full-time students,118,67,51
E01034600,"L4, L5 and L6: Lower managerial, administrative and professional occupations",266,190,76
E01034600,L7: Intermediate occupations,181,100,81
E01034600,L8 and L9: Small employers and own account workers,162,70,92
E01034601,"L1, L2 and L3: Higher managerial, administrative and professional occupations",213,75,138
E01034601,L10 and L11: Lower supervisory and technical occupations,38,40,-2
E01034601,L12: Semi-routine occupations,105,86,19
E01034601,L13: Routine occupations,77,56,21
E01034601,L14.1 and L14.2: Never worked and long-term unemployed,110,24,86
E01034601,L15: Full-time students,81,89,-8
E01034601,"L4, L5 and L6: Lower managerial, administrative and professional occupations",249,200,49
E01034601,L7: Intermediate occupations,132,133,-1
E01034601,L8 and L9: Small employers and own account workers,98,55,43
E01034602,"L1, L2 and L3: Higher managerial, administrative and professional occupations",217,63,154
E01034602,L10 and L11: Lower supervisory and technical occupations,43,32,11
E01034602,L12: Semi-routine occupations,72,42,30
E01034602,L13: Routine occupations,81,31,50
E01034602,L14.1 and L14.2: Never worked and long-term unemployed,98,34,64
E01034602,L15: Full-time students,119,36,83
E01034602,"L4, L5 and L6: Lower managerial, administrative and professional occupations",261,113,148
E01034602,L7: Intermediate occupations,132,71,61
E01034602,L8 and L9: Small employers and own account workers,107,21,86
E01034603,"L1, L2 and L3: Higher managerial, administrative and professional occupations",304,63,241
E01034603,L10 and L11: Lower supervisory and technical occupations,42,6,36
E01034603,L12: Semi-routine occupations,54,15,39
E01034603,L13: Routine occupations,45,6,39
E01034603,L14.1 and L14.2: Never worked and long-term unemployed,52,4,48
E01034603,L15: Full-time students,60,15,45
E01034603,"L4, L5 and L6: Lower managerial, administrative and professional occupations",294,42,252
E01034603,L7: Intermediate occupations,98,22,76
E01034603,L8 and L9: Small employers and own account workers,75,11,64
E01034604,"L1, L2 and L3: Higher managerial, administrative and professional occupations",142,98,44
E01034604,L10 and L11: Lower supervisory and technical occupations,64,61,3
E01034604,L12: Semi-routine occupations,112,113,-1
E01034604,L13: Routine occupations,124,88,36
E01034604,L14.1 and L14.2: Never worked and long-term unemployed,124,76,48
E01034604,L15: Full-time students,175,257,-82
E01034604,"L4, L5 and L6: Lower managerial, administrative and professional occupations",201,207,-6
E01034604,L7: Intermediate occupations,118,123,-5
E01034604,L8 and L9: Small employers and own account workers,111,89,22
E01034605,"L1, L2 and L3: Higher managerial, administrative and professional occupations",214,45,169
E01034605,L10 and L11: Lower supervisory and technical occupations,57,36,21
E01034605,L12: Semi-routine occupations,110,57,53
E01034605,L13: Routine occupations,94,54,40
E01034605,L14.1 and L14.2: Never worked and long-term unemployed,108,38,70
E01034605,L15: Full-time students,132,99,33
E01034605,"L4, L5 and L6: Lower managerial, administrative and professional occupations",273,113,160
E01034605,L7: Intermediate occupations,150,95,55
E01034605,L8 and L9: Small employers and own account workers,104,35,69
E01034606,"L1, L2 and L3: Higher managerial, administrative and professional occupations",161,97,64
E01034606,L10 and L11: Lower supervisory and technical occupations,59,47,12
E01034606,L12: Semi-routine occupations,92,87,5
E01034606,L13: Routine occupations,75,41,34
E01034606,L14.1 and L14.2: Never worked and long-term unemployed,85,52,33
E01034606,L15: Full-time students,1535,1274,261
E01034606,"L4, L5 and L6: Lower managerial, administrative and professional occupations",201,217,-16
E01034606,L7: Intermediate occupations,118,123,-5
E01034606,L8 and L9: Small employers and own account workers,91,48,43
E01034607,"L1, L2 and L3: Higher managerial, administrative and professional occupations",118,89,29
E01034607,L10 and L11: Lower supervisory and technical occupations,73,71,2
E01034607,L12: Semi-routine occupations,135,107,28
E01034607,L13: Routine occupations,118,89,29
E01034607,L14.1 and L14.2: Never worked and long-term unemployed,154,87,67
E01034607,L15: Full-time students,871,1510,-639
E01034607,"L4, L5 and L6: Lower managerial, administrative and professional occupations",219,199,20
E01034607,L7: Intermediate occupations,133,150,-17
E01034607,L8 and L9: Small employers and own account workers,111,74,37
E01034608,"L1, L2 and L3: Higher managerial, administrative and professional occupations",274,148,126
E01034608,L10 and L11: Lower supervisory and technical occupations,76,81,-5
E01034608,L12: Semi-routine occupations,182,124,58
E01034608,L13: Routine occupations,181,80,101
E01034608,L14.1 and L14.2: Never worked and long-term unemployed,194,93,101
E01034608,L15: Full-time students,149,147,2
E01034608,"L4, L5 and L6: Lower managerial, administrative and professional occupations",390,250,140
E01034608,L7: Intermediate occupations,206,156,50
E01034608,L8 and L9: Small employers and own account workers,180,60,120
E01034609,"L1, L2 and L3: Higher managerial, administrative and professional occupations",231,70,161
E01034609,L10 and L11: Lower supervisory and technical occupations,98,70,28
E01034609,L12: Semi-routine occupations,168,111,57
E01034609,L13: Routine occupations,154,80,74
E01034609,L14.1 and L14.2: Never worked and long-term unemployed,183,79,104
E01034609,L15: Full-time students,124,101,23
E01034609,"L4, L5 and L6: Lower managerial, administrative and professional occupations",273,141,132
E01034609,L7: Intermediate occupations,145,109,36
E01034609,L8 and L9: Small employers and own account workers,120,55,65
E01034610,"L1, L2 and L3: Higher managerial, administrative and professional occupations",121,77,44
E01034610,L10 and L11: Lower supervisory and technical occupations,55,67,-12
E01034610,L12: Semi-routine occupations,131,147,-16
E01034610,L13: Routine occupations,161,109,52
E01034610,L14.1 and L14.2: Never worked and long-term unemployed,246,113,133
E01034610,L15: Full-time students,104,102,2
E01034610,"L4, L5 and L6: Lower managerial, administrative and professional occupations",213,189,24
E01034610,L7: Intermediate occupations,145,129,16
E01034610,L8 and L9: Small employers and own account workers,131,86,45
E01034611,"L1, L2 and L3: Higher managerial, administrative and professional occupations",98,26,72
E01034611,L10 and L11: Lower supervisory and technical occupations,45,36,9
E01034611,L12: Semi-routine occupations,90,67,23
E01034611,L13: Routine occupations,120,46,74
E01034611,L14.1 and L14.2: Never worked and long-term unemployed,162,51,111
E01034611,L15: Full-time students,67,36,31
E01034611,"L4, L5 and L6: Lower managerial, administrative and professional occupations",136,90,46
E01034611,L7: Intermediate occupations,94,54,40
E01034611,L8 and L9: Small employers and own account workers,111,41,70
E01034612,"L1, L2 and L3: Higher managerial, administrative and professional occupations",119,68,51
E01034612,L10 and L11: Lower supervisory and technical occupations,111,104,7
E01034612,L12: Semi-routine occupations,190,186,4
E01034612,L13: Routine occupations,240,133,107
E01034612,L14.1 and L14.2: Never worked and long-term unemployed,251,142,109
E01034612,L15: Full-time students,191,173,18
E01034612,"L4, L5 and L6: Lower managerial, administrative and professional occupations",215,164,51
E01034612,L7: Intermediate occupations,171,172,-1
E01034612,L8 and L9: Small employers and own account workers,149,105,44
E01034613,"L1, L2 and L3: Higher managerial, administrative and professional occupations",186,25,161
E01034613,L10 and L11: Lower supervisory and technical occupations,31,16,15
E01034613,L12: Semi-routine occupations,70,39,31
E01034613,L13: Routine occupations,77,26,51
E01034613,L14.1 and L14.2: Never worked and long-term unemployed,78,41,37
E01034613,L15: Full-time students,80,29,51
E01034613,"L4, L5 and L6: Lower managerial, administrative and professional occupations",180,36,144
E01034613,L7: Intermediate occupations,65,31,34
E01034613,L8 and L9: Small employers and own account workers,59,11,48
E01034614,"L1, L2 and L3: Higher managerial, administrative and professional occupations",271,117,154
E01034614,L10 and L11: Lower supervisory and technical occupations,52,73,-21
E01034614,L12: Semi-routine occupations,149,95,54
E01034614,L13: Routine occupations,148,79,69
E01034614,L14.1 and L14.2: Never worked and long-term unemployed,184,99,85
E01034614,L15: Full-time students,114,121,-7
E01034614,"L4, L5 and L6: Lower managerial, administrative and professional occupations",259,163,96
E01034614,L7: Intermediate occupations,152,129,23
E01034614,L8 and L9: Small employers and own account workers,122,54,68
E01034615,"L1, L2 and L3: Higher managerial, administrative and professional occupations",252,48,204
E01034615,L10 and L11: Lower supervisory and technical occupations,85,61,24
E01034615,L12: Semi-routine occupations,141,117,24
E01034615,L13: Routine occupations,186,96,90
E01034615,L14.1 and L14.2: Never worked and long-term unemployed,146,51,95
E01034615,L15: Full-time students,166,75,91
E01034615,"L4, L5 and L6: Lower managerial, administrative and professional occupations",296,103,193
E01034615,L7: Intermediate occupations,165,113,52
E01034615,L8 and L9: Small employers and own account workers,152,49,103
E01034616,"L1, L2 and L3: Higher managerial, administrative and professional occupations",221,19,202
E01034616,L10 and L11: Lower supervisory and technical occupations,54,26,28
E01034616,L12: Semi-routine occupations,109,58,51
E01034616,L13: Routine occupations,115,49,66
E01034616,L14.1 and L14.2: Never worked and long-term unemployed,180,69,111
E01034616,L15: Full-time students,116,41,75
E01034616,"L4, L5 and L6: Lower managerial, administrative and professional occupations",236,49,187
E01034616,L7: Intermediate occupations,93,34,59
E01034616,L8 and L9: Small employers and own account workers,103,26,77
E01034617,"L1, L2 and L3: Higher managerial, administrative and professional occupations",185,93,92
E01034617,L10 and L11: Lower supervisory and technical occupations,94,102,-8
E01034617,L12: Semi-routine occupations,224,193,31
E01034617,L13: Routine occupations,243,142,101
E01034617,L14.1 and L14.2: Never worked and long-term unemployed,249,157,92
E01034617,L15: Full-time students,184,186,-2
E01034617,"L4, L5 and L6: Lower managerial, administrative and professional occupations",291,214,77
E01034617,L7: Intermediate occupations,176,156,20
E01034617,L8 and L9: Small employers and own account workers,165,88,77
E01035484,"L1, L2 and L3: Higher managerial, administrative and professional occupations",178,88,90
E01035484,L10 and L11: Lower supervisory and technical occupations,52,58,-6
E01035484,L12: Semi-routine occupations,109,107,2
E01035484,L13: Routine occupations,116,83,33
E01035484,L14.1 and L14.2: Never worked and long-term unemployed,90,64,26
E01035484,L15: Full-time students,475,125,350
E01035484,"L4, L5 and L6: Lower managerial, administrative and professional occupations",285,272,13
E01035484,L7: Intermediate occupations,107,139,-32
E01035484,L8 and L9: Small employers and own account workers,111,88,23
E01035485,"L1, L2 and L3: Higher managerial, administrative and professional occupations",218,85,133
E01035485,L10 and L11: Lower supervisory and technical occupations,40,42,-2
E01035485,L12: Semi-routine occupations,78,112,-34
E01035485,L13: Routine occupations,72,56,16
E01035485,L14.1 and L14.2: Never worked and long-term unemployed,95,46,49
E01035485,L15: Full-time students,147,57,90
E01035485,"L4, L5 and L6: Lower managerial, administrative and professional occupations",201,179,22
E01035485,L7: Intermediate occupations,75,91,-16
E01035485,L8 and L9: Small employers and own account workers,76,30,46
E01035486,"L1, L2 and L3: Higher managerial, administrative and professional occupations",438,140,298
E01035486,L10 and L11: Lower supervisory and technical occupations,28,14,14
E01035486,L12: Semi-routine occupations,70,35,35
E01035486,L13: Routine occupations,64,16,48
E01035486,L14.1 and L14.2: Never worked and long-term unemployed,123,63,60
E01035486,L15: Full-time students,183,347,-164
E01035486,"L4, L5 and L6: Lower managerial, administrative and professional occupations",317,122,195
E01035486,L7: Intermediate occupations,115,57,58
E01035486,L8 and L9: Small employers and own account workers,148,60,88
E01035487,"L1, L2 and L3: Higher managerial, administrative and professional occupations",277,141,136
E01035487,L10 and L11: Lower supervisory and technical occupations,44,52,-8
E01035487,L12: Semi-routine occupations,124,131,-7
E01035487,L13: Routine occupations,110,85,25
E01035487,L14.1 and L14.2: Never worked and long-term unemployed,138,61,77
E01035487,L15: Full-time students,78,96,-18
E01035487,"L4, L5 and L6: Lower managerial, administrative and professional occupations",294,246,48
E01035487,L7: Intermediate occupations,124,101,23
E01035487,L8 and L9: Small employers and own account workers,122,71,51
E01035488,"L1, L2 and L3: Higher managerial, administrative and professional occupations",502,283,219
E01035488,L10 and L11: Lower supervisory and technical occupations,25,10,15
E01035488,L12: Semi-routine occupations,55,20,35
E01035488,L13: Routine occupations,33,17,16
E01035488,L14.1 and L14.2: Never worked and long-term unemployed,62,17,45
E01035488,L15: Full-time students,53,50,3
E01035488,"L4, L5 and L6: Lower managerial, administrative and professional occupations",383,330,53
E01035488,L7: Intermediate occupations,79,67,12
E01035488,L8 and L9: Small employers and own account workers,143,94,49
E01035489,"L1, L2 and L3: Higher managerial, administrative and professional occupations",443,73,370
E01035489,L10 and L11: Lower supervisory and technical occupations,26,3,23
E01035489,L12: Semi-routine occupations,49,8,41
E01035489,L13: Routine occupations,34,2,32
E01035489,L14.1 and L14.2: Never worked and long-term unemployed,54,7,47
E01035489,L15: Full-time students,58,12,46
E01035489,"L4, L5 and L6: Lower managerial, administrative and professional occupations",301,86,215
E01035489,L7: Intermediate occupations,79,14,65
E01035489,L8 and L9: Small employers and own account workers,89,13,76
E01035490,"L1, L2 and L3: Higher managerial, administrative and professional occupations",557,362,195
E01035490,L10 and L11: Lower supervisory and technical occupations,17,9,8
E01035490,L12: Semi-routine occupations,78,22,56
E01035490,L13: Routine occupations,26,12,14
E01035490,L14.1 and L14.2: Never worked and long-term unemployed,104,26,78
E01035490,L15: Full-time students,65,40,25
E01035490,"L4, L5 and L6: Lower managerial, administrative and professional occupations",379,428,-49
E01035490,L7: Intermediate occupations,95,56,39
E01035490,L8 and L9: Small employers and own account workers,161,97,64
E01035491,"L1, L2 and L3: Higher managerial, administrative and professional occupations",479,374,105
E01035491,L10 and L11: Lower supervisory and technical occupations,26,27,-1
E01035491,L12: Semi-routine occupations,33,29,4
E01035491,L13: Routine occupations,23,12,11
E01035491,L14.1 and L14.2: Never worked and long-term unemployed,34,25,9
E01035491,L15: Full-time students,34,67,-33
E01035491,"L4, L5 and L6: Lower managerial, administrative and professional occupations",334,437,-103
E01035491,L7: Intermediate occupations,66,122,-56
E01035491,L8 and L9: Small employers and own account workers,91,73,18
E01035492,"L1, L2 and L3: Higher managerial, administrative and professional occupations",624,85,539
E01035492,L10 and L11: Lower supervisory and technical occupations,19,9,10
E01035492,L12: Semi-routine occupations,49,9,40
E01035492,L13: Routine occupations,41,7,34
E01035492,L14.1 and L14.2: Never worked and long-term unemployed,58,3,55
E01035492,L15: Full-time students,54,2,52
E01035492,"L4, L5 and L6: Lower managerial, administrative and professional occupations",409,103,306
E01035492,L7: Intermediate occupations,86,24,62
E01035492,L8 and L9: Small employers and own account workers,102,13,89
E01035493,"L1, L2 and L3: Higher managerial, administrative and professional occupations",448,147,301
E01035493,L10 and L11: Lower supervisory and technical occupations,41,53,-12
E01035493,L12: Semi-routine occupations,91,63,28
E01035493,L13: Routine occupations,86,40,46
E01035493,L14.1 and L14.2: Never worked and long-term unemployed,96,30,66
E01035493,L15: Full-time students,104,75,29
E01035493,"L4, L5 and L6: Lower managerial, administrative and professional occupations",390,237,153
E01035493,L7: Intermediate occupations,107,116,-9
E01035493,L8 and L9: Small employers and own account workers,94,47,47
E01035494,"L1, L2 and L3: Higher managerial, administrative and professional occupations",615,167,448
E01035494,L10 and L11: Lower supervisory and technical occupations,44,20,24
E01035494,L12: Semi-routine occupations,65,44,21
E01035494,L13: Routine occupations,55,23,32
E01035494,L14.1 and L14.2: Never worked and long-term unemployed,57,17,40
E01035494,L15: Full-time students,70,43,27
E01035494,"L4, L5 and L6: Lower managerial, administrative and professional occupations",524,222,302
E01035494,L7: Intermediate occupations,115,69,46
E01035494,L8 and L9: Small employers and own account workers,106,36,70
E01035495,"L1, L2 and L3: Higher managerial, administrative and professional occupations",73,45,28
E01035495,L10 and L11: Lower supervisory and technical occupations,53,44,9
E01035495,L12: Semi-routine occupations,133,163,-30
E01035495,L13: Routine occupations,117,82,35
E01035495,L14.1 and L14.2: Never worked and long-term unemployed,153,121,32
E01035495,L15: Full-time students,122,148,-26
E01035495,"L4, L5 and L6: Lower managerial, administrative and professional occupations",164,165,-1
E01035495,L7: Intermediate occupations,109,103,6
E01035495,L8 and L9: Small employers and own account workers,96,67,29
E01035496,"L1, L2 and L3: Higher managerial, administrative and professional occupations",366,89,277
E01035496,L10 and L11: Lower supervisory and technical occupations,12,11,1
E01035496,L12: Semi-routine occupations,38,18,20
E01035496,L13: Routine occupations,55,10,45
E01035496,L14.1 and L14.2: Never worked and long-term unemployed,74,12,62
E01035496,L15: Full-time students,173,28,145
E01035496,"L4, L5 and L6: Lower managerial, administrative and professional occupations",272,109,163
E01035496,L7: Intermediate occupations,59,24,35
E01035496,L8 and L9: Small employers and own account workers,126,27,99
E01035497,"L1, L2 and L3: Higher managerial, administrative and professional occupations",311,0,311
E01035497,L10 and L11: Lower supervisory and technical occupations,31,0,31
E01035497,L12: Semi-routine occupations,88,0,88
E01035497,L13: Routine occupations,93,0,93
E01035497,L14.1 and L14.2: Never worked and long-term unemployed,84,0,84
E01035497,L15: Full-time students,168,0,168
E01035497,"L4, L5 and L6: Lower managerial, administrative and professional occupations",212,0,212
E01035497,L7: Intermediate occupations,106,0,106
E01035497,L8 and L9: Small employers and own account workers,90,0,90
E01035498,"L1, L2 and L3: Higher managerial, administrative and professional occupations",430,0,430
E01035498,L10 and L11: Lower supervisory and technical occupations,11,0,11
E01035498,L12: Semi-routine occupations,27,0,27
E01035498,L13: Routine occupations,15,0,15
E01035498,L14.1 and L14.2: Never worked and long-term unemployed,32,0,32
E01035498,L15: Full-time students,181,0,181
E01035498,"L4, L5 and L6: Lower managerial, administrative and professional occupations",253,0,253
E01035498,L7: Intermediate occupations,61,0,61
E01035498,L8 and L9: Small employers and own account workers,64,0,64
E01035499,"L1, L2 and L3: Higher managerial, administrative and professional occupations",107,59,48
E01035499,L10 and L11: Lower supervisory and technical occupations,72,70,2
E01035499,L12: Semi-routine occupations,170,154,16
E01035499,L13: Routine occupations,157,163,-6
E01035499,L14.1 and L14.2: Never worked and long-term unemployed,167,112,55
E01035499,L15: Full-time students,156,132,24
E01035499,"L4, L5 and L6: Lower managerial, administrative and professional occupations",242,167,75
E01035499,L7: Intermediate occupations,114,122,-8
E01035499,L8 and L9: Small employers and own account workers,131,88,43
E01035638,"L1, L2 and L3: Higher managerial, administrative and professional occupations",455,24,431
E01035638,L10 and L11: Lower supervisory and technical occupations,44,52,-8
E01035638,L12: Semi-routine occupations,95,102,-7
E01035638,L13: Routine occupations,108,103,5
E01035638,L14.1 and L14.2: Never worked and long-term unemployed,166,170,-4
E01035638,L15: Full-time students,143,112,31
E01035638,"L4, L5 and L6: Lower managerial, administrative and professional occupations",362,93,269
E01035638,L7: Intermediate occupations,99,79,20
E01035638,L8 and L9: Small employers and own account workers,99,49,50
E01035639,"L1, L2 and L3: Higher managerial, administrative and professional occupations",359,41,318
E01035639,L10 and L11: Lower supervisory and technical occupations,48,25,23
E01035639,L12: Semi-routine occupations,112,79,33
E01035639,L13: Routine occupations,94,60,34
E01035639,L14.1 and L14.2: Never worked and long-term unemployed,160,108,52
E01035639,L15: Full-time students,141,123,18
E01035639,"L4, L5 and L6: Lower managerial, administrative and professional occupations",320,122,198
E01035639,L7: Intermediate occupations,115,42,73
E01035639,L8 and L9: Small employers and own account workers,99,44,55
E01035640,"L1, L2 and L3: Higher managerial, administrative and professional occupations",236,163,73
E01035640,L10 and L11: Lower supervisory and technical occupations,40,59,-19
E01035640,L12: Semi-routine occupations,86,105,-19
E01035640,L13: Routine occupations,86,74,12
E01035640,L14.1 and L14.2: Never worked and long-term unemployed,121,127,-6
E01035640,L15: Full-time students,79,154,-75
E01035640,"L4, L5 and L6: Lower managerial, administrative and professional occupations",319,423,-104
E01035640,L7: Intermediate occupations,102,107,-5
E01035640,L8 and L9: Small employers and own account workers,122,125,-3
E01035641,"L1, L2 and L3: Higher managerial, administrative and professional occupations",321,92,229
E01035641,L10 and L11: Lower supervisory and technical occupations,27,21,6
E01035641,L12: Semi-routine occupations,87,37,50
E01035641,L13: Routine occupations,76,34,42
E01035641,L14.1 and L14.2: Never worked and long-term unemployed,87,46,41
E01035641,L15: Full-time students,101,67,34
E01035641,"L4, L5 and L6: Lower managerial, administrative and professional occupations",337,223,114
E01035641,L7: Intermediate occupations,85,47,38
E01035641,L8 and L9: Small employers and own account workers,116,64,52
E01035642,"L1, L2 and L3: Higher managerial, administrative and professional occupations",469,164,305
E01035642,L10 and L11: Lower supervisory and technical occupations,42,27,15
E01035642,L12: Semi-routine occupations,81,52,29
E01035642,L13: Routine occupations,69,49,20
E01035642,L14.1 and L14.2: Never worked and long-term unemployed,110,84,26
E01035642,L15: Full-time students,135,75,60
E01035642,"L4, L5 and L6: Lower managerial, administrative and professional occupations",441,270,171
E01035642,L7: Intermediate occupations,80,73,7
E01035642,L8 and L9: Small employers and own account workers,145,80,65
E01035643,"L1, L2 and L3: Higher managerial, administrative and professional occupations",390,251,139
E01035643,L10 and L11: Lower supervisory and technical occupations,29,47,-18
E01035643,L12: Semi-routine occupations,86,124,-38
E01035643,L13: Routine occupations,127,91,36
E01035643,L14.1 and L14.2: Never worked and long-term unemployed,142,104,38
E01035643,L15: Full-time students,93,126,-33
E01035643,"L4, L5 and L6: Lower managerial, administrative and professional occupations",316,325,-9
E01035643,L7: Intermediate occupations,88,119,-31
E01035643,L8 and L9: Small employers and own account workers,144,76,68
E01035644,"L1, L2 and L3: Higher managerial, administrative and professional occupations",427,217,210
E01035644,L10 and L11: Lower supervisory and technical occupations,22,24,-2
E01035644,L12: Semi-routine occupations,29,22,7
E01035644,L13: Routine occupations,34,24,10
E01035644,L14.1 and L14.2: Never worked and long-term unemployed,59,41,18
E01035644,L15: Full-time students,62,58,4
E01035644,"L4, L5 and L6: Lower managerial, administrative and professional occupations",309,211,98
E01035644,L7: Intermediate occupations,54,48,6
E01035644,L8 and L9: Small employers and own account workers,66,28,38
E01035645,"L1, L2 and L3: Higher managerial, administrative and professional occupations",173,86,87
E01035645,L10 and L11: Lower supervisory and technical occupations,49,58,-9
E01035645,L12: Semi-routine occupations,91,120,-29
E01035645,L13: Routine occupations,124,92,32
E01035645,L14.1 and L14.2: Never worked and long-term unemployed,141,148,-7
E01035645,L15: Full-time students,106,126,-20
E01035645,"L4, L5 and L6: Lower managerial, administrative and professional occupations",242,221,21
E01035645,L7: Intermediate occupations,83,93,-10
E01035645,L8 and L9: Small employers and own account workers,94,85,9
E01035646,"L1, L2 and L3: Higher managerial, administrative and professional occupations",329,220,109
E01035646,L10 and L11: Lower supervisory and technical occupations,43,59,-16
E01035646,L12: Semi-routine occupations,89,127,-38
E01035646,L13: Routine occupations,120,107,13
E01035646,L14.1 and L14.2: Never worked and long-term unemployed,156,150,6
E01035646,L15: Full-time students,119,169,-50
E01035646,"L4, L5 and L6: Lower managerial, administrative and professional occupations",256,262,-6
E01035646,L7: Intermediate occupations,116,123,-7
E01035646,L8 and L9: Small employers and own account workers,112,92,20
E01035647,"L1, L2 and L3: Higher managerial, administrative and professional occupations",475,196,279
E01035647,L10 and L11: Lower supervisory and technical occupations,4,11,-7
E01035647,L12: Semi-routine occupations,16,25,-9
E01035647,L13: Routine occupations,20,12,8
E01035647,L14.1 and L14.2: Never worked and long-term unemployed,19,29,-10
E01035647,L15: Full-time students,74,32,42
E01035647,"L4, L5 and L6: Lower managerial, administrative and professional occupations",294,232,62
E01035647,L7: Intermediate occupations,39,37,2
E01035647,L8 and L9: Small employers and own account workers,77,51,26
E01035648,"L1, L2 and L3: Higher managerial, administrative and professional occupations",217,149,68
E01035648,L10 and L11: Lower supervisory and technical occupations,55,51,4
E01035648,L12: Semi-routine occupations,111,114,-3
E01035648,L13: Routine occupations,122,100,22
E01035648,L14.1 and L14.2: Never worked and long-term unemployed,214,201,13
E01035648,L15: Full-time students,146,184,-38
E01035648,"L4, L5 and L6: Lower managerial, administrative and professional occupations",209,299,-90
E01035648,L7: Intermediate occupations,96,118,-22
E01035648,L8 and L9: Small employers and own account workers,109,66,43
E01035649,"L1, L2 and L3: Higher managerial, administrative and professional occupations",409,123,286
E01035649,L10 and L11: Lower supervisory and technical occupations,22,21,1
E01035649,L12: Semi-routine occupations,64,34,30
E01035649,L13: Routine occupations,61,34,27
E01035649,L14.1 and L14.2: Never worked and long-term unemployed,71,40,31
E01035649,L15: Full-time students,142,93,49
E01035649,"L4, L5 and L6: Lower managerial, administrative and professional occupations",282,177,105
E01035649,L7: Intermediate occupations,81,44,37
E01035649,L8 and L9: Small employers and own account workers,80,36,44
E01035650,"L1, L2 and L3: Higher managerial, administrative and professional occupations",303,207,96
E01035650,L10 and L11: Lower supervisory and technical occupations,71,88,-17
E01035650,L12: Semi-routine occupations,157,201,-44
E01035650,L13: Routine occupations,136,187,-51
E01035650,L14.1 and L14.2: Never worked and long-term unemployed,296,246,50
E01035650,L15: Full-time students,145,258,-113
E01035650,"L4, L5 and L6: Lower managerial, administrative and professional occupations",357,521,-164
E01035650,L7: Intermediate occupations,142,203,-61
E01035650,L8 and L9: Small employers and own account workers,164,172,-8
E01035651,"L1, L2 and L3: Higher managerial, administrative and professional occupations",303,169,134
E01035651,L10 and L11: Lower supervisory and technical occupations,39,51,-12
E01035651,L12: Semi-routine occupations,80,70,10
E01035651,L13: Routine occupations,102,69,33
E01035651,L14.1 and L14.2: Never worked and long-term unemployed,112,107,5
E01035651,L15: Full-time students,137,128,9
E01035651,"L4, L5 and L6: Lower managerial, administrative and professional occupations",313,246,67
E01035651,L7: Intermediate occupations,99,66,33
E01035651,L8 and L9: Small employers and own account workers,119,67,52
E01035652,"L1, L2 and L3: Higher managerial, administrative and professional occupations",293,100,193
E01035652,L10 and L11: Lower supervisory and technical occupations,37,49,-12
E01035652,L12: Semi-routine occupations,53,58,-5
E01035652,L13: Routine occupations,83,60,23
E01035652,L14.1 and L14.2: Never worked and long-term unemployed,72,47,25
E01035652,L15: Full-time students,137,133,4
E01035652,"L4, L5 and L6: Lower managerial, administrative and professional occupations",317,230,87
E01035652,L7: Intermediate occupations,71,56,15
E01035652,L8 and L9: Small employers and own account workers,107,58,49
E01035653,"L1, L2 and L3: Higher managerial, administrative and professional occupations",542,312,230
E01035653,L10 and L11: Lower supervisory and technical occupations,17,31,-14
E01035653,L12: Semi-routine occupations,30,34,-4
E01035653,L13: Routine occupations,29,16,13
E01035653,L14.1 and L14.2: Never worked and long-term unemployed,39,32,7
E01035653,L15: Full-time students,61,87,-26
E01035653,"L4, L5 and L6: Lower managerial, administrative and professional occupations",399,402,-3
E01035653,L7: Intermediate occupations,75,92,-17
E01035653,L8 and L9: Small employers and own account workers,72,37,35
E01035654,"L1, L2 and L3: Higher managerial, administrative and professional occupations",212,56,156
E01035654,L10 and L11: Lower supervisory and technical occupations,26,4,22
E01035654,L12: Semi-routine occupations,57,14,43
E01035654,L13: Routine occupations,50,2,48
E01035654,L14.1 and L14.2: Never worked and long-term unemployed,77,10,67
E01035654,L15: Full-time students,79,13,66
E01035654,"L4, L5 and L6: Lower managerial, administrative and professional occupations",221,44,177
E01035654,L7: Intermediate occupations,79,17,62
E01035654,L8 and L9: Small employers and own account workers,67,8,59
E01035655,"L1, L2 and L3: Higher managerial, administrative and professional occupations",404,350,54
E01035655,L10 and L11: Lower supervisory and technical occupations,37,30,7
E01035655,L12: Semi-routine occupations,112,74,38
E01035655,L13: Routine occupations,80,68,12
E01035655,L14.1 and L14.2: Never worked and long-term unemployed,140,93,47
E01035655,L15: Full-time students,141,119,22
E01035655,"L4, L5 and L6: Lower managerial, administrative and professional occupations",313,341,-28
E01035655,L7: Intermediate occupations,115,102,13
E01035655,L8 and L9: Small employers and own account workers,118,92,26
E01035656,"L1, L2 and L3: Higher managerial, administrative and professional occupations",437,78,359
E01035656,L10 and L11: Lower supervisory and technical occupations,27,5,22
E01035656,L12: Semi-routine occupations,41,21,20
E01035656,L13: Routine occupations,39,16,23
E01035656,L14.1 and L14.2: Never worked and long-term unemployed,74,19,55
E01035656,L15: Full-time students,279,190,89
E01035656,"L4, L5 and L6: Lower managerial, administrative and professional occupations",243,90,153
E01035656,L7: Intermediate occupations,62,23,39
E01035656,L8 and L9: Small employers and own account workers,76,20,56
E01035657,"L1, L2 and L3: Higher managerial, administrative and professional occupations",359,62,297
E01035657,L10 and L11: Lower supervisory and technical occupations,13,14,-1
E01035657,L12: Semi-routine occupations,23,22,1
E01035657,L13: Routine occupations,21,9,12
E01035657,L14.1 and L14.2: Never worked and long-term unemployed,26,17,9
E01035657,L15: Full-time students,48,35,13
E01035657,"L4, L5 and L6: Lower managerial, administrative and professional occupations",348,121,227
E01035657,L7: Intermediate occupations,52,37,15
E01035657,L8 and L9: Small employers and own account workers,66,38,28
E01035658,"L1, L2 and L3: Higher managerial, administrative and professional occupations",408,0,408
E01035658,L10 and L11: Lower supervisory and technical occupations,21,0,21
E01035658,L12: Semi-routine occupations,42,0,42
E01035658,L13: Routine occupations,32,0,32
E01035658,L14.1 and L14.2: Never worked and long-term unemployed,66,0,66
E01035658,L15: Full-time students,69,0,69
E01035658,"L4, L5 and L6: Lower managerial, administrative and professional occupations",314,0,314
E01035658,L7: Intermediate occupations,63,0,63
E01035658,L8 and L9: Small employers and own account workers,55,0,55
E01035659,"L1, L2 and L3: Higher managerial, administrative and professional occupations",209,94,115
E01035659,L10 and L11: Lower supervisory and technical occupations,42,72,-30
E01035659,L12: Semi-routine occupations,131,145,-14
E01035659,L13: Routine occupations,144,114,30
E01035659,L14.1 and L14.2: Never worked and long-term unemployed,189,176,13
E01035659,L15: Full-time students,147,173,-26
E01035659,"L4, L5 and L6: Lower managerial, administrative and professional occupations",228,211,17
E01035659,L7: Intermediate occupations,112,133,-21
E01035659,L8 and L9: Small employers and own account workers,95,72,23
E01035660,"L1, L2 and L3: Higher managerial, administrative and professional occupations",226,88,138
E01035660,L10 and L11: Lower supervisory and technical occupations,36,58,-22
E01035660,L12: Semi-routine occupations,81,107,-26
E01035660,L13: Routine occupations,98,68,30
E01035660,L14.1 and L14.2: Never worked and long-term unemployed,152,164,-12
E01035660,L15: Full-time students,104,170,-66
E01035660,"L4, L5 and L6: Lower managerial, administrative and professional occupations",306,245,61
E01035660,L7: Intermediate occupations,94,93,1
E01035660,L8 and L9: Small employers and own account workers,104,64,40
E01035661,"L1, L2 and L3: Higher managerial, administrative and professional occupations",210,103,107
E01035661,L10 and L11: Lower supervisory and technical occupations,33,35,-2
E01035661,L12: Semi-routine occupations,97,65,32
E01035661,L13: Routine occupations,87,58,29
E01035661,L14.1 and L14.2: Never worked and long-term unemployed,301,70,231
E01035661,L15: Full-time students,123,71,52
E01035661,"L4, L5 and L6: Lower managerial, administrative and professional occupations",266,245,21
E01035661,L7: Intermediate occupations,86,93,-7
E01035661,L8 and L9: Small employers and own account workers,91,56,35
E01035662,"L1, L2 and L3: Higher managerial, administrative and professional occupations",387,300,87
E01035662,L10 and L11: Lower supervisory and technical occupations,23,33,-10
E01035662,L12: Semi-routine occupations,26,41,-15
E01035662,L13: Routine occupations,23,23,0
E01035662,L14.1 and L14.2: Never worked and long-term unemployed,30,12,18
E01035662,L15: Full-time students,30,57,-27
E01035662,"L4, L5 and L6: Lower managerial, administrative and professional occupations",384,374,10
E01035662,L7: Intermediate occupations,65,116,-51
E01035662,L8 and L9: Small employers and own account workers,94,62,32
E01035663,"L1, L2 and L3: Higher managerial, administrative and professional occupations",258,180,78
E01035663,L10 and L11: Lower supervisory and technical occupations,27,33,-6
E01035663,L12: Semi-routine occupations,71,59,12
E01035663,L13: Routine occupations,74,41,33
E01035663,L14.1 and L14.2: Never worked and long-term unemployed,98,46,52
E01035663,L15: Full-time students,89,99,-10
E01035663,"L4, L5 and L6: Lower managerial, administrative and professional occupations",276,298,-22
E01035663,L7: Intermediate occupations,82,116,-34
E01035663,L8 and L9: Small employers and own account workers,67,46,21
E01035664,"L1, L2 and L3: Higher managerial, administrative and professional occupations",485,253,232
E01035664,L10 and L11: Lower supervisory and technical occupations,69,81,-12
E01035664,L12: Semi-routine occupations,139,191,-52
E01035664,L13: Routine occupations,162,131,31
E01035664,L14.1 and L14.2: Never worked and long-term unemployed,229,215,14
E01035664,L15: Full-time students,175,205,-30
E01035664,"L4, L5 and L6: Lower managerial, administrative and professional occupations",468,558,-90
E01035664,L7: Intermediate occupations,135,167,-32
E01035664,L8 and L9: Small employers and own account workers,205,178,27
E01035665,"L1, L2 and L3: Higher managerial, administrative and professional occupations",389,29,360
E01035665,L10 and L11: Lower supervisory and technical occupations,27,14,13
E01035665,L12: Semi-routine occupations,62,11,51
E01035665,L13: Routine occupations,61,7,54
E01035665,L14.1 and L14.2: Never worked and long-term unemployed,61,12,49
E01035665,L15: Full-time students,119,20,99
E01035665,"L4, L5 and L6: Lower managerial, administrative and professional occupations",339,50,289
E01035665,L7: Intermediate occupations,84,33,51
E01035665,L8 and L9: Small employers and own account workers,70,15,55
E01035666,"L1, L2 and L3: Higher managerial, administrative and professional occupations",279,44,235
E01035666,L10 and L11: Lower supervisory and technical occupations,67,28,39
E01035666,L12: Semi-routine occupations,146,55,91
E01035666,L13: Routine occupations,132,44,88
E01035666,L14.1 and L14.2: Never worked and long-term unemployed,205,92,113
E01035666,L15: Full-time students,214,92,122
E01035666,"L4, L5 and L6: Lower managerial, administrative and professional occupations",293,91,202
E01035666,L7: Intermediate occupations,108,53,55
E01035666,L8 and L9: Small employers and own account workers,101,31,70
E01035667,"L1, L2 and L3: Higher managerial, administrative and professional occupations",209,86,123
E01035667,L10 and L11: Lower supervisory and technical occupations,58,66,-8
E01035667,L12: Semi-routine occupations,171,136,35
E01035667,L13: Routine occupations,122,95,27
E01035667,L14.1 and L14.2: Never worked and long-term unemployed,291,237,54
E01035667,L15: Full-time students,206,222,-16
E01035667,"L4, L5 and L6: Lower managerial, administrative and professional occupations",251,255,-4
E01035667,L7: Intermediate occupations,120,136,-16
E01035667,L8 and L9: Small employers and own account workers,86,53,33
E01035668,"L1, L2 and L3: Higher managerial, administrative and professional occupations",491,329,162
E01035668,L10 and L11: Lower supervisory and technical occupations,37,56,-19
E01035668,L12: Semi-routine occupations,123,90,33
E01035668,L13: Routine occupations,75,62,13
E01035668,L14.1 and L14.2: Never worked and long-term unemployed,259,178,81
E01035668,L15: Full-time students,177,180,-3
E01035668,"L4, L5 and L6: Lower managerial, administrative and professional occupations",406,475,-69
E01035668,L7: Intermediate occupations,114,127,-13
E01035668,L8 and L9: Small employers and own account workers,131,101,30
E01035669,"L1, L2 and L3: Higher managerial, administrative and professional occupations",382,171,211
E01035669,L10 and L11: Lower supervisory and technical occupations,26,21,5
E01035669,L12: Semi-routine occupations,79,48,31
E01035669,L13: Routine occupations,50,21,29
E01035669,L14.1 and L14.2: Never worked and long-term unemployed,122,43,79
E01035669,L15: Full-time students,132,76,56
E01035669,"L4, L5 and L6: Lower managerial, administrative and professional occupations",265,246,19
E01035669,L7: Intermediate occupations,83,63,20
E01035669,L8 and L9: Small employers and own account workers,70,51,19
E01035670,"L1, L2 and L3: Higher managerial, administrative and professional occupations",203,109,94
E01035670,L10 and L11: Lower supervisory and technical occupations,106,97,9
E01035670,L12: Semi-routine occupations,213,188,25
E01035670,L13: Routine occupations,208,158,50
E01035670,L14.1 and L14.2: Never worked and long-term unemployed,468,336,132
E01035670,L15: Full-time students,1905,2183,-278
E01035670,"L4, L5 and L6: Lower managerial, administrative and professional occupations",322,257,65
E01035670,L7: Intermediate occupations,197,156,41
E01035670,L8 and L9: Small employers and own account workers,122,109,13
E01035671,"L1, L2 and L3: Higher managerial, administrative and professional occupations",480,0,480
E01035671,L10 and L11: Lower supervisory and technical occupations,50,0,50
E01035671,L12: Semi-routine occupations,113,0,113
E01035671,L13: Routine occupations,71,0,71
E01035671,L14.1 and L14.2: Never worked and long-term unemployed,199,0,199
E01035671,L15: Full-time students,201,0,201
E01035671,"L4, L5 and L6: Lower managerial, administrative and professional occupations",397,0,397
E01035671,L7: Intermediate occupations,155,0,155
E01035671,L8 and L9: Small employers and own account workers,81,0,81
E01035672,"L1, L2 and L3: Higher managerial, administrative and professional occupations",241,158,83
E01035672,L10 and L11: Lower supervisory and technical occupations,87,109,-22
E01035672,L12: Semi-routine occupations,215,193,22
E01035672,L13: Routine occupations,189,126,63
E01035672,L14.1 and L14.2: Never worked and long-term unemployed,406,308,98
E01035672,L15: Full-time students,338,303,35
E01035672,"L4, L5 and L6: Lower managerial, administrative and professional occupations",365,302,63
E01035672,L7: Intermediate occupations,193,180,13
E01035672,L8 and L9: Small employers and own account workers,154,91,63
E01035673,"L1, L2 and L3: Higher managerial, administrative and professional occupations",176,0,176
E01035673,L10 and L11: Lower supervisory and technical occupations,43,0,43
E01035673,L12: Semi-routine occupations,65,0,65
E01035673,L13: Routine occupations,57,0,57
E01035673,L14.1 and L14.2: Never worked and long-term unemployed,117,0,117
E01035673,L15: Full-time students,120,0,120
E01035673,"L4, L5 and L6: Lower managerial, administrative and professional occupations",224,0,224
E01035673,L7: Intermediate occupations,82,0,82
E01035673,L8 and L9: Small employers and own account workers,49,0,49
E01035674,"L1, L2 and L3: Higher managerial, administrative and professional occupations",265,52,213
E01035674,L10 and L11: Lower supervisory and technical occupations,38,19,19
E01035674,L12: Semi-routine occupations,84,64,20
E01035674,L13: Routine occupations,79,41,38
E01035674,L14.1 and L14.2: Never worked and long-term unemployed,132,65,67
E01035674,L15: Full-time students,130,56,74
E01035674,"L4, L5 and L6: Lower managerial, administrative and professional occupations",240,112,128
E01035674,L7: Intermediate occupations,78,36,42
E01035674,L8 and L9: Small employers and own account workers,69,32,37
E01035675,"L1, L2 and L3: Higher managerial, administrative and professional occupations",222,50,172
E01035675,L10 and L11: Lower supervisory and technical occupations,81,64,17
E01035675,L12: Semi-routine occupations,122,117,5
E01035675,L13: Routine occupations,114,97,17
E01035675,L14.1 and L14.2: Never worked and long-term unemployed,188,175,13
E01035675,L15: Full-time students,317,254,63
E01035675,"L4, L5 and L6: Lower managerial, administrative and professional occupations",229,139,90
E01035675,L7: Intermediate occupations,107,55,52
E01035675,L8 and L9: Small employers and own account workers,96,44,52
E01035676,"L1, L2 and L3: Higher managerial, administrative and professional occupations",106,34,72
E01035676,L10 and L11: Lower supervisory and technical occupations,54,54,0
E01035676,L12: Semi-routine occupations,118,124,-6
E01035676,L13: Routine occupations,94,78,16
E01035676,L14.1 and L14.2: Never worked and long-term unemployed,268,207,61
E01035676,L15: Full-time students,148,154,-6
E01035676,"L4, L5 and L6: Lower managerial, administrative and professional occupations",182,115,67
E01035676,L7: Intermediate occupations,110,80,30
E01035676,L8 and L9: Small employers and own account workers,95,37,58
E01035677,"L1, L2 and L3: Higher managerial, administrative and professional occupations",268,26,242
E01035677,L10 and L11: Lower supervisory and technical occupations,42,31,11
E01035677,L12: Semi-routine occupations,93,43,50
E01035677,L13: Routine occupations,79,33,46
E01035677,L14.1 and L14.2: Never worked and long-term unemployed,180,111,69
E01035677,L15: Full-time students,144,70,74
E01035677,"L4, L5 and L6: Lower managerial, administrative and professional occupations",236,75,161
E01035677,L7: Intermediate occupations,99,32,67
E01035677,L8 and L9: Small employers and own account workers,73,15,58
E01035678,"L1, L2 and L3: Higher managerial, administrative and professional occupations",339,79,260
E01035678,L10 and L11: Lower supervisory and technical occupations,49,29,20
E01035678,L12: Semi-routine occupations,111,57,54
E01035678,L13: Routine occupations,86,36,50
E01035678,L14.1 and L14.2: Never worked and long-term unemployed,172,66,106
E01035678,L15: Full-time students,188,97,91
E01035678,"L4, L5 and L6: Lower managerial, administrative and professional occupations",321,126,195
E01035678,L7: Intermediate occupations,142,47,95
E01035678,L8 and L9: Small employers and own account workers,118,61,57
E01035679,"L1, L2 and L3: Higher managerial, administrative and professional occupations",251,87,164
E01035679,L10 and L11: Lower supervisory and technical occupations,52,76,-24
E01035679,L12: Semi-routine occupations,109,80,29
E01035679,L13: Routine occupations,105,58,47
E01035679,L14.1 and L14.2: Never worked and long-term unemployed,145,116,29
E01035679,L15: Full-time students,159,102,57
E01035679,"L4, L5 and L6: Lower managerial, administrative and professional occupations",265,200,65
E01035679,L7: Intermediate occupations,109,92,17
E01035679,L8 and L9: Small employers and own account workers,104,67,37
E01035680,"L1, L2 and L3: Higher managerial, administrative and professional occupations",370,129,241
E01035680,L10 and L11: Lower supervisory and technical occupations,23,50,-27
E01035680,L12: Semi-routine occupations,101,62,39
E01035680,L13: Routine occupations,91,55,36
E01035680,L14.1 and L14.2: Never worked and long-term unemployed,145,113,32
E01035680,L15: Full-time students,185,109,76
E01035680,"L4, L5 and L6: Lower managerial, administrative and professional occupations",356,334,22
E01035680,L7: Intermediate occupations,118,113,5
E01035680,L8 and L9: Small employers and own account workers,92,41,51
E01035681,"L1, L2 and L3: Higher managerial, administrative and professional occupations",139,58,81
E01035681,L10 and L11: Lower supervisory and technical occupations,67,32,35
E01035681,L12: Semi-routine occupations,150,71,79
E01035681,L13: Routine occupations,133,46,87
E01035681,L14.1 and L14.2: Never worked and long-term unemployed,360,179,181
E01035681,L15: Full-time students,198,101,97
E01035681,"L4, L5 and L6: Lower managerial, administrative and professional occupations",228,108,120
E01035681,L7: Intermediate occupations,164,71,93
E01035681,L8 and L9: Small employers and own account workers,105,27,78
E01035682,"L1, L2 and L3: Higher managerial, administrative and professional occupations",198,29,169
E01035682,L10 and L11: Lower supervisory and technical occupations,49,25,24
E01035682,L12: Semi-routine occupations,82,81,1
E01035682,L13: Routine occupations,74,37,37
E01035682,L14.1 and L14.2: Never worked and long-term unemployed,198,114,84
E01035682,L15: Full-time students,175,101,74
E01035682,"L4, L5 and L6: Lower managerial, administrative and professional occupations",181,55,126
E01035682,L7: Intermediate occupations,83,46,37
E01035682,L8 and L9: Small employers and own account workers,53,29,24
E01035683,"L1, L2 and L3: Higher managerial, administrative and professional occupations",134,28,106
E01035683,L10 and L11: Lower supervisory and technical occupations,42,60,-18
E01035683,L12: Semi-routine occupations,123,112,11
E01035683,L13: Routine occupations,98,88,10
E01035683,L14.1 and L14.2: Never worked and long-term unemployed,368,252,116
E01035683,L15: Full-time students,245,190,55
E01035683,"L4, L5 and L6: Lower managerial, administrative and professional occupations",187,125,62
E01035683,L7: Intermediate occupations,117,102,15
E01035683,L8 and L9: Small employers and own account workers,85,71,14
E01035684,"L1, L2 and L3: Higher managerial, administrative and professional occupations",195,46,149
E01035684,L10 and L11: Lower supervisory and technical occupations,57,49,8
E01035684,L12: Semi-routine occupations,101,91,10
E01035684,L13: Routine occupations,68,52,16
E01035684,L14.1 and L14.2: Never worked and long-term unemployed,203,127,76
E01035684,L15: Full-time students,197,92,105
E01035684,"L4, L5 and L6: Lower managerial, administrative and professional occupations",194,104,90
E01035684,L7: Intermediate occupations,115,82,33
E01035684,L8 and L9: Small employers and own account workers,79,44,35
E01035685,"L1, L2 and L3: Higher managerial, administrative and professional occupations",65,46,19
E01035685,L10 and L11: Lower supervisory and technical occupations,56,65,-9
E01035685,L12: Semi-routine occupations,114,130,-16
E01035685,L13: Routine occupations,97,106,-9
E01035685,L14.1 and L14.2: Never worked and long-term unemployed,245,198,47
E01035685,L15: Full-time students,127,90,37
E01035685,"L4, L5 and L6: Lower managerial, administrative and professional occupations",125,124,1
E01035685,L7: Intermediate occupations,96,95,1
E01035685,L8 and L9: Small employers and own account workers,99,47,52
E01035686,"L1, L2 and L3: Higher managerial, administrative and professional occupations",270,284,-14
E01035686,L10 and L11: Lower supervisory and technical occupations,44,48,-4
E01035686,L12: Semi-routine occupations,89,105,-16
E01035686,L13: Routine occupations,76,50,26
E01035686,L14.1 and L14.2: Never worked and long-term unemployed,182,175,7
E01035686,L15: Full-time students,268,244,24
E01035686,"L4, L5 and L6: Lower managerial, administrative and professional occupations",226,351,-125
E01035686,L7: Intermediate occupations,79,101,-22
E01035686,L8 and L9: Small employers and own account workers,67,65,2
E01035687,"L1, L2 and L3: Higher managerial, administrative and professional occupations",372,244,128
E01035687,L10 and L11: Lower supervisory and technical occupations,36,22,14
E01035687,L12: Semi-routine occupations,72,35,37
E01035687,L13: Routine occupations,62,14,48
E01035687,L14.1 and L14.2: Never worked and long-term unemployed,103,21,82
E01035687,L15: Full-time students,453,75,378
E01035687,"L4, L5 and L6: Lower managerial, administrative and professional occupations",222,231,-9
E01035687,L7: Intermediate occupations,88,54,34
E01035687,L8 and L9: Small employers and own account workers,71,30,41
E01035688,"L1, L2 and L3: Higher managerial, administrative and professional occupations",416,0,416
E01035688,L10 and L11: Lower supervisory and technical occupations,16,0,16
E01035688,L12: Semi-routine occupations,44,0,44
E01035688,L13: Routine occupations,25,0,25
E01035688,L14.1 and L14.2: Never worked and long-term unemployed,72,0,72
E01035688,L15: Full-time students,591,0,591
E01035688,"L4, L5 and L6: Lower managerial, administrative and professional occupations",213,0,213
E01035688,L7: Intermediate occupations,53,0,53
E01035688,L8 and L9: Small employers and own account workers,42,0,42
E01035689,"L1, L2 and L3: Higher managerial, administrative and professional occupations",419,255,164
E01035689,L10 and L11: Lower supervisory and technical occupations,35,33,2
E01035689,L12: Semi-routine occupations,81,62,19
E01035689,L13: Routine occupations,44,30,14
E01035689,L14.1 and L14.2: Never worked and long-term unemployed,130,101,29
E01035689,L15: Full-time students,252,191,61
E01035689,"L4, L5 and L6: Lower managerial, administrative and professional occupations",263,308,-45
E01035689,L7: Intermediate occupations,75,97,-22
E01035689,L8 and L9: Small employers and own account workers,49,54,-5
E01035690,"L1, L2 and L3: Higher managerial, administrative and professional occupations",531,253,278
E01035690,L10 and L11: Lower supervisory and technical occupations,62,13,49
E01035690,L12: Semi-routine occupations,112,33,79
E01035690,L13: Routine occupations,102,36,66
E01035690,L14.1 and L14.2: Never worked and long-term unemployed,200,56,144
E01035690,L15: Full-time students,165,60,105
E01035690,"L4, L5 and L6: Lower managerial, administrative and professional occupations",405,229,176
E01035690,L7: Intermediate occupations,114,66,48
E01035690,L8 and L9: Small employers and own account workers,84,35,49
E01035691,"L1, L2 and L3: Higher managerial, administrative and professional occupations",511,386,125
E01035691,L10 and L11: Lower supervisory and technical occupations,60,21,39
E01035691,L12: Semi-routine occupations,57,31,26
E01035691,L13: Routine occupations,131,13,118
E01035691,L14.1 and L14.2: Never worked and long-term unemployed,105,32,73
E01035691,L15: Full-time students,154,68,86
E01035691,"L4, L5 and L6: Lower managerial, administrative and professional occupations",405,391,14
E01035691,L7: Intermediate occupations,92,108,-16
E01035691,L8 and L9: Small employers and own account workers,163,52,111
E01035692,"L1, L2 and L3: Higher managerial, administrative and professional occupations",262,111,151
E01035692,L10 and L11: Lower supervisory and technical occupations,43,49,-6
E01035692,L12: Semi-routine occupations,76,68,8
E01035692,L13: Routine occupations,74,46,28
E01035692,L14.1 and L14.2: Never worked and long-term unemployed,158,62,96
E01035692,L15: Full-time students,127,60,67
E01035692,"L4, L5 and L6: Lower managerial, administrative and professional occupations",272,175,97
E01035692,L7: Intermediate occupations,95,83,12
E01035692,L8 and L9: Small employers and own account workers,75,44,31
E01035693,"L1, L2 and L3: Higher managerial, administrative and professional occupations",304,31,273
E01035693,L10 and L11: Lower supervisory and technical occupations,36,31,5
E01035693,L12: Semi-routine occupations,109,50,59
E01035693,L13: Routine occupations,88,61,27
E01035693,L14.1 and L14.2: Never worked and long-term unemployed,133,63,70
E01035693,L15: Full-time students,131,72,59
E01035693,"L4, L5 and L6: Lower managerial, administrative and professional occupations",237,65,172
E01035693,L7: Intermediate occupations,117,61,56
E01035693,L8 and L9: Small employers and own account workers,99,48,51
E01035694,"L1, L2 and L3: Higher managerial, administrative and professional occupations",279,152,127
E01035694,L10 and L11: Lower supervisory and technical occupations,77,85,-8
E01035694,L12: Semi-routine occupations,191,155,36
E01035694,L13: Routine occupations,145,111,34
E01035694,L14.1 and L14.2: Never worked and long-term unemployed,248,236,12
E01035694,L15: Full-time students,193,169,24
E01035694,"L4, L5 and L6: Lower managerial, administrative and professional occupations",285,218,67
E01035694,L7: Intermediate occupations,148,116,32
E01035694,L8 and L9: Small employers and own account workers,109,85,24
E01035695,"L1, L2 and L3: Higher managerial, administrative and professional occupations",124,70,54
E01035695,L10 and L11: Lower supervisory and technical occupations,47,83,-36
E01035695,L12: Semi-routine occupations,130,162,-32
E01035695,L13: Routine occupations,151,103,48
E01035695,L14.1 and L14.2: Never worked and long-term unemployed,213,211,2
E01035695,L15: Full-time students,167,147,20
E01035695,"L4, L5 and L6: Lower managerial, administrative and professional occupations",207,151,56
E01035695,L7: Intermediate occupations,106,132,-26
E01035695,L8 and L9: Small employers and own account workers,129,82,47
E01035696,"L1, L2 and L3: Higher managerial, administrative and professional occupations",437,242,195
E01035696,L10 and L11: Lower supervisory and technical occupations,15,16,-1
E01035696,L12: Semi-routine occupations,35,23,12
E01035696,L13: Routine occupations,26,21,5
E01035696,L14.1 and L14.2: Never worked and long-term unemployed,59,35,24
E01035696,L15: Full-time students,98,40,58
E01035696,"L4, L5 and L6: Lower managerial, administrative and professional occupations",227,188,39
E01035696,L7: Intermediate occupations,59,47,12
E01035696,L8 and L9: Small employers and own account workers,67,32,35
E01035697,"L1, L2 and L3: Higher managerial, administrative and professional occupations",456,177,279
E01035697,L10 and L11: Lower supervisory and technical occupations,55,36,19
E01035697,L12: Semi-routine occupations,76,77,-1
E01035697,L13: Routine occupations,86,56,30
E01035697,L14.1 and L14.2: Never worked and long-term unemployed,142,86,56
E01035697,L15: Full-time students,127,95,32
E01035697,"L4, L5 and L6: Lower managerial, administrative and professional occupations",280,216,64
E01035697,L7: Intermediate occupations,125,93,32
E01035697,L8 and L9: Small employers and own account workers,103,45,58
E01035698,"L1, L2 and L3: Higher managerial, administrative and professional occupations",344,204,140
E01035698,L10 and L11: Lower supervisory and technical occupations,18,26,-8
E01035698,L12: Semi-routine occupations,33,38,-5
E01035698,L13: Routine occupations,23,20,3
E01035698,L14.1 and L14.2: Never worked and long-term unemployed,65,52,13
E01035698,L15: Full-time students,45,70,-25
E01035698,"L4, L5 and L6: Lower managerial, administrative and professional occupations",153,211,-58
E01035698,L7: Intermediate occupations,64,57,7
E01035698,L8 and L9: Small employers and own account workers,38,25,13
E01035699,"L1, L2 and L3: Higher managerial, administrative and professional occupations",501,163,338
E01035699,L10 and L11: Lower supervisory and technical occupations,36,11,25
E01035699,L12: Semi-routine occupations,104,30,74
E01035699,L13: Routine occupations,73,18,55
E01035699,L14.1 and L14.2: Never worked and long-term unemployed,134,59,75
E01035699,L15: Full-time students,166,74,92
E01035699,"L4, L5 and L6: Lower managerial, administrative and professional occupations",252,157,95
E01035699,L7: Intermediate occupations,91,54,37
E01035699,L8 and L9: Small employers and own account workers,68,22,46
E01035700,"L1, L2 and L3: Higher managerial, administrative and professional occupations",479,0,479
E01035700,L10 and L11: Lower supervisory and technical occupations,17,0,17
E01035700,L12: Semi-routine occupations,24,0,24
E01035700,L13: Routine occupations,19,0,19
E01035700,L14.1 and L14.2: Never worked and long-term unemployed,67,0,67
E01035700,L15: Full-time students,88,0,88
E01035700,"L4, L5 and L6: Lower managerial, administrative and professional occupations",292,0,292
E01035700,L7: Intermediate occupations,58,0,58
E01035700,L8 and L9: Small employers and own account workers,53,0,53
E01035701,"L1, L2 and L3: Higher managerial, administrative and professional occupations",528,0,528
E01035701,L10 and L11: Lower supervisory and technical occupations,21,0,21
E01035701,L12: Semi-routine occupations,21,0,21
E01035701,L13: Routine occupations,13,0,13
E01035701,L14.1 and L14.2: Never worked and long-term unemployed,50,0,50
E01035701,L15: Full-time students,107,0,107
E01035701,"L4, L5 and L6: Lower managerial, administrative and professional occupations",282,0,282
E01035701,L7: Intermediate occupations,60,0,60
E01035701,L8 and L9: Small employers and own account workers,45,0,45
E01035702,"L1, L2 and L3: Higher managerial, administrative and professional occupations",310,294,16
E01035702,L10 and L11: Lower supervisory and technical occupations,42,26,16
E01035702,L12: Semi-routine occupations,93,51,42
E01035702,L13: Routine occupations,64,14,50
E01035702,L14.1 and L14.2: Never worked and long-term unemployed,141,54,87
E01035702,L15: Full-time students,126,103,23
E01035702,"L4, L5 and L6: Lower managerial, administrative and professional occupations",242,289,-47
E01035702,L7: Intermediate occupations,90,96,-6
E01035702,L8 and L9: Small employers and own account workers,87,38,49
E01035703,"L1, L2 and L3: Higher managerial, administrative and professional occupations",384,0,384
E01035703,L10 and L11: Lower supervisory and technical occupations,4,0,4
E01035703,L12: Semi-routine occupations,23,0,23
E01035703,L13: Routine occupations,14,0,14
E01035703,L14.1 and L14.2: Never worked and long-term unemployed,31,0,31
E01035703,L15: Full-time students,381,0,381
E01035703,"L4, L5 and L6: Lower managerial, administrative and professional occupations",147,0,147
E01035703,L7: Intermediate occupations,42,0,42
E01035703,L8 and L9: Small employers and own account workers,31,0,31
E01035704,"L1, L2 and L3: Higher managerial, administrative and professional occupations",307,172,135
E01035704,L10 and L11: Lower supervisory and technical occupations,36,16,20
E01035704,L12: Semi-routine occupations,81,49,32
E01035704,L13: Routine occupations,50,19,31
E01035704,L14.1 and L14.2: Never worked and long-term unemployed,132,82,50
E01035704,L15: Full-time students,528,117,411
E01035704,"L4, L5 and L6: Lower managerial, administrative and professional occupations",176,173,3
E01035704,L7: Intermediate occupations,68,65,3
E01035704,L8 and L9: Small employers and own account workers,59,28,31
E01035705,"L1, L2 and L3: Higher managerial, administrative and professional occupations",167,122,45
E01035705,L10 and L11: Lower supervisory and technical occupations,48,63,-15
E01035705,L12: Semi-routine occupations,98,107,-9
E01035705,L13: Routine occupations,113,69,44
E01035705,L14.1 and L14.2: Never worked and long-term unemployed,161,146,15
E01035705,L15: Full-time students,153,109,44
E01035705,"L4, L5 and L6: Lower managerial, administrative and professional occupations",198,202,-4
E01035705,L7: Intermediate occupations,109,122,-13
E01035705,L8 and L9: Small employers and own account workers,119,88,31
E01035706,"L1, L2 and L3: Higher managerial, administrative and professional occupations",358,105,253
E01035706,L10 and L11: Lower supervisory and technical occupations,25,8,17
E01035706,L12: Semi-routine occupations,49,12,37
E01035706,L13: Routine occupations,44,6,38
E01035706,L14.1 and L14.2: Never worked and long-term unemployed,90,30,60
E01035706,L15: Full-time students,118,45,73
E01035706,"L4, L5 and L6: Lower managerial, administrative and professional occupations",226,127,99
E01035706,L7: Intermediate occupations,79,29,50
E01035706,L8 and L9: Small employers and own account workers,76,14,62
E01035707,"L1, L2 and L3: Higher managerial, administrative and professional occupations",558,432,126
E01035707,L10 and L11: Lower supervisory and technical occupations,47,56,-9
E01035707,L12: Semi-routine occupations,110,135,-25
E01035707,L13: Routine occupations,105,79,26
E01035707,L14.1 and L14.2: Never worked and long-term unemployed,144,123,21
E01035707,L15: Full-time students,279,797,-518
E01035707,"L4, L5 and L6: Lower managerial, administrative and professional occupations",544,645,-101
E01035707,L7: Intermediate occupations,144,150,-6
E01035707,L8 and L9: Small employers and own account workers,237,189,48
E01035708,"L1, L2 and L3: Higher managerial, administrative and professional occupations",310,0,310
E01035708,L10 and L11: Lower supervisory and technical occupations,21,0,21
E01035708,L12: Semi-routine occupations,61,0,61
E01035708,L13: Routine occupations,52,0,52
E01035708,L14.1 and L14.2: Never worked and long-term unemployed,120,0,120
E01035708,L15: Full-time students,682,0,682
E01035708,"L4, L5 and L6: Lower managerial, administrative and professional occupations",264,0,264
E01035708,L7: Intermediate occupations,90,0,90
E01035708,L8 and L9: Small employers and own account workers,88,0,88
E01035709,"L1, L2 and L3: Higher managerial, administrative and professional occupations",138,87,51
E01035709,L10 and L11: Lower supervisory and technical occupations,51,74,-23
E01035709,L12: Semi-routine occupations,157,175,-18
E01035709,L13: Routine occupations,137,120,17
E01035709,L14.1 and L14.2: Never worked and long-term unemployed,208,178,30
E01035709,L15: Full-time students,207,262,-55
E01035709,"L4, L5 and L6: Lower managerial, administrative and professional occupations",157,178,-21
E01035709,L7: Intermediate occupations,101,119,-18
E01035709,L8 and L9: Small employers and own account workers,103,63,40
E01035710,"L1, L2 and L3: Higher managerial, administrative and professional occupations",167,184,-17
E01035710,L10 and L11: Lower supervisory and technical occupations,100,123,-23
E01035710,L12: Semi-routine occupations,171,211,-40
E01035710,L13: Routine occupations,166,175,-9
E01035710,L14.1 and L14.2: Never worked and long-term unemployed,302,302,0
E01035710,L15: Full-time students,776,930,-154
E01035710,"L4, L5 and L6: Lower managerial, administrative and professional occupations",245,322,-77
E01035710,L7: Intermediate occupations,115,159,-44
E01035710,L8 and L9: Small employers and own account workers,147,144,3
E01035711,"L1, L2 and L3: Higher managerial, administrative and professional occupations",320,362,-42
E01035711,L10 and L11: Lower supervisory and technical occupations,42,58,-16
E01035711,L12: Semi-routine occupations,94,139,-45
E01035711,L13: Routine occupations,90,95,-5
E01035711,L14.1 and L14.2: Never worked and long-term unemployed,166,152,14
E01035711,L15: Full-time students,1110,1615,-505
E01035711,"L4, L5 and L6: Lower managerial, administrative and professional occupations",258,362,-104
E01035711,L7: Intermediate occupations,101,136,-35
E01035711,L8 and L9: Small employers and own account workers,100,115,-15
E01035712,"L1, L2 and L3: Higher managerial, administrative and professional occupations",256,240,16
E01035712,L10 and L11: Lower supervisory and technical occupations,49,75,-26
E01035712,L12: Semi-routine occupations,123,163,-40
E01035712,L13: Routine occupations,109,82,27
E01035712,L14.1 and L14.2: Never worked and long-term unemployed,226,250,-24
E01035712,L15: Full-time students,955,930,25
E01035712,"L4, L5 and L6: Lower managerial, administrative and professional occupations",251,348,-97
E01035712,L7: Intermediate occupations,115,127,-12
E01035712,L8 and L9: Small employers and own account workers,124,129,-5
E01035713,"L1, L2 and L3: Higher managerial, administrative and professional occupations",623,528,95
E01035713,L10 and L11: Lower supervisory and technical occupations,19,34,-15
E01035713,L12: Semi-routine occupations,58,87,-29
E01035713,L13: Routine occupations,58,46,12
E01035713,L14.1 and L14.2: Never worked and long-term unemployed,107,82,25
E01035713,L15: Full-time students,228,149,79
E01035713,"L4, L5 and L6: Lower managerial, administrative and professional occupations",312,693,-381
E01035713,L7: Intermediate occupations,75,126,-51
E01035713,L8 and L9: Small employers and own account workers,232,201,31
E01035714,"L1, L2 and L3: Higher managerial, administrative and professional occupations",599,538,61
E01035714,L10 and L11: Lower supervisory and technical occupations,17,25,-8
E01035714,L12: Semi-routine occupations,61,58,3
E01035714,L13: Routine occupations,56,33,23
E01035714,L14.1 and L14.2: Never worked and long-term unemployed,111,89,22
E01035714,L15: Full-time students,281,693,-412
E01035714,"L4, L5 and L6: Lower managerial, administrative and professional occupations",344,704,-360
E01035714,L7: Intermediate occupations,83,118,-35
E01035714,L8 and L9: Small employers and own account workers,217,208,9
E01035715,"L1, L2 and L3: Higher managerial, administrative and professional occupations",746,641,105
E01035715,L10 and L11: Lower supervisory and technical occupations,60,65,-5
E01035715,L12: Semi-routine occupations,171,110,61
E01035715,L13: Routine occupations,125,83,42
E01035715,L14.1 and L14.2: Never worked and long-term unemployed,179,143,36
E01035715,L15: Full-time students,111,128,-17
E01035715,"L4, L5 and L6: Lower managerial, administrative and professional occupations",624,736,-112
E01035715,L7: Intermediate occupations,178,176,2
E01035715,L8 and L9: Small employers and own account workers,297,195,102
E01035716,"L1, L2 and L3: Higher managerial, administrative and professional occupations",511,424,87
E01035716,L10 and L11: Lower supervisory and technical occupations,45,78,-33
E01035716,L12: Semi-routine occupations,111,114,-3
E01035716,L13: Routine occupations,103,93,10
E01035716,L14.1 and L14.2: Never worked and long-term unemployed,147,151,-4
E01035716,L15: Full-time students,310,173,137
E01035716,"L4, L5 and L6: Lower managerial, administrative and professional occupations",457,642,-185
E01035716,L7: Intermediate occupations,100,144,-44
E01035716,L8 and L9: Small employers and own account workers,217,240,-23
E01035717,"L1, L2 and L3: Higher managerial, administrative and professional occupations",506,487,19
E01035717,L10 and L11: Lower supervisory and technical occupations,36,73,-37
E01035717,L12: Semi-routine occupations,110,110,0
E01035717,L13: Routine occupations,98,92,6
E01035717,L14.1 and L14.2: Never worked and long-term unemployed,165,110,55
E01035717,L15: Full-time students,126,117,9
E01035717,"L4, L5 and L6: Lower managerial, administrative and professional occupations",369,623,-254
E01035717,L7: Intermediate occupations,116,178,-62
E01035717,L8 and L9: Small employers and own account workers,176,151,25
E01035718,"L1, L2 and L3: Higher managerial, administrative and professional occupations",505,434,71
E01035718,L10 and L11: Lower supervisory and technical occupations,34,39,-5
E01035718,L12: Semi-routine occupations,47,58,-11
E01035718,L13: Routine occupations,43,40,3
E01035718,L14.1 and L14.2: Never worked and long-term unemployed,134,128,6
E01035718,L15: Full-time students,920,1232,-312
E01035718,"L4, L5 and L6: Lower managerial, administrative and professional occupations",275,452,-177
E01035718,L7: Intermediate occupations,163,195,-32
E01035718,L8 and L9: Small employers and own account workers,181,174,7
E01035719,"L1, L2 and L3: Higher managerial, administrative and professional occupations",367,235,132
E01035719,L10 and L11: Lower supervisory and technical occupations,18,23,-5
E01035719,L12: Semi-routine occupations,60,56,4
E01035719,L13: Routine occupations,40,25,15
E01035719,L14.1 and L14.2: Never worked and long-term unemployed,109,56,53
E01035719,L15: Full-time students,112,67,45
E01035719,"L4, L5 and L6: Lower managerial, administrative and professional occupations",252,270,-18
E01035719,L7: Intermediate occupations,63,60,3
E01035719,L8 and L9: Small employers and own account workers,85,44,41
E01035720,"L1, L2 and L3: Higher managerial, administrative and professional occupations",261,234,27
E01035720,L10 and L11: Lower supervisory and technical occupations,28,23,5
E01035720,L12: Semi-routine occupations,90,61,29
E01035720,L13: Routine occupations,59,32,27
E01035720,L14.1 and L14.2: Never worked and long-term unemployed,61,50,11
E01035720,L15: Full-time students,155,66,89
E01035720,"L4, L5 and L6: Lower managerial, administrative and professional occupations",220,256,-36
E01035720,L7: Intermediate occupations,99,110,-11
E01035720,L8 and L9: Small employers and own account workers,93,61,32
E01035721,"L1, L2 and L3: Higher managerial, administrative and professional occupations",475,312,163
E01035721,L10 and L11: Lower supervisory and technical occupations,48,105,-57
E01035721,L12: Semi-routine occupations,170,225,-55
E01035721,L13: Routine occupations,131,144,-13
E01035721,L14.1 and L14.2: Never worked and long-term unemployed,239,186,53
E01035721,L15: Full-time students,188,157,31
E01035721,"L4, L5 and L6: Lower managerial, administrative and professional occupations",381,576,-195
E01035721,L7: Intermediate occupations,151,208,-57
E01035721,L8 and L9: Small employers and own account workers,244,242,2
E01035722,"L1, L2 and L3: Higher managerial, administrative and professional occupations",642,679,-37
E01035722,L10 and L11: Lower supervisory and technical occupations,40,42,-2
E01035722,L12: Semi-routine occupations,58,83,-25
E01035722,L13: Routine occupations,39,60,-21
E01035722,L14.1 and L14.2: Never worked and long-term unemployed,102,63,39
E01035722,L15: Full-time students,228,189,39
E01035722,"L4, L5 and L6: Lower managerial, administrative and professional occupations",466,804,-338
E01035722,L7: Intermediate occupations,132,189,-57
E01035722,L8 and L9: Small employers and own account workers,167,174,-7
